Phytophthora/models/20240429_1812_56/Phytophthora_PA2_RUN2_MAXENT_outputs/Phytophthora_PA2_RUN2.asc
ncols         225
nrows         269
xllcorner     473000.0
yllcorner     4429100.0
cellsize      50.0
NODATA_value  -9999
[rows 27 to 53 of 269, columns 0 to 59 of 225]
-9999 -9999 -9999 -9999 -9999 -9999 -9999 -9999 -9999 -9999 -9999 -9999 -9999 -9999 -9999 -9999 -9999 -9999 -9999 -9999 -9999 -9999 -9999 -9999 -9999 -9999 -9999 -9999 -9999 -9999 -9999 -9999 -9999 -9999 -9999 -9999 -9999 -9999 1.18578E-2 1.0674E-2 1.03396E-2 5.648E-3 1.98207E-2 2.1646E-2 2.52496E-2 3.03047E-2 2.94748E-2 2.47689E-2 2.19795E-2 2.11292E-2 6.55086E-3 1.83735E-2 1.18368E-2 8.14243E-3 8.29386E-3 4.68208E-3 4.16192E-3 3.1943E-3 2.58511E-3 2.35037E-3
-9999 -9999 -9999 -9999 -9999 -9999 -9999 -9999 -9999 -9999 -9999 -9999 -9999 -9999 -9999 -9999 -9999 -9999 -9999 -9999 -9999 -9999 -9999 -9999 -9999 -9999 -9999 -9999 -9999 -9999 -9999 -9999 -9999 -9999 -9999 -9999 -9999 -9999 2.17708E-2 1.28556E-2 9.78253E-3 1.17942E-2 1.66249E-2 2.20355E-2 2.61134E-2 2.94685E-2 3.67256E-3 2.51992E-2 1.74356E-2 1.38469E-2 1.58283E-2 1.09448E-2 7.19714E-3 4.63786E-3 3.97512E-3 2.70495E-3 2.65304E-3 2.40292E-3 2.26741E-3 2.11283E-3
-9999 -9999 -9999 -9999 -9999 -9999 -9999 -9999 -9999 -9999 -9999 -9999 -9999 -9999 -9999 -9999 -9999 -9999 -9999 -9999 -9999 -9999 -9999 -9999 -9999 -9999 -9999 -9999 -9999 -9999 -9999 -9999 -9999 -9999 -9999 -9999 -9999 -9999 1.6607E-2 1.49033E-2 1.17591E-2 1.34341E-2 2.17602E-2 2.53349E-2 2.99187E-2 4.97055E-3 2.71895E-2 1.18788E-2 1.31628E-2 1.05112E-3 1.30112E-2 9.44614E-3 6.62949E-3 5.20375E-3 4.3626E-3 3.11076E-3 7.78579E-3 6.66217E-3 2.98643E-3 4.8745E-3
-9999 -9999 -9999 -9999 -9999 -9999 -9999 -9999 -9999 -9999 -9999 -9999 -9999 -9999 -9999 -9999 -9999 -9999 -9999 -9999 -9999 -9999 -9999 -9999 -9999 -9999 -9999 -9999 -9999 -9999 -9999 -9999 -9999 -9999 -9999 -9999 1.29811E-2 8.98902E-3 1.25295E-2 1.12892E-2 7.57269E-3 2.03611E-2 1.21512E-2 2.39657E-2 2.50355E-2 2.04224E-2 1.23823E-2 1.07919E-2 9.12744E-3 7.68036E-3 8.18191E-3 5.99737E-3 4.46753E-3 4.53504E-3 5.09408E-3 3.56632E-3 1.41864E-3 5.56546E-3 4.75697E-3 4.58519E-3
-9999 -9999 -9999 -9999 -9999 -9999 -9999 -9999 -9999 -9999 -9999 -9999 -9999 -9999 -9999 -9999 -9999 -9999 -9999 -9999 -9999 -9999 -9999 -9999 -9999 -9999 -9999 -9999 -9999 -9999 -9999 -9999 -9999 -9999 -9999 1.02649E-2 1.20181E-2 1.69624E-2 3.1658E-2 3.23964E-2 3.69743E-3 1.20882E-2 2.91652E-2 2.26783E-2 1.80641E-2 2.19432E-2 1.68828E-2 1.41223E-2 1.10802E-2 9.42171E-3 6.56971E-3 4.89174E-3 4.303E-3 6.358E-3 8.97445E-3 1.70773E-2 1.50087E-3 1.25417E-2 9.61147E-3 1.0829E-2
-9999 -9999 -9999 -9999 -9999 -9999 -9999 -9999 -9999 -9999 -9999 -9999 -9999 -9999 -9999 -9999 -9999 -9999 -9999 -9999 -9999 -9999 -9999 -9999 -9999 -9999 -9999 -9999 -9999 -9999 -9999 -9999 -9999 -9999 1.42813E-2 1.4684E-2 2.08668E-2 3.5923E-2 2.10351E-2 4.02827E-2 3.09765E-2 3.15753E-2 2.33569E-2 1.47132E-2 1.074E-2 1.56307E-2 1.49505E-2 3.34686E-3 1.39051E-2 1.01325E-2 7.92572E-3 4.90427E-3 6.92094E-3 7.48162E-3 8.96462E-3 1.50611E-2 1.55487E-2 1.35177E-2 1.20598E-2 1.35666E-2
-9999 -9999 -9999 -9999 -9999 -9999 -9999 -9999 -9999 -9999 -9999 -9999 -9999 -9999 -9999 -9999 -9999 -9999 -9999 -9999 -9999 -9999 -9999 -9999 -9999 -9999 -9999 -9999 -9999 -9999 -9999 -9999 1.21562E-2 1.30712E-2 1.26346E-2 1.44972E-2 3.33051E-2 4.82756E-2 6.77734E-3 5.61209E-2 2.66547E-2 1.76756E-2 9.90462E-3 7.79951E-3 6.8293E-3 9.6358E-3 9.79822E-3 9.73789E-3 1.09285E-2 4.0499E-3 1.02646E-2 9.65165E-3 7.24834E-3 6.78421E-3 7.64635E-3 1.36476E-2 1.49466E-2 1.3355E-2 1.28806E-2 2.62725E-3
-9999 -9999 -9999 -9999 -9999 -9999 -9999 -9999 -9999 -9999 -9999 -9999 -9999 -9999 -9999 -9999 -9999 -9999 -9999 -9999 -9999 -9999 -9999 -9999 -9999 -9999 -9999 -9999 -9999 -9999 -9999 1.28596E-2 1.56336E-2 1.56941E-2 1.91561E-2 2.8511E-2 3.34884E-2 4.66044E-2 5.8261E-2 6.93459E-2 2.95327E-2 1.2281E-2 1.0426E-2 9.24012E-3 8.52889E-3 9.27243E-3 9.51132E-3 9.72012E-3 1.15397E-2 1.84497E-2 1.31766E-2 9.86413E-3 7.14112E-3 6.52943E-3 8.55292E-3 1.30229E-2 1.44891E-2 4.79938E-3 1.14633E-2 1.20636E-2
-9999 -9999 -9999 -9999 -9999 -9999 -9999 -9999 -9999 -9999 -9999 -9999 -9999 -9999 -9999 -9999 -9999 -9999 -9999 -9999 -9999 -9999 -9999 -9999 -9999 -9999 -9999 -9999 -9999 -9999 1.98288E-2 1.93876E-2 1.94435E-2 2.59413E-2 3.58274E-2 3.49313E-2 3.67451E-2 2.51742E-2 5.69974E-2 3.35649E-2 1.3288E-2 1.19836E-2 9.93943E-3 9.69238E-3 9.76505E-3 1.10582E-2 8.91077E-3 1.01976E-2 1.88658E-2 1.91018E-2 8.04283E-3 1.05054E-2 7.49877E-3 7.64371E-3 1.06101E-2 1.74028E-2 1.73119E-2 1.45295E-2 8.82323E-3 1.13761E-2
-9999 -9999 -9999 -9999 -9999 -9999 -9999 -9999 -9999 -9999 -9999 -9999 -9999 -9999 -9999 -9999 -9999 -9999 -9999 -9999 -9999 -9999 -9999 -9999 -9999 -9999 -9999 -9999 -9999 -9999 2.73695E-2 1.72362E-2 1.95146E-2 3.35116E-2 2.88613E-2 2.26015E-2 6.89944E-3 3.2431E-2 1.27676E-2 1.79346E-2 1.13238E-2 1.16433E-2 1.03726E-2 9.78191E-3 1.15256E-2 1.57695E-2 1.3594E-2 1.12538E-2 1.36977E-2 1.61545E-2 1.1438E-2 1.38927E-2 9.96665E-3 9.78397E-3 1.24821E-2 1.52418E-2 1.35311E-2 1.0957E-2 9.97658E-3 1.11462E-3
-9999 -9999 -9999 -9999 -9999 -9999 -9999 -9999 -9999 -9999 -9999 -9999 -9999 -9999 -9999 -9999 -9999 -9999 -9999 -9999 -9999 -9999 -9999 -9999 -9999 -9999 -9999 -9999 -9999 5.03907E-2 3.03466E-2 2.50756E-2 3.11004E-2 9.90056E-3 3.951E-3 2.55713E-2 1.80904E-2 3.61146E-2 2.5516E-2 1.45045E-2 1.1395E-2 8.47662E-3 1.14089E-2 1.30995E-2 1.48746E-2 1.96266E-2 1.42671E-2 1.23585E-2 1.34848E-2 1.72823E-2 4.1715E-3 1.54269E-2 1.13378E-2 1.21267E-2 1.25408E-2 1.41291E-2 1.12957E-2 8.08784E-3 8.13878E-3 9.64482E-3
-9999 -9999 -9999 -9999 -9999 -9999 -9999 -9999 -9999 -9999 -9999 -9999 -9999 -9999 -9999 -9999 -9999 -9999 -9999 -9999 -9999 -9999 -9999 -9999 -9999 -9999 -9999 -9999 -9999 -9999 2.65487E-2 3.23045E-2 2.82329E-3 2.8519E-2 3.18865E-2 5.00838E-3 3.79644E-2 2.20051E-2 1.81745E-2 1.82573E-2 5.83285E-3 1.23796E-2 1.06057E-2 1.32112E-2 1.65064E-2 2.00331E-2 1.70107E-2 1.4948E-2 1.37377E-2 1.66599E-2 1.87458E-2 1.72143E-2 1.26021E-2 1.45126E-2 1.25027E-2 1.43958E-2 1.03958E-2 5.92677E-3 6.73799E-3 8.22304E-3
-9999 -9999 -9999 -9999 -9999 -9999 -9999 -9999 -9999 -9999 -9999 -9999 -9999 -9999 -9999 -9999 -9999 -9999 -9999 -9999 -9999 -9999 -9999 -9999 -9999 -9999 -9999 -9999 -9999 -9999 3.765E-2 1.86555E-2 3.2122E-2 2.06106E-2 1.0678E-2 2.76284E-2 2.57228E-2 3.46545E-3 2.15331E-2 2.07428E-2 1.38079E-2 1.09567E-2 1.02172E-2 1.44275E-2 1.59506E-2 2.31228E-2 1.98075E-2 1.82747E-2 1.57674E-2 1.69301E-2 2.03787E-2 1.85862E-2 1.41876E-2 2.65129E-3 1.36068E-2 1.6194E-2 8.50368E-3 6.13858E-3 6.13229E-3 6.84904E-3
-9999 -9999 -9999 -9999 -9999 -9999 -9999 -9999 -9999 -9999 -9999 -9999 -9999 -9999 -9999 -9999 -9999 -9999 -9999 -9999 -9999 -9999 -9999 -9999 -9999 -9999 -9999 -9999 -9999 -9999 2.3361E-2 4.29956E-2 4.79439E-2 3.60645E-2 2.03481E-2 1.72122E-2 2.15615E-2 2.32692E-2 2.54138E-2 1.81808E-3 1.20943E-2 9.77913E-3 1.1006E-2 1.33217E-2 1.45519E-2 2.04275E-2 2.00726E-2 4.5571E-3 1.90612E-2 1.93789E-2 4.01358E-3 1.95206E-2 1.44475E-2 1.36782E-2 1.30392E-2 1.41059E-2 6.93063E-3 5.0828E-3 5.37382E-3 5.80266E-3
-9999 -9999 -9999 -9999 -9999 -9999 -9999 -9999 -9999 -9999 -9999 -9999 -9999 -9999 -9999 -9999 -9999 -9999 -9999 -9999 -9999 -9999 -9999 -9999 -9999 -9999 -9999 -9999 -9999 -9999 4.39578E-2 3.69256E-2 3.67502E-2 3.26247E-2 2.52181E-2 2.26215E-2 2.39315E-2 2.54884E-2 2.89046E-2 2.38971E-2 1.37577E-2 1.28541E-2 1.39243E-2 1.51061E-2 1.43057E-2 1.31381E-2 1.42828E-2 1.63081E-2 1.38537E-2 1.33235E-2 1.37763E-2 2.10724E-3 6.47001E-3 9.61402E-3 1.00372E-2 1.80734E-2 1.05105E-2 7.76858E-3 7.51592E-3 6.56487E-3
-9999 -9999 -9999 -9999 -9999 -9999 -9999 -9999 -9999 -9999 -9999 -9999 -9999 -9999 -9999 -9999 -9999 -9999 -9999 -9999 -9999 -9999 -9999 -9999 -9999 -9999 -9999 -9999 -9999 2.59064E-2 2.83349E-2 2.4884E-2 2.4494E-2 2.08584E-2 2.18626E-2 1.76729E-2 1.59112E-2 1.61064E-2 2.11897E-2 1.87404E-2 1.64781E-2 1.59155E-2 1.48056E-2 1.36022E-2 1.26243E-2 1.13352E-2 1.33219E-2 1.48362E-2 1.52973E-2 1.17636E-2 1.26027E-2 1.33801E-2 8.96166E-3 1.10367E-2 1.05591E-2 1.53872E-2 1.16578E-2 9.64282E-3 7.56443E-3 5.82641E-3
-9999 -9999 -9999 -9999 -9999 -9999 -9999 -9999 -9999 -9999 -9999 -9999 -9999 -9999 -9999 -9999 -9999 -9999 -9999 -9999 -9999 -9999 -9999 -9999 -9999 -9999 2.2238E-2 1.07719E-2 2.02064E-2 2.18681E-2 3.10672E-2 3.41229E-2 3.25577E-2 3.6222E-2 3.45367E-2 2.66368E-2 2.37338E-2 2.04732E-2 2.48448E-2 3.01891E-2 1.93648E-2 1.84924E-2 1.79135E-2 1.743E-2 1.51178E-2 1.32992E-2 1.50348E-2 1.45333E-2 1.32656E-2 1.1742E-2 1.10288E-2 1.15381E-2 1.24852E-2 5.30848E-3 1.12206E-2 1.69372E-2 1.64135E-2 1.29633E-2 8.39683E-3 7.04894E-3
-9999 -9999 -9999 -9999 -9999 -9999 -9999 -9999 -9999 -9999 -9999 -9999 -9999 -9999 -9999 -9999 -9999 -9999 -9999 -9999 -9999 -9999 -9999 -9999 -9999 2.75613E-2 1.53025E-2 1.50594E-2 1.42916E-2 1.58977E-2 1.95011E-2 2.36349E-2 2.95443E-2 5.1192E-2 4.58671E-2 3.09287E-2 2.90321E-2 2.86427E-2 2.99003E-2 3.03763E-2 7.23412E-3 1.78661E-2 3.37022E-3 2.32679E-3 6.28178E-3 1.38016E-2 1E-2 4.88839E-3 2.31238E-3 1.32622E-2 1.29378E-2 1.01064E-2 1.05771E-2 1.03006E-2 1.28494E-2 4.81868E-3 4.26547E-3 1.49754E-2 1.05968E-2 9.57401E-3
-9999 -9999 -9999 -9999 -9999 -9999 -9999 -9999 -9999 -9999 -9999 -9999 -9999 -9999 -9999 -9999 -9999 -9999 -9999 -9999 -9999 -9999 -9999 -9999 7.63976E-2 1.68937E-2 2.25457E-2 1.932E-2 1.69924E-2 1.77816E-2 2.46149E-2 2.37077E-2 2.78916E-2 4.15106E-2 5.4139E-2 3.72887E-2 3.27591E-2 3.35228E-2 3.68564E-2 3.57808E-2 1.97643E-2 1.51636E-2 1.7943E-2 1.74985E-2 1.43446E-2 1.41893E-3 2.7386E-3 1.67084E-2 1.44388E-2 3.68579E-3 1.48409E-2 1.11963E-2 9.78463E-3 9.73209E-3 1.19899E-2 2.64714E-2 1.96906E-2 4.94786E-3 1.18354E-2 1.03885E-2
-9999 -9999 -9999 -9999 -9999 -9999 -9999 -9999 -9999 -9999 -9999 -9999 -9999 -9999 -9999 -9999 -9999 -9999 -9999 -9999 -9999 -9999 -9999 -9999 6.15446E-3 4.84996E-2 3.42035E-2 2.62715E-2 2.29451E-2 1.89234E-2 2.98569E-2 3.43356E-2 2.99465E-2 1.91671E-2 5.03675E-2 6.26146E-2 5.89639E-2 6.40481E-2 7.12077E-2 2.99953E-2 4.35697E-2 3.63626E-2 3.86339E-2 3.44105E-2 2.79208E-2 1.35362E-2 1.51682E-2 1.49704E-2 2.00199E-2 1.85281E-2 1.47377E-2 1.09693E-2 8.51929E-3 8.63446E-3 1.0132E-2 2.00752E-2 2.14137E-2 2.20852E-2 2.49132E-3 1.27967E-2
-9999 -9999 -9999 -9999 -9999 -9999 -9999 -9999 -9999 -9999 -9999 -9999 -9999 -9999 -9999 -9999 -9999 -9999 -9999 -9999 -9999 -9999 -9999 -9999 9.66025E-3 6.04706E-2 9.66699E-3 3.6174E-2 3.80718E-2 4.58062E-2 7.73028E-3 4.72332E-2 4.63309E-2 4.29477E-2 4.87383E-2 6.33905E-2 7.81598E-2 1.37485E-2 7.67343E-2 6.63041E-2 4.40401E-2 4.17859E-2 3.79347E-2 3.36338E-2 2.7158E-2 1.3184E-2 1.40988E-2 1.67048E-2 7.46928E-3 1.79544E-2 1.39267E-2 1.07311E-2 7.80342E-3 6.72494E-3 6.67283E-3 1.61022E-2 1.5806E-2 1.42672E-2 8.90281E-3 8.16791E-3
-9999 -9999 -9999 -9999 -9999 -9999 -9999 -9999 -9999 -9999 -9999 -9999 -9999 -9999 -9999 -9999 -9999 -9999 -9999 -9999 -9999 -9999 -9999 1.61081E-2 4.38606E-2 3.70786E-2 3.4633E-2 4.49515E-2 5.86709E-2 5.39426E-2 5.13056E-2 4.57024E-2 4.43701E-2 4.24614E-2 4.59987E-2 6.92718E-2 7.87437E-2 7.95117E-2 6.74689E-2 6.21825E-2 3.99962E-2 4.45154E-2 3.44967E-2 3.01905E-2 2.4696E-2 1.33462E-2 1.66733E-2 1.73709E-2 4.7114E-3 1.72633E-2 1.4163E-2 1.12538E-2 8.2418E-3 7.37593E-3 7.02906E-3 1.36375E-2 1.15486E-2 1.20201E-2 6.79898E-3 8.91465E-3
-9999 -9999 -9999 -9999 -9999 -9999 -9999 -9999 -9999 -9999 -9999 -9999 -9999 -9999 -9999 -9999 -9999 -9999 -9999 -9999 -9999 -9999 -9999 1.46623E-2 2.6493E-2 2.72239E-2 2.83413E-2 4.25544E-2 4.80642E-2 4.07486E-2 4.32444E-2 3.77168E-2 3.81304E-2 3.73536E-2 4.38458E-2 6.21492E-2 6.90375E-2 7.14597E-2 6.22265E-2 5.69853E-2 3.97185E-2 5.31241E-2 4.5213E-2 4.08152E-2 3.55159E-2 1.74583E-2 1.83256E-2 1.33342E-2 5.98981E-3 1.43963E-2 1.12856E-2 7.54466E-3 8.97486E-3 7.21114E-3 5.90353E-3 1.22057E-2 9.02766E-3 9.45505E-3 7.99218E-3 7.68433E-3
-9999 -9999 -9999 -9999 -9999 -9999 -9999 -9999 -9999 -9999 -9999 -9999 -9999 -9999 -9999 -9999 -9999 -9999 -9999 -9999 -9999 -9999 -9999 1.02225E-2 1.51209E-2 2.10363E-2 2.90104E-2 3.97838E-2 4.05274E-2 3.57225E-2 3.6622E-2 3.3973E-2 3.33968E-2 3.45371E-2 4.18065E-2 5.46097E-2 6.05544E-2 6.22308E-2 5.47544E-2 5.98608E-2 5.05816E-2 6.45186E-2 5.70789E-2 6.63752E-2 4.82182E-2 2.01158E-2 1.92635E-2 1.70262E-2 3.89289E-3 7.02133E-3 5.88603E-3 5.50146E-3 8.07475E-3 7.93771E-3 5.10267E-3 1.43036E-2 1.07235E-2 9.49577E-3 7.98075E-3 6.73783E-3
-9999 -9999 -9999 -9999 -9999 -9999 -9999 -9999 -9999 -9999 -9999 -9999 -9999 -9999 -9999 -9999 -9999 -9999 -9999 -9999 -9999 -9999 1.2184E-2 3.24191E-2 2.60374E-2 3.17715E-2 4.0382E-2 4.01391E-2 3.75485E-2 3.44268E-2 3.67801E-2 3.37252E-2 3.61717E-2 3.67169E-2 3.91628E-2 4.71691E-2 5.04767E-2 5.72879E-2 6.31614E-2 8.42081E-2 1.06486E-1 1.27968E-1 1.42608E-1 1.33343E-1 8.79264E-2 2.41866E-2 2.47869E-2 2.00314E-2 1.40349E-2 1.23227E-2 1.34708E-2 1.29959E-2 1.409E-2 1.31918E-2 3.41553E-3 2.03858E-2 1.32462E-2 8.3719E-3 5.51746E-3 5.56768E-3
-9999 -9999 -9999 -9999 -9999 -9999 -9999 -9999 -9999 -9999 -9999 -9999 -9999 -9999 -9999 -9999 -9999 -9999 -9999 -9999 -9999 -9999 1.28141E-2 1.86269E-2 2.65017E-2 3.37254E-2 3.70431E-2 3.34855E-2 3.47542E-2 3.25661E-2 3.35089E-2 3.24788E-2 3.81612E-2 3.30258E-2 3.45384E-2 4.09768E-2 5.34649E-2 7.02568E-2 7.32331E-2 9.7808E-2 1.29072E-1 1.46023E-1 1.40323E-1 1.09369E-1 7.79021E-2 2.95277E-2 2.74396E-2 2.76787E-2 2.54334E-2 5.17006E-3 2.25077E-2 1.96665E-2 2.00377E-2 2.5019E-3 1.85971E-2 2.21078E-2 1.90865E-2 1.29184E-2 6.75668E-3 6.46356E-3
-9999 -9999 -9999 -9999 -9999 -9999 -9999 -9999 -9999 -9999 -9999 -9999 -9999 -9999 -9999 -9999 -9999 -9999 -9999 -9999 -9999 -9999 1.35449E-2 1.93979E-2 2.91167E-2 2.88776E-2 2.7743E-2 2.33791E-2 2.64829E-2 2.62816E-2 2.89725E-2 2.9042E-2 3.34045E-2 2.89976E-2 3.74321E-2 5.47704E-2 7.41768E-2 8.109E-2 7.51345E-2 9.82055E-2 1.52123E-1 1.45815E-1 7.73958E-2 7.68746E-2 7.52191E-2 3.13246E-2 2.76874E-2 2.05251E-2 2.59918E-2 2.38994E-2 2.62384E-2 2.49823E-2 2.64025E-2 2.28697E-2 2.24252E-2 2.9417E-2 3.5172E-3 1.25596E-2 8.63333E-3 9.27097E-3
