Phytophthora/models/20240429_1812_56/Phytophthora_PA2_RUN2_MAXENT_outputs/Phytophthora_PA2_RUN2.asc
ncols         225
nrows         269
xllcorner     473000.0
yllcorner     4429100.0
cellsize      50.0
NODATA_value  -9999
[rows 81 to 107 of 269, columns 0 to 59 of 225]
-9999 -9999 -9999 -9999 -9999 -9999 -9999 -9999 -9999 -9999 -9999 -9999 -9999 -9999 -9999 -9999 -9999 -9999 -9999 -9999 -9999 -9999 -9999 -9999 -9999 -9999 -9999 -9999 -9999 -9999 -9999 -9999 4.38085E-3 4.2128E-3 5.03854E-3 4.36673E-3 6.40149E-3 1.0698E-2 1.48501E-2 1.7637E-2 2.31744E-2 2.01158E-2 1.81981E-2 2.09614E-2 1.8819E-2 2.00461E-2 2.48593E-2 2.78177E-2 1.4435E-2 5.10918E-2 2.67805E-2 4.51948E-2 3.76021E-2 4.23885E-2 7.74417E-3 7.66944E-2 6.91613E-2 2.86177E-2 7.77289E-2 5.05374E-2
-9999 -9999 -9999 -9999 -9999 -9999 -9999 -9999 -9999 -9999 -9999 -9999 -9999 -9999 -9999 -9999 -9999 -9999 -9999 -9999 -9999 -9999 -9999 -9999 -9999 -9999 -9999 -9999 -9999 -9999 -9999 -9999 6.59967E-3 8.38847E-3 7.53324E-3 5.69877E-3 8.08029E-3 1.19442E-2 1.51149E-2 1.85129E-2 9.47406E-3 1.95029E-2 1.50523E-2 3.19736E-2 2.83829E-2 2.39695E-2 2.86245E-2 3.53374E-2 3.8226E-2 4.5184E-2 5.83421E-2 5.52914E-2 4.88075E-2 5.43493E-2 6.45546E-2 4.10858E-2 1.82159E-2 7.09141E-2 4.96415E-2 6.90512E-2
-9999 -9999 -9999 -9999 -9999 -9999 -9999 -9999 -9999 -9999 -9999 -9999 -9999 -9999 -9999 -9999 -9999 -9999 -9999 -9999 -9999 -9999 -9999 -9999 -9999 -9999 -9999 -9999 -9999 -9999 -9999 -9999 9.71156E-3 1.21408E-2 9.25751E-3 7.51438E-3 7.776E-3 1.2499E-2 1.58588E-2 1.76153E-2 1.66005E-2 1.41787E-2 1.10693E-2 4.17892E-2 3.12661E-2 2.94513E-2 2.85057E-2 3.68989E-2 3.87408E-2 4.52162E-2 5.09902E-2 6.25829E-2 6.09058E-2 5.46314E-2 6.7132E-2 1.13271E-1 1.08022E-2 8.0258E-2 5.21928E-2 5.06598E-2
-9999 -9999 -9999 -9999 -9999 -9999 -9999 -9999 -9999 -9999 -9999 -9999 -9999 -9999 -9999 -9999 -9999 -9999 -9999 -9999 -9999 -9999 -9999 -9999 -9999 -9999 -9999 -9999 -9999 -9999 -9999 -9999 -9999 1.51295E-2 1.58491E-2 1.45157E-2 1.42931E-2 1.72331E-2 1.94447E-2 2.18148E-2 2.20998E-2 2.79143E-2 4.07843E-2 4.0621E-2 3.18659E-2 3.06058E-2 3.21236E-2 4.35887E-2 5.45429E-2 5.3111E-2 4.77642E-2 5.84918E-2 5.9417E-2 6.02381E-2 7.61266E-2 1.24587E-1 4.00906E-2 1.06866E-1 6.14961E-2 6.12166E-2
-9999 -9999 -9999 -9999 -9999 -9999 -9999 -9999 -9999 -9999 -9999 -9999 -9999 -9999 -9999 -9999 -9999 -9999 -9999 -9999 -9999 -9999 -9999 -9999 -9999 -9999 -9999 -9999 -9999 -9999 -9999 -9999 -9999 1.95904E-2 2.5254E-2 2.68015E-2 3.6165E-2 3.41197E-2 3.32222E-2 3.24918E-2 3.84799E-2 3.77203E-2 4.03679E-2 4.00278E-2 4.29215E-2 5.0089E-3 3.56059E-2 4.43371E-2 7.6622E-2 8.21148E-2 2.76294E-2 5.37412E-2 4.83892E-2 5.96789E-2 9.11661E-2 1.46531E-1 3.27113E-2 7.76267E-2 6.92559E-2 6.82193E-2
-9999 -9999 -9999 -9999 -9999 -9999 -9999 -9999 -9999 -9999 -9999 -9999 -9999 -9999 -9999 -9999 -9999 -9999 -9999 -9999 -9999 -9999 -9999 -9999 -9999 -9999 -9999 -9999 -9999 -9999 -9999 -9999 -9999 -9999 7.22236E-2 2.98E-2 2.45309E-2 2.91784E-2 2.51515E-2 3.19363E-2 3.08675E-2 2.59454E-2 2.76579E-2 3.01488E-2 3.94786E-2 4.49242E-2 4.25829E-2 5.13673E-2 8.01922E-2 9.29167E-2 8.05877E-2 1.53096E-2 7.24455E-2 7.4E-2 1.01198E-1 4.41159E-2 2.80472E-2 6.40418E-2 5.52089E-2 5.06021E-2
-9999 -9999 -9999 -9999 -9999 -9999 -9999 -9999 -9999 -9999 -9999 -9999 -9999 -9999 -9999 -9999 -9999 -9999 -9999 -9999 -9999 -9999 -9999 -9999 -9999 -9999 -9999 -9999 -9999 -9999 -9999 -9999 -9999 -9999 4.82052E-2 2.6634E-2 3.21852E-2 2.10454E-2 4.24082E-2 3.98818E-2 3.09617E-2 3.19875E-2 3.24488E-2 3.31099E-2 4.66507E-2 5.04247E-2 1.59703E-2 4.96752E-2 5.00908E-2 8.01541E-2 6.83078E-2 7.80752E-2 2.14204E-2 7.79481E-2 1.07768E-1 9.41063E-2 7.50169E-2 2.90325E-2 6.95184E-2 6.03714E-2
-9999 -9999 -9999 -9999 -9999 -9999 -9999 -9999 -9999 -9999 -9999 -9999 -9999 -9999 -9999 -9999 -9999 -9999 -9999 -9999 -9999 -9999 -9999 -9999 -9999 -9999 -9999 -9999 -9999 -9999 -9999 -9999 -9999 -9999 5.63263E-2 3.26471E-2 3.21136E-2 4.32515E-2 4.15267E-2 4.40175E-2 3.91369E-2 4.18439E-2 4.633E-2 4.38286E-2 5.65669E-2 5.79524E-2 5.23508E-2 4.91599E-2 4.36662E-2 3.81877E-2 4.16732E-2 5.25209E-2 6.91389E-2 7.63714E-2 5.0476E-2 1.10979E-1 1.04547E-1 9.30703E-2 8.22333E-2 7.13183E-2
-9999 -9999 -9999 -9999 -9999 -9999 -9999 -9999 -9999 -9999 -9999 -9999 -9999 -9999 -9999 -9999 -9999 -9999 -9999 -9999 -9999 -9999 -9999 -9999 -9999 -9999 -9999 -9999 -9999 -9999 -9999 -9999 -9999 -9999 5.92351E-2 3.55919E-2 4.4909E-2 5.05001E-2 5.15367E-2 4.83737E-2 5.0687E-2 2.92428E-2 5.36256E-2 5.64563E-2 7.60898E-2 8.99091E-3 5.25364E-2 4.62481E-2 4.40752E-2 3.61072E-2 3.76288E-2 5.22116E-2 6.69549E-2 7.54595E-2 1.05454E-1 1.11753E-1 5.67984E-2 1.45313E-2 5.72736E-2 7.09935E-2
-9999 -9999 -9999 -9999 -9999 -9999 -9999 -9999 -9999 -9999 -9999 -9999 -9999 -9999 -9999 -9999 -9999 -9999 -9999 -9999 -9999 -9999 -9999 -9999 -9999 -9999 -9999 -9999 -9999 -9999 -9999 -9999 -9999 -9999 6.39195E-2 4.23343E-2 5.23266E-2 6.54995E-2 6.1321E-2 4.6759E-2 6.17009E-2 2.84324E-2 6.38165E-2 6.58093E-2 9.78922E-2 6.35401E-2 5.93007E-2 4.62103E-2 3.80154E-2 3.02377E-2 3.42802E-2 4.70747E-2 5.65505E-2 6.76286E-2 8.44221E-2 9.721E-2 1.03768E-1 7.60461E-2 4.7181E-2 6.33817E-2
-9999 -9999 -9999 -9999 -9999 -9999 -9999 -9999 -9999 -9999 -9999 -9999 -9999 -9999 -9999 -9999 -9999 -9999 -9999 -9999 -9999 -9999 -9999 -9999 -9999 -9999 -9999 -9999 -9999 -9999 -9999 -9999 -9999 3.95536E-2 5.41571E-2 3.7503E-2 5.11357E-2 5.94154E-2 5.28419E-2 4.5237E-2 5.05333E-2 8.07606E-2 7.0325E-2 7.07954E-2 9.77868E-2 7.09432E-2 7.12542E-2 5.54434E-2 4.28125E-2 3.36735E-2 2.63375E-2 3.05247E-2 3.90443E-2 5.16079E-2 7.18953E-2 1.11124E-1 1.21548E-1 8.41185E-2 7.43552E-2 7.31728E-2
-9999 -9999 -9999 -9999 -9999 -9999 -9999 -9999 -9999 -9999 -9999 -9999 -9999 -9999 -9999 -9999 -9999 -9999 -9999 -9999 -9999 -9999 5.02405E-2 5.35482E-2 -9999 -9999 -9999 -9999 -9999 -9999 3.60698E-2 4.17022E-2 4.38472E-2 5.21547E-2 6.12432E-2 3.60439E-2 5.11261E-2 5.36023E-2 4.225E-2 5.79138E-2 5.20275E-2 8.24118E-2 9.48871E-2 7.93501E-2 1.08749E-1 1.08666E-1 9.09491E-2 6.18233E-2 5.5853E-2 4.50438E-2 3.35086E-2 3.55666E-2 4.38525E-2 7.00768E-2 9.12107E-2 5.00077E-2 3.91525E-2 8.07942E-2 7.48219E-2 3.51934E-2
-9999 -9999 -9999 -9999 -9999 -9999 -9999 -9999 -9999 -9999 -9999 -9999 -9999 -9999 -9999 -9999 -9999 -9999 8.2547E-3 1.74762E-2 3.69911E-2 4.99275E-2 5.66338E-2 6.49226E-2 6.64685E-2 6.52428E-2 1.15264E-1 4.36727E-2 3.57873E-2 3.78306E-2 5.31892E-2 6.21952E-2 6.65109E-2 6.03195E-2 6.1858E-2 3.89156E-2 5.00869E-2 5.59303E-2 5.52867E-2 6.00186E-2 5.51713E-2 7.72929E-2 1.12075E-1 8.11586E-2 3.29729E-2 1.21336E-1 1.10525E-1 8.36925E-2 7.19533E-2 5.45038E-2 4.22848E-2 3.21782E-2 4.12975E-2 4.33655E-2 1.4357E-2 -9999 3.01786E-2 6.08467E-2 6.03171E-2 7.03258E-2
-9999 -9999 -9999 -9999 -9999 -9999 -9999 -9999 -9999 -9999 -9999 -9999 -9999 -9999 -9999 -9999 -9999 1.11943E-2 1.00747E-2 1.80726E-2 3.4612E-2 4.97747E-2 5.73386E-2 6.62702E-2 7.69069E-2 2.41491E-2 1.7123E-2 3.96073E-2 4.15248E-2 4.87699E-2 7.68518E-2 8.797E-2 9.58962E-2 8.23542E-2 8.15039E-2 5.26378E-2 1.79098E-2 5.75792E-2 1.03451E-2 5.64361E-2 5.49346E-2 7.39366E-2 9.7578E-2 8.52569E-2 7.40649E-2 8.68134E-2 1.2643E-1 8.68338E-2 5.97661E-2 5.04515E-2 3.89744E-2 2.91333E-2 3.55465E-2 6.00632E-3 4.44151E-2 4.1623E-2 3.13715E-2 -9999 4.54533E-2 1.5676E-2
-9999 -9999 -9999 -9999 -9999 -9999 -9999 -9999 -9999 -9999 -9999 -9999 -9999 -9999 9.50827E-3 1.24179E-2 1.33399E-2 1.58757E-2 1.34001E-2 2.1732E-2 3.90158E-2 5.45589E-2 7.36848E-2 8.96282E-2 1.0829E-1 3.48366E-2 3.77224E-2 4.32139E-2 4.80412E-2 5.70937E-2 8.31724E-2 1.0414E-1 1.16227E-1 9.9097E-2 1.0272E-1 3.2079E-2 5.31552E-2 6.02414E-2 6.00488E-2 5.61715E-2 5.45262E-2 7.66833E-2 9.33941E-2 8.98256E-2 7.95512E-2 1.11516E-1 7.19947E-2 5.15993E-2 5.6912E-2 4.77884E-2 4.63122E-2 4.29688E-2 4.86967E-2 5.07712E-2 4.88789E-2 4.2644E-2 3.53064E-2 2.24079E-2 2.94949E-2 4.9675E-2
-9999 -9999 -9999 -9999 -9999 -9999 -9999 -9999 -9999 -9999 -9999 -9999 1.10861E-2 1.46094E-2 2.21332E-2 3.53654E-2 3.98055E-2 4.78031E-2 4.97585E-2 4.45061E-2 3.12563E-2 3.50834E-2 4.45971E-2 5.59064E-2 6.47925E-2 6.1662E-2 6.30707E-2 6.09037E-2 6.60869E-2 7.39298E-2 1.01018E-1 1.22272E-1 1.2638E-1 1.11444E-1 1.17471E-1 2.43244E-2 1.02179E-1 9.74467E-2 1.29987E-1 1.26258E-1 1.70954E-1 2.48776E-1 2.6394E-1 8.71195E-2 2.19686E-1 1.54143E-1 1.27784E-1 1.19229E-1 1.08341E-1 9.26208E-2 9.08987E-2 9.9627E-2 1.12846E-1 1.16834E-1 1.07665E-1 6.95501E-2 4.45111E-2 3.7494E-2 4.41883E-2 7.49503E-2
-9999 -9999 -9999 -9999 -9999 -9999 -9999 -9999 -9999 -9999 -9999 1.24006E-2 1.58905E-2 2.67812E-2 3.91301E-2 6.21862E-2 7.73151E-2 8.67905E-2 8.69548E-2 7.31842E-2 5.99832E-2 5.22298E-2 5.76333E-2 6.78597E-2 7.61185E-2 7.38042E-2 8.47712E-2 1.0262E-1 1.11561E-1 1.13214E-1 1.26214E-1 1.38336E-1 1.52343E-1 1.34947E-1 1.22834E-1 3.3457E-2 1.08906E-1 1.25604E-1 1.35731E-1 1.59195E-1 2.26894E-1 5.37811E-2 2.92367E-1 2.84752E-1 2.00585E-1 1.75196E-1 1.57482E-1 1.19842E-1 9.98993E-2 8.97082E-2 8.8807E-2 9.83798E-2 9.94159E-2 1.04385E-1 1.03823E-1 8.84888E-2 4.40601E-2 4.56866E-2 5.17592E-2 6.41891E-2
-9999 -9999 -9999 -9999 -9999 -9999 -9999 -9999 -9999 -9999 -9999 2.04828E-2 2.76197E-2 4.18624E-2 5.75314E-2 9.45098E-2 1.20174E-1 1.18032E-1 1.09338E-1 9.07036E-2 7.39169E-2 6.66413E-2 5.62656E-2 6.58941E-2 7.25495E-2 7.33806E-2 8.81741E-2 1.16712E-1 1.36632E-1 1.39175E-1 1.48277E-1 1.42729E-1 1.5144E-1 4.49554E-2 1.26861E-1 1.27891E-1 1.22229E-1 6.06797E-2 1.32311E-1 1.57753E-1 2.32192E-1 2.61141E-1 2.57489E-1 2.37709E-1 1.93433E-1 1.86404E-1 1.19173E-1 9.85782E-2 9.47398E-2 1.10277E-1 1.27553E-1 1.08593E-1 1.08006E-1 1.21762E-1 1.271E-1 1.06111E-1 8.76636E-2 7.27737E-2 6.69284E-2 7.19971E-2
-9999 -9999 -9999 -9999 -9999 -9999 -9999 -9999 -9999 -9999 -9999 2.6663E-2 3.62177E-2 4.57882E-2 6.05493E-2 9.96494E-2 1.33404E-1 1.39921E-1 1.26026E-1 1.12107E-1 9.40167E-2 7.79959E-2 6.68061E-2 6.82493E-2 7.79771E-2 7.96919E-2 1.02937E-1 1.39673E-1 1.63865E-1 1.49107E-1 2.05559E-1 1.79082E-1 1.50303E-1 1.46004E-1 3.83151E-2 1.38525E-1 1.34312E-1 3.57598E-2 1.6376E-1 1.75375E-1 1.99951E-1 2.23582E-1 2.20741E-1 2.15365E-1 8.21358E-2 1.30904E-1 9.36656E-2 9.3113E-2 1.08273E-1 1.19076E-1 1.27377E-1 5.55153E-2 1.22603E-1 1.48829E-1 1.61162E-1 1.32234E-1 9.83314E-2 8.56243E-2 8.31957E-2 8.95472E-2
-9999 -9999 -9999 -9999 -9999 -9999 -9999 -9999 -9999 -9999 -9999 2.73357E-2 3.73527E-2 4.6509E-2 6.62403E-2 1.15003E-1 1.4196E-1 5.09718E-2 1.60252E-1 1.32274E-1 1.04138E-1 8.86275E-2 7.65634E-2 7.00534E-2 7.28696E-2 7.78978E-2 1.16695E-1 1.45511E-1 1.60188E-1 1.70214E-1 1.94046E-1 1.86438E-1 1.11082E-1 1.42903E-1 1.47984E-1 1.245E-1 1.24065E-1 1.29882E-1 1.4851E-1 1.6004E-1 1.72476E-1 2.40401E-1 2.40998E-1 9.0697E-2 2.06704E-1 1.15886E-1 1.00911E-1 8.6917E-2 9.94628E-2 1.08794E-1 1.1251E-1 1.18046E-1 1.19863E-1 1.361E-1 1.72496E-1 8.68477E-2 1.12097E-1 1.0443E-1 9.90864E-2 1.02585E-1
-9999 -9999 -9999 -9999 -9999 -9999 -9999 -9999 -9999 -9999 -9999 3.83817E-2 5.01531E-2 6.93254E-2 1.09309E-1 1.65489E-1 2.04458E-1 6.02896E-2 2.24555E-1 1.82568E-1 1.45942E-1 1.24671E-1 1.03634E-1 8.22448E-2 9.5439E-2 1.22202E-1 1.50084E-1 1.70831E-1 1.76906E-1 1.62804E-1 2.26609E-1 2.53837E-1 8.88196E-2 2.0828E-1 1.55063E-1 1.48626E-1 1.71393E-1 1.31296E-1 7.44728E-2 1.76834E-1 1.18472E-1 1.37403E-1 1.74783E-1 1.27831E-1 1.20306E-1 1.10517E-1 8.84713E-2 7.84869E-2 6.98659E-2 7.92154E-2 9.72108E-2 1.00173E-1 9.68582E-2 1.05368E-1 1.54766E-1 1.26732E-1 1.07277E-1 1.15378E-1 1.18253E-1 1.02507E-1
-9999 -9999 -9999 -9999 -9999 -9999 -9999 -9999 -9999 -9999 -9999 4.57393E-2 6.71962E-2 1.0719E-1 1.30541E-1 1.80273E-1 2.19566E-1 2.4664E-1 2.88158E-1 2.59918E-1 1.79099E-1 1.32814E-1 1.11727E-1 9.1684E-2 9.03905E-2 1.17931E-1 1.34663E-1 1.51485E-1 1.33684E-1 1.84963E-1 2.7372E-1 2.50042E-1 2.4795E-1 2.09614E-1 1.45008E-1 1.43498E-1 1.80384E-1 1.51593E-1 1.95596E-1 1.86293E-1 1.24602E-1 1.28481E-1 1.04173E-1 1.52051E-1 3.27827E-2 1.15615E-1 1.06757E-1 8.59109E-2 7.4747E-2 7.74027E-2 9.2642E-2 8.75854E-2 8.13911E-2 9.25887E-2 1.40609E-1 1.10276E-1 1.06144E-1 6.29617E-2 5.29685E-2 1.2423E-1
-9999 -9999 -9999 -9999 -9999 -9999 -9999 -9999 -9999 -9999 -9999 5.32783E-2 9.55305E-2 1.20399E-1 1.39594E-1 1.92499E-1 2.32146E-1 2.79953E-1 3.10293E-1 2.27928E-1 1.52328E-1 1.27751E-1 1.10979E-1 9.20193E-2 1.07522E-1 1.37513E-1 1.53799E-1 1.69819E-1 1.76971E-1 2.10457E-1 2.66964E-1 1.54506E-1 1.65011E-1 1.92741E-1 1.41151E-1 1.32152E-1 1.61209E-1 1.37422E-1 1.6912E-1 1.40096E-1 9.52606E-2 1.00379E-1 8.24031E-2 1.07849E-1 1.11116E-1 7.13027E-2 1.27441E-1 1.04731E-1 8.92933E-2 8.22643E-2 8.16339E-2 7.57034E-2 6.71288E-2 7.61805E-2 1.26712E-1 1.25373E-1 9.69791E-2 1.04572E-1 1.196E-1 1.25335E-1
-9999 -9999 -9999 -9999 -9999 -9999 -9999 -9999 -9999 -9999 -9999 4.17054E-2 4.95715E-2 5.80459E-2 1.20162E-1 1.87832E-1 7.27107E-2 2.68516E-1 2.12646E-1 1.87763E-1 1.4531E-1 1.30733E-1 1.11525E-1 1.06661E-1 1.62948E-1 1.58725E-1 1.76949E-1 1.8717E-1 1.68349E-1 1.7309E-1 2.4059E-1 2.39985E-1 1.94528E-1 1.63162E-1 1.32483E-1 1.23992E-1 1.43464E-1 1.6875E-1 1.78778E-1 1.32528E-1 7.4064E-2 7.5378E-2 6.53681E-2 8.63798E-2 8.63317E-2 1.26737E-1 1.50612E-1 1.14382E-1 1.1274E-1 8.46534E-2 7.14157E-2 6.50283E-2 5.59843E-2 6.33285E-2 1.02545E-1 1.09033E-1 8.8595E-2 7.69436E-2 9.11913E-2 9.72019E-2
-9999 -9999 -9999 -9999 -9999 -9999 -9999 -9999 -9999 -9999 -9999 6.23748E-2 8.26283E-2 7.35369E-2 1.0025E-1 1.74958E-1 2.07015E-1 2.02436E-1 1.75206E-1 1.64951E-1 1.26419E-1 1.21899E-1 1.19698E-1 1.18022E-1 1.74568E-1 1.85188E-1 1.54864E-1 1.55116E-1 1.64569E-1 1.88125E-1 4.89349E-2 2.18173E-1 1.75682E-1 1.41932E-1 1.19325E-1 1.10759E-1 1.2974E-1 1.64241E-1 1.6345E-1 1.44362E-1 8.08035E-2 7.26853E-2 6.64852E-2 7.86266E-2 7.81195E-2 8.74467E-2 2.4304E-2 8.7791E-2 9.52877E-2 7.96198E-2 7.96176E-2 6.70387E-2 5.4387E-2 5.37638E-2 9.83931E-2 9.74009E-2 6.74617E-2 6.15127E-2 6.94459E-2 7.54504E-2
-9999 -9999 -9999 -9999 -9999 -9999 -9999 -9999 -9999 -9999 -9999 9.15975E-2 1.23786E-1 1.47739E-1 1.70258E-1 1.62428E-1 1.57916E-1 1.4947E-1 1.30544E-1 1.14473E-1 1.30959E-1 1.5905E-1 1.47211E-1 2.12994E-1 2.0812E-1 2.60459E-1 2.23682E-1 2.42591E-1 2.44437E-1 2.14768E-1 1.79264E-1 1.55594E-1 1.30772E-1 9.6513E-2 7.32025E-2 4.61789E-2 6.40039E-2 7.97929E-2 8.96473E-2 8.37404E-2 5.73986E-2 5.1399E-2 4.58719E-2 5.80126E-2 5.68657E-2 8.68151E-2 8.27652E-2 -9999 8.00104E-2 9.6576E-2 6.65011E-2 5.86171E-2 4.94614E-2 4.97125E-2 7.16658E-2 9.13589E-2 7.03335E-2 7.11368E-2 8.03739E-2 8.33903E-2
-9999 -9999 -9999 -9999 -9999 -9999 -9999 -9999 -9999 -9999 -9999 1.27948E-1 1.6388E-1 1.77716E-1 1.87305E-1 1.5338E-1 1.52847E-1 1.30882E-1 1.14237E-1 1.14401E-1 1.55766E-1 1.88632E-1 2.09838E-1 9.45567E-2 2.78359E-1 2.544E-1 4.52108E-2 2.37842E-1 2.14354E-1 1.77863E-1 1.52187E-1 1.34227E-1 1.10251E-1 8.61647E-2 7.6501E-2 4.91349E-2 7.02301E-2 7.61098E-2 6.73613E-2 8.13301E-2 5.66531E-2 5.54342E-2 5.38259E-2 6.25207E-2 6.53014E-2 8.27207E-2 7.30042E-2 6.95314E-2 4.04121E-2 9.88955E-2 7.77603E-2 7.06385E-2 6.00305E-2 8.4825E-2 8.10836E-2 6.06369E-2 5.80838E-2 7.48843E-2 8.57737E-2 1.07155E-1
