Phytophthora/models/20240429_1812_56/Phytophthora_PA2_RUN2_MAXENT_outputs/Phytophthora_PA2_RUN2.asc
ncols         225
nrows         269
xllcorner     473000.0
yllcorner     4429100.0
cellsize      50.0
NODATA_value  -9999
[rows 108 to 134 of 269, columns 120 to 179 of 225]
4.63818E-1 4.40088E-1 3.81302E-1 3.4042E-1 -9999 -9999 -9999 -9999 -9999 -9999 -9999 -9999 -9999 -9999 -9999 -9999 -9999 -9999 -9999 -9999 -9999 -9999 -9999 -9999 -9999 -9999 -9999 -9999 -9999 -9999 -9999 -9999 -9999 -9999 -9999 2.85045E-1 8.7773E-2 2.68776E-1 2.88153E-1 2.74586E-1 2.83371E-1 2.95282E-1 3.03624E-1 3.70086E-1 2.52919E-1 2.79599E-1 2.24393E-1 2.87247E-1 3.2621E-1 3.40498E-1 3.53299E-1 3.50868E-1 3.38554E-1 2.69467E-1 2.42975E-1 2.25727E-1 1.97182E-1 1.52834E-1 1.43344E-1 1.40814E-1
4.69211E-1 1.30547E-1 4.10807E-1 3.72988E-1 3.60192E-1 -9999 -9999 -9999 -9999 -9999 -9999 -9999 -9999 -9999 -9999 -9999 -9999 -9999 -9999 -9999 -9999 -9999 -9999 -9999 -9999 -9999 -9999 -9999 -9999 -9999 -9999 -9999 1.91589E-1 2.33574E-1 3.38791E-1 2.86231E-1 2.82876E-1 2.20691E-1 2.38516E-1 2.48588E-1 2.88893E-1 3.00542E-1 2.54844E-1 3.25397E-1 3.14428E-1 1.24107E-1 2.14138E-1 2.10664E-1 2.88667E-1 2.96061E-1 3.13131E-1 3.18021E-1 2.71296E-1 2.27709E-1 2.29433E-1 1.98166E-1 1.66007E-1 1.18549E-1 1.22745E-1 1.19072E-1
1.27681E-1 4.48244E-1 1.21831E-1 3.77184E-1 3.62477E-1 5.59575E-1 -9999 -9999 -9999 -9999 -9999 -9999 -9999 -9999 -9999 -9999 -9999 -9999 -9999 -9999 -9999 -9999 -9999 -9999 -9999 -9999 -9999 -9999 -9999 -9999 -9999 -9999 1.15257E-1 2.303E-1 2.43086E-1 2.40361E-1 2.45956E-1 1.82481E-1 1.62279E-1 1.71518E-1 2.49101E-1 2.64121E-1 2.75701E-1 2.80086E-1 2.67962E-1 1.09763E-1 1.53705E-1 1.39129E-1 2.51878E-1 2.55024E-1 2.71868E-1 2.50494E-1 2.23185E-1 2.14213E-1 1.97741E-1 1.67659E-1 1.30396E-1 9.77064E-2 1.0121E-1 1.01695E-1
4.44335E-1 4.25092E-1 4.02343E-1 4.26733E-1 4.06447E-1 5.48E-1 6.2722E-1 -9999 -9999 -9999 -9999 -9999 -9999 -9999 -9999 -9999 -9999 -9999 -9999 -9999 -9999 -9999 -9999 -9999 -9999 -9999 -9999 -9999 -9999 -9999 -9999 -9999 2.16971E-1 2.76268E-1 2.50636E-1 1.87901E-1 1.94199E-1 1.92919E-1 1.36438E-1 1.24949E-1 1.36451E-1 1.82162E-1 1.89523E-1 1.92757E-1 1.88438E-1 2.99688E-2 1.03945E-1 1.26978E-1 1.89085E-1 1.86566E-1 1.94649E-1 1.89441E-1 1.60575E-1 1.4418E-1 1.29737E-1 1.02359E-1 7.77858E-2 6.52322E-2 6.36498E-2 6.2944E-2
3.3293E-1 3.22466E-1 4.18568E-1 4.20267E-1 4.38796E-1 3.8732E-1 5.8692E-1 5.38258E-1 -9999 -9999 -9999 -9999 -9999 -9999 -9999 -9999 -9999 -9999 -9999 -9999 -9999 -9999 -9999 -9999 -9999 -9999 -9999 -9999 -9999 -9999 -9999 1.5383E-1 2.41556E-1 2.39797E-1 2.09013E-1 1.39178E-1 1.68126E-1 1.6945E-1 1.00417E-1 9.90841E-2 1.11354E-1 1.12664E-1 1.38404E-1 1.62654E-1 7.0338E-2 1.03966E-1 9.30912E-2 1.37016E-1 1.59174E-1 1.55549E-1 1.64877E-1 1.50339E-1 1.23442E-1 1.2783E-1 1.06148E-1 7.49199E-2 6.12006E-2 5.77353E-2 5.17915E-2 5.17925E-2
3.24244E-1 3.8545E-1 4.24531E-1 4.17131E-1 4.74403E-1 4.8848E-1 6.43844E-1 6.07318E-1 -9999 -9999 -9999 -9999 -9999 -9999 -9999 -9999 -9999 -9999 -9999 -9999 -9999 -9999 -9999 -9999 -9999 -9999 -9999 -9999 -9999 -9999 2.09745E-1 1.84871E-1 1.89848E-1 2.04001E-1 1.83293E-1 1.17902E-1 1.52352E-1 1.53751E-1 8.07353E-2 8.31069E-2 9.59106E-2 1.03829E-1 1.00519E-1 1.36846E-1 3.46118E-2 1.03156E-1 9.06899E-2 1.24332E-1 1.31793E-1 1.30307E-1 1.38434E-1 1.15504E-1 1.25189E-1 9.88686E-2 7.18291E-2 5.86717E-2 5.1774E-2 4.99091E-2 4.41029E-2 4.69912E-2
4.00039E-1 3.77612E-1 4.02251E-1 4.00867E-1 5.08509E-1 5.4791E-1 4.88171E-1 6.84714E-1 -9999 -9999 -9999 -9999 -9999 -9999 -9999 -9999 -9999 -9999 -9999 -9999 -9999 -9999 -9999 -9999 -9999 -9999 -9999 -9999 -9999 -9999 1.86691E-1 1.86965E-1 1.83455E-1 2.04135E-1 1.94468E-1 1.32347E-1 1.74208E-1 1.77881E-1 9.97496E-2 1.02391E-1 1.10815E-1 1.14021E-1 1.07421E-1 1.05992E-1 1.12816E-1 9.10857E-2 8.41694E-2 1.09843E-1 1.09487E-1 1.11722E-1 1.17456E-1 1.15487E-1 9.28245E-2 7.21089E-2 6.02782E-2 5.0001E-2 4.49226E-2 4.41492E-2 4.79021E-2 6.27583E-2
4.76335E-1 4.10901E-1 3.8181E-1 4.33701E-1 5.11923E-1 6.51983E-1 4.97029E-1 7.48628E-1 -9999 -9999 -9999 -9999 -9999 -9999 -9999 -9999 -9999 -9999 -9999 -9999 -9999 -9999 -9999 -9999 -9999 -9999 -9999 -9999 -9999 -9999 2.32417E-1 2.23905E-1 2.01951E-1 2.05014E-1 1.85801E-1 1.23525E-1 1.24738E-1 1.45124E-1 1.38092E-1 1.21803E-1 1.29273E-1 1.33243E-1 1.21652E-1 1.15414E-1 9.18138E-2 8.05045E-2 7.22685E-2 9.1321E-2 8.94815E-2 9.71555E-2 1.00249E-1 7.6737E-2 6.46614E-2 5.41712E-2 4.86198E-2 4.12404E-2 4.34377E-2 5.16268E-2 6.12629E-2 8.14411E-2
1.74089E-1 6.11287E-1 5.64496E-1 5.97326E-1 6.47934E-1 7.76256E-1 7.16432E-1 6.95973E-1 -9999 -9999 -9999 -9999 -9999 -9999 -9999 -9999 -9999 -9999 -9999 -9999 -9999 -9999 -9999 -9999 -9999 -9999 -9999 -9999 -9999 -9999 -9999 3.02163E-1 2.55294E-1 2.49689E-1 3.04626E-1 3.19174E-1 3.31319E-1 3.51753E-1 3.80931E-1 3.02675E-1 1.96381E-1 1.89376E-1 1.72904E-1 1.5559E-1 1.27311E-1 2.75334E-2 1.27491E-1 1.09267E-1 1.1212E-1 1.04803E-1 1.20433E-1 1.08001E-1 9.55198E-2 8.86057E-2 7.90088E-2 7.00073E-2 8.74125E-2 1.04686E-1 1.1874E-1 1.3355E-1
3.16491E-1 3.65516E-1 5.95937E-1 4.19033E-1 6.29123E-1 7.65399E-1 3.78505E-1 6.95302E-1 -9999 -9999 -9999 -9999 -9999 -9999 -9999 -9999 -9999 -9999 -9999 -9999 -9999 -9999 -9999 -9999 -9999 -9999 -9999 -9999 -9999 -9999 -9999 -9999 2.58611E-1 2.59796E-1 3.04024E-1 1.4667E-1 3.88332E-1 4.05338E-1 4.49984E-1 4.38739E-1 2.58233E-1 2.22138E-1 1.91366E-1 1.7529E-1 1.48572E-1 1.12514E-1 1.41792E-1 1.35612E-1 1.23982E-1 9.79421E-2 1.13944E-1 9.23473E-2 8.06066E-2 8.87948E-2 1.0109E-1 9.50236E-2 1.16032E-1 1.37839E-1 1.49288E-1 1.66791E-1
5.66681E-1 3.24676E-1 1.77681E-1 7.32003E-1 6.91086E-1 7.40156E-1 6.76662E-1 5.59157E-1 -9999 -9999 -9999 -9999 -9999 -9999 -9999 -9999 -9999 -9999 -9999 -9999 -9999 -9999 -9999 -9999 -9999 -9999 -9999 -9999 -9999 -9999 -9999 -9999 2.51636E-1 2.56327E-1 2.83567E-1 3.48973E-1 4.22536E-1 8.94003E-2 4.37458E-1 4.32182E-1 3.35887E-1 3.06076E-1 2.29869E-1 2.11923E-1 2.14357E-1 1.49387E-1 1.53777E-1 1.63837E-1 1.12196E-1 1.0728E-1 1.333E-1 1.0347E-1 8.52921E-2 9.76143E-2 1.38377E-1 1.2412E-1 1.45441E-1 1.62804E-1 1.78139E-1 2.10562E-1
6.14968E-1 5.95426E-1 6.68275E-1 5.49671E-1 6.8232E-1 4.83349E-1 6.75361E-1 -9999 -9999 -9999 -9999 -9999 -9999 -9999 -9999 -9999 -9999 -9999 -9999 -9999 -9999 -9999 -9999 -9999 -9999 -9999 4.90969E-1 -9999 -9999 -9999 -9999 -9999 2.41093E-1 2.42454E-1 2.64993E-1 3.21158E-1 3.76518E-1 4.51898E-1 4.64897E-1 4.71757E-1 3.69454E-1 3.41985E-1 3.12363E-1 2.83248E-1 2.24794E-1 1.25391E-1 7.7885E-2 1.14924E-1 1.16672E-1 1.31942E-1 1.56219E-1 1.19271E-1 9.97652E-2 1.21361E-1 1.76043E-1 1.43393E-1 1.61615E-1 1.78329E-1 2.06331E-1 2.59288E-1
3.7801E-1 6.41261E-1 3.26841E-1 2.48648E-1 5.37376E-1 7.21268E-1 -9999 -9999 -9999 -9999 -9999 -9999 -9999 -9999 -9999 -9999 -9999 -9999 -9999 -9999 -9999 -9999 -9999 -9999 -9999 4.37876E-1 3.55178E-1 -9999 -9999 -9999 -9999 -9999 2.54472E-1 2.25714E-1 2.4106E-1 2.76892E-1 3.41819E-1 4.2842E-1 4.96708E-1 4.79363E-1 3.9517E-1 3.68248E-1 3.40558E-1 2.70666E-1 2.03519E-1 1.59825E-1 5.13795E-2 1.40456E-1 1.45027E-1 1.63944E-1 1.88107E-1 1.40179E-1 1.11777E-1 1.66255E-1 1.85296E-1 1.30891E-1 1.49403E-1 1.80892E-1 2.46628E-1 2.93204E-1
6.89503E-1 6.78021E-1 6.12086E-1 4.90587E-1 5.06034E-1 6.70188E-1 -9999 -9999 -9999 -9999 -9999 -9999 -9999 -9999 -9999 -9999 -9999 -9999 -9999 -9999 -9999 -9999 -9999 -9999 6.52962E-1 6.29886E-1 1.6757E-1 4.33252E-1 4.97761E-1 5.1738E-1 4.58937E-1 -9999 -9999 2.91268E-1 2.61326E-1 2.23173E-1 2.8237E-1 3.71633E-1 4.59431E-1 4.66493E-1 3.69519E-1 3.48783E-1 2.89822E-1 2.28602E-1 1.4549E-1 1.27644E-1 1.71611E-1 7.17762E-2 1.74362E-1 1.87631E-1 2.01112E-1 1.34897E-1 1.21459E-1 1.40756E-1 1.32397E-1 1.46806E-1 1.72908E-1 2.32974E-1 2.86915E-1 3.23606E-1
6.85823E-1 7.10895E-1 3.07384E-1 4.58303E-1 4.52809E-1 7.32198E-1 -9999 -9999 -9999 -9999 -9999 -9999 -9999 -9999 -9999 -9999 -9999 -9999 -9999 -9999 -9999 -9999 -9999 -9999 6.9119E-1 6.54782E-1 1.5197E-1 5.96801E-1 5.63245E-1 5.28622E-1 4.75659E-1 4.08779E-1 3.75558E-1 3.25312E-1 2.53862E-1 1.98686E-1 2.46427E-1 2.84772E-1 3.99547E-1 4.17443E-1 3.63766E-1 3.72746E-1 1.73817E-1 1.33243E-1 1.19098E-1 1.46474E-1 1.95841E-1 2.01627E-1 2.04773E-1 2.21964E-1 2.37646E-1 1.53282E-1 1.74157E-1 1.4752E-1 1.20211E-1 1.42933E-1 1.79382E-1 2.42977E-1 2.78955E-1 3.14534E-1
6.98735E-1 6.96553E-1 7.02439E-1 5.95957E-1 6.68672E-1 7.57954E-1 -9999 -9999 -9999 -9999 -9999 -9999 -9999 -9999 -9999 -9999 -9999 -9999 -9999 -9999 -9999 -9999 -9999 -9999 -9999 -9999 6.79968E-1 5.40968E-1 5.815E-1 4.67479E-1 4.68801E-1 4.01063E-1 3.74148E-1 3.31158E-1 2.84522E-1 2.20482E-1 2.54606E-1 2.72201E-1 3.01562E-1 2.73332E-1 2.40211E-1 2.63568E-1 2.29772E-1 1.41394E-1 1.08208E-1 1.74302E-1 2.13791E-1 2.18283E-1 2.25488E-1 1.19959E-1 2.49485E-1 2.15618E-1 1.82556E-1 1.17395E-1 1.13033E-1 1.41447E-1 1.98693E-1 2.3215E-1 2.65894E-1 2.9871E-1
6.60876E-1 6.93001E-1 5.96105E-1 7.41843E-1 7.40748E-1 7.67894E-1 7.11909E-1 7.25304E-1 -9999 -9999 6.73237E-1 -9999 -9999 -9999 -9999 -9999 -9999 -9999 -9999 -9999 -9999 -9999 -9999 -9999 -9999 -9999 -9999 3.7129E-1 6.31654E-1 5.61783E-1 4.55588E-1 4.04015E-1 3.68686E-1 3.42146E-1 3.5328E-1 2.99009E-1 2.69192E-1 2.02817E-1 1.86628E-1 2.01711E-1 1.74103E-1 1.93247E-1 1.95374E-1 1.38689E-1 1.15024E-1 1.57058E-1 2.22772E-1 2.22693E-1 2.13503E-1 2.37691E-1 1.09829E-1 2.18216E-1 1.87597E-1 1.12389E-1 1.15724E-1 1.39802E-1 1.6984E-1 2.1509E-1 2.46265E-1 2.76774E-1
6.6853E-1 6.91106E-1 7.46545E-1 5.68658E-1 7.71655E-1 6.78636E-1 6.40184E-1 6.62069E-1 6.79447E-1 6.49758E-1 4.79151E-1 -9999 -9999 -9999 -9999 -9999 -9999 -9999 -9999 -9999 -9999 -9999 -9999 -9999 -9999 -9999 -9999 6.61613E-1 2.66031E-1 5.8756E-1 4.51852E-1 3.97952E-1 3.50744E-1 3.52159E-1 3.64372E-1 2.59706E-1 1.73352E-1 1.62859E-1 1.71298E-1 1.7821E-1 1.40272E-1 1.71073E-1 1.93797E-1 2.10488E-1 2.49184E-1 2.23718E-1 2.10455E-1 1.93138E-1 1.77256E-1 1.65071E-1 1.07678E-1 1.64004E-1 1.63267E-1 1.23995E-1 1.21911E-1 1.25515E-1 1.53099E-1 1.94891E-1 2.26093E-1 2.00146E-1
5.39741E-1 4.88327E-1 5.45826E-1 5.42414E-1 4.28788E-1 5.11755E-1 4.94367E-1 5.29088E-1 5.21784E-1 5.56476E-1 5.2671E-1 -9999 -9999 -9999 -9999 -9999 -9999 -9999 -9999 -9999 -9999 -9999 -9999 -9999 -9999 -9999 -9999 3.99049E-1 1.57535E-1 3.49118E-1 3.48839E-1 3.1424E-1 2.69436E-1 3.08722E-1 2.38161E-1 2.36888E-1 1.17929E-1 1.24985E-1 1.42525E-1 1.71671E-1 1.47295E-1 1.54662E-1 1.53936E-1 1.6004E-1 1.79506E-1 1.73515E-1 1.47048E-1 1.31487E-1 1.21641E-1 1.13457E-1 1.17755E-1 4.80182E-2 9.03565E-2 9.91169E-2 1.11763E-1 1.25297E-1 1.01385E-1 2.02467E-1 1.51635E-1 1.98085E-1
5.51022E-1 5.24734E-1 3.93972E-1 3.72612E-1 3.60846E-1 4.55295E-1 4.46537E-1 4.98543E-1 5.07697E-1 5.00047E-1 5.07397E-1 -9999 -9999 -9999 -9999 -9999 -9999 -9999 -9999 -9999 -9999 -9999 -9999 -9999 -9999 -9999 -9999 3.93938E-1 3.88441E-1 9.46217E-2 4.00907E-1 3.56451E-1 2.99614E-1 3.05122E-1 2.95897E-1 3.33817E-2 1.34051E-1 1.36455E-1 1.62524E-1 1.91209E-1 1.65282E-1 1.76447E-1 1.6706E-1 1.51902E-1 1.50431E-1 1.57383E-1 1.54898E-1 1.20708E-1 1.13227E-1 1.06005E-1 1.24526E-1 8.85031E-2 7.47623E-2 9.6577E-2 1.10224E-1 1.88401E-1 1.95286E-1 1.44642E-1 1.85697E-1 2.56665E-1
4.4028E-1 4.186E-1 3.57917E-1 2.96476E-1 2.7794E-1 4.18678E-1 4.11364E-1 4.624E-1 4.46591E-1 2.17679E-1 6.71729E-1 5.5296E-1 -9999 -9999 -9999 -9999 -9999 -9999 -9999 -9999 -9999 -9999 -9999 -9999 -9999 -9999 -9999 4.10242E-1 3.83878E-1 3.8139E-1 2.57161E-1 3.65197E-1 2.98514E-1 3.17394E-1 3.24468E-1 2.40534E-1 1.87441E-1 1.50319E-1 1.52454E-1 1.87642E-1 1.665E-1 6.89992E-2 1.77683E-1 1.67072E-1 1.53042E-1 1.39846E-1 1.46382E-1 1.28258E-1 1.20077E-1 1.13969E-1 6.43813E-2 9.28475E-2 9.02494E-2 9.6003E-2 1.0193E-1 1.31453E-1 2.2967E-1 1.85107E-1 2.3575E-1 2.90278E-1
3.80055E-1 4.76266E-1 3.98759E-1 3.33574E-1 3.06857E-1 4.11878E-1 4.20947E-1 5.26282E-1 6.4397E-1 6.68872E-1 6.58371E-1 6.37451E-1 6.48137E-1 -9999 -9999 -9999 -9999 -9999 -9999 -9999 -9999 -9999 -9999 -9999 -9999 -9999 -9999 4.05571E-1 3.46503E-1 3.44693E-1 4.14724E-1 3.90004E-1 3.22076E-1 3.40644E-1 1.2372E-1 2.46335E-1 1.91042E-1 1.52281E-1 1.42438E-1 1.77852E-1 1.79033E-1 8.13576E-2 1.84127E-1 1.7313E-1 1.52864E-1 1.29573E-1 1.26278E-1 1.1665E-1 1.18972E-1 1.32605E-1 9.6496E-2 1.11996E-1 1.1631E-1 1.19123E-1 1.21828E-1 1.80772E-1 1.38496E-1 2.61416E-1 2.47867E-1 2.87219E-1
4.78991E-1 4.57869E-1 3.66251E-1 2.96945E-1 2.59837E-1 3.58685E-1 3.47908E-1 6.49778E-1 5.22644E-1 6.53907E-1 6.6945E-1 6.95032E-1 6.8074E-1 6.62906E-1 -9999 -9999 -9999 -9999 -9999 -9999 -9999 -9999 -9999 -9999 -9999 -9999 -9999 3.08904E-1 2.74904E-1 3.12783E-1 4.03369E-1 8.89927E-2 3.5265E-1 3.64872E-1 3.86132E-1 2.71316E-1 2.01603E-1 1.60832E-1 1.72511E-1 1.66714E-1 1.67668E-1 2.19797E-1 1.85421E-1 1.73284E-1 1.57643E-1 1.36783E-1 1.30913E-1 1.12408E-1 9.816E-2 9.41266E-2 1.52089E-1 1.45969E-1 1.47158E-1 1.43371E-1 1.51287E-1 2.05132E-1 1.34695E-1 2.99028E-1 2.77381E-1 2.75499E-1
2.46835E-1 2.52394E-1 1.92823E-1 1.47281E-1 1.38897E-1 -9999 4.39348E-1 5.0279E-1 5.26729E-1 4.79714E-1 7.11114E-1 7.44087E-1 7.22467E-1 6.83747E-1 6.24085E-1 6.36508E-1 -9999 -9999 -9999 -9999 -9999 -9999 -9999 -9999 -9999 -9999 -9999 4.94161E-1 4.97349E-1 4.06495E-1 3.46884E-1 3.68281E-1 3.4604E-1 6.09246E-2 3.36517E-1 3.71205E-1 2.95544E-1 2.63461E-1 2.40203E-1 2.56842E-1 2.24596E-1 2.87649E-1 2.87632E-1 3.05197E-1 2.60211E-1 1.55036E-1 1.4137E-1 1.18205E-1 8.06715E-2 6.68227E-2 9.11985E-2 4.62819E-2 1.4257E-1 1.44586E-1 1.59265E-1 1.31125E-1 2.95639E-1 2.79693E-1 2.47681E-1 2.3558E-1
2.46288E-1 2.23513E-1 1.8564E-1 1.77407E-1 2.65037E-1 4.36347E-1 4.52376E-1 4.62321E-1 4.24251E-1 1.99165E-1 5.50372E-1 7.40433E-1 7.27754E-1 7.19863E-1 6.39707E-1 6.22236E-1 -9999 -9999 -9999 -9999 -9999 -9999 -9999 -9999 -9999 -9999 -9999 -9999 5.38525E-1 -9999 -9999 -9999 -9999 3.64069E-1 3.03475E-1 2.5352E-1 2.62625E-1 2.48898E-1 2.17328E-1 2.4024E-1 2.22664E-1 2.3463E-1 3.26236E-1 3.94038E-1 3.27732E-1 1.70992E-1 1.5111E-1 1.19185E-1 9.42337E-2 8.54267E-2 1.11861E-1 1.1594E-1 8.91492E-2 1.59223E-1 1.77513E-1 2.26326E-1 2.62054E-1 2.73486E-1 2.53831E-1 2.6202E-1
2.50201E-1 2.23534E-1 1.82811E-1 2.22248E-1 2.87992E-1 4.9549E-1 5.35768E-1 9.96866E-2 1.20369E-1 5.1016E-1 7.07063E-1 6.95347E-1 7.12421E-1 6.84313E-1 6.97734E-1 6.47746E-1 -9999 -9999 -9999 -9999 -9999 -9999 -9999 -9999 -9999 -9999 -9999 -9999 -9999 -9999 -9999 -9999 -9999 -9999 3.04932E-1 2.86402E-1 2.68999E-1 2.09813E-1 1.89356E-1 2.145E-1 1.94364E-1 2.54449E-1 2.86072E-1 3.25249E-1 3.41345E-1 1.96869E-1 1.61159E-1 1.12641E-1 1.02043E-1 9.21961E-2 1.19292E-1 1.24551E-1 3.99395E-2 1.69758E-1 1.25749E-1 2.38506E-1 2.96533E-1 2.7686E-1 3.21603E-1 2.79021E-1
2.09393E-1 1.89857E-1 1.63906E-1 2.19303E-1 2.88355E-1 5.06893E-1 5.41128E-1 2.30961E-1 5.34531E-1 5.36491E-1 6.76968E-1 6.66207E-1 6.66554E-1 6.50165E-1 6.54926E-1 -9999 -9999 -9999 -9999 -9999 -9999 -9999 -9999 -9999 -9999 -9999 -9999 -9999 -9999 -9999 -9999 -9999 -9999 -9999 2.90508E-1 3.32793E-1 3.10667E-1 2.16366E-1 1.88295E-1 2.31454E-1 2.1604E-1 2.89588E-1 6.6329E-2 3.01838E-1 3.26413E-1 2.09783E-1 1.65126E-1 1.14415E-1 1.07811E-1 1.2651E-1 1.4733E-1 1.56836E-1 1.50056E-1 1.16637E-1 2.48875E-1 6.8112E-2 2.26232E-1 3.99178E-1 3.44289E-1 3.07726E-1
