Phytophthora/models/20240529_1714_25/Phytophthora_PA3_RUN1_MAXENT_outputs/projMaxent.asc
ncols         225
nrows         269
xllcorner     473009.9838
yllcorner     4429051.1748
cellsize      50.0
NODATA_value  -9999
[rows 104 to 129 of 269, columns 59 to 117 of 225]
9.78573E-3 4.47804E-2 2.67392E-2 8.26265E-2 5.92369E-2 1.01871E-1 1.2091E-1 1.27133E-1 3.38636E-2 6.0787E-2 1.17816E-1 9.81921E-2 8.21685E-2 7.95401E-2 7.99345E-2 1.01072E-1 4.46867E-2 5.5903E-2 1.09114E-1 1.2921E-1 2.08778E-1 1.07165E-1 3.01142E-2 3.26456E-2 2.71853E-2 2.09032E-2 1.23648E-2 6.84966E-3 1.19931E-2 7.61663E-3 8.34562E-3 6.4332E-3 1.34404E-2 2.83739E-2 1.32143E-2 1.47375E-2 2.37104E-2 1.15383E-1 5.20334E-1 3.39378E-1 1.90106E-1 5.24407E-2 2.47377E-2 5.57662E-2 6.68438E-2 1.06023E-1 6.73631E-2 6.52466E-2 4.34837E-2 4.65615E-2 1.76795E-2 1.56039E-2 3.26601E-2 4.44736E-2 8.66836E-3 7.86107E-2 4.42123E-1 4.12022E-1 2.26209E-1
7.09161E-3 2.9206E-2 3.13225E-2 8.40928E-2 8.79184E-2 5.12935E-2 8.4875E-2 6.6581E-2 2.99134E-2 3.74534E-2 9.77892E-2 5.43849E-2 5.73944E-2 5.95962E-2 7.44722E-2 9.35536E-2 1.59973E-2 9.15314E-3 2.05043E-2 7.98346E-2 1.48707E-1 2.80444E-1 4.10044E-2 4.06007E-2 1.96044E-2 5.55907E-3 6.12161E-3 9.50924E-3 5.58712E-3 7.07637E-3 5.52328E-3 1.74681E-2 1.3114E-2 9.11443E-3 8.20088E-3 7.87624E-3 9.75908E-3 2.33242E-2 2.16014E-2 8.20482E-2 1.34033E-1 1.04001E-1 1.00262E-1 9.3826E-2 1.04893E-1 1.54891E-1 1.35416E-1 5.19783E-2 4.47073E-2 3.51995E-2 3.36325E-2 9.2155E-2 3.65043E-2 4.96348E-2 7.7601E-3 4.40407E-2 1.28103E-1 2.77078E-1 2.15434E-1
1.01946E-2 7.81376E-3 4.43216E-2 6.89745E-2 9.18573E-2 1.01854E-1 2.50965E-1 1.40078E-1 3.19846E-2 6.84119E-2 8.87772E-2 6.35369E-2 1.18648E-1 6.81101E-2 7.14043E-2 9.0442E-2 4.85528E-2 1.04971E-2 1.05919E-2 3.33466E-2 4.47679E-2 3.25806E-2 2.77437E-2 4.39167E-2 1.69002E-2 5.3271E-3 1.26061E-2 7.75642E-3 4.36266E-3 3.78265E-3 7.00079E-3 2.21737E-2 4.36863E-3 6.38022E-3 7.4702E-3 9.92194E-3 8.47648E-3 2.08542E-2 1.35907E-2 2.58132E-2 8.3452E-2 3.09878E-1 2.21508E-1 2.19775E-1 1.84719E-1 7.47566E-2 1.47853E-1 8.92435E-2 1.29536E-1 4.69652E-2 1.5768E-2 6.01743E-2 4.76112E-2 5.04885E-2 1.89051E-2 1.24824E-2 5.99932E-2 5.66658E-1 5.7738E-1
3.69145E-3 2.72922E-3 1.7457E-2 6.22633E-2 9.04777E-2 2.05348E-1 2.26439E-1 5.60994E-2 2.42638E-2 5.2826E-2 1.11662E-1 9.89141E-2 1.16921E-1 6.73879E-2 6.53567E-2 8.58222E-2 9.86736E-2 2.35996E-2 1.47701E-2 1.30391E-2 3.44179E-2 1.02373E-2 1.5406E-2 2.13328E-2 9.81077E-3 1.50295E-2 2.57856E-2 1.38697E-2 1.36324E-2 1.00007E-2 1.47678E-2 5.41574E-3 3.35978E-3 4.77542E-3 5.21808E-3 7.60095E-3 1.69498E-2 3.94211E-2 2.73165E-2 6.97495E-2 1.00404E-1 2.82466E-1 3.454E-1 2.36594E-1 1.02832E-1 7.44137E-2 1.28083E-1 5.05669E-2 1.83927E-1 6.06862E-2 2.96372E-2 1.6287E-2 5.19394E-2 5.75746E-2 1.49955E-1 1.14653E-1 9.77567E-2 4.92101E-2 4.20221E-2
5.77863E-3 7.90665E-3 2.32717E-2 5.08526E-2 5.22142E-2 5.10986E-2 2.17226E-2 2.41121E-2 2.65411E-2 5.18315E-2 1.35524E-1 1.31874E-1 1.38599E-1 1.03641E-1 7.34218E-2 7.9397E-2 7.3002E-2 5.89545E-2 4.25537E-2 1.89302E-2 1.24302E-2 7.7198E-3 1.23451E-2 2.31072E-2 1.19337E-2 3.12482E-2 2.94056E-2 3.70201E-2 3.20362E-2 1.12084E-2 7.73845E-3 4.16589E-3 2.78107E-3 4.48904E-3 3.96047E-3 2.96422E-3 4.16978E-3 1.84429E-2 4.77477E-2 8.29585E-2 7.63147E-2 1.15958E-1 2.7671E-1 3.13822E-1 4.97885E-2 7.91185E-2 2.66695E-2 2.09161E-2 4.37109E-2 4.75235E-2 2.57966E-2 5.36086E-2 1.27052E-1 3.13652E-1 4.06694E-1 5.71822E-1 3.85464E-1 2.71207E-1 2.12361E-2
3.98233E-3 2.02804E-2 5.27752E-2 5.21673E-2 9.53739E-2 5.77573E-2 2.92389E-2 2.80445E-2 2.9144E-2 3.93196E-2 4.60456E-2 1.3567E-1 1.3114E-1 6.60299E-2 1.20687E-1 6.77962E-2 4.84379E-2 8.02261E-2 6.06553E-2 6.49285E-2 6.12472E-2 2.07374E-2 2.46442E-2 6.3048E-2 2.96728E-2 9.59143E-3 1.57718E-2 2.65985E-2 1.73158E-2 1.04472E-2 6.26767E-3 4.83769E-3 6.8959E-3 9.24202E-3 5.84143E-3 3.77365E-3 3.64497E-3 9.60228E-3 1.31177E-2 1.90132E-2 3.74966E-2 1.05049E-1 1.47701E-1 8.03081E-2 5.15647E-2 2.86453E-2 8.70979E-3 2.66301E-2 3.03524E-2 1.03797E-2 7.72E-3 1.76256E-2 1.02992E-1 2.96748E-1 1.17229E-1 2.32696E-1 5.73916E-1 6.26087E-1 2.63222E-1
2.27229E-3 3.74145E-3 4.06419E-2 1.20256E-1 7.73463E-2 2.41037E-2 4.16231E-2 3.04594E-2 5.12638E-2 3.74962E-2 6.51815E-2 1.27811E-1 1.37589E-1 5.84665E-2 1.31446E-1 1.70151E-1 1.10014E-1 9.20155E-2 6.66972E-2 5.37377E-2 2.00473E-1 1.6993E-1 9.34378E-2 1.8814E-1 1.58248E-1 5.71304E-2 1.03736E-1 1.21378E-2 6.78196E-3 7.65874E-3 5.48258E-3 4.98841E-3 6.83462E-3 7.19662E-3 7.17261E-3 8.4994E-3 3.45825E-3 1.48689E-3 1.32469E-3 8.96345E-3 4.41022E-2 1.2242E-1 7.82307E-2 3.32424E-2 7.6387E-2 5.0014E-2 3.28452E-2 6.81517E-2 2.22255E-2 1.42388E-2 7.04338E-3 1.92219E-2 6.12486E-2 7.14596E-2 3.16966E-2 2.85484E-2 1.13039E-1 1.43876E-1 1.94925E-1
4.64075E-3 4.51094E-3 2.25232E-2 1.33343E-1 3.18556E-2 4.07076E-2 5.03412E-2 1.87973E-2 6.45764E-2 7.37969E-2 6.45303E-2 1.75365E-1 1.59219E-1 7.15272E-2 1.23627E-1 1.36489E-1 1.10305E-1 7.13111E-2 2.82731E-2 1.39209E-1 2.42165E-1 2.84927E-1 1.87766E-1 2.20002E-1 2.60992E-1 8.91495E-2 7.66396E-2 1.08464E-2 2.83231E-2 2.42365E-2 2.11365E-2 2.02149E-2 2.1257E-2 1.23526E-2 2.41466E-3 2.93943E-3 1.7257E-3 1.40468E-3 2.54199E-3 2.02117E-2 2.30576E-1 1.77861E-1 2.19062E-1 2.85033E-2 4.59781E-2 4.28766E-2 1.04866E-1 5.75007E-2 5.52879E-2 1.81683E-2 1.97626E-2 2.81174E-2 2.3827E-2 2.23927E-2 2.07478E-2 2.11956E-2 4.62035E-2 4.94002E-2 9.18562E-2
2.29682E-3 3.35637E-3 1.08984E-1 5.61241E-2 5.23537E-2 3.02916E-2 1.1029E-2 8.32355E-3 3.15264E-2 2.70075E-2 1.65049E-2 1.73384E-1 9.44206E-2 5.73974E-2 2.03468E-1 3.4209E-1 2.23318E-1 1.00616E-1 5.53337E-2 7.96237E-2 1.62353E-1 1.59845E-1 1.30512E-1 3.03795E-1 7.43048E-2 1.97145E-2 1.25635E-2 1.07151E-2 1.77616E-2 2.91339E-2 4.29226E-2 6.20738E-2 2.96915E-2 1.1551E-2 3.56322E-3 2.15214E-3 1.35652E-3 2.6636E-3 1.29873E-2 3.70814E-2 5.85085E-2 9.53381E-2 1.85363E-1 1.00661E-1 5.81451E-2 3.10809E-2 1.25943E-1 1.08534E-1 9.34205E-2 8.90821E-2 4.27123E-2 3.00644E-2 2.45508E-2 3.97738E-2 6.02199E-2 5.27778E-2 5.68138E-2 3.48255E-2 9.11167E-2
1.61133E-3 1.2664E-2 7.85725E-2 5.70634E-2 8.34471E-2 3.63583E-2 2.62899E-2 1.72855E-2 2.09834E-2 2.60132E-2 1.20327E-2 1.8553E-2 1.80344E-2 6.64123E-2 2.7984E-1 5.28054E-1 1.7251E-1 2.7497E-2 1.68683E-2 1.44406E-2 7.56603E-2 8.97456E-2 1.03709E-1 1.78345E-1 7.08732E-2 3.3232E-2 2.11157E-2 2.24864E-2 1.47288E-2 1.62049E-2 9.14063E-3 1.73793E-2 2.26404E-3 1.13308E-3 2.04763E-3 3.18624E-3 5.60261E-3 9.73828E-3 1.05866E-2 6.95633E-3 7.07586E-3 1.29248E-2 2.58347E-2 2.27765E-2 6.06964E-2 1.37222E-1 1.82363E-1 9.56322E-2 1.93468E-2 3.13071E-2 4.85201E-2 5.42956E-2 3.10698E-2 5.88786E-2 5.236E-2 1.15188E-1 1.25822E-1 5.81696E-2 9.30445E-2
7.04597E-3 4.72738E-2 5.64533E-2 6.10117E-2 9.34436E-2 9.60652E-2 1.27349E-1 2.99342E-2 3.56339E-2 2.21225E-2 1.14226E-2 4.59772E-3 1.09293E-2 1.69509E-1 1.67927E-1 3.40433E-1 3.44899E-2 5.88446E-3 1.33478E-2 1.86088E-2 2.603E-2 3.16609E-2 7.52322E-2 5.58203E-2 4.62736E-2 4.5305E-2 2.24755E-2 2.32161E-2 1.07925E-2 3.60438E-3 6.16791E-3 3.17121E-3 6.64506E-4 1.89366E-3 1.62827E-3 1.79108E-3 1.12821E-2 3.57977E-2 9.17423E-3 7.43053E-3 1.51365E-2 2.75947E-2 1.80765E-2 2.69052E-2 5.50419E-2 3.31877E-2 1.31785E-1 1.69831E-1 1.09023E-1 7.63482E-2 4.16158E-2 2.39315E-2 1.49493E-2 9.62749E-2 2.5782E-2 4.11486E-2 3.35678E-2 4.97909E-2 2.15194E-1
1.05828E-1 1.47173E-1 6.51905E-2 1.53349E-2 8.97452E-2 1.19547E-1 1.18839E-1 1.01749E-1 2.75163E-2 5.64453E-3 1.23108E-2 1.0556E-2 4.4051E-2 2.81854E-1 1.87723E-1 3.30425E-1 2.29462E-2 6.46795E-3 1.84883E-2 2.04511E-2 2.48259E-2 4.96107E-2 1.03361E-1 5.54158E-2 2.86068E-2 4.19397E-2 2.29893E-2 1.61526E-2 7.54074E-3 2.03014E-3 2.25108E-3 9.50265E-4 7.0794E-4 1.26647E-3 1.21241E-3 2.36728E-3 7.34224E-3 6.24786E-2 6.72237E-2 6.16557E-2 4.50023E-2 2.58618E-2 1.65128E-2 5.69125E-2 2.47416E-2 1.88742E-2 2.63916E-2 5.34673E-2 3.08649E-2 2.04859E-2 1.23783E-2 2.83913E-2 4.38491E-2 1.73751E-1 4.58148E-2 2.94075E-2 2.5216E-2 6.94098E-2 4.49265E-1
3.06476E-2 3.93595E-2 7.43367E-3 7.53716E-3 4.5161E-2 1.32045E-1 1.88421E-1 2.86785E-2 7.20911E-3 3.52681E-3 7.00816E-3 3.36506E-2 8.9376E-2 2.61541E-1 3.56656E-1 3.6725E-1 1.97765E-2 1.11649E-2 2.86853E-2 3.68826E-2 3.08057E-2 2.64428E-2 9.94251E-2 5.55031E-2 2.04418E-2 2.90787E-2 6.19465E-2 7.87109E-2 1.9541E-2 3.19878E-3 3.04015E-3 1.11469E-3 5.73243E-4 6.05183E-4 7.6469E-4 1.55058E-3 5.3758E-3 8.48522E-2 4.10051E-2 2.45895E-2 5.60771E-2 1.07051E-1 1.10831E-1 7.54305E-2 4.85037E-2 5.41547E-2 1.97189E-2 5.63168E-3 7.42162E-3 5.8965E-3 4.20602E-3 5.90403E-2 8.20915E-2 7.28243E-2 3.52943E-2 2.25684E-2 3.76122E-2 8.26472E-2 1.47072E-1
2.37715E-2 1.24773E-2 1.10209E-2 1.76185E-2 3.46922E-2 6.06437E-2 4.95892E-2 1.23483E-2 5.16892E-3 4.09441E-3 2.00358E-2 8.9665E-2 1.30237E-1 4.44954E-2 2.77579E-1 1.7561E-1 1.62054E-2 1.99096E-2 5.4051E-2 3.65087E-2 2.30699E-2 2.53001E-2 7.57002E-2 4.58849E-2 1.86114E-2 3.80779E-2 1.62434E-1 5.27047E-2 1.02025E-2 3.41297E-3 4.92356E-3 2.3961E-3 8.39123E-4 9.18393E-4 1.44221E-3 3.14499E-3 8.745E-3 1.25263E-1 1.03563E-1 1.12072E-1 1.16862E-1 4.69152E-2 1.169E-1 4.03867E-2 1.7858E-2 1.25533E-2 8.23959E-3 3.75972E-3 4.19392E-3 3.3099E-3 2.02788E-3 2.04724E-2 8.0274E-2 3.05161E-2 1.37348E-2 1.97072E-2 3.82801E-2 9.81742E-2 1.59919E-1
1.55143E-2 1.35738E-2 1.01655E-2 9.22915E-3 7.03283E-3 1.23948E-2 2.1479E-2 1.44786E-2 5.47959E-3 7.06237E-3 1.63388E-2 5.36229E-2 5.72764E-2 2.22618E-2 4.04309E-2 8.1848E-2 5.30559E-2 7.26188E-2 1.78937E-1 1.87093E-1 3.36135E-2 3.31006E-2 6.69002E-2 6.55962E-2 2.99181E-2 4.40897E-2 1.60129E-1 1.54726E-2 1.12896E-2 7.22163E-3 8.63847E-3 3.72191E-3 1.25742E-3 1.28956E-3 2.97705E-3 3.99775E-2 6.05797E-2 9.89133E-2 7.48457E-2 1.63571E-1 1.56089E-1 5.44876E-2 3.32656E-2 1.56477E-2 1.01609E-2 6.79357E-3 5.38801E-3 3.95916E-3 2.22013E-3 3.4862E-3 4.34629E-3 1.10981E-2 2.10569E-2 3.32022E-2 3.93758E-2 2.97708E-2 6.06919E-2 9.8616E-2 1.77394E-1
1.50839E-2 2.41497E-2 1.54177E-2 1.12113E-2 1.0681E-2 1.6211E-2 2.31951E-2 4.82675E-2 2.04379E-2 1.59463E-2 2.59522E-2 6.43725E-2 1.01393E-1 1.46619E-1 6.93824E-2 2.58583E-1 5.90045E-1 1.35233E-1 2.85916E-1 4.77959E-1 1.04408E-1 1.26166E-1 2.41119E-1 2.52094E-1 6.81559E-2 1.16088E-1 1.84505E-1 1.62364E-2 1.7828E-2 1.78769E-2 1.2135E-2 3.07635E-3 1.32599E-3 1.16084E-3 7.07609E-3 4.36251E-2 4.54554E-2 2.53869E-2 1.12817E-1 7.74777E-2 4.20449E-2 9.30051E-3 1.10477E-2 1.33044E-2 1.2883E-2 6.50721E-3 5.10334E-3 3.33762E-3 2.23365E-3 2.53115E-3 3.44921E-3 6.23308E-3 9.26198E-3 2.59841E-2 7.2335E-2 8.60121E-2 8.45113E-2 1.35325E-1 1.7335E-1
2.20088E-2 7.82291E-2 6.83767E-2 2.4804E-2 1.34949E-2 1.97272E-2 1.18589E-2 1.36244E-2 2.73309E-2 3.07419E-2 4.34412E-2 5.70155E-2 7.98071E-2 6.15343E-2 7.22667E-2 3.15374E-1 6.59334E-1 4.95154E-1 3.96386E-1 3.42404E-1 4.83673E-1 4.07156E-1 6.26327E-1 3.38473E-1 7.01988E-2 1.75563E-1 1.19068E-1 2.96561E-2 2.68812E-2 2.07608E-2 1.22415E-2 3.29324E-3 1.68393E-3 1.44038E-3 3.5407E-3 5.10739E-3 3.26404E-3 4.89144E-3 2.77483E-2 9.36674E-2 4.88436E-2 6.891E-3 1.63541E-2 7.80066E-3 9.66769E-3 6.91919E-3 4.08708E-3 3.34432E-3 2.56626E-3 2.44989E-3 3.42498E-3 6.54545E-3 1.35981E-2 1.88579E-2 4.1297E-2 4.62866E-2 5.70882E-2 5.6694E-2 8.50335E-2
5.44896E-2 2.25912E-1 7.10946E-2 2.26965E-2 1.75459E-2 4.68502E-2 2.90119E-2 1.83909E-2 2.2445E-2 3.9821E-2 5.77377E-2 6.61296E-2 4.53147E-2 3.37818E-2 1.15543E-1 3.01317E-1 4.14492E-1 2.89411E-1 4.53701E-1 5.20451E-1 6.68465E-1 6.62872E-1 3.14229E-1 2.32444E-1 1.52281E-1 1.02495E-1 9.09049E-2 4.51947E-2 2.53389E-2 4.21008E-2 9.99305E-3 7.01228E-3 4.93081E-3 2.8745E-3 4.32085E-3 5.01448E-3 5.29016E-3 4.13425E-3 1.2772E-2 5.74503E-2 2.13139E-2 7.30879E-3 1.61115E-2 7.55529E-3 1.56182E-2 1.38986E-2 5.91672E-3 4.83633E-3 4.2288E-3 3.87824E-3 3.61714E-3 4.2216E-3 7.3229E-3 8.72406E-3 1.62931E-2 3.06358E-2 5.75584E-2 1.1029E-1 2.04814E-1
8.16226E-2 1.57176E-1 5.45041E-2 1.89348E-2 3.09276E-2 1.64412E-1 1.47779E-1 2.6966E-2 3.19582E-2 2.65023E-2 1.73093E-2 3.88241E-2 2.24798E-2 3.89341E-2 1.30575E-1 3.24501E-1 2.62318E-1 2.66991E-1 4.2219E-1 4.87843E-1 7.17244E-1 5.61075E-1 4.51944E-1 2.09291E-1 1.04425E-1 5.66982E-2 4.92662E-2 2.68532E-2 5.84657E-2 4.4183E-2 1.45235E-2 1.6635E-2 8.31161E-3 4.50696E-3 5.67124E-3 5.77604E-3 1.05085E-2 3.09808E-2 9.18235E-3 1.76423E-2 5.9268E-2 3.20724E-2 9.9701E-3 6.88814E-3 1.44658E-2 2.03606E-2 1.42809E-2 1.36374E-2 9.9943E-3 2.36444E-2 5.5927E-3 4.57772E-3 6.91582E-3 7.00824E-3 1.84874E-2 1.95172E-2 3.85559E-2 3.44246E-1 1.93123E-1
3.51009E-2 6.80742E-2 3.36251E-2 1.89301E-2 3.71928E-2 4.94324E-2 1.41917E-1 7.23951E-2 2.38874E-2 2.01961E-2 1.6886E-2 5.87366E-2 6.23818E-2 3.38404E-2 1.49877E-1 2.91573E-1 1.81625E-1 3.69549E-1 3.93218E-1 3.40105E-1 2.90204E-1 2.03208E-1 2.1569E-1 2.90645E-2 1.75361E-2 1.27198E-1 1.98968E-1 7.17922E-2 6.0438E-2 4.71916E-2 2.59891E-2 8.69785E-3 4.74525E-3 4.88734E-3 1.16462E-2 1.25909E-2 1.55574E-2 1.90253E-2 9.49972E-3 1.60796E-2 3.31184E-2 9.58831E-3 7.61981E-3 9.74322E-3 8.81714E-3 1.13426E-2 9.66275E-3 1.41048E-2 9.91634E-3 1.85431E-2 3.42433E-2 1.34891E-2 7.02631E-3 1.22126E-2 2.291E-2 2.15312E-2 5.41912E-2 3.76365E-1 6.87879E-1
2.51222E-2 3.15187E-2 3.73928E-2 1.82069E-2 6.02607E-2 3.38196E-2 3.29025E-2 1.27812E-1 1.31054E-1 6.58516E-2 4.67961E-2 9.30084E-2 3.87479E-1 4.77011E-1 3.40287E-1 9.77888E-2 6.07848E-1 4.74347E-1 2.8148E-1 1.33163E-1 1.38686E-1 6.87905E-1 4.55666E-1 2.48703E-2 5.59772E-3 1.15878E-1 2.43971E-1 6.28431E-2 3.02459E-2 5.27442E-2 6.18161E-2 2.21188E-2 1.78708E-2 1.86518E-2 2.45434E-2 3.01038E-2 1.26704E-2 2.17438E-2 1.13691E-2 9.06088E-3 1.05316E-2 4.69905E-3 5.96023E-3 9.21596E-3 8.82239E-3 8.90813E-3 9.05672E-3 1.95137E-2 1.23652E-2 1.17286E-2 3.27474E-2 3.44644E-2 2.24912E-2 1.21604E-2 4.94039E-2 5.15959E-2 1.0195E-1 6.61017E-1 7.63194E-1
2.96184E-2 3.6258E-2 2.60115E-2 3.11328E-2 1.02581E-1 4.75123E-2 5.25183E-2 1.02569E-1 2.30581E-1 4.25793E-1 2.90735E-1 4.69254E-1 5.40414E-1 3.88991E-1 2.00962E-1 8.43009E-2 8.71261E-1 4.68473E-1 1.69178E-1 1.81984E-1 2.59917E-1 5.56721E-1 2.58692E-1 1.67468E-2 1.21475E-2 1.29791E-1 2.45976E-1 6.23147E-2 4.39294E-2 5.97397E-2 7.29908E-2 2.20997E-2 2.19998E-2 2.04731E-2 2.22049E-2 9.65079E-3 2.98791E-3 4.8815E-3 5.05941E-3 5.5451E-3 8.1231E-3 4.8495E-3 6.88953E-3 1.15632E-2 1.13003E-2 1.99496E-2 2.347E-2 3.09649E-2 1.74067E-2 1.4114E-2 1.64413E-2 1.34638E-2 5.10983E-2 5.4138E-2 8.27523E-2 7.33404E-2 4.06062E-1 5.90752E-1 4.67106E-1
2.14904E-2 3.96009E-2 2.7281E-2 7.55551E-2 1.28836E-1 6.25706E-2 8.84982E-2 9.09674E-2 1.4956E-1 4.59587E-1 3.11251E-1 2.88202E-1 1.64822E-1 2.00244E-1 1.18563E-1 3.2941E-2 1.24746E-1 8.06663E-2 4.94454E-2 7.86364E-2 9.66091E-2 2.04011E-1 1.27625E-1 1.0485E-2 1.20514E-2 1.62422E-1 2.35289E-1 9.97202E-2 6.01555E-2 5.39455E-2 1.02775E-1 4.27133E-2 2.25751E-2 2.55681E-2 4.36901E-3 3.57235E-3 2.90587E-3 7.49154E-3 4.77522E-3 5.08073E-3 5.25249E-3 7.2048E-3 1.12471E-2 1.93263E-2 2.30916E-2 7.30244E-2 8.54972E-2 9.40643E-2 6.14473E-2 3.62714E-2 1.70752E-2 3.08626E-2 4.93343E-2 5.2268E-2 4.76975E-2 7.49488E-2 1.91268E-1 3.86119E-1 2.97616E-1
8.37187E-3 2.80947E-2 4.80883E-2 1.52381E-1 1.63407E-1 8.27238E-2 3.0928E-2 5.43776E-2 7.73905E-2 2.1227E-1 6.09864E-1 6.83701E-1 8.87009E-2 1.44772E-1 1.01374E-1 7.20094E-2 1.38661E-1 7.89839E-2 5.97126E-2 3.71358E-2 3.3421E-2 6.17768E-2 3.00168E-2 1.6958E-2 1.53528E-2 1.25075E-1 1.0337E-1 6.99905E-2 4.91526E-2 2.37607E-2 2.65725E-2 3.2332E-2 3.8716E-2 2.32842E-2 5.42651E-3 2.21714E-3 3.42348E-3 9.72383E-3 1.62713E-2 2.16211E-2 3.25192E-2 4.4676E-2 6.20834E-2 1.24711E-1 1.29579E-1 8.55757E-2 4.20187E-2 3.67496E-2 3.75289E-2 5.42272E-2 3.59804E-2 8.5282E-2 1.62044E-1 2.16693E-2 6.50862E-2 8.45946E-2 7.11438E-2 9.68042E-2 4.59464E-1
1.50014E-2 2.25108E-2 2.8023E-2 7.69206E-2 2.8771E-1 2.1779E-1 5.52117E-2 1.57056E-1 1.03672E-1 3.89602E-1 6.69085E-1 7.20869E-1 6.88241E-1 1.57742E-1 1.0902E-1 9.56421E-2 1.39565E-1 1.30841E-1 9.20447E-2 3.91943E-2 5.74581E-2 7.59379E-2 3.84541E-2 1.1233E-2 1.63092E-2 1.92378E-2 3.55282E-2 6.92574E-2 4.42262E-2 6.79109E-2 4.51539E-2 2.86324E-2 4.10489E-2 3.61678E-2 1.70987E-2 7.70715E-3 3.80054E-3 8.74868E-3 8.77473E-3 3.76862E-2 7.23895E-2 2.80686E-2 3.13327E-2 1.04597E-1 5.70374E-2 4.06602E-2 4.90464E-2 4.23046E-2 2.40108E-2 1.80356E-2 1.42588E-2 6.75733E-2 2.21334E-1 8.2316E-2 8.35663E-2 1.12191E-1 1.0065E-1 3.96729E-1 4.77791E-1
1.07281E-2 2.36898E-2 4.62037E-2 5.93978E-2 2.81881E-1 2.77268E-1 9.74763E-2 1.7099E-1 3.51254E-1 3.85235E-1 6.9422E-1 7.52691E-1 7.93051E-1 4.10561E-1 7.31945E-2 1.60502E-1 1.57444E-1 9.31326E-2 5.54038E-2 4.68724E-2 5.35921E-2 1.39147E-1 6.21731E-2 9.15097E-3 1.12514E-2 1.39672E-2 3.53156E-2 8.75253E-2 3.08879E-2 3.40824E-2 2.60931E-2 2.96869E-2 2.60802E-2 4.53994E-2 1.69626E-2 3.5394E-2 1.58449E-2 3.165E-2 2.47442E-2 4.41241E-2 7.72816E-2 2.16952E-2 1.42E-2 5.4787E-2 5.4774E-2 5.41248E-2 6.02357E-2 6.7822E-2 5.39667E-2 3.08517E-2 2.24801E-2 8.75241E-2 2.84351E-1 1.29945E-1 1.70837E-1 3.06031E-1 5.06754E-1 5.46626E-1 2.07508E-1
