Phytophthora/models/20240529_1714_25/Phytophthora_PA3_RUN1_MAXENT_outputs/projMaxent.asc
ncols         225
nrows         269
xllcorner     473009.9838
yllcorner     4429051.1748
cellsize      50.0
NODATA_value  -9999
[rows 156 to 181 of 269, columns 0 to 58 of 225]
-9999 -9999 -9999 -9999 -9999 -9999 -9999 -9999 6.7784E-2 3.89811E-2 3.9616E-1 6.84579E-1 9.82523E-1 9.93216E-1 9.94491E-1 9.94866E-1 9.96455E-1 9.96878E-1 9.96647E-1 9.95678E-1 8.24486E-1 5.78964E-1 6.11547E-1 7.77824E-1 8.84055E-1 5.41395E-1 5.54183E-1 9.93541E-1 9.09059E-1 7.83366E-1 6.54183E-1 5.01762E-1 5.75516E-1 2.4874E-1 2.30452E-1 5.28949E-1 9.65751E-1 9.96214E-1 9.9995E-1 9.71286E-1 9.51971E-1 9.2566E-1 4.53275E-1 2.05193E-1 2.12677E-1 6.0003E-1 5.31408E-1 4.23665E-1 4.31914E-1 4.13837E-1 6.1938E-1 5.91472E-1 6.49454E-1 8.91775E-1 5.32418E-1 4.67058E-1 5.4241E-1 2.94159E-1 2.17213E-1
-9999 -9999 -9999 -9999 -9999 -9999 -9999 -9999 3.12052E-2 5.28737E-2 7.01677E-1 8.23898E-1 8.95822E-1 9.93872E-1 9.88002E-1 7.46E-1 9.97892E-1 9.97655E-1 9.97419E-1 9.69413E-1 4.10158E-1 4.62627E-1 7.95945E-1 9.59564E-1 9.65925E-1 6.07056E-1 7.06796E-1 9.48939E-1 8.69693E-1 8.38515E-1 5.39451E-1 3.42399E-1 4.5892E-1 3.19027E-1 3.68667E-1 8.57238E-1 9.98415E-1 9.99977E-1 9.96174E-1 9.69277E-1 9.53945E-1 7.88916E-1 2.96521E-1 2.34383E-1 3.52891E-1 5.47493E-1 6.30441E-1 5.9224E-1 5.51196E-1 8.3653E-1 8.98923E-1 8.46138E-1 6.59835E-1 9.01491E-1 6.84029E-1 3.50034E-1 3.71862E-1 4.83024E-1 3.92452E-1
-9999 -9999 -9999 -9999 -9999 -9999 -9999 -9999 3.19367E-2 2.02469E-1 7.08601E-1 8.85538E-1 9.5015E-1 9.6113E-1 7.08705E-1 7.57647E-1 9.98039E-1 9.97912E-1 9.97776E-1 9.86079E-1 8.05088E-1 7.19541E-1 8.97794E-1 9.83694E-1 9.8876E-1 8.32568E-1 9.46765E-1 9.392E-1 8.6722E-1 7.44159E-1 5.45131E-1 3.0157E-1 5.25711E-1 5.4807E-1 8.91303E-1 9.74544E-1 9.84265E-1 9.78521E-1 6.11429E-1 6.46841E-1 4.50092E-1 6.65595E-1 4.59801E-1 4.421E-1 5.51241E-1 3.08827E-1 4.06005E-1 5.03137E-1 7.12755E-1 8.78135E-1 8.81965E-1 8.96633E-1 8.80745E-1 8.90152E-1 6.80967E-1 4.50902E-1 7.63828E-1 3.91935E-1 1.3712E-1
-9999 -9999 -9999 -9999 -9999 -9999 -9999 -9999 1.72928E-1 2.32094E-1 3.88215E-1 8.88976E-1 9.33986E-1 9.86738E-1 7.96652E-1 9.97875E-1 9.98181E-1 9.98197E-1 9.97637E-1 9.97913E-1 9.49966E-1 7.9641E-1 9.90812E-1 9.89617E-1 9.94405E-1 9.92609E-1 9.94538E-1 9.32647E-1 8.72612E-1 7.4225E-1 3.91866E-1 1.51012E-1 2.53117E-1 4.2483E-1 8.08465E-1 7.43582E-1 6.8073E-1 4.70835E-1 3.78533E-1 2.7509E-1 4.45342E-1 6.50759E-1 6.1611E-1 3.13459E-1 2.28444E-1 2.26238E-1 2.20349E-1 2.17403E-1 6.75679E-1 8.65691E-1 8.77023E-1 8.72809E-1 8.6964E-1 8.44254E-1 7.38591E-1 8.80027E-1 6.86255E-1 1.88666E-1 6.8732E-2
-9999 -9999 -9999 -9999 -9999 -9999 -9999 -9999 -9999 1.7316E-1 2.61651E-1 5.7512E-1 9.09073E-1 9.97314E-1 9.81741E-1 9.98044E-1 9.98435E-1 9.98122E-1 9.97932E-1 9.95621E-1 8.44829E-1 7.92429E-1 9.79987E-1 9.94984E-1 9.9016E-1 9.71642E-1 9.7339E-1 9.38346E-1 6.65886E-1 2.50233E-1 7.45237E-2 1.64645E-1 3.68795E-1 3.23391E-1 2.56461E-1 2.96738E-1 4.33274E-1 4.597E-1 5.05898E-1 4.62426E-1 5.87383E-1 4.27039E-1 2.26552E-1 1.42743E-1 1.65423E-1 2.04028E-1 1.96668E-1 1.80079E-1 3.90219E-1 7.58139E-1 8.7206E-1 5.54778E-1 6.42506E-1 8.85134E-1 6.41815E-1 7.02554E-1 2.44884E-1 5.73353E-2 7.28256E-2
-9999 -9999 -9999 -9999 -9999 -9999 -9999 -9999 8.63786E-2 5.54185E-2 1.56254E-1 4.72951E-1 8.66245E-1 9.98044E-1 9.98289E-1 9.9678E-1 9.62938E-1 9.98192E-1 9.98122E-1 8.86456E-1 5.22409E-1 4.91498E-1 6.31815E-1 9.70194E-1 8.26922E-1 9.45593E-1 9.71383E-1 8.7894E-1 3.35215E-1 1.39719E-1 3.59162E-2 1.23551E-1 5.85923E-1 6.33086E-1 5.40506E-1 3.4917E-1 4.60718E-1 5.2279E-1 5.17372E-1 7.60463E-1 8.09244E-1 3.60185E-1 1.61694E-1 1.02931E-1 1.33313E-1 1.80496E-1 1.81143E-1 1.74554E-1 2.04489E-1 2.59245E-1 6.0798E-1 4.94024E-1 7.79813E-1 7.73872E-1 7.43946E-1 7.3154E-1 2.40965E-1 8.62739E-2 1.60316E-1
-9999 -9999 -9999 -9999 -9999 -9999 -9999 5.94182E-2 1.05351E-1 2.19366E-2 1.04564E-1 4.11389E-1 8.62546E-1 9.97539E-1 9.99987E-1 1E0 9.22654E-1 8.37334E-1 9.99445E-1 8.52961E-1 5.12828E-1 5.64807E-1 7.18071E-1 8.76811E-1 7.06396E-1 9.48554E-1 9.58604E-1 8.00384E-1 2.40552E-1 6.27134E-2 6.86847E-2 1.63214E-1 3.33059E-1 5.43366E-1 8.6677E-1 8.52071E-1 7.14933E-1 5.00086E-1 4.77396E-1 6.74031E-1 8.52132E-1 2.54465E-1 2.15949E-1 1.1276E-1 1.63586E-1 1.49837E-1 1.0396E-1 1.66759E-1 2.72862E-1 5.62621E-1 6.96805E-1 5.61531E-1 8.59519E-1 5.16942E-1 6.40955E-1 8.93302E-1 5.25573E-1 2.88621E-1 3.40451E-2
-9999 -9999 -9999 -9999 -9999 -9999 2.27172E-2 1.43235E-2 2.3637E-2 4.18516E-2 2.02311E-1 7.21944E-1 9.35755E-1 8.69143E-1 9.78529E-1 9.39968E-1 5.78991E-1 9.50032E-1 9.99978E-1 8.49822E-1 7.75779E-1 8.87642E-1 9.53143E-1 8.40073E-1 7.64717E-1 5.55243E-1 6.72574E-1 4.29833E-1 1.69755E-1 5.93928E-2 1.92024E-1 2.88701E-1 3.54767E-1 4.24596E-1 4.32964E-1 4.94058E-1 7.32629E-1 7.22111E-1 4.08946E-1 6.10864E-1 8.08915E-1 1.77252E-1 1.15901E-1 1.359E-1 2.02961E-1 2.71351E-1 1.79189E-1 1.35283E-1 2.32943E-1 8.26428E-1 6.50248E-1 5.79599E-1 8.48211E-1 5.22128E-1 3.65389E-1 8.42363E-1 2.64356E-1 3.70977E-2 2.95047E-2
-9999 -9999 -9999 -9999 -9999 -9999 1.08603E-1 7.11142E-2 8.97843E-2 2.45927E-1 4.30463E-1 7.83684E-1 5.55294E-1 6.66024E-1 2.37549E-1 1.81208E-1 5.79213E-1 9.99992E-1 9.99811E-1 9.99982E-1 9.83569E-1 7.8532E-1 9.94307E-1 9.74952E-1 9.38047E-1 5.45701E-1 5.58395E-1 1.92085E-1 6.26607E-2 4.69869E-2 1.53538E-1 3.33649E-1 3.27834E-1 3.49798E-1 4.17271E-1 3.24275E-1 4.92513E-1 8.69648E-1 7.38172E-1 9.43385E-1 9.32812E-1 3.38038E-1 9.94914E-2 1.6155E-1 2.31402E-1 4.71274E-1 3.5906E-1 1.62251E-1 9.32911E-2 3.04441E-1 2.98925E-1 8.50454E-1 8.50001E-1 7.08464E-1 3.17386E-1 1.15702E-1 5.11407E-2 3.78928E-2 3.54915E-2
-9999 -9999 -9999 -9999 -9999 1.71815E-1 2.1573E-1 1.60084E-1 2.23476E-1 7.18887E-1 4.17054E-1 5.17341E-1 4.94797E-1 2.0164E-1 2.08992E-1 2.32458E-1 6.40869E-1 9.19123E-1 8.30165E-1 9.7861E-1 6.98763E-1 2.40237E-1 9.31699E-1 9.82052E-1 7.19925E-1 4.89442E-1 3.32587E-1 1.18492E-1 8.10417E-2 1.16703E-1 1.70252E-1 2.24715E-1 2.60568E-1 3.15678E-1 4.36055E-1 4.88969E-1 3.31252E-1 6.43856E-1 9.84063E-1 9.04481E-1 8.16415E-1 5.06943E-1 5.49698E-1 5.02003E-1 6.89789E-1 7.31635E-1 1.92398E-1 1.52855E-1 1.1998E-1 1.27793E-1 5.48182E-1 8.47711E-1 8.09207E-1 2.14509E-1 1.49004E-1 5.36606E-2 6.86257E-2 6.97408E-2 7.63324E-2
-9999 -9999 -9999 -9999 -9999 1.51194E-1 2.68142E-1 2.08751E-1 3.31891E-1 8.38961E-1 5.66294E-1 6.02293E-1 2.20258E-1 7.08069E-2 2.21045E-1 4.79015E-1 3.32034E-1 5.85526E-1 5.17218E-1 6.43108E-1 4.14724E-1 1.2085E-1 2.76474E-1 4.50879E-1 3.71924E-1 5.38037E-1 3.74352E-1 1.90361E-1 1.58443E-1 1.7862E-1 2.40955E-1 2.23412E-1 2.59043E-1 4.45461E-1 4.26338E-1 4.54391E-1 4.61852E-1 4.88164E-1 5.73205E-1 7.39983E-1 4.16702E-1 2.1625E-1 7.0068E-1 7.1614E-1 7.03112E-1 4.14289E-1 1.85573E-1 1.46401E-1 9.86802E-2 2.32532E-1 8.27072E-1 8.40298E-1 2.06205E-1 3.07117E-2 2.34339E-2 8.77578E-3 5.22779E-2 1.06281E-1 2.96516E-1
-9999 -9999 -9999 -9999 -9999 1.73874E-1 1.97567E-1 1.67879E-1 3.4815E-1 5.47207E-1 9.36557E-1 6.11164E-1 9.64734E-2 6.77424E-2 3.35034E-1 6.01094E-1 4.59312E-1 5.02421E-1 3.98096E-1 4.0051E-1 2.2498E-1 1.67504E-1 3.063E-1 4.78924E-1 3.05609E-1 1.92119E-1 9.72013E-2 1.33698E-1 1.6206E-1 1.97605E-1 3.2826E-1 3.47241E-1 5.90465E-1 6.7433E-1 8.15845E-1 8.28448E-1 4.28149E-1 2.11288E-1 2.37643E-1 4.00016E-1 2.10324E-1 2.57747E-1 5.52203E-1 4.8755E-1 3.69799E-1 2.54522E-1 3.13656E-1 2.27691E-1 1.24005E-1 4.08442E-1 6.51787E-1 3.23291E-1 5.05873E-2 2.44306E-2 3.9381E-2 2.2398E-2 4.1603E-2 1.92937E-1 8.67747E-1
-9999 -9999 -9999 -9999 -9999 1.95556E-1 1.96881E-1 1.9914E-1 3.01676E-1 3.06331E-1 6.5372E-1 3.02996E-1 3.5717E-2 7.62461E-2 5.26889E-1 7.43432E-1 6.82609E-1 5.44375E-1 4.03457E-1 1.56683E-1 5.96119E-2 8.32603E-2 8.4064E-2 8.17029E-2 6.09642E-2 4.49259E-2 8.71527E-2 1.14055E-1 1.86679E-1 3.1314E-1 4.95021E-1 4.77733E-1 6.38249E-1 7.69261E-1 8.10595E-1 3.70125E-1 1.88292E-1 1.59611E-1 3.02941E-1 2.50438E-1 1.23241E-1 1.90755E-1 4.03595E-1 2.93648E-1 2.07443E-1 1.38932E-1 2.4414E-1 1.2594E-1 9.51958E-2 8.49948E-2 1.53226E-1 4.29785E-1 5.26851E-2 2.68745E-2 1.60351E-2 1.52247E-2 5.88933E-2 1.87852E-1 2.1143E-1
-9999 -9999 -9999 -9999 1.18131E-1 2.37895E-1 2.0857E-1 2.34636E-1 3.02399E-1 3.72114E-1 5.56355E-1 1.37088E-1 5.70482E-2 1.62245E-1 3.72384E-1 2.18074E-1 1.94898E-1 2.14003E-1 1.77679E-1 6.41554E-2 4.7894E-2 9.80702E-2 5.57798E-2 7.52321E-2 8.35412E-2 6.94776E-2 1.12756E-1 1.76745E-1 2.37788E-1 3.32468E-1 5.16899E-1 4.88299E-1 9.07042E-1 7.23196E-1 3.00935E-1 2.10368E-1 1.62799E-1 2.72568E-1 4.70957E-1 3.20334E-1 1.32848E-1 2.12482E-1 4.18411E-1 2.30076E-1 1.72677E-1 1.01284E-1 1.53261E-1 1.04483E-1 9.43899E-2 7.41883E-2 1.71841E-1 2.59731E-1 4.86924E-2 2.41113E-2 1.51565E-2 4.0488E-2 1.54773E-1 1.36784E-1 1.48227E-1
-9999 -9999 -9999 -9999 3.8058E-2 9.27705E-2 2.78153E-1 2.72571E-1 6.38445E-1 8.61112E-1 9.03331E-1 4.84835E-1 2.17416E-1 1.75232E-1 3.12146E-1 1.85937E-1 1.30881E-1 1.07873E-1 5.83225E-2 4.36849E-2 8.63464E-2 1.02323E-1 1.07828E-1 1.65974E-1 1.74833E-1 2.05303E-1 2.66405E-1 4.85199E-1 3.64229E-1 5.80094E-1 7.35717E-1 4.1093E-1 5.51769E-1 2.20379E-1 1.75196E-1 1.72594E-1 2.07133E-1 3.47363E-1 5.86324E-1 3.18274E-1 1.77249E-1 1.83667E-1 2.11276E-1 1.4858E-1 1.35335E-1 1.67947E-1 1.43373E-1 1.43265E-1 1.35306E-1 1.25214E-1 3.79041E-1 1.90399E-1 2.32548E-2 2.00925E-2 4.74326E-2 1.45056E-1 2.20463E-1 2.34666E-1 1.70381E-1
-9999 -9999 -9999 -9999 4.66101E-2 5.54055E-2 2.52921E-1 5.28498E-1 7.85986E-1 9.0435E-1 8.80541E-1 5.56017E-1 4.59659E-1 1.19175E-1 7.53416E-2 6.70542E-2 9.52417E-2 6.74505E-2 6.45469E-2 6.49132E-2 6.80063E-2 9.79556E-2 1.90722E-1 2.52519E-1 2.24695E-1 2.87053E-1 7.13168E-1 9.80055E-1 7.3799E-1 8.03977E-1 5.08747E-1 2.5062E-1 2.12371E-1 1.92015E-1 1.7272E-1 1.81846E-1 3.00141E-1 3.37574E-1 3.52665E-1 2.18279E-1 1.90074E-1 1.50928E-1 1.28555E-1 1.35171E-1 1.684E-1 1.95117E-1 1.25187E-1 1.71294E-1 2.38097E-1 3.2133E-1 1.30552E-1 2.97134E-2 2.27776E-2 5.19417E-2 1.28585E-1 2.27736E-1 1.63308E-1 1.85802E-1 3.34191E-1
-9999 -9999 -9999 -9999 2.54989E-2 5.38933E-2 1.97331E-1 4.73358E-1 7.68013E-1 8.06779E-1 6.60019E-1 3.72976E-1 1.28179E-1 8.93078E-2 3.58688E-2 1.23095E-1 9.45761E-2 8.15662E-2 9.75207E-2 1.23135E-1 2.42026E-1 3.24895E-1 5.29538E-1 5.197E-1 5.11285E-1 4.66116E-1 9.59793E-1 6.8521E-1 3.29693E-1 2.76165E-1 2.44776E-1 3.22953E-1 3.07531E-1 2.59463E-1 2.19962E-1 1.94272E-1 3.48657E-1 3.53005E-1 2.70455E-1 1.83012E-1 1.62383E-1 1.19396E-1 8.96262E-2 1.35793E-1 1.10535E-1 9.44228E-2 8.89249E-2 1.2385E-1 1.58847E-1 1.20113E-1 2.49644E-2 2.72793E-2 9.75246E-2 7.94247E-2 9.28618E-2 1.33984E-1 1.38291E-1 3.28362E-1 3.84815E-1
-9999 -9999 -9999 1.60437E-2 2.25654E-2 1.76412E-1 2.83556E-1 4.02992E-1 6.52466E-1 7.15613E-1 3.28007E-1 1.62128E-1 2.29538E-1 2.51507E-1 1.47299E-1 1.71617E-1 2.30026E-1 1.58941E-1 1.18971E-1 2.8893E-1 4.77584E-1 4.39924E-1 3.57248E-1 3.5833E-1 8.1114E-1 9.84971E-1 8.82614E-1 2.75416E-1 2.54055E-1 2.9104E-1 1.92979E-1 3.36971E-1 5.2503E-1 4.0684E-1 2.59366E-1 2.18381E-1 2.49218E-1 2.38244E-1 2.6258E-1 2.34467E-1 1.24484E-1 1.42158E-1 1.00223E-1 1.24498E-1 8.53905E-2 9.04924E-2 1.55526E-1 7.5016E-2 1.67151E-1 5.04153E-2 4.97877E-2 1.28532E-1 1.06506E-1 8.39459E-2 1.2753E-1 4.32632E-1 2.51931E-1 5.49711E-1 5.94663E-1
-9999 -9999 -9999 4.65959E-2 6.46437E-2 1.13266E-1 1.8103E-1 2.75703E-1 8.1511E-1 4.4214E-1 3.11867E-1 4.83002E-1 6.26362E-1 3.51425E-1 1.49839E-1 2.23676E-1 2.51568E-1 1.91284E-1 1.92793E-1 3.13579E-1 2.22915E-1 1.96794E-1 1.721E-1 2.51472E-1 5.62676E-1 8.67324E-1 4.4381E-1 3.61796E-1 3.19018E-1 2.08116E-1 1.35656E-1 3.52824E-1 3.66718E-1 2.47458E-1 2.27553E-1 2.14238E-1 1.49802E-1 1.0052E-1 1.30301E-1 1.82692E-1 1.61457E-1 2.01461E-1 2.2531E-1 2.85471E-1 8.57264E-2 4.44034E-2 3.5729E-2 1.88645E-2 2.32593E-2 4.91113E-2 9.69786E-2 1.3474E-1 1.61197E-1 1.04924E-1 3.85013E-1 4.98626E-1 1.6185E-1 2.02542E-1 7.6065E-1
4.85416E-2 5.95101E-2 1.31637E-1 2.14669E-1 1.39613E-1 1.14944E-1 1.67301E-1 4.05236E-1 9.28783E-1 9.184E-1 9.03006E-1 9.48106E-1 9.3331E-1 8.07433E-1 4.7305E-1 3.63629E-1 2.34622E-1 2.92591E-1 2.38807E-1 2.32076E-1 2.61247E-1 2.85064E-1 2.12954E-1 2.40409E-1 5.3469E-1 4.01487E-1 3.08721E-1 3.88892E-1 2.83222E-1 9.75742E-2 7.68434E-2 1.01564E-1 1.98042E-1 1.45426E-1 1.51619E-1 1.82908E-1 1.92421E-1 1.2179E-1 1.96962E-1 2.75609E-1 2.6477E-1 2.5401E-1 1.81129E-1 1.31758E-1 4.89117E-2 3.41491E-2 2.99425E-2 2.95952E-2 7.71804E-2 9.73561E-2 7.62319E-2 1.61607E-1 2.47094E-1 2.16703E-1 4.11764E-1 1.7074E-1 1.3949E-1 2.22319E-1 2.6278E-1
-9999 1.12886E-1 1.7567E-1 2.30204E-1 2.15836E-1 1.93302E-1 2.9276E-1 4.40246E-1 6.01312E-1 9.93862E-1 9.64069E-1 4.12948E-1 8.44886E-1 9.51331E-1 4.97562E-1 2.59942E-1 2.47787E-1 2.46781E-1 4.30481E-1 3.88053E-1 2.93072E-1 2.35103E-1 3.80103E-1 5.50011E-1 2.92665E-1 2.71257E-1 3.09428E-1 3.38742E-1 2.23576E-1 1.30966E-1 8.40972E-2 6.62684E-2 1.23797E-1 1.47446E-1 1.34508E-1 1.5617E-1 2.66367E-1 2.59481E-1 3.81035E-1 2.85107E-1 2.26194E-1 2.7983E-1 7.43863E-2 4.59569E-2 5.78076E-2 5.68355E-2 1.22327E-1 6.73542E-2 5.34498E-2 9.12036E-2 1.25299E-1 2.46913E-1 5.54021E-1 4.12435E-1 2.79999E-1 1.15128E-1 9.16051E-2 9.72199E-2 1.67569E-1
-9999 -9999 2.02962E-1 2.80528E-1 3.16133E-1 3.07788E-1 6.27494E-1 6.39319E-1 3.42355E-1 8.30148E-1 4.02195E-1 7.10852E-1 9.4151E-1 5.43336E-1 2.87535E-1 2.65613E-1 2.75845E-1 2.95474E-1 6.53616E-1 7.09348E-1 3.50116E-1 3.28666E-1 5.90634E-1 2.95422E-1 6.29372E-2 2.22891E-1 2.86311E-1 2.86098E-1 6.09404E-1 8.09062E-1 5.69222E-1 3.90654E-1 4.71241E-1 5.28113E-1 1.37955E-1 1.03765E-1 1.99694E-1 4.19768E-1 4.58922E-1 3.99308E-1 1.64536E-1 1.47803E-1 6.1345E-2 7.63054E-2 2.00145E-1 1.48728E-1 2.25126E-1 2.11073E-2 2.63281E-2 4.59576E-2 1.28276E-1 4.40608E-1 3.09129E-1 2.30787E-1 3.1533E-1 1.4218E-1 8.80867E-2 8.2538E-2 9.71506E-2
-9999 -9999 -9999 4.27808E-1 4.43676E-1 4.21548E-1 8.5301E-1 6.71981E-1 3.59152E-1 4.05415E-1 1.19811E-1 3.18964E-1 9.09743E-1 8.07121E-1 5.03977E-1 3.26106E-1 2.15626E-1 2.46933E-1 3.94127E-1 6.18523E-1 5.53515E-1 5.25802E-1 2.83581E-1 1.82111E-1 3.89724E-2 7.08998E-2 1.54849E-1 3.7017E-1 6.6011E-1 8.19655E-1 9.21624E-1 9.23544E-1 7.44782E-1 5.487E-1 1.25689E-1 1.00209E-1 2.16148E-1 8.57475E-1 7.13509E-1 6.24763E-1 4.38078E-1 1.68887E-1 1.45097E-1 2.38437E-1 3.74582E-1 6.07043E-1 1.83966E-1 2.31296E-2 3.72191E-2 1.26342E-1 2.33316E-1 1.99935E-1 8.54485E-2 1.06062E-1 2.74536E-1 1.31082E-1 9.58624E-2 6.89042E-2 7.21251E-2
-9999 -9999 -9999 5.42906E-1 5.39262E-1 4.72418E-1 8.29741E-1 9.77687E-1 9.88228E-1 7.05327E-1 9.3591E-2 1.66795E-1 6.93411E-1 9.90294E-1 9.91007E-1 4.2648E-1 2.1812E-1 1.8665E-1 1.81982E-1 3.83972E-1 5.2352E-1 4.00602E-1 9.14474E-2 9.42806E-2 5.55242E-2 3.72442E-2 1.59378E-1 6.25976E-1 8.7382E-1 9.10574E-1 8.79086E-1 8.14638E-1 7.56793E-1 3.50596E-1 1.17604E-1 1.6443E-1 2.76316E-1 5.54834E-1 6.73626E-1 8.31473E-1 8.82615E-1 7.88053E-1 2.9347E-1 6.34742E-1 5.90428E-1 6.97577E-1 1.87094E-1 6.82712E-2 1.21526E-1 3.63698E-1 2.52634E-1 1.66352E-1 1.05859E-1 2.5778E-1 4.8788E-1 2.75916E-1 3.13657E-1 1.49809E-1 1.13217E-1
-9999 -9999 -9999 -9999 5.75617E-1 6.59E-1 9.97536E-1 9.99423E-1 9.93377E-1 9.26536E-1 1.2898E-1 2.33109E-1 3.44388E-1 7.15969E-1 5.11426E-1 3.15299E-1 2.4206E-1 1.72042E-1 1.62404E-1 2.25616E-1 2.77076E-1 1.96402E-1 1.08939E-1 1.15019E-1 1.39389E-1 9.687E-2 1.5864E-1 7.35599E-1 8.98816E-1 8.89474E-1 8.49079E-1 4.39233E-1 6.00847E-1 4.34009E-1 2.4526E-1 3.45333E-1 4.02951E-1 2.4648E-1 1.66331E-1 7.39343E-1 8.79317E-1 8.75515E-1 7.08467E-1 7.30609E-1 1.57877E-1 7.79913E-2 5.53564E-2 1.16785E-1 1.06657E-1 1.53321E-1 1.49041E-1 2.22083E-1 2.45079E-1 2.11672E-1 3.21152E-1 7.79343E-1 7.36993E-1 5.05429E-1 1.81056E-1
-9999 -9999 -9999 -9999 -9999 -9999 9.5E-1 9.16663E-1 9.91895E-1 5.68875E-1 4.23499E-1 8.25352E-1 8.30413E-1 5.7564E-1 4.41309E-1 2.65179E-1 1.59228E-1 1.47523E-1 1.34131E-1 2.69323E-1 2.15418E-1 2.00577E-1 1.89415E-1 9.35192E-2 1.85067E-1 3.76275E-1 1.85117E-1 6.78716E-1 8.56767E-1 9.0246E-1 9.0048E-1 6.41128E-1 3.61827E-1 1.88838E-1 1.53923E-1 4.08382E-1 3.71683E-1 8.1496E-2 2.13131E-1 3.23115E-1 1.21844E-1 2.64349E-1 4.59658E-1 3.91984E-1 1.18903E-1 4.16226E-2 6.71367E-2 1.83142E-1 9.70827E-2 8.89198E-2 1.42468E-1 9.45133E-2 3.00018E-1 6.819E-1 4.93871E-1 6.52703E-1 7.09106E-1 6.62544E-1 5.70269E-1
