Phytophthora/models/20240529_1714_25/Phytophthora_PA3_RUN1_MAXENT_outputs/projMaxent.asc
ncols         225
nrows         269
xllcorner     473009.9838
yllcorner     4429051.1748
cellsize      50.0
NODATA_value  -9999
[rows 0 to 25 of 269, columns 59 to 117 of 225]
-9999 -9999 -9999 -9999 1.23023E-4 -9999 -9999 -9999 -9999 -9999 -9999 -9999 -9999 -9999 -9999 -9999 -9999 -9999 -9999 -9999 -9999 -9999 -9999 -9999 -9999 -9999 -9999 -9999 -9999 -9999 -9999 -9999 -9999 -9999 -9999 -9999 -9999 -9999 -9999 -9999 -9999 -9999 -9999 -9999 -9999 -9999 -9999 -9999 -9999 -9999 -9999 -9999 -9999 -9999 -9999 -9999 -9999 -9999 -9999
-9999 2.62635E-4 2.60986E-4 5.88454E-4 3.99429E-4 1.88364E-4 9.8449E-5 -9999 -9999 -9999 -9999 -9999 -9999 -9999 -9999 -9999 -9999 -9999 -9999 -9999 -9999 -9999 -9999 -9999 -9999 -9999 -9999 -9999 -9999 -9999 -9999 -9999 -9999 -9999 -9999 -9999 -9999 -9999 -9999 -9999 -9999 -9999 -9999 -9999 -9999 -9999 -9999 -9999 -9999 -9999 -9999 -9999 -9999 -9999 -9999 -9999 -9999 -9999 -9999
2.44396E-4 7.20039E-4 9.29702E-4 1.06248E-3 3.67512E-4 2.50143E-4 2.28772E-4 7.60249E-4 -9999 -9999 -9999 -9999 -9999 -9999 -9999 -9999 -9999 -9999 -9999 -9999 -9999 -9999 -9999 -9999 -9999 -9999 -9999 -9999 -9999 -9999 -9999 -9999 -9999 -9999 -9999 -9999 -9999 -9999 -9999 -9999 -9999 -9999 -9999 -9999 -9999 -9999 -9999 -9999 -9999 -9999 -9999 -9999 -9999 -9999 -9999 -9999 -9999 -9999 -9999
1.70686E-3 1.72503E-3 5.20013E-4 5.18473E-4 3.28829E-4 3.32276E-4 6.89149E-4 7.38727E-4 4.24473E-4 -9999 -9999 -9999 -9999 -9999 -9999 -9999 -9999 -9999 -9999 -9999 -9999 -9999 -9999 -9999 -9999 -9999 -9999 -9999 -9999 -9999 -9999 -9999 -9999 -9999 -9999 -9999 -9999 -9999 -9999 -9999 -9999 -9999 -9999 -9999 -9999 -9999 -9999 -9999 -9999 -9999 -9999 -9999 -9999 -9999 -9999 -9999 -9999 -9999 -9999
6.13772E-4 2.69212E-4 2.12273E-4 6.55345E-4 8.46651E-4 1.13313E-3 6.76917E-4 4.39554E-4 8.13571E-4 1.53113E-3 3.60438E-3 -9999 -9999 -9999 -9999 -9999 -9999 -9999 -9999 -9999 -9999 -9999 -9999 -9999 -9999 -9999 -9999 -9999 -9999 -9999 -9999 -9999 -9999 -9999 -9999 -9999 -9999 -9999 -9999 -9999 -9999 -9999 -9999 -9999 -9999 -9999 -9999 -9999 -9999 -9999 -9999 -9999 -9999 -9999 -9999 -9999 -9999 -9999 -9999
2.19511E-4 1.98411E-4 3.23951E-4 3.82953E-4 1.12241E-3 1.4604E-3 4.91373E-4 4.55314E-4 5.8942E-4 6.65083E-4 1.14709E-3 2.00704E-3 -9999 -9999 -9999 -9999 -9999 -9999 -9999 -9999 -9999 -9999 -9999 -9999 -9999 -9999 -9999 -9999 -9999 -9999 -9999 -9999 -9999 -9999 -9999 -9999 -9999 -9999 -9999 -9999 -9999 -9999 -9999 -9999 -9999 -9999 -9999 -9999 -9999 -9999 -9999 -9999 -9999 -9999 -9999 -9999 -9999 -9999 -9999
1.80932E-3 1.03827E-3 1.04811E-4 1.00624E-4 2.43752E-4 7.11197E-4 7.57539E-4 7.30202E-4 4.38572E-4 7.00248E-4 5.01408E-4 7.21178E-4 6.71136E-4 -9999 -9999 -9999 -9999 -9999 -9999 -9999 -9999 -9999 -9999 -9999 -9999 -9999 -9999 -9999 -9999 -9999 5.29002E-2 1.1847E-2 -9999 -9999 -9999 -9999 -9999 -9999 -9999 -9999 -9999 -9999 -9999 -9999 -9999 -9999 -9999 -9999 -9999 -9999 -9999 -9999 -9999 -9999 -9999 -9999 -9999 -9999 -9999
2.77315E-4 5.87975E-5 1.00559E-4 1.80883E-4 4.21435E-4 5.5367E-4 1.43222E-3 1.593E-3 1.77876E-3 6.62424E-4 5.46889E-4 3.79712E-4 2.38428E-4 1.76949E-4 -9999 -9999 -9999 -9999 -9999 -9999 -9999 -9999 -9999 -9999 -9999 -9999 -9999 -9999 -9999 4.37605E-2 3.39174E-2 3.44804E-3 1.02362E-3 -9999 -9999 -9999 -9999 -9999 -9999 -9999 -9999 -9999 -9999 -9999 -9999 -9999 -9999 -9999 -9999 -9999 -9999 -9999 -9999 -9999 -9999 -9999 -9999 -9999 -9999
4.79403E-5 3.80311E-5 9.43033E-5 1.37449E-4 1.96276E-4 5.24778E-4 8.14974E-4 2.02254E-3 2.23287E-3 5.55359E-4 1.28472E-4 3.28439E-4 2.68316E-4 1.79933E-4 6.30323E-4 1.15004E-3 8.21094E-3 -9999 -9999 -9999 -9999 -9999 -9999 -9999 -9999 1.55937E-2 2.03976E-2 1.64653E-2 8.45008E-3 2.02089E-2 7.45257E-3 4.20418E-3 1.3026E-3 4.06189E-4 6.15651E-4 7.97675E-4 1.30159E-3 3.43027E-3 2.66752E-2 -9999 -9999 -9999 -9999 -9999 -9999 -9999 -9999 -9999 -9999 -9999 -9999 -9999 -9999 -9999 -9999 -9999 -9999 -9999 -9999
5.52412E-5 4.66781E-5 1.22115E-4 1.22269E-4 8.08079E-5 2.28916E-4 5.17666E-4 2.2617E-3 9.67735E-4 5.71707E-4 2.82492E-4 7.34731E-4 4.85746E-4 1.24525E-3 1.60006E-3 1.20132E-3 3.36638E-3 5.43853E-3 9.35986E-4 9.57831E-4 5.41929E-3 8.41975E-3 6.98303E-3 6.14773E-3 4.90165E-3 3.44537E-3 1.04763E-2 8.55926E-3 1.86566E-3 4.99625E-3 2.47501E-3 1.49367E-3 4.57977E-4 2.10839E-4 3.41045E-4 4.98103E-4 9.8221E-4 1.23275E-2 7.1208E-2 3.29096E-2 -9999 -9999 -9999 -9999 -9999 -9999 -9999 -9999 -9999 -9999 -9999 -9999 -9999 -9999 -9999 -9999 -9999 -9999 -9999
5.01843E-5 9.72979E-5 1.50526E-4 1.34613E-4 1.29704E-4 1.70937E-4 2.73668E-4 6.46174E-4 8.90525E-4 3.53973E-4 3.15786E-4 2.61128E-4 1.3816E-4 4.09082E-4 1.66131E-3 1.95456E-3 1.32421E-3 1.5727E-3 4.6368E-3 9.71631E-4 8.98832E-4 4.48316E-4 1.51616E-3 5.06209E-3 9.00381E-3 6.6182E-3 4.63845E-3 2.10338E-3 1.30621E-3 1.89715E-3 1.85042E-3 1.61569E-3 4.52042E-4 2.21807E-4 5.17339E-4 9.77412E-4 1.55866E-3 2.22069E-2 3.07183E-2 5.04258E-2 6.04756E-2 2.76802E-2 -9999 -9999 -9999 -9999 -9999 -9999 -9999 -9999 -9999 -9999 -9999 -9999 -9999 -9999 -9999 -9999 -9999
4.99273E-5 1.47052E-4 1.02315E-4 1.27412E-4 1.43652E-4 2.34064E-4 4.21796E-4 4.27278E-4 6.21614E-4 2.08306E-4 2.51751E-4 2.56326E-4 1.41022E-4 1.94051E-4 3.37552E-4 2.75025E-4 9.06086E-4 5.99628E-4 3.54416E-4 1.08739E-3 3.7072E-4 2.82103E-4 1.13876E-3 3.56979E-3 8.81043E-3 1.21147E-2 6.87901E-3 2.54237E-3 1.32508E-5 6.08308E-5 2.77831E-5 9.25217E-6 1.12868E-5 4.60303E-4 6.24519E-4 6.61117E-4 2.03978E-3 1.77781E-2 1.27915E-2 4.40585E-2 1.25405E-2 2.29605E-2 8.73568E-5 3.58108E-5 -9999 -9999 -9999 -9999 -9999 -9999 -9999 -9999 -9999 -9999 -9999 -9999 -9999 -9999 -9999
6.78966E-5 1.28663E-4 1.05406E-4 1.19815E-4 1.5173E-4 3.07098E-4 3.49238E-4 3.91726E-4 3.82263E-4 1.4202E-4 1.76486E-4 1.67138E-4 1.13533E-4 7.4572E-5 9.75174E-5 1.31009E-4 1.64829E-4 1.15399E-4 5.67665E-5 5.78954E-5 4.73755E-5 1.80542E-4 6.4409E-4 1.0897E-3 1.40157E-3 3.83742E-3 1.37839E-3 1.40161E-3 6.7559E-6 3.61256E-5 8.59723E-5 1.02645E-5 8.58994E-6 5.85081E-6 3.14721E-6 4.12416E-6 1.59959E-3 9.34274E-3 1.37872E-2 2.19916E-2 1.53838E-2 5.22053E-3 1.42708E-4 4.14254E-5 3.51405E-5 -9999 -9999 -9999 -9999 -9999 -9999 -9999 -9999 -9999 -9999 -9999 -9999 -9999 -9999
5.99581E-5 7.66119E-5 1.32902E-4 1.18951E-4 1.56759E-4 3.05882E-4 2.97393E-4 3.19616E-4 2.14387E-4 2.72543E-4 2.30519E-4 1.80566E-4 1.66247E-4 8.49451E-5 5.39145E-5 1.73785E-4 6.10699E-5 8.68745E-5 7.33312E-5 9.09983E-5 1.11021E-4 2.10927E-4 3.92873E-4 2.09767E-3 2.8681E-3 3.83922E-3 1.14101E-3 1.32869E-3 3.85485E-4 2.80836E-5 1.67972E-5 1.57339E-5 6.66863E-6 4.69293E-6 3.10382E-6 3.43733E-6 6.56391E-6 2.35874E-3 2.76207E-2 2.16848E-2 2.16443E-2 1.1171E-2 4.73974E-3 6.16419E-3 4.86099E-3 7.78179E-5 9.0497E-5 -9999 -9999 -9999 -9999 -9999 -9999 -9999 -9999 -9999 -9999 -9999 -9999
5.23843E-5 7.44869E-5 1.56985E-4 1.75617E-4 1.86039E-4 1.82909E-4 1.83859E-4 2.60879E-4 2.9561E-4 5.97645E-4 3.47011E-4 2.91705E-4 3.17244E-4 1.90359E-4 1.18435E-4 1.85768E-4 6.51534E-5 5.85343E-5 8.26418E-5 1.16213E-4 3.26243E-4 2.39362E-4 1.53455E-4 5.56298E-4 4.67089E-3 3.05112E-3 1.37379E-3 6.53166E-4 3.97507E-4 1.18001E-3 5.34236E-6 2.77629E-6 3.84955E-6 3.8856E-6 3.65784E-6 2.1332E-5 1.98318E-5 3.63464E-5 3.15801E-2 4.60236E-2 2.24425E-2 2.11583E-2 1.39792E-2 8.27156E-3 8.23703E-3 7.731E-3 1.69541E-2 5.29362E-4 1.32722E-3 -9999 -9999 -9999 -9999 -9999 -9999 -9999 -9999 -9999 -9999
5.18952E-5 7.04661E-5 1.56135E-4 3.38966E-4 2.82526E-4 2.90215E-4 3.13631E-4 2.96157E-4 3.38958E-4 3.05235E-4 2.62741E-4 3.07704E-4 5.87186E-4 3.44045E-4 3.73427E-4 3.03641E-4 9.90834E-5 8.41992E-5 9.31382E-5 1.15299E-4 1.93344E-4 2.60721E-4 2.76643E-4 3.73247E-4 8.99005E-4 2.66115E-3 1.55194E-3 1.101E-3 3.57307E-3 1.26194E-3 3.45774E-4 4.5281E-6 2.55883E-5 2.26624E-5 3.83915E-5 3.46611E-4 1.94824E-4 1.02595E-4 3.42108E-5 1.12907E-2 5.46348E-3 5.65065E-3 1.13317E-2 1.65012E-2 4.11703E-3 4.47663E-3 5.18279E-3 8.33132E-3 2.67839E-4 5.85025E-5 -9999 -9999 -9999 -9999 -9999 -9999 -9999 -9999 -9999
7.76235E-5 1.11283E-4 3.09841E-4 4.35372E-4 8.83089E-4 1.25979E-3 7.14471E-4 1.91104E-4 2.92122E-4 1.30253E-4 1.0682E-4 1.94357E-4 3.89654E-4 7.14567E-4 9.96449E-4 2.90036E-4 2.02581E-4 2.4978E-4 1.76307E-4 1.52428E-4 1.34402E-4 3.8748E-4 6.66948E-4 2.94498E-4 3.13851E-4 4.88591E-4 3.0131E-3 3.5161E-3 7.31671E-3 7.74337E-4 2.75824E-3 1.57772E-5 3.02753E-5 1.9211E-5 1.78541E-4 2.34786E-4 2.89727E-5 1.17186E-5 7.55107E-6 1.05579E-5 1.6623E-5 1.30973E-5 1.04612E-3 1.20357E-3 4.53633E-3 4.11067E-3 2.88883E-3 2.09938E-3 3.6988E-5 3.34402E-5 2.74348E-5 3.53997E-5 -9999 -9999 -9999 -9999 -9999 -9999 -9999
1.80177E-4 3.29677E-4 7.3449E-4 5.05953E-4 1.25692E-3 4.56367E-4 3.96454E-4 2.30129E-4 4.12293E-4 1.30106E-4 1.41061E-4 2.99159E-4 4.96185E-4 7.61094E-4 6.22395E-4 1.03537E-3 1.43368E-3 1.60951E-3 2.90617E-3 5.89593E-4 7.15521E-4 9.83193E-4 2.2596E-3 1.33253E-3 1.10384E-3 1.38928E-3 1.72197E-3 1.25469E-3 3.36186E-3 1.70628E-3 3.70187E-3 2.32455E-5 3.11624E-5 4.60295E-5 5.66397E-5 2.53492E-5 4.07216E-6 3.27504E-6 5.77718E-6 5.85063E-6 8.18901E-6 6.31259E-6 5.20982E-6 3.1257E-6 3.80845E-6 3.11599E-3 7.54483E-3 1.29973E-3 2.07446E-5 2.77952E-5 2.37382E-5 3.85167E-5 1.17737E-4 1.01684E-4 -9999 -9999 -9999 -9999 -9999
1.70269E-4 7.25764E-5 3.38272E-4 1.32392E-3 1.0388E-3 3.49821E-4 2.39143E-3 2.68728E-3 1.39879E-3 2.48278E-4 2.65908E-4 3.52386E-4 3.70306E-4 9.01569E-4 2.49516E-3 2.76858E-3 4.21976E-3 5.28708E-3 5.02667E-3 6.21489E-3 1.19026E-3 2.95268E-3 9.2267E-3 1.22121E-3 2.06395E-3 1.96331E-3 1.98819E-3 7.30812E-4 2.05561E-3 1.72053E-3 9.23226E-4 6.45995E-4 4.26493E-5 1.42784E-4 1.07731E-4 1.12713E-5 3.23439E-6 2.77944E-6 3.5713E-6 3.32395E-6 3.54226E-6 3.06473E-6 3.2594E-6 3.43904E-6 4.58685E-6 7.02138E-6 4.90215E-5 6.3545E-5 1.97132E-5 2.62848E-5 4.0296E-5 5.30603E-5 9.45695E-5 4.44605E-5 4.59116E-5 -9999 -9999 -9999 -9999
3.70328E-4 1.5181E-4 5.20093E-4 3.30858E-3 1.12468E-3 3.65081E-4 5.66179E-4 1.51121E-3 1.60223E-3 7.86717E-4 3.63914E-4 4.46791E-4 4.10002E-4 2.7875E-3 3.9935E-3 5.445E-3 5.5172E-3 5.84997E-3 6.18764E-3 7.06626E-3 7.72121E-3 8.17022E-3 8.63915E-3 1.02951E-2 1.52306E-3 9.84528E-4 2.90979E-3 1.55139E-3 1.3057E-3 9.89328E-4 6.06112E-4 6.25826E-4 1.60718E-5 7.13339E-5 2.13323E-5 8.4628E-6 5.93416E-6 5.08522E-6 8.00592E-6 1.05655E-5 5.32123E-6 3.23341E-6 2.89962E-6 2.957E-6 5.98901E-6 7.14469E-6 9.79905E-6 4.97343E-5 4.62372E-5 2.32788E-5 2.31238E-5 3.69435E-5 3.01927E-5 1.68681E-5 1.76429E-5 1.03115E-4 5.83398E-5 -9999 -9999
2.98293E-3 2.734E-3 3.35942E-3 3.78824E-3 4.52432E-3 6.13621E-4 4.03018E-4 3.99903E-4 6.60159E-4 9.8982E-4 6.71212E-4 5.49164E-4 1.10574E-3 1.68927E-3 2.66153E-3 3.06025E-3 4.75329E-3 6.44241E-3 1.66262E-2 1.30792E-2 7.91302E-3 8.32231E-3 8.75988E-3 9.7124E-3 1.16041E-2 8.14852E-3 1.43771E-3 6.45159E-4 1.63226E-3 5.98949E-4 1.15558E-3 6.09146E-4 3.36145E-4 1.24058E-5 8.87272E-6 5.62547E-6 3.39701E-6 2.58177E-6 2.51825E-6 7.20322E-6 5.77312E-6 3.25737E-6 3.41618E-6 7.23993E-6 1.07929E-5 6.59556E-6 7.23158E-6 7.15592E-6 4.23961E-5 6.38126E-5 3.05998E-5 3.14327E-5 3.01782E-5 3.17026E-5 2.45714E-5 3.8625E-5 4.84217E-5 2.10068E-4 1.49848E-4
1.64072E-3 1.39286E-3 1.36161E-3 1.78295E-3 9.78625E-4 9.053E-4 6.04949E-4 5.35086E-4 1.14633E-3 6.77876E-4 7.81986E-4 3.75339E-4 1.10475E-3 2.73058E-3 2.05007E-3 3.46399E-3 3.99708E-3 5.70722E-3 6.12198E-3 7.55956E-3 1.93925E-2 1.08056E-2 1.93016E-2 1.05419E-2 1.10274E-2 1.21212E-2 2.57792E-3 7.29402E-4 9.23994E-3 2.77251E-3 1.40727E-3 4.38332E-4 6.24957E-4 6.86922E-4 9.56511E-6 6.16619E-6 5.08249E-6 4.84572E-6 3.60171E-6 3.5887E-6 2.94291E-6 2.32293E-6 2.87799E-6 2.94592E-5 2.02629E-5 3.23032E-6 2.3771E-6 2.6088E-6 9.24575E-6 1.16794E-4 8.58595E-5 4.94425E-5 5.73864E-5 4.35675E-5 5.09157E-5 3.87231E-5 2.7076E-5 1.09011E-4 7.89662E-5
1.03988E-3 1.55821E-3 5.82233E-4 7.03749E-4 5.39285E-4 4.74995E-4 2.18259E-4 1.83026E-4 1.55733E-4 4.7181E-4 5.43273E-4 4.22886E-4 7.45054E-4 6.24239E-4 2.25399E-3 3.20836E-3 3.89485E-3 6.12262E-3 5.81829E-3 4.30253E-3 9.09329E-3 1.64223E-2 2.24583E-2 1.7293E-2 2.19584E-2 1.26256E-2 6.00679E-3 1.17027E-3 2.05105E-2 8.0143E-3 6.04132E-3 1.44732E-3 6.94261E-4 1.1887E-3 1.94523E-3 1.51205E-5 1.82856E-5 1.07128E-5 9.34038E-6 3.75568E-6 2.90671E-6 3.37721E-6 3.31517E-6 1.44325E-5 1.5576E-5 6.1076E-6 4.29294E-6 5.24549E-6 9.84916E-6 3.42963E-5 2.84608E-5 2.69326E-5 2.53709E-5 2.96691E-5 3.40259E-5 4.79972E-5 4.87711E-5 4.83581E-5 1.32054E-4
1.55572E-3 4.92785E-4 1.32291E-4 1.79389E-4 4.78676E-4 1.22304E-4 6.34121E-5 9.94479E-5 1.12446E-4 3.79372E-4 5.69443E-4 4.39432E-4 2.34234E-4 2.12727E-4 5.58636E-4 2.17264E-3 4.96078E-3 2.82208E-3 4.0787E-3 4.09776E-3 7.88332E-3 1.60046E-2 2.19869E-2 1.09318E-2 2.22764E-2 1.75484E-2 7.71945E-3 2.0364E-3 7.33726E-3 5.01605E-3 8.66232E-3 8.7115E-3 2.0266E-3 2.81819E-3 2.60095E-3 2.32825E-5 3.50666E-5 1.85066E-5 5.64205E-6 3.42016E-6 2.59559E-6 1.98053E-6 3.72804E-6 1.04989E-5 5.41905E-5 3.04656E-5 2.36536E-5 3.84145E-5 5.31033E-5 4.34009E-5 1.03303E-5 3.00947E-5 6.9983E-5 1.92723E-5 1.83399E-5 3.4013E-5 3.45775E-5 4.69058E-5 3.8138E-5
2.6803E-4 1.07319E-4 2.4726E-4 1.73605E-4 5.4462E-4 5.44844E-5 6.84536E-5 1.39733E-4 2.94905E-4 3.00032E-4 3.12177E-4 1.70986E-4 1.39979E-4 1.28665E-4 2.3466E-4 1.6049E-3 1.27849E-2 3.31593E-3 1.63536E-3 4.02041E-3 9.04662E-3 1.3163E-2 2.121E-2 1.14136E-2 1.28529E-2 1.30294E-2 2.43295E-3 9.3194E-4 2.03021E-3 1.81237E-3 8.05601E-3 1.13774E-2 7.58014E-3 5.99883E-3 5.51736E-3 5.23551E-3 1.23119E-4 3.54258E-5 9.51878E-6 2.18167E-6 1.57239E-6 1.68211E-6 4.09261E-6 1.35976E-5 6.23665E-5 7.03605E-5 4.38713E-5 1.81578E-5 3.39862E-5 4.23932E-5 1.84006E-5 1.40064E-5 4.58626E-5 4.84191E-5 1.77057E-5 1.73212E-5 2.10988E-5 4.31391E-5 3.73388E-5
1.57901E-4 8.56688E-5 1.10523E-4 2.53976E-4 1.28841E-3 1.17721E-4 7.74754E-5 2.67412E-4 5.92685E-4 4.32697E-4 3.12971E-4 2.95041E-4 6.33964E-4 1.6799E-3 3.11721E-4 6.16953E-4 7.49571E-3 1.92346E-3 7.10339E-4 4.79289E-3 4.08986E-3 1.22745E-2 2.33515E-2 1.27723E-2 8.4709E-3 4.99029E-3 9.50097E-4 9.62822E-4 2.43217E-3 1.06918E-2 1.31297E-2 1.03367E-2 6.52136E-3 5.81176E-3 3.45592E-3 8.05385E-3 9.51818E-3 3.12424E-3 7.96651E-6 2.09088E-6 1.33634E-6 2.07788E-6 8.99614E-6 2.08154E-5 5.81123E-5 1.08757E-4 2.20849E-5 7.57078E-6 7.14181E-6 1.32012E-5 1.08932E-5 1.04944E-5 1.49441E-5 7.21218E-5 9.08768E-5 1.93486E-5 1.69636E-5 2.62802E-5 3.68642E-5
