Phytophthora/models/20240529_1714_25/Phytophthora_PA3_RUN1_MAXENT_outputs/projMaxent.asc
ncols         225
nrows         269
xllcorner     473009.9838
yllcorner     4429051.1748
cellsize      50.0
NODATA_value  -9999
[rows 182 to 207 of 269, columns 118 to 176 of 225]
8.57304E-1 5.40835E-1 7.18864E-1 3.1251E-1 1.63034E-1 2.60071E-1 5.03919E-1 8.18555E-1 8.00154E-1 7.75539E-1 7.48422E-1 2.62142E-1 2.12537E-1 1.40878E-1 9.3151E-2 1.18937E-1 1.4025E-1 1.18303E-1 4.42513E-2 6.43806E-2 1.39483E-1 6.49806E-2 2.80632E-2 9.28649E-2 2.82301E-1 6.29303E-2 1.24448E-1 5.5017E-2 2.91502E-2 2.19432E-2 1.62305E-2 9.89582E-3 8.35308E-3 1.38069E-2 7.74605E-2 3.01268E-1 4.10804E-1 1.65183E-1 8.23977E-2 2.72745E-1 4.84171E-1 1.60464E-1 6.75039E-1 7.85847E-1 4.95762E-1 2.43083E-1 2.52581E-1 1.82602E-1 7.34809E-2 1.77506E-1 2.70145E-1 2.40609E-1 1.14396E-1 1.40424E-1 4.58439E-1 4.30589E-1 3.59489E-1 3.78576E-1 2.71827E-1
8.88884E-1 8.29735E-1 5.74624E-1 5.72094E-1 2.80558E-1 1.25609E-1 5.01876E-1 8.27598E-1 8.15847E-1 7.96819E-1 7.74868E-1 5.14707E-1 3.26773E-1 3.58757E-1 1.12824E-1 1.25395E-1 2.23652E-1 3.0898E-1 1.17412E-1 3.26782E-2 7.38251E-2 1.13273E-1 1.29825E-1 2.28736E-1 2.09062E-1 3.57631E-2 4.17354E-2 6.8551E-2 5.15409E-2 4.18851E-2 1.55449E-2 2.00044E-2 1.97325E-2 1.87109E-2 6.01026E-2 2.49501E-1 1.01051E-1 5.60614E-2 7.4648E-2 2.1842E-1 2.88451E-1 1.91726E-1 6.83839E-1 7.89651E-1 4.71143E-1 1.81212E-1 2.39614E-1 2.01377E-1 1.86112E-1 1.85093E-1 4.89426E-1 2.0849E-1 6.57303E-2 1.21585E-1 4.54324E-1 3.87129E-1 3.79975E-1 3.88759E-1 2.33802E-1
7.84523E-1 9.00981E-1 5.93529E-1 6.49776E-1 7.80257E-1 3.11779E-1 1.82823E-1 7.47323E-1 5.2587E-1 6.49388E-1 7.41041E-1 7.96791E-1 7.88365E-1 5.4642E-1 2.01878E-1 1.05914E-1 7.8676E-2 1.90126E-1 1.65284E-1 4.7985E-2 2.69676E-2 3.42136E-2 3.74508E-1 2.05984E-1 6.94288E-2 1.65345E-1 2.04359E-2 3.19009E-2 8.55348E-2 5.01903E-2 1.95441E-2 2.05687E-2 2.56232E-2 3.40222E-2 4.94976E-2 4.38479E-2 2.36456E-2 2.87737E-2 8.42159E-2 1.33752E-1 1.94676E-1 3.02322E-1 7.19174E-1 7.88304E-1 3.70701E-1 1.31263E-1 3.80441E-1 5.37103E-1 5.19691E-1 6.85234E-1 7.02002E-1 4.93099E-1 2.64045E-1 2.79899E-1 2.65573E-1 1.49703E-1 9.75371E-2 1.73837E-1 5.64204E-1
9.02217E-1 8.0737E-1 5.94957E-1 7.77739E-1 8.65603E-1 5.42528E-1 1.94044E-1 5.59259E-1 7.87234E-1 8.1842E-1 8.08535E-1 8.2512E-1 8.18293E-1 8.20811E-1 6.8329E-1 2.6226E-1 7.85183E-2 7.85345E-2 8.86258E-2 4.0122E-2 1.75634E-2 1.3925E-2 3.7701E-1 1.33857E-1 5.95213E-2 5.01667E-2 2.85773E-2 1.41249E-2 5.56108E-2 4.12898E-2 2.85638E-2 1.92754E-2 5.66281E-2 1.07564E-1 2.206E-1 2.13459E-1 9.91238E-2 1.23081E-1 2.51198E-1 3.04782E-1 2.19146E-1 6.49762E-1 9.15258E-1 8.87096E-1 6.00797E-1 1.47015E-1 3.948E-1 1.72661E-1 2.04321E-1 1.71463E-1 7.44487E-2 6.22249E-2 2.03067E-1 2.06734E-1 1.88636E-1 1.43811E-1 1.99881E-1 2.51665E-1 6.44482E-1
6.90168E-1 9.16508E-1 5.93961E-1 7.85979E-1 8.75165E-1 8.67363E-1 4.10688E-1 3.02209E-1 8.50139E-1 8.4927E-1 8.5156E-1 8.45733E-1 8.4822E-1 8.52323E-1 8.49715E-1 6.41545E-1 2.21257E-1 8.408E-2 4.10894E-2 1.41156E-2 1.35957E-2 1.0804E-1 2.90013E-1 1.66159E-1 6.72872E-2 4.00348E-2 8.77418E-2 4.45528E-2 5.18174E-2 4.3384E-2 1.99966E-2 2.5591E-2 1.0325E-1 1.09344E-1 1.39145E-1 2.59529E-1 3.9083E-1 5.77706E-1 6.96183E-1 3.70355E-1 3.18454E-1 8.51283E-1 9.70092E-1 9.67694E-1 5.79213E-1 4.93489E-2 1.58501E-1 2.62516E-1 1.32467E-1 1.07162E-1 4.91177E-2 5.23001E-2 6.87861E-2 1.27374E-1 1.476E-1 2.59988E-1 3.03155E-1 3.16494E-1 5.55477E-1
6.2117E-1 9.26067E-1 7.74451E-1 6.17541E-1 7.39884E-1 8.78361E-1 3.34556E-1 1.30596E-1 7.43613E-1 8.66251E-1 8.7067E-1 8.71372E-1 8.71953E-1 8.76674E-1 8.73071E-1 8.33902E-1 3.85808E-1 1.25595E-1 3.25624E-2 2.34575E-2 6.8376E-2 7.99002E-1 7.57182E-1 3.0023E-1 5.21259E-2 4.51505E-2 1.27678E-1 8.81381E-2 5.56584E-2 4.97777E-2 3.19428E-2 4.02313E-2 1.30282E-1 1.3134E-1 2.15777E-1 2.72174E-1 4.80674E-1 6.17146E-1 5.43717E-1 2.45947E-1 1.79707E-1 4.33966E-1 7.77443E-1 8.55601E-1 4.41589E-1 1.27855E-1 1.38285E-1 2.77611E-1 1.29567E-1 1.0281E-1 6.47657E-2 5.37718E-2 6.48165E-2 9.92944E-2 1.60507E-1 3.19064E-1 2.74057E-1 3.34365E-1 6.48836E-1
6.65755E-1 8.45066E-1 8.72168E-1 6.32513E-1 6.49358E-1 8.83118E-1 4.74041E-1 1.59207E-1 4.64837E-1 8.78862E-1 8.63428E-1 8.82596E-1 8.79972E-1 8.76318E-1 8.68439E-1 8.48577E-1 4.21272E-1 1.97239E-1 3.37475E-2 1.67678E-2 5.08168E-1 7.48995E-1 6.406E-1 5.90321E-1 2.04064E-1 3.4967E-2 3.63719E-2 5.29664E-2 3.69482E-2 3.78996E-2 3.84841E-2 4.09211E-2 1.13951E-1 1.27502E-1 1.18007E-1 2.85599E-1 4.24268E-1 3.55104E-1 2.33337E-1 1.15893E-1 1.30106E-1 3.12516E-1 4.12026E-1 9.73898E-1 4.64311E-1 1.44982E-1 1.37832E-1 1.35264E-1 9.0911E-2 7.94276E-2 6.24839E-2 8.72023E-2 1.01588E-1 1.22779E-1 2.1524E-1 3.33623E-1 2.79143E-1 2.71656E-1 4.30335E-1
6.51663E-1 4.98466E-1 8.14874E-1 7.04833E-1 8.84834E-1 8.88258E-1 8.6079E-1 5.34671E-1 2.41835E-1 7.62706E-1 8.51604E-1 8.84045E-1 8.73467E-1 8.65293E-1 8.51638E-1 8.35569E-1 4.85923E-1 1.05433E-1 2.05691E-2 6.13143E-2 5.02501E-1 3.13276E-1 1.81238E-1 2.30894E-1 2.79037E-1 2.27485E-2 1.56418E-2 4.07634E-2 6.56807E-2 7.75351E-2 9.55857E-2 1.02252E-1 2.29864E-1 2.7523E-1 9.9208E-2 2.64295E-1 1.34442E-1 1.43616E-1 1.60494E-1 1.3534E-1 1.82138E-1 2.72669E-1 5.35897E-1 9.87239E-1 7.30991E-1 8.78641E-2 7.48217E-2 1.11141E-1 9.95777E-2 1.19675E-1 8.75076E-2 1.57566E-1 1.57805E-1 1.46407E-1 2.02172E-1 2.34699E-1 2.55123E-1 2.63907E-1 3.42969E-1
9.03004E-1 8.20943E-1 9.07326E-1 7.14028E-1 6.07011E-1 7.28566E-1 8.57891E-1 7.48449E-1 4.67694E-1 6.19264E-1 8.79997E-1 8.8593E-1 8.67576E-1 7.67603E-1 5.30847E-1 3.01785E-1 1.32216E-1 2.91944E-2 4.20371E-2 1.95293E-1 1.9458E-1 9.77149E-2 1.11569E-1 1.9381E-1 1.55556E-1 1.59365E-2 2.91749E-2 1.26417E-1 2.42272E-1 2.84056E-1 2.05123E-1 2.39811E-1 4.13874E-1 3.20911E-1 1.23241E-1 2.18867E-1 1.19431E-1 1.23864E-1 1.26248E-1 8.55251E-2 1.76396E-1 2.57791E-1 5.49587E-1 9.16395E-1 8.51699E-1 4.40114E-1 1.09608E-1 9.67392E-2 6.18008E-2 1.20884E-1 1.08289E-1 1.48811E-1 1.74314E-1 2.01036E-1 1.63267E-1 2.43287E-1 2.08225E-1 2.55362E-1 1.76961E-1
9.00879E-1 6.20461E-1 4.69066E-1 9.06885E-1 6.4466E-1 6.70317E-1 8.24138E-1 9.0009E-1 6.25034E-1 4.97391E-1 8.10517E-1 7.58961E-1 7.64713E-1 2.22897E-1 1.31003E-1 1.76473E-1 9.11073E-2 9.95305E-2 1.84634E-1 2.93882E-1 9.43657E-2 7.46498E-2 8.31485E-2 2.42109E-1 2.8486E-1 2.3943E-2 4.99724E-2 1.60479E-1 2.02146E-1 1.86509E-1 2.46872E-1 2.57229E-1 3.71621E-1 3.06175E-1 8.89394E-2 1.49166E-1 1.81676E-1 1.53585E-1 1.39637E-1 1.0613E-1 1.47728E-1 2.9289E-1 8.07386E-1 8.30518E-1 8.56055E-1 8.2452E-1 4.26073E-1 4.17669E-2 1.43948E-2 1.55856E-2 1.32331E-2 5.49846E-2 1.2564E-1 1.52134E-1 1.01516E-1 2.28679E-1 4.43077E-1 4.28419E-1 3.57273E-1
8.99424E-1 5.77644E-1 3.36636E-1 8.72472E-1 7.56846E-1 3.88957E-1 7.32935E-1 7.92773E-1 7.10326E-1 5.00444E-1 5.74776E-1 4.97561E-1 2.34381E-1 1.28562E-1 2.1029E-1 6.03487E-2 7.41108E-2 4.51334E-2 3.38783E-2 3.37158E-1 3.17778E-1 1.31403E-1 7.8735E-2 1.69706E-1 2.51313E-1 7.25328E-2 4.79261E-2 2.04265E-1 2.03265E-1 2.00399E-1 2.09456E-1 2.64306E-1 4.37983E-1 2.82353E-1 7.15027E-2 9.45916E-2 1.4507E-1 1.6653E-1 1.83783E-1 1.44547E-1 1.74843E-1 3.63521E-1 8.12567E-1 8.2822E-1 8.4816E-1 8.47971E-1 6.5722E-1 2.9953E-1 7.70902E-2 7.31636E-2 3.71596E-2 2.11728E-2 2.67919E-2 2.82037E-2 4.45875E-2 9.77533E-2 9.30755E-1 9.71843E-1 6.44472E-1
9.06308E-1 5.72963E-1 2.53396E-1 7.73642E-1 9.1423E-1 3.1201E-1 6.02512E-1 8.0671E-1 7.76308E-1 7.44673E-1 3.65416E-1 2.839E-1 3.36682E-1 1.38076E-1 1.05467E-1 6.75088E-2 5.86015E-2 1.21015E-1 2.62733E-2 1.66417E-1 2.42298E-1 5.89852E-2 4.63883E-2 9.98362E-2 1.17524E-1 4.1175E-2 5.7331E-2 2.50753E-1 3.97808E-1 3.07043E-1 2.10641E-1 1.89892E-1 2.13635E-1 1.54236E-1 9.18087E-2 1.36453E-1 1.54165E-1 1.7319E-1 1.76507E-1 1.22063E-1 1.67174E-1 5.26163E-1 8.0116E-1 8.20958E-1 8.34626E-1 8.41511E-1 6.41623E-1 3.706E-1 3.25228E-1 3.26608E-1 1.78672E-1 1.71506E-1 1.13786E-1 1.34265E-1 1.01071E-1 9.41599E-2 9.26705E-1 6.44199E-1 1.69223E-1
8.81079E-1 5.62025E-1 2.97225E-1 5.13955E-1 9.12324E-1 7.39528E-1 3.15125E-1 8.26498E-1 9.06432E-1 8.66107E-1 7.14171E-1 4.08314E-1 1.93755E-1 2.22992E-1 2.71085E-1 1.42654E-1 1.26345E-1 1.24425E-1 6.75651E-2 1.12534E-1 1.01649E-1 2.17828E-2 3.367E-2 1.31168E-1 7.53539E-2 4.17129E-2 9.0811E-2 2.20388E-1 2.86616E-1 4.10774E-1 3.0512E-1 1.87879E-1 1.35242E-1 9.44881E-2 1.14796E-1 1.90639E-1 2.67004E-1 2.23801E-1 1.89093E-1 9.60732E-2 1.2125E-1 7.87041E-1 8.02841E-1 8.38092E-1 8.52375E-1 6.42439E-1 4.64445E-1 3.43913E-1 2.90469E-1 2.93027E-1 4.03158E-1 5.1362E-1 4.88714E-1 2.11172E-1 6.21856E-2 5.47887E-2 6.82481E-1 7.87534E-1 3.08142E-1
6.64502E-1 6.01749E-1 4.65394E-1 2.38365E-1 7.41317E-1 8.95389E-1 2.29578E-1 9.02946E-1 8.82743E-1 7.97683E-1 5.55325E-1 2.5657E-1 2.91584E-1 3.65851E-1 3.40848E-1 1.96917E-1 1.64253E-1 1.306E-1 1.07727E-1 1.10706E-1 9.13397E-2 7.14774E-2 4.86655E-2 1.12674E-1 1.60006E-1 1.11083E-1 1.19687E-1 1.84576E-1 2.69287E-1 3.16647E-1 3.29129E-1 2.31095E-1 1.52122E-1 8.06144E-2 1.58235E-1 3.42964E-1 3.48408E-1 2.96828E-1 1.828E-1 1.4986E-1 1.42351E-1 6.62503E-1 8.12222E-1 7.50201E-1 4.68249E-1 4.1558E-1 3.51657E-1 3.77018E-1 3.47553E-1 6.29817E-1 4.32965E-1 2.3395E-1 1.85343E-1 1.70314E-1 1.91888E-1 1.42469E-1 3.75076E-1 6.4064E-1 2.27698E-1
4.39935E-1 9.11925E-1 6.59959E-1 3.31751E-1 3.41788E-1 9.35075E-1 4.47471E-1 6.53006E-1 9.82231E-1 6.00142E-1 3.45809E-1 6.81248E-2 8.08715E-2 1.42372E-1 1.67913E-1 1.73787E-1 1.3921E-1 3.13895E-1 1.23311E-1 4.00912E-2 6.019E-2 1.91776E-1 2.58744E-1 2.64412E-1 3.21686E-1 1.3015E-1 7.97798E-2 2.84216E-1 3.04072E-1 2.99695E-1 2.85311E-1 2.35376E-1 1.47023E-1 9.1156E-2 1.6458E-1 4.05844E-1 5.2877E-1 4.75908E-1 4.41937E-1 4.76915E-1 2.80215E-1 4.27172E-1 8.02027E-1 8.23611E-1 5.26911E-1 4.27357E-1 5.43992E-1 5.50959E-1 4.53993E-1 3.84458E-1 1.82838E-1 1.99648E-1 3.57903E-1 3.31912E-1 3.3732E-1 3.08139E-1 4.30932E-1 2.3727E-1 1.78803E-1
1.71508E-1 4.30181E-1 7.46131E-1 5.36856E-1 3.47866E-1 7.68098E-1 8.88143E-1 7.34218E-1 9.5968E-1 7.34847E-1 6.56193E-1 1.72288E-1 1.45476E-1 2.28247E-1 1.63417E-1 1.76692E-1 6.36122E-2 1.39726E-1 1.54048E-1 1.12557E-1 1.61369E-1 1.62159E-1 2.36537E-1 3.50604E-1 3.89993E-1 1.70479E-1 1.02085E-1 2.8493E-1 3.26551E-1 3.49274E-1 2.77811E-1 3.20671E-1 1.65852E-1 1.17986E-1 3.66897E-1 3.54322E-1 2.39333E-1 1.80275E-1 2.25945E-1 3.85643E-1 5.49336E-1 6.50263E-1 9.76964E-1 8.03772E-1 7.29807E-1 6.24973E-1 6.47116E-1 6.46284E-1 4.25801E-1 2.27066E-1 3.12613E-1 3.71011E-1 4.16236E-1 1.8094E-1 1.45941E-1 2.81673E-1 2.46885E-1 4.74371E-2 6.89598E-2
3.11275E-1 3.95485E-1 2.2517E-1 2.49637E-1 6.62223E-1 8.27022E-1 7.9792E-1 7.78033E-1 4.2788E-1 5.19E-1 4.46401E-1 1.9385E-1 1.60994E-1 2.05577E-1 2.11646E-1 1.4766E-1 4.09971E-2 2.39187E-2 6.44615E-2 4.81953E-2 6.15103E-2 5.01092E-2 7.31517E-2 8.00549E-2 1.78615E-1 2.24684E-1 2.13224E-1 3.36401E-1 4.68161E-1 3.71106E-1 3.63342E-1 3.35899E-1 3.64002E-1 4.51801E-1 4.29079E-1 2.47921E-1 3.09863E-1 2.10526E-1 2.02143E-1 2.10494E-1 2.30659E-1 3.39148E-1 9.04788E-1 9.14531E-1 6.8154E-1 3.69179E-1 3.44012E-1 7.54409E-1 5.61029E-1 3.02542E-1 4.02574E-1 3.81124E-1 1.91401E-1 1.633E-1 1.11238E-1 8.80129E-2 3.90362E-2 5.03611E-2 1.06949E-1
7.03409E-1 6.58506E-1 5.12924E-1 2.83375E-1 1.31025E-1 2.42333E-1 1.08606E-1 5.69175E-2 9.25888E-2 8.99015E-2 4.18851E-1 1.59449E-1 1.96628E-1 2.90804E-1 1.87737E-1 7.81046E-2 3.52566E-2 1.94733E-2 3.56443E-2 4.27772E-2 6.08489E-2 6.98016E-2 1.6029E-1 1.43329E-1 1.70257E-1 2.71962E-1 3.98896E-1 4.52476E-1 4.28984E-1 2.79993E-1 5.36557E-1 7.5156E-1 5.35589E-1 2.00861E-1 3.95704E-1 2.69439E-1 3.33327E-1 3.58907E-1 2.40021E-1 1.95007E-1 3.76671E-1 3.85261E-1 3.12964E-1 7.49603E-1 4.98719E-1 2.66156E-1 2.85333E-1 4.45523E-1 2.82607E-1 2.09776E-1 2.70238E-1 2.27454E-1 1.67886E-1 1.18731E-1 9.91146E-2 5.27904E-2 6.04499E-2 1.4915E-1 2.18275E-1
7.29535E-1 6.99113E-1 4.96518E-1 2.82247E-1 1.54471E-1 4.06554E-2 1.3079E-2 1.8549E-2 4.71945E-2 1.47953E-1 4.20406E-1 1.72558E-1 1.43372E-1 2.89111E-1 2.05453E-1 8.55873E-2 3.78965E-2 4.91919E-2 8.29706E-2 1.06681E-1 1.58048E-1 1.55272E-1 2.08161E-1 3.10255E-1 2.82266E-1 2.42056E-1 4.53239E-1 4.81726E-1 4.77802E-1 8.56813E-1 5.88416E-1 2.84638E-1 1.20714E-1 1.21527E-1 1.96017E-1 1.27591E-1 1.26698E-1 1.83638E-1 3.92439E-1 4.49377E-1 2.09103E-1 2.71341E-1 2.14596E-1 3.10308E-1 2.04046E-1 1.85671E-1 2.23527E-1 2.9811E-1 2.32766E-1 2.77355E-1 1.77757E-1 1.90041E-1 2.12387E-1 1.23687E-1 1.0391E-1 9.79601E-2 3.62171E-2 6.98137E-2 2.41581E-1
7.32489E-1 7.22478E-1 6.06415E-1 2.80194E-1 1.15968E-1 1.28895E-1 1.42259E-1 4.05493E-1 6.10667E-1 7.39488E-1 4.95447E-1 3.06001E-1 2.73614E-1 2.3684E-1 1.48437E-1 7.20076E-2 4.16745E-2 4.18137E-2 1.00146E-1 1.04353E-1 1.38617E-1 1.49239E-1 1.42264E-1 1.75561E-1 3.16352E-1 4.26429E-1 5.09285E-1 5.24138E-1 6.26965E-1 8.55679E-1 2.2084E-1 2.53994E-1 1.37706E-1 7.21138E-2 1.41175E-1 1.13668E-1 1.23021E-1 1.61557E-1 1.97337E-1 4.92726E-1 2.77182E-1 1.36381E-1 2.08389E-1 2.46499E-1 1.27069E-1 1.55457E-1 1.9913E-1 2.82331E-1 3.40091E-1 1.84659E-1 1.25854E-1 1.17704E-1 1.61722E-1 1.59952E-1 9.30395E-2 1.5522E-1 9.81649E-2 2.90039E-2 1.25183E-1
7.07549E-1 7.01277E-1 7.19474E-1 3.51602E-1 1.06361E-1 4.68546E-1 4.79307E-1 5.9496E-1 5.57774E-1 5.75968E-1 4.26301E-1 3.70722E-1 2.75823E-1 2.61694E-1 2.68678E-1 1.5128E-1 8.00145E-2 6.13973E-2 1.73988E-1 1.87106E-1 9.80157E-2 1.79116E-1 1.43087E-1 2.14477E-1 3.41017E-1 4.26239E-1 6.58915E-1 6.12181E-1 6.03436E-1 2.99815E-1 2.48748E-1 3.42589E-1 1.83099E-1 7.31169E-2 8.28276E-2 1.38275E-1 1.32517E-1 1.59477E-1 2.37983E-1 3.60763E-1 1.99911E-1 1.94698E-1 1.7077E-1 1.8109E-1 1.21728E-1 1.58173E-1 3.17913E-1 4.10309E-1 4.79903E-1 5.22271E-1 3.31761E-1 2.40024E-1 5.36097E-1 6.01867E-1 1.30443E-1 2.34994E-1 2.23898E-1 4.9376E-2 3.34393E-2
7.21602E-1 7.55777E-1 6.85893E-1 3.26574E-1 1.22987E-1 7.29112E-2 1.07493E-1 3.42337E-1 1.28419E-1 4.09929E-1 6.36179E-1 4.83532E-1 1.37102E-1 9.71514E-2 1.43338E-1 1.05967E-1 7.70491E-2 6.36408E-2 7.38437E-2 6.81099E-2 9.56904E-2 1.47073E-1 1.95878E-1 6.34877E-1 5.53594E-1 7.40348E-1 7.24338E-1 6.55905E-1 5.08708E-1 2.36845E-1 2.33452E-1 2.42445E-1 1.44287E-1 6.49478E-2 8.79176E-2 1.39112E-1 1.06724E-1 2.6374E-1 2.36346E-1 1.94646E-1 1.73295E-1 2.03529E-1 2.15975E-1 2.66481E-1 1.33086E-1 2.67658E-1 6.66739E-1 7.65091E-1 6.8308E-1 5.30618E-1 5.33032E-1 4.90072E-1 5.82082E-1 6.70416E-1 2.65628E-1 3.08871E-1 2.63753E-1 4.52503E-2 2.66595E-2
8.44326E-1 8.4517E-1 6.22323E-1 1.0937E-1 6.74964E-1 3.65099E-1 2.10853E-1 3.33249E-1 2.75435E-1 3.0101E-1 7.12984E-1 6.86638E-1 1.8007E-1 5.93187E-2 1.28114E-1 1.0397E-1 8.84957E-2 7.46878E-2 3.56716E-2 5.79835E-2 1.01748E-1 1.85749E-1 4.47717E-1 7.09651E-1 6.92412E-1 6.59893E-1 4.74217E-1 5.74161E-1 4.90721E-1 2.4225E-1 1.80737E-1 1.97107E-1 7.44315E-2 7.32116E-2 8.59808E-2 1.00962E-1 8.30846E-2 2.39851E-1 1.03341E-1 1.27838E-1 1.17008E-1 1.99707E-1 2.1787E-1 3.98391E-1 3.14661E-1 3.955E-1 5.41232E-1 5.13213E-1 8.42855E-1 7.78844E-1 8.05469E-1 7.00074E-1 7.03734E-1 6.63783E-1 2.38369E-1 1.42654E-1 1.72445E-1 3.50597E-2 3.13188E-2
8.68753E-1 6.61079E-1 1.69253E-1 1.04392E-1 8.01367E-1 4.31048E-1 1.79285E-1 4.72168E-1 5.96838E-1 8.8383E-2 5.98567E-1 9.34427E-1 8.59685E-1 5.65941E-1 5.13994E-1 2.36512E-1 1.77986E-1 9.03167E-2 2.80258E-2 1.15382E-1 1.42617E-1 3.97835E-1 4.63381E-1 6.75214E-1 6.04055E-1 6.69197E-1 6.30804E-1 5.16789E-1 4.46187E-1 2.42061E-1 1.96296E-1 1.24542E-1 6.79222E-2 8.42703E-2 8.96528E-2 9.03768E-2 1.05029E-1 2.02426E-1 9.9547E-2 1.47385E-1 9.19157E-2 1.53723E-1 4.07551E-1 8.80399E-1 7.07239E-1 4.14175E-1 3.9489E-1 3.83198E-1 3.73466E-1 6.3564E-1 6.6687E-1 8.55936E-1 9.71293E-1 9.52704E-1 1.98742E-1 9.44712E-2 7.97798E-2 1.92164E-2 7.08806E-2
1.27137E-1 6.20893E-2 9.08217E-2 3.50709E-1 3.44485E-1 2.67626E-1 2.47871E-1 6.88004E-1 5.33874E-1 1.38343E-1 1.9545E-1 7.46515E-1 8.65703E-1 8.60322E-1 8.48364E-1 4.98878E-1 3.24801E-1 2.38661E-1 1.01916E-1 1.07308E-1 1.23928E-1 6.13331E-1 7.02597E-1 6.81531E-1 6.33225E-1 6.13699E-1 6.11015E-1 4.41439E-1 2.70625E-1 2.26759E-1 1.30617E-1 9.72033E-2 7.3312E-2 7.41714E-2 6.74624E-2 8.84003E-2 1.73029E-1 1.71513E-1 2.54324E-1 3.38758E-1 2.37536E-1 1.85916E-1 3.48242E-1 6.28192E-1 3.11214E-1 1.77107E-1 3.18782E-1 3.85114E-1 6.41434E-1 7.36149E-1 5.32313E-1 5.23457E-1 6.85531E-1 7.16401E-1 1.57667E-1 2.48065E-2 1.99049E-2 3.94022E-2 8.66598E-2
2.51707E-1 1.07239E-1 3.02995E-1 3.32282E-1 1.66153E-1 2.76793E-1 3.09957E-1 3.65549E-1 3.03073E-1 2.84064E-1 1.00959E-1 3.67726E-1 8.66084E-1 8.62944E-1 7.62886E-1 8.47669E-1 8.33663E-1 7.02849E-1 1.53486E-1 1.35097E-1 1.99668E-1 5.09443E-1 7.53774E-1 7.13043E-1 6.61381E-1 6.1413E-1 5.72235E-1 4.20078E-1 3.15196E-1 1.58231E-1 1.23902E-1 1.18994E-1 6.34473E-2 7.15136E-2 5.8812E-2 9.19852E-2 3.12473E-1 3.6913E-1 2.76181E-1 2.44017E-1 2.38959E-1 2.78529E-1 4.0418E-1 3.21312E-1 5.3373E-1 1.70159E-1 2.86141E-1 3.68599E-1 5.13736E-1 6.15639E-1 2.5227E-1 1.61799E-1 3.16316E-1 4.56292E-1 1.3511E-1 1.40378E-2 1.35571E-2 1.982E-2 3.35701E-2
