Phytophthora/models/20240506_1445_31/Phytophthora_PA3_RUN3_MAXENT_outputs/Phytophthora_PA3_RUN3.asc
ncols         225
nrows         269
xllcorner     473009.9838
yllcorner     4429051.1748
cellsize      50.0
NODATA_value  -9999
[rows 104 to 129 of 269, columns 0 to 59 of 225]
-9999 -9999 -9999 -9999 -9999 -9999 -9999 -9999 -9999 -9999 -9999 1.15043E-2 2.41439E-2 2.26117E-2 2.45127E-2 3.32222E-2 4.42136E-2 4.55127E-2 4.85646E-2 4.91977E-2 4.44007E-2 3.98335E-2 4.1396E-2 4.51069E-2 4.93662E-2 5.27714E-2 4.17772E-2 3.68602E-2 3.87158E-2 4.07335E-2 2.44037E-2 4.91726E-2 5.1698E-2 4.56012E-2 3.77001E-2 3.4835E-2 4.05533E-2 4.24313E-2 3.6384E-2 4.21761E-2 4.38664E-2 3.79068E-2 3.38755E-2 4.02148E-2 3.54871E-2 2.80285E-2 9.07045E-3 3.84808E-2 4.23794E-2 3.15444E-2 2.50775E-2 2.20492E-2 1.81761E-2 2.10559E-2 4.09451E-2 5.04862E-2 4.41895E-2 4.85059E-2 5.53372E-2 6.13059E-2
-9999 -9999 -9999 -9999 -9999 -9999 -9999 -9999 -9999 -9999 -9999 1.21794E-2 3.30853E-2 3.24294E-2 3.70426E-2 4.75956E-2 5.02515E-2 5.11584E-2 4.47255E-2 3.72599E-2 4.02776E-2 4.77667E-2 4.99908E-2 5.96367E-2 5.08358E-2 4.80117E-2 3.93912E-2 3.95915E-2 4.34641E-2 4.67127E-2 5.26707E-2 5.6469E-2 5.34292E-2 3.90183E-2 3.2903E-2 3.25404E-2 4.44923E-2 4.55875E-2 3.87936E-2 4.0113E-2 4.10562E-2 3.63777E-2 3.0782E-2 3.85243E-2 3.55321E-2 3.3665E-2 2.60225E-2 2.28309E-2 2.83046E-2 4.07683E-2 3.2856E-2 2.91795E-2 2.47075E-2 3.20605E-2 3.47687E-2 3.66469E-2 3.55502E-2 4.37134E-2 4.98263E-2 5.22197E-2
-9999 -9999 -9999 -9999 -9999 -9999 -9999 -9999 -9999 -9999 2.37635E-2 1.67541E-2 3.9851E-2 4.18565E-2 4.98259E-2 4.93087E-2 4.90718E-2 4.15792E-2 3.57386E-2 3.57253E-2 4.58427E-2 5.55678E-2 6.44728E-2 1.99202E-2 5.35789E-2 4.20687E-2 2.15493E-2 4.1132E-2 4.50819E-2 4.96986E-2 5.48909E-2 5.23796E-2 4.52648E-2 3.56212E-2 3.50023E-2 3.82299E-2 4.79223E-2 4.4759E-2 3.45301E-2 3.97723E-2 3.97836E-2 3.7905E-2 3.48781E-2 3.76621E-2 3.72207E-2 3.45364E-2 2.77761E-2 2.55739E-2 1.56451E-2 4.36036E-2 4.31483E-2 3.85556E-2 3.42868E-2 4.58777E-2 4.28284E-2 2.62906E-2 2.91885E-2 4.65457E-2 5.90604E-2 7.33308E-2
-9999 -9999 -9999 -9999 -9999 -9999 -9999 -9999 -9999 -9999 3.80746E-2 2.52881E-2 4.56732E-2 5.1543E-2 5.2281E-2 5.03758E-2 4.08677E-2 3.20445E-2 3.04729E-2 3.80079E-2 5.09798E-2 5.90276E-2 5.14763E-2 5.00588E-2 4.42977E-2 4.28244E-2 4.18022E-2 4.18989E-2 4.81575E-2 4.79915E-2 4.41699E-2 4.2114E-2 3.88259E-2 3.81527E-2 4.14223E-2 4.57046E-2 5.09751E-2 4.73168E-2 2.49583E-2 4.00804E-2 3.92264E-2 3.86987E-2 4.01941E-2 4.50325E-2 4.92606E-2 4.35095E-2 3.88175E-2 3.47936E-2 3.40522E-2 5.36934E-2 5.02381E-2 4.9853E-2 5.06871E-2 5.60015E-2 5.28188E-2 3.17799E-2 3.28694E-2 5.7043E-2 7.41838E-2 8.21373E-2
-9999 -9999 -9999 -9999 -9999 -9999 -9999 -9999 -9999 -9999 3.65003E-2 2.78681E-2 6.13E-2 7.01382E-2 6.91933E-2 5.40726E-2 4.16649E-2 3.36642E-2 4.27601E-2 5.38318E-2 6.651E-2 6.52144E-2 2.33591E-2 5.94594E-2 4.9759E-2 4.91275E-2 5.03585E-2 4.99411E-2 5.20114E-2 4.67759E-2 4.13849E-2 5.07076E-2 5.85568E-2 6.05641E-2 6.31191E-2 6.72282E-2 6.69014E-2 6.34237E-2 3.11142E-2 2.91271E-2 4.5538E-2 3.70756E-2 4.07662E-2 4.79929E-2 5.56992E-2 6.08759E-2 5.69216E-2 4.64396E-2 1.84823E-2 5.73789E-2 5.63239E-2 5.70381E-2 7.04991E-2 6.60286E-2 5.26758E-2 3.51992E-2 3.74672E-2 6.51729E-2 7.67189E-2 6.14222E-2
-9999 -9999 -9999 -9999 -9999 -9999 -9999 -9999 -9999 5.62629E-2 4.13048E-2 3.69721E-2 9.68402E-2 9.4898E-2 8.71889E-2 6.38184E-2 4.54168E-2 4.8937E-2 6.03713E-2 7.02839E-2 8.38141E-2 3.87547E-2 7.08305E-2 6.45445E-2 6.28422E-2 6.22027E-2 5.76819E-2 5.07886E-2 5.05126E-2 4.60781E-2 5.74355E-2 7.41171E-2 8.98075E-2 8.85435E-2 8.98636E-2 9.06969E-2 8.78176E-2 8.37279E-2 7.47249E-2 6.79774E-2 3.28634E-2 4.22071E-2 1.93056E-2 2.96023E-2 5.35945E-2 6.17945E-2 6.59321E-2 5.70478E-2 4.55687E-2 6.32618E-2 5.2799E-2 6.20323E-2 7.32292E-2 7.49724E-2 5.93287E-2 4.95859E-2 5.17086E-2 6.22553E-2 5.54295E-2 4.98413E-2
-9999 -9999 -9999 -9999 -9999 -9999 -9999 7.90358E-2 4.83959E-2 5.13998E-2 4.30035E-2 6.4409E-2 7.92728E-2 1.19493E-1 1.05111E-1 7.60082E-2 6.49844E-2 7.3318E-2 8.55547E-2 1.01443E-1 6.07741E-2 7.11527E-2 7.72348E-2 6.9318E-2 6.59982E-2 6.17727E-2 5.97063E-2 6.13695E-2 7.1463E-2 7.38567E-2 8.28357E-2 1.05892E-1 1.13393E-1 1.12965E-1 1.17429E-1 8.45482E-2 1.14869E-1 1.08751E-1 9.39856E-2 8.36168E-2 5.07308E-2 3.27773E-2 4.67868E-2 5.34505E-2 2.82131E-2 5.5419E-2 6.83643E-2 6.2193E-2 6.17977E-2 7.05383E-2 6.57896E-2 5.41589E-2 7.56565E-2 7.98516E-2 7.02038E-2 6.37996E-2 5.44674E-2 5.00539E-2 4.67294E-2 4.65732E-2
-9999 -9999 -9999 -9999 -9999 -9999 -9999 6.10424E-2 4.06532E-2 4.29673E-2 6.51202E-2 8.2227E-2 1.57778E-1 1.41943E-1 1.17814E-1 8.05348E-2 8.80807E-2 1.06819E-1 1.10921E-1 1.06372E-1 6.94875E-2 8.80274E-2 8.31227E-2 7.89296E-2 8.20026E-2 8.2936E-2 8.59675E-2 9.08608E-2 1.08314E-1 1.09599E-1 1.11748E-1 1.37009E-1 1.42992E-1 9.69359E-2 1.55893E-1 1.59887E-1 1.50415E-1 1.36403E-1 1.0835E-1 1.03616E-1 8.81702E-2 5.21116E-2 5.81551E-2 6.17482E-2 6.3039E-2 6.00364E-2 6.49595E-2 6.04122E-2 5.47276E-2 6.07253E-2 7.32461E-2 6.95787E-2 7.79138E-2 8.15492E-2 7.89106E-2 6.55571E-2 4.86855E-2 4.40655E-2 4.88805E-2 5.69714E-2
-9999 -9999 -9999 -9999 -9999 -9999 -9999 1.45847E-1 1.34684E-1 1.34818E-1 1.50571E-1 1.80625E-1 1.98733E-1 1.67062E-1 1.26273E-1 9.97859E-2 1.16003E-1 1.33787E-1 1.44228E-1 4.18769E-2 1.04515E-1 9.15679E-2 9.37381E-2 1.00218E-1 1.09547E-1 1.1236E-1 1.17622E-1 1.19823E-1 1.37687E-1 1.4244E-1 1.57505E-1 1.66778E-1 1.78453E-1 1.80982E-1 2.03242E-1 2.04059E-1 1.9615E-1 1.81591E-1 1.48639E-1 1.27496E-1 1.08198E-1 8.50018E-2 7.10942E-2 6.46053E-2 6.8655E-2 6.4442E-2 6.30402E-2 6.49775E-2 6.77776E-2 6.01164E-2 7.74884E-2 7.4734E-2 8.12087E-2 8.32136E-2 7.86783E-2 6.67561E-2 4.53737E-2 4.63489E-2 5.15474E-2 5.76992E-2
-9999 -9999 -9999 -9999 -9999 -9999 -9999 1.46303E-1 1.4612E-1 1.41984E-1 8.79901E-2 1.87002E-1 1.93811E-1 1.54739E-1 1.18823E-1 1.10975E-1 1.26054E-1 1.66658E-1 6.20072E-2 1.072E-1 1.0198E-1 9.6248E-2 1.06698E-1 1.10951E-1 1.08232E-1 1.15828E-1 1.34338E-1 8.42547E-2 9.11998E-2 1.44652E-1 1.61934E-1 1.6935E-1 1.15111E-1 1.86389E-1 1.99643E-1 2.0681E-1 1.91197E-1 1.77784E-1 1.45815E-1 1.34387E-1 1.21132E-1 9.87511E-2 8.44735E-2 8.53225E-2 8.69852E-2 6.41119E-2 7.97029E-2 7.94952E-2 9.22507E-2 4.00933E-2 9.72734E-2 9.87292E-2 9.6955E-2 1.01808E-1 1.00577E-1 8.02032E-2 6.03958E-2 6.10022E-2 6.64507E-2 7.53099E-2
-9999 -9999 -9999 -9999 -9999 -9999 1.01076E-1 1.25279E-1 1.33364E-1 1.41866E-1 1.67889E-1 1.94728E-1 1.80907E-1 1.32E-1 1.17081E-1 1.38365E-1 1.59545E-1 5.17043E-2 8.07206E-2 1.00557E-1 9.95331E-2 1.07926E-1 1.20723E-1 6.66082E-2 1.41767E-1 1.44321E-1 1.47542E-1 1.41604E-1 1.52045E-1 1.5449E-1 1.65074E-1 1.71522E-1 1.82099E-1 1.95783E-1 2.03421E-1 2.08487E-1 1.95202E-1 1.76437E-1 1.12582E-1 8.91131E-2 8.85773E-2 1.13937E-1 9.95573E-2 1.05436E-1 1.10788E-1 1.03421E-1 1.0194E-1 1.0307E-1 1.19825E-1 1.08033E-1 1.2162E-1 1.19277E-1 8.08902E-2 1.25172E-1 1.31788E-1 1.00528E-1 7.82393E-2 8.31918E-2 9.99726E-2 1.13073E-1
-9999 -9999 -9999 -9999 -9999 -9999 1.02447E-1 1.08636E-1 1.20924E-1 8.15094E-2 1.7066E-1 1.91084E-1 1.63488E-1 1.15624E-1 1.11103E-1 1.50034E-1 1.06727E-1 1.15972E-1 1.00511E-1 1.01794E-1 1.11181E-1 1.21371E-1 1.27622E-1 1.48271E-1 1.49188E-1 1.61063E-1 1.57707E-1 1.48843E-1 1.6048E-1 1.64771E-1 1.71472E-1 1.75029E-1 1.84043E-1 1.92571E-1 1.92664E-1 1.98461E-1 1.82976E-1 1.62672E-1 1.30753E-1 1.46784E-1 1.51075E-1 1.33451E-1 1.20063E-1 1.29502E-1 1.37959E-1 1.29518E-1 1.30076E-1 1.40252E-1 1.50736E-1 1.43225E-1 1.46971E-1 1.41738E-1 1.40374E-1 1.4359E-1 1.43675E-1 1.18094E-1 9.87982E-2 9.82009E-2 1.04332E-1 1.21692E-1
-9999 -9999 -9999 -9999 -9999 -9999 1.09158E-1 1.36964E-1 1.41185E-1 1.67147E-1 1.96826E-1 1.78423E-1 1.39693E-1 1.23599E-1 1.18668E-1 1.05936E-1 1.25967E-1 9.43915E-2 9.53025E-2 7.74619E-2 8.80595E-2 1.16926E-1 1.55944E-1 1.52837E-1 1.5544E-1 1.49222E-1 1.44978E-1 1.41491E-1 1.51661E-1 1.54729E-1 1.62104E-1 1.6456E-1 1.76791E-1 1.6829E-1 1.62848E-1 1.63432E-1 1.47151E-1 1.30439E-1 1.31272E-1 1.52404E-1 1.62729E-1 1.51958E-1 1.44045E-1 1.58835E-1 1.59088E-1 1.49299E-1 1.13451E-1 1.68433E-1 5.55075E-2 1.42071E-1 1.78993E-1 1.67818E-1 1.66742E-1 1.64187E-1 1.56864E-1 1.3738E-1 1.15772E-1 1.00004E-1 1.00958E-1 1.1442E-1
-9999 -9999 -9999 -9999 -9999 -9999 -9999 1.65296E-1 1.96617E-1 1.98481E-1 1.9745E-1 1.44807E-1 1.18873E-1 1.25488E-1 1.01939E-1 1.08688E-1 8.8864E-2 9.51321E-2 1.02257E-1 1.17736E-1 1.28715E-1 1.5845E-1 1.67222E-1 1.48133E-1 1.45071E-1 1.31715E-1 1.26478E-1 1.26706E-1 1.41171E-1 1.42605E-1 1.56777E-1 1.62053E-1 1.67E-1 1.46022E-1 1.2537E-1 1.13885E-1 1.28025E-1 1.33659E-1 1.45306E-1 1.60892E-1 1.79531E-1 1.69382E-1 9.03216E-2 1.91967E-1 2.11569E-1 1.95149E-1 1.92448E-1 2.49027E-1 1.18931E-1 1.8333E-1 1.62106E-1 1.2059E-1 1.51631E-1 9.83164E-2 1.3936E-1 1.24627E-1 1.16241E-1 1.21803E-1 1.49133E-1 1.79906E-1
-9999 -9999 -9999 -9999 -9999 -9999 -9999 1.58099E-1 1.49483E-1 1.89641E-1 1.75231E-1 1.37478E-1 1.38575E-1 1.78989E-1 1.56688E-1 7.64515E-2 9.54262E-2 1.22103E-1 1.39591E-1 1.50347E-1 1.50653E-1 1.64962E-1 1.46176E-1 1.23432E-1 1.29241E-1 1.2753E-1 1.18308E-1 1.17178E-1 1.35E-1 1.43152E-1 1.5646E-1 1.4739E-1 1.32895E-1 1.34827E-1 1.22679E-1 1.23007E-1 1.25808E-1 1.44784E-1 1.54744E-1 1.1433E-1 1.95204E-1 1.81219E-1 1.87725E-1 2.0859E-1 2.26653E-1 2.0465E-1 2.0765E-1 2.27714E-1 1.22869E-1 1.64018E-1 1.58486E-1 1.3666E-1 9.85109E-2 9.34645E-2 9.05878E-2 6.91851E-2 4.35148E-2 1.09141E-1 1.01788E-1 1.70196E-1
-9999 -9999 -9999 -9999 -9999 -9999 -9999 -9999 1.37612E-1 1.58872E-1 1.81194E-1 1.6381E-1 2.10412E-1 1.19983E-1 1.29042E-1 8.50446E-2 9.0403E-2 1.11077E-1 1.26195E-1 1.41441E-1 1.51308E-1 1.44728E-1 1.08865E-1 9.90266E-2 1.11162E-1 1.32459E-1 1.35702E-1 1.26151E-1 1.17603E-1 1.21705E-1 1.2161E-1 1.30959E-1 1.45263E-1 1.4245E-1 1.38396E-1 1.50701E-1 1.4035E-1 1.6123E-1 1.66526E-1 1.25752E-1 2.0911E-1 1.8739E-1 2.07881E-1 2.10091E-1 2.01555E-1 1.82927E-1 2.25396E-1 9.67234E-2 1.09513E-1 1.39972E-1 1.13882E-1 9.72679E-2 8.14893E-2 7.69189E-2 7.20354E-2 8.47251E-2 1.10747E-1 1.49169E-1 1.8429E-1 2.00377E-1
-9999 -9999 -9999 -9999 -9999 -9999 -9999 -9999 -9999 1.3054E-1 1.63369E-1 1.26288E-1 1.67495E-1 2.4149E-1 1.50697E-1 1.23324E-1 9.87004E-2 1.16415E-1 1.38855E-1 1.65941E-1 1.8731E-1 1.67629E-1 1.34816E-1 1.25636E-1 1.52366E-1 1.74712E-1 1.81391E-1 1.63528E-1 1.43503E-1 1.2252E-1 1.26801E-1 1.45581E-1 1.61091E-1 1.59415E-1 1.72788E-1 1.84337E-1 1.53219E-1 1.70688E-1 1.90468E-1 2.17635E-1 2.09795E-1 1.7817E-1 1.96367E-1 1.92905E-1 1.67864E-1 1.98597E-1 4.27187E-2 6.45629E-2 1.24126E-1 8.08016E-2 8.15798E-2 8.84087E-2 8.22558E-2 7.77163E-2 1.16641E-1 1.4404E-1 1.31317E-1 1.64304E-1 1.99724E-1 2.23729E-1
-9999 -9999 -9999 -9999 -9999 -9999 -9999 -9999 -9999 -9999 -9999 2.2186E-1 9.25585E-2 2.56274E-1 1.84591E-1 1.40267E-1 1.06565E-1 1.20767E-1 1.44425E-1 1.65365E-1 1.85142E-1 1.81337E-1 1.64658E-1 1.68512E-1 1.75233E-1 1.66387E-1 2.33587E-1 1.8517E-1 1.74448E-1 1.21339E-1 1.29044E-1 1.39799E-1 1.53433E-1 1.76761E-1 1.67702E-1 1.88881E-1 1.69413E-1 1.82279E-1 1.47432E-1 2.27107E-1 2.0121E-1 1.70306E-1 1.77577E-1 1.72248E-1 8.0348E-2 3.70077E-2 5.02906E-2 1.20042E-1 9.05274E-2 1.02159E-1 1.17605E-1 1.31803E-1 1.18984E-1 1.1569E-1 1.29297E-1 1.14259E-1 1.52433E-1 1.78606E-1 2.10055E-1 2.39379E-1
-9999 -9999 -9999 -9999 -9999 -9999 -9999 -9999 -9999 -9999 -9999 7.35041E-2 2.42556E-1 1.06104E-1 1.77962E-1 1.2012E-1 9.90431E-2 1.143E-1 1.44013E-1 1.72647E-1 1.56354E-1 1.91906E-1 1.96908E-1 2.03899E-1 2.19355E-1 2.1655E-1 2.85944E-1 1.73738E-1 1.97891E-1 1.28389E-1 1.19274E-1 1.28075E-1 1.47465E-1 1.67279E-1 1.59569E-1 1.27676E-1 1.78335E-1 1.97938E-1 2.02856E-1 2.21039E-1 1.87314E-1 1.68907E-1 1.81295E-1 1.23845E-1 6.10228E-2 4.73547E-2 1.06927E-1 8.93958E-2 1.04832E-1 1.28492E-1 1.56298E-1 1.67882E-1 1.48401E-1 9.33807E-2 1.40679E-1 1.5488E-1 1.7124E-1 1.92131E-1 2.05204E-1 2.64434E-1
-9999 -9999 -9999 -9999 -9999 -9999 -9999 -9999 -9999 -9999 -9999 -9999 1.04294E-1 1.92678E-1 1.4998E-1 1.04322E-1 9.09421E-2 1.26585E-1 1.87207E-1 1.95072E-1 1.47325E-1 2.06544E-1 2.24992E-1 2.09246E-1 2.36581E-1 2.40565E-1 2.92442E-1 1.71005E-1 1.99433E-1 9.06438E-2 8.6255E-2 9.98871E-2 1.15053E-1 1.30172E-1 1.71825E-1 2.01614E-1 1.07029E-1 1.15367E-1 2.17308E-1 2.03749E-1 1.61303E-1 1.63273E-1 1.44142E-1 2.56205E-2 3.47655E-2 9.09599E-2 7.74933E-2 7.58727E-2 1.03049E-1 1.34746E-1 1.67197E-1 1.7834E-1 1.6006E-1 1.45774E-1 1.4715E-1 1.5829E-1 1.66366E-1 1.67451E-1 1.94248E-1 2.27211E-1
-9999 -9999 -9999 -9999 -9999 -9999 -9999 -9999 -9999 -9999 -9999 -9999 -9999 1.12731E-1 1.21084E-1 9.5098E-2 9.90983E-2 1.55257E-1 1.93018E-1 2.01478E-1 2.12927E-1 2.33539E-1 2.48791E-1 2.61534E-1 1.82749E-1 2.68165E-1 3.00013E-1 2.14132E-1 1.53483E-1 8.47457E-2 6.78282E-2 7.97318E-2 1.07763E-1 1.40707E-1 1.78339E-1 2.07956E-1 1.92789E-1 2.1056E-1 2.19488E-1 1.87845E-1 1.48642E-1 1.33474E-1 3.93748E-2 3.39229E-2 6.73772E-2 5.44705E-2 6.06628E-2 7.82398E-2 1.07376E-1 1.38551E-1 1.80184E-1 1.892E-1 1.54529E-1 1.49744E-1 1.57044E-1 1.48391E-1 1.46888E-1 1.3949E-1 1.62222E-1 1.83866E-1
-9999 -9999 -9999 -9999 -9999 -9999 -9999 -9999 -9999 -9999 -9999 -9999 -9999 1.17926E-1 1.164E-1 1.02448E-1 1.12322E-1 1.6726E-1 1.81416E-1 2.10826E-1 2.36169E-1 2.50692E-1 1.88658E-1 2.87214E-1 2.94828E-1 2.73654E-1 2.12556E-1 1.65024E-1 1.23979E-1 7.67727E-2 6.30298E-2 8.79227E-2 1.30581E-1 1.55658E-1 1.66937E-1 2.02494E-1 1.99403E-1 2.11805E-1 2.05645E-1 1.59763E-1 9.61054E-2 1.30682E-1 7.36933E-2 5.79457E-2 4.59829E-2 4.76803E-2 5.57666E-2 7.90232E-2 1.11933E-1 1.40205E-1 1.74483E-1 1.80285E-1 1.52822E-1 1.58007E-1 1.64068E-1 1.4391E-1 1.30164E-1 1.14135E-1 1.41267E-1 1.78153E-1
-9999 -9999 -9999 -9999 -9999 -9999 -9999 -9999 -9999 -9999 -9999 -9999 -9999 1.4224E-1 1.32721E-1 1.13979E-1 1.27356E-1 1.75545E-1 1.9047E-1 2.1792E-1 2.48813E-1 2.02403E-1 3.12461E-1 3.27813E-1 1.33431E-1 9.06614E-2 2.15471E-1 1.55993E-1 1.19377E-1 9.5474E-2 9.47012E-2 1.21961E-1 1.31952E-1 1.47508E-1 1.64443E-1 1.75214E-1 1.73384E-1 1.80962E-1 1.72797E-1 9.2666E-2 1.31291E-1 7.84492E-2 4.90174E-2 4.49939E-2 4.194E-2 5.21423E-2 6.95757E-2 9.74891E-2 1.16181E-1 1.48281E-1 1.75657E-1 1.74341E-1 1.10069E-1 1.7684E-1 1.73311E-1 1.3725E-1 1.23753E-1 1.09764E-1 1.41824E-1 1.13821E-1
-9999 -9999 -9999 -9999 -9999 -9999 -9999 -9999 -9999 -9999 -9999 -9999 -9999 1.4757E-1 1.35996E-1 1.38103E-1 1.62613E-1 1.9365E-1 2.16048E-1 2.3356E-1 2.03429E-1 2.96435E-1 7.98168E-2 2.62132E-1 2.48145E-1 1.9834E-1 1.60727E-1 1.36748E-1 1.09294E-1 9.81546E-2 1.06061E-1 1.27401E-1 1.26235E-1 1.34833E-1 1.30765E-1 1.45538E-1 1.46832E-1 1.51284E-1 1.41854E-1 1.17341E-1 6.33455E-2 4.9057E-2 4.2465E-2 4.18925E-2 4.85902E-2 6.36418E-2 9.10679E-2 1.14786E-1 1.3435E-1 1.54452E-1 1.72776E-1 1.6706E-1 9.12965E-2 1.78813E-1 1.76883E-1 1.31676E-1 1.04304E-1 9.12025E-2 1.17243E-1 3.86147E-2
-9999 -9999 -9999 -9999 -9999 -9999 -9999 -9999 -9999 -9999 -9999 -9999 1.5691E-1 1.95803E-1 2.3467E-1 2.58294E-1 2.32778E-1 2.73739E-1 2.79915E-1 2.54992E-1 2.28251E-1 3.18644E-1 1.90487E-1 1.75013E-1 1.62957E-1 1.43824E-1 1.31016E-1 1.70665E-1 1.41387E-1 1.27928E-1 1.24976E-1 1.39178E-1 1.13508E-1 1.07103E-1 9.39568E-2 1.17823E-1 1.26127E-1 4.57207E-2 1.03923E-1 7.01063E-2 5.36061E-2 5.62173E-2 6.38856E-2 6.11844E-2 6.84154E-2 7.62666E-2 1.06883E-1 1.27588E-1 1.5417E-1 1.78523E-1 1.69719E-1 1.65717E-1 1.70664E-1 1.82373E-1 1.65428E-1 1.33374E-1 1.10032E-1 9.46319E-2 9.64604E-2 4.47768E-2
-9999 -9999 -9999 -9999 -9999 -9999 -9999 -9999 -9999 -9999 -9999 2.87237E-2 2.8971E-1 1.30531E-1 1.63833E-1 1.52193E-1 2.68717E-1 3.11213E-1 2.00568E-1 2.12027E-1 1.83224E-1 1.67162E-1 1.64156E-1 1.06161E-1 1.14203E-1 2.65424E-1 3.30801E-1 1.14842E-1 1.61542E-1 1.96254E-1 1.86795E-1 1.68652E-1 1.35052E-1 1.05353E-1 8.50955E-2 9.42794E-2 1.03465E-1 4.92039E-2 9.18716E-2 7.31342E-2 7.24969E-2 8.6932E-2 1.06569E-1 8.74928E-2 8.9523E-2 9.11985E-2 1.12058E-1 1.33412E-1 1.69331E-1 1.83364E-1 1.70233E-1 1.47887E-1 1.78591E-1 1.81747E-1 1.48017E-1 1.18898E-1 9.94351E-2 9.01768E-2 9.37776E-2 5.32618E-2
