Phytophthora/models/20240506_1445_31/Phytophthora_PA3_RUN3_MAXENT_outputs/Phytophthora_PA3_RUN3.asc
ncols         225
nrows         269
xllcorner     473009.9838
yllcorner     4429051.1748
cellsize      50.0
NODATA_value  -9999
[rows 130 to 155 of 269, columns 0 to 59 of 225]
-9999 -9999 -9999 -9999 -9999 -9999 -9999 -9999 -9999 -9999 6.05526E-2 6.74708E-2 2.85544E-1 1.34296E-1 1.21395E-1 1.03465E-1 2.18128E-1 1.76279E-1 2.1015E-1 1.28594E-1 1.10088E-1 2.21058E-1 1.91937E-1 1.762E-1 1.45223E-1 3.02395E-1 2.38145E-1 1.54804E-1 1.6346E-1 2.09669E-1 7.82502E-2 2.04207E-1 1.54347E-1 1.29222E-1 9.57441E-2 1.04186E-1 1.26647E-1 1.46301E-1 1.13041E-1 1.12192E-1 1.37946E-1 1.42395E-1 1.50228E-1 1.09306E-1 9.97852E-2 9.73713E-2 1.17731E-1 1.43002E-1 1.89801E-1 1.85616E-1 1.66982E-1 1.68427E-1 1.8658E-1 1.64085E-1 1.28547E-1 9.0564E-2 7.41162E-2 8.40216E-2 1.15691E-1 1.43223E-1
-9999 -9999 -9999 -9999 -9999 -9999 -9999 -9999 -9999 1.15368E-1 5.24408E-2 1.14651E-1 1.14604E-1 1.73417E-1 1.62208E-1 1.43551E-1 2.54786E-1 1.87475E-1 2.73678E-1 1.41407E-1 1.3961E-1 3.14838E-1 2.41877E-1 1.99694E-1 1.63513E-1 2.56932E-1 2.84305E-1 1.41275E-1 1.27087E-1 2.70939E-1 2.37385E-1 1.68114E-1 1.68208E-1 1.55586E-1 1.20603E-1 1.25213E-1 9.83317E-2 1.89831E-1 1.63959E-1 1.6928E-1 2.0463E-1 1.92667E-1 1.76167E-1 1.32779E-1 1.16872E-1 1.14077E-1 1.3029E-1 1.60601E-1 1.90086E-1 1.85269E-1 1.63459E-1 1.8015E-1 1.91768E-1 1.59201E-1 1.19101E-1 7.90192E-2 6.54289E-2 7.94305E-2 8.4922E-2 1.67914E-1
-9999 -9999 -9999 -9999 -9999 -9999 -9999 -9999 -9999 1.7659E-1 1.1049E-1 6.34235E-2 1.73349E-1 1.6687E-1 1.99689E-1 1.86597E-1 1.34344E-1 1.65446E-1 1.50848E-1 1.37146E-1 2.09847E-1 2.49855E-1 2.62931E-1 2.45133E-1 2.22327E-1 9.07586E-2 1.09885E-1 1.5915E-1 1.33586E-1 1.10416E-1 2.26219E-1 2.64082E-1 6.43708E-2 1.10451E-1 1.19023E-1 1.38451E-1 2.04924E-1 2.04983E-1 2.07685E-1 2.29333E-1 2.41672E-1 2.37293E-1 2.01486E-1 1.67975E-1 1.31829E-1 1.36623E-1 1.52555E-1 1.90451E-1 1.98241E-1 1.74067E-1 8.81725E-2 1.91615E-1 1.79076E-1 1.48846E-1 9.95594E-2 8.02249E-2 7.24443E-2 9.19929E-2 1.06249E-1 1.77013E-1
-9999 -9999 -9999 -9999 -9999 -9999 -9999 -9999 -9999 1.25608E-1 1.31622E-1 7.19124E-2 1.29207E-1 2.30111E-1 1.43192E-1 2.48589E-1 2.38057E-1 1.96963E-1 1.6846E-1 1.69107E-1 2.69471E-1 3.35267E-1 3.25463E-1 3.05637E-1 2.59677E-1 2.21293E-1 2.07467E-1 1.08017E-1 7.77613E-2 1.22224E-1 1.43239E-1 2.15033E-1 1.24334E-1 9.38345E-2 6.34117E-2 9.9898E-2 1.56783E-1 1.86759E-1 2.13626E-1 2.22292E-1 2.22906E-1 2.34991E-1 2.306E-1 1.87177E-1 1.74607E-1 1.85409E-1 1.95744E-1 2.02498E-1 1.82658E-1 1.78441E-1 1.86575E-1 2.03543E-1 1.81607E-1 1.56552E-1 1.09223E-1 9.56464E-2 8.68602E-2 9.05327E-2 5.75182E-2 1.65189E-1
-9999 -9999 -9999 -9999 -9999 -9999 -9999 -9999 -9999 1.43491E-1 1.18333E-1 1.44811E-1 2.75555E-1 3.06159E-1 3.03019E-1 3.15091E-1 3.51054E-1 3.01761E-1 2.30379E-1 2.84281E-1 3.12687E-1 3.84417E-1 3.65697E-1 2.98045E-1 2.72339E-1 2.47164E-1 2.33505E-1 2.16509E-1 1.78052E-1 8.19921E-2 8.1421E-2 1.92994E-1 2.00446E-1 9.33663E-2 9.24136E-2 8.58335E-2 1.20433E-1 1.53537E-1 1.72647E-1 1.99738E-1 2.37351E-1 2.51559E-1 2.3887E-1 2.30906E-1 2.36556E-1 2.24491E-1 2.1187E-1 1.83542E-1 1.68651E-1 1.0849E-1 2.05015E-1 2.15915E-1 1.96731E-1 1.72113E-1 1.28727E-1 1.12539E-1 1.02071E-1 1.09278E-1 1.51895E-1 1.9857E-1
-9999 -9999 -9999 -9999 -9999 -9999 -9999 -9999 -9999 9.29939E-2 7.77029E-2 1.78702E-1 2.23671E-1 3.17978E-1 3.04782E-1 3.02161E-1 2.38539E-1 2.79171E-1 3.28051E-1 3.29204E-1 4.10345E-1 4.42549E-1 4.10188E-1 3.16828E-1 2.52914E-1 2.33971E-1 2.14202E-1 1.99079E-1 1.85469E-1 1.77467E-1 1.71258E-1 9.45182E-2 1.38116E-1 1.2541E-1 1.08197E-1 1.06036E-1 1.2501E-1 1.45071E-1 1.72264E-1 1.45883E-1 2.55244E-1 2.53612E-1 2.56755E-1 2.7177E-1 2.52115E-1 2.03686E-1 1.77094E-1 1.45475E-1 9.67384E-2 1.58045E-1 2.11189E-1 1.58412E-1 2.0691E-1 1.9305E-1 1.48576E-1 1.15559E-1 9.88761E-2 1.17362E-1 1.55983E-1 9.54531E-2
-9999 -9999 -9999 -9999 -9999 -9999 -9999 -9999 -9999 1.34991E-1 1.48776E-1 1.62733E-1 3.00216E-1 2.96701E-1 2.96618E-1 2.91025E-1 2.54448E-1 2.20118E-1 3.37222E-1 3.69445E-1 4.58021E-1 4.78532E-1 3.89352E-1 3.1764E-1 2.85118E-1 2.49531E-1 2.1148E-1 1.87665E-1 2.00653E-1 2.01247E-1 1.95322E-1 1.66442E-1 8.46334E-2 1.30346E-1 1.40195E-1 1.41824E-1 1.49704E-1 1.62133E-1 2.1697E-1 1.37295E-1 2.47648E-1 2.57122E-1 2.90904E-1 1.87982E-1 2.13671E-1 1.64245E-1 1.02404E-1 8.40535E-2 1.55046E-1 1.6105E-1 2.28143E-1 1.73248E-1 2.2653E-1 2.20549E-1 1.70413E-1 1.291E-1 1.1464E-1 1.26866E-1 1.60188E-1 2.59503E-1
-9999 -9999 -9999 -9999 -9999 -9999 -9999 -9999 -9999 1.37186E-1 1.26266E-1 1.38206E-1 2.86654E-1 2.97916E-1 2.79445E-1 2.74319E-1 2.28507E-1 3.42174E-1 2.18944E-1 3.87814E-1 3.95759E-1 3.89329E-1 2.26538E-1 3.14217E-1 2.91098E-1 2.62575E-1 2.33575E-1 2.19271E-1 2.19742E-1 2.19185E-1 2.11983E-1 1.91121E-1 1.35803E-1 1.45386E-1 1.75055E-1 1.78939E-1 1.87425E-1 1.50585E-1 2.46369E-1 2.57578E-1 2.01638E-1 2.87441E-1 2.26904E-1 2.3597E-1 1.71874E-1 1.51186E-1 1.56703E-1 1.5669E-1 1.58176E-1 1.71649E-1 2.45052E-1 2.41131E-1 2.38772E-1 2.34611E-1 1.95828E-1 1.56274E-1 1.34478E-1 1.40606E-1 1.86876E-1 2.51492E-1
-9999 -9999 -9999 -9999 -9999 -9999 -9999 -9999 -9999 1.3387E-1 1.06778E-1 1.27288E-1 3.08859E-1 3.12357E-1 3.10399E-1 2.98776E-1 1.92848E-1 3.31742E-1 3.71421E-1 3.90785E-1 3.8093E-1 3.64483E-1 3.50199E-1 3.31791E-1 2.96629E-1 2.09547E-1 2.48096E-1 2.4007E-1 1.3249E-1 2.02687E-1 1.39228E-1 2.12672E-1 1.90878E-1 2.04014E-1 2.34533E-1 2.30948E-1 1.54169E-1 2.34417E-1 2.70127E-1 2.21831E-1 2.58476E-1 3.08027E-1 3.06767E-1 2.19899E-1 1.77028E-1 1.68063E-1 1.79478E-1 1.66657E-1 1.64277E-1 2.05497E-1 2.62793E-1 2.28893E-1 2.6596E-1 2.53336E-1 2.30406E-1 1.91456E-1 1.60576E-1 1.65795E-1 2.24469E-1 2.29308E-1
-9999 -9999 -9999 -9999 -9999 -9999 -9999 -9999 -9999 9.23038E-2 9.32538E-2 1.17984E-1 3.02654E-1 3.33858E-1 3.46874E-1 3.38836E-1 3.88035E-1 3.73848E-1 2.73856E-1 4.45266E-1 4.57616E-1 3.99574E-1 3.65503E-1 3.38259E-1 3.00377E-1 2.9115E-1 2.7419E-1 2.6709E-1 2.6205E-1 2.56992E-1 2.51705E-1 1.77009E-1 1.72069E-1 1.66334E-1 2.67957E-1 2.58618E-1 2.51206E-1 2.54387E-1 1.81361E-1 2.85473E-1 2.99244E-1 3.12426E-1 2.98823E-1 2.08098E-1 1.66096E-1 1.65149E-1 1.76805E-1 1.555E-1 1.53725E-1 2.11927E-1 2.79898E-1 2.92212E-1 2.79209E-1 2.12466E-1 2.45359E-1 2.03749E-1 1.56625E-1 1.79583E-1 2.50406E-1 2.22956E-1
-9999 -9999 -9999 -9999 -9999 -9999 -9999 -9999 -9999 8.88041E-2 8.95652E-2 1.1239E-1 2.92578E-1 3.26525E-1 3.43976E-1 3.63369E-1 4.04322E-1 4.15882E-1 4.80362E-1 5.02061E-1 4.66794E-1 4.0929E-1 3.62098E-1 3.29533E-1 3.04659E-1 3.14331E-1 2.93328E-1 2.7824E-1 2.59084E-1 2.56413E-1 2.68716E-1 2.49883E-1 2.31827E-1 2.63624E-1 2.01658E-1 2.90835E-1 2.81889E-1 2.92545E-1 3.16014E-1 3.04296E-1 3.26614E-1 2.89065E-1 2.43482E-1 1.9512E-1 1.71381E-1 1.61437E-1 1.53031E-1 1.3983E-1 1.55684E-1 2.19879E-1 2.89649E-1 3.12222E-1 2.91813E-1 2.81627E-1 2.75054E-1 2.13895E-1 1.56314E-1 1.76578E-1 2.01843E-1 2.13168E-1
-9999 -9999 -9999 -9999 -9999 -9999 -9999 -9999 -9999 7.88908E-2 7.42323E-2 1.03504E-1 2.86364E-1 3.05733E-1 3.33719E-1 3.45685E-1 3.80265E-1 4.43545E-1 2.25417E-1 5.1269E-1 4.61639E-1 2.68315E-1 3.51078E-1 3.3728E-1 3.40375E-1 3.45253E-1 2.93498E-1 2.75201E-1 2.68524E-1 2.43994E-1 2.56596E-1 2.52109E-1 2.51215E-1 2.85377E-1 3.04625E-1 3.07803E-1 3.08784E-1 2.44329E-1 3.36019E-1 3.44343E-1 2.96597E-1 2.6364E-1 2.14793E-1 2.00057E-1 1.86633E-1 1.51632E-1 1.40793E-1 1.34945E-1 1.67185E-1 2.39402E-1 2.70038E-1 3.06704E-1 2.79387E-1 2.9002E-1 2.67249E-1 2.03126E-1 1.64204E-1 1.84388E-1 1.8244E-1 1.83302E-1
-9999 -9999 -9999 -9999 -9999 -9999 -9999 -9999 1.12299E-1 7.23502E-2 7.07429E-2 1.01932E-1 2.50831E-1 2.57935E-1 2.91439E-1 3.20388E-1 3.62804E-1 3.1586E-1 5.10042E-1 4.65472E-1 4.32689E-1 3.94005E-1 3.69178E-1 3.28925E-1 3.64064E-1 3.50948E-1 3.0055E-1 2.64738E-1 2.39451E-1 2.11787E-1 2.32876E-1 2.41976E-1 2.49062E-1 3.0032E-1 3.25646E-1 2.32113E-1 3.2455E-1 3.33876E-1 3.56137E-1 3.34402E-1 2.77884E-1 2.75877E-1 2.55827E-1 2.53178E-1 2.33524E-1 2.06464E-1 1.90372E-1 1.70532E-1 1.92102E-1 2.25245E-1 2.54102E-1 2.76294E-1 2.6625E-1 2.70298E-1 2.43122E-1 1.95284E-1 1.75483E-1 1.97709E-1 2.36831E-1 2.58314E-1
-9999 -9999 -9999 -9999 -9999 -9999 -9999 -9999 6.26442E-2 5.81482E-2 6.94531E-2 1.11549E-1 2.46244E-1 2.34081E-1 2.61382E-1 3.05412E-1 3.27612E-1 2.15118E-1 4.56762E-1 3.9974E-1 3.81174E-1 3.7568E-1 3.60031E-1 3.69884E-1 3.71528E-1 3.26289E-1 2.93112E-1 2.96677E-1 2.65472E-1 2.24525E-1 2.00745E-1 2.08513E-1 2.36964E-1 2.99957E-1 3.23109E-1 3.13511E-1 2.91838E-1 3.2825E-1 3.59962E-1 3.11761E-1 2.71487E-1 3.02877E-1 3.02217E-1 2.93284E-1 2.89213E-1 2.6719E-1 2.47178E-1 2.37886E-1 2.08145E-1 2.06E-1 2.32219E-1 2.24072E-1 2.50863E-1 2.50762E-1 2.29954E-1 2.12234E-1 2.0517E-1 2.19596E-1 2.46321E-1 2.81517E-1
-9999 -9999 -9999 -9999 -9999 -9999 -9999 -9999 4.53414E-2 5.29845E-2 7.27489E-2 1.10481E-1 2.3654E-1 2.36046E-1 2.69751E-1 2.86183E-1 3.36916E-1 3.1166E-1 4.05651E-1 3.65945E-1 3.64186E-1 3.4688E-1 3.08159E-1 3.01411E-1 2.92902E-1 2.29315E-1 2.70432E-1 2.94793E-1 3.03391E-1 2.6432E-1 2.40037E-1 2.20708E-1 2.47712E-1 2.96496E-1 3.14926E-1 3.05256E-1 2.41836E-1 3.32674E-1 3.46976E-1 2.86952E-1 2.90662E-1 3.23924E-1 3.05333E-1 3.07298E-1 3.17674E-1 3.32112E-1 3.29914E-1 2.85823E-1 2.44076E-1 2.54516E-1 2.641E-1 2.76495E-1 3.22702E-1 3.39581E-1 2.98785E-1 2.81179E-1 2.43296E-1 2.41725E-1 2.75234E-1 3.07144E-1
-9999 -9999 -9999 -9999 -9999 -9999 -9999 -9999 3.68627E-2 4.52518E-2 6.8673E-2 9.75326E-2 2.50322E-1 2.74726E-1 2.17255E-1 1.88222E-1 1.92387E-1 3.70641E-1 3.47073E-1 3.30182E-1 3.24913E-1 3.11062E-1 2.80005E-1 2.55335E-1 2.61754E-1 2.71197E-1 1.75083E-1 3.05832E-1 3.17926E-1 3.10214E-1 2.92693E-1 2.65311E-1 2.96723E-1 3.10176E-1 3.00472E-1 2.48299E-1 3.08043E-1 3.4565E-1 3.14093E-1 2.6287E-1 2.91318E-1 3.15087E-1 3.01919E-1 3.17915E-1 3.59905E-1 3.92428E-1 3.66868E-1 3.22776E-1 3.10189E-1 3.14884E-1 3.10457E-1 3.57971E-1 4.02099E-1 4.12951E-1 3.65699E-1 3.34383E-1 2.96564E-1 2.60014E-1 3.12311E-1 3.61821E-1
-9999 -9999 -9999 -9999 -9999 -9999 -9999 2.00698E-2 4.28738E-2 4.35566E-2 8.58053E-2 1.05212E-1 2.32385E-1 1.83626E-1 1.77647E-1 1.4415E-1 2.3786E-1 2.51763E-1 3.09281E-1 3.28567E-1 3.16686E-1 2.99099E-1 3.01599E-1 3.13338E-1 3.11994E-1 2.98791E-1 2.95234E-1 2.43776E-1 3.20512E-1 3.21332E-1 3.42167E-1 3.37025E-1 3.31072E-1 3.1333E-1 3.02488E-1 3.13989E-1 3.23798E-1 3.30499E-1 2.76817E-1 2.42873E-1 2.93069E-1 3.07134E-1 2.97435E-1 3.44961E-1 4.00116E-1 3.72868E-1 3.83339E-1 3.64515E-1 3.69734E-1 3.63108E-1 3.79638E-1 4.33273E-1 4.3605E-1 4.20944E-1 3.86719E-1 3.4249E-1 3.20403E-1 3.08357E-1 3.24172E-1 3.66351E-1
-9999 -9999 -9999 -9999 -9999 -9999 -9999 1.17947E-1 1.80549E-1 1.82989E-1 1.23903E-1 2.23039E-1 1.3846E-1 1.1754E-1 1.17371E-1 1.07888E-1 1.28575E-1 2.06593E-1 2.91589E-1 3.36811E-1 3.32888E-1 3.34768E-1 3.45804E-1 3.45003E-1 3.33342E-1 3.11205E-1 1.97168E-1 3.35044E-1 2.43439E-1 3.32873E-1 3.59715E-1 3.58612E-1 3.2737E-1 1.95996E-1 3.25047E-1 3.42753E-1 3.46512E-1 3.12783E-1 2.64907E-1 2.6563E-1 2.96681E-1 3.27486E-1 3.54754E-1 4.1E-1 4.07134E-1 3.95573E-1 4.48191E-1 4.2812E-1 4.17809E-1 4.36869E-1 4.61655E-1 4.57413E-1 4.56704E-1 3.04205E-1 3.39388E-1 3.30732E-1 3.39433E-1 3.45967E-1 3.34047E-1 3.41696E-1
-9999 -9999 -9999 -9999 -9999 -9999 -9999 1.30953E-1 2.67709E-1 2.08909E-1 1.95936E-1 1.78436E-1 1.65766E-1 1.46796E-1 1.22208E-1 1.05133E-1 1.64022E-1 3.51876E-1 2.64417E-1 3.11279E-1 3.40782E-1 3.3503E-1 3.19966E-1 3.28016E-1 3.53724E-1 3.51241E-1 3.61851E-1 3.60135E-1 3.53206E-1 2.275E-1 3.85549E-1 3.88995E-1 2.99462E-1 3.54439E-1 3.70572E-1 3.7627E-1 3.41403E-1 2.97302E-1 2.58327E-1 2.92582E-1 3.1597E-1 3.92665E-1 4.11215E-1 3.8157E-1 4.00119E-1 4.25474E-1 4.51033E-1 4.26449E-1 4.44603E-1 4.64733E-1 4.7215E-1 4.6725E-1 4.53732E-1 4.26101E-1 3.98682E-1 3.40167E-1 3.52902E-1 3.60608E-1 3.45632E-1 3.23912E-1
-9999 -9999 -9999 -9999 -9999 -9999 1.61293E-1 1.13701E-1 2.77792E-1 1.88462E-1 1.77227E-1 2.08562E-1 2.45049E-1 2.24504E-1 2.0263E-1 1.846E-1 2.17805E-1 2.92466E-1 2.45017E-1 2.80519E-1 3.03056E-1 3.04856E-1 2.90124E-1 3.22107E-1 3.57862E-1 3.69738E-1 3.8423E-1 3.88913E-1 2.29425E-1 3.98028E-1 4.12959E-1 3.9138E-1 3.77017E-1 4.00269E-1 3.92738E-1 3.63096E-1 3.24758E-1 2.65263E-1 2.81455E-1 3.23552E-1 3.37696E-1 3.68989E-1 3.95781E-1 3.68092E-1 4.26049E-1 2.74305E-1 3.05623E-1 3.17653E-1 4.14053E-1 3.00969E-1 3.32289E-1 4.77253E-1 4.71505E-1 4.33755E-1 4.15592E-1 3.58508E-1 3.62458E-1 3.60694E-1 3.40469E-1 3.36001E-1
-9999 -9999 -9999 -9999 -9999 -9999 1.71843E-1 9.93439E-2 2.05816E-1 2.12944E-1 2.53412E-1 3.18474E-1 3.58221E-1 3.27625E-1 3.22435E-1 3.10793E-1 2.76363E-1 3.2435E-1 2.49461E-1 2.65173E-1 2.74988E-1 2.79352E-1 2.80096E-1 3.19716E-1 3.24071E-1 3.46114E-1 3.97564E-1 4.15334E-1 4.13632E-1 4.30934E-1 4.41915E-1 4.42053E-1 4.3755E-1 4.37239E-1 3.85067E-1 3.48315E-1 3.02373E-1 2.55742E-1 3.06122E-1 3.36962E-1 3.64601E-1 3.78062E-1 4.189E-1 3.15267E-1 4.36152E-1 4.54042E-1 4.92163E-1 4.99842E-1 5.01043E-1 4.95646E-1 4.87795E-1 4.83986E-1 4.61711E-1 4.07207E-1 3.79727E-1 3.33627E-1 3.31903E-1 3.2942E-1 3.17354E-1 3.56528E-1
-9999 -9999 -9999 -9999 -9999 1.99859E-1 1.28407E-1 2.92842E-1 2.27866E-1 2.76206E-1 3.55212E-1 4.00917E-1 4.3367E-1 4.22895E-1 4.17214E-1 3.96127E-1 3.76622E-1 3.91335E-1 3.11699E-1 2.64981E-1 2.56228E-1 2.71389E-1 2.82796E-1 2.91493E-1 2.96705E-1 3.43386E-1 3.88283E-1 4.22258E-1 4.43754E-1 4.7414E-1 4.67915E-1 3.80031E-1 4.69017E-1 4.47263E-1 3.66668E-1 3.29289E-1 3.35738E-1 2.60552E-1 3.39178E-1 3.88183E-1 4.01435E-1 3.89827E-1 3.28789E-1 4.36907E-1 4.6345E-1 4.83087E-1 5.02184E-1 5.09491E-1 5.08294E-1 5.02877E-1 4.95482E-1 4.88404E-1 4.44228E-1 3.9169E-1 3.44181E-1 3.27196E-1 3.06318E-1 2.96794E-1 3.09045E-1 1.76469E-1
-9999 -9999 -9999 -9999 -9999 2.32257E-1 1.12455E-1 3.38221E-1 3.22596E-1 3.86635E-1 4.49262E-1 4.79056E-1 5.09154E-1 5.19856E-1 5.01348E-1 4.73424E-1 4.52092E-1 4.46448E-1 3.90465E-1 3.50399E-1 3.09946E-1 2.68296E-1 2.53781E-1 2.33513E-1 2.81941E-1 3.10749E-1 3.68404E-1 3.92864E-1 4.22354E-1 5.06727E-1 4.84369E-1 4.26086E-1 4.96035E-1 4.59556E-1 3.92033E-1 3.54876E-1 3.18698E-1 3.22749E-1 3.97135E-1 3.97569E-1 4.12384E-1 3.9225E-1 4.53575E-1 4.75513E-1 5.01409E-1 5.0884E-1 5.11756E-1 5.16869E-1 3.8627E-1 4.95235E-1 4.95852E-1 4.69061E-1 4.45412E-1 4.02911E-1 3.11125E-1 3.08022E-1 2.75559E-1 2.65906E-1 3.43447E-1 2.70033E-1
-9999 -9999 -9999 -9999 -9999 -9999 2.36939E-1 3.31389E-1 3.98433E-1 4.27668E-1 4.6504E-1 5.05868E-1 5.39204E-1 5.46588E-1 5.46192E-1 5.3019E-1 5.29969E-1 5.08403E-1 4.58996E-1 4.23107E-1 3.698E-1 3.01994E-1 2.28809E-1 1.91349E-1 2.03129E-1 2.37971E-1 3.2859E-1 3.59486E-1 4.18158E-1 4.94908E-1 5.12266E-1 4.81836E-1 5.07689E-1 4.7761E-1 4.41695E-1 3.80618E-1 3.27999E-1 3.64331E-1 3.97773E-1 4.20473E-1 4.47459E-1 4.63509E-1 4.87755E-1 4.9302E-1 5.09842E-1 4.80838E-1 4.87415E-1 5.19219E-1 5.19186E-1 4.84344E-1 4.92383E-1 4.67839E-1 4.35209E-1 1.78223E-1 3.43107E-1 2.91014E-1 3.04411E-1 2.84656E-1 3.68297E-1 2.91328E-1
-9999 -9999 -9999 -9999 -9999 -9999 1.40585E-1 3.27243E-1 4.23906E-1 4.29776E-1 4.6521E-1 5.09815E-1 5.61142E-1 5.81774E-1 4.9396E-1 5.48227E-1 5.76938E-1 5.39475E-1 5.19005E-1 5.01948E-1 4.29259E-1 3.34511E-1 2.43142E-1 1.98456E-1 1.95085E-1 2.17358E-1 2.927E-1 3.59093E-1 4.15222E-1 4.76577E-1 5.12642E-1 5.2748E-1 5.08576E-1 5.08344E-1 4.56755E-1 3.23494E-1 3.83304E-1 4.36054E-1 4.48469E-1 2.80744E-1 4.83541E-1 5.04908E-1 4.81054E-1 4.85412E-1 5.16824E-1 5.19283E-1 5.1798E-1 5.19782E-1 4.94804E-1 4.66637E-1 4.4037E-1 4.16795E-1 3.87665E-1 3.69801E-1 2.6024E-1 3.53951E-1 3.43735E-1 3.20901E-1 4.35542E-1 4.39083E-1
-9999 -9999 -9999 -9999 -9999 -9999 -9999 1.60918E-1 2.36131E-1 4.07391E-1 4.1893E-1 4.66474E-1 5.41414E-1 6.01233E-1 6.14334E-1 6.27138E-1 6.16888E-1 5.17915E-1 5.87831E-1 5.60046E-1 4.35034E-1 3.41425E-1 2.50568E-1 2.17388E-1 2.23399E-1 2.46342E-1 3.16465E-1 3.61278E-1 4.18161E-1 4.78789E-1 5.37071E-1 5.37029E-1 5.30723E-1 5.3707E-1 4.07859E-1 3.86619E-1 4.51285E-1 4.69967E-1 3.79017E-1 4.97642E-1 5.21489E-1 5.08621E-1 4.54574E-1 4.63408E-1 5.02666E-1 4.92406E-1 5.0829E-1 4.77661E-1 4.54903E-1 4.30114E-1 4.04365E-1 3.81538E-1 3.77943E-1 4.19769E-1 1.94096E-1 4.33942E-1 3.8836E-1 3.86552E-1 3.57824E-1 4.62562E-1
