Phytophthora/models/20240506_1445_31/Phytophthora_PA3_RUN3_MAXENT_outputs/Phytophthora_PA3_RUN3.asc
ncols         225
nrows         269
xllcorner     473009.9838
yllcorner     4429051.1748
cellsize      50.0
NODATA_value  -9999
[rows 208 to 233 of 269, columns 120 to 179 of 225]
1.4441E-1 1.37894E-1 1.16535E-1 1.7171E-1 9.55642E-2 8.11024E-2 8.88684E-2 8.08588E-2 2.57353E-1 1.43853E-1 1.67005E-1 1.4894E-1 1.27223E-1 1.05563E-1 1.02967E-1 9.1444E-2 9.88211E-2 1.38849E-1 1.45827E-1 2.11069E-1 2.71796E-1 3.48635E-1 3.85348E-1 4.27935E-1 4.57606E-1 4.87589E-1 4.60423E-1 4.26907E-1 3.60733E-1 3.53793E-1 3.63843E-1 3.82484E-1 4.31888E-1 4.3536E-1 5.14536E-1 5.41584E-1 5.39157E-1 4.62624E-1 4.3051E-1 3.14593E-1 3.52465E-1 2.561E-1 2.97162E-1 2.88472E-1 2.9066E-1 2.6652E-1 2.44514E-1 2.39464E-1 2.23246E-1 2.29627E-1 2.74818E-1 2.5628E-1 1.86486E-1 1.0771E-1 7.5761E-2 9.22706E-2 1.06453E-1 1.59662E-1 1.71909E-1 2.11552E-1
2.41621E-1 2.13266E-1 1.22458E-1 2.39212E-1 7.195E-2 7.95517E-2 7.18076E-2 6.31549E-2 7.86185E-2 2.29924E-1 2.13042E-1 1.48251E-1 1.3757E-1 1.28815E-1 1.27846E-1 1.22309E-1 1.50608E-1 1.62029E-1 1.75816E-1 2.32395E-1 2.93825E-1 3.61432E-1 3.79302E-1 4.12459E-1 4.32971E-1 4.57653E-1 4.34473E-1 3.75397E-1 3.54459E-1 3.79313E-1 4.00738E-1 3.81903E-1 4.20042E-1 4.29314E-1 5.24409E-1 5.36615E-1 5.20429E-1 4.32379E-1 3.41548E-1 1.97002E-1 3.25891E-1 2.3598E-1 2.59271E-1 2.58476E-1 2.53426E-1 2.35041E-1 2.09623E-1 2.0379E-1 2.0276E-1 2.21261E-1 2.47965E-1 2.45411E-1 2.35198E-1 1.28834E-1 6.86603E-2 6.74268E-2 9.45825E-2 1.61175E-1 2.05143E-1 2.13647E-1
2.48619E-1 1.80825E-1 1.57364E-1 2.50853E-1 8.85858E-2 6.98521E-2 6.41384E-2 6.08915E-2 6.03243E-2 9.00963E-2 1.48501E-1 1.51537E-1 1.41069E-1 1.29992E-1 1.28547E-1 1.45726E-1 1.51276E-1 1.67068E-1 2.07733E-1 2.62807E-1 3.41089E-1 3.59795E-1 3.76939E-1 3.97576E-1 4.1096E-1 4.24874E-1 3.7808E-1 3.31158E-1 3.58084E-1 3.84089E-1 3.91614E-1 3.83389E-1 4.15673E-1 4.514E-1 5.26729E-1 5.37669E-1 5.49546E-1 4.26943E-1 2.79849E-1 2.03661E-1 2.88903E-1 2.72101E-1 2.65665E-1 2.34289E-1 2.18341E-1 2.04472E-1 1.86656E-1 1.74511E-1 1.82561E-1 2.00519E-1 2.17964E-1 2.15449E-1 2.09123E-1 1.56692E-1 1.06073E-1 8.4008E-2 5.92331E-2 1.60502E-1 1.16173E-1 2.54039E-1
2.32153E-1 1.99581E-1 1.77262E-1 1.43031E-1 2.10712E-1 6.18964E-2 5.15383E-2 4.59759E-2 4.5339E-2 4.73772E-2 1.89986E-1 7.88131E-2 1.68219E-1 1.52793E-1 1.64338E-1 1.5473E-1 1.47339E-1 1.85441E-1 2.37428E-1 2.89352E-1 3.88572E-1 3.67214E-1 3.71644E-1 3.60299E-1 3.86913E-1 3.915E-1 3.42411E-1 3.26598E-1 3.41967E-1 3.51736E-1 2.96504E-1 3.78896E-1 4.27288E-1 4.58869E-1 3.70945E-1 5.37628E-1 5.63041E-1 3.90725E-1 2.8855E-1 2.88068E-1 2.69308E-1 2.62391E-1 2.64936E-1 2.53172E-1 2.43283E-1 2.10249E-1 2.07771E-1 1.66099E-1 1.82062E-1 1.93027E-1 2.0098E-1 1.99234E-1 1.84076E-1 1.77176E-1 1.70705E-1 1.50283E-1 1.11807E-1 9.39425E-2 1.34638E-1 2.56467E-1
2.51893E-1 2.40589E-1 2.02393E-1 1.21023E-1 9.29551E-2 1.59521E-1 4.84967E-2 4.18492E-2 4.33239E-2 4.00206E-2 3.64486E-2 1.79206E-1 9.31066E-2 1.1724E-1 1.31353E-1 1.21456E-1 1.25432E-1 1.87866E-1 2.50821E-1 2.98096E-1 3.893E-1 3.60006E-1 2.21574E-1 2.94313E-1 3.64717E-1 3.57825E-1 3.17403E-1 3.21882E-1 3.19929E-1 3.12756E-1 3.23496E-1 3.86137E-1 4.3071E-1 4.70007E-1 5.12447E-1 5.27404E-1 4.51545E-1 3.43409E-1 2.67517E-1 3.30159E-1 2.76279E-1 3.65563E-1 3.79249E-1 3.44794E-1 3.19355E-1 2.67183E-1 2.37894E-1 1.98091E-1 1.92886E-1 1.96044E-1 2.02653E-1 1.9724E-1 1.69864E-1 1.64077E-1 1.65273E-1 1.63796E-1 1.76389E-1 1.71286E-1 1.77432E-1 2.08226E-1
3.09735E-1 2.74398E-1 2.24564E-1 1.7159E-1 1.37511E-1 1.45485E-1 1.29531E-1 4.90903E-2 3.4707E-2 3.3106E-2 3.30032E-2 5.04112E-2 9.89719E-2 7.56122E-2 9.31148E-2 1.0292E-1 1.16807E-1 2.01476E-1 2.6636E-1 3.07282E-1 3.93606E-1 3.76187E-1 3.67602E-1 3.95702E-1 3.72923E-1 4.05687E-1 3.69982E-1 3.56171E-1 3.4558E-1 1.86378E-1 3.84536E-1 4.10454E-1 4.5655E-1 5.27454E-1 5.14201E-1 3.92181E-1 4.43087E-1 3.95677E-1 3.12883E-1 3.22659E-1 3.45198E-1 4.16027E-1 4.45599E-1 4.37776E-1 3.8609E-1 3.29193E-1 2.87172E-1 2.517E-1 2.20416E-1 2.2129E-1 2.02106E-1 1.81136E-1 1.63009E-1 1.5706E-1 1.59938E-1 1.82426E-1 6.5831E-2 9.608E-2 1.42387E-1 1.25827E-1
3.42073E-1 2.91956E-1 2.42348E-1 1.82374E-1 1.60482E-1 1.62343E-1 1.40065E-1 1.17296E-1 3.17094E-2 2.83564E-2 2.84268E-2 2.31377E-2 1.36054E-1 6.26073E-2 8.29811E-2 1.00078E-1 1.47312E-1 2.22911E-1 2.6589E-1 2.89223E-1 3.69259E-1 4.24984E-1 3.91092E-1 4.48219E-1 4.56103E-1 4.19162E-1 3.34904E-1 3.6609E-1 3.59855E-1 3.4998E-1 3.98661E-1 4.1937E-1 4.77818E-1 5.26153E-1 5.64383E-1 4.29702E-1 5.06087E-1 4.52597E-1 3.83777E-1 3.9389E-1 4.17324E-1 4.66444E-1 4.29514E-1 3.65279E-1 4.35161E-1 3.8213E-1 3.31289E-1 2.96357E-1 2.46114E-1 2.45325E-1 2.21312E-1 1.79082E-1 1.61726E-1 1.50283E-1 1.70164E-1 1.37347E-1 1.57724E-1 1.17947E-1 1.26501E-1 1.47399E-1
3.49472E-1 3.07433E-1 2.62015E-1 2.0975E-1 1.89826E-1 1.87131E-1 1.56401E-1 1.30643E-1 1.06293E-1 3.13776E-2 1.98E-2 1.5152E-2 8.90632E-2 6.30612E-2 5.78467E-2 1.54356E-1 2.04417E-1 2.25606E-1 2.48275E-1 2.72598E-1 3.61268E-1 4.40993E-1 3.51295E-1 4.70247E-1 4.94718E-1 4.45886E-1 4.24822E-1 4.20036E-1 3.81318E-1 3.75041E-1 4.03179E-1 4.28291E-1 5.53027E-1 5.43153E-1 6.04176E-1 4.05319E-1 5.54283E-1 4.84651E-1 4.0997E-1 4.41364E-1 4.84801E-1 5.05432E-1 4.84811E-1 4.1045E-1 4.35141E-1 4.34291E-1 3.7001E-1 3.25965E-1 2.86416E-1 2.60859E-1 2.28017E-1 1.87648E-1 1.68569E-1 1.56668E-1 1.79932E-1 1.08248E-1 1.26134E-1 1.16309E-1 1.32929E-1 1.53756E-1
3.56479E-1 3.18801E-1 2.9588E-1 2.71523E-1 2.32769E-1 2.1624E-1 1.84528E-1 1.3268E-1 1.21237E-1 9.79829E-2 9.63383E-2 9.22678E-2 3.89976E-2 8.79314E-2 6.71164E-2 1.33384E-1 1.68981E-1 1.82184E-1 2.32388E-1 2.84994E-1 3.47629E-1 4.42877E-1 3.24947E-1 5.18796E-1 5.16178E-1 4.72775E-1 3.43001E-1 4.55981E-1 3.92977E-1 3.97875E-1 4.29889E-1 5.05454E-1 5.54992E-1 5.59957E-1 4.81674E-1 5.4845E-1 5.20091E-1 4.26317E-1 4.41331E-1 4.70293E-1 5.3022E-1 5.21982E-1 4.12086E-1 4.40816E-1 4.33634E-1 4.49192E-1 4.01323E-1 3.37579E-1 3.05318E-1 2.74763E-1 2.24258E-1 1.92484E-1 1.78669E-1 1.7508E-1 6.92193E-2 1.5832E-1 1.18268E-1 1.28271E-1 1.66485E-1 2.09777E-1
4.45421E-1 4.28217E-1 3.97003E-1 3.51227E-1 2.94842E-1 2.51641E-1 2.19378E-1 1.52581E-1 1.21246E-1 1.07998E-1 1.12138E-1 1.12294E-1 1.10436E-1 1.21686E-1 1.28621E-1 1.42003E-1 1.60692E-1 1.83856E-1 2.47228E-1 2.92592E-1 3.44667E-1 4.18319E-1 5.43905E-1 5.83629E-1 5.26175E-1 5.12762E-1 5.21816E-1 4.36933E-1 4.16073E-1 4.22674E-1 4.61312E-1 5.71258E-1 5.00373E-1 6.2214E-1 6.15223E-1 5.69004E-1 5.06194E-1 4.88524E-1 4.93043E-1 4.78009E-1 4.83226E-1 4.55229E-1 5.14601E-1 3.00006E-1 4.43709E-1 4.41444E-1 4.18338E-1 3.33724E-1 3.07671E-1 2.77843E-1 2.16405E-1 1.96036E-1 1.8749E-1 7.32767E-2 1.51617E-1 1.14246E-1 1.24882E-1 1.37891E-1 2.18645E-1 2.77724E-1
3.93215E-1 4.11036E-1 4.0629E-1 3.55872E-1 3.29361E-1 2.93833E-1 2.51806E-1 1.84694E-1 1.6207E-1 1.35987E-1 1.41266E-1 1.45751E-1 1.48475E-1 1.67132E-1 1.69441E-1 1.8912E-1 2.36546E-1 2.59496E-1 2.88297E-1 3.18182E-1 3.44439E-1 4.36834E-1 5.61862E-1 5.90288E-1 5.38701E-1 5.59125E-1 5.2656E-1 4.47397E-1 2.90432E-1 4.10159E-1 4.90154E-1 5.54754E-1 5.43053E-1 6.14676E-1 5.84883E-1 5.39538E-1 5.45708E-1 5.51378E-1 5.24588E-1 4.91E-1 4.37678E-1 4.47963E-1 4.86068E-1 4.76604E-1 4.85628E-1 4.70382E-1 4.12709E-1 3.16248E-1 2.88033E-1 2.51253E-1 1.84494E-1 1.41132E-1 1.45361E-1 1.09841E-1 1.12511E-1 1.19357E-1 1.24446E-1 2.2565E-1 2.669E-1 3.13017E-1
3.5743E-1 3.74038E-1 3.87739E-1 3.61086E-1 3.48446E-1 3.15898E-1 2.74069E-1 2.33388E-1 2.05231E-1 1.81188E-1 2.0057E-1 2.09969E-1 2.07322E-1 2.35227E-1 2.58197E-1 2.83214E-1 3.22789E-1 3.49896E-1 3.71139E-1 4.15245E-1 4.41034E-1 5.15274E-1 5.92147E-1 5.59346E-1 5.76713E-1 5.69179E-1 5.551E-1 4.48078E-1 4.3875E-1 4.01154E-1 4.39704E-1 5.17089E-1 5.69769E-1 5.86217E-1 5.29465E-1 5.60997E-1 5.63295E-1 5.6122E-1 5.17348E-1 4.75151E-1 4.60894E-1 4.28265E-1 4.65437E-1 4.747E-1 4.44234E-1 3.54557E-1 2.85516E-1 3.22846E-1 2.37239E-1 2.7089E-1 8.76525E-2 1.69884E-1 1.01374E-1 9.76731E-2 1.1229E-1 1.31476E-1 1.41189E-1 1.97983E-1 2.03274E-1 2.84971E-1
2.11942E-1 3.4389E-1 3.83594E-1 4.15908E-1 4.18113E-1 3.72988E-1 3.30999E-1 2.61703E-1 2.41678E-1 2.44426E-1 2.92318E-1 3.10823E-1 3.07114E-1 3.3535E-1 3.56894E-1 3.9305E-1 4.28097E-1 4.4499E-1 4.67609E-1 5.10897E-1 5.4631E-1 5.93023E-1 6.37706E-1 5.82792E-1 6.12977E-1 6.07127E-1 5.79471E-1 4.36063E-1 4.69913E-1 5.12E-1 5.49807E-1 4.9893E-1 5.7961E-1 5.05683E-1 5.07901E-1 5.59898E-1 5.61329E-1 5.5408E-1 5.07183E-1 4.45816E-1 4.31054E-1 3.49844E-1 3.38133E-1 3.28791E-1 3.18751E-1 2.52386E-1 1.78721E-1 1.90694E-1 3.20446E-1 2.21477E-1 1.09195E-1 9.76982E-2 1.14168E-1 1.21504E-1 1.23227E-1 1.44904E-1 1.8744E-1 2.27968E-1 2.44038E-1 3.16929E-1
4.42022E-1 4.66535E-1 5.28417E-1 4.89454E-1 4.73371E-1 4.45438E-1 3.99861E-1 3.27727E-1 2.97751E-1 3.20183E-1 3.78166E-1 4.38907E-1 4.6177E-1 4.76452E-1 4.92654E-1 5.24959E-1 5.30501E-1 5.42572E-1 5.84256E-1 6.03509E-1 6.71112E-1 6.77732E-1 7.02551E-1 6.62962E-1 6.78253E-1 6.26142E-1 5.22439E-1 4.17297E-1 4.92469E-1 5.35226E-1 5.37896E-1 4.86863E-1 5.37115E-1 4.55171E-1 4.90479E-1 5.19507E-1 5.32291E-1 5.37421E-1 4.86204E-1 4.04266E-1 4.0225E-1 3.48069E-1 2.79647E-1 2.05425E-1 2.52474E-1 2.33054E-1 1.45011E-1 1.39384E-1 1.02188E-1 2.74356E-1 2.24018E-1 1.67839E-1 1.66258E-1 1.65203E-1 1.65876E-1 1.92815E-1 2.36286E-1 2.95304E-1 3.26013E-1 3.45785E-1
5.16765E-1 5.33309E-1 5.36511E-1 5.55892E-1 5.47527E-1 5.22801E-1 4.47527E-1 3.7053E-1 3.70217E-1 3.8744E-1 4.88794E-1 5.91435E-1 6.07205E-1 6.18198E-1 6.20672E-1 6.42072E-1 6.27691E-1 6.40993E-1 6.75369E-1 6.86558E-1 7.38343E-1 7.47359E-1 7.5247E-1 7.20926E-1 7.05553E-1 6.0723E-1 5.50653E-1 4.93127E-1 4.87002E-1 4.98969E-1 4.69146E-1 4.49162E-1 4.57294E-1 3.90417E-1 4.06933E-1 4.37569E-1 4.69158E-1 4.89013E-1 4.59555E-1 3.34499E-1 3.92992E-1 4.07361E-1 3.56882E-1 2.98782E-1 3.13761E-1 2.92095E-1 2.32511E-1 1.81581E-1 2.59478E-1 2.06135E-1 2.33369E-1 2.08288E-1 2.12404E-1 1.91566E-1 1.99201E-1 2.66725E-1 3.05701E-1 3.28161E-1 3.37826E-1 3.41883E-1
5.69355E-1 5.54764E-1 5.64026E-1 5.46395E-1 5.57328E-1 5.3157E-1 4.09285E-1 3.41166E-1 3.47181E-1 3.92018E-1 4.77054E-1 5.88884E-1 6.36837E-1 6.40503E-1 6.39182E-1 6.75708E-1 6.84842E-1 6.68272E-1 6.85548E-1 7.02579E-1 7.3342E-1 7.45902E-1 7.2938E-1 6.08928E-1 6.76517E-1 6.22912E-1 5.87932E-1 5.37562E-1 4.71443E-1 4.60334E-1 3.97881E-1 4.14203E-1 3.88551E-1 3.37987E-1 3.78321E-1 4.14061E-1 4.66816E-1 5.01789E-1 4.62749E-1 4.0581E-1 2.53628E-1 4.11972E-1 4.38907E-1 4.34341E-1 4.04123E-1 3.69387E-1 3.22387E-1 2.31133E-1 3.01413E-1 3.43562E-1 1.98156E-1 1.86904E-1 1.88777E-1 1.77107E-1 1.90983E-1 2.13272E-1 2.5432E-1 3.07364E-1 3.19124E-1 3.17761E-1
6.0221E-1 6.05183E-1 5.88089E-1 3.81126E-1 5.20599E-1 4.78976E-1 3.96834E-1 3.21632E-1 2.87962E-1 3.71742E-1 4.74589E-1 5.77459E-1 6.46959E-1 6.43675E-1 6.4357E-1 6.62133E-1 6.90956E-1 6.88939E-1 5.8968E-1 7.23795E-1 7.13375E-1 6.96974E-1 6.84198E-1 6.60222E-1 6.76171E-1 6.31981E-1 5.8837E-1 5.29695E-1 4.64779E-1 4.54383E-1 3.31113E-1 3.75556E-1 3.46793E-1 3.04032E-1 3.6644E-1 4.26404E-1 4.80209E-1 5.1817E-1 4.58666E-1 4.09062E-1 3.73476E-1 4.08681E-1 4.39179E-1 4.61328E-1 4.58334E-1 4.30165E-1 4.05628E-1 3.53381E-1 1.91363E-1 2.54494E-1 1.7409E-1 1.77776E-1 1.86393E-1 2.03195E-1 2.1949E-1 2.35277E-1 2.68685E-1 2.96899E-1 3.0966E-1 2.15692E-1
5.82347E-1 5.75005E-1 4.21332E-1 4.57227E-1 3.88245E-1 3.35056E-1 3.69038E-1 2.99769E-1 2.71109E-1 3.40734E-1 4.39555E-1 5.57248E-1 6.12025E-1 6.26012E-1 6.25991E-1 5.04796E-1 5.96813E-1 6.98808E-1 7.09908E-1 7.00566E-1 7.20099E-1 7.00537E-1 6.21788E-1 6.72904E-1 6.64141E-1 5.82589E-1 5.55039E-1 5.06001E-1 4.64247E-1 4.2129E-1 2.88043E-1 3.50721E-1 3.26368E-1 3.08576E-1 3.72127E-1 4.32624E-1 4.93531E-1 4.98992E-1 4.12505E-1 3.64831E-1 3.59401E-1 3.86296E-1 4.21157E-1 4.38888E-1 4.26941E-1 4.45165E-1 4.76441E-1 4.44769E-1 1.47899E-1 2.16977E-1 1.64603E-1 1.6136E-1 1.76025E-1 2.23185E-1 2.59923E-1 2.86995E-1 3.19757E-1 3.19969E-1 2.9149E-1 3.05373E-1
4.79893E-1 4.92709E-1 4.64731E-1 3.97654E-1 3.14635E-1 2.03575E-1 3.07259E-1 1.20757E-1 2.20075E-1 3.16133E-1 4.00302E-1 5.1428E-1 5.74974E-1 6.03722E-1 6.02384E-1 6.27991E-1 6.66158E-1 6.96264E-1 7.04619E-1 6.61847E-1 7.21055E-1 6.91289E-1 5.42378E-1 6.73062E-1 6.6721E-1 5.98358E-1 5.27675E-1 4.73188E-1 4.55715E-1 3.82647E-1 2.75566E-1 3.46979E-1 3.03402E-1 3.47998E-1 4.16799E-1 4.66701E-1 4.92909E-1 4.65304E-1 3.73657E-1 3.19881E-1 3.54039E-1 3.8661E-1 4.12191E-1 4.2847E-1 3.79514E-1 3.70851E-1 4.78989E-1 4.75749E-1 3.59337E-1 2.31401E-1 1.77459E-1 1.8026E-1 2.34986E-1 2.67353E-1 3.0749E-1 3.47712E-1 3.45246E-1 3.3292E-1 3.20191E-1 3.10113E-1
6.22023E-1 4.77556E-1 4.12321E-1 3.92936E-1 3.0009E-1 1.95386E-1 2.58886E-1 1.05317E-1 1.791E-1 2.58366E-1 3.52085E-1 4.48651E-1 5.21121E-1 5.77128E-1 5.68459E-1 5.99118E-1 6.31465E-1 6.67725E-1 6.68463E-1 6.5711E-1 7.26485E-1 7.04821E-1 5.59185E-1 6.79533E-1 6.67332E-1 6.09685E-1 5.50548E-1 4.72942E-1 4.31747E-1 3.16643E-1 3.01643E-1 3.45369E-1 3.28129E-1 3.96288E-1 4.60203E-1 5.07984E-1 5.08099E-1 4.28681E-1 3.52029E-1 3.67709E-1 3.57762E-1 3.94973E-1 4.31281E-1 4.46573E-1 4.56546E-1 4.2497E-1 4.7407E-1 4.77072E-1 4.14336E-1 3.09185E-1 2.64231E-1 2.83767E-1 3.2398E-1 3.3148E-1 3.57793E-1 3.84028E-1 3.5983E-1 2.56667E-1 3.77874E-1 4.35228E-1
4.80724E-1 5.2693E-1 3.07164E-1 2.99218E-1 2.59483E-1 2.16797E-1 2.10704E-1 1.76592E-1 1.76423E-1 2.23545E-1 3.23338E-1 4.2246E-1 4.91606E-1 5.46402E-1 5.23098E-1 5.01636E-1 5.6864E-1 6.32537E-1 6.8866E-1 6.91784E-1 6.58978E-1 5.98619E-1 7.05827E-1 6.76984E-1 6.81947E-1 6.09337E-1 5.23784E-1 4.58853E-1 4.19021E-1 2.32323E-1 3.54227E-1 3.41256E-1 3.61421E-1 4.34357E-1 4.71E-1 5.30689E-1 5.2871E-1 4.60626E-1 3.71782E-1 3.91379E-1 3.72084E-1 3.85358E-1 4.31224E-1 4.40398E-1 4.29707E-1 5.00158E-1 5.4236E-1 3.70208E-1 4.25794E-1 3.27614E-1 2.8519E-1 3.32059E-1 3.78808E-1 3.94312E-1 4.07491E-1 4.00351E-1 3.88396E-1 4.29633E-1 4.69108E-1 4.60668E-1
4.18351E-1 4.31561E-1 2.00726E-1 2.05429E-1 2.11324E-1 2.10917E-1 1.81664E-1 1.73754E-1 1.72623E-1 2.09005E-1 2.86347E-1 3.84078E-1 4.57018E-1 4.76183E-1 4.24895E-1 4.47076E-1 5.42957E-1 6.20216E-1 6.39679E-1 6.25445E-1 6.95188E-1 6.96774E-1 6.84832E-1 6.62889E-1 6.26002E-1 5.05379E-1 4.93969E-1 4.37627E-1 3.38274E-1 2.64064E-1 3.47801E-1 3.32451E-1 3.87146E-1 4.19856E-1 4.55425E-1 5.38617E-1 5.15127E-1 3.24851E-1 4.66177E-1 4.1594E-1 3.9563E-1 3.8394E-1 4.06765E-1 4.27551E-1 4.9985E-1 5.85924E-1 5.59558E-1 2.65322E-1 4.33608E-1 3.18102E-1 2.29648E-1 2.77581E-1 3.09112E-1 3.46864E-1 4.07655E-1 4.02962E-1 3.95257E-1 4.93177E-1 5.13462E-1 4.60166E-1
2.8798E-1 1.90454E-1 1.72364E-1 2.01026E-1 1.86325E-1 1.88197E-1 1.68274E-1 1.7231E-1 1.81054E-1 2.04554E-1 2.87818E-1 3.40644E-1 4.20115E-1 4.38969E-1 4.51203E-1 4.97531E-1 5.55804E-1 6.10079E-1 5.94762E-1 6.65378E-1 6.754E-1 6.59177E-1 6.20051E-1 5.79028E-1 5.05849E-1 4.00589E-1 4.38874E-1 4.27648E-1 2.18567E-1 3.33848E-1 3.61341E-1 3.63283E-1 4.02008E-1 4.21372E-1 4.92089E-1 5.3796E-1 5.14407E-1 4.76317E-1 5.08351E-1 4.85013E-1 3.82841E-1 2.59679E-1 3.97934E-1 4.44659E-1 5.27735E-1 5.3949E-1 4.98453E-1 1.74096E-1 4.38535E-1 3.24938E-1 2.0383E-1 2.51732E-1 2.96539E-1 3.98037E-1 4.33224E-1 3.31646E-1 4.37399E-1 5.17683E-1 5.00334E-1 4.61506E-1
1.97216E-1 1.57364E-1 1.47476E-1 1.51907E-1 1.38975E-1 1.71757E-1 1.72239E-1 2.00001E-1 1.96511E-1 2.06461E-1 2.72076E-1 3.30724E-1 4.45583E-1 4.42345E-1 4.67206E-1 5.15586E-1 5.23295E-1 5.77974E-1 6.1908E-1 6.38237E-1 6.34669E-1 5.941E-1 5.13984E-1 4.7225E-1 4.21025E-1 4.30201E-1 4.46182E-1 3.06497E-1 2.79915E-1 3.55409E-1 3.64032E-1 3.65487E-1 4.10426E-1 4.63129E-1 5.10272E-1 5.36683E-1 5.21935E-1 5.41698E-1 5.33022E-1 4.45449E-1 4.11624E-1 3.93506E-1 4.17883E-1 4.97798E-1 4.44571E-1 5.02822E-1 4.34004E-1 4.54298E-1 3.8871E-1 3.05635E-1 2.21885E-1 2.75938E-1 3.81912E-1 5.29298E-1 4.13209E-1 5.10979E-1 5.38511E-1 5.21208E-1 4.98368E-1 5.01028E-1
2.6607E-1 2.11757E-1 1.66399E-1 1.44434E-1 1.2955E-1 1.63213E-1 1.77713E-1 1.95342E-1 2.06308E-1 2.40455E-1 2.74698E-1 3.44681E-1 4.52567E-1 4.43832E-1 4.54708E-1 4.81923E-1 4.90474E-1 5.09081E-1 5.75803E-1 5.55177E-1 5.92744E-1 5.21658E-1 4.8331E-1 4.51925E-1 4.41115E-1 4.34529E-1 3.94105E-1 2.55195E-1 3.38456E-1 3.68385E-1 3.76773E-1 3.62178E-1 4.22404E-1 4.72358E-1 5.22185E-1 5.38188E-1 5.36657E-1 5.73068E-1 4.91608E-1 3.53856E-1 3.95466E-1 3.99013E-1 4.65057E-1 5.43022E-1 5.11485E-1 4.95875E-1 4.5485E-1 3.29505E-1 3.61774E-1 3.29514E-1 2.75811E-1 3.66046E-1 4.61041E-1 5.79188E-1 6.21367E-1 5.58867E-1 5.86253E-1 5.5522E-1 5.04494E-1 5.08027E-1
2.368E-1 2.26075E-1 1.9837E-1 1.85956E-1 1.85504E-1 2.18982E-1 2.11953E-1 2.20064E-1 2.34142E-1 2.90022E-1 2.9668E-1 3.53025E-1 4.30826E-1 4.42131E-1 4.60819E-1 5.19751E-1 5.24331E-1 5.34983E-1 5.90665E-1 4.61133E-1 5.8628E-1 5.71279E-1 4.96819E-1 4.07728E-1 3.7807E-1 3.24602E-1 3.1763E-1 2.96474E-1 3.74136E-1 3.80353E-1 3.41283E-1 3.27794E-1 4.18794E-1 4.69665E-1 5.13719E-1 5.35679E-1 5.46523E-1 5.38539E-1 4.11964E-1 3.9941E-1 3.92881E-1 4.15907E-1 3.8081E-1 5.53334E-1 1.59167E-1 4.83514E-1 3.53948E-1 3.17835E-1 3.64257E-1 3.3626E-1 3.23984E-1 4.23518E-1 4.30053E-1 5.1244E-1 5.38202E-1 5.7196E-1 6.11781E-1 5.59873E-1 5.22068E-1 4.9809E-1
