Phytophthora/models/20240506_1445_31/Phytophthora_PA3_RUN3_MAXENT_outputs/Phytophthora_PA3_RUN3.asc
ncols         225
nrows         269
xllcorner     473009.9838
yllcorner     4429051.1748
cellsize      50.0
NODATA_value  -9999
[rows 156 to 181 of 269, columns 120 to 179 of 225]
3.48918E-1 2.66357E-1 2.64152E-1 3.42406E-1 3.20001E-1 2.97422E-1 2.85798E-1 2.7953E-1 2.38747E-1 2.37852E-1 2.96277E-1 3.58547E-1 3.84612E-1 3.42076E-1 2.88609E-1 2.29618E-1 2.60219E-1 3.05419E-1 3.4174E-1 3.55046E-1 3.58463E-1 3.12782E-1 4.20955E-1 4.09652E-1 3.8002E-1 3.72267E-1 3.56353E-1 3.5432E-1 1.39262E-1 3.64961E-1 3.24014E-1 3.72383E-1 4.32947E-1 4.38949E-1 4.33433E-1 4.216E-1 2.89052E-1 3.42999E-1 3.43884E-1 3.4549E-1 3.59289E-1 4.03799E-1 4.0028E-1 3.68134E-1 2.99636E-1 2.95545E-1 1.33855E-1 1.74801E-1 1.56423E-1 1.8947E-1 2.58114E-1 3.50738E-1 4.28004E-1 3.69895E-1 2.09339E-1 3.4057E-1 3.86918E-1 4.35888E-1 2.40842E-1 2.30238E-1
3.27994E-1 3.30775E-1 2.7075E-1 2.68766E-1 2.55187E-1 2.21963E-1 2.47776E-1 2.26777E-1 2.66659E-1 1.742E-1 3.68907E-1 4.27009E-1 3.91996E-1 3.43246E-1 2.90087E-1 2.75997E-1 3.10407E-1 3.52126E-1 3.97299E-1 3.80684E-1 3.62763E-1 2.68874E-1 4.23477E-1 4.22374E-1 4.36264E-1 4.29661E-1 4.16619E-1 4.12739E-1 4.57691E-1 3.27824E-1 2.97894E-1 3.3912E-1 3.84388E-1 4.10944E-1 3.94068E-1 3.71099E-1 3.36653E-1 3.1959E-1 3.2072E-1 3.35908E-1 3.63191E-1 4.12076E-1 4.12548E-1 2.84254E-1 3.13632E-1 2.94397E-1 6.17854E-2 1.57345E-1 1.68733E-1 1.93574E-1 2.92139E-1 3.92948E-1 4.38104E-1 3.97742E-1 3.63706E-1 3.62468E-1 4.07165E-1 3.97814E-1 3.60477E-1 2.92543E-1
3.15443E-1 2.77647E-1 2.27602E-1 2.29952E-1 2.13971E-1 1.67803E-1 2.60481E-1 2.65339E-1 2.01487E-1 3.66945E-1 4.01859E-1 4.24044E-1 3.88252E-1 3.43384E-1 3.1715E-1 3.25869E-1 3.56197E-1 3.98059E-1 4.41104E-1 4.19527E-1 3.64253E-1 3.57896E-1 4.13479E-1 4.20438E-1 4.39734E-1 4.52886E-1 4.50036E-1 3.79731E-1 3.95026E-1 3.56037E-1 3.44934E-1 3.21391E-1 3.40878E-1 3.37651E-1 3.15272E-1 3.05871E-1 2.96304E-1 2.9292E-1 2.72009E-1 2.62385E-1 3.34246E-1 3.96442E-1 4.02026E-1 2.25435E-1 3.46979E-1 3.13793E-1 6.67065E-2 1.05021E-1 1.47223E-1 2.19533E-1 3.30454E-1 4.09025E-1 4.33656E-1 3.97281E-1 3.72583E-1 3.6263E-1 3.46268E-1 4.25962E-1 3.21035E-1 2.36427E-1
2.82022E-1 2.07811E-1 2.03437E-1 2.04976E-1 1.74903E-1 1.47586E-1 1.94626E-1 3.08788E-1 2.50257E-1 3.70241E-1 4.25074E-1 4.35967E-1 4.24013E-1 3.94482E-1 3.65274E-1 3.83769E-1 4.12349E-1 4.4263E-1 4.62341E-1 4.3992E-1 3.84463E-1 3.5096E-1 3.40472E-1 3.37347E-1 3.51664E-1 2.83898E-1 4.27865E-1 2.92091E-1 4.2731E-1 4.26133E-1 3.44792E-1 2.65543E-1 2.30462E-1 2.23242E-1 2.16086E-1 1.91748E-1 2.33352E-1 2.52602E-1 2.2554E-1 2.17923E-1 3.0257E-1 3.68546E-1 3.915E-1 3.6788E-1 2.4208E-1 3.19944E-1 5.95622E-2 1.42756E-1 1.46848E-1 1.96127E-1 2.88852E-1 4.43127E-1 4.5035E-1 4.17703E-1 3.6445E-1 3.73704E-1 3.74032E-1 3.74166E-1 2.91284E-1 2.27539E-1
2.76927E-1 2.02008E-1 1.6629E-1 1.51288E-1 1.33786E-1 1.97307E-1 3.18387E-1 3.35367E-1 2.7073E-1 3.71692E-1 4.24145E-1 4.52941E-1 4.57094E-1 4.24606E-1 3.96798E-1 4.21815E-1 4.747E-1 4.86104E-1 4.77896E-1 3.11099E-1 3.17923E-1 3.61875E-1 3.5278E-1 3.5781E-1 3.85007E-1 1.4734E-1 2.55384E-1 3.51721E-1 2.34875E-1 3.62181E-1 2.8242E-1 1.96262E-1 1.53149E-1 1.39409E-1 1.29636E-1 1.20225E-1 1.49086E-1 1.94082E-1 1.85121E-1 2.01748E-1 2.7625E-1 3.35408E-1 3.80292E-1 3.69828E-1 3.52268E-1 3.21479E-1 9.10153E-2 2.22268E-1 2.14254E-1 2.43159E-1 2.79956E-1 4.07274E-1 4.84775E-1 4.26912E-1 3.85401E-1 3.8677E-1 3.68765E-1 3.18693E-1 2.69717E-1 2.26608E-1
1.5241E-1 2.25415E-1 1.52775E-1 1.47633E-1 1.7027E-1 2.7234E-1 3.53059E-1 3.57076E-1 2.33661E-1 2.99633E-1 2.43245E-1 4.55968E-1 4.56451E-1 4.39091E-1 4.06669E-1 4.4302E-1 4.98846E-1 5.17846E-1 5.02234E-1 4.69058E-1 4.3012E-1 3.83085E-1 3.93653E-1 3.02983E-1 3.72952E-1 1.12234E-1 1.22031E-1 2.06927E-1 3.54445E-1 2.85125E-1 2.03282E-1 1.49674E-1 1.00622E-1 9.08986E-2 1.11713E-1 1.31424E-1 1.4356E-1 1.41027E-1 1.55892E-1 2.03996E-1 2.6248E-1 3.21045E-1 3.46885E-1 3.59643E-1 3.45861E-1 2.62135E-1 2.42941E-1 2.84587E-1 2.62424E-1 2.4282E-1 3.00005E-1 2.55914E-1 4.72045E-1 4.60092E-1 4.30218E-1 2.51728E-1 3.24694E-1 3.04902E-1 2.86559E-1 2.41384E-1
3.31208E-1 2.74223E-1 2.05378E-1 2.48354E-1 2.1433E-1 2.58129E-1 3.47989E-1 3.71758E-1 3.95175E-1 4.40798E-1 4.36834E-1 4.05952E-1 4.52044E-1 4.4467E-1 4.00232E-1 4.36808E-1 5.08256E-1 5.06013E-1 8.87229E-2 2.587E-1 3.88875E-1 2.05875E-1 3.28835E-1 2.18963E-1 1.74627E-1 1.48512E-1 1.18525E-1 1.46595E-1 2.40941E-1 2.25164E-1 1.63611E-1 1.11605E-1 8.81333E-2 1.08384E-1 1.56163E-1 1.81004E-1 1.9228E-1 1.93472E-1 1.71802E-1 2.07686E-1 2.52254E-1 3.21108E-1 3.46883E-1 2.80749E-1 3.48896E-1 3.62698E-1 1.40995E-1 3.20529E-1 2.60713E-1 6.73774E-2 1.22054E-1 2.10796E-1 1.90443E-1 2.76196E-1 1.60317E-1 3.56145E-1 2.91558E-1 2.88534E-1 2.991E-1 3.05157E-1
3.4284E-1 3.2566E-1 2.52364E-1 2.33477E-1 1.72656E-1 2.56174E-1 3.08693E-1 3.54796E-1 4.01037E-1 4.54846E-1 4.66682E-1 3.10931E-1 4.71383E-1 4.60777E-1 4.06554E-1 4.09795E-1 2.32015E-1 3.50448E-1 4.65723E-1 4.19472E-1 1.1022E-1 1.236E-1 3.56982E-1 1.86168E-1 2.26667E-1 1.86683E-1 1.89865E-1 1.82433E-1 2.09598E-1 1.15661E-1 1.5231E-1 1.24308E-1 1.47858E-1 1.73396E-1 2.1455E-1 2.51242E-1 2.61198E-1 2.55754E-1 2.09582E-1 1.96266E-1 2.38882E-1 3.00797E-1 3.44889E-1 3.38131E-1 3.49282E-1 1.14843E-1 1.68018E-1 2.42173E-1 2.81492E-1 1.94609E-1 1.78635E-1 3.16219E-1 4.52466E-1 3.64855E-1 3.15715E-1 3.322E-1 3.53842E-1 3.5687E-1 3.4178E-1 3.58354E-1
3.63843E-1 3.3968E-1 2.5869E-1 2.26364E-1 2.02278E-1 2.65389E-1 3.21076E-1 3.62475E-1 3.68035E-1 4.60538E-1 4.83721E-1 3.45609E-1 5.08113E-1 5.09033E-1 2.68866E-1 2.45753E-1 1.72614E-1 4.31609E-1 2.45595E-1 2.43701E-1 1.97529E-1 2.03179E-1 1.86575E-1 3.48919E-1 3.10571E-1 2.87334E-1 2.7445E-1 2.53529E-1 2.35734E-1 1.15429E-1 1.61559E-1 1.71747E-1 1.94786E-1 2.36735E-1 2.99615E-1 3.26463E-1 3.44659E-1 3.21717E-1 2.56486E-1 2.29512E-1 2.19686E-1 2.61615E-1 3.20527E-1 3.29831E-1 3.39759E-1 2.5661E-1 2.87614E-1 2.91326E-1 2.73219E-1 2.20867E-1 2.08749E-1 3.1006E-1 4.00935E-1 4.12449E-1 2.5254E-1 3.13668E-1 3.77417E-1 4.30373E-1 4.42357E-1 4.3915E-1
3.02639E-1 2.71982E-1 2.3815E-1 2.25777E-1 2.00988E-1 2.40335E-1 3.06624E-1 3.65777E-1 4.2256E-1 4.73574E-1 4.82878E-1 3.96075E-1 4.53796E-1 3.48807E-1 2.52573E-1 1.77238E-1 2.94396E-1 4.38689E-1 2.9817E-1 2.92619E-1 3.23119E-1 3.03504E-1 3.06083E-1 4.24825E-1 4.28575E-1 3.92978E-1 3.16677E-1 2.45191E-1 2.67318E-1 1.32231E-1 2.54393E-1 2.14254E-1 2.45304E-1 3.15603E-1 3.65395E-1 3.79225E-1 3.76765E-1 3.4717E-1 3.00712E-1 2.65361E-1 2.50658E-1 2.46287E-1 2.72349E-1 3.0262E-1 3.10522E-1 3.33591E-1 3.10836E-1 2.46287E-1 2.66694E-1 2.64884E-1 2.77711E-1 2.4968E-1 2.52039E-1 1.73027E-1 2.26296E-1 2.80096E-1 3.19608E-1 4.30676E-1 4.5895E-1 4.7538E-1
2.4472E-1 2.91366E-1 2.09521E-1 2.17667E-1 2.05802E-1 2.40269E-1 2.93723E-1 3.53666E-1 4.21241E-1 4.87702E-1 4.99844E-1 3.83566E-1 4.28168E-1 2.45941E-1 2.37831E-1 2.49193E-1 3.14367E-1 4.46727E-1 3.417E-1 4.00532E-1 4.12905E-1 4.11197E-1 4.19653E-1 4.30743E-1 4.55942E-1 4.42371E-1 3.95417E-1 2.75844E-1 2.78636E-1 2.79326E-1 2.10467E-1 2.87128E-1 3.07143E-1 3.8167E-1 4.01225E-1 3.92531E-1 3.6663E-1 3.43236E-1 3.07857E-1 2.88089E-1 3.06642E-1 2.94385E-1 2.66842E-1 2.75659E-1 1.20973E-1 3.66127E-1 3.55883E-1 2.69318E-1 1.34596E-1 2.53484E-1 2.39898E-1 1.74602E-1 1.73573E-1 2.02114E-1 2.35389E-1 2.58044E-1 1.89614E-1 3.6228E-1 3.34778E-1 4.74836E-1
2.7397E-1 1.38209E-1 2.42123E-1 2.26645E-1 2.33775E-1 2.57266E-1 3.04072E-1 3.2426E-1 3.69763E-1 4.71275E-1 5.00067E-1 5.03638E-1 4.96532E-1 4.26673E-1 2.79359E-1 2.98949E-1 4.49941E-1 4.47721E-1 4.59374E-1 4.53032E-1 4.55644E-1 4.54981E-1 4.61427E-1 4.37236E-1 4.44659E-1 4.55543E-1 4.15519E-1 2.71338E-1 2.91773E-1 2.17282E-1 1.99133E-1 2.88494E-1 1.65532E-1 4.19717E-1 4.01475E-1 2.33911E-1 2.897E-1 3.10125E-1 3.01833E-1 2.79701E-1 2.9427E-1 3.22322E-1 2.86375E-1 2.17887E-1 1.98534E-1 3.67814E-1 3.89905E-1 3.06372E-1 2.88109E-1 3.16121E-1 1.88552E-1 1.80889E-1 1.70215E-1 1.85634E-1 2.10096E-1 2.67075E-1 3.11173E-1 5.7621E-1 5.33836E-1 4.93509E-1
1.78531E-1 1.39604E-1 1.1731E-1 1.8908E-1 2.36968E-1 2.71921E-1 3.20122E-1 3.53996E-1 3.46537E-1 4.38865E-1 5.01651E-1 5.34403E-1 3.41037E-1 2.91759E-1 4.25632E-1 4.35516E-1 4.71308E-1 4.84325E-1 4.89207E-1 4.7763E-1 4.48928E-1 4.70551E-1 4.63894E-1 4.25476E-1 3.02992E-1 4.05994E-1 2.15819E-1 2.09092E-1 2.39575E-1 1.69739E-1 1.34357E-1 9.06213E-2 2.50251E-1 1.47176E-1 4.25261E-1 3.87886E-1 3.55186E-1 3.07084E-1 2.82389E-1 2.60845E-1 2.90589E-1 3.25192E-1 2.98116E-1 2.21229E-1 2.78537E-1 3.28927E-1 3.02308E-1 2.97783E-1 2.90057E-1 2.73627E-1 2.49159E-1 2.27821E-1 2.14903E-1 1.60734E-1 2.42515E-1 2.93977E-1 4.15565E-1 5.25074E-1 6.34305E-1 5.33438E-1
2.42401E-1 1.88641E-1 1.26364E-1 8.79267E-2 9.24922E-2 1.44502E-1 2.56033E-1 1.51664E-1 3.955E-1 4.56331E-1 4.93754E-1 5.56313E-1 5.46951E-1 4.82789E-1 4.60192E-1 4.58532E-1 4.89857E-1 4.84063E-1 4.71813E-1 4.53208E-1 4.28029E-1 4.48396E-1 4.61789E-1 4.3358E-1 2.68586E-1 4.19271E-1 3.64667E-1 3.45272E-1 3.18384E-1 2.31136E-1 1.78036E-1 1.5645E-1 2.02253E-1 4.00548E-1 4.52935E-1 3.72686E-1 3.09906E-1 2.57405E-1 2.90366E-1 2.97279E-1 2.94766E-1 3.10315E-1 2.9899E-1 2.54967E-1 1.56532E-1 3.09096E-1 1.72023E-1 2.58011E-1 2.89006E-1 2.73442E-1 2.05537E-1 2.46974E-1 1.75173E-1 2.72562E-1 3.06146E-1 3.71682E-1 4.60352E-1 5.06949E-1 6.02369E-1 5.49598E-1
2.74596E-1 1.94253E-1 1.69856E-1 1.30784E-1 7.06253E-2 6.3278E-2 1.00655E-1 1.74899E-1 3.15244E-1 3.22563E-1 4.02417E-1 5.65461E-1 5.67776E-1 5.24958E-1 4.73256E-1 4.19099E-1 4.41214E-1 4.02442E-1 4.39592E-1 4.0112E-1 4.11698E-1 4.56899E-1 4.70925E-1 4.44677E-1 4.05918E-1 4.57121E-1 4.03474E-1 3.69964E-1 3.59192E-1 3.68111E-1 3.63563E-1 3.53478E-1 3.44771E-1 3.60408E-1 3.41416E-1 3.05589E-1 2.6156E-1 2.17864E-1 3.06089E-1 2.96027E-1 2.87662E-1 2.90242E-1 2.82033E-1 2.16624E-1 8.46555E-2 2.9108E-1 1.709E-1 2.2854E-1 2.91326E-1 2.85805E-1 2.74494E-1 2.502E-1 2.77823E-1 3.16839E-1 3.6097E-1 3.98085E-1 4.48749E-1 5.17299E-1 5.83973E-1 5.32018E-1
2.7698E-1 2.18759E-1 1.78067E-1 1.49214E-1 1.48273E-1 5.06441E-2 6.66418E-2 1.06924E-1 1.65036E-1 2.49131E-1 4.05167E-1 4.84762E-1 3.64178E-1 5.25683E-1 4.52363E-1 3.81655E-1 3.17018E-1 3.36986E-1 3.84438E-1 2.76036E-1 4.42957E-1 4.58483E-1 4.64249E-1 4.557E-1 4.29177E-1 4.63412E-1 4.55372E-1 3.99066E-1 3.81554E-1 3.20921E-1 4.02129E-1 3.96485E-1 3.87067E-1 2.8766E-1 3.73471E-1 2.99107E-1 2.22379E-1 1.78576E-1 2.18489E-1 2.71945E-1 2.60262E-1 2.56893E-1 2.70744E-1 1.78344E-1 4.59187E-2 1.37765E-1 1.74951E-1 1.79005E-1 2.81671E-1 3.02049E-1 2.27441E-1 2.69983E-1 3.02512E-1 3.55939E-1 3.82044E-1 4.11606E-1 4.44198E-1 4.93467E-1 5.23157E-1 4.51001E-1
2.96548E-1 2.70271E-1 1.98233E-1 1.61766E-1 1.27416E-1 1.33001E-1 7.03469E-2 8.36137E-2 1.19348E-1 1.65053E-1 2.38452E-1 2.8164E-1 4.58244E-1 2.75118E-1 4.80405E-1 3.64203E-1 2.81785E-1 2.38636E-1 2.99856E-1 1.84525E-1 4.64849E-1 4.41684E-1 4.55031E-1 3.88055E-1 4.50685E-1 4.70862E-1 3.75587E-1 3.02621E-1 3.55625E-1 4.32043E-1 4.43872E-1 4.64221E-1 4.4346E-1 2.36644E-1 3.2864E-1 2.91939E-1 2.16806E-1 1.77635E-1 3.22852E-1 2.91033E-1 3.19949E-1 3.00234E-1 3.32978E-1 3.09169E-1 1.09103E-1 1.17555E-1 2.15437E-1 2.92205E-1 4.21909E-1 3.95696E-1 3.64257E-1 3.61432E-1 3.6817E-1 3.77745E-1 4.11812E-1 4.52675E-1 4.33939E-1 3.97693E-1 3.99948E-1 3.70323E-1
3.07807E-1 2.85683E-1 2.28114E-1 1.80557E-1 1.56424E-1 1.31574E-1 1.40526E-1 8.34727E-2 9.51053E-2 1.20085E-1 1.574E-1 1.63538E-1 2.44357E-1 3.38439E-1 1.89724E-1 3.89042E-1 2.74409E-1 2.40641E-1 2.30273E-1 4.05516E-1 2.70168E-1 4.49431E-1 4.52121E-1 3.63486E-1 4.37115E-1 4.74182E-1 4.59592E-1 4.04606E-1 4.00366E-1 4.42396E-1 4.36637E-1 4.60356E-1 4.00342E-1 4.53208E-1 3.22536E-1 2.52014E-1 2.00476E-1 1.81602E-1 3.25443E-1 1.32935E-1 2.89004E-1 3.54746E-1 3.74591E-1 3.05748E-1 4.7249E-2 1.97294E-1 2.7887E-1 1.64176E-1 5.07242E-1 4.20328E-1 3.85562E-1 4.06599E-1 3.78608E-1 3.73269E-1 4.7535E-1 4.79747E-1 4.18387E-1 3.51179E-1 2.91161E-1 3.09996E-1
3.29616E-1 2.89098E-1 2.23752E-1 1.88374E-1 1.70232E-1 1.43318E-1 1.37827E-1 1.45827E-1 1.37481E-1 9.93038E-2 1.26865E-1 1.30466E-1 1.74364E-1 1.9838E-1 3.39194E-1 2.80857E-1 3.56966E-1 2.6475E-1 2.6853E-1 3.15424E-1 4.50961E-1 3.27678E-1 4.5304E-1 3.46133E-1 4.24799E-1 4.61892E-1 4.2309E-1 3.8848E-1 3.85649E-1 4.25378E-1 4.29441E-1 4.53221E-1 2.91488E-1 4.27056E-1 3.03808E-1 2.35106E-1 2.19085E-1 2.11472E-1 2.21429E-1 9.76925E-2 3.30777E-1 3.632E-1 3.83425E-1 3.26193E-1 1.23768E-1 1.10555E-1 2.86004E-1 1.56887E-1 5.05978E-1 4.13946E-1 2.88536E-1 3.81393E-1 3.67612E-1 3.40459E-1 3.46851E-1 4.41447E-1 3.85886E-1 3.04678E-1 2.3652E-1 2.56403E-1
3.30736E-1 2.97681E-1 2.2375E-1 2.00776E-1 1.84856E-1 1.57271E-1 1.3154E-1 1.41797E-1 1.56752E-1 8.83529E-2 8.69471E-2 9.31002E-2 1.43302E-1 1.73515E-1 2.87695E-1 2.34257E-1 3.4727E-1 2.85111E-1 2.88947E-1 3.10028E-1 3.69115E-1 4.01172E-1 4.51986E-1 2.84374E-1 3.53948E-1 4.05894E-1 3.47056E-1 3.80034E-1 3.53408E-1 4.07934E-1 4.11015E-1 2.77035E-1 4.52916E-1 3.49607E-1 2.61716E-1 2.47647E-1 2.35631E-1 2.33827E-1 1.88477E-1 2.68291E-1 3.70678E-1 3.97233E-1 3.83085E-1 3.50366E-1 8.16277E-2 1.50106E-1 2.95923E-1 3.45324E-1 5.0443E-1 3.68558E-1 3.51718E-1 3.54038E-1 3.55969E-1 3.13285E-1 2.90146E-1 3.32977E-1 3.23744E-1 2.87992E-1 2.35815E-1 2.21938E-1
3.57003E-1 3.15398E-1 2.25831E-1 2.04149E-1 1.96004E-1 1.76169E-1 1.43241E-1 1.33311E-1 1.41307E-1 1.4657E-1 9.10599E-2 1.05479E-1 1.4553E-1 1.73331E-1 2.10357E-1 2.96291E-1 1.97088E-1 3.28644E-1 3.1308E-1 3.07449E-1 3.35594E-1 4.16347E-1 2.79968E-1 4.06612E-1 3.322E-1 1.65789E-1 3.42566E-1 3.70432E-1 3.32064E-1 1.89253E-1 1.49735E-1 2.65784E-1 2.88326E-1 2.57164E-1 2.68079E-1 2.62955E-1 2.56619E-1 2.93417E-1 3.14592E-1 3.33194E-1 3.57743E-1 3.68519E-1 3.30555E-1 3.27171E-1 1.84157E-1 2.59343E-1 3.13515E-1 3.94103E-1 4.24186E-1 3.78958E-1 4.00841E-1 4.14504E-1 3.60695E-1 3.09998E-1 2.76311E-1 2.94785E-1 2.78782E-1 2.48249E-1 2.2117E-1 1.93444E-1
3.6628E-1 3.15634E-1 2.19821E-1 2.0538E-1 2.03781E-1 1.88874E-1 1.58429E-1 1.35913E-1 1.26478E-1 1.14329E-1 1.3259E-1 9.25394E-2 1.18885E-1 1.3749E-1 1.61323E-1 2.36322E-1 2.58318E-1 3.86731E-1 3.84402E-1 3.44811E-1 3.6453E-1 4.35034E-1 3.34718E-1 3.59791E-1 3.17973E-1 3.75069E-1 2.7291E-1 3.19131E-1 8.31257E-2 2.91121E-1 3.14605E-1 3.50615E-1 2.16814E-1 2.48302E-1 2.82173E-1 2.80616E-1 1.40612E-1 3.10138E-1 3.32957E-1 3.51306E-1 3.55784E-1 3.48116E-1 3.39201E-1 3.06204E-1 2.71732E-1 1.18479E-1 3.8685E-1 4.88069E-1 4.52615E-1 4.66493E-1 4.85967E-1 4.76693E-1 3.86993E-1 3.37999E-1 2.85966E-1 2.60426E-1 2.23744E-1 2.05978E-1 1.85364E-1 1.75478E-1
2.73078E-1 2.97412E-1 2.19633E-1 2.10824E-1 2.03904E-1 1.881E-1 1.66787E-1 1.47176E-1 1.11857E-1 1.11839E-1 1.1376E-1 1.18145E-1 1.08078E-1 1.28589E-1 1.40642E-1 2.00356E-1 2.91382E-1 2.65383E-1 3.84517E-1 3.92307E-1 3.94728E-1 4.49312E-1 2.68445E-1 4.06904E-1 3.23346E-1 3.82176E-1 2.3094E-1 2.81495E-1 2.11088E-1 3.55872E-1 2.27607E-1 2.27706E-1 2.1464E-1 2.39126E-1 2.69337E-1 2.75103E-1 2.73372E-1 3.10817E-1 3.26687E-1 3.36718E-1 3.30869E-1 2.94805E-1 2.81786E-1 2.58145E-1 2.72416E-1 1.08591E-1 3.76823E-1 3.64627E-1 3.75634E-1 3.77495E-1 3.87435E-1 4.05209E-1 3.90064E-1 3.20376E-1 2.34783E-1 1.90177E-1 1.75551E-1 1.76117E-1 1.74327E-1 1.73446E-1
1.41199E-1 2.99054E-1 2.23457E-1 2.09693E-1 2.13679E-1 1.99158E-1 1.76021E-1 1.66463E-1 1.24467E-1 1.03368E-1 1.06057E-1 1.23278E-1 1.18136E-1 1.27401E-1 1.60355E-1 1.95965E-1 1.91031E-1 2.8929E-1 3.48137E-1 4.71502E-1 4.39524E-1 4.69722E-1 1.908E-1 4.11315E-1 3.49913E-1 1.23899E-1 3.56093E-1 2.23155E-1 1.74379E-1 2.61504E-1 1.538E-1 1.58369E-1 2.71144E-1 2.91637E-1 2.83981E-1 2.44623E-1 2.95228E-1 3.09371E-1 3.04221E-1 3.10035E-1 3.17081E-1 2.90797E-1 2.57401E-1 1.94327E-1 1.02427E-1 8.83114E-2 3.30822E-1 2.73713E-1 2.95276E-1 2.64636E-1 2.88974E-1 3.20363E-1 3.35457E-1 2.39328E-1 1.71942E-1 2.10712E-1 2.36218E-1 2.27111E-1 2.18067E-1 1.77152E-1
2.50235E-1 3.20258E-1 2.39462E-1 2.18994E-1 2.37892E-1 2.11267E-1 1.78803E-1 1.72664E-1 1.37094E-1 1.22811E-1 1.2237E-1 1.37189E-1 1.58016E-1 1.60985E-1 1.84574E-1 2.14321E-1 2.34659E-1 3.02699E-1 4.1412E-1 3.71052E-1 5.10296E-1 4.53372E-1 3.72491E-1 4.44794E-1 1.77543E-1 2.30596E-1 1.61038E-1 1.45203E-1 1.21439E-1 1.09756E-1 9.22968E-2 9.88242E-2 2.7601E-1 3.18657E-1 2.47866E-1 2.47499E-1 2.81814E-1 2.88571E-1 2.68234E-1 2.83986E-1 2.61829E-1 2.63852E-1 2.27328E-1 9.20976E-2 1.89878E-2 5.33038E-2 2.82513E-1 1.73793E-1 2.32437E-1 2.12284E-1 2.43919E-1 2.45599E-1 2.14063E-1 1.98901E-1 2.32996E-1 2.09409E-1 2.30768E-1 2.13616E-1 2.21019E-1 1.54434E-1
3.9022E-1 3.32278E-1 2.5729E-1 2.56245E-1 2.43577E-1 1.94311E-1 1.82378E-1 1.7905E-1 1.53807E-1 1.43598E-1 1.39018E-1 1.5394E-1 1.71001E-1 1.96046E-1 1.58144E-1 1.82949E-1 2.36277E-1 3.60922E-1 4.34448E-1 4.96415E-1 3.48437E-1 2.93853E-1 2.36811E-1 2.38029E-1 2.48362E-1 1.6933E-1 1.29382E-1 1.00136E-1 8.79592E-2 8.70756E-2 7.36845E-2 1.54338E-1 8.60283E-2 6.84503E-2 3.68188E-1 1.98304E-1 1.97161E-1 1.9273E-1 2.25858E-1 2.3762E-1 2.67357E-1 3.1243E-1 2.2473E-1 5.86088E-2 2.77236E-2 4.27696E-2 9.18755E-2 2.52017E-1 2.04798E-1 2.3798E-1 2.25381E-1 1.86352E-1 1.62066E-1 2.08573E-1 1.84862E-1 1.77831E-1 2.11446E-1 2.08887E-1 2.19223E-1 1.62702E-1
