Phytophthora/models/20240501_1439_25/Phytophthora_PA3_RUN7_MAXENT_outputs/Phytophthora_PA3_RUN7.asc
ncols         225
nrows         269
xllcorner     473000.0
yllcorner     4429100.0
cellsize      50.0
NODATA_value  -9999
[rows 189 to 215 of 269, columns 0 to 59 of 225]
-9999 -9999 -9999 -9999 -9999 -9999 -9999 -9999 -9999 -9999 -9999 -9999 -9999 -9999 -9999 -9999 7.36047E-1 8.30444E-1 8.11842E-1 7.49278E-1 4.60861E-1 3.56558E-1 3.71517E-1 4.2649E-1 4.80647E-1 5.61304E-1 5.59208E-1 5.51178E-1 5.60604E-1 5.28197E-1 6.08121E-1 5.85395E-1 6.61876E-1 8.11689E-1 6.20909E-1 4.80262E-1 5.64741E-1 6.15716E-1 6.15018E-1 6.77362E-1 5.35686E-1 4.70999E-1 3.49887E-1 3.40661E-1 4.0452E-1 7.01205E-1 7.0226E-1 7.06608E-1 6.91092E-1 7.6662E-1 6.76409E-1 5.91242E-1 5.32108E-1 5.50186E-1 5.30609E-1 5.76698E-1 6.16009E-1 6.59371E-1 6.71747E-1 6.27225E-1
-9999 -9999 -9999 -9999 -9999 -9999 -9999 -9999 -9999 -9999 -9999 -9999 -9999 -9999 -9999 8.42448E-1 8.27391E-1 8.41625E-1 8.1139E-1 7.16745E-1 4.06695E-1 3.14788E-1 3.49786E-1 4.09868E-1 3.90489E-1 5.27566E-1 4.95061E-1 4.93794E-1 5.26373E-1 4.94793E-1 5.9727E-1 6.3847E-1 7.088E-1 7.54083E-1 8.07199E-1 7.35582E-1 5.61859E-1 5.64136E-1 6.10438E-1 6.92744E-1 5.51779E-1 3.75387E-1 3.09828E-1 3.3716E-1 4.05556E-1 6.83035E-1 6.70786E-1 6.8976E-1 7.82129E-1 6.9588E-1 5.80683E-1 5.45304E-1 5.4322E-1 5.57568E-1 5.80505E-1 6.30328E-1 6.66126E-1 6.76327E-1 6.5072E-1 6.01035E-1
-9999 -9999 -9999 -9999 -9999 -9999 -9999 -9999 -9999 -9999 -9999 -9999 -9999 -9999 -9999 4.87581E-1 4.49618E-1 4.62308E-1 4.20758E-1 2.98725E-1 2.38632E-1 2.28889E-1 2.60418E-1 2.62432E-1 2.85571E-1 2.73624E-1 2.82002E-1 2.68233E-1 2.98018E-1 3.22252E-1 4.38478E-1 4.78282E-1 4.9062E-1 4.8299E-1 4.0223E-1 5.46361E-1 5.08839E-1 4.93623E-1 5.8323E-1 6.85186E-1 6.64595E-1 5.27179E-1 4.73602E-1 5.02586E-1 4.77622E-1 3.55278E-1 3.46081E-1 2.76859E-1 4.43428E-1 3.92329E-1 4.61843E-1 4.86364E-1 5.39676E-1 5.74011E-1 6.07073E-1 6.96889E-1 7.17919E-1 7.31302E-1 7.00419E-1 6.54438E-1
-9999 -9999 -9999 -9999 -9999 -9999 -9999 -9999 -9999 -9999 -9999 -9999 -9999 -9999 -9999 -9999 4.76822E-1 4.10774E-1 2.95201E-1 2.21298E-1 2.37731E-1 2.5957E-1 2.80728E-1 2.63758E-1 2.56927E-1 2.38683E-1 2.53121E-1 2.74166E-1 3.25583E-1 3.69842E-1 4.75543E-1 4.67194E-1 5.06965E-1 5.31948E-1 5.36213E-1 2.62815E-1 5.21463E-1 6.03554E-1 6.79479E-1 6.47471E-1 5.30634E-1 5.10297E-1 4.6518E-1 4.70615E-1 4.28235E-1 3.0858E-1 2.78328E-1 4.13582E-1 2.50065E-1 2.68595E-1 3.97431E-1 4.5852E-1 5.06751E-1 5.3689E-1 5.49202E-1 7.1669E-1 6.9553E-1 7.64537E-1 7.40513E-1 6.67324E-1
-9999 -9999 -9999 -9999 -9999 -9999 -9999 -9999 -9999 -9999 -9999 -9999 -9999 -9999 -9999 -9999 3.79454E-1 2.93902E-1 2.43008E-1 2.39674E-1 3.15415E-1 3.20081E-1 2.77931E-1 2.62559E-1 2.64535E-1 2.32779E-1 2.59986E-1 3.06928E-1 3.52229E-1 4.10461E-1 5.01395E-1 5.14079E-1 5.35479E-1 5.50436E-1 5.63939E-1 2.40699E-1 6.22596E-1 7.16552E-1 6.92551E-1 4.82149E-1 5.10451E-1 5.55777E-1 5.56566E-1 2.81583E-1 4.99522E-1 4.52172E-1 3.65194E-1 2.58651E-1 2.32872E-1 2.55576E-1 4.42E-1 4.87522E-1 5.20132E-1 5.41298E-1 5.99501E-1 7.26039E-1 5.6839E-1 7.15012E-1 7.62853E-1 6.96234E-1
-9999 -9999 -9999 -9999 -9999 -9999 -9999 -9999 -9999 -9999 -9999 -9999 -9999 -9999 -9999 -9999 -9999 2.17359E-1 2.34214E-1 2.71006E-1 3.75842E-1 2.99736E-1 2.6233E-1 2.55989E-1 2.55033E-1 2.56421E-1 3.00318E-1 3.52684E-1 3.87836E-1 4.58569E-1 5.58462E-1 5.68643E-1 5.77965E-1 5.68067E-1 5.40568E-1 3.1395E-1 4.54138E-1 6.65154E-1 5.18269E-1 4.93133E-1 6.2396E-1 3.90975E-1 5.87302E-1 4.47788E-1 4.37337E-1 3.37655E-1 2.89033E-1 2.47309E-1 2.45459E-1 3.16498E-1 4.94419E-1 4.92393E-1 5.0467E-1 5.43208E-1 6.15873E-1 7.03124E-1 7.10907E-1 7.00692E-1 7.15001E-1 7.08146E-1
-9999 -9999 -9999 -9999 -9999 -9999 -9999 -9999 -9999 -9999 -9999 -9999 -9999 -9999 -9999 -9999 -9999 -9999 -9999 -9999 -9999 -9999 2.7448E-1 2.76877E-1 2.99072E-1 2.98782E-1 3.36476E-1 3.72663E-1 4.36974E-1 5.14583E-1 5.9223E-1 5.21851E-1 4.79182E-1 4.90988E-1 4.11132E-1 6.43704E-1 6.87834E-1 5.50105E-1 4.97699E-1 6.01465E-1 6.27544E-1 6.53197E-1 4.08449E-1 3.21962E-1 2.42088E-1 2.24443E-1 2.59868E-1 2.52196E-1 2.63296E-1 3.4569E-1 4.86426E-1 5.11861E-1 5.19976E-1 5.65365E-1 5.93645E-1 6.734E-1 6.91241E-1 6.83105E-1 6.98676E-1 6.51113E-1
-9999 -9999 -9999 -9999 -9999 -9999 -9999 -9999 -9999 -9999 -9999 -9999 -9999 -9999 -9999 -9999 -9999 -9999 -9999 -9999 -9999 -9999 -9999 -9999 4.0851E-1 3.49534E-1 3.61589E-1 3.8525E-1 4.72792E-1 5.95476E-1 6.56227E-1 6.1377E-1 6.47414E-1 6.06711E-1 6.91422E-1 5.82148E-1 6.49175E-1 5.08776E-1 3.88549E-1 4.8656E-1 4.05963E-1 2.77902E-1 1.96318E-1 1.46698E-1 1.18543E-1 2.07125E-1 2.35344E-1 2.95668E-1 3.51629E-1 4.25374E-1 5.21307E-1 5.28784E-1 5.38801E-1 5.86086E-1 5.93425E-1 5.66876E-1 5.90562E-1 5.87475E-1 5.72717E-1 5.73719E-1
-9999 -9999 -9999 -9999 -9999 -9999 -9999 -9999 -9999 -9999 -9999 -9999 -9999 -9999 -9999 -9999 -9999 -9999 -9999 -9999 -9999 -9999 -9999 -9999 -9999 -9999 3.57304E-1 3.84661E-1 4.42715E-1 5.09345E-1 6.39474E-1 6.90835E-1 5.0729E-1 3.85096E-1 6.15476E-1 6.35601E-1 5.79654E-1 4.71975E-1 5.06116E-1 5.78914E-1 2.70339E-1 2.06343E-1 1.87785E-1 1.64853E-1 1.48029E-1 2.57993E-1 2.55466E-1 3.32824E-1 3.72664E-1 3.90463E-1 4.8893E-1 5.10329E-1 5.2147E-1 5.77757E-1 5.73291E-1 5.55152E-1 5.67836E-1 5.57873E-1 5.57134E-1 5.32464E-1
-9999 -9999 -9999 -9999 -9999 -9999 -9999 -9999 -9999 -9999 -9999 -9999 -9999 -9999 -9999 -9999 -9999 -9999 -9999 -9999 -9999 -9999 -9999 -9999 -9999 -9999 -9999 3.76678E-1 3.99193E-1 4.50804E-1 5.12139E-1 5.96625E-1 4.83058E-1 6.54946E-1 5.62902E-1 6.58912E-1 5.0076E-1 5.94659E-1 5.03695E-1 2.07623E-1 2.30862E-1 2.60403E-1 2.17699E-1 1.8521E-1 2.00733E-1 3.36669E-1 3.74371E-1 4.38668E-1 4.46581E-1 4.32096E-1 4.961E-1 4.80252E-1 5.00621E-1 5.30018E-1 5.28662E-1 5.33612E-1 5.51705E-1 5.24237E-1 5.35139E-1 5.90793E-1
-9999 -9999 -9999 -9999 -9999 -9999 -9999 -9999 -9999 -9999 -9999 -9999 -9999 -9999 -9999 -9999 -9999 -9999 -9999 -9999 -9999 -9999 -9999 -9999 -9999 -9999 -9999 3.83742E-1 3.96884E-1 4.46765E-1 5.29695E-1 5.61176E-1 5.24758E-1 5.47177E-1 5.06408E-1 6.69766E-1 3.46633E-1 4.43618E-1 4.30462E-1 4.0445E-1 8.63638E-2 2.89389E-1 2.25905E-1 2.10481E-1 2.19827E-1 3.50899E-1 4.33085E-1 5.45657E-1 4.34965E-1 4.07668E-1 5.18559E-1 5.00108E-1 4.85015E-1 4.98586E-1 5.05714E-1 4.82154E-1 5.56572E-1 6.75818E-1 6.64476E-1 6.50267E-1
-9999 -9999 -9999 -9999 -9999 -9999 -9999 -9999 -9999 -9999 -9999 -9999 -9999 -9999 -9999 -9999 -9999 -9999 -9999 -9999 -9999 -9999 -9999 -9999 -9999 -9999 -9999 4.01301E-1 4.2509E-1 4.7359E-1 3.81857E-1 5.69292E-1 5.31332E-1 5.51088E-1 6.07283E-1 5.26439E-1 4.24982E-1 3.67308E-1 4.79255E-1 4.8445E-1 2.69025E-1 2.93534E-1 2.48463E-1 2.22181E-1 2.29779E-1 4.22305E-1 5.7866E-1 4.69831E-1 4.30572E-1 4.46875E-1 5.4463E-1 5.28852E-1 5.23079E-1 5.11017E-1 5.17221E-1 4.69034E-1 4.79406E-1 3.27718E-1 4.59799E-1 4.94056E-1
-9999 -9999 -9999 -9999 -9999 -9999 -9999 -9999 -9999 -9999 -9999 -9999 -9999 -9999 -9999 -9999 -9999 -9999 -9999 -9999 -9999 -9999 -9999 -9999 -9999 -9999 4.49803E-1 4.96008E-1 5.19369E-1 5.07282E-1 6.77194E-1 -9999 4.10176E-1 6.09587E-1 6.66706E-1 4.53734E-1 4.95893E-1 3.84992E-1 4.68742E-1 4.61765E-1 5.61374E-1 1.3186E-1 3.0376E-1 2.9071E-1 3.26523E-1 6.46107E-1 6.56275E-1 5.37688E-1 5.0238E-1 5.19906E-1 5.07012E-1 4.79643E-1 4.82433E-1 4.4211E-1 3.474E-1 1.38534E-1 3.89395E-1 4.27463E-1 4.43129E-1 4.81266E-1
-9999 -9999 -9999 -9999 -9999 -9999 -9999 -9999 -9999 -9999 -9999 -9999 -9999 -9999 -9999 -9999 -9999 -9999 -9999 -9999 -9999 -9999 -9999 -9999 -9999 -9999 4.45569E-1 3.90943E-1 2.69979E-1 -9999 -9999 -9999 4.4825E-1 5.50907E-1 4.35279E-1 3.55909E-1 2.80759E-1 4.31528E-1 5.1158E-1 5.4864E-1 4.28103E-1 3.81442E-1 3.01348E-1 1.15702E-1 4.19788E-1 6.79416E-1 6.30252E-1 5.573E-1 5.52682E-1 5.69818E-1 5.76633E-1 5.3471E-1 5.39168E-1 2.80436E-1 3.81364E-1 3.99919E-1 4.1228E-1 4.31521E-1 4.23955E-1 4.63202E-1
-9999 -9999 -9999 -9999 -9999 -9999 -9999 -9999 -9999 -9999 -9999 -9999 -9999 -9999 -9999 -9999 -9999 -9999 -9999 -9999 -9999 -9999 -9999 -9999 -9999 -9999 -9999 4.71508E-1 -9999 -9999 -9999 -9999 3.05823E-1 3.80025E-1 4.10762E-1 3.60481E-1 3.06039E-1 3.16321E-1 2.95953E-1 2.7464E-1 4.39291E-1 2.78743E-1 3.74388E-1 2.74282E-1 2.06173E-1 5.69797E-1 5.77666E-1 6.09141E-1 5.96782E-1 6.2551E-1 5.91372E-1 5.88303E-1 4.14046E-1 4.95288E-1 3.83661E-1 4.21676E-1 4.34639E-1 4.54632E-1 4.5918E-1 5.40685E-1
-9999 -9999 -9999 -9999 -9999 -9999 -9999 -9999 -9999 -9999 -9999 -9999 -9999 -9999 -9999 -9999 -9999 -9999 -9999 -9999 -9999 -9999 -9999 -9999 -9999 -9999 -9999 -9999 -9999 -9999 -9999 -9999 -9999 3.47101E-1 4.33889E-1 3.32402E-1 2.98178E-1 2.73442E-1 4.45118E-1 4.16932E-1 3.83695E-1 2.38212E-1 3.18699E-1 2.72707E-1 2.88937E-1 5.24502E-1 3.59492E-1 6.08529E-1 6.98316E-1 4.95408E-1 6.30552E-1 4.71686E-1 4.35805E-1 4.08128E-1 3.75588E-1 4.2194E-1 4.29167E-1 4.94814E-1 6.44196E-1 6.0174E-1
-9999 -9999 -9999 -9999 -9999 -9999 -9999 -9999 -9999 -9999 -9999 -9999 -9999 -9999 -9999 -9999 -9999 -9999 -9999 -9999 -9999 -9999 -9999 -9999 -9999 -9999 -9999 -9999 -9999 -9999 -9999 -9999 -9999 -9999 4.45411E-1 2.58977E-1 3.08845E-1 3.94645E-1 3.17903E-1 3.46534E-1 4.17518E-1 3.37458E-1 2.24538E-1 2.50772E-1 3.48736E-1 6.81092E-1 6.85888E-1 7.57966E-1 7.19549E-1 5.57498E-1 6.52644E-1 6.48942E-1 5.20418E-1 4.39877E-1 4.05546E-1 4.63892E-1 4.87767E-1 6.43286E-1 5.27904E-1 6.39325E-1
-9999 -9999 -9999 -9999 -9999 -9999 -9999 -9999 -9999 -9999 -9999 -9999 -9999 -9999 -9999 -9999 -9999 -9999 -9999 -9999 -9999 -9999 -9999 -9999 -9999 -9999 -9999 -9999 -9999 -9999 -9999 -9999 -9999 -9999 4.70838E-1 2.54998E-1 2.55454E-1 4.00468E-1 3.61327E-1 3.715E-1 4.24304E-1 3.77509E-1 2.65066E-1 2.61642E-1 3.63082E-1 2.42858E-1 6.85795E-1 5.91634E-1 5.74728E-1 5.15834E-1 3.99268E-1 5.42088E-1 4.56577E-1 3.71473E-1 3.21398E-1 3.39075E-1 4.73778E-1 5.09284E-1 5.21681E-1 5.81254E-1
-9999 -9999 -9999 -9999 -9999 -9999 -9999 -9999 -9999 -9999 -9999 -9999 -9999 -9999 -9999 -9999 -9999 -9999 -9999 -9999 -9999 -9999 -9999 -9999 -9999 -9999 -9999 -9999 -9999 -9999 -9999 -9999 -9999 -9999 -9999 2.37066E-1 2.64844E-1 2.38469E-1 3.28767E-1 2.36837E-1 2.79851E-1 2.39188E-1 2.63017E-1 2.70124E-1 3.04103E-1 5.38246E-1 4.4201E-1 7.07818E-1 3.20817E-1 6.27779E-1 5.19181E-1 5.57255E-1 5.05723E-1 4.66667E-1 4.38083E-1 4.28651E-1 4.93764E-1 5.51444E-1 3.88339E-1 6.84783E-1
-9999 -9999 -9999 -9999 -9999 -9999 -9999 -9999 -9999 -9999 -9999 -9999 -9999 -9999 -9999 -9999 -9999 -9999 -9999 -9999 -9999 -9999 -9999 -9999 -9999 -9999 -9999 -9999 -9999 -9999 -9999 -9999 -9999 -9999 -9999 1.74438E-1 2.23218E-1 2.34947E-1 3.4187E-1 1.97002E-1 2.45104E-1 2.19995E-1 2.09935E-1 2.46766E-1 2.61651E-1 3.84755E-1 3.99958E-1 6.16258E-1 3.84257E-1 4.9644E-1 2.94883E-1 4.7791E-1 4.55782E-1 3.65801E-1 3.80113E-1 3.94869E-1 4.62373E-1 3.59809E-1 2.25821E-1 4.71579E-1
-9999 -9999 -9999 -9999 -9999 -9999 -9999 -9999 -9999 -9999 -9999 -9999 -9999 -9999 -9999 -9999 -9999 -9999 -9999 -9999 -9999 -9999 -9999 -9999 -9999 -9999 -9999 -9999 -9999 -9999 -9999 -9999 -9999 -9999 -9999 -9999 2.53871E-1 2.90641E-1 3.23447E-1 2.73427E-1 2.75173E-1 2.51045E-1 2.48256E-1 3.60164E-1 4.96076E-1 3.34153E-1 4.11192E-1 4.63841E-1 6.05206E-1 6.03412E-1 4.88973E-1 4.7075E-1 4.25321E-1 4.46207E-1 4.49883E-1 4.24664E-1 3.55991E-1 5.00572E-1 4.19006E-1 4.74632E-1
-9999 -9999 -9999 -9999 -9999 -9999 -9999 -9999 -9999 -9999 -9999 -9999 -9999 -9999 -9999 -9999 -9999 -9999 -9999 -9999 -9999 -9999 -9999 -9999 -9999 -9999 -9999 -9999 -9999 -9999 -9999 -9999 -9999 -9999 -9999 -9999 2.8332E-1 2.77671E-1 2.82228E-1 2.03528E-1 3.19014E-1 2.36572E-1 2.55106E-1 4.53439E-1 2.17499E-1 4.52734E-1 5.11385E-1 4.05084E-1 7.15738E-1 4.74364E-1 5.39745E-1 4.56196E-1 3.68524E-1 3.90274E-1 4.08137E-1 4.27099E-1 3.75919E-1 4.1142E-1 5.07672E-1 4.63856E-1
-9999 -9999 -9999 -9999 -9999 -9999 -9999 -9999 -9999 -9999 -9999 -9999 -9999 -9999 -9999 -9999 -9999 -9999 -9999 -9999 -9999 -9999 -9999 -9999 -9999 -9999 -9999 -9999 -9999 -9999 -9999 -9999 -9999 -9999 -9999 -9999 2.94115E-1 2.88519E-1 2.4438E-1 2.27375E-1 4.36449E-1 3.36178E-1 3.61209E-1 5.8212E-1 4.14366E-1 3.6106E-1 3.63234E-1 5.22048E-1 6.06281E-1 5.34779E-1 5.54393E-1 5.74071E-1 5.10041E-1 5.00957E-1 4.95774E-1 5.06342E-1 4.66946E-1 5.54963E-1 4.69469E-1 5.48669E-1
-9999 -9999 -9999 -9999 -9999 -9999 -9999 -9999 -9999 -9999 -9999 -9999 -9999 -9999 -9999 -9999 -9999 -9999 -9999 -9999 -9999 -9999 -9999 -9999 -9999 -9999 -9999 -9999 -9999 -9999 -9999 -9999 -9999 -9999 -9999 -9999 1.82794E-1 2.16368E-1 2.41734E-1 2.49506E-1 4.70294E-1 3.64648E-1 3.82463E-1 4.49256E-1 5.49913E-1 3.93994E-1 3.58135E-1 3.88609E-1 3.78843E-1 4.93199E-1 4.94485E-1 4.5703E-1 5.06417E-1 5.43039E-1 5.09364E-1 4.79594E-1 4.57568E-1 5.61651E-1 5.47203E-1 5.69618E-1
-9999 -9999 -9999 -9999 -9999 -9999 -9999 -9999 -9999 -9999 -9999 -9999 -9999 -9999 -9999 -9999 -9999 -9999 -9999 -9999 -9999 -9999 -9999 -9999 -9999 -9999 -9999 -9999 -9999 -9999 -9999 -9999 -9999 -9999 -9999 -9999 -9999 2.45605E-1 2.87673E-1 3.25959E-1 5.13538E-1 4.28193E-1 4.14078E-1 4.21579E-1 4.73843E-1 5.4448E-1 4.43063E-1 4.10437E-1 3.573E-1 3.55388E-1 4.28329E-1 4.35309E-1 4.51375E-1 5.13251E-1 4.55457E-1 5.04009E-1 5.02424E-1 5.29611E-1 5.31792E-1 5.55666E-1
-9999 -9999 -9999 -9999 -9999 -9999 -9999 -9999 -9999 -9999 -9999 -9999 -9999 -9999 -9999 -9999 -9999 -9999 -9999 -9999 -9999 -9999 -9999 -9999 -9999 -9999 -9999 -9999 -9999 -9999 -9999 -9999 -9999 -9999 -9999 -9999 -9999 -9999 2.74975E-1 3.33711E-1 4.55169E-1 5.54679E-1 4.15246E-1 3.84956E-1 5.34206E-1 5.44922E-1 4.74191E-1 4.71715E-1 4.1656E-1 3.68389E-1 4.08043E-1 4.75075E-1 4.96073E-1 3.70278E-1 4.86948E-1 4.82882E-1 5.2828E-1 4.79903E-1 5.16599E-1 5.59817E-1
-9999 -9999 -9999 -9999 -9999 -9999 -9999 -9999 -9999 -9999 -9999 -9999 -9999 -9999 -9999 -9999 -9999 -9999 -9999 -9999 -9999 -9999 -9999 -9999 -9999 -9999 -9999 -9999 -9999 -9999 -9999 -9999 -9999 -9999 -9999 -9999 -9999 -9999 -9999 -9999 3.60026E-1 3.98763E-1 5.61054E-1 4.7259E-1 5.1224E-1 6.9786E-1 5.88846E-1 5.05507E-1 4.49088E-1 4.10666E-1 3.89793E-1 4.47629E-1 4.30247E-1 5.12025E-1 4.74484E-1 5.41635E-1 4.86952E-1 4.59969E-1 4.89673E-1 5.35631E-1
