Phytophthora/models/20240501_1439_25/Phytophthora_PA3_RUN7_MAXENT_outputs/Phytophthora_PA3_RUN7.asc
ncols         225
nrows         269
xllcorner     473000.0
yllcorner     4429100.0
cellsize      50.0
NODATA_value  -9999
[rows 54 to 80 of 269, columns 0 to 59 of 225]
-9999 -9999 -9999 -9999 -9999 -9999 -9999 -9999 -9999 -9999 -9999 -9999 -9999 -9999 -9999 -9999 -9999 -9999 -9999 -9999 -9999 -9999 1.1461E-2 8.49172E-3 1.67391E-2 1.71792E-2 1.51085E-2 1.50963E-2 2.35136E-2 2.29137E-2 2.43458E-2 2.49379E-2 3.17936E-2 3.15634E-2 3.79756E-2 4.42971E-2 2.15864E-2 4.30518E-2 1.76739E-2 3.90817E-2 3.87005E-2 2.84315E-2 2.33699E-2 3.09168E-2 4.28978E-2 1.673E-2 1.63007E-2 1.2838E-2 1.58134E-2 2.24318E-2 2.42145E-2 1.95264E-2 1.66145E-2 1.34278E-2 1.03142E-2 7.18245E-3 4.53469E-3 2.79874E-3 2.22956E-3 1.92565E-3
-9999 -9999 -9999 -9999 -9999 -9999 -9999 -9999 -9999 -9999 -9999 -9999 -9999 -9999 -9999 -9999 -9999 -9999 -9999 -9999 -9999 -9999 1.5684E-2 1.68075E-2 1.10555E-2 1.06294E-2 2.02683E-2 1.81083E-2 2.58929E-2 1.9814E-2 2.23599E-2 2.36318E-2 3.43625E-2 3.73382E-2 9.75526E-3 4.77284E-2 4.58345E-2 3.81561E-2 3.02536E-2 1.66969E-2 2.72019E-2 1.43582E-2 2.2323E-2 3.25706E-2 6.2705E-2 3.22418E-2 3.14041E-2 3.18626E-2 1.83148E-2 2.74801E-2 2.25108E-2 1.66119E-2 1.5039E-2 7.77763E-3 6.41869E-3 4.9739E-3 3.16474E-3 2.17309E-3 1.58296E-3 1.59805E-3
-9999 -9999 -9999 -9999 -9999 -9999 -9999 -9999 -9999 -9999 -9999 -9999 -9999 -9999 -9999 -9999 -9999 -9999 -9999 -9999 -9999 -9999 7.31876E-3 8.27949E-3 9.82939E-3 1.25284E-2 4.44576E-3 1.7872E-2 2.05531E-2 2.22417E-2 2.27376E-2 2.13763E-2 2.29667E-2 1.93058E-2 5.16032E-2 5.46895E-2 5.70935E-2 6.17841E-2 3.283E-2 5.20128E-2 4.65544E-2 4.21027E-2 2.91801E-2 3.69165E-2 4.74447E-2 2.10722E-2 2.36529E-2 2.24203E-2 2.34482E-2 1.96713E-2 1.93938E-2 1.80069E-2 8.21757E-3 9.70249E-3 6.27285E-3 5.02245E-3 3.66317E-3 2.49057E-3 1.8981E-3 1.90828E-3
-9999 -9999 -9999 -9999 -9999 -9999 -9999 -9999 -9999 -9999 -9999 -9999 -9999 -9999 -9999 -9999 -9999 -9999 -9999 -9999 -9999 1.25042E-2 7.65146E-3 6.22726E-3 5.36024E-3 8.08387E-3 9.61885E-3 1.36097E-2 1.3588E-2 5.36286E-3 6.31758E-3 1.1756E-2 4.85774E-2 4.37979E-2 5.09242E-2 5.48399E-2 4.7668E-2 4.60483E-2 2.79617E-2 4.9993E-2 2.36431E-2 4.84425E-2 2.9034E-2 3.1368E-2 2.37727E-2 1.51123E-2 1.73814E-2 1.95256E-2 1.61439E-2 1.51599E-2 1.42332E-2 8.007E-3 7.90739E-3 5.6699E-3 4.25771E-3 4.25832E-3 3.05522E-3 2.72214E-3 2.15683E-3 1.94682E-3
-9999 -9999 -9999 -9999 -9999 -9999 -9999 -9999 -9999 -9999 -9999 -9999 -9999 -9999 -9999 -9999 -9999 -9999 4.44645E-7 3.16903E-6 5.5607E-3 9.19858E-3 1.15225E-2 6.76861E-3 5.81504E-3 1.01275E-2 2.40655E-2 1.56013E-2 1.83225E-2 2.3542E-2 2.58792E-2 2.06021E-2 3.56663E-2 3.12919E-2 4.78124E-2 5.21066E-2 5.36456E-2 4.25552E-2 2.51458E-2 4.93344E-2 2.52255E-2 4.60131E-2 2.40565E-2 4.43766E-2 2.98937E-2 1.19208E-2 1.25802E-2 9.47713E-3 1.27587E-2 1.36677E-2 1.49183E-2 8.63971E-3 6.1727E-3 4.94962E-3 4.40837E-3 4.56688E-3 3.0878E-3 2.46304E-3 1.68465E-3 1.89741E-3
-9999 -9999 -9999 -9999 -9999 -9999 -9999 -9999 -9999 -9999 -9999 -9999 -9999 -9999 -9999 -9999 1.44888E-7 2.21228E-7 3.73343E-7 3.90938E-6 5.25536E-3 6.26216E-3 1.22695E-2 1.41508E-2 9.74854E-3 1.25913E-2 2.74626E-2 1.68967E-2 2.04076E-2 2.62332E-2 3.01953E-2 2.69802E-2 2.6661E-2 2.62244E-2 3.48913E-2 4.49823E-2 3.98637E-2 4.31374E-2 3.53981E-2 3.29586E-2 3.05793E-2 3.29152E-2 3.99476E-2 4.36135E-2 1.37962E-2 1.15977E-2 1.08977E-2 1.23442E-2 9.60103E-3 1.08317E-2 1.24764E-2 8.35047E-3 5.53509E-3 4.27855E-3 3.74613E-3 3.74503E-3 2.99659E-3 1.90594E-3 2.11901E-3 1.96519E-3
-9999 -9999 -9999 -9999 -9999 -9999 -9999 -9999 -9999 -9999 -9999 -9999 -9999 -9999 -9999 2.87449E-7 2.26458E-7 2.00937E-7 1.957E-7 2.52862E-6 8.34037E-3 9.15969E-3 1.15761E-2 1.50346E-2 1.76108E-2 1.42588E-2 1.62496E-2 1.92406E-2 2.31611E-2 2.62411E-2 3.33461E-2 3.54834E-2 3.61758E-2 3.20867E-2 3.7147E-2 4.10784E-2 4.33071E-2 4.28986E-2 3.68156E-2 3.22794E-2 2.8921E-2 3.27178E-2 2.89218E-2 3.89976E-2 3.57912E-2 1.38609E-2 9.95704E-3 7.86989E-3 7.74078E-3 8.12573E-3 8.52591E-3 8.81143E-3 6.61507E-3 4.42187E-3 3.20876E-3 3.03317E-3 3.35575E-3 2.50859E-3 1.03572E-3 1.88659E-3
-9999 -9999 -9999 -9999 -9999 -9999 -9999 -9999 -9999 -9999 -9999 -9999 -9999 -9999 4.81086E-3 3.44031E-3 4.02909E-3 3.97805E-3 3.60636E-3 3.71841E-3 5.68032E-3 9.0518E-3 1.00329E-2 1.4169E-2 2.2984E-2 2.28507E-2 4.26267E-2 3.11305E-2 3.26697E-2 3.22009E-2 3.04938E-2 4.24254E-2 4.12711E-2 3.58398E-2 4.26082E-2 3.30568E-2 3.38201E-2 2.76496E-2 2.65052E-2 2.52406E-2 1.78742E-2 2.28255E-2 1.77692E-2 1.64096E-2 1.96753E-2 1.9631E-2 1.73118E-2 1.54326E-2 1.45277E-2 1.22919E-2 5.85238E-3 5.40726E-3 4.42378E-3 4.06434E-3 3.93731E-3 3.40135E-3 2.63672E-3 1.93664E-3 1.48599E-3 1.39521E-3
-9999 -9999 -9999 -9999 -9999 -9999 -9999 -9999 -9999 -9999 -9999 -9999 -9999 2.20463E-3 5.77867E-3 4.36972E-3 5.04248E-3 5.35582E-3 5.29695E-3 5.09781E-3 5.20208E-3 6.70729E-3 1.2375E-2 1.10043E-2 1.10363E-2 1.97466E-2 2.31459E-2 3.65613E-2 4.17724E-2 4.45395E-2 4.29767E-2 3.79713E-2 5.4197E-2 5.38953E-2 4.54825E-2 3.02527E-2 3.21981E-2 2.46753E-2 1.93548E-2 2.28308E-2 1.7399E-2 1.80676E-2 1.72916E-2 1.64416E-2 1.68908E-2 1.49144E-2 1.31827E-2 1.16649E-2 1.01372E-2 4.2491E-3 2.03694E-3 1.64733E-3 2.96428E-3 3.98692E-3 3.1991E-3 3.20419E-3 1.29604E-3 1.77812E-3 1.24428E-3 1.51378E-3
-9999 -9999 -9999 -9999 -9999 -9999 -9999 -9999 -9999 -9999 -9999 -9999 -9999 7.20302E-3 7.45152E-3 5.60992E-3 6.37838E-3 6.93743E-3 7.21454E-3 7.2165E-3 7.84062E-3 1.52996E-2 9.25244E-3 9.87391E-3 1.17526E-2 2.50855E-2 3.05347E-2 4.45857E-2 4.93454E-2 4.3465E-2 4.01547E-2 3.68286E-2 4.1098E-2 4.44386E-2 3.24627E-2 2.94106E-2 2.28454E-2 1.84054E-2 1.44201E-2 1.58542E-2 1.496E-2 1.59978E-2 1.43277E-2 1.4188E-2 1.35913E-2 1.23505E-2 1.04385E-2 1.0812E-2 1.04546E-2 6.65179E-3 3.14403E-3 2.839E-3 3.81719E-3 3.78608E-3 3.1372E-3 1.85491E-3 2.14866E-3 1.0682E-3 5.12665E-4 1.55277E-3
-9999 -9999 -9999 -9999 -9999 -9999 -9999 -9999 -9999 -9999 -9999 -9999 -9999 6.56562E-3 8.38899E-3 6.47327E-3 7.14314E-3 7.58781E-3 8.08831E-3 8.20383E-3 1.05179E-2 1.2999E-2 1.17866E-2 1.3307E-2 1.79936E-2 2.27066E-2 2.87121E-2 3.5293E-2 4.90495E-2 5.48309E-2 4.9798E-2 4.57642E-2 4.31509E-2 3.26898E-2 3.3243E-2 2.31937E-2 1.8746E-2 1.52488E-2 1.52441E-2 1.68135E-2 1.39131E-2 1.58888E-2 1.55022E-2 1.36702E-2 1.29919E-2 1.50405E-2 1.29398E-2 9.09935E-3 7.94004E-3 6.29753E-3 2.74256E-3 2.12264E-3 3.51436E-3 1.57603E-3 1.00675E-3 3.02038E-3 1.35123E-3 1.02003E-3 1.01133E-3 1.27582E-3
-9999 -9999 -9999 -9999 -9999 -9999 -9999 -9999 -9999 -9999 -9999 -9999 7.46409E-3 6.49151E-3 1.01605E-2 7.96373E-3 8.64146E-3 9.33976E-3 9.41264E-3 9.5331E-3 1.20347E-2 1.25224E-2 1.36639E-2 1.40541E-2 2.2921E-2 3.95268E-2 2.64297E-2 3.47054E-2 4.14367E-2 4.20396E-2 4.14444E-2 4.1795E-2 4.95457E-2 4.14002E-2 2.79216E-2 1.94332E-2 1.60891E-2 1.38469E-2 1.37657E-2 1.60653E-2 1.19482E-2 7.30593E-3 1.02958E-2 1.11568E-2 9.67865E-3 1.07298E-2 1.10526E-2 9.59483E-3 8.50093E-3 6.32367E-3 3.20179E-3 2.62143E-3 1.11075E-3 2.41296E-3 1.74719E-3 1.83048E-3 1.74384E-3 1.92119E-3 1.22479E-3 1.32282E-3
-9999 -9999 -9999 -9999 -9999 -9999 -9999 -9999 -9999 -9999 -9999 -9999 8.00422E-3 1.97583E-2 1.55582E-2 1.22962E-2 1.21212E-2 1.28679E-2 1.36705E-2 1.54483E-2 1.39056E-2 9.63251E-3 1.54951E-2 1.41561E-2 1.56854E-2 2.76799E-2 4.56271E-2 3.32159E-2 3.09274E-2 2.8451E-2 1.90915E-2 1.6321E-2 1.75657E-2 1.66286E-2 1.47156E-2 9.53876E-3 9.73618E-3 8.89477E-3 8.03771E-3 1.02809E-2 1.16373E-2 1.23792E-2 1.18244E-2 1.20537E-2 1.03333E-2 9.15094E-3 8.0354E-3 8.56461E-3 7.67286E-3 5.70729E-3 1.45165E-3 2.2784E-3 2.6772E-3 1.4484E-3 1.81088E-3 1.55771E-3 1.12183E-3 1.01004E-3 1.00213E-3 1.64602E-3
-9999 -9999 -9999 -9999 -9999 -9999 -9999 -9999 -9999 -9999 1.62738E-3 6.16788E-3 4.64362E-3 1.76518E-2 1.4829E-2 1.28886E-2 1.46852E-2 1.52901E-2 1.71299E-2 1.92211E-2 1.39368E-2 1.00173E-2 1.63317E-2 1.82232E-2 1.43259E-2 1.54682E-2 4.02403E-2 3.36298E-2 3.34696E-2 2.99448E-2 1.9577E-2 1.68876E-2 1.59167E-2 1.26035E-2 1.09677E-2 8.62234E-3 9.14677E-3 8.73097E-3 8.52423E-3 9.10109E-3 1.13641E-2 1.11586E-2 1.29596E-2 1.17319E-2 1.00147E-2 8.57695E-3 8.22317E-3 8.22662E-3 7.06586E-3 3.7609E-3 3.10756E-3 2.48549E-3 1.89686E-3 1.81329E-3 1.44503E-3 1.27074E-3 9.03813E-4 8.07004E-4 8.87966E-4 1.50856E-3
-9999 -9999 -9999 -9999 -9999 -9999 -9999 -9999 -9999 1.83635E-6 4.29929E-3 4.64518E-3 1.06065E-2 8.3141E-3 1.00979E-2 9.53178E-3 1.19682E-2 1.48544E-2 1.81734E-2 1.95447E-2 1.63187E-2 1.29272E-2 1.58461E-2 1.30509E-2 9.54213E-3 1.14497E-2 3.74484E-2 1.91411E-2 2.70374E-2 2.7044E-2 1.56532E-2 1.30472E-2 1.25935E-2 1.01486E-2 8.6428E-3 7.66434E-3 8.12363E-3 6.0806E-3 9.08077E-3 9.24028E-3 1.03997E-2 9.97861E-3 9.86634E-3 9.32584E-3 8.81903E-3 7.15425E-3 6.91721E-3 6.21726E-3 6.52984E-3 4.96268E-3 2.17573E-3 1.9807E-3 1.56748E-3 9.11991E-4 1.13789E-3 1.11206E-3 8.39999E-4 6.37411E-4 6.42027E-4 1.08226E-3
-9999 -9999 -9999 -9999 -9999 -9999 -9999 -9999 -9999 -9999 8.19339E-3 6.70356E-3 5.14914E-3 6.58698E-3 1.06801E-2 1.11241E-2 1.28569E-2 1.75477E-2 1.97725E-2 2.0849E-2 1.97059E-2 1.92915E-2 1.80727E-2 1.8169E-2 1.01874E-2 1.19229E-2 1.31273E-2 1.39597E-2 1.48202E-2 1.68807E-2 1.22611E-2 1.2128E-2 1.164E-2 9.88477E-3 7.74021E-3 7.25474E-3 7.65047E-3 8.65218E-3 4.4155E-3 1.07414E-2 1.21229E-2 1.00137E-2 8.9349E-3 7.66399E-3 7.29736E-3 6.0925E-3 6.05537E-3 5.93544E-3 5.82906E-3 1.78261E-3 2.09648E-3 1.55132E-3 1.34706E-3 1.05741E-3 9.16487E-4 6.08178E-4 8.09391E-4 6.22735E-4 5.42872E-4 8.7834E-4
-9999 -9999 -9999 -9999 -9999 -9999 -9999 -9999 -9999 -9999 -9999 -9999 -9999 -9999 1.398E-2 1.37934E-2 1.69424E-2 2.10913E-2 2.17714E-2 1.92648E-2 1.74551E-2 1.77633E-2 1.76426E-2 1.69153E-2 1.69396E-2 1.25337E-2 1.09075E-2 1.41593E-2 1.51618E-2 1.43338E-2 1.12553E-2 1.31789E-2 1.1595E-2 9.87865E-3 7.44238E-3 6.29357E-3 6.32767E-3 6.23342E-3 1.10552E-2 8.40225E-3 7.53162E-3 8.23159E-3 8.24431E-3 6.85061E-3 6.73807E-3 5.75197E-3 6.00012E-3 4.51804E-3 4.64013E-3 3.34544E-3 1.50088E-3 1.30713E-3 6.32612E-4 7.95118E-4 6.78807E-4 7.60838E-4 5.8976E-4 4.79416E-4 5.64253E-4 9.01144E-4
-9999 -9999 -9999 -9999 -9999 -9999 -9999 -9999 -9999 -9999 -9999 -9999 -9999 -9999 -9999 -9999 -9999 -9999 -9999 2.2674E-2 1.63349E-2 1.96336E-2 1.90307E-2 1.79536E-2 1.69186E-2 1.58427E-2 1.16315E-2 1.33015E-2 1.62996E-2 1.56002E-2 1.16985E-2 9.73255E-3 1.11041E-2 9.35145E-3 6.56117E-3 4.59861E-3 4.21678E-3 4.02526E-3 4.0131E-3 4.92028E-3 7.07218E-3 6.76854E-3 5.81839E-3 4.19128E-3 4.52991E-3 4.50236E-3 3.60328E-3 2.74029E-3 4.05556E-3 2.31908E-3 1.01877E-3 9.60173E-4 7.85134E-4 4.15667E-4 5.67686E-4 5.40732E-4 4.64878E-4 4.72727E-4 6.18442E-4 9.43546E-4
-9999 -9999 -9999 -9999 -9999 -9999 -9999 -9999 -9999 -9999 -9999 -9999 -9999 -9999 -9999 -9999 -9999 -9999 -9999 -9999 1.5975E-2 2.20033E-2 2.04767E-2 1.85088E-2 1.73797E-2 1.52714E-2 1.26691E-2 1.23429E-2 1.38442E-2 2.08693E-2 1.23161E-2 1.18085E-2 9.19805E-3 7.84451E-3 5.59703E-3 4.19939E-3 3.55232E-3 3.79999E-3 3.26692E-3 3.44747E-3 4.7365E-3 4.37209E-3 4.88825E-3 4.34258E-3 4.56968E-3 3.91869E-3 3.71386E-3 3.5123E-3 2.44096E-3 1.52672E-3 7.23515E-4 6.57176E-4 5.27347E-4 4.70291E-4 4.80563E-4 6.79236E-4 6.93792E-4 7.86308E-4 8.95355E-4 1.18207E-3
-9999 -9999 -9999 -9999 -9999 -9999 -9999 -9999 -9999 -9999 -9999 -9999 -9999 -9999 -9999 -9999 -9999 -9999 -9999 -9999 -9999 2.39898E-2 1.94793E-2 1.5939E-2 1.56941E-2 1.22196E-2 1.15931E-2 1.40102E-2 1.94422E-2 7.5978E-3 3.66589E-3 6.4616E-3 6.60771E-3 6.5345E-3 5.2236E-3 4.34778E-3 3.43132E-3 2.68913E-3 2.44693E-3 2.79277E-3 3.7494E-3 3.86495E-3 1.82247E-3 4.05266E-3 4.40691E-3 3.8234E-3 3.56344E-3 2.65364E-3 1.72708E-3 1.18258E-3 6.11866E-4 5.2958E-4 5.05826E-4 5.7791E-4 6.72088E-4 9.16507E-4 8.21817E-4 7.55664E-4 1.12184E-3 1.76788E-3
-9999 -9999 -9999 -9999 -9999 -9999 -9999 -9999 -9999 -9999 -9999 -9999 -9999 -9999 -9999 -9999 -9999 -9999 -9999 -9999 -9999 -9999 1.88413E-2 1.46593E-2 1.25014E-2 1.01433E-2 1.1536E-2 1.44126E-2 1.33748E-2 7.27879E-3 4.05421E-3 4.66787E-3 3.90285E-3 3.27804E-3 4.40487E-3 3.43106E-3 2.43736E-3 2.55343E-3 2.20408E-3 2.30865E-3 2.98475E-3 2.38289E-3 3.24188E-3 3.17765E-3 3.94729E-3 2.86738E-3 2.10413E-3 9.21468E-4 1.54427E-3 1.42276E-3 8.89878E-4 8.23724E-4 8.81312E-4 9.8859E-4 1.10367E-3 1.49641E-3 1.30446E-3 1.10077E-3 1.34064E-3 2.06033E-3
-9999 -9999 -9999 -9999 -9999 -9999 -9999 -9999 -9999 -9999 -9999 -9999 -9999 -9999 -9999 -9999 -9999 -9999 -9999 -9999 -9999 -9999 -9999 1.01728E-2 9.26682E-3 8.20505E-3 1.06667E-2 1.15449E-2 7.72589E-3 4.33349E-3 2.76399E-3 3.23155E-3 2.99646E-3 3.79533E-3 4.50962E-3 2.44953E-3 3.15109E-3 3.02798E-3 2.41399E-3 2.10142E-3 1.68677E-3 2.75646E-3 2.63772E-3 2.45442E-3 2.47556E-3 1.52597E-3 1.4872E-3 1.91706E-3 2.08937E-3 1.65439E-3 1.12362E-3 7.8978E-4 5.02826E-4 1.27595E-3 1.52209E-3 1.96706E-3 1.72842E-3 1.60999E-3 1.66831E-3 2.69837E-3
-9999 -9999 -9999 -9999 -9999 -9999 -9999 -9999 -9999 -9999 -9999 -9999 -9999 -9999 -9999 -9999 -9999 -9999 -9999 -9999 -9999 -9999 -9999 -9999 -9999 6.5577E-3 8.16712E-3 8.6914E-3 6.47289E-3 3.98979E-3 2.21568E-3 2.44001E-3 2.58637E-3 4.15564E-3 3.99773E-3 4.07171E-3 3.39204E-3 3.57637E-3 3.01601E-3 2.08625E-3 2.66937E-3 2.74819E-3 2.49075E-3 2.19408E-3 2.2669E-3 2.26534E-3 2.5238E-3 2.92053E-3 4.44064E-3 4.61159E-3 4.0909E-3 3.91961E-3 3.80543E-3 4.07402E-3 5.17732E-3 7.66315E-3 7.51449E-3 8.37519E-3 7.8108E-3 3.36913E-3
-9999 -9999 -9999 -9999 -9999 -9999 -9999 -9999 -9999 -9999 -9999 -9999 -9999 -9999 -9999 -9999 -9999 -9999 -9999 -9999 -9999 -9999 -9999 -9999 -9999 -9999 -9999 5.71092E-3 4.40138E-3 4.12746E-3 2.27565E-3 1.55113E-3 2.35454E-3 2.02292E-3 2.46029E-3 2.88338E-3 2.87803E-3 2.25909E-3 1.74499E-3 1.9578E-3 2.75594E-3 1.61725E-3 3.24525E-3 3.42835E-3 3.61754E-3 3.72629E-3 3.98281E-3 4.65949E-3 5.52747E-3 6.09461E-3 5.62955E-3 5.21245E-3 4.44045E-3 5.88389E-3 5.93684E-3 7.47066E-3 8.99988E-3 1.2347E-2 8.51893E-3 4.73505E-3
-9999 -9999 -9999 -9999 -9999 -9999 -9999 -9999 -9999 -9999 -9999 -9999 -9999 -9999 -9999 -9999 -9999 -9999 -9999 -9999 -9999 -9999 -9999 -9999 -9999 -9999 -9999 -9999 -9999 3.04395E-3 1.48867E-3 1.23374E-3 6.22993E-4 8.58372E-4 1.08618E-3 1.36111E-3 2.15971E-3 2.86973E-3 2.50998E-3 3.69905E-3 2.26472E-3 3.30948E-3 4.34458E-3 3.62584E-3 4.33965E-3 2.14143E-3 5.23249E-3 5.33694E-3 7.33121E-3 7.57443E-3 6.6479E-3 7.29278E-3 7.0717E-3 8.41735E-3 7.46588E-3 9.81499E-3 1.0465E-2 1.05309E-2 1.09642E-2 6.04012E-3
-9999 -9999 -9999 -9999 -9999 -9999 -9999 -9999 -9999 -9999 -9999 -9999 -9999 -9999 -9999 -9999 -9999 -9999 -9999 -9999 -9999 -9999 -9999 -9999 -9999 -9999 -9999 -9999 -9999 -9999 -9999 2.416E-4 2.35255E-4 2.71761E-4 6.95463E-4 1.23159E-3 2.03811E-3 2.9428E-3 2.91274E-3 3.43301E-3 4.52926E-3 4.34836E-3 5.4389E-3 5.65053E-3 5.81532E-3 6.12674E-3 5.82605E-3 7.01076E-3 9.78385E-3 1.26178E-2 1.12183E-2 1.17987E-2 9.88723E-3 9.87274E-3 1.04426E-2 1.29564E-2 1.167E-2 1.31319E-2 1.10528E-2 8.50606E-3
-9999 -9999 -9999 -9999 -9999 -9999 -9999 -9999 -9999 -9999 -9999 -9999 -9999 -9999 -9999 -9999 -9999 -9999 -9999 -9999 -9999 -9999 -9999 -9999 -9999 -9999 -9999 -9999 -9999 -9999 -9999 2.21461E-4 2.75042E-4 2.92606E-4 1.01343E-3 9.41627E-4 1.54046E-3 2.83805E-3 4.11138E-3 4.44104E-3 3.95482E-3 3.51029E-3 4.92715E-3 4.80819E-3 3.81337E-3 5.77458E-3 6.98625E-3 7.83545E-3 1.16825E-2 2.11748E-2 9.85847E-3 1.29625E-2 1.67395E-2 1.52344E-2 1.57325E-2 1.89736E-2 1.6444E-2 1.79523E-2 2.32391E-2 1.29333E-2
