Phytophthora/models/20240501_1439_25/Phytophthora_PA3_RUN7_MAXENT_outputs/Phytophthora_PA3_RUN7.asc
ncols         225
nrows         269
xllcorner     473000.0
yllcorner     4429100.0
cellsize      50.0
NODATA_value  -9999
[rows 108 to 134 of 269, columns 0 to 59 of 225]
-9999 -9999 -9999 -9999 -9999 -9999 -9999 -9999 -9999 -9999 -9999 4.71295E-2 5.18696E-2 6.19619E-2 6.71576E-2 5.86331E-2 5.2885E-2 3.98925E-2 3.65743E-2 4.09039E-2 6.8866E-2 1.00324E-1 1.06266E-1 1.05407E-1 7.98194E-2 7.57696E-2 6.66355E-2 5.93541E-2 5.59879E-2 5.77062E-2 5.42827E-2 4.21549E-2 3.52104E-2 3.06608E-2 3.24305E-2 3.1699E-2 4.14615E-2 4.27893E-2 2.70315E-2 4.53066E-2 3.48533E-2 3.3491E-2 3.55303E-2 4.38624E-2 5.32222E-2 4.28721E-2 3.15224E-2 2.80879E-2 2.46118E-2 4.05983E-2 3.91098E-2 3.7951E-2 3.73813E-2 6.27021E-2 4.10289E-2 4.35026E-2 3.8284E-2 5.4544E-2 6.18936E-2 6.69883E-2
-9999 -9999 -9999 -9999 -9999 -9999 -9999 -9999 -9999 -9999 4.46216E-2 5.16947E-2 5.02303E-2 7.14562E-2 7.31474E-2 4.96805E-2 4.11382E-2 3.41229E-2 3.88324E-2 4.54969E-2 7.774E-2 1.11182E-1 4.06599E-2 1.09131E-1 7.2092E-2 6.44407E-2 5.77902E-2 5.86694E-2 6.13921E-2 4.80048E-2 4.02665E-2 3.60446E-2 3.62007E-2 3.41499E-2 3.58556E-2 3.61945E-2 4.3355E-2 4.04728E-2 2.37183E-2 2.53193E-2 3.34478E-2 3.27464E-2 3.80826E-2 4.22785E-2 6.44291E-2 7.44711E-2 6.1479E-2 3.51517E-2 1.35157E-2 4.92714E-2 4.24853E-2 4.42613E-2 6.83583E-2 6.88937E-2 3.65015E-2 4.76367E-2 4.16724E-2 8.11174E-2 6.4735E-2 5.88672E-2
-9999 -9999 -9999 -9999 -9999 -9999 -9999 -9999 -9999 -9999 5.27079E-2 6.23967E-2 8.0691E-2 1.01515E-1 7.95299E-2 5.00762E-2 3.798E-2 3.72753E-2 4.28627E-2 5.08907E-2 1.05691E-1 7.12857E-2 1.0625E-1 8.52198E-2 7.71375E-2 7.38601E-2 7.00901E-2 6.48937E-2 5.38039E-2 4.23997E-2 4.06748E-2 3.87997E-2 4.03049E-2 3.8151E-2 3.97329E-2 4.27478E-2 4.26184E-2 4.16259E-2 4.05327E-2 4.53223E-2 1.89472E-2 3.35066E-2 1.74651E-2 2.41408E-2 4.65809E-2 7.89924E-2 7.65816E-2 5.06272E-2 3.48541E-2 5.78783E-2 4.01512E-2 5.33318E-2 8.03711E-2 7.3466E-2 4.08256E-2 6.02461E-2 8.33667E-2 8.29102E-2 5.06075E-2 5.13662E-2
-9999 -9999 -9999 -9999 -9999 -9999 -9999 -9999 -9999 1.92977E-1 2.31554E-1 2.45591E-1 1.90385E-1 2.53864E-1 1.94537E-1 1.17796E-1 1.06535E-1 1.15908E-1 1.26413E-1 1.29955E-1 1.6114E-1 2.08322E-1 1.70946E-1 1.48918E-1 1.35164E-1 1.19572E-1 1.00142E-1 9.71731E-2 8.98922E-2 8.5953E-2 1.47723E-1 1.43029E-1 1.42503E-1 1.48365E-1 1.54345E-1 9.6709E-2 1.29017E-1 1.11182E-1 1.10396E-1 1.21374E-1 4.34075E-2 3.9418E-2 7.17892E-2 7.71621E-2 3.81711E-2 6.46521E-2 1.04755E-1 8.6721E-2 7.87466E-2 9.02493E-2 7.43873E-2 7.42738E-2 1.29305E-1 1.18369E-1 7.06656E-2 8.30014E-2 7.79656E-2 4.80183E-2 3.75698E-2 4.22265E-2
-9999 -9999 -9999 -9999 -9999 -9999 -9999 -9999 1.70433E-1 2.17721E-1 2.3974E-1 2.15952E-1 2.80412E-1 2.0632E-1 1.63519E-1 9.86896E-2 1.05727E-1 1.5124E-1 1.62462E-1 2.1589E-1 2.1407E-1 1.76527E-1 1.42155E-1 1.51586E-1 1.375E-1 1.21782E-1 1.09198E-1 1.09585E-1 1.12284E-1 1.12722E-1 1.67397E-1 1.4597E-1 1.39696E-1 8.73791E-2 1.60821E-1 1.50276E-1 1.16448E-1 9.54617E-2 1.03244E-1 1.1912E-1 6.95417E-2 5.10939E-2 7.60269E-2 7.82804E-2 8.20468E-2 6.35867E-2 8.46269E-2 8.51885E-2 7.53738E-2 7.77028E-2 8.27056E-2 9.6474E-2 1.31229E-1 1.2354E-1 9.54373E-2 9.8248E-2 7.80781E-2 4.74166E-2 4.19975E-2 4.69188E-2
-9999 -9999 -9999 -9999 -9999 -9999 -9999 -9999 1.98859E-1 2.01194E-1 2.52497E-1 2.54239E-1 2.55798E-1 1.85898E-1 1.44097E-1 1.00528E-1 1.11075E-1 1.59709E-1 2.144E-1 1.41201E-1 1.79016E-1 1.17707E-1 1.21647E-1 1.32917E-1 1.29548E-1 1.16814E-1 1.17022E-1 1.26027E-1 1.34818E-1 1.14071E-1 1.67159E-1 1.32795E-1 1.31791E-1 1.18244E-1 1.59176E-1 1.43271E-1 1.26146E-1 1.04434E-1 1.08974E-1 1.14105E-1 6.95605E-2 7.083E-2 8.25645E-2 7.36893E-2 8.79112E-2 6.91113E-2 7.01804E-2 8.25816E-2 8.72886E-2 7.65938E-2 1.05645E-1 9.54502E-2 1.33492E-1 1.23436E-1 1.11998E-1 9.83399E-2 5.57284E-2 4.91926E-2 4.42897E-2 4.97387E-2
-9999 -9999 -9999 -9999 -9999 -9999 -9999 -9999 2.2223E-1 2.01548E-1 1.41822E-1 2.42549E-1 2.13431E-1 1.53532E-1 1.28597E-1 9.84939E-2 1.10423E-1 1.51488E-1 1.03506E-1 1.80649E-1 1.23868E-1 1.16868E-1 1.30735E-1 1.57914E-1 1.30489E-1 1.15057E-1 1.52818E-1 9.1574E-2 8.68715E-2 1.05338E-1 1.79909E-1 1.37902E-1 7.59031E-2 1.14844E-1 1.4731E-1 1.59486E-1 1.47322E-1 1.25201E-1 1.27994E-1 1.37437E-1 8.31982E-2 7.47935E-2 8.27872E-2 8.87212E-2 9.62126E-2 5.42444E-2 7.19179E-2 7.28174E-2 9.55953E-2 4.26185E-2 1.03607E-1 1.24211E-1 1.28526E-1 1.28683E-1 1.16428E-1 8.81164E-2 6.56925E-2 5.1261E-2 4.54955E-2 4.90719E-2
-9999 -9999 -9999 -9999 -9999 -9999 -9999 1.66508E-1 2.09594E-1 2.03903E-1 2.52431E-1 2.1353E-1 1.8197E-1 1.36727E-1 1.22917E-1 1.06971E-1 1.12586E-1 6.97847E-2 1.34925E-1 1.22568E-1 1.0281E-1 1.19336E-1 1.41968E-1 7.13053E-2 1.3487E-1 1.30461E-1 1.58782E-1 1.24412E-1 1.15591E-1 9.9274E-2 1.62515E-1 1.30669E-1 1.127E-1 1.13983E-1 1.61872E-1 1.72055E-1 1.56487E-1 1.38961E-1 1.13127E-1 1.00231E-1 6.57836E-2 8.72468E-2 9.32838E-2 9.65749E-2 9.69262E-2 6.67081E-2 7.0485E-2 6.66205E-2 9.62985E-2 8.98828E-2 1.00946E-1 1.24902E-1 9.26489E-2 1.33003E-1 1.19949E-1 8.30166E-2 6.48756E-2 5.5137E-2 5.04185E-2 5.29015E-2
-9999 -9999 -9999 -9999 -9999 -9999 1.06019E-1 1.03498E-1 1.15462E-1 8.62178E-2 1.75253E-1 1.48796E-1 1.2864E-1 9.77837E-2 9.58359E-2 1.31676E-1 1.13482E-1 1.35669E-1 1.43282E-1 1.51599E-1 1.48134E-1 1.6741E-1 1.52171E-1 1.74487E-1 1.49057E-1 1.58074E-1 1.58458E-1 1.33554E-1 1.18187E-1 9.88045E-2 1.24987E-1 9.49383E-2 8.27988E-2 1.22597E-1 1.39164E-1 1.36555E-1 1.10637E-1 1.03073E-1 1.13676E-1 1.56714E-1 2.10707E-1 1.83011E-1 1.74196E-1 1.87279E-1 2.03361E-1 1.96409E-1 1.84837E-1 1.96141E-1 2.68616E-1 2.62512E-1 2.47735E-1 2.70599E-1 2.94698E-1 3.02473E-1 2.74017E-1 2.44102E-1 1.95632E-1 1.49514E-1 1.34214E-1 1.28089E-1
-9999 -9999 -9999 -9999 -9999 -9999 -9999 1.23174E-1 1.31814E-1 1.43067E-1 1.60143E-1 1.35807E-1 1.10904E-1 9.72675E-2 1.00076E-1 1.05916E-1 1.38972E-1 1.09943E-1 1.24062E-1 1.02331E-1 1.12469E-1 1.42423E-1 1.67607E-1 1.58242E-1 1.45373E-1 1.31973E-1 1.46326E-1 1.30591E-1 1.16228E-1 8.40938E-2 1.03725E-1 8.42115E-2 8.50791E-2 1.27004E-1 1.37067E-1 1.31667E-1 8.89838E-2 9.6263E-2 1.12213E-1 1.4636E-1 2.01756E-1 1.79297E-1 1.94033E-1 2.11652E-1 2.06327E-1 1.75825E-1 1.25809E-1 1.87441E-1 9.59292E-2 2.29505E-1 2.8516E-1 2.8685E-1 2.98508E-1 2.91863E-1 2.90006E-1 2.18216E-1 1.46935E-1 1.08262E-1 1.06361E-1 9.86342E-2
-9999 -9999 -9999 -9999 -9999 -9999 -9999 -9999 1.26818E-1 1.34779E-1 1.52179E-1 1.14312E-1 9.85216E-2 9.25223E-2 1.12594E-1 1.17184E-1 9.18319E-2 9.99773E-2 1.17584E-1 1.40159E-1 1.53644E-1 1.57179E-1 1.52811E-1 1.38929E-1 1.32115E-1 9.02579E-2 1.21901E-1 1.15424E-1 1.12514E-1 7.97061E-2 1.26533E-1 1.03979E-1 1.27697E-1 1.33975E-1 1.36525E-1 9.16401E-2 8.91465E-2 1.09415E-1 1.38883E-1 1.79865E-1 2.38038E-1 2.05452E-1 1.18837E-1 2.40505E-1 2.30598E-1 1.83652E-1 1.70891E-1 2.62497E-1 1.77789E-1 2.88247E-1 2.88901E-1 2.27711E-1 2.83505E-1 1.80909E-1 2.17866E-1 1.6729E-1 1.34122E-1 1.15851E-1 1.2646E-1 1.41889E-1
-9999 -9999 -9999 -9999 -9999 -9999 -9999 -9999 -9999 1.38637E-1 1.34076E-1 1.08413E-1 1.06222E-1 1.30797E-1 1.68439E-1 9.41169E-2 1.02314E-1 1.23545E-1 1.43308E-1 1.52481E-1 1.4895E-1 1.4793E-1 1.33053E-1 1.17303E-1 1.10863E-1 9.83984E-2 1.22865E-1 1.16896E-1 1.14775E-1 9.853E-2 1.68362E-1 1.50318E-1 1.33477E-1 1.44629E-1 1.33241E-1 8.77619E-2 9.75456E-2 1.22341E-1 1.55158E-1 1.25058E-1 2.30427E-1 1.9833E-1 2.1473E-1 2.18058E-1 1.93941E-1 1.51532E-1 1.41854E-1 2.37663E-1 2.42169E-1 2.64294E-1 2.40118E-1 2.06452E-1 1.22076E-1 1.23135E-1 1.16111E-1 9.36957E-2 5.08868E-2 1.13981E-1 7.87292E-2 1.3686E-1
-9999 -9999 -9999 -9999 -9999 -9999 -9999 -9999 -9999 -9999 1.21704E-1 1.15856E-1 1.123E-1 1.10045E-1 1.35874E-1 9.13457E-2 1.08943E-1 1.28889E-1 1.34137E-1 1.419E-1 1.36171E-1 1.28715E-1 1.15494E-1 1.07962E-1 9.89406E-2 9.70358E-2 1.4191E-1 1.28856E-1 1.14479E-1 1.23684E-1 1.71766E-1 1.69028E-1 1.62026E-1 1.38258E-1 1.23932E-1 1.09326E-1 1.14999E-1 1.45324E-1 1.63689E-1 1.58256E-1 2.30373E-1 1.57814E-1 2.02087E-1 1.94478E-1 1.47598E-1 1.27947E-1 1.97232E-1 2.1278E-1 2.19318E-1 1.92652E-1 1.10826E-1 1.11402E-1 1.05266E-1 1.04229E-1 1.0174E-1 1.1044E-1 1.37824E-1 1.48725E-1 1.57752E-1 1.72679E-1
-9999 -9999 -9999 -9999 -9999 -9999 -9999 -9999 -9999 -9999 -9999 9.50801E-2 1.84201E-1 2.44145E-1 1.39546E-1 1.05566E-1 8.99429E-2 9.91073E-2 1.03748E-1 1.2248E-1 1.57118E-1 1.42754E-1 1.2285E-1 1.16522E-1 1.35935E-1 1.83858E-1 2.71472E-1 2.54604E-1 2.2757E-1 1.98619E-1 1.87301E-1 1.76447E-1 1.71408E-1 1.32653E-1 1.47479E-1 1.39837E-1 1.35933E-1 1.65965E-1 2.03454E-1 2.98952E-1 2.30724E-1 1.64054E-1 2.28004E-1 2.18208E-1 1.32034E-1 1.19285E-1 1.04953E-1 2.03797E-1 1.00258E-1 9.50113E-2 9.41653E-2 1.08299E-1 1.07222E-1 1.08775E-1 9.9766E-2 1.68625E-1 1.41567E-1 1.72848E-1 1.74346E-1 2.06188E-1
-9999 -9999 -9999 -9999 -9999 -9999 -9999 -9999 -9999 -9999 -9999 -9999 1.14527E-1 1.98786E-1 1.89795E-1 1.26454E-1 8.95732E-2 9.63019E-2 9.91518E-2 1.26887E-1 1.74189E-1 1.58107E-1 1.36265E-1 1.37016E-1 1.51816E-1 1.95363E-1 2.95441E-1 2.8078E-1 2.55386E-1 2.21273E-1 1.84466E-1 1.64954E-1 1.3152E-1 1.5367E-1 1.61628E-1 1.67256E-1 1.52794E-1 2.02282E-1 2.02121E-1 2.85362E-1 1.73916E-1 1.36992E-1 2.00028E-1 1.89466E-1 4.85429E-2 1.02489E-1 1.92538E-1 1.0174E-1 9.91653E-2 1.16066E-1 1.26637E-1 1.4074E-1 1.54151E-1 1.66605E-1 1.82455E-1 1.64623E-1 1.79888E-1 1.71739E-1 1.7317E-1 2.32451E-1
-9999 -9999 -9999 -9999 -9999 -9999 -9999 -9999 -9999 -9999 -9999 -9999 2.65159E-1 1.00129E-1 1.98858E-1 1.00584E-1 7.44802E-2 8.16658E-2 9.80094E-2 1.32495E-1 1.40904E-1 1.67688E-1 1.61495E-1 1.63237E-1 1.73916E-1 1.95944E-1 1.98828E-1 2.9728E-1 2.69769E-1 2.01983E-1 1.3657E-1 1.20383E-1 1.30248E-1 1.51451E-1 1.76138E-1 1.16008E-1 1.78611E-1 2.66417E-1 2.67469E-1 2.22043E-1 1.48741E-1 1.25692E-1 1.88366E-1 1.4378E-1 1.65304E-1 1.77275E-1 1.59447E-1 1.04941E-1 1.16514E-1 1.3872E-1 1.46928E-1 1.60392E-1 1.76612E-1 1.07089E-1 1.74076E-1 1.75736E-1 1.69096E-1 1.73346E-1 1.83399E-1 2.94207E-1
-9999 -9999 -9999 -9999 -9999 -9999 -9999 -9999 -9999 -9999 -9999 -9999 -9999 1.23068E-1 1.24219E-1 7.32718E-2 6.59756E-2 8.38749E-2 9.82874E-2 1.26481E-1 1.27247E-1 1.78907E-1 1.77069E-1 1.56047E-1 1.78994E-1 2.09015E-1 3.25059E-1 3.04759E-1 2.71288E-1 1.00166E-1 8.91092E-2 9.08787E-2 9.91199E-2 1.24523E-1 1.64146E-1 1.80927E-1 1.04201E-1 1.22049E-1 2.89652E-1 1.63125E-1 1.32696E-1 1.22121E-1 1.82716E-1 9.88008E-2 1.52528E-1 1.4788E-1 8.69965E-2 9.18853E-2 1.18175E-1 1.41122E-1 1.47772E-1 1.58098E-1 1.75322E-1 1.62079E-1 1.579E-1 1.61559E-1 1.60335E-1 1.59954E-1 2.26205E-1 2.67729E-1
-9999 -9999 -9999 -9999 -9999 -9999 -9999 -9999 -9999 -9999 -9999 -9999 -9999 -9999 9.76071E-2 6.71799E-2 6.79825E-2 8.76705E-2 9.95883E-2 1.22642E-1 1.7598E-1 1.81993E-1 2.00428E-1 1.95504E-1 1.27508E-1 2.13724E-1 3.28309E-1 2.80146E-1 1.51144E-1 1.0486E-1 7.45571E-2 8.22005E-2 1.03306E-1 1.37704E-1 1.46312E-1 1.7449E-1 1.87896E-1 2.76525E-1 2.57591E-1 1.32061E-1 1.20748E-1 1.11546E-1 1.20946E-1 1.44102E-1 1.17164E-1 7.48336E-2 8.97778E-2 1.19367E-1 1.40617E-1 1.53105E-1 1.56993E-1 1.68158E-1 1.68221E-1 1.71375E-1 1.60607E-1 1.52358E-1 1.48612E-1 1.60643E-1 2.16942E-1 2.37392E-1
-9999 -9999 -9999 -9999 -9999 -9999 -9999 -9999 -9999 -9999 -9999 -9999 -9999 -9999 9.64926E-2 9.63467E-2 9.85214E-2 1.1642E-1 1.22781E-1 1.52069E-1 2.29046E-1 2.54222E-1 1.94554E-1 2.73468E-1 2.70026E-1 1.58976E-1 1.36596E-1 1.26179E-1 1.00593E-1 7.64538E-2 6.0899E-2 8.01207E-2 1.01867E-1 1.07477E-1 1.16832E-1 1.49594E-1 1.55965E-1 2.29298E-1 2.10815E-1 1.00476E-1 6.52552E-2 8.99201E-2 6.95771E-2 5.89725E-2 4.78398E-2 4.71971E-2 5.70329E-2 8.43454E-2 9.79155E-2 1.00741E-1 1.37835E-1 1.33912E-1 1.44157E-1 1.50454E-1 1.36199E-1 1.13764E-1 1.03799E-1 9.30864E-2 1.52273E-1 1.77243E-1
-9999 -9999 -9999 -9999 -9999 -9999 -9999 -9999 -9999 -9999 -9999 -9999 -9999 -9999 9.87981E-2 9.7783E-2 1.04084E-1 1.14554E-1 1.21267E-1 1.55541E-1 2.49053E-1 1.98528E-1 3.25661E-1 3.55148E-1 1.1748E-1 6.37009E-2 1.61346E-1 1.2116E-1 1.03271E-1 8.50967E-2 7.87515E-2 9.09774E-2 9.96478E-2 1.01944E-1 1.12449E-1 1.30124E-1 1.35225E-1 1.95691E-1 1.85443E-1 8.19717E-2 1.44043E-1 7.6943E-2 5.34472E-2 5.01819E-2 4.63139E-2 5.65543E-2 7.66368E-2 1.05488E-1 9.9233E-2 1.11924E-1 1.46628E-1 1.32925E-1 1.01238E-1 1.62588E-1 1.35638E-1 1.11639E-1 1.02487E-1 1.0108E-1 1.4987E-1 1.07825E-1
-9999 -9999 -9999 -9999 -9999 -9999 -9999 -9999 -9999 -9999 -9999 -9999 -9999 -9999 9.68982E-2 1.0599E-1 1.01586E-1 1.16355E-1 1.3003E-1 1.6817E-1 1.90932E-1 2.51729E-1 1.04985E-1 3.63842E-1 3.03252E-1 1.94011E-1 1.54985E-1 1.05227E-1 9.36842E-2 8.20957E-2 8.185E-2 8.05155E-2 9.00203E-2 1.00243E-1 9.54659E-2 1.09302E-1 1.19579E-1 1.66285E-1 1.60855E-1 1.46015E-1 6.57066E-2 5.55131E-2 5.12104E-2 5.12779E-2 5.95672E-2 7.19175E-2 9.27239E-2 1.02034E-1 1.05734E-1 1.21478E-1 1.40921E-1 1.36885E-1 8.66451E-2 1.71767E-1 1.3657E-1 1.09524E-1 9.10191E-2 8.03058E-2 8.58103E-2 3.8817E-2
-9999 -9999 -9999 -9999 -9999 -9999 -9999 -9999 -9999 -9999 -9999 -9999 -9999 1.46903E-1 1.23228E-1 1.17084E-1 1.06565E-1 1.19677E-1 1.34945E-1 1.62991E-1 1.95954E-1 1.48009E-1 2.06172E-1 2.05777E-1 1.70505E-1 1.08798E-1 1.26125E-1 1.67067E-1 1.04518E-1 9.98714E-2 9.12578E-2 9.95966E-2 8.96689E-2 8.44727E-2 8.01837E-2 8.89705E-2 1.16841E-1 5.58706E-2 1.38613E-1 7.57946E-2 5.97272E-2 6.58064E-2 7.39107E-2 6.96574E-2 7.69705E-2 8.3423E-2 9.58147E-2 1.15644E-1 1.22919E-1 1.45684E-1 1.38028E-1 1.39441E-1 1.71303E-1 1.69393E-1 1.31626E-1 1.10379E-1 9.298E-2 8.15907E-2 7.48672E-2 -9999
-9999 -9999 -9999 -9999 -9999 -9999 -9999 -9999 -9999 -9999 -9999 -9999 1.52579E-1 1.0759E-1 1.22045E-1 1.00211E-1 1.68649E-1 2.09094E-1 1.17253E-1 1.09527E-1 1.3775E-1 1.76291E-1 1.87625E-1 1.08961E-1 1.19646E-1 1.3529E-1 2.00929E-1 9.8219E-2 1.53343E-1 1.06953E-1 1.00763E-1 1.15017E-1 8.93034E-2 7.74797E-2 6.87146E-2 7.11035E-2 8.01624E-2 3.49091E-2 8.52128E-2 7.16918E-2 7.44706E-2 8.5162E-2 8.79596E-2 8.60322E-2 8.68628E-2 8.0974E-2 9.69914E-2 1.09049E-1 1.36961E-1 1.51379E-1 1.5037E-1 1.26446E-1 1.93121E-1 1.55297E-1 1.21778E-1 1.03008E-1 8.81777E-2 8.23625E-2 7.61672E-2 6.18867E-2
-9999 -9999 -9999 -9999 -9999 -9999 -9999 -9999 -9999 -9999 -9999 1.41787E-1 2.63202E-1 1.62957E-1 1.50797E-1 1.32822E-1 2.0518E-1 1.71731E-1 1.83453E-1 1.51246E-1 1.68453E-1 2.80138E-1 2.99028E-1 2.81849E-1 2.02519E-1 2.5775E-1 1.65254E-1 1.28537E-1 2.07554E-1 2.42094E-1 9.70945E-2 1.81506E-1 1.34079E-1 1.23086E-1 1.06935E-1 9.20204E-2 1.28758E-1 1.48054E-1 1.17291E-1 1.22588E-1 1.27354E-1 1.28976E-1 1.59024E-1 1.27941E-1 1.16428E-1 9.24813E-2 1.04605E-1 1.26025E-1 1.87087E-1 1.61986E-1 1.27779E-1 1.58408E-1 2.07226E-1 1.33269E-1 1.10372E-1 1.00672E-1 8.67595E-2 8.80575E-2 9.36987E-2 1.05455E-1
-9999 -9999 -9999 -9999 -9999 -9999 -9999 -9999 -9999 -9999 1.5415E-1 1.83093E-1 1.37964E-1 1.98145E-1 1.83332E-1 1.77505E-1 2.2336E-1 1.72784E-1 2.07975E-1 1.60325E-1 2.03671E-1 3.49123E-1 2.57257E-1 2.94546E-1 2.36093E-1 2.33384E-1 2.71713E-1 1.57271E-1 1.29704E-1 1.9574E-1 1.63752E-1 1.69446E-1 1.93083E-1 1.4371E-1 1.16271E-1 1.07812E-1 1.07255E-1 1.81392E-1 1.61487E-1 1.64992E-1 1.91231E-1 1.94388E-1 1.80213E-1 1.37736E-1 1.19397E-1 9.28725E-2 1.01109E-1 1.38797E-1 1.73732E-1 1.49795E-1 1.4315E-1 2.03837E-1 2.29859E-1 1.38957E-1 1.0493E-1 1.01462E-1 8.40471E-2 8.21647E-2 7.31853E-2 1.48972E-1
-9999 -9999 -9999 -9999 -9999 -9999 -9999 -9999 -9999 -9999 2.51773E-1 1.76054E-1 1.89073E-1 1.7193E-1 2.2386E-1 2.28421E-1 1.49052E-1 1.36453E-1 1.25978E-1 1.58986E-1 2.32199E-1 2.72727E-1 2.70428E-1 3.10995E-1 2.86494E-1 9.71548E-2 1.25704E-1 1.87263E-1 1.71966E-1 1.23045E-1 1.76311E-1 1.88869E-1 6.56648E-2 1.07973E-1 1.19733E-1 1.0594E-1 2.10862E-1 2.4057E-1 2.4802E-1 2.67861E-1 2.24904E-1 2.17949E-1 1.61444E-1 1.5082E-1 1.04254E-1 1.05524E-1 9.99409E-2 1.63528E-1 1.63735E-1 1.37508E-1 6.75831E-2 2.44178E-1 1.77724E-1 1.28169E-1 9.52995E-2 9.48716E-2 8.30125E-2 8.50963E-2 1.05053E-1 1.60308E-1
-9999 -9999 -9999 -9999 -9999 -9999 -9999 -9999 -9999 2.61345E-5 2.45662E-1 1.88465E-1 1.351E-1 2.33743E-1 1.48582E-1 2.89638E-1 3.05529E-1 2.16127E-1 1.93254E-1 1.85652E-1 3.06812E-1 3.42918E-1 3.68614E-1 3.74813E-1 3.15133E-1 2.48178E-1 2.43031E-1 1.38251E-1 1.10799E-1 1.76384E-1 1.21378E-1 1.86165E-1 1.10605E-1 1.02714E-1 8.45143E-2 -9999 2.05677E-1 2.4398E-1 2.74866E-1 3.10886E-1 2.58172E-1 2.19089E-1 1.70243E-1 1.48312E-1 1.29701E-1 1.21275E-1 1.59923E-1 1.54391E-1 1.25764E-1 1.31404E-1 1.5054E-1 2.28255E-1 1.58423E-1 1.20348E-1 9.9138E-2 1.00332E-1 8.82121E-2 8.21813E-2 5.45399E-2 1.75047E-1
