Phytophthora/models/20240501_1439_25/Phytophthora_PA3_RUN7_MAXENT_outputs/Phytophthora_PA3_RUN7.asc
ncols         225
nrows         269
xllcorner     473000.0
yllcorner     4429100.0
cellsize      50.0
NODATA_value  -9999
[rows 108 to 134 of 269, columns 60 to 119 of 225]
7.72433E-2 7.33199E-2 7.39685E-2 1.33492E-1 1.76076E-1 1.97343E-1 1.7847E-1 7.59535E-2 7.12163E-2 6.93577E-2 5.05131E-2 6.01046E-2 4.78534E-2 4.61597E-2 5.74707E-2 1.00607E-1 1.10916E-1 1.17826E-1 1.20384E-1 9.77667E-2 1.71217E-1 1.36391E-1 1.14483E-1 1.16881E-1 1.57653E-1 2.22993E-1 1.81948E-1 1.92354E-1 1.7247E-1 1.42937E-1 1.38501E-1 8.8982E-2 1.01009E-1 1.49531E-1 1.73851E-1 2.59233E-1 3.26033E-1 3.79666E-1 4.26278E-1 4.71893E-1 5.24909E-1 4.49253E-1 5.36119E-1 5.04811E-1 2.11779E-1 2.99776E-1 1.64166E-1 3.65133E-1 3.45717E-1 3.83511E-1 3.90703E-1 3.88794E-1 4.49867E-1 4.78484E-1 4.15687E-1 2.78755E-1 1.02536E-1 2.75363E-1 3.42579E-1 3.57224E-1
7.52718E-2 8.34677E-2 6.6193E-2 7.93899E-2 8.04014E-2 1.65514E-1 1.68444E-1 1.47986E-1 1.13341E-1 7.75791E-2 5.4446E-2 6.22315E-2 5.11376E-2 4.79084E-2 5.60562E-2 1.01212E-1 1.05432E-1 1.11557E-1 1.11079E-1 2.02851E-1 1.57256E-1 1.36665E-1 1.55212E-1 1.87401E-1 2.15196E-1 2.27214E-1 2.31055E-1 2.28922E-1 1.92329E-1 1.689E-1 1.52725E-1 1.15597E-1 1.37115E-1 1.62247E-1 1.82547E-1 2.48069E-1 3.10179E-1 3.48575E-1 4.10362E-1 4.72144E-1 5.70071E-1 5.8773E-1 4.13226E-1 2.35606E-1 3.44952E-1 2.95805E-1 3.14659E-1 3.42341E-1 4.317E-1 4.27412E-1 3.76798E-1 3.43487E-1 4.41697E-1 4.33158E-1 4.25454E-1 2.8976E-1 4.00632E-1 3.54242E-1 1.32705E-1 4.21522E-1
6.81848E-2 9.02207E-2 5.3671E-2 8.46309E-2 9.47745E-2 1.08485E-1 1.03226E-1 1.38895E-1 5.33296E-2 1.03522E-1 6.04337E-2 6.7159E-2 5.96134E-2 5.75232E-2 6.54578E-2 1.15244E-1 1.2141E-1 1.11271E-1 4.94921E-2 1.41477E-1 1.46798E-1 1.81097E-1 2.02636E-1 2.13369E-1 2.06996E-1 2.85679E-1 2.57788E-1 2.36053E-1 2.12104E-1 1.88366E-1 1.67245E-1 1.41151E-1 1.60624E-1 1.74175E-1 1.98148E-1 2.67276E-1 3.54987E-1 4.24749E-1 4.36814E-1 4.81915E-1 5.08526E-1 5.20145E-1 3.00023E-1 2.51803E-1 2.87911E-1 3.18439E-1 2.9863E-1 4.8365E-1 4.37104E-1 4.48662E-1 4.12205E-1 4.43E-1 4.84045E-1 4.54789E-1 3.83665E-1 2.35852E-1 2.59803E-1 2.84912E-1 3.68557E-1 1.56252E-1
6.60272E-2 7.95803E-2 8.96847E-2 8.66757E-2 8.86159E-2 9.73511E-2 8.69873E-2 1.12724E-1 4.19391E-2 1.47549E-1 1.03403E-1 1.04712E-1 9.23431E-2 9.91435E-2 1.02609E-1 8.21957E-2 8.62546E-2 8.05149E-2 4.91358E-2 8.64015E-2 1.62122E-1 1.96544E-1 1.89301E-1 1.88423E-1 1.94381E-1 2.40895E-1 2.06727E-1 1.90491E-1 1.78833E-1 1.67411E-1 1.87108E-1 1.61386E-1 1.77908E-1 1.90163E-1 2.03147E-1 2.15903E-1 2.24144E-1 2.76736E-1 2.97635E-1 3.83881E-1 4.21923E-1 2.97542E-1 3.17088E-1 3.92087E-1 2.64297E-1 3.12618E-1 3.69189E-1 3.59633E-1 3.63287E-1 4.06714E-1 4.4685E-1 4.53312E-1 4.2158E-1 3.92652E-1 3.68604E-1 3.3542E-1 3.65556E-1 3.97038E-1 3.7034E-1 2.30811E-1
7.52175E-2 8.29909E-2 8.30813E-2 8.72781E-2 8.19467E-2 9.2516E-2 9.25907E-2 1.10213E-1 1.66031E-1 1.42088E-1 1.21249E-1 1.11373E-1 1.06737E-1 1.11201E-1 1.19401E-1 9.64403E-2 9.67645E-2 4.62172E-2 1.02002E-1 1.16011E-1 1.90707E-1 2.01257E-1 2.1106E-1 2.061E-1 1.92E-1 2.01546E-1 1.06678E-1 1.82385E-1 1.68143E-1 1.75963E-1 1.37759E-1 1.14308E-1 1.95142E-1 2.09329E-1 2.14105E-1 2.44376E-1 2.53986E-1 3.02936E-1 3.43684E-1 3.3724E-1 1.94672E-1 3.36952E-1 4.05187E-1 5.0525E-1 2.62003E-1 3.77728E-1 3.68062E-1 3.8302E-1 4.52018E-1 4.89707E-1 4.78836E-1 3.9946E-1 4.23222E-1 4.34958E-1 4.14768E-1 3.41077E-1 3.48176E-1 3.55305E-1 3.94694E-1 3.61017E-1
7.49519E-2 6.54879E-2 8.32975E-2 8.07896E-2 7.59567E-2 8.53146E-2 1.00482E-1 1.3336E-1 1.78194E-1 1.0008E-1 1.67267E-1 1.15831E-1 1.18851E-1 1.26076E-1 1.36947E-1 1.13883E-1 8.31814E-2 6.59406E-2 1.53652E-1 1.35241E-1 2.21827E-1 2.28896E-1 1.84732E-1 2.44929E-1 2.28964E-1 2.32045E-1 2.14688E-1 2.45846E-1 2.01134E-1 1.52221E-1 1.48284E-1 1.52982E-1 2.09467E-1 1.99726E-1 2.43593E-1 2.49456E-1 2.90978E-1 3.49119E-1 3.57327E-1 3.31937E-1 2.87351E-1 2.80815E-1 3.01311E-1 2.71262E-1 3.4747E-1 3.79468E-1 3.8413E-1 3.33884E-1 2.85951E-1 3.14869E-1 3.29817E-1 3.47311E-1 4.10922E-1 4.49876E-1 4.10537E-1 3.05662E-1 2.97002E-1 3.14921E-1 3.57232E-1 3.11578E-1
7.36551E-2 8.26145E-2 8.03854E-2 7.6288E-2 7.50416E-2 9.71065E-2 1.10234E-1 1.32688E-1 7.46254E-2 1.16445E-1 9.24067E-2 1.09595E-1 1.14565E-1 1.25141E-1 1.36693E-1 1.20926E-1 1.51449E-1 9.66693E-2 9.59167E-2 1.28951E-1 1.77835E-1 1.4487E-1 2.26584E-1 2.1155E-1 1.80325E-1 2.0986E-1 2.72217E-1 2.56834E-1 1.3483E-1 9.75997E-2 1.07769E-1 9.74989E-2 1.66697E-1 1.99902E-1 1.48462E-1 1.88882E-1 1.81203E-1 1.84001E-1 2.56135E-1 2.7974E-1 3.13815E-1 3.39062E-1 3.67236E-1 4.14499E-1 4.4743E-1 3.28297E-1 1.45822E-1 3.83872E-1 2.81796E-1 1.91418E-1 2.48726E-1 4.31356E-1 4.06426E-1 4.83943E-1 4.27005E-1 3.64181E-1 3.62524E-1 3.86201E-1 3.1698E-1 3.51029E-1
4.82183E-2 7.49326E-2 7.34509E-2 7.20135E-2 7.86341E-2 1.08252E-1 1.14859E-1 1.0207E-1 1.12705E-1 9.63627E-2 4.56419E-2 9.15966E-2 9.99144E-2 1.02371E-1 1.06864E-1 1.43392E-1 5.56012E-2 8.36102E-2 7.49051E-2 1.11566E-1 2.15963E-1 2.20305E-1 1.96332E-1 1.90148E-1 1.87849E-1 2.91154E-1 2.60279E-1 1.39011E-1 9.8481E-2 8.8462E-2 9.52161E-2 1.02902E-1 1.42413E-1 1.70537E-1 2.09676E-1 1.72798E-1 2.55515E-1 2.70871E-1 3.0753E-1 3.07166E-1 3.54356E-1 2.79104E-1 4.0702E-1 3.45561E-1 4.16204E-1 3.24555E-1 2.76023E-1 3.49873E-1 1.47982E-1 2.5917E-1 3.64119E-1 4.4323E-1 4.30613E-1 6.05148E-1 5.70627E-1 4.6847E-1 4.81374E-1 5.12336E-1 5.27487E-1 4.39607E-1
1.99056E-1 1.82594E-1 1.84248E-1 2.18415E-1 2.3166E-1 2.6589E-1 2.51492E-1 2.065E-1 2.22321E-1 1.97428E-1 1.77669E-1 1.82797E-1 2.08635E-1 2.14818E-1 2.1552E-1 2.93706E-1 3.11058E-1 2.0505E-1 2.32521E-1 2.3945E-1 2.41548E-1 2.33855E-1 2.33904E-1 2.49866E-1 3.38544E-1 3.19839E-1 1.96961E-1 1.66985E-1 1.24394E-1 1.10911E-1 1.51987E-1 1.27899E-1 1.72752E-1 2.22202E-1 2.86651E-1 3.29402E-1 3.10683E-1 3.22342E-1 3.97703E-1 4.13094E-1 3.42755E-1 3.65938E-1 3.21551E-1 3.65272E-1 3.32598E-1 2.76635E-1 2.63343E-1 1.4515E-1 1.95364E-1 1.02841E-1 4.12434E-1 4.88051E-1 5.53316E-1 5.08965E-1 3.65434E-1 2.74998E-1 3.31975E-1 3.92018E-1 3.86569E-1 2.07048E-1
1.75395E-1 1.82867E-1 2.0683E-1 2.44409E-1 2.54098E-1 2.67933E-1 2.03795E-1 2.37324E-1 2.19601E-1 1.91159E-1 2.06067E-1 8.01702E-2 2.45466E-1 2.46454E-1 2.33519E-1 2.14297E-1 3.11587E-1 1.81146E-1 1.96503E-1 2.1467E-1 2.08909E-1 2.25757E-1 2.67069E-1 3.26384E-1 2.80347E-1 1.87665E-1 1.56905E-1 1.21566E-1 1.04295E-1 9.53017E-2 1.15865E-1 1.06602E-1 1.48064E-1 1.84313E-1 2.50838E-1 3.26967E-1 2.7917E-1 4.02324E-1 3.97122E-1 2.40856E-1 2.49318E-1 2.439E-1 3.31311E-1 3.43733E-1 3.43545E-1 2.51618E-1 2.45529E-1 2.12735E-1 2.48475E-1 1.86611E-1 3.09382E-1 3.92348E-1 4.16123E-1 3.83296E-1 3.67143E-1 2.96053E-1 3.38909E-1 4.03804E-1 2.81287E-1 3.58854E-1
1.85772E-1 2.09612E-1 2.19221E-1 1.84832E-1 2.04073E-1 2.74552E-1 2.45694E-1 2.26738E-1 2.17796E-1 2.0119E-1 2.35178E-1 2.76897E-1 3.79067E-1 2.31071E-1 2.62057E-1 1.52302E-1 1.94939E-1 1.81442E-1 2.06973E-1 2.06631E-1 1.85124E-1 2.0664E-1 3.05583E-1 2.86623E-1 1.6267E-1 1.6843E-1 1.25671E-1 1.05149E-1 9.51941E-2 9.36174E-2 1.1248E-1 1.02328E-1 1.23611E-1 1.52291E-1 2.10782E-1 2.97205E-1 3.24912E-1 3.91681E-1 3.93256E-1 3.6283E-1 2.868E-1 3.24824E-1 3.14767E-1 2.90044E-1 3.17332E-1 2.17609E-1 2.00894E-1 1.8377E-1 1.21124E-1 2.1219E-1 3.09083E-1 3.45331E-1 4.15584E-1 4.43515E-1 4.24529E-1 3.44884E-1 3.54477E-1 3.75592E-1 4.0775E-1 4.41375E-1
2.21011E-1 2.66328E-1 2.5275E-1 2.22627E-1 1.47503E-1 2.30109E-1 2.12934E-1 2.10071E-1 1.99506E-1 1.91053E-1 2.17008E-1 2.3094E-1 1.2023E-1 3.73673E-1 1.58282E-1 2.87607E-1 1.98879E-1 1.94819E-1 2.06832E-1 1.68098E-1 1.63212E-1 1.67829E-1 2.80078E-1 2.40592E-1 1.40725E-1 1.65443E-1 1.23893E-1 1.09925E-1 1.03804E-1 1.14299E-1 1.22213E-1 1.026E-1 1.1968E-1 1.53166E-1 2.18283E-1 3.00013E-1 3.24857E-1 1.9584E-1 2.81738E-1 3.41433E-1 2.62997E-1 2.75894E-1 2.81578E-1 2.48815E-1 2.23573E-1 1.78286E-1 1.66607E-1 1.42781E-1 1.1487E-1 2.03628E-1 3.12955E-1 3.91246E-1 3.65878E-1 4.52238E-1 4.55415E-1 3.67042E-1 3.56051E-1 3.48216E-1 3.72144E-1 3.76775E-1
2.65431E-1 3.56047E-1 2.50445E-1 2.13736E-1 1.53137E-1 2.42459E-1 2.2306E-1 2.08849E-1 1.97975E-1 2.14326E-1 2.36474E-1 2.44612E-1 2.81996E-1 2.33072E-1 2.13359E-1 2.3477E-1 2.77126E-1 2.72025E-1 2.1106E-1 1.62515E-1 1.45494E-1 1.59681E-1 2.92574E-1 1.86177E-1 1.68716E-1 1.70637E-1 1.29797E-1 1.22713E-1 1.2934E-1 1.31395E-1 1.31077E-1 1.0189E-1 1.06996E-1 1.42214E-1 2.11596E-1 2.58176E-1 3.0768E-1 2.33819E-1 3.41783E-1 3.0004E-1 2.15495E-1 2.34413E-1 2.50339E-1 2.33866E-1 2.05981E-1 1.25958E-1 1.17287E-1 1.11888E-1 1.11575E-1 1.74306E-1 3.03489E-1 3.40531E-1 4.10505E-1 4.52854E-1 4.43127E-1 3.58573E-1 3.72262E-1 3.72599E-1 3.64485E-1 3.93768E-1
1.98849E-1 3.82406E-1 2.28378E-1 2.19408E-1 2.03483E-1 2.44849E-1 2.21595E-1 2.25133E-1 2.23991E-1 2.72273E-1 3.4368E-1 3.6538E-1 3.56134E-1 1.81827E-1 2.26231E-1 2.68533E-1 2.81642E-1 2.22522E-1 1.83259E-1 1.54893E-1 1.79175E-1 2.18667E-1 2.12345E-1 1.99466E-1 2.08939E-1 2.24494E-1 1.82693E-1 1.83259E-1 1.79341E-1 1.72779E-1 1.80827E-1 1.37461E-1 1.17766E-1 1.57286E-1 2.23612E-1 2.36814E-1 2.50908E-1 3.1448E-1 1.60485E-1 2.33347E-1 1.70692E-1 1.8762E-1 2.23991E-1 2.30731E-1 1.81419E-1 1.16521E-1 1.11559E-1 1.08521E-1 1.17106E-1 1.46886E-1 1.98973E-1 2.47615E-1 3.12325E-1 3.66588E-1 3.97712E-1 3.61473E-1 3.31936E-1 2.92609E-1 3.14145E-1 3.41699E-1
3.83994E-1 3.21323E-1 2.30233E-1 2.65421E-1 1.76155E-1 2.44488E-1 2.19232E-1 1.77396E-1 1.88124E-1 1.88586E-1 2.29005E-1 3.15449E-1 3.85964E-1 2.62291E-1 3.73316E-1 2.90525E-1 2.81065E-1 2.156E-1 1.89647E-1 1.7209E-1 2.35418E-1 2.85611E-1 2.04212E-1 2.45947E-1 2.61698E-1 2.6229E-1 2.14121E-1 2.24767E-1 2.07557E-1 1.71536E-1 1.78589E-1 1.37631E-1 1.08902E-1 1.27153E-1 1.96882E-1 2.14284E-1 2.58758E-1 2.37026E-1 2.05779E-1 1.78243E-1 1.36956E-1 1.39071E-1 1.78525E-1 1.8875E-1 1.60481E-1 1.01813E-1 9.8197E-2 1.01314E-1 1.21037E-1 1.43545E-1 1.90037E-1 2.17725E-1 2.58314E-1 3.04765E-1 3.52263E-1 3.80681E-1 3.57903E-1 3.53842E-1 3.44147E-1 3.47875E-1
3.48585E-1 2.71888E-1 2.74803E-1 3.03583E-1 2.50914E-1 2.44037E-1 2.08192E-1 2.07493E-1 1.7454E-1 1.77499E-1 1.8553E-1 2.04738E-1 2.80931E-1 3.07083E-1 3.88899E-1 2.80124E-1 2.56534E-1 2.22881E-1 2.21707E-1 2.47416E-1 3.20904E-1 2.87527E-1 3.31778E-1 3.43847E-1 2.25084E-1 2.68777E-1 2.52179E-1 2.41566E-1 2.04757E-1 1.57194E-1 1.48575E-1 1.3087E-1 9.97582E-2 1.17165E-1 2.07945E-1 2.01966E-1 1.39938E-1 2.09747E-1 1.55215E-1 1.37684E-1 1.10013E-1 1.0999E-1 1.3132E-1 1.66712E-1 1.51335E-1 9.88458E-2 9.87516E-2 1.05846E-1 1.29388E-1 1.60544E-1 2.13351E-1 2.45781E-1 2.76262E-1 3.02104E-1 3.68645E-1 4.37695E-1 4.239E-1 3.55475E-1 3.15139E-1 3.51631E-1
3.08697E-1 3.03862E-1 3.26179E-1 1.96882E-1 2.47358E-1 2.36295E-1 1.87693E-1 1.85312E-1 1.72234E-1 1.72381E-1 1.93371E-1 2.09673E-1 2.26316E-1 2.97659E-1 2.99724E-1 2.60983E-1 2.71553E-1 2.93391E-1 3.29258E-1 3.09418E-1 3.36932E-1 3.40945E-1 2.9314E-1 2.30458E-1 2.15213E-1 2.85348E-1 2.76364E-1 2.2936E-1 1.89561E-1 6.39669E-2 1.41611E-1 1.11871E-1 9.66403E-2 1.31756E-1 1.68599E-1 1.25678E-1 8.0559E-2 1.92301E-1 1.34238E-1 1.04589E-1 8.35238E-2 8.69043E-2 1.13737E-1 1.55406E-1 9.86072E-2 9.11645E-2 1.1578E-1 1.31453E-1 1.42517E-1 1.83176E-1 2.51298E-1 2.8069E-1 3.11378E-1 3.42575E-1 3.79521E-1 3.98496E-1 4.51433E-1 4.21718E-1 3.50642E-1 3.60072E-1
2.90421E-1 3.29487E-1 3.42197E-1 2.34644E-1 2.33721E-1 2.09526E-1 1.79126E-1 1.77638E-1 1.73538E-1 1.71732E-1 2.08165E-1 2.30547E-1 2.34241E-1 2.26393E-1 7.16041E-2 2.73427E-1 3.87761E-1 3.68133E-1 3.42909E-1 3.20791E-1 3.00445E-1 2.08103E-1 1.84508E-1 1.88516E-1 2.22468E-1 3.26399E-1 2.90639E-1 2.15481E-1 1.76411E-1 9.44019E-2 1.32418E-1 9.45914E-2 8.30313E-2 1.10014E-1 1.35949E-1 7.71196E-2 9.14969E-2 1.69843E-1 9.56244E-2 8.74954E-2 7.41863E-2 9.00611E-2 1.19682E-1 1.43701E-1 1.11586E-1 1.22261E-1 1.7792E-1 1.74903E-1 1.7563E-1 2.048E-1 2.68621E-1 2.61258E-1 3.37016E-1 3.9207E-1 4.6192E-1 4.51927E-1 4.5807E-1 4.53609E-1 4.31423E-1 3.81019E-1
1.90033E-1 2.46183E-1 2.01827E-1 1.79805E-1 1.71827E-1 2.01554E-1 1.79723E-1 1.91204E-1 1.92832E-1 1.79727E-1 1.82171E-1 2.08074E-1 2.68294E-1 2.34831E-1 2.29098E-1 4.00466E-1 4.00862E-1 3.74866E-1 3.17335E-1 2.64957E-1 2.79607E-1 2.97587E-1 2.85357E-1 3.22364E-1 3.43261E-1 3.31319E-1 3.11022E-1 2.43189E-1 1.88714E-1 9.29971E-2 1.0888E-1 7.52637E-2 5.87147E-2 7.40899E-2 8.77904E-2 4.48138E-2 2.58486E-2 1.06171E-1 5.73368E-2 5.4382E-2 4.92088E-2 6.65069E-2 9.11036E-2 1.34431E-1 1.41986E-1 1.36748E-1 1.93231E-1 1.84514E-1 1.97902E-1 1.81202E-1 2.35833E-1 2.65385E-1 3.0487E-1 3.38732E-1 4.17904E-1 3.33912E-1 3.20543E-1 3.60873E-1 3.32131E-1 3.11667E-1
2.15574E-1 2.50619E-1 2.32417E-1 2.03673E-1 1.64048E-1 2.02408E-1 2.03374E-1 2.0682E-1 2.14253E-1 2.00719E-1 1.91173E-1 1.9989E-1 2.31982E-1 2.03432E-1 1.09935E-1 3.62684E-1 3.56706E-1 2.92825E-1 1.84606E-1 1.86528E-1 3.13645E-1 3.23739E-1 3.061E-1 3.11513E-1 3.64855E-1 4.31269E-1 2.92423E-1 2.34975E-1 1.76619E-1 1.33058E-1 1.15034E-1 7.91555E-2 5.53115E-2 3.51917E-2 3.36757E-2 3.2498E-2 2.34151E-2 8.42913E-2 8.45575E-2 4.48994E-2 5.08491E-2 7.68044E-2 1.08045E-1 1.73023E-1 2.02998E-1 1.73491E-1 1.64029E-1 1.79957E-1 2.41507E-1 2.21112E-1 2.75055E-1 3.02535E-1 2.30621E-1 3.63646E-1 4.37194E-1 3.19626E-1 2.90237E-1 3.16942E-1 3.04655E-1 3.36952E-1
1.10354E-1 1.21992E-1 1.45552E-1 1.62355E-1 1.59605E-1 2.24116E-1 2.29645E-1 2.27542E-1 2.217E-1 2.13295E-1 2.11541E-1 1.96926E-1 2.42414E-1 2.3199E-1 3.07655E-1 3.30585E-1 2.33154E-1 2.04766E-1 1.85388E-1 2.31628E-1 3.61984E-1 3.39642E-1 3.18042E-1 3.28949E-1 3.4722E-1 4.34664E-1 2.95281E-1 1.92206E-1 1.68739E-1 1.42143E-1 1.11809E-1 8.25751E-2 6.07568E-2 3.77572E-2 2.68769E-2 2.21716E-2 3.18992E-2 6.54228E-2 9.93284E-2 7.15448E-2 6.55081E-2 6.46528E-2 1.26348E-1 1.9814E-1 2.25293E-1 1.87757E-1 2.41535E-1 3.16953E-1 2.20104E-1 2.21447E-1 3.13664E-1 3.54123E-1 3.42781E-1 3.53533E-1 3.93404E-1 3.2673E-1 2.94181E-1 2.9366E-1 2.69432E-1 2.67667E-1
1.04621E-1 1.32939E-1 1.6042E-1 1.67331E-1 1.70505E-1 2.5166E-1 1.80162E-1 2.52086E-1 2.46878E-1 2.34315E-1 2.36538E-1 2.28337E-1 2.6921E-1 2.68897E-1 2.81615E-1 3.05903E-1 2.28342E-1 2.25032E-1 2.20663E-1 2.69611E-1 4.07064E-1 3.78895E-1 3.28452E-1 3.36903E-1 4.48845E-1 4.09247E-1 2.58527E-1 1.58779E-1 1.5806E-1 1.31338E-1 1.02237E-1 8.25407E-2 6.93947E-2 4.85636E-2 2.79021E-2 2.42815E-2 3.63701E-2 6.52451E-2 1.16321E-1 1.12677E-1 8.03123E-2 9.88955E-2 1.22831E-1 2.15178E-1 1.77836E-1 1.58327E-1 2.6822E-1 3.1262E-1 2.13096E-1 2.48899E-1 3.28976E-1 3.74586E-1 3.45194E-1 3.51639E-1 4.14031E-1 3.58787E-1 2.02864E-1 3.15123E-1 3.12336E-1 2.90482E-1
1.0722E-1 1.3726E-1 1.52972E-1 1.01598E-1 1.92688E-1 2.48971E-1 2.46914E-1 2.68588E-1 2.4205E-1 2.30789E-1 2.14122E-1 2.35159E-1 3.05602E-1 1.08144E-1 3.19016E-1 3.18523E-1 2.80085E-1 2.9727E-1 2.92168E-1 3.2521E-1 4.49515E-1 4.30991E-1 3.72353E-1 3.39101E-1 4.32361E-1 3.78984E-1 2.29441E-1 1.75565E-1 1.75438E-1 1.55763E-1 1.25406E-1 1.00894E-1 8.67679E-2 7.92059E-2 4.9874E-2 4.0136E-2 4.72595E-2 7.7303E-2 1.04255E-1 1.59128E-1 8.65298E-2 9.65373E-2 1.21772E-1 2.18992E-1 2.25246E-1 1.78132E-1 3.07076E-1 3.24999E-1 2.0395E-1 2.39453E-1 3.26755E-1 4.12255E-1 3.81981E-1 4.04622E-1 4.84983E-1 3.42064E-1 1.97634E-1 3.02948E-1 2.8241E-1 2.97492E-1
1.37306E-1 1.54738E-1 1.71974E-1 1.97991E-1 2.44681E-1 2.38619E-1 2.36835E-1 2.39614E-1 2.31844E-1 2.34074E-1 2.92955E-1 2.74939E-1 3.26683E-1 3.01022E-1 4.20981E-1 4.89027E-1 5.02537E-1 4.49671E-1 4.22453E-1 4.00403E-1 3.01417E-1 3.0321E-1 3.92494E-1 4.44619E-1 4.29606E-1 3.11196E-1 1.81281E-1 1.38909E-1 1.44407E-1 1.29414E-1 8.98651E-2 7.26728E-2 6.87233E-2 7.1153E-2 7.74447E-2 5.15801E-2 6.0449E-2 7.50478E-2 1.09344E-1 1.72814E-1 1.09285E-1 9.66026E-2 1.25889E-1 2.49076E-1 2.78521E-1 1.44517E-1 2.69951E-1 2.80715E-1 1.90876E-1 1.78269E-1 2.28428E-1 2.99436E-1 2.62206E-1 1.68998E-1 3.48511E-1 3.27051E-1 2.89974E-1 2.83852E-1 2.35318E-1 7.34986E-2
1.34875E-1 1.45279E-1 1.4168E-1 1.53146E-1 2.41425E-1 2.17831E-1 2.24047E-1 2.25393E-1 2.20562E-1 2.41209E-1 3.13031E-1 2.84965E-1 2.88209E-1 3.12867E-1 3.0872E-1 5.1564E-1 3.37248E-1 4.27558E-1 5.36826E-1 5.58213E-1 5.95528E-1 5.72816E-1 5.46434E-1 5.31098E-1 4.68891E-1 3.23872E-1 2.45455E-1 1.75965E-1 2.17868E-1 7.64235E-2 1.04981E-1 8.91254E-2 7.47165E-2 8.50327E-2 1.20847E-1 1.19852E-1 6.10339E-2 9.59551E-2 1.01844E-1 1.75136E-1 1.7018E-1 9.92382E-2 1.55674E-1 2.76604E-1 3.05699E-1 1.59399E-1 2.3696E-1 2.74042E-1 3.27903E-1 2.2257E-1 2.54875E-1 3.236E-1 2.69009E-1 2.75428E-1 3.38738E-1 3.5683E-1 2.73128E-1 3.13688E-1 1.28211E-1 1.74188E-1
1.28718E-1 1.38901E-1 5.40389E-2 1.80879E-1 1.92065E-1 2.12308E-1 1.98853E-1 2.16436E-1 2.39859E-1 2.73844E-1 3.77436E-1 3.14207E-1 1.82133E-1 2.50547E-1 1.18341E-1 3.68312E-1 4.24275E-1 4.01833E-1 5.12679E-1 4.88411E-1 5.59664E-1 5.22159E-1 5.64616E-1 5.17533E-1 4.22341E-1 2.23855E-1 1.80788E-1 2.45847E-1 1.33627E-1 1.06353E-1 9.76345E-2 7.2557E-2 7.25342E-2 7.07061E-2 1.17626E-1 1.37668E-1 1.74091E-1 8.92857E-2 1.39793E-1 2.17645E-1 2.10693E-1 1.38279E-1 1.45439E-1 2.91269E-1 3.16141E-1 1.60252E-1 2.30897E-1 3.46293E-1 2.67271E-1 2.65036E-1 2.71845E-1 2.91197E-1 3.14483E-1 2.33218E-1 2.91897E-1 3.1973E-1 3.18019E-1 1.42236E-1 2.45254E-1 1.81444E-1
1.26482E-1 1.36142E-1 2.61168E-1 1.97124E-1 1.51121E-1 2.29513E-1 2.20075E-1 2.54932E-1 2.70244E-1 2.18614E-1 3.90611E-1 3.67195E-1 3.17924E-1 3.60021E-1 1.76323E-1 4.89916E-1 4.92864E-1 4.84144E-1 4.83042E-1 4.86622E-1 4.75469E-1 3.57226E-1 5.41079E-1 5.07665E-1 3.37291E-1 3.03124E-1 2.56398E-1 2.68147E-1 1.18759E-1 1.11258E-1 9.81744E-2 6.56667E-2 7.28392E-2 8.79547E-2 1.16003E-1 1.43515E-1 2.02145E-1 2.05629E-1 1.85855E-1 2.30372E-1 2.49722E-1 2.62606E-1 1.8571E-1 2.96142E-1 3.18449E-1 1.63155E-1 2.0757E-1 3.42469E-1 3.75391E-1 3.35164E-1 2.96708E-1 2.97275E-1 3.2946E-1 2.3433E-1 2.6543E-1 2.37502E-1 1.92003E-1 2.87982E-1 1.851E-1 1.43236E-1
