Phytophthora/models/20240430_1147_34/Phytophthora_PA3_RUN4_MAXENT_outputs/Phytophthora_PA3_RUN4.asc
ncols         225
nrows         269
xllcorner     473000.0
yllcorner     4429100.0
cellsize      50.0
NODATA_value  -9999
[rows 162 to 188 of 269, columns 60 to 119 of 225]
2.75844E-1 1.10113E-1 2.51727E-1 2.06125E-1 2.76929E-1 2.68214E-1 3.76786E-1 3.79709E-1 3.28738E-1 2.90565E-1 2.11906E-1 4.13096E-1 4.79639E-1 3.2655E-1 5.8309E-1 4.98158E-1 6.59918E-1 6.33042E-1 6.53373E-1 6.79991E-1 6.59487E-1 6.62871E-1 6.65829E-1 4.42208E-1 7.56424E-1 6.88308E-1 5.77372E-1 5.20523E-1 7.28758E-1 6.79403E-1 5.97396E-1 5.74954E-1 6.12075E-1 6.17469E-1 6.13799E-1 6.07353E-1 5.99852E-1 5.95574E-1 5.55889E-1 5.74657E-1 5.35254E-1 4.99003E-1 2.99747E-1 5.19515E-1 4.92125E-1 4.54582E-1 4.09149E-1 3.41317E-1 3.0971E-1 2.63215E-1 9.35094E-2 1.58113E-1 1.42551E-1 9.06541E-2 9.12842E-2 1.68486E-1 1.91874E-1 2.10284E-1 2.5819E-1 4.99139E-1
1.00086E-1 3.17986E-1 3.04769E-1 3.05247E-1 2.863E-1 1.99755E-1 1.22766E-1 2.16907E-1 2.99638E-1 3.50446E-1 3.79663E-1 3.97911E-1 4.91033E-1 5.34324E-1 5.44737E-1 5.51362E-1 6.78963E-1 6.37894E-1 6.12741E-1 6.36687E-1 6.10081E-1 6.00419E-1 6.69879E-1 7.11496E-1 6.86203E-1 6.59828E-1 3.98748E-1 6.13824E-1 7.08942E-1 6.69375E-1 6.2944E-1 5.78782E-1 5.2825E-1 4.85706E-1 5.13211E-1 5.59662E-1 5.90862E-1 6.49446E-1 6.82251E-1 6.97929E-1 2.79625E-1 6.10501E-1 5.75354E-1 5.62991E-1 5.25284E-1 5.42466E-1 5.13788E-1 4.8315E-1 4.31744E-1 3.45288E-1 1.27396E-1 1.72209E-1 1.12494E-1 8.47289E-2 9.39462E-2 1.23614E-1 2.37897E-1 2.88345E-1 4.50983E-1 5.02662E-1
3.28722E-1 3.34574E-1 2.45339E-1 2.63402E-1 3.4646E-1 2.81873E-1 2.9271E-1 2.93229E-1 3.17077E-1 1.73349E-1 4.37593E-1 3.66296E-1 3.62162E-1 4.31128E-1 4.24167E-1 -9999 5.9751E-1 4.76485E-1 6.12306E-1 6.16952E-1 5.6635E-1 5.72436E-1 5.21236E-1 7.27133E-1 6.83616E-1 6.74674E-1 7.02693E-1 6.03464E-1 7.24645E-1 6.7526E-1 6.30701E-1 5.68163E-1 5.30782E-1 5.51911E-1 5.64182E-1 6.35819E-1 6.80325E-1 7.25402E-1 7.60194E-1 7.62541E-1 6.75814E-1 5.5963E-1 4.67724E-1 4.47478E-1 4.3372E-1 4.6549E-1 4.64617E-1 4.33185E-1 3.86841E-1 2.95217E-1 1.09903E-1 5.81971E-2 1.66719E-1 1.75184E-1 1.93221E-1 1.95305E-1 2.70195E-1 4.38601E-1 4.92572E-1 2.76123E-1
2.76187E-1 3.05878E-1 3.98266E-1 4.70643E-1 3.73909E-1 3.3159E-1 3.43373E-1 3.02355E-1 3.31132E-1 4.03264E-1 5.01891E-1 4.28852E-1 3.27506E-1 2.99573E-1 2.91812E-1 3.26187E-1 4.68909E-1 5.3639E-1 6.67592E-1 6.69966E-1 5.99135E-1 5.73821E-1 6.96256E-1 6.94919E-1 6.83385E-1 6.71526E-1 7.02591E-1 4.81538E-1 7.07712E-1 6.71959E-1 6.51775E-1 6.25578E-1 4.62529E-1 5.47923E-1 6.02484E-1 6.77753E-1 7.31672E-1 7.80521E-1 6.72203E-1 7.73543E-1 6.69825E-1 6.00577E-1 5.0391E-1 4.61801E-1 4.40389E-1 4.59175E-1 4.41582E-1 4.20478E-1 3.7964E-1 3.12062E-1 1.58213E-1 1.54875E-1 1.73619E-1 2.1672E-1 2.55781E-1 2.52564E-1 4.47565E-1 3.94214E-1 4.74602E-1 4.46528E-1
2.68434E-1 3.09071E-1 3.68486E-1 4.01057E-1 3.98485E-1 3.85599E-1 3.72612E-1 3.32857E-1 3.7561E-1 4.8338E-1 6.57191E-1 6.25948E-1 5.83779E-1 5.33017E-1 5.74336E-1 6.31776E-1 5.10547E-1 7.47984E-1 8.18294E-1 7.88818E-1 7.03141E-1 4.89363E-1 5.75731E-1 4.91924E-1 7.48328E-1 5.30381E-1 6.63677E-1 6.93791E-1 7.01386E-1 6.73294E-1 6.57097E-1 6.46038E-1 5.73718E-1 5.41464E-1 5.64857E-1 5.3709E-1 6.06333E-1 6.54817E-1 5.92039E-1 5.48433E-1 6.16847E-1 6.19319E-1 5.58826E-1 4.91716E-1 4.52332E-1 4.37588E-1 4.21902E-1 3.96014E-1 3.8127E-1 3.32992E-1 2.10343E-1 2.41953E-1 2.7956E-1 3.23321E-1 4.1404E-1 4.60792E-1 4.99723E-1 4.20939E-1 2.72186E-1 3.82961E-1
3.06308E-1 3.50003E-1 3.83435E-1 3.88559E-1 4.43139E-1 4.62582E-1 4.32317E-1 3.8678E-1 3.89503E-1 5.07039E-1 4.41483E-1 6.67464E-1 6.58522E-1 6.1482E-1 6.49876E-1 8.13068E-1 7.89392E-1 8.02941E-1 8.47075E-1 8.16963E-1 6.80581E-1 5.54528E-1 5.62911E-1 7.31525E-1 7.65688E-1 5.79911E-1 6.20293E-1 6.64726E-1 5.53833E-1 6.97839E-1 6.16657E-1 5.49967E-1 4.9833E-1 5.34934E-1 5.47485E-1 5.02405E-1 5.4971E-1 3.16831E-1 5.35366E-1 5.35453E-1 6.43605E-1 6.18523E-1 5.74241E-1 5.06018E-1 4.58178E-1 4.0701E-1 3.77393E-1 3.46115E-1 3.59251E-1 2.89663E-1 2.25175E-1 3.08154E-1 3.44072E-1 4.11141E-1 4.70807E-1 3.2535E-1 3.41593E-1 2.27867E-1 2.00983E-1 1.55474E-1
3.63999E-1 4.2662E-1 4.48778E-1 4.39006E-1 4.85744E-1 5.15359E-1 4.84744E-1 4.27672E-1 4.02109E-1 4.95084E-1 6.35594E-1 6.83249E-1 6.63575E-1 4.7598E-1 6.65922E-1 8.23664E-1 8.62755E-1 6.57748E-1 8.63677E-1 8.45903E-1 7.13532E-1 6.02177E-1 5.60353E-1 6.87832E-1 7.44472E-1 4.85101E-1 5.75173E-1 6.50973E-1 6.80539E-1 5.66162E-1 6.73907E-1 2.91581E-1 5.5805E-1 5.47993E-1 5.61905E-1 4.87734E-1 2.1829E-1 4.66275E-1 4.68631E-1 4.99883E-1 6.59399E-1 6.01265E-1 5.64613E-1 4.77506E-1 4.17234E-1 3.592E-1 3.25869E-1 3.16272E-1 3.046E-1 3.23758E-1 2.50924E-1 3.44681E-1 3.79472E-1 4.26632E-1 2.00225E-1 4.5775E-1 1.65672E-1 2.60046E-1 1.74617E-1 1.31561E-1
4.30897E-1 5.2338E-1 5.05663E-1 4.88025E-1 5.49065E-1 2.11956E-1 2.31741E-1 1.93468E-1 4.34704E-1 5.56888E-1 6.76278E-1 6.84793E-1 6.84248E-1 4.69031E-1 5.26385E-1 5.31412E-1 6.84662E-1 8.30513E-1 7.21747E-1 8.00296E-1 6.46524E-1 6.18647E-1 5.94875E-1 5.14563E-1 6.29989E-1 4.71622E-1 5.25575E-1 6.2151E-1 6.24188E-1 6.73137E-1 6.95935E-1 6.14813E-1 4.66368E-1 2.29542E-1 5.6276E-1 5.11917E-1 2.85966E-1 5.31756E-1 5.21608E-1 6.23349E-1 6.90238E-1 6.35999E-1 5.67391E-1 4.85328E-1 4.42201E-1 3.46198E-1 3.18088E-1 3.05977E-1 3.73707E-1 4.27251E-1 3.24635E-1 3.79998E-1 4.23089E-1 3.44211E-1 5.67949E-1 3.56455E-1 2.22607E-1 3.02721E-1 2.25026E-1 2.32679E-1
4.19192E-1 4.57991E-1 4.35202E-1 4.51269E-1 3.17831E-1 4.74683E-1 4.39632E-1 4.0375E-1 4.15554E-1 5.11553E-1 6.73316E-1 6.85758E-1 6.50695E-1 1.48003E-1 4.94157E-1 7.42548E-1 7.04286E-1 6.41074E-1 6.99123E-1 5.54119E-1 5.90272E-1 4.83149E-1 3.94218E-1 6.06421E-1 7.12893E-1 5.12836E-1 6.25039E-1 6.75364E-1 3.11856E-1 5.48067E-1 4.97519E-1 5.46638E-1 6.48247E-1 6.57886E-1 3.85351E-1 3.04218E-1 6.08832E-1 6.50242E-1 6.53111E-1 6.52927E-1 7.09069E-1 6.71398E-1 6.13013E-1 5.55471E-1 5.07403E-1 3.81708E-1 3.46527E-1 3.09217E-1 3.50597E-1 4.44552E-1 3.91936E-1 4.27346E-1 4.57036E-1 4.23014E-1 4.83082E-1 4.34768E-1 3.91267E-1 3.44882E-1 2.74999E-1 2.27324E-1
6.89274E-1 7.08746E-1 7.19598E-1 5.93331E-1 4.44537E-1 6.90568E-1 6.32237E-1 6.38717E-1 6.5971E-1 7.03365E-1 6.56631E-1 5.66892E-1 5.07355E-1 3.37334E-1 5.31253E-1 7.11155E-1 6.24497E-1 5.97735E-1 5.48997E-1 6.39621E-1 2.26899E-1 6.20139E-1 6.60259E-1 6.03603E-1 6.71107E-1 2.57756E-1 4.83054E-1 6.31858E-1 4.82393E-1 3.6062E-1 3.24696E-1 4.36388E-1 5.96562E-1 6.41485E-1 6.86319E-1 6.98008E-1 6.54079E-1 6.57239E-1 6.5593E-1 6.06403E-1 6.72148E-1 6.0461E-1 5.39139E-1 4.86313E-1 4.23591E-1 3.21274E-1 2.50737E-1 2.00315E-1 2.10693E-1 2.90499E-1 3.27126E-1 4.23369E-1 4.88178E-1 5.31751E-1 4.74053E-1 4.31036E-1 4.11324E-1 3.41514E-1 2.86379E-1 2.99571E-1
3.11734E-1 4.66781E-1 6.26699E-1 2.74515E-1 5.52989E-1 6.34479E-1 6.38092E-1 6.40275E-1 6.59702E-1 6.9256E-1 5.99328E-1 4.9285E-1 5.23922E-1 3.3122E-1 5.37529E-1 5.8659E-1 7.38622E-1 4.79787E-1 6.76025E-1 6.68474E-1 6.05325E-1 6.2365E-1 6.98936E-1 4.37584E-1 5.62727E-1 4.22139E-1 4.86183E-1 5.21852E-1 5.25849E-1 5.0315E-1 5.57673E-1 6.30662E-1 6.12793E-1 6.49956E-1 6.58364E-1 6.33702E-1 5.83665E-1 5.6335E-1 6.31503E-1 6.77556E-1 7.05008E-1 5.9603E-1 5.57131E-1 5.04205E-1 4.60108E-1 3.45046E-1 2.44441E-1 1.80827E-1 1.71873E-1 2.55217E-1 3.08276E-1 3.73155E-1 4.43796E-1 4.62668E-1 4.74675E-1 4.2295E-1 2.92542E-1 4.212E-1 3.92376E-1 3.21848E-1
5.20369E-1 5.17549E-1 5.15913E-1 5.59436E-1 5.33985E-1 6.0442E-1 6.35757E-1 6.1131E-1 6.54794E-1 6.64868E-1 5.76696E-1 5.27484E-1 5.47526E-1 2.46012E-1 4.5361E-1 5.03233E-1 5.92839E-1 6.73569E-1 6.97245E-1 6.91102E-1 6.1866E-1 5.53853E-1 6.37766E-1 6.85875E-1 2.24061E-1 4.13E-1 1.38344E-1 4.3116E-1 4.91239E-1 4.50987E-1 5.11809E-1 4.81275E-1 5.24934E-1 5.96735E-1 5.28863E-1 6.11451E-1 5.37253E-1 4.93629E-1 6.05584E-1 6.3823E-1 6.30847E-1 5.5929E-1 5.16246E-1 4.78187E-1 4.38751E-1 2.95302E-1 2.49912E-1 1.3424E-1 2.36119E-1 2.33782E-1 2.58043E-1 3.40519E-1 3.83301E-1 3.50308E-1 4.52091E-1 4.27261E-1 1.76561E-1 4.50337E-1 3.80445E-1 2.51687E-1
3.47403E-1 3.26828E-1 5.3409E-1 5.19779E-1 5.14856E-1 5.73008E-1 6.121E-1 6.23661E-1 6.49318E-1 6.62656E-1 5.74023E-1 5.85398E-1 5.97457E-1 2.53374E-1 3.8186E-1 7.59059E-1 7.37637E-1 7.3315E-1 7.73693E-1 7.57356E-1 5.93469E-1 6.68803E-1 6.37952E-1 5.63844E-1 4.23661E-1 4.95459E-1 5.09919E-1 4.81974E-1 4.35967E-1 3.90734E-1 4.4376E-1 4.67333E-1 4.6907E-1 4.39413E-1 5.07545E-1 4.949E-1 4.22376E-1 3.98013E-1 6.13732E-1 6.42729E-1 6.52994E-1 5.92776E-1 5.60209E-1 4.71915E-1 4.18215E-1 3.22255E-1 2.64117E-1 2.44054E-1 2.51807E-1 2.83737E-1 2.75626E-1 3.40169E-1 3.74015E-1 2.49837E-1 4.83041E-1 2.45475E-1 4.62048E-1 4.29026E-1 3.15713E-1 2.54557E-1
4.54766E-1 5.34166E-1 4.24688E-1 5.39847E-1 5.79981E-1 6.5228E-1 6.57764E-1 6.32915E-1 6.52492E-1 6.18528E-1 5.74582E-1 6.48596E-1 6.66361E-1 4.38837E-1 6.20287E-1 7.47782E-1 7.2505E-1 7.39287E-1 7.94707E-1 7.77789E-1 6.86763E-1 6.81504E-1 6.59096E-1 2.38482E-1 4.78073E-1 4.85047E-1 5.01797E-1 2.60889E-1 4.71954E-1 4.00147E-1 4.27239E-1 4.14483E-1 4.20557E-1 3.47705E-1 2.72814E-1 2.45493E-1 1.86898E-1 2.18647E-1 3.71462E-1 5.51995E-1 5.83564E-1 5.49266E-1 4.956E-1 3.79219E-1 3.53876E-1 2.80108E-1 2.73764E-1 2.74105E-1 2.91664E-1 3.27218E-1 3.04701E-1 3.5508E-1 3.96548E-1 9.13926E-2 3.17741E-1 2.49468E-1 2.9134E-1 3.30147E-1 2.96024E-1 2.5217E-1
6.11225E-1 5.81626E-1 5.74864E-1 5.71311E-1 6.39114E-1 6.2865E-1 6.51743E-1 6.21012E-1 6.06931E-1 5.57096E-1 5.91879E-1 6.41845E-1 6.54664E-1 5.43053E-1 6.33344E-1 6.75432E-1 6.41049E-1 6.12334E-1 6.39846E-1 7.20517E-1 7.56366E-1 5.6236E-1 7.01911E-1 -9999 6.14208E-1 6.03347E-1 6.30531E-1 6.41682E-1 5.28967E-1 6.0368E-1 5.08641E-1 3.38568E-1 4.51623E-1 3.5655E-1 2.97956E-1 3.35405E-1 3.24224E-1 2.96853E-1 5.64433E-1 6.24238E-1 5.55463E-1 4.94578E-1 4.4992E-1 3.82283E-1 3.43775E-1 2.10912E-1 2.15557E-1 2.24715E-1 2.63142E-1 3.48894E-1 4.0638E-1 4.39224E-1 4.50484E-1 1.60284E-1 2.75431E-1 3.02689E-1 1.54519E-1 4.00491E-1 4.29432E-1 3.17942E-1
6.13057E-1 5.99029E-1 2.57598E-1 6.17788E-1 6.34912E-1 6.48704E-1 6.93518E-1 6.59809E-1 5.48488E-1 4.81527E-1 5.01821E-1 5.01831E-1 5.07982E-1 4.54099E-1 6.00981E-1 5.13216E-1 6.66381E-1 6.52918E-1 7.14325E-1 7.5305E-1 5.81635E-1 7.80735E-1 4.50213E-1 5.25221E-1 6.36196E-1 5.31959E-1 5.01601E-1 4.94849E-1 5.89609E-1 5.71125E-1 4.81288E-1 4.30959E-1 3.53484E-1 2.69134E-1 2.47791E-1 3.58419E-1 -9999 -9999 6.85423E-1 6.75546E-1 5.8631E-1 5.39027E-1 4.96872E-1 4.29606E-1 3.23836E-1 2.23029E-1 2.24927E-1 2.50089E-1 2.89422E-1 3.43627E-1 4.01414E-1 4.64786E-1 4.85121E-1 3.5224E-1 3.52541E-1 3.90384E-1 4.19365E-1 4.75392E-1 4.87007E-1 3.25396E-1
5.78929E-1 5.6983E-1 6.06957E-1 6.43764E-1 6.1621E-1 6.89823E-1 7.23283E-1 6.90526E-1 5.08036E-1 5.32034E-1 5.60892E-1 5.89548E-1 4.27031E-1 5.6551E-1 5.34178E-1 6.02108E-1 4.19025E-1 6.6144E-1 6.91223E-1 5.80558E-1 7.48047E-1 7.52496E-1 7.49063E-1 7.27446E-1 6.33628E-1 5.22843E-1 5.63527E-1 5.5162E-1 6.11111E-1 6.10394E-1 4.90221E-1 4.44539E-1 3.93986E-1 2.97921E-1 2.44914E-1 3.53198E-1 5.92164E-1 3.18818E-1 7.71114E-1 7.23592E-1 6.37104E-1 5.88964E-1 5.4451E-1 4.38886E-1 2.92409E-1 1.78929E-1 2.0396E-1 3.21351E-1 3.70212E-1 4.17621E-1 4.57721E-1 5.07962E-1 6.01042E-1 5.54958E-1 4.58254E-1 4.15153E-1 4.39338E-1 4.31245E-1 5.12857E-1 4.44868E-1
5.84177E-1 5.49983E-1 5.65114E-1 6.78841E-1 4.87479E-1 7.49767E-1 6.84682E-1 4.56274E-1 5.45246E-1 6.48615E-1 6.59371E-1 4.40361E-1 6.23733E-1 5.72851E-1 5.08E-1 5.87466E-1 6.6263E-1 6.92595E-1 6.31562E-1 7.59391E-1 7.39848E-1 7.39221E-1 6.16171E-1 7.2906E-1 6.17671E-1 5.15019E-1 5.66142E-1 6.04227E-1 5.05271E-1 6.18055E-1 5.17486E-1 5.25588E-1 4.7163E-1 4.13783E-1 3.97127E-1 5.55746E-1 6.2835E-1 4.56471E-1 7.81993E-1 7.37818E-1 6.4259E-1 5.9191E-1 5.41718E-1 4.19312E-1 3.07776E-1 1.81509E-1 2.25478E-1 2.96407E-1 3.46603E-1 4.40001E-1 4.82157E-1 5.13982E-1 4.60997E-1 5.34438E-1 4.21285E-1 3.57847E-1 4.18971E-1 2.63594E-1 4.86633E-1 4.48192E-1
5.48861E-1 5.17254E-1 5.79807E-1 6.97259E-1 7.94657E-1 6.93446E-1 6.3053E-1 4.5699E-1 6.22419E-1 7.10359E-1 6.93882E-1 6.88888E-1 5.90127E-1 5.45823E-1 5.10696E-1 5.74934E-1 6.28898E-1 6.71788E-1 7.22621E-1 7.35514E-1 7.60543E-1 7.39956E-1 6.25404E-1 6.17892E-1 5.8999E-1 5.81762E-1 6.70324E-1 6.63234E-1 6.99607E-1 6.47972E-1 5.74567E-1 5.85411E-1 4.86631E-1 4.25237E-1 4.11538E-1 5.50383E-1 6.48317E-1 7.54901E-1 8.08889E-1 5.73113E-1 6.62848E-1 5.9867E-1 5.60639E-1 4.37623E-1 3.1232E-1 2.02635E-1 2.65882E-1 3.67724E-1 4.16794E-1 4.72581E-1 5.28961E-1 5.73837E-1 2.353E-1 4.17839E-1 3.48358E-1 3.39785E-1 3.991E-1 2.85123E-1 3.00852E-1 4.24844E-1
5.17553E-1 5.19489E-1 6.12365E-1 7.57201E-1 7.91676E-1 7.49191E-1 6.42865E-1 6.08213E-1 6.93184E-1 7.64631E-1 7.32082E-1 6.94209E-1 6.07094E-1 5.64527E-1 5.18973E-1 5.95557E-1 6.43769E-1 6.38164E-1 6.61902E-1 6.71997E-1 6.58968E-1 6.34449E-1 6.70872E-1 5.78085E-1 6.34958E-1 6.66171E-1 6.95488E-1 6.53008E-1 6.46022E-1 6.47982E-1 4.3491E-1 5.40207E-1 5.03415E-1 4.54768E-1 3.82748E-1 4.59751E-1 5.47771E-1 6.86275E-1 7.38358E-1 4.74333E-1 6.1873E-1 5.47206E-1 5.3056E-1 3.84296E-1 3.10567E-1 2.34948E-1 2.90238E-1 3.51545E-1 4.1402E-1 4.86932E-1 5.48104E-1 5.86021E-1 1.66872E-1 4.4995E-1 3.85273E-1 3.97241E-1 4.26308E-1 1.98106E-1 3.55186E-1 2.92652E-1
5.3379E-1 5.1519E-1 5.60955E-1 6.67481E-1 7.27308E-1 6.57205E-1 6.85324E-1 6.29253E-1 7.71088E-1 5.3808E-1 7.3256E-1 6.67056E-1 6.02246E-1 5.77092E-1 5.21499E-1 5.71151E-1 6.22295E-1 6.3629E-1 6.3813E-1 5.92995E-1 5.01552E-1 4.87572E-1 4.77114E-1 3.75775E-1 6.32713E-1 6.23775E-1 6.47712E-1 6.30078E-1 6.29932E-1 6.45199E-1 2.86751E-1 4.28465E-1 3.95364E-1 4.16751E-1 3.79371E-1 4.85154E-1 5.70912E-1 6.74434E-1 7.30267E-1 6.29504E-1 5.93502E-1 5.69914E-1 5.10296E-1 3.7039E-1 3.13038E-1 2.99494E-1 3.29711E-1 3.84646E-1 4.24895E-1 4.92673E-1 5.73575E-1 3.72164E-1 3.54552E-1 4.8936E-1 4.10176E-1 4.21203E-1 4.36219E-1 2.14439E-1 3.88494E-1 3.53929E-1
5.96182E-1 5.58585E-1 5.08623E-1 5.3478E-1 6.74617E-1 7.12048E-1 7.42278E-1 7.84953E-1 6.60894E-1 7.89752E-1 7.16455E-1 6.78887E-1 5.97767E-1 5.68419E-1 5.25552E-1 5.70128E-1 6.20778E-1 5.78267E-1 4.43368E-1 3.82856E-1 3.9591E-1 4.07996E-1 4.18639E-1 3.32383E-1 6.24671E-1 6.27539E-1 6.70916E-1 6.59025E-1 6.47011E-1 6.54987E-1 4.63357E-1 4.02329E-1 3.30471E-1 3.69807E-1 4.40324E-1 5.92806E-1 6.34461E-1 6.46091E-1 7.09863E-1 5.81546E-1 5.59736E-1 5.37548E-1 4.58345E-1 3.6333E-1 3.53684E-1 3.76619E-1 3.68707E-1 4.39995E-1 4.09929E-1 5.03573E-1 5.48327E-1 5.66003E-1 4.73595E-1 5.01742E-1 3.87326E-1 4.40063E-1 4.31924E-1 1.82232E-1 4.15741E-1 3.28485E-1
6.52663E-1 6.36591E-1 6.47713E-1 6.00082E-1 6.73628E-1 5.16398E-1 7.84208E-1 4.89098E-1 7.84593E-1 7.57275E-1 6.87931E-1 6.32456E-1 5.78747E-1 5.51672E-1 5.08072E-1 5.26174E-1 5.38658E-1 4.43685E-1 2.42491E-1 2.916E-1 3.51142E-1 3.78507E-1 4.19261E-1 4.86188E-1 6.50895E-1 6.72318E-1 6.67502E-1 5.83726E-1 6.16615E-1 5.21059E-1 5.22532E-1 4.34957E-1 4.34703E-1 4.15721E-1 4.33895E-1 5.55056E-1 6.57579E-1 6.5694E-1 3.30263E-1 5.53402E-1 5.29688E-1 5.07375E-1 4.2411E-1 3.61815E-1 3.86083E-1 4.23921E-1 4.61424E-1 4.88456E-1 4.59503E-1 5.40145E-1 5.47977E-1 5.31257E-1 4.90374E-1 4.13994E-1 4.41653E-1 3.87594E-1 2.65553E-1 3.48573E-1 3.60642E-1 3.06341E-1
5.70194E-1 7.16828E-1 7.20127E-1 6.55027E-1 4.02252E-1 7.72899E-1 8.27265E-1 7.94883E-1 7.28302E-1 7.23595E-1 6.31904E-1 5.16029E-1 4.95069E-1 5.24688E-1 4.87927E-1 4.71591E-1 3.89381E-1 3.46943E-1 -9999 2.87448E-1 2.92422E-1 3.31223E-1 3.59364E-1 3.45811E-1 6.16545E-1 6.07558E-1 5.95043E-1 6.10921E-1 6.09695E-1 5.53973E-1 3.93917E-1 3.86305E-1 3.69135E-1 4.79313E-1 4.99154E-1 5.63902E-1 6.25594E-1 6.23773E-1 6.62602E-1 4.02917E-1 6.11126E-1 4.74947E-1 4.38054E-1 3.95335E-1 4.77005E-1 4.79975E-1 5.20443E-1 5.25646E-1 3.67113E-1 2.74338E-1 5.32006E-1 4.9268E-1 4.26827E-1 1.81732E-1 5.00221E-1 4.92021E-1 2.30564E-1 3.27647E-1 3.61252E-1 3.40831E-1
3.23258E-1 6.27807E-1 6.84914E-1 6.38913E-1 6.74783E-1 7.59824E-1 7.65418E-1 6.72542E-1 6.61999E-1 6.50492E-1 5.52326E-1 4.76642E-1 3.85409E-1 3.40492E-1 3.14838E-1 3.05443E-1 -9999 -9999 2.60285E-1 2.63933E-1 2.72113E-1 3.17001E-1 3.66807E-1 1.34884E-1 6.04462E-1 5.48388E-1 5.68849E-1 6.0164E-1 5.11931E-1 4.11284E-1 3.46607E-1 4.78422E-1 5.2748E-1 5.51094E-1 5.25388E-1 4.2401E-1 4.73618E-1 4.50575E-1 4.11177E-1 3.24908E-1 4.64155E-1 3.03678E-1 3.54128E-1 2.50297E-1 2.8746E-1 3.77578E-1 4.94551E-1 5.3673E-1 3.64553E-1 3.83078E-1 3.44905E-1 3.7178E-1 3.31273E-1 1.81252E-1 3.77311E-1 3.33743E-1 3.31938E-1 2.68309E-1 2.81184E-1 2.71491E-1
4.40925E-1 2.88844E-1 6.8095E-1 6.19717E-1 7.145E-1 7.41827E-1 6.93621E-1 5.82692E-1 6.45184E-1 6.16422E-1 5.13459E-1 4.8173E-1 4.21296E-1 4.13512E-1 3.78934E-1 3.54167E-1 3.11681E-1 2.77927E-1 2.65322E-1 2.83365E-1 3.27387E-1 3.67515E-1 4.05493E-1 6.2264E-1 6.03254E-1 4.97781E-1 5.30575E-1 5.4147E-1 4.80476E-1 4.6105E-1 4.1057E-1 4.84888E-1 5.80513E-1 4.12283E-1 6.18525E-1 4.95432E-1 4.95851E-1 5.25346E-1 3.20091E-1 5.68731E-1 4.85724E-1 3.2775E-1 3.8684E-1 3.32244E-1 3.04837E-1 3.65623E-1 4.25823E-1 5.15993E-1 4.6266E-1 4.90605E-1 3.29134E-1 3.24838E-1 3.63374E-1 1.78324E-1 3.94242E-1 3.59336E-1 3.7481E-1 2.89683E-1 3.11052E-1 1.65561E-1
6.05822E-1 5.79417E-1 6.8727E-1 6.48713E-1 7.23262E-1 7.00179E-1 6.1035E-1 5.28953E-1 5.75022E-1 6.10874E-1 6.08582E-1 5.49052E-1 5.17363E-1 5.30785E-1 4.63988E-1 4.34068E-1 3.60514E-1 3.52514E-1 3.58006E-1 3.65488E-1 3.07589E-1 3.45647E-1 4.16065E-1 4.2353E-1 4.80415E-1 3.76839E-1 4.07232E-1 4.25873E-1 4.79789E-1 4.69352E-1 3.96855E-1 4.6266E-1 5.3868E-1 5.61034E-1 6.10979E-1 4.4398E-1 4.2138E-1 4.87878E-1 5.77532E-1 5.75273E-1 4.94878E-1 2.75835E-1 3.24218E-1 4.46458E-1 3.35255E-1 3.86869E-1 3.02076E-1 1.87752E-1 3.37393E-1 3.83337E-1 3.24617E-1 2.09407E-1 2.96466E-1 2.5588E-1 4.04477E-1 1.81403E-1 3.80377E-1 3.10591E-1 3.36903E-1 2.8116E-1
