Phytophthora/models/20240430_1147_34/Phytophthora_PA3_RUN4_MAXENT_outputs/Phytophthora_PA3_RUN4.asc
ncols         225
nrows         269
xllcorner     473000.0
yllcorner     4429100.0
cellsize      50.0
NODATA_value  -9999
[rows 216 to 242 of 269, columns 120 to 179 of 225]
3.89235E-1 3.47245E-1 3.11468E-1 2.70477E-1 2.73067E-1 2.94043E-1 2.25859E-1 1.638E-1 1.27188E-1 6.89049E-2 6.45544E-2 5.49692E-2 8.49597E-2 8.31954E-2 8.29466E-2 1.95273E-1 3.98989E-1 3.84044E-1 4.05514E-1 4.28772E-1 5.39267E-1 6.20237E-1 5.89833E-1 6.09121E-1 5.84683E-1 3.72471E-1 3.90053E-1 3.53717E-1 3.12957E-1 2.28854E-1 2.8941E-1 2.88765E-1 4.96003E-1 5.37553E-1 6.12099E-1 3.71619E-1 6.1787E-1 5.07109E-1 4.15003E-1 3.87007E-1 3.13275E-1 4.11883E-1 4.4688E-1 4.13306E-1 4.56936E-1 3.36887E-1 3.05915E-1 2.66478E-1 2.25534E-1 1.94211E-1 1.44553E-1 9.5972E-2 8.19568E-2 6.599E-2 9.48229E-2 7.71992E-2 1.20954E-1 1.11364E-1 1.15503E-1 1.10022E-1
3.59E-1 3.03145E-1 2.69967E-1 2.95393E-1 2.75243E-1 2.97677E-1 2.51376E-1 1.99639E-1 1.44572E-1 1.14863E-1 1.19831E-1 1.20425E-1 6.33659E-2 1.40576E-1 8.56021E-2 1.87248E-1 2.57871E-1 2.9424E-1 4.06134E-1 3.98539E-1 4.22775E-1 5.30003E-1 5.3359E-1 6.00326E-1 5.73747E-1 4.05572E-1 1.84832E-1 3.63422E-1 2.59779E-1 2.3628E-1 3.05043E-1 3.8191E-1 5.42996E-1 5.45581E-1 3.77315E-1 6.40426E-1 5.4131E-1 3.89636E-1 3.90233E-1 4.40185E-1 4.03048E-1 5.09184E-1 3.40064E-1 4.67363E-1 4.76943E-1 3.33852E-1 3.09644E-1 2.64666E-1 2.27745E-1 1.92107E-1 1.23094E-1 9.01364E-2 8.39384E-2 7.57338E-2 3.34119E-2 1.27009E-1 1.04119E-1 1.33874E-1 1.57057E-1 2.08539E-1
5.16795E-1 4.22884E-1 3.7673E-1 3.64928E-1 3.30104E-1 3.49418E-1 3.1211E-1 2.37732E-1 1.74991E-1 1.34816E-1 1.46855E-1 1.46624E-1 1.56145E-1 1.64618E-1 1.70239E-1 2.1106E-1 2.46092E-1 2.9216E-1 3.78424E-1 3.9132E-1 4.09092E-1 4.27535E-1 5.60025E-1 5.93602E-1 5.49705E-1 3.96495E-1 4.08435E-1 3.01658E-1 2.67798E-1 2.15878E-1 3.57298E-1 4.94925E-1 4.70741E-1 5.92809E-1 5.6828E-1 5.70159E-1 4.70617E-1 4.45513E-1 4.32601E-1 4.27977E-1 3.52163E-1 4.39646E-1 5.0418E-1 2.05354E-1 4.50691E-1 2.83315E-1 3.02063E-1 2.5413E-1 2.18321E-1 1.56988E-1 9.86364E-2 8.19258E-2 8.08523E-2 2.78615E-2 8.81805E-2 9.18592E-2 1.22687E-1 1.1822E-1 2.2436E-1 2.8533E-1
4.53604E-1 4.37172E-1 4.28975E-1 3.78854E-1 3.50545E-1 3.52282E-1 3.10001E-1 2.15527E-1 1.8347E-1 1.59576E-1 1.85079E-1 1.9973E-1 2.07798E-1 2.46184E-1 2.42302E-1 2.80806E-1 3.67798E-1 3.63662E-1 3.82565E-1 3.74441E-1 3.76152E-1 4.12931E-1 5.39562E-1 5.32623E-1 4.77158E-1 3.77095E-1 3.62414E-1 3.1677E-1 9.37309E-2 1.99255E-1 4.06284E-1 5.45584E-1 5.55907E-1 5.397E-1 4.90781E-1 5.39646E-1 5.26789E-1 5.15046E-1 5.03024E-1 4.76919E-1 3.19669E-1 3.69275E-1 4.30217E-1 5.50536E-1 5.23119E-1 3.13406E-1 2.85762E-1 2.37999E-1 2.01349E-1 1.10416E-1 6.9203E-2 5.91642E-2 7.98123E-2 4.80377E-2 7.05308E-2 1.05197E-1 1.20301E-1 2.66843E-1 2.8771E-1 3.81802E-1
4.00114E-1 4.01489E-1 3.86446E-1 3.63014E-1 3.86764E-1 3.85952E-1 3.28985E-1 2.57001E-1 2.18981E-1 1.91901E-1 2.3928E-1 2.68558E-1 2.67014E-1 3.09593E-1 3.401E-1 3.88353E-1 4.32945E-1 4.17571E-1 3.9556E-1 4.21607E-1 4.22651E-1 5.03842E-1 5.33648E-1 4.85468E-1 4.65213E-1 3.70263E-1 3.83375E-1 2.49599E-1 2.20332E-1 1.87034E-1 2.87336E-1 5.41602E-1 5.49735E-1 4.87722E-1 4.60333E-1 5.74755E-1 5.89255E-1 5.99616E-1 5.70597E-1 5.30705E-1 3.68824E-1 4.00929E-1 4.44441E-1 4.85377E-1 4.64448E-1 2.64493E-1 2.14173E-1 2.18795E-1 1.77777E-1 8.62725E-2 2.83996E-2 8.51804E-2 4.36082E-2 4.18267E-2 7.03813E-2 1.31241E-1 1.3356E-1 2.04487E-1 1.99142E-1 3.49354E-1
1.01892E-1 2.83033E-1 2.75413E-1 3.32561E-1 3.30009E-1 3.96747E-1 3.58465E-1 2.63781E-1 2.27857E-1 2.35163E-1 3.88352E-1 4.13412E-1 3.88325E-1 4.2429E-1 4.34522E-1 4.47684E-1 4.55306E-1 4.17805E-1 4.04272E-1 4.47418E-1 5.48453E-1 6.1831E-1 5.86315E-1 5.21309E-1 5.64166E-1 5.04763E-1 4.84425E-1 3.00294E-1 2.83945E-1 3.41984E-1 4.28162E-1 4.11321E-1 4.17359E-1 3.31874E-1 3.2278E-1 3.65136E-1 4.01392E-1 4.05644E-1 3.64241E-1 3.46387E-1 4.18773E-1 3.94224E-1 4.0915E-1 4.25692E-1 3.93424E-1 1.97067E-1 1.46417E-1 1.01532E-1 1.91303E-1 9.91286E-2 4.32931E-2 5.25236E-2 7.80927E-2 9.01327E-2 9.85797E-2 1.73235E-1 2.32296E-1 2.81574E-1 2.8171E-1 3.97188E-1
3.39551E-1 3.32135E-1 3.7195E-1 3.66928E-1 3.81927E-1 4.48339E-1 4.05289E-1 3.13789E-1 2.79986E-1 3.01463E-1 4.50332E-1 4.86593E-1 4.59068E-1 4.85149E-1 4.89751E-1 5.07481E-1 4.84054E-1 4.60131E-1 4.84225E-1 4.78102E-1 6.63001E-1 6.68588E-1 6.23313E-1 6.22805E-1 6.82559E-1 5.17097E-1 4.28495E-1 2.72284E-1 3.02912E-1 3.50724E-1 3.93888E-1 3.66541E-1 3.76522E-1 2.93793E-1 3.47441E-1 3.62355E-1 3.84869E-1 4.02574E-1 3.55285E-1 3.11336E-1 3.98991E-1 3.5105E-1 3.31347E-1 2.81669E-1 2.69799E-1 1.29355E-1 8.58313E-2 8.48238E-2 2.75723E-2 8.79972E-2 1.00553E-1 1.03655E-1 1.25836E-1 1.54215E-1 1.565E-1 2.25187E-1 3.09504E-1 3.55146E-1 3.71594E-1 4.04622E-1
2.9679E-1 3.25838E-1 4.00603E-1 4.13745E-1 4.2818E-1 5.17261E-1 4.10413E-1 3.08773E-1 3.17609E-1 3.34512E-1 4.68013E-1 5.82141E-1 5.0748E-1 5.36843E-1 5.36709E-1 5.46528E-1 5.13957E-1 5.10562E-1 5.53667E-1 5.54829E-1 7.34671E-1 7.23971E-1 6.961E-1 7.30751E-1 7.1826E-1 4.42951E-1 3.94224E-1 3.16049E-1 3.07883E-1 3.21956E-1 3.59582E-1 3.38107E-1 3.27704E-1 3.05045E-1 3.16979E-1 3.19372E-1 3.33403E-1 3.52061E-1 3.41862E-1 2.31646E-1 4.37072E-1 4.2036E-1 3.71051E-1 2.96561E-1 2.78541E-1 1.5423E-1 1.16851E-1 8.40902E-2 9.0599E-2 8.58721E-2 1.51523E-1 1.78396E-1 2.00713E-1 1.9876E-1 2.26864E-1 3.77469E-1 3.6505E-1 3.30055E-1 3.17193E-1 3.47855E-1
3.84261E-1 3.98857E-1 4.77377E-1 4.74298E-1 4.99486E-1 5.47368E-1 3.76417E-1 2.96413E-1 3.3502E-1 3.759E-1 4.95135E-1 6.02374E-1 6.02749E-1 5.94216E-1 5.7525E-1 5.92084E-1 6.16784E-1 5.84021E-1 6.3317E-1 6.43902E-1 7.8211E-1 7.71152E-1 7.77487E-1 6.1528E-1 6.96805E-1 4.78423E-1 4.15838E-1 3.63627E-1 2.93348E-1 2.81759E-1 3.2495E-1 3.10585E-1 2.75617E-1 2.34432E-1 2.5461E-1 2.70412E-1 3.10975E-1 3.37624E-1 3.59347E-1 3.72526E-1 1.90519E-1 4.53713E-1 4.43453E-1 4.40593E-1 3.77776E-1 2.2703E-1 1.76741E-1 1.10724E-1 9.61613E-2 1.70902E-1 1.23745E-1 1.44799E-1 1.53077E-1 1.55665E-1 1.73981E-1 2.36091E-1 2.99006E-1 3.11104E-1 3.05681E-1 3.19927E-1
4.64394E-1 4.97929E-1 5.50607E-1 2.52413E-1 5.72901E-1 5.37546E-1 3.91973E-1 3.14434E-1 2.75915E-1 3.79544E-1 5.40366E-1 6.27227E-1 6.75377E-1 6.68974E-1 6.41321E-1 6.32435E-1 6.95278E-1 6.58843E-1 4.63056E-1 7.15208E-1 7.88308E-1 7.41561E-1 7.41076E-1 7.19983E-1 6.5192E-1 4.53246E-1 4.1443E-1 3.41391E-1 2.82709E-1 3.5625E-1 2.91686E-1 2.82594E-1 2.23686E-1 2.05079E-1 2.49454E-1 2.78418E-1 3.19132E-1 3.91267E-1 3.99409E-1 3.8862E-1 4.36738E-1 5.02548E-1 4.96752E-1 5.02114E-1 4.66418E-1 2.78775E-1 2.46651E-1 1.69015E-1 6.90803E-2 1.03179E-1 1.09389E-1 1.49915E-1 1.65429E-1 1.81E-1 1.94366E-1 2.43004E-1 2.77974E-1 3.20162E-1 3.39623E-1 1.59055E-1
6.06205E-1 6.21876E-1 4.17343E-1 5.69326E-1 4.77111E-1 3.26586E-1 3.33472E-1 2.58378E-1 2.10356E-1 2.76562E-1 4.629E-1 5.80577E-1 6.39788E-1 6.74138E-1 6.43781E-1 4.17984E-1 5.70912E-1 7.28622E-1 7.09522E-1 6.96433E-1 6.94546E-1 6.62646E-1 5.36788E-1 6.56946E-1 6.04641E-1 5.43826E-1 5.02397E-1 4.58416E-1 4.45775E-1 4.48793E-1 2.09797E-1 2.03243E-1 1.8042E-1 1.82278E-1 2.22165E-1 2.6436E-1 3.24285E-1 3.67324E-1 3.46409E-1 3.12286E-1 3.87979E-1 4.52198E-1 4.95298E-1 4.88169E-1 4.63268E-1 4.1636E-1 3.87868E-1 3.29843E-1 6.59505E-2 1.2002E-1 8.71014E-2 1.04817E-1 1.19218E-1 1.62482E-1 2.22167E-1 3.3811E-1 3.62419E-1 4.06172E-1 3.61348E-1 3.91134E-1
4.58296E-1 5.45503E-1 5.24872E-1 3.94615E-1 3.25579E-1 1.62506E-1 2.33727E-1 1.23337E-1 2.30622E-1 3.33579E-1 4.54616E-1 5.85681E-1 6.41652E-1 6.82934E-1 6.46699E-1 6.77135E-1 6.93173E-1 7.13495E-1 7.03742E-1 6.68036E-1 6.7634E-1 6.59891E-1 3.68651E-1 6.4528E-1 5.79024E-1 5.18737E-1 4.84917E-1 4.46041E-1 4.81447E-1 4.28183E-1 1.93639E-1 1.87362E-1 1.73562E-1 1.99759E-1 2.3792E-1 3.04488E-1 3.30777E-1 3.53145E-1 3.19197E-1 2.41207E-1 3.81663E-1 4.42971E-1 4.90676E-1 4.91597E-1 3.94766E-1 2.80799E-1 3.40956E-1 3.29462E-1 1.95446E-1 1.20168E-1 8.99505E-2 1.09034E-1 1.69567E-1 1.93719E-1 2.60666E-1 3.94302E-1 3.95978E-1 4.0933E-1 3.83339E-1 3.28768E-1
4.85732E-1 4.52332E-1 4.19304E-1 3.84476E-1 3.1237E-1 1.6511E-1 2.00327E-1 1.20983E-1 1.58933E-1 2.71868E-1 4.85737E-1 5.72163E-1 6.18716E-1 6.47952E-1 5.8605E-1 6.27842E-1 6.38598E-1 6.58967E-1 6.6625E-1 6.84171E-1 6.99649E-1 6.63618E-1 3.94255E-1 6.3434E-1 5.82714E-1 5.60264E-1 5.22315E-1 4.7711E-1 4.61665E-1 3.9389E-1 1.84291E-1 1.8244E-1 2.07529E-1 2.61992E-1 3.03929E-1 3.6244E-1 3.60251E-1 3.40302E-1 3.16292E-1 3.42551E-1 3.93409E-1 4.52258E-1 5.20623E-1 5.03687E-1 4.3601E-1 2.47716E-1 2.64413E-1 3.40289E-1 2.77847E-1 2.09041E-1 1.75393E-1 1.94764E-1 2.41411E-1 2.35746E-1 3.09816E-1 4.36905E-1 4.12994E-1 2.08528E-1 4.04545E-1 3.63859E-1
3.54863E-1 4.57909E-1 2.77219E-1 3.30723E-1 3.03957E-1 2.10048E-1 1.6692E-1 1.53189E-1 1.56818E-1 2.30987E-1 4.3714E-1 5.45444E-1 5.84324E-1 6.08632E-1 5.10411E-1 4.6562E-1 5.44614E-1 5.73934E-1 7.02398E-1 7.12165E-1 6.11372E-1 4.62551E-1 6.91367E-1 6.29893E-1 6.54599E-1 6.40463E-1 5.59988E-1 4.74366E-1 4.61848E-1 3.62717E-1 1.99552E-1 2.13657E-1 2.20008E-1 3.04915E-1 3.27835E-1 3.58921E-1 3.50427E-1 3.1804E-1 2.48885E-1 3.53244E-1 4.23985E-1 4.21872E-1 4.79807E-1 4.70805E-1 4.45462E-1 3.52796E-1 3.27028E-1 2.2388E-1 2.74153E-1 2.35188E-1 2.03552E-1 2.72312E-1 3.24315E-1 3.16465E-1 3.36935E-1 4.5845E-1 4.35559E-1 4.87124E-1 4.12583E-1 3.63998E-1
3.41141E-1 4.39958E-1 1.883E-1 2.23077E-1 2.74079E-1 1.85407E-1 1.51273E-1 1.4302E-1 1.45532E-1 2.26121E-1 3.68192E-1 5.10298E-1 5.44154E-1 5.23368E-1 3.67388E-1 4.0024E-1 4.80225E-1 5.9016E-1 6.47788E-1 6.11202E-1 7.13727E-1 6.95138E-1 6.87387E-1 6.67581E-1 6.3872E-1 5.01002E-1 5.28669E-1 4.61824E-1 4.44711E-1 3.70097E-1 2.11715E-1 2.22616E-1 2.65892E-1 3.07015E-1 3.05577E-1 3.51216E-1 3.55652E-1 1.38735E-1 3.90306E-1 3.75791E-1 4.61224E-1 4.30498E-1 4.61226E-1 4.66902E-1 4.96055E-1 4.38974E-1 4.28763E-1 1.27654E-1 2.74384E-1 1.89866E-1 1.27493E-1 1.6629E-1 1.72361E-1 1.91301E-1 3.29935E-1 4.54285E-1 4.15142E-1 4.58541E-1 3.91877E-1 3.50749E-1
1.47785E-1 1.02537E-1 1.1501E-1 1.42023E-1 1.50221E-1 1.83205E-1 1.53204E-1 1.58144E-1 1.75011E-1 2.12815E-1 2.67372E-1 3.32462E-1 3.61195E-1 3.16638E-1 2.73881E-1 3.53133E-1 4.03866E-1 5.18669E-1 4.88433E-1 5.98568E-1 5.91879E-1 5.67386E-1 5.57833E-1 5.29728E-1 4.02751E-1 2.05249E-1 2.21402E-1 3.10185E-1 2.35231E-1 2.05729E-1 1.84648E-1 1.98134E-1 2.06283E-1 2.1501E-1 2.54774E-1 3.38641E-1 3.58389E-1 3.48662E-1 4.0454E-1 3.91228E-1 2.51025E-1 1.12754E-1 2.89397E-1 3.03792E-1 3.08611E-1 1.48923E-1 1.18261E-1 2.64458E-2 8.79216E-2 7.10584E-2 1.28326E-1 1.53465E-1 1.60198E-1 2.81551E-1 4.20937E-1 4.44992E-1 6.00653E-1 5.74237E-1 5.63125E-1 4.83212E-1
1.03581E-1 1.00105E-1 1.22903E-1 1.25996E-1 1.15382E-1 1.71528E-1 1.70166E-1 1.93072E-1 2.08281E-1 2.03723E-1 2.65724E-1 3.09856E-1 3.67499E-1 2.89874E-1 2.7745E-1 3.77109E-1 3.99539E-1 4.98219E-1 5.54985E-1 5.63973E-1 5.34564E-1 5.18392E-1 4.21162E-1 3.64865E-1 3.01056E-1 2.30198E-1 3.30825E-1 2.71298E-1 2.32323E-1 2.11994E-1 1.85845E-1 1.82114E-1 1.91143E-1 2.22885E-1 2.62694E-1 3.45358E-1 3.78753E-1 4.74757E-1 4.26238E-1 3.56488E-1 2.49012E-1 2.58548E-1 3.00329E-1 3.47412E-1 1.69E-1 1.41595E-1 9.47824E-2 1.06985E-1 6.89628E-2 5.8778E-2 1.34249E-1 1.50077E-1 1.90243E-1 3.54286E-1 2.29031E-1 6.66329E-1 6.03543E-1 5.59832E-1 5.4624E-1 5.04413E-1
1.93697E-1 1.91108E-1 1.67497E-1 1.25304E-1 1.11199E-1 1.45768E-1 1.50285E-1 2.09193E-1 2.42535E-1 2.90929E-1 2.72752E-1 3.13499E-1 3.47967E-1 2.77436E-1 2.47324E-1 3.149E-1 3.74726E-1 3.95359E-1 4.79229E-1 5.12855E-1 5.07392E-1 3.74143E-1 3.36619E-1 3.33464E-1 3.28628E-1 3.30163E-1 2.99879E-1 2.45609E-1 2.22438E-1 1.93135E-1 1.84006E-1 1.73826E-1 1.83995E-1 2.29667E-1 2.77042E-1 3.65186E-1 4.14259E-1 5.31644E-1 3.86119E-1 2.20039E-1 1.79397E-1 2.0821E-1 2.90584E-1 3.23352E-1 3.17223E-1 1.54223E-1 1.73535E-1 1.02923E-1 6.73016E-2 6.33366E-2 1.77077E-1 2.044E-1 2.34678E-1 3.21753E-1 5.88057E-1 6.86333E-1 6.10991E-1 5.39857E-1 4.82702E-1 5.02872E-1
1.56853E-1 1.78535E-1 1.74264E-1 1.5229E-1 1.5106E-1 2.12544E-1 2.03125E-1 2.20004E-1 2.57939E-1 3.18929E-1 3.12109E-1 3.10836E-1 3.31953E-1 2.8463E-1 2.64845E-1 3.46669E-1 3.75797E-1 3.85839E-1 4.29631E-1 3.63597E-1 4.82092E-1 4.56213E-1 4.24941E-1 3.98984E-1 3.69632E-1 2.8813E-1 2.60473E-1 2.3348E-1 2.44256E-1 2.37627E-1 1.96978E-1 1.7045E-1 1.93966E-1 2.5377E-1 3.03392E-1 4.11577E-1 5.26281E-1 5.33434E-1 3.28804E-1 2.31499E-1 2.04725E-1 2.55892E-1 1.44709E-1 3.33088E-1 5.82332E-2 1.07259E-1 6.02226E-2 6.05165E-2 6.84539E-2 9.27463E-2 2.57317E-1 3.02738E-1 2.26486E-1 2.75344E-1 4.20781E-1 7.36596E-1 6.55892E-1 5.65592E-1 5.36715E-1 4.94544E-1
1.42108E-1 1.99368E-1 2.01964E-1 1.83646E-1 1.78908E-1 2.59463E-1 2.4582E-1 2.44452E-1 2.49483E-1 3.15417E-1 3.56485E-1 3.53866E-1 2.64779E-1 2.39599E-1 2.29065E-1 3.22748E-1 2.90619E-1 3.27438E-1 3.61153E-1 1.27766E-1 4.50573E-1 4.28717E-1 4.02074E-1 3.71388E-1 3.30421E-1 2.59972E-1 2.7548E-1 2.81299E-1 2.80172E-1 2.2941E-1 1.62454E-1 1.60157E-1 1.84499E-1 2.37968E-1 2.89999E-1 4.47053E-1 4.99512E-1 2.46084E-1 3.15927E-1 2.41825E-1 2.37419E-1 2.51735E-1 1.23175E-1 3.0143E-1 8.4707E-2 1.03071E-1 9.62735E-2 6.51904E-2 5.68407E-2 6.20224E-2 1.69279E-1 1.63384E-1 2.11944E-1 2.72869E-1 4.44097E-1 6.8641E-1 6.3086E-1 4.99446E-1 4.75183E-1 4.52347E-1
2.66841E-1 3.81893E-1 3.77783E-1 3.22559E-1 3.01083E-1 2.84446E-1 2.96644E-1 3.11943E-1 2.88171E-1 3.35146E-1 4.54132E-1 4.49202E-1 3.68758E-1 2.77474E-1 2.52704E-1 3.11416E-1 3.10132E-1 3.39874E-1 4.08672E-1 4.00213E-1 5.61192E-1 5.43661E-1 5.24112E-1 4.98087E-1 4.36489E-1 3.0727E-1 3.33866E-1 3.4215E-1 3.42559E-1 2.21555E-1 1.51867E-1 1.62276E-1 1.57138E-1 2.07014E-1 2.63003E-1 4.01735E-1 4.37908E-1 3.71085E-1 2.78613E-1 2.99131E-1 3.59602E-1 4.24774E-1 4.01382E-1 3.76902E-1 1.03265E-1 5.35554E-2 6.66247E-2 4.90363E-2 4.28569E-2 5.34684E-2 2.75576E-1 3.78562E-1 4.26658E-1 4.58559E-1 4.75811E-1 7.24672E-1 7.16711E-1 6.06187E-1 5.41095E-1 5.28712E-1
3.06695E-1 3.79517E-1 4.38778E-1 3.73892E-1 3.66737E-1 3.24032E-1 3.64419E-1 3.91169E-1 3.65163E-1 3.91311E-1 5.02027E-1 4.96623E-1 4.19587E-1 3.03602E-1 2.35609E-1 2.89874E-1 2.89401E-1 3.27911E-1 3.45855E-1 3.19914E-1 5.31253E-1 5.18087E-1 4.98288E-1 4.10854E-1 4.31266E-1 3.44461E-1 3.74236E-1 3.8659E-1 3.94378E-1 2.73793E-1 2.02228E-1 1.85097E-1 1.76929E-1 2.85627E-1 3.26293E-1 4.13017E-1 2.9753E-1 2.89182E-1 9.42127E-2 1.7804E-1 3.90184E-1 4.10211E-1 3.63111E-1 3.79204E-1 3.40358E-1 1.20381E-1 8.37618E-2 7.09603E-2 5.12152E-2 7.92836E-2 4.10507E-1 4.80829E-1 4.68917E-1 5.19201E-1 4.59438E-1 7.85773E-1 7.25555E-1 6.16155E-1 5.49128E-1 5.23561E-1
3.60835E-1 4.50173E-1 4.21281E-1 2.10008E-1 1.5508E-1 1.72288E-1 3.60311E-1 4.25386E-1 4.31074E-1 4.69748E-1 5.46231E-1 5.44048E-1 4.52427E-1 3.61229E-1 2.90183E-1 3.29677E-1 2.89459E-1 3.25509E-1 3.49728E-1 2.34566E-1 4.81319E-1 4.71946E-1 3.94085E-1 4.27165E-1 5.02241E-1 3.74721E-1 4.14888E-1 4.37818E-1 4.42547E-1 3.19656E-1 2.23177E-1 1.86625E-1 2.50373E-1 3.31479E-1 3.73236E-1 4.28372E-1 2.92672E-1 2.91559E-1 3.17924E-1 3.62218E-1 4.35639E-1 4.43895E-1 3.94342E-1 3.62297E-1 3.07718E-1 5.25688E-2 5.72603E-2 5.79469E-2 5.80475E-2 1.27112E-1 5.48384E-1 6.15273E-1 6.71772E-1 6.61726E-1 7.28212E-1 8.0605E-1 7.62089E-1 6.944E-1 6.26297E-1 5.24785E-1
5.31075E-1 5.13091E-1 4.07697E-1 3.84663E-1 3.6421E-1 3.11663E-1 3.72703E-1 3.38989E-1 3.86279E-1 5.36377E-1 5.82731E-1 5.87365E-1 4.91874E-1 4.06948E-1 3.58995E-1 3.96511E-1 3.8103E-1 3.41037E-1 3.26742E-1 3.05374E-1 4.34903E-1 3.8984E-1 3.85913E-1 4.43906E-1 5.27737E-1 3.97145E-1 4.42348E-1 4.84888E-1 5.06537E-1 3.65891E-1 2.51244E-1 2.39809E-1 3.52465E-1 3.77112E-1 3.99808E-1 2.57886E-1 3.00254E-1 1.472E-1 2.98444E-1 3.6183E-1 4.48105E-1 4.2306E-1 3.83699E-1 3.24522E-1 9.76213E-2 4.70848E-2 4.77626E-2 6.38229E-2 7.54352E-2 1.59167E-1 6.44666E-1 6.95346E-1 6.05655E-1 6.71292E-1 6.95759E-1 7.8693E-1 7.43527E-1 6.97468E-1 6.31943E-1 4.82155E-1
3.84885E-1 3.01752E-1 2.54725E-1 2.79591E-1 2.85616E-1 2.97899E-1 3.76998E-1 4.65864E-1 4.39572E-1 5.32262E-1 4.42808E-1 5.83299E-1 5.02837E-1 4.4222E-1 3.96435E-1 4.48714E-1 4.14275E-1 3.69324E-1 3.3589E-1 3.04738E-1 3.91241E-1 3.59522E-1 4.15148E-1 4.60076E-1 5.36725E-1 4.11925E-1 4.62185E-1 5.13839E-1 4.84777E-1 3.73086E-1 2.31413E-1 3.08553E-1 1.48132E-1 3.66142E-1 3.1053E-1 3.11625E-1 2.72647E-1 2.63439E-1 2.70068E-1 3.20008E-1 4.06458E-1 3.90741E-1 3.47866E-1 2.36307E-1 1.88147E-1 6.27183E-2 6.33495E-2 8.57369E-2 1.07628E-1 1.97451E-1 6.29625E-1 6.55636E-1 3.98871E-1 7.06107E-1 2.58842E-1 7.43508E-1 7.352E-1 6.86401E-1 6.44392E-1 5.36104E-1
3.44238E-1 3.25037E-1 3.12437E-1 4.26588E-1 4.44908E-1 4.59516E-1 4.64297E-1 5.94179E-1 6.23867E-1 6.38252E-1 7.83937E-1 7.65747E-1 7.22481E-1 6.51241E-1 5.50185E-1 5.07665E-1 5.16278E-1 4.66913E-1 4.6529E-1 3.90535E-1 2.14922E-1 2.16024E-1 2.65338E-1 3.36408E-1 3.8434E-1 4.31643E-1 4.91188E-1 4.99779E-1 4.73878E-1 3.12371E-1 2.4228E-1 4.81594E-1 4.72533E-1 3.81471E-1 3.41156E-1 3.31877E-1 3.37349E-1 2.45089E-1 2.93792E-1 2.89823E-1 2.6922E-1 2.5651E-1 2.44529E-1 1.03617E-1 1.84125E-1 1.17915E-1 1.33925E-1 1.74691E-1 2.09036E-1 2.3683E-1 1.88484E-1 2.17354E-1 7.72331E-2 1.50164E-1 1.6222E-1 4.68018E-1 6.38151E-1 6.06839E-1 5.86256E-1 5.75613E-1
3.1277E-1 3.73309E-1 4.36272E-1 4.62485E-1 4.84423E-1 4.28374E-1 5.36835E-1 5.59955E-1 6.13328E-1 6.09576E-1 7.66431E-1 7.3189E-1 6.63587E-1 5.7894E-1 5.14702E-1 4.51411E-1 4.45417E-1 4.45012E-1 4.25303E-1 3.93833E-1 1.23634E-1 2.20713E-1 2.79635E-1 3.22197E-1 3.71519E-1 4.26877E-1 4.50386E-1 3.74784E-1 4.04788E-1 4.36546E-1 3.4554E-1 4.68832E-1 4.81269E-1 4.55246E-1 3.77867E-1 3.16213E-1 3.27669E-1 2.954E-1 2.7946E-1 2.44419E-1 1.9478E-1 2.08288E-1 1.97162E-1 8.3608E-2 1.9418E-1 9.01151E-2 1.3666E-1 1.81906E-1 1.84854E-1 1.97311E-1 2.02001E-1 6.89814E-2 1.71114E-1 1.13699E-1 1.58766E-1 5.21183E-1 5.74196E-1 6.19819E-1 5.77838E-1 5.6008E-1
