Phytophthora/models/20240430_1147_34/Phytophthora_PA3_RUN4_MAXENT_outputs/Phytophthora_PA3_RUN4.asc
ncols         225
nrows         269
xllcorner     473000.0
yllcorner     4429100.0
cellsize      50.0
NODATA_value  -9999
[rows 162 to 188 of 269, columns 120 to 179 of 225]
8.15945E-2 2.66411E-1 1.30014E-1 1.13055E-1 1.65619E-1 2.81458E-1 3.16253E-1 3.47584E-1 1.55272E-1 2.28641E-1 1.12639E-1 4.36549E-1 3.78525E-1 3.51499E-1 3.28827E-1 4.05047E-1 4.44586E-1 4.71777E-1 5.01867E-1 4.07098E-1 2.63909E-1 2.12605E-1 2.15939E-1 1.76359E-1 1.92009E-1 8.34405E-2 1.04998E-1 1.6111E-1 2.20621E-1 2.01764E-1 1.49232E-1 1.109E-1 7.45785E-2 5.9715E-2 7.91384E-2 1.36766E-1 1.29582E-1 1.23098E-1 1.3393E-1 1.79478E-1 1.93526E-1 2.4565E-1 2.85822E-1 3.29286E-1 2.93247E-1 1.12716E-1 1.39656E-1 1.26817E-1 1.05669E-1 9.48781E-2 1.14023E-1 1.20141E-1 2.95828E-1 2.04784E-1 1.5655E-1 6.16314E-2 1.12707E-1 1.41586E-1 1.43232E-1 1.24289E-1
3.67628E-1 2.8009E-1 2.15382E-1 1.97893E-1 1.20038E-1 2.37274E-1 3.0304E-1 3.38736E-1 3.88844E-1 4.5065E-1 3.81684E-1 3.34955E-1 3.65852E-1 3.31196E-1 2.94966E-1 3.51457E-1 4.40795E-1 4.80474E-1 3.99099E-2 2.93742E-1 1.61648E-1 1.10252E-1 2.72365E-1 7.04368E-2 4.90255E-2 6.44167E-2 9.666E-2 1.07607E-1 1.07931E-1 1.63418E-1 1.1675E-1 8.68224E-2 6.74517E-2 7.44837E-2 1.08191E-1 1.66834E-1 1.68717E-1 1.59127E-1 1.51589E-1 1.79296E-1 1.88418E-1 2.50201E-1 2.99692E-1 2.11277E-1 3.12452E-1 2.25185E-1 6.31948E-2 1.47939E-1 1.18617E-1 1.7799E-2 3.18107E-2 6.82801E-2 8.37493E-2 1.52883E-1 5.68178E-2 1.6483E-1 1.23456E-1 1.26431E-1 1.47917E-1 1.68755E-1
3.26538E-1 2.79264E-1 2.37996E-1 1.86423E-1 1.49639E-1 2.12387E-1 2.39991E-1 2.68628E-1 3.27352E-1 4.01147E-1 4.18846E-1 1.70177E-1 3.91029E-1 3.30516E-1 2.8042E-1 3.02706E-1 2.14459E-1 3.38323E-1 3.5684E-1 2.50182E-1 1.00871E-1 9.5944E-2 2.10255E-1 6.41297E-2 1.10949E-1 9.89064E-2 1.0813E-1 1.11912E-1 1.12039E-1 6.09069E-2 1.01752E-1 8.25921E-2 8.87787E-2 1.02231E-1 1.49557E-1 2.36668E-1 2.34135E-1 2.23596E-1 1.79201E-1 1.62957E-1 1.6667E-1 2.18613E-1 2.68468E-1 2.81797E-1 2.68402E-1 4.89762E-2 8.28381E-2 1.34913E-1 1.26088E-1 6.8234E-2 6.36528E-2 1.18491E-1 2.90431E-1 1.8972E-1 1.49805E-1 1.62402E-1 1.5929E-1 1.5385E-1 1.50561E-1 1.87754E-1
3.87106E-1 3.34131E-1 2.24315E-1 1.70163E-1 1.73323E-1 2.4443E-1 2.84431E-1 3.09286E-1 2.93949E-1 3.87816E-1 4.38794E-1 2.1102E-1 4.44608E-1 4.05557E-1 1.97265E-1 1.10376E-1 1.17202E-1 2.58902E-1 1.19411E-1 1.41237E-1 1.2751E-1 1.39732E-1 1.20316E-1 1.68633E-1 1.41136E-1 1.48549E-1 1.50913E-1 1.33464E-1 1.45209E-1 7.05267E-2 9.45963E-2 1.0105E-1 1.09564E-1 1.41357E-1 2.18013E-1 3.15305E-1 3.30658E-1 2.84446E-1 2.22548E-1 1.86087E-1 1.48946E-1 1.84425E-1 2.33623E-1 2.41068E-1 2.37256E-1 1.57881E-1 1.42804E-1 1.839E-1 1.18603E-1 7.82834E-2 8.21476E-2 1.14857E-1 1.91024E-1 2.92883E-1 1.05942E-1 1.64418E-1 1.8248E-1 1.96626E-1 2.07601E-1 2.15618E-1
3.3035E-1 2.86873E-1 2.31631E-1 1.77146E-1 1.75484E-1 2.44554E-1 3.20838E-1 3.74401E-1 4.29808E-1 4.83703E-1 5.35158E-1 3.82767E-1 5.54654E-1 4.44441E-1 3.99932E-1 2.47645E-1 2.47049E-1 3.7474E-1 2.9198E-1 2.79108E-1 2.79983E-1 3.87292E-1 3.83306E-1 4.9849E-1 4.96316E-1 4.29163E-1 3.9484E-1 3.68416E-1 3.97435E-1 1.75071E-1 2.68242E-1 1.92991E-1 2.21509E-1 3.12349E-1 3.64954E-1 3.00328E-1 3.05793E-1 2.5131E-1 2.08441E-1 1.74948E-1 1.47602E-1 1.48002E-1 1.75615E-1 1.99633E-1 2.29979E-1 2.76939E-1 3.06242E-1 3.04908E-1 3.25084E-1 2.70073E-1 1.47605E-1 1.03605E-1 1.14794E-1 5.19493E-2 9.24301E-2 1.87875E-1 1.91395E-1 2.9557E-1 3.24053E-1 3.37957E-1
1.29647E-1 2.70807E-1 1.87562E-1 1.64333E-1 1.76037E-1 2.57532E-1 2.91281E-1 3.22848E-1 4.15105E-1 5.00045E-1 5.63662E-1 3.53254E-1 5.09223E-1 3.57436E-1 3.13751E-1 3.2319E-1 3.86419E-1 4.36122E-1 2.91106E-1 3.99954E-1 4.0905E-1 4.29272E-1 4.41955E-1 4.93563E-1 5.88827E-1 5.44301E-1 4.64713E-1 3.90239E-1 4.04454E-1 3.85575E-1 2.54284E-1 2.24783E-1 2.85349E-1 4.00204E-1 4.20837E-1 3.60044E-1 3.45359E-1 3.05061E-1 2.42107E-1 2.00733E-1 2.03695E-1 1.92137E-1 1.79763E-1 1.82843E-1 7.27053E-2 3.48287E-1 3.55598E-1 2.91335E-1 7.98784E-2 1.30607E-1 1.21586E-1 8.1929E-2 6.36487E-2 7.97725E-2 9.51319E-2 1.4877E-1 4.95017E-2 1.80172E-1 1.3647E-1 3.32188E-1
1.59359E-1 1.22643E-1 2.05533E-1 1.86363E-1 1.91022E-1 2.60575E-1 3.04526E-1 2.60357E-1 2.83814E-1 4.09778E-1 5.07117E-1 5.5062E-1 5.15057E-1 3.81647E-1 2.27089E-1 2.67597E-1 4.47981E-1 4.12105E-1 4.31676E-1 3.95089E-1 4.01398E-1 4.18765E-1 4.71026E-1 4.80493E-1 5.14621E-1 5.60727E-1 5.54807E-1 4.67766E-1 4.38749E-1 3.17985E-1 2.61266E-1 2.75896E-1 1.45889E-1 4.27585E-1 4.35042E-1 1.24903E-1 2.0057E-1 2.71268E-1 2.57879E-1 2.20613E-1 2.13431E-1 2.13836E-1 1.95276E-1 1.54064E-1 1.51741E-1 3.5202E-1 3.42183E-1 3.49908E-1 3.29158E-1 3.17401E-1 8.18154E-2 7.94125E-2 6.73134E-2 7.34882E-2 8.37777E-2 1.62424E-1 1.26682E-1 2.6531E-1 2.80374E-1 2.87034E-1
1.43677E-1 1.58299E-1 1.44227E-1 1.71536E-1 2.22003E-1 3.17366E-1 3.63432E-1 3.22514E-1 2.6106E-1 3.73936E-1 4.23668E-1 5.71002E-1 2.21643E-1 1.65576E-1 3.92688E-1 3.91423E-1 4.25885E-1 4.32234E-1 4.20943E-1 4.13184E-1 3.91207E-1 4.24459E-1 4.25811E-1 4.39553E-1 2.68813E-1 4.70436E-1 1.20267E-1 2.95648E-1 3.06919E-1 2.50072E-1 1.93609E-1 1.33371E-1 2.10458E-1 1.2371E-1 3.91538E-1 3.44891E-1 3.49022E-1 3.02508E-1 2.79613E-1 1.83861E-1 2.08208E-1 2.1089E-1 1.98896E-1 1.49914E-1 1.70551E-1 3.11965E-1 3.3482E-1 3.12705E-1 3.11149E-1 2.99614E-1 1.58402E-1 1.26873E-1 1.23633E-1 5.44009E-2 1.09008E-1 1.66248E-1 2.01778E-1 1.98115E-1 3.4124E-1 3.25893E-1
1.86266E-1 1.54355E-1 1.19404E-1 1.0366E-1 1.13922E-1 1.97552E-1 3.13683E-1 1.56266E-1 4.25886E-1 3.77408E-1 3.6782E-1 5.36847E-1 5.29923E-1 4.29398E-1 3.87139E-1 3.64752E-1 4.20768E-1 4.20268E-1 4.11464E-1 4.12406E-1 3.98306E-1 4.35992E-1 4.27145E-1 4.58257E-1 1.97927E-1 4.63757E-1 3.79058E-1 3.72552E-1 3.2898E-1 2.78306E-1 1.95308E-1 1.10443E-1 1.7305E-1 4.40464E-1 4.62112E-1 3.87199E-1 2.87161E-1 1.83441E-1 2.09597E-1 2.06692E-1 1.78702E-1 1.85789E-1 1.84225E-1 1.62085E-1 1.46129E-1 2.83764E-1 1.57418E-1 2.63489E-1 2.98778E-1 2.77043E-1 9.7653E-2 1.48677E-1 6.83395E-2 1.26134E-1 1.21698E-1 2.11789E-1 1.96859E-1 1.95959E-1 3.53312E-1 3.49334E-1
2.37341E-1 1.6528E-1 1.50323E-1 8.05603E-2 5.64941E-2 8.2357E-2 1.03229E-1 1.62247E-1 2.93549E-1 2.95742E-1 4.14154E-1 5.02267E-1 4.92901E-1 4.24703E-1 3.64966E-1 3.05318E-1 3.75148E-1 4.1126E-1 3.94275E-1 3.49028E-1 3.53076E-1 3.96945E-1 4.11628E-1 4.42215E-1 3.87337E-1 4.52869E-1 3.25011E-1 3.09036E-1 3.24889E-1 3.75916E-1 4.32325E-1 3.46257E-1 3.56259E-1 4.17494E-1 3.78145E-1 2.33149E-1 1.82027E-1 1.40857E-1 2.03965E-1 1.82809E-1 2.13817E-1 2.22395E-1 2.07727E-1 1.898E-1 1.09393E-1 1.57263E-1 7.74043E-2 1.20546E-1 1.90663E-1 2.10234E-1 1.88886E-1 1.72062E-1 1.83094E-1 1.56294E-1 1.54175E-1 1.81485E-1 1.5318E-1 2.42904E-1 3.04619E-1 2.73964E-1
2.1986E-1 1.95385E-1 1.54431E-1 1.13366E-1 9.63406E-2 5.24493E-2 7.58675E-2 1.16911E-1 1.74624E-1 2.20902E-1 4.21676E-1 4.72604E-1 3.25406E-1 4.04998E-1 3.40702E-1 2.76548E-1 2.14813E-1 2.38549E-1 3.85302E-1 2.83123E-1 4.04733E-1 3.80032E-1 4.40016E-1 4.8011E-1 4.19314E-1 4.88853E-1 4.40351E-1 3.70753E-1 3.63771E-1 2.68609E-1 4.63102E-1 3.82846E-1 4.10204E-1 2.37983E-1 3.6476E-1 1.85569E-1 1.31504E-1 1.08676E-1 1.50897E-1 1.55261E-1 1.7286E-1 1.89922E-1 2.16171E-1 1.73032E-1 6.6347E-2 6.4008E-2 4.72402E-2 7.26803E-2 1.54401E-1 1.77577E-1 1.05068E-1 1.56905E-1 1.49105E-1 1.55827E-1 1.42546E-1 1.80023E-1 2.09454E-1 2.41514E-1 2.63829E-1 2.20733E-1
2.33227E-1 2.70255E-1 1.86037E-1 1.32891E-1 9.33369E-2 8.99842E-2 7.18341E-2 1.00215E-1 1.27441E-1 1.73075E-1 2.75901E-1 2.91626E-1 4.16154E-1 2.55085E-1 3.67649E-1 2.7387E-1 1.9719E-1 1.83808E-1 2.86945E-1 1.75057E-1 4.09873E-1 3.4023E-1 4.63505E-1 3.63739E-1 4.44222E-1 4.90567E-1 2.99469E-1 1.96621E-1 2.89238E-1 4.13651E-1 4.56871E-1 4.68107E-1 4.68751E-1 2.27476E-1 3.20012E-1 1.82076E-1 1.37013E-1 1.08297E-1 1.9915E-1 1.1007E-1 2.20319E-1 2.2005E-1 2.3189E-1 2.51356E-1 5.4338E-2 3.68489E-2 3.53149E-2 9.50439E-2 1.93567E-1 2.2408E-1 2.09171E-1 2.28239E-1 1.92127E-1 1.6439E-1 1.54831E-1 2.47756E-1 2.24707E-1 2.08735E-1 2.31149E-1 1.87958E-1
2.50429E-1 2.93048E-1 2.42519E-1 1.54055E-1 1.19205E-1 8.77863E-2 9.57511E-2 6.88244E-2 9.22813E-2 1.312E-1 2.2757E-1 2.20779E-1 2.49129E-1 3.36388E-1 1.91693E-1 3.08853E-1 1.85217E-1 1.62306E-1 1.75955E-1 4.05165E-1 2.33749E-1 3.45443E-1 4.71685E-1 3.27048E-1 4.07664E-1 4.84404E-1 4.42098E-1 3.73932E-1 3.69463E-1 4.30175E-1 4.68849E-1 5.2483E-1 4.35256E-1 5.3501E-1 3.16891E-1 1.51068E-1 1.18424E-1 9.50379E-2 2.16851E-1 1.52453E-1 2.65662E-1 2.71229E-1 2.47287E-1 2.33742E-1 1.39719E-2 4.74663E-2 6.13266E-2 5.56827E-2 2.69712E-1 2.50651E-1 2.30436E-1 2.54382E-1 1.85052E-1 1.63362E-1 2.12381E-1 2.70341E-1 2.36994E-1 2.03139E-1 1.52174E-1 1.58921E-1
2.74726E-1 3.19179E-1 2.42319E-1 1.69965E-1 1.46915E-1 1.0618E-1 9.28543E-2 9.67041E-2 1.04373E-1 1.11296E-1 1.78791E-1 1.8631E-1 2.12771E-1 2.07435E-1 3.46E-1 3.03008E-1 2.22443E-1 1.64794E-1 1.95922E-1 2.232E-1 4.50473E-1 3.25938E-1 4.88661E-1 3.08352E-1 4.24999E-1 4.56095E-1 3.14895E-1 3.64933E-1 3.64081E-1 4.21658E-1 5.02961E-1 5.68465E-1 3.97369E-1 5.52707E-1 3.29733E-1 1.5552E-1 1.40128E-1 1.02927E-1 1.30122E-1 6.0297E-2 2.75167E-1 2.52503E-1 2.46002E-1 2.09708E-1 5.37094E-2 2.30493E-2 7.03801E-2 7.09229E-2 2.46884E-1 2.47976E-1 1.09882E-1 2.02962E-1 1.63206E-1 1.17175E-1 8.44582E-2 3.04E-1 2.40521E-1 1.53565E-1 1.15068E-1 1.21387E-1
2.8852E-1 3.32913E-1 2.43677E-1 1.77807E-1 1.39974E-1 1.30177E-1 9.59071E-2 9.83893E-2 1.08459E-1 9.18712E-2 1.23826E-1 1.2729E-1 1.63482E-1 1.7979E-1 2.26185E-1 2.85647E-1 3.27608E-1 2.04526E-1 2.42571E-1 2.47752E-1 1.80194E-1 2.50681E-1 3.86203E-1 1.27544E-1 2.31272E-1 2.43399E-1 1.76806E-1 2.96585E-1 2.58969E-1 3.1599E-1 3.26146E-1 2.07151E-1 3.91969E-1 2.68485E-1 1.77102E-1 1.60124E-1 1.54519E-1 1.46845E-1 6.90142E-2 2.0774E-1 3.32543E-1 3.26616E-1 2.92961E-1 2.72373E-1 4.43065E-2 3.28737E-2 8.18244E-2 1.09599E-1 2.18788E-1 1.73396E-1 1.59522E-1 1.76946E-1 1.75974E-1 1.37134E-1 9.06261E-2 1.02919E-1 1.11858E-1 1.00728E-1 7.23296E-2 6.92561E-2
3.17735E-1 3.46514E-1 2.45607E-1 1.88664E-1 1.55566E-1 1.51214E-1 1.12074E-1 9.3492E-2 9.73038E-2 9.41254E-2 1.14775E-1 1.34104E-1 1.62916E-1 1.79933E-1 1.93939E-1 2.68293E-1 1.9672E-1 2.26722E-1 2.67077E-1 2.3479E-1 1.83997E-1 2.81569E-1 2.36252E-1 2.6986E-1 2.48154E-1 1.09672E-1 2.22049E-1 3.03664E-1 2.53562E-1 7.01427E-2 6.23728E-2 1.3318E-1 1.96055E-1 1.80788E-1 1.90301E-1 1.92827E-1 2.10612E-1 2.15312E-1 2.24516E-1 2.12403E-1 2.80126E-1 2.78493E-1 2.55569E-1 2.20279E-1 1.00829E-1 6.60961E-2 8.34522E-2 1.08834E-1 1.47353E-1 1.52231E-1 1.75963E-1 1.98715E-1 1.58396E-1 1.32829E-1 1.10371E-1 9.95112E-2 9.50385E-2 9.07474E-2 7.41949E-2 6.95685E-2
3.77282E-1 3.45302E-1 2.3768E-1 2.0687E-1 1.74387E-1 1.7283E-1 1.33389E-1 1.00093E-1 8.30807E-2 7.40751E-2 1.16589E-1 1.02824E-1 1.28335E-1 1.30722E-1 1.60948E-1 2.04166E-1 2.28592E-1 3.2527E-1 3.21603E-1 2.56735E-1 2.01605E-1 3.03609E-1 3.16884E-1 1.89225E-1 2.39117E-1 3.19829E-1 2.42219E-1 3.02439E-1 4.07019E-2 1.86794E-1 8.50203E-2 1.58896E-1 2.1791E-1 1.89948E-1 2.25984E-1 2.47285E-1 6.46066E-2 2.35693E-1 2.25697E-1 2.11002E-1 2.83091E-1 2.65446E-1 2.51177E-1 2.37495E-1 1.73411E-1 2.77335E-2 1.27008E-1 2.0776E-1 2.00442E-1 2.12425E-1 2.26823E-1 2.09597E-1 1.28455E-1 1.17867E-1 9.04498E-2 6.88611E-2 6.51483E-2 7.58359E-2 6.06111E-2 6.0526E-2
2.96601E-1 2.9325E-1 2.38771E-1 2.29451E-1 1.77536E-1 1.76435E-1 1.44547E-1 1.15298E-1 7.6699E-2 7.58175E-2 9.66617E-2 1.02057E-1 1.09936E-1 1.40286E-1 1.58806E-1 2.01626E-1 2.74382E-1 2.69605E-1 4.27803E-1 2.80925E-1 2.30686E-1 3.23167E-1 2.46034E-1 2.43504E-1 2.26868E-1 3.02292E-1 1.91754E-1 2.42719E-1 9.34122E-2 2.16839E-1 1.11939E-1 2.03753E-1 1.40662E-1 2.03086E-1 2.34149E-1 2.41972E-1 2.28341E-1 1.9674E-1 2.02991E-1 2.15196E-1 2.68997E-1 2.16301E-1 2.11449E-1 2.03339E-1 2.00921E-1 3.53773E-2 1.69127E-1 1.6734E-1 1.74876E-1 1.58045E-1 1.5495E-1 1.57563E-1 1.49534E-1 1.15327E-1 6.94524E-2 4.57082E-2 4.08742E-2 6.15418E-2 6.23932E-2 6.55706E-2
1.29932E-1 3.08584E-1 2.51924E-1 2.29086E-1 2.02845E-1 1.95662E-1 1.61545E-1 1.38186E-1 9.08746E-2 7.47475E-2 9.40604E-2 1.0432E-1 1.13554E-1 1.28501E-1 1.61358E-1 2.03147E-1 2.19166E-1 3.00197E-1 3.94974E-1 4.68528E-1 2.33048E-1 3.73994E-1 1.5792E-1 2.88483E-1 2.16871E-1 4.8324E-2 2.39864E-1 1.71666E-1 1.12277E-1 2.5391E-1 8.4386E-2 1.37777E-1 1.89676E-1 2.37633E-1 3.15329E-1 1.9857E-1 2.45784E-1 1.88488E-1 1.97265E-1 2.13317E-1 3.0219E-1 2.53826E-1 2.11654E-1 1.76354E-1 1.25998E-1 6.53829E-2 1.56808E-1 1.37655E-1 1.21729E-1 9.13162E-2 1.09713E-1 1.25572E-1 1.40779E-1 8.05543E-2 4.31478E-2 5.68496E-2 5.999E-2 7.5709E-2 8.08472E-2 6.88743E-2
2.84725E-1 3.59123E-1 2.71048E-1 2.54282E-1 2.57313E-1 1.87524E-1 1.47613E-1 1.24335E-1 8.25439E-2 8.49786E-2 1.10866E-1 1.1421E-1 1.27376E-1 1.4329E-1 1.93312E-1 2.11424E-1 2.39841E-1 2.68849E-1 3.52241E-1 3.50197E-1 3.14259E-1 3.55206E-1 3.64408E-1 4.25496E-1 1.56307E-1 2.00984E-1 1.34412E-1 1.29614E-1 1.04993E-1 9.15957E-2 3.46741E-2 3.70023E-2 9.04004E-2 1.66304E-1 1.19351E-1 2.23448E-1 2.32522E-1 1.72863E-1 1.63698E-1 1.87999E-1 1.65528E-1 1.8286E-1 1.12477E-1 7.61681E-2 1.4322E-2 3.94763E-2 1.14601E-1 6.92486E-2 7.67179E-2 6.2039E-2 9.75282E-2 9.71544E-2 7.54014E-2 6.07116E-2 6.92126E-2 4.80861E-2 7.56788E-2 7.8404E-2 7.15208E-2 4.6432E-2
4.193E-1 3.81243E-1 2.72194E-1 2.92234E-1 2.66373E-1 1.87751E-1 1.51171E-1 1.33684E-1 1.02033E-1 1.07609E-1 1.30791E-1 1.37128E-1 1.38538E-1 1.64252E-1 1.66093E-1 1.7411E-1 2.25078E-1 3.03195E-1 3.47261E-1 4.4646E-1 2.51681E-1 1.69584E-1 9.14318E-2 1.5268E-1 1.6106E-1 1.25713E-1 1.07875E-1 8.46276E-2 7.88905E-2 8.12283E-2 3.40355E-2 7.894E-2 7.86483E-2 7.19048E-2 2.48848E-1 1.51166E-1 1.43708E-1 1.03255E-1 1.25907E-1 1.69886E-1 2.05891E-1 2.3922E-1 9.65999E-2 6.01533E-2 3.35413E-2 3.57374E-2 4.00303E-2 8.56342E-2 9.80442E-2 1.08785E-1 1.0641E-1 7.89393E-2 5.74713E-2 7.00425E-2 6.195E-2 4.6283E-2 8.11677E-2 8.31247E-2 7.90507E-2 5.46438E-2
2.34862E-1 2.86003E-1 2.73557E-1 3.2876E-1 2.7062E-1 1.84805E-1 1.58281E-1 1.39126E-1 1.19766E-1 1.23273E-1 1.43918E-1 1.57379E-1 1.54731E-1 1.77978E-1 2.03203E-1 1.93543E-1 2.29781E-1 3.26734E-1 3.98765E-1 4.86193E-1 2.66345E-1 4.51508E-1 1.55911E-1 1.5139E-1 2.47854E-1 1.84573E-1 1.4531E-1 8.35465E-2 7.11804E-2 4.79156E-2 2.4332E-2 6.14677E-2 6.64535E-2 6.79879E-2 1.13193E-1 1.0594E-1 6.63983E-2 1.50511E-1 1.03737E-1 1.3192E-1 1.7303E-1 1.99598E-1 6.20682E-2 1.18911E-1 1.07766E-1 5.90958E-2 2.5064E-2 4.05994E-2 9.48825E-2 7.70216E-2 8.21275E-2 5.94779E-2 6.06255E-2 6.53208E-2 6.31276E-2 5.04727E-2 8.56946E-2 1.00854E-1 8.27726E-2 6.37236E-2
2.21085E-1 2.26707E-1 2.99595E-1 1.07538E-1 2.69723E-1 1.9294E-1 1.61409E-1 1.52133E-1 1.18345E-1 1.33457E-1 1.91961E-1 2.07195E-1 1.79026E-1 1.99366E-1 2.09924E-1 2.0753E-1 2.42974E-1 2.94317E-1 3.90778E-1 5.10698E-1 2.68893E-1 2.36066E-1 1.63905E-1 6.43484E-2 2.63363E-1 2.31144E-1 1.91939E-1 1.23195E-1 9.31496E-2 5.91685E-2 2.97038E-2 4.64195E-2 6.53914E-2 6.13365E-2 6.62401E-2 2.36588E-1 1.68899E-1 1.23243E-1 1.88881E-1 2.19532E-1 2.36622E-1 2.37418E-1 1.07001E-1 5.92279E-2 4.50493E-2 2.41405E-2 4.91039E-2 5.62473E-2 6.08603E-2 4.52669E-2 4.26766E-2 3.60907E-2 6.29796E-2 8.17584E-2 8.42162E-2 5.94236E-2 5.90809E-2 6.03579E-2 6.7324E-2 7.09764E-2
2.80852E-1 2.54086E-1 1.95629E-1 1.92904E-1 1.77319E-1 1.85576E-1 1.65507E-1 1.49385E-1 1.16521E-1 1.60019E-1 2.46443E-1 2.53019E-1 2.3574E-1 2.36468E-1 2.17317E-1 2.00591E-1 2.56619E-1 3.03599E-1 3.5139E-1 8.55305E-2 2.59672E-1 2.25662E-1 1.44956E-1 2.39335E-1 6.42265E-2 2.29729E-1 1.92721E-1 1.48173E-1 1.2084E-1 8.94464E-2 4.70575E-2 3.2634E-2 3.89618E-2 4.48205E-2 5.4874E-2 2.00636E-1 2.16386E-1 2.31034E-1 2.66265E-1 2.77413E-1 2.7081E-1 2.88925E-1 1.64622E-1 2.27644E-2 7.76378E-2 3.2251E-2 6.215E-2 1.03466E-1 5.57039E-2 3.53854E-2 4.18156E-2 5.09962E-2 6.52487E-2 8.19635E-2 1.04822E-1 8.20589E-2 1.05685E-1 9.87966E-2 6.73296E-2 6.83723E-2
1.85685E-1 1.96366E-1 1.81803E-1 1.5705E-1 5.05122E-2 2.93623E-1 2.4696E-1 2.09412E-1 2.03685E-1 2.53833E-1 2.67627E-1 2.76093E-1 2.91884E-1 2.79616E-1 2.1831E-1 2.79379E-1 3.22497E-1 3.85348E-1 4.28765E-1 1.4798E-1 1.61744E-1 1.64916E-1 1.13105E-1 9.15259E-2 2.36005E-1 1.10502E-1 9.4362E-2 7.99333E-2 8.118E-2 7.5128E-2 1.4124E-1 1.2284E-1 1.36685E-1 1.85772E-1 2.20727E-1 2.82911E-1 3.66724E-1 2.54611E-1 4.38305E-1 4.15967E-1 2.20198E-1 2.03416E-1 2.01039E-1 3.62079E-2 8.76151E-2 6.86915E-2 9.68889E-2 4.08635E-2 4.52311E-2 3.35584E-2 3.81728E-2 5.0471E-2 6.10632E-2 8.38739E-2 1.26941E-1 1.3028E-1 1.42076E-1 1.33584E-1 9.5974E-2 5.94375E-2
1.98003E-1 2.02634E-1 1.91499E-1 1.77653E-1 2.22726E-1 3.43759E-1 2.55708E-1 2.40111E-1 2.46138E-1 2.95589E-1 2.96796E-1 3.17078E-1 3.64194E-1 3.22851E-1 2.44332E-1 3.26916E-1 3.29341E-1 2.59259E-1 2.02971E-1 4.39425E-1 2.11577E-1 1.74952E-1 1.38359E-1 7.29627E-2 7.16811E-2 9.79702E-2 1.11971E-1 8.20709E-2 6.07303E-2 6.42312E-2 1.22146E-1 1.99994E-1 2.4624E-1 3.10203E-1 3.41873E-1 3.93372E-1 4.8066E-1 4.9308E-1 5.0111E-1 4.45389E-1 2.58666E-1 1.33262E-1 2.20391E-1 3.1919E-2 1.08064E-1 1.26355E-1 5.0343E-2 4.11891E-2 4.2136E-2 4.01225E-2 4.61413E-2 5.93135E-2 7.59385E-2 1.19104E-1 1.54039E-1 1.68239E-1 1.85089E-1 1.65363E-1 1.42568E-1 7.55637E-2
1.87364E-1 1.68831E-1 1.58703E-1 1.57621E-1 2.06862E-1 2.74376E-1 2.66201E-1 2.67686E-1 2.68251E-1 3.26733E-1 3.35362E-1 3.6085E-1 4.21541E-1 3.75014E-1 3.16048E-1 3.90728E-1 3.48071E-1 5.06147E-1 4.01494E-1 4.16083E-1 2.19874E-1 1.79719E-1 1.31587E-1 7.38048E-2 5.64693E-2 7.04451E-2 6.82835E-2 9.78558E-2 6.06656E-2 7.38275E-2 1.48548E-1 2.08474E-1 2.75118E-1 3.4123E-1 3.89655E-1 4.49673E-1 4.32381E-1 5.25372E-1 4.90328E-1 4.4882E-1 2.60013E-1 7.89466E-2 2.09683E-1 8.68209E-2 4.18755E-2 8.61748E-2 6.98622E-2 5.44803E-2 4.78144E-2 6.32402E-2 6.33233E-2 7.60152E-2 8.96692E-2 1.31349E-1 1.74806E-1 2.03802E-1 2.22554E-1 1.38933E-1 1.71409E-1 1.46839E-1
