Phytophthora/models/20240430_1147_34/Phytophthora_PA3_RUN4_MAXENT_outputs/Phytophthora_PA3_RUN4.asc
ncols         225
nrows         269
xllcorner     473000.0
yllcorner     4429100.0
cellsize      50.0
NODATA_value  -9999
[rows 81 to 107 of 269, columns 60 to 119 of 225]
5.28052E-2 1.37215E-2 3.80117E-2 3.08816E-2 1.54048E-2 1.65022E-2 2.37333E-2 3.66171E-2 2.84685E-2 4.63285E-2 3.38827E-2 8.76151E-2 2.21478E-2 8.46339E-2 1.03055E-1 2.12222E-1 2.04788E-1 1.92359E-1 1.72061E-1 1.45531E-1 3.67839E-2 -9999 3.45938E-2 3.44725E-2 3.33642E-2 4.26878E-2 6.66597E-2 1.02803E-1 1.29376E-1 1.74042E-1 2.11849E-1 1.77234E-1 1.4491E-1 1.60824E-1 2.01845E-1 4.073E-1 4.33145E-1 4.28224E-1 4.00964E-1 4.12334E-1 4.43604E-1 4.38335E-1 4.36497E-1 2.51547E-1 3.47764E-1 2.74669E-1 1.27436E-1 5.08526E-1 4.74615E-1 3.6067E-1 3.02104E-1 1.6895E-1 2.21147E-1 2.63673E-1 3.39996E-1 -9999 -9999 -9999 -9999 -9999
7.23659E-2 6.14858E-2 4.41264E-2 2.34155E-2 2.58722E-2 2.02697E-2 1.96845E-2 2.57736E-2 2.89305E-2 4.09697E-2 7.30004E-2 8.4876E-2 8.33861E-2 7.23006E-2 7.77051E-2 1.34358E-1 1.36705E-1 1.76579E-1 1.67354E-1 1.37482E-1 3.32236E-2 -9999 3.20988E-2 3.9967E-2 3.77764E-2 4.47619E-2 6.49474E-2 9.59531E-2 1.14201E-1 1.45351E-1 2.05022E-1 1.839E-1 1.61204E-1 1.58547E-1 1.92519E-1 4.44778E-1 4.73379E-1 4.49381E-1 4.50371E-1 4.12439E-1 4.79718E-1 4.25257E-1 4.64879E-1 4.37392E-1 3.99774E-1 3.9566E-1 3.2989E-1 1.54128E-1 1.94288E-1 1.05191E-1 3.22485E-1 1.1016E-1 4.77642E-1 1.88713E-1 2.02912E-1 7.03159E-2 2.20448E-1 -9999 -9999 -9999
5.41322E-2 5.4563E-2 5.25784E-2 3.56985E-2 2.94889E-2 2.83535E-2 3.23451E-2 3.59872E-2 3.75026E-2 5.21314E-2 6.80005E-2 7.32045E-2 7.42623E-2 7.10659E-2 8.21286E-2 1.24068E-1 1.40744E-1 1.66587E-1 1.72578E-1 1.43625E-1 9.15606E-3 3.96736E-2 -9999 5.2571E-2 5.36954E-2 4.76197E-2 5.86985E-2 8.53692E-2 1.03747E-1 1.33688E-1 2.01415E-1 2.0853E-1 2.05109E-1 1.14036E-1 2.13133E-1 1.83681E-1 4.96272E-1 4.41155E-1 4.56185E-1 4.55025E-1 4.95859E-1 4.6624E-1 4.42431E-1 4.10228E-1 3.87933E-1 3.95273E-1 2.79178E-1 9.02954E-2 2.39138E-1 2.40136E-1 3.27355E-1 1.76296E-1 3.65542E-1 6.20599E-2 3.16007E-1 2.44074E-1 2.23653E-1 1.98703E-1 -9999 -9999
5.83638E-2 8.37883E-2 7.60906E-2 5.81471E-2 3.54986E-2 3.13269E-2 3.79777E-2 1.92455E-2 2.46349E-2 1.70193E-2 8.83933E-2 8.54513E-2 7.79543E-2 7.23268E-2 7.44575E-2 1.47016E-1 1.66787E-1 1.8178E-1 1.81604E-1 1.54557E-1 5.64672E-2 5.11704E-2 -9999 4.51811E-2 5.97431E-2 5.8372E-2 6.77599E-2 6.45955E-2 8.76186E-2 1.13838E-1 1.69864E-1 2.11855E-1 1.80526E-1 1.59567E-1 1.0213E-1 4.98579E-1 4.55234E-1 3.51332E-1 3.84343E-1 3.9732E-1 4.37061E-1 3.98879E-1 3.82613E-1 3.48713E-1 3.29288E-1 3.55324E-1 1.63583E-1 1.12233E-1 2.47421E-1 3.22383E-1 3.35199E-1 2.99331E-1 3.41312E-1 3.39933E-1 2.98694E-1 2.51003E-1 2.59509E-1 2.48069E-1 -9999 -9999
8.04581E-2 9.44213E-2 9.45026E-2 7.54283E-2 4.67043E-2 3.03702E-2 3.25684E-2 3.94448E-2 4.25836E-2 5.66219E-2 3.50069E-2 9.37488E-2 8.70554E-2 8.13417E-2 7.92613E-2 1.42503E-1 1.68376E-1 1.91938E-1 1.83959E-1 1.94668E-1 1.36871E-1 6.13979E-2 5.06097E-2 -9999 4.06088E-2 6.01401E-2 9.36518E-2 7.73501E-2 9.67493E-2 1.13943E-1 1.70252E-1 1.84758E-1 1.75354E-1 1.89927E-1 2.37979E-1 5.13237E-1 4.24076E-1 3.63054E-1 3.41739E-1 3.47635E-1 3.99263E-1 3.70378E-1 3.5466E-1 3.20096E-1 3.43921E-1 2.04843E-1 3.32515E-1 2.20389E-1 2.9875E-1 3.36265E-1 3.59896E-1 3.26996E-1 3.48098E-1 3.44584E-1 3.31673E-1 3.08056E-1 3.17712E-1 3.10031E-1 2.67756E-1 -9999
4.44524E-2 5.34755E-2 5.72113E-2 3.72374E-2 3.62486E-2 2.89759E-2 2.12133E-2 2.75651E-2 2.84357E-2 3.87372E-2 6.39775E-2 1.69022E-2 7.37683E-2 6.74468E-2 7.14882E-2 1.23587E-1 1.34911E-1 1.54066E-1 1.63927E-1 1.83393E-1 2.62775E-2 1.11287E-1 9.31014E-2 7.78909E-2 8.16873E-2 1.39979E-1 2.19259E-1 2.37959E-1 2.0766E-1 2.32788E-1 1.54816E-1 2.21488E-1 2.45005E-1 2.48688E-1 3.45119E-1 2.41565E-1 5.50267E-1 5.31325E-1 4.70153E-1 4.27174E-1 4.01653E-1 3.63076E-1 3.4125E-1 3.7366E-1 4.89025E-1 5.11016E-1 4.31926E-1 2.09408E-1 3.86645E-1 1.67094E-1 4.46841E-1 4.01033E-1 3.72562E-1 3.95475E-1 3.99791E-1 4.44349E-1 4.5194E-1 4.32358E-1 4.00435E-1 -9999
4.15547E-2 5.06097E-2 5.29809E-2 3.92271E-2 5.03421E-2 3.84009E-2 2.54916E-2 2.57896E-2 2.5677E-2 2.91299E-2 5.0009E-2 7.29544E-2 7.34501E-2 7.67464E-2 7.99894E-2 1.33704E-1 1.25213E-1 1.2529E-1 1.42275E-1 1.50743E-1 1.15387E-1 4.79849E-2 1.23529E-1 9.76307E-2 1.09506E-1 1.73429E-1 2.51482E-1 2.81856E-1 2.40416E-1 2.44686E-1 2.28333E-1 2.2147E-1 2.4423E-1 2.40572E-1 2.84357E-1 5.5481E-1 4.06084E-1 5.68526E-1 5.04461E-1 4.56568E-1 4.28211E-1 4.37331E-1 3.82859E-1 3.75477E-1 2.86721E-1 4.37025E-1 1.99366E-1 5.37419E-1 5.02832E-1 5.22226E-1 5.00641E-1 5.22229E-1 4.69896E-1 4.75839E-1 4.53064E-1 5.06789E-1 5.23762E-1 5.23702E-1 4.86134E-1 3.70657E-1
4.51341E-2 4.37246E-2 5.31495E-2 5.46964E-2 5.56776E-2 5.0996E-2 3.53927E-2 3.24475E-2 2.82071E-2 3.07911E-2 4.61453E-2 6.6053E-2 6.51492E-2 4.88068E-2 1.00905E-1 1.63209E-1 1.41784E-1 1.20989E-1 1.11754E-1 1.30427E-1 5.41051E-2 1.6601E-1 1.44528E-1 1.34255E-1 1.40128E-1 2.35525E-1 2.78455E-1 2.59604E-1 2.29741E-1 2.23039E-1 1.96568E-1 2.13135E-1 2.78143E-1 2.5506E-1 2.1901E-1 5.66228E-1 5.79121E-1 4.01531E-1 4.35668E-1 3.92755E-1 4.10385E-1 4.57189E-1 4.46406E-1 3.77593E-1 1.49358E-1 3.1159E-1 3.44177E-1 2.9845E-1 3.19232E-1 4.93615E-1 5.1644E-1 3.33749E-1 3.51732E-1 4.85577E-1 4.69669E-1 3.31452E-1 5.52957E-1 5.4913E-1 4.51973E-1 3.53347E-1
4.58081E-2 4.14924E-2 5.47079E-2 6.14105E-2 2.54018E-2 5.88926E-2 4.98394E-2 4.46001E-2 3.45673E-2 3.37939E-2 4.94928E-2 5.75283E-2 5.3513E-2 7.42582E-2 9.381E-2 1.07485E-1 1.47049E-1 1.20219E-1 9.92279E-2 9.88799E-2 1.51353E-1 5.56702E-2 1.70288E-1 1.47501E-1 1.30552E-1 2.90429E-1 2.15475E-1 2.3017E-1 1.82623E-1 1.21621E-1 1.59798E-1 2.45711E-1 3.22594E-1 -9999 2.19399E-1 5.96376E-1 5.43086E-1 3.91498E-1 2.94844E-1 4.45473E-1 4.82746E-1 5.00823E-1 5.12364E-1 5.09789E-1 4.6977E-1 4.34646E-1 4.27575E-1 3.22657E-1 3.38695E-1 5.21302E-1 4.96686E-1 3.49987E-1 4.36948E-1 4.79164E-1 4.67318E-1 5.48383E-1 5.44126E-1 5.19033E-1 4.12784E-1 3.29853E-1
4.28037E-2 4.31674E-2 5.48546E-2 6.28822E-2 6.5862E-2 7.6046E-2 6.45443E-2 5.59372E-2 4.5653E-2 4.2417E-2 4.48878E-2 5.3105E-2 4.47551E-2 6.24288E-2 8.11378E-2 1.73898E-1 1.57991E-1 1.41787E-1 1.18363E-1 9.30284E-2 1.42205E-1 5.23606E-2 1.66271E-1 1.58038E-1 1.16964E-1 2.74254E-1 1.81577E-1 1.64423E-1 1.95636E-1 2.03733E-1 1.69833E-1 -9999 -9999 -9999 -9999 5.19561E-1 4.72053E-1 3.6513E-1 4.32741E-1 4.83028E-1 4.51123E-1 5.52672E-1 5.33132E-1 5.56877E-1 5.7798E-1 2.4888E-1 3.71748E-1 3.82546E-1 3.85432E-1 5.50915E-1 4.44364E-1 4.18073E-1 3.79998E-1 4.5641E-1 4.35667E-1 4.89134E-1 4.89077E-1 4.33615E-1 3.69644E-1 3.48711E-1
6.81961E-2 7.78465E-2 9.59367E-2 8.99573E-2 9.72047E-2 1.00028E-1 6.97386E-2 7.34923E-2 5.37513E-2 6.10926E-2 6.35884E-2 6.78425E-2 6.79707E-2 7.67241E-2 9.30509E-2 1.54084E-1 1.43643E-1 1.23656E-1 1.28661E-1 9.62711E-2 1.37155E-1 6.52039E-2 1.79245E-1 2.6466E-1 2.91446E-1 1.81497E-1 1.44061E-1 1.3117E-1 1.63454E-1 -9999 -9999 -9999 -9999 -9999 -9999 3.96573E-1 3.20433E-1 3.01311E-1 3.28202E-1 3.49941E-1 4.24975E-1 5.22746E-1 5.71512E-1 5.82117E-1 2.68157E-1 4.25005E-1 3.19775E-1 3.51031E-1 1.44354E-1 4.54312E-1 3.18126E-1 2.99278E-1 1.50573E-1 3.12737E-1 3.81012E-1 4.10859E-1 3.97103E-1 2.68767E-1 3.15367E-1 3.70285E-1
7.85732E-2 9.86159E-2 1.09047E-1 8.91806E-2 8.67969E-2 5.04974E-2 7.52343E-2 3.57352E-2 6.58831E-2 6.72536E-2 8.04925E-2 1.01165E-1 9.83204E-2 1.09582E-1 1.16968E-1 1.54394E-1 4.19167E-2 1.72563E-1 1.58511E-1 1.33507E-1 1.63913E-1 2.29509E-1 2.59754E-1 6.64224E-2 2.15242E-1 1.73083E-1 1.59086E-1 1.41081E-1 -9999 -9999 -9999 -9999 -9999 -9999 -9999 3.93808E-1 3.12731E-1 2.93391E-1 2.95067E-1 3.27322E-1 3.88219E-1 4.48782E-1 5.22014E-1 4.77266E-1 2.70237E-1 5.43027E-2 2.10831E-1 3.25965E-1 4.27885E-1 4.41506E-1 9.41635E-2 2.0159E-1 1.89066E-1 2.15667E-1 2.70569E-1 4.48039E-1 3.29029E-1 2.88738E-1 3.23744E-1 3.96939E-1
7.52536E-2 1.02188E-1 4.87487E-2 5.42927E-2 7.33647E-2 4.28533E-2 6.52739E-2 9.30564E-2 7.62576E-2 6.77078E-2 8.32642E-2 1.19676E-1 1.38343E-1 1.42232E-1 4.61979E-2 1.06074E-1 1.76868E-1 1.73345E-1 1.66085E-1 1.53987E-1 2.15384E-1 2.531E-1 1.10805E-1 1.86265E-1 1.57357E-1 1.92057E-1 1.76484E-1 1.51916E-1 -9999 -9999 -9999 -9999 -9999 -9999 -9999 -9999 3.75762E-1 3.42932E-1 3.21393E-1 3.29901E-1 4.01121E-1 -9999 -9999 5.4327E-1 3.66785E-1 1.48712E-1 1.82418E-1 2.71483E-1 4.34295E-1 3.58921E-1 2.31355E-1 1.85363E-1 1.63172E-1 9.38436E-2 3.73815E-1 2.57028E-1 3.58204E-1 3.18742E-1 3.62098E-1 4.07812E-1
5.96473E-2 8.3818E-2 9.81857E-2 8.3501E-2 7.99913E-2 4.82136E-2 2.36672E-2 9.61059E-2 5.46361E-2 8.67172E-2 9.75896E-2 1.17145E-1 9.56215E-2 1.52188E-1 1.37016E-1 7.70365E-2 1.68751E-1 1.62167E-1 1.47832E-1 1.40366E-1 1.57978E-1 2.13534E-1 2.47764E-1 1.82144E-1 1.67528E-1 4.56877E-2 1.63626E-1 1.31967E-1 -9999 -9999 -9999 -9999 -9999 -9999 -9999 -9999 4.55658E-1 4.02993E-1 3.95238E-1 -9999 -9999 -9999 -9999 2.46794E-1 2.62084E-1 1.25369E-1 1.60242E-1 1.62816E-1 2.97832E-1 3.28612E-1 2.21633E-1 1.68147E-1 1.38818E-1 8.93665E-2 3.85284E-1 1.9651E-1 3.73389E-1 3.40068E-1 3.82329E-1 1.84392E-1
4.95108E-2 4.33323E-2 7.80897E-2 8.00249E-2 6.82205E-2 3.9723E-2 5.7868E-2 8.24708E-2 9.85962E-2 9.03761E-2 6.34241E-2 2.30114E-2 1.05013E-1 1.21041E-1 1.12949E-1 1.24365E-1 6.05316E-2 4.90347E-2 1.50082E-1 1.34987E-1 1.07209E-1 1.11345E-1 1.48996E-1 1.25705E-1 1.14479E-1 6.54164E-2 1.89378E-1 1.06136E-1 1.76965E-1 -9999 -9999 -9999 -9999 -9999 -9999 5.40891E-1 -9999 -9999 -9999 -9999 -9999 -9999 -9999 2.65288E-1 1.63123E-1 1.21382E-1 1.36806E-1 1.61707E-1 6.66048E-2 8.26892E-2 1.16548E-1 1.81353E-1 1.61002E-1 1.56236E-1 1.74501E-1 4.25014E-1 2.99934E-1 3.81011E-1 1.5367E-1 4.31092E-1
9.7048E-2 1.22361E-1 1.08492E-1 1.65027E-1 1.24696E-1 7.24983E-2 9.08603E-2 1.1057E-1 1.30368E-1 2.25248E-1 2.49174E-1 2.67978E-1 5.53325E-2 1.66358E-1 1.50263E-1 1.17038E-1 1.20847E-1 1.28494E-1 1.40909E-1 6.29917E-2 4.08652E-2 8.72748E-2 8.35076E-2 9.77323E-2 8.85601E-2 1.59325E-1 9.26493E-2 1.07177E-1 1.17794E-1 -9999 -9999 -9999 -9999 -9999 -9999 -9999 -9999 -9999 -9999 -9999 -9999 -9999 -9999 1.87498E-1 1.97176E-1 2.49686E-1 2.35515E-1 2.50797E-1 1.46228E-1 1.05814E-1 4.53741E-1 4.10251E-1 4.29651E-1 5.6632E-1 2.35375E-1 4.00913E-1 3.91061E-1 4.0966E-1 3.99896E-1 3.80314E-1
5.81519E-2 7.22817E-2 6.7571E-2 9.44324E-2 7.70344E-2 5.90037E-2 6.90092E-2 8.20785E-2 8.83849E-2 1.19291E-1 1.98756E-1 2.41579E-1 2.66202E-1 2.03769E-1 1.512E-1 8.68688E-2 9.61756E-2 9.17303E-2 7.69135E-2 8.74879E-2 7.35413E-2 6.23503E-2 6.32332E-2 6.66798E-2 6.52796E-2 1.47089E-1 8.79652E-2 1.16498E-1 9.53868E-2 -9999 -9999 -9999 -9999 -9999 -9999 -9999 -9999 -9999 -9999 -9999 -9999 -9999 -9999 1.04319E-1 2.2153E-1 2.90764E-1 2.9118E-1 2.80135E-1 2.87782E-1 3.43601E-1 5.30212E-1 4.8071E-1 2.55129E-1 6.64645E-1 6.24942E-1 3.17121E-1 2.72105E-1 1.75792E-1 1.23313E-1 3.1275E-1
7.26186E-2 6.70809E-2 5.52848E-2 2.11376E-2 5.5501E-2 5.06877E-2 5.65269E-2 6.62626E-2 7.74503E-2 8.92024E-2 1.19901E-1 2.08834E-1 2.61588E-1 1.79258E-1 2.16568E-1 1.05818E-1 8.29617E-2 1.0781E-1 1.01899E-1 7.63761E-2 8.37433E-2 9.70155E-2 9.68295E-2 1.2282E-1 1.06501E-1 5.19316E-2 1.18488E-1 1.4253E-1 1.53444E-1 1.00708E-1 -9999 -9999 -9999 -9999 -9999 -9999 -9999 -9999 -9999 -9999 -9999 -9999 -9999 2.05567E-1 1.59124E-1 3.14804E-1 3.51285E-1 3.34637E-1 3.36646E-1 2.73805E-1 3.18287E-1 6.45527E-1 6.26206E-1 6.5912E-1 5.56768E-1 2.48136E-1 2.19546E-1 1.33087E-1 2.40803E-1 2.83575E-1
1.02562E-1 1.01444E-1 9.38625E-2 8.44302E-2 6.75372E-2 5.3439E-2 4.92224E-2 5.63795E-2 5.78658E-2 7.67315E-2 9.31348E-2 1.27813E-1 2.46515E-1 2.62721E-1 2.08917E-1 1.31635E-1 1.13529E-1 2.60272E-2 2.13057E-2 4.94325E-2 7.04545E-2 7.99455E-2 8.50028E-2 1.09589E-1 1.17537E-1 1.17413E-1 3.77478E-2 1.13672E-1 2.05632E-1 6.77652E-2 8.29245E-2 -9999 -9999 -9999 -9999 -9999 -9999 -9999 -9999 -9999 -9999 -9999 -9999 2.12254E-1 2.23277E-1 3.21322E-1 3.22751E-1 2.18671E-1 2.47893E-1 1.2403E-1 3.65511E-1 3.98771E-1 5.75324E-1 3.0503E-1 4.30558E-1 2.23773E-1 2.59611E-1 1.93405E-1 3.33121E-1 2.95496E-1
1.20819E-1 1.08036E-1 1.01795E-1 1.04356E-1 6.15892E-2 8.00349E-2 5.87197E-2 6.21096E-2 6.00497E-2 7.82626E-2 1.0312E-1 1.39382E-1 7.9826E-2 2.06887E-1 1.95528E-1 1.21367E-1 7.96384E-2 7.391E-2 4.03851E-2 4.23695E-2 6.27444E-2 8.11564E-2 9.55081E-2 1.42332E-1 1.56661E-1 1.31036E-1 1.72552E-1 1.17853E-1 2.16846E-1 7.1964E-2 1.29928E-1 -9999 -9999 -9999 -9999 -9999 -9999 -9999 -9999 -9999 -9999 -9999 2.48816E-1 9.78005E-2 2.56777E-1 3.20376E-1 3.08814E-1 3.47652E-1 3.20518E-1 2.30308E-1 2.44664E-1 3.01444E-1 3.6382E-1 3.37048E-1 3.16127E-1 1.80068E-1 2.41326E-1 9.4694E-2 3.46219E-1 2.53301E-1
1.02772E-1 9.71617E-2 8.5642E-2 7.97243E-2 8.64407E-2 4.26666E-2 1.05448E-1 7.94011E-2 7.25793E-2 9.2657E-2 1.18949E-1 1.66336E-1 1.03485E-1 1.88104E-1 1.49415E-1 7.29202E-2 5.41947E-2 2.44137E-2 3.18358E-2 4.56174E-2 1.18332E-1 1.00303E-1 1.62874E-1 2.15018E-1 2.15671E-1 1.29807E-1 1.19714E-1 8.7088E-2 7.54602E-2 6.99994E-2 1.60354E-1 1.35187E-1 -9999 -9999 -9999 -9999 -9999 -9999 -9999 -9999 -9999 1.7633E-1 1.77721E-1 2.31784E-1 3.06702E-1 3.99331E-1 4.2456E-1 5.15663E-1 3.22921E-1 3.00025E-1 2.31844E-1 2.08373E-1 3.88133E-1 3.41356E-1 3.46263E-1 3.91538E-1 3.91925E-1 3.88811E-1 5.10477E-1 4.45191E-1
1.22603E-1 1.18326E-1 1.11355E-1 9.39729E-2 8.64374E-2 1.54646E-1 9.42882E-2 9.22168E-2 8.17198E-2 1.07229E-1 1.25894E-1 1.67731E-1 1.85709E-1 1.64054E-1 1.77598E-1 6.61465E-2 2.68614E-2 5.89084E-3 2.89082E-2 5.5497E-2 1.21064E-1 1.91215E-1 2.3418E-1 2.6865E-1 2.28615E-1 1.40713E-1 1.4599E-1 8.31915E-2 9.04735E-2 7.03982E-2 1.48231E-1 1.4947E-1 -9999 -9999 -9999 -9999 -9999 -9999 -9999 -9999 1.34516E-1 1.47023E-1 1.58824E-1 1.78022E-1 9.50441E-2 1.96822E-1 1.3041E-1 4.04363E-1 5.8586E-2 1.95746E-1 3.03744E-1 2.95939E-1 4.93733E-1 4.52159E-1 4.40835E-1 4.01858E-1 2.33498E-1 2.00296E-1 2.62728E-1 5.01978E-1
1.33159E-1 1.26487E-1 1.31398E-1 1.20373E-1 1.21275E-1 1.53573E-1 9.28285E-2 1.39771E-1 1.0021E-1 1.20336E-1 1.53928E-1 1.27745E-1 6.82524E-2 1.16635E-1 2.90827E-2 6.98063E-2 2.09682E-2 1.0808E-2 4.77969E-2 7.00023E-2 2.4521E-1 2.70488E-1 2.45863E-1 1.66027E-1 1.60559E-1 1.30112E-1 1.41048E-1 1.04222E-1 7.72243E-2 1.0909E-1 7.22552E-2 9.32111E-2 1.31114E-1 -9999 -9999 -9999 -9999 -9999 -9999 4.83435E-2 1.02685E-1 1.32683E-1 1.3347E-1 1.54287E-1 1.76908E-1 2.33809E-1 1.57443E-1 1.54916E-1 2.81599E-1 2.25625E-1 1.00046E-1 4.32877E-1 2.33857E-1 5.13595E-1 4.932E-1 3.69643E-1 4.12158E-1 5.04763E-1 5.72389E-1 4.06587E-1
1.16664E-1 1.25396E-1 9.64047E-2 9.21215E-2 1.16886E-1 1.63784E-1 1.85559E-1 2.09015E-1 1.22554E-1 5.36676E-2 1.57099E-1 1.55665E-1 1.3485E-1 9.86196E-2 7.70195E-2 5.11151E-2 1.85537E-2 5.87345E-2 6.35129E-2 1.14747E-1 3.13362E-1 2.87836E-1 1.9663E-1 1.81759E-1 1.87106E-1 1.35259E-1 1.42734E-1 1.17254E-1 7.19114E-2 1.16253E-1 6.73399E-2 7.62793E-2 1.19933E-1 -9999 -9999 -9999 -9999 -9999 -9999 5.58955E-2 1.71784E-1 1.81076E-1 1.7674E-1 1.89697E-1 2.11816E-1 3.71178E-1 3.11943E-1 9.37534E-2 3.44553E-1 2.63135E-1 3.57696E-1 3.66591E-1 3.42126E-1 2.20759E-1 3.65215E-1 4.84194E-1 4.51453E-1 4.82183E-1 5.49766E-1 3.81343E-1
1.0452E-1 1.29221E-1 1.28569E-1 8.24371E-2 9.31421E-2 1.43799E-1 1.63665E-1 2.82856E-2 1.68025E-1 1.64318E-1 1.47314E-1 1.26133E-1 1.31017E-1 1.22983E-1 5.95988E-2 4.88872E-2 6.72259E-2 8.17999E-2 2.53612E-2 1.62382E-1 3.29853E-1 3.01645E-1 2.40648E-1 1.67504E-1 1.65068E-1 1.1458E-1 9.5662E-2 7.63028E-2 4.56378E-2 4.45367E-2 6.55041E-2 8.25727E-2 1.25749E-1 7.87691E-2 -9999 -9999 -9999 9.11806E-2 9.75709E-2 1.33953E-1 1.30989E-1 1.54675E-1 2.42522E-1 9.78577E-2 3.09813E-1 3.50668E-1 5.54805E-1 3.02692E-1 3.66963E-1 3.31749E-1 3.57471E-1 3.68235E-1 3.564E-1 1.90196E-1 5.15127E-1 2.99845E-1 3.41733E-1 4.8466E-1 5.79625E-1 5.12203E-1
1.05051E-1 1.3802E-1 1.7003E-1 1.26791E-1 9.65514E-2 1.63721E-1 7.44526E-2 1.18165E-1 2.42326E-1 1.4439E-1 7.18288E-2 7.78629E-2 7.693E-2 6.20122E-2 4.80031E-2 9.01044E-2 1.06004E-1 1.65128E-1 2.29881E-1 1.15631E-1 2.68416E-1 2.16577E-1 1.25526E-1 9.81734E-2 7.96642E-2 7.06197E-2 6.8194E-2 5.32342E-2 5.1063E-2 8.94589E-2 1.75674E-1 4.8359E-2 3.58454E-2 4.27052E-2 7.01085E-2 1.79854E-1 2.4963E-1 3.24317E-1 1.66881E-1 4.51171E-1 4.64107E-1 4.55575E-1 4.17022E-1 5.30916E-1 1.96665E-1 5.61772E-1 2.12496E-1 2.74238E-1 3.49685E-1 2.9913E-1 3.37454E-1 3.26794E-1 3.41677E-1 2.61715E-1 3.85819E-1 3.33825E-1 4.37606E-1 5.15178E-1 3.46931E-1 4.31875E-1
8.28434E-2 1.2576E-1 1.70681E-1 1.6888E-1 1.56164E-1 2.16688E-1 2.0868E-1 1.17892E-1 2.15268E-1 1.26674E-1 6.43366E-2 8.73478E-2 6.71194E-2 4.9623E-2 5.34028E-2 9.71155E-2 1.07229E-1 1.13377E-1 1.76716E-1 1.92169E-1 2.27929E-1 1.28321E-1 1.01394E-1 8.25916E-2 7.26033E-2 7.01204E-2 5.37817E-2 1.00173E-1 9.36297E-2 6.61688E-2 1.61309E-1 5.92546E-2 4.48448E-2 7.50438E-2 7.54328E-2 2.07174E-1 2.95143E-1 3.6177E-1 4.22649E-1 5.07444E-1 3.52669E-1 5.06125E-1 4.5245E-1 4.76137E-1 2.34137E-1 9.45205E-2 1.72887E-1 1.86917E-1 3.73961E-1 2.74451E-1 3.07026E-1 2.83222E-1 3.15143E-1 3.88241E-1 1.40918E-1 1.53243E-1 4.36585E-1 5.39718E-1 4.72422E-1 1.86471E-1
