Phytophthora/models/20240501_1542_27/Phytophthora_PA3_RUN4_MAXENT_outputs/Phytophthora_PA3_RUN4.asc
ncols         225
nrows         269
xllcorner     473000.0
yllcorner     4429100.0
cellsize      50.0
NODATA_value  -9999
[rows 135 to 161 of 269, columns 0 to 59 of 225]
-9999 -9999 -9999 -9999 -9999 -9999 -9999 -9999 -9999 -9999 2.38818E-1 2.68515E-1 1.7357E-1 2.13011E-1 2.01363E-1 2.03484E-1 2.03113E-1 2.02718E-1 1.54096E-1 2.01713E-1 2.86256E-1 3.38402E-1 3.3664E-1 2.93103E-1 2.66398E-1 2.16233E-1 2.16907E-1 2.1721E-1 1.87975E-1 1.01237E-1 8.47563E-2 1.98925E-1 2.10246E-1 9.30862E-2 9.01412E-2 6.57559E-2 1.12474E-1 1.42072E-1 1.55477E-1 1.59181E-1 1.78079E-1 1.94776E-1 1.90853E-1 1.90503E-1 2.02398E-1 2.03371E-1 2.01702E-1 1.61877E-1 1.50597E-1 1.00107E-1 1.90743E-1 2.1944E-1 1.8397E-1 1.54653E-1 1.30865E-1 1.26827E-1 1.1034E-1 1.14211E-1 1.66348E-1 2.03861E-1
-9999 -9999 -9999 -9999 -9999 -9999 -9999 -9999 -9999 -9999 1.65707E-1 3.89945E-1 2.1829E-1 2.55659E-1 2.40836E-1 2.70753E-1 1.91858E-1 2.38814E-1 2.73554E-1 2.89529E-1 3.40901E-1 3.93249E-1 3.80222E-1 3.10721E-1 2.53682E-1 1.90696E-1 1.80435E-1 1.75112E-1 1.73418E-1 1.65192E-1 1.51104E-1 1.17395E-1 -9999 -9999 1.08293E-1 1.21684E-1 1.36682E-1 1.49208E-1 1.73279E-1 1.43591E-1 2.30896E-1 2.31376E-1 2.37946E-1 2.85687E-1 2.72213E-1 2.11872E-1 1.77107E-1 1.24153E-1 9.84785E-2 1.46613E-1 1.96763E-1 1.82815E-1 2.07567E-1 1.93022E-1 1.65214E-1 1.35164E-1 1.16023E-1 1.38195E-1 1.84161E-1 1.1128E-1
-9999 -9999 -9999 -9999 -9999 -9999 -9999 -9999 -9999 -9999 3.51294E-1 2.99513E-1 2.34501E-1 2.1312E-1 2.24699E-1 2.5556E-1 1.97808E-1 1.74623E-1 2.95929E-1 3.26158E-1 4.07307E-1 4.57901E-1 3.64287E-1 3.06515E-1 2.80967E-1 1.97835E-1 1.78492E-1 1.76915E-1 1.86445E-1 1.97263E-1 1.92236E-1 1.81244E-1 -9999 1.23116E-1 1.49577E-1 1.53271E-1 1.62068E-1 1.76502E-1 2.16771E-1 1.35711E-1 2.26978E-1 2.3682E-1 2.73292E-1 1.99043E-1 2.06526E-1 1.32371E-1 9.41758E-2 8.85336E-2 1.52607E-1 1.60486E-1 2.37845E-1 1.87446E-1 2.14039E-1 2.09097E-1 1.76755E-1 1.44776E-1 1.35341E-1 1.49942E-1 1.95551E-1 2.81894E-1
-9999 -9999 -9999 -9999 -9999 -9999 -9999 -9999 -9999 -9999 2.59212E-1 2.46343E-1 2.32417E-1 2.22872E-1 1.89932E-1 2.28206E-1 1.945E-1 2.88607E-1 2.01884E-1 3.10597E-1 3.19032E-1 3.62301E-1 2.15109E-1 2.73991E-1 2.93279E-1 2.13498E-1 2.02229E-1 2.05095E-1 2.03701E-1 2.10153E-1 2.04938E-1 1.91332E-1 1.45519E-1 1.56336E-1 1.76741E-1 1.81667E-1 1.87853E-1 1.48221E-1 2.35197E-1 2.33212E-1 1.63572E-1 2.49252E-1 2.15009E-1 2.02395E-1 1.58764E-1 1.31854E-1 1.52304E-1 1.46343E-1 1.54501E-1 1.62465E-1 2.45844E-1 2.23135E-1 2.11537E-1 2.12808E-1 1.86611E-1 1.66419E-1 1.49952E-1 1.60852E-1 2.03444E-1 2.55294E-1
-9999 -9999 -9999 -9999 -9999 -9999 -9999 -9999 -9999 -9999 2.25339E-1 2.31816E-1 2.48112E-1 2.43238E-1 2.46104E-1 2.57024E-1 1.59755E-1 2.488E-1 3.19592E-1 3.46166E-1 3.26911E-1 3.37557E-1 3.31593E-1 3.31046E-1 2.78251E-1 1.58878E-1 1.82822E-1 2.13872E-1 1.29578E-1 1.71112E-1 1.35142E-1 1.91789E-1 1.60792E-1 1.87985E-1 2.13642E-1 2.12257E-1 1.43272E-1 1.96501E-1 2.40833E-1 1.77336E-1 2.12204E-1 2.94164E-1 2.86413E-1 1.94699E-1 1.63018E-1 1.42809E-1 1.52624E-1 1.45845E-1 1.47325E-1 1.74162E-1 2.56657E-1 2.06852E-1 2.25668E-1 2.14948E-1 2.04913E-1 1.82273E-1 1.6978E-1 1.80517E-1 2.28644E-1 2.62396E-1
-9999 -9999 -9999 -9999 -9999 -9999 -9999 -9999 -9999 -9999 1.9436E-1 2.06368E-1 2.40149E-1 2.51383E-1 2.66584E-1 3.01475E-1 3.26895E-1 3.00715E-1 2.2523E-1 3.72122E-1 4.07819E-1 3.74263E-1 3.47794E-1 3.37315E-1 2.92561E-1 2.26293E-1 2.07886E-1 2.05422E-1 2.28463E-1 2.24877E-1 2.17247E-1 1.49314E-1 1.45843E-1 1.40926E-1 2.30373E-1 2.17939E-1 2.15327E-1 2.11721E-1 1.65108E-1 2.26498E-1 2.44745E-1 2.88608E-1 2.31857E-1 1.70473E-1 1.41627E-1 1.32552E-1 1.42115E-1 1.28578E-1 1.30684E-1 1.70788E-1 2.55399E-1 2.63729E-1 1.99409E-1 1.53786E-1 2.06118E-1 1.82039E-1 1.57946E-1 1.87799E-1 2.39084E-1 2.63183E-1
-9999 -9999 -9999 -9999 -9999 -9999 -9999 -9999 -9999 -9999 2.0019E-1 2.08565E-1 2.51909E-1 2.68139E-1 2.80479E-1 3.01641E-1 3.35127E-1 3.33239E-1 3.80342E-1 3.98423E-1 4.17064E-1 3.50371E-1 3.51584E-1 3.26064E-1 3.00803E-1 2.82132E-1 2.75959E-1 2.78853E-1 2.51473E-1 2.41691E-1 1.87269E-1 1.79753E-1 1.70728E-1 1.77661E-1 1.53126E-1 2.85465E-1 2.78775E-1 2.44848E-1 3.13296E-1 2.82903E-1 3.25423E-1 2.99718E-1 2.17941E-1 1.84824E-1 1.78772E-1 1.60076E-1 1.60104E-1 1.50084E-1 1.65282E-1 2.21917E-1 3.15618E-1 3.33076E-1 2.7508E-1 2.78192E-1 2.69194E-1 2.01219E-1 1.68729E-1 1.96388E-1 2.49085E-1 2.84321E-1
-9999 -9999 -9999 -9999 -9999 -9999 -9999 -9999 -9999 -9999 1.50789E-1 1.78537E-1 2.42536E-1 2.50136E-1 2.67451E-1 2.95351E-1 3.21548E-1 3.5605E-1 1.58223E-1 4.57739E-1 4.48785E-1 2.52436E-1 3.02851E-1 3.23746E-1 3.28067E-1 3.0595E-1 2.73329E-1 2.65592E-1 2.5412E-1 2.27712E-1 1.75467E-1 1.75594E-1 1.78386E-1 1.94635E-1 2.1446E-1 2.8805E-1 2.64117E-1 2.08491E-1 3.19544E-1 3.23616E-1 2.98439E-1 2.66776E-1 1.92452E-1 1.81614E-1 1.69736E-1 1.41144E-1 1.35377E-1 1.27534E-1 1.57384E-1 2.45504E-1 2.87463E-1 3.12443E-1 2.53263E-1 2.73176E-1 2.53984E-1 1.8655E-1 1.67691E-1 1.9552E-1 2.23225E-1 2.46735E-1
-9999 -9999 -9999 -9999 -9999 -9999 -9999 -9999 -9999 1.43658E-3 1.10407E-1 1.54172E-1 1.93018E-1 1.90804E-1 2.25335E-1 2.63378E-1 2.99209E-1 2.74853E-1 3.97417E-1 4.18772E-1 3.98307E-1 3.64527E-1 3.4638E-1 2.9004E-1 3.43502E-1 3.16311E-1 2.67551E-1 2.43973E-1 2.25108E-1 1.94435E-1 1.59696E-1 1.64869E-1 1.7473E-1 1.97032E-1 2.40874E-1 2.06078E-1 2.61947E-1 2.77697E-1 3.18705E-1 3.25105E-1 2.71002E-1 2.53978E-1 2.22271E-1 2.15253E-1 1.98182E-1 1.82567E-1 1.69757E-1 1.51194E-1 1.71145E-1 2.2541E-1 2.53487E-1 2.30454E-1 2.46767E-1 2.51945E-1 2.24865E-1 1.71447E-1 1.66761E-1 1.99823E-1 2.30324E-1 2.58308E-1
-9999 -9999 -9999 -9999 -9999 -9999 -9999 -9999 -9999 1.01492E-3 9.05254E-2 1.30509E-1 1.55449E-1 1.58838E-1 1.88617E-1 2.44494E-1 2.65103E-1 1.50027E-1 4.22112E-1 4.05178E-1 3.88924E-1 3.76011E-1 3.68464E-1 3.72669E-1 3.29249E-1 2.58564E-1 2.53545E-1 2.53752E-1 2.45544E-1 2.04699E-1 1.35965E-1 1.42081E-1 1.64868E-1 1.99968E-1 2.37173E-1 2.8084E-1 2.25334E-1 2.78137E-1 3.18704E-1 3.08717E-1 2.59189E-1 2.43054E-1 2.41505E-1 2.29202E-1 2.27986E-1 2.19427E-1 2.15647E-1 2.0913E-1 1.9257E-1 1.93526E-1 2.17306E-1 1.87862E-1 2.24392E-1 2.23224E-1 2.03613E-1 1.69809E-1 1.82562E-1 2.02886E-1 2.21835E-1 2.61574E-1
-9999 -9999 -9999 -9999 -9999 -9999 -9999 -9999 -9999 7.69209E-4 6.86811E-2 9.10229E-2 1.09984E-1 1.20603E-1 1.53936E-1 2.1068E-1 2.53426E-1 3.07972E-1 4.01783E-1 3.41584E-1 3.64209E-1 3.42342E-1 3.03365E-1 2.99301E-1 2.79338E-1 1.78686E-1 2.33006E-1 2.55366E-1 2.71093E-1 2.34957E-1 1.67515E-1 1.47643E-1 1.72596E-1 2.01172E-1 2.2683E-1 2.73161E-1 2.01411E-1 2.92367E-1 3.29001E-1 2.90036E-1 2.66677E-1 2.63262E-1 2.4583E-1 2.31635E-1 2.53974E-1 2.64889E-1 2.92663E-1 2.64111E-1 2.2133E-1 2.31618E-1 2.14728E-1 2.27368E-1 2.82325E-1 3.0727E-1 2.55893E-1 2.15174E-1 2.0401E-1 2.10699E-1 2.37451E-1 2.69611E-1
-9999 -9999 -9999 -9999 -9999 -9999 -9999 -9999 2.49928E-2 3.47781E-2 5.05764E-2 6.18111E-2 9.30951E-2 1.21657E-1 1.45049E-1 1.51696E-1 1.27326E-1 3.59092E-1 3.05898E-1 3.11302E-1 3.11272E-1 2.99229E-1 2.5895E-1 2.39454E-1 2.54525E-1 2.63011E-1 1.76562E-1 2.86109E-1 3.10363E-1 2.9306E-1 2.64281E-1 2.27522E-1 2.62943E-1 2.61873E-1 2.52103E-1 1.94975E-1 2.56366E-1 2.9631E-1 2.90854E-1 2.57635E-1 2.64988E-1 2.70131E-1 2.44225E-1 2.28182E-1 3.05297E-1 3.62624E-1 3.52509E-1 3.16644E-1 3.02273E-1 2.77528E-1 2.68406E-1 3.08406E-1 3.64697E-1 3.59553E-1 3.13836E-1 3.00975E-1 2.95028E-1 2.74307E-1 3.08257E-1 3.67947E-1
-9999 -9999 -9999 -9999 -9999 -9999 -9999 -9999 3.03599E-2 3.50043E-2 5.03587E-2 4.43013E-2 6.74902E-2 8.39464E-2 1.13851E-1 1.13777E-1 2.04559E-1 2.68046E-1 2.99942E-1 3.18394E-1 2.71741E-1 2.56554E-1 2.91905E-1 3.06175E-1 2.93121E-1 2.62987E-1 2.78255E-1 2.16878E-1 3.05596E-1 3.00579E-1 3.17493E-1 3.09217E-1 2.90904E-1 2.6433E-1 2.26754E-1 2.57021E-1 2.735E-1 3.06411E-1 2.66701E-1 2.3329E-1 2.57778E-1 2.47267E-1 2.44047E-1 2.79045E-1 3.44603E-1 3.50129E-1 3.6463E-1 3.42369E-1 2.99478E-1 3.10191E-1 2.96784E-1 3.78691E-1 3.87775E-1 3.28722E-1 3.14295E-1 2.978E-1 3.00065E-1 3.054E-1 3.13644E-1 3.66795E-1
-9999 -9999 -9999 -9999 -9999 -9999 -9999 -9999 4.1964E-2 6.09128E-2 3.98403E-2 9.36597E-2 6.11454E-2 5.90899E-2 6.77901E-2 9.89977E-2 1.07928E-1 2.19226E-1 3.02412E-1 3.26327E-1 3.20266E-1 3.02622E-1 3.16197E-1 3.16863E-1 3.14564E-1 2.8979E-1 1.90174E-1 3.03959E-1 2.24961E-1 2.96483E-1 3.37668E-1 3.35424E-1 2.78621E-1 1.71024E-1 2.70149E-1 3.1256E-1 2.99829E-1 3.08471E-1 2.6686E-1 2.53647E-1 2.45615E-1 2.58361E-1 2.79709E-1 3.19799E-1 3.64911E-1 3.6212E-1 3.94756E-1 3.27683E-1 3.35289E-1 3.67486E-1 3.84817E-1 3.98185E-1 3.89332E-1 2.3351E-1 2.48919E-1 2.51049E-1 3.15309E-1 3.22997E-1 3.08318E-1 3.38184E-1
-9999 -9999 -9999 -9999 -9999 -9999 -9999 4.69036E-2 5.65495E-2 1.07308E-1 9.85284E-2 8.94975E-2 9.45657E-2 9.74587E-2 8.75851E-2 8.35816E-2 1.22967E-1 3.09422E-1 2.52656E-1 3.04876E-1 3.16871E-1 3.19116E-1 3.01496E-1 2.97281E-1 3.15718E-1 3.09346E-1 3.13958E-1 2.85415E-1 3.17699E-1 2.14014E-1 3.10487E-1 3.35489E-1 2.22683E-1 2.91547E-1 3.16886E-1 3.30824E-1 3.29139E-1 2.94717E-1 2.5437E-1 2.67185E-1 2.6359E-1 3.32467E-1 3.58901E-1 3.11957E-1 3.54815E-1 3.55347E-1 3.59851E-1 3.33788E-1 3.67779E-1 3.84584E-1 3.8195E-1 3.62513E-1 3.35532E-1 3.28148E-1 3.1658E-1 2.89477E-1 3.16649E-1 3.24097E-1 3.15402E-1 3.1514E-1
-9999 -9999 -9999 -9999 -9999 -9999 -9999 4.08461E-2 7.73628E-2 1.00139E-1 1.05551E-1 1.36525E-1 1.70761E-1 1.67748E-1 1.64686E-1 1.61617E-1 1.88969E-1 2.53277E-1 2.29168E-1 2.49019E-1 2.75616E-1 2.7628E-1 2.57673E-1 2.89559E-1 3.09469E-1 3.05547E-1 3.18156E-1 3.30963E-1 2.14086E-1 3.47464E-1 3.64763E-1 3.0961E-1 2.87828E-1 3.25385E-1 3.25156E-1 3.23315E-1 3.12081E-1 2.68225E-1 2.61118E-1 2.88759E-1 3.19579E-1 3.26953E-1 3.50314E-1 2.58276E-1 3.29722E-1 2.15235E-1 2.42793E-1 2.59236E-1 3.46198E-1 2.80771E-1 2.88995E-1 4.16445E-1 3.94422E-1 3.43689E-1 3.31774E-1 3.0658E-1 3.18828E-1 3.33246E-1 3.1394E-1 3.17426E-1
-9999 -9999 -9999 -9999 -9999 -9999 -9999 3.21662E-2 1.35412E-1 1.90198E-1 2.57942E-1 3.28085E-1 3.7553E-1 3.62755E-1 3.70036E-1 3.4333E-1 3.15033E-1 3.74821E-1 2.87765E-1 2.97193E-1 3.18385E-1 3.31154E-1 3.19132E-1 3.60144E-1 3.51021E-1 3.60104E-1 4.07045E-1 4.28968E-1 4.44817E-1 4.42315E-1 4.41349E-1 4.05314E-1 4.15087E-1 4.23695E-1 3.66856E-1 3.55168E-1 3.33595E-1 3.3085E-1 3.36692E-1 3.58616E-1 3.95268E-1 3.9032E-1 3.82243E-1 2.67459E-1 3.87948E-1 4.46607E-1 5.02111E-1 5.22023E-1 5.12799E-1 5.23902E-1 4.58061E-1 5.07611E-1 4.56101E-1 4.06205E-1 3.77813E-1 3.47244E-1 3.48674E-1 3.54004E-1 3.3388E-1 3.70938E-1
-9999 -9999 -9999 -9999 -9999 -9999 5.74317E-2 1.1368E-1 1.7747E-1 2.60459E-1 3.49378E-1 3.94094E-1 4.34724E-1 4.39892E-1 4.51229E-1 4.17919E-1 4.02296E-1 4.59696E-1 3.29174E-1 2.87569E-1 2.85719E-1 3.0199E-1 3.03849E-1 3.07816E-1 3.08658E-1 3.45907E-1 3.96428E-1 4.28495E-1 4.70058E-1 4.8148E-1 4.54183E-1 3.57589E-1 4.51306E-1 4.16422E-1 3.37546E-1 3.19843E-1 2.888E-1 2.77421E-1 3.52932E-1 3.80298E-1 3.74542E-1 3.39232E-1 2.74828E-1 3.83403E-1 4.27779E-1 4.65929E-1 5.22098E-1 5.30592E-1 5.34719E-1 4.96548E-1 4.93014E-1 4.81718E-1 4.63818E-1 4.14439E-1 3.47743E-1 3.34427E-1 3.19099E-1 3.17546E-1 3.27098E-1 1.75832E-1
-9999 -9999 -9999 -9999 -9999 -9999 3.97459E-2 1.99659E-1 2.53008E-1 3.52985E-1 4.3186E-1 4.66299E-1 5.03393E-1 5.15608E-1 5.02661E-1 4.68284E-1 4.73781E-1 5.14161E-1 3.91239E-1 3.56612E-1 3.23407E-1 2.75978E-1 2.52699E-1 2.33293E-1 2.72692E-1 3.0131E-1 3.63137E-1 3.80305E-1 4.30834E-1 4.88937E-1 4.63638E-1 3.80727E-1 4.61074E-1 3.99208E-1 3.37854E-1 3.43079E-1 3.08014E-1 2.9646E-1 3.38035E-1 3.37327E-1 3.64834E-1 3.08562E-1 3.96024E-1 4.19853E-1 4.79496E-1 5.19296E-1 5.26407E-1 4.97725E-1 4.08511E-1 4.81102E-1 4.93906E-1 4.56089E-1 4.75075E-1 4.46934E-1 3.19301E-1 3.1621E-1 2.73484E-1 2.71267E-1 3.3883E-1 3.00793E-1
-9999 -9999 -9999 -9999 -9999 -9999 -9999 2.53858E-1 3.29695E-1 4.1517E-1 4.53039E-1 4.96495E-1 5.21627E-1 5.31719E-1 5.34293E-1 5.07994E-1 5.32973E-1 5.0388E-1 4.27613E-1 4.14286E-1 3.82373E-1 3.18865E-1 2.20759E-1 1.5051E-1 1.96355E-1 2.36452E-1 3.2709E-1 3.64038E-1 4.3414E-1 4.81427E-1 4.77094E-1 4.08743E-1 4.57622E-1 4.05585E-1 3.82085E-1 3.87875E-1 2.94814E-1 3.24191E-1 3.44085E-1 3.49511E-1 3.61914E-1 4.00057E-1 4.22108E-1 4.38511E-1 4.88589E-1 4.58038E-1 4.69206E-1 5.31114E-1 5.09075E-1 4.72132E-1 4.79677E-1 4.72315E-1 4.72443E-1 1.99714E-1 3.43451E-1 2.90047E-1 2.95703E-1 2.93089E-1 3.55754E-1 3.16237E-1
-9999 -9999 -9999 -9999 -9999 -9999 -9999 2.33733E-1 4.1877E-1 4.5793E-1 4.82626E-1 5.0943E-1 5.44137E-1 5.59479E-1 4.55769E-1 4.74401E-1 5.11715E-1 4.92313E-1 4.55556E-1 4.68445E-1 4.2257E-1 3.38703E-1 2.32837E-1 1.67486E-1 1.63734E-1 1.98593E-1 2.76895E-1 3.62438E-1 4.30825E-1 4.65571E-1 4.38303E-1 4.18823E-1 4.34518E-1 4.25564E-1 4.27236E-1 2.78621E-1 3.20981E-1 3.69161E-1 3.70257E-1 2.43331E-1 4.33097E-1 4.47105E-1 4.39938E-1 4.45966E-1 4.90629E-1 5.21374E-1 5.34839E-1 5.18065E-1 4.80249E-1 4.5262E-1 4.24355E-1 4.08198E-1 3.93571E-1 4.21512E-1 3.2589E-1 3.58836E-1 3.47484E-1 3.46073E-1 4.50362E-1 4.97339E-1
-9999 -9999 -9999 -9999 -9999 -9999 -9999 -9999 2.08424E-1 4.23639E-1 3.21622E-1 3.35966E-1 3.83719E-1 4.30792E-1 4.78802E-1 6.3858E-1 5.97006E-1 4.67852E-1 5.71695E-1 5.60236E-1 4.09622E-1 3.27068E-1 2.42497E-1 1.84035E-1 2.08007E-1 2.43579E-1 3.15171E-1 3.74147E-1 4.45968E-1 4.95524E-1 5.45471E-1 5.57504E-1 5.09462E-1 5.41939E-1 4.17213E-1 3.59967E-1 4.01703E-1 4.28323E-1 3.29756E-1 4.53987E-1 5.049E-1 4.87709E-1 4.40537E-1 4.48169E-1 4.61437E-1 4.25248E-1 4.93222E-1 4.35972E-1 4.11534E-1 4.09619E-1 4.25752E-1 4.05894E-1 4.12953E-1 4.57568E-1 2.4532E-1 5.30611E-1 4.54716E-1 4.64421E-1 4.70603E-1 5.24237E-1
-9999 -9999 -9999 -9999 -9999 -9999 -9999 -9999 2.58022E-1 3.30226E-1 2.3015E-1 2.91117E-1 3.6907E-1 4.22E-1 5.04975E-1 6.43434E-1 5.85303E-1 5.9063E-1 6.08319E-1 5.36267E-1 4.06723E-1 3.33564E-1 2.48815E-1 2.27417E-1 2.74892E-1 3.06669E-1 3.5907E-1 4.18972E-1 4.78463E-1 5.25429E-1 5.64141E-1 5.63149E-1 5.29936E-1 4.6594E-1 3.40354E-1 4.12681E-1 4.08737E-1 4.50246E-1 4.17494E-1 4.95565E-1 5.01707E-1 4.65399E-1 4.18056E-1 3.55788E-1 4.02611E-1 3.81173E-1 4.53583E-1 4.42445E-1 3.84709E-1 3.69864E-1 3.80931E-1 3.98974E-1 4.6962E-1 4.84344E-1 5.85838E-1 5.97606E-1 5.09475E-1 2.87583E-1 5.53078E-1 4.38665E-1
-9999 -9999 -9999 -9999 -9999 -9999 -9999 -9999 1.02811E-1 2.28033E-1 2.17304E-1 2.8391E-1 3.48192E-1 4.05658E-1 4.83902E-1 6.08314E-1 5.75875E-1 6.18259E-1 5.72984E-1 4.98311E-1 3.76332E-1 3.29987E-1 2.47573E-1 2.85715E-1 3.40224E-1 3.73105E-1 4.22308E-1 4.6311E-1 5.16695E-1 5.60328E-1 5.6864E-1 5.0842E-1 5.64418E-1 4.10368E-1 3.76775E-1 4.41196E-1 4.63672E-1 4.58747E-1 4.91996E-1 4.84706E-1 4.99434E-1 4.41016E-1 3.56763E-1 3.06858E-1 3.4534E-1 3.28313E-1 3.67698E-1 3.74155E-1 3.85254E-1 3.80222E-1 4.12736E-1 4.38404E-1 5.47943E-1 5.58768E-1 5.99904E-1 4.08105E-1 4.71835E-1 4.8348E-1 4.09742E-1 3.19554E-1
-9999 -9999 -9999 -9999 -9999 -9999 -9999 -9999 -9999 2.14826E-1 2.1005E-1 2.55858E-1 3.38585E-1 3.88427E-1 4.32963E-1 5.65836E-1 5.76425E-1 5.87122E-1 5.19871E-1 4.70893E-1 3.5591E-1 3.08193E-1 2.69498E-1 3.3452E-1 3.96127E-1 4.33906E-1 4.72572E-1 4.97924E-1 5.15653E-1 5.55684E-1 5.10978E-1 5.02769E-1 5.22094E-1 4.44152E-1 4.12056E-1 4.8722E-1 5.27318E-1 4.89458E-1 4.62928E-1 4.73586E-1 4.87767E-1 3.84077E-1 3.13948E-1 2.45803E-1 2.70595E-1 2.63039E-1 2.81123E-1 2.95366E-1 3.19949E-1 3.99563E-1 4.98983E-1 5.52874E-1 5.79034E-1 6.19443E-1 5.93341E-1 4.6874E-1 4.55767E-1 3.69086E-1 2.82575E-1 3.78012E-1
-9999 -9999 -9999 -9999 -9999 -9999 -9999 -9999 -9999 2.92741E-1 2.71931E-1 3.50032E-1 4.20459E-1 4.45644E-1 4.68342E-1 5.98841E-1 5.78656E-1 5.79153E-1 5.19613E-1 4.76995E-1 3.94454E-1 3.48468E-1 3.06744E-1 3.64179E-1 4.30373E-1 4.68843E-1 5.02931E-1 5.11812E-1 5.09946E-1 4.6617E-1 5.30138E-1 2.92286E-1 5.07577E-1 5.3673E-1 5.15502E-1 4.84376E-1 4.38164E-1 4.12259E-1 4.45374E-1 4.43615E-1 4.5425E-1 3.52065E-1 2.89104E-1 2.35818E-1 2.64099E-1 2.60987E-1 2.73381E-1 2.6167E-1 2.86422E-1 4.3335E-1 5.36497E-1 5.86014E-1 6.19081E-1 6.26543E-1 5.25698E-1 3.93939E-1 3.28584E-1 3.06084E-1 4.7679E-1 5.28207E-1
-9999 -9999 -9999 -9999 -9999 -9999 -9999 -9999 -9999 3.1873E-1 3.53483E-1 3.85025E-1 4.47647E-1 5.01361E-1 5.35179E-1 6.46597E-1 6.07838E-1 6.40843E-1 5.79081E-1 5.53425E-1 4.6323E-1 3.8354E-1 3.36935E-1 4.06064E-1 4.68406E-1 5.23771E-1 5.49481E-1 4.27952E-1 5.34174E-1 5.73521E-1 5.00456E-1 4.83975E-1 4.294E-1 4.18035E-1 4.74463E-1 4.93275E-1 3.5438E-1 3.62358E-1 4.04487E-1 4.0549E-1 3.6436E-1 3.12226E-1 2.79648E-1 2.76059E-1 3.36957E-1 3.82645E-1 3.90926E-1 3.90152E-1 3.6479E-1 4.17449E-1 4.81112E-1 5.48956E-1 6.34305E-1 5.90509E-1 3.70407E-1 5.17302E-1 4.32814E-1 3.75411E-1 5.08627E-1 5.70673E-1
