Phytophthora/models/20240501_1542_27/Phytophthora_PA3_RUN4_MAXENT_outputs/Phytophthora_PA3_RUN4.asc
ncols         225
nrows         269
xllcorner     473000.0
yllcorner     4429100.0
cellsize      50.0
NODATA_value  -9999
[rows 108 to 134 of 269, columns 0 to 59 of 225]
-9999 -9999 -9999 -9999 -9999 -9999 -9999 -9999 -9999 -9999 -9999 7.45671E-2 6.25775E-2 8.57452E-2 9.16375E-2 8.56043E-2 7.99816E-2 6.70714E-2 6.35886E-2 7.61876E-2 1.03019E-1 1.31309E-1 1.27909E-1 1.08943E-1 6.91749E-2 5.84223E-2 5.91731E-2 5.53629E-2 5.85162E-2 6.15975E-2 6.74849E-2 5.80774E-2 5.26508E-2 4.77532E-2 5.2847E-2 5.6254E-2 6.38103E-2 5.95901E-2 3.47682E-2 5.44848E-2 3.99528E-2 4.21728E-2 4.65693E-2 5.32257E-2 5.95736E-2 5.54911E-2 4.70565E-2 4.43796E-2 4.86043E-2 6.30659E-2 5.94088E-2 5.87931E-2 5.6541E-2 6.78656E-2 4.95152E-2 4.24816E-2 4.15581E-2 6.89282E-2 8.54727E-2 8.9403E-2
-9999 -9999 -9999 -9999 -9999 -9999 -9999 -9999 -9999 -9999 7.57605E-2 7.78656E-2 6.63105E-2 9.31534E-2 9.87499E-2 7.82293E-2 6.83426E-2 5.92011E-2 7.32788E-2 8.70194E-2 1.11085E-1 1.293E-1 4.80557E-2 1.05445E-1 7.64518E-2 6.09309E-2 5.83613E-2 5.60809E-2 5.78388E-2 5.09363E-2 5.07231E-2 5.28024E-2 5.56754E-2 5.72191E-2 6.05814E-2 6.2371E-2 6.4609E-2 5.36591E-2 3.41637E-2 3.30866E-2 3.30191E-2 3.65409E-2 4.46251E-2 5.08472E-2 6.51914E-2 7.79609E-2 7.08674E-2 5.61795E-2 1.92181E-2 6.65479E-2 5.60218E-2 6.501E-2 7.80192E-2 7.73559E-2 5.05613E-2 5.16312E-2 4.60379E-2 8.64227E-2 8.91097E-2 7.0705E-2
-9999 -9999 -9999 -9999 -9999 -9999 -9999 -9999 -9999 -9999 8.97116E-2 8.8355E-2 8.72332E-2 1.10921E-1 1.05174E-1 7.90698E-2 6.30634E-2 7.04122E-2 8.38368E-2 9.56895E-2 1.27326E-1 8.73459E-2 1.16197E-1 9.42908E-2 8.29829E-2 6.67081E-2 6.10603E-2 5.28588E-2 4.74367E-2 4.16322E-2 5.34365E-2 5.87095E-2 6.38683E-2 6.32858E-2 6.55062E-2 6.572E-2 5.95517E-2 6.04485E-2 6.1405E-2 5.94377E-2 2.38461E-2 3.59709E-2 2.21345E-2 2.93572E-2 5.44431E-2 7.55065E-2 8.61103E-2 6.71324E-2 6.17788E-2 7.42459E-2 5.29254E-2 6.22913E-2 9.03489E-2 8.44133E-2 5.94635E-2 7.26473E-2 7.19179E-2 8.89254E-2 7.00913E-2 6.27137E-2
-9999 -9999 -9999 -9999 -9999 -9999 -9999 -9999 -9999 1.46768E-1 1.91526E-1 1.87325E-1 1.47064E-1 2.14379E-1 1.9414E-1 1.31071E-1 1.25993E-1 1.42819E-1 1.59528E-1 1.62851E-1 1.81838E-1 1.88965E-1 1.55677E-1 1.39872E-1 1.26026E-1 1.05353E-1 9.26622E-2 9.3762E-2 9.36218E-2 9.04977E-2 1.42406E-1 1.50756E-1 1.50539E-1 1.46238E-1 1.49721E-1 1.08379E-1 1.48287E-1 1.42662E-1 1.4189E-1 1.32897E-1 5.31108E-2 4.50715E-2 7.63448E-2 8.61265E-2 5.13999E-2 7.30772E-2 1.22496E-1 1.16961E-1 1.07306E-1 1.23686E-1 1.0256E-1 8.01903E-2 1.30065E-1 1.2741E-1 8.985E-2 7.42244E-2 6.66904E-2 4.94603E-2 4.69424E-2 4.98835E-2
-9999 -9999 -9999 -9999 -9999 -9999 -9999 -9999 1.09078E-1 1.45486E-1 1.82234E-1 1.49776E-1 2.2376E-1 2.0853E-1 1.83649E-1 1.17326E-1 1.3268E-1 1.75517E-1 1.81915E-1 2.0716E-1 1.90084E-1 1.62206E-1 1.42299E-1 1.39399E-1 1.25687E-1 1.08798E-1 1.02176E-1 1.02073E-1 1.09238E-1 1.10801E-1 1.58586E-1 1.60483E-1 1.53069E-1 1.01707E-1 1.63263E-1 1.68841E-1 1.55181E-1 1.40634E-1 1.39403E-1 1.40851E-1 8.06767E-2 5.71816E-2 7.60887E-2 9.1382E-2 9.68402E-2 8.69773E-2 1.05037E-1 1.11264E-1 1.07765E-1 1.20447E-1 1.12436E-1 1.08652E-1 1.25342E-1 1.30847E-1 1.05081E-1 8.54396E-2 6.13733E-2 4.73889E-2 5.09371E-2 5.81344E-2
-9999 -9999 -9999 -9999 -9999 -9999 -9999 -9999 1.22985E-1 1.42223E-1 1.86758E-1 1.84781E-1 2.34925E-1 2.08976E-1 1.72712E-1 1.25895E-1 1.45651E-1 1.85037E-1 1.93252E-1 1.17304E-1 1.726E-1 1.31037E-1 1.32592E-1 1.31694E-1 1.3016E-1 1.16545E-1 1.13018E-1 1.13409E-1 1.16525E-1 1.17223E-1 1.72478E-1 1.56756E-1 1.49683E-1 1.36271E-1 1.74142E-1 1.77824E-1 1.57843E-1 1.45924E-1 1.47023E-1 1.42606E-1 8.97839E-2 8.66322E-2 8.99701E-2 7.51072E-2 9.06215E-2 8.89732E-2 9.583E-2 1.08529E-1 1.23568E-1 1.21599E-1 1.26385E-1 1.02318E-1 1.33966E-1 1.32671E-1 1.22427E-1 9.02541E-2 5.36753E-2 5.36311E-2 5.50763E-2 6.12661E-2
-9999 -9999 -9999 -9999 -9999 -9999 -9999 -9999 1.34835E-1 1.45877E-1 1.17078E-1 2.18055E-1 2.2669E-1 1.90926E-1 1.64706E-1 1.31328E-1 1.50724E-1 1.87386E-1 8.9696E-2 1.58694E-1 1.37239E-1 1.2941E-1 1.29952E-1 1.30275E-1 1.05514E-1 9.54832E-2 1.09683E-1 7.65552E-2 7.64715E-2 9.53601E-2 1.72149E-1 1.47474E-1 9.83474E-2 1.34021E-1 1.6259E-1 1.67096E-1 1.4214E-1 1.29488E-1 1.43498E-1 1.5115E-1 9.75582E-2 9.36308E-2 9.58875E-2 9.84532E-2 1.03242E-1 6.64399E-2 8.58119E-2 9.94107E-2 1.30843E-1 6.05927E-2 1.33755E-1 1.36161E-1 1.14093E-1 1.34399E-1 1.26335E-1 7.62879E-2 6.00275E-2 5.67985E-2 5.66956E-2 6.57262E-2
-9999 -9999 -9999 -9999 -9999 -9999 -9999 1.3745E-1 1.38199E-1 1.47497E-1 1.90423E-1 2.24581E-1 2.15244E-1 1.746E-1 1.61028E-1 1.56096E-1 1.71569E-1 5.92228E-2 1.20177E-1 1.22362E-1 1.16703E-1 1.21331E-1 1.27247E-1 7.88629E-2 1.40145E-1 1.265E-1 1.33794E-1 1.2113E-1 1.17559E-1 1.14889E-1 1.61451E-1 1.55531E-1 1.52956E-1 1.61146E-1 1.96828E-1 1.98866E-1 1.70555E-1 1.55629E-1 1.07991E-1 1.01349E-1 6.81662E-2 8.50292E-2 9.78164E-2 1.05209E-1 1.10508E-1 9.12816E-2 9.46243E-2 8.6813E-2 1.3238E-1 1.26772E-1 1.28388E-1 1.3719E-1 9.22103E-2 1.34673E-1 1.31654E-1 7.9172E-2 6.33848E-2 6.15779E-2 6.82224E-2 7.69316E-2
-9999 -9999 -9999 -9999 -9999 -9999 1.06425E-1 9.46867E-2 8.68604E-2 6.94611E-2 1.391E-1 1.49963E-1 1.38704E-1 1.06136E-1 1.12345E-1 1.84721E-1 1.39225E-1 1.41597E-1 1.14741E-1 1.2355E-1 1.37488E-1 1.42545E-1 1.23595E-1 1.6703E-1 1.52999E-1 1.36416E-1 1.3638E-1 1.26996E-1 1.202E-1 1.18988E-1 1.60684E-1 1.44884E-1 1.39488E-1 1.62866E-1 1.75094E-1 1.64608E-1 1.35219E-1 1.26904E-1 1.20167E-1 1.4938E-1 1.6276E-1 1.50683E-1 1.38527E-1 1.45949E-1 1.53173E-1 1.7468E-1 1.81908E-1 1.90296E-1 2.42466E-1 2.47639E-1 2.36817E-1 2.40994E-1 2.1827E-1 2.22123E-1 2.17114E-1 1.67829E-1 1.40357E-1 1.29178E-1 1.25756E-1 1.1776E-1
-9999 -9999 -9999 -9999 -9999 -9999 -9999 1.2876E-1 1.24551E-1 1.37498E-1 1.57901E-1 1.44447E-1 1.23096E-1 1.1009E-1 1.16383E-1 1.4723E-1 1.48578E-1 1.18172E-1 1.05763E-1 8.28009E-2 9.55204E-2 1.12153E-1 1.62658E-1 1.6547E-1 1.57782E-1 1.2349E-1 1.38702E-1 1.26217E-1 1.18295E-1 1.13242E-1 1.51995E-1 1.37405E-1 1.35698E-1 1.61247E-1 1.57385E-1 1.40184E-1 1.18104E-1 1.14541E-1 1.23931E-1 1.46649E-1 1.63306E-1 1.55841E-1 1.59598E-1 1.53635E-1 1.47789E-1 1.45498E-1 1.22472E-1 1.57218E-1 7.59644E-2 1.88179E-1 2.35945E-1 2.35411E-1 2.35868E-1 1.9055E-1 2.07705E-1 1.55987E-1 1.25551E-1 1.0255E-1 1.00661E-1 1.00878E-1
-9999 -9999 -9999 -9999 -9999 -9999 -9999 -9999 1.65925E-1 1.66178E-1 1.66376E-1 1.26972E-1 1.12508E-1 1.12082E-1 1.14906E-1 1.24703E-1 9.99925E-2 9.8957E-2 1.03388E-1 1.15662E-1 1.32149E-1 1.5129E-1 1.62685E-1 1.51762E-1 1.4706E-1 1.00006E-1 1.16373E-1 1.14483E-1 1.09646E-1 1.0671E-1 1.59483E-1 1.3938E-1 1.56902E-1 1.45693E-1 1.28872E-1 9.74061E-2 1.08939E-1 1.23978E-1 1.37411E-1 1.54992E-1 1.73379E-1 1.56655E-1 1.00842E-1 1.95341E-1 1.86658E-1 1.69706E-1 1.75104E-1 2.38922E-1 1.60887E-1 2.26894E-1 2.00596E-1 1.46126E-1 1.66992E-1 1.1777E-1 1.38706E-1 1.18775E-1 1.04164E-1 1.04771E-1 1.15673E-1 1.38674E-1
-9999 -9999 -9999 -9999 -9999 -9999 -9999 -9999 -9999 1.73779E-1 1.5769E-1 1.28257E-1 1.34335E-1 1.56829E-1 1.62119E-1 9.10467E-2 1.06408E-1 1.23224E-1 1.35318E-1 1.4147E-1 1.43034E-1 1.58791E-1 1.45023E-1 1.29924E-1 1.26371E-1 9.27758E-2 9.80137E-2 9.26284E-2 9.42531E-2 9.85781E-2 1.68259E-1 1.47681E-1 1.30439E-1 1.36157E-1 1.18574E-1 1.03107E-1 1.13056E-1 1.32879E-1 1.44947E-1 1.08756E-1 1.5895E-1 1.59509E-1 1.77779E-1 2.02118E-1 1.87672E-1 1.64893E-1 1.66474E-1 2.33239E-1 2.23084E-1 2.10452E-1 1.81491E-1 1.41821E-1 9.65647E-2 9.41311E-2 7.83045E-2 6.15637E-2 4.16869E-2 8.26059E-2 7.98489E-2 1.21669E-1
-9999 -9999 -9999 -9999 -9999 -9999 -9999 -9999 -9999 -9999 1.65939E-1 1.4608E-1 1.40926E-1 1.14877E-1 1.19653E-1 9.38897E-2 9.79301E-2 1.15398E-1 1.22248E-1 1.33274E-1 1.43027E-1 1.40788E-1 1.09911E-1 1.03029E-1 1.00114E-1 8.83902E-2 1.05751E-1 9.01736E-2 7.38703E-2 8.60072E-2 1.28347E-1 1.31328E-1 1.4307E-1 1.26054E-1 1.24905E-1 1.28073E-1 1.27216E-1 1.5075E-1 1.52497E-1 1.23903E-1 1.89408E-1 1.61043E-1 1.85787E-1 1.96427E-1 1.65325E-1 1.53046E-1 1.97402E-1 1.82723E-1 1.74014E-1 1.55553E-1 1.10582E-1 1.03331E-1 9.31484E-2 8.6935E-2 7.97027E-2 8.68299E-2 9.80263E-2 1.12171E-1 1.45682E-1 1.37488E-1
-9999 -9999 -9999 -9999 -9999 -9999 -9999 -9999 -9999 -9999 -9999 1.36889E-1 2.11603E-1 2.73934E-1 1.44134E-1 8.5027E-2 6.20106E-2 7.16158E-2 7.79257E-2 9.34991E-2 1.48065E-1 1.35796E-1 1.14344E-1 1.08073E-1 1.34675E-1 1.86702E-1 2.25224E-1 1.9472E-1 1.54882E-1 1.13774E-1 1.1226E-1 1.17602E-1 1.19924E-1 1.13194E-1 1.33507E-1 1.56959E-1 1.44199E-1 1.68223E-1 1.69842E-1 2.28716E-1 2.06933E-1 1.77404E-1 2.15215E-1 2.11863E-1 1.55146E-1 1.39594E-1 8.14364E-2 1.29144E-1 8.823E-2 8.10285E-2 8.46216E-2 9.56543E-2 9.07924E-2 8.06709E-2 6.04212E-2 1.16479E-1 1.13776E-1 1.50024E-1 1.69934E-1 1.81587E-1
-9999 -9999 -9999 -9999 -9999 -9999 -9999 -9999 -9999 -9999 -9999 -9999 9.39812E-2 2.3863E-1 1.80626E-1 9.88859E-2 6.65007E-2 7.33253E-2 7.68594E-2 9.14813E-2 1.4553E-1 1.45995E-1 1.31816E-1 1.34701E-1 1.56546E-1 2.1941E-1 2.72391E-1 2.3196E-1 1.94476E-1 1.20953E-1 1.05341E-1 1.02336E-1 1.03881E-1 1.22523E-1 1.24009E-1 1.65468E-1 1.55402E-1 1.85427E-1 1.62231E-1 2.27885E-1 1.87667E-1 1.61353E-1 1.91265E-1 1.81895E-1 5.66915E-2 7.59909E-2 1.22001E-1 7.90431E-2 7.42102E-2 9.54453E-2 1.15353E-1 1.23993E-1 1.21976E-1 1.09445E-1 1.19304E-1 1.07165E-1 1.48007E-1 1.68296E-1 1.79117E-1 2.04018E-1
-9999 -9999 -9999 -9999 -9999 -9999 -9999 -9999 -9999 -9999 -9999 -9999 2.66853E-1 1.04699E-1 1.81646E-1 8.25512E-2 6.18082E-2 6.87337E-2 7.67977E-2 9.41235E-2 1.17362E-1 1.57189E-1 1.54258E-1 1.5925E-1 1.75686E-1 2.21281E-1 2.35329E-1 2.51708E-1 2.13994E-1 1.20826E-1 8.36273E-2 8.8224E-2 9.96882E-2 1.14322E-1 1.17507E-1 1.1213E-1 1.66937E-1 2.12039E-1 1.99937E-1 2.07411E-1 1.76244E-1 1.50014E-1 1.81382E-1 1.45798E-1 1.20268E-1 9.48037E-2 8.84404E-2 6.43012E-2 8.5732E-2 1.12578E-1 1.38541E-1 1.43756E-1 1.41927E-1 8.50127E-2 1.18294E-1 1.56911E-1 1.66197E-1 1.8443E-1 1.8796E-1 2.44316E-1
-9999 -9999 -9999 -9999 -9999 -9999 -9999 -9999 -9999 -9999 -9999 -9999 -9999 1.8759E-1 1.34E-1 6.76592E-2 5.53583E-2 7.33841E-2 9.30266E-2 1.09228E-1 1.14359E-1 1.65262E-1 1.54198E-1 1.40749E-1 1.63511E-1 2.34423E-1 3.27642E-1 2.6318E-1 2.15412E-1 7.65854E-2 5.83396E-2 6.73917E-2 7.69356E-2 9.11319E-2 1.27064E-1 1.7602E-1 1.10028E-1 1.20331E-1 2.43423E-1 1.89234E-1 1.64191E-1 1.55733E-1 1.70937E-1 7.46253E-2 7.80067E-2 6.36785E-2 4.5875E-2 5.85877E-2 8.62944E-2 1.23615E-1 1.55799E-1 1.57168E-1 1.52327E-1 1.22906E-1 1.45707E-1 1.60591E-1 1.72671E-1 1.73379E-1 2.00265E-1 2.46786E-1
-9999 -9999 -9999 -9999 -9999 -9999 -9999 -9999 -9999 -9999 -9999 -9999 -9999 -9999 1.06433E-1 5.83731E-2 5.63635E-2 8.44704E-2 9.69418E-2 1.14002E-1 1.54639E-1 1.66808E-1 1.98867E-1 1.90575E-1 1.43442E-1 2.54979E-1 3.30139E-1 2.34339E-1 1.4387E-1 7.96055E-2 4.83514E-2 5.6752E-2 7.53437E-2 1.03406E-1 1.34384E-1 1.83985E-1 1.87016E-1 2.45987E-1 2.48203E-1 1.71635E-1 1.57836E-1 1.5787E-1 1.02128E-1 8.58091E-2 5.82722E-2 2.8136E-2 4.21682E-2 7.21867E-2 1.0034E-1 1.29518E-1 1.63446E-1 1.68745E-1 1.47836E-1 1.41559E-1 1.58211E-1 1.60036E-1 1.63793E-1 1.60991E-1 1.96524E-1 2.18027E-1
-9999 -9999 -9999 -9999 -9999 -9999 -9999 -9999 -9999 -9999 -9999 -9999 -9999 -9999 8.70051E-2 8.20415E-2 7.82212E-2 1.14258E-1 1.20605E-1 1.58688E-1 2.6457E-1 2.87884E-1 2.16964E-1 2.76433E-1 3.05378E-1 1.93822E-1 1.49453E-1 1.19915E-1 8.62039E-2 4.94406E-2 3.31035E-2 4.61466E-2 7.2751E-2 8.97138E-2 1.09794E-1 1.72171E-1 1.81079E-1 2.33532E-1 2.28083E-1 1.42872E-1 9.91372E-2 1.19331E-1 5.87494E-2 4.49853E-2 2.83086E-2 2.60545E-2 3.71886E-2 6.10546E-2 8.59789E-2 1.04644E-1 1.44596E-1 1.42339E-1 1.31424E-1 1.30102E-1 1.42181E-1 1.29354E-1 1.22719E-1 1.05379E-1 1.46285E-1 1.81812E-1
-9999 -9999 -9999 -9999 -9999 -9999 -9999 -9999 -9999 -9999 -9999 -9999 -9999 -9999 9.42862E-2 9.02016E-2 8.86544E-2 1.19245E-1 1.24152E-1 1.67996E-1 2.86834E-1 2.29319E-1 3.26743E-1 3.81433E-1 1.22272E-1 5.18921E-2 1.60728E-1 1.13198E-1 8.24573E-2 5.55321E-2 4.14534E-2 6.04644E-2 6.94579E-2 8.2442E-2 1.07812E-1 1.5445E-1 1.66065E-1 2.11534E-1 2.03321E-1 9.77619E-2 1.40451E-1 7.35208E-2 4.46662E-2 3.35435E-2 2.46237E-2 3.5174E-2 5.67793E-2 8.52266E-2 9.19704E-2 1.1919E-1 1.51922E-1 1.46588E-1 9.31642E-2 1.54924E-1 1.47448E-1 1.2888E-1 1.23025E-1 1.09194E-1 1.54156E-1 1.27382E-1
-9999 -9999 -9999 -9999 -9999 -9999 -9999 -9999 -9999 -9999 -9999 -9999 -9999 -9999 9.38305E-2 1.03659E-1 1.1309E-1 1.31308E-1 1.40686E-1 1.79518E-1 2.29094E-1 3.06025E-1 1.0718E-1 3.27784E-1 2.91945E-1 1.73477E-1 1.24326E-1 9.6585E-2 7.32595E-2 5.14123E-2 4.37772E-2 5.17107E-2 6.03602E-2 7.40487E-2 8.54685E-2 1.29158E-1 1.44236E-1 1.80397E-1 1.7099E-1 1.36544E-1 6.19548E-2 4.55554E-2 3.44595E-2 2.71721E-2 3.37334E-2 4.9163E-2 8.33665E-2 1.00582E-1 1.13415E-1 1.32339E-1 1.54405E-1 1.43095E-1 8.50992E-2 1.62209E-1 1.53684E-1 1.28095E-1 1.05844E-1 9.12095E-2 1.13502E-1 4.08044E-2
-9999 -9999 -9999 -9999 -9999 -9999 -9999 -9999 -9999 -9999 -9999 -9999 -9999 1.59002E-1 1.29928E-1 1.48218E-1 1.34553E-1 1.49721E-1 1.6187E-1 1.763E-1 2.66675E-1 1.78281E-1 1.84708E-1 1.92178E-1 1.7283E-1 1.07861E-1 1.07256E-1 1.40082E-1 9.49093E-2 7.77233E-2 6.34727E-2 6.57407E-2 4.92533E-2 5.41118E-2 6.03738E-2 9.97376E-2 1.21834E-1 4.73377E-2 1.13617E-1 6.54136E-2 5.15537E-2 5.33872E-2 5.47842E-2 4.5292E-2 4.76043E-2 6.05281E-2 9.01771E-2 1.14056E-1 1.30785E-1 1.5231E-1 1.5422E-1 1.30408E-1 1.56661E-1 1.69145E-1 1.52903E-1 1.31782E-1 1.09832E-1 9.38603E-2 9.55146E-2 -9999
-9999 -9999 -9999 -9999 -9999 -9999 -9999 -9999 -9999 -9999 -9999 -9999 1.66641E-1 7.22366E-2 9.88014E-2 9.72191E-2 1.63892E-1 1.91342E-1 1.28249E-1 1.10209E-1 1.42083E-1 1.67691E-1 1.66751E-1 1.00187E-1 1.14675E-1 1.35129E-1 2.13373E-1 9.17684E-2 1.52786E-1 1.20707E-1 1.02883E-1 9.40767E-2 7.36028E-2 5.59811E-2 4.52259E-2 6.73504E-2 8.14261E-2 3.64373E-2 8.3479E-2 6.92724E-2 7.04089E-2 8.18796E-2 9.05853E-2 7.46381E-2 6.47044E-2 6.94637E-2 9.30773E-2 1.1544E-1 1.43518E-1 1.57254E-1 1.47763E-1 1.16219E-1 1.73926E-1 1.66037E-1 1.41614E-1 1.20234E-1 9.98041E-2 8.68005E-2 8.9559E-2 7.53257E-2
-9999 -9999 -9999 -9999 -9999 -9999 -9999 -9999 -9999 -9999 -9999 1.24559E-1 2.50306E-1 1.1553E-1 1.20642E-1 1.08039E-1 1.97434E-1 1.49016E-1 1.55367E-1 1.31258E-1 1.55E-1 2.54876E-1 2.05923E-1 2.08199E-1 1.69375E-1 2.85819E-1 1.61399E-1 1.38544E-1 1.89141E-1 2.74232E-1 7.71475E-2 2.02565E-1 1.46102E-1 1.27317E-1 9.35377E-2 7.362E-2 1.14474E-1 1.4084E-1 1.08112E-1 1.12192E-1 1.33671E-1 1.30833E-1 1.43927E-1 1.00297E-1 9.10393E-2 8.33001E-2 1.09939E-1 1.40211E-1 1.86835E-1 1.76436E-1 1.32037E-1 1.63466E-1 1.92965E-1 1.58503E-1 1.33444E-1 1.08149E-1 8.86525E-2 9.44883E-2 1.2436E-1 1.51673E-1
-9999 -9999 -9999 -9999 -9999 -9999 -9999 -9999 -9999 -9999 1.44503E-1 1.59754E-1 1.13379E-1 1.54948E-1 1.4038E-1 1.3262E-1 1.7368E-1 1.39575E-1 1.80586E-1 1.27454E-1 1.56153E-1 3.21864E-1 2.50433E-1 2.27672E-1 1.66775E-1 1.80291E-1 2.68732E-1 1.52329E-1 1.30441E-1 2.414E-1 2.21573E-1 1.8946E-1 1.8153E-1 1.62265E-1 1.20092E-1 1.00856E-1 9.21588E-2 1.75219E-1 1.57099E-1 1.53267E-1 1.90378E-1 1.74489E-1 1.64208E-1 1.24162E-1 1.05776E-1 9.8387E-2 1.19782E-1 1.53242E-1 1.96876E-1 1.73099E-1 1.4151E-1 1.82535E-1 2.03757E-1 1.60186E-1 1.25464E-1 9.55495E-2 7.52766E-2 8.78081E-2 1.01204E-1 1.82788E-1
-9999 -9999 -9999 -9999 -9999 -9999 -9999 -9999 -9999 -9999 2.42004E-1 1.27758E-1 1.42931E-1 1.10328E-1 1.46383E-1 1.50479E-1 1.02215E-1 9.7047E-2 8.73395E-2 9.77723E-2 1.9813E-1 2.17145E-1 1.82958E-1 2.10484E-1 2.14828E-1 8.71392E-2 1.01509E-1 1.55387E-1 1.45255E-1 1.12983E-1 2.1289E-1 2.46383E-1 7.58404E-2 1.22371E-1 1.32298E-1 1.22725E-1 1.99283E-1 2.0004E-1 1.89149E-1 2.08602E-1 2.01781E-1 2.04586E-1 1.68813E-1 1.50162E-1 1.13266E-1 1.20574E-1 1.31541E-1 1.90753E-1 1.85628E-1 1.61346E-1 8.83618E-2 2.10745E-1 1.83523E-1 1.54053E-1 1.10604E-1 9.76783E-2 7.83652E-2 8.99991E-2 1.29561E-1 1.81079E-1
-9999 -9999 -9999 -9999 -9999 -9999 -9999 -9999 -9999 5.33643E-3 2.21719E-1 1.33229E-1 1.01688E-1 1.61574E-1 1.02473E-1 1.63652E-1 1.69871E-1 1.34482E-1 1.16451E-1 1.02882E-1 2.62788E-1 2.92477E-1 2.96199E-1 2.97421E-1 2.55722E-1 1.9051E-1 1.91825E-1 1.19409E-1 9.844E-2 1.39391E-1 9.64294E-2 2.15201E-1 1.25935E-1 1.16614E-1 8.87604E-2 -9999 1.66653E-1 1.95474E-1 2.04839E-1 2.09906E-1 1.84536E-1 1.90944E-1 1.8169E-1 1.56763E-1 1.48086E-1 1.46412E-1 1.88658E-1 1.91608E-1 1.57134E-1 1.39123E-1 1.63671E-1 2.14899E-1 1.74729E-1 1.498E-1 1.17661E-1 1.08764E-1 9.07937E-2 8.67928E-2 5.80618E-2 1.76313E-1
