Phytophthora/models/20240501_1542_27/Phytophthora_PA3_RUN4_MAXENT_outputs/Phytophthora_PA3_RUN4.asc
ncols         225
nrows         269
xllcorner     473000.0
yllcorner     4429100.0
cellsize      50.0
NODATA_value  -9999
[rows 162 to 188 of 269, columns 120 to 179 of 225]
1.52309E-1 2.2048E-1 1.44524E-1 1.30054E-1 1.77677E-1 3.46943E-1 4.01152E-1 4.03329E-1 2.87195E-1 3.294E-1 2.86002E-1 4.77208E-1 4.80007E-1 4.76145E-1 4.49534E-1 5.09825E-1 5.56415E-1 5.45768E-1 5.14954E-1 4.81393E-1 4.07216E-1 3.86478E-1 4.02394E-1 3.66521E-1 4.07197E-1 1.94572E-1 2.64117E-1 3.48637E-1 4.02762E-1 3.19862E-1 1.87031E-1 1.31777E-1 8.20158E-2 7.19846E-2 9.08839E-2 1.56149E-1 1.70531E-1 1.63628E-1 1.72822E-1 2.44511E-1 3.04024E-1 3.74888E-1 4.11654E-1 4.32696E-1 4.27607E-1 2.89208E-1 3.31544E-1 3.46806E-1 3.02739E-1 2.84432E-1 3.56907E-1 3.4071E-1 4.78006E-1 4.19179E-1 3.86941E-1 2.58173E-1 3.49455E-1 3.75377E-1 3.27632E-1 2.62388E-1
2.69585E-1 2.46567E-1 2.09777E-1 2.14063E-1 1.45559E-1 3.42777E-1 3.95482E-1 4.12195E-1 4.34619E-1 4.73864E-1 4.5719E-1 4.07342E-1 4.78553E-1 4.77084E-1 4.44142E-1 4.66419E-1 5.67882E-1 5.79384E-1 1.22975E-1 4.39728E-1 3.78687E-1 2.39352E-1 4.50388E-1 2.05763E-1 1.63659E-1 1.80163E-1 2.60645E-1 2.91763E-1 3.19E-1 2.76066E-1 1.56186E-1 1.11471E-1 7.89968E-2 9.01264E-2 1.3802E-1 2.11514E-1 2.17101E-1 2.07117E-1 1.97825E-1 2.53269E-1 3.1081E-1 3.83398E-1 4.13222E-1 3.41393E-1 4.07609E-1 3.90186E-1 1.57177E-1 3.73466E-1 3.13029E-1 6.41457E-2 1.33346E-1 2.33626E-1 1.7311E-1 3.05749E-1 1.47382E-1 4.12846E-1 3.52519E-1 3.43121E-1 3.52413E-1 3.29001E-1
2.91319E-1 2.82046E-1 2.34487E-1 2.02818E-1 1.85904E-1 3.22911E-1 3.63178E-1 3.90236E-1 4.32312E-1 4.78628E-1 4.95645E-1 3.55387E-1 5.02969E-1 4.9385E-1 4.49613E-1 4.44991E-1 3.63085E-1 4.66179E-1 4.49879E-1 3.95596E-1 2.09977E-1 2.27883E-1 3.78659E-1 1.81043E-1 2.79543E-1 2.53065E-1 2.6938E-1 2.87585E-1 2.80442E-1 1.55086E-1 1.43154E-1 1.16961E-1 1.41608E-1 1.56962E-1 2.01104E-1 3.0094E-1 2.99104E-1 2.83162E-1 2.47915E-1 2.40251E-1 2.93729E-1 3.6492E-1 4.073E-1 4.24233E-1 4.38142E-1 1.20482E-1 1.971E-1 3.11695E-1 3.07436E-1 2.30771E-1 2.3959E-1 3.59816E-1 4.62013E-1 3.66172E-1 3.58717E-1 3.97014E-1 3.9075E-1 3.77574E-1 3.63774E-1 3.83326E-1
3.00584E-1 2.78396E-1 2.26241E-1 1.86348E-1 1.87098E-1 3.26415E-1 3.74704E-1 4.05309E-1 4.08954E-1 4.79185E-1 5.12155E-1 3.95129E-1 5.49758E-1 5.81136E-1 3.3217E-1 2.12416E-1 2.65547E-1 4.36208E-1 2.34288E-1 2.6813E-1 2.45263E-1 3.08153E-1 2.70323E-1 3.50101E-1 3.21026E-1 3.05343E-1 3.06737E-1 2.87682E-1 2.86295E-1 1.3927E-1 1.26319E-1 1.61381E-1 1.88408E-1 2.17158E-1 2.75229E-1 3.8653E-1 3.86696E-1 3.56199E-1 3.05252E-1 2.89575E-1 2.70711E-1 3.37418E-1 3.89176E-1 4.14049E-1 4.2467E-1 3.33765E-1 2.91443E-1 3.26299E-1 2.87343E-1 2.49051E-1 2.69202E-1 3.54705E-1 3.80058E-1 4.24776E-1 2.49238E-1 3.6012E-1 3.8887E-1 4.05551E-1 3.97779E-1 4.09592E-1
3.30284E-1 2.95057E-1 2.6424E-1 2.31769E-1 2.11041E-1 2.73751E-1 3.37499E-1 3.93154E-1 4.51169E-1 4.87705E-1 5.0416E-1 4.31579E-1 5.7125E-1 5.43171E-1 4.79018E-1 3.1367E-1 3.47696E-1 4.5108E-1 3.39998E-1 3.18812E-1 3.75522E-1 4.84731E-1 4.90163E-1 5.32216E-1 5.14171E-1 4.25769E-1 4.3605E-1 4.26244E-1 4.48515E-1 2.07766E-1 3.16433E-1 2.81314E-1 3.2653E-1 3.85538E-1 4.19094E-1 3.94224E-1 3.80536E-1 3.44734E-1 3.10884E-1 2.99657E-1 3.15095E-1 3.23586E-1 3.55696E-1 4.00544E-1 4.42151E-1 4.53835E-1 3.76742E-1 3.46442E-1 3.88781E-1 3.61396E-1 3.17441E-1 2.68601E-1 2.61334E-1 1.66739E-1 2.054E-1 3.1674E-1 3.42644E-1 4.54009E-1 4.76597E-1 4.68172E-1
1.94517E-1 2.74947E-1 2.05735E-1 2.13904E-1 1.9694E-1 2.44286E-1 3.11475E-1 3.72521E-1 4.48955E-1 5.08372E-1 5.26099E-1 4.11587E-1 5.21277E-1 4.08912E-1 3.97143E-1 3.892E-1 4.49115E-1 4.36034E-1 3.504E-1 3.77643E-1 4.57032E-1 4.46088E-1 4.40526E-1 4.70682E-1 5.21866E-1 4.64629E-1 4.54365E-1 4.42633E-1 4.62562E-1 4.53414E-1 3.26363E-1 3.21363E-1 3.85907E-1 4.62955E-1 4.59393E-1 4.23128E-1 3.8319E-1 3.58434E-1 3.27391E-1 3.24066E-1 3.71687E-1 3.75249E-1 3.64787E-1 3.77702E-1 1.64126E-1 4.95019E-1 4.59035E-1 3.45053E-1 2.031E-1 2.89899E-1 2.29728E-1 2.16316E-1 2.00396E-1 2.08844E-1 2.35329E-1 2.97831E-1 2.00077E-1 3.04465E-1 2.77329E-1 3.98324E-1
2.43684E-1 1.68652E-1 2.49724E-1 2.13067E-1 1.88968E-1 2.35846E-1 3.15969E-1 3.41861E-1 3.89036E-1 4.69903E-1 5.06346E-1 4.64554E-1 4.95861E-1 4.42295E-1 3.35262E-1 3.6732E-1 4.27284E-1 4.52125E-1 4.68906E-1 4.63143E-1 4.83001E-1 4.80513E-1 4.91171E-1 4.64678E-1 4.4892E-1 4.23177E-1 4.95484E-1 4.48794E-1 4.81462E-1 3.92382E-1 3.60646E-1 3.70093E-1 2.15013E-1 5.15192E-1 4.72439E-1 2.83598E-1 3.0223E-1 3.16684E-1 2.93462E-1 3.22582E-1 3.68937E-1 3.97495E-1 3.84117E-1 3.51332E-1 3.09026E-1 5.20484E-1 4.81877E-1 4.17715E-1 3.84985E-1 3.92834E-1 1.85916E-1 2.11602E-1 2.01718E-1 1.92486E-1 1.84333E-1 2.98145E-1 2.93238E-1 4.84166E-1 4.10957E-1 3.56763E-1
2.20759E-1 2.22411E-1 1.88501E-1 1.92461E-1 1.8493E-1 2.64737E-1 3.71301E-1 3.76648E-1 3.8227E-1 4.61234E-1 4.87215E-1 5.41331E-1 3.58799E-1 3.14972E-1 4.40609E-1 4.54406E-1 4.8774E-1 5.02056E-1 5.0086E-1 4.99246E-1 4.9077E-1 5.04657E-1 4.99676E-1 4.91411E-1 3.58046E-1 3.99749E-1 2.45208E-1 3.4577E-1 4.10014E-1 3.3376E-1 2.78879E-1 2.22662E-1 3.89453E-1 1.6566E-1 4.55691E-1 4.02928E-1 3.95241E-1 3.43203E-1 3.09512E-1 2.66241E-1 3.58271E-1 3.93448E-1 3.88533E-1 3.48779E-1 3.64396E-1 4.83415E-1 4.52424E-1 4.05682E-1 3.89614E-1 3.55344E-1 2.46199E-1 2.58264E-1 2.44634E-1 1.62695E-1 2.34592E-1 3.39793E-1 3.93816E-1 4.40944E-1 5.18953E-1 4.39671E-1
2.36664E-1 1.87883E-1 1.6361E-1 1.11883E-1 9.50884E-2 1.90602E-1 3.55265E-1 1.84757E-1 5.10161E-1 4.76568E-1 4.84444E-1 5.67529E-1 5.46429E-1 4.89745E-1 4.76187E-1 4.78189E-1 5.13879E-1 5.21465E-1 5.12787E-1 5.0876E-1 4.95043E-1 5.15542E-1 5.20212E-1 5.14961E-1 3.50386E-1 4.27558E-1 3.91601E-1 4.01248E-1 4.1332E-1 3.82792E-1 3.11787E-1 2.16458E-1 3.38721E-1 5.17234E-1 4.89433E-1 3.93054E-1 3.45981E-1 2.82668E-1 3.31184E-1 3.27198E-1 3.53694E-1 3.77172E-1 3.73103E-1 3.39604E-1 3.07407E-1 4.42633E-1 2.89348E-1 3.66956E-1 3.79287E-1 3.41032E-1 2.1368E-1 2.65412E-1 1.85153E-1 2.53382E-1 2.70604E-1 3.99911E-1 4.31781E-1 4.19994E-1 5.29102E-1 4.68186E-1
2.47404E-1 1.76087E-1 1.37378E-1 7.47194E-2 4.2482E-2 7.15788E-2 1.16882E-1 1.9613E-1 3.79279E-1 3.59806E-1 4.90197E-1 5.63249E-1 5.55841E-1 5.10566E-1 4.7331E-1 4.22514E-1 4.58033E-1 4.91382E-1 4.73694E-1 4.2421E-1 3.89763E-1 4.28889E-1 4.36637E-1 4.24849E-1 3.65751E-1 4.58134E-1 4.11766E-1 4.02466E-1 4.07964E-1 4.30766E-1 4.69906E-1 4.50743E-1 4.63774E-1 4.60161E-1 3.96795E-1 3.4515E-1 3.06335E-1 2.62298E-1 3.46156E-1 3.38544E-1 3.86841E-1 4.00278E-1 3.84483E-1 3.62038E-1 2.30466E-1 3.98156E-1 2.60057E-1 3.28746E-1 3.929E-1 3.53576E-1 2.89246E-1 2.60358E-1 2.86038E-1 3.0469E-1 3.24395E-1 3.86897E-1 3.65353E-1 4.24425E-1 4.99493E-1 4.19279E-1
2.5279E-1 1.98242E-1 1.49553E-1 1.01265E-1 5.76233E-2 4.17185E-2 7.86842E-2 1.40164E-1 2.19702E-1 2.91059E-1 5.33734E-1 5.60868E-1 4.08164E-1 5.02952E-1 4.56103E-1 3.92154E-1 3.42109E-1 3.60719E-1 4.53753E-1 3.29015E-1 4.40103E-1 4.33475E-1 4.52846E-1 4.45817E-1 3.87912E-1 4.70378E-1 4.62553E-1 4.28822E-1 4.17638E-1 3.51574E-1 4.78401E-1 4.71532E-1 4.81186E-1 3.76978E-1 4.12647E-1 3.23376E-1 2.65585E-1 2.28083E-1 2.95085E-1 3.10317E-1 3.50435E-1 3.7202E-1 3.82933E-1 3.48911E-1 1.54806E-1 2.27309E-1 1.99624E-1 2.55321E-1 3.64953E-1 3.56949E-1 2.32147E-1 2.55325E-1 2.99156E-1 3.17322E-1 3.27423E-1 3.75268E-1 3.8038E-1 4.25058E-1 4.47597E-1 3.7313E-1
2.7802E-1 2.50043E-1 1.72658E-1 1.12912E-1 5.77332E-2 5.90554E-2 6.49441E-2 1.01289E-1 1.55142E-1 2.22212E-1 3.6493E-1 3.80159E-1 5.26346E-1 3.26551E-1 4.50447E-1 3.65762E-1 2.96685E-1 2.6606E-1 3.49272E-1 2.24931E-1 4.5676E-1 4.29505E-1 4.69955E-1 3.79441E-1 4.61137E-1 4.73953E-1 3.83956E-1 3.29243E-1 3.59532E-1 4.5935E-1 4.95474E-1 5.13088E-1 5.02457E-1 2.51034E-1 3.94592E-1 3.13999E-1 2.55864E-1 2.2239E-1 3.4044E-1 2.24892E-1 4.00283E-1 4.16043E-1 4.12267E-1 4.12651E-1 1.61792E-1 1.37088E-1 1.66844E-1 2.91642E-1 4.2805E-1 4.07604E-1 3.17855E-1 3.42528E-1 3.39891E-1 3.25617E-1 3.39079E-1 4.31517E-1 4.07457E-1 3.55087E-1 3.70906E-1 3.3391E-1
3.01364E-1 2.79471E-1 2.08853E-1 1.24269E-1 7.84263E-2 4.38707E-2 6.42368E-2 6.38154E-2 1.04639E-1 1.54548E-1 2.64464E-1 2.63871E-1 3.32168E-1 4.42324E-1 2.33987E-1 3.51657E-1 2.54095E-1 2.28437E-1 3.05216E-1 4.72958E-1 2.72465E-1 4.45105E-1 4.83634E-1 3.81421E-1 4.65412E-1 5.38633E-1 4.98953E-1 4.5351E-1 4.52322E-1 4.91163E-1 5.09791E-1 5.36324E-1 4.66183E-1 5.34042E-1 4.02513E-1 2.86124E-1 2.41195E-1 2.07959E-1 3.52076E-1 2.70373E-1 4.27733E-1 4.58168E-1 4.42894E-1 3.6904E-1 5.02212E-2 1.94317E-1 2.84993E-1 2.27988E-1 5.44963E-1 4.46936E-1 3.3164E-1 3.7081E-1 3.36542E-1 3.17269E-1 4.0761E-1 4.84787E-1 4.24127E-1 3.41536E-1 2.68312E-1 2.94695E-1
3.29114E-1 3.17034E-1 2.21609E-1 1.36828E-1 8.57842E-2 4.65006E-2 4.62957E-2 6.39938E-2 8.9788E-2 1.03428E-1 1.78084E-1 1.88935E-1 2.47214E-1 2.53632E-1 3.65038E-1 3.1909E-1 2.28799E-1 2.39763E-1 3.06035E-1 3.79636E-1 5.04335E-1 3.69543E-1 5.01629E-1 3.81439E-1 4.83026E-1 5.65254E-1 4.55486E-1 4.66851E-1 4.62397E-1 5.01392E-1 5.27726E-1 5.56214E-1 3.36976E-1 5.33177E-1 4.01804E-1 2.76632E-1 2.62686E-1 2.0811E-1 2.02302E-1 2.01375E-1 4.18613E-1 4.47051E-1 4.44546E-1 3.64426E-1 1.77942E-1 1.32546E-1 3.25839E-1 2.94041E-1 5.00083E-1 4.07676E-1 2.6047E-1 3.34877E-1 3.09389E-1 2.6692E-1 2.46531E-1 4.77214E-1 4.11916E-1 2.90771E-1 2.22579E-1 2.41143E-1
3.28982E-1 3.32269E-1 2.2055E-1 1.45104E-1 9.63013E-2 6.87978E-2 3.7211E-2 5.00471E-2 6.77319E-2 6.99867E-2 9.05421E-2 9.84115E-2 1.51267E-1 1.68046E-1 2.0617E-1 2.62884E-1 3.11083E-1 2.83372E-1 3.56523E-1 4.06654E-1 3.50833E-1 4.18024E-1 4.81989E-1 2.95421E-1 3.82777E-1 3.68174E-1 3.23324E-1 3.72868E-1 3.19568E-1 3.97643E-1 4.14832E-1 2.55038E-1 4.66835E-1 3.45151E-1 2.70873E-1 2.6299E-1 2.50107E-1 2.20325E-1 1.95606E-1 3.38679E-1 4.77706E-1 4.92559E-1 4.76775E-1 4.46282E-1 1.22928E-1 1.8222E-1 3.56889E-1 4.09683E-1 4.92119E-1 3.63901E-1 2.79638E-1 3.02222E-1 2.94954E-1 2.42761E-1 2.23466E-1 2.63371E-1 2.76114E-1 2.36069E-1 1.71108E-1 1.60483E-1
3.8092E-1 3.90526E-1 2.47429E-1 1.66338E-1 1.15973E-1 8.40093E-2 4.19685E-2 3.2459E-2 4.24003E-2 5.2489E-2 6.37134E-2 7.7597E-2 1.08854E-1 1.23693E-1 1.41876E-1 2.16983E-1 1.86695E-1 2.94507E-1 3.68812E-1 3.86741E-1 3.44008E-1 4.29605E-1 3.20268E-1 3.79292E-1 3.85527E-1 1.44553E-1 3.39973E-1 3.81422E-1 3.44691E-1 2.28276E-1 1.98972E-1 2.3322E-1 2.92165E-1 2.75735E-1 2.79767E-1 2.81402E-1 2.77979E-1 2.67576E-1 2.75393E-1 3.40363E-1 4.51391E-1 4.54461E-1 4.44739E-1 3.91596E-1 2.68496E-1 3.08602E-1 3.62879E-1 4.10296E-1 3.84037E-1 3.7126E-1 3.5358E-1 3.42573E-1 2.97137E-1 2.69003E-1 2.42267E-1 2.49958E-1 2.52908E-1 2.33574E-1 1.85313E-1 1.44527E-1
4.46224E-1 4.10496E-1 2.59617E-1 1.87295E-1 1.37199E-1 9.94951E-2 4.93451E-2 2.43925E-2 2.48154E-2 2.28339E-2 4.10866E-2 4.57755E-2 6.35937E-2 6.81799E-2 9.50871E-2 1.90605E-1 2.22643E-1 3.7715E-1 4.2392E-1 4.24546E-1 3.64421E-1 4.45875E-1 4.24051E-1 3.31434E-1 3.40962E-1 3.52167E-1 2.76485E-1 3.59434E-1 5.86037E-2 3.44391E-1 1.88552E-1 2.76753E-1 3.29697E-1 2.86618E-1 3.06525E-1 3.09379E-1 1.72761E-1 3.14629E-1 3.17839E-1 3.46187E-1 4.44501E-1 4.25694E-1 4.00015E-1 3.6834E-1 3.04393E-1 1.13464E-1 4.04177E-1 5.00199E-1 4.40365E-1 4.39673E-1 4.11688E-1 3.84515E-1 3.03628E-1 2.82155E-1 2.43487E-1 2.01895E-1 1.9008E-1 1.9545E-1 1.55485E-1 1.29353E-1
3.85772E-1 3.58447E-1 2.66805E-1 2.07323E-1 1.45842E-1 1.06168E-1 5.65244E-2 3.09332E-2 1.46153E-2 1.69343E-2 2.22505E-2 2.70064E-2 3.64808E-2 6.38505E-2 1.01631E-1 1.96462E-1 3.0639E-1 3.27871E-1 5.19261E-1 4.58401E-1 3.94148E-1 4.60442E-1 3.24609E-1 3.60299E-1 3.89595E-1 3.99094E-1 2.61042E-1 3.15843E-1 1.92036E-1 3.4118E-1 2.11937E-1 3.05197E-1 2.61554E-1 3.2382E-1 3.06135E-1 3.08263E-1 2.70469E-1 3.19452E-1 3.20471E-1 3.44972E-1 4.24984E-1 3.80328E-1 3.4836E-1 3.07764E-1 3.08138E-1 1.22031E-1 4.58355E-1 4.20728E-1 4.05932E-1 3.82909E-1 3.44728E-1 3.37683E-1 3.28483E-1 2.88456E-1 2.22167E-1 1.69596E-1 1.47673E-1 1.64546E-1 1.44393E-1 1.31983E-1
1.79909E-1 3.75787E-1 2.84858E-1 2.17625E-1 1.77051E-1 1.39562E-1 8.0683E-2 4.69178E-2 2.13508E-2 1.07497E-2 1.36942E-2 2.5432E-2 4.80924E-2 7.92631E-2 1.39238E-1 2.32129E-1 2.72325E-1 4.1453E-1 5.05455E-1 5.97219E-1 4.11559E-1 4.96065E-1 1.96421E-1 4.26759E-1 3.99862E-1 1.13624E-1 3.31694E-1 2.6133E-1 2.04376E-1 3.38791E-1 1.68864E-1 2.35355E-1 2.83611E-1 3.47907E-1 3.71263E-1 2.54362E-1 3.33661E-1 3.23808E-1 3.15398E-1 3.30348E-1 4.24345E-1 3.78485E-1 3.23425E-1 2.78951E-1 2.08503E-1 1.94508E-1 4.10208E-1 3.37142E-1 3.24229E-1 2.7811E-1 2.74641E-1 2.85031E-1 2.98507E-1 2.34117E-1 1.68726E-1 1.89441E-1 2.08903E-1 1.99822E-1 1.78989E-1 1.17063E-1
3.65498E-1 4.26189E-1 3.16523E-1 2.61871E-1 2.41091E-1 1.65524E-1 9.35373E-2 5.59318E-2 2.66317E-2 1.45299E-2 2.04111E-2 3.58027E-2 6.25447E-2 1.0673E-1 1.78685E-1 1.93486E-1 2.57037E-1 3.20717E-1 3.89789E-1 4.14033E-1 4.00989E-1 4.12601E-1 3.62983E-1 4.26674E-1 1.80078E-1 2.61665E-1 2.01868E-1 1.83994E-1 1.61405E-1 1.34845E-1 6.89499E-2 7.27641E-2 1.46578E-1 2.51769E-1 1.73816E-1 2.8592E-1 2.96073E-1 2.91474E-1 2.74311E-1 2.96929E-1 3.1389E-1 3.13008E-1 2.42393E-1 1.70311E-1 3.29907E-2 1.07911E-1 2.77068E-1 2.05751E-1 2.23477E-1 2.07159E-1 2.24164E-1 2.17148E-1 1.90337E-1 1.7919E-1 2.30148E-1 1.94207E-1 2.11544E-1 1.93481E-1 1.58501E-1 8.26597E-2
4.88039E-1 4.78161E-1 3.51932E-1 3.24839E-1 2.98198E-1 1.8338E-1 1.18888E-1 7.43075E-2 3.64216E-2 2.11693E-2 2.84715E-2 4.86714E-2 7.8329E-2 1.27352E-1 1.81523E-1 1.87007E-1 2.57521E-1 3.49534E-1 3.97828E-1 5.12637E-1 3.21231E-1 2.49125E-1 2.24994E-1 2.02869E-1 2.46746E-1 1.9724E-1 1.60661E-1 1.24092E-1 1.14749E-1 1.03255E-1 5.33508E-2 1.08207E-1 1.13254E-1 9.65562E-2 2.8785E-1 2.31169E-1 2.20151E-1 1.87835E-1 2.4547E-1 2.7835E-1 3.57996E-1 4.07336E-1 2.79305E-1 1.62554E-1 8.97987E-2 1.047E-1 1.14847E-1 1.92976E-1 2.00813E-1 2.28005E-1 1.97994E-1 1.67127E-1 1.40945E-1 1.93641E-1 1.83476E-1 1.57675E-1 1.89235E-1 2.07998E-1 1.8452E-1 1.17933E-1
3.72789E-1 3.76579E-1 3.84014E-1 4.07411E-1 3.36171E-1 2.16902E-1 1.40697E-1 8.84498E-2 4.67755E-2 3.61659E-2 4.56362E-2 6.13982E-2 9.4287E-2 1.46771E-1 2.08676E-1 2.13301E-1 2.93988E-1 3.78835E-1 4.4238E-1 5.427E-1 3.16902E-1 4.40965E-1 1.47771E-1 1.76735E-1 3.03116E-1 2.36303E-1 1.79138E-1 1.02397E-1 8.67819E-2 6.03478E-2 3.40315E-2 9.73203E-2 8.37153E-2 8.62414E-2 1.5509E-1 1.73984E-1 1.38436E-1 2.57386E-1 2.23073E-1 2.79974E-1 3.74241E-1 4.03842E-1 2.12695E-1 3.33102E-1 3.07236E-1 2.44491E-1 8.82199E-2 9.22239E-2 1.5564E-1 1.42782E-1 1.32206E-1 1.11459E-1 1.15974E-1 1.61689E-1 1.78947E-1 1.80085E-1 2.3391E-1 2.56247E-1 2.27085E-1 1.63965E-1
3.59922E-1 3.84731E-1 4.2267E-1 1.4703E-1 3.39787E-1 2.37171E-1 1.54733E-1 1.03512E-1 5.20391E-2 6.31796E-2 8.73075E-2 1.01095E-1 1.15379E-1 1.72823E-1 2.33462E-1 2.28941E-1 3.02058E-1 3.81252E-1 4.52876E-1 5.50823E-1 2.70485E-1 2.45888E-1 2.18195E-1 9.69576E-2 3.30618E-1 2.6075E-1 1.97158E-1 1.20879E-1 8.06988E-2 5.35097E-2 3.24393E-2 5.54491E-2 7.21938E-2 6.98783E-2 7.94958E-2 3.04234E-1 2.80323E-1 2.19495E-1 3.11951E-1 3.61289E-1 4.50111E-1 4.60036E-1 3.02071E-1 2.23542E-1 1.86022E-1 1.32939E-1 2.16197E-1 1.77309E-1 1.00479E-1 7.89288E-2 7.02698E-2 8.1777E-2 1.43756E-1 2.1092E-1 2.37989E-1 2.28345E-1 2.36802E-1 2.40017E-1 2.43238E-1 2.34236E-1
3.9886E-1 4.05962E-1 3.33415E-1 3.1903E-1 2.66673E-1 2.47296E-1 1.71771E-1 1.10092E-1 7.98751E-2 1.07682E-1 1.51406E-1 1.68997E-1 1.79521E-1 2.07452E-1 2.5458E-1 2.38825E-1 3.19867E-1 3.87354E-1 4.49218E-1 1.02856E-1 3.2389E-1 2.69837E-1 2.26551E-1 2.96802E-1 9.28264E-2 2.54904E-1 1.92593E-1 1.25427E-1 8.42708E-2 5.31586E-2 4.5651E-2 3.72325E-2 4.88352E-2 6.10461E-2 7.52699E-2 2.94147E-1 3.02147E-1 3.13968E-1 3.58356E-1 4.0418E-1 4.91348E-1 5.02195E-1 4.03854E-1 7.75651E-2 2.67885E-1 1.71333E-1 2.43459E-1 2.3281E-1 1.04375E-1 5.95068E-2 8.13648E-2 1.19916E-1 1.93943E-1 2.43789E-1 2.92402E-1 2.87548E-1 3.21056E-1 3.15706E-1 2.73009E-1 2.6129E-1
3.7412E-1 3.93016E-1 3.80016E-1 3.35911E-1 1.1205E-1 3.25254E-1 2.28699E-1 1.47411E-1 1.53147E-1 1.89807E-1 2.08581E-1 2.31792E-1 2.59849E-1 2.63441E-1 2.99911E-1 3.66403E-1 4.41836E-1 5.11853E-1 5.56207E-1 2.14791E-1 1.58223E-1 1.82693E-1 1.58131E-1 1.36956E-1 2.51566E-1 1.49456E-1 1.10576E-1 7.4196E-2 5.45887E-2 5.02499E-2 1.13016E-1 1.36689E-1 1.59178E-1 2.27201E-1 2.60987E-1 3.60073E-1 3.79324E-1 3.3848E-1 4.53479E-1 4.73531E-1 4.4313E-1 4.62925E-1 4.59523E-1 1.61531E-1 3.54477E-1 3.08947E-1 2.91404E-1 1.22699E-1 1.01401E-1 6.57858E-2 9.16476E-2 1.61118E-1 2.09727E-1 2.68711E-1 3.343E-1 3.54153E-1 3.70382E-1 3.57342E-1 3.06539E-1 2.25345E-1
3.73271E-1 4.05521E-1 3.94976E-1 3.60025E-1 3.63667E-1 4.03287E-1 2.48499E-1 2.12897E-1 2.3038E-1 2.70339E-1 2.88056E-1 3.21989E-1 3.66737E-1 3.57428E-1 3.56347E-1 4.37574E-1 4.87385E-1 3.26809E-1 2.15388E-1 4.59132E-1 1.88878E-1 1.87492E-1 1.64779E-1 1.10698E-1 9.74794E-2 1.31141E-1 1.06882E-1 6.56396E-2 4.03594E-2 5.00626E-2 1.11367E-1 2.07715E-1 2.61554E-1 3.1984E-1 3.79429E-1 4.36127E-1 4.39819E-1 4.33646E-1 4.65927E-1 4.65832E-1 4.42024E-1 3.80428E-1 4.64978E-1 1.37883E-1 3.8129E-1 3.34857E-1 1.84748E-1 1.30665E-1 1.0253E-1 1.0399E-1 1.42323E-1 1.86613E-1 2.44812E-1 3.22371E-1 3.75915E-1 3.9664E-1 3.9632E-1 3.69279E-1 3.44892E-1 2.44842E-1
3.54703E-1 3.65691E-1 3.75114E-1 3.59106E-1 3.79347E-1 3.52689E-1 2.86749E-1 2.91969E-1 3.16596E-1 3.57713E-1 3.84827E-1 4.185E-1 4.73564E-1 4.59825E-1 4.47523E-1 5.08912E-1 5.18687E-1 5.605E-1 5.3486E-1 4.2876E-1 2.07807E-1 1.89465E-1 1.51127E-1 1.04981E-1 7.73888E-2 8.27224E-2 6.32107E-2 5.98302E-2 3.48142E-2 5.70052E-2 1.30617E-1 2.19011E-1 2.83808E-1 3.38959E-1 3.83213E-1 4.49601E-1 4.00148E-1 4.96228E-1 5.29876E-1 5.50648E-1 5.28431E-1 3.68901E-1 4.71066E-1 3.711E-1 2.18183E-1 2.71081E-1 2.11929E-1 1.49886E-1 1.28587E-1 1.87969E-1 2.08581E-1 2.3383E-1 2.73753E-1 3.50324E-1 4.13879E-1 4.34962E-1 3.95001E-1 3.05666E-1 3.21935E-1 3.10592E-1
