Phytophthora/models/20240501_1542_27/Phytophthora_PA3_RUN4_MAXENT_outputs/Phytophthora_PA3_RUN4.asc
ncols         225
nrows         269
xllcorner     473000.0
yllcorner     4429100.0
cellsize      50.0
NODATA_value  -9999
[rows 27 to 53 of 269, columns 0 to 59 of 225]
-9999 -9999 -9999 -9999 -9999 -9999 -9999 -9999 -9999 -9999 -9999 -9999 -9999 -9999 -9999 -9999 -9999 -9999 -9999 -9999 -9999 -9999 -9999 -9999 -9999 -9999 -9999 -9999 -9999 -9999 -9999 -9999 -9999 -9999 -9999 -9999 -9999 -9999 1.28825E-2 1.13067E-2 2.17599E-2 9.1216E-3 3.51745E-2 3.04315E-2 2.79376E-2 2.67873E-2 3.49629E-2 3.16363E-2 2.99167E-2 2.52107E-2 1.32121E-2 1.85452E-2 1.57012E-2 1.21812E-2 1.29691E-2 1.11184E-2 1.0586E-2 8.8303E-3 7.39455E-3 6.68123E-3
-9999 -9999 -9999 -9999 -9999 -9999 -9999 -9999 -9999 -9999 -9999 -9999 -9999 -9999 -9999 -9999 -9999 -9999 -9999 -9999 -9999 -9999 -9999 -9999 -9999 -9999 -9999 -9999 -9999 -9999 -9999 -9999 -9999 -9999 -9999 -9999 -9999 -9999 1.67878E-2 1.33223E-2 1.81447E-2 2.01969E-2 2.49736E-2 2.80352E-2 3.58997E-2 3.68534E-2 1.93013E-2 2.93856E-2 2.18556E-2 1.50737E-2 1.47453E-2 1.36783E-2 1.10253E-2 7.77087E-3 7.52104E-3 7.36094E-3 7.14746E-3 6.38985E-3 5.65894E-3 5.50848E-3
-9999 -9999 -9999 -9999 -9999 -9999 -9999 -9999 -9999 -9999 -9999 -9999 -9999 -9999 -9999 -9999 -9999 -9999 -9999 -9999 -9999 -9999 -9999 -9999 -9999 -9999 -9999 -9999 -9999 -9999 -9999 -9999 -9999 -9999 -9999 -9999 -9999 -9999 1.37283E-2 1.29461E-2 1.93994E-2 2.1037E-2 2.71074E-2 2.44562E-2 2.61046E-2 1.86469E-2 2.50987E-2 1.49386E-2 1.33892E-2 7.18783E-3 1.41935E-2 1.2811E-2 1.01925E-2 8.321E-3 7.92154E-3 7.37213E-3 1.46533E-2 1.24152E-2 9.61842E-3 1.27391E-2
-9999 -9999 -9999 -9999 -9999 -9999 -9999 -9999 -9999 -9999 -9999 -9999 -9999 -9999 -9999 -9999 -9999 -9999 -9999 -9999 -9999 -9999 -9999 -9999 -9999 -9999 -9999 -9999 -9999 -9999 -9999 -9999 -9999 -9999 -9999 -9999 1.141E-2 8.72967E-3 9.28122E-3 8.83302E-3 1.11365E-2 2.64142E-2 1.97515E-2 2.66369E-2 2.87832E-2 2.22085E-2 1.35595E-2 1.51779E-2 1.3099E-2 1.13345E-2 1.07295E-2 9.09639E-3 7.26306E-3 7.37172E-3 8.50569E-3 7.404E-3 5.99643E-3 1.35996E-2 1.32784E-2 1.33495E-2
-9999 -9999 -9999 -9999 -9999 -9999 -9999 -9999 -9999 -9999 -9999 -9999 -9999 -9999 -9999 -9999 -9999 -9999 -9999 -9999 -9999 -9999 -9999 -9999 -9999 -9999 -9999 -9999 -9999 -9999 -9999 -9999 -9999 -9999 -9999 1.09955E-2 1.26434E-2 1.47662E-2 1.90469E-2 1.72414E-2 1.03664E-2 1.74522E-2 2.01599E-2 1.95514E-2 1.8593E-2 2.33901E-2 1.50143E-2 1.61234E-2 1.50611E-2 1.42716E-2 1.23527E-2 9.93339E-3 8.63057E-3 1.198E-2 1.47706E-2 1.69706E-2 9.71459E-3 1.9054E-2 1.85767E-2 1.90175E-2
-9999 -9999 -9999 -9999 -9999 -9999 -9999 -9999 -9999 -9999 -9999 -9999 -9999 -9999 -9999 -9999 -9999 -9999 -9999 -9999 -9999 -9999 -9999 -9999 -9999 -9999 -9999 -9999 -9999 -9999 -9999 -9999 -9999 -9999 1.29256E-2 1.38282E-2 1.76041E-2 2.37022E-2 2.08112E-2 3.2755E-2 3.0506E-2 2.67747E-2 1.9844E-2 1.55649E-2 1.3161E-2 1.92191E-2 1.61127E-2 9.45812E-3 1.47025E-2 1.25175E-2 1.30952E-2 9.85933E-3 1.26919E-2 1.45065E-2 1.80193E-2 2.06578E-2 1.63055E-2 1.98515E-2 2.1631E-2 2.14503E-2
-9999 -9999 -9999 -9999 -9999 -9999 -9999 -9999 -9999 -9999 -9999 -9999 -9999 -9999 -9999 -9999 -9999 -9999 -9999 -9999 -9999 -9999 -9999 -9999 -9999 -9999 -9999 -9999 -9999 -9999 -9999 -9999 1.19028E-2 1.23234E-2 1.13781E-2 1.35791E-2 2.63697E-2 3.19997E-2 2.1147E-2 4.37709E-2 3.20618E-2 1.81751E-2 1.20694E-2 1.00859E-2 9.26423E-3 1.38964E-2 1.27575E-2 1.12248E-2 1.11519E-2 8.11404E-3 1.44909E-2 1.7906E-2 1.60937E-2 1.57873E-2 1.74458E-2 2.10525E-2 2.03175E-2 1.83823E-2 2.13231E-2 1.23929E-2
-9999 -9999 -9999 -9999 -9999 -9999 -9999 -9999 -9999 -9999 -9999 -9999 -9999 -9999 -9999 -9999 -9999 -9999 -9999 -9999 -9999 -9999 -9999 -9999 -9999 -9999 -9999 -9999 -9999 -9999 -9999 1.31914E-2 1.44174E-2 1.39587E-2 1.58606E-2 2.71793E-2 2.9671E-2 3.54875E-2 3.94829E-2 4.80789E-2 2.84547E-2 1.40777E-2 1.22726E-2 1.11529E-2 1.07422E-2 1.29955E-2 1.31115E-2 1.29408E-2 1.41456E-2 1.82734E-2 2.08975E-2 1.99242E-2 1.67944E-2 1.62703E-2 1.99207E-2 2.11315E-2 2.17129E-2 1.26696E-2 1.81287E-2 1.77773E-2
-9999 -9999 -9999 -9999 -9999 -9999 -9999 -9999 -9999 -9999 -9999 -9999 -9999 -9999 -9999 -9999 -9999 -9999 -9999 -9999 -9999 -9999 -9999 -9999 -9999 -9999 -9999 -9999 -9999 -9999 1.73508E-2 1.79161E-2 1.62633E-2 1.86862E-2 3.00902E-2 3.04638E-2 3.04137E-2 2.47644E-2 3.6188E-2 2.86595E-2 1.44474E-2 1.30187E-2 1.12561E-2 1.08217E-2 1.08434E-2 1.43277E-2 1.20957E-2 1.36198E-2 2.25814E-2 2.53804E-2 1.65317E-2 2.08241E-2 1.804E-2 1.90555E-2 2.20657E-2 2.4039E-2 2.00729E-2 1.87795E-2 1.57757E-2 1.92944E-2
-9999 -9999 -9999 -9999 -9999 -9999 -9999 -9999 -9999 -9999 -9999 -9999 -9999 -9999 -9999 -9999 -9999 -9999 -9999 -9999 -9999 -9999 -9999 -9999 -9999 -9999 -9999 -9999 -9999 -9999 3.06076E-2 2.32182E-2 2.19579E-2 3.47606E-2 3.41401E-2 2.55068E-2 1.7782E-2 3.42262E-2 1.52648E-2 2.30392E-2 1.82514E-2 1.61367E-2 1.52394E-2 1.42053E-2 1.32929E-2 1.69235E-2 1.61079E-2 1.69846E-2 2.106E-2 2.21005E-2 1.41871E-2 1.79775E-2 1.66234E-2 1.68207E-2 1.73914E-2 1.42036E-2 1.62363E-2 1.45133E-2 1.40885E-2 7.37146E-3
-9999 -9999 -9999 -9999 -9999 -9999 -9999 -9999 -9999 -9999 -9999 -9999 -9999 -9999 -9999 -9999 -9999 -9999 -9999 -9999 -9999 -9999 -9999 -9999 -9999 -9999 -9999 -9999 -9999 2.52025E-3 3.19671E-2 2.78298E-2 3.3721E-2 2.23035E-2 1.89059E-2 3.01412E-2 2.11464E-2 4.09708E-2 2.88697E-2 1.97377E-2 1.65741E-2 1.18999E-2 1.64407E-2 1.5728E-2 1.72376E-2 2.03178E-2 1.99041E-2 1.92719E-2 2.16262E-2 2.41606E-2 1.30926E-2 2.02969E-2 1.90785E-2 1.87484E-2 1.59563E-2 1.64843E-2 1.64258E-2 1.34846E-2 1.37575E-2 1.33281E-2
-9999 -9999 -9999 -9999 -9999 -9999 -9999 -9999 -9999 -9999 -9999 -9999 -9999 -9999 -9999 -9999 -9999 -9999 -9999 -9999 -9999 -9999 -9999 -9999 -9999 -9999 -9999 -9999 -9999 -9999 2.7587E-2 3.44128E-2 1.78793E-2 2.93654E-2 3.42258E-2 1.47753E-2 3.3102E-2 2.34806E-2 2.13435E-2 2.10572E-2 1.24199E-2 1.64155E-2 1.67702E-2 1.57274E-2 1.91644E-2 2.3145E-2 2.27397E-2 2.22519E-2 2.27812E-2 2.49083E-2 2.19418E-2 1.83859E-2 1.9865E-2 1.69076E-2 1.66828E-2 1.8001E-2 1.62415E-2 1.12525E-2 1.25374E-2 1.26082E-2
-9999 -9999 -9999 -9999 -9999 -9999 -9999 -9999 -9999 -9999 -9999 -9999 -9999 -9999 -9999 -9999 -9999 -9999 -9999 -9999 -9999 -9999 -9999 -9999 -9999 -9999 -9999 -9999 -9999 -9999 3.64319E-2 3.18958E-2 3.42726E-2 2.98618E-2 1.29608E-2 2.76823E-2 2.02522E-2 1.23266E-2 1.92976E-2 2.13541E-2 1.57439E-2 1.6539E-2 1.62316E-2 1.77452E-2 2.02856E-2 2.03337E-2 2.09922E-2 2.38244E-2 2.4138E-2 2.59204E-2 2.49478E-2 1.94501E-2 1.94923E-2 1.2251E-2 1.96593E-2 2.16997E-2 1.47077E-2 1.19669E-2 1.22131E-2 1.22145E-2
-9999 -9999 -9999 -9999 -9999 -9999 -9999 -9999 -9999 -9999 -9999 -9999 -9999 -9999 -9999 -9999 -9999 -9999 -9999 -9999 -9999 -9999 -9999 -9999 -9999 -9999 -9999 -9999 -9999 -9999 2.64596E-2 4.66693E-2 4.63309E-2 3.88926E-2 2.63047E-2 2.15188E-2 2.36092E-2 2.38572E-2 2.04409E-2 1.05907E-2 1.699E-2 1.61918E-2 1.765E-2 2.23462E-2 1.98317E-2 2.47392E-2 2.45331E-2 1.58196E-2 2.14272E-2 2.21582E-2 1.54532E-2 2.03604E-2 1.68954E-2 2.14492E-2 2.14295E-2 2.03474E-2 1.28767E-2 1.04237E-2 1.16981E-2 1.22404E-2
-9999 -9999 -9999 -9999 -9999 -9999 -9999 -9999 -9999 -9999 -9999 -9999 -9999 -9999 -9999 -9999 -9999 -9999 -9999 -9999 -9999 -9999 -9999 -9999 -9999 -9999 -9999 -9999 -9999 -9999 4.19971E-2 3.66743E-2 3.55301E-2 3.20586E-2 2.63417E-2 2.60094E-2 2.67764E-2 2.73887E-2 2.75816E-2 2.27677E-2 1.695E-2 1.69531E-2 2.15194E-2 2.32696E-2 2.21881E-2 2.26802E-2 2.38048E-2 2.31727E-2 2.22053E-2 2.24215E-2 2.32465E-2 1.43584E-2 1.48596E-2 2.11206E-2 2.34701E-2 2.12669E-2 1.51911E-2 1.24998E-2 1.28177E-2 1.17524E-2
-9999 -9999 -9999 -9999 -9999 -9999 -9999 -9999 -9999 -9999 -9999 -9999 -9999 -9999 -9999 -9999 -9999 -9999 -9999 -9999 -9999 -9999 -9999 -9999 -9999 -9999 -9999 -9999 -9999 3.21019E-2 2.93151E-2 2.65436E-2 2.55794E-2 2.19081E-2 2.28968E-2 1.99782E-2 1.85499E-2 1.93365E-2 2.28405E-2 2.05838E-2 1.91338E-2 2.29571E-2 2.33462E-2 2.26151E-2 2.21087E-2 2.15769E-2 2.37445E-2 2.21729E-2 2.3818E-2 2.35297E-2 2.49261E-2 2.56419E-2 1.62595E-2 2.44477E-2 2.37036E-2 1.97299E-2 1.69264E-2 1.51499E-2 1.31148E-2 1.08174E-2
-9999 -9999 -9999 -9999 -9999 -9999 -9999 -9999 -9999 -9999 -9999 -9999 -9999 -9999 -9999 -9999 -9999 -9999 -9999 -9999 -9999 -9999 -9999 -9999 -9999 -9999 3.50923E-2 1.75368E-2 2.55987E-2 2.61162E-2 2.92017E-2 3.16552E-2 3.10269E-2 3.42597E-2 3.31372E-2 2.84002E-2 2.52806E-2 2.2105E-2 2.58604E-2 2.85176E-2 2.25156E-2 2.3134E-2 2.45211E-2 2.51125E-2 2.38297E-2 2.32284E-2 2.52802E-2 2.34145E-2 2.00899E-2 2.38218E-2 2.44165E-2 2.68118E-2 2.24061E-2 1.69241E-2 2.06488E-2 1.93336E-2 1.93601E-2 1.73725E-2 1.4284E-2 1.20862E-2
-9999 -9999 -9999 -9999 -9999 -9999 -9999 -9999 -9999 -9999 -9999 -9999 -9999 -9999 -9999 -9999 -9999 -9999 -9999 -9999 -9999 -9999 -9999 -9999 -9999 4.36599E-2 2.52307E-2 2.32115E-2 2.14103E-2 2.26399E-2 2.23377E-2 2.56715E-2 2.97753E-2 4.32183E-2 3.86931E-2 3.08368E-2 2.96082E-2 3.26864E-2 3.49293E-2 3.31837E-2 1.5974E-2 2.01137E-2 1.5282E-2 1.40562E-2 1.55323E-2 1.71188E-2 1.83844E-2 1.57517E-2 1.33278E-2 2.29922E-2 2.72265E-2 2.59356E-2 2.52858E-2 2.39423E-2 1.80977E-2 1.40054E-2 1.4018E-2 1.67E-2 1.51123E-2 1.28325E-2
-9999 -9999 -9999 -9999 -9999 -9999 -9999 -9999 -9999 -9999 -9999 -9999 -9999 -9999 -9999 -9999 -9999 -9999 -9999 -9999 -9999 -9999 -9999 -9999 2.6916E-3 2.73057E-2 3.03415E-2 2.65844E-2 2.38988E-2 2.38942E-2 2.5195E-2 2.42044E-2 2.6289E-2 3.36493E-2 3.56939E-2 3.3226E-2 3.42438E-2 4.00358E-2 3.96395E-2 3.73198E-2 2.1817E-2 2.45621E-2 2.7368E-2 2.70372E-2 2.24704E-2 1.09928E-2 1.43923E-2 2.59766E-2 2.49215E-2 1.50675E-2 2.90043E-2 2.72951E-2 2.53657E-2 2.49988E-2 2.39826E-2 2.35096E-2 1.90277E-2 9.97773E-3 1.48072E-2 1.18213E-2
-9999 -9999 -9999 -9999 -9999 -9999 -9999 -9999 -9999 -9999 -9999 -9999 -9999 -9999 -9999 -9999 -9999 -9999 -9999 -9999 -9999 -9999 -9999 -9999 4.80081E-3 3.81703E-2 2.7633E-2 2.27091E-2 2.09322E-2 2.04565E-2 2.49991E-2 2.65311E-2 2.21458E-2 2.17069E-2 3.04615E-2 4.01682E-2 4.49037E-2 4.7015E-2 3.9421E-2 3.28084E-2 4.00288E-2 3.97766E-2 4.23529E-2 3.93117E-2 3.33912E-2 2.51385E-2 2.80077E-2 2.92884E-2 2.84035E-2 2.96585E-2 3.3217E-2 2.99871E-2 2.34963E-2 2.25399E-2 2.17665E-2 2.30004E-2 2.29316E-2 1.99835E-2 1.05996E-2 1.57004E-2
-9999 -9999 -9999 -9999 -9999 -9999 -9999 -9999 -9999 -9999 -9999 -9999 -9999 -9999 -9999 -9999 -9999 -9999 -9999 -9999 -9999 -9999 -9999 -9999 6.9978E-3 4.10146E-2 1.67857E-2 2.37978E-2 2.61977E-2 3.5745E-2 1.97275E-2 3.18832E-2 3.49994E-2 3.46693E-2 3.81163E-2 4.30527E-2 4.58537E-2 2.98002E-2 5.0846E-2 5.07266E-2 4.32998E-2 4.36096E-2 3.98176E-2 3.75935E-2 3.51688E-2 2.77013E-2 2.92081E-2 3.03966E-2 2.41307E-2 3.5627E-2 3.38938E-2 2.90055E-2 1.83808E-2 1.70542E-2 1.5439E-2 1.85894E-2 1.76085E-2 1.51007E-2 9.1001E-3 1.11846E-2
-9999 -9999 -9999 -9999 -9999 -9999 -9999 -9999 -9999 -9999 -9999 -9999 -9999 -9999 -9999 -9999 -9999 -9999 -9999 -9999 -9999 -9999 -9999 1.6276E-2 3.88402E-2 3.14609E-2 2.76818E-2 2.88487E-2 3.33969E-2 4.12882E-2 3.81642E-2 3.78018E-2 3.89991E-2 3.89182E-2 4.21214E-2 4.82963E-2 5.08345E-2 5.43763E-2 5.25887E-2 5.23491E-2 4.21238E-2 4.44868E-2 3.65126E-2 3.35045E-2 3.22293E-2 2.71815E-2 3.23575E-2 3.02759E-2 2.2758E-2 3.53548E-2 2.94581E-2 2.44533E-2 1.79618E-2 1.69784E-2 1.49335E-2 1.56733E-2 1.42382E-2 1.35406E-2 8.48072E-3 1.04066E-2
-9999 -9999 -9999 -9999 -9999 -9999 -9999 -9999 -9999 -9999 -9999 -9999 -9999 -9999 -9999 -9999 -9999 -9999 -9999 -9999 -9999 -9999 -9999 1.52514E-2 2.10494E-2 2.66579E-2 2.63354E-2 3.38293E-2 3.74329E-2 4.1103E-2 4.60522E-2 4.16263E-2 4.21922E-2 4.09012E-2 4.40996E-2 4.98282E-2 5.37455E-2 5.58903E-2 5.14932E-2 4.88087E-2 4.01641E-2 5.09588E-2 4.60416E-2 4.3125E-2 4.06554E-2 3.19033E-2 3.42728E-2 2.17138E-2 1.32059E-2 2.41036E-2 2.33207E-2 1.62265E-2 1.91045E-2 1.57456E-2 1.2154E-2 1.39903E-2 1.19801E-2 1.24227E-2 1.03685E-2 7.86198E-3
-9999 -9999 -9999 -9999 -9999 -9999 -9999 -9999 -9999 -9999 -9999 -9999 -9999 -9999 -9999 -9999 -9999 -9999 -9999 -9999 -9999 -9999 -9999 1.06552E-2 1.31111E-2 2.06903E-2 2.639E-2 3.39015E-2 3.51592E-2 3.90203E-2 4.10043E-2 3.83165E-2 3.65789E-2 3.59294E-2 4.06792E-2 4.55275E-2 4.95356E-2 5.06089E-2 4.58962E-2 4.98512E-2 4.92078E-2 5.86658E-2 5.16428E-2 5.77599E-2 5.52186E-2 3.27139E-2 3.22076E-2 2.36129E-2 1.09097E-2 1.27604E-2 1.3314E-2 1.31351E-2 1.67776E-2 1.42329E-2 8.95286E-3 1.40654E-2 1.3397E-2 1.26269E-2 1.12019E-2 9.07771E-3
-9999 -9999 -9999 -9999 -9999 -9999 -9999 -9999 -9999 -9999 -9999 -9999 -9999 -9999 -9999 -9999 -9999 -9999 -9999 -9999 -9999 -9999 9.31766E-3 1.95633E-2 1.9983E-2 3.38917E-2 4.75011E-2 4.70939E-2 4.65457E-2 4.48063E-2 4.61296E-2 4.21384E-2 4.142E-2 3.91619E-2 4.35781E-2 4.85432E-2 5.21087E-2 5.63702E-2 6.45363E-2 7.86136E-2 8.18654E-2 9.18861E-2 8.82685E-2 8.90198E-2 7.4016E-2 3.34129E-2 3.28528E-2 2.13474E-2 1.9127E-2 1.88989E-2 1.95468E-2 2.10016E-2 2.13357E-2 1.77601E-2 1.40488E-2 2.55859E-2 1.88868E-2 1.39241E-2 1.08512E-2 1.00086E-2
-9999 -9999 -9999 -9999 -9999 -9999 -9999 -9999 -9999 -9999 -9999 -9999 -9999 -9999 -9999 -9999 -9999 -9999 -9999 -9999 -9999 -9999 7.07933E-3 1.05939E-2 1.70307E-2 3.01751E-2 3.37953E-2 3.23075E-2 3.64842E-2 3.57252E-2 3.78649E-2 3.53188E-2 3.63742E-2 3.07512E-2 3.48593E-2 3.90933E-2 5.15243E-2 6.72649E-2 7.32044E-2 8.56375E-2 8.50851E-2 8.79423E-2 6.65139E-2 6.79691E-2 6.20972E-2 3.65454E-2 3.406E-2 2.95598E-2 2.36566E-2 1.69341E-2 2.6449E-2 2.65302E-2 2.16453E-2 1.24429E-2 2.47823E-2 2.57107E-2 2.23248E-2 1.66856E-2 1.17936E-2 1.0958E-2
-9999 -9999 -9999 -9999 -9999 -9999 -9999 -9999 -9999 -9999 -9999 -9999 -9999 -9999 -9999 -9999 -9999 -9999 -9999 -9999 -9999 -9999 5.53701E-3 8.30488E-3 1.72134E-2 2.36903E-2 2.36554E-2 2.1138E-2 2.85377E-2 2.77416E-2 2.83805E-2 2.68071E-2 2.69346E-2 2.67163E-2 3.76268E-2 5.16721E-2 7.14555E-2 7.70832E-2 7.52187E-2 8.30084E-2 8.19443E-2 8.31823E-2 4.90721E-2 5.28315E-2 5.34253E-2 3.29436E-2 3.15395E-2 2.76079E-2 3.09798E-2 2.31412E-2 2.5245E-2 3.12177E-2 2.35246E-2 2.7122E-2 2.8725E-2 2.82544E-2 1.23764E-2 1.36075E-2 1.23816E-2 1.12544E-2
