Phytophthora/models/20240506_1646_46/Phytophthora_PA3_RUN9_MAXENT_outputs/Phytophthora_PA3_RUN9.asc
ncols         225
nrows         269
xllcorner     473009.9838
yllcorner     4429051.1748
cellsize      50.0
NODATA_value  -9999
[rows 104 to 129 of 269, columns 0 to 59 of 225]
-9999 -9999 -9999 -9999 -9999 -9999 -9999 -9999 -9999 -9999 -9999 4.88233E-3 1.48577E-2 1.56768E-2 1.7578E-2 1.81767E-2 2.14783E-2 3.00539E-2 3.04931E-2 3.39222E-2 3.47022E-2 3.55399E-2 3.46601E-2 3.74887E-2 6.54022E-2 6.71929E-2 5.2564E-2 4.0671E-2 3.76295E-2 2.55033E-2 1.88455E-2 3.73984E-2 3.87956E-2 3.5599E-2 3.22695E-2 3.18603E-2 3.6522E-2 3.86179E-2 2.1989E-2 3.17126E-2 2.87654E-2 2.33844E-2 2.00412E-2 2.31587E-2 2.27991E-2 2.04814E-2 7.41989E-3 2.41028E-2 2.88646E-2 2.2884E-2 1.84179E-2 1.7441E-2 1.64677E-2 2.01135E-2 5.62267E-2 6.93564E-2 4.61959E-2 5.25049E-2 6.04533E-2 6.62328E-2
-9999 -9999 -9999 -9999 -9999 -9999 -9999 -9999 -9999 -9999 -9999 4.42132E-3 1.81553E-2 1.8488E-2 1.44085E-2 1.94374E-2 2.63517E-2 2.76749E-2 2.64263E-2 2.50473E-2 3.03169E-2 4.01289E-2 3.93958E-2 6.72404E-2 5.79111E-2 6.11815E-2 3.70478E-2 2.80044E-2 2.77456E-2 3.6558E-2 3.80596E-2 3.83144E-2 3.5479E-2 3.02049E-2 2.71177E-2 2.76579E-2 3.47697E-2 3.75833E-2 2.17532E-2 2.88943E-2 2.69216E-2 2.2082E-2 1.82204E-2 2.31636E-2 2.17798E-2 2.16027E-2 2.01908E-2 2.0466E-2 2.01044E-2 2.49724E-2 2.22774E-2 2.1439E-2 2.03059E-2 2.89821E-2 4.66904E-2 4.93139E-2 4.04607E-2 5.17069E-2 5.80138E-2 6.20542E-2
-9999 -9999 -9999 -9999 -9999 -9999 -9999 -9999 -9999 -9999 3.21858E-3 5.02324E-3 2.03257E-2 1.99327E-2 2.19338E-2 2.37935E-2 2.51561E-2 2.07294E-2 1.9308E-2 2.11482E-2 3.1612E-2 4.25389E-2 6.39467E-2 1.7795E-2 5.74893E-2 2.87224E-2 1.82913E-2 3.56874E-2 3.58934E-2 3.5546E-2 3.65538E-2 3.28508E-2 2.93964E-2 2.57161E-2 2.61131E-2 2.81683E-2 3.58882E-2 3.47886E-2 1.90093E-2 2.75941E-2 2.52606E-2 2.16788E-2 2.01949E-2 2.4935E-2 2.45169E-2 2.1603E-2 1.98518E-2 2.04465E-2 1.32879E-2 2.65236E-2 2.69294E-2 2.59046E-2 2.50388E-2 5.38967E-2 5.58883E-2 2.76693E-2 3.56706E-2 5.88491E-2 6.9822E-2 8.04453E-2
-9999 -9999 -9999 -9999 -9999 -9999 -9999 -9999 -9999 -9999 5.48362E-3 6.06869E-3 1.56139E-2 2.22056E-2 2.5344E-2 2.43864E-2 2.00487E-2 1.51083E-2 1.53798E-2 1.99039E-2 3.21205E-2 5.19932E-2 3.97795E-2 3.94852E-2 2.93837E-2 3.1341E-2 3.68482E-2 3.59049E-2 3.69044E-2 3.64427E-2 3.18103E-2 2.63269E-2 2.39415E-2 2.48914E-2 2.91372E-2 3.27203E-2 3.78882E-2 3.36916E-2 1.53143E-2 2.66722E-2 2.4394E-2 2.18043E-2 2.12543E-2 2.89157E-2 3.80976E-2 3.25123E-2 2.60296E-2 2.45737E-2 2.7938E-2 3.132E-2 3.05172E-2 3.08215E-2 3.52769E-2 6.12873E-2 6.18647E-2 3.41247E-2 4.12343E-2 8.23545E-2 1.02292E-1 9.40454E-2
-9999 -9999 -9999 -9999 -9999 -9999 -9999 -9999 -9999 -9999 6.11191E-3 9.00528E-3 2.22751E-2 3.79163E-2 4.0452E-2 2.99667E-2 2.24217E-2 1.75759E-2 2.28616E-2 2.95918E-2 4.95168E-2 4.99918E-2 1.61976E-2 6.0539E-2 4.26818E-2 4.19721E-2 4.11878E-2 4.13419E-2 4.44309E-2 3.76649E-2 3.10902E-2 3.35793E-2 3.8819E-2 4.18444E-2 4.68651E-2 5.34495E-2 5.22626E-2 3.57948E-2 1.99525E-2 1.80069E-2 2.16243E-2 2.55896E-2 2.51572E-2 3.10307E-2 4.63718E-2 5.77955E-2 5.23408E-2 3.35161E-2 1.3479E-2 3.69096E-2 2.56377E-2 3.66011E-2 6.6874E-2 7.03076E-2 4.75529E-2 3.69228E-2 4.12352E-2 1.05733E-1 1.02472E-1 7.32583E-2
-9999 -9999 -9999 -9999 -9999 -9999 -9999 -9999 -9999 1.15351E-2 9.71828E-3 1.72171E-2 4.55892E-2 6.4062E-2 5.55211E-2 3.88637E-2 2.69496E-2 2.74411E-2 3.43983E-2 4.26575E-2 7.08359E-2 1.80496E-2 7.3144E-2 6.31608E-2 5.71217E-2 5.62863E-2 5.26776E-2 4.64128E-2 4.41921E-2 3.80518E-2 4.45311E-2 5.32413E-2 6.42516E-2 6.92595E-2 7.63234E-2 7.95908E-2 6.14453E-2 6.25536E-2 5.45284E-2 4.81915E-2 2.09251E-2 3.17683E-2 1.40081E-2 1.80132E-2 3.87991E-2 5.74031E-2 7.1833E-2 5.554E-2 4.72226E-2 5.14828E-2 2.63784E-2 3.51064E-2 7.30642E-2 7.89465E-2 5.19831E-2 4.55636E-2 7.29284E-2 9.56586E-2 6.7186E-2 6.05508E-2
-9999 -9999 -9999 -9999 -9999 -9999 -9999 2.83448E-2 1.34879E-2 2.02573E-2 2.27366E-2 4.00226E-2 5.82783E-2 8.81918E-2 6.96994E-2 4.8969E-2 4.12103E-2 4.65532E-2 5.32035E-2 8.42533E-2 3.59415E-2 5.28083E-2 8.93555E-2 7.00621E-2 6.23013E-2 5.58783E-2 4.79815E-2 4.52008E-2 5.22316E-2 5.53006E-2 6.51326E-2 7.98145E-2 8.99049E-2 9.09303E-2 1.01078E-1 6.87646E-2 9.73382E-2 8.70342E-2 7.16588E-2 6.524E-2 3.09308E-2 2.30424E-2 3.76381E-2 4.10735E-2 2.10292E-2 3.11488E-2 8.05424E-2 7.13941E-2 7.32618E-2 7.79779E-2 5.16046E-2 3.28833E-2 7.61966E-2 8.67628E-2 6.83711E-2 7.50592E-2 7.48062E-2 6.38245E-2 5.01188E-2 5.39735E-2
-9999 -9999 -9999 -9999 -9999 -9999 -9999 2.57509E-2 1.92681E-2 3.62861E-2 5.23316E-2 5.3091E-2 1.40246E-1 1.08422E-1 8.26537E-2 5.75063E-2 5.90627E-2 7.66985E-2 8.1436E-2 7.32309E-2 2.98426E-2 1.01813E-1 8.40696E-2 7.7348E-2 7.09629E-2 6.41038E-2 5.87761E-2 5.96759E-2 7.82488E-2 8.76363E-2 9.53624E-2 1.1218E-1 1.21794E-1 7.25178E-2 1.60599E-1 1.76184E-1 1.39065E-1 1.09837E-1 8.95657E-2 9.04022E-2 6.90365E-2 3.46914E-2 3.96268E-2 5.22412E-2 5.541E-2 5.18155E-2 6.82814E-2 7.58374E-2 6.80506E-2 7.84017E-2 7.01446E-2 5.62991E-2 7.3065E-2 8.93086E-2 8.92078E-2 7.88343E-2 6.54389E-2 4.76611E-2 4.95487E-2 5.65986E-2
-9999 -9999 -9999 -9999 -9999 -9999 -9999 1.50597E-1 1.07856E-1 1.45686E-1 1.54726E-1 1.23346E-1 1.81595E-1 1.3103E-1 9.73674E-2 7.98837E-2 8.39864E-2 1.05921E-1 1.15737E-1 1.02212E-2 1.17211E-1 8.67847E-2 8.58437E-2 8.4288E-2 8.03522E-2 7.5E-2 7.61583E-2 8.13312E-2 1.08545E-1 1.13846E-1 1.33775E-1 1.45858E-1 1.61853E-1 1.45941E-1 2.39355E-1 2.31657E-1 1.85454E-1 1.54311E-1 1.27601E-1 1.15834E-1 1.06592E-1 7.79371E-2 6.54153E-2 4.33309E-2 5.71105E-2 6.1534E-2 6.44642E-2 7.27899E-2 8.10647E-2 8.3687E-2 8.50008E-2 5.67144E-2 8.50758E-2 9.03448E-2 8.67602E-2 7.70185E-2 4.47066E-2 4.28186E-2 4.72442E-2 5.54226E-2
-9999 -9999 -9999 -9999 -9999 -9999 -9999 1.71128E-1 1.2906E-1 1.47813E-1 8.42332E-2 1.6854E-1 1.6589E-1 1.16136E-1 9.14273E-2 8.63697E-2 9.06965E-2 1.63157E-1 3.76197E-2 1.14247E-1 9.72344E-2 8.5954E-2 9.35412E-2 8.75127E-2 5.73887E-2 5.73412E-2 7.2737E-2 5.40076E-2 6.65994E-2 7.98282E-2 1.29549E-1 1.2353E-1 9.01035E-2 1.38567E-1 1.69632E-1 1.8191E-1 1.31791E-1 1.03855E-1 1.15512E-1 1.21054E-1 1.18826E-1 8.9972E-2 7.37907E-2 7.30501E-2 7.59122E-2 4.06353E-2 5.16132E-2 6.50566E-2 1.02585E-1 4.98982E-2 1.02874E-1 1.05913E-1 7.38587E-2 1.13061E-1 1.13992E-1 1.0123E-1 6.45039E-2 5.94266E-2 6.42382E-2 7.47518E-2
-9999 -9999 -9999 -9999 -9999 -9999 1.16024E-1 1.45846E-1 1.41878E-1 1.42229E-1 1.35969E-1 1.63721E-1 1.45454E-1 1.06171E-1 8.99659E-2 9.85953E-2 1.09505E-1 4.73418E-2 7.69394E-2 9.28026E-2 8.38593E-2 9.14344E-2 9.36152E-2 4.5641E-2 9.40668E-2 1.08261E-1 1.22724E-1 1.12395E-1 1.24812E-1 1.17047E-1 1.17726E-1 1.34916E-1 1.56154E-1 2.03834E-1 2.27713E-1 2.33601E-1 1.75917E-1 1.35309E-1 6.96858E-2 6.55137E-2 7.32664E-2 7.37277E-2 7.86785E-2 8.70439E-2 9.59501E-2 7.49157E-2 7.021E-2 5.72054E-2 1.28305E-1 1.07671E-1 1.23484E-1 1.30619E-1 7.77353E-2 1.46632E-1 1.56117E-1 1.19993E-1 9.15723E-2 8.97438E-2 9.88293E-2 1.05661E-1
-9999 -9999 -9999 -9999 -9999 -9999 1.02633E-1 1.07657E-1 8.00854E-2 6.50274E-2 1.408E-1 1.50093E-1 1.30283E-1 9.72867E-2 8.58424E-2 1.3224E-1 1.02962E-1 1.15335E-1 6.89436E-2 9.15568E-2 8.7796E-2 9.0195E-2 6.59429E-2 1.01301E-1 1.04779E-1 1.3932E-1 1.40994E-1 1.27434E-1 1.37833E-1 1.32688E-1 1.39204E-1 1.3905E-1 1.53447E-1 2.10957E-1 2.08845E-1 2.14477E-1 1.51316E-1 1.25409E-1 1.06875E-1 1.16438E-1 1.44467E-1 1.17388E-1 8.28495E-2 8.87895E-2 8.70915E-2 8.72075E-2 8.50681E-2 1.0013E-1 1.43374E-1 1.38761E-1 1.52225E-1 1.52188E-1 1.37557E-1 1.79364E-1 1.94932E-1 1.74207E-1 1.40459E-1 1.28464E-1 1.33028E-1 9.77211E-2
-9999 -9999 -9999 -9999 -9999 -9999 1.02061E-1 1.17086E-1 1.11915E-1 1.2259E-1 1.53438E-1 1.38432E-1 1.16583E-1 9.83632E-2 9.74312E-2 1.10707E-1 1.11068E-1 8.4247E-2 7.86737E-2 5.29845E-2 5.55061E-2 6.58285E-2 1.12724E-1 1.14707E-1 1.12367E-1 1.41571E-1 1.58109E-1 1.52551E-1 1.5178E-1 1.31676E-1 1.33361E-1 1.33109E-1 1.70962E-1 1.9025E-1 1.81962E-1 1.68747E-1 1.13186E-1 1.04073E-1 1.01305E-1 1.1438E-1 1.48432E-1 1.34353E-1 1.17738E-1 1.11729E-1 9.9641E-2 7.1921E-2 5.84881E-2 1.11054E-1 4.25594E-2 9.74922E-2 1.7015E-1 1.75824E-1 2.06479E-1 1.63886E-1 2.31718E-1 1.94617E-1 1.47057E-1 1.2721E-1 1.32485E-1 1.02602E-1
-9999 -9999 -9999 -9999 -9999 -9999 -9999 1.19832E-1 1.3561E-1 1.46341E-1 1.53847E-1 1.22625E-1 1.07716E-1 9.95654E-2 1.3634E-1 1.01485E-1 8.06006E-2 8.70017E-2 9.30943E-2 9.94133E-2 1.05369E-1 1.2065E-1 1.28244E-1 1.15157E-1 1.1557E-1 1.21702E-1 1.47537E-1 1.45705E-1 1.5257E-1 1.28593E-1 1.50248E-1 1.59151E-1 1.92551E-1 1.65503E-1 1.5083E-1 1.00992E-1 9.81764E-2 1.02818E-1 1.08445E-1 1.17869E-1 1.6124E-1 1.34762E-1 7.2623E-2 1.79572E-1 1.8909E-1 1.28456E-1 1.28631E-1 2.32757E-1 8.98068E-2 1.32064E-1 1.40383E-1 1.15443E-1 1.67338E-1 1.46159E-1 2.092E-1 1.67594E-1 1.57179E-1 1.6287E-1 1.6276E-1 2.10895E-1
-9999 -9999 -9999 -9999 -9999 -9999 -9999 1.15506E-1 1.47105E-1 1.55205E-1 1.41139E-1 1.20802E-1 1.21426E-1 2.18714E-1 1.81276E-1 7.76565E-2 8.42197E-2 9.7655E-2 1.08613E-1 1.15234E-1 1.16096E-1 1.21856E-1 1.16746E-1 1.05323E-1 1.08755E-1 1.32084E-1 1.43016E-1 1.41184E-1 1.63922E-1 1.57567E-1 1.93088E-1 1.83655E-1 1.60334E-1 1.65833E-1 1.28572E-1 9.9577E-2 1.0239E-1 1.10797E-1 1.14796E-1 7.66495E-2 1.40741E-1 1.44897E-1 1.64942E-1 2.02021E-1 2.05502E-1 1.35435E-1 1.35599E-1 2.01427E-1 3.67855E-2 1.22851E-1 1.85351E-1 1.96043E-1 1.3831E-1 1.19615E-1 9.19215E-2 7.50472E-2 6.15521E-2 1.09212E-1 1.04991E-1 1.46203E-1
-9999 -9999 -9999 -9999 -9999 -9999 -9999 -9999 1.132E-1 1.32995E-1 1.47928E-1 1.3516E-1 1.84684E-1 1.48626E-1 1.28088E-1 7.88557E-2 8.59532E-2 9.88953E-2 1.04373E-1 1.11869E-1 1.15759E-1 1.13787E-1 9.84066E-2 9.24805E-2 9.60439E-2 1.33405E-1 1.64098E-1 1.53819E-1 1.46359E-1 1.59752E-1 1.56179E-1 1.73898E-1 1.96124E-1 1.64066E-1 1.25646E-1 1.20985E-1 1.14847E-1 1.24684E-1 1.2388E-1 1.02309E-1 2.11947E-1 1.52128E-1 2.00096E-1 1.98108E-1 1.68718E-1 1.23557E-1 2.27793E-1 2.61141E-2 5.36294E-2 1.70467E-1 1.02705E-1 9.86675E-2 9.52996E-2 9.9071E-2 1.0036E-1 1.13834E-1 1.16228E-1 1.2173E-1 1.88713E-1 1.62017E-1
-9999 -9999 -9999 -9999 -9999 -9999 -9999 -9999 -9999 1.16477E-1 1.48847E-1 1.2196E-1 2.23423E-1 2.57711E-1 1.32844E-1 1.17584E-1 1.01008E-1 1.10691E-1 1.19218E-1 1.30878E-1 1.39584E-1 1.31145E-1 1.16693E-1 1.12087E-1 1.26979E-1 1.66039E-1 2.14783E-1 1.89359E-1 1.821E-1 1.41204E-1 1.69407E-1 2.117E-1 2.09063E-1 1.58492E-1 1.49616E-1 1.45918E-1 1.26822E-1 1.39902E-1 1.5006E-1 2.25308E-1 1.90577E-1 1.37303E-1 1.98514E-1 1.8732E-1 1.29681E-1 2.08632E-1 1.4595E-2 1.55962E-2 1.52146E-1 8.00029E-2 8.26772E-2 9.00958E-2 9.05407E-2 9.28885E-2 1.2294E-1 1.39355E-1 9.82661E-2 1.63488E-1 1.90525E-1 2.11251E-1
-9999 -9999 -9999 -9999 -9999 -9999 -9999 -9999 -9999 -9999 -9999 1.89619E-1 1.01647E-1 2.63394E-1 1.83405E-1 1.43473E-1 1.05987E-1 1.10475E-1 1.19134E-1 1.30333E-1 1.40242E-1 1.46398E-1 1.35611E-1 1.41931E-1 1.53071E-1 1.60938E-1 2.73528E-1 1.77719E-1 1.9577E-1 1.63844E-1 2.01701E-1 2.05591E-1 1.82088E-1 1.72498E-1 1.55644E-1 1.58986E-1 1.46607E-1 1.72414E-1 1.45584E-1 2.42756E-1 1.54271E-1 1.27156E-1 1.88951E-1 1.75519E-1 9.7692E-2 1.23233E-2 9.30972E-3 1.50953E-1 8.15947E-2 9.22308E-2 1.03649E-1 1.11841E-1 1.09644E-1 1.10833E-1 1.07171E-1 8.49729E-2 1.44976E-1 1.66348E-1 1.83745E-1 2.43819E-1
-9999 -9999 -9999 -9999 -9999 -9999 -9999 -9999 -9999 -9999 -9999 1.01935E-1 2.64405E-1 1.22271E-1 1.88977E-1 1.16426E-1 8.92598E-2 9.70783E-2 1.18016E-1 1.34114E-1 9.32137E-2 1.54239E-1 1.61578E-1 1.71184E-1 1.86247E-1 1.93785E-1 3.24461E-1 1.0646E-1 2.35201E-1 2.01618E-1 1.58815E-1 1.61668E-1 1.75002E-1 1.6887E-1 1.53689E-1 9.54366E-2 1.52981E-1 2.28339E-1 1.77179E-1 2.13737E-1 1.44775E-1 1.3207E-1 1.96651E-1 1.52022E-1 1.6757E-2 1.07931E-2 1.27928E-1 9.1652E-2 9.94626E-2 1.12029E-1 1.24048E-1 1.3052E-1 1.17573E-1 6.77292E-2 9.38383E-2 1.36766E-1 1.51022E-1 1.6008E-1 1.92869E-1 3.0188E-1
-9999 -9999 -9999 -9999 -9999 -9999 -9999 -9999 -9999 -9999 -9999 -9999 1.19737E-1 1.65359E-1 1.3801E-1 9.13843E-2 8.3345E-2 1.0556E-1 1.39299E-1 1.50746E-1 9.48683E-2 1.62534E-1 1.33044E-1 1.25336E-1 1.47878E-1 2.0714E-1 2.86824E-1 8.54291E-2 2.70914E-1 1.1191E-1 1.13625E-1 1.24723E-1 1.38209E-1 1.432E-1 1.60526E-1 1.69357E-1 8.43206E-2 1.30829E-1 2.34518E-1 1.61808E-1 1.23778E-1 1.23792E-1 1.32703E-1 5.41485E-3 5.45761E-3 9.30363E-2 6.17546E-2 7.01148E-2 9.00297E-2 1.09133E-1 1.25746E-1 1.3341E-1 1.2155E-1 9.57344E-2 1.26994E-1 1.32595E-1 1.34057E-1 1.40839E-1 2.09879E-1 2.58002E-1
-9999 -9999 -9999 -9999 -9999 -9999 -9999 -9999 -9999 -9999 -9999 -9999 -9999 1.26021E-1 1.11316E-1 8.46925E-2 8.8847E-2 1.20427E-1 1.47043E-1 1.59517E-1 1.35382E-1 1.39311E-1 1.95533E-1 1.92139E-1 1.25454E-1 2.14958E-1 2.76507E-1 2.50004E-1 1.65849E-1 1.04049E-1 9.06765E-2 1.06819E-1 1.29602E-1 1.43496E-1 1.55747E-1 1.78708E-1 1.61074E-1 2.3282E-1 2.30659E-1 1.28751E-1 1.07449E-1 1.30665E-1 1.27477E-2 9.10525E-3 7.03674E-2 4.05553E-2 5.50446E-2 7.54316E-2 9.63085E-2 1.12368E-1 1.3166E-1 1.3858E-1 1.18405E-1 1.13327E-1 1.28439E-1 1.18804E-1 1.14439E-1 1.18366E-1 1.84145E-1 1.98841E-1
-9999 -9999 -9999 -9999 -9999 -9999 -9999 -9999 -9999 -9999 -9999 -9999 -9999 1.17942E-1 1.13646E-1 9.91375E-2 9.63864E-2 1.28017E-1 1.44017E-1 1.64368E-1 1.82325E-1 1.96878E-1 1.33707E-1 1.95222E-1 2.4395E-1 2.1325E-1 1.84392E-1 1.71208E-1 1.34701E-1 9.55782E-2 8.13817E-2 1.05487E-1 1.34212E-1 1.42118E-1 1.43638E-1 1.66718E-1 1.63803E-1 2.19215E-1 2.04176E-1 1.06851E-1 8.71246E-2 1.04583E-1 9.63855E-2 5.87485E-2 3.47014E-2 3.54274E-2 4.79917E-2 7.01237E-2 9.4645E-2 1.0611E-1 1.31065E-1 1.33686E-1 1.17134E-1 1.11847E-1 1.27737E-1 1.12267E-1 9.97838E-2 8.86894E-2 1.5207E-1 1.76602E-1
-9999 -9999 -9999 -9999 -9999 -9999 -9999 -9999 -9999 -9999 -9999 -9999 -9999 1.31181E-1 1.25608E-1 1.10635E-1 1.10587E-1 1.36819E-1 1.52823E-1 1.74702E-1 1.89661E-1 1.33018E-1 2.978E-1 3.51273E-1 1.53057E-1 1.01879E-1 2.19979E-1 1.62584E-1 1.31542E-1 9.97625E-2 8.57307E-2 1.12542E-1 1.2293E-1 1.27584E-1 1.33512E-1 1.44607E-1 1.4421E-1 1.88733E-1 1.69018E-1 1.03946E-1 1.43456E-1 6.81274E-2 4.33408E-2 3.47218E-2 2.8153E-2 4.06278E-2 5.82553E-2 8.29288E-2 9.4725E-2 1.11171E-1 1.36665E-1 1.29014E-1 6.96166E-2 1.27633E-1 1.25797E-1 1.05351E-1 9.20956E-2 8.45871E-2 1.45432E-1 1.35303E-1
-9999 -9999 -9999 -9999 -9999 -9999 -9999 -9999 -9999 -9999 -9999 -9999 -9999 1.41857E-1 1.30566E-1 1.27286E-1 1.30944E-1 1.51822E-1 1.73784E-1 1.81297E-1 1.26251E-1 2.84067E-1 8.55382E-2 3.07522E-1 2.95678E-1 2.76898E-1 2.50911E-1 1.45174E-1 1.15273E-1 9.38692E-2 8.68071E-2 9.8267E-2 1.09655E-1 1.14982E-1 1.09414E-1 1.19218E-1 1.23336E-1 1.56105E-1 1.45518E-1 1.34392E-1 5.90512E-2 4.1273E-2 3.35103E-2 2.80262E-2 3.27184E-2 4.75735E-2 7.02322E-2 8.51478E-2 1.00787E-1 1.19258E-1 1.3531E-1 1.20748E-1 6.27874E-2 1.33175E-1 1.22535E-1 9.89266E-2 8.02462E-2 6.63834E-2 8.01329E-2 3.43729E-2
-9999 -9999 -9999 -9999 -9999 -9999 -9999 -9999 -9999 -9999 -9999 -9999 2.38453E-1 2.74265E-1 2.2056E-1 2.02118E-1 2.15213E-1 2.33846E-1 2.26233E-1 1.91628E-1 2.07003E-1 2.87231E-1 2.34657E-1 2.08614E-1 1.98434E-1 1.74998E-1 2.31226E-1 2.55915E-1 1.38774E-1 1.18098E-1 1.11671E-1 1.18512E-1 9.38034E-2 8.61693E-2 8.44443E-2 9.33984E-2 1.12744E-1 5.03619E-2 1.18471E-1 6.50633E-2 4.65382E-2 4.7916E-2 4.9216E-2 4.36471E-2 4.59379E-2 6.09569E-2 8.09542E-2 9.71586E-2 1.21578E-1 1.42618E-1 1.30912E-1 9.07302E-2 1.22486E-1 1.40112E-1 1.14993E-1 9.68452E-2 8.03957E-2 6.62697E-2 7.32138E-2 5.19041E-2
-9999 -9999 -9999 -9999 -9999 -9999 -9999 -9999 -9999 -9999 -9999 4.19283E-2 2.79878E-1 1.4122E-1 1.92809E-1 1.67313E-1 2.60536E-1 3.43667E-1 2.48978E-1 2.20083E-1 1.8475E-1 2.19324E-1 2.13544E-1 1.0576E-1 1.52352E-1 2.25598E-1 3.31038E-1 2.13628E-1 2.73927E-1 1.7502E-1 1.55976E-1 1.51213E-1 1.1013E-1 8.67827E-2 6.68452E-2 7.05096E-2 7.6628E-2 5.01261E-2 7.93241E-2 6.52489E-2 6.63438E-2 7.28821E-2 7.9427E-2 6.97711E-2 6.4629E-2 6.99808E-2 8.75603E-2 1.04287E-1 1.46554E-1 1.60087E-1 1.15655E-1 7.58858E-2 1.42796E-1 1.33111E-1 1.04372E-1 8.85331E-2 7.43471E-2 6.50296E-2 7.20298E-2 5.85081E-2
