Phytophthora/models/20240506_1646_46/Phytophthora_PA3_RUN9_MAXENT_outputs/Phytophthora_PA3_RUN9.asc
ncols         225
nrows         269
xllcorner     473009.9838
yllcorner     4429051.1748
cellsize      50.0
NODATA_value  -9999
[rows 26 to 51 of 269, columns 0 to 59 of 225]
-9999 -9999 -9999 -9999 -9999 -9999 -9999 -9999 -9999 -9999 -9999 -9999 -9999 -9999 -9999 -9999 -9999 -9999 -9999 -9999 -9999 -9999 -9999 -9999 -9999 -9999 -9999 -9999 -9999 -9999 -9999 -9999 -9999 -9999 -9999 -9999 -9999 1.40072E-3 2.34993E-3 3.16145E-3 5.03078E-3 2.76794E-3 9.55976E-3 9.29401E-3 9.38448E-3 7.55507E-3 1.27451E-2 1.32624E-2 1.28801E-2 1.22101E-2 5.06081E-3 7.56973E-3 5.81811E-3 3.93959E-3 3.46488E-3 2.3392E-3 1.7134E-3 1.36764E-3 1.35238E-3 1.29538E-3
-9999 -9999 -9999 -9999 -9999 -9999 -9999 -9999 -9999 -9999 -9999 -9999 -9999 -9999 -9999 -9999 -9999 -9999 -9999 -9999 -9999 -9999 -9999 -9999 -9999 -9999 -9999 -9999 -9999 -9999 -9999 -9999 -9999 -9999 -9999 -9999 -9999 3.21388E-3 3.22399E-3 4.21992E-3 4.24355E-3 6.60923E-3 1.14841E-2 1.27558E-2 1.41755E-2 1.37865E-2 6.24637E-3 1.2792E-2 1.1616E-2 6.32977E-3 5.65011E-3 5.39204E-3 4.01468E-3 2.34834E-3 1.82109E-3 1.46287E-3 1.18536E-3 1.01297E-3 1.25126E-3 1.90088E-3
-9999 -9999 -9999 -9999 -9999 -9999 -9999 -9999 -9999 -9999 -9999 -9999 -9999 -9999 -9999 -9999 -9999 -9999 -9999 -9999 -9999 -9999 -9999 -9999 -9999 -9999 -9999 -9999 -9999 -9999 -9999 -9999 -9999 -9999 -9999 -9999 -9999 2.88711E-3 3.06085E-3 3.63555E-3 6.2519E-3 7.59505E-3 1.04763E-2 8.32105E-3 7.92572E-3 6.47546E-3 1.01985E-2 6.16541E-3 4.8955E-3 2.61919E-3 5.14714E-3 4.53453E-3 3.32146E-3 2.32056E-3 1.92486E-3 1.57721E-3 1.97468E-3 1.2348E-3 1.09433E-3 1.89841E-3
-9999 -9999 -9999 -9999 -9999 -9999 -9999 -9999 -9999 -9999 -9999 -9999 -9999 -9999 -9999 -9999 -9999 -9999 -9999 -9999 -9999 -9999 -9999 -9999 -9999 -9999 -9999 -9999 -9999 -9999 -9999 -9999 -9999 -9999 2.11041E-3 2.02639E-3 2.72962E-3 2.5951E-3 2.96914E-3 2.93838E-3 4.03657E-3 1.00872E-2 6.18542E-3 1.10783E-2 1.27287E-2 1.19548E-2 6.15443E-3 7.71992E-3 6.24544E-3 5.12409E-3 4.36901E-3 3.36364E-3 2.5177E-3 2.20961E-3 2.14756E-3 1.8979E-3 1.19586E-3 1.5298E-3 2.03239E-3 2.18805E-3
-9999 -9999 -9999 -9999 -9999 -9999 -9999 -9999 -9999 -9999 -9999 -9999 -9999 -9999 -9999 -9999 -9999 -9999 -9999 -9999 -9999 -9999 -9999 -9999 -9999 -9999 -9999 -9999 -9999 -9999 -9999 -9999 -9999 2.89215E-3 2.91198E-3 2.88289E-3 3.17789E-3 3.44745E-3 3.52838E-3 2.99302E-3 2.96578E-3 6.58661E-3 8.46537E-3 1.0444E-2 1.00257E-2 8.84844E-3 5.46901E-3 7.4671E-3 6.15903E-3 5.16671E-3 4.0274E-3 2.98306E-3 2.55469E-3 2.6758E-3 2.82883E-3 2.56996E-3 1.11962E-3 2.24481E-3 2.33912E-3 2.43578E-3
-9999 -9999 -9999 -9999 -9999 -9999 -9999 -9999 -9999 -9999 -9999 -9999 -9999 -9999 -9999 -9999 -9999 -9999 -9999 -9999 -9999 -9999 -9999 -9999 -9999 -9999 -9999 -9999 -9999 -9999 -9999 -9999 -9999 4.08605E-3 4.19764E-3 5.4586E-3 7.24495E-3 5.82216E-3 3.53293E-3 6.82454E-3 1.26485E-2 1.08357E-2 8.20732E-3 7.3555E-3 6.6049E-3 7.86591E-3 7.62522E-3 4.26375E-3 6.23009E-3 4.89553E-3 4.30861E-3 4.4085E-3 3.55658E-3 3.02716E-3 3.22811E-3 3.19273E-3 1.94063E-3 2.5641E-3 2.81221E-3 2.72262E-3
-9999 -9999 -9999 -9999 -9999 -9999 -9999 -9999 -9999 -9999 -9999 -9999 -9999 -9999 -9999 -9999 -9999 -9999 -9999 -9999 -9999 -9999 -9999 -9999 -9999 -9999 -9999 -9999 -9999 -9999 -9999 4.97313E-3 4.84954E-3 4.8169E-3 4.73242E-3 7.56192E-3 8.95775E-3 9.40606E-3 4.22412E-3 1.21398E-2 1.26617E-2 7.7226E-3 4.23546E-3 4.2469E-3 4.41813E-3 5.83862E-3 7.10699E-3 7.22202E-3 5.36152E-3 2.85666E-3 4.5602E-3 4.76289E-3 3.42018E-3 3.15848E-3 3.34181E-3 3.4753E-3 3.10236E-3 2.53197E-3 2.96045E-3 1.48723E-3
-9999 -9999 -9999 -9999 -9999 -9999 -9999 -9999 -9999 -9999 -9999 -9999 -9999 -9999 -9999 -9999 -9999 -9999 -9999 -9999 -9999 -9999 -9999 -9999 -9999 -9999 -9999 -9999 -9999 -9999 1.00903E-3 2.78066E-3 5.62324E-3 5.36663E-3 6.72531E-3 7.43264E-3 8.03085E-3 8.93922E-3 8.22691E-3 1.10654E-2 1.2154E-2 5.10004E-3 4.138E-3 4.417E-3 4.7314E-3 4.96397E-3 6.22808E-3 7.06364E-3 6.47759E-3 4.95758E-3 5.79602E-3 5.06714E-3 3.72603E-3 3.35707E-3 3.49062E-3 3.19963E-3 2.93421E-3 1.42977E-3 2.23801E-3 1.92399E-3
-9999 -9999 -9999 -9999 -9999 -9999 -9999 -9999 -9999 -9999 -9999 -9999 -9999 -9999 -9999 -9999 -9999 -9999 -9999 -9999 -9999 -9999 -9999 -9999 -9999 -9999 -9999 -9999 -9999 2.61401E-4 4.20303E-4 1.76482E-3 6.54497E-3 7.30764E-3 8.26432E-3 8.21319E-3 7.50673E-3 4.67347E-3 6.97141E-3 7.9552E-3 6.24403E-3 4.78652E-3 4.13354E-3 4.62747E-3 4.99329E-3 5.31546E-3 5.28847E-3 6.56944E-3 8.09522E-3 7.45424E-3 3.66486E-3 5.16443E-3 4.06474E-3 3.65861E-3 3.47685E-3 2.96774E-3 1.93132E-3 1.7116E-3 1.40106E-3 2.04593E-3
-9999 -9999 -9999 -9999 -9999 -9999 -9999 -9999 -9999 -9999 -9999 -9999 -9999 -9999 -9999 -9999 -9999 -9999 -9999 -9999 -9999 -9999 -9999 -9999 -9999 -9999 -9999 -9999 -9999 1.60578E-4 2.07889E-4 1.10389E-3 7.90283E-3 9.26515E-3 8.70618E-3 7.29363E-3 4.05435E-3 9.27661E-3 4.53011E-3 6.35746E-3 5.60057E-3 4.63063E-3 4.19119E-3 4.51446E-3 4.46914E-3 5.9105E-3 6.01082E-3 6.64567E-3 7.32197E-3 7.09534E-3 3.77722E-3 5.23143E-3 4.48325E-3 3.74609E-3 3.09368E-3 1.93496E-3 2.24554E-3 1.90189E-3 1.85991E-3 8.2355E-4
-9999 -9999 -9999 -9999 -9999 -9999 -9999 -9999 -9999 -9999 -9999 -9999 -9999 -9999 -9999 -9999 -9999 -9999 -9999 -9999 -9999 -9999 -9999 -9999 -9999 -9999 -9999 -9999 -9999 2.6981E-4 1.50197E-4 7.42795E-4 1.00921E-2 5.09964E-3 4.00262E-3 9.80228E-3 8.04679E-3 1.44848E-2 8.8364E-3 5.60231E-3 4.77441E-3 2.91678E-3 4.68728E-3 4.5469E-3 5.49744E-3 6.37562E-3 6.34361E-3 6.63429E-3 6.95891E-3 7.28503E-3 3.45383E-3 5.92392E-3 5.14389E-3 4.00847E-3 2.55541E-3 2.33935E-3 2.16901E-3 1.61285E-3 1.68862E-3 1.42458E-3
-9999 -9999 -9999 -9999 -9999 -9999 -9999 -9999 -9999 -9999 -9999 -9999 -9999 -9999 -9999 -9999 -9999 -9999 -9999 -9999 -9999 -9999 -9999 -9999 -9999 -9999 -9999 -9999 -9999 6.74093E-4 8.04564E-5 4.98476E-4 4.93392E-3 6.32837E-3 8.88755E-3 4.98245E-3 1.03742E-2 8.44353E-3 6.29852E-3 5.62456E-3 3.05903E-3 5.04984E-3 5.34651E-3 4.94022E-3 5.96728E-3 6.71116E-3 7.06279E-3 7.04327E-3 6.7362E-3 7.62015E-3 7.14125E-3 5.05169E-3 5.823E-3 3.20488E-3 2.70571E-3 2.54506E-3 1.97187E-3 1.13932E-3 1.33098E-3 1.22549E-3
-9999 -9999 -9999 -9999 -9999 -9999 -9999 -9999 -9999 -9999 -9999 -9999 -9999 -9999 -9999 -9999 -9999 -9999 -9999 -9999 -9999 -9999 -9999 -9999 -9999 -9999 -9999 -9999 -9999 3.2741E-4 1.55032E-4 6.565E-4 9.35997E-3 9.46202E-3 5.48167E-3 1.54059E-2 6.57614E-3 3.54613E-3 5.76581E-3 6.26871E-3 4.62633E-3 5.75234E-3 5.86054E-3 5.99252E-3 5.80255E-3 4.74678E-3 5.6902E-3 6.8108E-3 6.96859E-3 7.55258E-3 8.07483E-3 5.3773E-3 5.44736E-3 2.4309E-3 3.78423E-3 3.74756E-3 1.87551E-3 1.22905E-3 1.30921E-3 1.22353E-3
-9999 -9999 -9999 -9999 -9999 -9999 -9999 -9999 -9999 -9999 -9999 -9999 -9999 -9999 -9999 -9999 -9999 -9999 -9999 -9999 -9999 -9999 -9999 -9999 -9999 -9999 -9999 -9999 -9999 -9999 3.76602E-4 3.42715E-3 2.02539E-2 1.36085E-2 9.86685E-3 1.187E-2 1.19837E-2 1.04936E-2 7.18086E-3 3.56328E-3 6.81308E-3 6.55466E-3 6.71667E-3 7.57033E-3 6.32703E-3 6.99909E-3 6.71216E-3 3.54928E-3 4.87037E-3 5.17694E-3 4.27202E-3 6.04547E-3 3.82176E-3 5.22365E-3 5.01334E-3 3.87278E-3 1.68219E-3 1.19587E-3 1.26715E-3 1.27625E-3
-9999 -9999 -9999 -9999 -9999 -9999 -9999 -9999 -9999 -9999 -9999 -9999 -9999 -9999 -9999 -9999 -9999 -9999 -9999 -9999 -9999 -9999 -9999 -9999 -9999 -9999 -9999 -9999 -9999 4.08831E-4 1.16686E-3 3.69509E-3 1.40996E-2 1.09363E-2 8.03631E-3 8.51538E-3 9.25598E-3 9.44662E-3 8.87798E-3 7.70434E-3 7.65052E-3 7.21231E-3 7.89954E-3 8.39439E-3 7.72648E-3 7.29228E-3 7.11922E-3 6.58624E-3 6.30785E-3 6.39302E-3 7.4405E-3 4.3775E-3 3.32869E-3 5.70057E-3 5.16372E-3 3.67472E-3 1.74076E-3 1.25723E-3 1.27542E-3 1.13837E-3
-9999 -9999 -9999 -9999 -9999 -9999 -9999 -9999 -9999 -9999 -9999 -9999 -9999 -9999 -9999 -9999 -9999 -9999 -9999 -9999 -9999 -9999 -9999 -9999 -9999 -9999 -9999 4.96097E-4 6.32944E-4 1.54969E-3 2.80667E-3 5.06495E-3 9.13591E-3 8.24644E-3 8.29598E-3 8.04086E-3 7.97503E-3 8.49906E-3 8.94033E-3 8.50752E-3 9.53763E-3 1.04917E-2 9.96782E-3 8.74868E-3 7.59189E-3 6.90085E-3 7.20839E-3 6.08894E-3 6.57618E-3 6.85963E-3 7.75167E-3 8.79674E-3 3.68212E-3 6.43906E-3 5.36416E-3 3.25508E-3 2.04074E-3 1.72713E-3 1.42061E-3 1.05048E-3
-9999 -9999 -9999 -9999 -9999 -9999 -9999 -9999 -9999 -9999 -9999 -9999 -9999 -9999 -9999 -9999 -9999 -9999 -9999 -9999 -9999 -9999 -9999 -9999 -9999 4.756E-4 8.76946E-4 5.09055E-3 8.64762E-3 9.78732E-3 1.25336E-2 1.38476E-2 1.25945E-2 1.23362E-2 1.25911E-2 1.2178E-2 1.11448E-2 1.0494E-2 1.13014E-2 1.23989E-2 1.20188E-2 1.17742E-2 1.14213E-2 1.02239E-2 8.52025E-3 7.56939E-3 7.51098E-3 6.10614E-3 4.95485E-3 6.89903E-3 7.59518E-3 8.34414E-3 6.55475E-3 3.5207E-3 5.12512E-3 2.90431E-3 2.6462E-3 2.38072E-3 1.58369E-3 1.19856E-3
-9999 -9999 -9999 -9999 -9999 -9999 -9999 -9999 -9999 -9999 -9999 -9999 -9999 -9999 -9999 -9999 -9999 -9999 -9999 -9999 -9999 -9999 -9999 -9999 6.36199E-4 4.77201E-4 9.86434E-4 8.75196E-3 7.39428E-3 7.95876E-3 8.75599E-3 1.06208E-2 1.30402E-2 1.51804E-2 1.42154E-2 1.34612E-2 1.28507E-2 1.37734E-2 1.4345E-2 1.46372E-2 7.8488E-3 1.01163E-2 6.77954E-3 5.86668E-3 5.20532E-3 5.05282E-3 4.98571E-3 4.09178E-3 3.33149E-3 6.75397E-3 8.88321E-3 7.97015E-3 7.49296E-3 6.15163E-3 3.88162E-3 2.09345E-3 1.95596E-3 2.4115E-3 1.76175E-3 1.32366E-3
-9999 -9999 -9999 -9999 -9999 -9999 -9999 -9999 -9999 -9999 -9999 -9999 -9999 -9999 -9999 -9999 -9999 -9999 -9999 -9999 -9999 -9999 -9999 -9999 4.11821E-4 3.44258E-4 2.2264E-3 1.01091E-2 8.70647E-3 8.78344E-3 9.0472E-3 9.06589E-3 1.04115E-2 1.29912E-2 1.15393E-2 1.36525E-2 1.42253E-2 1.67323E-2 1.65638E-2 1.61925E-2 1.10101E-2 1.54709E-2 1.69936E-2 1.54221E-2 1.00965E-2 3.88164E-3 4.47755E-3 9.00616E-3 8.4248E-3 4.18903E-3 9.99188E-3 8.80652E-3 7.63539E-3 7.00779E-3 6.14032E-3 5.19267E-3 3.77165E-3 1.31484E-3 1.91896E-3 1.26434E-3
-9999 -9999 -9999 -9999 -9999 -9999 -9999 -9999 -9999 -9999 -9999 -9999 -9999 -9999 -9999 -9999 -9999 -9999 -9999 -9999 -9999 -9999 -9999 2.78831E-4 1.1482E-4 1.23401E-3 3.58651E-3 1.28789E-2 1.1175E-2 1.15224E-2 1.05204E-2 9.06324E-3 5.88966E-3 6.32792E-3 9.55884E-3 1.37614E-2 1.57325E-2 1.70853E-2 1.19733E-2 1.08366E-2 1.81434E-2 1.91611E-2 2.16662E-2 1.72841E-2 1.23845E-2 1.02448E-2 1.04137E-2 1.0834E-2 9.36392E-3 1.03373E-2 1.09072E-2 7.92821E-3 5.88683E-3 5.92974E-3 5.55873E-3 4.9878E-3 4.79613E-3 3.73799E-3 1.40594E-3 2.02516E-3
-9999 -9999 -9999 -9999 -9999 -9999 -9999 -9999 -9999 -9999 -9999 -9999 -9999 -9999 -9999 -9999 -9999 -9999 -9999 -9999 -9999 -9999 -9999 5.44776E-4 5.70991E-4 3.79987E-3 3.89167E-3 1.34071E-2 1.40919E-2 1.22918E-2 6.00007E-3 9.30134E-3 9.50351E-3 1.06648E-2 1.22836E-2 1.42846E-2 1.43621E-2 9.35459E-3 1.95854E-2 2.1503E-2 2.20165E-2 2.38752E-2 2.43971E-2 1.79686E-2 1.39186E-2 1.25687E-2 1.22302E-2 1.20756E-2 8.45458E-3 1.29841E-2 9.47984E-3 6.36606E-3 5.6223E-3 5.46288E-3 4.80888E-3 4.72393E-3 4.71282E-3 3.35017E-3 1.51059E-3 1.70614E-3
-9999 -9999 -9999 -9999 -9999 -9999 -9999 -9999 -9999 -9999 -9999 -9999 -9999 -9999 -9999 -9999 -9999 -9999 -9999 -9999 -9999 -9999 -9999 4.89476E-3 1.87046E-2 1.24763E-2 1.5389E-2 1.88886E-2 1.64738E-2 1.61351E-2 1.27765E-2 1.08043E-2 9.64002E-3 1.06131E-2 1.20773E-2 1.51226E-2 1.6261E-2 1.99108E-2 2.1334E-2 2.29159E-2 2.25002E-2 2.89049E-2 2.52461E-2 1.74665E-2 1.45068E-2 1.48894E-2 1.58629E-2 1.27109E-2 8.47552E-3 6.76402E-3 6.51748E-3 7.67982E-3 7.79285E-3 6.10292E-3 4.8992E-3 3.93055E-3 3.40623E-3 2.78095E-3 1.34884E-3 1.63878E-3
-9999 -9999 -9999 -9999 -9999 -9999 -9999 -9999 -9999 -9999 -9999 -9999 -9999 -9999 -9999 -9999 -9999 -9999 -9999 -9999 -9999 -9999 3.76438E-3 6.45129E-3 9.12437E-3 1.02188E-2 1.46299E-2 2.07697E-2 1.87365E-2 1.52968E-2 1.36176E-2 1.07633E-2 9.75059E-3 1.0374E-2 1.14932E-2 1.29571E-2 1.49062E-2 1.71508E-2 1.6734E-2 1.8304E-2 2.00791E-2 3.15075E-2 2.76713E-2 2.03407E-2 1.82643E-2 1.81308E-2 1.49798E-2 8.61628E-3 6.63574E-3 9.42863E-3 8.77099E-3 7.16213E-3 5.1068E-3 4.40453E-3 3.58653E-3 3.46156E-3 2.90837E-3 2.70582E-3 2.07864E-3 1.18927E-3
-9999 -9999 -9999 -9999 -9999 -9999 -9999 -9999 -9999 -9999 -9999 -9999 -9999 -9999 -9999 -9999 -9999 -9999 -9999 -9999 -9999 -9999 4.39792E-3 5.28732E-3 6.66402E-3 7.97045E-3 1.20241E-2 1.68486E-2 1.54756E-2 1.32488E-2 1.1944E-2 9.56874E-3 8.58649E-3 9.22324E-3 1.01352E-2 1.0577E-2 1.15819E-2 1.30864E-2 1.30012E-2 1.68018E-2 2.21935E-2 3.32934E-2 2.98499E-2 2.96162E-2 2.46116E-2 1.80343E-2 1.22759E-2 7.14948E-3 2.83934E-3 4.38967E-3 4.05148E-3 3.39334E-3 3.86335E-3 3.30888E-3 1.7671E-3 2.81153E-3 2.74219E-3 2.44565E-3 2.09862E-3 1.61714E-3
-9999 -9999 -9999 -9999 -9999 -9999 -9999 -9999 -9999 -9999 -9999 -9999 -9999 -9999 -9999 -9999 -9999 -9999 -9999 -9999 -9999 3.67432E-3 3.0402E-3 6.83253E-3 6.94277E-3 9.306E-3 1.31147E-2 1.37182E-2 1.22453E-2 1.07817E-2 9.85954E-3 8.20096E-3 8.21314E-3 8.20179E-3 8.06984E-3 8.37343E-3 8.82306E-3 1.04478E-2 1.27527E-2 1.82181E-2 2.33469E-2 3.21567E-2 3.03339E-2 2.71407E-2 2.1545E-2 1.43386E-2 9.59694E-3 4.62114E-3 4.58181E-3 4.21354E-3 4.15433E-3 3.91278E-3 3.80104E-3 3.37652E-3 1.95347E-3 3.70107E-3 3.05912E-3 2.55868E-3 1.91883E-3 1.67284E-3
-9999 -9999 -9999 -9999 -9999 -9999 -9999 -9999 -9999 -9999 -9999 -9999 -9999 -9999 -9999 -9999 -9999 -9999 -9999 -9999 -9999 2.68233E-3 4.24886E-3 4.74249E-3 6.99231E-3 9.86166E-3 1.07496E-2 9.65252E-3 9.37865E-3 8.6895E-3 8.06526E-3 7.37221E-3 8.21584E-3 6.50706E-3 6.21299E-3 6.57661E-3 8.47444E-3 1.15253E-2 1.31694E-2 1.83251E-2 2.24496E-2 2.22714E-2 1.76175E-2 2.03017E-2 1.73968E-2 1.48597E-2 1.04199E-2 7.03949E-3 4.16583E-3 2.87801E-3 5.12352E-3 4.98245E-3 3.49088E-3 2.05493E-3 4.54417E-3 4.32383E-3 3.61095E-3 2.72922E-3 2.07326E-3 1.74623E-3
