Phytophthora/models/20240506_1646_46/Phytophthora_PA3_RUN9_MAXENT_outputs/Phytophthora_PA3_RUN9.asc
ncols         225
nrows         269
xllcorner     473009.9838
yllcorner     4429051.1748
cellsize      50.0
NODATA_value  -9999
[rows 130 to 155 of 269, columns 120 to 179 of 225]
1.33581E-1 2.26835E-1 2.35932E-1 2.31037E-1 3.34152E-1 3.79038E-1 4.54758E-1 5.1005E-1 4.53331E-1 5.4943E-1 5.80531E-1 6.2254E-1 6.45253E-1 5.8508E-1 5.08068E-1 5.21513E-1 5.18028E-1 -9999 -9999 -9999 -9999 -9999 -9999 -9999 -9999 -9999 2.09401E-1 2.52735E-1 2.77307E-1 2.86941E-1 3.17084E-1 2.77044E-1 2.95877E-1 1.73499E-1 3.21116E-1 3.57579E-1 3.03064E-1 2.77888E-1 2.61566E-1 2.55448E-1 1.91593E-1 3.16548E-1 3.65443E-1 3.72076E-1 3.42538E-1 3.11005E-1 2.79983E-1 2.29553E-1 1.48687E-1 9.89705E-2 1.28135E-1 8.32809E-2 1.99769E-1 2.24843E-1 2.3634E-1 2.65864E-1 3.79307E-1 3.50659E-1 3.38457E-1 3.14638E-1
1.64428E-1 1.78501E-1 1.77449E-1 2.10584E-1 3.07222E-1 3.75567E-1 4.40497E-1 4.698E-1 3.8932E-1 3.77356E-1 4.48133E-1 6.33165E-1 6.71283E-1 6.43668E-1 5.49353E-1 5.4059E-1 5.30013E-1 -9999 -9999 -9999 -9999 -9999 -9999 -9999 -9999 -9999 2.72581E-1 3.01683E-1 3.18435E-1 3.17334E-1 3.14117E-1 -9999 2.04586E-1 3.11455E-1 3.21093E-1 2.85686E-1 2.83835E-1 2.81851E-1 2.59208E-1 2.75499E-1 2.84948E-1 2.99195E-1 3.43066E-1 4.35648E-1 4.49118E-1 3.64974E-1 3.22752E-1 2.56606E-1 1.85945E-1 1.41681E-1 1.6192E-1 1.96122E-1 1.636E-1 2.39846E-1 2.78123E-1 3.10192E-1 3.7729E-1 4.01416E-1 3.54451E-1 3.41996E-1
1.514E-1 1.4162E-1 1.29269E-1 1.90633E-1 2.84221E-1 3.49527E-1 3.96554E-1 2.87325E-1 3.24676E-1 5.37379E-1 5.96455E-1 6.44823E-1 6.7846E-1 6.55721E-1 6.64294E-1 6.29284E-1 -9999 -9999 -9999 -9999 -9999 -9999 -9999 -9999 -9999 -9999 -9999 -9999 -9999 -9999 -9999 -9999 -9999 2.8191E-1 3.10633E-1 3.14316E-1 3.26399E-1 2.75126E-1 2.49363E-1 2.70117E-1 2.88571E-1 3.04666E-1 2.23527E-1 3.53285E-1 4.8483E-1 4.54382E-1 3.67512E-1 2.75358E-1 2.10832E-1 1.85746E-1 1.94631E-1 2.07418E-1 7.46152E-2 2.7315E-1 2.15998E-1 2.64057E-1 3.29087E-1 3.70373E-1 4.13283E-1 3.83115E-1
1.57963E-1 1.473E-1 1.44136E-1 2.34166E-1 3.15053E-1 3.77121E-1 4.42651E-1 3.378E-1 5.04457E-1 5.05248E-1 5.69414E-1 5.80352E-1 5.96503E-1 5.70437E-1 5.9728E-1 5.61654E-1 -9999 -9999 -9999 -9999 -9999 -9999 -9999 -9999 -9999 -9999 -9999 -9999 -9999 -9999 -9999 -9999 -9999 1.83249E-1 2.80126E-1 3.51861E-1 4.00727E-1 2.97407E-1 2.48527E-1 2.84492E-1 3.00902E-1 2.5339E-1 1.83851E-1 3.45654E-1 4.69286E-1 4.58656E-1 4.02623E-1 2.66253E-1 2.27794E-1 2.42962E-1 2.51488E-1 2.54088E-1 2.90041E-1 2.16403E-1 3.01599E-1 1.66623E-1 2.61414E-1 4.73503E-1 4.5339E-1 4.20338E-1
1.59157E-1 1.67033E-1 2.07531E-1 2.73863E-1 3.38636E-1 4.02976E-1 4.82667E-1 5.37415E-1 4.20054E-1 5.40979E-1 5.47914E-1 5.28175E-1 5.26376E-1 5.29195E-1 5.01794E-1 4.11445E-1 -9999 -9999 -9999 -9999 -9999 -9999 -9999 -9999 -9999 -9999 -9999 -9999 -9999 -9999 -9999 -9999 -9999 3.09554E-1 2.43175E-1 3.50223E-1 4.65292E-1 3.21968E-1 2.72193E-1 2.8664E-1 2.95706E-1 2.11566E-1 3.16307E-1 3.54307E-1 4.08595E-1 4.31193E-1 4.00647E-1 2.37421E-1 2.51686E-1 2.6108E-1 2.76103E-1 3.00323E-1 3.15073E-1 2.53163E-1 3.36423E-1 4.02764E-1 3.92799E-1 4.59035E-1 4.41089E-1 4.06372E-1
2.22649E-1 2.42282E-1 2.67194E-1 3.305E-1 3.6443E-1 4.01258E-1 4.66766E-1 5.42382E-1 5.715E-1 5.65379E-1 5.19303E-1 4.971E-1 5.26519E-1 5.27552E-1 5.213E-1 -9999 -9999 -9999 -9999 -9999 -9999 -9999 -9999 -9999 -9999 -9999 -9999 -9999 -9999 -9999 -9999 -9999 -9999 3.33732E-1 2.21356E-1 3.78139E-1 3.76525E-1 3.40455E-1 3.54698E-1 3.16564E-1 2.2711E-1 2.96007E-1 3.03487E-1 3.2558E-1 4.03679E-1 4.02036E-1 3.50713E-1 2.59222E-1 2.63979E-1 2.77224E-1 2.89981E-1 3.05677E-1 3.85469E-1 3.12171E-1 4.32012E-1 4.60966E-1 4.59774E-1 3.05587E-1 3.15681E-1 3.62919E-1
2.79854E-1 2.91228E-1 3.05411E-1 3.57652E-1 3.08679E-1 3.64137E-1 4.54701E-1 5.07482E-1 6.03642E-1 6.54581E-1 5.6718E-1 -9999 -9999 -9999 -9999 -9999 -9999 -9999 -9999 -9999 -9999 -9999 -9999 -9999 -9999 -9999 -9999 -9999 -9999 -9999 -9999 -9999 -9999 -9999 2.56961E-1 3.33358E-1 2.6506E-1 3.16546E-1 4.81264E-1 4.42808E-1 3.25336E-1 3.30726E-1 2.98072E-1 2.99032E-1 3.91523E-1 3.62683E-1 3.52637E-1 2.77949E-1 2.74408E-1 2.88323E-1 3.0196E-1 2.97519E-1 3.72127E-1 2.93555E-1 3.91858E-1 4.22108E-1 3.90688E-1 3.94635E-1 3.22269E-1 2.44609E-1
3.13949E-1 3.30573E-1 3.47789E-1 2.24209E-1 2.67078E-1 4.14973E-1 4.39603E-1 4.70995E-1 4.39818E-1 6.15252E-1 6.34725E-1 -9999 -9999 -9999 -9999 -9999 -9999 -9999 -9999 -9999 -9999 -9999 -9999 -9999 -9999 -9999 -9999 -9999 -9999 -9999 -9999 -9999 -9999 -9999 2.23641E-1 3.18044E-1 3.32986E-1 3.29739E-1 4.30369E-1 4.82521E-1 3.44351E-1 4.02173E-1 3.24962E-1 2.98541E-1 3.77477E-1 3.18676E-1 3.54576E-1 2.80234E-1 2.86519E-1 2.98523E-1 2.89462E-1 2.78007E-1 2.88761E-1 3.3651E-1 4.12061E-1 3.33846E-1 3.71503E-1 4.02941E-1 3.48372E-1 2.95536E-1
3.19038E-1 3.18007E-1 3.31733E-1 3.74745E-1 3.94475E-1 3.23368E-1 4.04177E-1 4.2942E-1 3.47671E-1 5.10788E-1 6.00028E-1 5.46351E-1 -9999 -9999 -9999 -9999 -9999 -9999 -9999 -9999 -9999 -9999 -9999 -9999 -9999 -9999 -9999 -9999 -9999 -9999 -9999 -9999 -9999 -9999 2.91918E-1 3.40588E-1 4.16537E-1 4.04147E-1 4.0991E-1 4.91213E-1 3.38577E-1 4.64757E-1 4.37895E-1 3.42183E-1 3.86998E-1 3.26208E-1 3.59694E-1 2.84592E-1 2.95344E-1 2.99653E-1 2.00185E-1 1.87864E-1 2.03625E-1 3.1018E-1 3.8508E-1 2.96829E-1 4.15915E-1 4.39628E-1 3.04002E-1 2.47732E-1
3.16874E-1 3.28407E-1 2.43142E-1 3.72696E-1 2.70605E-1 3.9364E-1 3.78667E-1 3.80685E-1 3.78446E-1 4.4076E-1 3.38305E-1 -9999 -9999 -9999 -9999 -9999 -9999 -9999 -9999 -9999 -9999 -9999 -9999 -9999 -9999 -9999 -9999 -9999 -9999 -9999 -9999 -9999 -9999 -9999 -9999 2.28996E-1 3.18817E-1 3.24573E-1 3.21111E-1 4.07421E-1 3.37139E-1 4.57651E-1 4.4579E-1 4.21963E-1 3.80289E-1 3.19679E-1 3.48799E-1 2.94426E-1 3.07186E-1 3.02463E-1 1.54651E-1 2.58534E-1 2.5005E-1 2.74075E-1 3.02515E-1 3.19868E-1 3.8343E-1 3.84219E-1 3.7113E-1 3.68825E-1
3.3062E-1 2.79753E-1 3.71022E-1 3.63309E-1 3.55841E-1 4.1027E-1 3.78725E-1 2.61604E-1 3.8875E-1 2.65832E-1 -9999 -9999 -9999 -9999 -9999 -9999 -9999 -9999 -9999 -9999 -9999 -9999 -9999 -9999 -9999 -9999 -9999 -9999 -9999 -9999 -9999 -9999 -9999 -9999 -9999 1.46668E-1 2.98488E-1 3.25485E-1 2.58418E-1 2.38565E-1 4.52063E-1 4.61825E-1 4.19991E-1 3.92605E-1 3.48498E-1 3.00157E-1 3.24811E-1 3.01807E-1 3.14215E-1 3.03447E-1 1.64772E-1 2.57964E-1 2.4337E-1 2.31928E-1 2.32954E-1 2.14908E-1 3.08999E-1 3.4221E-1 3.79089E-1 3.35398E-1
2.44082E-1 3.8516E-1 3.79462E-1 2.37944E-1 3.70445E-1 3.94523E-1 3.71887E-1 2.35056E-1 2.0739E-1 3.54233E-1 -9999 -9999 -9999 -9999 -9999 -9999 2.50978E-1 1.51684E-1 1.3685E-1 1.44529E-1 9.99742E-2 1.77996E-1 1.46432E-1 1.7298E-1 2.27878E-1 2.6779E-1 -9999 -9999 -9999 -9999 -9999 -9999 -9999 -9999 -9999 3.08645E-1 2.35733E-1 1.87013E-1 3.33838E-1 3.54492E-1 4.04079E-1 4.30563E-1 3.80509E-1 3.52531E-1 2.91063E-1 2.91239E-1 2.87447E-1 2.94262E-1 3.08551E-1 3.01679E-1 1.92133E-1 2.53752E-1 2.3929E-1 2.21823E-1 2.10706E-1 1.91502E-1 2.18597E-1 2.66123E-1 3.01074E-1 3.16036E-1
2.31017E-1 3.79915E-1 3.74061E-1 2.1782E-1 3.44326E-1 3.58642E-1 3.68624E-1 2.37779E-1 3.55377E-1 -9999 -9999 -9999 -9999 -9999 -9999 -9999 2.14928E-1 1.4964E-1 1.40713E-1 1.4605E-1 2.81173E-1 2.54116E-1 1.49827E-1 1.83025E-1 2.36824E-1 3.20625E-1 3.85985E-1 -9999 -9999 -9999 -9999 -9999 -9999 -9999 -9999 3.44145E-1 2.3649E-1 3.51734E-1 3.43254E-1 3.29633E-1 3.2366E-1 3.69875E-1 3.3384E-1 2.91611E-1 2.04023E-1 2.74962E-1 2.56757E-1 2.71588E-1 2.89787E-1 3.11044E-1 2.43812E-1 2.07676E-1 2.28211E-1 2.21634E-1 2.28507E-1 9.27856E-2 2.71531E-1 3.25485E-1 3.32213E-1 3.36129E-1
3.66602E-1 3.84475E-1 3.24126E-1 3.3731E-1 2.12694E-1 1.80373E-1 2.31591E-1 3.67129E-1 -9999 -9999 -9999 -9999 -9999 -9999 -9999 -9999 2.01363E-1 1.58991E-1 1.83362E-1 1.95288E-1 3.01578E-1 2.43967E-1 2.08548E-1 2.71848E-1 3.13247E-1 3.57091E-1 4.06326E-1 -9999 -9999 -9999 -9999 -9999 -9999 -9999 -9999 3.90845E-1 2.43645E-1 3.75636E-1 3.44677E-1 2.98987E-1 2.6764E-1 2.4744E-1 2.80207E-1 2.45683E-1 1.04033E-1 2.58018E-1 2.12621E-1 2.40733E-1 2.58899E-1 2.96866E-1 3.36857E-1 2.1562E-1 1.44614E-1 2.41357E-1 1.11801E-1 2.81234E-1 2.96465E-1 2.79753E-1 3.10614E-1 3.53779E-1
2.96272E-1 2.76865E-1 2.99146E-1 3.62641E-1 3.34739E-1 2.4173E-1 -9999 -9999 -9999 -9999 -9999 -9999 -9999 -9999 -9999 -9999 2.50323E-1 2.30141E-1 2.44829E-1 2.55044E-1 2.73835E-1 1.35414E-1 2.83131E-1 3.44934E-1 3.68349E-1 3.84478E-1 4.30182E-1 -9999 -9999 -9999 -9999 -9999 -9999 -9999 -9999 4.37692E-1 2.59485E-1 4.11416E-1 3.62167E-1 3.03293E-1 2.50355E-1 1.98482E-1 1.6564E-1 2.25645E-1 5.17759E-2 2.04971E-1 1.87347E-1 2.08336E-1 2.28321E-1 2.52454E-1 3.44887E-1 3.57797E-1 3.16935E-1 1.46249E-1 3.83577E-1 3.61312E-1 3.25869E-1 2.96167E-1 2.8791E-1 3.23322E-1
2.9817E-1 3.75247E-1 4.13737E-1 4.05138E-1 3.44301E-1 -9999 -9999 -9999 -9999 -9999 -9999 -9999 -9999 -9999 -9999 -9999 3.02504E-1 2.95579E-1 3.07601E-1 3.31235E-1 3.44309E-1 3.23129E-1 3.80158E-1 -9999 -9999 -9999 -9999 -9999 -9999 -9999 -9999 -9999 -9999 -9999 -9999 -9999 4.5298E-1 4.7504E-1 4.28647E-1 3.59642E-1 2.98228E-1 2.30535E-1 1.88138E-1 1.5767E-1 7.05537E-2 1.66442E-1 1.53934E-1 1.73829E-1 2.00812E-1 2.12628E-1 2.6403E-1 3.21574E-1 3.5729E-1 1.8895E-1 3.09055E-1 3.07558E-1 2.64973E-1 2.44497E-1 2.27315E-1 2.84356E-1
3.04381E-1 2.78986E-1 3.27119E-1 3.32946E-1 -9999 -9999 -9999 -9999 -9999 -9999 -9999 -9999 -9999 -9999 -9999 -9999 3.03175E-1 3.51754E-1 3.70463E-1 3.88137E-1 4.6802E-1 3.9339E-1 4.5048E-1 5.11256E-1 -9999 -9999 -9999 -9999 -9999 -9999 -9999 -9999 -9999 -9999 -9999 -9999 6.76199E-1 4.82038E-1 5.69801E-1 4.74846E-1 3.83034E-1 3.01464E-1 2.19743E-1 1.92766E-1 7.56981E-2 1.90576E-1 1.25263E-1 1.73393E-1 1.52045E-1 1.38105E-1 7.03131E-2 2.17675E-1 1.97492E-1 1.99766E-1 1.12553E-1 2.13058E-1 2.17239E-1 1.91238E-1 1.56563E-1 1.7016E-1
2.54472E-1 2.64389E-1 2.35817E-1 2.50336E-1 2.02366E-1 -9999 -9999 -9999 -9999 -9999 -9999 -9999 -9999 -9999 -9999 2.80087E-1 2.9171E-1 3.9271E-1 4.28012E-1 4.33921E-1 5.26113E-1 5.3165E-1 5.15788E-1 5.67253E-1 -9999 -9999 -9999 -9999 -9999 -9999 -9999 -9999 -9999 -9999 -9999 -9999 6.28375E-1 5.27615E-1 6.16791E-1 5.67248E-1 5.03493E-1 2.53117E-1 1.92008E-1 3.12427E-1 1.38799E-1 2.16425E-1 1.38015E-1 9.59702E-2 1.56156E-1 1.2909E-1 1.37919E-1 1.70368E-1 1.8775E-1 1.90469E-1 1.50923E-1 1.64399E-1 2.14046E-1 1.93778E-1 1.65755E-1 1.84207E-1
1.86429E-1 3.63178E-1 2.34187E-1 2.58864E-1 1.59453E-1 2.06152E-1 1.31999E-1 2.47895E-1 3.7358E-1 -9999 -9999 -9999 2.18407E-1 3.05562E-1 2.88735E-1 4.01576E-1 3.46015E-1 4.41857E-1 4.70937E-1 4.80841E-1 5.46836E-1 6.3702E-1 6.16584E-1 6.23385E-1 -9999 5.54815E-1 5.87078E-1 5.95641E-1 6.00002E-1 5.09399E-1 6.19371E-1 6.24465E-1 6.31716E-1 -9999 -9999 -9999 5.54858E-1 5.28284E-1 3.39352E-1 4.3397E-1 4.33454E-1 4.04274E-1 3.50231E-1 3.5579E-1 2.25358E-1 2.54215E-1 2.31834E-1 2.05701E-1 1.19152E-1 1.23974E-1 1.47715E-1 1.85758E-1 2.20577E-1 2.15967E-1 1.68073E-1 1.68319E-1 2.29582E-1 2.24601E-1 2.0717E-1 2.09721E-1
1.79066E-1 3.65531E-1 2.64828E-1 2.36538E-1 1.43912E-1 1.89438E-1 1.90361E-1 2.65876E-1 2.96464E-1 4.04895E-1 3.97238E-1 3.4655E-1 2.94336E-1 2.02831E-1 3.35212E-1 2.94777E-1 2.73881E-1 4.26673E-1 5.10675E-1 5.47911E-1 5.82756E-1 3.81891E-1 6.34373E-1 6.43134E-1 4.5121E-1 3.70132E-1 4.18865E-1 4.74764E-1 5.78541E-1 6.17987E-1 5.95879E-1 5.93848E-1 5.9908E-1 5.79887E-1 -9999 -9999 5.6093E-1 3.68736E-1 4.30518E-1 2.65185E-1 3.63569E-1 3.28761E-1 2.87528E-1 3.28724E-1 3.37593E-1 3.19846E-1 2.17468E-1 8.42674E-2 1.2044E-1 1.43793E-1 1.75612E-1 2.06209E-1 2.33552E-1 2.24135E-1 1.90752E-1 1.71222E-1 2.59844E-1 2.44092E-1 2.2435E-1 2.29518E-1
2.72693E-1 2.82079E-1 3.63866E-1 2.46061E-1 1.8022E-1 1.91443E-1 1.67137E-1 1.96847E-1 2.22317E-1 2.46371E-1 5.43302E-1 4.20562E-1 3.35936E-1 3.95823E-1 4.07478E-1 3.15119E-1 3.89561E-1 4.48954E-1 4.33093E-1 4.92232E-1 4.33299E-1 6.14381E-1 6.0509E-1 6.11393E-1 6.35102E-1 5.18064E-1 5.67828E-1 6.06365E-1 6.05861E-1 6.01494E-1 5.42744E-1 5.69009E-1 5.53139E-1 5.29145E-1 5.60224E-1 5.81451E-1 4.44593E-1 4.93584E-1 4.32263E-1 3.79854E-1 2.17927E-1 3.59699E-1 3.54946E-1 3.3943E-1 3.44578E-1 2.47732E-1 1.73816E-1 1.84413E-1 1.31689E-1 1.64695E-1 2.0291E-1 2.36233E-1 2.68528E-1 2.37057E-1 2.43417E-1 2.01679E-1 2.77594E-1 2.48532E-1 2.56438E-1 3.00437E-1
3.23357E-1 2.97515E-1 2.74635E-1 3.09717E-1 2.14331E-1 2.25544E-1 1.9087E-1 2.19458E-1 2.74037E-1 2.81222E-1 3.46158E-1 5.5724E-1 4.95525E-1 3.54526E-1 3.0002E-1 3.47474E-1 3.95302E-1 4.23143E-1 4.67247E-1 5.12794E-1 5.6972E-1 4.91363E-1 6.07036E-1 4.22078E-1 6.42762E-1 5.24707E-1 5.36329E-1 5.97051E-1 6.02322E-1 5.55212E-1 5.24526E-1 5.31495E-1 5.37021E-1 5.52041E-1 5.58592E-1 4.93676E-1 4.17285E-1 4.66573E-1 4.23685E-1 3.97323E-1 3.62007E-1 2.92055E-1 3.22436E-1 3.02888E-1 2.64561E-1 2.24623E-1 2.13403E-1 1.37909E-1 1.40506E-1 1.74034E-1 2.14828E-1 2.50603E-1 2.85856E-1 2.28911E-1 2.5162E-1 1.66602E-1 2.88754E-1 2.59101E-1 3.682E-1 3.54464E-1
3.18435E-1 3.58711E-1 3.27653E-1 2.35928E-1 3.19745E-1 3.11955E-1 2.79967E-1 3.07598E-1 3.38208E-1 3.50623E-1 2.62588E-1 3.90519E-1 3.66064E-1 3.06585E-1 3.33564E-1 3.65011E-1 3.99051E-1 4.19407E-1 4.60784E-1 4.88401E-1 5.17531E-1 4.38759E-1 5.7021E-1 4.18173E-1 4.43599E-1 2.62065E-1 3.58721E-1 6.14249E-1 5.74118E-1 5.01466E-1 4.84985E-1 4.72554E-1 5.29943E-1 5.43429E-1 5.4185E-1 4.51114E-1 4.15779E-1 5.16289E-1 3.9425E-1 3.83305E-1 3.82133E-1 3.34942E-1 3.36911E-1 3.46812E-1 2.90396E-1 3.27293E-1 3.21266E-1 1.52095E-1 1.52592E-1 1.84399E-1 2.22548E-1 2.63856E-1 2.83891E-1 1.98802E-1 2.47116E-1 1.8089E-1 3.12445E-1 3.16272E-1 3.99698E-1 2.88533E-1
3.29993E-1 2.5815E-1 2.63942E-1 3.23607E-1 3.63737E-1 3.4667E-1 2.99226E-1 3.05905E-1 3.19755E-1 3.20641E-1 2.7479E-1 3.54838E-1 3.5977E-1 3.2424E-1 3.04933E-1 3.12186E-1 3.25392E-1 3.40067E-1 3.80931E-1 4.12248E-1 4.48323E-1 3.95028E-1 4.4653E-1 3.23285E-1 3.0391E-1 4.53325E-1 5.37911E-1 5.55344E-1 5.47206E-1 4.39689E-1 4.25544E-1 4.54468E-1 4.93263E-1 4.81843E-1 4.7403E-1 4.47698E-1 4.48874E-1 4.53649E-1 3.46927E-1 3.39948E-1 3.65281E-1 3.46771E-1 3.05778E-1 3.47081E-1 3.11772E-1 2.94766E-1 2.34945E-1 1.54038E-1 1.5324E-1 1.88796E-1 2.40307E-1 2.82397E-1 3.05666E-1 2.74445E-1 2.49747E-1 2.46313E-1 3.40984E-1 4.3577E-1 4.19909E-1 2.63699E-1
3.68057E-1 3.59745E-1 2.41281E-1 3.52576E-1 2.17104E-1 3.47271E-1 3.02661E-1 2.92247E-1 2.97198E-1 2.16649E-1 2.1968E-1 3.47945E-1 3.77774E-1 3.36135E-1 3.09083E-1 2.66003E-1 2.72296E-1 2.66829E-1 2.81069E-1 3.23086E-1 3.71102E-1 3.73219E-1 4.27636E-1 4.2312E-1 4.0399E-1 3.82627E-1 3.72709E-1 5.25339E-1 2.07079E-1 4.42504E-1 4.12128E-1 4.45847E-1 4.7168E-1 4.57611E-1 4.38255E-1 4.33168E-1 4.42246E-1 4.40732E-1 3.6902E-1 3.01017E-1 3.48366E-1 3.58573E-1 2.17951E-1 3.40532E-1 3.05505E-1 2.59167E-1 1.88319E-1 1.62802E-1 1.4392E-1 1.89252E-1 2.44716E-1 2.93971E-1 3.26434E-1 3.05382E-1 2.15323E-1 2.34961E-1 3.31801E-1 4.45398E-1 4.33428E-1 2.80517E-1
3.48649E-1 3.44382E-1 2.81916E-1 3.43248E-1 3.40695E-1 1.98495E-1 3.26291E-1 3.26921E-1 3.18354E-1 2.79193E-1 3.87605E-1 4.19672E-1 4.30995E-1 3.85876E-1 3.39127E-1 2.80785E-1 2.86565E-1 3.22732E-1 3.39802E-1 3.31751E-1 3.44734E-1 2.60272E-1 4.16775E-1 4.0453E-1 4.04818E-1 3.97237E-1 3.51441E-1 3.2882E-1 2.50172E-1 4.22032E-1 4.09777E-1 4.38022E-1 4.63096E-1 4.54276E-1 4.1356E-1 4.22925E-1 4.26879E-1 4.04148E-1 3.96026E-1 3.55865E-1 3.52364E-1 3.65783E-1 2.7324E-1 3.43735E-1 3.44951E-1 1.17167E-1 1.84217E-1 1.6968E-1 1.46364E-1 1.8853E-1 2.55143E-1 3.22136E-1 3.64941E-1 3.29697E-1 1.88781E-1 2.98336E-1 3.40516E-1 4.60276E-1 4.51427E-1 3.03958E-1
