Phytophthora/models/20240506_1646_46/Phytophthora_PA3_RUN9_MAXENT_outputs/Phytophthora_PA3_RUN9.asc
ncols         225
nrows         269
xllcorner     473009.9838
yllcorner     4429051.1748
cellsize      50.0
NODATA_value  -9999
[rows 78 to 103 of 269, columns 0 to 59 of 225]
-9999 -9999 -9999 -9999 -9999 -9999 -9999 -9999 -9999 -9999 -9999 -9999 -9999 -9999 -9999 -9999 -9999 -9999 -9999 -9999 -9999 -9999 -9999 -9999 -9999 -9999 -9999 -9999 -9999 8.44151E-3 4.66651E-3 2.45948E-3 2.35898E-3 2.77448E-3 6.30402E-3 7.30593E-3 9.06097E-3 1.01338E-2 7.15273E-3 8.12418E-3 1.33803E-2 1.32249E-2 1.85931E-2 1.33639E-2 1.09294E-2 9.98095E-3 6.37495E-3 9.20585E-3 1.26051E-2 1.40731E-2 1.13103E-2 9.93146E-3 6.61736E-3 8.82123E-3 1.27593E-2 1.71187E-2 1.99786E-2 2.05078E-2 1.69984E-2 1.37296E-2
-9999 -9999 -9999 -9999 -9999 -9999 -9999 -9999 -9999 -9999 -9999 -9999 -9999 -9999 -9999 -9999 -9999 -9999 -9999 -9999 -9999 -9999 -9999 -9999 -9999 -9999 -9999 -9999 -9999 -9999 1.58598E-3 1.87281E-3 2.16999E-3 2.54043E-3 6.66083E-3 5.92848E-3 7.97026E-3 1.23269E-2 1.08588E-2 1.06131E-2 1.26582E-2 1.1688E-2 1.60249E-2 1.39277E-2 1.04185E-2 1.15926E-2 1.03539E-2 7.48886E-3 1.33918E-2 1.81866E-2 8.45591E-3 8.38808E-3 1.33576E-2 1.11646E-2 1.62674E-2 2.5469E-2 2.90045E-2 3.10377E-2 4.00487E-2 2.20427E-2
-9999 -9999 -9999 -9999 -9999 -9999 -9999 -9999 -9999 -9999 -9999 -9999 -9999 -9999 -9999 -9999 -9999 -9999 -9999 -9999 -9999 -9999 -9999 -9999 -9999 -9999 -9999 -9999 -9999 -9999 -9999 2.00412E-3 2.55419E-3 3.36163E-3 4.69859E-3 5.77949E-3 7.85246E-3 1.0085E-2 1.01779E-2 8.85931E-3 1.31969E-2 1.29093E-2 1.47705E-2 1.28103E-2 1.17656E-2 1.35696E-2 1.34885E-2 8.47955E-3 7.9451E-3 1.40034E-2 1.337E-2 2.08725E-2 1.9586E-2 2.36347E-2 1.46042E-2 3.7933E-2 4.21024E-2 2.68018E-2 5.80958E-2 3.44585E-2
-9999 -9999 -9999 -9999 -9999 -9999 -9999 -9999 -9999 -9999 -9999 -9999 -9999 -9999 -9999 -9999 -9999 -9999 -9999 -9999 -9999 -9999 -9999 -9999 -9999 -9999 -9999 -9999 -9999 -9999 -9999 2.36587E-3 3.67871E-3 4.95893E-3 5.72356E-3 7.12005E-3 9.38294E-3 1.15177E-2 8.35338E-3 1.35614E-2 8.27873E-3 1.4647E-2 2.08892E-2 2.04498E-2 1.839E-2 1.81047E-2 1.8653E-2 1.80737E-2 1.70891E-2 1.83602E-2 2.06062E-2 3.02421E-2 3.16838E-2 4.35895E-2 4.57417E-2 3.6041E-2 3.4777E-2 6.71023E-2 5.47775E-2 5.76365E-2
-9999 -9999 -9999 -9999 -9999 -9999 -9999 -9999 -9999 -9999 -9999 -9999 -9999 -9999 -9999 -9999 -9999 -9999 -9999 -9999 -9999 -9999 -9999 -9999 -9999 -9999 -9999 -9999 -9999 -9999 -9999 -9999 5.20277E-3 6.96944E-3 7.32895E-3 9.61217E-3 1.14362E-2 1.43249E-2 1.16583E-2 1.68767E-2 1.653E-2 1.15509E-2 1.47776E-2 2.61327E-2 1.87787E-2 2.26591E-2 2.19893E-2 2.59573E-2 2.34676E-2 2.27267E-2 2.12106E-2 2.51368E-2 4.03576E-2 5.61361E-2 8.08547E-2 9.99701E-2 5.08854E-2 1.06859E-1 7.38391E-2 6.45464E-2
-9999 -9999 -9999 -9999 -9999 -9999 -9999 -9999 -9999 -9999 -9999 -9999 -9999 -9999 -9999 -9999 -9999 -9999 -9999 -9999 -9999 -9999 -9999 -9999 -9999 -9999 -9999 -9999 -9999 -9999 -9999 -9999 8.49206E-3 9.68373E-3 1.11495E-2 1.55365E-2 1.46899E-2 1.55725E-2 1.04168E-2 1.62609E-2 1.75793E-2 1.89677E-2 2.1056E-2 1.96267E-2 1.06894E-2 1.96379E-2 2.23281E-2 2.98495E-2 3.48194E-2 3.1331E-2 2.5608E-2 2.06042E-2 3.73685E-2 6.57134E-2 8.48732E-2 1.09819E-1 7.54858E-2 1.2532E-1 6.46079E-2 5.74629E-2
-9999 -9999 -9999 -9999 -9999 -9999 -9999 -9999 -9999 -9999 -9999 -9999 -9999 -9999 -9999 -9999 -9999 -9999 -9999 -9999 -9999 -9999 -9999 -9999 -9999 -9999 -9999 -9999 -9999 -9999 -9999 -9999 -9999 1.54805E-2 2.03501E-2 2.52938E-2 2.55213E-2 2.10399E-2 1.2342E-2 1.84093E-2 1.96262E-2 2.02804E-2 2.27201E-2 2.19115E-2 2.08135E-2 9.96707E-3 2.15599E-2 2.66909E-2 4.37997E-2 3.49477E-2 1.8995E-2 3.259E-2 3.85881E-2 6.36556E-2 8.70693E-2 8.52123E-2 6.0614E-2 8.79076E-2 5.59715E-2 4.93331E-2
-9999 -9999 -9999 -9999 -9999 -9999 -9999 -9999 -9999 -9999 -9999 -9999 -9999 -9999 -9999 -9999 -9999 -9999 -9999 -9999 -9999 -9999 -9999 -9999 -9999 -9999 -9999 -9999 -9999 -9999 -9999 -9999 -9999 4.03345E-2 4.06874E-2 2.90432E-2 2.11752E-2 1.69035E-2 1.03169E-2 1.77729E-2 1.96021E-2 1.73545E-2 1.80195E-2 1.941E-2 2.23269E-2 1.46687E-2 2.04165E-2 1.61101E-2 2.80873E-2 5.30763E-2 4.11662E-2 2.00091E-2 4.176E-2 5.70795E-2 9.39212E-2 6.3406E-2 4.22505E-2 5.52931E-2 5.18228E-2 4.37152E-2
-9999 -9999 -9999 -9999 -9999 -9999 -9999 -9999 -9999 -9999 -9999 -9999 -9999 -9999 -9999 -9999 -9999 -9999 -9999 -9999 -9999 -9999 -9999 -9999 -9999 -9999 -9999 -9999 -9999 -9999 -9999 -9999 -9999 3.10562E-2 2.76005E-2 2.40772E-2 1.89295E-2 9.86961E-3 1.36701E-2 2.01837E-2 1.76258E-2 1.71906E-2 1.67982E-2 1.82583E-2 2.33186E-2 2.15035E-2 1.12589E-2 2.134E-2 2.75346E-2 6.09651E-2 4.61493E-2 4.54596E-2 2.54323E-2 5.21751E-2 9.93958E-2 1.03408E-1 8.84843E-2 3.67971E-2 4.75807E-2 4.06356E-2
-9999 -9999 -9999 -9999 -9999 -9999 -9999 -9999 -9999 -9999 -9999 -9999 -9999 -9999 -9999 -9999 -9999 -9999 -9999 -9999 -9999 -9999 -9999 -9999 -9999 -9999 -9999 -9999 -9999 -9999 -9999 -9999 -9999 3.34127E-2 3.16679E-2 2.66371E-2 1.3353E-2 1.84337E-2 1.9292E-2 1.96039E-2 1.80068E-2 1.64599E-2 1.79691E-2 1.97995E-2 2.55859E-2 2.0171E-2 2.04986E-2 2.42594E-2 2.72708E-2 2.65722E-2 3.26376E-2 4.55165E-2 5.2777E-2 3.91426E-2 5.9171E-2 8.74139E-2 1.02357E-1 6.97734E-2 2.74846E-2 3.38547E-2
-9999 -9999 -9999 -9999 -9999 -9999 -9999 -9999 -9999 -9999 -9999 -9999 -9999 -9999 -9999 -9999 -9999 -9999 -9999 -9999 -9999 -9999 -9999 -9999 -9999 -9999 -9999 -9999 -9999 -9999 -9999 -9999 -9999 3.09353E-2 2.92359E-2 2.7358E-2 2.35971E-2 1.37679E-2 2.13582E-2 2.12235E-2 2.01609E-2 1.08766E-2 1.9521E-2 2.57503E-2 3.26052E-2 1.13341E-2 2.24158E-2 2.5616E-2 2.59246E-2 2.35918E-2 2.60891E-2 3.56394E-2 4.47459E-2 4.63382E-2 6.85567E-2 7.30674E-2 4.44842E-2 2.69638E-2 1.80466E-2 2.48031E-2
-9999 -9999 -9999 -9999 -9999 -9999 -9999 -9999 -9999 -9999 -9999 -9999 -9999 -9999 -9999 -9999 -9999 -9999 -9999 -9999 -9999 -9999 -9999 -9999 -9999 -9999 -9999 -9999 -9999 -9999 -9999 -9999 -9999 3.08403E-2 2.87841E-2 2.78312E-2 2.60889E-2 1.84651E-2 2.12684E-2 2.09306E-2 2.38846E-2 1.34804E-2 2.21924E-2 3.10369E-2 4.29301E-2 1.71882E-2 2.70038E-2 2.63385E-2 2.34194E-2 1.86628E-2 2.04297E-2 2.64556E-2 3.0959E-2 3.48579E-2 4.79825E-2 5.60302E-2 5.36642E-2 3.32808E-2 1.37928E-2 1.54354E-2
-9999 -9999 -9999 -9999 -9999 -9999 -9999 -9999 -9999 -9999 -9999 -9999 -9999 -9999 -9999 -9999 -9999 -9999 -9999 -9999 -9999 -9999 -9999 -9999 -9999 -9999 -9999 -9999 -9999 -9999 -9999 -9999 3.32835E-2 2.87109E-2 2.80504E-2 2.66504E-2 2.79436E-2 2.07464E-2 2.01502E-2 2.08617E-2 2.34416E-2 2.61365E-2 2.72486E-2 3.65759E-2 4.96081E-2 2.16811E-2 3.27941E-2 3.0904E-2 2.37541E-2 1.96322E-2 1.95313E-2 1.99884E-2 2.31654E-2 2.90664E-2 3.84308E-2 4.06412E-2 3.90184E-2 1.63947E-2 1.40361E-2 1.67816E-2
-9999 -9999 -9999 -9999 -9999 -9999 -9999 -9999 -9999 -9999 -9999 -9999 -9999 -9999 -9999 -9999 -9999 -9999 -9999 -9999 1.05021E-3 1.60507E-3 6.38397E-3 1.56049E-3 2.30116E-3 -9999 -9999 -9999 1.68238E-2 6.73719E-4 3.85532E-4 2.19686E-3 2.84338E-2 2.77886E-2 2.83096E-2 2.51171E-2 2.425E-2 1.93301E-2 1.2917E-2 2.10987E-2 2.38408E-2 3.05913E-2 3.07794E-2 3.73213E-2 4.30606E-2 3.76336E-2 4.65572E-2 3.65295E-2 2.86649E-2 2.21022E-2 2.0647E-2 1.87541E-2 1.95584E-2 2.93485E-2 2.98004E-2 1.51817E-2 1.2639E-2 1.59912E-2 1.30708E-2 8.72813E-3
-9999 -9999 -9999 -9999 -9999 -9999 -9999 -9999 -9999 -9999 -9999 -9999 -9999 -9999 -9999 -9999 -9999 7.94933E-1 6.07232E-2 3.90938E-3 1.19594E-3 1.76962E-3 6.93504E-3 1.72753E-3 2.57445E-3 3.29037E-2 5.94689E-1 9.38258E-1 5.78115E-2 1.78291E-3 5.27819E-4 1.76347E-3 2.83403E-2 2.36361E-2 2.27873E-2 2.17739E-2 2.12627E-2 1.49361E-2 1.45054E-2 2.17931E-2 2.53643E-2 3.22026E-2 3.28188E-2 2.29586E-2 2.06633E-2 5.55732E-2 6.42701E-2 5.00237E-2 3.17689E-2 2.15664E-2 1.93004E-2 1.41309E-2 1.16154E-2 1.07312E-2 5.98107E-3 1.13348E-2 7.01504E-3 1.3393E-2 1.28636E-2 1.31481E-2
-9999 -9999 -9999 -9999 -9999 -9999 -9999 -9999 -9999 -9999 -9999 -9999 -9999 -9999 -9999 -9999 1.47299E-1 9.32005E-2 6.56445E-3 1.31373E-3 8.06164E-4 1.87454E-3 7.81601E-3 1.63861E-3 1.36187E-3 3.20382E-3 1.33547E-2 1.02453E-1 5.16603E-3 8.71697E-4 7.19184E-4 3.31972E-3 3.67631E-2 3.21689E-2 2.92838E-2 2.43176E-2 1.46443E-2 1.66831E-2 1.27291E-2 2.7796E-2 3.28477E-2 4.67494E-2 6.44733E-2 4.50585E-2 3.64266E-2 4.10682E-2 6.70742E-2 4.99199E-2 2.70162E-2 2.13265E-2 1.40182E-2 1.50274E-2 1.13522E-2 5.28293E-3 1.14648E-2 1.22047E-2 1.23024E-2 1.2292E-2 1.42866E-2 4.9091E-3
-9999 -9999 -9999 -9999 -9999 -9999 -9999 -9999 -9999 -9999 -9999 -9999 -9999 -9999 4.94107E-3 6.7374E-3 8.16941E-3 6.87315E-3 1.71247E-3 8.4745E-4 8.43773E-4 2.60904E-3 9.84402E-3 2.20067E-3 1.21049E-3 1.20128E-3 1.96472E-3 2.57825E-3 1.02545E-3 6.1433E-4 1.07216E-3 6.29974E-3 4.03813E-2 4.1718E-2 3.6918E-2 1.94709E-2 3.16119E-2 2.01303E-2 3.22434E-2 3.75807E-2 4.20706E-2 6.54774E-2 8.56735E-2 6.37445E-2 4.24029E-2 4.92106E-2 4.27227E-2 2.46626E-2 2.18122E-2 2.42304E-2 2.50582E-2 2.40721E-2 1.69578E-2 2.22413E-2 1.98041E-2 1.47912E-2 1.22802E-2 9.14784E-3 1.12055E-2 1.76406E-2
-9999 -9999 -9999 -9999 -9999 -9999 -9999 -9999 -9999 -9999 -9999 3.75949E-4 5.32332E-4 8.18135E-4 1.18454E-3 1.61011E-3 2.05743E-3 2.20356E-3 1.48442E-3 1.26149E-3 1.56003E-3 4.11929E-3 1.21003E-2 4.0731E-3 1.69433E-3 1.17497E-3 9.56893E-4 6.96002E-4 6.97694E-4 1.00679E-3 2.8868E-3 1.3077E-2 4.2744E-2 4.53864E-2 4.28594E-2 1.95531E-2 3.62499E-2 2.18617E-2 3.98389E-2 4.86197E-2 5.94323E-2 9.98716E-2 1.07702E-1 5.16283E-2 4.32922E-2 4.18648E-2 3.64447E-2 3.46938E-2 3.35699E-2 3.10086E-2 3.00258E-2 3.21641E-2 3.108E-2 3.13025E-2 2.5305E-2 1.83773E-2 1.51129E-2 9.51213E-3 1.10638E-2 1.62656E-2
-9999 -9999 -9999 -9999 -9999 -9999 -9999 -9999 -9999 -9999 3.18914E-4 3.94954E-4 5.44648E-4 9.0434E-4 1.34349E-3 1.79835E-3 2.34469E-3 2.84521E-3 2.98858E-3 3.60103E-3 5.45401E-3 9.51875E-3 1.56477E-2 8.87986E-3 5.13231E-3 3.15371E-3 2.08795E-3 1.51723E-3 2.07325E-3 5.59995E-3 1.17566E-2 3.29669E-2 5.72308E-2 5.52245E-2 5.04545E-2 2.50867E-2 4.39844E-2 3.61314E-2 4.87072E-2 6.35224E-2 6.70045E-2 7.25416E-2 9.67551E-2 1.18866E-1 7.61208E-2 6.58746E-2 5.58236E-2 4.44968E-2 3.84738E-2 3.52537E-2 3.73039E-2 4.00496E-2 3.75052E-2 3.83651E-2 3.78799E-2 3.54704E-2 2.82758E-2 2.19652E-2 1.70314E-2 1.92126E-2
-9999 -9999 -9999 -9999 -9999 -9999 -9999 -9999 -9999 -9999 3.17367E-3 4.2429E-3 5.96596E-3 9.26819E-3 1.17234E-2 1.38173E-2 1.41224E-2 2.02327E-2 2.29571E-2 2.17526E-2 2.38218E-2 2.41703E-2 2.15873E-2 2.28085E-2 2.41558E-2 2.6258E-2 2.75245E-2 3.11823E-2 2.81621E-2 5.16178E-2 6.42016E-2 8.07665E-2 8.31259E-2 3.79992E-2 6.02942E-2 4.06881E-2 5.05049E-2 2.96033E-2 5.97507E-2 5.04993E-2 1.0864E-1 1.76033E-1 1.77891E-1 1.57306E-1 1.28266E-1 1.05545E-1 5.54179E-2 4.3605E-2 4.25589E-2 4.60064E-2 4.83819E-2 4.82275E-2 5.24268E-2 5.62444E-2 5.86587E-2 5.46447E-2 4.43023E-2 4.10137E-2 3.49927E-2 3.28831E-2
-9999 -9999 -9999 -9999 -9999 -9999 -9999 -9999 -9999 -9999 4.57088E-3 6.4888E-3 8.72476E-3 1.18871E-2 1.57613E-2 1.99972E-2 1.97634E-2 2.21738E-2 3.03794E-2 3.19206E-2 3.24681E-2 3.02486E-2 2.68853E-2 2.46606E-2 2.70079E-2 2.99636E-2 3.81539E-2 5.0574E-2 5.53502E-2 4.2477E-2 6.71933E-2 7.31058E-2 7.78322E-2 6.33974E-2 3.25461E-2 3.99702E-2 4.20796E-2 2.59507E-2 4.23933E-2 4.70298E-2 9.06758E-2 1.36688E-1 1.28678E-1 1.222E-1 4.51543E-2 5.72994E-2 3.61524E-2 3.21065E-2 3.86074E-2 4.43592E-2 4.23972E-2 2.60716E-2 4.49074E-2 4.16171E-2 5.57122E-2 6.00317E-2 5.1717E-2 4.70478E-2 4.42303E-2 4.23468E-2
-9999 -9999 -9999 -9999 -9999 -9999 -9999 -9999 -9999 -9999 5.50044E-3 7.06215E-3 9.24529E-3 1.30054E-2 1.96212E-2 2.7787E-2 3.18437E-2 1.82404E-2 4.08528E-2 4.11116E-2 3.961E-2 3.70907E-2 3.22888E-2 2.52952E-2 2.69679E-2 3.56827E-2 5.43328E-2 6.71121E-2 6.86775E-2 6.38322E-2 6.21457E-2 4.82056E-2 4.48111E-2 6.48047E-2 5.81474E-2 5.13928E-2 4.69466E-2 3.85256E-2 3.88531E-2 5.82647E-2 6.8241E-2 1.15791E-1 1.05182E-1 3.55039E-2 8.82222E-2 3.89012E-2 3.18797E-2 2.7588E-2 3.51673E-2 3.95422E-2 4.08631E-2 4.04835E-2 3.86945E-2 4.84463E-2 4.61956E-2 3.676E-2 5.17914E-2 5.41607E-2 5.23603E-2 5.02149E-2
-9999 -9999 -9999 -9999 -9999 -9999 -9999 -9999 -9999 -9999 4.5107E-3 6.30251E-3 9.37122E-3 1.57578E-2 2.60575E-2 3.26718E-2 3.90328E-2 2.19678E-2 4.88588E-2 4.90548E-2 5.0519E-2 4.4913E-2 3.74812E-2 2.5416E-2 3.00601E-2 4.71033E-2 6.13547E-2 6.81605E-2 6.08233E-2 5.79264E-2 6.8232E-2 7.32623E-2 4.12231E-2 6.18558E-2 4.93462E-2 4.75049E-2 4.6337E-2 2.82795E-2 2.67992E-2 5.31618E-2 5.65844E-2 4.66897E-2 7.22597E-2 5.14045E-2 7.0417E-2 3.83486E-2 3.33522E-2 2.92255E-2 2.83346E-2 3.20573E-2 3.53159E-2 3.79E-2 3.96123E-2 4.73566E-2 7.52057E-2 4.89385E-2 3.37371E-2 5.41275E-2 5.88228E-2 5.84145E-2
-9999 -9999 -9999 -9999 -9999 -9999 -9999 -9999 -9999 -9999 -9999 8.37654E-3 1.51785E-2 2.76241E-2 3.33499E-2 3.94854E-2 4.97491E-2 3.56964E-2 7.33813E-2 7.52938E-2 6.06517E-2 4.75354E-2 4.07374E-2 2.90003E-2 3.08558E-2 5.15063E-2 5.83987E-2 6.67535E-2 5.72274E-2 7.96471E-2 8.13008E-2 6.67518E-2 4.66635E-2 4.59116E-2 3.98978E-2 4.4366E-2 4.35827E-2 2.77011E-2 4.09046E-2 3.20033E-2 3.61883E-2 3.61997E-2 3.60339E-2 5.28577E-2 8.7632E-3 3.31896E-2 3.26256E-2 2.80868E-2 2.55609E-2 2.67956E-2 2.91916E-2 3.00007E-2 3.12802E-2 3.93227E-2 8.01604E-2 6.43875E-2 4.93931E-2 3.33607E-2 3.57643E-2 4.96067E-2
-9999 -9999 -9999 -9999 -9999 -9999 -9999 -9999 -9999 -9999 -9999 1.38418E-2 2.69217E-2 3.39851E-2 4.20702E-2 4.40019E-2 6.62844E-2 8.17075E-2 6.83253E-2 6.17987E-2 5.34998E-2 4.84168E-2 4.14847E-2 3.15264E-2 4.33638E-2 6.49184E-2 7.1387E-2 7.59061E-2 7.60009E-2 8.35518E-2 5.97355E-2 3.04511E-2 2.78193E-2 3.7759E-2 3.61194E-2 3.95796E-2 3.49309E-2 2.44958E-2 3.6809E-2 3.87684E-2 3.6622E-2 3.18801E-2 2.67142E-2 2.93207E-2 2.53568E-2 1.26775E-2 3.42037E-2 2.83798E-2 2.74033E-2 2.49384E-2 2.15664E-2 2.23776E-2 2.3024E-2 2.88461E-2 6.88084E-2 8.02067E-2 5.47944E-2 5.56961E-2 6.12408E-2 6.39057E-2
-9999 -9999 -9999 -9999 -9999 -9999 -9999 -9999 -9999 -9999 -9999 6.55431E-3 1.51362E-2 1.71658E-2 2.69242E-2 2.75029E-2 3.14402E-2 6.20702E-2 4.36384E-2 4.396E-2 4.49549E-2 4.35186E-2 3.54128E-2 3.27942E-2 6.32734E-2 6.50579E-2 6.97562E-2 7.02071E-2 6.01011E-2 4.89433E-2 4.19077E-2 3.20448E-2 4.05391E-2 3.91727E-2 3.59811E-2 3.60465E-2 3.74471E-2 3.52014E-2 2.79339E-2 3.57678E-2 3.03631E-2 2.66964E-2 1.92571E-2 2.59838E-2 2.34363E-2 2.08729E-2 4.17596E-2 3.1492E-2 3.6379E-2 2.62759E-2 1.68199E-2 1.73785E-2 1.79879E-2 2.38742E-2 5.61979E-2 7.48498E-2 6.25824E-2 5.50748E-2 6.37323E-2 7.00959E-2
