Phytophthora/models/20240501_1705_06/Phytophthora_PA3_RUN5_MAXENT_outputs/Phytophthora_PA3_RUN5.asc
ncols         225
nrows         269
xllcorner     473000.0
yllcorner     4429100.0
cellsize      50.0
NODATA_value  -9999
[rows 108 to 134 of 269, columns 0 to 59 of 225]
-9999 -9999 -9999 -9999 -9999 -9999 -9999 -9999 -9999 -9999 -9999 5.61911E-2 5.24844E-2 6.21149E-2 6.31843E-2 5.5918E-2 5.0581E-2 3.85633E-2 3.58642E-2 4.0853E-2 6.93566E-2 1.09079E-1 1.06925E-1 1.08865E-1 7.91623E-2 7.746E-2 6.79849E-2 5.82269E-2 5.32749E-2 5.17218E-2 4.63731E-2 3.5566E-2 3.08751E-2 2.67536E-2 3.00973E-2 3.16124E-2 3.96913E-2 3.77994E-2 1.07917E-2 3.36097E-2 2.66028E-2 2.62192E-2 2.91268E-2 3.74862E-2 4.70246E-2 3.86424E-2 2.94106E-2 2.44366E-2 2.88233E-2 4.26222E-2 3.6407E-2 3.39092E-2 3.38199E-2 5.42526E-2 3.49663E-2 3.01484E-2 2.87327E-2 4.98907E-2 5.93809E-2 6.11058E-2
-9999 -9999 -9999 -9999 -9999 -9999 -9999 -9999 -9999 -9999 5.45776E-2 5.85377E-2 3.97057E-2 6.79669E-2 6.87255E-2 4.8013E-2 4.01554E-2 3.37048E-2 3.94514E-2 4.72997E-2 8.18199E-2 1.18676E-1 2.70843E-2 1.27713E-1 7.66194E-2 6.82348E-2 5.89579E-2 5.72229E-2 5.77117E-2 4.30801E-2 3.42542E-2 3.01358E-2 3.11551E-2 3.12128E-2 3.49323E-2 3.78989E-2 4.47671E-2 3.71402E-2 9.49454E-3 9.86284E-3 2.47671E-2 2.22573E-2 2.98638E-2 3.53696E-2 5.50943E-2 6.8607E-2 5.77773E-2 3.54007E-2 1.29779E-2 5.20011E-2 3.98214E-2 4.21463E-2 6.23792E-2 6.09449E-2 3.01663E-2 3.18545E-2 3.3004E-2 7.82336E-2 6.40581E-2 4.93873E-2
-9999 -9999 -9999 -9999 -9999 -9999 -9999 -9999 -9999 -9999 6.13971E-2 6.64999E-2 7.3364E-2 9.63937E-2 7.62146E-2 4.93605E-2 3.79299E-2 3.79926E-2 4.53445E-2 5.48493E-2 1.14397E-1 3.57386E-2 1.22866E-1 9.2382E-2 8.01313E-2 7.65606E-2 7.02328E-2 6.27697E-2 5.05525E-2 3.80388E-2 3.49168E-2 3.43832E-2 3.7045E-2 3.69592E-2 4.09823E-2 4.7432E-2 4.57419E-2 4.24685E-2 3.77256E-2 4.04251E-2 8.13263E-3 2.39418E-2 5.2027E-3 1.03046E-2 4.05013E-2 6.98844E-2 7.47042E-2 5.0385E-2 4.31154E-2 6.15034E-2 3.15918E-2 4.90749E-2 7.71187E-2 6.64993E-2 3.48472E-2 4.83478E-2 7.08585E-2 8.12887E-2 5.21133E-2 4.2733E-2
-9999 -9999 -9999 -9999 -9999 -9999 -9999 -9999 -9999 2.03571E-1 2.19752E-1 2.20352E-1 8.89437E-2 2.19157E-1 1.68777E-1 1.05631E-1 9.74439E-2 1.08544E-1 1.24527E-1 1.31296E-1 1.57651E-1 1.80571E-1 1.71888E-1 1.4227E-1 1.24546E-1 1.09571E-1 8.58008E-2 8.24905E-2 7.21262E-2 6.58315E-2 1.12035E-1 1.13197E-1 1.19041E-1 1.2851E-1 1.40753E-1 6.075E-2 1.31005E-1 1.04162E-1 9.55735E-2 1.00362E-1 2.19562E-2 1.42267E-2 4.78551E-2 5.64464E-2 1.28204E-2 4.57322E-2 9.46838E-2 8.16162E-2 7.6362E-2 9.39146E-2 7.16898E-2 4.8124E-2 1.16785E-1 1.0148E-1 5.92487E-2 7.13343E-2 7.24102E-2 4.82465E-2 4.07236E-2 3.64235E-2
-9999 -9999 -9999 -9999 -9999 -9999 -9999 -9999 1.29807E-1 2.12604E-1 2.18653E-1 1.34689E-1 2.50228E-1 1.83238E-1 1.46049E-1 8.56532E-2 9.13546E-2 1.46845E-1 1.65796E-1 2.21897E-1 1.26963E-1 1.8924E-1 1.40431E-1 1.42264E-1 1.21755E-1 1.07116E-1 9.00911E-2 8.77461E-2 8.90015E-2 9.1862E-2 1.34538E-1 1.23606E-1 1.24895E-1 4.77016E-2 1.5874E-1 1.68379E-1 1.26389E-1 9.54835E-2 9.27403E-2 1.00703E-1 5.91909E-2 2.5415E-2 5.29432E-2 5.96101E-2 6.57421E-2 5.29594E-2 7.33972E-2 8.01237E-2 7.4406E-2 8.50891E-2 8.0779E-2 8.97296E-2 1.16369E-1 1.06677E-1 8.15281E-2 8.85379E-2 7.31788E-2 4.73086E-2 4.4736E-2 4.46153E-2
-9999 -9999 -9999 -9999 -9999 -9999 -9999 -9999 1.72012E-1 1.92069E-1 2.31929E-1 2.08462E-1 2.33071E-1 1.69605E-1 1.32198E-1 8.91575E-2 9.98598E-2 1.63455E-1 2.23235E-1 7.10804E-2 1.92817E-1 1.18199E-1 1.18267E-1 1.20787E-1 1.11358E-1 9.84367E-2 9.45129E-2 1.00753E-1 1.10776E-1 9.72254E-2 1.3989E-1 1.16998E-1 1.23302E-1 1.14198E-1 1.73369E-1 1.69246E-1 1.35668E-1 1.05884E-1 1.00396E-1 9.90269E-2 6.14199E-2 5.864E-2 6.41957E-2 4.70869E-2 6.86715E-2 5.80572E-2 6.10823E-2 7.40053E-2 8.66415E-2 8.59288E-2 1.04904E-1 8.62333E-2 1.23495E-1 1.08248E-1 9.82053E-2 9.08379E-2 5.01437E-2 4.96526E-2 4.72312E-2 4.82252E-2
-9999 -9999 -9999 -9999 -9999 -9999 -9999 -9999 2.11418E-1 1.9543E-1 6.26556E-2 2.25365E-1 1.98698E-1 1.40084E-1 1.22744E-1 8.86599E-2 1.0163E-1 1.64401E-1 8.40857E-2 1.90164E-1 1.26967E-1 1.14706E-1 1.21002E-1 1.38869E-1 8.81784E-2 7.66351E-2 1.15993E-1 4.18129E-2 3.94182E-2 8.80331E-2 1.58855E-1 1.25878E-1 4.03006E-2 1.15233E-1 1.61842E-1 1.67045E-1 1.28436E-1 1.04244E-1 1.06971E-1 1.17778E-1 7.26027E-2 6.17321E-2 6.45611E-2 7.04893E-2 8.027E-2 3.21342E-2 6.07805E-2 6.6793E-2 9.5962E-2 4.27683E-2 1.07823E-1 1.22674E-1 1.06234E-1 1.15437E-1 1.03002E-1 7.95125E-2 6.01123E-2 5.18537E-2 4.69007E-2 4.5893E-2
-9999 -9999 -9999 -9999 -9999 -9999 -9999 1.73572E-1 2.10572E-1 2.01706E-1 2.34795E-1 2.00439E-1 1.7146E-1 1.2174E-1 1.2212E-1 1.14045E-1 1.2111E-1 6.46782E-2 8.1577E-2 1.30306E-1 9.89271E-2 1.09608E-1 1.26662E-1 2.53956E-2 1.13104E-1 1.08298E-1 1.30221E-1 1.0723E-1 1.04334E-1 9.33995E-2 1.4682E-1 1.28634E-1 1.18231E-1 1.29391E-1 1.78199E-1 1.79878E-1 1.50305E-1 1.24947E-1 6.13703E-2 4.37966E-2 3.15315E-2 6.75592E-2 7.43581E-2 7.82903E-2 8.17342E-2 5.91486E-2 6.42783E-2 5.96075E-2 1.00488E-1 8.92451E-2 1.04699E-1 1.18005E-1 4.96916E-2 1.20736E-1 1.08782E-1 7.51715E-2 6.04559E-2 5.60614E-2 5.49497E-2 5.58176E-2
-9999 -9999 -9999 -9999 -9999 -9999 1.16484E-1 1.03796E-1 1.14509E-1 4.99204E-2 1.87801E-1 1.54805E-1 1.35676E-1 9.36266E-2 1.02638E-1 1.44198E-1 1.33922E-1 1.52125E-1 1.40567E-1 1.42137E-1 1.32513E-1 1.45852E-1 1.01592E-1 1.40485E-1 1.15278E-1 1.32978E-1 1.39836E-1 1.23706E-1 1.15159E-1 1.00582E-1 1.26007E-1 1.0237E-1 9.53111E-2 1.40381E-1 1.48E-1 1.40411E-1 1.04576E-1 8.61505E-2 7.86244E-2 1.21177E-1 1.6229E-1 1.37863E-1 1.27612E-1 1.39725E-1 1.5271E-1 1.57988E-1 1.51222E-1 1.65666E-1 2.44393E-1 2.37313E-1 2.31481E-1 2.29737E-1 2.3928E-1 2.61031E-1 2.33011E-1 2.04256E-1 1.6012E-1 1.31097E-1 1.26994E-1 1.22459E-1
-9999 -9999 -9999 -9999 -9999 -9999 -9999 1.25866E-1 1.30916E-1 1.48697E-1 1.74416E-1 1.43875E-1 1.15254E-1 1.05645E-1 1.15518E-1 1.3058E-1 1.55597E-1 1.14168E-1 1.17987E-1 6.02291E-2 6.20311E-2 8.8452E-2 1.28942E-1 1.20867E-1 1.16098E-1 1.15237E-1 1.41514E-1 1.36128E-1 1.22572E-1 9.26986E-2 1.10453E-1 9.26098E-2 9.67759E-2 1.38051E-1 1.38014E-1 1.29402E-1 8.04971E-2 7.12755E-2 7.69204E-2 1.07517E-1 1.49928E-1 1.33819E-1 1.47716E-1 1.58094E-1 1.36473E-1 1.17815E-1 6.20444E-2 1.19472E-1 4.63806E-2 1.45439E-1 2.52106E-1 2.36383E-1 2.49933E-1 2.33281E-1 2.49282E-1 1.73493E-1 1.19279E-1 8.27536E-2 8.82032E-2 6.63467E-2
-9999 -9999 -9999 -9999 -9999 -9999 -9999 -9999 1.52268E-1 1.60251E-1 1.73235E-1 1.15448E-1 1.00618E-1 1.07088E-1 1.51928E-1 1.30886E-1 8.60589E-2 8.33838E-2 9.73248E-2 1.16261E-1 1.22987E-1 1.22952E-1 1.15179E-1 1.00087E-1 1.06963E-1 8.28009E-2 1.24368E-1 1.26593E-1 1.22919E-1 8.94389E-2 1.32974E-1 1.1126E-1 1.43298E-1 1.36446E-1 1.3624E-1 8.59357E-2 7.32337E-2 7.81969E-2 9.58863E-2 1.31649E-1 1.85437E-1 1.56052E-1 4.04986E-2 1.98739E-1 1.90457E-1 1.47755E-1 1.38411E-1 2.35824E-1 1.49829E-1 2.37476E-1 2.35105E-1 1.2706E-1 2.16631E-1 8.31079E-2 1.70673E-1 1.2747E-1 1.0599E-1 8.95917E-2 1.02305E-1 1.17152E-1
-9999 -9999 -9999 -9999 -9999 -9999 -9999 -9999 -9999 1.74321E-1 1.63184E-1 1.14886E-1 1.14527E-1 1.66985E-1 2.08987E-1 9.86269E-2 1.01546E-1 1.15122E-1 1.27654E-1 1.35674E-1 1.22276E-1 1.23078E-1 9.84052E-2 8.1019E-2 9.25266E-2 8.92155E-2 1.18373E-1 1.18941E-1 1.23317E-1 1.03743E-1 1.74678E-1 1.56718E-1 1.34385E-1 1.40887E-1 1.23859E-1 7.65315E-2 7.31836E-2 8.66302E-2 1.08972E-1 5.17728E-2 1.75578E-1 1.55603E-1 1.72002E-1 1.85164E-1 1.64605E-1 1.18827E-1 1.13547E-1 2.04926E-1 1.61775E-1 2.08903E-1 2.00231E-1 1.68466E-1 9.40628E-2 9.31271E-2 8.10363E-2 4.56022E-2 1.63264E-2 7.81115E-2 2.65374E-2 7.86347E-2
-9999 -9999 -9999 -9999 -9999 -9999 -9999 -9999 -9999 -9999 1.615E-1 1.25345E-1 1.16597E-1 1.41462E-1 1.57594E-1 9.31727E-2 1.04702E-1 1.19599E-1 1.21141E-1 1.26045E-1 1.1063E-1 1.00102E-1 9.42374E-2 8.00775E-2 7.04371E-2 8.2586E-2 1.27647E-1 1.22045E-1 1.1875E-1 1.28897E-1 1.62482E-1 1.62004E-1 1.61007E-1 1.30251E-1 1.10729E-1 9.19041E-2 8.42828E-2 1.06881E-1 1.19446E-1 6.58421E-2 1.94384E-1 1.26507E-1 1.64412E-1 1.69543E-1 1.31331E-1 1.03154E-1 1.77171E-1 9.93282E-2 1.84391E-1 1.7086E-1 9.05391E-2 8.20869E-2 7.4992E-2 6.99988E-2 6.80402E-2 7.31543E-2 9.37406E-2 9.95313E-2 1.10399E-1 1.13432E-1
-9999 -9999 -9999 -9999 -9999 -9999 -9999 -9999 -9999 -9999 -9999 1.1628E-1 2.35513E-1 2.92661E-1 1.58577E-1 1.24964E-1 9.68565E-2 1.02519E-1 1.0466E-1 1.20697E-1 1.34381E-1 1.1314E-1 8.763E-2 7.98247E-2 1.0367E-1 1.43471E-1 2.2427E-1 2.10119E-1 2.03407E-1 1.73291E-1 1.72658E-1 1.72507E-1 1.67738E-1 1.2552E-1 1.3003E-1 1.12508E-1 9.83715E-2 1.2734E-1 1.57056E-1 2.53307E-1 1.86825E-1 1.29975E-1 1.94933E-1 1.90394E-1 1.19225E-1 1.04153E-1 5.72944E-2 9.98154E-2 8.62875E-2 7.10492E-2 6.55213E-2 7.38481E-2 6.91611E-2 7.83543E-2 7.66534E-2 1.27322E-1 6.73876E-2 1.10605E-1 1.24033E-1 1.52807E-1
-9999 -9999 -9999 -9999 -9999 -9999 -9999 -9999 -9999 -9999 -9999 -9999 1.16101E-1 2.33994E-1 2.18474E-1 1.52921E-1 9.91896E-2 1.01024E-1 1.0078E-1 1.22712E-1 1.43166E-1 1.26593E-1 1.02676E-1 9.96138E-2 1.14067E-1 1.48949E-1 2.54126E-1 2.16605E-1 2.15882E-1 1.90765E-1 1.7163E-1 1.50068E-1 1.23107E-1 1.38407E-1 1.30197E-1 1.30138E-1 1.09737E-1 1.5903E-1 1.01589E-1 2.49469E-1 1.42687E-1 1.08969E-1 1.73753E-1 1.69434E-1 4.42434E-2 5.94793E-2 9.34227E-2 9.31366E-2 7.89373E-2 8.99269E-2 9.42181E-2 9.91161E-2 1.05093E-1 1.28372E-1 1.44369E-1 9.47879E-2 1.20068E-1 1.17409E-1 1.30012E-1 1.78604E-1
-9999 -9999 -9999 -9999 -9999 -9999 -9999 -9999 -9999 -9999 -9999 -9999 2.75398E-1 1.15493E-1 2.4407E-1 1.23869E-1 8.42001E-2 8.61199E-2 9.68296E-2 1.3062E-1 8.51446E-2 1.40717E-1 1.31111E-1 1.31696E-1 1.42115E-1 1.44922E-1 1.69239E-1 1.93199E-1 2.31812E-1 1.84618E-1 1.21683E-1 1.05419E-1 1.15884E-1 1.28998E-1 1.28919E-1 4.98553E-2 1.372E-1 2.15057E-1 1.95732E-1 1.90959E-1 1.21808E-1 9.9296E-2 1.6854E-1 1.48909E-1 8.895E-2 9.8777E-2 1.46752E-1 9.22131E-2 9.87191E-2 1.13713E-1 1.19917E-1 1.237E-1 1.29669E-1 3.98327E-2 1.2265E-1 1.1133E-1 1.13791E-1 1.31617E-1 1.44262E-1 2.39138E-1
-9999 -9999 -9999 -9999 -9999 -9999 -9999 -9999 -9999 -9999 -9999 -9999 -9999 1.34942E-1 1.50302E-1 9.22875E-2 6.99355E-2 8.29529E-2 9.23602E-2 1.18423E-1 6.8276E-2 1.55387E-1 1.51553E-1 1.12701E-1 1.51427E-1 1.74629E-1 3.08873E-1 1.76242E-1 2.60381E-1 8.67288E-2 7.71828E-2 7.58868E-2 7.95213E-2 9.01064E-2 1.18687E-1 1.43385E-1 3.97486E-2 4.54963E-2 2.52397E-1 1.4535E-1 1.05632E-1 1.07108E-1 1.61113E-1 4.94436E-2 6.22383E-2 1.37698E-1 7.65981E-2 7.3405E-2 9.565E-2 1.1545E-1 1.17823E-1 1.16524E-1 1.25715E-1 1.0711E-1 1.0121E-1 1.04289E-1 1.18008E-1 1.24547E-1 1.83732E-1 2.31227E-1
-9999 -9999 -9999 -9999 -9999 -9999 -9999 -9999 -9999 -9999 -9999 -9999 -9999 -9999 1.17742E-1 8.44516E-2 7.34978E-2 9.32938E-2 9.81499E-2 1.17761E-1 1.5025E-1 1.65744E-1 1.97792E-1 1.94734E-1 7.35405E-2 1.98808E-1 2.92311E-1 2.54748E-1 1.4256E-1 8.47709E-2 6.07314E-2 6.11268E-2 7.73408E-2 1.02226E-1 1.06535E-1 1.40152E-1 1.54625E-1 2.42767E-1 2.33264E-1 1.15514E-1 1.00728E-1 1.19958E-1 5.14879E-2 8.45235E-2 1.04826E-1 6.44198E-2 7.44683E-2 1.00084E-1 1.1736E-1 1.24532E-1 1.2421E-1 1.31266E-1 1.22684E-1 1.12406E-1 1.09193E-1 1.03563E-1 1.13509E-1 1.26051E-1 1.86251E-1 2.09951E-1
-9999 -9999 -9999 -9999 -9999 -9999 -9999 -9999 -9999 -9999 -9999 -9999 -9999 -9999 1.2339E-1 1.1192E-1 1.05342E-1 1.19074E-1 1.13237E-1 1.38488E-1 2.00907E-1 2.40132E-1 1.15218E-1 2.60935E-1 2.79543E-1 1.73912E-1 1.36923E-1 1.36167E-1 1.02889E-1 6.25824E-2 4.76179E-2 6.73997E-2 8.16289E-2 8.27237E-2 8.79314E-2 1.24503E-1 1.32056E-1 2.04243E-1 1.98974E-1 8.82719E-2 6.99009E-2 9.134E-2 6.52179E-2 5.47703E-2 4.26786E-2 4.01759E-2 4.83735E-2 7.27189E-2 8.29644E-2 7.76723E-2 1.09188E-1 1.05802E-1 1.06653E-1 1.0587E-1 9.94095E-2 8.07751E-2 8.1805E-2 7.77563E-2 1.40634E-1 1.65126E-1
-9999 -9999 -9999 -9999 -9999 -9999 -9999 -9999 -9999 -9999 -9999 -9999 -9999 -9999 1.22146E-1 1.11353E-1 1.10735E-1 1.14887E-1 1.09904E-1 1.46763E-1 2.36081E-1 1.31066E-1 3.31485E-1 3.8768E-1 1.19168E-1 6.80084E-2 1.89893E-1 1.33967E-1 1.07247E-1 8.21445E-2 7.31183E-2 8.44969E-2 9.16806E-2 8.74996E-2 9.60561E-2 1.11513E-1 1.18437E-1 1.79845E-1 1.75966E-1 8.45525E-2 1.5251E-1 7.44051E-2 4.86007E-2 4.33155E-2 4.02264E-2 4.7455E-2 6.70453E-2 8.9617E-2 8.32E-2 9.21272E-2 1.20902E-1 1.15739E-1 4.57585E-2 1.29216E-1 1.03879E-1 8.09583E-2 8.22181E-2 8.49751E-2 1.42138E-1 1.11047E-1
-9999 -9999 -9999 -9999 -9999 -9999 -9999 -9999 -9999 -9999 -9999 -9999 -9999 -9999 1.09066E-1 1.1101E-1 1.06724E-1 1.19212E-1 1.28497E-1 1.71886E-1 1.32153E-1 2.69233E-1 5.04518E-2 3.86036E-1 3.22177E-1 2.30458E-1 1.79764E-1 1.19693E-1 1.00373E-1 8.27751E-2 8.30312E-2 7.74034E-2 8.37386E-2 9.07947E-2 7.92905E-2 9.49039E-2 1.09032E-1 1.59485E-1 1.57745E-1 1.54162E-1 6.29313E-2 4.80559E-2 4.24311E-2 4.1187E-2 4.88109E-2 6.2476E-2 7.93531E-2 8.43141E-2 8.65615E-2 1.02179E-1 1.21846E-1 1.14397E-1 3.1105E-2 1.38337E-1 1.08546E-1 8.18012E-2 6.69011E-2 6.48139E-2 7.90804E-2 3.76781E-2
-9999 -9999 -9999 -9999 -9999 -9999 -9999 -9999 -9999 -9999 -9999 -9999 -9999 2.2913E-1 1.57765E-1 1.32158E-1 1.2664E-1 1.37251E-1 1.5455E-1 1.74208E-1 2.11022E-1 1.60468E-1 2.14447E-1 2.12065E-1 1.68706E-1 1.21046E-1 1.43043E-1 2.00103E-1 1.1768E-1 1.06849E-1 9.67157E-2 9.9422E-2 8.75276E-2 7.98291E-2 6.46355E-2 7.7831E-2 1.06916E-1 4.7064E-2 1.44932E-1 7.32688E-2 5.54881E-2 5.8346E-2 6.51183E-2 5.93791E-2 6.5825E-2 7.21368E-2 8.09581E-2 9.58725E-2 1.03946E-1 1.2901E-1 1.28383E-1 1.11995E-1 1.38444E-1 1.39292E-1 1.07742E-1 8.80879E-2 7.42467E-2 7.14258E-2 6.11471E-2 -9999
-9999 -9999 -9999 -9999 -9999 -9999 -9999 -9999 -9999 -9999 -9999 -9999 1.86223E-1 9.56106E-2 1.55514E-1 1.228E-1 2.12915E-1 2.6642E-1 1.64492E-1 1.20756E-1 1.35517E-1 1.76427E-1 1.84203E-1 6.07024E-2 1.00644E-1 1.38973E-1 2.1924E-1 1.24558E-1 2.12848E-1 1.19992E-1 1.11713E-1 1.19142E-1 9.11758E-2 6.86382E-2 5.34528E-2 5.90131E-2 7.57936E-2 3.39443E-2 8.42908E-2 6.01514E-2 5.88777E-2 7.07366E-2 7.46625E-2 7.36729E-2 7.17999E-2 6.81707E-2 8.03724E-2 9.11376E-2 1.20307E-1 1.40756E-1 1.36948E-1 8.12133E-2 1.57812E-1 1.29209E-1 9.88623E-2 8.26915E-2 7.06726E-2 7.27486E-2 6.93016E-2 7.57066E-2
-9999 -9999 -9999 -9999 -9999 -9999 -9999 -9999 -9999 -9999 -9999 2.35205E-1 2.85816E-1 1.61E-1 1.41177E-1 1.22461E-1 1.83374E-1 1.97625E-1 1.94152E-1 1.47291E-1 1.32013E-1 2.53883E-1 2.59571E-1 2.39E-1 1.58806E-1 2.13866E-1 1.97424E-1 1.22181E-1 2.08167E-1 2.88328E-1 9.60227E-2 1.81016E-1 1.28851E-1 1.04564E-1 8.06943E-2 7.79203E-2 1.25876E-1 1.48734E-1 1.10879E-1 1.08676E-1 1.13682E-1 1.12168E-1 1.33998E-1 1.07447E-1 9.49905E-2 7.65344E-2 8.81385E-2 1.08943E-1 1.74193E-1 1.592E-1 1.11624E-1 1.37395E-1 1.73817E-1 1.14184E-1 9.02798E-2 7.10731E-2 6.02211E-2 7.55654E-2 8.67175E-2 9.98778E-2
-9999 -9999 -9999 -9999 -9999 -9999 -9999 -9999 -9999 -9999 2.08772E-1 2.00247E-1 8.38653E-2 2.02552E-1 1.69359E-1 1.50929E-1 2.03444E-1 1.73944E-1 1.85389E-1 1.37258E-1 1.83459E-1 2.73519E-1 1.11543E-1 2.5206E-1 1.57099E-1 1.80617E-1 2.55877E-1 1.36656E-1 1.04552E-1 1.68177E-1 1.50708E-1 1.70289E-1 1.91702E-1 1.37493E-1 9.52327E-2 1.03435E-1 1.10193E-1 1.81402E-1 1.56334E-1 1.52172E-1 1.68931E-1 1.67987E-1 1.51776E-1 1.14621E-1 9.76695E-2 8.00853E-2 9.05103E-2 1.26973E-1 1.73752E-1 1.50056E-1 1.32184E-1 1.76993E-1 1.9512E-1 1.19484E-1 8.63518E-2 8.37779E-2 6.59652E-2 6.71709E-2 7.94876E-2 1.48459E-1
-9999 -9999 -9999 -9999 -9999 -9999 -9999 -9999 -9999 -9999 2.87151E-1 1.71951E-1 1.92047E-1 1.36091E-1 1.93029E-1 1.97042E-1 1.17983E-1 1.11182E-1 9.94394E-2 1.52027E-1 1.7267E-1 2.17348E-1 2.04776E-1 2.16723E-1 2.33633E-1 3.23379E-2 5.68168E-2 1.49404E-1 1.32424E-1 9.27847E-2 1.41553E-1 1.81548E-1 6.7063E-2 1.03532E-1 1.04055E-1 1.17515E-1 2.15836E-1 2.48298E-1 2.34787E-1 2.47877E-1 2.00155E-1 1.87484E-1 1.35879E-1 1.24254E-1 8.81661E-2 9.55168E-2 9.50722E-2 1.66441E-1 1.73742E-1 1.37E-1 2.72518E-2 2.19501E-1 1.50599E-1 1.10443E-1 6.93849E-2 6.81166E-2 6.43947E-2 7.54752E-2 1.19574E-1 1.56901E-1
-9999 -9999 -9999 -9999 -9999 -9999 -9999 -9999 -9999 1.85246E-3 2.67829E-1 1.44152E-1 6.48571E-2 2.19618E-1 6.19047E-2 2.39275E-1 3.07388E-1 1.94761E-1 1.83863E-1 1.75956E-1 2.44451E-1 2.92384E-1 3.19797E-1 3.23781E-1 2.68657E-1 2.14435E-1 2.0453E-1 5.10208E-2 3.44942E-2 1.3179E-1 9.96921E-2 1.37797E-1 1.02042E-1 9.00583E-2 1.01276E-1 -9999 2.09502E-1 2.39998E-1 2.64002E-1 2.92099E-1 2.30129E-1 1.89872E-1 1.43561E-1 1.24002E-1 1.15459E-1 1.16568E-1 1.65286E-1 1.73022E-1 1.3696E-1 1.2295E-1 1.40994E-1 2.05202E-1 1.34797E-1 1.03097E-1 7.26278E-2 7.27846E-2 6.94594E-2 7.00821E-2 5.23405E-2 1.71026E-1
