Phytophthora/models/20240501_1705_06/Phytophthora_PA3_RUN5_MAXENT_outputs/Phytophthora_PA3_RUN5.asc
ncols         225
nrows         269
xllcorner     473000.0
yllcorner     4429100.0
cellsize      50.0
NODATA_value  -9999
[rows 162 to 188 of 269, columns 120 to 179 of 225]
6.23006E-2 2.64342E-1 1.54141E-1 1.94446E-1 2.62616E-1 3.06733E-1 3.29997E-1 3.51483E-1 1.23936E-1 1.97168E-1 1.01084E-1 4.65516E-1 4.16567E-1 4.13449E-1 4.06129E-1 4.97598E-1 5.40956E-1 5.50585E-1 5.60008E-1 4.69218E-1 3.46286E-1 2.97645E-1 3.05167E-1 2.64156E-1 3.06223E-1 2.00725E-1 2.05829E-1 2.5396E-1 3.07616E-1 3.07046E-1 1.98524E-1 1.49356E-1 1.05352E-1 8.5259E-2 1.11695E-1 2.22385E-1 2.19925E-1 2.14093E-1 1.90116E-1 1.78964E-1 2.16683E-1 2.75766E-1 3.29114E-1 3.82124E-1 3.73823E-1 1.6613E-1 2.65141E-1 2.45472E-1 2.13543E-1 2.09022E-1 3.14854E-1 2.54749E-1 4.84322E-1 3.60737E-1 3.12839E-1 2.35177E-1 3.62557E-1 3.98771E-1 3.73397E-1 3.03617E-1
3.32232E-1 2.76831E-1 3.1361E-1 2.634E-1 1.9287E-1 3.35696E-1 3.20844E-1 3.40546E-1 3.79263E-1 4.4282E-1 4.2151E-1 3.27639E-1 4.21459E-1 3.97021E-1 3.65702E-1 4.18949E-1 5.40304E-1 5.72626E-1 4.35846E-2 4.26739E-1 2.60186E-1 1.64369E-1 4.20689E-1 1.64881E-1 1.23671E-1 1.68594E-1 1.80255E-1 1.96246E-1 1.91796E-1 2.51726E-1 1.63511E-1 1.27447E-1 9.79848E-2 1.54903E-1 1.19893E-1 1.74693E-1 1.73085E-1 1.81323E-1 1.81478E-1 1.83462E-1 2.18106E-1 2.82629E-1 3.38725E-1 2.15211E-1 3.85725E-1 3.90573E-1 1.48971E-1 2.94027E-1 2.47806E-1 4.774E-2 1.13873E-1 1.92321E-1 1.53523E-1 3.42071E-1 1.62173E-1 4.32732E-1 3.71538E-1 3.69261E-1 3.92605E-1 3.89402E-1
3.2217E-1 2.7715E-1 2.36279E-1 2.41821E-1 1.80733E-1 3.44279E-1 3.71118E-1 3.62975E-1 3.43544E-1 4.11512E-1 4.66957E-1 1.70503E-1 4.62806E-1 4.16697E-1 3.63339E-1 3.68675E-1 3.1324E-1 4.81974E-1 4.2871E-1 3.18247E-1 2.25441E-1 2.16116E-1 2.85992E-1 1.445E-1 2.82202E-1 1.99284E-1 1.81166E-1 1.83505E-1 1.84317E-1 1.12934E-1 1.50684E-1 1.24975E-1 1.35778E-1 1.37083E-1 1.64838E-1 2.40586E-1 2.33525E-1 2.20977E-1 2.14931E-1 1.72581E-1 2.01549E-1 2.59217E-1 3.10375E-1 3.41131E-1 3.66603E-1 1.14359E-1 1.94702E-1 2.70492E-1 2.50412E-1 1.71156E-1 1.7875E-1 3.27595E-1 4.55691E-1 4.19947E-1 3.7898E-1 4.24892E-1 4.1563E-1 4.03227E-1 3.91557E-1 4.21105E-1
3.80775E-1 3.1606E-1 2.26049E-1 2.52658E-1 1.81022E-1 2.73627E-1 3.10875E-1 3.3418E-1 3.23361E-1 4.03198E-1 4.96009E-1 2.26927E-1 5.45965E-1 5.53852E-1 3.11869E-1 1.73043E-1 2.47617E-1 3.35989E-1 2.1344E-1 2.00608E-1 2.58173E-1 2.38824E-1 2.26796E-1 2.47785E-1 2.93028E-1 2.01836E-1 2.08572E-1 1.99475E-1 2.18078E-1 1.168E-1 1.45012E-1 1.46429E-1 1.52351E-1 1.73157E-1 2.31866E-1 3.23436E-1 3.25596E-1 2.84085E-1 2.24569E-1 2.07657E-1 1.87015E-1 2.33839E-1 2.83934E-1 3.08201E-1 3.27363E-1 3.04532E-1 2.7704E-1 3.25586E-1 2.36769E-1 1.84031E-1 2.60415E-1 3.37756E-1 3.01214E-1 5.16593E-1 2.55701E-1 4.25833E-1 4.40402E-1 4.49617E-1 4.51837E-1 4.47596E-1
4.08872E-1 3.20194E-1 2.55236E-1 2.54121E-1 1.93145E-1 2.45954E-1 3.04492E-1 3.44503E-1 3.86611E-1 4.24096E-1 4.72477E-1 3.04872E-1 5.75636E-1 5.38285E-1 5.2235E-1 3.31172E-1 3.11737E-1 3.84197E-1 3.23736E-1 3.83495E-1 2.84749E-1 3.98833E-1 3.99212E-1 4.61325E-1 4.42827E-1 3.28852E-1 3.37824E-1 3.69702E-1 4.0234E-1 1.93827E-1 3.18464E-1 2.17179E-1 2.3796E-1 2.99783E-1 3.59506E-1 3.31091E-1 3.1899E-1 2.66881E-1 2.21557E-1 2.01833E-1 2.08388E-1 2.16368E-1 2.51799E-1 2.93304E-1 3.27744E-1 3.33713E-1 4.09139E-1 3.39047E-1 4.09306E-1 3.64761E-1 2.79837E-1 2.24183E-1 2.51558E-1 1.09963E-1 1.82695E-1 3.39948E-1 3.55165E-1 5.43279E-1 5.61048E-1 5.49823E-1
1.81886E-1 2.98124E-1 2.17738E-1 2.21109E-1 1.98235E-1 2.60709E-1 2.94059E-1 3.15725E-1 3.84254E-1 4.62452E-1 5.09341E-1 2.66167E-1 4.83728E-1 4.12615E-1 3.5938E-1 3.54889E-1 3.8403E-1 3.93555E-1 2.39571E-1 4.53306E-1 5.14447E-1 4.22747E-1 3.84219E-1 4.24864E-1 5.09777E-1 4.25833E-1 3.66946E-1 3.57342E-1 3.7815E-1 3.94793E-1 3.06405E-1 2.48821E-1 2.99899E-1 4.21408E-1 4.36229E-1 4.11548E-1 3.69817E-1 3.19819E-1 2.58037E-1 2.24353E-1 2.62498E-1 2.60198E-1 2.60069E-1 2.80845E-1 1.23743E-1 4.34327E-1 4.23898E-1 3.43739E-1 1.0185E-1 1.82452E-1 2.32019E-1 1.88615E-1 1.60017E-1 1.84972E-1 2.12921E-1 3.01339E-1 1.01345E-1 3.43896E-1 2.38859E-1 5.06688E-1
2.12598E-1 1.82423E-1 2.10078E-1 2.04855E-1 2.12881E-1 2.71565E-1 3.23057E-1 2.87041E-1 2.9611E-1 3.86563E-1 4.5625E-1 4.5452E-1 4.699E-1 4.50303E-1 2.57567E-1 2.19104E-1 3.74831E-1 4.10313E-1 4.12036E-1 3.96513E-1 3.96726E-1 4.03805E-1 4.35737E-1 4.1425E-1 4.04883E-1 4.05902E-1 4.76022E-1 4.60786E-1 4.17936E-1 3.38485E-1 3.52793E-1 2.88646E-1 1.58177E-1 4.88556E-1 4.64847E-1 1.24282E-1 1.88303E-1 2.47431E-1 2.3816E-1 2.81642E-1 2.75336E-1 2.82475E-1 2.72576E-1 2.56921E-1 2.53096E-1 4.79803E-1 4.23852E-1 4.14299E-1 3.80021E-1 3.72306E-1 1.47635E-1 1.79646E-1 1.60748E-1 1.6919E-1 1.75159E-1 3.07633E-1 2.77418E-1 4.10201E-1 4.43256E-1 3.94822E-1
2.32007E-1 1.83735E-1 1.82488E-1 1.96608E-1 2.48948E-1 3.59603E-1 4.34773E-1 3.49291E-1 2.92627E-1 3.78275E-1 4.07133E-1 5.52912E-1 1.63402E-1 1.35732E-1 4.64096E-1 3.98232E-1 4.07796E-1 4.18159E-1 4.14739E-1 4.10028E-1 4.02943E-1 4.23234E-1 4.20135E-1 4.19316E-1 1.93207E-1 3.5379E-1 1.00359E-1 3.57581E-1 2.86923E-1 2.65873E-1 2.43091E-1 2.04017E-1 2.45583E-1 1.53803E-1 4.18542E-1 3.92248E-1 4.01763E-1 3.37218E-1 3.01557E-1 2.40621E-1 2.69348E-1 2.77779E-1 2.76885E-1 2.47003E-1 2.8223E-1 4.35726E-1 4.76423E-1 4.2317E-1 3.98525E-1 3.82524E-1 2.51858E-1 2.32077E-1 2.30157E-1 9.22626E-2 2.17517E-1 3.15654E-1 4.10275E-1 4.33505E-1 4.66185E-1 4.67631E-1
2.43735E-1 2.29527E-1 1.85529E-1 1.54106E-1 1.70804E-1 2.51781E-1 4.045E-1 2.05777E-1 5.10286E-1 4.04551E-1 3.9168E-1 5.57104E-1 5.30901E-1 4.34397E-1 3.94813E-1 3.69974E-1 4.22633E-1 4.31379E-1 4.29E-1 4.3411E-1 4.25085E-1 4.51394E-1 4.36968E-1 4.50853E-1 1.45003E-1 3.7147E-1 3.97925E-1 3.55117E-1 2.8863E-1 2.75883E-1 2.35282E-1 2.25707E-1 2.63835E-1 4.85987E-1 5.09372E-1 4.71605E-1 3.55981E-1 2.40594E-1 2.49473E-1 2.72144E-1 2.53261E-1 2.56449E-1 2.61684E-1 2.49942E-1 3.07921E-1 4.29775E-1 3.08254E-1 3.99301E-1 3.80622E-1 3.61644E-1 1.51721E-1 2.55476E-1 1.00905E-1 2.25212E-1 2.26259E-1 3.54296E-1 3.51319E-1 3.19468E-1 5.03363E-1 4.91166E-1
2.11548E-1 2.04564E-1 1.40413E-1 1.18971E-1 9.06851E-2 1.2085E-1 1.42118E-1 2.00669E-1 3.65094E-1 3.38867E-1 4.74025E-1 5.41733E-1 5.18053E-1 4.28865E-1 3.76393E-1 3.07968E-1 3.63344E-1 4.43999E-1 4.39143E-1 3.70891E-1 3.28807E-1 3.52753E-1 3.45384E-1 3.58538E-1 2.70699E-1 3.94868E-1 3.06814E-1 2.90039E-1 3.04115E-1 3.40894E-1 3.95976E-1 3.71668E-1 4.2583E-1 4.00739E-1 4.24414E-1 3.24147E-1 2.64046E-1 2.1112E-1 2.52035E-1 2.41375E-1 3.20111E-1 3.37455E-1 3.33321E-1 3.36683E-1 3.31914E-1 3.72924E-1 2.8006E-1 3.41633E-1 3.99958E-1 3.95654E-1 3.19691E-1 2.65829E-1 2.97881E-1 2.74911E-1 2.74601E-1 3.17293E-1 2.8052E-1 4.07625E-1 5.01396E-1 4.22347E-1
2.02757E-1 1.7534E-1 1.51613E-1 1.9107E-1 1.5515E-1 9.13155E-2 1.12461E-1 1.5141E-1 2.05053E-1 2.77867E-1 5.00094E-1 5.20605E-1 3.88588E-1 4.31429E-1 3.68848E-1 2.98348E-1 3.05313E-1 2.69305E-1 4.58872E-1 3.40241E-1 4.00707E-1 3.38772E-1 3.69106E-1 3.95198E-1 3.11795E-1 4.44771E-1 4.02626E-1 3.48853E-1 3.34885E-1 2.08617E-1 4.29042E-1 3.84169E-1 4.10944E-1 2.05517E-1 4.2596E-1 2.75007E-1 2.10516E-1 2.48278E-1 2.52597E-1 2.73906E-1 3.79572E-1 3.10246E-1 3.48411E-1 3.38404E-1 2.19241E-1 2.3369E-1 1.76554E-1 2.2824E-1 3.3577E-1 3.43278E-1 1.71687E-1 2.64781E-1 2.7104E-1 2.71403E-1 2.54897E-1 3.06862E-1 3.64727E-1 4.41135E-1 4.43002E-1 3.56418E-1
2.16184E-1 2.29035E-1 1.7361E-1 1.46719E-1 1.52868E-1 1.48041E-1 1.11305E-1 1.31963E-1 1.60771E-1 2.12042E-1 3.1798E-1 3.66753E-1 4.98599E-1 3.07691E-1 4.15604E-1 3.04918E-1 2.66978E-1 2.36821E-1 3.08996E-1 2.19898E-1 4.13079E-1 3.19385E-1 3.98463E-1 2.54309E-1 3.8931E-1 4.57683E-1 2.39197E-1 1.53315E-1 2.31114E-1 3.90295E-1 4.32589E-1 4.50867E-1 4.62454E-1 2.36847E-1 3.87087E-1 2.71174E-1 2.13736E-1 1.74138E-1 2.41367E-1 1.98021E-1 3.30869E-1 3.46432E-1 3.611E-1 4.41062E-1 1.7467E-1 1.75926E-1 1.40643E-1 2.52473E-1 3.7609E-1 4.03202E-1 3.34448E-1 3.67564E-1 3.23908E-1 2.77566E-1 2.67217E-1 4.4503E-1 4.19392E-1 4.03971E-1 4.2935E-1 3.25542E-1
2.35105E-1 2.65391E-1 2.23085E-1 1.54669E-1 1.25983E-1 1.2898E-1 1.5205E-1 1.29752E-1 1.23376E-1 1.68994E-1 2.73369E-1 2.92962E-1 3.12724E-1 4.53839E-1 2.36495E-1 3.65061E-1 2.34254E-1 2.55179E-1 2.22617E-1 4.42265E-1 2.4037E-1 3.29977E-1 4.20747E-1 2.35409E-1 3.73101E-1 5.13569E-1 4.449E-1 3.70091E-1 3.53603E-1 4.04839E-1 4.42162E-1 5.01821E-1 3.86031E-1 5.43824E-1 3.69854E-1 2.35155E-1 1.92365E-1 1.64162E-1 2.43875E-1 2.37338E-1 3.84173E-1 3.98807E-1 3.87424E-1 4.50086E-1 5.33413E-2 1.72863E-1 1.97921E-1 2.08324E-1 5.07515E-1 5.00354E-1 3.69091E-1 4.25394E-1 3.3333E-1 2.95133E-1 3.59246E-1 4.62292E-1 4.29064E-1 3.95115E-1 3.0471E-1 2.94526E-1
2.62994E-1 3.2815E-1 2.41487E-1 1.75625E-1 1.47098E-1 1.14412E-1 1.23379E-1 1.55536E-1 1.36821E-1 1.44893E-1 2.23785E-1 2.47992E-1 2.64895E-1 2.78026E-1 4.29586E-1 3.64838E-1 2.74958E-1 2.55425E-1 2.87295E-1 2.58893E-1 4.62045E-1 3.29647E-1 4.55567E-1 2.23704E-1 3.86899E-1 5.31438E-1 3.41359E-1 3.63647E-1 3.61534E-1 4.14281E-1 4.81238E-1 5.70241E-1 3.9141E-1 5.77463E-1 3.78235E-1 2.32963E-1 2.11471E-1 1.93974E-1 2.14338E-1 7.50095E-2 3.86893E-1 3.83547E-1 3.84292E-1 3.86545E-1 1.78484E-1 1.08536E-1 2.11148E-1 2.22186E-1 4.41119E-1 4.80482E-1 1.95136E-1 3.71354E-1 2.98684E-1 2.3173E-1 2.85967E-1 5.05336E-1 4.37798E-1 2.92307E-1 2.27696E-1 2.27777E-1
3.19123E-1 4.16058E-1 2.89871E-1 2.16021E-1 1.6462E-1 1.51827E-1 1.1447E-1 1.20922E-1 1.21133E-1 1.22715E-1 1.47686E-1 1.63806E-1 1.89136E-1 2.11069E-1 2.54117E-1 3.92757E-1 4.6815E-1 2.86744E-1 3.12403E-1 3.16654E-1 2.19145E-1 2.88803E-1 4.39015E-1 1.18893E-1 2.70982E-1 2.60298E-1 2.22408E-1 2.82934E-1 2.08199E-1 3.16946E-1 3.48004E-1 2.03733E-1 4.81857E-1 3.18513E-1 2.21605E-1 2.11973E-1 2.00375E-1 2.47779E-1 9.26007E-2 2.61818E-1 4.18244E-1 4.22454E-1 4.10015E-1 4.41645E-1 1.42531E-1 2.20577E-1 3.38429E-1 2.96339E-1 4.37597E-1 3.72625E-1 3.01964E-1 3.37101E-1 3.24726E-1 2.54555E-1 2.13847E-1 2.81971E-1 2.86784E-1 2.61871E-1 1.76931E-1 1.5361E-1
3.82233E-1 4.68145E-1 3.07654E-1 2.36079E-1 1.90115E-1 1.76316E-1 1.32069E-1 1.09366E-1 1.09399E-1 1.50249E-1 1.2724E-1 1.48924E-1 1.75617E-1 2.03831E-1 2.36125E-1 4.07846E-1 2.88908E-1 3.13673E-1 3.46798E-1 3.59031E-1 2.25446E-1 3.13403E-1 2.97039E-1 3.0648E-1 2.85926E-1 1.13065E-1 2.39876E-1 2.98212E-1 2.5677E-1 6.28904E-2 1.05961E-1 1.91005E-1 2.50913E-1 2.30069E-1 2.28868E-1 2.40597E-1 2.47712E-1 2.57913E-1 2.6336E-1 2.57373E-1 3.72802E-1 3.80421E-1 3.78095E-1 3.54199E-1 2.78877E-1 2.76631E-1 3.14784E-1 3.16473E-1 3.62225E-1 3.48231E-1 3.47538E-1 3.59006E-1 3.09921E-1 2.75905E-1 2.44886E-1 2.78975E-1 2.62383E-1 2.46836E-1 2.10874E-1 1.79623E-1
4.93302E-1 4.83797E-1 3.03004E-1 2.58797E-1 2.27814E-1 2.05424E-1 1.56679E-1 1.17405E-1 1.02324E-1 1.34209E-1 1.57287E-1 1.17236E-1 1.42999E-1 1.58587E-1 2.0821E-1 2.95384E-1 3.1927E-1 4.22853E-1 3.976E-1 3.29882E-1 2.45761E-1 3.3428E-1 4.06608E-1 2.0591E-1 2.61347E-1 2.92859E-1 2.27287E-1 2.97101E-1 7.44253E-2 2.2468E-1 1.46043E-1 2.78734E-1 3.27047E-1 2.43998E-1 2.61131E-1 2.90473E-1 6.18848E-2 2.58742E-1 2.32229E-1 2.31655E-1 3.75024E-1 3.65699E-1 3.59945E-1 3.62369E-1 3.26809E-1 9.56302E-2 3.32803E-1 4.84342E-1 4.72565E-1 4.46195E-1 4.13951E-1 3.70481E-1 2.72764E-1 2.55357E-1 2.12286E-1 1.73183E-1 1.80124E-1 2.19227E-1 1.86487E-1 1.63594E-1
4.23458E-1 3.91559E-1 3.05962E-1 2.99995E-1 2.38254E-1 2.16892E-1 1.72064E-1 1.36014E-1 9.82892E-2 1.05968E-1 1.53026E-1 1.25867E-1 1.22723E-1 1.63397E-1 2.07796E-1 2.80553E-1 3.64643E-1 3.8598E-1 5.65551E-1 3.59408E-1 2.73456E-1 3.59659E-1 3.2792E-1 2.80833E-1 2.69873E-1 3.01807E-1 2.39833E-1 2.92278E-1 1.43827E-1 2.62057E-1 1.75379E-1 2.50607E-1 2.53544E-1 3.20094E-1 2.76405E-1 2.91077E-1 2.44675E-1 2.61836E-1 2.13507E-1 2.35866E-1 3.69008E-1 3.25202E-1 3.27294E-1 3.24332E-1 3.87288E-1 1.37615E-1 4.57507E-1 4.74326E-1 4.56135E-1 4.02157E-1 3.37917E-1 3.10899E-1 2.95071E-1 2.49196E-1 1.78199E-1 1.31077E-1 1.17818E-1 1.57158E-1 1.69218E-1 1.88134E-1
2.06668E-1 4.21796E-1 3.34208E-1 3.05531E-1 2.83959E-1 2.53347E-1 2.03222E-1 1.6599E-1 1.16839E-1 9.19229E-2 1.03672E-1 1.27327E-1 1.24375E-1 1.50883E-1 1.94413E-1 2.76116E-1 3.24419E-1 4.0054E-1 5.15035E-1 5.87226E-1 2.85609E-1 4.3495E-1 2.09755E-1 3.44047E-1 2.80182E-1 7.02465E-2 2.68092E-1 2.18571E-1 1.55489E-1 2.75815E-1 1.31379E-1 1.87006E-1 2.80398E-1 3.47594E-1 4.14833E-1 2.04826E-1 2.83405E-1 2.50664E-1 2.11479E-1 2.34906E-1 4.04339E-1 3.62458E-1 3.31177E-1 3.27374E-1 3.42014E-1 3.16869E-1 4.34084E-1 4.07924E-1 3.24471E-1 2.62658E-1 2.64918E-1 2.74865E-1 2.80935E-1 1.97562E-1 1.29866E-1 2.09508E-1 1.43893E-1 1.65629E-1 1.95413E-1 1.81808E-1
4.30391E-1 5.38716E-1 3.85023E-1 3.62486E-1 4.06044E-1 2.54473E-1 1.93813E-1 1.5501E-1 1.10232E-1 1.02376E-1 1.214E-1 1.26553E-1 1.51112E-1 1.60724E-1 2.13188E-1 2.38558E-1 2.80364E-1 3.11117E-1 3.96457E-1 4.30772E-1 3.54054E-1 3.90538E-1 3.79019E-1 4.93662E-1 1.91455E-1 2.25028E-1 1.65471E-1 1.56267E-1 1.3233E-1 1.26282E-1 7.59735E-2 8.12071E-2 1.60557E-1 2.46908E-1 2.39216E-1 3.01608E-1 2.7315E-1 2.13588E-1 1.85215E-1 2.20218E-1 2.84323E-1 3.42121E-1 2.32691E-1 2.22042E-1 6.00948E-2 2.03211E-1 3.06532E-1 2.82527E-1 2.29942E-1 1.85617E-1 2.18955E-1 2.10919E-1 1.76137E-1 1.98188E-1 2.25912E-1 1.46E-1 1.74396E-1 2.00569E-1 1.97714E-1 1.25122E-1
5.48848E-1 5.59122E-1 3.85305E-1 4.26465E-1 4.33686E-1 2.64267E-1 2.09238E-1 1.80832E-1 1.38348E-1 1.3247E-1 1.44018E-1 1.50011E-1 1.7006E-1 1.72522E-1 1.93307E-1 2.03881E-1 2.60747E-1 3.17825E-1 3.55565E-1 5.28867E-1 3.34031E-1 2.16245E-1 1.54927E-1 2.09413E-1 2.23612E-1 1.59324E-1 1.35238E-1 1.09169E-1 1.00042E-1 1.04158E-1 6.89619E-2 1.25255E-1 1.40652E-1 1.54474E-1 3.28255E-1 2.29352E-1 1.92263E-1 1.62276E-1 1.54435E-1 2.07139E-1 3.5023E-1 4.6089E-1 2.59316E-1 2.09599E-1 1.37052E-1 1.8299E-1 1.72864E-1 3.12059E-1 2.85236E-1 2.61076E-1 2.25475E-1 1.81561E-1 1.45889E-1 1.84038E-1 1.54852E-1 1.19661E-1 2.0459E-1 2.28895E-1 2.13642E-1 1.35484E-1
3.68181E-1 4.36052E-1 3.92006E-1 5.1667E-1 4.57332E-1 2.69737E-1 2.29024E-1 1.94735E-1 1.64506E-1 1.5537E-1 1.59592E-1 1.68272E-1 1.70067E-1 1.88296E-1 2.04306E-1 2.07701E-1 2.58306E-1 3.34951E-1 4.05765E-1 5.59986E-1 3.46897E-1 5.5345E-1 2.22243E-1 2.32829E-1 2.95864E-1 2.02852E-1 1.61042E-1 1.02042E-1 9.6122E-2 6.58196E-2 5.04542E-2 9.2107E-2 1.21481E-1 1.34417E-1 1.77547E-1 1.6435E-1 1.09848E-1 1.73816E-1 1.78054E-1 1.76762E-1 2.95842E-1 3.51642E-1 1.88007E-1 2.65475E-1 2.55012E-1 2.01077E-1 1.41711E-1 1.71189E-1 3.01546E-1 2.1613E-1 1.89914E-1 1.48897E-1 1.48126E-1 1.49089E-1 1.42283E-1 1.26419E-1 1.97164E-1 2.47486E-1 2.0269E-1 1.51045E-1
3.49693E-1 3.57941E-1 4.33969E-1 2.07504E-1 4.67838E-1 2.91108E-1 2.40548E-1 2.24212E-1 1.67058E-1 1.6749E-1 2.02971E-1 2.12203E-1 1.9779E-1 2.17207E-1 2.26234E-1 2.19291E-1 2.58695E-1 3.17877E-1 3.97445E-1 5.7575E-1 3.13864E-1 2.93701E-1 2.41015E-1 1.23557E-1 3.79232E-1 2.61501E-1 2.03385E-1 1.33515E-1 1.08073E-1 1.11794E-1 7.81444E-2 7.9044E-2 1.0876E-1 1.13E-1 1.28987E-1 2.57979E-1 2.05893E-1 1.68031E-1 2.07593E-1 2.50518E-1 3.70714E-1 4.04458E-1 2.65256E-1 1.89895E-1 1.6322E-1 1.21187E-1 2.01194E-1 1.80369E-1 1.94918E-1 1.42964E-1 1.21308E-1 1.0729E-1 1.78874E-1 1.72715E-1 1.73819E-1 1.46889E-1 1.49414E-1 1.54628E-1 1.64871E-1 1.653E-1
3.73935E-1 3.64037E-1 3.32538E-1 3.24966E-1 3.04772E-1 2.82606E-1 2.53707E-1 2.26231E-1 1.69866E-1 1.98858E-1 2.57651E-1 2.58432E-1 2.50678E-1 2.58736E-1 2.48292E-1 2.27124E-1 2.78563E-1 3.22206E-1 3.81004E-1 1.31033E-1 2.61637E-1 2.87679E-1 2.12257E-1 3.28442E-1 1.14953E-1 2.86238E-1 2.20013E-1 1.64116E-1 1.23017E-1 9.86503E-2 1.06545E-1 7.51031E-2 7.71142E-2 8.8512E-2 1.0805E-1 1.97926E-1 2.10038E-1 2.4457E-1 2.68692E-1 3.05818E-1 4.25975E-1 4.50981E-1 3.43627E-1 8.21925E-2 2.57221E-1 1.79473E-1 2.83433E-1 2.6425E-1 1.80073E-1 1.20781E-1 1.20261E-1 1.98073E-1 2.34178E-1 2.11318E-1 2.08228E-1 1.92098E-1 2.24651E-1 2.17358E-1 1.79921E-1 1.68177E-1
2.75135E-1 2.91732E-1 2.90293E-1 2.69689E-1 9.87129E-2 4.13826E-1 3.52427E-1 2.92447E-1 2.65227E-1 3.06763E-1 2.98358E-1 2.96856E-1 3.27585E-1 3.21068E-1 2.65416E-1 2.9708E-1 3.36923E-1 3.87667E-1 4.41829E-1 1.66995E-1 1.80444E-1 2.06396E-1 1.56012E-1 1.35254E-1 3.34657E-1 2.25329E-1 1.53481E-1 1.35566E-1 1.1724E-1 1.01915E-1 2.14017E-1 2.02663E-1 2.08931E-1 2.105E-1 2.12833E-1 2.79716E-1 3.46559E-1 1.86655E-1 3.96169E-1 4.15477E-1 3.67192E-1 3.84192E-1 3.88891E-1 1.01723E-1 2.42323E-1 2.78091E-1 2.46572E-1 1.40895E-1 1.43268E-1 1.12475E-1 1.19489E-1 1.54847E-1 1.60009E-1 1.89712E-1 2.49027E-1 2.73698E-1 2.92567E-1 2.75135E-1 2.23492E-1 1.65049E-1
2.85117E-1 3.01684E-1 2.97138E-1 2.89633E-1 3.78699E-1 4.99401E-1 3.64575E-1 3.32125E-1 3.13265E-1 3.57382E-1 3.31765E-1 3.51033E-1 4.16099E-1 3.70131E-1 3.00136E-1 3.50257E-1 3.61423E-1 3.12404E-1 2.66591E-1 4.91199E-1 2.44139E-1 2.12822E-1 1.71289E-1 1.1122E-1 1.32878E-1 2.11033E-1 1.95765E-1 1.39835E-1 9.59946E-2 9.19334E-2 1.98685E-1 2.49056E-1 2.21396E-1 2.22519E-1 2.64698E-1 3.4224E-1 3.99513E-1 3.99523E-1 4.37543E-1 4.38993E-1 4.09733E-1 2.28168E-1 4.03349E-1 8.71378E-2 2.57556E-1 3.309E-1 1.68346E-1 1.41534E-1 1.3694E-1 1.45316E-1 1.41622E-1 1.56931E-1 1.83386E-1 2.44256E-1 2.98424E-1 3.39667E-1 3.59817E-1 3.19457E-1 2.90432E-1 1.98555E-1
3.22784E-1 2.70364E-1 2.67442E-1 2.7911E-1 3.48112E-1 4.23722E-1 3.81448E-1 3.67563E-1 3.51137E-1 3.95199E-1 3.88253E-1 4.12722E-1 4.9629E-1 4.37096E-1 3.70907E-1 4.15576E-1 3.8139E-1 5.35883E-1 4.75841E-1 3.80398E-1 2.66949E-1 2.10584E-1 1.5802E-1 1.07477E-1 9.19518E-2 1.47974E-1 1.23039E-1 1.56814E-1 9.34884E-2 1.03148E-1 2.25553E-1 2.49138E-1 2.00866E-1 2.36061E-1 3.06033E-1 3.92751E-1 3.23953E-1 4.8591E-1 4.95119E-1 5.34475E-1 4.87724E-1 1.50972E-1 3.92001E-1 3.46873E-1 2.37393E-1 2.42299E-1 2.04739E-1 1.6821E-1 1.53374E-1 1.80206E-1 1.7419E-1 1.91805E-1 2.12329E-1 2.78804E-1 3.54859E-1 4.18215E-1 4.06998E-1 2.45912E-1 3.14717E-1 3.03148E-1
