Phytophthora/models/20240501_1705_06/Phytophthora_PA3_RUN5_MAXENT_outputs/Phytophthora_PA3_RUN5.asc
ncols         225
nrows         269
xllcorner     473000.0
yllcorner     4429100.0
cellsize      50.0
NODATA_value  -9999
[rows 135 to 161 of 269, columns 120 to 179 of 225]
1.21137E-1 1.13243E-1 1.32652E-1 1.30685E-1 1.73768E-1 2.88397E-1 3.2342E-1 3.54805E-1 2.31133E-1 3.71211E-1 4.88679E-1 4.5301E-1 4.65608E-1 4.77405E-1 4.73695E-1 -9999 -9999 -9999 -9999 -9999 -9999 -9999 -9999 -9999 -9999 -9999 -9999 -9999 -9999 -9999 -9999 -9999 -9999 -9999 1.825E-1 3.33695E-1 4.28257E-1 2.61848E-1 2.3155E-1 2.50221E-1 2.33627E-1 1.59968E-1 2.64402E-1 2.87428E-1 3.16995E-1 2.91235E-1 2.73463E-1 1.35835E-1 1.55299E-1 1.69074E-1 1.97903E-1 2.35621E-1 2.34756E-1 1.76445E-1 2.71278E-1 3.45451E-1 4.28906E-1 4.62243E-1 4.19463E-1 3.91411E-1
2.29339E-1 2.45355E-1 2.3491E-1 2.28488E-1 2.51094E-1 3.3117E-1 3.37574E-1 4.42083E-1 5.34997E-1 4.40347E-1 3.91897E-1 3.504E-1 3.85838E-1 3.85244E-1 -9999 -9999 -9999 -9999 -9999 -9999 -9999 -9999 -9999 -9999 -9999 -9999 -9999 -9999 -9999 -9999 -9999 -9999 -9999 -9999 1.53597E-1 4.30099E-1 3.39181E-1 2.89904E-1 3.17062E-1 3.14718E-1 2.494E-1 3.06478E-1 2.7198E-1 3.05269E-1 3.75623E-1 3.17445E-1 2.71394E-1 1.891E-1 1.74798E-1 1.97277E-1 2.20509E-1 2.36681E-1 3.38133E-1 2.19029E-1 3.83004E-1 3.99498E-1 4.26281E-1 2.86345E-1 3.31243E-1 3.57149E-1
2.38575E-1 2.27826E-1 2.06737E-1 2.78728E-1 2.33372E-1 3.45317E-1 3.31684E-1 4.09953E-1 5.13642E-1 5.45616E-1 -9999 -9999 -9999 -9999 -9999 -9999 -9999 -9999 -9999 -9999 -9999 -9999 -9999 -9999 -9999 -9999 -9999 -9999 -9999 -9999 -9999 -9999 -9999 -9999 1.8304E-1 3.31142E-1 2.16614E-1 2.78712E-1 4.55655E-1 4.89907E-1 3.30304E-1 3.21425E-1 2.61013E-1 2.80486E-1 3.61594E-1 2.95838E-1 2.66859E-1 2.17626E-1 1.84078E-1 1.96438E-1 2.20764E-1 2.35024E-1 3.1117E-1 2.22764E-1 3.57298E-1 3.39672E-1 3.1733E-1 3.64595E-1 3.34643E-1 2.38809E-1
2.21068E-1 2.19806E-1 2.87938E-1 7.73843E-2 1.05825E-1 3.246E-1 3.03808E-1 3.65511E-1 3.8759E-1 4.6205E-1 -9999 -9999 -9999 -9999 -9999 -9999 -9999 -9999 -9999 -9999 -9999 -9999 -9999 -9999 -9999 -9999 -9999 -9999 -9999 -9999 -9999 -9999 -9999 -9999 -9999 3.15098E-1 2.89059E-1 3.20661E-1 4.11867E-1 4.97409E-1 2.79936E-1 3.92378E-1 3.03963E-1 2.82043E-1 3.60384E-1 2.72986E-1 2.59226E-1 2.06479E-1 2.01312E-1 2.2123E-1 2.4652E-1 2.26183E-1 2.40478E-1 1.80438E-1 3.40789E-1 2.81563E-1 2.98141E-1 3.30343E-1 3.70358E-1 3.30366E-1
2.126E-1 2.05525E-1 3.21354E-1 2.41488E-1 2.81499E-1 3.20085E-1 3.00892E-1 3.59158E-1 2.7867E-1 4.3622E-1 5.72849E-1 -9999 -9999 -9999 -9999 -9999 -9999 -9999 -9999 -9999 -9999 -9999 -9999 -9999 -9999 -9999 -9999 -9999 -9999 -9999 -9999 -9999 -9999 -9999 -9999 3.65235E-1 4.10753E-1 4.09179E-1 3.97027E-1 5.00033E-1 2.86812E-1 4.90759E-1 4.47787E-1 3.45391E-1 3.84786E-1 2.89577E-1 2.64806E-1 2.22266E-1 2.26288E-1 2.43803E-1 2.10233E-1 1.63343E-1 2.28499E-1 2.83533E-1 3.35435E-1 2.51431E-1 3.48768E-1 3.94305E-1 3.10007E-1 1.97454E-1
2.09416E-1 2.72339E-1 1.50807E-1 2.32318E-1 1.50836E-1 3.49818E-1 2.9291E-1 3.5402E-1 3.78643E-1 4.16917E-1 -9999 -9999 -9999 -9999 -9999 -9999 -9999 -9999 -9999 -9999 -9999 -9999 -9999 -9999 -9999 -9999 -9999 -9999 -9999 -9999 -9999 -9999 -9999 -9999 -9999 2.99692E-1 3.20477E-1 3.17403E-1 3.44459E-1 4.21865E-1 2.49985E-1 5.06215E-1 4.74919E-1 4.4602E-1 3.95855E-1 2.9969E-1 2.53683E-1 2.30904E-1 2.46887E-1 2.6773E-1 6.31642E-2 2.09389E-1 2.36015E-1 2.57192E-1 2.49297E-1 2.5984E-1 3.35182E-1 3.64426E-1 3.85699E-1 4.32629E-1
2.60383E-1 2.03865E-1 3.15468E-1 2.52949E-1 3.01772E-1 3.30002E-1 3.16935E-1 2.12675E-1 3.60015E-1 1.66182E-1 -9999 -9999 -9999 -9999 -9999 -9999 -9999 -9999 -9999 -9999 -9999 -9999 -9999 -9999 -9999 -9999 -9999 -9999 -9999 -9999 -9999 -9999 -9999 -9999 -9999 -9999 2.85093E-1 3.5027E-1 3.50347E-1 1.54125E-1 3.80406E-1 3.96711E-1 3.73182E-1 3.46531E-1 3.17399E-1 2.89052E-1 2.44545E-1 2.35227E-1 2.56218E-1 2.58833E-1 7.46758E-2 1.93519E-1 1.8616E-1 1.73771E-1 1.61469E-1 1.14378E-1 1.95208E-1 2.92998E-1 3.66952E-1 3.72812E-1
1.81675E-1 2.72733E-1 2.54935E-1 1.1564E-1 2.92717E-1 3.20188E-1 3.33885E-1 1.90421E-1 9.71377E-2 -9999 -9999 -9999 -9999 -9999 -9999 -9999 -9999 -9999 -9999 -9999 -9999 -9999 -9999 -9999 -9999 -9999 -9999 -9999 -9999 -9999 -9999 -9999 -9999 -9999 -9999 -9999 3.00165E-1 8.83596E-2 3.8537E-1 3.66556E-1 3.07684E-1 3.73085E-1 3.52382E-1 3.30589E-1 2.9935E-1 2.91454E-1 2.35287E-1 2.24067E-1 2.54792E-1 2.58847E-1 1.61516E-1 2.11452E-1 1.90586E-1 1.60621E-1 1.60274E-1 1.33673E-1 2.09503E-1 2.40596E-1 2.82927E-1 3.36277E-1
1.44051E-1 3.38763E-1 3.15913E-1 8.37438E-2 2.54302E-1 3.18795E-1 3.98247E-1 1.81136E-1 -9999 -9999 -9999 -9999 -9999 -9999 -9999 -9999 -9999 1.52364E-1 1.58861E-1 1.74497E-1 3.42768E-1 2.75204E-1 1.5512E-1 1.94031E-1 2.27832E-1 3.0252E-1 -9999 -9999 -9999 -9999 -9999 -9999 -9999 -9999 -9999 -9999 2.12959E-1 3.68137E-1 3.63164E-1 3.30463E-1 2.5243E-1 3.22564E-1 3.25096E-1 3.039E-1 2.67176E-1 2.9079E-1 2.18969E-1 2.05424E-1 2.34396E-1 2.80081E-1 2.59824E-1 2.29829E-1 2.27007E-1 1.84369E-1 1.75548E-1 9.42617E-2 2.63041E-1 3.06025E-1 3.15712E-1 3.46705E-1
2.82145E-1 2.53979E-1 2.32284E-1 2.40553E-1 1.07779E-1 7.7488E-2 -9999 -9999 -9999 -9999 -9999 -9999 -9999 -9999 -9999 -9999 2.46434E-1 1.61343E-1 1.81222E-1 2.07796E-1 3.20285E-1 1.92642E-1 2.45437E-1 2.28486E-1 2.65736E-1 3.31197E-1 -9999 -9999 -9999 -9999 -9999 -9999 -9999 -9999 -9999 -9999 1.66341E-1 3.23208E-1 3.21368E-1 2.8764E-1 2.08377E-1 2.20249E-1 2.64409E-1 2.76844E-1 2.20184E-1 2.85342E-1 1.96023E-1 1.88771E-1 2.12417E-1 2.57663E-1 3.1938E-1 2.52161E-1 8.84675E-2 2.35326E-1 8.08649E-2 2.76126E-1 2.86359E-1 2.60382E-1 2.97529E-1 3.4724E-1
2.54217E-1 1.56522E-1 2.23687E-1 2.97125E-1 2.59434E-1 -9999 -9999 -9999 -9999 -9999 -9999 -9999 -9999 -9999 -9999 -9999 -9999 1.93501E-1 2.09937E-1 2.33463E-1 2.84062E-1 1.1911E-1 2.77849E-1 3.09865E-1 3.06264E-1 3.50725E-1 -9999 -9999 -9999 -9999 -9999 -9999 -9999 -9999 -9999 -9999 1.05517E-1 3.02934E-1 2.96973E-1 2.68006E-1 1.94202E-1 1.82114E-1 1.76208E-1 1.85061E-1 1.662E-1 2.77241E-1 1.9542E-1 1.77338E-1 2.02255E-1 2.10863E-1 3.02771E-1 3.34155E-1 3.3742E-1 1.58693E-1 4.06386E-1 3.85494E-1 3.15368E-1 2.79449E-1 2.79291E-1 3.1748E-1
2.51649E-1 2.3792E-1 2.75632E-1 -9999 -9999 -9999 -9999 -9999 -9999 -9999 -9999 -9999 -9999 -9999 -9999 -9999 -9999 2.3741E-1 2.57786E-1 2.92405E-1 3.23043E-1 2.55584E-1 -9999 -9999 -9999 -9999 -9999 -9999 -9999 -9999 -9999 -9999 -9999 -9999 -9999 -9999 5.64825E-1 5.78006E-1 5.66629E-1 4.5173E-1 2.20906E-1 2.00145E-1 1.95373E-1 1.71611E-1 1.09143E-1 2.75146E-1 1.7111E-1 1.77032E-1 2.19986E-1 2.00438E-1 2.61388E-1 2.87281E-1 3.95914E-1 1.52641E-1 3.88305E-1 2.71989E-1 2.16619E-1 1.8575E-1 1.75118E-1 2.19139E-1
2.27482E-1 2.02413E-1 2.16903E-1 -9999 -9999 -9999 -9999 -9999 -9999 -9999 -9999 -9999 -9999 -9999 -9999 -9999 -9999 2.85713E-1 3.10448E-1 3.27035E-1 4.42497E-1 2.95516E-1 -9999 -9999 -9999 -9999 -9999 -9999 -9999 -9999 -9999 -9999 -9999 -9999 -9999 -9999 -9999 3.81061E-1 7.00768E-1 5.63593E-1 2.90485E-1 2.69505E-1 2.1842E-1 2.04239E-1 7.68819E-2 2.71664E-1 1.35875E-1 2.12012E-1 1.61829E-1 1.17989E-1 5.27853E-2 2.0094E-1 1.83777E-1 2.03752E-1 5.40355E-2 2.05693E-1 1.83081E-1 1.54123E-1 1.26897E-1 1.39964E-1
1.46083E-1 1.62257E-1 1.544E-1 1.85571E-1 -9999 -9999 -9999 -9999 -9999 -9999 -9999 -9999 -9999 -9999 -9999 -9999 2.78435E-1 3.20342E-1 3.55837E-1 3.67218E-1 4.95948E-1 4.12234E-1 4.19846E-1 4.78945E-1 -9999 -9999 -9999 -9999 -9999 -9999 -9999 -9999 -9999 -9999 -9999 -9999 -9999 5.22545E-1 7.05872E-1 6.36499E-1 3.57334E-1 1.85688E-1 1.63879E-1 2.74703E-1 1.38648E-1 2.89787E-1 1.7165E-1 1.26927E-1 2.08106E-1 1.27124E-1 1.28788E-1 1.52579E-1 1.42998E-1 1.75747E-1 1.60365E-1 1.59928E-1 1.66354E-1 1.73769E-1 1.76012E-1 1.58452E-1
9.1011E-2 2.04049E-1 1.49525E-1 1.96353E-1 1.0176E-1 -9999 -9999 -9999 -9999 -9999 -9999 -9999 -9999 -9999 -9999 3.81393E-1 3.27889E-1 3.7177E-1 4.09929E-1 4.16743E-1 5.02012E-1 5.53796E-1 5.34593E-1 -9999 -9999 -9999 -9999 5.12447E-1 5.0366E-1 4.22386E-1 -9999 -9999 -9999 -9999 -9999 -9999 -9999 5.89058E-1 3.12353E-1 5.48641E-1 3.26409E-1 3.5757E-1 3.40854E-1 3.22867E-1 2.2065E-1 2.88706E-1 2.80655E-1 2.75402E-1 1.63571E-1 1.32572E-1 1.36468E-1 1.70089E-1 2.1771E-1 2.30891E-1 2.06108E-1 1.82334E-1 1.94974E-1 1.7871E-1 1.54413E-1 1.7875E-1
8.84859E-2 2.66642E-1 1.39588E-1 1.79058E-1 1.32153E-1 1.79246E-1 1.88728E-1 2.48282E-1 2.12117E-1 -9999 3.12167E-1 2.57674E-1 2.42697E-1 1.56763E-1 2.68044E-1 2.70884E-1 2.54156E-1 4.54708E-1 5.11789E-1 5.33583E-1 5.782E-1 2.97441E-1 6.08157E-1 -9999 -9999 -9999 2.84326E-1 4.20466E-1 5.11039E-1 5.46001E-1 5.92077E-1 5.70109E-1 5.57138E-1 -9999 -9999 -9999 5.35586E-1 4.58818E-1 5.18618E-1 2.65443E-1 2.82332E-1 2.6599E-1 2.56199E-1 2.62237E-1 3.26953E-1 3.2767E-1 2.17914E-1 1.06387E-1 1.75006E-1 1.68944E-1 1.87814E-1 2.11585E-1 2.28976E-1 2.42934E-1 2.3168E-1 1.55175E-1 2.10664E-1 1.81022E-1 1.73304E-1 1.9812E-1
3.43538E-1 2.37311E-1 3.11553E-1 2.8484E-1 2.82439E-1 2.55741E-1 2.43476E-1 2.61536E-1 3.31515E-1 4.07264E-1 4.96636E-1 3.40627E-1 2.80426E-1 3.18157E-1 3.49598E-1 3.15931E-1 3.65791E-1 4.2765E-1 4.33127E-1 4.68328E-1 2.03103E-1 4.94166E-1 5.21581E-1 5.31187E-1 5.64916E-1 5.14604E-1 5.81591E-1 6.07489E-1 5.78064E-1 5.53426E-1 4.94779E-1 5.38187E-1 4.9816E-1 4.26714E-1 4.06746E-1 3.68504E-1 2.63333E-1 3.57643E-1 3.45063E-1 3.92954E-1 1.03078E-1 4.14564E-1 4.18679E-1 4.18895E-1 4.02084E-1 1.96918E-1 2.06031E-1 2.43966E-1 1.89076E-1 2.0885E-1 1.91369E-1 2.04024E-1 2.26896E-1 2.36206E-1 2.22199E-1 2.03756E-1 2.44004E-1 1.83527E-1 1.9466E-1 2.78916E-1
3.72817E-1 2.78384E-1 2.29242E-1 3.83382E-1 2.84152E-1 2.48026E-1 2.30643E-1 2.48929E-1 3.53246E-1 4.12826E-1 3.63932E-1 4.45545E-1 3.95325E-1 2.99044E-1 2.75324E-1 2.88617E-1 3.20127E-1 3.49684E-1 3.99034E-1 4.5373E-1 4.91291E-1 4.2182E-1 5.19875E-1 3.20293E-1 5.54479E-1 5.17864E-1 5.58934E-1 6.10223E-1 6.08285E-1 5.28402E-1 5.47158E-1 5.29109E-1 5.16487E-1 5.26852E-1 4.464E-1 3.15808E-1 3.37617E-1 3.03328E-1 3.09394E-1 3.46763E-1 3.5046E-1 3.59412E-1 3.87605E-1 3.39128E-1 3.06274E-1 2.00506E-1 2.06765E-1 1.71289E-1 1.97011E-1 2.2193E-1 2.056E-1 2.11814E-1 2.43378E-1 2.09954E-1 2.06774E-1 9.25675E-2 2.70195E-1 1.9524E-1 3.11138E-1 3.11768E-1
3.88061E-1 3.7405E-1 3.8919E-1 1.50922E-1 3.80932E-1 2.66361E-1 2.46982E-1 2.85492E-1 3.36433E-1 3.74222E-1 2.15767E-1 3.27512E-1 2.87261E-1 2.57062E-1 2.64268E-1 2.71564E-1 3.07469E-1 3.40793E-1 3.80638E-1 4.0487E-1 4.25497E-1 3.73148E-1 5.19446E-1 2.05322E-1 3.84146E-1 2.68224E-1 3.50543E-1 6.19001E-1 6.03169E-1 5.04431E-1 5.38892E-1 5.00781E-1 5.30747E-1 5.34872E-1 4.66281E-1 3.10723E-1 2.53759E-1 3.80833E-1 2.87134E-1 3.34066E-1 3.26251E-1 3.68278E-1 3.92934E-1 3.64422E-1 3.09695E-1 2.96352E-1 3.4044E-1 1.90453E-1 2.11489E-1 2.26659E-1 2.05012E-1 2.31328E-1 2.48941E-1 1.91335E-1 2.16274E-1 1.38481E-1 3.18092E-1 2.44023E-1 3.42725E-1 2.18227E-1
4.44598E-1 2.66187E-1 2.73646E-1 4.644E-1 4.07998E-1 3.22514E-1 3.05862E-1 3.15605E-1 3.54713E-1 3.88521E-1 2.99089E-1 3.23662E-1 2.9284E-1 2.66475E-1 2.62184E-1 2.45626E-1 2.65066E-1 2.88602E-1 3.24423E-1 3.44638E-1 3.63895E-1 3.82342E-1 4.16236E-1 2.64813E-1 3.54192E-1 5.86651E-1 6.20736E-1 6.06048E-1 5.98282E-1 5.13748E-1 5.58474E-1 5.45146E-1 5.64009E-1 5.49004E-1 4.66833E-1 3.25999E-1 3.98863E-1 3.80329E-1 2.62976E-1 3.00944E-1 3.00156E-1 3.54853E-1 3.61183E-1 3.7013E-1 3.41984E-1 2.83637E-1 2.35847E-1 2.23298E-1 2.22979E-1 2.30089E-1 2.14061E-1 2.29985E-1 2.38767E-1 2.22843E-1 2.13807E-1 2.46563E-1 3.29259E-1 3.79632E-1 3.52863E-1 2.02445E-1
4.72069E-1 4.75824E-1 2.73983E-1 4.20869E-1 1.543E-1 4.13113E-1 3.40072E-1 2.90627E-1 3.48393E-1 2.8613E-1 1.81691E-1 3.22909E-1 2.84984E-1 2.83254E-1 2.63475E-1 2.05621E-1 2.19591E-1 2.28028E-1 2.60581E-1 2.78141E-1 3.15611E-1 3.54611E-1 3.75563E-1 3.49157E-1 3.82101E-1 4.27446E-1 4.24708E-1 4.59422E-1 2.73363E-1 5.36425E-1 5.6931E-1 5.67829E-1 5.73552E-1 5.60633E-1 4.64278E-1 3.27014E-1 3.16545E-1 3.46352E-1 2.96614E-1 2.66049E-1 2.54175E-1 3.31293E-1 1.39438E-1 3.83578E-1 3.40602E-1 2.45449E-1 2.44614E-1 2.32531E-1 2.09862E-1 2.17097E-1 2.0713E-1 2.19888E-1 2.31985E-1 2.29011E-1 1.73229E-1 2.22772E-1 2.76117E-1 3.75721E-1 3.35851E-1 2.14451E-1
3.1439E-1 3.07566E-1 2.67627E-1 2.73561E-1 2.61272E-1 1.22676E-1 3.31938E-1 2.30138E-1 2.92354E-1 3.11354E-1 3.835E-1 3.727E-1 3.52867E-1 3.28274E-1 2.86033E-1 2.19629E-1 2.28914E-1 2.43026E-1 2.45354E-1 2.48443E-1 2.58957E-1 1.23736E-1 3.463E-1 3.05561E-1 3.10639E-1 2.76076E-1 2.20208E-1 2.10529E-1 1.66191E-1 3.60406E-1 3.69234E-1 3.53163E-1 3.50247E-1 3.45341E-1 3.12319E-1 2.85675E-1 2.66017E-1 2.67013E-1 2.54248E-1 2.00094E-1 2.36965E-1 2.99744E-1 3.22416E-1 3.78537E-1 3.62571E-1 6.04593E-2 1.72655E-1 1.67419E-1 1.43118E-1 1.62958E-1 2.63941E-1 2.85485E-1 3.06658E-1 2.90389E-1 1.19428E-1 3.00648E-1 3.5642E-1 4.49012E-1 4.32462E-1 2.74925E-1
3.13498E-1 1.58734E-1 1.5111E-1 3.00462E-1 2.53074E-1 2.90313E-1 2.54188E-1 2.62886E-1 3.14993E-1 3.19189E-1 3.67138E-1 3.52975E-1 3.46122E-1 3.39186E-1 2.93738E-1 2.13956E-1 2.35316E-1 2.73085E-1 2.907E-1 2.74483E-1 2.78592E-1 1.75674E-1 3.47121E-1 3.25069E-1 3.06243E-1 2.67354E-1 2.5845E-1 2.5712E-1 1.16312E-1 4.06792E-1 3.93753E-1 3.51506E-1 3.64821E-1 3.50492E-1 3.19314E-1 2.72491E-1 1.07583E-1 2.67692E-1 2.23911E-1 2.3041E-1 2.62409E-1 3.23604E-1 3.7429E-1 3.87912E-1 3.49609E-1 1.65757E-1 8.95653E-2 1.73786E-1 1.41258E-1 1.49094E-1 2.50207E-1 2.95593E-1 2.9057E-1 2.64161E-1 9.76017E-2 2.63713E-1 3.06037E-1 4.54025E-1 2.44458E-1 2.39867E-1
4.05503E-1 4.72654E-1 3.3934E-1 3.20326E-1 2.6425E-1 2.66726E-1 3.13207E-1 2.60558E-1 3.51197E-1 1.10779E-1 4.01441E-1 3.84848E-1 3.61416E-1 3.66348E-1 3.49862E-1 2.79473E-1 2.89591E-1 3.21706E-1 3.53624E-1 3.08503E-1 2.90451E-1 1.25027E-1 3.72471E-1 3.75466E-1 4.06434E-1 3.46852E-1 3.15332E-1 3.16445E-1 4.55695E-1 3.11506E-1 3.26797E-1 3.68621E-1 3.64315E-1 4.05151E-1 3.99143E-1 3.27104E-1 2.61719E-1 2.67415E-1 2.00467E-1 2.39175E-1 2.82176E-1 3.35217E-1 3.91254E-1 2.1034E-1 3.52038E-1 1.88919E-1 5.57931E-2 1.58301E-1 1.34174E-1 1.36164E-1 2.98269E-1 3.53085E-1 2.87691E-1 2.72646E-1 2.39733E-1 2.78423E-1 3.04549E-1 4.68364E-1 3.93745E-1 2.82407E-1
4.47164E-1 4.36068E-1 2.83694E-1 2.66451E-1 2.21367E-1 2.28169E-1 2.82614E-1 2.59284E-1 2.83612E-1 3.18402E-1 3.81098E-1 3.8559E-1 3.65834E-1 3.55031E-1 3.59417E-1 3.42086E-1 3.29156E-1 3.61339E-1 4.02303E-1 3.69773E-1 2.70333E-1 3.02109E-1 3.56877E-1 3.91197E-1 4.78678E-1 4.7858E-1 4.77705E-1 4.19724E-1 3.66317E-1 3.55542E-1 4.30851E-1 4.2249E-1 4.36488E-1 3.78742E-1 3.01629E-1 2.56931E-1 2.13603E-1 2.24262E-1 1.74359E-1 2.00097E-1 2.64273E-1 3.27439E-1 3.75534E-1 1.21688E-1 3.81257E-1 2.20878E-1 4.30723E-2 9.67521E-2 1.26704E-1 1.3981E-1 3.8773E-1 3.44209E-1 2.81899E-1 2.93319E-1 2.55161E-1 2.36569E-1 2.87589E-1 3.73353E-1 3.08538E-1 2.2525E-1
3.34174E-1 2.0965E-1 2.56502E-1 2.19415E-1 1.85633E-1 1.91625E-1 2.59528E-1 3.94295E-1 3.39283E-1 3.51458E-1 4.08445E-1 4.17255E-1 4.05814E-1 4.19627E-1 4.22867E-1 4.31513E-1 4.13342E-1 4.01048E-1 4.48124E-1 4.26828E-1 2.95041E-1 3.04227E-1 2.44828E-1 2.36363E-1 2.68846E-1 1.41149E-1 4.68258E-1 3.3455E-1 3.81483E-1 4.46291E-1 4.55746E-1 3.84334E-1 2.83586E-1 2.51942E-1 2.19086E-1 1.72055E-1 1.90478E-1 1.74579E-1 1.79087E-1 1.7216E-1 2.40803E-1 2.99701E-1 3.64436E-1 4.10851E-1 1.61118E-1 2.34073E-1 4.69283E-2 1.85978E-1 1.66109E-1 1.78711E-1 1.93767E-1 4.47007E-1 3.15085E-1 3.11199E-1 2.17698E-1 2.52774E-1 2.53156E-1 3.01901E-1 2.8791E-1 2.43908E-1
3.15256E-1 2.43963E-1 1.93695E-1 1.59243E-1 1.42875E-1 2.51934E-1 3.06712E-1 3.664E-1 2.38381E-1 3.5191E-1 3.94171E-1 4.21756E-1 3.95464E-1 4.14824E-1 4.24262E-1 4.85868E-1 5.27098E-1 4.64607E-1 5.12584E-1 1.78267E-1 1.55979E-1 2.80947E-1 2.9678E-1 3.12809E-1 3.39709E-1 1.25584E-1 3.19925E-1 3.82576E-1 2.62871E-1 4.24381E-1 2.89308E-1 1.8657E-1 1.34666E-1 1.12115E-1 1.05616E-1 1.69953E-1 2.46603E-1 1.98372E-1 1.95273E-1 1.70899E-1 2.15884E-1 2.77233E-1 3.32996E-1 3.83168E-1 4.14526E-1 3.02969E-1 5.98762E-2 1.80224E-1 1.70964E-1 1.79307E-1 3.05124E-1 3.6918E-1 4.96753E-1 2.89372E-1 2.9212E-1 3.25215E-1 3.6257E-1 3.3179E-1 2.88528E-1 2.55785E-1
