Phytophthora/models/20240501_1705_06/Phytophthora_PA3_RUN5_MAXENT_outputs/Phytophthora_PA3_RUN5.asc
ncols         225
nrows         269
xllcorner     473000.0
yllcorner     4429100.0
cellsize      50.0
NODATA_value  -9999
[rows 54 to 80 of 269, columns 60 to 119 of 225]
8.21629E-3 1.25937E-3 8.41734E-3 9.58256E-3 1.1786E-2 1.51808E-2 1.99434E-2 1.84199E-2 3.05388E-2 3.3594E-2 2.58314E-2 2.26522E-2 2.61039E-2 3.61315E-2 3.39411E-2 3.10736E-2 2.75545E-2 2.25984E-2 2.28557E-2 2.64949E-2 3.39076E-2 3.94703E-2 4.36774E-2 1.81205E-2 4.16154E-2 -9999 -9999 -9999 -9999 -9999 -9999 -9999 -9999 -9999 -9999 -9999 -9999 -9999 -9999 -9999 -9999 -9999 -9999 -9999 -9999 -9999 -9999 -9999 -9999 -9999 -9999 -9999 -9999 -9999 -9999 -9999 -9999 -9999 -9999 -9999
9.16012E-3 6.8086E-3 8.60497E-3 2.5546E-3 1.23489E-2 1.85782E-2 2.07494E-2 2.09727E-2 2.4341E-2 2.3316E-2 2.22505E-2 2.23276E-2 3.31728E-2 1.94494E-2 6.44412E-2 3.90133E-2 3.16144E-2 2.70283E-2 2.24847E-2 2.49912E-2 3.67069E-2 5.22685E-2 4.3038E-2 8.91076E-3 4.17795E-2 6.41975E-2 -9999 -9999 -9999 -9999 1.40756E-1 -9999 -9999 -9999 -9999 -9999 -9999 -9999 -9999 -9999 -9999 -9999 -9999 -9999 -9999 -9999 -9999 -9999 -9999 -9999 -9999 -9999 -9999 -9999 -9999 -9999 -9999 -9999 -9999 -9999
3.02279E-3 5.90841E-3 8.45196E-3 1.00424E-2 1.12144E-2 1.56336E-2 1.7862E-2 2.28895E-2 1.6083E-2 1.6693E-2 1.8821E-2 1.78475E-2 3.20943E-2 4.036E-2 9.65593E-3 2.90679E-2 3.06348E-2 2.50781E-2 2.206E-2 2.4317E-2 3.86827E-2 2.87357E-2 2.90119E-2 2.2417E-2 3.60951E-2 4.31969E-2 4.67818E-2 3.91632E-2 4.02946E-2 1.25755E-2 1.31556E-1 8.60552E-2 -9999 -9999 -9999 -9999 -9999 -9999 -9999 -9999 -9999 -9999 -9999 -9999 -9999 -9999 -9999 -9999 -9999 -9999 -9999 -9999 -9999 -9999 -9999 -9999 -9999 -9999 -9999 -9999
5.13076E-3 6.29001E-3 8.01402E-3 1.23094E-2 1.43027E-2 1.98805E-2 1.69932E-2 7.16976E-3 1.51624E-2 1.50344E-2 1.63575E-2 1.56622E-2 1.81419E-2 1.61859E-2 1.99757E-2 7.09073E-3 3.25087E-2 2.84623E-2 2.64608E-2 3.01816E-2 3.74641E-2 2.07823E-2 2.68382E-2 -9999 2.31457E-2 4.06034E-2 4.23906E-2 3.59151E-2 4.35066E-2 1.13563E-2 8.68146E-2 9.65967E-2 -9999 -9999 -9999 -9999 -9999 -9999 -9999 -9999 -9999 -9999 -9999 -9999 -9999 -9999 -9999 -9999 -9999 -9999 -9999 -9999 -9999 -9999 -9999 -9999 -9999 -9999 -9999 -9999
4.75901E-3 5.89193E-3 5.99243E-3 9.08747E-3 1.48206E-2 2.33018E-2 2.27434E-2 1.47294E-2 1.566E-2 1.59493E-2 1.65416E-2 1.49695E-2 1.36739E-2 1.28228E-2 1.50375E-2 4.01767E-3 1.44059E-2 3.9889E-2 3.30783E-2 4.61092E-2 4.3575E-2 2.10382E-2 2.41499E-2 3.09154E-2 1.34452E-2 6.0239E-2 4.35705E-2 3.98067E-2 4.23827E-2 3.10746E-2 6.33468E-2 1.16127E-1 1.42673E-1 -9999 -9999 -9999 -9999 -9999 -9999 -9999 -9999 -9999 -9999 -9999 -9999 -9999 -9999 -9999 -9999 -9999 -9999 -9999 -9999 -9999 -9999 -9999 -9999 -9999 -9999 -9999
5.52313E-3 6.27948E-3 5.78222E-3 7.84915E-3 1.02548E-2 2.10665E-2 2.81195E-2 2.14077E-2 1.67924E-2 9.04054E-3 1.38164E-2 1.34447E-2 1.29147E-2 1.41236E-2 1.73142E-2 2.01995E-2 2.94391E-2 1.79985E-2 5.02177E-2 5.21992E-2 5.00812E-2 2.14866E-2 1.75682E-2 2.19886E-2 3.14432E-2 4.94225E-2 4.75333E-2 4.38195E-2 4.06056E-2 3.08204E-2 6.08453E-2 1.22876E-1 1.37484E-1 -9999 -9999 -9999 -9999 -9999 -9999 -9999 -9999 -9999 -9999 -9999 -9999 -9999 -9999 -9999 -9999 -9999 -9999 -9999 -9999 -9999 -9999 -9999 -9999 -9999 -9999 -9999
5.34577E-3 6.57512E-3 6.74297E-3 8.29142E-3 9.55706E-3 2.05511E-2 3.02484E-2 1.94851E-2 1.77643E-2 1.78252E-2 5.79256E-3 1.69823E-2 1.68983E-2 1.61258E-2 1.7314E-2 2.01492E-2 2.27341E-2 3.29405E-2 2.49083E-2 2.57075E-2 5.66849E-2 2.47347E-2 1.82681E-2 1.97445E-2 2.61846E-2 4.89279E-2 4.96996E-2 5.05394E-2 4.76492E-2 4.02412E-2 4.3073E-2 8.19557E-2 1.1294E-1 -9999 -9999 -9999 -9999 -9999 -9999 -9999 -9999 -9999 -9999 -9999 -9999 -9999 -9999 -9999 -9999 -9999 -9999 -9999 -9999 -9999 -9999 -9999 -9999 -9999 -9999 -9999
4.75724E-3 5.54921E-3 6.90744E-3 8.90358E-3 9.12602E-3 1.11177E-2 1.33176E-2 1.20109E-2 1.1127E-2 1.26815E-2 1.88901E-2 1.49401E-2 2.05532E-2 2.67399E-2 2.61805E-2 2.69496E-2 2.75655E-2 3.18299E-2 3.56304E-2 2.55716E-2 5.0516E-2 3.03927E-2 2.21847E-2 2.32889E-2 2.67517E-2 2.52693E-2 2.45082E-2 2.38803E-2 2.40828E-2 3.1467E-2 5.581E-2 1.02164E-1 1.14965E-1 4.58114E-2 -9999 -9999 -9999 -9999 -9999 -9999 -9999 -9999 -9999 -9999 -9999 -9999 -9999 -9999 -9999 -9999 -9999 -9999 -9999 -9999 -9999 -9999 -9999 -9999 -9999 -9999
5.08209E-3 5.84262E-3 7.2191E-3 1.10718E-2 1.41023E-2 1.22817E-2 9.83615E-3 1.23367E-2 1.14685E-2 1.33264E-2 6.22231E-3 1.9048E-2 2.40041E-2 2.49491E-2 2.77847E-2 2.86445E-2 5.66148E-3 1.06305E-2 3.37986E-2 3.13027E-2 9.18784E-3 3.51894E-2 3.07415E-2 2.66139E-2 2.75871E-2 2.50922E-2 2.94126E-2 2.59376E-2 2.37608E-2 3.21471E-2 7.45549E-2 1.03699E-1 1.19897E-1 1.03429E-1 3.80663E-2 -9999 -9999 -9999 -9999 -9999 -9999 -9999 -9999 -9999 -9999 -9999 -9999 -9999 -9999 -9999 -9999 -9999 -9999 -9999 -9999 -9999 -9999 -9999 -9999 -9999
5.48781E-3 6.10768E-3 8.21382E-3 1.34846E-2 1.916E-2 1.39641E-2 1.10775E-2 1.24235E-2 1.17612E-2 1.25573E-2 1.98429E-2 1.85426E-2 2.1705E-2 2.54113E-2 2.62967E-2 2.93771E-2 2.94112E-2 2.96383E-2 2.85692E-2 3.57589E-2 4.52815E-2 3.70163E-2 1.34029E-2 3.58097E-2 2.80545E-2 2.73036E-2 3.19961E-2 2.90553E-2 2.72705E-2 3.42253E-2 8.3607E-2 1.11855E-1 1.31416E-1 2.72547E-2 8.89953E-2 3.57196E-2 -9999 -9999 -9999 -9999 -9999 -9999 -9999 -9999 -9999 -9999 -9999 -9999 -9999 -9999 -9999 -9999 -9999 -9999 -9999 -9999 -9999 -9999 -9999 -9999
4.78438E-3 5.69082E-3 7.18377E-3 1.00115E-2 9.40004E-3 1.39729E-2 1.09987E-2 9.54523E-3 1.13678E-2 6.19943E-3 1.89591E-2 1.94423E-2 2.03826E-2 2.36201E-2 2.97971E-2 8.15454E-3 2.98003E-2 2.56078E-2 2.45084E-2 3.51635E-2 3.35217E-2 4.91038E-2 2.87139E-2 1.57313E-2 6.54394E-3 3.01445E-2 2.29115E-2 2.66048E-2 2.91709E-2 3.84764E-2 5.36589E-2 1.24731E-1 6.60872E-2 8.30273E-2 7.76242E-2 9.59335E-2 -9999 -9999 -9999 -9999 -9999 -9999 -9999 -9999 -9999 -9999 -9999 -9999 -9999 -9999 -9999 -9999 -9999 -9999 -9999 -9999 -9999 -9999 -9999 -9999
5.79398E-3 6.77915E-3 8.25551E-3 1.15098E-2 6.13837E-3 1.49276E-2 1.03481E-2 8.85475E-3 1.00311E-2 1.47742E-2 1.74714E-2 1.73353E-2 1.87494E-2 2.28241E-2 2.90663E-2 9.5446E-3 3.19388E-2 2.75108E-2 2.24719E-2 2.33437E-2 1.30244E-2 3.53207E-2 2.44459E-2 2.32734E-2 3.1528E-2 6.37466E-3 2.45798E-2 2.67295E-2 3.28825E-2 4.56114E-2 1.0745E-1 4.92413E-2 1.27816E-1 7.51E-2 7.9088E-2 9.55237E-2 7.0725E-2 7.0979E-2 -9999 -9999 -9999 -9999 -9999 -9999 -9999 -9999 -9999 -9999 -9999 -9999 -9999 -9999 -9999 -9999 -9999 -9999 -9999 -9999 -9999 -9999
6.90534E-3 7.39377E-3 8.78057E-3 1.15113E-2 8.80765E-3 2.30422E-2 1.55819E-2 1.31445E-2 1.27475E-2 1.63231E-2 1.67932E-2 1.30834E-2 1.73245E-2 2.11977E-2 2.75973E-2 3.88249E-2 2.17113E-2 3.55706E-2 2.56609E-2 2.13044E-2 3.90309E-3 1.79611E-2 1.95832E-2 1.86403E-2 2.02755E-2 2.74821E-2 5.9291E-3 2.98701E-2 3.80074E-2 8.78391E-3 5.79126E-2 2.67961E-2 1.00523E-1 6.93831E-2 1.08382E-1 1.09814E-1 7.67464E-2 8.01615E-2 6.48705E-2 7.36402E-2 -9999 -9999 -9999 -9999 -9999 -9999 -9999 -9999 -9999 -9999 -9999 -9999 -9999 -9999 -9999 -9999 -9999 -9999 -9999 -9999
4.92574E-3 1.12668E-2 1.22684E-2 1.30202E-2 7.77273E-3 2.42071E-2 2.27069E-2 1.70176E-2 1.53932E-2 1.78238E-2 1.95005E-2 1.6647E-2 1.86373E-2 2.41053E-2 2.93802E-2 3.7588E-2 3.81211E-2 5.34132E-2 4.7185E-2 1.91411E-2 1.02466E-2 1.98802E-2 2.12082E-2 2.04418E-2 2.29058E-2 9.6482E-3 3.12811E-2 3.11113E-2 1.80032E-2 4.3696E-2 7.32551E-2 8.63889E-2 4.46994E-2 8.48649E-2 1.15746E-1 2.4507E-2 1.50506E-2 7.36927E-2 7.23084E-2 7.8714E-2 7.327E-2 5.9334E-2 8.29524E-2 -9999 -9999 -9999 -9999 -9999 -9999 -9999 -9999 -9999 -9999 -9999 -9999 -9999 -9999 -9999 -9999 -9999
6.14207E-3 9.80362E-3 1.00432E-2 1.27417E-2 1.55397E-2 2.26426E-2 2.47239E-2 1.40365E-2 2.03245E-2 2.43653E-2 2.45946E-2 2.19034E-2 2.01022E-2 2.72035E-2 2.57528E-2 3.57892E-2 1.67216E-2 3.16944E-2 3.10481E-2 1.6279E-2 1.43162E-2 2.76208E-2 2.49563E-2 2.31944E-2 4.75298E-3 3.20449E-2 3.11885E-2 3.09023E-2 1.30653E-2 3.99172E-2 5.22338E-2 4.76026E-2 4.49936E-2 9.26556E-3 1.17837E-1 2.46135E-2 8.51228E-2 8.66385E-2 8.24084E-2 8.25091E-2 6.44534E-2 5.57199E-2 7.58087E-2 9.51975E-2 3.91751E-2 -9999 -9999 -9999 -9999 -9999 -9999 -9999 -9999 -9999 -9999 -9999 -9999 -9999 -9999 -9999
6.17138E-3 7.23482E-3 6.50632E-3 6.65286E-3 1.60514E-2 2.10101E-2 2.3259E-2 2.6784E-2 2.38093E-2 2.99938E-2 1.43707E-2 1.71316E-2 2.54829E-2 3.03633E-2 8.731E-3 3.53873E-2 2.56708E-2 2.06105E-2 1.93E-2 2.50238E-2 5.48912E-3 3.48432E-2 6.0343E-3 8.22629E-3 2.54541E-2 2.97146E-2 2.82995E-2 3.0035E-2 3.19755E-2 4.04027E-2 4.74494E-2 4.03328E-2 5.11829E-2 9.85278E-2 1.07251E-1 9.23344E-2 7.62518E-2 8.08567E-2 7.24365E-2 6.35283E-2 4.77406E-2 4.4787E-2 6.03667E-2 7.41233E-2 9.968E-2 -9999 -9999 -9999 -9999 -9999 -9999 -9999 -9999 -9999 -9999 -9999 -9999 -9999 -9999 -9999
6.25793E-3 9.77125E-3 1.16309E-2 1.43808E-2 1.52673E-2 2.20948E-2 2.13182E-2 2.49983E-2 2.86374E-2 3.1634E-2 3.7436E-2 3.40229E-2 2.72234E-2 3.28032E-2 3.24938E-2 3.44755E-2 2.59617E-2 2.12714E-2 1.81588E-2 2.09909E-2 1.15541E-2 4.33387E-2 4.38438E-2 3.09566E-2 1.64542E-2 3.18464E-2 2.96954E-2 2.40163E-2 3.08527E-2 3.73576E-2 4.69316E-2 4.51525E-2 5.2937E-2 7.92177E-2 4.67406E-2 5.91282E-2 4.8636E-2 6.2253E-2 7.46259E-2 5.49132E-2 4.24661E-2 4.29006E-2 5.53662E-2 6.84708E-2 1.38038E-1 -9999 -9999 -9999 -9999 -9999 -9999 -9999 -9999 -9999 -9999 -9999 -9999 -9999 -9999 -9999
5.6555E-3 1.41029E-3 1.16884E-2 1.43936E-2 1.45839E-2 2.30113E-2 2.15432E-2 2.22692E-2 2.51875E-2 2.76594E-2 3.24723E-2 3.70056E-2 3.99389E-2 3.36801E-2 2.98675E-2 3.19558E-2 2.38871E-2 2.19856E-2 1.93061E-2 1.9294E-2 2.27049E-2 4.43868E-2 3.59725E-2 2.26321E-2 3.29375E-2 3.63047E-2 3.37977E-2 2.91954E-2 2.47027E-2 3.66444E-2 4.8995E-2 5.1499E-2 5.72659E-2 6.0328E-2 1.70292E-2 6.20773E-2 -9999 6.13178E-2 5.09925E-2 4.77369E-2 4.18218E-2 5.12897E-2 5.34735E-2 7.03533E-2 1.35425E-1 -9999 -9999 -9999 -9999 -9999 -9999 -9999 -9999 -9999 -9999 -9999 -9999 -9999 -9999 -9999
5.79507E-3 6.18582E-3 1.19603E-2 1.39586E-2 1.73862E-2 2.26327E-2 2.1751E-2 1.96153E-2 2.21178E-2 2.81749E-2 3.0208E-2 3.2004E-2 3.56552E-2 4.12075E-2 3.01761E-2 3.19827E-2 2.34826E-2 2.2711E-2 2.1965E-2 2.33746E-2 2.43661E-2 3.82956E-2 3.05546E-2 2.10309E-2 2.0897E-2 3.16563E-2 3.38698E-2 2.54216E-2 2.49348E-2 3.28481E-2 4.45858E-2 5.30047E-2 3.15262E-2 5.5438E-2 6.52415E-2 7.03138E-2 4.01264E-2 6.82415E-2 4.77681E-2 5.91097E-2 5.42302E-2 9.36302E-2 1.33629E-1 1.32265E-1 1.31734E-1 1.84907E-1 -9999 -9999 -9999 -9999 -9999 -9999 -9999 -9999 -9999 -9999 -9999 -9999 -9999 -9999
9.10727E-3 8.4869E-3 9.07597E-3 7.00264E-3 1.5589E-2 1.99594E-2 2.00049E-2 2.49864E-2 3.03006E-2 3.2324E-2 3.36977E-2 3.2403E-2 3.78063E-2 4.63947E-2 4.30063E-2 3.74412E-2 2.69087E-2 2.63642E-2 2.54174E-2 1.21943E-2 3.02453E-2 4.23539E-2 3.29432E-2 2.24892E-2 2.38452E-2 3.00283E-2 2.33982E-2 3.03001E-2 2.72046E-2 3.67118E-2 3.86378E-2 4.82381E-2 1.80596E-2 4.97188E-2 4.6811E-2 5.43029E-2 6.0528E-2 6.17437E-2 7.23995E-2 3.18346E-2 4.60075E-2 1.15871E-1 1.19815E-1 1.36417E-1 1.11782E-1 1.77604E-1 1.85164E-1 -9999 -9999 -9999 -9999 -9999 -9999 -9999 -9999 -9999 -9999 -9999 -9999 -9999
2.08009E-3 5.76126E-3 5.41456E-3 1.99721E-3 8.19536E-3 1.55742E-2 2.29041E-2 2.75856E-2 3.28745E-2 3.61925E-2 3.49741E-2 3.26975E-2 3.82834E-2 4.59114E-2 1.23964E-2 5.01855E-2 3.36813E-2 3.26511E-2 3.12623E-2 1.28212E-2 2.77584E-2 2.04632E-2 2.16026E-2 2.43232E-2 2.77482E-2 1.56374E-2 3.43961E-2 3.36668E-2 2.18728E-2 3.19015E-2 4.19321E-2 5.25039E-2 5.62603E-2 4.9976E-2 4.84505E-2 5.8086E-2 5.35545E-2 5.03935E-2 5.22083E-2 5.67322E-2 4.98726E-2 1.10699E-1 1.34267E-1 8.26203E-2 4.91052E-2 9.46352E-2 9.62046E-2 -9999 -9999 -9999 -9999 -9999 -9999 -9999 -9999 -9999 -9999 -9999 -9999 -9999
1.74026E-3 3.07544E-3 4.4757E-3 5.62518E-3 7.76135E-3 1.23683E-2 1.69855E-2 2.35373E-2 1.58909E-2 3.61402E-2 3.5124E-2 3.17527E-2 3.75816E-2 4.50957E-2 5.15215E-2 2.85788E-2 2.50425E-2 1.26362E-2 3.00839E-2 2.93752E-2 1.36509E-2 2.29453E-2 1.29589E-2 2.07497E-2 3.89199E-2 6.65774E-2 5.0014E-2 2.27698E-2 1.72152E-2 1.2098E-2 3.5364E-2 4.21038E-2 4.72664E-2 4.60388E-2 4.84927E-2 5.33454E-2 5.21417E-2 5.37626E-2 4.07637E-2 4.12334E-2 4.3E-2 5.34314E-2 5.67895E-2 6.60399E-2 6.1474E-2 1.00273E-1 1.61533E-1 -9999 -9999 -9999 -9999 -9999 -9999 -9999 -9999 -9999 -9999 -9999 -9999 -9999
8.9483E-3 5.64124E-3 6.95302E-3 9.21111E-3 1.05435E-2 1.36825E-2 3.02035E-3 5.20055E-3 2.95687E-2 3.89514E-2 6.51423E-2 5.981E-2 6.71688E-2 7.26028E-2 9.12879E-2 1.29371E-1 1.33624E-1 1.20726E-1 1.39648E-1 1.31318E-1 3.44832E-2 9.62441E-2 6.70632E-2 7.23807E-2 1.58479E-1 1.07656E-1 7.10963E-2 9.57049E-2 1.04558E-1 4.23568E-2 1.02502E-1 1.083E-1 1.1307E-1 1.21299E-1 1.45545E-1 2.04117E-1 1.8372E-1 1.50585E-1 1.31535E-1 1.20951E-1 1.70771E-1 1.05788E-1 2.17494E-1 2.22933E-1 2.98969E-1 2.19674E-1 2.0895E-1 2.50171E-1 -9999 -9999 -9999 -9999 -9999 -9999 -9999 -9999 -9999 -9999 -9999 -9999
6.20433E-3 5.88443E-3 7.07266E-3 8.54954E-3 1.05515E-2 1.35016E-2 5.67842E-3 1.97536E-2 2.31478E-2 2.91432E-2 5.26849E-2 5.15041E-2 5.92371E-2 6.30987E-2 7.9327E-2 1.11019E-1 1.16824E-1 1.1357E-1 1.34498E-1 9.59467E-2 1.27315E-1 7.07744E-2 9.73037E-2 1.50533E-1 1.49073E-1 7.12995E-2 6.20159E-2 6.82802E-2 8.13694E-2 9.13082E-2 1.44386E-1 1.12916E-1 1.30606E-1 1.45472E-1 1.44877E-1 2.05025E-1 2.16282E-1 1.77155E-1 1.36731E-1 1.47878E-1 1.97373E-1 2.16514E-1 1.64378E-1 2.76247E-1 3.47134E-1 1.3256E-1 2.92017E-1 2.18834E-1 2.19445E-1 1.74397E-1 -9999 -9999 -9999 -9999 -9999 -9999 -9999 -9999 -9999 -9999
7.00249E-3 1.00622E-2 1.18205E-2 8.00289E-3 1.04475E-2 1.2721E-2 4.1724E-3 1.88447E-2 2.08599E-2 3.03937E-2 6.06244E-2 5.7384E-2 5.37103E-2 5.63645E-2 6.78905E-2 1.0866E-1 1.13083E-1 1.20638E-1 1.30436E-1 1.28193E-1 7.40692E-2 1.00434E-1 1.41313E-1 1.36686E-1 7.1113E-2 5.9212E-2 5.96056E-2 7.33363E-2 9.4989E-2 8.93663E-2 4.43536E-2 4.69378E-2 1.12026E-1 1.52677E-1 1.57632E-1 1.89536E-1 1.90318E-1 1.98265E-1 1.7613E-1 1.98263E-1 2.63295E-1 3.64287E-1 1.75106E-1 1.63256E-1 2.60859E-1 3.97163E-1 2.9525E-1 2.42995E-1 2.41644E-1 1.67495E-1 1.12779E-1 1.02162E-1 -9999 -9999 -9999 -9999 -9999 -9999 -9999 -9999
1.14043E-2 1.19328E-2 1.41553E-2 9.29367E-3 1.02034E-2 5.7486E-3 1.42725E-2 2.06519E-2 2.65366E-2 3.76419E-2 7.31733E-2 7.2678E-2 7.95104E-2 8.36277E-2 8.61194E-2 1.01427E-1 8.17651E-2 1.73856E-2 8.47115E-2 7.79827E-2 2.67715E-2 7.32988E-2 1.35454E-1 5.41085E-2 2.9492E-2 5.96261E-2 6.35445E-2 8.84522E-2 1.06168E-1 1.17496E-1 6.96451E-2 1.14017E-1 1.02525E-1 6.3537E-2 1.71115E-1 2.01021E-1 1.96356E-1 2.30401E-1 2.19651E-1 2.76297E-1 3.36035E-1 3.16109E-1 1.08561E-1 2.02202E-1 2.1377E-1 2.49009E-1 2.63012E-1 8.63919E-2 2.60875E-1 1.80887E-1 1.33945E-1 1.37654E-1 1.4889E-1 -9999 -9999 -9999 -9999 -9999 -9999 -9999
1.51346E-2 2.43906E-3 1.59279E-2 1.09242E-2 1.11711E-2 1.22508E-2 1.33493E-2 7.99622E-3 1.69667E-2 9.33609E-3 5.71419E-2 6.77063E-2 8.70796E-2 8.78235E-2 9.22678E-2 1.0017E-1 1.00628E-1 6.87068E-2 7.21005E-2 7.35032E-2 5.55708E-2 -9999 5.46331E-2 4.71111E-2 5.85168E-2 5.48524E-2 6.32561E-2 9.10706E-2 1.12396E-1 1.48069E-1 1.28915E-1 1.16355E-1 1.16958E-1 1.72537E-1 1.73964E-1 2.01074E-1 1.86094E-1 2.02603E-1 2.06818E-1 2.26241E-1 2.96338E-1 3.02353E-1 2.81492E-1 2.54784E-1 2.71887E-1 3.54844E-1 2.82891E-1 7.817E-2 3.12964E-1 2.24014E-1 1.37203E-1 1.41739E-1 1.79821E-1 -9999 -9999 -9999 -9999 -9999 -9999 -9999
