Phytophthora/models/20240430_1251_44/Phytophthora_PA3_RUN4_MAXENT_outputs/Phytophthora_PA3_RUN4.asc
ncols         225
nrows         269
xllcorner     473000.0
yllcorner     4429100.0
cellsize      50.0
NODATA_value  -9999
[rows 162 to 188 of 269, columns 60 to 119 of 225]
2.89932E-1 1.18558E-1 2.45881E-1 2.15593E-1 3.25602E-1 3.80103E-1 4.87689E-1 4.84454E-1 4.53805E-1 4.58127E-1 4.08732E-1 4.68668E-1 5.2607E-1 3.98983E-1 5.69007E-1 3.51616E-1 4.64592E-1 4.46089E-1 4.8732E-1 5.44356E-1 5.40132E-1 5.34682E-1 5.31777E-1 3.40813E-1 6.65484E-1 5.63265E-1 5.12479E-1 5.08007E-1 6.54423E-1 5.7156E-1 4.87296E-1 4.26743E-1 4.67698E-1 4.74352E-1 4.87128E-1 4.99443E-1 5.08007E-1 5.1516E-1 4.99568E-1 5.06337E-1 4.89576E-1 4.43938E-1 3.62359E-1 4.61421E-1 4.38256E-1 3.95976E-1 3.65526E-1 3.10045E-1 2.76012E-1 2.3672E-1 1.6521E-1 2.21152E-1 7.61937E-2 1.45309E-1 1.49634E-1 2.189E-1 2.43334E-1 2.78949E-1 3.20718E-1 5.75153E-1
1.01954E-1 3.18514E-1 3.66625E-1 3.56823E-1 3.67746E-1 3.08496E-1 2.62371E-1 3.26278E-1 4.07503E-1 4.78191E-1 4.99782E-1 4.78759E-1 5.23833E-1 5.75891E-1 5.20843E-1 3.42993E-1 4.96896E-1 4.52915E-1 4.34865E-1 4.847E-1 4.74511E-1 4.48745E-1 4.90664E-1 5.95054E-1 5.61858E-1 5.25025E-1 4.58695E-1 5.28319E-1 6.1976E-1 5.71292E-1 4.9409E-1 4.12442E-1 3.49825E-1 3.18553E-1 3.84038E-1 4.43969E-1 4.98163E-1 5.73245E-1 6.23492E-1 6.38563E-1 4.13884E-1 5.73113E-1 5.43499E-1 5.24997E-1 4.77316E-1 4.72738E-1 4.38011E-1 3.99592E-1 3.57156E-1 2.92809E-1 2.08261E-1 2.55551E-1 8.16991E-2 1.44608E-1 1.72181E-1 1.4462E-1 2.72503E-1 3.08691E-1 5.03501E-1 5.67328E-1
3.5023E-1 3.54631E-1 3.14517E-1 3.47409E-1 3.96123E-1 3.53508E-1 4.32823E-1 4.42257E-1 4.95628E-1 3.93731E-1 5.30994E-1 4.4732E-1 4.28671E-1 4.66471E-1 3.94621E-1 -9999 3.80013E-1 3.15498E-1 4.31573E-1 4.59846E-1 4.2284E-1 4.16624E-1 3.76839E-1 6.18377E-1 5.50511E-1 5.49479E-1 5.30778E-1 5.3393E-1 6.37463E-1 5.71361E-1 5.02076E-1 4.10294E-1 3.44858E-1 3.7267E-1 4.54207E-1 5.38166E-1 6.00258E-1 6.66761E-1 7.09823E-1 7.02874E-1 6.11935E-1 4.89805E-1 4.1483E-1 3.84849E-1 3.78199E-1 4.00251E-1 3.78361E-1 3.52946E-1 3.21588E-1 2.59751E-1 1.93547E-1 1.22717E-1 2.5247E-1 2.77235E-1 2.84177E-1 2.47054E-1 2.83111E-1 4.79471E-1 5.28625E-1 3.41327E-1
3.11294E-1 3.40515E-1 4.25229E-1 4.98742E-1 4.58893E-1 4.54638E-1 4.71924E-1 4.29843E-1 4.82494E-1 5.39967E-1 5.47174E-1 4.92331E-1 3.87281E-1 3.63302E-1 2.77184E-1 2.06914E-1 3.00429E-1 3.52391E-1 4.9443E-1 5.24839E-1 4.58086E-1 4.11703E-1 5.7013E-1 5.62062E-1 5.34392E-1 5.2358E-1 5.76644E-1 4.56391E-1 6.01067E-1 5.54982E-1 5.21527E-1 4.76015E-1 2.71554E-1 4.40726E-1 5.03816E-1 6.03322E-1 6.82179E-1 7.52471E-1 7.0121E-1 7.06381E-1 6.31559E-1 5.40689E-1 4.41367E-1 3.91798E-1 3.6881E-1 3.80594E-1 3.50022E-1 3.35566E-1 3.11306E-1 2.74326E-1 2.44316E-1 2.4244E-1 2.63373E-1 2.85977E-1 3.06669E-1 2.71398E-1 4.79583E-1 4.03594E-1 5.44778E-1 5.15672E-1
4.04299E-1 4.4791E-1 5.06648E-1 5.25595E-1 5.21224E-1 4.8438E-1 4.72737E-1 4.4503E-1 4.91941E-1 5.64426E-1 5.73169E-1 5.77305E-1 5.17457E-1 4.84932E-1 4.48158E-1 4.18052E-1 2.70137E-1 5.2079E-1 6.66005E-1 6.27108E-1 5.37503E-1 3.70984E-1 3.98216E-1 3.2122E-1 5.91179E-1 4.19345E-1 5.34475E-1 5.7122E-1 5.70697E-1 5.49311E-1 5.25006E-1 5.0098E-1 3.86533E-1 4.53004E-1 4.87439E-1 5.36546E-1 6.21454E-1 6.7383E-1 6.1053E-1 5.29905E-1 5.40841E-1 5.34701E-1 4.65577E-1 3.96363E-1 3.59926E-1 3.58402E-1 3.45341E-1 3.35113E-1 3.39996E-1 3.18692E-1 2.64846E-1 2.91067E-1 3.2043E-1 3.52002E-1 4.14461E-1 5.31101E-1 5.78565E-1 5.22465E-1 3.69402E-1 5.44075E-1
4.44179E-1 5.00851E-1 5.38421E-1 5.44917E-1 5.75172E-1 5.37809E-1 5.16724E-1 4.86268E-1 4.85012E-1 5.67779E-1 4.98454E-1 6.05828E-1 6.17845E-1 5.7416E-1 5.88825E-1 6.41285E-1 5.81892E-1 6.11083E-1 7.04363E-1 6.62484E-1 4.93309E-1 4.03109E-1 3.90806E-1 5.14125E-1 6.22334E-1 4.55178E-1 4.87208E-1 5.3456E-1 4.58975E-1 5.74817E-1 4.3427E-1 4.24532E-1 4.06168E-1 4.58615E-1 4.69086E-1 5.03058E-1 5.68834E-1 4.55848E-1 5.67811E-1 5.2021E-1 5.62764E-1 5.27446E-1 4.71174E-1 3.96108E-1 3.46882E-1 3.31074E-1 3.129E-1 2.95544E-1 3.10375E-1 2.71368E-1 2.69668E-1 3.22077E-1 3.48271E-1 3.92649E-1 4.83978E-1 3.82893E-1 4.13008E-1 3.07462E-1 3.15737E-1 2.714E-1
5.16098E-1 5.86484E-1 6.10658E-1 5.84595E-1 5.9968E-1 5.80877E-1 5.59796E-1 5.29559E-1 5.02251E-1 5.3934E-1 5.85236E-1 6.63452E-1 5.73019E-1 5.28702E-1 6.08591E-1 6.72651E-1 7.30134E-1 4.65435E-1 7.16487E-1 7.03858E-1 5.09731E-1 4.32603E-1 3.8669E-1 4.67829E-1 5.92518E-1 3.74558E-1 4.33585E-1 5.19649E-1 5.48555E-1 5.2202E-1 5.25299E-1 3.72883E-1 4.71366E-1 4.73779E-1 4.90651E-1 4.70485E-1 3.40732E-1 4.80277E-1 4.51325E-1 4.76529E-1 5.71572E-1 5.02314E-1 4.47424E-1 3.6621E-1 3.23371E-1 2.95925E-1 2.70494E-1 2.64266E-1 2.63179E-1 2.8742E-1 2.81525E-1 3.36007E-1 3.5953E-1 3.92754E-1 2.52304E-1 5.53461E-1 2.83627E-1 3.8197E-1 2.99885E-1 2.53012E-1
5.95808E-1 6.74169E-1 6.57848E-1 6.29764E-1 6.46667E-1 4.40795E-1 4.30537E-1 3.92944E-1 5.32959E-1 5.90888E-1 5.92796E-1 6.40575E-1 6.49143E-1 5.11774E-1 4.47895E-1 4.25589E-1 5.42309E-1 6.4134E-1 5.35739E-1 6.21238E-1 4.72974E-1 4.46312E-1 4.19849E-1 2.95739E-1 4.39941E-1 3.67486E-1 3.90738E-1 4.76678E-1 4.54817E-1 5.16442E-1 6.12698E-1 5.4048E-1 3.97972E-1 3.40299E-1 4.50354E-1 4.708E-1 4.02368E-1 5.3383E-1 5.22763E-1 5.56124E-1 5.80948E-1 5.14091E-1 4.38395E-1 3.79938E-1 3.38307E-1 2.87601E-1 2.56643E-1 2.40713E-1 2.92276E-1 3.45143E-1 3.14937E-1 3.69549E-1 4.07718E-1 3.50691E-1 6.12683E-1 4.22642E-1 3.38502E-1 4.25832E-1 3.60654E-1 3.87735E-1
5.88025E-1 5.81982E-1 5.88587E-1 5.42433E-1 4.93881E-1 5.49663E-1 5.24262E-1 5.01861E-1 5.07015E-1 5.55979E-1 6.16681E-1 6.4794E-1 6.0649E-1 2.86807E-1 4.49003E-1 4.43752E-1 3.26616E-1 2.3623E-1 3.27518E-1 2.82389E-1 2.55031E-1 3.10376E-1 2.27439E-1 3.96478E-1 5.20189E-1 4.11558E-1 4.56085E-1 5.497E-1 2.07739E-1 4.01034E-1 4.11643E-1 4.96559E-1 6.05569E-1 6.09842E-1 4.7128E-1 4.58592E-1 6.01402E-1 5.91467E-1 5.7279E-1 5.99703E-1 5.99849E-1 5.65908E-1 4.86461E-1 4.23692E-1 3.79612E-1 3.11827E-1 2.76083E-1 2.45935E-1 2.79207E-1 3.67531E-1 4.04548E-1 4.28693E-1 4.44333E-1 4.08033E-1 4.693E-1 4.82757E-1 4.6018E-1 4.52987E-1 4.03046E-1 3.7395E-1
7.51568E-1 7.37362E-1 7.17807E-1 6.5316E-1 5.40314E-1 6.17412E-1 5.56757E-1 5.59444E-1 5.7436E-1 6.09674E-1 6.14782E-1 5.44722E-1 5.5889E-1 4.56168E-1 4.9442E-1 4.57605E-1 3.65768E-1 2.28257E-1 2.22651E-1 3.17677E-1 1.72112E-1 5.00522E-1 5.12774E-1 4.60463E-1 5.12391E-1 2.9625E-1 4.14773E-1 5.47164E-1 4.32339E-1 3.19817E-1 2.98707E-1 3.89676E-1 5.8689E-1 6.45162E-1 7.07494E-1 7.2038E-1 6.69428E-1 6.59879E-1 6.13679E-1 5.22235E-1 6.24806E-1 5.43903E-1 4.57868E-1 3.95517E-1 3.44871E-1 2.77267E-1 2.25107E-1 1.90293E-1 2.05922E-1 2.45444E-1 2.94695E-1 4.02516E-1 4.64019E-1 5.1656E-1 4.56089E-1 5.19171E-1 4.8945E-1 4.81749E-1 4.37463E-1 4.21475E-1
5.56196E-1 5.89991E-1 6.06104E-1 4.81996E-1 6.19849E-1 5.65414E-1 5.37426E-1 5.31853E-1 5.63536E-1 6.15057E-1 5.39254E-1 4.95139E-1 5.71459E-1 3.67992E-1 5.55405E-1 4.87807E-1 6.14747E-1 2.50735E-1 3.97081E-1 4.54831E-1 4.83216E-1 4.74617E-1 5.24869E-1 5.00352E-1 3.72843E-1 3.3172E-1 4.21339E-1 5.09363E-1 5.04158E-1 4.78388E-1 5.2112E-1 6.0412E-1 6.09621E-1 6.63158E-1 6.17284E-1 6.62944E-1 5.99829E-1 5.68502E-1 6.26579E-1 6.68125E-1 6.79859E-1 5.38288E-1 4.92766E-1 4.27123E-1 3.80616E-1 2.86189E-1 2.1949E-1 1.9766E-1 1.79835E-1 2.36726E-1 2.77855E-1 3.37149E-1 4.12693E-1 4.1058E-1 4.6488E-1 5.11127E-1 4.02024E-1 5.34914E-1 5.23085E-1 4.24143E-1
5.65759E-1 5.62291E-1 5.70126E-1 6.17438E-1 5.63381E-1 5.19093E-1 5.39817E-1 5.12229E-1 5.72494E-1 5.86463E-1 5.05191E-1 5.09564E-1 5.65874E-1 3.79486E-1 4.82669E-1 4.32823E-1 5.53355E-1 5.13388E-1 5.82765E-1 5.74185E-1 5.51535E-1 4.4803E-1 4.75022E-1 5.40809E-1 1.93904E-1 3.15515E-1 2.45326E-1 4.12215E-1 4.91133E-1 4.50788E-1 5.00348E-1 4.92656E-1 5.47121E-1 6.23315E-1 5.40681E-1 6.2912E-1 5.57046E-1 4.96344E-1 5.87292E-1 6.26542E-1 5.80737E-1 4.89898E-1 4.40952E-1 3.87925E-1 3.49648E-1 2.55532E-1 2.16877E-1 1.48857E-1 2.34923E-1 2.33472E-1 2.51279E-1 2.85673E-1 3.32504E-1 3.23349E-1 4.24756E-1 5.11744E-1 4.04864E-1 5.65672E-1 4.81629E-1 3.80511E-1
4.36042E-1 4.14165E-1 5.69285E-1 5.58572E-1 5.24532E-1 4.75113E-1 5.18003E-1 5.39229E-1 5.70497E-1 5.85767E-1 5.1264E-1 5.33906E-1 5.73183E-1 4.29715E-1 4.55639E-1 6.43415E-1 6.43046E-1 6.21759E-1 6.65032E-1 5.85766E-1 4.86105E-1 5.49449E-1 4.96637E-1 4.27547E-1 3.38287E-1 4.61341E-1 4.89006E-1 4.44537E-1 4.20043E-1 3.85678E-1 4.24618E-1 4.73335E-1 4.12327E-1 3.84306E-1 5.0388E-1 5.04515E-1 4.09542E-1 3.82939E-1 6.0719E-1 6.32366E-1 6.16587E-1 5.40095E-1 5.05696E-1 4.09658E-1 3.30446E-1 2.59084E-1 2.16553E-1 2.33032E-1 2.73293E-1 2.72022E-1 2.76712E-1 2.97119E-1 3.22106E-1 2.46614E-1 4.48677E-1 3.29294E-1 5.36101E-1 5.21993E-1 4.38265E-1 3.80094E-1
5.46358E-1 6.2215E-1 4.5409E-1 5.56101E-1 5.40849E-1 5.68584E-1 5.83318E-1 5.52014E-1 5.74559E-1 5.61838E-1 5.46384E-1 6.07123E-1 6.17031E-1 4.85553E-1 5.93813E-1 6.06126E-1 5.778E-1 6.10319E-1 6.72232E-1 6.37177E-1 5.63731E-1 5.55243E-1 5.20268E-1 1.76443E-1 3.61974E-1 4.50322E-1 4.93047E-1 3.40378E-1 4.57845E-1 3.91877E-1 4.21249E-1 3.7463E-1 3.93412E-1 3.46972E-1 2.94366E-1 2.87558E-1 2.31598E-1 2.69831E-1 3.78088E-1 5.63563E-1 5.55917E-1 5.01118E-1 4.20854E-1 3.03115E-1 2.73985E-1 2.28611E-1 2.29876E-1 2.57647E-1 2.91038E-1 3.08505E-1 3.10547E-1 3.29715E-1 3.42276E-1 9.57824E-2 3.41984E-1 3.52324E-1 3.35713E-1 4.51183E-1 4.19654E-1 3.6763E-1
5.74064E-1 5.69887E-1 6.07968E-1 5.75038E-1 6.00602E-1 6.18351E-1 6.55334E-1 6.19134E-1 6.05601E-1 5.78582E-1 6.01571E-1 6.4958E-1 6.07021E-1 5.66386E-1 5.82717E-1 6.33863E-1 5.98825E-1 5.79651E-1 6.04236E-1 6.30856E-1 6.50068E-1 5.22965E-1 5.56253E-1 -9999 4.80486E-1 5.58436E-1 6.10579E-1 6.38176E-1 5.49686E-1 6.0633E-1 5.24775E-1 4.06036E-1 4.63594E-1 3.71418E-1 3.26783E-1 3.50139E-1 3.79738E-1 3.59594E-1 5.22707E-1 5.91372E-1 5.5722E-1 4.85258E-1 4.23935E-1 3.42223E-1 2.954E-1 2.15217E-1 2.28439E-1 2.63886E-1 2.99492E-1 3.51285E-1 3.82443E-1 4.18966E-1 4.2378E-1 1.77537E-1 3.04579E-1 3.01668E-1 2.43895E-1 3.82416E-1 3.8043E-1 2.95641E-1
6.20165E-1 6.22025E-1 4.56835E-1 6.17055E-1 6.09932E-1 6.37731E-1 7.03204E-1 6.63234E-1 5.56135E-1 4.71568E-1 4.91063E-1 5.17232E-1 5.50152E-1 5.0451E-1 6.14209E-1 5.33666E-1 6.30612E-1 6.25628E-1 6.53097E-1 6.62401E-1 5.60575E-1 6.80296E-1 4.03765E-1 4.11728E-1 5.37908E-1 4.88568E-1 4.59102E-1 4.83641E-1 5.79255E-1 5.42534E-1 4.8934E-1 3.97648E-1 3.97644E-1 3.13724E-1 2.85682E-1 4.08424E-1 -9999 -9999 6.31535E-1 6.34022E-1 5.62423E-1 5.02758E-1 4.5417E-1 3.77305E-1 2.99987E-1 2.32695E-1 2.42547E-1 2.85283E-1 3.14544E-1 3.49432E-1 3.88738E-1 4.39991E-1 4.51716E-1 3.18157E-1 3.66929E-1 3.51238E-1 3.97403E-1 4.37281E-1 4.12071E-1 2.83436E-1
5.72168E-1 5.75466E-1 6.06483E-1 6.16784E-1 5.62818E-1 6.84214E-1 7.34684E-1 6.97547E-1 5.02239E-1 5.36799E-1 5.63778E-1 6.0192E-1 4.94832E-1 6.05286E-1 5.94136E-1 6.2543E-1 5.22122E-1 6.52496E-1 6.4507E-1 5.33473E-1 6.24727E-1 6.36995E-1 6.06859E-1 5.71885E-1 5.31846E-1 4.87806E-1 5.40615E-1 5.3907E-1 5.54241E-1 5.70207E-1 5.04313E-1 4.31121E-1 4.34487E-1 3.46612E-1 3.23322E-1 4.2696E-1 6.29213E-1 4.90129E-1 7.42035E-1 6.94697E-1 6.41252E-1 5.80341E-1 5.16161E-1 4.04473E-1 2.95534E-1 2.21567E-1 2.41847E-1 3.37763E-1 3.8482E-1 4.27027E-1 4.5324E-1 5.02949E-1 5.70047E-1 5.08173E-1 4.51982E-1 3.63603E-1 4.1447E-1 3.52184E-1 4.50149E-1 3.81114E-1
5.41933E-1 5.35147E-1 5.50057E-1 6.44404E-1 5.77444E-1 7.58522E-1 6.75005E-1 4.73353E-1 5.36507E-1 6.31059E-1 6.49789E-1 5.28178E-1 6.2591E-1 5.83091E-1 5.49833E-1 5.92355E-1 6.34378E-1 6.12763E-1 6.08774E-1 6.87289E-1 6.23077E-1 6.22986E-1 4.75193E-1 5.97251E-1 4.85942E-1 4.55784E-1 5.52308E-1 5.95767E-1 5.18451E-1 5.67561E-1 5.21152E-1 5.42856E-1 4.86793E-1 4.36655E-1 4.47937E-1 5.76498E-1 6.09784E-1 5.24221E-1 7.01509E-1 7.02171E-1 6.46553E-1 5.77945E-1 5.06848E-1 4.05517E-1 3.14565E-1 2.36743E-1 2.62775E-1 3.31345E-1 3.57614E-1 4.48249E-1 4.8025E-1 5.06154E-1 4.41986E-1 5.48473E-1 4.18284E-1 3.32749E-1 4.07558E-1 2.95945E-1 3.99149E-1 3.83416E-1
4.90643E-1 4.85729E-1 5.47606E-1 6.77862E-1 8.0448E-1 7.35189E-1 6.40739E-1 5.14991E-1 6.19354E-1 6.8904E-1 6.42078E-1 6.68897E-1 5.92151E-1 5.48433E-1 5.08327E-1 5.36638E-1 5.92525E-1 6.36765E-1 6.63096E-1 6.71723E-1 6.9128E-1 6.25832E-1 4.66524E-1 4.67873E-1 4.40875E-1 4.98057E-1 6.39719E-1 6.12713E-1 6.91951E-1 6.27038E-1 5.16727E-1 5.69667E-1 4.91226E-1 4.43627E-1 4.28828E-1 5.29743E-1 5.88434E-1 6.99603E-1 7.76671E-1 6.20174E-1 6.61426E-1 5.80191E-1 5.42884E-1 4.27372E-1 3.24487E-1 2.35584E-1 2.93217E-1 3.79568E-1 4.31183E-1 4.86415E-1 5.36038E-1 5.81286E-1 2.37647E-1 4.2121E-1 3.75026E-1 3.29751E-1 4.00003E-1 3.12222E-1 2.43764E-1 3.63376E-1
4.44334E-1 4.70207E-1 5.52149E-1 7.50686E-1 7.86604E-1 7.11806E-1 5.9016E-1 6.30217E-1 6.60134E-1 7.38038E-1 6.21216E-1 6.43253E-1 5.70291E-1 5.17295E-1 4.76848E-1 5.63816E-1 6.12577E-1 6.29024E-1 6.42693E-1 6.7748E-1 6.4359E-1 6.50345E-1 6.17506E-1 5.25854E-1 5.84205E-1 6.19032E-1 6.77829E-1 6.54692E-1 6.58611E-1 6.33445E-1 4.53058E-1 5.15775E-1 4.77074E-1 4.32831E-1 3.71763E-1 4.5057E-1 5.06664E-1 6.58953E-1 6.93806E-1 5.44523E-1 6.00191E-1 5.28249E-1 5.11194E-1 3.97437E-1 3.2033E-1 2.67225E-1 3.18157E-1 3.73391E-1 4.09443E-1 5.00994E-1 5.53538E-1 5.3751E-1 1.86094E-1 4.34876E-1 3.89327E-1 3.51511E-1 3.92705E-1 2.78912E-1 3.61592E-1 2.74288E-1
4.56693E-1 4.63558E-1 5.09154E-1 6.25978E-1 7.19561E-1 6.42043E-1 6.4921E-1 6.05288E-1 7.50277E-1 6.43528E-1 6.82254E-1 6.17911E-1 5.54101E-1 5.15172E-1 4.61444E-1 5.27672E-1 5.75367E-1 6.01186E-1 6.2003E-1 5.03606E-1 3.8523E-1 4.25023E-1 4.48014E-1 3.23165E-1 5.88112E-1 5.63082E-1 6.17497E-1 6.17142E-1 6.32162E-1 6.16742E-1 3.61955E-1 4.31159E-1 4.14617E-1 4.01303E-1 3.64614E-1 4.58134E-1 5.13518E-1 6.27067E-1 6.97986E-1 5.76437E-1 5.64008E-1 5.52895E-1 4.74278E-1 3.83441E-1 3.19771E-1 3.18532E-1 3.58711E-1 4.03116E-1 4.2939E-1 5.02704E-1 5.8312E-1 4.98685E-1 3.70712E-1 4.75308E-1 3.86409E-1 3.44262E-1 3.76144E-1 2.66989E-1 3.66007E-1 3.11595E-1
5.26687E-1 5.20613E-1 5.18644E-1 5.72484E-1 6.40851E-1 6.80597E-1 7.01618E-1 7.78045E-1 7.08317E-1 7.80534E-1 6.83581E-1 6.34847E-1 5.47665E-1 4.99364E-1 4.51647E-1 5.00805E-1 5.4988E-1 5.62573E-1 2.62302E-1 2.66628E-1 3.33866E-1 4.23262E-1 3.98043E-1 2.89432E-1 5.87702E-1 5.75478E-1 6.53467E-1 6.62044E-1 6.56837E-1 6.33596E-1 4.29062E-1 4.23544E-1 4.0765E-1 4.24824E-1 4.06382E-1 5.28698E-1 5.79865E-1 5.99022E-1 6.67762E-1 5.03436E-1 5.14252E-1 4.99793E-1 4.09251E-1 3.50445E-1 3.49823E-1 3.79402E-1 4.03887E-1 4.54886E-1 4.41644E-1 4.99794E-1 5.00207E-1 5.58922E-1 4.57175E-1 4.94248E-1 3.60521E-1 3.42718E-1 3.59008E-1 2.45854E-1 3.35392E-1 3.4028E-1
6.05563E-1 5.93276E-1 6.17214E-1 6.05152E-1 6.67462E-1 6.00378E-1 7.5685E-1 7.09313E-1 7.81722E-1 7.45734E-1 6.47677E-1 5.72482E-1 5.25269E-1 4.87023E-1 4.32432E-1 4.55809E-1 4.7899E-1 4.38923E-1 1.2305E-1 2.15012E-1 3.52987E-1 3.88292E-1 3.8534E-1 3.88395E-1 6.09542E-1 6.32188E-1 6.57963E-1 5.89523E-1 6.34255E-1 5.14349E-1 4.9711E-1 4.37164E-1 4.96646E-1 4.72064E-1 4.21762E-1 5.10209E-1 6.0658E-1 5.45879E-1 3.17584E-1 4.57565E-1 4.71522E-1 4.59565E-1 3.612E-1 3.24364E-1 3.77217E-1 4.40167E-1 4.77645E-1 4.95123E-1 4.82023E-1 5.25465E-1 4.94183E-1 5.24767E-1 4.71894E-1 3.65239E-1 4.22568E-1 2.77446E-1 1.9836E-1 2.82075E-1 3.41236E-1 3.53071E-1
5.63498E-1 6.73284E-1 6.86366E-1 6.6034E-1 5.44722E-1 7.63273E-1 8.33019E-1 7.95352E-1 7.02158E-1 6.98515E-1 5.51798E-1 4.71806E-1 4.47741E-1 4.51272E-1 4.17462E-1 4.115E-1 3.72976E-1 3.76081E-1 -9999 3.2889E-1 3.00779E-1 3.32448E-1 3.63595E-1 2.94065E-1 5.85369E-1 5.71206E-1 5.51712E-1 5.92249E-1 6.05148E-1 4.92075E-1 4.07766E-1 4.22997E-1 4.25687E-1 4.93242E-1 4.69048E-1 5.10575E-1 5.62103E-1 5.53228E-1 6.04048E-1 3.63456E-1 5.7047E-1 3.96685E-1 3.63392E-1 3.54388E-1 4.49818E-1 5.14554E-1 5.5208E-1 5.43207E-1 3.82968E-1 3.82676E-1 5.23656E-1 4.77719E-1 3.8044E-1 1.93033E-1 4.97169E-1 4.27419E-1 2.55804E-1 3.22678E-1 3.90115E-1 3.52835E-1
3.89085E-1 6.32208E-1 6.15982E-1 6.54214E-1 6.66648E-1 7.64967E-1 7.61622E-1 6.26955E-1 6.15051E-1 6.02582E-1 4.64223E-1 4.15652E-1 3.6043E-1 3.43317E-1 3.52972E-1 4.06329E-1 -9999 -9999 3.23995E-1 2.92661E-1 2.36458E-1 2.56515E-1 2.94712E-1 1.16732E-1 5.14967E-1 5.19451E-1 5.52051E-1 5.85987E-1 4.93498E-1 4.69764E-1 4.0641E-1 5.30233E-1 5.17186E-1 5.55711E-1 5.04895E-1 4.11066E-1 4.49815E-1 4.26045E-1 3.40639E-1 3.07822E-1 4.34187E-1 2.73128E-1 3.20289E-1 2.58651E-1 3.10692E-1 4.04478E-1 5.48887E-1 5.84353E-1 3.4298E-1 3.85141E-1 3.42663E-1 3.49914E-1 3.05922E-1 1.61975E-1 3.44105E-1 3.66163E-1 3.72133E-1 3.20575E-1 3.55933E-1 3.9399E-1
5.23596E-1 5.02892E-1 6.7487E-1 6.33238E-1 7.09528E-1 7.39216E-1 6.72017E-1 5.14619E-1 5.94212E-1 5.54812E-1 4.13941E-1 3.9253E-1 3.75909E-1 3.81417E-1 3.6492E-1 4.10714E-1 3.69864E-1 3.12341E-1 2.76163E-1 2.63142E-1 2.49354E-1 2.78039E-1 3.19016E-1 5.414E-1 5.5928E-1 4.82496E-1 5.19557E-1 5.36549E-1 5.26496E-1 5.1161E-1 4.75979E-1 5.00613E-1 5.66654E-1 4.60208E-1 5.51296E-1 4.57064E-1 4.72037E-1 5.05464E-1 3.69216E-1 5.50663E-1 4.52551E-1 2.8869E-1 3.55315E-1 3.1551E-1 3.27595E-1 3.85813E-1 4.36869E-1 5.54367E-1 4.63541E-1 5.10249E-1 2.94427E-1 2.82497E-1 3.50922E-1 1.81662E-1 3.71668E-1 3.47782E-1 4.08544E-1 3.40738E-1 3.83761E-1 3.04863E-1
6.51523E-1 6.33444E-1 6.51979E-1 6.12257E-1 7.17963E-1 6.80873E-1 5.62603E-1 4.51391E-1 5.00707E-1 5.4108E-1 5.38472E-1 4.4612E-1 4.45475E-1 4.52426E-1 4.13733E-1 4.53031E-1 3.88148E-1 3.46459E-1 3.35137E-1 3.09601E-1 1.95564E-1 2.73473E-1 3.88885E-1 4.12806E-1 4.65108E-1 3.75118E-1 3.98705E-1 4.27695E-1 5.06191E-1 4.93644E-1 4.19811E-1 4.60575E-1 5.11633E-1 5.24049E-1 5.64596E-1 3.91533E-1 3.69491E-1 4.49714E-1 5.61398E-1 5.4963E-1 4.62607E-1 2.63661E-1 2.85842E-1 4.18673E-1 3.55999E-1 4.43491E-1 2.92299E-1 9.00242E-2 3.02433E-1 3.81802E-1 2.92182E-1 1.99056E-1 2.71912E-1 2.55223E-1 3.76292E-1 2.87077E-1 4.04872E-1 3.52878E-1 3.98855E-1 3.6588E-1
