Phytophthora/models/20240430_1251_44/Phytophthora_PA3_RUN4_MAXENT_outputs/Phytophthora_PA3_RUN4.asc
ncols         225
nrows         269
xllcorner     473000.0
yllcorner     4429100.0
cellsize      50.0
NODATA_value  -9999
[rows 108 to 134 of 269, columns 120 to 179 of 225]
3.0847E-1 3.21495E-1 3.25692E-1 3.00137E-1 -9999 -9999 -9999 -9999 -9999 -9999 -9999 -9999 -9999 -9999 -9999 -9999 -9999 -9999 -9999 -9999 -9999 -9999 -9999 -9999 -9999 -9999 -9999 -9999 -9999 -9999 -9999 -9999 -9999 -9999 -9999 5.03503E-1 3.56577E-1 5.06047E-1 5.31253E-1 4.82884E-1 3.76842E-1 3.6362E-1 3.46148E-1 4.07174E-1 2.59007E-1 2.71606E-1 2.0154E-1 3.2581E-1 4.0102E-1 4.53938E-1 5.09027E-1 5.1641E-1 5.03427E-1 3.96322E-1 3.60556E-1 2.95498E-1 3.05757E-1 2.50205E-1 2.5475E-1 2.64571E-1
4.02362E-1 2.44403E-1 3.02131E-1 3.23954E-1 2.91705E-1 -9999 -9999 -9999 -9999 -9999 -9999 -9999 -9999 -9999 -9999 -9999 -9999 -9999 -9999 -9999 -9999 -9999 -9999 -9999 -9999 -9999 -9999 -9999 -9999 -9999 -9999 -9999 2.66667E-1 2.77133E-1 4.76899E-1 5.01987E-1 5.28642E-1 4.28762E-1 4.67253E-1 4.56628E-1 4.06937E-1 3.94601E-1 2.87719E-1 3.55688E-1 3.1444E-1 1.12556E-1 1.96083E-1 2.07871E-1 3.47767E-1 3.93074E-1 4.50802E-1 4.66087E-1 4.02125E-1 3.3421E-1 3.57206E-1 3.09231E-1 2.5715E-1 1.92966E-1 2.16792E-1 2.22476E-1
3.20508E-1 3.90522E-1 2.49652E-1 3.26056E-1 2.87169E-1 3.69655E-1 -9999 -9999 -9999 -9999 -9999 -9999 -9999 -9999 -9999 -9999 -9999 -9999 -9999 -9999 -9999 -9999 -9999 -9999 -9999 -9999 -9999 -9999 -9999 -9999 -9999 -9999 2.17062E-1 3.51215E-1 4.30151E-1 4.81757E-1 4.78016E-1 3.56892E-1 3.04862E-1 3.19208E-1 3.61545E-1 3.49916E-1 3.36455E-1 3.16952E-1 2.82859E-1 1.0464E-1 1.18079E-1 1.22031E-1 3.01322E-1 3.40076E-1 3.97703E-1 3.74098E-1 3.31511E-1 3.24003E-1 3.10655E-1 2.61315E-1 1.99372E-1 1.6317E-1 1.74153E-1 1.9005E-1
3.69724E-1 3.52287E-1 2.95757E-1 3.47868E-1 3.00637E-1 3.03804E-1 4.1859E-1 -9999 -9999 -9999 -9999 -9999 -9999 -9999 -9999 -9999 -9999 -9999 -9999 -9999 -9999 -9999 -9999 -9999 -9999 -9999 -9999 -9999 -9999 -9999 -9999 -9999 3.25436E-1 4.42005E-1 4.58428E-1 4.23963E-1 4.25277E-1 4.1219E-1 2.80652E-1 2.44495E-1 2.15844E-1 2.7514E-1 2.61729E-1 2.44891E-1 2.25102E-1 2.16673E-2 7.16745E-2 1.05841E-1 2.12879E-1 2.37301E-1 2.65298E-1 2.66816E-1 2.2E-1 1.97538E-1 1.88925E-1 1.75207E-1 1.35885E-1 1.22089E-1 1.25014E-1 1.34646E-1
2.5914E-1 2.656E-1 3.60055E-1 3.4497E-1 3.32037E-1 2.05585E-1 3.67065E-1 3.22905E-1 -9999 -9999 -9999 -9999 -9999 -9999 -9999 -9999 -9999 -9999 -9999 -9999 -9999 -9999 -9999 -9999 -9999 -9999 -9999 -9999 -9999 -9999 -9999 2.21085E-1 3.50429E-1 3.75785E-1 3.83092E-1 3.23049E-1 3.73958E-1 3.65342E-1 1.91745E-1 1.83913E-1 1.61841E-1 1.5176E-1 1.77716E-1 1.94441E-1 8.07993E-2 7.46378E-2 6.64268E-2 1.3532E-1 1.79839E-1 1.99765E-1 2.25104E-1 2.05489E-1 1.6249E-1 1.78434E-1 1.51001E-1 1.2632E-1 1.12162E-1 1.08614E-1 1.01055E-1 1.10511E-1
2.71797E-1 3.29122E-1 3.74629E-1 3.03633E-1 3.80208E-1 3.07188E-1 4.50668E-1 4.10724E-1 -9999 -9999 -9999 -9999 -9999 -9999 -9999 -9999 -9999 -9999 -9999 -9999 -9999 -9999 -9999 -9999 -9999 -9999 -9999 -9999 -9999 -9999 2.67588E-1 2.50306E-1 2.73177E-1 3.07825E-1 3.30111E-1 2.73285E-1 3.43452E-1 3.33205E-1 1.60491E-1 1.48742E-1 1.3094E-1 1.30732E-1 1.18834E-1 1.59522E-1 4.05061E-2 8.22291E-2 7.40007E-2 1.30461E-1 1.53635E-1 1.70725E-1 1.88192E-1 1.53113E-1 1.76913E-1 1.31936E-1 9.14333E-2 9.93516E-2 9.17678E-2 9.32122E-2 8.51614E-2 9.42064E-2
3.53361E-1 3.20884E-1 3.79305E-1 3.45595E-1 4.13883E-1 3.90086E-1 3.51218E-1 5.42035E-1 -9999 -9999 -9999 -9999 -9999 -9999 -9999 -9999 -9999 -9999 -9999 -9999 -9999 -9999 -9999 -9999 -9999 -9999 -9999 -9999 -9999 -9999 2.38137E-1 2.52414E-1 2.68223E-1 3.11062E-1 3.50028E-1 3.04244E-1 3.9001E-1 3.74888E-1 1.87928E-1 1.83508E-1 1.53592E-1 1.42379E-1 1.24121E-1 1.20204E-1 1.24988E-1 6.93597E-2 6.85245E-2 1.09736E-1 1.25482E-1 1.41512E-1 1.5593E-1 1.55446E-1 1.22501E-1 8.336E-2 7.52385E-2 8.42117E-2 7.90019E-2 8.15736E-2 9.32009E-2 1.26617E-1
3.72593E-1 3.5384E-1 3.55439E-1 4.2217E-1 3.98838E-1 5.0047E-1 3.75445E-1 6.17477E-1 -9999 -9999 -9999 -9999 -9999 -9999 -9999 -9999 -9999 -9999 -9999 -9999 -9999 -9999 -9999 -9999 -9999 -9999 -9999 -9999 -9999 -9999 3.05689E-1 3.00525E-1 2.92282E-1 3.14885E-1 3.23074E-1 2.63212E-1 2.57169E-1 2.98947E-1 2.62502E-1 2.19106E-1 1.87584E-1 1.77472E-1 1.52659E-1 1.35973E-1 9.53672E-2 5.64848E-2 5.65058E-2 8.74565E-2 9.96795E-2 1.1332E-1 1.28091E-1 9.3819E-2 7.45364E-2 6.03299E-2 5.98186E-2 6.91063E-2 7.57133E-2 9.40049E-2 1.16227E-1 1.60402E-1
2.91236E-1 4.53493E-1 4.15815E-1 4.35213E-1 5.24546E-1 5.2888E-1 4.58341E-1 4.19743E-1 -9999 -9999 -9999 -9999 -9999 -9999 -9999 -9999 -9999 -9999 -9999 -9999 -9999 -9999 -9999 -9999 -9999 -9999 -9999 -9999 -9999 -9999 -9999 3.73092E-1 3.95904E-1 3.96161E-1 4.87909E-1 4.58608E-1 4.62795E-1 5.01046E-1 5.35016E-1 4.11164E-1 2.96478E-1 2.62127E-1 2.19923E-1 1.90678E-1 1.36782E-1 3.40619E-2 1.68206E-1 1.72986E-1 1.76435E-1 1.70048E-1 1.3738E-1 1.19372E-1 1.07783E-1 1.01901E-1 9.78656E-2 1.10896E-1 1.52506E-1 1.86776E-1 2.10669E-1 2.45468E-1
2.03991E-1 3.41016E-1 4.48238E-1 3.84587E-1 5.03671E-1 4.92519E-1 1.37086E-1 3.76172E-1 -9999 -9999 -9999 -9999 -9999 -9999 -9999 -9999 -9999 -9999 -9999 -9999 -9999 -9999 -9999 -9999 -9999 -9999 -9999 -9999 -9999 -9999 -9999 -9999 3.89525E-1 4.15438E-1 4.43656E-1 4.20588E-1 5.51834E-1 5.70044E-1 6.245E-1 6.26106E-1 4.20437E-1 3.33177E-1 2.52132E-1 2.16173E-1 1.69513E-1 1.49758E-1 1.91943E-1 2.01629E-1 1.87615E-1 1.44923E-1 1.18023E-1 1.00252E-1 8.96616E-2 1.02293E-1 1.272E-1 1.60872E-1 2.04131E-1 2.43129E-1 2.57601E-1 2.95551E-1
4.22256E-1 2.04699E-1 3.81765E-1 6.79902E-1 4.90767E-1 4.13809E-1 3.65371E-1 2.74626E-1 -9999 -9999 -9999 -9999 -9999 -9999 -9999 -9999 -9999 -9999 -9999 -9999 -9999 -9999 -9999 -9999 -9999 -9999 -9999 -9999 -9999 -9999 -9999 -9999 3.83987E-1 4.17837E-1 4.66177E-1 5.06539E-1 5.5127E-1 4.23246E-1 5.97223E-1 6.14599E-1 5.50069E-1 4.82093E-1 3.28161E-1 2.80757E-1 2.82707E-1 2.3394E-1 2.19978E-1 2.36299E-1 1.52028E-1 1.52639E-1 1.41756E-1 1.12675E-1 9.45441E-2 1.12598E-1 1.95115E-1 2.13039E-1 2.53074E-1 2.79301E-1 2.99044E-1 3.62243E-1
4.14594E-1 4.89215E-1 5.08052E-1 4.82956E-1 5.83352E-1 2.11273E-1 3.65888E-1 -9999 -9999 -9999 -9999 -9999 -9999 -9999 -9999 -9999 -9999 -9999 -9999 -9999 -9999 -9999 -9999 -9999 -9999 -9999 4.7999E-1 -9999 -9999 -9999 -9999 -9999 3.70506E-1 4.02606E-1 4.54939E-1 4.91021E-1 5.52658E-1 6.39976E-1 6.49032E-1 6.62884E-1 5.92357E-1 5.26838E-1 4.57953E-1 3.958E-1 2.76593E-1 1.7698E-1 9.10142E-2 1.33746E-1 1.52058E-1 1.91506E-1 1.61628E-1 1.23303E-1 1.10641E-1 1.53133E-1 2.49842E-1 2.43774E-1 2.73717E-1 2.9812E-1 3.41706E-1 4.36313E-1
4.22921E-1 3.92348E-1 1.08149E-1 1.92735E-1 4.28271E-1 4.71731E-1 -9999 -9999 -9999 -9999 -9999 -9999 -9999 -9999 -9999 -9999 -9999 -9999 -9999 -9999 -9999 -9999 -9999 -9999 -9999 3.60399E-1 3.69072E-1 -9999 -9999 -9999 -9999 -9999 3.89527E-1 3.79448E-1 4.21595E-1 4.32271E-1 5.2002E-1 6.19772E-1 6.82887E-1 6.15962E-1 6.24219E-1 5.64446E-1 5.02804E-1 3.14662E-1 1.5926E-1 1.93566E-1 6.07354E-2 1.6301E-1 1.82856E-1 2.31742E-1 1.94164E-1 1.34637E-1 1.13142E-1 2.20847E-1 2.56475E-1 2.10116E-1 2.39097E-1 2.95558E-1 4.09499E-1 4.85344E-1
4.58923E-1 3.24259E-1 1.34623E-1 2.68085E-1 3.19096E-1 4.19942E-1 -9999 -9999 -9999 -9999 -9999 -9999 -9999 -9999 -9999 -9999 -9999 -9999 -9999 -9999 -9999 -9999 -9999 -9999 4.18479E-1 4.87954E-1 3.69497E-1 3.47746E-1 4.07914E-1 4.07533E-1 4.62013E-1 -9999 -9999 3.54019E-1 3.40518E-1 3.53784E-1 4.42141E-1 5.24176E-1 6.47959E-1 6.33368E-1 6.05124E-1 5.92288E-1 4.31954E-1 2.44907E-1 9.86928E-2 9.00441E-2 1.9366E-1 8.45923E-2 2.17253E-1 2.55984E-1 2.01855E-1 1.16722E-1 1.22083E-1 1.67089E-1 1.70547E-1 2.35841E-1 2.74789E-1 3.844E-1 4.60748E-1 5.13372E-1
4.82948E-1 4.26675E-1 1.42039E-1 2.29031E-1 2.38558E-1 5.15023E-1 -9999 -9999 -9999 -9999 -9999 -9999 -9999 -9999 -9999 -9999 -9999 -9999 -9999 -9999 -9999 -9999 -9999 -9999 5.03034E-1 5.10953E-1 3.66815E-1 4.7874E-1 4.49862E-1 3.89011E-1 4.68238E-1 4.33748E-1 4.20355E-1 3.92805E-1 3.28151E-1 3.20279E-1 3.6669E-1 3.43177E-1 5.3346E-1 6.21213E-1 6.0366E-1 5.92996E-1 1.86984E-1 8.99665E-2 6.3796E-2 1.21242E-1 2.39E-1 2.33092E-1 2.50073E-1 2.91274E-1 2.25184E-1 1.34329E-1 1.8067E-1 1.61314E-1 1.4158E-1 2.0378E-1 2.61769E-1 3.67376E-1 4.24147E-1 4.90741E-1
5.10174E-1 5.19499E-1 4.71373E-1 3.39044E-1 4.02268E-1 5.34561E-1 -9999 -9999 -9999 -9999 -9999 -9999 -9999 -9999 -9999 -9999 -9999 -9999 -9999 -9999 -9999 -9999 -9999 -9999 -9999 -9999 5.57299E-1 4.19031E-1 4.39052E-1 3.70354E-1 4.77267E-1 4.26802E-1 4.25227E-1 3.95244E-1 3.70455E-1 3.56436E-1 3.8611E-1 3.08491E-1 3.03281E-1 3.34786E-1 3.87042E-1 3.74818E-1 2.43768E-1 9.60105E-2 5.2207E-2 1.8939E-1 2.76286E-1 2.62878E-1 2.82189E-1 1.57019E-1 2.21962E-1 1.98578E-1 1.78421E-1 1.10527E-1 1.20029E-1 1.8702E-1 2.75956E-1 3.23453E-1 3.77374E-1 4.42624E-1
4.68514E-1 5.01479E-1 4.19824E-1 5.12428E-1 5.1676E-1 5.64109E-1 5.22897E-1 5.48326E-1 -9999 -9999 5.0369E-1 -9999 -9999 -9999 -9999 -9999 -9999 -9999 -9999 -9999 -9999 -9999 -9999 -9999 -9999 -9999 -9999 4.02789E-1 4.65557E-1 4.22849E-1 4.95008E-1 4.26885E-1 4.27106E-1 4.16062E-1 4.67121E-1 4.81212E-1 3.3772E-1 1.90898E-1 1.524E-1 2.14945E-1 2.4534E-1 2.48109E-1 2.01684E-1 1.18602E-1 1.33692E-1 2.761E-1 3.02397E-1 2.87123E-1 2.82471E-1 3.07108E-1 9.57472E-2 1.92244E-1 1.72635E-1 9.49554E-2 1.17701E-1 1.72887E-1 2.09989E-1 2.77591E-1 3.28296E-1 3.8973E-1
4.64842E-1 4.79094E-1 5.54923E-1 3.70436E-1 6.02479E-1 4.44309E-1 4.17628E-1 4.55585E-1 5.0672E-1 4.38431E-1 3.10823E-1 -9999 -9999 -9999 -9999 -9999 -9999 -9999 -9999 -9999 -9999 -9999 -9999 -9999 -9999 -9999 -9999 5.03046E-1 3.71631E-1 4.55194E-1 4.6268E-1 4.14783E-1 4.05442E-1 4.12185E-1 4.57217E-1 3.07387E-1 1.24905E-1 1.21697E-1 1.50097E-1 1.91071E-1 1.97483E-1 2.45789E-1 2.91525E-1 3.01861E-1 3.68659E-1 3.46009E-1 3.05565E-1 2.66849E-1 2.32421E-1 1.93141E-1 7.80319E-2 1.17923E-1 1.34938E-1 1.07008E-1 1.18983E-1 1.41287E-1 1.71402E-1 2.31896E-1 2.83132E-1 2.52877E-1
4.1698E-1 3.51754E-1 4.34201E-1 4.50707E-1 3.17886E-1 3.03153E-1 3.01397E-1 3.26321E-1 3.62796E-1 3.67667E-1 3.20204E-1 -9999 -9999 -9999 -9999 -9999 -9999 -9999 -9999 -9999 -9999 -9999 -9999 -9999 -9999 -9999 -9999 4.36677E-1 3.22079E-1 3.88137E-1 4.21611E-1 4.00834E-1 3.83004E-1 4.39597E-1 3.04023E-1 3.88858E-1 9.05522E-2 1.24123E-1 1.87387E-1 2.58988E-1 3.11494E-1 3.15513E-1 3.20958E-1 3.30009E-1 3.59061E-1 3.24527E-1 2.64295E-1 2.25278E-1 1.89732E-1 1.56785E-1 1.0553E-1 4.21797E-2 7.67712E-2 1.07871E-1 1.18058E-1 1.04733E-1 8.89223E-2 1.8393E-1 1.31061E-1 2.04544E-1
4.39963E-1 3.65478E-1 2.74555E-1 2.82933E-1 2.54655E-1 2.43848E-1 2.58995E-1 2.95169E-1 3.29119E-1 2.72556E-1 2.97627E-1 -9999 -9999 -9999 -9999 -9999 -9999 -9999 -9999 -9999 -9999 -9999 -9999 -9999 -9999 -9999 -9999 4.32955E-1 4.02008E-1 3.00728E-1 4.69992E-1 4.59498E-1 4.17645E-1 4.3188E-1 4.36991E-1 1.88753E-1 1.30736E-1 1.91697E-1 2.76948E-1 3.33136E-1 3.54909E-1 3.68924E-1 3.46609E-1 3.13512E-1 3.05736E-1 3.12376E-1 2.78696E-1 1.97927E-1 1.66621E-1 1.37857E-1 1.06818E-1 7.03728E-2 7.2632E-2 9.54228E-2 9.96633E-2 1.67872E-1 1.65493E-1 1.14718E-1 1.67808E-1 3.04839E-1
3.31919E-1 2.90152E-1 2.45008E-1 1.84025E-1 1.70694E-1 2.0541E-1 2.18818E-1 2.70046E-1 2.64235E-1 2.96297E-1 4.48929E-1 2.11365E-1 -9999 -9999 -9999 -9999 -9999 -9999 -9999 -9999 -9999 -9999 -9999 -9999 -9999 -9999 -9999 4.55943E-1 4.15356E-1 4.3251E-1 3.86867E-1 4.97334E-1 4.32099E-1 4.41869E-1 4.45447E-1 3.72703E-1 3.18784E-1 2.54992E-1 2.60133E-1 3.29466E-1 3.5812E-1 2.74588E-1 3.63901E-1 3.38388E-1 3.10546E-1 2.83125E-1 2.80496E-1 2.19927E-1 1.88896E-1 1.55534E-1 6.02128E-2 7.78607E-2 8.52387E-2 1.00188E-1 9.51837E-2 1.19881E-1 2.04368E-1 1.67981E-1 2.49378E-1 3.64806E-1
2.35383E-1 3.48681E-1 2.60929E-1 1.95173E-1 1.71266E-1 1.89513E-1 2.01063E-1 3.1386E-1 3.98109E-1 4.32404E-1 4.34302E-1 4.28523E-1 4.2896E-1 -9999 -9999 -9999 -9999 -9999 -9999 -9999 -9999 -9999 -9999 -9999 -9999 -9999 -9999 4.53892E-1 3.94329E-1 3.89889E-1 4.86933E-1 4.67441E-1 4.47917E-1 4.69353E-1 3.62106E-1 3.79416E-1 3.03492E-1 2.50783E-1 2.42511E-1 3.15829E-1 3.8523E-1 3.0848E-1 3.73762E-1 3.56641E-1 3.1524E-1 2.60181E-1 2.42847E-1 2.03617E-1 1.94401E-1 1.95042E-1 9.88583E-2 9.71689E-2 1.09638E-1 1.21418E-1 1.19915E-1 1.44831E-1 1.21029E-1 2.4483E-1 2.53195E-1 3.53747E-1
3.43914E-1 3.29046E-1 2.32177E-1 1.65351E-1 1.37602E-1 1.69554E-1 1.74729E-1 3.95584E-1 3.1586E-1 4.28068E-1 4.47116E-1 5.04427E-1 4.70678E-1 4.30182E-1 -9999 -9999 -9999 -9999 -9999 -9999 -9999 -9999 -9999 -9999 -9999 -9999 -9999 2.97653E-1 2.80593E-1 3.45157E-1 4.70779E-1 3.46312E-1 4.72167E-1 4.95922E-1 4.88279E-1 4.3893E-1 3.19381E-1 2.62895E-1 2.8619E-1 3.08479E-1 3.62239E-1 4.60245E-1 3.96451E-1 3.70026E-1 3.36322E-1 2.82456E-1 2.53336E-1 1.98967E-1 1.58283E-1 1.39978E-1 1.64624E-1 1.31785E-1 1.35218E-1 1.45882E-1 1.42992E-1 1.65681E-1 1.23593E-1 2.84898E-1 2.88773E-1 3.38623E-1
2.35748E-1 2.42493E-1 1.68417E-1 1.18647E-1 1.26224E-1 -9999 3.36412E-1 3.76641E-1 3.53166E-1 3.85805E-1 5.33729E-1 6.05238E-1 5.66109E-1 4.90604E-1 4.04121E-1 4.24185E-1 -9999 -9999 -9999 -9999 -9999 -9999 -9999 -9999 -9999 -9999 -9999 3.71756E-1 3.82069E-1 3.54938E-1 3.93224E-1 4.32654E-1 4.40266E-1 3.00706E-1 4.53615E-1 5.63406E-1 4.57128E-1 4.2338E-1 3.76236E-1 4.09678E-1 3.0354E-1 4.72554E-1 4.68443E-1 4.86023E-1 4.35746E-1 3.39974E-1 2.90527E-1 2.25399E-1 1.28972E-1 9.67258E-2 1.1667E-1 5.47698E-2 1.70677E-1 1.89755E-1 1.96945E-1 1.35474E-1 3.64056E-1 3.65839E-1 3.51236E-1 3.65159E-1
2.47469E-1 2.10652E-1 1.58883E-1 1.47902E-1 2.43517E-1 3.41543E-1 3.39115E-1 3.76642E-1 3.19405E-1 3.0986E-1 4.34715E-1 5.87653E-1 5.65068E-1 5.37981E-1 4.0568E-1 4.07567E-1 -9999 -9999 -9999 -9999 -9999 -9999 -9999 -9999 -9999 -9999 -9999 -9999 4.37608E-1 -9999 -9999 -9999 -9999 4.74289E-1 4.10661E-1 3.88581E-1 3.96942E-1 3.96098E-1 3.46355E-1 3.80811E-1 3.60472E-1 3.70056E-1 5.1845E-1 6.05416E-1 5.43059E-1 3.74276E-1 3.21231E-1 2.33139E-1 1.62085E-1 1.32155E-1 1.53064E-1 1.44203E-1 1.08123E-1 2.01497E-1 2.07743E-1 2.66277E-1 3.46658E-1 3.83131E-1 3.684E-1 4.03404E-1
2.56927E-1 2.11149E-1 1.58195E-1 1.95416E-1 2.56933E-1 3.84268E-1 4.27517E-1 2.49937E-1 2.86711E-1 4.42505E-1 5.35889E-1 5.2016E-1 5.42901E-1 4.76188E-1 4.80046E-1 4.31122E-1 -9999 -9999 -9999 -9999 -9999 -9999 -9999 -9999 -9999 -9999 -9999 -9999 -9999 -9999 -9999 -9999 -9999 -9999 4.17262E-1 4.27166E-1 4.30497E-1 3.26946E-1 3.07345E-1 3.43495E-1 3.16521E-1 3.98785E-1 3.5305E-1 5.04717E-1 5.58813E-1 4.32894E-1 3.57423E-1 2.18462E-1 1.96605E-1 1.49806E-1 1.70533E-1 1.56512E-1 5.01178E-2 2.0002E-1 1.58552E-1 2.78802E-1 4.01548E-1 3.88988E-1 4.76113E-1 4.4473E-1
2.2323E-1 1.86742E-1 1.50478E-1 2.13198E-1 2.7674E-1 4.26969E-1 4.8251E-1 3.37707E-1 4.97661E-1 4.983E-1 5.21969E-1 4.9218E-1 4.82473E-1 4.3596E-1 4.40995E-1 -9999 -9999 -9999 -9999 -9999 -9999 -9999 -9999 -9999 -9999 -9999 -9999 -9999 -9999 -9999 -9999 -9999 -9999 -9999 4.03043E-1 5.19371E-1 5.04437E-1 3.4467E-1 3.06076E-1 3.6967E-1 3.51296E-1 4.02344E-1 3.07292E-1 4.74429E-1 5.42586E-1 4.5922E-1 3.69308E-1 2.33879E-1 2.01326E-1 2.29435E-1 2.38005E-1 2.28319E-1 1.88315E-1 1.43243E-1 3.01965E-1 2.07162E-1 3.54434E-1 5.45851E-1 5.19307E-1 5.04689E-1
