Phytophthora/models/20240430_1251_44/Phytophthora_PA3_RUN4_MAXENT_outputs/Phytophthora_PA3_RUN4.asc
ncols         225
nrows         269
xllcorner     473000.0
yllcorner     4429100.0
cellsize      50.0
NODATA_value  -9999
[rows 81 to 107 of 269, columns 60 to 119 of 225]
1.55413E-2 8.67292E-3 1.29452E-2 1.14823E-2 2.08544E-3 3.13315E-3 3.19169E-3 9.01973E-3 8.15294E-3 1.75445E-2 1.95234E-2 3.58018E-2 2.51518E-2 3.05082E-2 5.29213E-2 1.07408E-1 1.02491E-1 9.65033E-2 8.38486E-2 7.21669E-2 2.60553E-2 -9999 1.94913E-2 1.88143E-2 1.98591E-2 3.0207E-2 4.50287E-2 6.76277E-2 9.62935E-2 1.2067E-1 1.60496E-1 1.25187E-1 9.76702E-2 1.22344E-1 1.40025E-1 1.86663E-1 2.0656E-1 2.06691E-1 1.89823E-1 1.97693E-1 1.94669E-1 1.91571E-1 1.96217E-1 1.31362E-1 1.09617E-1 1.23653E-1 6.22019E-2 3.34596E-1 2.87265E-1 1.96382E-1 1.72988E-1 3.65673E-2 1.44754E-1 1.43889E-1 1.73772E-1 -9999 -9999 -9999 -9999 -9999
2.00243E-2 1.75202E-2 1.40994E-2 9.42596E-3 1.01622E-2 6.68659E-3 3.72523E-3 8.31802E-3 1.00089E-2 1.45686E-2 2.84006E-2 3.64349E-2 3.88914E-2 2.78003E-2 3.46422E-2 5.2493E-2 5.72392E-2 8.3709E-2 7.82859E-2 6.71593E-2 2.40107E-2 -9999 2.24455E-2 2.18917E-2 2.17201E-2 3.15424E-2 4.47053E-2 6.12821E-2 8.41931E-2 1.18653E-1 1.47322E-1 1.3463E-1 1.1359E-1 1.23039E-1 1.34783E-1 2.17663E-1 2.36984E-1 1.88928E-1 2.13646E-1 1.77052E-1 2.07066E-1 1.59312E-1 1.83284E-1 1.87788E-1 1.80467E-1 2.17937E-1 2.05737E-1 1.40346E-1 1.23012E-1 8.31741E-2 1.48139E-1 2.39597E-2 2.60594E-1 1.13468E-1 1.13434E-1 7.59131E-2 1.29134E-1 -9999 -9999 -9999
1.74195E-2 1.47049E-2 1.65174E-2 1.18633E-2 1.07664E-2 8.76391E-3 8.37765E-3 1.10806E-2 1.2435E-2 1.69642E-2 2.50006E-2 2.86344E-2 3.00512E-2 3.15546E-2 3.38099E-2 4.76199E-2 5.73567E-2 7.47304E-2 8.10941E-2 7.01646E-2 7.41225E-3 2.87569E-2 -9999 2.82872E-2 2.86056E-2 3.25664E-2 4.12195E-2 5.51945E-2 7.76284E-2 1.13586E-1 1.43364E-1 1.82691E-1 1.60619E-1 9.33887E-2 1.55661E-1 1.60427E-1 2.61199E-1 2.14108E-1 2.23637E-1 2.13528E-1 2.39542E-1 2.15431E-1 2.01736E-1 1.77416E-1 1.72906E-1 2.08335E-1 1.33896E-1 8.68831E-2 1.3306E-1 1.26567E-1 1.999E-1 3.6173E-2 1.8051E-1 7.71205E-2 2.11873E-1 1.63435E-1 1.33373E-1 1.11911E-1 -9999 -9999
1.97457E-2 2.16246E-2 2.25629E-2 1.72299E-2 1.17515E-2 9.20583E-3 1.11199E-2 7.38337E-3 8.96012E-3 1.05314E-2 3.12042E-2 3.14039E-2 2.9288E-2 2.78248E-2 3.13498E-2 6.33652E-2 7.46016E-2 7.69234E-2 8.88403E-2 7.96306E-2 2.74154E-2 3.51329E-2 -9999 2.89206E-2 3.35579E-2 4.14105E-2 4.76884E-2 4.8432E-2 6.19523E-2 9.18744E-2 1.324E-1 1.9418E-1 1.65018E-1 1.3122E-1 9.58695E-2 2.79188E-1 2.41673E-1 1.50815E-1 1.66299E-1 1.73351E-1 1.95078E-1 1.64229E-1 1.54009E-1 1.32078E-1 1.35938E-1 1.72962E-1 9.0276E-2 9.55997E-2 1.34765E-1 1.50458E-1 1.95331E-1 1.87898E-1 2.13227E-1 2.04597E-1 1.75683E-1 1.3892E-1 1.35491E-1 1.23015E-1 -9999 -9999
2.39713E-2 2.66221E-2 2.59448E-2 2.22932E-2 1.54517E-2 8.75213E-3 9.73848E-3 1.16544E-2 1.29234E-2 1.79686E-2 1.81417E-2 3.41263E-2 3.2255E-2 3.25623E-2 3.43056E-2 6.12568E-2 7.69702E-2 9.20361E-2 7.7471E-2 1.10207E-1 7.11813E-2 4.0685E-2 3.87602E-2 -9999 3.45336E-2 4.73784E-2 6.42047E-2 6.11272E-2 7.3427E-2 9.69196E-2 1.37183E-1 1.64519E-1 1.6703E-1 1.81798E-1 1.65776E-1 2.97158E-1 2.1241E-1 1.60754E-1 1.41624E-1 1.47441E-1 1.77423E-1 1.53722E-1 1.47956E-1 1.28606E-1 1.62453E-1 1.05351E-1 1.90402E-1 1.16983E-1 1.70354E-1 1.85007E-1 1.8599E-1 1.7749E-1 1.83713E-1 1.79361E-1 1.70387E-1 1.48834E-1 1.56523E-1 1.60841E-1 1.27199E-1 -9999
2.15135E-2 2.7332E-2 2.38219E-2 1.69387E-2 1.72727E-2 1.32041E-2 1.06321E-2 1.27554E-2 1.32931E-2 1.87136E-2 3.5829E-2 2.35894E-2 4.5241E-2 4.34643E-2 4.88212E-2 6.94579E-2 7.87314E-2 9.63913E-2 1.04205E-1 1.07618E-1 2.35061E-2 5.219E-2 4.64179E-2 4.48486E-2 5.00574E-2 7.80829E-2 1.1983E-1 1.27259E-1 1.23585E-1 1.3639E-1 9.20638E-2 1.50087E-1 1.87511E-1 1.90246E-1 2.42477E-1 1.69395E-1 2.5126E-1 2.38308E-1 1.99438E-1 1.87021E-1 1.85003E-1 1.52883E-1 1.43755E-1 1.75591E-1 3.12856E-1 3.1471E-1 2.72826E-1 1.51459E-1 2.07633E-1 1.55071E-1 2.3599E-1 2.07153E-1 1.81994E-1 1.87805E-1 1.96641E-1 2.51419E-1 2.57365E-1 2.46317E-1 2.2513E-1 -9999
2.08143E-2 2.69733E-2 2.86071E-2 1.64082E-2 2.47167E-2 1.73742E-2 1.22453E-2 1.17112E-2 1.19483E-2 1.52922E-2 3.00075E-2 4.4964E-2 3.97099E-2 5.29235E-2 5.57325E-2 7.82815E-2 7.45955E-2 7.82351E-2 9.26959E-2 9.80174E-2 5.8041E-2 3.65066E-2 6.08695E-2 5.4139E-2 6.43076E-2 9.89713E-2 1.58653E-1 1.6252E-1 1.16345E-1 1.28094E-1 1.45635E-1 1.53861E-1 1.87547E-1 1.84647E-1 1.86059E-1 2.67432E-1 2.15496E-1 2.68818E-1 2.34219E-1 2.21312E-1 2.03301E-1 2.35401E-1 1.88006E-1 1.84517E-1 9.87255E-2 2.61316E-1 2.10891E-1 3.99324E-1 3.32525E-1 3.45801E-1 2.46226E-1 3.12032E-1 2.59706E-1 2.71064E-1 2.61552E-1 3.35785E-1 3.50016E-1 3.51078E-1 3.12513E-1 1.99662E-1
2.40348E-2 2.31386E-2 2.96228E-2 2.96791E-2 2.50372E-2 2.24222E-2 1.58478E-2 1.42054E-2 1.25355E-2 1.5222E-2 2.78211E-2 4.06225E-2 3.37458E-2 4.04976E-2 7.47679E-2 1.02603E-1 8.8221E-2 7.6441E-2 6.93861E-2 8.39473E-2 3.2221E-2 6.83958E-2 5.78461E-2 7.60877E-2 8.74118E-2 1.39755E-1 1.65499E-1 1.40271E-1 1.37913E-1 1.38271E-1 1.20391E-1 1.4629E-1 2.20655E-1 2.01541E-1 1.27969E-1 2.9391E-1 3.01759E-1 1.8456E-1 2.36721E-1 2.20576E-1 2.18844E-1 2.60038E-1 2.56943E-1 1.91805E-1 8.33226E-2 2.09199E-1 1.92235E-1 1.84568E-1 2.02192E-1 3.229E-1 3.17515E-1 2.10238E-1 1.85341E-1 2.35178E-1 2.23476E-1 2.69366E-1 3.8404E-1 3.96087E-1 2.78158E-1 1.73051E-1
2.6228E-2 2.38167E-2 3.38372E-2 3.64957E-2 2.17307E-2 2.94219E-2 2.27883E-2 2.06126E-2 1.62708E-2 1.65095E-2 3.15709E-2 3.55963E-2 3.78618E-2 5.2215E-2 7.11514E-2 7.41819E-2 9.51559E-2 7.77448E-2 6.04213E-2 6.01323E-2 7.78656E-2 3.44376E-2 9.44015E-2 7.83378E-2 7.65371E-2 1.7021E-1 1.36677E-1 1.43324E-1 1.15411E-1 8.89131E-2 1.08937E-1 1.72237E-1 2.66075E-1 -9999 1.28013E-1 3.41885E-1 2.66936E-1 1.95842E-1 1.7083E-1 2.38679E-1 2.795E-1 3.11559E-1 3.36826E-1 3.41784E-1 2.85103E-1 2.59577E-1 2.57416E-1 2.03918E-1 2.09197E-1 3.60937E-1 2.99748E-1 1.91741E-1 2.10879E-1 2.58471E-1 2.63732E-1 3.71891E-1 3.8062E-1 3.6358E-1 2.47039E-1 1.68877E-1
2.23768E-2 2.57614E-2 3.72321E-2 4.32178E-2 3.42352E-2 3.76672E-2 3.45705E-2 2.91342E-2 2.32775E-2 2.41983E-2 3.00182E-2 3.65505E-2 3.23272E-2 4.50723E-2 6.24061E-2 1.19434E-1 9.41779E-2 1.06497E-1 8.33675E-2 6.03789E-2 7.6797E-2 3.4107E-2 1.01284E-1 9.32162E-2 1.34985E-1 1.98265E-1 1.32769E-1 1.123E-1 1.18024E-1 1.29473E-1 1.20451E-1 -9999 -9999 -9999 -9999 2.70694E-1 2.17772E-1 1.77661E-1 2.14483E-1 2.81166E-1 2.53626E-1 3.58392E-1 3.61729E-1 3.97611E-1 4.26847E-1 1.86823E-1 2.27624E-1 2.1862E-1 2.4744E-1 3.93898E-1 2.47954E-1 2.06917E-1 1.50492E-1 2.3515E-1 2.32532E-1 3.05558E-1 3.18167E-1 2.70417E-1 1.99714E-1 1.94659E-1
2.28164E-2 3.04707E-2 4.31709E-2 4.14922E-2 4.88118E-2 6.31071E-2 3.84977E-2 3.92155E-2 2.88938E-2 3.53758E-2 3.46696E-2 3.97487E-2 3.73708E-2 4.5502E-2 6.32714E-2 1.36873E-1 1.14671E-1 1.1955E-1 1.27695E-1 7.68317E-2 7.36472E-2 3.93331E-2 1.07948E-1 1.91324E-1 2.10064E-1 1.20616E-1 1.05279E-1 9.19681E-2 1.07003E-1 -9999 -9999 -9999 -9999 -9999 -9999 1.89607E-1 1.65701E-1 1.55564E-1 1.80689E-1 2.10008E-1 2.66932E-1 2.90588E-1 3.6567E-1 4.43422E-1 3.10727E-1 3.95972E-1 2.74648E-1 2.74347E-1 1.89112E-1 4.03302E-1 2.61461E-1 2.08668E-1 1.10191E-1 1.98576E-1 3.01508E-1 3.39969E-1 3.34977E-1 2.15742E-1 2.45033E-1 2.67119E-1
2.62515E-2 4.02534E-2 4.92461E-2 4.03837E-2 4.27609E-2 2.75844E-2 4.71205E-2 3.3105E-2 3.70084E-2 4.13222E-2 5.18679E-2 7.10419E-2 6.79859E-2 8.34477E-2 9.50973E-2 1.60217E-1 1.00221E-1 1.86676E-1 1.76128E-1 1.25714E-1 1.00031E-1 1.56048E-1 1.90823E-1 1.05361E-1 1.42159E-1 1.12035E-1 1.11637E-1 9.59092E-2 -9999 -9999 -9999 -9999 -9999 -9999 -9999 1.84064E-1 1.51715E-1 1.44784E-1 1.583E-1 1.80729E-1 2.39495E-1 2.94519E-1 3.70863E-1 1.81048E-1 6.33522E-2 5.05684E-2 1.774E-1 2.8237E-1 3.9765E-1 3.83221E-1 1.44281E-1 1.4013E-1 1.57557E-1 1.66753E-1 2.39892E-1 3.87847E-1 2.51473E-1 2.10851E-1 2.55146E-1 3.00439E-1
2.58448E-2 4.29668E-2 2.90301E-2 2.56305E-2 2.91207E-2 2.75371E-2 4.02803E-2 5.78634E-2 4.6745E-2 4.21023E-2 5.3344E-2 9.00716E-2 1.10032E-1 1.03297E-1 8.03417E-2 1.22172E-1 1.991E-1 1.85457E-1 1.74612E-1 1.52221E-1 1.34151E-1 1.82576E-1 1.31294E-1 1.26225E-1 1.10456E-1 1.33099E-1 1.27814E-1 1.05235E-1 -9999 -9999 -9999 -9999 -9999 -9999 -9999 -9999 1.84288E-1 1.82824E-1 1.76888E-1 1.91691E-1 2.46892E-1 -9999 -9999 3.41509E-1 2.5802E-1 9.43824E-2 1.50645E-1 2.2744E-1 3.85684E-1 3.1761E-1 1.96052E-1 1.53098E-1 1.4274E-1 9.06616E-2 3.4337E-1 2.94736E-1 2.95088E-1 2.46888E-1 3.05679E-1 3.20243E-1
1.98799E-2 3.46372E-2 4.31108E-2 3.56236E-2 3.70015E-2 2.43519E-2 2.29914E-2 6.57214E-2 3.87673E-2 5.87129E-2 6.40135E-2 8.69822E-2 8.45055E-2 1.31422E-1 1.39633E-1 1.34581E-1 1.90622E-1 1.81885E-1 1.5879E-1 1.3712E-1 8.47366E-2 1.49779E-1 1.91497E-1 1.36686E-1 1.24892E-1 7.34805E-2 1.24969E-1 1.04166E-1 -9999 -9999 -9999 -9999 -9999 -9999 -9999 -9999 2.244E-1 2.25573E-1 2.22646E-1 -9999 -9999 -9999 -9999 1.7859E-1 1.93579E-1 7.6135E-2 1.41646E-1 1.71286E-1 2.48775E-1 2.7177E-1 1.97735E-1 1.45874E-1 1.25593E-1 7.57696E-2 3.34523E-1 2.95856E-1 3.22978E-1 2.72092E-1 2.83702E-1 2.32455E-1
1.64812E-2 1.54542E-2 3.24408E-2 3.53323E-2 3.11366E-2 2.37524E-2 3.31995E-2 6.77107E-2 6.99247E-2 6.04331E-2 6.00268E-2 3.29406E-2 6.4171E-2 1.02925E-1 1.20152E-1 1.48532E-1 1.10243E-1 1.06179E-1 1.57444E-1 1.29868E-1 6.62078E-2 8.69531E-2 1.31078E-1 1.02957E-1 9.82406E-2 5.08163E-2 1.38968E-1 5.14145E-2 1.36E-1 -9999 -9999 -9999 -9999 -9999 -9999 3.12503E-1 -9999 -9999 -9999 -9999 -9999 -9999 -9999 1.93691E-1 1.39074E-1 1.0554E-1 1.43363E-1 1.759E-1 7.36975E-2 1.43933E-1 1.2964E-1 1.62971E-1 1.4928E-1 1.51768E-1 2.62966E-1 4.1856E-1 2.94723E-1 3.41276E-1 2.55922E-1 3.68895E-1
1.88932E-2 2.69275E-2 2.30287E-2 4.24816E-2 3.00302E-2 2.83507E-2 3.66414E-2 4.29306E-2 5.56684E-2 1.04012E-1 1.20963E-1 1.34563E-1 4.29193E-2 7.94857E-2 7.38824E-2 7.71187E-2 8.53687E-2 9.39615E-2 1.06291E-1 4.67585E-2 3.59677E-2 6.24662E-2 7.00046E-2 7.56342E-2 8.47155E-2 1.81203E-1 4.53793E-2 8.13693E-2 1.15846E-1 -9999 -9999 -9999 -9999 -9999 -9999 -9999 -9999 -9999 -9999 -9999 -9999 -9999 -9999 2.73568E-1 2.83914E-1 2.42171E-1 2.19699E-1 2.3605E-1 1.44143E-1 1.98308E-1 3.55566E-1 3.11414E-1 3.24222E-1 4.56935E-1 4.04646E-1 5.0034E-1 4.63735E-1 4.58181E-1 4.32746E-1 3.82755E-1
1.31013E-2 1.51667E-2 1.1805E-2 1.79725E-2 1.83859E-2 2.30745E-2 2.60063E-2 3.15177E-2 3.68972E-2 4.79496E-2 9.231E-2 1.20801E-1 1.48781E-1 9.02299E-2 7.24417E-2 5.46606E-2 6.36082E-2 6.12814E-2 5.10679E-2 5.69566E-2 4.97257E-2 4.18863E-2 4.89883E-2 6.11215E-2 7.34453E-2 1.48454E-1 5.04545E-2 1.23022E-1 9.85752E-2 -9999 -9999 -9999 -9999 -9999 -9999 -9999 -9999 -9999 -9999 -9999 -9999 -9999 -9999 1.93976E-1 3.04337E-1 2.76264E-1 2.67982E-1 2.53175E-1 2.86577E-1 3.28063E-1 3.91339E-1 3.78285E-1 2.05809E-1 6.05915E-1 5.95793E-1 4.32222E-1 3.62121E-1 2.80367E-1 2.30646E-1 3.419E-1
1.41158E-2 1.34485E-2 1.09654E-2 5.12876E-3 1.32956E-2 1.70286E-2 1.94843E-2 2.34324E-2 2.84134E-2 3.89109E-2 5.73046E-2 1.02903E-1 1.53049E-1 1.06952E-1 1.3364E-1 7.30981E-2 5.73868E-2 8.50124E-2 7.82941E-2 5.87296E-2 5.66622E-2 6.77738E-2 7.62354E-2 9.67281E-2 1.07384E-1 1.11598E-1 9.53745E-2 1.0608E-1 1.60667E-1 1.2303E-1 -9999 -9999 -9999 -9999 -9999 -9999 -9999 -9999 -9999 -9999 -9999 -9999 -9999 2.68077E-1 2.25102E-1 2.77291E-1 3.32559E-1 3.50725E-1 3.55169E-1 2.56154E-1 4.41251E-1 5.95857E-1 5.70851E-1 5.83363E-1 5.60224E-1 3.28101E-1 3.03488E-1 2.25049E-1 2.73409E-1 3.15375E-1
1.97858E-2 1.87021E-2 1.7763E-2 1.61955E-2 1.3826E-2 1.46922E-2 1.54142E-2 1.80656E-2 2.08167E-2 3.09401E-2 4.93248E-2 6.56722E-2 1.45749E-1 1.62484E-1 1.41985E-1 1.08225E-1 9.95231E-2 2.60932E-2 2.19277E-2 3.90542E-2 4.33604E-2 5.2108E-2 6.46342E-2 8.72386E-2 1.05742E-1 1.42029E-1 3.85176E-2 4.5135E-2 2.44015E-1 8.65689E-2 1.2944E-1 -9999 -9999 -9999 -9999 -9999 -9999 -9999 -9999 -9999 -9999 -9999 -9999 2.42566E-1 2.72971E-1 2.99301E-1 2.6973E-1 2.58078E-1 2.70866E-1 2.34963E-1 3.13929E-1 3.18078E-1 5.04085E-1 3.21765E-1 4.41355E-1 3.24091E-1 3.30611E-1 2.74106E-1 3.67977E-1 3.13661E-1
2.6077E-2 2.33479E-2 2.15459E-2 2.18714E-2 1.27549E-2 2.21775E-2 1.6678E-2 1.88482E-2 2.11168E-2 3.12383E-2 4.87353E-2 6.80551E-2 5.82025E-2 1.20149E-1 1.39065E-1 1.23906E-1 4.00899E-2 6.18998E-2 3.59273E-2 3.6139E-2 4.4198E-2 5.6925E-2 7.0224E-2 1.11205E-1 1.34101E-1 1.3865E-1 1.74415E-1 1.34937E-1 2.06011E-1 9.34085E-2 1.74932E-1 -9999 -9999 -9999 -9999 -9999 -9999 -9999 -9999 -9999 -9999 -9999 2.93187E-1 1.32306E-1 2.79751E-1 2.73904E-1 2.8253E-1 3.26721E-1 3.16502E-1 1.98994E-1 2.03027E-1 2.39669E-1 2.99546E-1 3.05168E-1 3.22822E-1 2.77982E-1 3.36589E-1 2.3351E-1 3.82043E-1 2.83329E-1
3.84546E-2 3.60677E-2 3.10572E-2 3.09288E-2 3.52476E-2 1.57952E-2 3.48564E-2 2.54863E-2 2.68232E-2 3.81162E-2 5.29601E-2 8.05486E-2 6.49704E-2 1.08914E-1 1.04397E-1 5.44314E-2 1.98999E-2 2.39854E-2 3.48187E-2 4.55498E-2 7.01407E-2 6.07412E-2 9.29146E-2 1.2683E-1 1.37064E-1 8.28326E-2 7.83235E-2 4.80001E-2 5.61317E-2 6.28088E-2 1.44485E-1 1.01251E-1 -9999 -9999 -9999 -9999 -9999 -9999 -9999 -9999 -9999 1.67396E-1 2.22265E-1 2.41016E-1 3.34838E-1 2.81455E-1 3.20972E-1 4.31731E-1 2.59687E-1 3.0224E-1 8.82897E-2 1.9968E-1 3.16366E-1 2.91749E-1 3.00939E-1 3.05117E-1 3.26523E-1 3.16584E-1 4.24425E-1 3.31972E-1
5.05846E-2 5.01466E-2 4.81558E-2 3.9454E-2 3.71184E-2 6.33602E-2 3.4003E-2 3.28488E-2 3.42046E-2 4.82556E-2 6.17955E-2 8.45908E-2 1.00728E-1 9.149E-2 1.407E-1 3.92492E-2 7.73446E-3 8.74044E-3 3.51643E-2 5.21893E-2 7.55667E-2 1.14402E-1 1.59861E-1 1.91106E-1 1.5664E-1 9.50912E-2 9.27128E-2 5.29344E-2 6.39045E-2 5.84229E-2 1.50186E-1 1.07254E-1 -9999 -9999 -9999 -9999 -9999 -9999 -9999 -9999 7.43161E-2 1.5694E-1 1.60544E-1 2.25905E-1 1.27523E-1 1.39121E-1 1.08696E-1 3.19807E-1 1.1502E-1 2.68065E-1 2.30844E-1 2.36089E-1 3.69278E-1 3.32715E-1 3.56435E-1 3.21537E-1 2.27286E-1 2.51437E-1 3.46945E-1 4.17675E-1
6.07643E-2 4.78694E-2 5.32357E-2 5.83785E-2 5.91553E-2 6.9827E-2 4.12453E-2 5.83913E-2 4.56533E-2 5.60712E-2 6.82048E-2 5.72239E-2 5.55078E-2 5.97982E-2 3.29999E-2 4.41588E-2 8.90831E-3 1.64842E-2 5.36299E-2 6.30947E-2 1.55964E-1 1.89019E-1 1.69354E-1 1.11161E-1 1.0695E-1 8.17616E-2 8.5138E-2 6.97338E-2 5.66687E-2 8.13137E-2 3.4184E-2 7.02345E-2 1.53406E-1 -9999 -9999 -9999 -9999 -9999 -9999 1.3841E-1 6.13526E-2 1.32072E-1 1.2279E-1 1.58153E-1 1.37171E-1 1.21613E-1 5.81064E-2 2.16924E-1 2.63785E-1 8.7253E-2 1.50328E-1 3.99339E-1 2.34278E-1 4.35206E-1 3.51546E-1 2.90454E-1 3.20833E-1 4.31503E-1 5.27344E-1 3.6511E-1
5.31383E-2 6.30073E-2 4.00082E-2 4.16301E-2 5.54803E-2 6.90042E-2 9.10756E-2 9.73672E-2 5.42154E-2 3.86782E-2 7.01057E-2 7.74819E-2 8.12759E-2 5.46435E-2 3.15041E-2 3.32218E-2 4.26915E-2 5.67216E-2 6.92752E-2 1.0694E-1 2.33116E-1 2.08812E-1 1.20521E-1 1.05435E-1 1.17445E-1 8.36483E-2 8.84989E-2 7.15526E-2 4.83814E-2 7.52616E-2 3.92569E-2 9.39699E-2 9.85499E-2 -9999 -9999 -9999 -9999 -9999 -9999 1.10585E-1 2.75189E-1 2.62921E-1 2.47611E-1 2.32638E-1 2.1024E-1 2.43037E-1 2.14225E-1 1.40639E-1 3.19179E-1 1.73845E-1 2.66967E-1 2.38758E-1 2.51659E-1 2.01875E-1 3.41488E-1 4.15875E-1 3.57351E-1 4.11943E-1 5.064E-1 3.39797E-1
5.09647E-2 7.687E-2 7.43569E-2 5.11105E-2 4.55688E-2 6.3242E-2 7.89578E-2 2.10998E-2 8.51217E-2 8.06949E-2 6.73464E-2 6.20917E-2 7.17516E-2 6.8023E-2 3.55296E-2 4.72981E-2 7.8563E-2 7.42755E-2 2.64889E-2 1.70909E-1 2.50325E-1 2.24325E-1 1.74434E-1 1.06087E-1 1.068E-1 6.44903E-2 5.57257E-2 4.36156E-2 3.17692E-2 1.07135E-2 6.33842E-2 7.6286E-2 9.08377E-2 7.2515E-2 -9999 -9999 -9999 7.09057E-2 8.87635E-2 2.0609E-1 2.05253E-1 2.16548E-1 2.69777E-1 2.04106E-1 3.70664E-1 1.96948E-1 4.75301E-1 2.5871E-1 3.12938E-1 3.16351E-1 3.01075E-1 3.19063E-1 3.22159E-1 1.88904E-1 4.87224E-1 2.70288E-1 2.78935E-1 4.1058E-1 5.44286E-1 4.10711E-1
4.73111E-2 7.5678E-2 1.05117E-1 6.8204E-2 5.19399E-2 6.50562E-2 4.45639E-2 5.23666E-2 1.09195E-1 5.60517E-2 3.61864E-2 3.86638E-2 4.23619E-2 3.94252E-2 3.31793E-2 5.78488E-2 5.45712E-2 1.11633E-1 1.42152E-1 9.04378E-2 2.48543E-1 2.06331E-1 1.05634E-1 7.23862E-2 6.46308E-2 6.32555E-2 6.02363E-2 4.79819E-2 4.87703E-2 8.5732E-2 1.2801E-1 3.85663E-2 2.73275E-2 3.42427E-2 1.41961E-2 5.0761E-2 9.36034E-2 1.95232E-1 1.76487E-1 3.09544E-1 3.43663E-1 3.36671E-1 3.32213E-1 4.73254E-1 1.67955E-1 4.79114E-1 1.9234E-1 2.39797E-1 3.22596E-1 2.53456E-1 2.92748E-1 3.25024E-1 3.68547E-1 2.94523E-1 3.93092E-1 3.42448E-1 4.15229E-1 4.6431E-1 4.31415E-1 3.80149E-1
4.30703E-2 6.25592E-2 1.09096E-1 1.0835E-1 8.59676E-2 6.81913E-2 8.53983E-2 5.26343E-2 9.79736E-2 4.78228E-2 3.07941E-2 4.01882E-2 3.5003E-2 3.39357E-2 3.57362E-2 5.48854E-2 6.83647E-2 8.29188E-2 1.11647E-1 1.32749E-1 2.21515E-1 1.1331E-1 7.88307E-2 6.32444E-2 6.12449E-2 6.46681E-2 4.69452E-2 7.68073E-2 7.8604E-2 4.2399E-2 1.10166E-1 4.21911E-2 3.03758E-2 4.95495E-2 2.21812E-2 8.79713E-2 1.96683E-1 2.56422E-1 3.07439E-1 3.83059E-1 3.03163E-1 4.05278E-1 3.54329E-1 4.30365E-1 1.85648E-1 1.05047E-1 1.65667E-1 1.79605E-1 3.43979E-1 1.59708E-1 2.21386E-1 1.97922E-1 2.74225E-1 3.96126E-1 1.56353E-1 2.3239E-1 3.99852E-1 5.6872E-1 4.47215E-1 2.43534E-1
