Phytophthora/models/20240430_1251_44/Phytophthora_PA3_RUN4_MAXENT_outputs/Phytophthora_PA3_RUN4.asc
ncols         225
nrows         269
xllcorner     473000.0
yllcorner     4429100.0
cellsize      50.0
NODATA_value  -9999
[rows 27 to 53 of 269, columns 0 to 59 of 225]
-9999 -9999 -9999 -9999 -9999 -9999 -9999 -9999 -9999 -9999 -9999 -9999 -9999 -9999 -9999 -9999 -9999 -9999 -9999 -9999 -9999 -9999 -9999 -9999 -9999 -9999 -9999 -9999 -9999 -9999 -9999 -9999 -9999 -9999 -9999 -9999 -9999 -9999 3.59416E-3 3.96924E-3 6.9551E-3 3.67075E-3 1.25687E-2 1.30086E-2 1.68115E-2 1.59513E-2 2.30568E-2 2.13809E-2 2.03451E-2 2.02528E-2 1.10867E-2 1.36123E-2 8.29585E-3 4.9544E-3 6.02723E-3 4.45152E-3 3.55636E-3 2.84127E-3 2.34855E-3 1.91525E-3
-9999 -9999 -9999 -9999 -9999 -9999 -9999 -9999 -9999 -9999 -9999 -9999 -9999 -9999 -9999 -9999 -9999 -9999 -9999 -9999 -9999 -9999 -9999 -9999 -9999 -9999 -9999 -9999 -9999 -9999 -9999 -9999 -9999 -9999 -9999 -9999 -9999 -9999 8.67179E-3 5.54322E-3 8.01785E-3 8.77806E-3 1.23504E-2 1.66442E-2 1.91455E-2 2.2329E-2 1.35038E-2 2.40077E-2 1.7463E-2 1.2089E-2 1.06984E-2 7.4368E-3 4.61643E-3 2.6797E-3 2.44499E-3 2.30273E-3 2.29025E-3 2.11168E-3 2.2208E-3 1.97064E-3
-9999 -9999 -9999 -9999 -9999 -9999 -9999 -9999 -9999 -9999 -9999 -9999 -9999 -9999 -9999 -9999 -9999 -9999 -9999 -9999 -9999 -9999 -9999 -9999 -9999 -9999 -9999 -9999 -9999 -9999 -9999 -9999 -9999 -9999 -9999 -9999 -9999 -9999 6.34048E-3 5.86753E-3 9.44014E-3 1.08767E-2 1.82418E-2 1.79431E-2 1.9153E-2 1.56175E-2 2.12359E-2 1.17041E-2 9.21515E-3 5.02287E-3 8.5986E-3 5.99389E-3 3.95115E-3 2.80918E-3 2.58139E-3 2.52895E-3 5.71211E-3 4.05307E-3 3.49168E-3 4.41328E-3
-9999 -9999 -9999 -9999 -9999 -9999 -9999 -9999 -9999 -9999 -9999 -9999 -9999 -9999 -9999 -9999 -9999 -9999 -9999 -9999 -9999 -9999 -9999 -9999 -9999 -9999 -9999 -9999 -9999 -9999 -9999 -9999 -9999 -9999 -9999 -9999 5.4756E-3 3.81232E-3 4.08823E-3 4.11711E-3 5.25453E-3 1.79953E-2 1.49655E-2 2.33318E-2 2.5502E-2 2.16602E-2 1.05089E-2 1.12821E-2 8.20229E-3 6.01062E-3 4.63906E-3 3.24932E-3 2.39161E-3 2.3029E-3 2.78935E-3 2.83521E-3 1.07011E-3 4.2098E-3 4.47527E-3 3.69337E-3
-9999 -9999 -9999 -9999 -9999 -9999 -9999 -9999 -9999 -9999 -9999 -9999 -9999 -9999 -9999 -9999 -9999 -9999 -9999 -9999 -9999 -9999 -9999 -9999 -9999 -9999 -9999 -9999 -9999 -9999 -9999 -9999 -9999 -9999 -9999 4.73789E-3 5.45077E-3 6.87318E-3 1.19363E-2 1.01737E-2 4.89584E-3 1.34154E-2 1.80509E-2 1.66229E-2 1.43706E-2 1.85688E-2 1.09295E-2 9.8492E-3 7.24122E-3 6.41771E-3 4.67057E-3 3.37651E-3 2.68024E-3 3.83362E-3 4.97577E-3 6.29145E-3 3.39346E-3 5.69057E-3 4.62199E-3 5.60097E-3
-9999 -9999 -9999 -9999 -9999 -9999 -9999 -9999 -9999 -9999 -9999 -9999 -9999 -9999 -9999 -9999 -9999 -9999 -9999 -9999 -9999 -9999 -9999 -9999 -9999 -9999 -9999 -9999 -9999 -9999 -9999 -9999 -9999 -9999 6.4725E-3 6.58289E-3 8.36712E-3 1.31367E-2 1.06557E-2 1.54511E-2 2.02119E-2 2.08481E-2 1.80266E-2 1.11106E-2 7.73971E-3 1.19302E-2 1.06511E-2 5.69579E-3 8.239E-3 6.10261E-3 5.65024E-3 3.75442E-3 4.38052E-3 4.38119E-3 5.24887E-3 5.77852E-3 4.83981E-3 6.3076E-3 6.18263E-3 8.22702E-3
-9999 -9999 -9999 -9999 -9999 -9999 -9999 -9999 -9999 -9999 -9999 -9999 -9999 -9999 -9999 -9999 -9999 -9999 -9999 -9999 -9999 -9999 -9999 -9999 -9999 -9999 -9999 -9999 -9999 -9999 -9999 -9999 6.21138E-3 5.90198E-3 4.66621E-3 6.19526E-3 1.16339E-2 1.56799E-2 9.3906E-3 2.50649E-2 1.55881E-2 1.10745E-2 5.68611E-3 4.79135E-3 3.95434E-3 6.10028E-3 5.6391E-3 5.30801E-3 5.69998E-3 3.8294E-3 7.05455E-3 6.73468E-3 4.94599E-3 4.26198E-3 4.72307E-3 5.84498E-3 6.9612E-3 6.68819E-3 7.09312E-3 4.34003E-3
-9999 -9999 -9999 -9999 -9999 -9999 -9999 -9999 -9999 -9999 -9999 -9999 -9999 -9999 -9999 -9999 -9999 -9999 -9999 -9999 -9999 -9999 -9999 -9999 -9999 -9999 -9999 -9999 -9999 -9999 -9999 7.34104E-3 6.60828E-3 5.57262E-3 6.51206E-3 1.04422E-2 1.17747E-2 1.40022E-2 1.87249E-2 2.72355E-2 1.55843E-2 6.73212E-3 5.82372E-3 5.14382E-3 4.57259E-3 5.12396E-3 4.96596E-3 5.01704E-3 5.9028E-3 7.57011E-3 8.57274E-3 6.43557E-3 4.99056E-3 4.46245E-3 5.85632E-3 5.90961E-3 7.30907E-3 4.16733E-3 6.60328E-3 6.16195E-3
-9999 -9999 -9999 -9999 -9999 -9999 -9999 -9999 -9999 -9999 -9999 -9999 -9999 -9999 -9999 -9999 -9999 -9999 -9999 -9999 -9999 -9999 -9999 -9999 -9999 -9999 -9999 -9999 -9999 -9999 1.10577E-2 9.45467E-3 7.00508E-3 7.81793E-3 1.00086E-2 1.18269E-2 1.31018E-2 9.09934E-3 1.39347E-2 9.72451E-3 6.45747E-3 5.91175E-3 4.94137E-3 4.99029E-3 5.01159E-3 5.85231E-3 4.35235E-3 5.00631E-3 9.59171E-3 1.07945E-2 6.40551E-3 7.33905E-3 5.29058E-3 5.70291E-3 7.8062E-3 8.74378E-3 7.53356E-3 6.65286E-3 5.24053E-3 7.84381E-3
-9999 -9999 -9999 -9999 -9999 -9999 -9999 -9999 -9999 -9999 -9999 -9999 -9999 -9999 -9999 -9999 -9999 -9999 -9999 -9999 -9999 -9999 -9999 -9999 -9999 -9999 -9999 -9999 -9999 -9999 2.2371E-2 1.19591E-2 1.09756E-2 1.62609E-2 1.3501E-2 1.08454E-2 6.43184E-3 1.60164E-2 6.21188E-3 1.02212E-2 9.20206E-3 9.30225E-3 7.75734E-3 7.67248E-3 8.03685E-3 7.73442E-3 6.31902E-3 5.59167E-3 6.82463E-3 8.61097E-3 5.56336E-3 7.28118E-3 5.36682E-3 5.51828E-3 7.05145E-3 5.26633E-3 6.55403E-3 5.35115E-3 5.2002E-3 2.63031E-3
-9999 -9999 -9999 -9999 -9999 -9999 -9999 -9999 -9999 -9999 -9999 -9999 -9999 -9999 -9999 -9999 -9999 -9999 -9999 -9999 -9999 -9999 -9999 -9999 -9999 -9999 -9999 -9999 -9999 4.00513E-3 2.17666E-2 1.48847E-2 1.49727E-2 8.89343E-3 7.48156E-3 1.16247E-2 1.02583E-2 1.9557E-2 1.43544E-2 8.26022E-3 8.89522E-3 5.76302E-3 8.41899E-3 9.74137E-3 1.03604E-2 9.16928E-3 6.66489E-3 6.13121E-3 7.24431E-3 9.93933E-3 5.80042E-3 8.85888E-3 6.65006E-3 7.9968E-3 7.21731E-3 6.99866E-3 6.00639E-3 3.98341E-3 4.50719E-3 5.22383E-3
-9999 -9999 -9999 -9999 -9999 -9999 -9999 -9999 -9999 -9999 -9999 -9999 -9999 -9999 -9999 -9999 -9999 -9999 -9999 -9999 -9999 -9999 -9999 -9999 -9999 -9999 -9999 -9999 -9999 -9999 1.45996E-2 1.67017E-2 7.14452E-3 1.08476E-2 1.36403E-2 7.04478E-3 2.27669E-2 1.37347E-2 1.05223E-2 1.12435E-2 7.03096E-3 9.51626E-3 7.87274E-3 1.00525E-2 1.08075E-2 9.63891E-3 8.57818E-3 8.02755E-3 7.87603E-3 1.05389E-2 1.22995E-2 9.05743E-3 8.27868E-3 8.40654E-3 8.42449E-3 8.21918E-3 5.94905E-3 2.99075E-3 3.80699E-3 4.77599E-3
-9999 -9999 -9999 -9999 -9999 -9999 -9999 -9999 -9999 -9999 -9999 -9999 -9999 -9999 -9999 -9999 -9999 -9999 -9999 -9999 -9999 -9999 -9999 -9999 -9999 -9999 -9999 -9999 -9999 -9999 1.91103E-2 1.37504E-2 1.08272E-2 8.94567E-3 5.01078E-3 1.71779E-2 1.20223E-2 7.52433E-3 1.20688E-2 1.1916E-2 8.73213E-3 8.19978E-3 8.06486E-3 1.15177E-2 1.00918E-2 8.75228E-3 1.00797E-2 1.06869E-2 9.86496E-3 1.24085E-2 1.5796E-2 1.09016E-2 1.03598E-2 7.1809E-3 1.12641E-2 1.07992E-2 5.1096E-3 3.3595E-3 3.64851E-3 4.22298E-3
-9999 -9999 -9999 -9999 -9999 -9999 -9999 -9999 -9999 -9999 -9999 -9999 -9999 -9999 -9999 -9999 -9999 -9999 -9999 -9999 -9999 -9999 -9999 -9999 -9999 -9999 -9999 -9999 -9999 -9999 1.75038E-2 3.02291E-2 3.07884E-2 2.01243E-2 1.11E-2 1.11508E-2 1.53914E-2 1.69079E-2 1.4502E-2 7.28601E-3 1.01773E-2 8.08866E-3 8.50574E-3 1.05093E-2 1.01388E-2 1.15175E-2 1.19757E-2 7.66123E-3 1.0245E-2 1.21125E-2 1.08386E-2 1.24565E-2 8.46389E-3 1.24313E-2 1.17409E-2 9.6933E-3 4.04567E-3 2.84243E-3 3.24966E-3 3.56179E-3
-9999 -9999 -9999 -9999 -9999 -9999 -9999 -9999 -9999 -9999 -9999 -9999 -9999 -9999 -9999 -9999 -9999 -9999 -9999 -9999 -9999 -9999 -9999 -9999 -9999 -9999 -9999 -9999 -9999 -9999 2.30374E-2 1.69148E-2 1.61372E-2 1.32103E-2 9.34013E-3 1.00294E-2 1.24274E-2 1.42996E-2 1.48783E-2 1.21373E-2 8.9734E-3 7.98692E-3 8.21285E-3 9.29673E-3 8.98652E-3 8.8193E-3 1.05009E-2 1.36405E-2 1.14062E-2 1.26065E-2 1.5385E-2 1.04954E-2 8.10021E-3 1.25058E-2 1.10039E-2 9.6738E-3 5.10194E-3 3.4632E-3 3.92016E-3 2.9942E-3
-9999 -9999 -9999 -9999 -9999 -9999 -9999 -9999 -9999 -9999 -9999 -9999 -9999 -9999 -9999 -9999 -9999 -9999 -9999 -9999 -9999 -9999 -9999 -9999 -9999 -9999 -9999 -9999 -9999 1.45939E-2 1.37167E-2 1.16562E-2 9.46158E-3 7.78005E-3 8.36209E-3 7.75356E-3 7.39029E-3 8.13335E-3 1.04905E-2 9.03536E-3 9.60706E-3 9.64018E-3 9.29307E-3 8.64025E-3 8.33014E-3 7.99872E-3 1.07647E-2 1.27895E-2 1.54475E-2 1.21369E-2 1.547E-2 1.73828E-2 9.41834E-3 1.56943E-2 1.22891E-2 7.97292E-3 5.76768E-3 4.97995E-3 4.09618E-3 2.6901E-3
-9999 -9999 -9999 -9999 -9999 -9999 -9999 -9999 -9999 -9999 -9999 -9999 -9999 -9999 -9999 -9999 -9999 -9999 -9999 -9999 -9999 -9999 -9999 -9999 -9999 -9999 1.09195E-2 5.00027E-3 9.41891E-3 1.24425E-2 1.53953E-2 1.84955E-2 1.61667E-2 1.51615E-2 1.47125E-2 1.28904E-2 1.17378E-2 1.03721E-2 1.21304E-2 1.36839E-2 1.19738E-2 1.19683E-2 1.22108E-2 1.1993E-2 1.08121E-2 1.01906E-2 1.40694E-2 1.42568E-2 1.1863E-2 1.32918E-2 1.43554E-2 1.55662E-2 1.71785E-2 1.06751E-2 1.43459E-2 9.35761E-3 9.86442E-3 7.63331E-3 4.70707E-3 3.46813E-3
-9999 -9999 -9999 -9999 -9999 -9999 -9999 -9999 -9999 -9999 -9999 -9999 -9999 -9999 -9999 -9999 -9999 -9999 -9999 -9999 -9999 -9999 -9999 -9999 -9999 1.23364E-2 6.79556E-3 7.67083E-3 7.31932E-3 8.18215E-3 8.1778E-3 1.22043E-2 1.64456E-2 2.78961E-2 2.21298E-2 1.69331E-2 1.50638E-2 1.40951E-2 1.43095E-2 1.50995E-2 7.98753E-3 1.03518E-2 9.01172E-3 8.731E-3 7.77171E-3 7.78741E-3 1.09932E-2 9.8003E-3 8.49176E-3 1.64311E-2 1.77166E-2 1.3942E-2 1.50596E-2 1.55256E-2 1.1963E-2 9.32928E-3 8.47236E-3 8.71905E-3 5.80069E-3 4.8999E-3
-9999 -9999 -9999 -9999 -9999 -9999 -9999 -9999 -9999 -9999 -9999 -9999 -9999 -9999 -9999 -9999 -9999 -9999 -9999 -9999 -9999 -9999 -9999 -9999 1.7725E-3 7.92538E-3 1.10935E-2 9.20935E-3 8.43536E-3 8.88958E-3 1.01889E-2 1.13142E-2 1.60742E-2 2.5075E-2 2.77824E-2 2.18982E-2 1.7437E-2 1.82115E-2 2.00169E-2 2.14317E-2 1.2048E-2 1.20955E-2 1.70107E-2 1.6373E-2 1.16291E-2 5.71798E-3 9.34931E-3 1.90394E-2 1.64178E-2 1.00606E-2 2.00414E-2 1.51822E-2 1.33522E-2 1.37211E-2 1.4149E-2 1.56202E-2 1.14611E-2 5.00257E-3 6.13137E-3 4.52493E-3
-9999 -9999 -9999 -9999 -9999 -9999 -9999 -9999 -9999 -9999 -9999 -9999 -9999 -9999 -9999 -9999 -9999 -9999 -9999 -9999 -9999 -9999 -9999 -9999 1.71327E-3 1.58167E-2 1.33968E-2 9.57419E-3 8.62339E-3 1.05328E-2 1.34365E-2 1.68976E-2 1.3812E-2 1.45753E-2 2.13569E-2 2.30876E-2 2.17699E-2 2.44394E-2 1.9711E-2 1.78224E-2 2.11818E-2 1.7931E-2 2.11046E-2 1.78709E-2 1.45596E-2 1.20102E-2 1.60388E-2 1.72854E-2 2.19344E-2 2.23995E-2 2.0457E-2 1.56274E-2 1.18962E-2 1.22295E-2 1.27425E-2 1.30563E-2 1.47217E-2 1.5852E-2 6.77368E-3 8.29946E-3
-9999 -9999 -9999 -9999 -9999 -9999 -9999 -9999 -9999 -9999 -9999 -9999 -9999 -9999 -9999 -9999 -9999 -9999 -9999 -9999 -9999 -9999 -9999 -9999 3.33716E-3 2.63103E-2 9.24891E-3 1.3205E-2 1.54501E-2 2.09793E-2 1.40385E-2 2.39245E-2 2.44938E-2 2.23317E-2 2.348E-2 2.35686E-2 3.0214E-2 1.84398E-2 3.19514E-2 2.88369E-2 2.21321E-2 2.20552E-2 2.03765E-2 1.68222E-2 1.41536E-2 1.26255E-2 1.48751E-2 1.89946E-2 1.68742E-2 2.39862E-2 1.92324E-2 1.50485E-2 1.09826E-2 9.67691E-3 8.34081E-3 1.04034E-2 1.10268E-2 9.67881E-3 4.83394E-3 4.88516E-3
-9999 -9999 -9999 -9999 -9999 -9999 -9999 -9999 -9999 -9999 -9999 -9999 -9999 -9999 -9999 -9999 -9999 -9999 -9999 -9999 -9999 -9999 -9999 4.98165E-3 1.57437E-2 1.54006E-2 1.45968E-2 1.94811E-2 2.55484E-2 3.45226E-2 2.60405E-2 2.39123E-2 2.2795E-2 2.10646E-2 2.25333E-2 2.78491E-2 3.18802E-2 3.38172E-2 2.73406E-2 2.71418E-2 2.03497E-2 2.53392E-2 1.83178E-2 1.52431E-2 1.3558E-2 1.39464E-2 1.86109E-2 1.92353E-2 1.6879E-2 2.51881E-2 1.98268E-2 1.46615E-2 1.1142E-2 1.05092E-2 8.61544E-3 8.33191E-3 7.29474E-3 7.66888E-3 4.34587E-3 5.25921E-3
-9999 -9999 -9999 -9999 -9999 -9999 -9999 -9999 -9999 -9999 -9999 -9999 -9999 -9999 -9999 -9999 -9999 -9999 -9999 -9999 -9999 -9999 -9999 4.26056E-3 7.81001E-3 1.07865E-2 1.25306E-2 1.94048E-2 2.20226E-2 2.36693E-2 2.13697E-2 1.80439E-2 1.93788E-2 1.88129E-2 2.14965E-2 2.37011E-2 2.61285E-2 2.78336E-2 2.35802E-2 2.40178E-2 2.10598E-2 3.14484E-2 2.54736E-2 2.24631E-2 2.36312E-2 2.03686E-2 2.14297E-2 1.22583E-2 8.58837E-3 2.03102E-2 1.59584E-2 1.00782E-2 1.1179E-2 8.46515E-3 6.69893E-3 7.24303E-3 5.60468E-3 5.77091E-3 4.64013E-3 3.40718E-3
-9999 -9999 -9999 -9999 -9999 -9999 -9999 -9999 -9999 -9999 -9999 -9999 -9999 -9999 -9999 -9999 -9999 -9999 -9999 -9999 -9999 -9999 -9999 3.19524E-3 5.17552E-3 7.5513E-3 1.09392E-2 1.8492E-2 1.99022E-2 2.22736E-2 1.8623E-2 1.64264E-2 1.72652E-2 1.71848E-2 1.90225E-2 1.83874E-2 2.02109E-2 2.10371E-2 1.8248E-2 2.31426E-2 2.59324E-2 3.76307E-2 3.28356E-2 4.18459E-2 3.37719E-2 2.37457E-2 2.15587E-2 1.76583E-2 7.00678E-3 7.62028E-3 6.54257E-3 5.97267E-3 8.64309E-3 8.61604E-3 4.90758E-3 6.98689E-3 6.14828E-3 5.48091E-3 4.41102E-3 3.668E-3
-9999 -9999 -9999 -9999 -9999 -9999 -9999 -9999 -9999 -9999 -9999 -9999 -9999 -9999 -9999 -9999 -9999 -9999 -9999 -9999 -9999 -9999 3.04833E-3 8.52094E-3 8.58832E-3 1.62923E-2 2.08138E-2 2.25498E-2 2.28571E-2 1.96477E-2 2.13758E-2 1.80768E-2 1.96052E-2 1.90087E-2 1.79243E-2 1.73722E-2 1.80656E-2 2.15058E-2 2.43757E-2 3.6311E-2 4.4218E-2 5.8004E-2 6.53817E-2 6.53463E-2 5.06995E-2 2.51254E-2 2.3992E-2 1.49861E-2 1.25586E-2 1.1528E-2 1.13852E-2 1.1111E-2 1.17518E-2 1.17462E-2 6.85719E-3 1.19267E-2 8.12913E-3 5.52054E-3 3.70915E-3 3.55666E-3
-9999 -9999 -9999 -9999 -9999 -9999 -9999 -9999 -9999 -9999 -9999 -9999 -9999 -9999 -9999 -9999 -9999 -9999 -9999 -9999 -9999 -9999 2.63435E-3 4.23463E-3 8.02098E-3 1.74022E-2 1.97484E-2 1.89457E-2 1.96187E-2 1.89507E-2 1.75935E-2 1.66296E-2 2.01974E-2 1.54201E-2 1.42424E-2 1.3891E-2 1.8874E-2 2.61092E-2 2.68327E-2 4.03972E-2 5.09595E-2 5.54282E-2 5.10086E-2 5.00406E-2 4.22425E-2 3.25904E-2 3.04084E-2 2.91056E-2 1.85108E-2 1.3949E-2 2.26068E-2 1.92443E-2 1.78149E-2 9.8044E-3 1.74098E-2 1.50129E-2 1.33485E-2 8.86868E-3 4.56775E-3 4.04806E-3
-9999 -9999 -9999 -9999 -9999 -9999 -9999 -9999 -9999 -9999 -9999 -9999 -9999 -9999 -9999 -9999 -9999 -9999 -9999 -9999 -9999 -9999 2.80747E-3 3.69031E-3 6.73112E-3 1.19226E-2 1.15919E-2 1.00418E-2 1.286E-2 1.31153E-2 1.35223E-2 1.34526E-2 1.63215E-2 1.21018E-2 1.46197E-2 1.86355E-2 2.59629E-2 2.80379E-2 2.44377E-2 3.64043E-2 4.04925E-2 5.5344E-2 2.84545E-2 3.02762E-2 3.55095E-2 3.09268E-2 2.86172E-2 2.09719E-2 2.82989E-2 1.93918E-2 2.29323E-2 2.57674E-2 1.97509E-2 2.55692E-2 2.23967E-2 2.28641E-2 8.73617E-3 7.61179E-3 5.98657E-3 5.3549E-3
