Phytophthora/models/20240430_1155_37/Phytophthora_PA3_RUN10_MAXENT_outputs/Phytophthora_PA3_RUN10.asc
ncols         225
nrows         269
xllcorner     473000.0
yllcorner     4429100.0
cellsize      50.0
NODATA_value  -9999
[rows 216 to 242 of 269, columns 60 to 119 of 225]
3.82562E-1 3.04793E-1 2.7422E-1 1.73745E-1 2.21384E-1 2.47326E-1 2.06669E-1 2.28236E-1 3.2118E-1 2.72792E-1 2.35426E-1 2.77285E-1 3.09754E-1 3.36097E-1 2.35292E-1 2.78708E-1 4.22725E-1 3.16909E-1 4.37782E-1 4.04449E-1 5.61508E-1 5.82539E-1 6.59521E-1 7.19143E-1 7.64183E-1 8.08695E-1 7.73592E-1 6.65221E-1 7.43761E-1 6.53605E-1 7.54511E-1 6.01703E-1 4.36051E-1 3.4923E-1 5.03948E-1 2.81197E-1 2.98977E-1 3.52389E-1 3.89753E-1 4.77537E-1 4.46439E-1 4.42347E-1 4.11142E-1 4.26128E-1 3.91595E-1 3.95964E-1 4.59451E-1 6.12394E-1 7.25862E-1 5.80656E-1 5.34069E-1 6.19799E-1 5.70366E-1 5.13335E-1 4.94351E-1 5.02141E-1 5.42584E-1 5.57922E-1 5.17121E-1 4.71068E-1
2.10069E-1 1.4763E-1 1.4142E-1 1.66826E-1 3.01461E-1 3.08432E-1 1.6721E-1 2.64922E-1 3.10135E-1 2.33063E-1 2.49526E-1 3.36109E-1 2.53631E-1 2.79027E-1 2.60885E-1 3.11607E-1 4.30584E-1 3.1012E-1 4.80601E-1 5.20572E-1 5.94604E-1 6.67283E-1 6.76125E-1 7.39053E-1 7.87233E-1 6.28633E-1 7.4452E-1 6.72239E-1 6.20589E-1 7.85756E-1 6.80657E-1 6.06857E-1 5.11247E-1 4.30065E-1 4.09415E-1 2.41913E-1 2.39453E-1 3.21341E-1 4.54973E-1 5.98497E-1 6.17833E-1 5.27298E-1 4.23563E-1 4.90556E-1 4.52113E-1 4.49109E-1 5.22328E-1 5.61148E-1 3.22585E-1 6.62959E-1 6.05863E-1 5.75845E-1 5.34836E-1 5.01197E-1 4.68686E-1 4.67876E-1 5.37103E-1 6.00557E-1 5.21432E-1 5.20633E-1
1.68694E-1 1.85643E-1 1.9363E-1 1.98728E-1 2.89771E-1 1.37043E-1 1.68662E-1 2.54298E-1 3.29308E-1 3.34716E-1 3.47774E-1 3.53685E-1 1.64685E-1 1.12001E-1 1.27573E-1 1.81759E-1 2.46749E-1 1.27841E-1 3.34179E-1 3.90965E-1 5.89545E-1 6.26534E-1 6.67674E-1 7.32145E-1 7.70074E-1 8.00744E-1 6.88542E-1 6.44044E-1 8.31081E-1 7.4505E-1 7.26418E-1 6.57939E-1 5.99901E-1 5.38568E-1 4.05537E-1 2.33702E-1 2.47025E-1 2.87451E-1 3.42485E-1 5.03926E-1 5.79248E-1 6.53555E-1 5.76944E-1 2.88516E-1 5.62191E-1 5.91052E-1 6.38098E-1 5.84699E-1 3.619E-1 4.1273E-1 5.66593E-1 6.20456E-1 6.1735E-1 6.10585E-1 5.55652E-1 5.03133E-1 5.66878E-1 4.77188E-1 5.44275E-1 5.0889E-1
1.63293E-1 1.70065E-1 1.62672E-1 2.03694E-1 2.08044E-1 1.62176E-1 1.51055E-1 1.97717E-1 3.61745E-1 3.92909E-1 3.95361E-1 2.40684E-1 1.94622E-1 2.06232E-1 2.25052E-1 2.72573E-1 3.23235E-1 4.43463E-1 4.55611E-1 3.68532E-1 2.72137E-1 5.88645E-1 6.55277E-1 6.91382E-1 7.2206E-1 7.6564E-1 7.78351E-1 8.32801E-1 7.38255E-1 5.74579E-1 7.9486E-1 7.18003E-1 7.33068E-1 6.02467E-1 4.75913E-1 2.35096E-1 2.2926E-1 2.86216E-1 3.02077E-1 4.14817E-1 4.77567E-1 6.45443E-1 5.13273E-1 5.19095E-1 4.95148E-1 3.60307E-1 6.83121E-1 6.48355E-1 6.09545E-1 2.26563E-1 4.53927E-1 6.07129E-1 6.56464E-1 6.45109E-1 6.02381E-1 5.35424E-1 5.89687E-1 3.7128E-1 5.0332E-1 4.16849E-1
1.92176E-1 2.3139E-1 2.20424E-1 2.35865E-1 2.56691E-1 1.28629E-1 1.72316E-1 2.74576E-1 3.89059E-1 4.28132E-1 4.46368E-1 3.45771E-1 2.72387E-1 2.75309E-1 3.28049E-1 4.15429E-1 4.7304E-1 8.38428E-2 2.42106E-1 2.45283E-1 2.51535E-1 3.54151E-1 6.06849E-1 6.36583E-1 6.90122E-1 7.63274E-1 6.79818E-1 7.7978E-1 6.54792E-1 7.35413E-1 8.03963E-1 7.74719E-1 7.35316E-1 6.36494E-1 5.07377E-1 2.53291E-1 2.43556E-1 3.22655E-1 3.82721E-1 4.26713E-1 4.66336E-1 5.98733E-1 4.11131E-1 4.47575E-1 5.4451E-1 5.70629E-1 5.36719E-1 5.07722E-1 5.43804E-1 2.39978E-1 6.1809E-1 6.30959E-1 5.24577E-1 3.31036E-1 4.80087E-1 5.68486E-1 4.74295E-1 5.63079E-1 5.38961E-1 2.65716E-1
1.40826E-1 1.5464E-1 1.50318E-1 1.52516E-1 1.43063E-1 2.04909E-1 2.5513E-1 3.65419E-1 4.28003E-1 4.87902E-1 5.29609E-1 4.72356E-1 3.76982E-1 3.6898E-1 4.15707E-1 3.67299E-1 3.60995E-1 2.65725E-1 2.58738E-1 2.71523E-1 2.63644E-1 3.42424E-1 5.55359E-1 6.42177E-1 3.68903E-1 7.01874E-1 6.19359E-1 6.7304E-1 7.12685E-1 5.39814E-1 8.02801E-1 7.4238E-1 6.9039E-1 5.45452E-1 4.19986E-1 3.37869E-1 3.17536E-1 4.10697E-1 4.50587E-1 5.10435E-1 4.09423E-1 5.80866E-1 4.34314E-1 4.19369E-1 5.28107E-1 6.61799E-1 6.03757E-1 4.44251E-1 3.60029E-1 4.81092E-1 6.7742E-1 6.20132E-1 6.19849E-1 6.29023E-1 6.37599E-1 3.25326E-1 3.14013E-1 5.8025E-1 4.65652E-1 3.66506E-1
1.10076E-1 1.46314E-1 1.3322E-1 7.48612E-2 9.71498E-2 4.06349E-2 1.85069E-1 1.97014E-1 3.40407E-1 5.28618E-1 5.84577E-1 6.02179E-1 4.77255E-1 5.0809E-1 5.17254E-1 4.51967E-1 4.17041E-1 4.44149E-1 4.07749E-1 3.60504E-1 3.19294E-1 3.23285E-1 3.21724E-1 5.32358E-2 3.88016E-1 4.05733E-1 3.48388E-1 4.57714E-1 4.03612E-1 7.37076E-1 6.0275E-1 5.74457E-1 4.24595E-1 2.95066E-1 3.3568E-1 4.21265E-1 3.96302E-1 4.43005E-1 3.36379E-1 2.75432E-1 4.1704E-1 3.1808E-1 5.56315E-1 2.55524E-1 4.24639E-1 5.51467E-1 5.05946E-1 3.44187E-1 3.00441E-1 4.70169E-1 4.02932E-1 4.09921E-1 6.13953E-1 5.64175E-1 5.94108E-1 5.9102E-1 5.94756E-1 5.4883E-1 4.76847E-1 4.42929E-1
3.23375E-2 1.25898E-1 8.38408E-2 7.5932E-2 1.02466E-1 1.70423E-1 9.8745E-2 5.13766E-2 1.18573E-1 1.9893E-1 2.76054E-1 3.11351E-1 5.91272E-1 6.18632E-1 3.86837E-1 5.74061E-1 6.08979E-1 6.37578E-1 6.35089E-1 5.49405E-1 4.56333E-1 2.80469E-1 2.8176E-1 3.24569E-1 2.67959E-1 3.31661E-1 4.10241E-1 2.81018E-1 3.21235E-1 3.61583E-1 6.69866E-1 4.11509E-1 3.54936E-1 3.25221E-1 2.82692E-1 2.3149E-1 2.66303E-1 3.10941E-1 3.20703E-1 2.86102E-1 3.01706E-1 4.82389E-1 2.1907E-1 3.16125E-1 3.00428E-1 1.73521E-1 2.82655E-1 9.3903E-2 6.11018E-1 2.83485E-1 6.50486E-1 6.36088E-1 6.41137E-1 5.93651E-1 6.24513E-1 6.02284E-1 5.93442E-1 5.66605E-1 5.37078E-1 4.26273E-1
5.47956E-2 9.5772E-2 5.40578E-2 6.89114E-2 9.56542E-2 2.07888E-1 2.73396E-1 4.38092E-1 2.99029E-1 2.53089E-1 3.41889E-1 3.99843E-1 6.64119E-1 5.31387E-1 3.53021E-1 4.69985E-1 7.0627E-1 6.8644E-1 4.18584E-1 6.58141E-1 5.92011E-1 4.58517E-1 4.3139E-1 3.66912E-1 2.5225E-1 3.48606E-1 3.52839E-1 3.59637E-1 3.66786E-1 4.0024E-1 4.17356E-1 3.94106E-1 3.68064E-1 3.39605E-1 2.65572E-1 1.63287E-1 1.04912E-1 1.24026E-1 1.54167E-1 2.01425E-1 2.71561E-1 2.42971E-1 2.21907E-1 2.03301E-1 1.4151E-1 1.33734E-1 2.17648E-1 3.71854E-1 4.14187E-1 2.71711E-1 4.15883E-1 2.15431E-1 6.12445E-1 6.23228E-1 6.33332E-1 5.00366E-1 5.02322E-1 4.26117E-1 5.84137E-1 5.5101E-1
6.63391E-2 5.25401E-2 5.56204E-2 6.34174E-2 9.24447E-2 1.80144E-1 2.23629E-1 3.88287E-1 2.79159E-1 2.07946E-1 3.27226E-1 4.42331E-1 5.43159E-1 5.41816E-1 4.78732E-1 5.01704E-1 5.02463E-1 7.51561E-1 7.28527E-1 4.51155E-1 6.60201E-1 5.75803E-1 5.47092E-1 4.50229E-1 2.75818E-1 3.61277E-1 3.8456E-1 3.9658E-1 3.5335E-1 3.79692E-1 4.7427E-1 4.73774E-1 4.07764E-1 4.84073E-1 2.77023E-1 1.41311E-1 8.67094E-2 1.07883E-1 1.50812E-1 2.05601E-1 2.49324E-1 2.58558E-1 1.77917E-1 2.0189E-1 1.48103E-1 1.7908E-1 1.79632E-1 2.07763E-1 2.46719E-1 3.06986E-1 3.43847E-1 4.37171E-1 5.7918E-1 3.84945E-1 4.8276E-1 5.98267E-1 6.12704E-1 6.41953E-1 5.57763E-1 4.13629E-1
6.24016E-2 5.26889E-2 4.55121E-2 4.25791E-2 5.65933E-2 1.13636E-1 1.35156E-1 1.56063E-1 2.33461E-1 2.95654E-1 4.44995E-1 5.64322E-1 6.91367E-1 2.81373E-1 4.10069E-1 6.0553E-1 6.87799E-1 6.88328E-1 7.85419E-1 7.65473E-1 5.20868E-1 6.15823E-1 5.75276E-1 4.85418E-1 3.07231E-1 3.15513E-1 4.05502E-1 2.85551E-1 2.70087E-1 3.38558E-1 5.36545E-1 5.24121E-1 4.48991E-1 5.25038E-1 2.96963E-1 2.41728E-1 2.02328E-1 2.04451E-1 2.2096E-1 2.21843E-1 1.47748E-1 1.95787E-1 3.08672E-1 2.22971E-1 1.69536E-1 1.95911E-1 2.17657E-1 2.98971E-1 3.79904E-1 4.58575E-1 5.02396E-1 7.27863E-1 3.4998E-1 7.72522E-1 6.22687E-1 6.11206E-1 5.00562E-1 4.92461E-1 5.3919E-1 5.34676E-1
6.45179E-2 9.49963E-2 6.0461E-2 3.4978E-2 6.05467E-2 1.3532E-1 1.98474E-1 2.24583E-1 3.78555E-1 4.49203E-1 6.57131E-1 7.32656E-1 7.79331E-1 5.26658E-1 5.92046E-1 6.84418E-1 5.99741E-1 6.48636E-1 8.10125E-1 5.94955E-1 2.95118E-1 6.37059E-1 5.46397E-1 2.60428E-1 3.53726E-1 3.78006E-1 3.56883E-1 2.21068E-1 2.41443E-1 3.79763E-1 5.07289E-1 5.30814E-1 5.16258E-1 3.79409E-1 3.09729E-1 2.50907E-1 2.18192E-1 2.22782E-1 2.48499E-1 2.60981E-1 1.89628E-1 2.17123E-1 3.57695E-1 2.29274E-1 2.02034E-1 2.04758E-1 2.94846E-1 4.43935E-1 5.5377E-1 6.37146E-1 6.63018E-1 4.01399E-1 5.01981E-1 6.51378E-1 6.14495E-1 4.08331E-1 2.57957E-1 2.17153E-1 2.01821E-1 5.6223E-1
6.38507E-2 7.82079E-2 6.33639E-2 6.6904E-2 9.29177E-2 1.884E-1 2.59461E-1 4.21551E-1 4.79803E-1 5.85053E-1 6.78996E-1 7.5667E-1 8.01095E-1 7.32572E-1 5.93026E-1 6.37978E-1 6.99056E-1 7.92267E-1 5.5121E-1 5.8339E-1 6.94334E-1 6.47751E-1 5.14368E-1 2.55475E-1 4.79584E-1 4.32161E-1 4.00839E-1 3.0412E-1 2.09541E-1 3.85186E-1 2.99134E-1 4.75408E-1 4.16876E-1 3.18047E-1 2.70363E-1 2.29413E-1 2.48132E-1 2.53057E-1 2.45286E-1 2.28867E-1 1.58155E-1 1.41437E-1 2.23287E-1 2.94356E-1 2.20108E-1 2.14856E-1 3.26322E-1 5.13037E-1 6.04936E-1 6.53045E-1 7.09172E-1 7.52908E-1 4.89828E-1 4.53624E-1 4.13486E-1 2.93371E-1 2.65665E-1 2.32838E-1 1.89309E-1 2.82041E-1
5.95832E-2 9.81628E-2 1.17224E-1 1.05036E-1 1.39432E-1 2.33394E-1 2.39301E-1 2.97926E-1 3.96492E-1 5.73461E-1 7.05942E-1 7.45742E-1 7.99728E-1 7.3752E-1 7.60959E-1 6.85407E-1 5.88233E-1 7.20193E-1 7.53328E-1 4.6343E-1 5.77315E-1 5.13326E-1 5.36675E-1 5.27433E-1 5.05492E-1 4.67766E-1 1.77945E-1 2.30773E-1 3.37758E-1 3.14285E-1 4.60785E-1 3.72376E-1 3.57343E-1 3.21725E-1 2.63371E-1 2.27364E-1 3.32558E-1 3.27987E-1 2.74764E-1 2.57677E-1 1.69248E-1 1.44609E-1 2.27928E-1 3.01357E-1 2.3851E-1 2.10104E-1 3.03099E-1 4.67351E-1 6.07517E-1 6.88962E-1 6.99468E-1 5.96952E-1 6.22044E-1 6.01091E-1 5.44609E-1 4.27651E-1 3.28908E-1 2.94469E-1 2.73132E-1 2.80348E-1
8.0329E-2 1.17585E-1 2.18583E-1 2.09202E-1 1.97909E-1 4.7725E-1 3.12299E-1 2.91981E-1 3.72507E-1 5.37933E-1 7.33732E-1 7.72083E-1 6.35526E-1 7.73503E-1 7.76782E-1 7.43394E-1 4.43996E-1 5.89166E-1 6.81851E-1 6.50375E-1 6.23888E-1 3.4037E-1 5.36167E-1 5.23938E-1 5.16739E-1 4.75634E-1 4.73172E-1 1.78889E-1 4.597E-1 4.43969E-1 4.65666E-1 4.36907E-1 4.04355E-1 3.81686E-1 2.83616E-1 2.69934E-1 3.69604E-1 3.49984E-1 3.05872E-1 3.65717E-1 2.7583E-1 1.74062E-1 1.93923E-1 2.36448E-1 2.63461E-1 2.25873E-1 2.65078E-1 3.82603E-1 5.10754E-1 6.4323E-1 6.06976E-1 5.81739E-1 5.44303E-1 6.35093E-1 6.10867E-1 4.41168E-1 3.80507E-1 3.47508E-1 3.05189E-1 2.7156E-1
2.72177E-1 3.96376E-1 5.1128E-1 5.56775E-1 4.52873E-1 6.53132E-1 6.67955E-1 6.08819E-1 5.7716E-1 6.62575E-1 7.73483E-1 8.00337E-1 8.03442E-1 7.87919E-1 7.68641E-1 7.26807E-1 4.95068E-1 6.1026E-1 6.50748E-1 6.08293E-1 5.49626E-1 3.06108E-1 5.46487E-1 4.61968E-1 5.51628E-1 5.69572E-1 5.39592E-1 5.03304E-1 4.47951E-1 5.1558E-1 5.35592E-1 5.07966E-1 4.56653E-1 4.23912E-1 2.78542E-1 2.54059E-1 4.05621E-1 3.87961E-1 2.25513E-1 4.32591E-1 4.50837E-1 2.89379E-1 3.2416E-1 3.2152E-1 5.19939E-1 3.82312E-1 3.32322E-1 3.61837E-1 4.66376E-1 5.98769E-1 6.595E-1 6.7768E-1 5.12723E-1 6.4226E-1 5.70178E-1 4.20906E-1 3.26223E-1 2.75597E-1 2.95893E-1 1.95421E-1
4.40949E-1 5.07122E-1 5.58354E-1 6.19723E-1 6.49029E-1 6.5761E-1 7.20541E-1 7.37065E-1 7.22798E-1 7.06312E-1 7.58521E-1 7.29687E-1 7.86648E-1 7.60443E-1 7.33109E-1 7.26345E-1 6.26807E-1 7.12716E-1 7.05356E-1 6.13348E-1 3.82129E-1 5.73027E-1 6.25612E-1 4.11507E-1 4.49157E-1 6.2179E-1 6.04874E-1 6.04199E-1 2.74196E-1 5.25582E-1 5.73895E-1 5.24008E-1 3.09564E-1 2.94502E-1 3.10684E-1 3.58875E-1 4.04655E-1 4.33784E-1 4.1986E-1 4.78499E-1 4.792E-1 2.5204E-1 2.58965E-1 5.19537E-1 6.02226E-1 4.40224E-1 3.12846E-1 3.6984E-1 3.70445E-1 5.45383E-1 2.88139E-1 7.0911E-1 3.62528E-1 6.76812E-1 5.66445E-1 3.80765E-1 3.04184E-1 2.75147E-1 2.76552E-1 2.06478E-1
2.90876E-1 4.82639E-1 5.92538E-1 6.41972E-1 7.07867E-1 7.5223E-1 7.60341E-1 7.73447E-1 7.93958E-1 5.90933E-1 6.36427E-1 6.82026E-1 7.42853E-1 7.20081E-1 7.48912E-1 7.71511E-1 7.49276E-1 7.77189E-1 7.46629E-1 4.81837E-1 3.33098E-1 3.79422E-1 2.39069E-1 4.49198E-1 4.68237E-1 4.93018E-1 6.2967E-1 6.05771E-1 6.01124E-1 5.83087E-1 5.35104E-1 4.59725E-1 3.84201E-1 3.16254E-1 2.89198E-1 4.97798E-1 4.61241E-1 4.48013E-1 4.67658E-1 4.98935E-1 3.66751E-1 3.09661E-1 3.14497E-1 4.9033E-1 6.62571E-1 5.31093E-1 4.40938E-1 3.80481E-1 3.9153E-1 4.76103E-1 4.22936E-1 3.69738E-1 5.66596E-1 6.03404E-1 5.02708E-1 3.26897E-1 3.27239E-1 3.28534E-1 3.3249E-1 2.82592E-1
3.58023E-1 4.56288E-1 6.08445E-1 6.79066E-1 7.4308E-1 8.05874E-1 7.6795E-1 7.05557E-1 6.50615E-1 7.53463E-1 7.49322E-1 7.47027E-1 7.72379E-1 7.65523E-1 7.88112E-1 7.14008E-1 7.64673E-1 7.89724E-1 7.76823E-1 5.84584E-1 3.93998E-1 4.01762E-1 2.65233E-1 5.32383E-1 5.06282E-1 4.15904E-1 3.94743E-1 6.16303E-1 6.18253E-1 5.48482E-1 6.24217E-1 5.72973E-1 4.52283E-1 3.95169E-1 3.83331E-1 5.34607E-1 5.14345E-1 4.75279E-1 4.86317E-1 5.15949E-1 3.9055E-1 3.78713E-1 3.6818E-1 6.38149E-1 7.11054E-1 6.11727E-1 5.17883E-1 4.63688E-1 4.81014E-1 5.69228E-1 5.25979E-1 4.06001E-1 2.77115E-1 4.33553E-1 4.15471E-1 2.87535E-1 3.18574E-1 3.2664E-1 3.04605E-1 2.62544E-1
3.15893E-1 4.08476E-1 4.68841E-1 6.23636E-1 7.43322E-1 7.09675E-1 8.00659E-1 7.92332E-1 7.94639E-1 5.26167E-1 6.18136E-1 7.28601E-1 4.22236E-1 6.76149E-1 6.49187E-1 5.81542E-1 6.72674E-1 7.99535E-1 7.00963E-1 5.13685E-1 4.29531E-1 4.52394E-1 5.77446E-1 6.96447E-1 5.65606E-1 4.83653E-1 4.49574E-1 4.24765E-1 5.90652E-1 3.73435E-1 6.87092E-1 5.74677E-1 4.99976E-1 4.2098E-1 3.90376E-1 4.65055E-1 5.45601E-1 5.12472E-1 5.01127E-1 5.16309E-1 4.1735E-1 3.9381E-1 3.8423E-1 5.83417E-1 7.33975E-1 6.18293E-1 5.82983E-1 5.36989E-1 5.45E-1 6.1851E-1 6.00161E-1 4.57868E-1 4.28434E-1 4.21232E-1 3.26037E-1 2.69505E-1 3.06004E-1 3.52175E-1 3.19014E-1 2.71315E-1
3.47639E-1 5.52881E-1 5.93652E-1 6.62308E-1 7.25068E-1 7.98919E-1 7.98169E-1 6.38693E-1 5.21227E-1 3.91679E-1 4.6908E-1 6.54532E-1 6.78713E-1 7.19588E-1 3.32803E-1 5.87245E-1 5.17186E-1 7.08071E-1 7.22497E-1 6.3098E-1 5.04852E-1 4.89453E-1 4.75845E-1 6.91986E-1 7.4779E-1 5.79498E-1 4.98049E-1 4.48103E-1 4.55044E-1 4.96486E-1 5.85327E-1 6.28786E-1 5.95035E-1 4.45927E-1 4.44091E-1 4.81047E-1 5.44056E-1 5.16967E-1 4.9203E-1 5.059E-1 4.45079E-1 4.35826E-1 4.50999E-1 6.52844E-1 6.94501E-1 7.30083E-1 7.17269E-1 6.2456E-1 5.7246E-1 5.89123E-1 5.25589E-1 4.52897E-1 5.24353E-1 4.69387E-1 4.08132E-1 3.05553E-1 2.39857E-1 2.50574E-1 2.79385E-1 3.2213E-1
4.01616E-1 5.23336E-1 5.80595E-1 5.96204E-1 5.87576E-1 4.28811E-1 6.86699E-1 6.13876E-1 2.64004E-1 2.89238E-1 2.88007E-1 4.77439E-1 5.12598E-1 5.00997E-1 3.90094E-1 2.95919E-1 5.89546E-1 7.35696E-1 7.00503E-1 6.48258E-1 4.88237E-1 5.02013E-1 3.9641E-1 7.50335E-1 3.4161E-1 7.34074E-1 5.9739E-1 4.9259E-1 4.60068E-1 4.47746E-1 1.93108E-1 6.06266E-1 5.53891E-1 4.30311E-1 4.69406E-1 6.04747E-1 5.67209E-1 5.29129E-1 5.08689E-1 5.08848E-1 4.57904E-1 6.05469E-1 6.54837E-1 7.31446E-1 7.79178E-1 7.62297E-1 7.28521E-1 6.20155E-1 5.98706E-1 5.78422E-1 4.43591E-1 2.77988E-1 5.51893E-1 3.97281E-1 5.18002E-1 4.14825E-1 2.24625E-1 2.93154E-1 2.37167E-1 3.24497E-1
4.62044E-1 5.22473E-1 1.58848E-1 3.70176E-1 4.06551E-1 4.25626E-1 4.35708E-1 3.73889E-1 4.25081E-1 4.62026E-1 4.06649E-1 4.79974E-1 4.52094E-1 4.34828E-1 5.06648E-1 5.44253E-1 5.63086E-1 7.55477E-1 7.17882E-1 6.08569E-1 5.19562E-1 5.52127E-1 3.29649E-1 6.26377E-1 7.26636E-1 5.26665E-1 6.84306E-1 5.73854E-1 5.29245E-1 5.40567E-1 5.71216E-1 5.46387E-1 6.20703E-1 5.1787E-1 5.03034E-1 6.32393E-1 5.89568E-1 4.7342E-1 5.20601E-1 5.07399E-1 4.60387E-1 6.12021E-1 6.54393E-1 7.46659E-1 7.78457E-1 7.63371E-1 6.5559E-1 3.47379E-1 5.98702E-1 5.45336E-1 1.49936E-1 3.43169E-2 4.08373E-1 6.94884E-1 6.25315E-1 5.43007E-1 4.59632E-1 5.01393E-1 4.42674E-1 4.0908E-1
3.76585E-1 3.62956E-1 2.42272E-1 1.93964E-1 3.32014E-1 2.63356E-1 3.11542E-1 2.76236E-1 2.8878E-1 2.60049E-1 2.5402E-1 3.37976E-1 5.51599E-1 5.54884E-1 5.38535E-1 6.05817E-1 4.10431E-1 7.468E-1 5.20333E-1 3.36071E-1 5.40568E-1 5.08509E-1 6.02378E-1 5.6848E-1 5.44575E-1 5.75606E-1 2.87525E-1 3.82017E-1 5.93853E-1 6.04489E-1 6.67556E-1 5.65768E-1 6.06987E-1 5.2809E-1 5.03244E-1 6.47447E-1 6.10395E-1 5.57261E-1 4.52162E-1 5.15483E-1 5.89957E-1 6.54416E-1 5.34562E-1 5.44393E-1 7.62024E-1 7.51695E-1 7.2461E-1 6.00652E-1 6.37359E-1 5.9624E-1 2.11309E-1 4.59012E-1 3.94289E-1 3.80262E-1 3.85077E-1 3.81025E-1 3.8568E-1 4.11956E-1 2.68734E-1 5.02102E-1
5.35498E-1 5.61155E-1 4.09921E-1 2.66881E-1 2.66725E-1 2.96509E-1 3.17837E-1 2.87834E-1 2.93452E-1 3.24537E-1 3.20702E-1 3.51448E-1 4.60012E-1 6.59318E-1 4.79534E-1 2.55812E-1 5.33911E-1 5.93566E-1 5.67266E-1 5.90075E-1 4.52479E-1 2.83781E-1 4.30876E-1 4.98968E-1 5.24727E-1 7.21846E-1 6.25866E-1 6.65431E-1 4.22368E-1 5.45723E-1 8.20746E-1 5.70946E-1 6.75823E-1 5.84305E-1 5.32156E-1 5.98309E-1 6.10106E-1 5.75821E-1 5.1196E-1 5.7049E-1 3.27339E-1 5.91315E-1 6.4521E-1 4.98598E-1 6.35977E-1 7.72971E-1 7.10831E-1 5.80828E-1 6.24845E-1 7.25844E-1 5.82042E-1 5.37891E-1 4.29596E-1 4.36913E-1 4.59078E-1 3.15732E-1 2.20293E-1 2.8814E-1 3.51251E-1 3.35317E-1
3.61828E-1 5.17838E-1 6.58032E-1 3.60608E-1 3.13689E-1 2.64031E-1 3.33027E-1 2.85778E-1 2.97706E-1 3.1676E-1 3.14114E-1 3.43908E-1 4.00274E-1 5.22905E-1 4.17751E-1 4.90752E-1 5.08021E-1 4.61906E-1 5.80879E-1 4.65951E-1 5.34778E-1 6.68507E-1 3.36178E-1 -9999 1.65783E-1 3.66547E-1 5.43167E-1 6.11851E-1 6.57146E-1 7.08621E-1 7.27697E-1 5.54987E-1 4.95858E-1 3.71049E-1 3.42103E-1 4.23826E-1 4.94013E-1 4.5882E-1 4.35153E-1 3.20097E-1 5.1912E-1 3.90655E-1 3.63422E-1 3.93335E-1 4.63276E-1 7.7274E-1 7.28222E-1 4.9421E-1 6.65878E-1 4.31224E-1 6.07979E-1 6.53073E-1 5.64091E-1 5.32068E-1 5.48054E-1 4.49867E-1 3.40879E-1 2.82819E-1 4.39024E-1 4.80111E-1
4.55611E-1 4.3308E-1 5.1865E-1 4.32719E-1 3.68971E-1 2.7687E-1 3.47077E-1 3.76555E-1 3.52317E-1 3.80837E-1 4.26373E-1 3.67644E-1 3.52942E-1 4.50805E-1 3.83449E-1 4.24502E-1 4.55723E-1 6.05507E-1 5.53732E-1 7.05769E-1 6.90445E-1 6.59054E-1 6.19395E-1 4.83119E-1 3.11467E-1 4.05403E-1 4.63861E-1 7.00863E-1 7.04118E-1 6.97876E-1 6.87234E-1 6.79245E-1 3.58352E-1 2.9082E-1 4.06111E-1 4.28494E-1 4.51271E-1 4.93911E-1 2.88015E-1 5.17346E-1 3.1583E-1 3.42197E-1 3.65921E-1 4.31111E-1 5.06002E-1 5.57948E-1 4.65856E-1 6.42904E-1 6.67003E-1 7.37505E-1 5.10388E-1 4.60125E-1 4.33598E-1 4.47124E-1 4.59164E-1 3.95106E-1 3.22175E-1 2.37358E-1 4.98248E-1 5.01414E-1
