Phytophthora/models/20240430_1155_37/Phytophthora_PA3_RUN10_MAXENT_outputs/Phytophthora_PA3_RUN10.asc
ncols         225
nrows         269
xllcorner     473000.0
yllcorner     4429100.0
cellsize      50.0
NODATA_value  -9999
[rows 162 to 188 of 269, columns 60 to 119 of 225]
2.94108E-1 1.25043E-1 2.68977E-1 2.3528E-1 3.8886E-1 3.75732E-1 4.69357E-1 4.86508E-1 3.91808E-1 2.91415E-1 1.67882E-1 3.32292E-1 5.24885E-1 3.70792E-1 6.23392E-1 5.00261E-1 6.89486E-1 6.25856E-1 6.22243E-1 6.61864E-1 6.91145E-1 7.01681E-1 7.12336E-1 4.79386E-1 7.66389E-1 7.12804E-1 5.58791E-1 5.2751E-1 7.20997E-1 7.14867E-1 6.00059E-1 5.99892E-1 6.21068E-1 6.11207E-1 6.1562E-1 6.37809E-1 6.42047E-1 6.39516E-1 5.92915E-1 6.33823E-1 5.98107E-1 5.21419E-1 3.51132E-1 5.56576E-1 5.79418E-1 5.31185E-1 4.75773E-1 3.94454E-1 3.52255E-1 2.72068E-1 8.86047E-2 1.13874E-1 1.41502E-1 1.16897E-1 9.63179E-2 1.56513E-1 1.5775E-1 1.77788E-1 2.41543E-1 5.04295E-1
1.34466E-1 3.52013E-1 2.65865E-1 3.65391E-1 3.55175E-1 2.78679E-1 1.65342E-1 1.9779E-1 2.3533E-1 2.94173E-1 3.29602E-1 3.81709E-1 5.45663E-1 5.77514E-1 5.90606E-1 6.13139E-1 6.82007E-1 6.14637E-1 5.71448E-1 6.06682E-1 6.35888E-1 6.41539E-1 6.99773E-1 7.41876E-1 7.34866E-1 6.83204E-1 4.62276E-1 5.79277E-1 7.11089E-1 6.80227E-1 6.58018E-1 6.13219E-1 5.84274E-1 4.80444E-1 5.32938E-1 5.82775E-1 6.21575E-1 6.76299E-1 7.09555E-1 7.30935E-1 3.77999E-1 6.47769E-1 6.02393E-1 5.85619E-1 5.61862E-1 5.89351E-1 5.66099E-1 5.35925E-1 4.59252E-1 3.35518E-1 1.10616E-1 1.19193E-1 9.50491E-2 9.2423E-2 8.16987E-2 9.60785E-2 2.32287E-1 3.19695E-1 4.73525E-1 5.24334E-1
3.56943E-1 3.95469E-1 2.50415E-1 2.79683E-1 3.74326E-1 2.75141E-1 3.23216E-1 2.87221E-1 2.79273E-1 1.7609E-1 4.26015E-1 3.37343E-1 3.72509E-1 4.8722E-1 4.74401E-1 -9999 6.1803E-1 3.97704E-1 5.77889E-1 5.79557E-1 5.78425E-1 5.97345E-1 5.5117E-1 7.39351E-1 7.46504E-1 6.95315E-1 6.33469E-1 5.71984E-1 7.21183E-1 6.88006E-1 6.4721E-1 5.91246E-1 5.97333E-1 5.54472E-1 5.50223E-1 6.33894E-1 6.90689E-1 7.37513E-1 7.70919E-1 7.57823E-1 7.00883E-1 6.10638E-1 5.24949E-1 5.03242E-1 4.80389E-1 5.07528E-1 5.06049E-1 4.59261E-1 3.80152E-1 2.59189E-1 8.70716E-2 4.8911E-2 1.13928E-1 1.26078E-1 1.4731E-1 1.63815E-1 2.91293E-1 4.87712E-1 5.54183E-1 3.18797E-1
3.05832E-1 3.60705E-1 4.60213E-1 5.36787E-1 4.13644E-1 3.81496E-1 3.6414E-1 2.77018E-1 3.00047E-1 4.06271E-1 4.87424E-1 4.38099E-1 2.99668E-1 3.08986E-1 2.87878E-1 2.86172E-1 4.27467E-1 4.93294E-1 6.39438E-1 6.39879E-1 6.23613E-1 6.12074E-1 7.1539E-1 7.60119E-1 7.54536E-1 6.67369E-1 7.2658E-1 4.96855E-1 7.13023E-1 6.8977E-1 6.62991E-1 6.55064E-1 5.51989E-1 5.81896E-1 5.8271E-1 6.54354E-1 7.11834E-1 7.64728E-1 6.24706E-1 6.99605E-1 6.7647E-1 6.18963E-1 5.24248E-1 4.83313E-1 4.63952E-1 4.82177E-1 4.62194E-1 4.10794E-1 3.366E-1 2.49624E-1 1.17062E-1 1.04318E-1 1.21247E-1 1.79093E-1 2.45102E-1 2.67738E-1 4.91171E-1 4.51594E-1 5.02401E-1 4.89407E-1
2.96477E-1 3.54868E-1 4.30732E-1 4.80375E-1 4.64453E-1 4.22834E-1 3.82011E-1 3.1272E-1 3.56899E-1 5.0405E-1 6.33406E-1 6.70889E-1 6.33999E-1 5.9341E-1 6.06609E-1 5.75933E-1 5.09914E-1 7.4288E-1 7.5861E-1 7.43079E-1 7.0284E-1 3.9033E-1 5.48346E-1 5.45963E-1 7.9339E-1 5.7899E-1 7.31085E-1 7.48879E-1 7.19489E-1 7.19044E-1 6.81908E-1 7.18409E-1 6.92624E-1 5.50684E-1 5.59935E-1 5.43346E-1 6.09564E-1 6.32661E-1 6.14173E-1 6.06852E-1 6.74005E-1 6.6208E-1 6.00395E-1 5.28386E-1 4.81272E-1 4.63449E-1 4.35103E-1 3.68812E-1 3.18858E-1 2.51341E-1 1.52741E-1 1.82637E-1 2.32301E-1 2.96894E-1 4.64209E-1 5.06607E-1 5.62901E-1 4.41672E-1 2.87596E-1 4.26327E-1
3.63039E-1 4.09162E-1 4.4595E-1 4.56539E-1 5.17593E-1 5.22695E-1 4.62929E-1 3.76552E-1 3.75863E-1 5.44763E-1 4.94841E-1 6.65356E-1 7.04116E-1 6.73447E-1 6.77185E-1 7.82753E-1 8.08373E-1 8.10483E-1 8.02487E-1 7.82587E-1 6.91323E-1 4.78788E-1 5.11349E-1 7.69692E-1 7.92011E-1 6.18831E-1 6.75366E-1 7.26E-1 5.90352E-1 7.45926E-1 7.09915E-1 6.02953E-1 5.9377E-1 5.83978E-1 5.98329E-1 5.59037E-1 6.1106E-1 3.74727E-1 5.80759E-1 5.76555E-1 6.69958E-1 6.43663E-1 5.98086E-1 5.2989E-1 4.71153E-1 3.9627E-1 3.47761E-1 2.94957E-1 2.81269E-1 2.14999E-1 1.70326E-1 2.8791E-1 3.42815E-1 4.55091E-1 5.35739E-1 3.7712E-1 4.73236E-1 2.47049E-1 2.56791E-1 1.93377E-1
4.24349E-1 4.91564E-1 5.21545E-1 5.22094E-1 5.68493E-1 5.78103E-1 5.27127E-1 4.27251E-1 3.95435E-1 5.44796E-1 6.67054E-1 7.1794E-1 6.17975E-1 4.89734E-1 7.03286E-1 8.09691E-1 8.37618E-1 6.41241E-1 8.61063E-1 8.32214E-1 7.53283E-1 5.63166E-1 5.09224E-1 7.16707E-1 7.59375E-1 4.77328E-1 6.20128E-1 7.00264E-1 7.40156E-1 6.07319E-1 7.15483E-1 4.09568E-1 6.48094E-1 6.33681E-1 6.40944E-1 5.84811E-1 2.86422E-1 5.3502E-1 5.4464E-1 5.46614E-1 6.70246E-1 6.10472E-1 5.74236E-1 4.74367E-1 3.76818E-1 2.9273E-1 2.36111E-1 2.32543E-1 2.32644E-1 2.61255E-1 2.04134E-1 3.52874E-1 4.09594E-1 5.09814E-1 2.13876E-1 5.27534E-1 1.94808E-1 3.06122E-1 1.94803E-1 1.33104E-1
4.72486E-1 5.6148E-1 5.75856E-1 5.78509E-1 6.19298E-1 3.28041E-1 2.99728E-1 2.09091E-1 4.47933E-1 6.32297E-1 6.75977E-1 6.88424E-1 6.92526E-1 4.38759E-1 4.16536E-1 5.49258E-1 6.40805E-1 7.59402E-1 6.73064E-1 8.11306E-1 6.72827E-1 6.13807E-1 5.62256E-1 5.80458E-1 6.66456E-1 4.51992E-1 5.48986E-1 6.68459E-1 7.33814E-1 7.11731E-1 7.31292E-1 6.23772E-1 5.0166E-1 3.56661E-1 5.93986E-1 5.54555E-1 3.6054E-1 5.67444E-1 5.28176E-1 6.52819E-1 7.02759E-1 6.53284E-1 5.66748E-1 4.42742E-1 3.66057E-1 2.57436E-1 2.37079E-1 2.48383E-1 3.43127E-1 4.17321E-1 3.25391E-1 3.93052E-1 4.52231E-1 3.67269E-1 6.00628E-1 4.40407E-1 2.49542E-1 3.34563E-1 2.2278E-1 1.81961E-1
4.89228E-1 5.44783E-1 4.81727E-1 4.65829E-1 3.64471E-1 5.25183E-1 4.7051E-1 4.11312E-1 4.30745E-1 5.73189E-1 7.09457E-1 7.13314E-1 6.7062E-1 1.44443E-1 4.477E-1 7.3718E-1 7.0162E-1 6.41656E-1 7.14834E-1 5.61728E-1 6.58636E-1 4.9293E-1 4.69642E-1 6.79443E-1 7.71829E-1 5.02973E-1 7.11555E-1 7.14905E-1 4.07114E-1 6.82774E-1 5.87519E-1 5.80027E-1 6.63856E-1 6.90851E-1 4.60714E-1 3.92855E-1 6.59394E-1 6.25244E-1 5.97874E-1 6.85582E-1 7.32592E-1 6.83843E-1 6.23342E-1 5.43854E-1 4.66562E-1 3.00825E-1 2.70569E-1 2.54246E-1 3.12718E-1 4.21952E-1 3.51488E-1 4.05634E-1 4.81737E-1 4.54127E-1 5.57007E-1 5.18337E-1 3.89162E-1 3.50583E-1 2.39665E-1 1.75117E-1
7.31791E-1 7.70652E-1 7.77087E-1 6.07553E-1 4.47984E-1 7.28394E-1 6.51595E-1 6.67023E-1 6.93838E-1 7.46842E-1 6.94595E-1 5.5335E-1 4.45562E-1 3.44251E-1 5.0588E-1 7.01633E-1 5.62356E-1 5.56776E-1 5.0465E-1 6.34076E-1 3.13165E-1 6.82176E-1 7.50537E-1 6.92589E-1 7.08701E-1 2.92925E-1 5.40586E-1 6.98278E-1 5.66366E-1 4.5955E-1 3.47824E-1 5.19969E-1 5.99307E-1 6.4249E-1 6.91434E-1 6.75348E-1 6.73245E-1 6.96334E-1 6.77784E-1 5.52779E-1 6.88147E-1 6.20653E-1 5.55776E-1 4.88953E-1 3.91963E-1 2.57807E-1 1.75622E-1 1.37658E-1 1.53311E-1 2.59013E-1 3.44349E-1 4.1194E-1 5.15313E-1 5.83518E-1 5.61506E-1 5.44878E-1 4.46104E-1 3.86037E-1 2.97508E-1 3.24702E-1
4.35556E-1 5.34284E-1 6.2911E-1 3.06287E-1 5.1883E-1 6.53604E-1 6.85188E-1 6.90373E-1 6.98904E-1 7.04961E-1 6.33683E-1 4.37073E-1 4.58828E-1 3.10574E-1 5.87542E-1 5.50555E-1 6.62087E-1 3.89424E-1 6.21366E-1 6.45783E-1 6.48538E-1 6.15703E-1 6.80824E-1 5.41041E-1 5.88057E-1 5.21076E-1 5.0778E-1 5.71428E-1 5.485E-1 5.05686E-1 5.4275E-1 6.12642E-1 6.06894E-1 6.48886E-1 5.99059E-1 6.69138E-1 6.20613E-1 6.13722E-1 6.82895E-1 6.9802E-1 6.78678E-1 6.05042E-1 5.52224E-1 4.96945E-1 4.36114E-1 2.99863E-1 1.69247E-1 1.14149E-1 1.18351E-1 2.22155E-1 3.29804E-1 3.9356E-1 4.82324E-1 5.15296E-1 5.52116E-1 5.33166E-1 3.51144E-1 5.21028E-1 4.6373E-1 3.741E-1
6.44504E-1 6.38213E-1 5.77704E-1 5.35206E-1 5.09364E-1 6.31143E-1 6.81513E-1 6.39538E-1 6.49416E-1 6.51137E-1 6.16193E-1 5.01815E-1 5.02219E-1 2.90867E-1 4.83433E-1 4.00306E-1 4.52341E-1 5.85613E-1 6.27364E-1 6.45439E-1 6.42276E-1 5.14092E-1 6.2008E-1 7.72559E-1 2.58097E-1 4.88906E-1 2.59721E-1 5.34535E-1 5.17438E-1 4.6852E-1 5.30214E-1 5.2637E-1 5.74732E-1 6.20686E-1 5.13094E-1 6.54417E-1 5.77447E-1 5.45359E-1 6.29036E-1 6.39761E-1 6.26216E-1 5.7408E-1 5.21929E-1 4.74151E-1 4.18058E-1 2.30004E-1 1.82889E-1 1.02073E-1 1.6134E-1 1.88266E-1 2.51206E-1 3.7819E-1 4.53638E-1 3.90488E-1 5.42887E-1 5.26527E-1 2.79185E-1 5.37291E-1 4.76534E-1 2.4269E-1
3.92099E-1 3.54116E-1 5.12983E-1 4.98143E-1 5.04587E-1 6.0273E-1 6.36754E-1 6.10098E-1 6.06153E-1 6.44901E-1 6.09418E-1 6.15804E-1 6.03907E-1 3.00763E-1 3.65505E-1 6.69236E-1 6.32206E-1 6.34323E-1 7.08944E-1 6.55848E-1 5.94024E-1 7.24685E-1 7.01485E-1 6.40282E-1 5.77467E-1 5.65582E-1 5.93072E-1 5.46747E-1 5.25001E-1 4.77053E-1 5.32531E-1 5.60344E-1 5.02254E-1 4.54287E-1 5.8409E-1 5.73666E-1 5.08595E-1 4.65976E-1 5.85831E-1 5.99558E-1 5.94807E-1 5.52082E-1 5.05813E-1 4.48942E-1 3.98272E-1 2.86731E-1 2.13679E-1 1.65698E-1 1.6432E-1 2.11464E-1 2.54246E-1 3.71514E-1 4.39166E-1 2.79487E-1 5.46697E-1 3.14942E-1 5.40588E-1 5.46749E-1 3.62609E-1 2.47299E-1
4.761E-1 5.00054E-1 3.93565E-1 5.50682E-1 6.39511E-1 6.70988E-1 6.37337E-1 5.99769E-1 6.16676E-1 6.30018E-1 6.18416E-1 6.88317E-1 7.2881E-1 4.65862E-1 6.18368E-1 6.66449E-1 6.26755E-1 6.49628E-1 7.59311E-1 7.59987E-1 7.46213E-1 7.41872E-1 7.2618E-1 2.53188E-1 6.19444E-1 5.48396E-1 5.81142E-1 3.46763E-1 5.7748E-1 5.12325E-1 5.05956E-1 4.31499E-1 4.7902E-1 4.21371E-1 3.0791E-1 2.70116E-1 1.91165E-1 2.11606E-1 3.85786E-1 5.22634E-1 5.23672E-1 5.08139E-1 4.60043E-1 3.77778E-1 3.24846E-1 2.34105E-1 2.15542E-1 1.92321E-1 2.00987E-1 2.61734E-1 2.81459E-1 3.74074E-1 4.67987E-1 1.0616E-1 4.53818E-1 4.03848E-1 3.55563E-1 4.10147E-1 3.25338E-1 2.47523E-1
5.07082E-1 4.67855E-1 5.63995E-1 5.87365E-1 7.15988E-1 6.83969E-1 6.54415E-1 6.12083E-1 5.93239E-1 5.94689E-1 6.35226E-1 7.01387E-1 6.68272E-1 6.15271E-1 5.59457E-1 6.62635E-1 6.05811E-1 5.74993E-1 6.28079E-1 7.66867E-1 8.04316E-1 6.37346E-1 7.78902E-1 -9999 7.05956E-1 6.36912E-1 6.65392E-1 6.83741E-1 5.42786E-1 6.68148E-1 5.91129E-1 4.07976E-1 5.4862E-1 4.43542E-1 3.11319E-1 3.14978E-1 3.00013E-1 2.85145E-1 6.33768E-1 6.47583E-1 5.62379E-1 5.02993E-1 4.585E-1 4.01643E-1 3.48936E-1 1.80163E-1 1.71051E-1 1.66118E-1 2.10715E-1 3.49107E-1 4.50277E-1 4.92629E-1 5.34476E-1 1.69774E-1 3.07892E-1 2.85179E-1 1.44317E-1 3.57869E-1 4.2025E-1 2.71103E-1
6.25668E-1 5.9804E-1 3.23073E-1 6.58031E-1 7.11237E-1 7.19892E-1 6.98674E-1 6.5162E-1 6.02995E-1 5.89033E-1 5.78086E-1 5.46656E-1 5.29679E-1 3.73227E-1 5.73628E-1 4.7451E-1 6.39311E-1 6.34789E-1 7.51196E-1 7.86888E-1 6.42921E-1 8.18608E-1 4.87643E-1 5.5098E-1 7.11392E-1 5.87627E-1 5.83288E-1 5.87302E-1 6.58977E-1 6.62988E-1 5.65368E-1 4.04249E-1 3.86844E-1 2.9824E-1 2.42317E-1 3.25926E-1 -9999 -9999 7.3191E-1 7.132E-1 6.03392E-1 5.57538E-1 5.07171E-1 4.36303E-1 2.93399E-1 1.85387E-1 1.76148E-1 1.99568E-1 2.51237E-1 3.3673E-1 4.37111E-1 5.32711E-1 5.99691E-1 4.28788E-1 3.72495E-1 3.54728E-1 3.60662E-1 4.64135E-1 5.08869E-1 2.87482E-1
5.97111E-1 5.80763E-1 6.43084E-1 6.94075E-1 6.36134E-1 7.54329E-1 7.27174E-1 6.82844E-1 6.07846E-1 6.04386E-1 6.13298E-1 6.26857E-1 3.99129E-1 5.33197E-1 4.68233E-1 5.23753E-1 3.52427E-1 6.35155E-1 7.07442E-1 5.92357E-1 8.03439E-1 7.89024E-1 8.30615E-1 8.2365E-1 7.12945E-1 5.75224E-1 6.08655E-1 6.28293E-1 6.12085E-1 6.8221E-1 5.48996E-1 4.16206E-1 4.00793E-1 2.8483E-1 2.19342E-1 3.3443E-1 5.2945E-1 3.18733E-1 7.93536E-1 7.42638E-1 6.5198E-1 6.06705E-1 5.52631E-1 4.39576E-1 2.26628E-1 1.14057E-1 1.3608E-1 3.03633E-1 3.59079E-1 4.15688E-1 4.99845E-1 5.59309E-1 6.72936E-1 5.82975E-1 5.57782E-1 4.20454E-1 4.03947E-1 3.45844E-1 5.24958E-1 4.47755E-1
6.40587E-1 5.78659E-1 6.05091E-1 7.54263E-1 5.83711E-1 7.83663E-1 7.43848E-1 5.59541E-1 6.45992E-1 7.17402E-1 7.16889E-1 4.92346E-1 6.39549E-1 5.59313E-1 4.39043E-1 5.09056E-1 6.3282E-1 6.18004E-1 6.45126E-1 7.99885E-1 7.8207E-1 7.55101E-1 6.63901E-1 7.84841E-1 7.02497E-1 6.00553E-1 6.35118E-1 6.79166E-1 5.42035E-1 6.8465E-1 5.4498E-1 5.51305E-1 4.42183E-1 3.64725E-1 3.30273E-1 4.9146E-1 6.04883E-1 5.25491E-1 7.27426E-1 7.7633E-1 6.8374E-1 6.33419E-1 5.72437E-1 3.77998E-1 2.38093E-1 1.11529E-1 1.56446E-1 2.54016E-1 3.32E-1 4.5064E-1 5.25564E-1 5.76255E-1 5.20797E-1 6.36674E-1 5.25414E-1 3.45325E-1 3.65274E-1 2.13416E-1 5.23134E-1 4.64218E-1
6.15467E-1 5.53616E-1 6.29578E-1 7.53645E-1 8.04655E-1 6.73716E-1 7.08064E-1 4.79502E-1 6.79833E-1 7.70717E-1 6.95261E-1 7.33357E-1 5.84533E-1 5.2565E-1 4.59057E-1 5.08665E-1 5.90047E-1 6.71629E-1 7.59888E-1 7.58793E-1 7.54289E-1 7.29479E-1 6.65523E-1 7.20357E-1 6.67225E-1 6.588E-1 7.19832E-1 6.18055E-1 7.3005E-1 6.79115E-1 5.60386E-1 6.43318E-1 4.69817E-1 3.97718E-1 3.68628E-1 5.0188E-1 6.66487E-1 7.86234E-1 8.06972E-1 6.04514E-1 7.06351E-1 6.49739E-1 5.93931E-1 4.04543E-1 2.36118E-1 1.33751E-1 2.07463E-1 3.60153E-1 4.16606E-1 4.83389E-1 5.68497E-1 6.22161E-1 3.03398E-1 5.35314E-1 3.88265E-1 3.02513E-1 3.29535E-1 1.86659E-1 2.6886E-1 4.37457E-1
5.46372E-1 5.24182E-1 6.52469E-1 7.36959E-1 7.76391E-1 7.94327E-1 5.51644E-1 5.60118E-1 7.15428E-1 7.97932E-1 6.93371E-1 7.18514E-1 5.86206E-1 5.37914E-1 4.77675E-1 5.93755E-1 6.61087E-1 6.57081E-1 7.30757E-1 7.23306E-1 6.82796E-1 6.64362E-1 7.35177E-1 7.02972E-1 6.90979E-1 6.95358E-1 7.364E-1 7.15197E-1 6.97616E-1 6.95365E-1 4.57835E-1 6.14563E-1 5.0529E-1 4.57174E-1 3.50702E-1 4.48725E-1 5.94916E-1 7.29207E-1 7.02607E-1 5.31461E-1 6.68496E-1 5.81837E-1 5.54151E-1 3.22679E-1 2.31956E-1 1.68708E-1 2.4328E-1 3.41119E-1 4.40658E-1 5.13245E-1 6.04842E-1 5.58252E-1 2.51297E-1 5.26788E-1 4.25797E-1 3.44579E-1 3.71123E-1 1.51462E-1 2.67944E-1 2.19425E-1
5.5915E-1 5.07783E-1 5.66987E-1 6.90347E-1 7.39531E-1 6.51887E-1 6.39448E-1 5.79731E-1 7.97592E-1 5.94381E-1 7.65926E-1 6.76564E-1 5.80533E-1 5.59567E-1 4.90408E-1 5.7251E-1 6.45883E-1 6.76916E-1 6.72036E-1 6.3417E-1 5.84036E-1 5.84884E-1 6.08088E-1 4.94075E-1 6.70907E-1 6.54795E-1 6.87968E-1 6.80905E-1 6.86644E-1 7.0944E-1 3.37669E-1 4.61952E-1 3.83922E-1 3.98342E-1 3.48492E-1 4.99367E-1 6.40562E-1 7.39968E-1 7.35946E-1 7.07369E-1 6.3737E-1 5.94588E-1 5.35706E-1 3.1191E-1 2.43913E-1 2.4976E-1 2.92133E-1 3.86355E-1 4.54003E-1 5.35625E-1 6.27014E-1 4.33267E-1 4.13241E-1 5.55865E-1 4.86465E-1 4.0456E-1 4.09102E-1 1.5957E-1 3.14445E-1 2.95945E-1
6.21849E-1 5.45404E-1 4.42278E-1 4.63104E-1 6.90506E-1 7.35357E-1 7.78349E-1 8.0395E-1 6.59062E-1 7.84873E-1 7.50588E-1 7.05115E-1 5.95057E-1 5.57667E-1 5.01345E-1 5.90493E-1 6.53454E-1 6.23924E-1 4.93135E-1 3.88846E-1 4.34569E-1 4.43275E-1 4.92849E-1 4.27934E-1 6.49674E-1 6.15628E-1 6.52475E-1 6.72721E-1 6.97333E-1 7.20537E-1 4.11941E-1 3.76381E-1 2.82432E-1 3.02174E-1 4.44133E-1 6.65903E-1 7.07531E-1 6.46705E-1 7.71697E-1 6.60328E-1 5.90319E-1 5.54597E-1 4.73709E-1 3.15304E-1 3.01903E-1 3.73297E-1 3.48119E-1 4.65597E-1 4.09469E-1 5.7147E-1 5.71331E-1 6.37572E-1 5.3835E-1 5.62957E-1 4.59008E-1 4.48354E-1 4.30111E-1 1.53811E-1 2.84302E-1 2.66082E-1
6.72158E-1 6.49539E-1 6.52737E-1 5.54331E-1 6.60973E-1 5.96265E-1 7.68965E-1 5.5563E-1 8.04891E-1 7.76268E-1 7.18409E-1 6.63254E-1 5.84199E-1 5.50952E-1 4.88665E-1 5.34764E-1 5.55161E-1 3.90796E-1 1.96976E-1 2.49533E-1 3.46796E-1 4.09543E-1 4.99532E-1 6.23508E-1 6.71462E-1 6.51175E-1 6.791E-1 6.48628E-1 6.91559E-1 5.38341E-1 6.04355E-1 4.27357E-1 3.6994E-1 3.56546E-1 4.14744E-1 6.03908E-1 7.32521E-1 6.72507E-1 3.8966E-1 6.60253E-1 5.49424E-1 5.06365E-1 4.36555E-1 3.29437E-1 3.49552E-1 4.36311E-1 4.8865E-1 5.34437E-1 4.86715E-1 5.74644E-1 5.65519E-1 6.0714E-1 5.92447E-1 5.39161E-1 5.61182E-1 4.49277E-1 3.27124E-1 2.32255E-1 2.19037E-1 2.20257E-1
5.18956E-1 7.52378E-1 7.47818E-1 6.23343E-1 3.55965E-1 7.99384E-1 8.09333E-1 8.00219E-1 7.65483E-1 7.36146E-1 6.73148E-1 4.89163E-1 4.6321E-1 5.26069E-1 4.75107E-1 4.8697E-1 3.43488E-1 2.76878E-1 -9999 2.365E-1 2.80724E-1 3.42518E-1 3.82808E-1 4.09596E-1 6.81014E-1 6.42324E-1 6.77465E-1 7.00019E-1 6.62413E-1 5.40756E-1 4.10552E-1 3.66921E-1 2.72619E-1 4.51539E-1 5.1701E-1 6.19977E-1 7.0207E-1 7.04476E-1 7.41638E-1 4.57932E-1 5.95754E-1 5.13308E-1 4.61612E-1 3.74913E-1 4.82276E-1 4.67841E-1 5.25648E-1 5.73196E-1 3.14508E-1 3.48093E-1 6.15632E-1 5.66333E-1 5.38263E-1 1.92953E-1 5.98487E-1 5.50474E-1 2.26275E-1 2.74327E-1 2.67756E-1 1.961E-1
3.48363E-1 7.06122E-1 6.18817E-1 6.12542E-1 6.87658E-1 7.26383E-1 7.31375E-1 6.9992E-1 6.70653E-1 6.41109E-1 5.89347E-1 4.63094E-1 3.12796E-1 2.48166E-1 2.18618E-1 2.3679E-1 -9999 -9999 2.10852E-1 2.177E-1 2.2671E-1 2.82598E-1 3.51214E-1 1.36444E-1 6.49468E-1 5.89239E-1 6.41436E-1 6.92977E-1 4.63683E-1 4.37298E-1 3.39049E-1 4.30305E-1 4.47284E-1 5.56094E-1 5.58936E-1 4.69292E-1 5.39304E-1 5.14486E-1 4.01029E-1 3.74354E-1 4.90508E-1 3.03765E-1 3.6136E-1 2.00589E-1 2.38051E-1 3.68923E-1 4.32594E-1 4.92916E-1 3.06822E-1 3.95327E-1 2.99039E-1 3.45226E-1 3.14879E-1 1.91673E-1 3.96286E-1 2.89271E-1 2.64099E-1 1.84423E-1 1.50114E-1 1.79355E-1
4.13804E-1 3.16876E-1 6.81804E-1 6.15953E-1 7.30658E-1 6.93796E-1 6.67919E-1 5.99624E-1 6.25779E-1 5.91382E-1 5.43937E-1 4.96973E-1 3.7536E-1 3.52708E-1 3.05575E-1 2.99274E-1 2.6002E-1 2.3939E-1 2.41719E-1 2.72114E-1 3.17672E-1 3.94482E-1 4.21423E-1 6.48614E-1 6.06671E-1 5.40396E-1 6.04515E-1 6.31305E-1 4.85874E-1 4.30933E-1 3.39764E-1 4.57284E-1 6.12353E-1 4.91167E-1 6.31887E-1 5.8299E-1 5.57546E-1 5.8507E-1 3.77357E-1 6.29133E-1 5.3388E-1 3.38053E-1 3.82816E-1 3.19393E-1 2.54892E-1 3.54727E-1 4.42441E-1 4.77623E-1 3.76527E-1 4.66973E-1 3.22778E-1 3.14637E-1 2.92232E-1 1.58459E-1 3.92879E-1 2.75473E-1 3.23452E-1 2.0534E-1 2.15734E-1 9.3717E-2
5.72855E-1 5.38311E-1 7.4218E-1 6.9539E-1 6.92568E-1 6.45013E-1 5.99952E-1 5.34021E-1 5.65522E-1 5.92401E-1 6.40453E-1 5.98385E-1 5.2553E-1 5.49025E-1 4.46988E-1 4.35059E-1 3.28854E-1 3.60122E-1 3.81461E-1 4.27971E-1 3.79652E-1 3.5583E-1 4.7464E-1 4.73858E-1 5.41207E-1 4.69725E-1 4.97979E-1 5.23999E-1 4.73894E-1 4.23502E-1 3.38377E-1 4.41126E-1 5.66106E-1 6.02211E-1 6.79758E-1 4.49457E-1 4.4769E-1 5.84209E-1 6.45866E-1 6.12834E-1 5.47216E-1 2.4694E-1 3.31106E-1 4.67385E-1 2.96404E-1 4.09204E-1 2.60376E-1 1.42819E-1 4.11644E-1 3.8589E-1 3.02499E-1 1.75026E-1 2.47057E-1 2.16913E-1 3.99425E-1 1.84258E-1 3.38252E-1 2.35313E-1 2.52899E-1 1.38499E-1
