Phytophthora/models/20240430_1155_37/Phytophthora_PA3_RUN10_MAXENT_outputs/Phytophthora_PA3_RUN10.asc
ncols         225
nrows         269
xllcorner     473000.0
yllcorner     4429100.0
cellsize      50.0
NODATA_value  -9999
[rows 135 to 161 of 269, columns 0 to 59 of 225]
-9999 -9999 -9999 -9999 -9999 -9999 -9999 -9999 -9999 -9999 4.71969E-1 5.78671E-1 4.3769E-1 5.50783E-1 5.67779E-1 6.1724E-1 4.9976E-1 4.78828E-1 2.90708E-1 2.62036E-1 3.39059E-1 5.48356E-1 5.71323E-1 5.61138E-1 5.20888E-1 3.98099E-1 4.1032E-1 4.10612E-1 3.08301E-1 1.01943E-1 8.04075E-2 1.93012E-1 2.39317E-1 9.82781E-2 7.60569E-2 5.7279E-2 1.81303E-1 2.41557E-1 3.17366E-1 3.72527E-1 3.53162E-1 3.78171E-1 3.2705E-1 3.2185E-1 3.04938E-1 2.46142E-1 2.59407E-1 2.73929E-1 2.8685E-1 1.33381E-1 3.36103E-1 3.44898E-1 3.0423E-1 1.95998E-1 1.21402E-1 1.52661E-1 1.69789E-1 1.68088E-1 2.32083E-1 2.75498E-1
-9999 -9999 -9999 -9999 -9999 -9999 -9999 -9999 -9999 -9999 3.11648E-1 6.49363E-1 3.85329E-1 6.07267E-1 5.51033E-1 5.71646E-1 4.10265E-1 4.13884E-1 3.13881E-1 3.33666E-1 5.2765E-1 6.1265E-1 6.13423E-1 6.02255E-1 4.99255E-1 3.18083E-1 3.18046E-1 3.15704E-1 2.77366E-1 2.60244E-1 1.47463E-1 8.12254E-2 -9999 -9999 1.05323E-1 1.63101E-1 1.79661E-1 2.32435E-1 3.5884E-1 2.29655E-1 4.48231E-1 4.03251E-1 4.25347E-1 4.56971E-1 4.20883E-1 3.34114E-1 3.26912E-1 2.40825E-1 1.13449E-1 1.93038E-1 3.60205E-1 2.68586E-1 4.37698E-1 3.0863E-1 2.01278E-1 1.27794E-1 1.33943E-1 1.77663E-1 2.62936E-1 1.48487E-1
-9999 -9999 -9999 -9999 -9999 -9999 -9999 -9999 -9999 -9999 5.1874E-1 5.90135E-1 5.27285E-1 5.24241E-1 5.82516E-1 5.27846E-1 3.67973E-1 2.26367E-1 3.79584E-1 5.08516E-1 6.78315E-1 6.72683E-1 6.73943E-1 6.35697E-1 5.68061E-1 3.58139E-1 3.14101E-1 3.04958E-1 3.08266E-1 3.07585E-1 2.33046E-1 1.93498E-1 -9999 1.33633E-1 2.1459E-1 2.01317E-1 2.19891E-1 2.28614E-1 2.9472E-1 1.63306E-1 4.41088E-1 4.30891E-1 4.84312E-1 2.82688E-1 3.75908E-1 3.10765E-1 1.36329E-1 9.46025E-2 1.89616E-1 1.94358E-1 4.49361E-1 2.762E-1 4.38733E-1 3.76266E-1 2.58381E-1 1.40911E-1 1.51397E-1 1.70331E-1 2.44604E-1 3.73136E-1
-9999 -9999 -9999 -9999 -9999 -9999 -9999 -9999 -9999 -9999 4.64747E-1 5.00448E-1 5.328E-1 5.68792E-1 4.24417E-1 4.35373E-1 3.09915E-1 3.74932E-1 2.06703E-1 4.78465E-1 5.11927E-1 5.81451E-1 4.17787E-1 5.82658E-1 6.38005E-1 4.36765E-1 4.02945E-1 3.53387E-1 3.34753E-1 3.33137E-1 2.67036E-1 1.97033E-1 1.10911E-1 1.90498E-1 2.57851E-1 2.76456E-1 3.09596E-1 1.6252E-1 4.1625E-1 4.31804E-1 2.28003E-1 4.31271E-1 3.03559E-1 4.62962E-1 4.07567E-1 2.83977E-1 2.70157E-1 1.82654E-1 1.78137E-1 1.96113E-1 4.51362E-1 3.5188E-1 4.18395E-1 3.80062E-1 2.56124E-1 1.69388E-1 1.56199E-1 1.63722E-1 2.39535E-1 3.6607E-1
-9999 -9999 -9999 -9999 -9999 -9999 -9999 -9999 -9999 -9999 4.43476E-1 4.5523E-1 5.17031E-1 5.3075E-1 5.10312E-1 3.99073E-1 1.71545E-1 2.62035E-1 4.36131E-1 5.0346E-1 3.99149E-1 6.60027E-1 6.43393E-1 6.80677E-1 5.84957E-1 2.70336E-1 3.60373E-1 4.28107E-1 1.86976E-1 2.82905E-1 1.85048E-1 3.10073E-1 1.71038E-1 1.84768E-1 2.67012E-1 3.23793E-1 1.56468E-1 2.82236E-1 4.3179E-1 2.8269E-1 3.76959E-1 4.84299E-1 4.78566E-1 4.13195E-1 3.55834E-1 2.35938E-1 1.89552E-1 1.61536E-1 1.54073E-1 2.56101E-1 4.23938E-1 3.11067E-1 4.50724E-1 4.36815E-1 3.4738E-1 2.05322E-1 2.06581E-1 2.20912E-1 3.28254E-1 3.62939E-1
-9999 -9999 -9999 -9999 -9999 -9999 -9999 -9999 -9999 -9999 3.77175E-1 4.13268E-1 4.85965E-1 4.90243E-1 4.70363E-1 3.96882E-1 3.74378E-1 3.88366E-1 2.631E-1 6.56113E-1 6.71893E-1 6.52911E-1 6.17496E-1 6.32687E-1 5.82571E-1 4.1452E-1 4.08484E-1 3.49875E-1 4.3334E-1 4.05902E-1 3.50016E-1 1.64859E-1 1.39609E-1 1.32027E-1 4.14886E-1 3.08235E-1 3.08137E-1 3.27749E-1 2.10923E-1 4.31895E-1 4.30267E-1 4.18365E-1 4.03028E-1 3.55778E-1 2.33929E-1 1.81185E-1 1.84252E-1 1.32088E-1 1.39653E-1 2.54251E-1 3.97512E-1 4.60799E-1 4.00207E-1 2.64112E-1 3.70724E-1 1.93406E-1 1.43102E-1 2.164E-1 3.55003E-1 3.87416E-1
-9999 -9999 -9999 -9999 -9999 -9999 -9999 -9999 -9999 -9999 3.56498E-1 3.94183E-1 4.65709E-1 4.92467E-1 4.47778E-1 3.774E-1 3.66158E-1 4.10647E-1 6.71628E-1 6.71256E-1 5.4732E-1 5.48969E-1 5.9794E-1 5.62683E-1 5.27983E-1 4.89889E-1 5.1547E-1 5.1257E-1 4.86341E-1 4.26792E-1 3.46124E-1 3.15543E-1 2.75965E-1 3.48624E-1 2.37183E-1 4.77124E-1 4.41105E-1 3.91434E-1 5.0431E-1 4.40685E-1 4.01028E-1 3.58785E-1 3.29233E-1 2.70765E-1 2.66557E-1 2.23967E-1 2.38071E-1 2.05389E-1 2.34632E-1 3.66653E-1 4.76166E-1 5.19593E-1 5.14422E-1 5.33489E-1 4.84123E-1 2.06755E-1 1.34279E-1 1.63979E-1 2.87502E-1 3.96239E-1
-9999 -9999 -9999 -9999 -9999 -9999 -9999 -9999 -9999 -9999 3.04027E-1 3.60813E-1 4.31265E-1 3.91428E-1 3.21165E-1 3.07099E-1 3.48886E-1 4.28267E-1 2.72104E-1 6.42806E-1 6.43928E-1 3.92882E-1 5.62539E-1 6.24517E-1 5.81636E-1 4.79642E-1 4.53302E-1 4.41471E-1 4.21649E-1 3.661E-1 2.80065E-1 2.49074E-1 2.64685E-1 3.62482E-1 3.94233E-1 4.97577E-1 4.56278E-1 3.04595E-1 4.71714E-1 4.12729E-1 3.4715E-1 3.0576E-1 2.70407E-1 2.61932E-1 2.55708E-1 1.95761E-1 2.33156E-1 2.09293E-1 2.68238E-1 3.4806E-1 4.2244E-1 4.56345E-1 4.50114E-1 4.72477E-1 4.32721E-1 1.88237E-1 1.49497E-1 1.5848E-1 1.84193E-1 2.81812E-1
-9999 -9999 -9999 -9999 -9999 -9999 -9999 -9999 -9999 3.1453E-4 2.73983E-1 3.45571E-1 3.73516E-1 2.68371E-1 2.75019E-1 2.9889E-1 3.28959E-1 3.59229E-1 5.67569E-1 5.84474E-1 5.87276E-1 6.09719E-1 6.32536E-1 5.10444E-1 6.37013E-1 5.43425E-1 4.86751E-1 4.22709E-1 3.62354E-1 3.09644E-1 2.51211E-1 2.47445E-1 2.8175E-1 3.33508E-1 4.16406E-1 2.81068E-1 4.5323E-1 4.7884E-1 4.31782E-1 3.79471E-1 3.07462E-1 3.00699E-1 3.04752E-1 3.06494E-1 2.96149E-1 2.98213E-1 2.8038E-1 2.52177E-1 2.6267E-1 3.10472E-1 3.69508E-1 3.81452E-1 4.02295E-1 4.14707E-1 3.76725E-1 1.98682E-1 1.57533E-1 1.87284E-1 2.37336E-1 3.13966E-1
-9999 -9999 -9999 -9999 -9999 -9999 -9999 -9999 -9999 2.83594E-4 2.48993E-1 2.90363E-1 2.73056E-1 2.05976E-1 2.6941E-1 3.5312E-1 3.00287E-1 2.58519E-1 5.17438E-1 5.38189E-1 5.12538E-1 5.39559E-1 5.66837E-1 6.40502E-1 5.47806E-1 4.99179E-1 4.91778E-1 3.48351E-1 3.94164E-1 3.1985E-1 2.06779E-1 2.20563E-1 2.53951E-1 3.05018E-1 3.6464E-1 4.41204E-1 3.45127E-1 4.63546E-1 4.18995E-1 3.53883E-1 2.89737E-1 3.18594E-1 3.44312E-1 3.51014E-1 3.47883E-1 3.59098E-1 3.31612E-1 3.03249E-1 2.67332E-1 2.75067E-1 3.23984E-1 3.27268E-1 3.62574E-1 3.70207E-1 3.41976E-1 2.01181E-1 1.93829E-1 1.74229E-1 1.91781E-1 3.21433E-1
-9999 -9999 -9999 -9999 -9999 -9999 -9999 -9999 -9999 2.72508E-4 2.17981E-1 1.93891E-1 2.20358E-1 2.06691E-1 2.94067E-1 3.48298E-1 3.65202E-1 4.15723E-1 5.24628E-1 5.03874E-1 5.07316E-1 5.12867E-1 5.01478E-1 5.32489E-1 5.60369E-1 3.33517E-1 3.92267E-1 3.60328E-1 4.3743E-1 3.59626E-1 2.34028E-1 2.19248E-1 2.47694E-1 2.87333E-1 3.47151E-1 4.52323E-1 2.83442E-1 4.33115E-1 3.86952E-1 3.27581E-1 2.97688E-1 3.40221E-1 3.80117E-1 4.11581E-1 4.07072E-1 4.16577E-1 3.88869E-1 3.41492E-1 2.94568E-1 3.11416E-1 3.53086E-1 3.82799E-1 4.29692E-1 4.51387E-1 4.05722E-1 2.8046E-1 2.40398E-1 1.84788E-1 2.39433E-1 3.46907E-1
-9999 -9999 -9999 -9999 -9999 -9999 -9999 -9999 1.30603E-1 1.65398E-1 1.745E-1 1.455E-1 3.14541E-1 3.42135E-1 3.23115E-1 2.19997E-1 1.47731E-1 4.52016E-1 4.40601E-1 4.74282E-1 4.8845E-1 4.65487E-1 3.69712E-1 3.31585E-1 4.05329E-1 4.391E-1 1.72976E-1 4.5202E-1 5.01069E-1 4.26496E-1 2.98175E-1 2.73993E-1 3.12424E-1 3.36783E-1 3.82459E-1 2.98709E-1 4.4553E-1 4.10668E-1 3.55058E-1 3.06402E-1 3.4321E-1 3.87804E-1 3.87243E-1 3.87375E-1 5.33752E-1 5.5631E-1 5.02747E-1 4.47312E-1 4.296E-1 4.25241E-1 3.78975E-1 4.28141E-1 4.70191E-1 4.88368E-1 4.65099E-1 3.94606E-1 3.72371E-1 2.98125E-1 3.52496E-1 4.87956E-1
-9999 -9999 -9999 -9999 -9999 -9999 -9999 -9999 1.07138E-1 1.07826E-1 1.2896E-1 1.94572E-1 2.92653E-1 2.49469E-1 2.69928E-1 1.32559E-1 2.90863E-1 3.18055E-1 4.36764E-1 5.04025E-1 4.70978E-1 3.87814E-1 4.48425E-1 4.75869E-1 4.5485E-1 4.05355E-1 3.94358E-1 3.07043E-1 5.40386E-1 4.67515E-1 3.55703E-1 3.41365E-1 3.72308E-1 3.85892E-1 3.47345E-1 4.26189E-1 4.25829E-1 3.75924E-1 3.18349E-1 2.73888E-1 3.35485E-1 3.75981E-1 3.22706E-1 5.01019E-1 5.21946E-1 5.69033E-1 5.14409E-1 4.8985E-1 4.84041E-1 4.83829E-1 4.37981E-1 4.88127E-1 5.32365E-1 5.37673E-1 5.20161E-1 3.8104E-1 3.34417E-1 3.60827E-1 4.06431E-1 4.46851E-1
-9999 -9999 -9999 -9999 -9999 -9999 -9999 -9999 1.10545E-1 1.78865E-1 1.35951E-1 2.98062E-1 1.4245E-1 1.2147E-1 1.43777E-1 1.11691E-1 1.12918E-1 2.66764E-1 4.16159E-1 5.00962E-1 5.18077E-1 5.27165E-1 5.29276E-1 5.48896E-1 4.82849E-1 4.30339E-1 2.22003E-1 5.45695E-1 3.35915E-1 5.02133E-1 4.25119E-1 4.0416E-1 4.1601E-1 1.92381E-1 4.3276E-1 4.48374E-1 4.01392E-1 3.5937E-1 3.05199E-1 2.90455E-1 3.47105E-1 3.84049E-1 4.82682E-1 4.25547E-1 5.44952E-1 5.59072E-1 5.52483E-1 5.34483E-1 5.50572E-1 5.51212E-1 5.25984E-1 5.37958E-1 5.77339E-1 3.18172E-1 3.81858E-1 2.64622E-1 4.02803E-1 3.80112E-1 3.88016E-1 4.03881E-1
-9999 -9999 -9999 -9999 -9999 -9999 -9999 8.27314E-2 1.7058E-1 2.246E-1 2.43031E-1 1.86767E-1 1.58526E-1 1.52499E-1 1.20693E-1 8.83619E-2 1.10282E-1 4.11474E-1 3.63978E-1 4.51047E-1 4.74945E-1 5.14648E-1 5.08841E-1 4.40195E-1 3.95289E-1 4.4839E-1 5.33063E-1 4.6757E-1 5.43499E-1 2.75104E-1 3.47488E-1 4.28164E-1 2.83206E-1 4.17787E-1 4.06918E-1 4.1633E-1 3.72656E-1 3.29808E-1 2.85001E-1 3.01595E-1 3.62053E-1 4.45011E-1 5.20797E-1 4.90765E-1 5.32207E-1 6.05971E-1 6.07175E-1 5.93491E-1 6.24841E-1 6.07775E-1 5.32051E-1 4.66332E-1 4.54136E-1 5.24696E-1 5.02634E-1 3.18099E-1 3.68811E-1 3.56947E-1 3.80591E-1 3.71076E-1
-9999 -9999 -9999 -9999 -9999 -9999 -9999 5.64308E-2 1.89967E-1 2.04742E-1 1.99344E-1 2.23137E-1 2.66272E-1 2.50304E-1 2.15487E-1 1.6126E-1 1.48389E-1 3.15372E-1 3.74647E-1 4.22211E-1 4.19328E-1 4.37563E-1 3.94379E-1 4.1985E-1 4.22086E-1 4.50186E-1 4.79208E-1 5.44884E-1 2.8332E-1 5.32928E-1 4.39553E-1 3.32931E-1 4.34681E-1 4.11871E-1 3.72111E-1 3.80752E-1 3.38981E-1 2.96519E-1 2.89499E-1 3.26939E-1 3.82345E-1 4.42722E-1 5.17704E-1 3.98935E-1 5.52306E-1 3.39624E-1 3.76922E-1 3.85742E-1 4.75172E-1 3.34477E-1 3.14979E-1 5.57896E-1 5.33446E-1 4.75686E-1 4.7117E-1 3.08642E-1 3.42112E-1 4.01362E-1 3.61908E-1 3.53869E-1
-9999 -9999 -9999 -9999 -9999 -9999 -9999 6.47209E-2 3.16961E-1 3.6777E-1 3.65999E-1 4.61279E-1 4.83231E-1 4.19435E-1 3.80653E-1 2.96118E-1 2.53708E-1 4.73987E-1 4.56251E-1 4.99421E-1 4.97891E-1 4.9744E-1 4.4802E-1 4.97798E-1 5.01811E-1 4.9927E-1 5.64269E-1 6.16582E-1 6.42105E-1 5.98724E-1 5.38405E-1 4.86558E-1 5.23155E-1 4.75959E-1 4.26209E-1 3.96705E-1 3.51642E-1 3.61145E-1 3.90032E-1 4.47106E-1 5.88875E-1 6.19449E-1 6.5512E-1 4.74069E-1 6.77523E-1 7.31167E-1 7.3423E-1 7.47147E-1 7.49762E-1 7.3678E-1 5.67256E-1 6.21414E-1 5.68176E-1 5.19172E-1 4.65002E-1 3.37728E-1 3.49244E-1 3.77013E-1 3.74939E-1 4.39226E-1
-9999 -9999 -9999 -9999 -9999 -9999 1.02837E-1 2.27241E-1 3.29094E-1 4.4823E-1 5.00029E-1 5.5149E-1 5.89177E-1 5.67005E-1 5.60559E-1 4.61482E-1 4.50055E-1 5.49732E-1 5.12898E-1 4.77236E-1 4.79888E-1 4.8597E-1 4.77941E-1 4.66127E-1 4.58102E-1 4.74132E-1 5.3362E-1 5.73794E-1 5.98912E-1 5.91884E-1 5.51351E-1 3.75334E-1 5.3173E-1 4.66381E-1 3.92633E-1 3.64559E-1 3.4753E-1 3.38688E-1 4.48785E-1 5.01479E-1 6.31953E-1 6.48885E-1 4.53384E-1 6.69764E-1 6.6294E-1 6.93151E-1 7.12895E-1 7.29874E-1 7.54943E-1 6.97527E-1 6.43636E-1 6.03896E-1 5.38488E-1 4.779E-1 4.22379E-1 3.77596E-1 3.32463E-1 3.47207E-1 3.85726E-1 2.26404E-1
-9999 -9999 -9999 -9999 -9999 -9999 7.92448E-2 3.08252E-1 3.45454E-1 4.78232E-1 5.32533E-1 5.89438E-1 6.40167E-1 6.55673E-1 6.21132E-1 5.8987E-1 6.04E-1 6.09386E-1 5.54931E-1 5.14317E-1 4.76421E-1 4.27017E-1 4.10999E-1 4.01091E-1 3.99036E-1 3.61595E-1 4.883E-1 4.70976E-1 5.45612E-1 5.90572E-1 5.48068E-1 3.98909E-1 5.35338E-1 4.61925E-1 3.96815E-1 3.71403E-1 3.90478E-1 3.99069E-1 4.84139E-1 5.44564E-1 6.57475E-1 5.16671E-1 6.49971E-1 6.28687E-1 6.49855E-1 7.27933E-1 7.58799E-1 7.29364E-1 5.54251E-1 7.36864E-1 6.35268E-1 5.71439E-1 5.31073E-1 5.03142E-1 3.80146E-1 3.74708E-1 2.79159E-1 2.38617E-1 3.54804E-1 3.32313E-1
-9999 -9999 -9999 -9999 -9999 -9999 -9999 4.81857E-1 4.88249E-1 5.44696E-1 5.55238E-1 6.17467E-1 6.73402E-1 7.19073E-1 7.32156E-1 6.7123E-1 6.69931E-1 6.52019E-1 5.96772E-1 5.56195E-1 5.21038E-1 4.6379E-1 3.92926E-1 2.83991E-1 1.76575E-1 2.01766E-1 4.39554E-1 4.70055E-1 5.34519E-1 5.74069E-1 5.35241E-1 4.2913E-1 5.43945E-1 4.68197E-1 4.18512E-1 4.074E-1 4.08772E-1 4.70433E-1 5.05447E-1 5.77075E-1 6.06538E-1 6.43142E-1 6.12304E-1 5.98971E-1 6.79025E-1 6.43443E-1 6.55659E-1 7.67279E-1 7.51861E-1 6.82343E-1 5.75624E-1 5.41011E-1 5.01393E-1 2.21167E-1 3.96462E-1 3.33719E-1 3.6028E-1 2.23333E-1 3.11457E-1 3.53852E-1
-9999 -9999 -9999 -9999 -9999 -9999 -9999 4.09922E-1 5.45264E-1 5.58978E-1 5.62748E-1 6.22668E-1 6.8055E-1 7.34085E-1 5.82387E-1 5.95417E-1 6.38026E-1 6.89671E-1 6.37837E-1 6.01729E-1 5.50269E-1 4.76911E-1 2.8256E-1 1.96971E-1 1.90031E-1 2.0146E-1 3.67878E-1 4.58536E-1 5.20382E-1 5.53079E-1 5.08136E-1 4.75441E-1 5.49952E-1 4.87274E-1 4.43984E-1 3.86568E-1 4.49775E-1 5.15806E-1 5.54542E-1 2.81042E-1 6.76122E-1 6.21453E-1 5.7193E-1 5.90152E-1 6.6493E-1 7.45628E-1 7.38653E-1 7.22031E-1 7.02439E-1 6.40053E-1 5.12332E-1 4.77884E-1 4.38145E-1 4.36004E-1 3.46807E-1 3.77557E-1 3.69899E-1 2.55554E-1 5.18413E-1 5.61135E-1
-9999 -9999 -9999 -9999 -9999 -9999 -9999 -9999 3.44065E-1 5.42882E-1 5.4657E-1 6.03332E-1 6.59938E-1 7.0556E-1 7.47398E-1 8.00581E-1 8.03456E-1 6.6127E-1 7.76692E-1 7.27461E-1 6.08123E-1 5.32375E-1 3.23587E-1 2.79855E-1 2.78444E-1 2.67052E-1 4.35867E-1 4.74047E-1 5.28185E-1 5.73865E-1 5.95606E-1 6.52559E-1 6.26318E-1 6.08159E-1 5.38254E-1 5.34381E-1 5.76717E-1 6.35575E-1 4.41708E-1 6.42671E-1 6.38892E-1 5.86704E-1 5.2221E-1 5.44738E-1 5.86532E-1 5.78268E-1 5.89784E-1 5.59842E-1 5.42995E-1 5.29113E-1 5.50587E-1 5.12988E-1 4.96872E-1 5.27012E-1 2.80015E-1 5.06573E-1 4.23687E-1 3.99369E-1 4.90807E-1 6.21227E-1
-9999 -9999 -9999 -9999 -9999 -9999 -9999 -9999 2.5116E-1 5.07285E-1 4.50867E-1 5.5161E-1 6.22149E-1 6.61681E-1 7.0961E-1 7.57914E-1 7.74114E-1 7.93113E-1 7.70838E-1 7.18333E-1 6.01127E-1 4.85773E-1 3.38042E-1 3.47059E-1 3.69939E-1 3.26283E-1 4.24338E-1 5.23234E-1 5.60619E-1 5.90133E-1 5.922E-1 6.48033E-1 5.92835E-1 5.96396E-1 3.77232E-1 4.77263E-1 5.3489E-1 6.4792E-1 5.68208E-1 6.29143E-1 5.92332E-1 5.44606E-1 4.88384E-1 4.75976E-1 5.17959E-1 5.06442E-1 5.25841E-1 5.0953E-1 4.8561E-1 4.73312E-1 5.04125E-1 5.06715E-1 5.51784E-1 5.69901E-1 6.27867E-1 5.91405E-1 5.30102E-1 3.13776E-1 6.31793E-1 5.89319E-1
-9999 -9999 -9999 -9999 -9999 -9999 -9999 -9999 1.09981E-1 3.92416E-1 4.45342E-1 5.2581E-1 5.71883E-1 6.1689E-1 6.56883E-1 7.13038E-1 7.361E-1 7.49043E-1 7.29774E-1 6.82761E-1 5.79323E-1 5.2049E-1 3.71416E-1 4.39933E-1 4.77705E-1 4.26746E-1 5.21521E-1 5.71897E-1 6.14391E-1 6.31225E-1 6.2611E-1 5.61597E-1 6.47104E-1 4.80475E-1 3.7903E-1 5.79849E-1 6.4863E-1 5.46847E-1 6.58226E-1 6.25354E-1 5.89649E-1 5.17861E-1 4.43729E-1 4.18981E-1 4.5135E-1 4.38042E-1 4.55772E-1 4.46718E-1 4.38642E-1 4.37803E-1 5.07346E-1 5.43695E-1 6.10354E-1 6.37358E-1 6.69078E-1 4.27059E-1 5.62521E-1 6.12478E-1 5.59992E-1 3.79514E-1
-9999 -9999 -9999 -9999 -9999 -9999 -9999 -9999 -9999 3.88529E-1 4.39929E-1 4.80692E-1 5.34798E-1 5.67533E-1 5.98029E-1 6.67913E-1 6.90065E-1 6.96033E-1 6.73375E-1 6.39483E-1 5.41363E-1 4.92394E-1 4.36683E-1 5.14102E-1 5.66328E-1 5.42108E-1 5.98503E-1 6.26758E-1 6.5717E-1 6.84406E-1 5.82051E-1 5.57698E-1 6.41236E-1 4.47852E-1 4.26731E-1 5.68655E-1 6.1474E-1 6.32216E-1 6.22928E-1 5.90575E-1 5.64347E-1 4.88299E-1 4.15728E-1 3.60956E-1 3.83391E-1 3.72536E-1 3.83913E-1 3.84081E-1 3.77551E-1 4.34951E-1 5.51897E-1 5.96808E-1 6.4019E-1 6.85946E-1 7.25826E-1 5.94339E-1 5.91862E-1 4.10095E-1 2.40288E-1 4.45937E-1
-9999 -9999 -9999 -9999 -9999 -9999 -9999 -9999 -9999 4.38337E-1 4.67844E-1 5.36286E-1 5.86017E-1 6.23351E-1 6.48517E-1 6.93082E-1 6.89476E-1 6.84244E-1 6.66999E-1 6.44383E-1 5.61662E-1 5.21775E-1 4.89339E-1 5.35161E-1 5.94513E-1 5.93424E-1 6.45091E-1 6.78461E-1 6.94224E-1 5.28243E-1 6.4925E-1 3.81684E-1 6.54818E-1 5.91861E-1 5.63507E-1 5.39271E-1 5.40783E-1 5.2251E-1 5.64492E-1 5.4097E-1 5.24931E-1 4.53006E-1 3.90357E-1 3.51561E-1 3.75987E-1 3.6748E-1 3.76361E-1 3.66874E-1 3.69049E-1 4.37772E-1 5.53926E-1 6.30888E-1 6.73377E-1 7.03289E-1 5.699E-1 4.56368E-1 3.14638E-1 2.73061E-1 4.15839E-1 5.91792E-1
-9999 -9999 -9999 -9999 -9999 -9999 -9999 -9999 -9999 4.5696E-1 5.14816E-1 5.76823E-1 6.32251E-1 6.76589E-1 7.1374E-1 7.58837E-1 7.50558E-1 7.51399E-1 7.3865E-1 7.16802E-1 6.48684E-1 5.97484E-1 5.17351E-1 6.02803E-1 6.49467E-1 6.68802E-1 7.22558E-1 5.23037E-1 7.22072E-1 7.12651E-1 6.80281E-1 7.25566E-1 6.48945E-1 6.21495E-1 6.47668E-1 6.24769E-1 4.95728E-1 4.61591E-1 5.1821E-1 5.07065E-1 4.84667E-1 4.35331E-1 4.08604E-1 3.682E-1 4.73879E-1 5.34207E-1 5.39979E-1 5.31606E-1 4.34896E-1 4.64433E-1 5.00865E-1 6.02343E-1 6.80571E-1 6.34828E-1 4.48912E-1 6.08142E-1 4.34183E-1 3.20148E-1 4.44924E-1 5.68488E-1
