Phytophthora/models/20240430_1155_37/Phytophthora_PA3_RUN10_MAXENT_outputs/Phytophthora_PA3_RUN10.asc
ncols         225
nrows         269
xllcorner     473000.0
yllcorner     4429100.0
cellsize      50.0
NODATA_value  -9999
[rows 189 to 215 of 269, columns 0 to 59 of 225]
-9999 -9999 -9999 -9999 -9999 -9999 -9999 -9999 -9999 -9999 -9999 -9999 -9999 -9999 -9999 -9999 6.63759E-1 8.49597E-1 8.31354E-1 8.20214E-1 7.34255E-1 6.48007E-1 6.45268E-1 5.97425E-1 5.7928E-1 6.7895E-1 6.61964E-1 5.93623E-1 5.5479E-1 4.765E-1 5.2674E-1 5.51941E-1 6.48484E-1 7.82672E-1 6.36872E-1 5.03315E-1 6.16136E-1 5.40772E-1 7.32927E-1 6.89214E-1 5.66007E-1 4.98812E-1 4.5483E-1 4.51639E-1 4.59073E-1 6.68333E-1 7.10211E-1 7.96155E-1 7.80944E-1 7.17373E-1 6.26111E-1 5.42502E-1 5.96062E-1 6.02928E-1 5.29406E-1 5.98634E-1 6.04488E-1 5.79503E-1 5.50137E-1 5.6725E-1
-9999 -9999 -9999 -9999 -9999 -9999 -9999 -9999 -9999 -9999 -9999 -9999 -9999 -9999 -9999 7.77105E-1 7.75459E-1 8.57691E-1 8.2298E-1 7.79228E-1 6.78684E-1 6.10564E-1 6.16024E-1 6.3427E-1 3.98474E-1 4.56318E-1 3.99937E-1 4.71326E-1 5.09966E-1 4.57051E-1 5.55213E-1 6.25194E-1 6.89942E-1 7.30121E-1 8.01609E-1 7.54746E-1 4.97281E-1 5.00432E-1 7.01074E-1 6.69459E-1 5.4909E-1 4.50448E-1 4.11594E-1 4.73843E-1 5.22956E-1 6.59183E-1 6.30844E-1 7.63202E-1 7.59324E-1 6.22259E-1 5.2818E-1 5.09536E-1 5.92671E-1 6.23746E-1 5.53142E-1 6.12573E-1 6.60314E-1 6.35037E-1 5.87748E-1 5.53676E-1
-9999 -9999 -9999 -9999 -9999 -9999 -9999 -9999 -9999 -9999 -9999 -9999 -9999 -9999 -9999 6.85714E-1 5.94737E-1 7.09987E-1 6.54055E-1 5.82625E-1 5.68986E-1 5.21677E-1 5.32904E-1 4.71514E-1 3.64019E-1 3.20523E-1 3.36436E-1 2.95956E-1 3.04876E-1 3.75857E-1 4.92899E-1 5.43958E-1 5.75362E-1 5.06626E-1 3.67621E-1 6.41393E-1 4.75501E-1 4.52145E-1 6.47734E-1 6.48681E-1 6.41588E-1 5.41249E-1 4.27916E-1 5.64039E-1 4.53597E-1 3.05832E-1 3.96934E-1 3.04171E-1 4.94276E-1 4.39284E-1 4.61254E-1 4.77684E-1 5.76782E-1 6.43334E-1 7.01168E-1 6.68842E-1 6.78277E-1 7.49027E-1 6.82129E-1 6.26032E-1
-9999 -9999 -9999 -9999 -9999 -9999 -9999 -9999 -9999 -9999 -9999 -9999 -9999 -9999 -9999 -9999 6.74049E-1 6.58143E-1 6.03066E-1 5.43486E-1 5.16001E-1 5.09654E-1 4.92471E-1 4.613E-1 3.30929E-1 2.71629E-1 3.25848E-1 2.79807E-1 3.44503E-1 3.84005E-1 5.07869E-1 4.74761E-1 4.95278E-1 5.46849E-1 5.38855E-1 3.01801E-1 6.19129E-1 6.76355E-1 6.58457E-1 6.13329E-1 5.4232E-1 5.38642E-1 4.95387E-1 5.41409E-1 4.20846E-1 2.85495E-1 2.85704E-1 4.35273E-1 3.44338E-1 3.30771E-1 4.20418E-1 4.84451E-1 5.4798E-1 5.60722E-1 5.20437E-1 6.14696E-1 5.95924E-1 8.27732E-1 7.86862E-1 7.177E-1
-9999 -9999 -9999 -9999 -9999 -9999 -9999 -9999 -9999 -9999 -9999 -9999 -9999 -9999 -9999 -9999 6.03406E-1 5.83449E-1 5.48131E-1 5.1921E-1 5.26824E-1 4.80684E-1 4.45364E-1 3.9636E-1 2.60523E-1 2.31243E-1 3.01966E-1 3.19418E-1 3.48583E-1 4.31542E-1 5.16107E-1 5.13155E-1 5.94795E-1 6.4058E-1 6.70358E-1 2.55556E-1 7.51567E-1 7.29475E-1 6.89547E-1 5.88357E-1 5.56987E-1 5.75325E-1 5.68781E-1 2.16142E-1 4.94542E-1 4.67E-1 3.39428E-1 3.29156E-1 2.67487E-1 2.62869E-1 4.50318E-1 5.34705E-1 5.82058E-1 5.43264E-1 5.3075E-1 6.17143E-1 3.21043E-1 6.83249E-1 7.84663E-1 7.23429E-1
-9999 -9999 -9999 -9999 -9999 -9999 -9999 -9999 -9999 -9999 -9999 -9999 -9999 -9999 -9999 -9999 -9999 5.08697E-1 4.98811E-1 4.86954E-1 5.05695E-1 4.50752E-1 4.1174E-1 2.95518E-1 2.55618E-1 2.9634E-1 3.46615E-1 4.23808E-1 4.45574E-1 5.4479E-1 6.82972E-1 6.78705E-1 7.13485E-1 6.57995E-1 6.52344E-1 4.54561E-1 4.92662E-1 7.21632E-1 6.53571E-1 5.81493E-1 6.58138E-1 3.26718E-1 5.39153E-1 4.1458E-1 3.25287E-1 2.89101E-1 3.05387E-1 3.07734E-1 3.15632E-1 3.8933E-1 5.31448E-1 4.94996E-1 4.78868E-1 5.32752E-1 5.87481E-1 6.13237E-1 6.4812E-1 6.67399E-1 7.61214E-1 7.1143E-1
-9999 -9999 -9999 -9999 -9999 -9999 -9999 -9999 -9999 -9999 -9999 -9999 -9999 -9999 -9999 -9999 -9999 -9999 -9999 -9999 -9999 -9999 3.95724E-1 3.23498E-1 3.24562E-1 4.05204E-1 4.24564E-1 4.66912E-1 5.79362E-1 6.8039E-1 7.33926E-1 6.0376E-1 5.6806E-1 5.75535E-1 5.95564E-1 7.52454E-1 7.44175E-1 6.86212E-1 5.70011E-1 6.63309E-1 6.57714E-1 5.98302E-1 4.05584E-1 2.83306E-1 2.36645E-1 2.04913E-1 2.43945E-1 2.91575E-1 3.09874E-1 3.90934E-1 5.05739E-1 5.55443E-1 5.17026E-1 5.25908E-1 5.34578E-1 5.61781E-1 6.60358E-1 6.63443E-1 7.29127E-1 6.75368E-1
-9999 -9999 -9999 -9999 -9999 -9999 -9999 -9999 -9999 -9999 -9999 -9999 -9999 -9999 -9999 -9999 -9999 -9999 -9999 -9999 -9999 -9999 -9999 -9999 4.7011E-1 4.69888E-1 4.37436E-1 4.0498E-1 6.19457E-1 7.20043E-1 7.39576E-1 7.4758E-1 7.32643E-1 6.99993E-1 7.8574E-1 6.88359E-1 7.21386E-1 6.06416E-1 4.22186E-1 5.35247E-1 4.46161E-1 3.33471E-1 2.71798E-1 1.67302E-1 1.22565E-1 1.9428E-1 2.35181E-1 3.01948E-1 3.71368E-1 4.29871E-1 5.09261E-1 5.38827E-1 4.89131E-1 4.81956E-1 4.99136E-1 4.8291E-1 5.81397E-1 6.00067E-1 5.68082E-1 6.17142E-1
-9999 -9999 -9999 -9999 -9999 -9999 -9999 -9999 -9999 -9999 -9999 -9999 -9999 -9999 -9999 -9999 -9999 -9999 -9999 -9999 -9999 -9999 -9999 -9999 -9999 -9999 3.99244E-1 4.08575E-1 5.18681E-1 6.04632E-1 7.29161E-1 7.44906E-1 5.52023E-1 3.99398E-1 6.23743E-1 6.811E-1 6.18107E-1 5.41079E-1 5.83145E-1 5.73833E-1 3.57635E-1 2.88817E-1 2.69652E-1 2.40455E-1 1.59299E-1 2.30339E-1 1.9639E-1 3.55809E-1 3.92807E-1 4.08792E-1 4.36806E-1 4.14893E-1 3.57315E-1 3.55825E-1 5.01119E-1 5.39351E-1 6.15442E-1 5.96021E-1 5.9844E-1 5.81314E-1
-9999 -9999 -9999 -9999 -9999 -9999 -9999 -9999 -9999 -9999 -9999 -9999 -9999 -9999 -9999 -9999 -9999 -9999 -9999 -9999 -9999 -9999 -9999 -9999 -9999 -9999 -9999 3.02269E-1 4.06061E-1 5.00212E-1 5.67876E-1 7.30213E-1 5.90882E-1 7.28514E-1 5.80128E-1 6.71216E-1 4.70752E-1 6.0546E-1 6.06986E-1 2.89344E-1 3.90977E-1 3.93571E-1 3.2542E-1 2.54103E-1 2.61069E-1 3.7942E-1 4.08413E-1 4.3286E-1 4.42999E-1 4.52971E-1 4.47384E-1 3.47412E-1 3.18363E-1 3.26499E-1 3.90431E-1 5.45535E-1 5.69881E-1 5.76004E-1 5.35545E-1 5.95981E-1
-9999 -9999 -9999 -9999 -9999 -9999 -9999 -9999 -9999 -9999 -9999 -9999 -9999 -9999 -9999 -9999 -9999 -9999 -9999 -9999 -9999 -9999 -9999 -9999 -9999 -9999 -9999 3.1875E-1 3.82064E-1 5.20201E-1 6.76763E-1 7.44428E-1 7.01153E-1 5.56473E-1 5.92428E-1 7.04871E-1 4.38396E-1 5.1162E-1 5.75813E-1 3.5321E-1 7.99201E-2 4.56025E-1 2.71878E-1 2.27501E-1 2.33327E-1 3.15336E-1 4.49988E-1 4.85658E-1 4.7501E-1 4.122E-1 3.95771E-1 3.19795E-1 3.43165E-1 4.07306E-1 4.2179E-1 4.38458E-1 5.36157E-1 6.44169E-1 6.39061E-1 6.02628E-1
-9999 -9999 -9999 -9999 -9999 -9999 -9999 -9999 -9999 -9999 -9999 -9999 -9999 -9999 -9999 -9999 -9999 -9999 -9999 -9999 -9999 -9999 -9999 -9999 -9999 -9999 -9999 3.98506E-1 4.21755E-1 5.49421E-1 4.96398E-1 7.29078E-1 5.60439E-1 4.92377E-1 7.05462E-1 5.71872E-1 5.14356E-1 3.90422E-1 6.32829E-1 5.4928E-1 4.81513E-1 4.76638E-1 2.88295E-1 2.51378E-1 2.62143E-1 4.53845E-1 5.06138E-1 5.09129E-1 4.26787E-1 3.63298E-1 3.96882E-1 3.78711E-1 4.04195E-1 4.42438E-1 5.07983E-1 3.96519E-1 4.29016E-1 4.34715E-1 5.10205E-1 5.63472E-1
-9999 -9999 -9999 -9999 -9999 -9999 -9999 -9999 -9999 -9999 -9999 -9999 -9999 -9999 -9999 -9999 -9999 -9999 -9999 -9999 -9999 -9999 -9999 -9999 -9999 -9999 4.27728E-1 5.43984E-1 5.5949E-1 7.19733E-1 7.51087E-1 -9999 4.64582E-1 6.39982E-1 6.66615E-1 5.10929E-1 5.44046E-1 4.80561E-1 3.63817E-1 5.02862E-1 6.30617E-1 2.11426E-1 3.64492E-1 3.69075E-1 3.77881E-1 5.51985E-1 5.91429E-1 6.02761E-1 4.29343E-1 3.98579E-1 4.88696E-1 4.19986E-1 5.24177E-1 4.70909E-1 3.53741E-1 6.86839E-2 4.47237E-1 4.59167E-1 4.86167E-1 4.72029E-1
-9999 -9999 -9999 -9999 -9999 -9999 -9999 -9999 -9999 -9999 -9999 -9999 -9999 -9999 -9999 -9999 -9999 -9999 -9999 -9999 -9999 -9999 -9999 -9999 -9999 -9999 4.95375E-1 5.77602E-1 3.14461E-1 -9999 -9999 -9999 5.19641E-1 6.06349E-1 5.01435E-1 4.62671E-1 2.95989E-1 5.19427E-1 6.67636E-1 6.3698E-1 5.17921E-1 5.07732E-1 2.03315E-1 1.44524E-1 4.51744E-1 5.89458E-1 6.23833E-1 5.53919E-1 4.72189E-1 5.02122E-1 6.50212E-1 5.28432E-1 6.18132E-1 3.3788E-1 3.69921E-1 4.21407E-1 4.36664E-1 3.74244E-1 3.91371E-1 4.18494E-1
-9999 -9999 -9999 -9999 -9999 -9999 -9999 -9999 -9999 -9999 -9999 -9999 -9999 -9999 -9999 -9999 -9999 -9999 -9999 -9999 -9999 -9999 -9999 -9999 -9999 -9999 -9999 4.3938E-1 -9999 -9999 -9999 -9999 2.86022E-1 4.34387E-1 4.91459E-1 4.88567E-1 3.49342E-1 4.28131E-1 3.88874E-1 3.53492E-1 5.36038E-1 3.07306E-1 4.22027E-1 2.74159E-1 1.61798E-1 6.3038E-1 6.63321E-1 7.16468E-1 6.25762E-1 6.80601E-1 6.46184E-1 7.02595E-1 3.78141E-1 5.28116E-1 3.96563E-1 4.39796E-1 4.19125E-1 3.85703E-1 3.41943E-1 4.98953E-1
-9999 -9999 -9999 -9999 -9999 -9999 -9999 -9999 -9999 -9999 -9999 -9999 -9999 -9999 -9999 -9999 -9999 -9999 -9999 -9999 -9999 -9999 -9999 -9999 -9999 -9999 -9999 -9999 -9999 -9999 -9999 -9999 -9999 4.38855E-1 5.1932E-1 4.03594E-1 3.87399E-1 3.89117E-1 5.87637E-1 5.45656E-1 4.04874E-1 2.69877E-1 3.90777E-1 2.80691E-1 3.06132E-1 6.31759E-1 3.80006E-1 6.27325E-1 7.57937E-1 5.65221E-1 7.80469E-1 6.10945E-1 5.05056E-1 4.52275E-1 4.13649E-1 3.71544E-1 3.44377E-1 3.67719E-1 5.06489E-1 5.01531E-1
-9999 -9999 -9999 -9999 -9999 -9999 -9999 -9999 -9999 -9999 -9999 -9999 -9999 -9999 -9999 -9999 -9999 -9999 -9999 -9999 -9999 -9999 -9999 -9999 -9999 -9999 -9999 -9999 -9999 -9999 -9999 -9999 -9999 -9999 5.65958E-1 3.17637E-1 3.89441E-1 5.50126E-1 4.60879E-1 4.39263E-1 5.11663E-1 4.10026E-1 2.38903E-1 2.47521E-1 3.3512E-1 6.07496E-1 6.67888E-1 7.87145E-1 7.31498E-1 4.76801E-1 6.39996E-1 6.42762E-1 5.61049E-1 4.44415E-1 4.40757E-1 4.14156E-1 3.97316E-1 5.16063E-1 4.13008E-1 7.44716E-1
-9999 -9999 -9999 -9999 -9999 -9999 -9999 -9999 -9999 -9999 -9999 -9999 -9999 -9999 -9999 -9999 -9999 -9999 -9999 -9999 -9999 -9999 -9999 -9999 -9999 -9999 -9999 -9999 -9999 -9999 -9999 -9999 -9999 -9999 6.0145E-1 4.20481E-1 3.3127E-1 4.8196E-1 5.08481E-1 4.40658E-1 5.53525E-1 4.86404E-1 2.80067E-1 2.56806E-1 3.50379E-1 1.59347E-1 6.724E-1 6.10596E-1 6.05081E-1 4.89032E-1 3.37408E-1 5.43487E-1 4.63997E-1 3.69835E-1 2.57493E-1 2.69385E-1 3.53366E-1 5.05757E-1 6.22157E-1 7.16273E-1
-9999 -9999 -9999 -9999 -9999 -9999 -9999 -9999 -9999 -9999 -9999 -9999 -9999 -9999 -9999 -9999 -9999 -9999 -9999 -9999 -9999 -9999 -9999 -9999 -9999 -9999 -9999 -9999 -9999 -9999 -9999 -9999 -9999 -9999 -9999 4.08489E-1 4.09014E-1 2.79345E-1 3.45976E-1 2.59201E-1 3.38717E-1 2.88261E-1 2.82376E-1 2.77693E-1 2.98683E-1 4.90267E-1 4.4352E-1 7.2624E-1 3.25993E-1 6.79878E-1 5.55687E-1 5.53489E-1 4.92907E-1 4.8539E-1 5.35495E-1 3.7839E-1 4.45633E-1 6.69725E-1 3.48277E-1 7.18419E-1
-9999 -9999 -9999 -9999 -9999 -9999 -9999 -9999 -9999 -9999 -9999 -9999 -9999 -9999 -9999 -9999 -9999 -9999 -9999 -9999 -9999 -9999 -9999 -9999 -9999 -9999 -9999 -9999 -9999 -9999 -9999 -9999 -9999 -9999 -9999 2.39102E-1 2.71688E-1 2.25961E-1 2.87485E-1 1.83026E-1 2.39766E-1 2.5894E-1 2.34777E-1 3.01525E-1 2.43549E-1 4.13534E-1 4.56221E-1 7.27917E-1 4.11985E-1 4.40999E-1 2.82036E-1 5.5553E-1 4.81481E-1 4.32708E-1 4.56288E-1 4.13686E-1 4.70756E-1 3.18881E-1 1.60895E-1 4.70928E-1
-9999 -9999 -9999 -9999 -9999 -9999 -9999 -9999 -9999 -9999 -9999 -9999 -9999 -9999 -9999 -9999 -9999 -9999 -9999 -9999 -9999 -9999 -9999 -9999 -9999 -9999 -9999 -9999 -9999 -9999 -9999 -9999 -9999 -9999 -9999 -9999 3.25297E-1 2.71499E-1 2.56703E-1 2.76789E-1 2.75732E-1 2.60202E-1 2.57078E-1 3.18963E-1 5.21273E-1 2.86815E-1 4.844E-1 5.64247E-1 7.06786E-1 6.02393E-1 4.35687E-1 5.6097E-1 4.73203E-1 4.95216E-1 5.48935E-1 4.95889E-1 3.68758E-1 4.09076E-1 3.97115E-1 4.32392E-1
-9999 -9999 -9999 -9999 -9999 -9999 -9999 -9999 -9999 -9999 -9999 -9999 -9999 -9999 -9999 -9999 -9999 -9999 -9999 -9999 -9999 -9999 -9999 -9999 -9999 -9999 -9999 -9999 -9999 -9999 -9999 -9999 -9999 -9999 -9999 -9999 4.19986E-1 4.30398E-1 3.48356E-1 2.33231E-1 2.69751E-1 2.04554E-1 2.6656E-1 4.21132E-1 2.66955E-1 4.46726E-1 5.4789E-1 4.33721E-1 7.77401E-1 5.55247E-1 5.70033E-1 5.24714E-1 4.49364E-1 4.7545E-1 5.10731E-1 4.95355E-1 3.19485E-1 3.80074E-1 3.86353E-1 4.24309E-1
-9999 -9999 -9999 -9999 -9999 -9999 -9999 -9999 -9999 -9999 -9999 -9999 -9999 -9999 -9999 -9999 -9999 -9999 -9999 -9999 -9999 -9999 -9999 -9999 -9999 -9999 -9999 -9999 -9999 -9999 -9999 -9999 -9999 -9999 -9999 -9999 3.92173E-1 3.82727E-1 3.14272E-1 2.42098E-1 4.50039E-1 3.54636E-1 4.15406E-1 5.84062E-1 4.37478E-1 3.88333E-1 4.16619E-1 5.46757E-1 7.28289E-1 4.97491E-1 6.03235E-1 5.93134E-1 5.54932E-1 6.17874E-1 6.17613E-1 5.53235E-1 3.97022E-1 4.48824E-1 3.04033E-1 4.76065E-1
-9999 -9999 -9999 -9999 -9999 -9999 -9999 -9999 -9999 -9999 -9999 -9999 -9999 -9999 -9999 -9999 -9999 -9999 -9999 -9999 -9999 -9999 -9999 -9999 -9999 -9999 -9999 -9999 -9999 -9999 -9999 -9999 -9999 -9999 -9999 -9999 2.85014E-1 3.22177E-1 2.92783E-1 2.43695E-1 4.71762E-1 4.10005E-1 4.65977E-1 4.5792E-1 5.4063E-1 4.21415E-1 3.79788E-1 4.07189E-1 4.58032E-1 5.46004E-1 5.46535E-1 5.30553E-1 5.60711E-1 6.57269E-1 5.85297E-1 3.87378E-1 3.79659E-1 3.85399E-1 3.58514E-1 5.47636E-1
-9999 -9999 -9999 -9999 -9999 -9999 -9999 -9999 -9999 -9999 -9999 -9999 -9999 -9999 -9999 -9999 -9999 -9999 -9999 -9999 -9999 -9999 -9999 -9999 -9999 -9999 -9999 -9999 -9999 -9999 -9999 -9999 -9999 -9999 -9999 -9999 -9999 3.79915E-1 4.16792E-1 4.08842E-1 5.62061E-1 5.43253E-1 5.26588E-1 4.98793E-1 4.6728E-1 4.8948E-1 4.79973E-1 4.2736E-1 3.39575E-1 4.41862E-1 4.69134E-1 5.29242E-1 5.69178E-1 6.50727E-1 5.03896E-1 5.00035E-1 4.0417E-1 3.54606E-1 3.88534E-1 4.92614E-1
-9999 -9999 -9999 -9999 -9999 -9999 -9999 -9999 -9999 -9999 -9999 -9999 -9999 -9999 -9999 -9999 -9999 -9999 -9999 -9999 -9999 -9999 -9999 -9999 -9999 -9999 -9999 -9999 -9999 -9999 -9999 -9999 -9999 -9999 -9999 -9999 -9999 -9999 3.48936E-1 3.99688E-1 5.25719E-1 6.17534E-1 5.44882E-1 5.26291E-1 6.02622E-1 5.05988E-1 5.16863E-1 5.44512E-1 5.00642E-1 3.74302E-1 4.82695E-1 5.8726E-1 6.34347E-1 3.46185E-1 5.11613E-1 3.85874E-1 3.59916E-1 3.79793E-1 4.69646E-1 5.91369E-1
-9999 -9999 -9999 -9999 -9999 -9999 -9999 -9999 -9999 -9999 -9999 -9999 -9999 -9999 -9999 -9999 -9999 -9999 -9999 -9999 -9999 -9999 -9999 -9999 -9999 -9999 -9999 -9999 -9999 -9999 -9999 -9999 -9999 -9999 -9999 -9999 -9999 -9999 -9999 -9999 3.48473E-1 4.52995E-1 6.98477E-1 5.97719E-1 6.5834E-1 7.25452E-1 5.71128E-1 5.9165E-1 5.45185E-1 4.60524E-1 3.98967E-1 5.16475E-1 3.86843E-1 5.20418E-1 4.09068E-1 3.6924E-1 3.4945E-1 3.46041E-1 4.17044E-1 5.58699E-1
