Phytophthora/models/20240430_1626_40/Phytophthora_PA3_RUN9_MAXENT_outputs/projMaxent.asc
ncols         225
nrows         269
xllcorner     473009.9838
yllcorner     4429051.1748
cellsize      50.0
NODATA_value  -9999
[rows 78 to 103 of 269, columns 60 to 119 of 225]
1.04258E-2 1.18845E-2 1.13031E-2 1.11244E-2 1.19372E-2 5.26156E-3 1.81747E-2 2.5772E-2 3.26173E-2 4.41176E-2 6.30153E-2 6.08963E-2 6.89373E-2 8.15867E-2 9.28857E-2 1.08126E-1 8.41851E-2 8.73511E-3 8.99134E-2 7.7698E-2 1.99597E-2 6.41507E-2 8.69759E-2 3.73549E-2 2.24383E-2 3.59087E-2 5.60168E-2 8.49913E-2 1.14518E-1 1.34812E-1 6.75268E-2 1.18504E-1 1.18928E-1 4.69845E-2 1.87622E-1 2.00935E-1 1.90871E-1 2.24524E-1 2.13071E-1 2.92843E-1 3.83817E-1 3.5324E-1 6.193E-2 2.10448E-1 2.03264E-1 1.7325E-1 3.07135E-1 6.00436E-2 3.19317E-1 2.03662E-1 1.53066E-1 1.58087E-1 1.6551E-1 2.05859E-1 -9999 -9999 -9999 -9999 -9999 -9999
1.42871E-2 1.1056E-3 1.41301E-2 1.1969E-2 1.16327E-2 1.37064E-2 1.62496E-2 6.91582E-3 2.16364E-2 7.75269E-3 5.85508E-2 6.79279E-2 7.97348E-2 8.69558E-2 9.68442E-2 9.89347E-2 1.0799E-1 7.22918E-2 7.2597E-2 7.08301E-2 5.09342E-2 -9999 3.71631E-2 2.69283E-2 2.64594E-2 3.90807E-2 5.86583E-2 9.1586E-2 1.2618E-1 1.79858E-1 1.43283E-1 1.19876E-1 1.2366E-1 2.08941E-1 2.00976E-1 2.10941E-1 1.87254E-1 2.12395E-1 2.10987E-1 2.33258E-1 3.25964E-1 3.39866E-1 2.91058E-1 2.87379E-1 3.08929E-1 3.73934E-1 3.54623E-1 4.74893E-2 4.04317E-1 2.54556E-1 1.33363E-1 1.77472E-1 2.33534E-1 2.72323E-1 -9999 -9999 -9999 -9999 -9999 -9999
2.10958E-2 2.15451E-3 1.66875E-2 1.48225E-2 7.34086E-3 7.52491E-3 1.04813E-2 1.35116E-2 1.45348E-2 2.20188E-2 8.29355E-3 4.27568E-2 4.09478E-3 5.03191E-2 5.81992E-2 1.22013E-1 1.1576E-1 1.17387E-1 1.10997E-1 1.01179E-1 3.3748E-2 -9999 2.8267E-2 2.43186E-2 2.64553E-2 3.88552E-2 5.63391E-2 8.2552E-2 1.14959E-1 1.65988E-1 1.97026E-1 1.5423E-1 1.21941E-1 1.52561E-1 1.72958E-1 2.36188E-1 2.6419E-1 2.63105E-1 2.33548E-1 2.35578E-1 2.23774E-1 2.26588E-1 2.39645E-1 7.46063E-2 2.14372E-1 1.6133E-1 5.52607E-2 5.50961E-1 4.26271E-1 2.65566E-1 1.90998E-1 1.14428E-1 1.57527E-1 1.85604E-1 1.99748E-1 1.92254E-1 -9999 -9999 -9999 -9999
2.79606E-2 2.53143E-2 1.9555E-2 1.08302E-2 1.15065E-2 9.55502E-3 9.27961E-3 1.28733E-2 1.38205E-2 1.84152E-2 3.32524E-2 4.1509E-2 4.32003E-2 3.92449E-2 4.14863E-2 6.31614E-2 7.06791E-2 1.13328E-1 1.08238E-1 9.7021E-2 3.09834E-2 -9999 3.01347E-2 2.98579E-2 2.89795E-2 4.04014E-2 5.67358E-2 7.77906E-2 9.94977E-2 1.38293E-1 1.97451E-1 1.65284E-1 1.48899E-1 1.53504E-1 1.68483E-1 2.79872E-1 3.08907E-1 2.68553E-1 2.78838E-1 2.348E-1 2.51009E-1 1.80442E-1 2.37999E-1 2.31093E-1 2.34634E-1 3.1806E-1 3.08437E-1 5.63666E-2 8.46497E-2 4.86206E-2 1.84936E-1 3.94209E-2 3.20326E-1 1.5362E-1 1.45281E-1 2.36649E-2 1.25483E-1 1.11732E-1 -9999 -9999
2.43704E-2 1.83312E-2 2.32095E-2 1.6323E-2 1.37032E-2 1.26384E-2 1.34132E-2 1.48212E-2 1.65994E-2 2.18834E-2 2.95376E-2 3.34352E-2 3.47332E-2 3.53754E-2 3.95343E-2 5.76982E-2 7.22857E-2 1.00571E-1 1.15714E-1 1.07524E-1 8.44594E-3 4.17254E-2 -9999 3.81385E-2 3.92655E-2 4.13508E-2 5.15781E-2 6.76701E-2 8.8117E-2 1.28995E-1 1.93722E-1 2.06282E-1 2.20098E-1 8.07509E-2 1.94802E-1 3.70928E-2 3.47723E-1 2.73385E-1 2.86515E-1 2.64475E-1 2.7516E-1 2.48863E-1 2.39868E-1 2.15518E-1 2.24969E-1 3.08836E-1 1.97016E-1 3.65252E-2 2.07159E-1 1.90897E-1 2.3299E-1 1.20222E-1 2.22134E-1 2.00932E-2 1.85851E-1 1.56866E-1 1.3616E-1 1.16315E-1 1.00578E-1 -9999
2.75733E-2 3.42257E-2 3.21452E-2 2.46028E-2 1.57135E-2 1.42677E-2 1.67799E-2 4.90517E-3 6.654E-3 2.84912E-3 3.74653E-2 3.72449E-2 3.39956E-2 3.20951E-2 3.60171E-2 7.69711E-2 9.55917E-2 1.1341E-1 1.30222E-1 1.33161E-1 4.48775E-2 5.37733E-2 -9999 4.01298E-2 4.58466E-2 5.29203E-2 6.03529E-2 5.86489E-2 7.51093E-2 1.07616E-1 1.53703E-1 2.19856E-1 1.85648E-1 1.62113E-1 5.15949E-2 3.62798E-1 3.15099E-1 1.95895E-1 2.18954E-1 2.23483E-1 2.3354E-1 2.01993E-1 1.98155E-1 1.75813E-1 1.93573E-1 2.81118E-1 1.27153E-1 4.6218E-2 2.09937E-1 2.19297E-1 2.32049E-1 2.02469E-1 2.33906E-1 2.24227E-1 1.89556E-1 1.51191E-1 1.48625E-1 1.34131E-1 1.02189E-1 -9999
3.47491E-2 4.12131E-2 4.15782E-2 3.22062E-2 2.09892E-2 1.36287E-2 1.49351E-2 1.67698E-2 1.83392E-2 2.41335E-2 8.08331E-3 4.20527E-2 3.88805E-2 3.8124E-2 3.96136E-2 7.35484E-2 9.77359E-2 1.26918E-1 1.26189E-1 1.61527E-1 1.19903E-1 6.16015E-2 5.14611E-2 -9999 3.91554E-2 5.94321E-2 8.31548E-2 7.52318E-2 8.91844E-2 1.10537E-1 1.56166E-1 1.90404E-1 1.51112E-1 2.16084E-1 2.40825E-1 3.69501E-1 2.72043E-1 2.03663E-1 1.84107E-1 1.88619E-1 2.08149E-1 1.84055E-1 1.86355E-1 1.65125E-1 2.30089E-1 1.48435E-1 2.8039E-1 1.62917E-1 2.35024E-1 2.63509E-1 2.34323E-1 2.08335E-1 2.14789E-1 2.082E-1 1.96174E-1 1.68111E-1 1.76657E-1 1.74818E-1 1.39849E-1 -9999
3.06551E-2 3.90883E-2 4.06369E-2 2.65702E-2 2.51856E-2 1.87789E-2 1.45352E-2 1.76709E-2 1.7929E-2 2.43256E-2 4.2524E-2 4.12212E-3 5.22079E-2 4.94418E-2 5.50329E-2 8.36243E-2 9.94496E-2 1.30635E-1 1.50371E-1 1.74303E-1 6.32356E-3 8.1869E-2 6.84189E-2 5.6408E-2 5.81185E-2 1.01858E-1 1.60311E-1 1.74441E-1 1.61634E-1 1.75812E-1 7.44078E-2 1.70951E-1 1.85359E-1 1.89809E-1 2.95969E-1 3.62815E-2 2.99353E-1 2.80822E-1 2.33005E-1 2.18361E-1 2.23477E-1 1.9646E-1 1.87007E-1 2.29717E-1 4.43209E-1 4.10492E-1 3.62205E-1 8.57006E-2 3.04064E-1 4.52017E-2 3.33097E-1 2.79988E-1 2.43819E-1 2.54609E-1 2.59762E-1 2.93408E-1 2.9974E-1 2.84496E-1 2.56031E-1 2.03047E-1
2.96725E-2 3.86461E-2 4.05932E-2 2.85834E-2 3.58576E-2 2.51737E-2 1.73018E-2 1.65815E-2 1.68541E-2 2.04966E-2 3.61269E-2 5.45546E-2 5.18672E-2 6.08917E-2 6.35327E-2 9.271E-2 9.21391E-2 1.02475E-1 1.30449E-1 1.43787E-1 5.47136E-2 1.83408E-2 9.0788E-2 7.51137E-2 8.39853E-2 1.35086E-1 2.08975E-1 2.27239E-1 1.77102E-1 1.83559E-1 1.62212E-1 1.70576E-1 1.63677E-1 1.50834E-1 2.16734E-1 3.1018E-1 1.187E-1 3.22928E-1 2.76078E-1 2.54437E-1 2.50436E-1 2.9853E-1 2.46671E-1 2.42816E-1 2.30057E-1 4.01162E-1 9.18106E-2 5.24223E-1 3.95374E-1 4.43494E-1 3.53876E-1 4.1522E-1 3.37865E-1 3.71894E-1 3.46161E-1 4.08491E-1 4.25551E-1 4.29945E-1 3.75664E-1 2.02383E-1
3.44151E-2 3.3018E-2 4.20983E-2 4.18298E-2 4.00428E-2 3.30112E-2 2.29471E-2 2.04569E-2 1.78106E-2 2.07077E-2 3.56118E-2 5.19743E-2 4.7135E-2 2.64686E-2 8.59265E-2 1.22752E-1 1.09392E-1 9.94484E-2 9.57629E-2 1.21751E-1 2.9988E-2 1.25824E-1 1.07378E-1 1.10749E-1 1.19147E-1 2.02525E-1 2.48457E-1 2.02395E-1 1.86083E-1 1.76914E-1 1.35733E-1 1.62578E-1 1.9985E-1 1.51862E-1 1.55103E-1 3.43563E-1 3.51486E-1 1.27671E-1 2.41048E-1 2.20127E-1 2.70525E-1 3.33344E-1 3.52781E-1 2.71522E-1 1.02804E-1 3.04818E-1 2.11725E-1 2.52513E-1 2.59065E-1 4.08245E-1 4.11511E-1 1.36565E-1 1.6134E-1 3.74693E-1 3.59118E-1 1.38737E-1 4.95214E-1 4.93552E-1 3.27298E-1 1.80098E-1
3.78126E-2 3.28189E-2 4.85458E-2 5.20301E-2 1.05218E-2 4.1087E-2 3.31059E-2 2.97844E-2 2.3345E-2 2.26035E-2 3.85005E-2 4.57862E-2 4.45454E-2 6.25729E-2 8.21873E-2 5.75654E-2 1.19096E-1 1.02224E-1 8.37596E-2 8.43724E-2 1.17923E-1 4.19787E-2 1.46906E-1 1.24381E-1 9.56042E-2 2.85874E-1 1.96716E-1 1.9458E-1 1.51929E-1 1.07708E-1 1.20334E-1 1.93407E-1 3.02427E-1 1.08337E-1 1.55364E-1 4.12404E-1 2.90452E-1 1.97468E-1 1.02232E-1 2.603E-1 3.37882E-1 3.88855E-1 4.56832E-1 4.83314E-1 4.23339E-1 4.06027E-1 3.88414E-1 2.74105E-1 2.75514E-1 4.90888E-1 3.92563E-1 1.55001E-1 3.15972E-1 3.94649E-1 3.89122E-1 5.02209E-1 4.8617E-1 4.44278E-1 2.72072E-1 1.69444E-1
3.53894E-2 3.74959E-2 5.44767E-2 6.13409E-2 5.66252E-2 5.83208E-2 4.78982E-2 4.11159E-2 3.25062E-2 3.20752E-2 3.56289E-2 4.43875E-2 3.89004E-2 5.4126E-2 7.27069E-2 1.45748E-1 1.32835E-1 1.36867E-1 1.14993E-1 8.3706E-2 1.14012E-1 4.17234E-2 1.57727E-1 1.3966E-1 5.86533E-2 2.8101E-1 1.7825E-1 1.47131E-1 1.51296E-1 1.67047E-1 1.40639E-1 1.76454E-1 -9999 -9999 1.82706E-1 3.09923E-1 2.21445E-1 1.77614E-1 2.19494E-1 2.95308E-1 2.38987E-1 4.61567E-1 4.78464E-1 5.53938E-1 6.07134E-1 1.21252E-1 2.61429E-1 3.36759E-1 3.41463E-1 5.46099E-1 3.48013E-1 3.23371E-1 2.7973E-1 3.79641E-1 3.63754E-1 3.87385E-1 3.99073E-1 3.20598E-1 2.27449E-1 2.12916E-1
3.57311E-2 4.42926E-2 6.25312E-2 5.71008E-2 6.37158E-2 7.85813E-2 4.40536E-2 5.10148E-2 3.72625E-2 4.33912E-2 4.1964E-2 4.91721E-2 4.69132E-2 5.79726E-2 7.58595E-2 1.61519E-1 1.55255E-1 1.48783E-1 1.77017E-1 1.10655E-1 1.1071E-1 5.05582E-2 1.65798E-1 2.83345E-1 3.0137E-1 1.56418E-1 1.27329E-1 1.08552E-1 1.22088E-1 1.9372E-1 -9999 -9999 -9999 -9999 -9999 2.09674E-1 1.61725E-1 1.53575E-1 1.71685E-1 2.11266E-1 2.86156E-1 3.75103E-1 4.76806E-1 5.70798E-1 8.87289E-2 3.96276E-1 2.45307E-1 3.80758E-1 6.48096E-2 5.79333E-1 3.27078E-1 3.03688E-1 1.19388E-1 3.38526E-1 4.33587E-1 4.11701E-1 4.37309E-1 2.41862E-1 2.89865E-1 3.16692E-1
4.25312E-2 6.16867E-2 7.53742E-2 5.86339E-2 5.86589E-2 3.55457E-2 5.89119E-2 1.44382E-2 4.66344E-2 4.92231E-2 6.02254E-2 8.66041E-2 8.00105E-2 9.95172E-2 1.11381E-1 1.84688E-1 1.89761E-2 2.41733E-1 2.34072E-1 1.84151E-1 1.59028E-1 2.50473E-1 2.9606E-1 2.09131E-2 1.81191E-1 1.45894E-1 1.35391E-1 1.13695E-1 1.29818E-1 -9999 -9999 -9999 -9999 -9999 -9999 2.28286E-1 1.79448E-1 1.58352E-1 1.72253E-1 1.89854E-1 2.55587E-1 3.26372E-1 4.63127E-1 4.34942E-1 1.98193E-1 2.71702E-2 2.09319E-1 4.15564E-1 5.77406E-1 5.68811E-1 3.48138E-2 1.91204E-1 2.42625E-1 2.10748E-1 2.12162E-1 5.39931E-1 3.42094E-1 2.57138E-1 3.23586E-1 3.80919E-1
4.39332E-2 7.18764E-2 1.92729E-2 2.44295E-2 4.66256E-2 3.78369E-2 5.18027E-2 8.01461E-2 5.82148E-2 5.05561E-2 6.17541E-2 1.08374E-1 1.30709E-1 1.40223E-1 2.15411E-2 9.54446E-2 2.42896E-1 2.35808E-1 2.24774E-1 2.20447E-1 2.02094E-1 2.77919E-1 6.02552E-2 1.68456E-1 1.45225E-1 1.7122E-1 1.55186E-1 1.25295E-1 1.30777E-1 -9999 -9999 -9999 -9999 -9999 -9999 2.74984E-1 2.41092E-1 2.27315E-1 2.11472E-1 2.1189E-1 2.73564E-1 3.25046E-1 3.16285E-1 4.33642E-1 3.4693E-1 1.931E-1 2.41884E-1 3.01557E-1 5.50382E-1 4.19037E-1 2.43404E-1 2.12705E-1 2.02182E-1 1.05767E-1 5.19063E-1 1.82617E-1 3.98424E-1 3.03206E-1 3.82443E-1 4.01765E-1
3.43747E-2 5.9138E-2 7.19525E-2 5.76339E-2 5.5981E-2 3.94253E-2 8.57598E-3 8.72971E-2 3.13149E-2 7.0481E-2 7.39314E-2 9.99256E-2 5.87265E-2 1.3987E-1 1.37232E-1 4.36878E-2 1.79225E-1 1.87885E-1 1.64683E-1 1.2841E-1 1.18165E-1 2.10192E-1 2.51372E-1 1.6248E-1 1.44548E-1 1.6201E-2 1.49104E-1 1.05576E-1 1.37426E-1 -9999 -9999 -9999 -9999 -9999 -9999 3.61791E-1 3.18383E-1 3.00581E-1 2.83139E-1 2.90753E-1 2.8562E-1 -9999 7.50528E-2 2.47428E-1 2.29675E-1 1.57183E-1 2.06981E-1 2.35557E-1 3.38418E-1 3.63751E-1 2.49623E-1 2.11813E-1 1.79659E-1 9.81035E-2 5.14712E-1 1.17489E-1 4.31064E-1 3.43671E-1 3.96914E-1 7.55593E-2
2.73697E-2 2.35378E-2 5.22949E-2 6.04595E-2 4.88566E-2 3.6002E-2 4.32657E-2 7.7704E-2 8.28014E-2 6.33905E-2 3.17984E-2 6.6396E-3 7.95674E-2 1.17027E-1 1.36337E-1 1.66623E-1 3.89719E-2 2.68822E-2 2.07305E-1 1.78761E-1 9.43536E-2 1.33862E-1 1.86074E-1 1.30399E-1 1.20268E-1 8.27226E-2 1.5114E-1 9.31081E-2 1.42864E-1 -9999 -9999 -9999 -9999 -9999 4.16959E-1 4.62342E-1 4.23788E-1 1.53744E-1 -9999 -9999 -9999 -9999 3.47734E-1 2.30997E-1 1.6866E-1 1.51104E-1 1.76973E-1 2.29162E-1 6.99796E-2 3.91121E-2 9.09812E-2 2.38282E-1 2.18127E-1 2.01265E-1 1.05391E-1 6.08922E-1 2.64479E-1 4.13574E-1 6.41504E-2 4.52387E-1
3.06266E-2 4.50779E-2 3.26115E-2 7.55687E-2 5.01225E-2 4.19837E-2 4.67519E-2 5.65825E-2 6.506E-2 1.23362E-1 1.25378E-1 1.63621E-1 1.2147E-2 9.0122E-2 8.92678E-2 1.09576E-1 1.27117E-1 1.49791E-1 1.83122E-1 6.37761E-2 5.65575E-2 1.00399E-1 1.13606E-1 1.1044E-1 1.16863E-1 1.90588E-1 1.21357E-1 1.32518E-1 1.38306E-1 -9999 -9999 -9999 -9999 -9999 -9999 -9999 -9999 -9999 -9999 -9999 -9999 -9999 3.65797E-1 3.09364E-1 3.36969E-1 2.94966E-1 2.69338E-1 3.37204E-1 1.68795E-1 4.75127E-2 4.71697E-1 4.21723E-1 4.50851E-1 5.05306E-1 7.63123E-2 6.25201E-1 6.15309E-1 6.11492E-1 5.37638E-1 4.4662E-1
1.90019E-2 2.39608E-2 2.51214E-2 3.43124E-2 3.15585E-2 3.32473E-2 3.39375E-2 3.96109E-2 4.36541E-2 5.538E-2 1.00697E-1 1.14212E-1 1.61175E-1 1.17106E-1 9.5966E-2 8.56094E-2 1.02462E-1 1.06801E-1 8.70165E-2 1.02825E-1 8.10522E-2 6.60657E-2 8.2843E-2 9.38575E-2 1.05349E-1 1.80498E-1 1.18638E-1 1.45235E-1 1.19271E-1 7.75417E-2 -9999 -9999 -9999 -9999 -9999 -9999 -9999 -9999 -9999 -9999 -9999 -9999 4.15162E-1 1.22706E-1 3.89107E-1 3.48798E-1 3.36418E-1 3.73252E-1 3.85481E-1 4.74138E-1 5.69274E-1 5.29397E-1 2.21901E-1 6.48634E-1 6.92418E-1 5.50617E-1 4.52061E-1 1.64368E-1 9.36157E-2 3.97514E-1
2.09255E-2 2.05698E-2 1.96558E-2 7.0847E-3 2.37491E-2 2.70848E-2 2.92453E-2 3.21198E-2 3.54918E-2 4.44648E-2 6.01217E-2 1.13017E-1 1.53289E-1 7.49365E-2 1.79357E-1 1.13892E-1 9.24442E-2 1.45939E-1 1.42828E-1 9.11126E-2 8.39705E-2 9.23953E-2 1.08612E-1 1.30293E-1 1.34418E-1 3.17722E-2 1.53807E-1 1.7252E-1 1.82303E-1 1.32331E-1 1.24189E-1 -9999 -9999 -9999 -9999 -9999 -9999 -9999 -9999 -9999 -9999 -9999 4.07895E-1 3.80924E-1 1.96566E-1 3.7779E-1 4.18854E-1 4.55026E-1 4.75065E-1 3.02851E-1 1.67514E-1 8.0086E-1 7.06601E-1 8.05126E-1 7.1816E-1 4.03468E-1 3.50952E-1 1.44525E-1 3.33975E-1 3.64578E-1
3.03717E-2 2.98122E-2 2.92313E-2 2.88451E-2 2.57833E-2 2.50776E-2 2.457E-2 2.76359E-2 2.78466E-2 3.72116E-2 5.18893E-2 6.97834E-2 1.67118E-1 1.68159E-1 1.52619E-1 1.45868E-1 1.02208E-1 1.28831E-2 2.76353E-2 6.35443E-2 6.34554E-2 7.28027E-2 9.28377E-2 1.14282E-1 1.32479E-1 1.50453E-1 2.5455E-2 1.38556E-1 2.52569E-1 1.27228E-1 1.38435E-1 1.14819E-1 -9999 -9999 -9999 -9999 -9999 -9999 -9999 -9999 -9999 2.52638E-1 3.60168E-1 3.66833E-1 3.83507E-1 4.0623E-1 3.8172E-1 2.03916E-1 2.86496E-1 6.32072E-2 2.67682E-1 3.29135E-1 7.13107E-1 2.3135E-1 5.8106E-1 3.94481E-1 3.9301E-1 1.99997E-1 4.51406E-1 3.60679E-1
4.02048E-2 3.6711E-2 3.62873E-2 3.78694E-2 2.02817E-2 3.89196E-2 2.85507E-2 3.03163E-2 3.15422E-2 4.21824E-2 5.52321E-2 7.39409E-2 2.49549E-2 1.41651E-1 1.67984E-1 1.43278E-1 1.0437E-1 8.65487E-2 7.09016E-2 5.96169E-2 6.16488E-2 6.68799E-2 8.78025E-2 1.25137E-1 1.47992E-1 1.63602E-1 1.78475E-1 7.46833E-2 2.41894E-1 1.35483E-1 1.92377E-1 1.66633E-1 -9999 -9999 -9999 -9999 -9999 -9999 -9999 -9999 -9999 4.15453E-1 2.44719E-1 9.49568E-2 4.00572E-1 3.81233E-1 3.7809E-1 4.54782E-1 4.43288E-1 2.88172E-1 1.9232E-1 4.279E-1 4.43502E-1 4.08504E-1 4.01251E-1 3.28265E-1 3.53312E-1 5.87279E-2 4.69372E-1 3.20901E-1
5.34482E-2 5.22718E-2 4.7748E-2 4.54636E-2 5.48751E-2 2.05019E-2 6.14064E-2 4.35687E-2 4.24159E-2 5.54373E-2 6.7312E-2 9.50048E-2 3.84454E-2 1.33877E-1 1.32161E-1 1.11771E-1 9.23334E-2 3.12827E-2 6.09903E-2 5.89267E-2 8.36131E-2 6.98387E-2 1.07028E-1 1.2742E-1 1.35087E-1 1.11536E-1 1.12437E-1 8.80169E-2 8.68683E-2 9.53312E-2 1.66173E-1 1.66709E-1 2.39479E-1 -9999 -9999 -9999 -9999 -9999 -9999 -9999 3.3364E-1 3.05328E-1 3.1524E-1 2.23912E-1 3.72772E-1 3.99329E-1 4.3497E-1 5.67473E-1 2.90204E-1 4.22227E-1 2.93278E-1 2.28723E-1 4.34244E-1 2.95102E-1 2.73371E-1 3.6999E-1 3.97405E-1 3.97123E-1 5.16799E-1 3.97647E-1
6.74562E-2 6.79861E-2 6.71313E-2 5.57256E-2 5.41724E-2 1.03309E-1 5.02678E-2 5.79206E-2 5.51798E-2 7.31631E-2 8.10325E-2 1.03461E-1 1.18472E-1 1.10901E-1 1.7773E-1 9.81809E-2 3.55032E-2 1.31093E-2 5.73881E-2 6.99579E-2 9.31747E-2 1.30974E-1 1.71939E-1 1.86515E-1 1.58086E-1 1.23408E-1 1.25648E-1 6.14618E-2 9.15219E-2 8.35858E-2 1.60647E-1 1.63635E-1 1.93771E-1 -9999 -9999 -9999 -9999 -9999 -9999 2.0945E-1 2.47583E-1 2.7794E-1 2.79134E-1 3.29743E-1 1.04907E-1 1.50811E-1 1.13768E-1 3.85592E-1 4.24892E-2 1.40833E-1 3.83904E-1 2.86821E-1 5.83899E-1 5.11474E-1 4.72764E-1 4.0941E-1 1.52493E-1 8.9936E-2 1.19283E-1 5.0141E-1
7.43496E-2 7.14029E-2 7.82197E-2 7.75794E-2 8.30542E-2 1.04998E-1 5.89862E-2 1.01721E-1 7.54357E-2 8.76807E-2 1.02256E-1 7.51027E-2 3.14893E-2 9.27528E-2 9.63884E-3 1.00075E-1 4.38798E-2 1.8081E-2 8.48577E-2 9.43574E-2 2.0383E-1 2.21914E-1 1.69899E-1 1.12745E-1 1.15493E-1 1.08149E-1 1.16574E-1 9.9402E-2 7.57658E-2 8.49383E-2 7.89802E-2 1.05297E-1 1.49352E-1 -9999 -9999 -9999 -9999 -9999 3.30301E-1 4.50466E-2 2.00826E-1 2.51725E-1 2.61417E-1 2.94341E-1 2.94987E-1 2.64947E-1 1.59308E-1 6.84343E-2 3.41403E-1 2.69735E-1 4.20488E-2 5.3842E-1 2.45843E-1 6.30815E-1 5.18386E-1 3.78872E-1 4.27733E-1 5.49732E-1 6.739E-1 3.07401E-1
6.57039E-2 7.91899E-2 4.97999E-2 6.36179E-2 7.87295E-2 1.02559E-1 1.50403E-1 1.64133E-1 9.78076E-2 1.97887E-2 1.10187E-1 1.08818E-1 9.56902E-2 8.17873E-2 7.3963E-2 7.82253E-2 1.52728E-2 8.4726E-2 1.12531E-1 1.63941E-1 3.04303E-1 2.73376E-1 1.29798E-1 1.02726E-1 1.15513E-1 1.05779E-1 1.12619E-1 9.82465E-2 6.49284E-2 8.27088E-2 6.61276E-2 8.62728E-2 1.23282E-1 1.48496E-1 -9999 -9999 -9999 1.53233E-1 2.88937E-1 1.63795E-1 3.00187E-1 3.44068E-1 3.47668E-1 3.64838E-1 3.56966E-1 4.15411E-1 2.60749E-1 5.29375E-2 3.99227E-1 2.87677E-1 3.90516E-1 4.13174E-1 4.36282E-1 2.23412E-1 3.06362E-1 5.58896E-1 4.48652E-1 5.28215E-1 6.55468E-1 2.76998E-1
