Phytophthora/models/20240430_1626_40/Phytophthora_PA3_RUN9_MAXENT_outputs/projMaxent.asc
ncols         225
nrows         269
xllcorner     473009.9838
yllcorner     4429051.1748
cellsize      50.0
NODATA_value  -9999
[rows 104 to 129 of 269, columns 120 to 179 of 225]
4.01539E-1 3.92171E-1 -9999 -9999 -9999 -9999 -9999 -9999 -9999 -9999 -9999 -9999 -9999 -9999 -9999 -9999 -9999 -9999 -9999 -9999 -9999 -9999 -9999 -9999 -9999 -9999 -9999 -9999 -9999 -9999 -9999 -9999 -9999 -9999 -9999 4.56474E-1 6.31433E-1 5.61648E-1 5.97622E-1 6.51384E-1 6.10893E-1 6.33543E-1 6.14427E-1 4.2125E-1 3.89297E-1 3.4106E-1 3.91737E-1 5.27281E-1 6.14496E-1 5.9457E-1 5.31397E-1 5.09058E-1 3.25857E-1 3.15112E-1 3.33459E-1 3.31933E-1 2.73908E-1 2.35937E-1 2.55383E-1 2.45552E-2
3.7118E-1 3.24054E-1 3.18952E-1 -9999 -9999 -9999 -9999 -9999 -9999 -9999 -9999 -9999 -9999 -9999 -9999 -9999 -9999 -9999 -9999 -9999 -9999 -9999 -9999 -9999 -9999 -9999 -9999 -9999 -9999 -9999 -9999 -9999 -9999 -9999 4.17394E-1 4.53762E-1 4.76403E-1 6.19063E-1 5.55454E-1 5.20769E-1 5.36021E-1 4.38894E-1 2.57802E-1 3.78392E-1 3.01681E-2 1.7796E-1 4.17177E-1 4.81755E-1 1.82552E-1 5.75305E-1 6.28723E-1 6.12054E-1 4.23391E-1 4.24481E-1 3.92063E-1 3.37821E-1 3.10041E-1 2.72435E-1 2.81068E-1 3.07363E-1
4.34277E-1 4.12327E-1 3.60475E-1 3.16346E-1 -9999 -9999 -9999 -9999 -9999 -9999 -9999 -9999 -9999 -9999 -9999 -9999 -9999 -9999 -9999 -9999 -9999 -9999 -9999 -9999 -9999 -9999 -9999 -9999 -9999 -9999 -9999 -9999 -9999 -9999 6.13061E-1 4.08794E-1 5.57291E-1 1.34124E-1 6.79864E-1 5.42228E-1 5.03118E-1 5.44155E-1 5.84635E-1 6.28334E-1 2.21896E-1 3.88244E-1 4.16848E-1 4.57501E-1 5.84494E-1 5.45083E-1 4.13537E-1 2.29189E-1 4.56038E-1 6.70838E-2 4.04914E-1 3.54623E-1 3.28913E-1 9.06584E-2 3.2294E-1 3.22975E-1
5.04792E-1 4.86244E-1 4.40255E-1 3.87896E-1 3.7784E-1 -9999 -9999 -9999 -9999 -9999 -9999 -9999 -9999 -9999 -9999 -9999 -9999 -9999 -9999 -9999 -9999 -9999 -9999 -9999 -9999 -9999 -9999 -9999 -9999 -9999 -9999 -9999 3.04868E-1 5.1474E-1 6.2255E-1 6.3869E-1 1.80874E-1 6.36505E-1 6.79052E-1 6.10801E-1 4.3346E-1 4.38812E-1 4.33878E-1 5.63304E-1 3.51717E-1 4.04589E-1 2.82832E-1 4.51671E-1 5.21517E-1 4.99931E-1 6.15371E-1 6.47887E-1 6.26665E-1 4.47334E-1 4.18978E-1 3.81566E-1 3.67706E-1 2.85679E-1 2.86707E-1 2.87288E-1
5.99151E-1 1.03474E-1 4.46277E-1 4.38917E-1 4.01381E-1 5.54194E-1 -9999 -9999 -9999 -9999 -9999 -9999 -9999 -9999 -9999 -9999 -9999 -9999 -9999 -9999 -9999 -9999 -9999 -9999 -9999 -9999 -9999 -9999 -9999 -9999 -9999 2.29972E-1 3.00487E-1 3.60186E-1 6.48104E-1 6.401E-1 6.85524E-1 5.21934E-1 5.82782E-1 5.36244E-1 4.56119E-1 4.84824E-1 3.53906E-1 4.9224E-1 4.4115E-1 1.43895E-1 2.80332E-1 2.81289E-1 4.62521E-1 4.00306E-1 5.24766E-1 5.61519E-1 4.71482E-1 3.689E-1 3.98529E-1 3.53224E-1 2.97787E-1 2.10498E-1 2.3949E-1 2.335E-1
1.09505E-1 5.27888E-1 1.01661E-1 4.50068E-1 4.18329E-1 5.65585E-1 5.29213E-1 -9999 -9999 -9999 -9999 -9999 -9999 -9999 -9999 -9999 -9999 -9999 -9999 -9999 -9999 -9999 -9999 -9999 -9999 -9999 -9999 -9999 -9999 -9999 -9999 2.8452E-1 1.61578E-1 4.2015E-1 5.18965E-1 5.74333E-1 6.32589E-1 4.34343E-1 3.68226E-1 3.56469E-1 3.87314E-1 3.87601E-1 4.15443E-1 4.09181E-1 3.45328E-1 1.19459E-1 1.50792E-1 1.55711E-1 3.95994E-1 2.99321E-1 4.37651E-1 4.40613E-1 3.75048E-1 3.59493E-1 3.3461E-1 2.86003E-1 2.11884E-1 1.68184E-1 1.88325E-1 1.93493E-1
5.13226E-1 4.69366E-1 3.99634E-1 4.90738E-1 4.51588E-1 4.93753E-1 6.39236E-1 4.16389E-1 -9999 -9999 -9999 -9999 -9999 -9999 -9999 -9999 -9999 -9999 -9999 -9999 -9999 -9999 -9999 -9999 -9999 -9999 -9999 -9999 -9999 -9999 -9999 3.8893E-1 3.1594E-1 4.98842E-1 5.1516E-1 4.53885E-1 4.08604E-1 4.84289E-1 3.10211E-1 2.49311E-1 2.15608E-1 3.01379E-1 2.80583E-1 2.8185E-1 2.81033E-1 2.57984E-2 9.98368E-2 1.62226E-1 2.80265E-1 2.09448E-1 3.21506E-1 3.43946E-1 2.71591E-1 2.44356E-1 2.18011E-1 1.73543E-1 1.37566E-1 1.20171E-1 1.2437E-1 1.26432E-1
3.5955E-1 3.35319E-1 4.87452E-1 4.86129E-1 5.10365E-1 2.81997E-1 5.76614E-1 4.93933E-1 4.48164E-1 -9999 -9999 -9999 -9999 -9999 -9999 -9999 -9999 -9999 -9999 -9999 -9999 -9999 -9999 -9999 -9999 -9999 -9999 -9999 -9999 -9999 3.23848E-1 1.93974E-1 3.87845E-1 4.07223E-1 4.08083E-1 3.45159E-1 3.81562E-1 3.57497E-1 2.06566E-1 1.78877E-1 1.61453E-1 1.57838E-1 2.07049E-1 2.20793E-1 7.44915E-2 1.17833E-1 9.75238E-2 1.93921E-1 2.24862E-1 1.55454E-1 2.56789E-1 2.43354E-1 1.89163E-1 2.16654E-1 1.57395E-1 1.14987E-1 1.06317E-1 1.05659E-1 9.72817E-2 9.96881E-2
3.65147E-1 4.32981E-1 5.08545E-1 4.41076E-1 5.88138E-1 4.39998E-1 7.06616E-1 6.40935E-1 5.61914E-1 -9999 -9999 -9999 -9999 -9999 -9999 -9999 -9999 -9999 -9999 -9999 -9999 -9999 -9999 -9999 -9999 -9999 -9999 -9999 -9999 3.62128E-1 3.14033E-1 2.77924E-1 2.85564E-1 3.30158E-1 3.47183E-1 2.75574E-1 3.43137E-1 2.77255E-1 1.53637E-1 1.44247E-1 1.29739E-1 1.41028E-1 1.30306E-1 1.95227E-1 2.35111E-2 1.20595E-1 1.01259E-1 1.76462E-1 1.65601E-1 1.17503E-1 2.16671E-1 1.76425E-1 2.06732E-1 1.46051E-1 9.32681E-2 9.51754E-2 8.70612E-2 8.96695E-2 8.08291E-2 8.56217E-2
4.57373E-1 4.41966E-1 5.09291E-1 4.43187E-1 6.44228E-1 4.98082E-1 4.69461E-1 8.14504E-1 7.0085E-1 -9999 -9999 -9999 -9999 -9999 -9999 -9999 -9999 -9999 -9999 -9999 -9999 -9999 -9999 -9999 -9999 -9999 -9999 -9999 -9999 2.73907E-1 2.74098E-1 2.91354E-1 2.74104E-1 3.26058E-1 3.70014E-1 3.0752E-1 3.78724E-1 4.00475E-1 2.01405E-1 1.95335E-1 1.60642E-1 1.6147E-1 1.44062E-1 1.38821E-1 1.01892E-1 9.84728E-2 9.09823E-2 1.42091E-1 9.41914E-2 1.0149E-1 1.58143E-1 1.584E-1 1.23718E-1 8.42509E-2 7.31283E-2 7.77054E-2 7.25127E-2 7.59736E-2 8.66831E-2 1.19654E-1
5.76547E-1 5.0356E-1 4.8418E-1 5.71357E-1 6.37453E-1 7.58721E-1 5.15693E-1 9.25286E-1 -9999 -9999 -9999 -9999 -9999 -9999 -9999 -9999 -9999 -9999 -9999 -9999 -9999 -9999 -9999 -9999 -9999 -9999 -9999 -9999 -9999 3.17848E-1 3.67942E-1 3.49268E-1 2.90034E-1 3.25647E-1 3.39028E-1 2.65725E-1 2.66129E-1 3.38766E-1 3.07523E-1 2.44953E-1 1.99912E-1 2.03653E-1 1.72226E-1 1.55305E-1 1.06407E-1 7.75065E-2 7.19584E-2 8.46789E-2 4.63532E-2 9.38583E-2 1.18929E-1 8.5093E-2 7.25131E-2 6.10287E-2 5.99228E-2 6.05873E-2 6.83917E-2 8.90994E-2 1.1306E-1 1.59535E-1
9.98435E-2 6.60202E-1 5.96573E-1 6.32651E-1 7.66649E-1 7.97364E-1 6.74353E-1 6.23082E-1 5.17053E-1 -9999 -9999 -9999 -9999 -9999 -9999 -9999 -9999 -9999 -9999 -9999 -9999 -9999 -9999 -9999 -9999 -9999 -9999 -9999 -9999 -9999 5.30353E-1 4.44827E-1 4.11766E-1 4.04309E-1 5.42703E-1 5.31521E-1 5.60158E-1 6.10974E-1 6.77613E-1 5.16775E-1 3.54021E-1 3.25595E-1 2.78197E-1 2.32755E-1 1.73533E-1 3.02234E-2 1.98271E-1 6.35674E-2 1.24078E-1 1.42595E-1 1.12526E-1 9.93088E-2 9.74427E-2 9.20832E-2 8.77782E-2 1.00104E-1 1.4254E-1 1.8323E-1 2.14973E-1 2.57313E-1
2.19974E-1 2.90726E-1 6.60963E-1 3.74491E-1 7.55752E-1 7.66555E-1 1.63869E-1 5.6625E-1 7.35138E-1 -9999 -9999 -9999 -9999 -9999 -9999 -9999 -9999 -9999 -9999 -9999 -9999 -9999 -9999 -9999 -9999 -9999 -9999 -9999 -9999 -9999 -9999 4.55781E-1 4.13092E-1 4.30687E-1 4.90085E-1 2.14539E-1 6.70208E-1 7.01403E-1 7.87938E-1 8.02838E-1 5.0989E-1 4.10122E-1 3.2262E-1 2.78712E-1 2.20354E-1 1.80337E-1 1.1426E-1 1.00328E-1 1.93047E-1 1.29186E-1 1.08656E-1 8.19702E-2 7.48521E-2 9.15095E-2 1.22356E-1 1.48616E-1 2.01958E-1 2.53818E-1 2.76503E-1 3.24281E-1
5.91624E-1 2.43445E-1 1.32701E-1 9.24353E-1 8.04656E-1 6.60012E-1 5.21286E-1 4.45454E-1 -9999 -9999 -9999 -9999 -9999 -9999 -9999 -9999 -9999 -9999 -9999 -9999 -9999 -9999 -9999 -9999 -9999 6.34585E-1 6.71889E-1 -9999 -9999 -9999 -9999 4.63964E-1 4.01912E-1 4.38452E-1 5.12481E-1 6.0142E-1 7.10199E-1 1.26009E-1 7.46561E-1 7.8098E-1 6.93017E-1 6.29775E-1 4.21376E-1 3.68953E-1 3.76607E-1 5.99776E-2 9.72064E-2 2.5064E-1 1.6929E-1 1.58341E-1 1.46787E-1 1.03786E-1 8.13204E-2 1.04206E-1 1.92696E-1 2.07999E-1 2.63625E-1 3.02884E-1 3.33504E-1 4.18303E-1
6.85333E-1 6.4004E-1 7.7931E-1 6.46643E-1 8.443E-1 2.38713E-1 5.54105E-1 4.88116E-1 -9999 -9999 -9999 -9999 -9999 -9999 -9999 -9999 -9999 -9999 -9999 -9999 -9999 -9999 -9999 -9999 -9999 8.91605E-2 5.4652E-1 4.98864E-1 -9999 -9999 -9999 4.04018E-1 3.79001E-1 4.17074E-1 4.92853E-1 5.63472E-1 6.70881E-1 8.07243E-1 8.1527E-1 8.40049E-1 7.49152E-1 6.59524E-1 5.72662E-1 4.24367E-1 2.28389E-1 1.29784E-1 1.25224E-1 1.69716E-1 1.86401E-1 2.12263E-1 1.8118E-1 1.25067E-1 1.0185E-1 1.42308E-1 2.42243E-1 2.28074E-1 2.91914E-1 3.2967E-1 3.93752E-1 5.28082E-1
3.21436E-1 7.42267E-1 3.12634E-1 2.6508E-1 6.97102E-1 7.32307E-1 6.70394E-1 -9999 -9999 -9999 -9999 -9999 -9999 -9999 -9999 -9999 -9999 -9999 -9999 -9999 -9999 -9999 -9999 -9999 3.82514E-2 5.05669E-1 4.54106E-1 -9999 5.64541E-1 5.24909E-1 4.77589E-1 4.39094E-1 3.99116E-1 3.81729E-1 4.40854E-1 4.77138E-1 6.08698E-1 7.51949E-1 8.24364E-1 7.42325E-1 7.33797E-1 6.57712E-1 5.5647E-1 3.57996E-1 2.95696E-1 2.55624E-1 5.96927E-2 2.2245E-1 2.45894E-1 2.83013E-1 2.35063E-1 1.51462E-1 1.14241E-1 2.19211E-1 2.38732E-1 1.98676E-1 2.49772E-1 3.2771E-1 4.93095E-1 6.03288E-1
7.02579E-1 6.66182E-1 5.56221E-1 3.69423E-1 5.72297E-1 6.6916E-1 6.34982E-1 -9999 -9999 -9999 -9999 -9999 -9999 -9999 -9999 -9999 -9999 -9999 -9999 -9999 -9999 -9999 -9999 4.98409E-1 5.89019E-1 6.92385E-1 9.714E-2 4.73744E-1 5.50121E-1 5.41963E-1 5.81414E-1 4.99004E-1 4.29376E-1 3.96563E-1 3.91141E-1 3.96479E-1 5.13522E-1 7.12098E-1 8.18269E-1 8.04325E-1 6.8146E-1 6.40811E-1 4.94863E-1 4.40207E-1 2.67436E-1 2.00617E-1 2.65031E-1 9.70335E-2 3.01477E-1 3.37944E-1 2.83015E-1 1.53035E-1 1.39461E-1 1.61442E-1 1.72396E-1 2.31217E-1 2.8673E-1 4.40024E-1 5.50341E-1 6.3615E-1
6.8234E-1 6.93717E-1 1.79455E-1 3.08667E-1 4.34553E-1 7.65572E-1 1.94846E-1 -9999 -9999 -9999 -9999 -9999 -9999 -9999 -9999 -9999 -9999 -9999 -9999 -9999 -9999 -9999 -9999 6.21905E-1 7.36084E-1 7.31635E-1 9.72821E-2 6.21212E-1 5.91466E-1 5.34221E-1 6.08177E-1 5.14819E-1 5.00794E-1 4.65472E-1 3.66474E-1 3.43716E-1 4.41066E-1 5.44809E-1 7.20522E-1 7.6387E-1 6.93235E-1 6.60562E-1 3.1674E-1 2.38066E-1 2.06758E-1 2.38083E-1 3.16579E-1 3.38625E-1 3.63765E-1 4.11617E-1 3.32788E-1 1.8137E-1 2.12594E-1 1.66841E-1 1.27515E-1 1.81524E-1 2.8314E-1 4.28598E-1 5.15639E-1 5.94609E-1
6.84622E-1 7.08394E-1 6.89863E-1 5.09997E-1 5.80407E-1 7.6454E-1 8.00541E-1 -9999 -9999 -9999 -9999 -9999 -9999 -9999 -9999 -9999 -9999 -9999 -9999 -9999 -9999 -9999 -9999 6.71973E-1 -9999 1.93651E-1 7.96383E-1 4.45748E-1 5.66567E-1 4.91106E-1 6.11694E-1 4.87739E-1 5.06719E-1 4.75773E-1 4.23023E-1 3.9297E-1 4.85872E-1 5.00025E-1 5.88036E-1 5.55959E-1 5.12784E-1 5.76638E-1 4.49887E-1 2.6137E-1 1.9503E-1 2.90826E-1 3.53569E-1 3.71926E-1 4.05863E-1 1.78504E-1 3.18457E-1 2.93588E-1 1.99181E-1 1.19108E-1 1.21635E-1 1.88061E-1 3.19213E-1 3.72914E-1 4.40565E-1 4.98379E-1
6.43897E-1 7.15073E-1 5.05759E-1 8.09656E-1 7.96343E-1 8.0587E-1 7.69649E-1 7.69026E-1 6.85056E-1 5.64837E-1 4.34001E-1 -9999 -9999 -9999 -9999 -9999 -9999 -9999 -9999 -9999 -9999 -9999 -9999 -9999 -9999 -9999 7.58851E-1 2.62608E-1 6.12685E-1 5.24064E-1 5.65715E-1 4.97606E-1 4.99656E-1 4.90719E-1 5.56943E-1 5.71929E-1 5.34206E-1 3.88642E-1 3.27149E-1 3.88585E-1 3.61834E-1 4.07113E-1 4.10776E-1 2.47766E-1 1.81076E-1 2.2322E-1 3.71359E-1 3.80275E-1 3.73021E-1 3.98492E-1 1.01563E-1 2.53572E-1 2.30078E-1 1.15624E-1 1.29723E-1 1.88916E-1 2.49164E-1 3.18227E-1 3.62998E-1 4.69398E-1
6.76865E-1 7.22183E-1 8.4511E-1 4.83523E-1 8.27881E-1 6.50095E-1 6.14194E-1 6.42411E-1 7.02921E-1 5.98468E-1 2.75712E-1 -9999 -9999 -9999 -9999 -9999 -9999 -9999 -9999 -9999 -9999 -9999 -9999 -9999 -9999 -9999 7.15833E-1 7.51202E-1 1.69956E-1 6.02122E-1 5.86487E-1 5.05834E-1 4.75802E-1 4.93739E-1 5.51643E-1 4.89933E-1 3.20378E-1 2.83311E-1 2.8595E-1 3.3303E-1 2.78228E-1 3.43718E-1 3.83799E-1 4.22582E-1 4.79391E-1 3.94147E-1 3.58067E-1 3.23303E-1 2.90678E-1 2.43673E-1 1.00698E-1 1.83288E-1 1.84754E-1 1.32654E-1 1.3675E-1 1.56574E-1 2.0892E-1 2.05327E-1 2.96102E-1 2.71285E-1
6.18271E-1 5.33552E-1 5.65974E-1 6.70713E-1 5.12854E-1 4.6362E-1 4.57494E-1 4.80108E-1 5.27344E-1 5.29199E-1 4.67476E-1 -9999 -9999 -9999 -9999 -9999 -9999 -9999 -9999 -9999 -9999 -9999 -9999 -9999 -9999 -9999 6.36938E-1 6.1945E-1 1.76971E-1 4.87022E-1 5.3617E-1 4.90939E-1 4.39619E-1 5.31107E-1 3.9899E-1 4.58763E-1 2.33861E-1 2.44669E-1 2.65129E-1 3.35978E-1 3.36352E-1 3.52683E-1 3.4506E-1 3.54923E-1 4.00316E-1 3.74802E-1 2.95714E-1 2.50433E-1 2.23013E-1 1.89075E-1 1.51975E-1 4.51248E-2 1.03116E-1 1.32768E-1 1.51437E-1 1.43544E-1 9.15831E-2 1.84403E-1 1.70098E-1 2.5985E-1
6.39416E-1 5.47751E-1 4.35073E-1 4.36643E-1 3.95564E-1 3.5527E-1 3.93956E-1 4.19652E-1 4.74709E-1 3.92349E-1 4.13056E-1 3.66554E-1 -9999 -9999 -9999 -9999 -9999 -9999 -9999 -9999 -9999 -9999 -9999 -9999 -9999 -9999 4.40371E-1 5.90322E-1 5.38079E-1 1.06036E-1 6.1769E-1 5.82394E-1 4.93887E-1 5.03667E-1 4.65035E-1 5.41444E-2 2.57951E-1 2.58238E-1 2.99971E-1 3.76053E-1 3.87281E-1 4.11472E-1 3.85118E-1 3.47912E-1 3.46658E-1 3.57428E-1 3.40429E-1 2.31665E-1 2.07533E-1 1.75855E-1 1.71584E-1 1.02884E-1 8.17513E-2 1.25301E-1 1.44764E-1 2.48265E-1 2.18175E-1 1.50033E-1 2.16228E-1 3.9379E-1
4.6939E-1 4.45713E-1 3.72972E-1 2.7949E-1 2.52008E-1 3.14796E-1 3.45815E-1 3.81364E-1 3.81492E-1 8.04429E-2 5.30066E-1 3.70036E-1 -9999 -9999 -9999 -9999 -9999 -9999 -9999 -9999 -9999 -9999 -9999 -9999 -9999 -9999 6.66261E-1 6.12535E-1 5.62188E-1 5.75304E-1 3.37907E-1 5.94211E-1 4.7687E-1 5.27937E-1 5.62321E-1 4.63822E-1 3.65358E-1 2.90252E-1 2.91208E-1 3.84823E-1 4.07696E-1 1.46276E-1 4.24003E-1 4.00852E-1 3.63265E-1 3.15674E-1 3.24903E-1 2.57726E-1 2.29031E-1 2.00002E-1 7.79454E-2 1.12279E-1 1.11701E-1 1.23447E-1 1.2252E-1 1.36968E-1 2.87917E-1 2.44769E-1 3.39968E-1 4.75208E-1
3.25816E-1 5.24778E-1 3.89479E-1 2.83611E-1 2.33315E-1 2.75188E-1 3.01789E-1 4.17032E-1 4.82268E-1 5.47783E-1 5.06485E-1 5.10524E-1 5.37976E-1 6.20295E-1 -9999 -9999 -9999 -9999 -9999 -9999 -9999 -9999 -9999 -9999 -9999 -9999 7.82865E-1 6.79131E-1 5.39201E-1 4.9895E-1 6.58017E-1 6.22947E-1 5.31202E-1 5.703E-1 1.8733E-1 4.95335E-1 3.82021E-1 3.07496E-1 2.89817E-1 3.7324E-1 4.54524E-1 1.83158E-1 4.49923E-1 4.28587E-1 3.67384E-1 2.8673E-1 2.70954E-1 2.29882E-1 2.28324E-1 2.39131E-1 1.30726E-1 1.46804E-1 1.5909E-1 1.69165E-1 1.5963E-1 2.21215E-1 1.5853E-1 3.4102E-1 3.2665E-1 4.14801E-1
5.75969E-1 5.21458E-1 3.5181E-1 2.40232E-1 1.9181E-1 2.23054E-1 2.42395E-1 4.68903E-1 2.81466E-1 5.38963E-1 5.61614E-1 6.60103E-1 6.30336E-1 5.95782E-1 5.20033E-1 5.43728E-1 -9999 -9999 -9999 -9999 -9999 -9999 -9999 -9999 -9999 -9999 1.7899E-1 4.54233E-1 3.88375E-1 4.31235E-1 6.5138E-1 1.17061E-1 5.94375E-1 6.15144E-1 6.62368E-1 5.7719E-1 4.13676E-1 3.29747E-1 3.61629E-1 3.42056E-1 4.12854E-1 5.6056E-1 4.68904E-1 4.37954E-1 3.87841E-1 3.09809E-1 2.85202E-1 2.20983E-1 1.7431E-1 1.498E-1 1.77246E-1 2.05371E-1 2.14669E-1 2.15425E-1 2.17668E-1 2.64841E-1 1.25892E-1 3.67492E-1 3.23016E-1 3.5855E-1
