Phytophthora/models/20240430_1626_40/Phytophthora_PA3_RUN9_MAXENT_outputs/projMaxent.asc
ncols         225
nrows         269
xllcorner     473009.9838
yllcorner     4429051.1748
cellsize      50.0
NODATA_value  -9999
[rows 104 to 129 of 269, columns 0 to 59 of 225]
-9999 -9999 -9999 -9999 -9999 -9999 -9999 -9999 -9999 -9999 -9999 4.1666E-2 4.44118E-2 4.07852E-2 4.71569E-2 6.8466E-2 8.5372E-2 8.19272E-2 7.01163E-2 6.6739E-2 5.34334E-2 4.82729E-2 4.36086E-2 3.97574E-2 5.22807E-2 5.5741E-2 5.68353E-2 5.12933E-2 5.40497E-2 5.04586E-2 8.89838E-3 6.17274E-2 4.8626E-2 3.77296E-2 3.11121E-2 2.75567E-2 3.43396E-2 5.04296E-2 3.00861E-2 3.6181E-2 2.6104E-2 2.21803E-2 1.97155E-2 2.50451E-2 2.36225E-2 2.47872E-2 5.33073E-3 2.91543E-2 3.32012E-2 2.61433E-2 1.98679E-2 1.66403E-2 1.47845E-2 1.68409E-2 4.57665E-2 4.53277E-2 2.95315E-2 2.78572E-2 3.68729E-2 3.76456E-2
-9999 -9999 -9999 -9999 -9999 -9999 -9999 -9999 -9999 -9999 -9999 5.50045E-2 6.15322E-2 6.78102E-2 7.31199E-2 8.71566E-2 9.138E-2 8.02258E-2 6.38801E-2 5.24328E-2 6.09346E-2 7.7427E-2 6.32573E-2 9.99466E-2 4.08698E-2 9.17149E-2 5.8149E-2 5.42821E-2 5.38946E-2 5.41412E-2 6.06072E-2 5.13727E-2 4.22476E-2 2.91363E-2 2.40502E-2 2.17434E-2 2.29185E-2 3.00113E-2 2.89877E-2 3.12275E-2 2.08303E-2 1.84574E-2 1.62616E-2 2.40366E-2 2.0044E-2 2.2077E-2 2.0312E-2 -9999 2.11629E-2 3.10706E-2 2.09968E-2 1.89443E-2 1.70187E-2 1.997E-2 2.79527E-2 3.21425E-2 2.96762E-2 3.18021E-2 3.82664E-2 3.92788E-2
-9999 -9999 -9999 -9999 -9999 -9999 -9999 -9999 -9999 -9999 7.14636E-2 7.68194E-2 8.77373E-2 9.23109E-2 1.10557E-1 9.36734E-2 9.43267E-2 7.0682E-2 5.7155E-2 5.56024E-2 8.25041E-2 1.05015E-1 1.1782E-1 1.61542E-2 1.21993E-1 7.22314E-2 7.92642E-3 6.17073E-2 5.52573E-2 4.63862E-2 5.46088E-2 4.41605E-2 3.5071E-2 2.6223E-2 2.8015E-2 2.02204E-2 2.91239E-2 2.87056E-2 2.15232E-2 3.17123E-2 2.14983E-2 2.18663E-2 2.23421E-2 3.04248E-2 2.88802E-2 2.32742E-2 1.96553E-2 1.87239E-2 9.92493E-3 3.24646E-2 2.99741E-2 2.7948E-2 2.5227E-2 4.22922E-2 3.94229E-2 1.69792E-2 2.15415E-2 3.7625E-2 4.4163E-2 5.70371E-2
-9999 -9999 -9999 -9999 -9999 -9999 -9999 -9999 -9999 -9999 9.53039E-2 9.78598E-2 9.31679E-2 1.15601E-1 1.17871E-1 1.05119E-1 9.32348E-2 6.50701E-2 5.94263E-2 6.90237E-2 1.11842E-1 1.62564E-1 8.07422E-2 9.19998E-2 1.14168E-1 9.61196E-2 7.27729E-2 5.76443E-2 5.43068E-2 5.2028E-2 5.03472E-2 3.55874E-2 3.13227E-2 2.24266E-2 2.59381E-2 2.67096E-2 3.49235E-2 3.39493E-2 6.17658E-3 3.14289E-2 2.63475E-2 2.54896E-2 2.97662E-2 4.09421E-2 5.21039E-2 3.89333E-2 2.8745E-2 2.49872E-2 2.49849E-2 4.89641E-2 4.55855E-2 4.15282E-2 4.04758E-2 4.4626E-2 3.48112E-2 2.21831E-2 2.40933E-2 5.12521E-2 6.45454E-2 6.42024E-2
-9999 -9999 -9999 -9999 -9999 -9999 -9999 -9999 -9999 -9999 1.07008E-1 1.06705E-1 7.79581E-2 1.32615E-1 1.30577E-1 9.08281E-2 7.25779E-2 5.66928E-2 7.25131E-2 8.78784E-2 1.44966E-1 1.52884E-1 1.20794E-2 1.70638E-1 1.05553E-1 8.21426E-2 6.19222E-2 5.7057E-2 5.98033E-2 4.0558E-2 3.29922E-2 2.79415E-2 2.75141E-2 2.8862E-2 3.28054E-2 3.48531E-2 4.24978E-2 3.67836E-2 4.94127E-3 5.4917E-3 2.73897E-2 2.32262E-2 3.30775E-2 4.15802E-2 6.57515E-2 7.03404E-2 6.35146E-2 3.61274E-2 1.20829E-2 6.41069E-2 5.59396E-2 5.55218E-2 8.4429E-2 5.60727E-2 3.25336E-2 2.83995E-2 2.92808E-2 7.92658E-2 6.9795E-2 4.93736E-2
-9999 -9999 -9999 -9999 -9999 -9999 -9999 -9999 -9999 2.8566E-2 1.33919E-1 1.31423E-1 1.59141E-1 1.97212E-1 1.51146E-1 9.50983E-2 6.83041E-2 7.06431E-2 9.07747E-2 1.11511E-1 2.23066E-1 1.29452E-2 1.33354E-1 1.33437E-1 1.07159E-1 9.13606E-2 7.49651E-2 6.17182E-2 4.81062E-2 3.32429E-2 3.10464E-2 3.09E-2 3.59606E-2 3.7824E-2 4.18886E-2 4.76339E-2 4.76084E-2 4.19716E-2 3.57114E-2 4.06651E-2 5.33815E-3 2.69447E-2 2.78114E-3 8.10723E-3 4.99384E-2 8.55702E-2 7.7266E-2 5.47211E-2 3.83418E-2 7.72174E-2 4.27436E-2 7.22942E-2 9.66685E-2 7.00829E-2 4.22115E-2 4.79343E-2 7.11828E-2 7.46728E-2 5.05272E-2 4.30354E-2
-9999 -9999 -9999 -9999 -9999 -9999 -9999 -9999 2.28885E-1 3.74376E-1 3.49885E-1 3.23344E-1 8.33665E-2 3.31639E-1 2.42848E-1 1.40092E-1 1.30414E-1 1.49912E-1 1.83603E-1 2.013E-1 1.42033E-1 8.26269E-2 2.24121E-1 1.70855E-1 1.3422E-1 1.12955E-1 7.76352E-2 7.98931E-2 6.51231E-2 4.67303E-2 7.3496E-2 7.44187E-2 8.41173E-2 9.84849E-2 1.12741E-1 3.67581E-2 1.07201E-1 8.08629E-2 7.18076E-2 8.57083E-2 1.82376E-2 1.00676E-2 5.58893E-2 7.01913E-2 7.89413E-3 6.67837E-2 1.10264E-1 8.64956E-2 8.86491E-2 1.10438E-1 9.2025E-2 5.91481E-2 1.486E-1 1.14494E-1 7.65313E-2 7.55293E-2 6.08043E-2 4.41991E-2 3.39331E-2 3.39447E-2
-9999 -9999 -9999 -9999 -9999 -9999 -9999 3.82579E-1 2.5338E-1 3.86274E-1 3.73759E-1 1.69711E-1 3.98223E-1 2.7235E-1 2.09195E-1 1.17319E-1 1.31262E-1 2.30717E-1 2.74112E-1 3.25844E-1 3.97341E-2 2.60596E-1 1.94479E-1 1.75796E-1 1.34334E-1 1.06498E-1 8.19175E-2 7.6894E-2 8.12085E-2 7.42958E-2 9.26696E-2 8.77182E-2 9.433E-2 2.52345E-2 1.31772E-1 1.40985E-1 1.01771E-1 7.23085E-2 7.08822E-2 9.07573E-2 7.21155E-2 2.49524E-2 6.78741E-2 7.56719E-2 8.52972E-2 6.85054E-2 9.47724E-2 8.79018E-2 7.40278E-2 8.30256E-2 1.05207E-1 1.27253E-1 1.58235E-1 1.17538E-1 1.11144E-1 7.418E-2 5.60163E-2 4.22738E-2 3.9988E-2 4.30935E-2
-9999 -9999 -9999 -9999 -9999 -9999 -9999 3.95259E-1 3.7719E-1 3.40048E-1 4.01889E-1 3.85364E-1 3.99544E-1 2.62102E-1 1.9199E-1 1.29851E-1 1.54379E-1 2.87759E-1 3.88695E-1 1.71355E-2 2.62316E-1 1.69603E-1 1.61437E-1 1.39819E-1 1.2127E-1 1.10257E-1 1.04443E-1 1.07724E-1 1.16706E-1 8.9981E-2 1.12177E-1 9.01669E-2 9.94831E-2 9.64335E-2 1.42926E-1 1.40571E-1 1.18095E-1 8.72749E-2 8.25167E-2 9.13742E-2 7.31475E-2 7.23631E-2 8.20174E-2 6.6203E-2 9.84902E-2 7.93163E-2 8.08034E-2 9.66874E-2 9.62728E-2 7.54575E-2 1.35003E-1 1.29139E-1 1.56065E-1 1.17961E-1 1.12506E-1 9.0914E-2 4.67595E-2 4.68131E-2 4.5852E-2 4.89939E-2
-9999 -9999 -9999 -9999 -9999 -9999 -9999 4.40535E-1 4.58349E-1 3.53825E-1 5.96206E-2 3.86728E-1 3.3526E-1 2.14955E-1 1.82282E-1 1.43211E-1 1.73767E-1 3.17895E-1 6.00635E-2 2.05929E-1 1.94053E-1 1.60602E-1 1.57176E-1 1.60219E-1 1.04252E-1 9.33302E-2 1.47254E-1 2.95059E-2 2.63463E-2 9.06407E-2 1.42116E-1 1.10955E-1 2.05E-2 1.03083E-1 1.36245E-1 1.49216E-1 1.2896E-1 1.02285E-1 9.7569E-2 1.17417E-1 9.12901E-2 7.87632E-2 8.26002E-2 9.68852E-2 1.15616E-1 3.97321E-2 9.10988E-2 9.20157E-2 1.14074E-1 2.9795E-2 1.30109E-1 1.57484E-1 1.21646E-1 1.2526E-1 1.12391E-1 8.51164E-2 5.82327E-2 5.25023E-2 4.80295E-2 5.39003E-2
-9999 -9999 -9999 -9999 -9999 -9999 -9999 3.92797E-1 4.40398E-1 3.5947E-1 4.12504E-1 3.48286E-1 2.83723E-1 1.90378E-1 1.9304E-1 1.94467E-1 2.2345E-1 7.6955E-2 5.53841E-2 2.16043E-1 1.34505E-1 1.38836E-1 1.52568E-1 1.50603E-2 1.59147E-1 1.47279E-1 1.66654E-1 1.30361E-1 1.22496E-1 1.01849E-1 1.41607E-1 1.15653E-1 1.01872E-1 1.11624E-1 1.37578E-1 1.51733E-1 1.39425E-1 1.12328E-1 5.40939E-2 2.88233E-2 2.86248E-2 9.8732E-2 1.03777E-1 1.12411E-1 1.16221E-1 8.52503E-2 9.52654E-2 8.93057E-2 1.25739E-1 6.81863E-2 1.27762E-1 1.27685E-1 3.673E-2 1.44387E-1 1.4028E-1 8.41701E-2 6.09159E-2 5.96422E-2 6.40123E-2 7.4382E-2
-9999 -9999 -9999 -9999 -9999 -9999 2.36271E-1 2.17195E-1 2.25187E-1 5.47829E-2 2.84012E-1 2.42518E-1 2.03296E-1 1.36988E-1 1.51278E-1 2.41403E-1 2.02591E-1 2.86013E-1 2.68719E-1 1.84653E-1 1.58919E-1 1.69178E-1 1.25959E-1 1.91395E-1 1.53256E-1 1.72227E-1 1.73999E-1 1.48409E-1 1.28595E-1 1.03388E-1 1.21891E-1 9.34436E-2 8.415E-2 1.18739E-1 1.04177E-1 1.13135E-1 8.82102E-2 7.49241E-2 7.50771E-2 1.26445E-1 1.87343E-1 1.63755E-1 1.60739E-1 1.84909E-1 1.973E-1 1.68905E-1 1.58081E-1 1.7133E-1 1.91179E-1 1.48477E-1 2.05738E-1 1.65201E-1 2.05469E-1 2.63664E-1 2.31522E-1 1.7835E-1 1.44809E-1 1.34284E-1 1.3457E-1 1.2749E-1
-9999 -9999 -9999 -9999 -9999 -9999 2.19174E-1 2.33666E-1 2.29284E-1 2.55609E-1 2.86347E-1 2.20887E-1 1.69665E-1 1.45263E-1 1.72831E-1 1.91306E-1 2.71378E-1 1.90658E-1 1.77939E-1 6.14427E-2 5.83143E-2 9.67712E-2 1.79845E-1 1.6385E-1 1.52735E-1 1.5091E-1 1.69778E-1 1.60415E-1 1.462E-1 1.01975E-1 1.11294E-1 8.5941E-2 8.69233E-2 1.0497E-1 8.87612E-2 1.10136E-1 6.82136E-2 6.34187E-2 7.25326E-2 1.04468E-1 1.61706E-1 1.47719E-1 1.75875E-1 2.03799E-1 1.67037E-1 1.23763E-1 4.24948E-2 1.08803E-1 1.27137E-2 7.78884E-2 2.07951E-1 1.59267E-1 2.1374E-1 2.34353E-1 2.40089E-1 1.75637E-1 1.16917E-1 7.88171E-2 9.23733E-2 6.46681E-2
-9999 -9999 -9999 -9999 -9999 -9999 -9999 2.73172E-1 3.13449E-1 3.0395E-1 3.0323E-1 1.88033E-1 1.66553E-1 1.82155E-1 1.9926E-1 1.75832E-1 1.15654E-1 1.13881E-1 1.30692E-1 1.46505E-1 1.51608E-1 1.55264E-1 1.58775E-1 1.3278E-1 1.37858E-1 1.06187E-1 1.41007E-1 1.45533E-1 1.60798E-1 1.16456E-1 1.63085E-1 1.11144E-1 1.18595E-1 8.76128E-2 8.59399E-2 6.61009E-2 6.14432E-2 7.52838E-2 9.49884E-2 1.43258E-1 2.11141E-1 1.94652E-1 2.44872E-2 2.22888E-1 2.25388E-1 1.45587E-1 1.32957E-1 2.18544E-1 4.3475E-2 9.65499E-2 1.10486E-1 5.54455E-2 1.57854E-1 4.82823E-2 1.88392E-1 1.2624E-1 1.04479E-1 7.96072E-2 1.14706E-1 1.29563E-1
-9999 -9999 -9999 -9999 -9999 -9999 -9999 -9999 2.47796E-1 3.40454E-1 2.93509E-1 2.09212E-1 2.19657E-1 2.81396E-1 2.55693E-1 1.33064E-1 1.23175E-1 1.33996E-1 1.44936E-1 1.52913E-1 1.40198E-1 1.48475E-1 1.24801E-1 9.96875E-2 1.12708E-1 1.12379E-1 1.23523E-1 1.21011E-1 1.51641E-1 1.34777E-1 2.00931E-1 1.3688E-1 7.67425E-2 8.61212E-2 9.82172E-2 6.51674E-2 6.77924E-2 8.50823E-2 1.15851E-1 3.92688E-2 2.12111E-1 1.93663E-1 2.1313E-1 1.88611E-1 1.8839E-1 1.13869E-1 1.06841E-1 1.08752E-1 3.68599E-2 6.73916E-2 1.22039E-1 1.82764E-1 1.07404E-1 1.08275E-1 9.63319E-2 4.44968E-2 9.67168E-3 7.52307E-2 1.45644E-2 9.35958E-2
-9999 -9999 -9999 -9999 -9999 -9999 -9999 -9999 -9999 2.47883E-1 3.01854E-1 2.53288E-1 2.15093E-1 1.70827E-1 2.10511E-1 1.16043E-1 1.17367E-1 1.30834E-1 1.30001E-1 1.37323E-1 1.29689E-1 1.20405E-1 8.3296E-2 7.47723E-2 8.24235E-2 1.04144E-1 1.30365E-1 1.18695E-1 1.21509E-1 1.32337E-1 1.30024E-1 1.07605E-1 1.07151E-1 1.05997E-1 9.04889E-2 8.79765E-2 8.43133E-2 1.13568E-1 1.38469E-1 5.18447E-2 2.23928E-1 1.46819E-1 1.87041E-1 1.46737E-1 1.41463E-1 9.69905E-2 1.71859E-1 1.46308E-2 6.37002E-2 1.32636E-1 8.08733E-2 7.82949E-2 7.66698E-2 7.40717E-2 7.32898E-2 7.00937E-2 8.80495E-2 9.52378E-2 1.12331E-1 1.2586E-1
-9999 -9999 -9999 -9999 -9999 -9999 -9999 -9999 -9999 -9999 2.79221E-1 1.97907E-1 3.54203E-1 4.97349E-1 2.22616E-1 1.51016E-1 1.04716E-1 1.12785E-1 1.17279E-1 1.30914E-1 1.63828E-1 1.36596E-1 1.03391E-1 9.19156E-2 1.24686E-1 1.91832E-1 2.50339E-1 1.76206E-1 2.06078E-1 1.23454E-1 1.00597E-1 1.32869E-1 1.45033E-1 9.99565E-2 1.11429E-1 1.22805E-1 1.0397E-1 1.50656E-1 2.09947E-1 2.90988E-1 2.12312E-1 1.30202E-1 1.82008E-1 1.38996E-1 1.07539E-1 8.81874E-2 7.79045E-3 1.19073E-2 6.09975E-2 5.29441E-2 5.32709E-2 6.32808E-2 6.54699E-2 5.99372E-2 5.28329E-2 9.62381E-2 6.2942E-2 1.19289E-1 1.28236E-1 1.68597E-1
-9999 -9999 -9999 -9999 -9999 -9999 -9999 -9999 -9999 -9999 -9999 3.79761E-1 1.62697E-1 4.72237E-1 3.41641E-1 2.03679E-1 1.11977E-1 1.16482E-1 1.20445E-1 1.43929E-1 2.02495E-1 1.74479E-1 1.34095E-1 1.34177E-1 1.56843E-1 2.2681E-1 3.71875E-1 1.42295E-1 1.78027E-1 1.2202E-1 1.54824E-1 1.59998E-1 1.16906E-1 1.21573E-1 1.18923E-1 1.56667E-1 1.28336E-1 2.07368E-1 8.02911E-2 2.94288E-1 1.52291E-1 1.02229E-1 1.43977E-1 1.08436E-1 2.91325E-2 7.81956E-3 1.0884E-2 6.20874E-2 4.99345E-2 6.15354E-2 7.41144E-2 8.37523E-2 9.46997E-2 8.77047E-2 1.00565E-1 6.03099E-2 1.19619E-1 1.29007E-1 1.39193E-1 2.13584E-1
-9999 -9999 -9999 -9999 -9999 -9999 -9999 -9999 -9999 -9999 -9999 -9999 5.52893E-1 1.8867E-1 3.46659E-1 1.65893E-1 9.64264E-2 9.93712E-2 1.15707E-1 1.60406E-1 1.11148E-1 2.18099E-1 1.90009E-1 2.0589E-1 2.18987E-1 2.40589E-1 2.79946E-1 8.46035E-2 1.81231E-1 1.98493E-1 1.31722E-1 1.08958E-1 1.15642E-1 1.21109E-1 1.24434E-1 4.26905E-2 1.76114E-1 2.98872E-1 2.34817E-1 2.30797E-1 1.27579E-1 9.24501E-2 1.34996E-1 6.42224E-2 1.35495E-2 1.20764E-2 7.63507E-2 6.20272E-2 6.70524E-2 8.14553E-2 1.00949E-1 1.11353E-1 1.28445E-1 2.5976E-2 1.05799E-1 1.22388E-1 1.25873E-1 1.473E-1 1.61765E-1 2.9373E-1
-9999 -9999 -9999 -9999 -9999 -9999 -9999 -9999 -9999 -9999 -9999 -9999 2.06645E-1 2.61912E-1 2.23541E-1 1.17038E-1 8.0632E-2 9.54342E-2 1.28611E-1 1.83177E-1 8.64353E-2 2.69839E-1 2.76444E-1 2.02622E-1 2.94852E-1 3.25691E-1 5.14253E-1 6.40508E-2 3.04711E-1 1.05302E-1 8.83552E-2 8.04643E-2 7.73304E-2 8.76378E-2 1.2E-1 1.91283E-1 2.85328E-2 3.20403E-2 2.64431E-1 1.69599E-1 1.12859E-1 1.03235E-1 9.37694E-2 5.20809E-3 6.34805E-3 7.63777E-2 4.42121E-2 4.76656E-2 6.28776E-2 8.73198E-2 1.15099E-1 1.19386E-1 1.3991E-1 1.12867E-1 1.14402E-1 1.17842E-1 1.25686E-1 1.33511E-1 2.07726E-1 2.36312E-1
-9999 -9999 -9999 -9999 -9999 -9999 -9999 -9999 -9999 -9999 -9999 -9999 -9999 1.06429E-1 1.67443E-1 1.01711E-1 8.06227E-2 1.12879E-1 1.37991E-1 1.86623E-1 2.68584E-1 3.05943E-1 3.63515E-1 3.69547E-1 9.42137E-2 3.71227E-1 2.79006E-1 2.03578E-1 1.91366E-1 9.42181E-2 6.38254E-2 6.03472E-2 7.09878E-2 8.57757E-2 1.04944E-1 1.80999E-1 2.05307E-1 3.00099E-1 2.51121E-1 1.29209E-1 1.04503E-1 9.73232E-2 4.73713E-3 1.23588E-2 5.62388E-2 3.6946E-2 4.9801E-2 6.8282E-2 8.20488E-2 1.00107E-1 1.29806E-1 1.39846E-1 1.43322E-1 1.38101E-1 1.28196E-1 1.10445E-1 1.14143E-1 1.2557E-1 1.75235E-1 1.72681E-1
-9999 -9999 -9999 -9999 -9999 -9999 -9999 -9999 -9999 -9999 -9999 -9999 -9999 1.48236E-1 1.69688E-1 1.42815E-1 1.05655E-1 1.4472E-1 1.50058E-1 2.10287E-1 3.45107E-1 4.48114E-1 1.66955E-1 5.30005E-1 5.24929E-1 2.95306E-1 2.01503E-1 1.9202E-1 1.31771E-1 6.26198E-2 4.12797E-2 4.87044E-2 6.71378E-2 7.42513E-2 8.69867E-2 1.5433E-1 1.68432E-1 2.26345E-1 2.2138E-1 1.01553E-1 6.06226E-2 8.78357E-2 6.09328E-2 4.42329E-2 3.16667E-2 2.77059E-2 3.67527E-2 5.55289E-2 7.2116E-2 7.66834E-2 1.21212E-1 1.23605E-1 1.32409E-1 1.3916E-1 1.22967E-1 9.34143E-2 8.6113E-2 7.60635E-2 1.32929E-1 1.33202E-1
-9999 -9999 -9999 -9999 -9999 -9999 -9999 -9999 -9999 -9999 -9999 -9999 -9999 -9999 1.9088E-1 1.64132E-1 1.18836E-1 1.48422E-1 1.55629E-1 2.28348E-1 4.27888E-1 2.13889E-1 6.77767E-1 6.70772E-1 1.7819E-1 8.06872E-2 2.55534E-1 1.78906E-1 1.27111E-1 7.27448E-2 5.16409E-2 6.59428E-2 6.84152E-2 7.0738E-2 8.7898E-2 1.29703E-1 1.44573E-1 1.95476E-1 1.62548E-1 7.69107E-2 1.3134E-1 6.32447E-2 4.16822E-2 3.35823E-2 2.878E-2 3.44438E-2 5.0432E-2 7.97957E-2 7.4928E-2 9.67763E-2 1.39258E-1 1.39506E-1 4.39053E-2 1.68688E-1 1.29177E-1 9.45047E-2 8.5441E-2 8.39143E-2 1.41177E-1 7.63711E-2
-9999 -9999 -9999 -9999 -9999 -9999 -9999 -9999 -9999 -9999 -9999 -9999 -9999 2.18847E-1 1.81559E-1 1.64355E-1 1.50294E-1 1.74493E-1 2.05675E-1 3.15673E-1 2.23103E-1 5.77959E-1 2.9638E-2 5.33171E-1 4.57436E-1 3.16197E-1 2.50264E-1 1.48423E-1 1.07179E-1 6.93087E-2 5.64148E-2 5.73556E-2 6.10337E-2 7.20138E-2 6.83978E-2 1.04516E-1 1.25815E-1 1.52723E-1 1.18663E-1 1.19964E-1 5.7697E-2 3.99034E-2 3.31818E-2 2.92635E-2 3.47192E-2 4.57045E-2 7.58522E-2 8.572E-2 9.14995E-2 1.17148E-1 1.49076E-1 1.46036E-1 2.36443E-2 1.85568E-1 1.3632E-1 9.66728E-2 7.12891E-2 6.35631E-2 8.4036E-2 2.19696E-2
-9999 -9999 -9999 -9999 -9999 -9999 -9999 -9999 -9999 -9999 -9999 -9999 -9999 3.79485E-1 2.65404E-1 2.38023E-1 1.99324E-1 2.32292E-1 2.88899E-1 3.76294E-1 4.1249E-1 3.56496E-1 5.01287E-1 4.52167E-1 3.37593E-1 2.09511E-1 1.85031E-1 2.49127E-1 1.31537E-1 9.42373E-2 7.31928E-2 8.01777E-2 5.65171E-2 5.43789E-2 4.86027E-2 7.87345E-2 1.1374E-1 2.1915E-2 1.06052E-1 6.18094E-2 4.87844E-2 4.81672E-2 5.01417E-2 4.44422E-2 5.0101E-2 5.93364E-2 8.24523E-2 1.05336E-1 1.21628E-1 1.63037E-1 1.68213E-1 1.58513E-1 1.91123E-1 1.89766E-1 1.3619E-1 1.03097E-1 7.84247E-2 7.04593E-2 6.28088E-2 -9999
-9999 -9999 -9999 -9999 -9999 -9999 -9999 -9999 -9999 -9999 -9999 -9999 3.60998E-1 1.61104E-1 3.17402E-1 2.37441E-1 3.36987E-1 3.79278E-1 2.64264E-1 2.42538E-1 3.08768E-1 3.86058E-1 4.06414E-1 1.00358E-1 2.12405E-1 2.01566E-1 3.6382E-1 1.29469E-1 1.9961E-1 1.38364E-1 1.17976E-1 1.10339E-1 7.19038E-2 5.27206E-2 4.15033E-2 5.62645E-2 7.34415E-2 2.65078E-2 7.23266E-2 5.59647E-2 5.5362E-2 6.51878E-2 7.63555E-2 6.80856E-2 6.67049E-2 6.2814E-2 8.34606E-2 1.04577E-1 1.51526E-1 1.89674E-1 1.94384E-1 1.16574E-1 2.21827E-1 1.72159E-1 1.23459E-1 9.59089E-2 7.3562E-2 7.252E-2 6.25919E-2 4.3563E-2
