Phytophthora/models/20240430_1626_40/Phytophthora_PA3_RUN9_MAXENT_outputs/projMaxent.asc
ncols         225
nrows         269
xllcorner     473009.9838
yllcorner     4429051.1748
cellsize      50.0
NODATA_value  -9999
[rows 182 to 207 of 269, columns 0 to 59 of 225]
-9999 -9999 -9999 -9999 -9999 -9999 -9999 4.64002E-1 4.07759E-1 2.86925E-1 2.95969E-1 2.60026E-1 3.29582E-1 4.56365E-1 4.63917E-1 7.51631E-1 7.1958E-1 6.73413E-1 6.3074E-1 2.11709E-1 6.41463E-1 5.99357E-1 5.64357E-1 5.47028E-1 4.05797E-1 4.72275E-1 5.62806E-1 6.16638E-1 5.98408E-1 5.92287E-1 5.29584E-1 6.35152E-1 7.04895E-1 7.15793E-1 7.62003E-1 7.34053E-1 7.66426E-1 2.89174E-1 6.86825E-1 7.40417E-1 6.05798E-1 4.9167E-1 4.4198E-1 4.92747E-1 5.79765E-1 7.71796E-1 7.82704E-1 7.80853E-1 7.43308E-1 6.11226E-1 6.13386E-1 5.69647E-1 7.14184E-1 7.74761E-1 7.06287E-1 5.96247E-1 4.3672E-1 4.29725E-1 4.56287E-1 4.78798E-1
-9999 -9999 -9999 -9999 -9999 -9999 -9999 -9999 -9999 2.25915E-1 2.63806E-1 1.96823E-1 3.57639E-1 4.12421E-1 5.04084E-1 7.92146E-1 7.49605E-1 7.42161E-1 7.02662E-1 6.32964E-1 6.39705E-1 5.26364E-1 4.54165E-1 4.8411E-1 3.57612E-1 4.82E-1 4.88009E-1 5.65599E-1 5.82422E-1 5.70211E-1 4.71446E-1 5.64221E-1 6.9505E-1 8.37012E-1 7.97985E-1 8.24962E-1 7.13805E-1 6.82409E-1 2.45509E-1 6.92877E-1 5.50246E-1 4.77555E-1 4.30963E-1 4.22391E-1 4.88847E-1 7.22948E-1 6.38133E-1 8.01656E-1 7.80107E-1 6.98843E-1 6.38249E-1 5.74104E-1 7.25417E-1 7.8541E-1 6.80335E-1 6.40423E-1 5.42605E-1 5.62243E-1 5.59665E-1 5.70211E-1
-9999 -9999 -9999 -9999 -9999 -9999 -9999 -9999 -9999 -9999 -9999 -9999 2.71613E-1 4.28423E-1 5.72225E-1 8.15268E-1 8.36409E-1 4.45706E-1 7.4796E-1 7.47586E-1 6.80927E-1 6.20969E-1 5.30397E-1 4.6773E-1 6.32095E-1 5.59277E-1 6.03273E-1 6.45942E-1 6.08508E-1 5.75085E-1 5.05953E-1 5.80193E-1 5.89154E-1 7.10491E-1 8.68745E-1 8.52315E-1 7.11371E-1 5.82916E-1 8.30395E-1 5.39265E-1 4.89675E-1 4.37639E-1 4.65017E-1 4.06213E-1 4.75441E-1 7.59147E-1 8.00996E-1 8.56833E-1 7.99223E-1 7.38572E-1 7.01747E-1 7.02172E-1 7.87791E-1 7.71762E-1 8.03847E-1 7.1284E-1 6.4049E-1 6.63559E-1 6.17342E-1 5.5642E-1
-9999 -9999 -9999 -9999 -9999 -9999 -9999 -9999 -9999 -9999 -9999 -9999 -9999 4.94673E-1 6.51214E-1 8.8646E-1 3.65871E-1 8.46548E-1 8.29854E-1 7.23357E-1 1.84386E-1 1.21309E-1 4.84683E-1 5.2256E-1 5.46119E-1 5.72393E-1 5.9784E-1 6.50429E-1 6.78016E-1 7.39605E-1 7.72006E-1 7.23761E-1 6.8385E-1 9.17036E-1 8.76554E-1 3.81957E-1 9.30689E-2 8.33757E-1 5.9867E-1 5.47953E-1 4.01986E-1 3.40164E-1 3.48248E-1 3.63252E-1 4.74751E-1 7.64995E-1 8.24846E-1 8.94399E-1 8.23945E-1 7.65086E-1 7.08804E-1 7.71871E-1 6.65005E-1 6.90686E-1 6.16222E-1 6.97135E-1 7.03686E-1 7.50416E-1 6.82948E-1 6.18397E-1
-9999 -9999 -9999 -9999 -9999 -9999 -9999 -9999 -9999 -9999 -9999 -9999 -9999 -9999 7.38619E-1 9.14773E-1 1.97559E-1 8.51511E-1 8.36363E-1 7.69269E-1 1.62375E-1 5.24328E-1 5.68334E-1 1.7899E-1 6.32916E-1 6.6713E-1 6.77357E-1 7.02895E-1 7.40707E-1 7.43349E-1 7.32985E-1 8.19714E-1 8.91137E-1 8.22905E-1 8.44236E-1 3.45123E-1 5.59423E-1 5.76462E-1 6.00595E-1 5.58183E-1 4.19668E-1 4.20883E-1 4.24909E-1 4.86579E-1 6.05657E-1 8.6768E-1 2.43332E-1 8.78364E-1 8.21602E-1 7.51646E-1 7.22683E-1 6.55774E-1 5.53206E-1 6.14498E-1 6.70033E-1 7.22775E-1 7.01109E-1 7.45236E-1 4.21597E-1 6.60924E-1
-9999 -9999 -9999 -9999 -9999 -9999 -9999 -9999 -9999 -9999 -9999 -9999 -9999 -9999 6.73869E-1 8.92811E-1 4.21828E-1 8.06723E-1 8.47398E-1 4.42319E-1 6.35232E-1 5.51882E-1 5.43723E-1 5.74065E-1 6.21028E-1 7.59066E-1 7.70969E-1 7.50334E-1 7.03605E-1 6.34559E-1 7.41196E-1 7.7953E-1 8.29242E-1 9.17929E-1 8.53267E-1 5.7182E-1 1.01423E-1 6.47959E-1 7.1946E-1 7.18752E-1 6.01357E-1 5.26848E-1 4.90404E-1 5.07422E-1 5.43772E-1 7.95982E-1 8.6716E-1 8.84356E-1 8.18744E-1 6.9793E-1 7.81821E-1 6.41431E-1 6.21691E-1 6.95524E-1 6.82073E-1 7.18283E-1 7.17376E-1 4.42843E-1 7.55678E-1 7.9731E-1
-9999 -9999 -9999 -9999 -9999 -9999 -9999 -9999 -9999 -9999 -9999 -9999 -9999 -9999 -9999 8.69348E-1 2.0537E-1 8.38701E-1 8.67062E-1 8.37105E-1 6.79631E-1 5.26603E-1 5.18081E-1 5.4819E-1 6.13235E-1 7.13064E-1 6.67299E-1 5.86341E-1 5.51366E-1 4.74589E-1 5.64873E-1 5.57238E-1 7.0082E-1 9.30489E-1 5.4138E-1 1.71785E-1 6.63183E-1 7.16775E-1 7.98119E-1 8.69957E-1 6.61379E-1 5.0985E-1 3.52169E-1 3.61588E-1 4.39375E-1 7.20019E-1 7.99921E-1 8.33264E-1 7.97369E-1 7.49909E-1 5.47064E-1 6.28467E-1 5.63878E-1 6.05271E-1 5.9584E-1 6.7851E-1 7.30265E-1 7.32475E-1 7.56872E-1 7.63985E-1
-9999 -9999 -9999 -9999 -9999 -9999 -9999 -9999 -9999 -9999 -9999 -9999 -9999 -9999 -9999 7.10806E-1 7.12927E-1 8.94809E-1 8.75707E-1 7.6458E-1 5.70253E-1 4.43278E-1 4.71492E-1 5.15251E-1 4.01933E-1 5.62547E-1 4.94024E-1 4.80525E-1 4.87938E-1 4.31116E-1 5.63307E-1 6.50004E-1 7.92474E-1 8.8064E-1 9.09535E-1 8.31462E-1 5.9305E-1 6.46564E-1 7.66549E-1 8.29513E-1 6.25904E-1 3.6847E-1 2.87239E-1 3.46406E-1 4.29826E-1 6.81606E-1 7.0535E-1 7.57152E-1 8.71048E-1 7.50822E-1 6.48059E-1 5.80161E-1 5.96077E-1 6.27082E-1 6.36097E-1 7.25757E-1 8.37314E-1 8.3682E-1 7.82741E-1 7.05549E-1
-9999 -9999 -9999 -9999 -9999 -9999 -9999 -9999 -9999 -9999 -9999 -9999 -9999 -9999 -9999 7.55783E-1 6.52597E-1 7.93273E-1 7.72765E-1 5.36768E-1 4.20121E-1 3.93015E-1 4.46247E-1 4.11517E-1 3.83662E-1 3.40165E-1 3.16599E-1 2.59169E-1 2.56701E-1 2.99255E-1 4.66425E-1 5.47834E-1 5.99543E-1 5.73833E-1 1.64792E-1 6.11204E-1 6.03422E-1 5.76493E-1 7.48664E-1 7.93023E-1 7.37661E-1 4.83364E-1 3.97332E-1 5.30477E-1 4.60324E-1 3.40602E-1 3.71232E-1 1.92119E-1 5.1606E-1 4.16359E-1 4.42397E-1 4.94141E-1 5.8906E-1 6.72539E-1 7.15176E-1 7.73379E-1 8.5632E-1 8.81282E-1 8.11456E-1 7.20523E-1
-9999 -9999 -9999 -9999 -9999 -9999 -9999 -9999 -9999 -9999 -9999 -9999 -9999 -9999 -9999 7.08517E-1 8.00259E-1 7.31847E-1 5.9725E-1 4.30339E-1 3.95671E-1 4.08521E-1 4.17436E-1 3.59672E-1 2.90254E-1 2.69132E-1 2.78562E-1 2.56741E-1 3.00069E-1 3.5939E-1 5.27943E-1 5.09507E-1 5.80316E-1 6.41186E-1 6.62406E-1 2.4044E-1 6.60318E-1 8.00176E-1 7.86194E-1 7.28942E-1 5.31339E-1 4.55385E-1 4.00812E-1 4.53525E-1 3.85604E-1 2.69198E-1 1.65387E-1 4.20873E-1 2.49534E-1 2.56955E-1 3.53264E-1 4.59236E-1 5.32786E-1 5.89374E-1 6.0367E-1 7.52035E-1 7.15912E-1 9.20697E-1 8.81623E-1 7.50016E-1
-9999 -9999 -9999 -9999 -9999 -9999 -9999 -9999 -9999 -9999 -9999 -9999 -9999 -9999 -9999 -9999 6.45266E-1 5.33578E-1 4.99999E-1 4.23657E-1 4.81182E-1 4.44504E-1 3.46558E-1 3.06743E-1 2.64163E-1 2.36964E-1 2.85684E-1 3.17291E-1 3.52353E-1 4.40161E-1 5.90246E-1 6.04471E-1 6.62287E-1 6.96725E-1 7.35847E-1 1.96475E-1 8.58749E-1 8.40945E-1 8.45951E-1 5.42774E-1 5.03119E-1 5.55884E-1 4.96448E-1 1.36461E-1 4.45521E-1 2.63774E-1 3.26461E-1 2.3357E-1 1.91362E-1 1.94864E-1 3.77619E-1 4.834E-1 5.58414E-1 5.81829E-1 6.31923E-1 7.48895E-1 1.23302E-1 8.12006E-1 9.03407E-1 7.94992E-1
-9999 -9999 -9999 -9999 -9999 -9999 -9999 -9999 -9999 -9999 -9999 -9999 -9999 -9999 -9999 -9999 4.37906E-1 3.95457E-1 4.23302E-1 4.30235E-1 5.17008E-1 3.66636E-1 2.81345E-1 2.49634E-1 2.42452E-1 2.7304E-1 3.38925E-1 4.07917E-1 4.43543E-1 5.59226E-1 7.34556E-1 7.44761E-1 7.6312E-1 7.50566E-1 5.97347E-1 1.41644E-1 1.96059E-1 8.68868E-1 6.36125E-1 5.45165E-1 7.17405E-1 2.4138E-1 5.43888E-1 3.6018E-1 3.52633E-1 2.68265E-1 2.33864E-1 1.94224E-1 1.86892E-1 2.43514E-1 4.32342E-1 4.60205E-1 4.94614E-1 5.65477E-1 6.82887E-1 7.92589E-1 8.06705E-1 7.76287E-1 8.17627E-1 8.03622E-1
-9999 -9999 -9999 -9999 -9999 -9999 -9999 -9999 -9999 -9999 -9999 -9999 -9999 -9999 -9999 -9999 -9999 -9999 -9999 -9999 -9999 3.44884E-1 2.53997E-1 2.46164E-1 2.88944E-1 3.34491E-1 3.96851E-1 4.6353E-1 5.50311E-1 6.83884E-1 8.11548E-1 4.7368E-1 3.47354E-1 4.32555E-1 4.88811E-1 8.78907E-1 9.2297E-1 7.38956E-1 6.18047E-1 7.75574E-1 6.433E-1 6.83725E-1 3.22588E-1 2.23937E-1 1.60056E-1 1.62643E-1 1.93061E-1 1.73617E-1 1.75427E-1 2.64747E-1 4.1964E-1 4.78229E-1 4.91671E-1 5.76534E-1 6.8254E-1 7.18538E-1 7.58669E-1 7.23572E-1 7.69096E-1 6.96821E-1
-9999 -9999 -9999 -9999 -9999 -9999 -9999 -9999 -9999 -9999 -9999 -9999 -9999 -9999 -9999 -9999 -9999 -9999 -9999 -9999 -9999 -9999 2.63858E-1 3.23717E-1 4.10277E-1 4.24819E-1 4.53568E-1 4.79901E-1 6.108E-1 8.12767E-1 8.89527E-1 8.19132E-1 8.76833E-1 8.28053E-1 7.51335E-1 5.73277E-1 8.57927E-1 5.85589E-1 3.27208E-1 4.16921E-1 3.82234E-1 2.45745E-1 1.56646E-1 1.04167E-1 8.10337E-2 1.2117E-1 1.41778E-1 1.71788E-1 2.19568E-1 3.10664E-1 3.96322E-1 4.35825E-1 4.64048E-1 5.39184E-1 6.23963E-1 6.03897E-1 6.5541E-1 6.49878E-1 6.03823E-1 5.99196E-1
-9999 -9999 -9999 -9999 -9999 -9999 -9999 -9999 -9999 -9999 -9999 -9999 -9999 -9999 -9999 -9999 -9999 -9999 -9999 -9999 -9999 -9999 -9999 -9999 4.47459E-1 4.34389E-1 4.33486E-1 4.58001E-1 5.29198E-1 6.24431E-1 8.43253E-1 9.10285E-1 2.79012E-1 3.5511E-1 7.44497E-1 5.03697E-1 5.59834E-1 3.99749E-1 4.88023E-1 6.45637E-1 2.65002E-1 1.92278E-1 1.64585E-1 1.37191E-1 1.06242E-1 1.55263E-1 1.36443E-1 2.03656E-1 2.6258E-1 2.64037E-1 3.17504E-1 3.62613E-1 3.79574E-1 4.69333E-1 5.51057E-1 5.66419E-1 6.16571E-1 5.85686E-1 5.90428E-1 5.46131E-1
-9999 -9999 -9999 -9999 -9999 -9999 -9999 -9999 -9999 -9999 -9999 -9999 -9999 -9999 -9999 -9999 -9999 -9999 -9999 -9999 -9999 -9999 -9999 -9999 -9999 -9999 -9999 3.76896E-1 4.33889E-1 5.24133E-1 6.18191E-1 8.05941E-1 4.76951E-1 8.54033E-1 7.08069E-1 8.31176E-1 5.59636E-1 7.27214E-1 6.46243E-1 1.72969E-1 2.47064E-1 2.50975E-1 2.0065E-1 1.57481E-1 1.51104E-1 2.26783E-1 2.60236E-1 3.6174E-1 3.60646E-1 3.35977E-1 3.32851E-1 3.1246E-1 3.63423E-1 4.00307E-1 4.36285E-1 5.04759E-1 5.57402E-1 5.15809E-1 5.24536E-1 5.74484E-1
-9999 -9999 -9999 -9999 -9999 -9999 -9999 -9999 -9999 -9999 -9999 -9999 -9999 -9999 -9999 -9999 -9999 -9999 -9999 -9999 -9999 -9999 -9999 -9999 -9999 -9999 3.60937E-1 4.13837E-1 4.3698E-1 5.22468E-1 6.8298E-1 7.75762E-1 6.91563E-1 6.70584E-1 6.34848E-1 9.01589E-1 4.64214E-1 6.19024E-1 5.73812E-1 4.03507E-1 5.55365E-2 3.05116E-1 1.99535E-1 1.66526E-1 1.81111E-1 2.6102E-1 3.92759E-1 5.61419E-1 3.75078E-1 3.31175E-1 3.88837E-1 3.64077E-1 3.38259E-1 3.62594E-1 3.94949E-1 3.91012E-1 5.47502E-1 7.36864E-1 6.5625E-1 7.70757E-1
-9999 -9999 -9999 -9999 -9999 -9999 -9999 -9999 -9999 -9999 -9999 -9999 -9999 -9999 -9999 -9999 -9999 -9999 -9999 -9999 -9999 -9999 -9999 -9999 -9999 -9999 4.07339E-1 4.82166E-1 4.99771E-1 5.7619E-1 4.25171E-1 7.79475E-1 6.83378E-1 6.5312E-1 8.33993E-1 7.50026E-1 5.81886E-1 4.91782E-1 6.68009E-1 5.69901E-1 2.99061E-1 3.21455E-1 2.33105E-1 2.03744E-1 1.92927E-1 3.80174E-1 6.02123E-1 4.77344E-1 3.80098E-1 3.89157E-1 4.75793E-1 4.3645E-1 4.12666E-1 3.86243E-1 4.3076E-1 3.78575E-1 4.275E-1 2.74224E-1 5.12697E-1 5.73849E-1
-9999 -9999 -9999 -9999 -9999 -9999 -9999 -9999 -9999 -9999 -9999 -9999 -9999 -9999 -9999 -9999 -9999 -9999 -9999 -9999 -9999 -9999 -9999 -9999 -9999 -9999 5.16179E-1 6.25809E-1 6.46473E-1 6.51744E-1 8.9903E-1 6.41832E-1 4.99398E-1 7.74917E-1 8.54034E-1 6.24514E-1 6.84886E-1 4.99554E-1 4.99238E-1 5.63185E-1 6.14849E-1 9.3485E-2 2.93414E-1 2.69871E-1 2.82865E-1 6.87075E-1 7.55475E-1 6.09698E-1 5.24631E-1 5.12832E-1 5.31424E-1 4.62413E-1 4.73335E-1 3.95471E-1 2.54184E-1 5.90218E-2 3.95764E-1 4.4359E-1 5.12795E-1 5.61817E-1
-9999 -9999 -9999 -9999 -9999 -9999 -9999 -9999 -9999 -9999 -9999 -9999 -9999 -9999 -9999 -9999 -9999 -9999 -9999 -9999 -9999 -9999 -9999 -9999 -9999 -9999 5.15363E-1 4.44383E-1 2.38647E-1 6.73251E-1 -9999 -9999 5.18272E-1 7.22055E-1 6.02483E-1 4.99028E-1 1.51927E-1 6.09306E-1 6.93752E-1 6.99854E-1 4.85049E-1 4.25974E-1 1.90425E-1 6.85945E-2 3.5638E-1 7.202E-1 7.16308E-1 6.0994E-1 5.92185E-1 6.14609E-1 6.59941E-1 5.57456E-1 5.92038E-1 1.93497E-1 3.20118E-1 4.06414E-1 4.43437E-1 4.55767E-1 4.87828E-1 5.50388E-1
-9999 -9999 -9999 -9999 -9999 -9999 -9999 -9999 -9999 -9999 -9999 -9999 -9999 -9999 -9999 -9999 -9999 -9999 -9999 -9999 -9999 -9999 -9999 -9999 -9999 -9999 4.57717E-1 4.72792E-1 5.59043E-1 -9999 -9999 -9999 3.44297E-1 5.07141E-1 5.71803E-1 5.25782E-1 4.13008E-1 4.64998E-1 4.14751E-1 3.70237E-1 5.04107E-1 2.48839E-1 3.69979E-1 2.21493E-1 1.09457E-1 5.74273E-1 6.56245E-1 7.33345E-1 6.94081E-1 7.53764E-1 6.93463E-1 6.93233E-1 2.7275E-1 5.05068E-1 3.84132E-1 4.49116E-1 4.80063E-1 5.07548E-1 5.06235E-1 6.41857E-1
-9999 -9999 -9999 -9999 -9999 -9999 -9999 -9999 -9999 -9999 -9999 -9999 -9999 -9999 -9999 -9999 -9999 -9999 -9999 -9999 -9999 -9999 -9999 -9999 -9999 -9999 -9999 -9999 -9999 -9999 -9999 -9999 3.01862E-1 4.65565E-1 6.20472E-1 3.92266E-1 4.258E-1 3.96304E-1 5.78214E-1 5.21738E-1 3.69179E-1 1.99798E-1 2.9114E-1 1.98481E-1 2.25892E-1 5.34514E-1 2.83122E-1 6.11572E-1 8.35501E-1 4.93943E-1 7.34983E-1 5.195E-1 4.98143E-1 4.25972E-1 3.97123E-1 4.4856E-1 4.76582E-1 5.35155E-1 7.06878E-1 7.48772E-1
-9999 -9999 -9999 -9999 -9999 -9999 -9999 -9999 -9999 -9999 -9999 -9999 -9999 -9999 -9999 -9999 -9999 -9999 -9999 -9999 -9999 -9999 -9999 -9999 -9999 -9999 -9999 -9999 -9999 -9999 -9999 -9999 -9999 3.90485E-1 6.33405E-1 1.57068E-1 4.31382E-1 5.36035E-1 4.39717E-1 3.83784E-1 4.8812E-1 3.14675E-1 1.67367E-1 1.76631E-1 2.85982E-1 6.17926E-1 6.63403E-1 8.45508E-1 8.08622E-1 2.68803E-1 8.34526E-1 8.24768E-1 6.28206E-1 4.60362E-1 4.35855E-1 5.09664E-1 5.48482E-1 7.41908E-1 4.14627E-1 8.43248E-1
-9999 -9999 -9999 -9999 -9999 -9999 -9999 -9999 -9999 -9999 -9999 -9999 -9999 -9999 -9999 -9999 -9999 -9999 -9999 -9999 -9999 -9999 -9999 -9999 -9999 -9999 -9999 -9999 -9999 -9999 -9999 -9999 -9999 -9999 5.7807E-1 4.01922E-1 3.67384E-1 5.26294E-1 4.6301E-1 4.31503E-1 4.95475E-1 4.2574E-1 2.20213E-1 1.99211E-1 3.26385E-1 1.02241E-1 8.13638E-1 6.72871E-1 6.76206E-1 5.72632E-1 2.62346E-1 7.04697E-1 5.63597E-1 3.85214E-1 3.29837E-1 3.6448E-1 4.67946E-1 6.25145E-1 6.95369E-1 7.95653E-1
-9999 -9999 -9999 -9999 -9999 -9999 -9999 -9999 -9999 -9999 -9999 -9999 -9999 -9999 -9999 -9999 -9999 -9999 -9999 -9999 -9999 -9999 -9999 -9999 -9999 -9999 -9999 -9999 -9999 -9999 -9999 -9999 -9999 -9999 4.29114E-1 3.56202E-1 3.87117E-1 3.27451E-1 3.78223E-1 2.579E-1 2.87606E-1 2.28637E-1 2.28177E-1 2.20318E-1 2.30486E-1 4.56805E-1 4.51603E-1 8.40031E-1 2.52145E-1 8.48666E-1 6.7357E-1 7.17725E-1 6.31859E-1 5.3884E-1 5.2016E-1 4.76305E-1 5.60396E-1 7.15107E-1 1.11836E-1 8.82641E-1
-9999 -9999 -9999 -9999 -9999 -9999 -9999 -9999 -9999 -9999 -9999 -9999 -9999 -9999 -9999 -9999 -9999 -9999 -9999 -9999 -9999 -9999 -9999 -9999 -9999 -9999 -9999 -9999 -9999 -9999 -9999 -9999 -9999 -9999 -9999 2.47587E-1 2.93492E-1 2.78635E-1 3.51544E-1 1.99749E-1 2.30553E-1 2.01518E-1 1.78537E-1 2.16609E-1 1.52703E-1 3.93069E-1 4.12539E-1 7.91292E-1 2.94849E-1 3.0621E-1 7.71042E-2 6.31134E-1 5.91299E-1 4.32058E-1 4.74636E-1 5.00445E-1 4.0143E-1 2.8058E-1 4.65229E-2 5.43049E-1
