Phytophthora/models/20240529_1714_25/Phytophthora_PA3_RUN10_MAXENT_outputs/projMaxent.asc
ncols         225
nrows         269
xllcorner     473009.9838
yllcorner     4429051.1748
cellsize      50.0
NODATA_value  -9999
[rows 0 to 25 of 269, columns 59 to 117 of 225]
-9999 -9999 -9999 -9999 2.78589E-3 -9999 -9999 -9999 -9999 -9999 -9999 -9999 -9999 -9999 -9999 -9999 -9999 -9999 -9999 -9999 -9999 -9999 -9999 -9999 -9999 -9999 -9999 -9999 -9999 -9999 -9999 -9999 -9999 -9999 -9999 -9999 -9999 -9999 -9999 -9999 -9999 -9999 -9999 -9999 -9999 -9999 -9999 -9999 -9999 -9999 -9999 -9999 -9999 -9999 -9999 -9999 -9999 -9999 -9999
-9999 3.78345E-3 3.53425E-3 4.67058E-3 3.09114E-3 1.79673E-3 1.64783E-3 -9999 -9999 -9999 -9999 -9999 -9999 -9999 -9999 -9999 -9999 -9999 -9999 -9999 -9999 -9999 -9999 -9999 -9999 -9999 -9999 -9999 -9999 -9999 -9999 -9999 -9999 -9999 -9999 -9999 -9999 -9999 -9999 -9999 -9999 -9999 -9999 -9999 -9999 -9999 -9999 -9999 -9999 -9999 -9999 -9999 -9999 -9999 -9999 -9999 -9999 -9999 -9999
4.66966E-3 9.37011E-3 1.03493E-2 9.24454E-3 4.39295E-3 2.70681E-3 1.85445E-3 3.00511E-3 -9999 -9999 -9999 -9999 -9999 -9999 -9999 -9999 -9999 -9999 -9999 -9999 -9999 -9999 -9999 -9999 -9999 -9999 -9999 -9999 -9999 -9999 -9999 -9999 -9999 -9999 -9999 -9999 -9999 -9999 -9999 -9999 -9999 -9999 -9999 -9999 -9999 -9999 -9999 -9999 -9999 -9999 -9999 -9999 -9999 -9999 -9999 -9999 -9999 -9999 -9999
1.56237E-2 1.41369E-2 7.40286E-3 6.07263E-3 4.13268E-3 3.02501E-3 2.76871E-3 3.5323E-3 2.64909E-3 -9999 -9999 -9999 -9999 -9999 -9999 -9999 -9999 -9999 -9999 -9999 -9999 -9999 -9999 -9999 -9999 -9999 -9999 -9999 -9999 -9999 -9999 -9999 -9999 -9999 -9999 -9999 -9999 -9999 -9999 -9999 -9999 -9999 -9999 -9999 -9999 -9999 -9999 -9999 -9999 -9999 -9999 -9999 -9999 -9999 -9999 -9999 -9999 -9999 -9999
8.4717E-3 4.07991E-3 3.54294E-3 6.4832E-3 5.61752E-3 4.22234E-3 2.61604E-3 2.14071E-3 3.43944E-3 5.5565E-3 6.50071E-3 -9999 -9999 -9999 -9999 -9999 -9999 -9999 -9999 -9999 -9999 -9999 -9999 -9999 -9999 -9999 -9999 -9999 -9999 -9999 -9999 -9999 -9999 -9999 -9999 -9999 -9999 -9999 -9999 -9999 -9999 -9999 -9999 -9999 -9999 -9999 -9999 -9999 -9999 -9999 -9999 -9999 -9999 -9999 -9999 -9999 -9999 -9999 -9999
4.88737E-3 3.5647E-3 3.72263E-3 3.63119E-3 5.90962E-3 5.61936E-3 2.06166E-3 1.94183E-3 2.5208E-3 2.2979E-3 2.30619E-3 3.36343E-3 -9999 -9999 -9999 -9999 -9999 -9999 -9999 -9999 -9999 -9999 -9999 -9999 -9999 -9999 -9999 -9999 -9999 -9999 -9999 -9999 -9999 -9999 -9999 -9999 -9999 -9999 -9999 -9999 -9999 -9999 -9999 -9999 -9999 -9999 -9999 -9999 -9999 -9999 -9999 -9999 -9999 -9999 -9999 -9999 -9999 -9999 -9999
1.49852E-2 8.92286E-3 2.13416E-3 1.81738E-3 2.397E-3 4.18178E-3 3.23102E-3 2.83617E-3 1.73306E-3 2.1979E-3 1.7357E-3 1.6833E-3 2.35611E-3 -9999 -9999 -9999 -9999 -9999 -9999 -9999 -9999 -9999 -9999 -9999 -9999 -9999 -9999 -9999 -9999 -9999 5.27988E-2 2.36306E-2 -9999 -9999 -9999 -9999 -9999 -9999 -9999 -9999 -9999 -9999 -9999 -9999 -9999 -9999 -9999 -9999 -9999 -9999 -9999 -9999 -9999 -9999 -9999 -9999 -9999 -9999 -9999
4.8982E-3 1.61837E-3 1.93395E-3 2.54047E-3 3.49908E-3 4.18874E-3 6.17752E-3 6.22062E-3 6.19271E-3 3.01613E-3 2.39356E-3 1.24827E-3 8.8763E-4 6.68578E-4 -9999 -9999 -9999 -9999 -9999 -9999 -9999 -9999 -9999 -9999 -9999 -9999 -9999 -9999 -9999 1.04858E-1 4.56228E-2 1.04087E-2 5.10299E-3 -9999 -9999 -9999 -9999 -9999 -9999 -9999 -9999 -9999 -9999 -9999 -9999 -9999 -9999 -9999 -9999 -9999 -9999 -9999 -9999 -9999 -9999 -9999 -9999 -9999 -9999
1.5131E-3 1.04078E-3 1.7155E-3 2.03312E-3 2.19372E-3 4.24773E-3 4.86465E-3 8.71441E-3 8.06488E-3 3.02021E-3 7.52992E-4 8.8128E-4 7.86819E-4 8.10127E-4 1.6851E-3 2.4159E-3 9.94478E-3 -9999 -9999 -9999 -9999 -9999 -9999 -9999 -9999 2.43588E-2 2.57569E-2 3.97004E-2 3.1352E-2 5.07701E-2 1.83811E-2 1.29293E-2 6.50639E-3 2.75569E-3 3.25546E-3 3.7641E-3 5.35745E-3 9.13818E-3 4.39574E-2 -9999 -9999 -9999 -9999 -9999 -9999 -9999 -9999 -9999 -9999 -9999 -9999 -9999 -9999 -9999 -9999 -9999 -9999 -9999 -9999
1.67642E-3 1.24586E-3 2.17651E-3 1.64869E-3 1.18924E-3 2.38629E-3 3.81254E-3 8.98494E-3 4.86189E-3 2.40486E-3 1.05094E-3 1.67033E-3 1.12776E-3 2.18376E-3 2.90681E-3 3.26654E-3 6.71687E-3 7.83733E-3 2.38738E-3 2.49747E-3 7.35972E-3 1.02225E-2 1.1571E-2 1.12675E-2 8.30491E-3 7.1783E-3 2.0111E-2 3.83509E-2 9.52729E-3 1.56648E-2 8.30845E-3 6.45403E-3 2.81094E-3 1.51691E-3 1.99382E-3 2.71076E-3 4.65544E-3 2.88065E-2 1.21202E-1 7.58129E-2 -9999 -9999 -9999 -9999 -9999 -9999 -9999 -9999 -9999 -9999 -9999 -9999 -9999 -9999 -9999 -9999 -9999 -9999 -9999
1.54665E-3 2.11286E-3 1.95005E-3 1.55452E-3 1.72082E-3 1.90449E-3 2.43787E-3 4.08311E-3 3.62905E-3 1.64648E-3 1.61716E-3 1.14836E-3 6.05839E-4 1.07456E-3 3.61597E-3 3.22715E-3 4.09634E-3 4.95465E-3 6.84262E-3 3.07107E-3 2.16216E-3 1.51423E-3 3.87895E-3 1.05984E-2 1.81146E-2 1.37068E-2 1.35184E-2 1.49817E-2 8.12272E-3 6.46253E-3 7.52468E-3 6.91321E-3 2.63618E-3 1.57276E-3 3.09425E-3 5.71964E-3 8.24172E-3 5.13217E-2 9.26735E-2 1.31813E-1 1.85801E-1 6.64692E-2 -9999 -9999 -9999 -9999 -9999 -9999 -9999 -9999 -9999 -9999 -9999 -9999 -9999 -9999 -9999 -9999 -9999
1.52581E-3 2.86525E-3 1.46459E-3 1.51665E-3 1.85288E-3 2.41508E-3 3.38643E-3 3.08875E-3 2.5985E-3 1.28971E-3 1.48492E-3 1.26996E-3 6.93129E-4 6.08914E-4 1.34875E-3 8.05544E-4 2.83821E-3 3.27856E-3 3.49132E-3 4.81773E-3 1.88957E-3 1.33786E-3 3.76005E-3 9.39742E-3 1.91422E-2 2.3997E-2 2.20342E-2 1.96375E-2 8.18578E-5 2.21589E-4 1.37056E-4 6.3299E-5 7.10298E-5 2.81533E-3 4.23075E-3 5.34528E-3 1.01648E-2 5.14578E-2 5.43647E-2 1.34709E-1 7.47991E-2 1.24456E-1 3.21068E-4 1.7312E-4 -9999 -9999 -9999 -9999 -9999 -9999 -9999 -9999 -9999 -9999 -9999 -9999 -9999 -9999 -9999
1.93688E-3 2.58168E-3 1.47762E-3 1.48325E-3 1.94325E-3 2.96914E-3 2.97807E-3 2.27023E-3 1.89736E-3 1.09752E-3 1.15621E-3 9.46535E-4 5.80978E-4 3.83011E-4 5.26464E-4 7.65306E-4 7.34107E-4 1.17674E-3 8.73174E-4 8.0802E-4 7.18383E-4 2.31832E-3 3.13158E-3 3.75807E-3 4.94606E-3 1.16097E-2 7.53018E-3 9.00142E-3 5.30075E-5 1.92913E-4 3.09913E-4 4.69999E-5 4.46946E-5 3.7773E-5 2.36382E-5 3.11861E-5 9.04568E-3 3.75872E-2 6.04777E-2 8.33321E-2 8.2214E-2 4.16757E-2 1.17404E-3 2.08423E-4 1.6352E-4 -9999 -9999 -9999 -9999 -9999 -9999 -9999 -9999 -9999 -9999 -9999 -9999 -9999 -9999
1.81776E-3 1.78986E-3 1.91501E-3 1.83924E-3 2.05124E-3 2.9827E-3 2.65429E-3 1.80967E-3 1.45456E-3 1.77674E-3 1.47973E-3 1.11747E-3 8.34697E-4 4.23625E-4 3.33945E-4 7.30862E-4 3.52003E-4 6.33233E-4 7.04311E-4 9.55776E-4 1.6339E-3 1.84319E-3 3.3106E-3 7.32194E-3 9.03616E-3 1.17649E-2 6.13737E-3 6.61304E-3 4.06454E-3 2.19967E-4 7.18041E-5 6.70134E-5 3.81673E-5 3.21476E-5 2.56874E-5 2.69116E-5 4.33542E-5 1.83914E-2 8.5621E-2 7.59181E-2 8.18314E-2 6.00878E-2 2.7671E-2 4.46363E-2 3.02879E-2 2.94016E-4 3.01973E-4 -9999 -9999 -9999 -9999 -9999 -9999 -9999 -9999 -9999 -9999 -9999 -9999
1.69604E-3 1.77207E-3 2.43965E-3 2.64236E-3 2.39209E-3 2.07216E-3 1.91977E-3 2.08829E-3 2.10175E-3 2.38965E-3 2.06233E-3 1.50295E-3 1.3143E-3 7.4834E-4 5.80757E-4 5.91307E-4 3.23842E-4 3.67756E-4 6.39249E-4 9.22817E-4 2.11103E-3 3.0161E-3 1.55875E-3 5.43304E-3 1.27732E-2 1.29543E-2 7.25748E-3 5.35036E-3 4.00028E-3 1.11057E-2 3.02967E-5 1.69955E-5 2.30824E-5 2.50634E-5 2.49007E-5 9.74821E-5 1.09544E-4 1.89246E-4 9.26534E-2 1.10424E-1 8.7638E-2 8.54377E-2 8.19587E-2 7.53131E-2 5.13212E-2 4.38094E-2 6.06159E-2 1.36574E-3 1.9314E-3 -9999 -9999 -9999 -9999 -9999 -9999 -9999 -9999 -9999 -9999
1.74916E-3 1.87034E-3 2.92182E-3 4.46605E-3 3.27237E-3 3.10545E-3 2.55703E-3 2.4601E-3 1.91721E-3 1.63065E-3 1.67579E-3 1.71537E-3 2.15101E-3 1.1906E-3 1.0301E-3 8.47063E-4 5.11853E-4 5.12221E-4 6.11926E-4 8.30459E-4 1.3963E-3 1.81106E-3 3.53392E-3 3.3733E-3 8.75623E-3 1.78675E-2 1.0026E-2 8.09328E-3 2.44338E-2 7.81016E-3 2.08722E-3 2.56326E-5 9.75413E-5 8.56492E-5 1.26607E-4 8.1385E-4 5.46556E-4 4.03036E-4 2.39892E-4 4.23145E-2 3.43216E-2 3.61287E-2 4.37814E-2 5.99212E-2 2.64441E-2 3.19347E-2 2.39338E-2 5.00847E-2 9.31795E-4 4.61069E-4 -9999 -9999 -9999 -9999 -9999 -9999 -9999 -9999 -9999
2.48203E-3 2.77505E-3 5.0684E-3 5.17002E-3 7.32845E-3 9.40948E-3 4.41342E-3 1.64923E-3 1.30501E-3 6.71218E-4 6.32707E-4 9.92342E-4 1.51419E-3 1.47626E-3 2.17119E-3 1.02502E-3 9.25796E-4 1.16057E-3 8.94101E-4 8.33354E-4 7.76975E-4 2.00267E-3 3.98878E-3 3.63289E-3 3.83992E-3 4.46931E-3 1.18581E-2 1.7665E-2 2.58254E-2 4.50914E-3 9.53769E-3 7.07392E-5 1.15368E-4 7.48676E-5 3.69311E-4 6.68139E-4 1.56232E-4 1.00617E-4 7.33271E-5 9.65638E-5 1.40296E-4 1.21842E-4 8.82591E-3 6.00172E-3 1.81673E-2 1.69442E-2 2.48728E-2 2.35897E-2 4.25203E-4 3.00079E-4 2.42673E-4 2.51471E-4 -9999 -9999 -9999 -9999 -9999 -9999 -9999
4.78556E-3 6.34974E-3 6.73298E-3 5.90558E-3 1.10545E-2 5.13655E-3 3.53393E-3 2.27623E-3 2.14052E-3 8.19522E-4 8.08584E-4 1.49943E-3 2.08351E-3 1.73151E-3 1.75823E-3 3.11967E-3 4.17492E-3 5.13263E-3 7.45366E-3 2.52338E-3 2.38719E-3 3.03279E-3 5.31238E-3 5.1266E-3 3.47271E-3 4.5669E-3 8.38037E-3 4.92813E-3 1.1568E-2 5.73239E-3 8.48807E-3 8.00491E-5 8.5696E-5 1.33943E-4 1.19427E-4 8.3119E-5 2.80253E-5 2.74582E-5 5.14933E-5 5.09511E-5 6.46834E-5 5.11993E-5 4.55812E-5 2.9964E-5 3.39023E-5 1.37908E-2 3.33618E-2 1.2472E-2 1.77852E-4 2.72105E-4 3.47116E-4 3.89726E-4 9.93834E-4 3.755E-4 -9999 -9999 -9999 -9999 -9999
4.1721E-3 1.93595E-3 3.99252E-3 1.13089E-2 1.04216E-2 4.4011E-3 1.07914E-2 1.30936E-2 6.82077E-3 1.67996E-3 1.62231E-3 1.90866E-3 1.68344E-3 2.26526E-3 4.70413E-3 7.37439E-3 8.61747E-3 9.84347E-3 8.53255E-3 1.30696E-2 4.28778E-3 6.02232E-3 1.41029E-2 4.21106E-3 4.50386E-3 4.65138E-3 1.1469E-2 5.3482E-3 8.65633E-3 4.89257E-3 3.25366E-3 2.77973E-3 9.81892E-5 2.34818E-4 2.10044E-4 6.09916E-5 2.20142E-5 2.28664E-5 2.91707E-5 2.91001E-5 2.96175E-5 2.69266E-5 2.88003E-5 3.01355E-5 4.25711E-5 7.64316E-5 2.33325E-4 3.28413E-4 1.71607E-4 2.07295E-4 2.88368E-4 5.22933E-4 8.17825E-4 4.46881E-4 3.71208E-4 -9999 -9999 -9999 -9999
5.37963E-3 3.3378E-3 7.75905E-3 1.99371E-2 1.03585E-2 4.73789E-3 5.68001E-3 9.78073E-3 6.41017E-3 3.28589E-3 2.50604E-3 2.53882E-3 2.22985E-3 6.91563E-3 1.15863E-2 1.47269E-2 1.44991E-2 1.29429E-2 9.58266E-3 1.14984E-2 1.63173E-2 1.68569E-2 1.43016E-2 2.27228E-2 5.4716E-3 4.18316E-3 1.60856E-2 1.48728E-2 6.92669E-3 4.25702E-3 2.54881E-3 2.97613E-3 4.93817E-5 1.91687E-4 1.14797E-4 6.39144E-5 4.06544E-5 3.42982E-5 5.91346E-5 7.7081E-5 4.49474E-5 3.07362E-5 2.78063E-5 2.67442E-5 5.41401E-5 7.43337E-5 1.00416E-4 2.4524E-4 2.65097E-4 1.89156E-4 1.83677E-4 2.58444E-4 2.94622E-4 2.38739E-4 1.93164E-4 7.20483E-4 2.35184E-4 -9999 -9999
1.75424E-2 1.77123E-2 2.01173E-2 1.81159E-2 2.09224E-2 6.8089E-3 4.11783E-3 4.16347E-3 4.68011E-3 4.14299E-3 4.08006E-3 2.82017E-3 3.47216E-3 6.87581E-3 1.00456E-2 1.07858E-2 1.38634E-2 1.67721E-2 1.89069E-2 1.20588E-2 1.3337E-2 1.34375E-2 1.1177E-2 1.30174E-2 2.68031E-2 1.88221E-2 1.46783E-2 7.09246E-3 7.18205E-3 2.81795E-3 4.55055E-3 3.18065E-3 2.00035E-3 6.22707E-5 6.39861E-5 4.94141E-5 3.59794E-5 2.20072E-5 2.24387E-5 5.41335E-5 4.68838E-5 3.03259E-5 2.89761E-5 5.60439E-5 8.50906E-5 6.34537E-5 7.16507E-5 7.02752E-5 1.93228E-4 3.50503E-4 2.2888E-4 2.28887E-4 2.19597E-4 2.48915E-4 3.27683E-4 3.47724E-4 3.12408E-4 5.32116E-4 4.24515E-4
1.53423E-2 1.53953E-2 1.27165E-2 1.42305E-2 1.02162E-2 7.09331E-3 6.18178E-3 5.14639E-3 6.06801E-3 3.78403E-3 4.78963E-3 2.30431E-3 3.78189E-3 7.91366E-3 9.54458E-3 1.31071E-2 1.39843E-2 1.67723E-2 1.22724E-2 7.5463E-3 1.60494E-2 1.50954E-2 2.25668E-2 1.42756E-2 1.73626E-2 2.21742E-2 1.92695E-2 6.84688E-3 3.53871E-2 8.2507E-3 4.99247E-3 2.29078E-3 3.0473E-3 3.55471E-3 6.68825E-5 5.35425E-5 5.05964E-5 4.93788E-5 2.80916E-5 2.87691E-5 2.63002E-5 2.12113E-5 2.80787E-5 1.81924E-4 1.39918E-4 3.13227E-5 2.30904E-5 2.48891E-5 6.43748E-5 4.4424E-4 3.571E-4 2.71612E-4 3.10859E-4 2.84717E-4 3.31333E-4 3.63535E-4 2.13392E-4 7.86861E-4 4.1987E-4
1.05837E-2 1.59233E-2 9.14224E-3 9.25657E-3 5.90011E-3 3.48342E-3 1.80732E-3 1.50811E-3 1.3172E-3 2.89637E-3 3.06885E-3 2.58226E-3 3.24311E-3 4.81677E-3 9.06123E-3 1.25283E-2 1.52421E-2 1.8843E-2 1.20774E-2 5.97219E-3 9.40935E-3 2.6397E-2 3.14648E-2 2.5704E-2 2.56578E-2 2.44181E-2 2.70852E-2 8.74167E-3 5.2554E-2 1.42366E-2 1.34377E-2 5.26294E-3 3.09627E-3 5.11079E-3 1.00619E-2 1.06379E-4 1.35736E-4 9.7616E-5 6.87213E-5 2.85849E-5 2.70518E-5 2.93088E-5 3.40097E-5 1.15301E-4 1.46817E-4 7.20871E-5 4.80535E-5 4.54119E-5 7.39484E-5 1.75816E-4 1.90754E-4 1.34585E-4 1.32875E-4 1.62722E-4 2.0627E-4 3.23651E-4 5.71336E-4 3.93631E-4 1.06941E-3
1.11633E-2 5.96872E-3 2.92649E-3 3.92408E-3 4.63135E-3 1.35817E-3 8.83145E-4 1.21732E-3 1.18682E-3 3.94405E-3 3.25674E-3 2.58928E-3 1.3788E-3 2.07196E-3 3.52017E-3 9.0432E-3 1.72529E-2 1.24009E-2 1.09562E-2 7.93482E-3 1.05685E-2 2.67086E-2 2.55321E-2 1.65434E-2 3.64413E-2 4.75893E-2 3.18886E-2 1.05079E-2 1.94883E-2 1.15609E-2 1.83758E-2 1.80428E-2 6.77428E-3 1.09179E-2 1.3374E-2 1.44557E-4 2.21998E-4 1.48339E-4 5.43099E-5 2.8596E-5 2.76403E-5 1.97814E-5 3.7007E-5 8.58914E-5 3.78929E-4 2.53326E-4 2.05148E-4 2.21519E-4 2.62994E-4 2.15366E-4 6.86678E-5 1.1785E-4 2.16858E-4 1.11828E-4 1.15603E-4 2.46036E-4 2.52452E-4 5.17788E-4 3.70712E-4
2.91691E-3 1.59205E-3 3.03331E-3 2.78376E-3 5.14976E-3 1.06405E-3 9.93292E-4 1.67276E-3 3.74666E-3 3.57174E-3 2.84793E-3 1.73071E-3 1.5426E-3 1.65838E-3 2.75706E-3 8.72071E-3 2.98935E-2 1.40604E-2 5.65583E-3 8.89951E-3 1.83771E-2 2.10037E-2 2.66515E-2 1.84093E-2 3.18373E-2 3.32601E-2 2.12363E-2 7.97041E-3 7.33163E-3 6.5298E-3 1.97165E-2 2.37097E-2 1.63916E-2 1.68533E-2 2.20457E-2 2.36517E-2 4.72682E-4 1.63272E-4 7.47664E-5 2.31764E-5 1.92596E-5 1.9121E-5 3.82695E-5 1.05726E-4 4.47684E-4 4.83303E-4 3.36961E-4 1.35803E-4 2.11849E-4 2.58466E-4 1.31787E-4 1.04896E-4 1.68841E-4 1.91947E-4 1.1326E-4 1.2315E-4 1.659E-4 2.97613E-4 4.1433E-4
1.66735E-3 1.36372E-3 2.07011E-3 4.45876E-3 9.67343E-3 2.12493E-3 1.32173E-3 4.32149E-3 6.89745E-3 5.24757E-3 2.79521E-3 2.68284E-3 5.24095E-3 1.12329E-2 3.30822E-3 5.1956E-3 2.0767E-2 9.41186E-3 3.19053E-3 8.64327E-3 1.08289E-2 2.05216E-2 3.64274E-2 2.87621E-2 2.39697E-2 1.83167E-2 9.63331E-3 7.23926E-3 7.85132E-3 2.55565E-2 3.19653E-2 2.43032E-2 1.7122E-2 1.44334E-2 1.14924E-2 2.35012E-2 3.31543E-2 1.63087E-2 6.29937E-5 2.3366E-5 1.61283E-5 2.19233E-5 7.14854E-5 1.47743E-4 4.61262E-4 6.91477E-4 2.13856E-4 9.09837E-5 6.85006E-5 1.15609E-4 9.64471E-5 9.99997E-5 1.31263E-4 2.95277E-4 3.4147E-4 1.32045E-4 1.2051E-4 1.89327E-4 2.64287E-4
