Phytophthora/models/20240529_1714_25/Phytophthora_PA3_RUN10_MAXENT_outputs/projMaxent.asc
ncols         225
nrows         269
xllcorner     473009.9838
yllcorner     4429051.1748
cellsize      50.0
NODATA_value  -9999
[rows 182 to 207 of 269, columns 59 to 117 of 225]
2.75664E-1 3.04201E-1 2.25185E-1 2.2854E-1 1.69705E-1 1.8006E-1 2.54946E-1 2.85485E-1 3.9342E-1 6.56709E-1 5.31378E-1 3.53662E-1 3.93434E-1 3.07344E-1 3.31828E-1 3.30336E-1 5.15868E-1 7.83444E-1 8.3338E-1 6.64919E-1 5.61155E-1 3.87777E-1 2.96466E-1 3.73847E-1 2.79617E-1 3.96045E-1 4.89124E-1 3.87156E-1 5.85312E-1 8.06648E-1 8.6721E-1 5.95098E-1 5.28111E-1 3.41837E-1 1.57125E-1 2.51872E-1 7.96047E-1 7.79401E-1 9.38001E-1 4.97218E-1 8.64267E-1 8.58778E-1 7.24834E-1 3.38313E-1 4.67235E-1 5.23242E-1 6.01831E-1 6.01242E-1 6.67143E-1 5.54594E-1 7.726E-1 8.17464E-1 8.48817E-1 6.6383E-1 8.95408E-1 8.2543E-1 8.1194E-1 6.25814E-1 6.76596E-1
3.36109E-1 4.19696E-1 2.5792E-1 1.88451E-1 2.07256E-1 2.111E-1 4.03327E-1 4.34514E-1 5.02209E-1 5.41545E-1 4.73784E-1 3.62272E-1 2.61359E-1 2.80777E-1 2.6148E-1 2.91262E-1 5.00485E-1 6.82316E-1 5.38428E-1 5.46942E-1 2.3374E-1 3.15785E-1 4.13665E-1 4.7732E-1 3.55308E-1 4.5201E-1 5.14701E-1 3.03162E-1 4.48438E-1 7.61784E-1 6.37775E-1 4.46733E-1 2.64904E-1 3.46804E-1 3.68664E-1 5.09364E-1 4.67089E-1 7.53387E-1 8.98682E-1 5.50869E-1 8.58634E-1 8.41348E-1 8.54947E-1 6.87012E-1 5.28759E-1 5.04505E-1 7.55967E-1 7.96947E-1 7.93525E-1 5.73365E-1 8.0899E-1 7.86157E-1 7.86995E-1 8.37888E-1 8.23465E-1 8.17281E-1 7.30041E-1 5.67355E-1 7.19015E-1
2.95046E-1 3.72574E-1 3.23637E-1 2.24687E-1 2.29488E-1 3.18146E-1 3.69452E-1 4.69336E-1 5.26573E-1 5.68574E-1 4.1667E-1 4.37772E-1 2.01603E-1 2.1112E-1 2.30862E-1 2.23961E-1 3.39641E-1 3.28267E-1 3.20492E-1 2.49458E-1 1.73559E-1 2.59754E-1 2.59425E-1 2.3589E-1 1.11319E-1 3.36475E-1 2.69731E-1 1.82861E-1 2.74982E-1 4.22292E-1 2.86747E-1 2.04039E-1 5.03688E-1 7.22343E-1 4.72294E-1 4.05383E-1 4.85383E-1 6.95706E-1 8.32097E-1 8.81153E-1 6.36151E-1 8.84813E-1 8.77504E-1 7.96739E-1 5.38668E-1 6.31328E-1 6.73324E-1 7.22795E-1 7.52867E-1 5.50755E-1 6.55717E-1 6.22393E-1 7.18544E-1 7.92539E-1 3.69816E-1 8.47595E-1 9.33851E-1 7.51962E-1 6.19756E-1
2.07912E-1 1.99571E-1 2.78645E-1 2.64601E-1 2.38364E-1 2.53879E-1 4.67984E-1 5.52841E-1 4.80288E-1 5.18341E-1 4.0196E-1 5.3247E-1 2.73873E-1 1.72284E-1 2.32824E-1 1.96208E-1 2.3803E-1 2.25872E-1 2.23589E-1 2.74997E-1 1.96344E-1 1.85616E-1 1.79863E-1 1.33397E-1 1.00073E-1 2.79204E-1 1.60735E-1 1.71862E-1 2.76003E-1 3.64699E-1 2.43878E-1 2.64235E-1 2.38442E-1 4.8658E-1 4.90755E-1 3.06723E-1 4.71664E-1 6.96813E-1 7.39631E-1 7.65107E-1 6.72352E-1 8.92694E-1 6.92577E-1 8.72627E-1 4.37514E-1 3.7318E-1 5.39547E-1 5.25933E-1 5.81567E-1 8.10193E-1 5.17041E-1 3.77618E-1 5.88803E-1 7.49799E-1 5.39699E-1 7.37149E-1 6.112E-1 6.54762E-1 5.49197E-1
2.75193E-1 2.59908E-1 2.43713E-1 2.59776E-1 1.49611E-1 2.88603E-1 3.07442E-1 3.77328E-1 2.52364E-1 3.03708E-1 4.833E-1 6.15349E-1 4.1721E-1 2.10842E-1 3.37277E-1 2.54622E-1 1.68428E-1 2.04793E-1 1.94027E-1 1.80848E-1 1.88096E-1 1.23336E-1 2.41652E-1 1.16045E-1 2.55507E-1 2.08488E-1 1.2229E-1 1.3356E-1 4.15088E-1 4.86489E-1 5.51565E-1 3.03348E-1 3.22354E-1 6.41951E-1 8.32517E-1 7.03816E-1 7.21798E-1 7.62363E-1 8.15094E-1 9.22153E-1 8.35372E-1 8.77165E-1 7.38801E-1 8.754E-1 6.09072E-1 5.10278E-1 3.80784E-1 5.07388E-1 5.58484E-1 9.04547E-1 7.38682E-1 6.05617E-1 5.99298E-1 6.57897E-1 4.48422E-1 7.21537E-1 7.16277E-1 7.458E-1 5.35506E-1
1.50588E-1 2.19062E-1 1.86432E-1 2.06165E-1 2.14178E-1 1.83449E-1 1.92146E-1 2.20326E-1 1.64535E-1 3.11469E-1 3.74683E-1 2.98388E-1 3.0803E-1 2.17391E-1 3.19472E-1 2.58347E-1 1.33586E-1 1.66346E-1 1.50868E-1 1.74623E-1 1.64693E-1 7.55213E-2 7.96491E-2 1.724E-1 1.61685E-1 1.23316E-1 1.27985E-1 1.75793E-1 5.39558E-1 4.41042E-1 4.95664E-1 4.39017E-1 5.20771E-1 4.86593E-1 6.90294E-1 8.20651E-1 9.3069E-1 9.16413E-1 8.17161E-1 8.18179E-1 8.58084E-1 8.42144E-1 5.60038E-1 8.70686E-1 8.56904E-1 5.52962E-1 6.77552E-1 8.51427E-1 7.85376E-1 9.36948E-1 8.00824E-1 7.27112E-1 7.05561E-1 6.39324E-1 5.3486E-1 6.83816E-1 8.88262E-1 7.87903E-1 5.9948E-1
1.36546E-1 1.31698E-1 9.5345E-2 1.30114E-1 1.94839E-1 1.71757E-1 1.83742E-1 1.84864E-1 9.89416E-2 1.85318E-1 3.65727E-1 1.36079E-1 2.5164E-1 2.41885E-1 2.99789E-1 3.03485E-1 1.40284E-1 1.33084E-1 1.9267E-1 2.44481E-1 6.86831E-2 1.93589E-1 1.72632E-1 1.85444E-1 1.71514E-1 1.67401E-1 2.05905E-1 4.52629E-1 5.0773E-1 3.08897E-1 5.19776E-1 4.80885E-1 4.49591E-1 6.33346E-1 7.89168E-1 8.62551E-1 7.72855E-1 6.78207E-1 7.52002E-1 9.10948E-1 9.00146E-1 6.59329E-1 5.6819E-1 8.24413E-1 8.58592E-1 7.16889E-1 6.4195E-1 6.83384E-1 7.04826E-1 5.58315E-1 5.98207E-1 8.56831E-1 7.44032E-1 7.55262E-1 7.64296E-1 8.86959E-1 9.61833E-1 9.01911E-1 8.12452E-1
1.1581E-1 1.05579E-1 3.75936E-1 2.56278E-1 1.79315E-1 1.8568E-1 1.86345E-1 1.62761E-1 1.04413E-1 8.55539E-2 3.2079E-1 2.21206E-1 2.88566E-1 2.76603E-1 2.94826E-1 3.75093E-1 1.67514E-1 1.01482E-1 1.37153E-1 1.37052E-1 2.11393E-1 2.5161E-1 1.42713E-1 1.57767E-1 2.12086E-1 3.51887E-1 4.49098E-1 7.47425E-1 6.15772E-1 4.53217E-1 4.75678E-1 7.07549E-1 6.84631E-1 7.54242E-1 8.26129E-1 6.20878E-1 8.09905E-1 7.67687E-1 8.48476E-1 8.99689E-1 4.66457E-1 3.6135E-1 6.54509E-1 8.56185E-1 9.17349E-1 8.84838E-1 7.17597E-1 5.64599E-1 6.46468E-1 6.34532E-1 5.27646E-1 4.11364E-1 5.10742E-1 5.78433E-1 7.24408E-1 4.28119E-1 7.43079E-1 8.98569E-1 7.99653E-1
1.00017E-1 1.45653E-1 3.93214E-1 3.21747E-1 2.72811E-1 2.75051E-1 2.58936E-1 2.16264E-1 1.83403E-1 6.79411E-2 1.08431E-1 2.47236E-1 6.21893E-1 2.55366E-1 1.24312E-1 8.51021E-2 4.15208E-2 5.6811E-2 1.89976E-1 1.71109E-1 1.50743E-1 1.43486E-1 1.09399E-1 1.64405E-1 3.2133E-1 5.798E-1 5.45422E-1 5.97638E-1 5.52882E-1 5.53037E-1 2.85604E-1 8.19407E-1 8.11213E-1 8.22443E-1 5.252E-1 8.26133E-1 4.09734E-1 4.32659E-1 3.58396E-1 4.07523E-1 6.2001E-1 5.49997E-1 8.12197E-1 7.25987E-1 7.41154E-1 6.58538E-1 8.02519E-1 5.9621E-1 6.65148E-1 5.1813E-1 7.19744E-1 4.82731E-1 2.43742E-1 4.44647E-1 5.45265E-1 3.57423E-1 2.8556E-1 8.74543E-1 8.71666E-1
2.06089E-1 2.27294E-1 3.08487E-1 6.02691E-1 1.50367E-1 1.80071E-1 1.72922E-1 9.82089E-2 9.22495E-2 1.47448E-1 1.32035E-1 8.87821E-2 6.80797E-1 1.11938E-1 5.12097E-2 5.74515E-2 1.21753E-1 1.17312E-1 1.32287E-1 1.43727E-1 8.5495E-2 1.2668E-1 9.22685E-2 1.20667E-1 1.76313E-1 2.29262E-1 2.32728E-1 1.60479E-1 6.1906E-1 6.22771E-1 4.86869E-1 5.69069E-1 7.38421E-1 7.38995E-1 8.37852E-1 8.38952E-1 5.45932E-1 4.5051E-1 4.0305E-1 3.77799E-1 4.93204E-1 6.29309E-1 7.73487E-1 9.01276E-1 6.36392E-1 7.79269E-1 8.57951E-1 8.5063E-1 6.46935E-1 5.61921E-1 6.68603E-1 6.32878E-1 4.48345E-1 2.73109E-1 4.28296E-1 3.99909E-1 1.89112E-1 8.24753E-1 9.08126E-1
5.02602E-1 3.39964E-1 3.64909E-1 2.65988E-1 1.78342E-1 7.05706E-2 1.04845E-1 3.68346E-1 3.26851E-1 1.86937E-1 1.16812E-1 1.48278E-1 3.59635E-1 1.58367E-1 5.96006E-2 6.36875E-2 6.77345E-2 9.55038E-2 1.36638E-1 2.07842E-1 1.54942E-1 1.91658E-1 1.60571E-1 1.76119E-1 3.55793E-1 2.84147E-1 1.64916E-1 1.77413E-1 5.65721E-1 6.50037E-1 5.85174E-1 4.86855E-1 6.47628E-1 8.0508E-1 8.72878E-1 5.50167E-1 6.20081E-1 4.67688E-1 4.06933E-1 5.60265E-1 6.18835E-1 6.05125E-1 5.98857E-1 4.35015E-1 6.40768E-1 8.07641E-1 5.88223E-1 8.55504E-1 6.92113E-1 5.17648E-1 4.46684E-1 5.50964E-1 5.86764E-1 4.86089E-1 3.5256E-1 3.71491E-1 5.13403E-1 6.76026E-1 9.10799E-1
6.38964E-1 3.51241E-1 1.57299E-1 3.34664E-1 1.61476E-1 5.13317E-2 9.62299E-2 4.58285E-1 5.5139E-1 3.8902E-1 2.61837E-1 2.79867E-1 2.99521E-1 1.3014E-1 1.18455E-1 1.36934E-1 1.49681E-1 2.84338E-1 2.07281E-1 2.45052E-1 2.56772E-1 4.1626E-1 3.56011E-1 3.65195E-1 5.20222E-1 2.04704E-1 1.81933E-1 3.58209E-1 5.36181E-1 6.41245E-1 7.10068E-1 5.502E-1 5.45493E-1 8.2445E-1 7.47939E-1 4.5634E-1 5.02778E-1 5.86322E-1 4.12093E-1 5.68805E-1 5.90707E-1 5.88132E-1 5.38052E-1 5.08561E-1 6.14298E-1 6.50134E-1 7.79229E-1 5.87744E-1 5.93253E-1 6.23806E-1 4.59536E-1 5.63435E-1 5.40468E-1 4.58639E-1 4.89078E-1 4.97209E-1 8.25271E-1 5.45975E-1 9.18002E-1
4.8564E-1 4.4888E-1 2.70949E-1 6.96435E-1 1.29292E-1 4.4311E-2 7.43838E-2 3.47222E-1 5.0979E-1 6.05278E-1 4.72799E-1 2.49525E-1 2.34996E-1 1.6801E-1 1.48505E-1 1.66935E-1 1.86952E-1 2.8168E-1 2.42792E-1 2.7347E-1 5.37664E-1 5.5546E-1 5.79117E-1 4.25409E-1 4.57518E-1 2.69117E-1 2.48576E-1 4.63204E-1 4.98569E-1 5.42947E-1 5.49878E-1 5.54348E-1 4.7301E-1 6.18807E-1 4.86572E-1 3.83337E-1 4.78751E-1 5.30268E-1 5.73173E-1 7.85711E-1 6.09438E-1 7.44599E-1 5.32387E-1 5.08681E-1 5.96117E-1 2.10106E-1 3.29509E-1 7.03286E-1 6.38203E-1 6.73573E-1 5.29159E-1 6.85635E-1 7.12967E-1 5.54947E-1 6.10561E-1 7.00019E-1 6.95455E-1 7.16673E-1 8.41834E-1
3.68168E-1 2.24446E-1 4.82732E-1 3.12103E-1 7.45789E-2 5.96683E-2 7.7646E-2 4.18648E-1 8.52807E-1 8.72638E-1 7.10489E-1 2.52506E-1 8.43261E-2 1.09843E-1 1.74191E-1 1.63373E-1 1.50142E-1 2.33188E-1 3.64308E-1 4.66349E-1 5.30545E-1 5.30126E-1 3.92457E-1 2.39128E-1 5.25152E-1 6.08137E-1 5.18895E-1 5.22128E-1 8.32639E-1 4.51848E-1 4.76676E-1 4.91878E-1 3.79793E-1 2.89825E-1 3.5928E-1 4.23032E-1 4.72438E-1 6.31909E-1 8.4335E-1 8.78747E-1 8.8951E-1 8.5326E-1 6.31086E-1 8.22623E-1 6.10278E-1 4.48303E-1 4.42752E-1 5.93733E-1 6.69235E-1 6.39902E-1 6.02658E-1 6.30244E-1 8.28155E-1 9.23454E-1 6.52155E-1 6.97603E-1 5.00204E-1 5.21951E-1 4.09445E-1
5.50574E-1 1.90358E-1 4.28175E-1 1.93246E-1 6.20789E-2 1.2303E-1 2.42165E-1 8.21346E-1 8.50852E-1 7.98054E-1 8.21354E-1 5.88214E-1 1.63631E-1 1.17709E-1 1.04765E-1 9.95297E-2 1.92677E-1 2.92507E-1 4.61972E-1 4.99945E-1 2.9965E-1 2.56231E-1 2.02388E-1 1.58184E-1 3.42642E-1 4.78995E-1 5.51546E-1 5.28907E-1 6.13117E-1 5.11421E-1 4.70068E-1 4.74394E-1 4.70858E-1 3.72627E-1 4.38781E-1 4.34637E-1 5.67898E-1 4.97254E-1 6.96926E-1 8.7499E-1 8.93505E-1 4.82893E-1 5.76706E-1 5.85031E-1 6.11885E-1 5.92083E-1 7.43518E-1 7.57976E-1 6.64605E-1 7.97992E-1 7.49232E-1 9.02042E-1 9.16396E-1 9.7332E-1 9.296E-1 7.97252E-1 6.4665E-1 9.28014E-1 7.67152E-1
3.27841E-1 3.87177E-1 1.62769E-1 1.35164E-1 1.74618E-1 1.77611E-1 2.72714E-1 9.02973E-1 7.47312E-1 8.24365E-1 3.92845E-1 1.77432E-1 1.48897E-1 1.19659E-1 1.56289E-1 1.74333E-1 2.75858E-1 2.941E-1 3.94663E-1 2.52664E-1 1.99623E-1 1.49688E-1 1.65961E-1 1.47128E-1 1.69774E-1 3.47649E-1 9.2806E-2 2.6248E-1 5.57293E-1 4.95629E-1 4.36353E-1 3.71574E-1 3.5774E-1 3.97856E-1 5.34468E-1 5.13129E-1 4.96729E-1 6.33736E-1 7.33589E-1 7.80972E-1 8.23968E-1 8.80134E-1 5.29834E-1 4.51065E-1 5.45226E-1 6.30418E-1 7.13528E-1 7.20128E-1 6.20047E-1 9.0268E-1 9.23577E-1 9.77779E-1 9.79946E-1 9.35601E-1 7.70017E-1 6.93967E-1 5.56546E-1 7.6365E-1 4.46455E-1
5.54941E-1 2.41418E-1 1.11232E-1 1.00621E-1 3.76097E-1 9.26299E-1 3.95405E-1 5.81331E-1 4.45737E-1 2.07826E-1 2.36502E-1 1.54715E-1 1.74446E-1 1.88152E-1 1.99529E-1 2.89648E-1 4.03061E-1 4.1166E-1 4.83513E-1 5.38071E-1 5.35349E-1 2.71102E-1 1.36045E-1 1.14155E-1 1.24589E-1 1.99309E-1 9.61579E-2 3.87583E-1 5.60671E-1 4.96094E-1 4.75615E-1 5.5724E-1 7.02819E-1 7.39672E-1 5.28012E-1 4.9239E-1 4.75988E-1 4.56754E-1 7.69859E-1 4.85731E-1 5.07482E-1 8.93527E-1 8.43562E-1 5.70989E-1 7.61354E-1 5.39801E-1 6.78654E-1 6.28259E-1 5.99034E-1 8.05955E-1 8.97115E-1 7.50707E-1 9.4165E-1 8.81639E-1 9.54601E-1 8.8091E-1 5.26312E-1 6.32597E-1 6.43833E-1
2.47955E-1 1.67872E-1 8.20566E-2 1.06583E-1 4.31202E-1 4.45686E-1 2.33265E-1 1.74375E-1 2.12521E-1 2.79865E-1 3.8624E-1 4.47259E-1 4.50112E-1 3.89204E-1 4.63686E-1 6.05962E-1 5.9783E-1 3.38856E-1 5.05095E-1 6.64815E-1 6.95418E-1 4.71679E-1 1.25742E-1 1.25665E-1 1.80217E-1 8.05483E-2 1.35462E-1 4.85976E-1 4.51608E-1 5.72699E-1 4.76796E-1 4.89171E-1 7.63284E-1 4.76541E-1 5.33823E-1 4.33784E-1 4.84482E-1 4.01817E-1 5.44064E-1 6.7948E-1 5.07485E-1 5.71508E-1 7.43372E-1 6.5739E-1 6.42969E-1 5.27606E-1 6.70262E-1 8.14692E-1 9.24456E-1 9.16978E-1 8.86723E-1 6.69885E-1 7.33006E-1 3.88726E-1 6.00017E-1 8.70716E-1 6.25374E-1 6.42103E-1 6.68986E-1
2.48252E-1 1.71502E-1 1.71916E-1 3.18205E-1 1.78259E-1 2.44899E-1 2.93106E-1 2.55409E-1 2.30697E-1 2.56318E-1 3.12859E-1 4.46269E-1 3.81885E-1 2.65877E-1 3.39035E-1 4.30574E-1 5.06365E-1 3.51247E-1 5.67913E-1 6.97525E-1 7.90894E-1 2.99871E-1 3.85948E-1 1.43784E-1 9.88669E-2 2.59337E-1 4.93493E-1 4.69341E-1 6.95657E-1 7.68964E-1 4.83669E-1 5.84534E-1 5.92351E-1 6.68897E-1 5.40596E-1 5.01472E-1 8.36279E-1 4.8156E-1 4.9665E-1 8.44977E-1 5.92733E-1 5.59995E-1 6.07428E-1 7.39775E-1 4.53619E-1 4.45357E-1 5.69776E-1 8.22478E-1 9.4568E-1 9.16421E-1 7.53531E-1 6.85218E-1 8.37287E-1 5.8821E-1 4.44525E-1 5.53033E-1 6.64113E-1 6.54062E-1 6.39136E-1
6.79955E-2 1.23093E-1 3.96345E-1 3.83236E-1 2.66824E-1 1.48861E-1 1.98516E-1 3.39701E-1 2.83981E-1 2.84364E-1 2.84914E-1 2.72613E-1 2.17197E-1 2.44228E-1 2.92393E-1 5.79065E-1 7.14727E-1 5.54615E-1 7.10872E-1 6.98896E-1 8.17604E-1 4.7846E-1 3.52191E-1 1.9944E-1 1.41888E-1 5.57133E-1 5.14307E-1 6.05969E-1 7.46076E-1 8.33634E-1 6.49173E-1 4.88384E-1 4.79267E-1 3.29974E-1 5.37441E-1 7.13402E-1 3.70307E-1 6.97145E-1 4.68381E-1 8.12147E-1 7.87508E-1 4.54467E-1 5.72889E-1 4.72129E-1 4.00905E-1 3.90877E-1 8.76133E-1 9.63054E-1 7.7002E-1 8.79732E-1 6.29102E-1 6.78861E-1 9.20207E-1 7.74331E-1 5.01064E-1 6.58806E-1 7.00717E-1 6.9448E-1 6.39879E-1
1.86635E-1 3.78647E-1 4.3032E-1 2.86417E-1 3.18203E-1 3.17405E-1 2.72851E-1 2.76698E-1 2.13832E-1 2.66804E-1 2.66285E-1 2.11075E-1 2.05359E-1 2.37292E-1 2.74542E-1 6.17609E-1 7.29153E-1 5.38385E-1 6.63442E-1 6.78928E-1 5.62268E-1 6.28533E-1 4.06498E-1 1.88058E-1 3.21727E-1 5.52816E-1 4.3385E-1 5.1484E-1 6.97521E-1 7.49402E-1 7.97772E-1 7.10952E-1 3.37729E-1 3.4395E-1 3.08247E-1 3.1424E-1 6.74066E-1 4.6555E-1 4.719E-1 8.58936E-1 5.34185E-1 3.71091E-1 4.96798E-1 4.27718E-1 6.70788E-1 4.34584E-1 9.27515E-1 9.01051E-1 6.42766E-1 5.05328E-1 5.99289E-1 6.47184E-1 9.05428E-1 6.81061E-1 6.58174E-1 6.96684E-1 6.59231E-1 6.31214E-1 6.04786E-1
2.66912E-1 2.94566E-1 1.71152E-1 1.89338E-1 2.44366E-1 2.53405E-1 2.05529E-1 2.99588E-1 2.82314E-1 3.10934E-1 2.72986E-1 1.8056E-1 2.02404E-1 2.41568E-1 2.11926E-1 3.8604E-1 4.50541E-1 5.26636E-1 6.32922E-1 5.82626E-1 2.22143E-1 6.0608E-1 4.28887E-1 1.72808E-1 4.12087E-1 4.26156E-1 5.67793E-1 4.4469E-1 7.50081E-1 7.46156E-1 8.22818E-1 8.2428E-1 3.71535E-1 3.28458E-1 3.77999E-1 3.38737E-1 5.37151E-1 7.8389E-1 4.27525E-1 6.49914E-1 6.28981E-1 6.02273E-1 5.59904E-1 6.34389E-1 7.96207E-1 4.78608E-1 9.29594E-1 8.0625E-1 7.25181E-1 5.87871E-1 5.76241E-1 5.60653E-1 9.13993E-1 9.67789E-1 8.86975E-1 7.36845E-1 5.98021E-1 5.73379E-1 5.75148E-1
5.88013E-1 5.88476E-1 4.07152E-1 2.01382E-1 2.02875E-1 3.0689E-1 4.63141E-1 7.62351E-1 5.46121E-1 4.527E-1 5.06713E-1 2.54134E-1 2.03783E-1 2.35196E-1 2.85683E-1 3.39026E-1 3.03815E-1 5.43594E-1 7.77928E-1 7.99176E-1 1.71403E-1 5.12198E-1 2.27032E-1 1.77743E-1 3.87999E-1 5.43183E-1 3.85019E-1 5.40394E-1 5.23898E-1 7.60461E-1 8.27515E-1 8.68168E-1 5.78331E-1 4.67964E-1 4.29692E-1 4.59717E-1 4.24211E-1 6.73487E-1 7.12378E-1 6.48538E-1 7.28947E-1 8.27399E-1 8.95481E-1 7.84574E-1 8.44166E-1 8.18159E-1 9.13119E-1 8.3878E-1 7.85154E-1 7.55566E-1 9.60244E-1 7.26799E-1 6.60025E-1 9.90499E-1 8.59105E-1 8.30143E-1 6.72638E-1 7.39829E-1 7.8475E-1
8.83584E-1 4.39724E-1 6.32795E-1 2.65305E-1 4.21541E-1 5.33968E-1 6.39225E-1 8.69953E-1 8.37544E-1 7.40108E-1 7.62471E-1 5.1663E-1 3.71873E-1 3.62116E-1 4.49307E-1 5.36189E-1 4.16827E-1 5.59152E-1 7.21644E-1 7.74891E-1 1.59108E-1 2.15172E-1 8.58808E-2 8.43418E-2 3.98639E-1 6.95286E-1 4.99851E-1 5.65448E-1 5.03258E-1 9.34833E-1 8.9493E-1 8.99738E-1 8.69707E-1 8.85228E-1 7.22466E-1 8.14737E-1 8.35386E-1 8.82882E-1 8.33741E-1 7.91275E-1 7.17133E-1 9.20148E-1 8.86419E-1 9.47884E-1 9.04482E-1 8.29992E-1 4.35405E-1 5.52745E-1 6.58033E-1 7.23552E-1 9.27212E-1 9.92285E-1 9.02429E-1 9.91484E-1 8.79839E-1 8.54048E-1 7.58836E-1 8.72495E-1 8.97991E-1
6.33168E-1 2.45339E-1 7.10388E-1 4.46874E-1 5.20631E-1 7.45707E-1 8.72613E-1 8.48637E-1 8.12878E-1 7.93849E-1 7.70413E-1 7.56E-1 7.07201E-1 5.0759E-1 4.95656E-1 7.01265E-1 8.30501E-1 5.34817E-1 4.34725E-1 5.48718E-1 1.34543E-1 2.33122E-1 1.1158E-1 1.32952E-1 2.87776E-1 8.46968E-1 6.63045E-1 4.67959E-1 4.13253E-1 7.44275E-1 9.63458E-1 9.18862E-1 6.35274E-1 6.42563E-1 6.51089E-1 5.32009E-1 5.27382E-1 5.78577E-1 7.38363E-1 7.38409E-1 8.06176E-1 7.67925E-1 7.90419E-1 7.47458E-1 9.13633E-1 9.3801E-1 9.51262E-1 6.27939E-1 6.52221E-1 5.91273E-1 7.07071E-1 9.00132E-1 8.29578E-1 9.859E-1 9.89701E-1 9.75037E-1 6.59014E-1 3.93859E-1 4.61399E-1
4.28281E-1 6.48213E-1 4.64469E-1 9.03584E-1 8.08067E-1 8.45869E-1 9.03275E-1 8.5739E-1 7.92331E-1 7.04586E-1 6.20216E-1 6.75044E-1 8.04436E-1 5.31651E-1 5.77982E-1 7.1276E-1 8.21525E-1 6.6542E-1 3.45917E-1 3.383E-1 1.56609E-1 2.33739E-1 2.41761E-1 2.10731E-1 2.88372E-1 4.45391E-1 8.71342E-1 7.34243E-1 5.87781E-1 6.59827E-1 7.83062E-1 9.07326E-1 8.67862E-1 7.0153E-1 7.00191E-1 8.46278E-1 8.47707E-1 9.06251E-1 7.8693E-1 9.0549E-1 9.3787E-1 9.09158E-1 8.11148E-1 7.76663E-1 6.90599E-1 5.33524E-1 7.38523E-1 7.89228E-1 5.24086E-1 4.60712E-1 7.22151E-1 4.96419E-1 9.65022E-1 9.13596E-1 9.22761E-1 9.20396E-1 8.11651E-1 9.56466E-1 8.77002E-1
