Phytophthora/models/20240529_1714_25/Phytophthora_PA3_RUN10_MAXENT_outputs/projMaxent.asc
ncols         225
nrows         269
xllcorner     473009.9838
yllcorner     4429051.1748
cellsize      50.0
NODATA_value  -9999
[rows 182 to 207 of 269, columns 118 to 176 of 225]
5.66637E-1 4.96407E-1 8.65899E-1 5.90137E-1 4.59944E-1 5.89523E-1 6.319E-1 8.37332E-1 8.15296E-1 7.89181E-1 7.61939E-1 3.79784E-1 2.62596E-1 1.98269E-1 1.58487E-1 1.91562E-1 2.16857E-1 1.86983E-1 9.43599E-2 1.40701E-1 3.02219E-1 2.80202E-1 1.41473E-1 3.03982E-1 4.68882E-1 2.36244E-1 3.43412E-1 1.26716E-1 6.81866E-2 5.53061E-2 4.77962E-2 3.27225E-2 2.80542E-2 4.19139E-2 1.60281E-1 4.67301E-1 5.58864E-1 3.22235E-1 1.47469E-1 3.39812E-1 4.94537E-1 2.3045E-1 6.33484E-1 5.81187E-1 2.808E-1 3.18738E-1 4.56989E-1 2.49516E-1 1.34578E-1 3.26272E-1 4.21359E-1 3.93074E-1 2.2717E-1 2.17191E-1 4.6587E-1 4.62669E-1 2.56128E-1 4.73884E-1 5.33899E-1
6.76831E-1 6.6775E-1 5.75727E-1 6.71044E-1 6.61741E-1 3.31377E-1 7.94713E-1 8.47938E-1 8.14553E-1 8.05388E-1 7.72282E-1 5.35597E-1 3.81756E-1 4.06799E-1 1.64528E-1 1.85993E-1 2.92222E-1 3.6342E-1 1.91667E-1 7.8342E-2 2.20439E-1 3.8459E-1 2.87946E-1 4.78334E-1 4.77622E-1 1.56679E-1 2.28701E-1 1.83409E-1 1.45798E-1 9.74939E-2 4.56635E-2 5.51198E-2 5.26755E-2 4.74119E-2 1.30526E-1 3.6507E-1 2.09698E-1 1.43674E-1 1.44661E-1 2.89789E-1 3.33162E-1 2.90424E-1 7.36149E-1 6.69369E-1 3.30307E-1 2.40742E-1 4.625E-1 2.78527E-1 2.74677E-1 2.56207E-1 5.96017E-1 2.99451E-1 1.1462E-1 2.03241E-1 4.62843E-1 3.43444E-1 3.50649E-1 4.37275E-1 3.63524E-1
6.93481E-1 6.85514E-1 5.84088E-1 6.0083E-1 7.47933E-1 6.42084E-1 4.4604E-1 7.97316E-1 6.33073E-1 7.0248E-1 6.83849E-1 7.73777E-1 7.8894E-1 5.72961E-1 2.87583E-1 1.73743E-1 1.42417E-1 2.7047E-1 2.2762E-1 1.02535E-1 1.0912E-1 1.50024E-1 6.2849E-1 3.97614E-1 1.36572E-1 5.02659E-1 1.05238E-1 1.57727E-1 2.12172E-1 1.41386E-1 5.13692E-2 5.07591E-2 6.50226E-2 7.94628E-2 1.05771E-1 9.57223E-2 5.74407E-2 6.78382E-2 1.48331E-1 2.26411E-1 3.15348E-1 4.69502E-1 7.68699E-1 6.70892E-1 2.82468E-1 1.87352E-1 5.32201E-1 5.70779E-1 4.99484E-1 6.86906E-1 7.23757E-1 4.75552E-1 3.14362E-1 3.8008E-1 3.91439E-1 2.58118E-1 1.72671E-1 2.65849E-1 6.24585E-1
6.93247E-1 6.2186E-1 5.4814E-1 7.16311E-1 8.47793E-1 7.55012E-1 4.12403E-1 7.90638E-1 8.01543E-1 8.0898E-1 7.51531E-1 8.27787E-1 8.04476E-1 7.897E-1 7.3037E-1 3.747E-1 1.3625E-1 1.513E-1 1.56398E-1 1.25656E-1 9.04433E-2 5.67454E-2 5.16796E-1 2.67846E-1 1.25578E-1 1.19417E-1 1.80223E-1 9.32273E-2 1.58656E-1 1.23625E-1 7.6152E-2 4.58998E-2 1.17959E-1 1.87634E-1 3.06815E-1 3.09441E-1 1.76884E-1 2.02772E-1 3.65251E-1 3.30786E-1 2.76771E-1 6.66554E-1 8.82494E-1 7.51971E-1 7.31261E-1 2.55652E-1 5.0951E-1 2.50975E-1 2.79298E-1 3.02495E-1 1.37077E-1 1.08851E-1 2.76084E-1 2.95946E-1 2.79997E-1 2.10262E-1 3.37903E-1 4.4166E-1 7.5152E-1
5.50848E-1 7.02305E-1 5.04285E-1 7.15985E-1 8.55304E-1 8.82791E-1 7.30561E-1 6.62205E-1 8.628E-1 8.53366E-1 8.23788E-1 8.15726E-1 8.07941E-1 8.53372E-1 8.54167E-1 6.83215E-1 2.94915E-1 1.48227E-1 1.50646E-1 8.32384E-2 7.86141E-2 3.93914E-1 3.98852E-1 3.14602E-1 1.43823E-1 9.14335E-2 2.51737E-1 1.76529E-1 1.49209E-1 1.2764E-1 5.29196E-2 6.12377E-2 1.78865E-1 1.92134E-1 2.28188E-1 3.30518E-1 4.48297E-1 6.8098E-1 6.9E-1 4.44966E-1 4.08769E-1 7.83747E-1 9.08467E-1 8.31852E-1 8.02656E-1 1.28258E-1 2.98771E-1 4.34675E-1 2.21677E-1 1.77873E-1 9.05814E-2 1.08529E-1 1.32732E-1 1.945E-1 2.03296E-1 3.65082E-1 4.6802E-1 4.86426E-1 6.8688E-1
4.69397E-1 6.4192E-1 6.11563E-1 5.48515E-1 6.80656E-1 8.72256E-1 6.90411E-1 3.75828E-1 8.22532E-1 8.72018E-1 8.39904E-1 8.57681E-1 8.44852E-1 8.76598E-1 8.75871E-1 8.36996E-1 4.81545E-1 2.19978E-1 1.42541E-1 1.46232E-1 2.16823E-1 7.83935E-1 7.88759E-1 4.63643E-1 1.20113E-1 9.65991E-2 2.44116E-1 2.17582E-1 1.54351E-1 1.39491E-1 8.01783E-2 8.77145E-2 2.13284E-1 2.19949E-1 2.80825E-1 3.37545E-1 5.40143E-1 7.32917E-1 5.76733E-1 3.71301E-1 3.48955E-1 5.85244E-1 8.12396E-1 8.3932E-1 7.69235E-1 3.59742E-1 2.36987E-1 4.00552E-1 2.14668E-1 1.69422E-1 1.11536E-1 1.05414E-1 1.14598E-1 1.67095E-1 2.48263E-1 4.77579E-1 4.38048E-1 4.9623E-1 6.41779E-1
5.11582E-1 6.54671E-1 6.42522E-1 5.86396E-1 5.82871E-1 8.75278E-1 7.015E-1 4.11647E-1 7.81576E-1 8.66489E-1 8.19556E-1 8.84292E-1 8.83395E-1 8.8397E-1 8.7749E-1 8.68813E-1 5.78487E-1 3.41675E-1 1.39684E-1 9.17163E-2 5.03037E-1 7.60147E-1 7.36011E-1 6.9566E-1 3.26002E-1 8.15833E-2 8.03589E-2 1.48584E-1 1.12746E-1 1.12551E-1 9.48207E-2 8.57547E-2 1.89038E-1 2.12051E-1 2.05288E-1 3.6603E-1 5.08549E-1 4.5995E-1 3.72599E-1 2.65583E-1 2.79028E-1 4.80324E-1 5.73199E-1 9.22196E-1 7.54613E-1 4.11561E-1 2.40727E-1 2.0488E-1 1.50268E-1 1.40784E-1 1.17042E-1 1.51865E-1 1.76177E-1 2.19389E-1 3.48015E-1 4.89805E-1 4.41651E-1 4.35128E-1 5.75878E-1
5.70555E-1 5.1452E-1 7.12867E-1 5.75912E-1 8.58198E-1 8.92711E-1 8.63754E-1 7.45148E-1 3.89379E-1 8.59755E-1 8.00979E-1 8.76894E-1 8.6814E-1 8.847E-1 8.79551E-1 8.72706E-1 6.44345E-1 3.92084E-1 1.04554E-1 2.88036E-1 5.92806E-1 4.86671E-1 3.41257E-1 3.59325E-1 3.46806E-1 5.74526E-2 4.66097E-2 9.58264E-2 1.51979E-1 1.86016E-1 1.83909E-1 1.4751E-1 2.71012E-1 3.27253E-1 1.93172E-1 3.83855E-1 2.25885E-1 2.2935E-1 2.83119E-1 2.78786E-1 3.47174E-1 4.44089E-1 6.12965E-1 9.0765E-1 8.55784E-1 2.10416E-1 2.79995E-1 1.90451E-1 1.73178E-1 1.92265E-1 1.58211E-1 2.68671E-1 2.619E-1 2.96916E-1 3.6372E-1 4.02113E-1 4.19017E-1 4.26567E-1 4.98924E-1
8.8841E-1 8.11383E-1 6.78546E-1 5.53053E-1 5.14784E-1 6.62498E-1 8.12346E-1 8.22814E-1 7.5403E-1 9.07815E-1 8.48206E-1 8.9537E-1 8.84024E-1 8.73675E-1 8.49664E-1 6.77959E-1 4.44372E-1 1.48222E-1 2.37715E-1 3.10961E-1 3.02377E-1 2.37708E-1 2.43369E-1 3.1465E-1 2.44545E-1 4.49721E-2 7.84801E-2 1.95344E-1 3.01087E-1 3.83451E-1 2.69199E-1 3.00365E-1 4.40768E-1 3.58294E-1 2.122E-1 3.13777E-1 1.96446E-1 2.02542E-1 2.00416E-1 1.59175E-1 2.66525E-1 3.68565E-1 6.60769E-1 8.75563E-1 8.71995E-1 7.67628E-1 2.58021E-1 2.63238E-1 1.48072E-1 2.29178E-1 2.14165E-1 3.06414E-1 3.26207E-1 3.74278E-1 3.25958E-1 4.17371E-1 3.75507E-1 4.19354E-1 3.35164E-1
8.99635E-1 5.42377E-1 4.65778E-1 7.42295E-1 6.2908E-1 5.96749E-1 7.68377E-1 8.7838E-1 9.04946E-1 7.80992E-1 8.60808E-1 8.10809E-1 8.74533E-1 5.3863E-1 3.42499E-1 5.14278E-1 2.66735E-1 2.80417E-1 4.25433E-1 3.82994E-1 2.26707E-1 1.634E-1 1.68673E-1 3.19767E-1 3.40197E-1 5.77508E-2 1.0175E-1 2.185E-1 2.52759E-1 2.39313E-1 3.05384E-1 3.32977E-1 4.06487E-1 3.50152E-1 1.72081E-1 2.51514E-1 2.65679E-1 2.38428E-1 2.23593E-1 1.92219E-1 2.56914E-1 4.54647E-1 8.17512E-1 7.55998E-1 8.34143E-1 8.56139E-1 7.61467E-1 1.40666E-1 7.27804E-2 8.0495E-2 6.35295E-2 2.65883E-1 3.30938E-1 3.82728E-1 2.86023E-1 4.02284E-1 5.95304E-1 5.70599E-1 4.72827E-1
8.8056E-1 5.20517E-1 4.07569E-1 5.90777E-1 6.92955E-1 4.09048E-1 6.61037E-1 7.29828E-1 8.5029E-1 7.73383E-1 8.55403E-1 8.08337E-1 4.52872E-1 3.58091E-1 3.80417E-1 1.31604E-1 2.64193E-1 2.04811E-1 1.63388E-1 4.78799E-1 3.85005E-1 2.49695E-1 1.6599E-1 2.6554E-1 3.37316E-1 1.50034E-1 1.07737E-1 2.78217E-1 2.52029E-1 2.73829E-1 2.88687E-1 3.79533E-1 4.86591E-1 3.63998E-1 1.49379E-1 1.87766E-1 2.58897E-1 2.89301E-1 3.40508E-1 2.98054E-1 3.34909E-1 5.1604E-1 7.99233E-1 7.02289E-1 7.36141E-1 8.61208E-1 7.44686E-1 5.12431E-1 2.44636E-1 2.61687E-1 1.77608E-1 8.16759E-2 1.32146E-1 1.27886E-1 1.77019E-1 3.72454E-1 8.90563E-1 8.98271E-1 6.2765E-1
8.72635E-1 5.20475E-1 3.27129E-1 6.22108E-1 6.56085E-1 3.72356E-1 5.25224E-1 7.27409E-1 7.84986E-1 9.16356E-1 6.30824E-1 4.60615E-1 6.37961E-1 3.74558E-1 2.47008E-1 1.38581E-1 1.15074E-1 3.42754E-1 1.30355E-1 4.36087E-1 5.0006E-1 2.07111E-1 1.41202E-1 2.39509E-1 2.6417E-1 1.23267E-1 1.53034E-1 4.00769E-1 4.83165E-1 4.0009E-1 2.99719E-1 2.85604E-1 3.17137E-1 2.65486E-1 2.1521E-1 2.75127E-1 2.87872E-1 3.17036E-1 3.64068E-1 2.75564E-1 3.24933E-1 6.37027E-1 7.40351E-1 6.96866E-1 6.89505E-1 8.51755E-1 7.22375E-1 5.31754E-1 4.91928E-1 5.01273E-1 2.7405E-1 3.91167E-1 3.41292E-1 3.15407E-1 3.20938E-1 2.97344E-1 8.85743E-1 6.86009E-1 3.31559E-1
8.36421E-1 5.28548E-1 3.45341E-1 5.10644E-1 7.04391E-1 6.0669E-1 3.51011E-1 7.64196E-1 8.25878E-1 6.00202E-1 8.22956E-1 7.05186E-1 3.14027E-1 3.49932E-1 4.09933E-1 2.21369E-1 2.0406E-1 2.37184E-1 2.44056E-1 2.93812E-1 2.46333E-1 1.2227E-1 1.76789E-1 3.08051E-1 1.9583E-1 1.2482E-1 1.89333E-1 3.2421E-1 3.51282E-1 5.50662E-1 4.19213E-1 2.89781E-1 2.56412E-1 2.14318E-1 2.91873E-1 4.2737E-1 4.91969E-1 4.04352E-1 3.9076E-1 2.41255E-1 2.68527E-1 8.08907E-1 7.45746E-1 8.45931E-1 8.55975E-1 7.16712E-1 5.97266E-1 5.04963E-1 4.60334E-1 4.71942E-1 5.14238E-1 5.44716E-1 5.54413E-1 3.32937E-1 2.51751E-1 1.95079E-1 7.41132E-1 8.19173E-1 4.79313E-1
8.32233E-1 5.91308E-1 5.06629E-1 3.01649E-1 6.22851E-1 7.12211E-1 2.81088E-1 8.44241E-1 6.66516E-1 4.38934E-1 4.68325E-1 5.53351E-1 4.26566E-1 4.58549E-1 4.43621E-1 2.79812E-1 2.31564E-1 2.79437E-1 2.76505E-1 2.21755E-1 2.77257E-1 3.18554E-1 1.94383E-1 3.88795E-1 3.2981E-1 2.49354E-1 2.55956E-1 3.39462E-1 4.2759E-1 4.7465E-1 4.45146E-1 3.21679E-1 2.73965E-1 1.9211E-1 3.4518E-1 6.14547E-1 5.95628E-1 4.51543E-1 3.55864E-1 3.39596E-1 3.09032E-1 7.36636E-1 8.07521E-1 7.7818E-1 5.94839E-1 5.56954E-1 4.17425E-1 4.94345E-1 5.15952E-1 6.22621E-1 4.35021E-1 3.78971E-1 3.52631E-1 3.38475E-1 4.26014E-1 3.62103E-1 7.11593E-1 8.35528E-1 4.04346E-1
4.73838E-1 9.22971E-1 7.37113E-1 4.0204E-1 4.02648E-1 7.84436E-1 4.79985E-1 5.58194E-1 6.98264E-1 3.01032E-1 3.17537E-1 1.59555E-1 1.51916E-1 2.18232E-1 2.31543E-1 2.35996E-1 2.09829E-1 4.12324E-1 2.12078E-1 1.23517E-1 1.67433E-1 3.60704E-1 5.47596E-1 5.98079E-1 4.96048E-1 2.7672E-1 1.93282E-1 4.42483E-1 4.6188E-1 4.61667E-1 3.89587E-1 3.2501E-1 2.57151E-1 1.90593E-1 3.52027E-1 6.2167E-1 7.20535E-1 6.77347E-1 5.75551E-1 5.82934E-1 4.53396E-1 6.0097E-1 8.18045E-1 8.27329E-1 6.43773E-1 5.75515E-1 6.33432E-1 6.22189E-1 5.81736E-1 4.71719E-1 3.49773E-1 3.70255E-1 4.2225E-1 4.37254E-1 4.1362E-1 5.75361E-1 7.0444E-1 5.86226E-1 3.13072E-1
3.51209E-1 5.85589E-1 8.42536E-1 5.68407E-1 3.85634E-1 6.19041E-1 7.35827E-1 5.85322E-1 7.81124E-1 5.81003E-1 7.25325E-1 4.37383E-1 2.38963E-1 3.16485E-1 2.45901E-1 2.44991E-1 1.21015E-1 2.07575E-1 2.29148E-1 1.83541E-1 2.46269E-1 3.30432E-1 4.14066E-1 5.22907E-1 5.48205E-1 3.28911E-1 2.29475E-1 4.44967E-1 4.83905E-1 5.07196E-1 3.77601E-1 4.34005E-1 2.73817E-1 2.41761E-1 4.77138E-1 6.16946E-1 5.27654E-1 4.46578E-1 4.7277E-1 5.56972E-1 6.12804E-1 6.59271E-1 9.20699E-1 8.43659E-1 7.21485E-1 6.40763E-1 6.41193E-1 6.22988E-1 5.22686E-1 4.00717E-1 4.40298E-1 4.44001E-1 4.65642E-1 3.52457E-1 3.07148E-1 4.61798E-1 6.79403E-1 1.75523E-1 1.3431E-1
3.5892E-1 6.93504E-1 5.81873E-1 5.08716E-1 6.45465E-1 6.15121E-1 7.63416E-1 6.09515E-1 5.18792E-1 7.86065E-1 6.79312E-1 3.95337E-1 3.28213E-1 3.80362E-1 3.79569E-1 2.35638E-1 8.95063E-2 6.21487E-2 1.30684E-1 1.01013E-1 1.27536E-1 1.1584E-1 1.52754E-1 1.48224E-1 2.98054E-1 3.86704E-1 3.66777E-1 4.92789E-1 5.39355E-1 5.19866E-1 4.84268E-1 5.10166E-1 4.00188E-1 5.03771E-1 5.55233E-1 4.73896E-1 5.88645E-1 5.0658E-1 4.67868E-1 4.5828E-1 4.67566E-1 4.9896E-1 8.57903E-1 8.90378E-1 6.89792E-1 4.56329E-1 5.48451E-1 7.19369E-1 5.84273E-1 4.94719E-1 4.44076E-1 4.46166E-1 3.60794E-1 3.24808E-1 2.54135E-1 3.56173E-1 1.74917E-1 1.56915E-1 1.92857E-1
6.57994E-1 5.85128E-1 6.50805E-1 6.08333E-1 3.5514E-1 3.61805E-1 2.60351E-1 1.94835E-1 2.91267E-1 2.9479E-1 6.62319E-1 3.17311E-1 3.49406E-1 3.90744E-1 2.62621E-1 1.40855E-1 7.96814E-2 5.19838E-2 7.90771E-2 8.74503E-2 1.19069E-1 1.25142E-1 2.30203E-1 2.10285E-1 2.41591E-1 3.33022E-1 5.39652E-1 5.72293E-1 5.0893E-1 4.59459E-1 6.71727E-1 7.63437E-1 5.5796E-1 3.7904E-1 5.50012E-1 5.55166E-1 5.86359E-1 6.07934E-1 5.07949E-1 4.37593E-1 5.52771E-1 5.27206E-1 5.20011E-1 7.43968E-1 5.9431E-1 4.28622E-1 4.88415E-1 6.19022E-1 4.66815E-1 3.73675E-1 4.40052E-1 3.97603E-1 3.27446E-1 2.61921E-1 2.35967E-1 2.5469E-1 2.79909E-1 2.174E-1 2.70725E-1
6.61815E-1 6.40437E-1 4.99692E-1 4.41748E-1 3.61823E-1 1.51677E-1 6.03163E-2 7.94944E-2 1.73091E-1 4.70545E-1 6.26889E-1 3.10906E-1 2.28654E-1 3.48144E-1 2.61491E-1 1.57324E-1 9.17482E-2 1.16265E-1 1.68719E-1 2.00677E-1 2.45779E-1 2.50989E-1 2.93588E-1 3.81617E-1 3.52318E-1 2.88478E-1 5.22876E-1 5.49411E-1 5.97067E-1 8.22448E-1 6.48344E-1 4.91982E-1 2.72362E-1 2.60035E-1 4.53891E-1 4.02387E-1 4.49668E-1 4.8311E-1 6.36471E-1 5.85877E-1 4.40458E-1 4.17594E-1 4.1383E-1 5.52308E-1 4.28966E-1 3.99444E-1 4.37715E-1 4.99194E-1 4.11148E-1 4.45146E-1 2.50584E-1 2.89427E-1 3.51329E-1 2.63868E-1 2.41539E-1 3.37373E-1 1.36262E-1 2.39627E-1 3.44945E-1
6.45705E-1 6.67996E-1 5.82649E-1 4.86305E-1 3.56836E-1 4.09436E-1 3.39411E-1 4.66705E-1 5.96258E-1 5.70391E-1 4.55935E-1 3.94891E-1 3.61387E-1 3.18075E-1 2.36634E-1 1.27666E-1 8.82464E-2 9.69709E-2 1.80483E-1 1.93654E-1 2.25414E-1 2.5142E-1 2.331E-1 2.34207E-1 3.63808E-1 5.6325E-1 6.31666E-1 6.55869E-1 7.35987E-1 8.37562E-1 4.51034E-1 5.02289E-1 2.96346E-1 1.86188E-1 3.85435E-1 4.07673E-1 4.57831E-1 5.06491E-1 5.38954E-1 6.95794E-1 4.27294E-1 3.01837E-1 4.24851E-1 4.68768E-1 2.932E-1 3.79941E-1 4.24364E-1 4.91185E-1 4.9771E-1 2.61603E-1 2.00078E-1 1.77335E-1 2.39572E-1 2.5917E-1 1.87911E-1 2.8109E-1 3.6609E-1 1.3435E-1 3.5795E-1
6.0735E-1 5.98058E-1 6.53488E-1 7.7011E-1 3.95874E-1 7.57176E-1 6.04168E-1 6.21894E-1 5.68086E-1 4.92214E-1 4.17016E-1 4.53166E-1 4.49217E-1 4.44982E-1 4.47908E-1 2.86075E-1 1.94531E-1 1.5092E-1 3.3479E-1 3.0343E-1 1.76115E-1 2.86631E-1 2.25958E-1 3.0231E-1 4.95733E-1 5.74264E-1 7.40558E-1 7.2517E-1 7.32265E-1 5.24651E-1 4.9026E-1 6.04124E-1 3.54384E-1 1.96661E-1 2.55188E-1 4.69119E-1 4.94944E-1 5.33089E-1 5.61188E-1 6.61463E-1 5.28735E-1 4.82581E-1 4.15141E-1 4.54783E-1 3.58381E-1 4.0288E-1 5.56078E-1 4.79309E-1 5.18251E-1 5.38884E-1 3.97693E-1 3.02783E-1 5.09049E-1 5.84788E-1 2.31036E-1 3.43028E-1 3.37293E-1 2.27763E-1 1.57919E-1
5.91708E-1 6.4989E-1 6.48889E-1 6.74622E-1 3.60636E-1 2.25496E-1 3.49064E-1 6.67967E-1 4.3072E-1 6.87278E-1 8.6712E-1 8.04454E-1 4.7819E-1 3.09532E-1 3.01913E-1 2.39419E-1 1.87532E-1 1.62767E-1 1.79082E-1 1.27726E-1 1.89626E-1 2.52808E-1 2.7446E-1 6.6606E-1 6.75812E-1 7.94858E-1 7.9555E-1 7.64259E-1 6.92098E-1 4.75687E-1 4.90458E-1 5.20932E-1 3.20008E-1 1.9157E-1 2.7538E-1 4.89718E-1 4.63446E-1 6.19702E-1 5.69027E-1 5.52117E-1 5.18479E-1 5.41163E-1 5.43418E-1 5.91915E-1 3.86644E-1 5.2181E-1 5.8811E-1 5.99293E-1 5.49066E-1 5.36958E-1 5.59653E-1 4.88203E-1 4.97152E-1 6.54582E-1 4.1537E-1 4.54512E-1 4.00844E-1 2.22586E-1 1.55309E-1
7.73924E-1 7.84076E-1 7.55062E-1 3.4069E-1 8.83566E-1 5.46962E-1 5.72623E-1 7.40637E-1 6.07974E-1 4.96991E-1 8.78831E-1 8.50061E-1 5.08107E-1 2.47489E-1 2.78828E-1 2.35256E-1 2.0573E-1 1.79673E-1 8.2689E-2 1.16778E-1 1.84737E-1 2.84498E-1 4.82076E-1 8.04679E-1 7.77057E-1 7.63961E-1 6.61678E-1 7.3444E-1 6.97449E-1 5.00947E-1 4.43763E-1 4.64475E-1 2.01196E-1 2.32351E-1 2.85458E-1 4.33826E-1 4.28159E-1 6.15738E-1 4.67903E-1 4.84134E-1 3.84881E-1 5.66334E-1 5.6436E-1 7.10052E-1 5.99552E-1 5.61156E-1 6.08915E-1 5.46911E-1 6.53443E-1 6.69205E-1 6.17196E-1 4.69793E-1 4.65853E-1 6.42954E-1 3.97526E-1 2.98118E-1 3.43312E-1 1.80377E-1 1.82118E-1
7.64422E-1 7.99305E-1 4.7874E-1 4.12595E-1 8.2364E-1 5.28008E-1 2.75054E-1 5.53837E-1 6.83779E-1 3.61716E-1 8.8505E-1 8.94264E-1 8.88553E-1 6.94959E-1 6.49567E-1 4.07333E-1 3.31031E-1 1.65359E-1 6.54029E-2 2.04029E-1 2.37449E-1 4.36028E-1 4.90916E-1 7.99995E-1 7.52732E-1 7.98721E-1 7.81305E-1 7.2188E-1 6.88527E-1 5.22613E-1 4.84975E-1 3.58772E-1 1.99896E-1 2.75423E-1 3.2065E-1 4.31474E-1 4.80195E-1 5.98224E-1 4.92129E-1 5.6464E-1 3.09986E-1 3.67416E-1 6.06036E-1 8.79208E-1 8.50199E-1 5.64699E-1 6.10173E-1 5.72105E-1 4.93139E-1 5.67045E-1 4.98728E-1 6.33032E-1 7.5963E-1 8.93366E-1 3.77378E-1 2.28643E-1 3.06522E-1 9.77856E-2 2.64253E-1
3.21016E-1 2.0416E-1 3.95235E-1 6.07572E-1 4.53226E-1 3.72745E-1 3.20588E-1 5.95568E-1 6.36422E-1 5.00285E-1 4.9785E-1 8.84026E-1 8.73111E-1 8.73393E-1 8.66386E-1 6.23636E-1 4.39882E-1 2.87139E-1 1.71085E-1 1.95162E-1 2.0891E-1 6.23436E-1 6.9471E-1 8.18365E-1 7.81651E-1 7.2802E-1 8.15662E-1 7.02651E-1 5.6868E-1 5.32985E-1 4.09162E-1 3.49964E-1 2.31677E-1 2.75183E-1 2.70141E-1 4.53406E-1 5.90197E-1 6.32913E-1 7.54273E-1 8.01505E-1 5.18073E-1 3.86093E-1 6.12227E-1 7.0953E-1 5.66438E-1 4.10304E-1 5.34223E-1 5.67184E-1 7.29729E-1 6.9725E-1 5.11225E-1 4.85785E-1 6.68804E-1 7.33914E-1 3.26274E-1 1.57164E-1 1.0034E-1 2.16289E-1 1.56808E-1
6.25182E-1 3.77214E-1 5.07517E-1 5.15979E-1 2.53637E-1 2.72733E-1 3.53638E-1 3.93641E-1 4.92858E-1 5.22099E-1 3.92931E-1 7.27867E-1 8.88731E-1 8.7998E-1 7.97319E-1 8.45636E-1 8.20228E-1 6.47097E-1 1.97674E-1 2.03006E-1 2.65898E-1 5.47828E-1 7.9777E-1 7.95752E-1 7.77364E-1 7.31526E-1 8.03066E-1 7.1862E-1 6.48528E-1 4.70676E-1 4.27104E-1 3.98162E-1 2.22099E-1 2.8817E-1 2.55228E-1 4.25328E-1 7.70047E-1 8.45561E-1 7.13617E-1 5.96331E-1 5.14709E-1 5.21607E-1 5.76294E-1 4.54756E-1 6.81829E-1 3.94072E-1 4.99755E-1 5.4946E-1 6.41391E-1 6.51536E-1 2.91115E-1 2.17547E-1 3.98579E-1 4.93754E-1 3.1634E-1 8.45457E-2 7.92563E-2 1.15755E-1 1.67168E-1
