Phytophthora/models/20240529_1714_25/Phytophthora_PA3_RUN10_MAXENT_outputs/projMaxent.asc
ncols         225
nrows         269
xllcorner     473009.9838
yllcorner     4429051.1748
cellsize      50.0
NODATA_value  -9999
[rows 104 to 129 of 269, columns 118 to 176 of 225]
4.2133E-1 3.29747E-1 3.4023E-2 1.70211E-3 8.17598E-4 1.48292E-3 2.09631E-3 4.17632E-3 1.0132E-2 1.01342E-2 9.35715E-3 4.34481E-3 4.2627E-3 2.75584E-3 1.6177E-3 1.78131E-3 3.18201E-3 4.53118E-3 4.24601E-3 5.1549E-3 4.60886E-3 4.62605E-3 3.9474E-3 2.40288E-3 1.84958E-3 2.30957E-3 1.51692E-3 7.25681E-4 9.81919E-4 1.4194E-3 1.54789E-3 2.82311E-3 5.20952E-3 3.22125E-3 2.05527E-3 1.76243E-3 3.99653E-3 4.53099E-3 2.85333E-1 9.88124E-2 1.10548E-1 1.44649E-1 9.44029E-2 1.28477E-1 3.10985E-1 3.34286E-1 2.49496E-1 2.54489E-1 2.03184E-1 1.90511E-1 4.41495E-1 3.21314E-1 3.94626E-1 2.36975E-1 1.3308E-1 1.35955E-3 1.07164E-3 9.884E-4 1.2162E-3
5.58231E-1 1.74865E-1 3.18855E-2 6.56217E-2 9.00841E-4 1.63821E-3 1.08095E-3 3.08646E-3 4.5233E-3 5.28723E-3 8.01333E-3 6.23287E-3 4.29286E-3 4.18035E-3 4.3452E-3 3.40118E-3 4.16761E-3 5.28886E-3 4.92386E-3 4.94305E-3 6.05294E-3 4.99801E-3 5.03126E-3 5.10087E-3 4.33578E-3 4.07988E-3 1.50949E-3 7.86672E-4 1.29027E-3 1.5767E-3 9.90194E-4 1.4137E-3 2.60718E-3 6.06457E-3 2.88614E-3 3.63543E-3 3.5265E-3 2.92513E-1 2.06284E-1 2.01985E-1 3.97809E-1 4.10036E-1 5.57027E-1 5.75508E-1 6.20372E-1 4.99836E-1 2.17681E-1 5.73621E-1 4.24166E-1 3.48627E-1 4.27907E-1 3.56097E-1 4.52875E-1 2.12642E-1 1.40356E-1 1.63102E-1 2.57689E-1 1.11286E-1 6.51873E-2
5.89921E-1 1.72656E-1 6.67236E-2 4.98023E-2 5.13653E-2 1.65263E-3 3.85716E-3 7.11936E-3 8.09389E-3 7.30402E-3 6.16063E-3 7.96902E-3 6.36128E-3 4.30538E-3 6.77015E-3 5.83874E-3 5.50474E-3 2.26981E-3 5.31E-3 7.4151E-3 5.49036E-3 4.46902E-3 4.52622E-3 4.43426E-3 5.3761E-3 3.20249E-3 1.20265E-3 6.16669E-4 5.88873E-4 1.22223E-3 7.88821E-4 1.16459E-3 1.70422E-3 3.83417E-3 4.74282E-3 2.48434E-3 2.07386E-3 1.72572E-1 1.50374E-1 2.86306E-1 3.14138E-1 2.40484E-1 2.87631E-1 2.13739E-1 2.02183E-1 2.01092E-1 2.98559E-1 1.73521E-1 1.34201E-1 1.6488E-1 1.71785E-1 2.62918E-1 3.50421E-1 2.71205E-1 3.57079E-1 4.46487E-1 2.63208E-1 1.54555E-1 9.99865E-2
3.52591E-1 4.91E-1 4.05633E-1 1.54708E-1 6.55733E-2 6.71793E-2 2.46535E-3 7.64858E-3 8.25148E-3 7.83159E-3 5.35939E-3 5.62063E-3 5.10625E-3 3.73717E-3 6.30224E-3 5.13093E-3 2.8078E-3 2.68097E-3 4.68596E-3 5.02249E-3 5.80433E-3 5.47466E-3 4.79719E-3 3.19451E-3 3.64567E-3 2.91826E-3 1.19158E-3 9.06683E-4 1.61924E-3 2.84752E-3 8.24118E-4 8.26583E-4 1.55165E-3 9.2729E-4 3.65727E-3 3.25553E-3 2.70471E-3 2.20914E-1 3.20888E-1 2.30408E-1 2.134E-1 1.54231E-1 9.86863E-2 7.42126E-2 1.51468E-1 1.54562E-1 1.44197E-1 1.53665E-1 1.10331E-1 1.04051E-1 1.46489E-1 1.39103E-1 1.281E-1 1.03546E-1 1.65708E-1 2.11658E-1 1.44061E-1 1.79272E-1 1.13778E-1
7.84632E-2 3.5712E-1 5.80481E-1 4.39414E-1 2.68132E-1 1.14887E-1 2.52527E-1 9.22277E-3 8.7344E-3 6.53599E-3 1.83568E-3 4.4382E-3 7.40955E-3 6.55774E-3 9.48304E-3 8.22012E-3 5.99589E-3 7.59888E-3 6.57223E-3 4.59585E-3 7.16902E-3 6.37273E-3 5.93663E-3 5.69553E-3 6.52689E-3 4.65148E-3 2.72486E-3 4.08381E-3 4.02934E-3 3.75621E-3 1.47535E-3 1.19661E-3 1.68959E-3 1.03578E-3 6.64917E-2 1.49889E-1 2.00166E-1 2.98919E-1 3.41218E-1 2.72896E-1 2.37511E-1 1.22824E-1 1.33698E-1 9.90102E-2 1.43288E-1 1.38634E-1 1.61208E-1 1.02945E-1 9.19162E-2 1.02967E-1 9.79161E-2 9.30604E-2 1.0195E-1 9.04232E-2 1.09756E-1 1.89765E-1 1.70769E-1 1.15812E-1 5.77258E-2
3.18746E-1 1.61329E-1 4.54069E-1 4.93461E-1 2.53208E-1 2.50826E-1 2.33579E-1 4.87883E-1 7.5062E-3 8.13181E-3 7.11911E-3 8.83769E-3 1.23766E-2 9.42283E-3 1.44678E-2 1.20785E-2 1.1124E-2 1.10451E-2 8.70446E-3 5.53586E-3 1.11486E-2 9.19452E-3 7.91787E-3 7.10732E-3 7.46557E-3 4.97958E-3 4.08038E-3 5.38381E-3 3.60065E-3 4.1489E-3 1.67359E-3 1.25265E-3 1.73888E-3 2.66494E-3 3.47584E-1 4.58432E-1 2.93545E-1 2.65419E-1 3.15357E-1 4.27891E-1 4.38272E-1 2.07452E-1 2.34719E-1 1.7925E-1 1.54985E-1 1.08145E-1 1.70271E-1 1.16162E-1 7.34169E-2 3.24418E-2 7.64738E-2 6.58302E-2 8.33233E-2 1.01909E-1 1.03426E-1 2.02284E-1 2.65356E-1 1.20965E-1 3.65182E-2
3.44723E-1 9.34335E-2 2.19809E-1 3.39785E-1 2.72666E-1 2.66427E-1 1.79179E-1 3.35512E-1 4.84745E-1 7.4806E-3 4.81023E-3 7.18321E-3 1.18284E-2 1.57331E-2 1.63869E-2 1.40437E-2 1.31297E-2 1.37796E-2 1.15274E-2 6.213E-3 5.59567E-3 5.01693E-3 1.05418E-2 1.0269E-2 9.42918E-3 3.58479E-3 6.36764E-3 6.85607E-3 4.90405E-3 4.29938E-3 1.49234E-3 1.44726E-3 2.21724E-3 4.85645E-3 4.8963E-1 2.54487E-1 2.2642E-1 3.66818E-1 3.87853E-1 4.27127E-1 3.91331E-1 2.16699E-1 2.32519E-1 2.72789E-1 1.94367E-1 1.34896E-1 1.64696E-1 1.41708E-1 5.23415E-2 7.62038E-2 6.15906E-2 5.49831E-2 8.30036E-2 1.09849E-1 1.14453E-1 1.56575E-1 2.35479E-1 1.10559E-1 7.05628E-2
2.38396E-1 1.00158E-1 7.42621E-2 2.93535E-1 2.19798E-1 2.05383E-1 3.72011E-1 2.68021E-1 4.47222E-1 2.26386E-1 5.58421E-3 3.95551E-3 1.07794E-2 1.44267E-2 2.35636E-2 1.93501E-2 1.79727E-2 1.68965E-2 1.44038E-2 6.36523E-3 6.3734E-3 6.20825E-3 1.50232E-2 1.42024E-2 1.13207E-2 6.86438E-3 9.56615E-3 9.8827E-3 6.71351E-3 4.92621E-3 1.78796E-3 1.96978E-3 1.93313E-3 2.34576E-1 2.71219E-1 2.03851E-1 1.14847E-1 2.95152E-1 3.29061E-1 3.90053E-1 2.53559E-1 1.34067E-1 3.0169E-1 2.73578E-1 2.52146E-1 1.43916E-1 7.37091E-2 1.67285E-1 1.00949E-1 1.03339E-1 6.16402E-2 4.39747E-2 9.89258E-2 1.41792E-1 1.15104E-1 1.58057E-1 1.30688E-1 4.54978E-2 6.96588E-2
1.50365E-1 8.0257E-2 8.26973E-2 1.22945E-1 3.17567E-1 3.35397E-1 5.06434E-1 3.30866E-1 2.91612E-1 3.05066E-1 7.80572E-3 9.7931E-3 1.97462E-2 2.75077E-2 2.18493E-2 8.28617E-3 7.98201E-3 1.68803E-2 1.51763E-2 4.08942E-3 7.32964E-3 9.29422E-3 1.61379E-2 1.77366E-2 1.09484E-2 1.3008E-2 1.00999E-2 8.06499E-3 5.12335E-3 4.75345E-3 3.94367E-3 5.66638E-3 1.59138E-1 1.41328E-1 1.49457E-1 3.10132E-1 2.47298E-1 4.32886E-1 2.69263E-1 3.67138E-1 1.12289E-1 1.25904E-1 1.12701E-1 2.34757E-1 1.97433E-1 1.71411E-1 1.79405E-1 3.07693E-1 1.09598E-1 1.20887E-1 6.09919E-2 4.30698E-2 8.81624E-2 1.01823E-1 9.12468E-2 9.74868E-2 4.09536E-2 4.05442E-2 4.48712E-2
1.37218E-1 3.33678E-1 1.13426E-1 1.12517E-1 1.49932E-1 4.50929E-1 5.7874E-1 7.19125E-1 4.05681E-1 6.73327E-1 1.70933E-2 2.38413E-2 4.49354E-3 1.16771E-2 1.4146E-2 1.09445E-2 2.36467E-2 1.88262E-2 1.75589E-2 1.36421E-2 1.0138E-2 2.62983E-2 2.65109E-2 1.94142E-2 1.40933E-2 1.75074E-2 1.40522E-2 7.90797E-3 7.63765E-3 3.17876E-3 2.51829E-3 2.74834E-3 1.65701E-1 9.80423E-2 8.78588E-2 1.75034E-1 3.41337E-1 3.09072E-1 2.87388E-1 4.12307E-1 1.58449E-1 1.37249E-1 1.42084E-1 1.92521E-1 2.09376E-1 2.56083E-1 4.0026E-1 3.63576E-1 1.83756E-1 1.67446E-1 9.07622E-2 8.27013E-2 6.23637E-2 6.90352E-2 8.33029E-2 7.2061E-2 4.10535E-2 4.17036E-2 3.91945E-2
4.78723E-1 2.32669E-1 3.77807E-1 2.984E-1 2.88307E-1 3.23295E-1 6.65882E-1 5.47507E-1 3.99209E-1 7.44082E-1 1.76021E-2 9.39591E-3 2.60401E-2 1.75425E-2 1.45476E-2 2.12952E-2 2.38304E-2 2.81118E-2 2.38864E-2 2.41245E-2 2.35015E-2 4.254E-2 3.74597E-2 2.8973E-2 2.60746E-2 2.10542E-2 1.41026E-2 6.9162E-3 7.20734E-3 3.1416E-3 3.40873E-3 4.08002E-3 2.20261E-1 1.38318E-1 1.89847E-1 1.06121E-1 2.01658E-1 1.66168E-1 1.78168E-1 3.51755E-1 4.30108E-1 2.03247E-1 2.04583E-1 2.46091E-1 2.57133E-1 3.02905E-1 5.51206E-1 2.88958E-1 2.26647E-1 1.4044E-1 1.48147E-1 2.32955E-1 9.75703E-2 6.30337E-2 7.56815E-2 4.32347E-2 3.51496E-2 3.81496E-2 6.72557E-2
7.57934E-1 2.78712E-1 3.8454E-1 2.8513E-1 2.82485E-1 4.10674E-1 7.64001E-1 6.47345E-1 4.51652E-1 4.35904E-1 1.14618E-2 2.42524E-2 3.00316E-2 1.93856E-2 1.39953E-2 2.06076E-2 2.68733E-2 3.27055E-2 2.88061E-2 1.83778E-2 2.82754E-2 4.42964E-2 2.24333E-2 2.06752E-2 2.72648E-2 2.47874E-2 1.38332E-2 1.06347E-2 6.45449E-3 5.07424E-3 7.67761E-3 9.54306E-3 5.99924E-3 2.82802E-1 2.4236E-1 8.96815E-2 2.17602E-1 2.85117E-1 3.11595E-1 3.61412E-1 4.07138E-1 5.54726E-1 3.29296E-1 4.38328E-1 4.52514E-1 5.18391E-1 5.51296E-1 2.69842E-1 2.88564E-1 1.3757E-1 2.26033E-1 3.24275E-1 1.74802E-1 6.21712E-2 4.83541E-2 4.60658E-2 4.10329E-2 6.01153E-2 1.0755E-1
7.78501E-1 6.79408E-1 2.33098E-1 4.71077E-1 4.02739E-1 4.89799E-1 6.78778E-1 6.28285E-1 1.24427E-1 6.49414E-1 2.47154E-2 2.10567E-2 2.18953E-2 1.32756E-2 9.79045E-3 1.32261E-2 8.70233E-3 2.16854E-2 3.25979E-2 1.98847E-2 2.31779E-2 3.81867E-2 2.6227E-2 2.34101E-2 3.94019E-2 2.24401E-2 1.81869E-2 6.80619E-3 1.06512E-2 1.20286E-2 1.13795E-2 9.92348E-3 4.86831E-3 3.12747E-1 1.7815E-1 1.27823E-1 4.94594E-1 5.94541E-1 4.7717E-1 4.15843E-1 4.77998E-1 5.36299E-1 6.07051E-1 5.23976E-1 5.70452E-1 3.94936E-1 3.8124E-1 3.84162E-1 3.35705E-1 1.76701E-1 2.00575E-1 2.03618E-1 1.84864E-1 1.09218E-1 6.59559E-2 4.91813E-2 7.05278E-2 8.56791E-2 1.12597E-1
6.66799E-1 7.39115E-1 2.9616E-1 2.08739E-1 8.07927E-1 7.44556E-1 8.08023E-1 1.99682E-1 5.13042E-1 6.45397E-1 2.48152E-2 1.87507E-2 1.67227E-2 8.90272E-3 1.46003E-2 2.116E-2 1.85512E-2 2.24705E-2 3.26387E-2 1.5974E-2 2.73111E-2 3.80668E-2 2.55682E-2 3.40415E-2 2.46628E-2 1.5155E-2 9.75138E-3 9.95584E-3 8.83309E-3 1.13023E-2 1.28133E-2 1.10863E-2 5.15727E-3 8.7191E-2 1.24866E-1 1.41504E-1 4.02993E-1 5.65987E-1 6.28979E-1 6.35023E-1 5.84718E-1 5.35034E-1 6.27898E-1 6.38156E-1 6.4667E-1 4.15338E-1 2.92596E-1 7.33242E-2 1.16046E-1 2.38607E-1 2.38124E-1 1.86692E-1 3.95162E-1 3.11143E-1 1.65174E-1 1.18048E-1 8.93426E-2 8.31685E-2 1.12053E-1
3.7289E-1 7.22246E-1 8.03915E-1 4.26629E-1 3.72237E-1 7.21397E-1 6.14269E-1 4.26357E-1 6.02435E-1 1.62572E-2 1.75796E-2 1.57646E-2 1.03446E-2 8.31056E-3 9.53312E-3 2.13219E-2 2.1169E-2 2.20688E-2 3.19136E-2 1.43609E-2 2.44792E-2 4.86708E-2 3.9943E-2 2.92927E-2 1.57016E-2 1.7897E-2 1.41367E-2 5.2563E-1 2.67766E-1 3.9951E-3 1.12676E-2 7.83588E-3 2.94915E-3 1.42175E-3 1.1466E-1 1.10988E-1 1.87091E-1 3.13145E-1 5.85418E-1 5.03423E-1 5.81443E-1 6.217E-1 5.28997E-1 5.77799E-1 5.32514E-1 3.17197E-1 1.7592E-1 9.65741E-2 1.88497E-1 7.26832E-2 1.03789E-1 1.6855E-1 1.64248E-1 1.22452E-1 7.73766E-2 1.31222E-1 1.38238E-1 1.41062E-1 1.52088E-1
2.83375E-1 5.86287E-1 8.18557E-1 7.78919E-1 2.81109E-1 2.21953E-1 6.04721E-1 7.56428E-1 1.92872E-2 2.21727E-2 1.89849E-2 8.86854E-3 6.76112E-3 7.39906E-3 6.52482E-3 1.40666E-2 1.9219E-2 1.68141E-2 2.51658E-2 3.25536E-2 2.49339E-2 1.63732E-2 3.82497E-2 3.37029E-2 2.53314E-2 1.59449E-2 3.07428E-3 5.71915E-1 4.45925E-1 3.28307E-1 8.2188E-3 7.26676E-3 3.31436E-3 5.6561E-3 2.31451E-1 2.2908E-1 2.00686E-1 3.15016E-1 5.82041E-1 5.86647E-1 6.17328E-1 6.61769E-1 3.12482E-1 3.64812E-1 3.63516E-1 3.94681E-1 3.90067E-1 1.81832E-1 4.89636E-2 6.49318E-2 1.36692E-1 1.75018E-1 1.44895E-1 1.08815E-1 6.80483E-2 1.03628E-1 1.18861E-1 1.35802E-1 1.31408E-1
1.28157E-1 1.86303E-1 5.93231E-1 7.78052E-1 7.41876E-1 2.45961E-1 6.96172E-1 7.48828E-1 1.8064E-2 2.10359E-2 1.75031E-2 8.16699E-3 6.13451E-3 6.62038E-3 6.05591E-3 8.68206E-3 1.49343E-2 1.82378E-2 1.49698E-2 9.79323E-3 4.95289E-3 1.36432E-2 1.21627E-2 1.18648E-2 2.43179E-2 9.16486E-3 3.6167E-1 4.61598E-1 2.78823E-1 1.1749E-1 1.45748E-1 3.66707E-1 3.46927E-1 5.55322E-3 2.54897E-1 2.19291E-1 1.31723E-1 2.04499E-1 5.53391E-1 5.88476E-1 5.46186E-1 6.2539E-1 6.12519E-1 3.95251E-1 4.57287E-1 6.34851E-1 5.69122E-1 1.61497E-1 5.61706E-2 9.3478E-2 1.95919E-1 2.69258E-1 1.60361E-1 1.51473E-1 1.4653E-1 1.04309E-1 1.11938E-1 1.22048E-1 1.25911E-1
2.42238E-1 1.83038E-1 4.02294E-1 5.644E-1 6.37708E-1 1.27075E-1 4.46039E-1 8.00817E-1 2.44711E-2 1.22033E-2 1.15464E-2 8.6037E-3 5.13966E-3 4.52008E-3 1.21841E-2 1.7407E-2 1.82687E-2 2.92559E-2 9.87675E-3 6.78256E-3 6.66653E-3 1.3426E-2 7.93151E-3 4.4925E-3 1.62272E-2 5.95311E-1 5.40658E-1 5.02272E-1 2.54806E-1 1.63305E-1 1.67317E-1 2.86137E-1 3.36995E-1 2.51595E-1 3.2403E-1 3.46397E-1 2.03357E-1 2.47807E-1 3.9446E-1 5.86082E-1 5.52231E-1 3.60766E-1 6.09462E-1 7.34986E-1 6.50515E-1 3.08453E-1 2.84664E-1 2.12835E-1 7.68363E-2 1.6784E-1 2.20761E-1 2.55811E-1 1.73933E-1 1.64767E-1 1.88131E-1 1.44079E-1 1.24746E-1 1.21894E-1 1.30607E-1
2.31903E-1 3.16315E-1 2.65441E-1 4.45937E-1 3.95165E-1 2.79264E-1 4.05956E-1 7.31922E-1 1.71232E-2 1.46208E-2 7.77549E-3 5.66885E-3 5.72654E-3 4.81622E-3 1.63595E-2 2.04387E-2 2.61636E-2 2.66737E-2 1.18198E-2 4.17873E-3 4.33352E-3 8.19316E-3 5.3215E-3 4.74495E-3 6.48967E-3 1.01866E-2 1.40773E-2 1.82338E-2 4.2848E-1 2.47109E-1 2.3611E-1 3.23065E-1 1.44232E-1 9.81868E-2 3.50977E-1 5.01001E-1 5.20834E-1 4.14451E-1 4.48062E-1 2.52475E-1 5.58429E-1 2.56601E-1 3.94442E-1 5.06514E-1 6.67357E-1 3.54333E-1 3.83848E-1 2.30835E-1 1.05107E-1 1.49331E-1 1.55264E-1 1.0195E-1 1.70059E-1 1.72937E-1 1.9537E-1 1.6905E-1 1.31474E-1 1.24679E-1 1.78826E-1
5.35878E-1 3.19288E-1 1.51882E-1 3.84925E-1 7.67326E-1 5.0577E-1 6.04707E-1 5.45289E-1 6.65593E-1 6.04636E-1 1.32686E-2 6.17413E-3 3.18888E-1 4.81408E-3 8.52082E-3 1.69626E-2 2.15402E-2 1.2543E-2 1.74772E-2 1.80267E-2 4.08158E-3 7.94999E-3 6.69023E-3 6.38653E-3 4.58474E-3 1.05333E-2 9.68776E-3 1.52049E-2 7.45935E-3 3.02436E-1 1.563E-1 3.63642E-1 1.40145E-1 5.04334E-2 1.18128E-1 5.27104E-1 3.75393E-1 3.87156E-1 2.51776E-1 1.44518E-1 3.42533E-1 2.43538E-1 4.36867E-1 3.62412E-1 3.55548E-1 4.84309E-1 4.08847E-1 3.80904E-1 1.14992E-1 1.45764E-1 1.56851E-1 1.54629E-1 6.96279E-2 1.46358E-1 1.67856E-1 2.51018E-1 1.68857E-1 8.98409E-2 1.12703E-1
4.54821E-1 5.93795E-1 4.08536E-1 4.90682E-1 3.84113E-1 1.86945E-1 5.71915E-1 4.58258E-1 3.72855E-1 5.4072E-1 6.24408E-1 3.68991E-1 2.89591E-1 5.72895E-3 5.12534E-3 7.6919E-3 8.97217E-3 8.46707E-3 1.38086E-2 2.9857E-2 1.5785E-2 7.65563E-3 3.10751E-3 6.09206E-3 2.5847E-3 4.79902E-3 1.08818E-2 1.66967E-2 1.26443E-2 4.95348E-1 4.74677E-1 2.12921E-1 1.34044E-1 1.04216E-1 1.45082E-1 4.02213E-1 3.99971E-1 4.17918E-1 4.82989E-1 4.01838E-1 1.43345E-1 2.01834E-1 2.7957E-1 1.50417E-1 1.38249E-1 2.60786E-1 4.8927E-1 2.54882E-1 1.35872E-1 9.15188E-2 1.30456E-1 1.29198E-1 7.07471E-2 1.05335E-1 1.71864E-1 1.87868E-1 1.96613E-1 1.47743E-1 1.17619E-1
6.0302E-1 6.21561E-1 3.283E-1 1.7522E-1 2.36516E-1 3.95857E-1 3.55297E-1 2.84605E-1 3.46539E-1 4.96189E-1 5.12499E-1 3.98195E-1 2.91172E-1 5.15093E-3 7.98529E-3 4.7913E-3 4.1697E-3 7.40735E-3 1.10482E-2 1.76646E-2 1.12766E-2 8.04274E-3 6.32617E-3 6.0935E-3 5.3978E-3 4.77146E-3 4.86294E-3 4.58692E-3 8.82967E-3 6.14067E-1 6.11809E-1 2.1821E-1 9.19513E-2 9.50423E-2 1.12124E-1 4.4598E-1 3.38904E-1 3.41112E-1 3.32314E-1 1.28771E-1 1.06482E-1 1.44524E-1 1.27399E-1 9.80159E-2 1.30596E-1 3.27376E-1 2.62252E-1 1.36482E-1 1.11104E-1 9.84424E-2 8.72656E-2 8.38166E-2 7.25476E-2 4.57248E-2 6.44182E-2 1.49472E-1 1.91671E-1 1.80274E-1 7.64055E-2
5.8894E-1 6.61834E-1 1.8897E-1 1.96655E-1 6.09246E-1 3.89008E-1 2.51488E-1 1.86624E-1 2.67306E-1 2.7043E-1 2.5526E-1 3.18616E-1 1.73109E-1 5.05463E-3 5.60282E-3 6.99303E-3 4.29532E-3 5.27811E-3 6.58731E-3 1.41526E-2 6.8644E-3 6.71739E-3 6.50198E-3 5.55966E-3 5.26421E-3 4.60212E-3 4.19444E-3 7.0817E-3 1.12604E-2 6.19395E-1 6.00442E-1 2.42072E-1 9.09924E-2 5.59571E-2 6.65815E-2 3.15244E-1 3.83562E-1 4.8537E-1 4.00066E-1 1.42598E-1 1.20658E-1 1.83441E-1 3.08855E-1 1.50163E-1 1.33543E-1 2.16185E-1 2.18859E-1 1.4831E-1 1.46953E-1 6.16626E-2 9.20541E-2 1.01038E-1 1.1938E-1 6.86493E-2 8.82751E-2 9.59369E-2 1.52619E-1 1.31678E-1 1.07335E-1
6.08455E-1 5.35239E-1 1.58061E-1 3.20374E-1 4.54054E-1 1.73294E-1 1.00376E-1 7.48747E-2 1.55058E-1 1.0453E-1 2.04382E-1 3.16515E-1 2.25E-1 2.30573E-1 4.09929E-3 4.94526E-3 6.26483E-3 8.84689E-3 6.2401E-3 1.44271E-2 8.94312E-3 4.62317E-3 6.42773E-3 5.43376E-3 4.74905E-3 5.00843E-3 5.89218E-3 7.01753E-3 1.01712E-2 6.63936E-1 7.03306E-1 3.03464E-1 1.6814E-1 1.14833E-1 8.71658E-2 3.01315E-1 4.12247E-1 4.73679E-1 3.60954E-1 1.77949E-1 1.10616E-1 1.50064E-1 3.72874E-1 3.33388E-1 1.30368E-1 3.41619E-1 3.98831E-1 1.84119E-1 1.52647E-1 1.35339E-1 2.35914E-1 3.02644E-1 1.18164E-1 9.35239E-2 1.00047E-1 1.33563E-1 1.09423E-1 9.72353E-2 1.904E-1
6.37012E-1 3.27046E-1 1.11905E-1 4.03539E-1 1.22068E-1 6.07385E-2 3.32606E-2 3.23189E-2 1.14713E-1 2.20053E-1 2.97535E-1 3.43848E-1 1.35977E-1 2.06953E-1 2.82049E-1 4.69019E-3 5.99939E-3 5.79224E-3 5.22314E-3 9.59478E-3 8.4462E-3 5.78282E-3 5.86703E-3 4.54217E-3 2.06211E-3 4.67328E-3 5.57889E-3 6.22509E-3 4.54303E-1 6.99005E-1 5.79672E-1 2.42788E-1 1.62802E-1 1.77727E-1 1.31538E-1 2.98176E-1 5.93299E-1 2.72297E-1 2.33627E-1 2.72889E-1 2.26069E-1 1.52243E-1 2.72668E-1 3.39159E-1 3.32676E-1 5.12148E-1 5.34139E-1 2.7361E-1 1.56025E-1 1.55087E-1 2.39682E-1 2.8801E-1 1.1609E-1 1.74483E-1 6.30127E-2 6.93953E-2 7.90365E-2 1.70181E-1 1.77104E-1
5.23634E-1 2.10985E-1 4.3218E-1 4.9442E-1 9.01047E-2 4.01028E-2 4.21715E-2 8.85123E-2 1.05839E-1 2.05648E-1 2.96189E-1 1.50477E-1 1.18627E-1 1.14417E-1 1.48862E-1 2.5346E-1 7.12431E-3 1.03188E-2 8.87648E-3 1.22058E-2 7.69038E-3 4.50438E-3 5.13505E-3 4.6629E-3 4.61389E-3 5.55951E-3 6.30761E-3 3.71896E-3 2.12888E-1 4.18664E-1 3.78871E-1 1.78353E-1 2.61166E-1 2.97699E-1 1.83841E-1 2.83005E-1 6.77859E-1 4.95897E-1 2.36792E-1 3.95052E-1 3.47303E-1 3.63647E-1 2.70534E-1 4.53961E-1 6.22553E-1 5.03119E-1 5.86935E-1 3.53494E-1 1.63974E-1 1.47047E-1 1.63748E-1 1.72212E-1 1.46799E-1 1.81788E-1 9.99787E-2 6.0457E-2 7.14532E-2 1.86601E-1 1.4565E-1
