Phytophthora/models/20240429_1921_07/Phytophthora_PA3_RUN4_MAXENT_outputs/Phytophthora_PA3_RUN4.asc
ncols         225
nrows         269
xllcorner     473000.0
yllcorner     4429100.0
cellsize      50.0
NODATA_value  -9999
[rows 189 to 215 of 269, columns 60 to 119 of 225]
5.46123E-1 5.74299E-1 5.94661E-1 6.23875E-1 6.9453E-1 5.91996E-1 5.33678E-1 4.82501E-1 4.92881E-1 6.33404E-1 4.17418E-1 5.78425E-1 5.96379E-1 5.91256E-1 5.3757E-1 5.63817E-1 5.22844E-1 5.16308E-1 5.77371E-1 2.68374E-1 3.18191E-1 3.16707E-1 3.03363E-1 2.54766E-1 5.0047E-1 3.88233E-1 3.87303E-1 2.93706E-1 3.03384E-1 4.32759E-1 4.44722E-1 4.92609E-1 5.50278E-1 5.50254E-1 5.82287E-1 5.60904E-1 3.23372E-1 2.00201E-1 3.65272E-1 5.4903E-1 1.68582E-1 3.37124E-1 3.93173E-1 4.82914E-1 4.28941E-1 2.63585E-1 3.88256E-1 2.17905E-1 2.63683E-1 3.06848E-1 3.59341E-1 4.05361E-1 5.52119E-1 5.93857E-1 5.11782E-1 3.54922E-1 4.78129E-1 4.37522E-1 4.05788E-1 3.95811E-1
5.49802E-1 6.04189E-1 6.02164E-1 6.49903E-1 6.72351E-1 5.67707E-1 5.29803E-1 4.98663E-1 4.73123E-1 5.92386E-1 7.05679E-1 6.98451E-1 6.54478E-1 6.40197E-1 5.66916E-1 6.04352E-1 5.45642E-1 5.3629E-1 4.49451E-1 3.4001E-1 3.07794E-1 3.18131E-1 3.13704E-1 2.5103E-1 3.27142E-1 3.1878E-1 3.29942E-1 3.01377E-1 3.39559E-1 4.3727E-1 4.76656E-1 5.24562E-1 5.57617E-1 5.54003E-1 2.18679E-1 3.95113E-1 3.82345E-1 3.14145E-1 2.82333E-1 3.12418E-1 3.4113E-1 2.1894E-1 4.70239E-1 4.40278E-1 4.45538E-1 4.47446E-1 3.4766E-1 4.26556E-1 3.19357E-1 2.29512E-1 2.80531E-1 2.85048E-1 3.83723E-1 4.21974E-1 1.75461E-1 4.81369E-1 4.93429E-1 4.13861E-1 3.8884E-1 3.47993E-1
5.93558E-1 6.08117E-1 6.222E-1 6.98716E-1 6.78239E-1 6.60654E-1 6.25414E-1 6.04761E-1 5.43252E-1 5.93023E-1 4.62294E-1 6.42235E-1 6.01232E-1 7.05511E-1 4.71135E-1 5.78255E-1 4.29642E-1 3.34514E-1 4.07294E-1 3.86662E-1 3.33976E-1 3.63732E-1 3.59701E-1 3.16079E-1 3.54036E-1 3.79626E-1 3.99778E-1 3.08839E-1 5.29701E-1 5.21252E-1 5.14566E-1 5.90469E-1 6.32321E-1 2.84245E-1 5.34207E-1 4.2183E-1 3.10141E-1 3.04923E-1 3.40954E-1 3.9256E-1 4.93998E-1 5.3443E-1 4.7684E-1 5.24811E-1 4.97332E-1 5.15537E-1 3.74433E-1 3.36375E-1 1.68651E-1 3.47752E-1 2.50418E-1 2.58016E-1 3.34087E-1 3.4942E-1 3.49901E-1 2.08682E-1 4.45432E-1 3.67985E-1 3.98263E-1 4.30645E-1
6.18477E-1 5.9729E-1 6.619E-1 3.74972E-1 4.23138E-1 4.49517E-1 4.14679E-1 4.55546E-1 6.11976E-1 5.98009E-1 3.31574E-1 5.68331E-1 4.48741E-1 3.87735E-1 5.58843E-1 6.43907E-1 2.76654E-1 3.16099E-1 3.56067E-1 3.65245E-1 3.06098E-1 2.86494E-1 2.82977E-1 2.92696E-1 3.21363E-1 2.70052E-1 3.11882E-1 2.2672E-1 5.60289E-1 4.54756E-1 4.98935E-1 5.1356E-1 5.33335E-1 5.89582E-1 1.29362E-1 1.03872E-1 3.89068E-1 2.63061E-1 3.01958E-1 3.6825E-1 5.22501E-1 5.53842E-1 5.744E-1 5.07086E-1 4.33921E-1 5.29389E-1 3.88941E-1 3.49092E-1 3.1211E-1 3.51133E-1 2.65013E-1 2.5969E-1 2.61257E-1 2.86398E-1 3.21767E-1 1.06506E-1 4.31039E-1 4.08619E-1 4.13317E-1 3.27401E-1
6.38992E-1 6.14558E-1 6.60028E-1 5.48024E-1 2.54747E-1 1.898E-1 6.42556E-1 7.39559E-1 7.36695E-1 3.40016E-1 3.71074E-1 6.67557E-1 6.1105E-1 4.85993E-1 6.65628E-1 6.34128E-1 2.49642E-1 6.84324E-1 3.25052E-1 3.31744E-1 2.61266E-1 3.90158E-1 5.27552E-1 4.21246E-1 4.6487E-1 3.93973E-1 3.88202E-1 2.92221E-1 5.30283E-1 4.59887E-1 4.94642E-1 5.14508E-1 5.03294E-1 6.03388E-1 1.51732E-1 1.82536E-1 4.30928E-1 3.94487E-1 3.79719E-1 3.5739E-1 4.72283E-1 4.83235E-1 4.21449E-1 5.10295E-1 4.87079E-1 2.96308E-1 4.06384E-1 3.40743E-1 2.79878E-1 2.6788E-1 2.84374E-1 2.97012E-1 3.58452E-1 3.29446E-1 3.69532E-1 4.02837E-1 5.44228E-1 4.54142E-1 3.86328E-1 3.1921E-1
6.76293E-1 5.56951E-1 5.97739E-1 3.21289E-1 2.89149E-1 5.0148E-1 6.77473E-1 5.6903E-1 6.60273E-1 7.2283E-1 4.40222E-1 5.07092E-1 6.22697E-1 5.96096E-1 4.48449E-1 4.17559E-1 5.96126E-1 6.44664E-1 3.43632E-1 3.89794E-1 3.98941E-1 5.26934E-1 4.95605E-1 6.33738E-1 6.03439E-1 5.36695E-1 5.01743E-1 5.10428E-1 6.17318E-1 5.88833E-1 4.66201E-1 4.71824E-1 4.49012E-1 5.16001E-1 2.1096E-1 3.5339E-1 3.21213E-1 3.3057E-1 3.43426E-1 3.3555E-1 4.57968E-1 4.26367E-1 4.26893E-1 4.40145E-1 4.64244E-1 3.38239E-1 4.42483E-1 3.12562E-1 2.95921E-1 3.11314E-1 3.40785E-1 3.55632E-1 3.42131E-1 3.74445E-1 3.5723E-1 3.56595E-1 3.08337E-1 4.31392E-1 3.8681E-1 3.35496E-1
6.45868E-1 5.65467E-1 3.39513E-1 3.22551E-1 2.98328E-1 5.69057E-1 5.92299E-1 5.52084E-1 6.07374E-1 5.19244E-1 2.94082E-1 4.03468E-1 4.23692E-1 4.71121E-1 4.4015E-1 4.54296E-1 4.02494E-1 3.15836E-1 3.06126E-1 2.40787E-1 4.78736E-1 4.67436E-1 5.88905E-1 6.45831E-1 5.8645E-1 5.6514E-1 5.27655E-1 5.43068E-1 5.25625E-1 5.22096E-1 4.78695E-1 4.50374E-1 4.42088E-1 4.5096E-1 1.24909E-1 3.36283E-1 3.24333E-1 3.45136E-1 3.80657E-1 3.16281E-1 4.77606E-1 4.49868E-1 4.33712E-1 4.70017E-1 2.76558E-1 1.47282E-1 2.67945E-1 3.36578E-1 3.18124E-1 3.5831E-1 4.13369E-1 4.2298E-1 4.04209E-1 3.80293E-1 3.62E-1 3.29937E-1 2.63556E-1 3.88365E-1 3.83884E-1 3.50784E-1
5.30101E-1 4.72476E-1 4.52364E-1 3.86845E-1 3.92891E-1 6.72533E-1 7.62493E-1 5.37502E-1 5.65207E-1 4.84235E-1 4.69846E-1 4.54178E-1 4.73756E-1 4.59685E-1 4.44539E-1 4.43188E-1 2.91223E-1 4.89775E-1 5.57504E-1 6.14318E-1 6.42182E-1 5.99976E-1 5.76306E-1 6.67561E-1 6.76056E-1 7.70901E-1 6.55814E-1 6.61128E-1 5.01087E-1 4.42433E-1 4.05384E-1 4.37931E-1 4.03571E-1 4.29031E-1 1.19065E-1 2.58612E-1 2.82544E-1 3.16244E-1 3.67492E-1 3.26692E-1 2.78331E-1 2.61284E-1 2.61238E-1 2.07947E-1 1.9547E-1 7.84581E-2 2.88472E-1 3.43054E-1 3.31336E-1 3.77047E-1 4.73592E-1 4.6865E-1 4.56498E-1 4.03417E-1 2.17014E-1 2.28468E-1 2.28513E-1 1.38047E-1 2.71222E-1 2.43435E-1
1.93346E-1 5.42621E-1 4.97951E-1 4.56023E-1 6.25544E-1 7.05452E-1 6.18962E-1 7.09254E-1 7.05943E-1 6.71769E-1 7.13495E-1 6.38065E-1 4.1726E-1 3.61828E-1 3.23423E-1 3.59691E-1 6.43157E-1 6.66973E-1 6.53418E-1 6.36387E-1 5.62216E-1 5.72165E-1 5.49298E-1 6.94548E-1 7.27346E-1 5.007E-1 4.3709E-1 4.49649E-1 4.94422E-1 5.97574E-1 4.66949E-1 4.08694E-1 4.05452E-1 4.15682E-1 2.9549E-1 2.41101E-1 2.1468E-1 2.54038E-1 2.97726E-1 3.64213E-1 1.57095E-1 2.71167E-1 2.57145E-1 3.08206E-1 1.87737E-1 2.56788E-1 3.77815E-1 3.37628E-1 4.17265E-1 4.18891E-1 5.13131E-1 5.51319E-1 5.33936E-1 3.48359E-1 3.57411E-1 1.54708E-1 1.53386E-1 1.34306E-1 6.89732E-2 2.60777E-1
6.53718E-1 6.00896E-1 6.46644E-1 5.97998E-1 5.90881E-1 7.39223E-1 6.22581E-1 6.64885E-1 4.95499E-1 4.99453E-1 4.75712E-1 4.1279E-1 3.62177E-1 3.91032E-1 3.55978E-1 7.00185E-1 6.7142E-1 7.27583E-1 6.54295E-1 6.21732E-1 5.76092E-1 6.18326E-1 5.43856E-1 3.96533E-1 4.70235E-1 4.13132E-1 3.35884E-1 3.12678E-1 5.58597E-1 4.98758E-1 4.21727E-1 4.04785E-1 4.21257E-1 3.95419E-1 3.44153E-1 2.20975E-1 2.26502E-1 2.40245E-1 2.56997E-1 2.54173E-1 2.5999E-1 3.37555E-1 9.31814E-2 2.29665E-1 2.40524E-1 2.82375E-1 3.1938E-1 3.39228E-1 4.31398E-1 4.40498E-1 3.54378E-1 4.23109E-1 4.74321E-1 4.18404E-1 3.83233E-1 2.16227E-1 1.60764E-1 1.54058E-1 1.76563E-1 8.82127E-2
4.67915E-1 4.6063E-1 5.0644E-1 4.6606E-1 4.46686E-1 3.54804E-1 4.17186E-1 3.94172E-1 3.55171E-1 3.30745E-1 3.35388E-1 2.99672E-1 2.80505E-1 5.19857E-1 6.67676E-1 6.40015E-1 7.24735E-1 7.45234E-1 7.27792E-1 6.55527E-1 5.99027E-1 6.18696E-1 7.11708E-1 6.3904E-1 4.83502E-1 4.06808E-1 5.02249E-1 5.51103E-1 5.17953E-1 4.87832E-1 4.48704E-1 4.77556E-1 4.72444E-1 3.4302E-1 2.85468E-1 1.90137E-1 2.01122E-1 2.05011E-1 2.22655E-1 2.14114E-1 2.2209E-1 2.65339E-1 1.89019E-1 2.98088E-1 2.51671E-1 2.94405E-1 3.17557E-1 3.60511E-1 4.64388E-1 4.40277E-1 3.78274E-1 4.25489E-1 2.5062E-1 4.74552E-1 3.76044E-1 1.66724E-1 9.44489E-2 1.98211E-1 1.61053E-1 2.69205E-1
3.68981E-1 4.16681E-1 3.78581E-1 6.93554E-1 4.16257E-1 3.62235E-1 3.74466E-1 3.43926E-1 3.75957E-1 3.58847E-1 3.45659E-1 3.29379E-1 6.11978E-1 6.00293E-1 7.08075E-1 5.95262E-1 7.06639E-1 7.39365E-1 7.67377E-1 7.4349E-1 7.06137E-1 5.91385E-1 5.4972E-1 3.27721E-1 3.08264E-1 2.89781E-1 5.19297E-1 5.17671E-1 5.54124E-1 4.71758E-1 3.27597E-1 3.63829E-1 3.52828E-1 4.27476E-1 2.76721E-1 1.85307E-1 1.69464E-1 1.67649E-1 1.88157E-1 1.65075E-1 1.65537E-1 2.16697E-1 3.63663E-1 2.85337E-1 2.53038E-1 3.0776E-1 3.50472E-1 4.13289E-1 4.861E-1 4.46763E-1 3.58536E-1 3.79485E-1 1.10275E-1 4.02263E-1 2.18728E-1 9.29031E-2 5.24922E-2 1.77391E-1 1.31624E-1 1.87414E-1
3.72844E-1 3.83354E-1 2.4757E-1 4.37019E-1 3.38585E-1 3.73373E-1 4.04811E-1 3.44115E-1 3.4361E-1 2.86876E-1 2.2128E-1 5.18668E-1 4.27568E-1 5.48454E-1 5.69144E-1 5.43221E-1 5.69093E-1 6.21083E-1 6.21105E-1 6.00531E-1 2.42787E-1 2.79187E-1 1.76126E-1 1.3997E-1 1.85232E-1 4.56425E-1 4.07681E-1 4.58117E-1 4.852E-1 3.97646E-1 3.58011E-1 3.36888E-1 3.04958E-1 4.20071E-1 2.76009E-1 1.89876E-1 1.5694E-1 1.50767E-1 1.8324E-1 1.61589E-1 3.05225E-1 3.51836E-1 5.85301E-1 4.76412E-1 4.17453E-1 4.05265E-1 4.92375E-1 6.15254E-1 5.29356E-1 4.81287E-1 3.31675E-1 3.8076E-1 1.60519E-1 3.15017E-1 1.95607E-1 1.27256E-1 8.44152E-2 2.5939E-1 1.81135E-1 2.0819E-1
3.30245E-1 2.22707E-1 3.34307E-1 2.81035E-1 2.91259E-1 3.37538E-1 4.52252E-1 5.02735E-1 4.85119E-1 3.99992E-1 4.75051E-1 5.61298E-1 5.14174E-1 5.48588E-1 6.27318E-1 6.31107E-1 6.25742E-1 6.34038E-1 6.38397E-1 6.58567E-1 5.46894E-1 3.4622E-1 2.85265E-1 2.76065E-1 2.81852E-1 4.35399E-1 4.67296E-1 5.21066E-1 5.53099E-1 4.49973E-1 3.45283E-1 3.07264E-1 2.81966E-1 2.79537E-1 4.12356E-1 1.48758E-1 2.49851E-1 1.65275E-1 2.20653E-1 2.14525E-1 3.36787E-1 3.85098E-1 4.28232E-1 4.90726E-1 3.92451E-1 4.51673E-1 5.94707E-1 6.42733E-1 4.89703E-1 4.39553E-1 3.11619E-1 3.82507E-1 4.55798E-1 3.22014E-1 2.91714E-1 1.94402E-1 2.20066E-1 2.41422E-1 2.14288E-1 1.86133E-1
5.47253E-1 4.94729E-1 4.73675E-1 4.26663E-1 4.42272E-1 5.5438E-1 5.95099E-1 6.17298E-1 5.84323E-1 5.68107E-1 5.00199E-1 5.19181E-1 5.51804E-1 5.76669E-1 6.50929E-1 6.08414E-1 6.63446E-1 6.44511E-1 6.36684E-1 6.38648E-1 5.73499E-1 3.97601E-1 3.59393E-1 3.67084E-1 4.41545E-1 4.72194E-1 4.74356E-1 5.84979E-1 6.24784E-1 5.13026E-1 4.16652E-1 3.46156E-1 3.13478E-1 2.75786E-1 2.60397E-1 2.80226E-1 3.30372E-1 3.37665E-1 2.23979E-1 2.77989E-1 3.59252E-1 4.04103E-1 4.33792E-1 5.46277E-1 3.80113E-1 5.4226E-1 6.49191E-1 6.42817E-1 4.94176E-1 4.72878E-1 3.16957E-1 4.28976E-1 5.39451E-1 3.67544E-1 3.39241E-1 2.42879E-1 2.24636E-1 1.98407E-1 1.8367E-1 1.8654E-1
6.25372E-1 6.33641E-1 6.11734E-1 5.77529E-1 5.92028E-1 6.18494E-1 6.2493E-1 5.99445E-1 5.89829E-1 6.07662E-1 5.26199E-1 5.39726E-1 5.74437E-1 5.86325E-1 5.64859E-1 5.89181E-1 6.44455E-1 6.29939E-1 6.43323E-1 2.57043E-1 4.37813E-1 4.19536E-1 3.52771E-1 4.0494E-1 4.34927E-1 4.36919E-1 4.62427E-1 5.84122E-1 6.87067E-1 6.24088E-1 4.77736E-1 3.7281E-1 3.24769E-1 3.09781E-1 2.94833E-1 2.53167E-1 2.81982E-1 3.0032E-1 1.72441E-1 3.29486E-1 4.40236E-1 4.30357E-1 4.58265E-1 5.16061E-1 3.47314E-1 6.36633E-1 6.59351E-1 5.99246E-1 4.96181E-1 5.1574E-1 3.61737E-1 5.45418E-1 5.22184E-1 3.46841E-1 3.54608E-1 2.56875E-1 2.44836E-1 2.19138E-1 1.98995E-1 1.7563E-1
6.93829E-1 6.7585E-1 6.2405E-1 5.91114E-1 5.5531E-1 6.3795E-1 6.59128E-1 6.21301E-1 6.46514E-1 6.57894E-1 5.69781E-1 5.8829E-1 5.76773E-1 5.86919E-1 6.20239E-1 6.23345E-1 6.41948E-1 6.29341E-1 6.3504E-1 3.25122E-1 4.64207E-1 3.76722E-1 3.22559E-1 4.17109E-1 4.75953E-1 4.61685E-1 4.71294E-1 5.10379E-1 6.7934E-1 6.72776E-1 5.93755E-1 4.07613E-1 3.62494E-1 3.38036E-1 3.11495E-1 2.70898E-1 2.7937E-1 2.75483E-1 3.19861E-1 3.32399E-1 5.4616E-1 4.55167E-1 4.54265E-1 5.07462E-1 5.07175E-1 5.84414E-1 6.18815E-1 5.13183E-1 3.63653E-1 5.20024E-1 4.70076E-1 2.96875E-1 3.00926E-1 3.70134E-1 3.74551E-1 2.70907E-1 2.65641E-1 2.50271E-1 2.31464E-1 2.03191E-1
5.82991E-1 6.33089E-1 5.64586E-1 5.51577E-1 5.27815E-1 5.51265E-1 6.0448E-1 5.72098E-1 5.91589E-1 6.0853E-1 5.1085E-1 5.33403E-1 5.18338E-1 5.11751E-1 5.47459E-1 5.65542E-1 5.95833E-1 5.8226E-1 5.80759E-1 4.05652E-1 3.97604E-1 3.42291E-1 3.83842E-1 4.36749E-1 5.04213E-1 4.3457E-1 4.43724E-1 4.57321E-1 5.1391E-1 6.68773E-1 6.5161E-1 5.50858E-1 4.80236E-1 4.30266E-1 3.93883E-1 2.16852E-1 2.23863E-1 2.32742E-1 2.7097E-1 1.46406E-1 2.6395E-1 2.84803E-1 2.13875E-1 2.28795E-1 2.54939E-1 2.7276E-1 4.18749E-1 5.05767E-1 4.5882E-1 4.9512E-1 5.60319E-1 3.26402E-1 3.6204E-1 4.62176E-1 4.76004E-1 4.24687E-1 4.18242E-1 4.01259E-1 3.69353E-1 2.84865E-1
5.47706E-1 6.64899E-1 5.97938E-1 5.61654E-1 5.8763E-1 6.24752E-1 6.22089E-1 6.13996E-1 6.14396E-1 6.44587E-1 5.26386E-1 5.43394E-1 5.13518E-1 5.13601E-1 5.44028E-1 5.67764E-1 5.92377E-1 5.81501E-1 6.12211E-1 4.73329E-1 4.2154E-1 3.81858E-1 4.23468E-1 4.81407E-1 5.02134E-1 4.77917E-1 4.69558E-1 4.7197E-1 4.60812E-1 5.40997E-1 6.75633E-1 3.6579E-1 3.43741E-1 4.9346E-1 1.94578E-1 2.31927E-1 3.28081E-1 3.00777E-1 2.63494E-1 2.41003E-1 1.79199E-1 2.83658E-1 2.36566E-1 2.3966E-1 2.68291E-1 4.98311E-1 4.63012E-1 4.45174E-1 4.34685E-1 4.54887E-1 5.67362E-1 4.17737E-1 4.97622E-1 4.93044E-1 5.27328E-1 2.42058E-1 9.46705E-2 3.35352E-1 2.63993E-1 5.16453E-2
7.8285E-1 4.65481E-1 6.31144E-1 5.85525E-1 6.00851E-1 6.52335E-1 6.45244E-1 6.4947E-1 6.48232E-1 6.31326E-1 5.34461E-1 5.17837E-1 4.74541E-1 4.96268E-1 5.13859E-1 5.3856E-1 5.46911E-1 5.2167E-1 5.08447E-1 5.8344E-1 4.13758E-1 4.16075E-1 4.3272E-1 4.91586E-1 4.36354E-1 4.90702E-1 4.99741E-1 4.91183E-1 4.8533E-1 4.18734E-1 4.91464E-1 4.12707E-1 4.48483E-1 4.82968E-1 3.87412E-1 2.43022E-1 2.05127E-1 2.02107E-1 1.80856E-1 1.60763E-1 1.54256E-1 1.90899E-1 2.64593E-1 1.31958E-1 6.78978E-2 2.94451E-1 3.93943E-1 4.29423E-1 4.32133E-1 4.49366E-1 3.86396E-1 3.2865E-1 3.97222E-1 4.14406E-1 4.35598E-1 2.37361E-1 1.7057E-1 1.56425E-1 1.21706E-1 1.05208E-1
5.79492E-1 6.76528E-1 6.73311E-1 4.74813E-1 6.75196E-1 6.98524E-1 4.07439E-1 5.07257E-1 6.46886E-1 5.93573E-1 4.12792E-1 3.92263E-1 4.48928E-1 4.92391E-1 5.17034E-1 4.72124E-1 5.78042E-1 4.02654E-1 4.15573E-1 3.52583E-1 1.10254E-1 4.4163E-1 4.94817E-1 4.68222E-1 3.97258E-1 5.22653E-1 5.10897E-1 4.97389E-1 5.60412E-1 4.15616E-1 2.91756E-1 3.56546E-1 3.25513E-1 3.9061E-1 3.81521E-1 2.17191E-1 1.77703E-1 1.87379E-1 1.58332E-1 1.67193E-1 1.54512E-1 1.57021E-1 1.43637E-1 1.29593E-1 1.30138E-1 3.57448E-1 6.00136E-1 4.73911E-1 4.52254E-1 4.59568E-1 3.43637E-1 2.0844E-1 1.48428E-1 1.34094E-1 1.76712E-1 1.2511E-1 1.862E-1 1.6641E-1 1.55091E-1 9.41985E-2
5.53661E-1 5.69191E-1 6.08835E-1 6.69341E-1 3.59747E-1 7.32899E-1 3.96595E-1 2.06225E-1 1.64293E-1 2.01496E-1 1.60356E-1 4.37858E-1 4.11407E-1 2.45735E-1 4.98714E-1 4.09521E-1 5.73419E-1 4.27849E-1 3.66217E-1 3.18758E-1 2.88634E-1 5.08927E-1 4.23449E-1 3.40198E-1 4.08012E-1 5.68499E-1 4.71936E-1 5.52898E-1 4.84437E-1 4.26679E-1 2.60454E-1 5.16939E-1 3.93118E-1 3.87345E-1 3.32559E-1 1.86557E-1 1.70284E-1 1.78527E-1 1.53923E-1 1.73988E-1 1.60052E-1 1.70304E-1 1.65268E-1 1.57483E-1 1.82855E-1 3.60004E-1 3.78377E-1 4.22777E-1 3.50241E-1 4.81818E-1 2.68806E-1 2.18632E-1 1.4909E-1 1.1831E-1 1.10807E-1 1.73847E-1 2.29797E-1 1.91756E-1 1.75488E-1 1.09704E-1
3.91577E-1 4.65795E-1 4.71484E-1 4.85654E-1 4.4398E-1 4.86341E-1 3.65282E-1 2.90844E-1 1.94617E-1 1.85078E-1 2.72383E-1 4.10649E-1 3.72398E-1 4.75183E-1 4.94482E-1 2.82409E-1 4.15961E-1 3.95736E-1 2.51629E-1 2.32089E-1 2.07056E-1 1.23784E-1 2.95099E-1 3.24218E-1 3.62063E-1 5.59076E-1 5.64265E-1 5.67886E-1 4.56142E-1 4.5021E-1 4.33892E-1 5.15589E-1 4.5497E-1 3.48079E-1 4.5057E-1 3.1138E-1 2.9511E-1 2.63235E-1 2.51443E-1 2.83769E-1 3.5362E-1 3.50226E-1 3.47309E-1 3.30858E-1 3.7216E-1 2.81866E-1 2.97407E-1 4.94711E-1 6.09243E-1 3.16485E-1 1.97579E-1 1.40638E-1 9.42603E-2 7.60067E-2 6.80189E-2 3.69122E-1 1.7547E-1 1.33088E-1 1.50525E-1 1.91596E-1
3.69026E-1 5.15454E-1 5.06314E-1 4.9229E-1 4.50497E-1 5.04222E-1 3.87649E-1 2.93664E-1 2.89382E-1 2.6772E-1 2.88302E-1 3.05426E-1 3.41397E-1 3.22481E-1 5.03485E-1 4.18913E-1 3.06625E-1 2.33427E-1 2.52971E-1 2.65351E-1 2.17911E-1 1.69551E-1 2.89928E-1 3.16444E-1 3.38606E-1 5.73252E-1 5.73371E-1 4.63908E-1 4.5888E-1 4.32455E-1 4.09752E-1 4.28267E-1 4.54279E-1 4.82945E-1 3.59302E-1 3.50224E-1 3.33394E-1 3.34604E-1 3.24959E-1 3.45079E-1 4.03619E-1 4.34773E-1 1.99667E-1 4.02285E-1 2.56519E-1 2.72134E-1 4.15211E-1 5.48513E-1 4.5644E-1 2.62016E-1 2.20886E-1 2.05578E-1 1.28495E-1 9.05506E-2 8.75451E-2 2.97101E-1 3.60273E-1 1.48225E-1 1.46296E-1 1.72751E-1
4.56477E-1 4.75969E-1 4.87734E-1 5.14098E-1 2.40951E-1 4.68689E-1 3.19909E-1 3.02763E-1 2.98909E-1 2.62704E-1 2.96227E-1 2.85877E-1 2.78261E-1 2.93562E-1 2.98828E-1 4.04567E-1 2.07498E-1 1.20885E-1 2.91781E-1 3.00235E-1 2.60326E-1 2.44814E-1 2.55444E-1 3.2929E-1 3.51764E-1 6.08287E-1 6.00005E-1 4.9186E-1 4.5103E-1 4.32118E-1 4.52766E-1 4.51006E-1 4.45894E-1 4.61077E-1 5.29823E-1 3.26191E-1 3.89184E-1 3.93583E-1 3.67767E-1 3.97957E-1 5.37378E-1 4.08046E-1 4.13132E-1 2.75548E-1 2.19354E-1 2.75155E-1 3.79909E-1 4.02776E-1 1.45641E-1 2.75347E-1 2.63134E-1 2.07102E-1 2.87261E-1 2.6578E-1 2.05182E-1 2.62215E-1 4.14786E-1 1.71645E-1 1.56706E-1 1.83556E-1
4.80486E-1 4.89588E-1 4.74141E-1 5.46088E-1 3.53689E-1 4.17391E-1 3.42929E-1 3.14022E-1 2.97949E-1 2.74867E-1 2.9259E-1 2.87325E-1 2.66151E-1 2.73208E-1 3.10763E-1 3.61672E-1 2.05001E-1 1.59E-1 3.44504E-1 3.10121E-1 3.06487E-1 2.12917E-1 3.16541E-1 3.72993E-1 3.84841E-1 6.37074E-1 6.22577E-1 5.06798E-1 4.7049E-1 4.71279E-1 4.66964E-1 4.44956E-1 4.5537E-1 4.36421E-1 4.76909E-1 4.50409E-1 3.0165E-1 2.98131E-1 2.76065E-1 2.93705E-1 3.64283E-1 4.55909E-1 2.00419E-1 1.32416E-1 2.76206E-1 3.18592E-1 3.79021E-1 4.55563E-1 4.8435E-1 3.47179E-1 3.49747E-1 2.41744E-1 3.35517E-1 2.94047E-1 3.10337E-1 3.50945E-1 2.14851E-1 3.2428E-1 2.74827E-1 2.45669E-1
4.88605E-1 5.85258E-1 5.6223E-1 5.21492E-1 1.9456E-1 3.50756E-1 3.37455E-1 2.98022E-1 3.16885E-1 2.84788E-1 2.67734E-1 2.88076E-1 2.87442E-1 2.87462E-1 2.80764E-1 1.28389E-1 2.77745E-1 3.08418E-1 3.46876E-1 3.23766E-1 3.3954E-1 1.58299E-1 3.52971E-1 4.19042E-1 4.4264E-1 6.61376E-1 6.46859E-1 5.20848E-1 5.11863E-1 5.46909E-1 5.12421E-1 4.84107E-1 3.84526E-1 4.15428E-1 4.82936E-1 3.97776E-1 3.51783E-1 3.32182E-1 3.08259E-1 3.20508E-1 3.03994E-1 1.24997E-1 2.15545E-1 4.0952E-1 3.92528E-1 3.52634E-1 4.17675E-1 1.55298E-1 5.62891E-1 3.93188E-1 3.73794E-1 3.12006E-1 3.46985E-1 3.12435E-1 3.55328E-1 3.98429E-1 3.89633E-1 2.03018E-1 3.39574E-1 3.24321E-1
