Phytophthora/models/20240429_1921_07/Phytophthora_PA3_RUN4_MAXENT_outputs/Phytophthora_PA3_RUN4.asc
ncols         225
nrows         269
xllcorner     473000.0
yllcorner     4429100.0
cellsize      50.0
NODATA_value  -9999
[rows 54 to 80 of 269, columns 60 to 119 of 225]
2.19064E-2 1.23607E-2 2.6849E-2 2.9152E-2 3.71075E-2 6.2897E-2 7.31679E-2 7.24538E-2 1.01046E-1 1.17217E-1 9.89543E-2 8.37048E-2 9.40197E-2 1.1982E-1 1.13608E-1 1.001E-1 9.36875E-2 7.99677E-2 8.00216E-2 9.16221E-2 1.14379E-1 1.28765E-1 1.33919E-1 9.5516E-2 1.38941E-1 -9999 -9999 -9999 -9999 -9999 -9999 -9999 -9999 -9999 -9999 -9999 -9999 -9999 -9999 -9999 -9999 -9999 -9999 -9999 -9999 -9999 -9999 -9999 -9999 -9999 -9999 -9999 -9999 -9999 -9999 -9999 -9999 -9999 -9999 -9999
2.57132E-2 2.27731E-2 2.70152E-2 1.90172E-2 3.70517E-2 7.05736E-2 7.27842E-2 6.95126E-2 7.9746E-2 7.69153E-2 8.75715E-2 9.32912E-2 1.16893E-1 1.0566E-1 1.80185E-1 1.16972E-1 1.01876E-1 9.13888E-2 7.93676E-2 8.96011E-2 1.2472E-1 1.5968E-1 1.29946E-1 7.50473E-2 1.37058E-1 2.4647E-1 -9999 -9999 -9999 -9999 3.61217E-1 -9999 -9999 -9999 -9999 -9999 -9999 -9999 -9999 -9999 -9999 -9999 -9999 -9999 -9999 -9999 -9999 -9999 -9999 -9999 -9999 -9999 -9999 -9999 -9999 -9999 -9999 -9999 -9999 -9999
1.20135E-2 1.59709E-2 2.11342E-2 2.27682E-2 2.6433E-2 5.20149E-2 5.43924E-2 6.24854E-2 4.4849E-2 4.79147E-2 6.05016E-2 5.7471E-2 9.51487E-2 1.03745E-1 2.95348E-2 5.84529E-2 7.95E-2 6.94915E-2 6.2763E-2 6.97094E-2 9.0173E-2 6.65391E-2 5.64077E-2 4.53013E-2 8.42071E-2 1.19684E-1 1.35264E-1 1.19741E-1 1.20323E-1 3.57264E-2 2.56957E-1 1.90515E-1 -9999 -9999 -9999 -9999 -9999 -9999 -9999 -9999 -9999 -9999 -9999 -9999 -9999 -9999 -9999 -9999 -9999 -9999 -9999 -9999 -9999 -9999 -9999 -9999 -9999 -9999 -9999 -9999
1.41867E-2 1.67863E-2 2.07849E-2 2.80944E-2 3.23108E-2 6.04605E-2 5.04123E-2 3.05419E-2 4.34882E-2 4.49688E-2 5.30464E-2 5.15855E-2 4.79121E-2 3.86314E-2 5.4289E-2 3.81324E-2 8.34237E-2 7.64387E-2 7.29846E-2 8.19319E-2 8.7135E-2 5.16812E-2 5.35496E-2 -9999 7.06091E-2 1.12745E-1 1.19306E-1 1.04151E-1 1.23816E-1 3.28606E-2 1.92936E-1 2.10904E-1 -9999 -9999 -9999 -9999 -9999 -9999 -9999 -9999 -9999 -9999 -9999 -9999 -9999 -9999 -9999 -9999 -9999 -9999 -9999 -9999 -9999 -9999 -9999 -9999 -9999 -9999 -9999 -9999
1.4052E-2 1.65448E-2 1.61362E-2 2.19373E-2 3.49909E-2 7.23915E-2 6.5574E-2 4.03236E-2 4.13515E-2 4.49306E-2 5.26377E-2 4.81455E-2 3.98841E-2 3.02589E-2 4.40951E-2 3.22019E-2 6.26352E-2 1.03216E-1 8.8324E-2 1.12352E-1 9.61217E-2 5.20679E-2 4.66843E-2 7.0843E-2 5.88639E-2 1.322E-1 1.17168E-1 1.11362E-1 1.23082E-1 9.66218E-2 1.57261E-1 2.51595E-1 2.69558E-1 -9999 -9999 -9999 -9999 -9999 -9999 -9999 -9999 -9999 -9999 -9999 -9999 -9999 -9999 -9999 -9999 -9999 -9999 -9999 -9999 -9999 -9999 -9999 -9999 -9999 -9999 -9999
1.61387E-2 1.7806E-2 1.57183E-2 1.94266E-2 2.54274E-2 6.75921E-2 7.94454E-2 5.68483E-2 4.21598E-2 3.29099E-2 4.13562E-2 4.29081E-2 4.22605E-2 3.90122E-2 4.47918E-2 5.8203E-2 8.18752E-2 7.95734E-2 1.25732E-1 1.17569E-1 1.05649E-1 5.04893E-2 4.12003E-2 4.38443E-2 6.35498E-2 1.17897E-1 1.2349E-1 1.19543E-1 1.16323E-1 9.20312E-2 1.60627E-1 2.45662E-1 2.6559E-1 -9999 -9999 -9999 -9999 -9999 -9999 -9999 -9999 -9999 -9999 -9999 -9999 -9999 -9999 -9999 -9999 -9999 -9999 -9999 -9999 -9999 -9999 -9999 -9999 -9999 -9999 -9999
1.57076E-2 1.85367E-2 1.80068E-2 2.0298E-2 2.39947E-2 6.74596E-2 8.01226E-2 5.40279E-2 4.65198E-2 4.46575E-2 3.44152E-2 4.47964E-2 4.87737E-2 4.72211E-2 5.22344E-2 6.07393E-2 6.7214E-2 9.14796E-2 6.93177E-2 8.46805E-2 1.11955E-1 5.55209E-2 4.49243E-2 4.70023E-2 6.04185E-2 1.16493E-1 1.26902E-1 1.34891E-1 1.31263E-1 1.12303E-1 1.19882E-1 1.98207E-1 2.39142E-1 -9999 -9999 -9999 -9999 -9999 -9999 -9999 -9999 -9999 -9999 -9999 -9999 -9999 -9999 -9999 -9999 -9999 -9999 -9999 -9999 -9999 -9999 -9999 -9999 -9999 -9999 -9999
9.73041E-3 1.07831E-2 1.22191E-2 1.42022E-2 1.44408E-2 2.01543E-2 2.19804E-2 1.87849E-2 1.6958E-2 1.98971E-2 3.99061E-2 3.60115E-2 4.56772E-2 5.80382E-2 5.82683E-2 6.15898E-2 6.29341E-2 7.14872E-2 7.84662E-2 5.04764E-2 8.99376E-2 5.95703E-2 4.71387E-2 4.90563E-2 5.55253E-2 5.72618E-2 5.95865E-2 6.14862E-2 6.42377E-2 8.26871E-2 1.45127E-1 2.22551E-1 2.35644E-1 1.58494E-1 -9999 -9999 -9999 -9999 -9999 -9999 -9999 -9999 -9999 -9999 -9999 -9999 -9999 -9999 -9999 -9999 -9999 -9999 -9999 -9999 -9999 -9999 -9999 -9999 -9999 -9999
9.97545E-3 1.10211E-2 1.21612E-2 1.6456E-2 2.04205E-2 2.05191E-2 1.51616E-2 1.73942E-2 1.70126E-2 2.03418E-2 2.75837E-2 4.26689E-2 5.22988E-2 5.37707E-2 5.94327E-2 6.22191E-2 3.66195E-2 4.62598E-2 7.45074E-2 7.10394E-2 4.11527E-2 6.65782E-2 5.88495E-2 5.44904E-2 5.7259E-2 5.70885E-2 7.04668E-2 6.56167E-2 6.19899E-2 8.31505E-2 1.75756E-1 2.11031E-1 2.32384E-1 2.0702E-1 1.49261E-1 -9999 -9999 -9999 -9999 -9999 -9999 -9999 -9999 -9999 -9999 -9999 -9999 -9999 -9999 -9999 -9999 -9999 -9999 -9999 -9999 -9999 -9999 -9999 -9999 -9999
1.09515E-2 1.15651E-2 1.35492E-2 1.95516E-2 2.38417E-2 2.17445E-2 1.56963E-2 1.7716E-2 1.7274E-2 1.92827E-2 4.39575E-2 4.27984E-2 4.95694E-2 5.56501E-2 5.61351E-2 6.28157E-2 6.52046E-2 6.61274E-2 6.61339E-2 8.01785E-2 9.25547E-2 7.36544E-2 4.61218E-2 6.07902E-2 5.60207E-2 6.56284E-2 7.71769E-2 7.29566E-2 6.99274E-2 8.59832E-2 1.99919E-1 2.07463E-1 2.47962E-1 1.26329E-1 1.81717E-1 1.28293E-1 -9999 -9999 -9999 -9999 -9999 -9999 -9999 -9999 -9999 -9999 -9999 -9999 -9999 -9999 -9999 -9999 -9999 -9999 -9999 -9999 -9999 -9999 -9999 -9999
9.96825E-3 1.09995E-2 1.22122E-2 1.50399E-2 1.53934E-2 2.27417E-2 1.70233E-2 1.42818E-2 1.65222E-2 1.52891E-2 4.44292E-2 4.68927E-2 4.87994E-2 5.3477E-2 6.31739E-2 4.10854E-2 6.54178E-2 6.00089E-2 5.93453E-2 8.14215E-2 6.66139E-2 9.72635E-2 5.22306E-2 2.80614E-2 1.32739E-2 6.35023E-2 5.55118E-2 6.64501E-2 7.18613E-2 9.21737E-2 1.27886E-1 2.15588E-1 1.85589E-1 1.74924E-1 1.70278E-1 1.97228E-1 -9999 -9999 -9999 -9999 -9999 -9999 -9999 -9999 -9999 -9999 -9999 -9999 -9999 -9999 -9999 -9999 -9999 -9999 -9999 -9999 -9999 -9999 -9999 -9999
1.23006E-2 1.32715E-2 1.43751E-2 1.73638E-2 1.45893E-2 2.56617E-2 1.77455E-2 1.45409E-2 1.52876E-2 2.38557E-2 4.27646E-2 4.34121E-2 4.69179E-2 5.28291E-2 6.23072E-2 4.3678E-2 6.69758E-2 6.11689E-2 5.42331E-2 5.79265E-2 2.69113E-2 7.17163E-2 4.73798E-2 4.51687E-2 5.66292E-2 3.32904E-2 5.70026E-2 6.31852E-2 7.67147E-2 1.02504E-1 2.26654E-1 1.48942E-1 2.37857E-1 1.66547E-1 1.76749E-1 2.00535E-1 1.47145E-1 1.45746E-1 -9999 -9999 -9999 -9999 -9999 -9999 -9999 -9999 -9999 -9999 -9999 -9999 -9999 -9999 -9999 -9999 -9999 -9999 -9999 -9999 -9999 -9999
1.56005E-2 1.54293E-2 1.69858E-2 1.95525E-2 2.12886E-2 5.5164E-2 3.76288E-2 3.10047E-2 2.90541E-2 3.56485E-2 3.6869E-2 2.88544E-2 3.71578E-2 4.22707E-2 5.15889E-2 6.92128E-2 5.32353E-2 6.53292E-2 5.13497E-2 4.53882E-2 8.60453E-3 3.08395E-2 3.46644E-2 3.49148E-2 3.52732E-2 4.18318E-2 2.44445E-2 4.56384E-2 5.80342E-2 4.03939E-2 1.40582E-1 4.03085E-2 1.73624E-1 1.3884E-1 1.81137E-1 1.74422E-1 1.23977E-1 1.30414E-1 1.08205E-1 1.25071E-1 -9999 -9999 -9999 -9999 -9999 -9999 -9999 -9999 -9999 -9999 -9999 -9999 -9999 -9999 -9999 -9999 -9999 -9999 -9999 -9999
1.49643E-2 2.09414E-2 2.17203E-2 2.2053E-2 2.03489E-2 5.42423E-2 5.26332E-2 3.93274E-2 3.54527E-2 3.90426E-2 4.12097E-2 3.44041E-2 3.82131E-2 4.55825E-2 5.28627E-2 6.71077E-2 6.93144E-2 9.02799E-2 8.38851E-2 4.00211E-2 1.82875E-2 3.68426E-2 3.7164E-2 3.67029E-2 3.87634E-2 2.82843E-2 4.6539E-2 4.66876E-2 4.15642E-2 7.16364E-2 1.52022E-1 1.56452E-1 8.40937E-2 1.63799E-1 1.86722E-1 9.04555E-2 7.01895E-2 1.19536E-1 1.18586E-1 1.3334E-1 1.27181E-1 1.04949E-1 1.38773E-1 -9999 -9999 -9999 -9999 -9999 -9999 -9999 -9999 -9999 -9999 -9999 -9999 -9999 -9999 -9999 -9999 -9999
1.44513E-2 1.86653E-2 1.85318E-2 2.13189E-2 2.71862E-2 5.2422E-2 5.40991E-2 3.76146E-2 4.38802E-2 4.90625E-2 4.82395E-2 4.24094E-2 3.86486E-2 4.93768E-2 4.53948E-2 6.22713E-2 3.95245E-2 6.11349E-2 6.30326E-2 3.38416E-2 2.86119E-2 5.01265E-2 4.18836E-2 3.97181E-2 2.24259E-2 4.65683E-2 4.79969E-2 4.77716E-2 3.57306E-2 6.75353E-2 1.13126E-1 1.04489E-1 9.65324E-2 1.94542E-2 1.87242E-1 9.18298E-2 1.35732E-1 1.41128E-1 1.36193E-1 1.39743E-1 1.14379E-1 9.98788E-2 1.30159E-1 1.54768E-1 1.32755E-1 -9999 -9999 -9999 -9999 -9999 -9999 -9999 -9999 -9999 -9999 -9999 -9999 -9999 -9999 -9999
1.49149E-2 1.6412E-2 1.57581E-2 1.65243E-2 2.74751E-2 5.17192E-2 5.31131E-2 5.95783E-2 5.23653E-2 5.62058E-2 4.10623E-2 3.91747E-2 4.59495E-2 5.15766E-2 3.33201E-2 6.25735E-2 4.68363E-2 3.98882E-2 4.11859E-2 5.1381E-2 1.0608E-2 6.16343E-2 2.86686E-2 2.8378E-2 4.13458E-2 4.51365E-2 4.47368E-2 4.64786E-2 4.86369E-2 6.7048E-2 1.02095E-1 9.20585E-2 1.07081E-1 1.84491E-1 1.69142E-1 1.42676E-1 1.27276E-1 1.39199E-1 1.26413E-1 1.13659E-1 8.90199E-2 8.30981E-2 1.0795E-1 1.26608E-1 1.57342E-1 -9999 -9999 -9999 -9999 -9999 -9999 -9999 -9999 -9999 -9999 -9999 -9999 -9999 -9999 -9999
1.44942E-2 1.85782E-2 1.93987E-2 2.31355E-2 2.54208E-2 5.32668E-2 5.02574E-2 5.53479E-2 5.9028E-2 6.05741E-2 6.641E-2 6.25255E-2 4.81654E-2 5.46985E-2 5.61609E-2 6.23539E-2 4.9672E-2 4.19964E-2 3.81061E-2 4.41908E-2 2.26114E-2 7.71355E-2 7.26154E-2 4.64161E-2 3.59377E-2 4.72198E-2 4.69466E-2 3.76659E-2 4.48226E-2 5.87659E-2 1.04061E-1 1.04627E-1 1.11742E-1 1.43069E-1 7.21929E-2 7.61089E-2 8.66309E-2 1.11903E-1 1.33031E-1 1.01831E-1 8.20773E-2 8.17978E-2 1.00509E-1 1.20198E-1 1.9888E-1 -9999 -9999 -9999 -9999 -9999 -9999 -9999 -9999 -9999 -9999 -9999 -9999 -9999 -9999 -9999
1.3104E-2 7.73087E-3 1.89464E-2 2.1859E-2 2.47128E-2 5.41356E-2 5.07419E-2 5.12715E-2 5.42271E-2 5.58937E-2 5.88891E-2 6.3124E-2 7.2024E-2 6.00544E-2 5.43129E-2 5.99442E-2 4.74337E-2 4.48117E-2 4.10967E-2 4.07727E-2 4.60186E-2 7.5595E-2 6.40613E-2 3.73207E-2 4.7993E-2 4.5939E-2 5.0283E-2 3.85324E-2 3.80504E-2 5.8578E-2 1.0617E-1 1.14215E-1 1.17025E-1 1.07774E-1 8.41365E-2 1.04858E-1 -9999 1.15375E-1 9.29948E-2 8.93299E-2 8.13934E-2 9.60629E-2 9.55743E-2 1.22709E-1 1.65685E-1 -9999 -9999 -9999 -9999 -9999 -9999 -9999 -9999 -9999 -9999 -9999 -9999 -9999 -9999 -9999
1.28832E-2 1.25271E-2 2.02933E-2 2.04404E-2 2.70237E-2 5.21256E-2 5.0246E-2 4.75935E-2 5.063E-2 5.76236E-2 5.76864E-2 5.48068E-2 5.87596E-2 6.91215E-2 5.50607E-2 6.0241E-2 4.64871E-2 4.58662E-2 4.55848E-2 4.88865E-2 5.07283E-2 6.62079E-2 5.61228E-2 3.6614E-2 3.49698E-2 4.15842E-2 4.34499E-2 3.66969E-2 3.64017E-2 5.25002E-2 9.60811E-2 1.12517E-1 9.38254E-2 1.0547E-1 1.22029E-1 1.11529E-1 6.80672E-2 1.15328E-1 8.87761E-2 1.1013E-1 1.02501E-1 1.58821E-1 1.86667E-1 1.54406E-1 1.42958E-1 2.18443E-1 -9999 -9999 -9999 -9999 -9999 -9999 -9999 -9999 -9999 -9999 -9999 -9999 -9999 -9999
1.90747E-2 1.66243E-2 1.50927E-2 1.31071E-2 2.60387E-2 4.49956E-2 4.28303E-2 4.93383E-2 5.76212E-2 6.10526E-2 6.13458E-2 5.59995E-2 5.49412E-2 6.62825E-2 7.19844E-2 6.67799E-2 5.07765E-2 5.02996E-2 4.95321E-2 2.40912E-2 5.99675E-2 6.68151E-2 5.86999E-2 3.96676E-2 3.96951E-2 4.30872E-2 3.67373E-2 4.28992E-2 3.751E-2 4.72687E-2 8.09178E-2 1.01273E-1 7.24372E-2 9.40745E-2 9.00315E-2 8.71667E-2 9.35833E-2 1.07349E-1 1.26392E-1 5.69939E-2 8.28456E-2 1.46359E-1 1.30556E-1 1.28668E-1 9.66083E-2 2.35215E-1 2.35233E-1 -9999 -9999 -9999 -9999 -9999 -9999 -9999 -9999 -9999 -9999 -9999 -9999 -9999
1.06018E-2 8.34339E-3 8.92248E-3 6.69864E-3 1.55873E-2 4.11469E-2 5.18192E-2 5.33339E-2 5.44074E-2 6.05872E-2 6.13164E-2 5.57344E-2 5.61692E-2 7.17095E-2 3.6511E-2 8.43011E-2 5.96881E-2 5.72449E-2 5.57911E-2 2.32967E-2 5.18408E-2 2.09905E-2 3.96323E-2 4.27018E-2 4.49977E-2 3.44209E-2 4.89387E-2 5.02951E-2 4.03311E-2 4.73212E-2 8.69546E-2 1.05565E-1 1.13735E-1 1.09024E-1 1.04017E-1 9.61336E-2 8.72838E-2 7.80725E-2 9.50766E-2 1.04969E-1 9.74596E-2 1.24354E-1 1.61445E-1 9.74485E-2 1.14418E-1 1.22208E-1 1.38063E-1 -9999 -9999 -9999 -9999 -9999 -9999 -9999 -9999 -9999 -9999 -9999 -9999 -9999
9.56629E-3 3.37913E-3 8.51921E-3 1.01499E-2 1.55195E-2 3.31536E-2 4.06805E-2 5.15452E-2 4.65003E-2 6.36503E-2 6.54178E-2 6.05213E-2 6.76463E-2 7.39129E-2 8.13023E-2 6.79928E-2 6.51683E-2 4.94562E-2 5.17237E-2 5.14679E-2 3.01867E-2 2.35852E-2 3.2406E-2 3.18387E-2 6.29852E-2 9.11574E-2 6.49458E-2 2.08241E-2 1.42411E-2 2.94779E-2 7.79777E-2 8.93E-2 9.85429E-2 9.84002E-2 9.94514E-2 9.74469E-2 8.44053E-2 8.58617E-2 8.0756E-2 8.031E-2 8.76705E-2 8.3627E-2 9.31525E-2 9.5283E-2 9.53594E-2 1.43068E-1 2.16496E-1 -9999 -9999 -9999 -9999 -9999 -9999 -9999 -9999 -9999 -9999 -9999 -9999 -9999
1.98535E-2 7.87686E-3 1.60963E-2 2.48305E-2 2.91069E-2 3.02104E-2 1.8315E-2 2.36823E-2 5.10484E-2 6.23306E-2 9.02339E-2 8.47165E-2 9.12618E-2 9.5243E-2 1.09447E-1 1.50276E-1 1.51323E-1 1.32663E-1 1.56607E-1 1.67741E-1 9.42822E-2 1.13074E-1 9.53461E-2 1.02967E-1 2.04146E-1 1.68683E-1 1.08416E-1 1.44991E-1 1.37678E-1 1.22274E-1 2.10186E-1 2.37525E-1 2.48927E-1 2.6401E-1 2.90718E-1 3.45575E-1 3.14402E-1 2.73654E-1 2.55164E-1 2.42533E-1 3.00379E-1 1.80195E-1 3.3418E-1 3.35593E-1 4.16966E-1 4.16893E-1 4.14743E-1 3.30882E-1 -9999 -9999 -9999 -9999 -9999 -9999 -9999 -9999 -9999 -9999 -9999 -9999
1.05182E-2 8.41957E-3 1.55007E-2 2.35837E-2 2.8575E-2 3.00885E-2 2.23084E-2 3.769E-2 4.22644E-2 5.05183E-2 7.92543E-2 7.84231E-2 8.46377E-2 9.03829E-2 1.06209E-1 1.47452E-1 1.50478E-1 1.46393E-1 1.63762E-1 1.01247E-1 1.64463E-1 9.83561E-2 1.36654E-1 1.88477E-1 1.92692E-1 1.21679E-1 1.12878E-1 1.21605E-1 1.37794E-1 1.3429E-1 2.71266E-1 2.41063E-1 2.71062E-1 2.93965E-1 2.91793E-1 3.55537E-1 3.68212E-1 3.16396E-1 2.63187E-1 2.77081E-1 3.37345E-1 3.53883E-1 2.54709E-1 3.98122E-1 4.74662E-1 3.78801E-1 4.17472E-1 3.27549E-1 3.49169E-1 2.95472E-1 -9999 -9999 -9999 -9999 -9999 -9999 -9999 -9999 -9999 -9999
1.29075E-2 1.54154E-2 2.90064E-2 2.26886E-2 2.70729E-2 2.87361E-2 1.98493E-2 3.65773E-2 3.97389E-2 5.27663E-2 8.88209E-2 8.31355E-2 7.62247E-2 7.96149E-2 9.58709E-2 1.45004E-1 1.54935E-1 1.62453E-1 1.60576E-1 1.5723E-1 1.02887E-1 1.39194E-1 1.78194E-1 1.66599E-1 9.30987E-2 1.06473E-1 1.11681E-1 1.32029E-1 1.62777E-1 1.56418E-1 1.73871E-1 1.63467E-1 2.34226E-1 2.99057E-1 3.03589E-1 3.38223E-1 3.42446E-1 3.54399E-1 3.26913E-1 3.46267E-1 4.10316E-1 5.06862E-1 3.82423E-1 2.2753E-1 3.7904E-1 5.02965E-1 4.15826E-1 3.66878E-1 3.69294E-1 2.81586E-1 2.01714E-1 1.86928E-1 -9999 -9999 -9999 -9999 -9999 -9999 -9999 -9999
2.48635E-2 2.53747E-2 3.20847E-2 2.56429E-2 2.56997E-2 2.13072E-2 3.04515E-2 3.91722E-2 4.99608E-2 6.2405E-2 9.69143E-2 9.39126E-2 9.83097E-2 1.03856E-1 1.12887E-1 1.34357E-1 1.06788E-1 5.99314E-2 1.07413E-1 1.08104E-1 4.32516E-2 1.05304E-1 1.61087E-1 6.65705E-2 2.65649E-2 1.03649E-1 1.21841E-1 1.58322E-1 1.80005E-1 2.0078E-1 1.99456E-1 2.45168E-1 2.33607E-1 2.28063E-1 3.14912E-1 3.45267E-1 3.4708E-1 3.96145E-1 3.81555E-1 4.38609E-1 4.89092E-1 4.45676E-1 2.77508E-1 3.67239E-1 4.30051E-1 3.33862E-1 3.85134E-1 2.53648E-1 3.79821E-1 2.94653E-1 2.25206E-1 2.29577E-1 2.48016E-1 -9999 -9999 -9999 -9999 -9999 -9999 -9999
3.1007E-2 1.50089E-2 3.04993E-2 2.54983E-2 2.72046E-2 2.80155E-2 2.84188E-2 2.64144E-2 3.19324E-2 3.01904E-2 7.91156E-2 9.25706E-2 1.03824E-1 9.8825E-2 1.08689E-1 1.39248E-1 1.24755E-1 8.71158E-2 9.42402E-2 1.00804E-1 8.57658E-2 -9999 7.53924E-2 5.45899E-2 9.15181E-2 9.36821E-2 1.18718E-1 1.5914E-1 1.85213E-1 2.36867E-1 2.65276E-1 2.57336E-1 2.51454E-1 3.17351E-1 3.14409E-1 3.40156E-1 3.24411E-1 3.4558E-1 3.5723E-1 3.76485E-1 4.40629E-1 4.45912E-1 4.15253E-1 3.87327E-1 3.92641E-1 4.8722E-1 3.98824E-1 2.67897E-1 4.2576E-1 3.26494E-1 1.8706E-1 2.21246E-1 2.726E-1 -9999 -9999 -9999 -9999 -9999 -9999 -9999
