Phytophthora/models/20240429_1921_07/Phytophthora_PA3_RUN4_MAXENT_outputs/Phytophthora_PA3_RUN4.asc
ncols         225
nrows         269
xllcorner     473000.0
yllcorner     4429100.0
cellsize      50.0
NODATA_value  -9999
[rows 216 to 242 of 269, columns 120 to 179 of 225]
3.2089E-1 2.86165E-1 2.58249E-1 2.33573E-1 2.56838E-1 2.79602E-1 2.32065E-1 1.83607E-1 2.16981E-1 1.16868E-1 1.07525E-1 9.38168E-2 1.36485E-1 6.95418E-2 7.66446E-2 2.77365E-1 4.11009E-1 3.71827E-1 3.76028E-1 3.83925E-1 4.76731E-1 5.69443E-1 4.29592E-1 5.54819E-1 5.56413E-1 3.59507E-1 3.75645E-1 3.27468E-1 2.99575E-1 2.74591E-1 4.20551E-1 4.1904E-1 6.14548E-1 5.65859E-1 6.71651E-1 4.78696E-1 6.07781E-1 5.10047E-1 4.86354E-1 4.26626E-1 2.9028E-1 3.46661E-1 3.70291E-1 3.5327E-1 4.00561E-1 3.47018E-1 3.04361E-1 3.03103E-1 2.89952E-1 2.69472E-1 2.09624E-1 1.42354E-1 1.31483E-1 1.12003E-1 1.59094E-1 1.47291E-1 1.65448E-1 1.27441E-1 1.19884E-1 1.0699E-1
2.59378E-1 2.14947E-1 2.17221E-1 2.67748E-1 2.71517E-1 2.90344E-1 2.56094E-1 2.04537E-1 1.64724E-1 2.13659E-1 1.65689E-1 1.94273E-1 1.11536E-1 1.63689E-1 8.47758E-2 3.08184E-1 2.80746E-1 3.02238E-1 3.75355E-1 3.68619E-1 3.86998E-1 5.01191E-1 3.38537E-1 5.59053E-1 5.3148E-1 3.7847E-1 2.61222E-1 3.70368E-1 2.65758E-1 2.82307E-1 4.34594E-1 4.88794E-1 5.86715E-1 5.72775E-1 5.69088E-1 6.2508E-1 5.10824E-1 4.05398E-1 5.80879E-1 4.5904E-1 3.45328E-1 4.15664E-1 3.38473E-1 3.77662E-1 4.135E-1 3.42349E-1 3.23499E-1 2.86831E-1 2.94761E-1 2.75466E-1 1.80452E-1 1.4059E-1 1.4149E-1 1.30899E-1 6.47985E-2 1.91602E-1 1.29437E-1 1.51158E-1 1.63182E-1 2.08185E-1
4.131E-1 3.34736E-1 3.18583E-1 3.38547E-1 3.16357E-1 3.30526E-1 2.992E-1 2.2981E-1 1.82625E-1 1.89479E-1 1.82637E-1 2.27034E-1 2.07468E-1 1.93994E-1 2.31167E-1 2.37552E-1 2.62172E-1 2.96009E-1 3.57942E-1 3.65557E-1 3.82386E-1 3.99473E-1 5.34537E-1 5.60562E-1 4.91996E-1 3.72659E-1 3.94967E-1 2.95351E-1 2.73144E-1 2.48936E-1 4.6494E-1 6.10153E-1 4.92404E-1 6.60008E-1 6.23168E-1 5.71586E-1 4.95073E-1 4.91936E-1 5.62971E-1 4.47969E-1 3.24785E-1 3.91631E-1 4.18554E-1 3.12945E-1 3.91931E-1 2.87866E-1 3.40246E-1 2.69665E-1 2.76181E-1 2.30085E-1 1.5476E-1 1.36539E-1 1.44642E-1 5.46155E-2 1.29279E-1 1.17765E-1 1.47602E-1 1.20315E-1 2.35414E-1 2.85853E-1
3.35392E-1 3.532E-1 3.63603E-1 3.31322E-1 3.26838E-1 3.36383E-1 3.02102E-1 2.27673E-1 2.0467E-1 1.81048E-1 2.04378E-1 2.17249E-1 2.24665E-1 2.52878E-1 2.51061E-1 2.86779E-1 3.48751E-1 3.49483E-1 3.6156E-1 3.55074E-1 3.62694E-1 3.94759E-1 5.30199E-1 5.01893E-1 4.25603E-1 3.74031E-1 3.46273E-1 2.95497E-1 1.70292E-1 2.37249E-1 4.95401E-1 5.9592E-1 5.29583E-1 6.23039E-1 5.60943E-1 5.61571E-1 5.42601E-1 5.42202E-1 5.31541E-1 4.72731E-1 3.09046E-1 3.23544E-1 3.63578E-1 4.87751E-1 5.05721E-1 3.45685E-1 3.44914E-1 2.61267E-1 2.41745E-1 1.65986E-1 1.26167E-1 1.04555E-1 1.37063E-1 6.51395E-2 8.95282E-2 1.27761E-1 1.32752E-1 3.1753E-1 2.9129E-1 3.81945E-1
2.67459E-1 2.75815E-1 2.83604E-1 2.89306E-1 3.43996E-1 3.5514E-1 3.24031E-1 2.6242E-1 2.35214E-1 2.09805E-1 2.49606E-1 2.71468E-1 2.70632E-1 3.00519E-1 3.23402E-1 3.70268E-1 4.16166E-1 3.89421E-1 3.73299E-1 3.93411E-1 4.00954E-1 5.07652E-1 5.22065E-1 4.32773E-1 4.26683E-1 3.69399E-1 3.74116E-1 2.64541E-1 2.42609E-1 2.36621E-1 4.69897E-1 5.41294E-1 6.07444E-1 5.82345E-1 5.40314E-1 5.90109E-1 5.84282E-1 5.91747E-1 5.6763E-1 4.9486E-1 3.16703E-1 3.55993E-1 3.91629E-1 4.50109E-1 4.91033E-1 3.55843E-1 3.22205E-1 2.63798E-1 1.90887E-1 1.49243E-1 5.20365E-2 1.37394E-1 5.7918E-2 4.93432E-2 8.13405E-2 1.5562E-1 1.38054E-1 2.17245E-1 1.71875E-1 3.15709E-1
1.3454E-1 2.13494E-1 2.24388E-1 2.83669E-1 3.06641E-1 3.62121E-1 3.3746E-1 2.75228E-1 2.46852E-1 2.50364E-1 3.86917E-1 4.05428E-1 3.87492E-1 4.12565E-1 4.15994E-1 4.36303E-1 4.31714E-1 3.8512E-1 3.75647E-1 4.07363E-1 5.36506E-1 6.10819E-1 5.96697E-1 4.98915E-1 5.39719E-1 5.15827E-1 5.1154E-1 3.41444E-1 3.53022E-1 3.94573E-1 4.91735E-1 4.07867E-1 4.97366E-1 3.9459E-1 3.6522E-1 3.33144E-1 3.3499E-1 3.1585E-1 2.81713E-1 3.09551E-1 3.514E-1 3.67974E-1 3.91712E-1 4.51119E-1 4.48346E-1 2.76878E-1 2.34502E-1 1.62585E-1 2.3898E-1 1.35967E-1 6.63844E-2 6.71605E-2 1.00999E-1 1.08962E-1 1.11024E-1 2.09538E-1 2.66098E-1 2.99511E-1 2.63219E-1 3.66139E-1
2.98501E-1 2.99749E-1 3.32347E-1 3.30979E-1 3.36784E-1 3.92487E-1 3.6758E-1 3.07946E-1 2.86066E-1 3.01147E-1 4.54093E-1 4.839E-1 4.42098E-1 4.63731E-1 4.68169E-1 4.93428E-1 4.53318E-1 4.11756E-1 4.28813E-1 4.26347E-1 6.54152E-1 6.38917E-1 6.00887E-1 5.77911E-1 6.71942E-1 5.05383E-1 4.16461E-1 2.99385E-1 3.73933E-1 4.15824E-1 4.39658E-1 3.99393E-1 4.88783E-1 3.70055E-1 4.10917E-1 3.4065E-1 3.32295E-1 3.4015E-1 3.04026E-1 2.58084E-1 3.38549E-1 3.29781E-1 3.50362E-1 3.19934E-1 3.17934E-1 1.8993E-1 1.5794E-1 1.65031E-1 4.91729E-2 1.53614E-1 1.75167E-1 1.59871E-1 1.65976E-1 1.9199E-1 1.77447E-1 2.64296E-1 3.54239E-1 3.77297E-1 3.55467E-1 3.62261E-1
3.00163E-1 3.15722E-1 3.72311E-1 3.66076E-1 3.66245E-1 4.47474E-1 3.67666E-1 3.01353E-1 3.11407E-1 3.30559E-1 4.66337E-1 5.92448E-1 4.78806E-1 5.09368E-1 5.09317E-1 5.21839E-1 4.74784E-1 4.43121E-1 4.76035E-1 4.66925E-1 6.96809E-1 6.74572E-1 6.51753E-1 6.83326E-1 6.69009E-1 4.24813E-1 4.06953E-1 3.65934E-1 3.78774E-1 3.9723E-1 3.85556E-1 4.04736E-1 4.50624E-1 4.05517E-1 3.77269E-1 3.09382E-1 3.03257E-1 3.13248E-1 2.99429E-1 2.36705E-1 3.58957E-1 3.52646E-1 3.54159E-1 3.17077E-1 2.97188E-1 1.97771E-1 1.70027E-1 1.44242E-1 1.53033E-1 1.53094E-1 2.40509E-1 2.65042E-1 2.70639E-1 2.37699E-1 2.46125E-1 4.40365E-1 3.95403E-1 3.18597E-1 2.76255E-1 2.88363E-1
3.66836E-1 3.89998E-1 4.50516E-1 4.06124E-1 4.29704E-1 4.61611E-1 3.4104E-1 2.91313E-1 3.22168E-1 3.64573E-1 4.93316E-1 6.03011E-1 5.83415E-1 5.58777E-1 5.28476E-1 5.37368E-1 5.58834E-1 4.95635E-1 5.33028E-1 5.21048E-1 6.97333E-1 7.00831E-1 6.99882E-1 6.02358E-1 6.29686E-1 4.63858E-1 4.2842E-1 4.09949E-1 3.66683E-1 3.60135E-1 3.39667E-1 3.99443E-1 4.02892E-1 3.327E-1 3.28758E-1 2.85383E-1 2.97754E-1 3.07772E-1 3.10604E-1 2.88023E-1 2.47727E-1 3.71989E-1 3.78293E-1 3.91564E-1 3.58798E-1 2.52592E-1 2.20848E-1 1.67884E-1 1.58484E-1 2.70545E-1 1.86722E-1 2.00348E-1 1.87987E-1 1.6605E-1 1.66753E-1 2.24395E-1 2.77818E-1 2.74031E-1 2.5578E-1 2.52471E-1
4.57378E-1 5.00553E-1 5.21416E-1 3.62181E-1 4.99724E-1 4.28292E-1 3.50382E-1 3.03917E-1 2.80747E-1 3.56448E-1 5.33607E-1 6.19216E-1 6.44913E-1 6.1002E-1 5.66433E-1 5.40936E-1 6.16902E-1 5.56475E-1 4.54297E-1 6.27447E-1 6.72956E-1 6.62806E-1 6.29983E-1 6.24494E-1 6.03909E-1 4.59168E-1 4.41016E-1 3.97022E-1 3.57774E-1 4.77834E-1 3.02512E-1 3.95862E-1 3.43354E-1 3.03062E-1 3.29845E-1 2.92787E-1 3.02381E-1 3.45449E-1 3.26384E-1 3.01426E-1 3.38962E-1 3.91079E-1 4.0732E-1 4.30357E-1 4.3982E-1 3.08632E-1 3.05254E-1 2.24605E-1 1.05157E-1 1.40488E-1 1.51554E-1 1.95505E-1 1.93354E-1 1.8966E-1 1.81342E-1 2.17242E-1 2.40876E-1 2.71236E-1 2.79768E-1 1.8099E-1
5.22777E-1 5.60608E-1 4.43193E-1 4.50884E-1 3.28807E-1 2.35015E-1 2.71555E-1 2.5884E-1 2.27101E-1 2.75418E-1 4.36744E-1 5.44039E-1 5.74991E-1 5.69508E-1 5.14095E-1 4.38559E-1 5.47234E-1 6.08856E-1 6.10443E-1 5.54343E-1 5.78668E-1 5.44122E-1 4.57039E-1 5.32625E-1 5.17959E-1 4.92499E-1 4.74795E-1 4.50542E-1 4.67734E-1 4.78478E-1 2.04843E-1 2.81565E-1 2.73166E-1 2.46424E-1 2.73592E-1 2.79983E-1 3.16811E-1 3.22755E-1 2.79456E-1 2.64007E-1 3.62572E-1 3.34585E-1 3.74584E-1 4.07089E-1 4.33282E-1 4.37705E-1 4.39703E-1 4.14629E-1 9.26598E-2 1.4336E-1 1.03318E-1 1.13506E-1 1.15266E-1 1.49087E-1 1.83611E-1 2.5096E-1 2.62989E-1 2.82733E-1 2.40894E-1 2.69484E-1
2.98309E-1 4.06218E-1 4.08154E-1 2.93475E-1 2.34014E-1 1.21283E-1 2.38869E-1 1.65521E-1 2.65124E-1 3.36339E-1 4.26342E-1 5.46149E-1 5.74033E-1 6.02751E-1 5.34341E-1 5.66342E-1 5.96334E-1 6.21888E-1 6.19762E-1 5.10806E-1 6.04078E-1 5.31691E-1 4.29157E-1 5.14966E-1 4.89516E-1 4.82513E-1 4.73498E-1 4.52778E-1 5.27532E-1 4.26981E-1 1.93179E-1 2.79245E-1 2.37373E-1 2.5768E-1 2.81542E-1 3.19449E-1 3.15028E-1 2.96099E-1 2.57459E-1 2.24872E-1 3.41141E-1 3.62218E-1 3.8236E-1 3.93394E-1 3.8659E-1 3.06313E-1 3.82402E-1 4.18627E-1 2.3594E-1 1.47294E-1 1.21325E-1 1.29576E-1 1.6928E-1 1.74519E-1 2.11276E-1 3.03041E-1 2.99859E-1 2.93803E-1 2.59217E-1 2.43866E-1
4.21167E-1 3.38842E-1 3.02478E-1 2.79158E-1 2.38498E-1 1.40646E-1 2.47969E-1 1.69609E-1 1.86969E-1 2.73098E-1 4.701E-1 5.35893E-1 5.56215E-1 5.84235E-1 4.8583E-1 5.26913E-1 5.5761E-1 6.08121E-1 5.5484E-1 5.26328E-1 6.21147E-1 5.53355E-1 4.36733E-1 5.05316E-1 4.87964E-1 5.20823E-1 5.14801E-1 4.98299E-1 5.15769E-1 3.39343E-1 2.12873E-1 2.52187E-1 2.7705E-1 3.27286E-1 3.44762E-1 3.66128E-1 3.19036E-1 2.64639E-1 2.35632E-1 2.69225E-1 3.32076E-1 3.75965E-1 4.23878E-1 4.23668E-1 3.96166E-1 2.72314E-1 2.9983E-1 4.27659E-1 3.23852E-1 2.40017E-1 2.11919E-1 2.19602E-1 2.53516E-1 2.1351E-1 2.50479E-1 3.30745E-1 3.09703E-1 2.16149E-1 3.30603E-1 4.15064E-1
3.28E-1 4.58104E-1 1.74132E-1 2.31031E-1 2.31926E-1 2.07843E-1 2.67391E-1 1.88692E-1 1.86005E-1 2.45336E-1 4.20375E-1 5.16333E-1 5.2828E-1 5.60459E-1 4.29893E-1 4.07937E-1 4.68013E-1 4.86854E-1 6.34892E-1 6.10646E-1 5.61232E-1 4.65381E-1 5.92496E-1 5.2092E-1 5.91555E-1 6.19846E-1 5.52269E-1 4.93302E-1 5.11653E-1 2.6565E-1 2.66453E-1 2.88526E-1 2.83792E-1 3.7344E-1 3.52894E-1 3.39119E-1 3.01167E-1 2.70585E-1 2.20964E-1 2.92476E-1 3.49011E-1 3.59231E-1 4.0952E-1 4.16137E-1 4.24402E-1 3.57885E-1 3.49731E-1 2.59453E-1 3.01227E-1 2.51441E-1 2.31961E-1 2.97408E-1 3.33441E-1 2.85238E-1 2.60445E-1 3.38704E-1 2.97297E-1 3.88447E-1 3.71572E-1 3.57336E-1
3.17594E-1 3.94739E-1 1.07744E-1 1.59522E-1 2.19811E-1 2.01122E-1 2.02718E-1 1.73858E-1 1.77396E-1 2.42437E-1 3.50221E-1 4.80851E-1 4.97159E-1 4.81697E-1 3.41712E-1 3.74291E-1 4.28946E-1 5.03914E-1 5.39162E-1 5.57665E-1 6.45978E-1 6.31797E-1 6.24568E-1 6.01704E-1 5.86838E-1 4.48825E-1 5.29585E-1 4.81066E-1 3.94968E-1 3.09706E-1 2.87068E-1 2.88887E-1 3.36594E-1 3.50321E-1 3.06544E-1 3.13813E-1 2.98772E-1 1.93246E-1 3.12208E-1 2.8634E-1 3.50428E-1 3.67229E-1 3.96081E-1 4.18803E-1 4.65582E-1 4.37346E-1 4.56431E-1 1.41429E-1 2.82439E-1 1.86172E-1 1.22925E-1 1.48029E-1 1.32313E-1 1.31152E-1 2.42262E-1 3.34739E-1 2.83655E-1 3.9704E-1 3.73348E-1 3.58268E-1
1.56427E-1 7.93753E-2 9.09297E-2 1.32051E-1 1.52837E-1 2.04248E-1 1.80463E-1 1.83618E-1 1.99187E-1 2.33513E-1 3.10568E-1 3.41101E-1 3.82383E-1 3.09861E-1 2.89072E-1 3.92346E-1 4.30895E-1 5.23588E-1 5.27585E-1 6.03342E-1 6.0353E-1 5.87079E-1 5.73139E-1 5.43077E-1 3.92386E-1 2.26947E-1 2.47038E-1 3.60483E-1 1.66729E-1 2.55533E-1 2.5712E-1 2.66791E-1 2.61643E-1 2.35628E-1 2.53272E-1 3.00099E-1 3.01267E-1 2.87401E-1 3.33233E-1 3.26988E-1 2.27934E-1 1.71449E-1 2.72682E-1 2.91631E-1 2.95023E-1 1.62999E-1 1.45963E-1 3.65561E-2 1.14445E-1 8.8411E-2 1.1097E-1 1.26934E-1 1.22705E-1 2.02424E-1 2.91509E-1 3.87663E-1 4.75625E-1 5.00556E-1 5.08976E-1 4.66826E-1
1.1372E-1 9.52992E-2 1.10379E-1 1.19146E-1 1.17501E-1 1.95706E-1 1.94958E-1 2.13439E-1 2.32088E-1 2.31651E-1 3.21517E-1 3.23583E-1 4.00377E-1 2.90119E-1 2.9369E-1 4.10095E-1 4.25413E-1 4.9973E-1 5.60371E-1 5.77996E-1 5.65839E-1 5.73094E-1 4.49289E-1 3.85272E-1 3.28192E-1 2.53313E-1 3.81888E-1 2.21641E-1 2.10726E-1 2.83759E-1 2.55284E-1 2.39047E-1 2.34125E-1 2.45988E-1 2.56791E-1 3.02254E-1 3.12289E-1 3.79808E-1 3.68955E-1 2.9979E-1 2.42776E-1 2.51796E-1 2.90209E-1 3.17352E-1 2.27354E-1 1.47286E-1 1.14811E-1 1.44E-1 8.31975E-2 7.46139E-2 1.31991E-1 1.31794E-1 1.9181E-1 2.82828E-1 2.4069E-1 5.3983E-1 5.1415E-1 4.98732E-1 5.04426E-1 4.89164E-1
1.94077E-1 1.83964E-1 1.58578E-1 1.24186E-1 1.12983E-1 1.6877E-1 2.02767E-1 2.26775E-1 2.59867E-1 3.31766E-1 3.11027E-1 3.25652E-1 3.74342E-1 2.81595E-1 3.24075E-1 4.91791E-1 4.06682E-1 4.14534E-1 5.08387E-1 5.17447E-1 5.75026E-1 4.33576E-1 4.00238E-1 3.82614E-1 3.6872E-1 3.88209E-1 3.08871E-1 1.94269E-1 2.65038E-1 2.53923E-1 2.50299E-1 2.21601E-1 2.18198E-1 2.47267E-1 2.66049E-1 3.13659E-1 3.15104E-1 4.68248E-1 3.18759E-1 2.13262E-1 2.98425E-1 2.23957E-1 2.74437E-1 2.91813E-1 3.30437E-1 1.76736E-1 2.27166E-1 1.31404E-1 7.93249E-2 7.87711E-2 1.91624E-1 2.05115E-1 2.30211E-1 2.61569E-1 4.54143E-1 5.58596E-1 5.23404E-1 4.90513E-1 4.65771E-1 4.93579E-1
1.31368E-1 1.53413E-1 1.54002E-1 1.47992E-1 1.5417E-1 2.70546E-1 2.38814E-1 2.34211E-1 2.62815E-1 3.42967E-1 3.07428E-1 3.23753E-1 3.55273E-1 2.88818E-1 2.87801E-1 3.93177E-1 4.17745E-1 4.32577E-1 4.80696E-1 3.77201E-1 5.4911E-1 5.50287E-1 4.9549E-1 4.36405E-1 3.68636E-1 2.54199E-1 2.23446E-1 2.03075E-1 2.9578E-1 3.05449E-1 2.60747E-1 2.09774E-1 2.31602E-1 2.78627E-1 2.97632E-1 3.67964E-1 4.48072E-1 4.49711E-1 2.73599E-1 2.38033E-1 2.19353E-1 2.57695E-1 2.14403E-1 3.40457E-1 6.48668E-2 1.19212E-1 6.19439E-2 6.59405E-2 8.16899E-2 1.1186E-1 2.45972E-1 2.64103E-1 1.86839E-1 2.86174E-1 3.60949E-1 5.9561E-1 5.61059E-1 5.11388E-1 5.05662E-1 4.9233E-1
1.07178E-1 1.75167E-1 1.83136E-1 1.71274E-1 1.81748E-1 2.72029E-1 2.4538E-1 2.48679E-1 2.54858E-1 3.11765E-1 3.50773E-1 3.86171E-1 2.73974E-1 2.58225E-1 2.64198E-1 3.78398E-1 4.12276E-1 4.02312E-1 4.43641E-1 1.72292E-1 5.48611E-1 5.12534E-1 4.70474E-1 4.21922E-1 3.57452E-1 2.89512E-1 3.13301E-1 3.30145E-1 3.39788E-1 2.81038E-1 1.99798E-1 1.98646E-1 2.21579E-1 2.63309E-1 2.90537E-1 4.30666E-1 4.55035E-1 2.45143E-1 2.67445E-1 2.72543E-1 2.35853E-1 2.51897E-1 1.97148E-1 3.25839E-1 9.15091E-2 1.3011E-1 1.14829E-1 7.61611E-2 6.63007E-2 6.79282E-2 1.36124E-1 1.26926E-1 1.84541E-1 2.88431E-1 3.10031E-1 5.55472E-1 5.43995E-1 4.75414E-1 4.66479E-1 4.63664E-1
2.0827E-1 3.11787E-1 3.09337E-1 2.63341E-1 2.65769E-1 2.60209E-1 2.71884E-1 2.88263E-1 2.76388E-1 3.25413E-1 4.5482E-1 4.8312E-1 3.98196E-1 3.22377E-1 3.04671E-1 4.21583E-1 4.66283E-1 4.4978E-1 5.13827E-1 5.41195E-1 6.30338E-1 6.15553E-1 5.98665E-1 5.88739E-1 5.60511E-1 3.82225E-1 3.99537E-1 3.94398E-1 4.0279E-1 2.53713E-1 1.80998E-1 1.95355E-1 1.83555E-1 2.38291E-1 2.93334E-1 3.98695E-1 4.01362E-1 2.98433E-1 2.34382E-1 2.56844E-1 2.87248E-1 3.40427E-1 3.56516E-1 3.50564E-1 1.82815E-1 6.82269E-2 7.87896E-2 6.38265E-2 5.8826E-2 6.42381E-2 2.31894E-1 3.31555E-1 3.58702E-1 4.01679E-1 3.85367E-1 6.36652E-1 6.50626E-1 5.86591E-1 5.55861E-1 5.47102E-1
2.804E-1 3.19034E-1 3.50151E-1 3.01824E-1 2.98234E-1 2.76765E-1 3.08047E-1 3.3964E-1 3.28669E-1 3.64866E-1 4.84839E-1 5.058E-1 4.34439E-1 3.40393E-1 3.06764E-1 3.98159E-1 4.06069E-1 4.48219E-1 4.76241E-1 4.69456E-1 6.77243E-1 6.49105E-1 6.50505E-1 5.56533E-1 5.52031E-1 4.12726E-1 4.3273E-1 4.18545E-1 4.41673E-1 2.94849E-1 2.29765E-1 2.01938E-1 1.94193E-1 3.18989E-1 3.41247E-1 4.00995E-1 2.67036E-1 2.57368E-1 1.57127E-1 2.09292E-1 2.97473E-1 3.47253E-1 3.33266E-1 3.50905E-1 3.37425E-1 1.64798E-1 1.097E-1 9.23556E-2 7.04527E-2 9.92602E-2 3.69882E-1 4.09315E-1 3.87911E-1 4.13998E-1 4.22692E-1 6.98469E-1 6.58504E-1 5.92391E-1 5.60867E-1 5.44498E-1
2.96848E-1 3.48876E-1 3.42837E-1 2.267E-1 1.99651E-1 2.2868E-1 2.74227E-1 3.45681E-1 3.76654E-1 4.28836E-1 4.9516E-1 5.3867E-1 4.46589E-1 3.78042E-1 3.46604E-1 4.27662E-1 4.06206E-1 4.46654E-1 4.9519E-1 3.82136E-1 6.45286E-1 6.57173E-1 5.5845E-1 5.70345E-1 6.28256E-1 4.38005E-1 4.45526E-1 4.51382E-1 4.73029E-1 3.22047E-1 2.30119E-1 1.95721E-1 2.57477E-1 3.26468E-1 3.54039E-1 3.79742E-1 2.50286E-1 2.43838E-1 2.70358E-1 3.15501E-1 3.31164E-1 3.82348E-1 3.73143E-1 3.70267E-1 3.47486E-1 7.59175E-2 7.12083E-2 7.51537E-2 7.61811E-2 1.3882E-1 4.59336E-1 5.06611E-1 5.43214E-1 5.41823E-1 5.92488E-1 6.98225E-1 6.79899E-1 6.45102E-1 6.12042E-1 5.41711E-1
4.75533E-1 4.56429E-1 3.06891E-1 2.73929E-1 2.98249E-1 2.70848E-1 3.06516E-1 2.94894E-1 3.2457E-1 4.65499E-1 4.94902E-1 5.67292E-1 4.6553E-1 4.02198E-1 3.91461E-1 4.72612E-1 4.72569E-1 4.61635E-1 4.81647E-1 4.70319E-1 6.18138E-1 5.80024E-1 5.47876E-1 5.80562E-1 6.39925E-1 4.61558E-1 4.57839E-1 4.83888E-1 5.1578E-1 3.40935E-1 2.34803E-1 2.25862E-1 3.42358E-1 3.31345E-1 3.4124E-1 2.39227E-1 2.42313E-1 2.27196E-1 2.69593E-1 3.26312E-1 3.74719E-1 3.70382E-1 3.74042E-1 3.49806E-1 1.1556E-1 5.68594E-2 5.88649E-2 8.8106E-2 1.04292E-1 1.84319E-1 5.77223E-1 5.91499E-1 4.73822E-1 5.09877E-1 5.60478E-1 6.65941E-1 6.5881E-1 6.46921E-1 6.17644E-1 5.14952E-1
2.69586E-1 2.09199E-1 1.77814E-1 2.1923E-1 2.68176E-1 2.7822E-1 2.88468E-1 3.92778E-1 3.76695E-1 4.48128E-1 4.09118E-1 5.28896E-1 4.52377E-1 4.16723E-1 4.11255E-1 5.04503E-1 5.02081E-1 4.91386E-1 4.93878E-1 4.74202E-1 5.97192E-1 5.49108E-1 5.80096E-1 5.96122E-1 6.47964E-1 4.6716E-1 4.57823E-1 5.13299E-1 4.33527E-1 3.17021E-1 2.1378E-1 2.70632E-1 2.11075E-1 3.19378E-1 2.52977E-1 2.57795E-1 2.12637E-1 2.9839E-1 2.56652E-1 3.05848E-1 3.67253E-1 3.69684E-1 3.54278E-1 2.62255E-1 2.17483E-1 8.90858E-2 8.83103E-2 1.19992E-1 1.3566E-1 2.0866E-1 5.41621E-1 5.23363E-1 4.12762E-1 5.57899E-1 3.02463E-1 5.94164E-1 6.65417E-1 6.42814E-1 6.29051E-1 5.56104E-1
2.08551E-1 2.19008E-1 2.39955E-1 3.56427E-1 3.78112E-1 3.78022E-1 3.67289E-1 5.01313E-1 5.71885E-1 5.3245E-1 7.30371E-1 7.13095E-1 6.49217E-1 6.28734E-1 5.75973E-1 5.67675E-1 5.8775E-1 5.75344E-1 6.21547E-1 5.56145E-1 3.08989E-1 2.9214E-1 3.29717E-1 4.02351E-1 4.08574E-1 4.16398E-1 4.55277E-1 4.25708E-1 3.4561E-1 2.82512E-1 2.28796E-1 4.04791E-1 3.88041E-1 3.40426E-1 2.98173E-1 2.9541E-1 2.94933E-1 2.75069E-1 2.91122E-1 2.99414E-1 2.9927E-1 3.00985E-1 3.14952E-1 1.45296E-1 2.6073E-1 1.66691E-1 1.79255E-1 2.11437E-1 2.34314E-1 2.38389E-1 1.55409E-1 1.74019E-1 1.1305E-1 1.05221E-1 1.42301E-1 4.70459E-1 6.37076E-1 6.27066E-1 6.27226E-1 6.55713E-1
1.92636E-1 2.74772E-1 3.64442E-1 3.83604E-1 3.98E-1 3.40677E-1 4.22903E-1 4.58693E-1 5.57472E-1 4.90981E-1 7.44827E-1 7.03703E-1 6.37194E-1 6.27209E-1 6.23199E-1 5.28583E-1 5.38853E-1 5.50983E-1 5.65112E-1 5.58063E-1 1.73658E-1 3.05469E-1 3.6197E-1 3.70308E-1 3.67965E-1 4.19739E-1 4.22083E-1 3.18061E-1 3.32368E-1 3.19088E-1 2.64285E-1 4.1297E-1 3.87851E-1 4.17472E-1 3.16026E-1 2.89887E-1 2.92481E-1 3.24706E-1 2.88397E-1 2.60733E-1 2.27734E-1 2.59249E-1 2.6628E-1 1.36123E-1 2.94104E-1 1.27697E-1 1.80028E-1 2.26349E-1 1.96059E-1 1.80603E-1 1.62317E-1 1.06557E-1 1.32193E-1 1.04343E-1 1.5811E-1 6.7441E-1 6.06328E-1 6.56285E-1 6.34225E-1 6.5982E-1
