Phytophthora/models/20240429_1921_07/Phytophthora_PA3_RUN4_MAXENT_outputs/Phytophthora_PA3_RUN4.asc
ncols         225
nrows         269
xllcorner     473000.0
yllcorner     4429100.0
cellsize      50.0
NODATA_value  -9999
[rows 162 to 188 of 269, columns 0 to 59 of 225]
-9999 -9999 -9999 -9999 -9999 -9999 -9999 -9999 3.32743E-1 5.43598E-1 5.79882E-1 6.00377E-1 6.46655E-1 6.79739E-1 7.25611E-1 7.43654E-1 7.74519E-1 7.71057E-1 7.47085E-1 6.91443E-1 5.67771E-1 4.94417E-1 4.78434E-1 5.4107E-1 5.8205E-1 5.97846E-1 7.08067E-1 5.47049E-1 6.01757E-1 6.06976E-1 2.77881E-1 4.24704E-1 4.11907E-1 4.07259E-1 4.94977E-1 5.00459E-1 4.81033E-1 5.31529E-1 5.99731E-1 5.4439E-1 5.84733E-1 5.11375E-1 4.48259E-1 4.17411E-1 4.77798E-1 5.26695E-1 5.19792E-1 5.2625E-1 5.23886E-1 4.14155E-1 4.24873E-1 5.01621E-1 5.75709E-1 6.58689E-1 4.63986E-1 4.62556E-1 3.7364E-1 4.7689E-1 5.1365E-1 5.99225E-1
-9999 -9999 -9999 -9999 -9999 -9999 -9999 3.18535E-1 3.38952E-1 2.09955E-1 5.06033E-1 4.77312E-1 5.44531E-1 6.88305E-1 7.32052E-1 7.53934E-1 6.53497E-1 6.65544E-1 7.0241E-1 6.19169E-1 5.55891E-1 5.21065E-1 5.15413E-1 5.48407E-1 5.97217E-1 6.25098E-1 7.18236E-1 6.65043E-1 5.91157E-1 5.32036E-1 6.0159E-1 6.26663E-1 6.23446E-1 6.42974E-1 5.72484E-1 4.44843E-1 5.45471E-1 5.98829E-1 5.68703E-1 5.65023E-1 6.02225E-1 4.95247E-1 4.47779E-1 4.33667E-1 5.0692E-1 5.52506E-1 5.13166E-1 5.0634E-1 4.50493E-1 4.42199E-1 4.56587E-1 4.83423E-1 5.3878E-1 5.8538E-1 5.66476E-1 3.78288E-1 4.44693E-1 4.1965E-1 6.11153E-1 2.6667E-1
-9999 -9999 -9999 -9999 -9999 -9999 -9999 3.12544E-1 3.40845E-1 2.69294E-1 2.59131E-1 4.49793E-1 5.2714E-1 6.12584E-1 7.19151E-1 7.76998E-1 5.61775E-1 7.74487E-1 5.31646E-1 6.2311E-1 5.62117E-1 5.51621E-1 5.34181E-1 5.39278E-1 5.89714E-1 5.99471E-1 7.04763E-1 7.08812E-1 5.92959E-1 4.2759E-1 4.56495E-1 4.45907E-1 4.78546E-1 4.6999E-1 5.34395E-1 6.07517E-1 4.64868E-1 5.99557E-1 6.14005E-1 6.19417E-1 6.3218E-1 4.97657E-1 4.84428E-1 4.70607E-1 5.51806E-1 5.81108E-1 5.25115E-1 4.72803E-1 4.91021E-1 5.05548E-1 4.71807E-1 5.09671E-1 5.94134E-1 6.62693E-1 4.61915E-1 5.12009E-1 4.74287E-1 1.88179E-1 4.29005E-1 3.24632E-1
-9999 -9999 -9999 -9999 -9999 -9999 1.45202E-1 1.20819E-1 1.18577E-1 1.77898E-1 3.08811E-1 4.22374E-1 4.35441E-1 5.7059E-1 6.89304E-1 5.58823E-1 7.275E-1 6.14044E-1 5.24198E-1 6.48652E-1 6.03102E-1 5.82886E-1 5.54305E-1 5.31076E-1 5.80547E-1 5.85577E-1 6.85311E-1 6.81687E-1 5.221E-1 6.61259E-1 3.78535E-1 3.26097E-1 3.25728E-1 2.98276E-1 4.43729E-1 4.95659E-1 5.36135E-1 4.54098E-1 6.21003E-1 5.90578E-1 6.2045E-1 5.2055E-1 5.36937E-1 4.95766E-1 5.62122E-1 4.29618E-1 5.5615E-1 5.08422E-1 4.79381E-1 4.72544E-1 4.79122E-1 5.33347E-1 5.29729E-1 6.31999E-1 4.32845E-1 3.03598E-1 4.15334E-1 3.02284E-1 2.08679E-1 1.52969E-1
-9999 -9999 -9999 -9999 -9999 2.42173E-1 1.93288E-1 1.65807E-1 2.13779E-1 3.55169E-1 4.90307E-1 4.70385E-1 4.85886E-1 5.82924E-1 6.62083E-1 6.63611E-1 5.09992E-1 4.9993E-1 5.17912E-1 4.85329E-1 5.45848E-1 5.37824E-1 5.12896E-1 4.81189E-1 5.04681E-1 4.85196E-1 5.37638E-1 4.77264E-1 5.86178E-1 2.41037E-1 2.86549E-1 3.16404E-1 3.56498E-1 4.28266E-1 4.83088E-1 5.10704E-1 5.16436E-1 5.00739E-1 6.32604E-1 6.56977E-1 6.58953E-1 5.08218E-1 5.6707E-1 5.42826E-1 5.05997E-1 5.76633E-1 5.68805E-1 5.51329E-1 4.97913E-1 4.56588E-1 4.65226E-1 5.46474E-1 4.5485E-1 4.49687E-1 4.05407E-1 3.32097E-1 3.8091E-1 2.22699E-1 2.34622E-1 1.81865E-1
-9999 -9999 -9999 -9999 -9999 2.16064E-1 2.01309E-1 3.0323E-1 3.78496E-1 4.29505E-1 5.52175E-1 5.04553E-1 4.79207E-1 4.08039E-1 5.71166E-1 4.20165E-1 4.57346E-1 4.7737E-1 4.53748E-1 4.27465E-1 5.58462E-1 4.81329E-1 5.18298E-1 4.5899E-1 4.82405E-1 4.29479E-1 4.64785E-1 4.22982E-1 3.63713E-1 3.31908E-1 3.80632E-1 4.15585E-1 4.11689E-1 5.39964E-1 5.66647E-1 5.46655E-1 5.24732E-1 5.72261E-1 6.43587E-1 6.26491E-1 5.97056E-1 5.45833E-1 5.56738E-1 5.57374E-1 5.69029E-1 5.89173E-1 5.67463E-1 5.2504E-1 5.4094E-1 5.49941E-1 5.43444E-1 4.86885E-1 1.62513E-1 2.61739E-1 3.84264E-1 1.44248E-1 2.85762E-1 2.58875E-1 2.67407E-1 2.51017E-1
-9999 -9999 -9999 -9999 -9999 2.4292E-1 3.49388E-1 3.92824E-1 4.3383E-1 4.98987E-1 5.76518E-1 5.50652E-1 5.45958E-1 6.05777E-1 5.15422E-1 4.81532E-1 4.95914E-1 5.20734E-1 4.94125E-1 4.95083E-1 4.20641E-1 4.17307E-1 5.34408E-1 4.03332E-1 5.08893E-1 3.58395E-1 2.50186E-1 4.69823E-1 3.73598E-1 3.95667E-1 4.30972E-1 4.82651E-1 5.49981E-1 6.23973E-1 5.99507E-1 4.74591E-1 6.00876E-1 6.4814E-1 6.26685E-1 5.88235E-1 5.21838E-1 5.28416E-1 5.70905E-1 5.3868E-1 5.43903E-1 5.78804E-1 5.61526E-1 5.40919E-1 4.91275E-1 4.75415E-1 3.78087E-1 3.25902E-1 3.66409E-1 4.26037E-1 3.96592E-1 2.72303E-1 3.83195E-1 4.21315E-1 3.89484E-1 3.24251E-1
-9999 -9999 -9999 -9999 -9999 3.46493E-1 4.06114E-1 4.42247E-1 4.942E-1 5.30997E-1 6.08811E-1 5.88245E-1 4.31519E-1 5.60142E-1 5.37953E-1 5.39144E-1 4.97565E-1 5.12259E-1 4.80724E-1 4.49497E-1 4.22907E-1 4.51384E-1 4.62301E-1 2.89379E-1 3.65483E-1 1.55632E-1 5.04616E-1 3.96632E-1 4.1071E-1 4.717E-1 5.54252E-1 6.29465E-1 6.46564E-1 6.68217E-1 4.66552E-1 5.42452E-1 6.43846E-1 6.13943E-1 6.25614E-1 5.05149E-1 4.60491E-1 4.58456E-1 4.62603E-1 4.88429E-1 5.36579E-1 5.82168E-1 5.3148E-1 4.47911E-1 4.8935E-1 4.35583E-1 3.70509E-1 3.8305E-1 3.57147E-1 3.40086E-1 3.6504E-1 3.56436E-1 3.4732E-1 3.57063E-1 3.80994E-1 3.89009E-1
-9999 -9999 -9999 -9999 9.91957E-2 4.08432E-1 4.56133E-1 4.72659E-1 5.1522E-1 5.63176E-1 6.52445E-1 6.29116E-1 3.78932E-1 6.10892E-1 5.9966E-1 5.66286E-1 4.72894E-1 4.47339E-1 4.94136E-1 4.51816E-1 4.09787E-1 3.80703E-1 3.62744E-1 3.58747E-1 1.92242E-1 2.55577E-1 3.54443E-1 3.89385E-1 4.43185E-1 4.87918E-1 5.6825E-1 6.19454E-1 5.31973E-1 5.01618E-1 5.22898E-1 6.44613E-1 6.12746E-1 6.07371E-1 5.47824E-1 4.4813E-1 4.18394E-1 3.98936E-1 4.0206E-1 4.22352E-1 5.00945E-1 6.36253E-1 5.33059E-1 4.73356E-1 4.49619E-1 4.18281E-1 3.77499E-1 4.41691E-1 4.21091E-1 4.13247E-1 5.30798E-1 2.00493E-1 2.39198E-1 2.64028E-1 3.25137E-1 3.11636E-1
-9999 -9999 -9999 -9999 6.29513E-2 2.0086E-1 2.01172E-1 2.11372E-1 2.49591E-1 2.68891E-1 1.94247E-1 2.27285E-1 2.70007E-1 2.87853E-1 2.67865E-1 3.09099E-1 2.1611E-1 1.95929E-1 1.00673E-1 1.97351E-1 1.13814E-1 1.39571E-1 1.34284E-1 1.49382E-1 1.54524E-1 2.74269E-1 3.86233E-1 4.71064E-1 5.1797E-1 5.11243E-1 5.15047E-1 3.52206E-1 5.96585E-1 6.56976E-1 7.31451E-1 7.27506E-1 7.23919E-1 7.21204E-1 6.30057E-1 5.52479E-1 5.40695E-1 5.27467E-1 5.36654E-1 5.55807E-1 5.65464E-1 6.62735E-1 5.57983E-1 5.01869E-1 5.15381E-1 4.86895E-1 5.2051E-1 5.81099E-1 5.67867E-1 6.02054E-1 5.01543E-1 5.88297E-1 5.31806E-1 5.38523E-1 5.71761E-1 5.91006E-1
-9999 -9999 -9999 -9999 1.22596E-1 1.93282E-1 1.79168E-1 2.1929E-1 2.41486E-1 2.51185E-1 2.66782E-1 3.3291E-1 3.3215E-1 2.26816E-1 2.2711E-1 1.31743E-1 2.19656E-1 1.4436E-1 1.97705E-1 9.99387E-2 9.79507E-2 1.05641E-1 1.13993E-1 1.4091E-1 1.3946E-1 2.78223E-1 3.23791E-1 2.9883E-1 3.28266E-1 4.59324E-1 5.38624E-1 6.07365E-1 6.19452E-1 7.23909E-1 7.17503E-1 7.21353E-1 7.21294E-1 6.46712E-1 5.77551E-1 5.11902E-1 5.30667E-1 5.20156E-1 5.15169E-1 5.65569E-1 5.62427E-1 6.35136E-1 5.67629E-1 4.99841E-1 5.13932E-1 5.41344E-1 5.62223E-1 4.84795E-1 3.27926E-1 3.08977E-1 3.18642E-1 4.5468E-1 6.01241E-1 5.74138E-1 4.47283E-1 3.71137E-1
-9999 -9999 -9999 -9999 8.78381E-2 1.55534E-1 1.73149E-1 2.07101E-1 2.23871E-1 2.30278E-1 2.17022E-1 2.67383E-1 2.39439E-1 2.0958E-1 1.04422E-1 9.21613E-2 1.94828E-1 1.35751E-1 8.40985E-2 9.73258E-2 1.10809E-1 1.25952E-1 1.438E-1 1.76977E-1 1.86796E-1 2.66911E-1 2.92495E-1 3.86157E-1 4.67667E-1 5.03905E-1 5.4865E-1 6.08272E-1 7.03356E-1 6.97623E-1 6.98461E-1 7.09411E-1 7.00926E-1 6.01629E-1 5.60586E-1 5.07042E-1 5.51325E-1 5.26089E-1 4.91803E-1 5.39018E-1 5.54476E-1 5.95899E-1 6.15495E-1 5.34481E-1 5.42401E-1 6.21506E-1 2.76062E-1 5.51522E-1 3.75485E-1 3.59081E-1 3.14508E-1 2.90323E-1 3.81476E-1 5.77331E-1 5.24271E-1 4.43022E-1
-9999 -9999 -9999 -9999 7.59431E-2 9.52905E-2 1.37932E-1 2.26329E-1 2.43776E-1 2.34284E-1 2.23264E-1 2.51435E-1 1.4529E-1 2.69211E-1 1.18393E-1 9.78776E-2 1.63912E-1 9.97051E-2 9.94543E-2 1.19549E-1 1.6545E-1 1.58842E-1 1.6175E-1 2.23518E-1 2.35182E-1 4.22273E-1 3.77019E-1 4.78426E-1 5.03002E-1 5.49975E-1 5.1785E-1 5.84778E-1 6.79399E-1 6.83279E-1 6.81281E-1 6.97605E-1 6.35771E-1 5.91703E-1 6.25983E-1 5.45372E-1 5.91536E-1 5.89623E-1 5.36203E-1 5.66207E-1 6.17864E-1 5.76155E-1 6.3688E-1 6.42976E-1 5.36488E-1 5.58837E-1 4.03588E-1 3.57748E-1 3.72048E-1 3.89115E-1 3.34707E-1 3.27015E-1 1.81951E-1 3.295E-1 3.60268E-1 4.15525E-1
-9999 -9999 -9999 6.38412E-2 5.43587E-2 8.67437E-2 1.26091E-1 1.93963E-1 2.38434E-1 2.62985E-1 2.33279E-1 2.717E-1 3.51958E-1 1.2062E-1 1.17585E-1 1.57429E-1 1.39326E-1 1.39664E-1 1.57348E-1 1.79832E-1 3.09145E-1 3.33693E-1 3.54372E-1 3.04467E-1 3.96334E-1 4.17884E-1 5.88166E-1 5.91588E-1 5.54951E-1 5.39867E-1 4.65781E-1 4.98358E-1 6.66928E-1 6.59858E-1 6.51331E-1 6.7902E-1 6.4146E-1 6.44813E-1 6.99513E-1 5.94553E-1 6.22842E-1 6.50311E-1 6.01801E-1 6.03454E-1 6.62597E-1 6.27792E-1 6.53483E-1 4.25343E-1 3.66867E-1 4.41152E-1 4.33171E-1 4.19011E-1 4.24109E-1 4.08666E-1 3.044E-1 3.03446E-1 3.05782E-1 2.44427E-1 3.04717E-1 3.77653E-1
1.52611E-2 2.07806E-2 3.65155E-2 6.84703E-2 9.75512E-2 1.90178E-1 2.2471E-1 2.68482E-1 1.98871E-1 2.54897E-1 2.73682E-1 1.73931E-1 1.4284E-1 1.93015E-1 2.24816E-1 3.02553E-1 2.69038E-1 3.40533E-1 3.29025E-1 3.11475E-1 5.75994E-1 5.78007E-1 5.93434E-1 3.97424E-1 5.75612E-1 5.91027E-1 7.45028E-1 7.25005E-1 6.99432E-1 6.1528E-1 5.04827E-1 5.00682E-1 6.42381E-1 6.81189E-1 6.84786E-1 7.98635E-1 7.77616E-1 7.84875E-1 8.19902E-1 7.59057E-1 6.68684E-1 6.99662E-1 6.68228E-1 6.56019E-1 3.8911E-1 6.16869E-1 4.61137E-1 2.4134E-1 2.48646E-1 2.90046E-1 2.63567E-1 3.00742E-1 3.57164E-1 3.32237E-1 3.22723E-1 4.1208E-1 3.91699E-1 5.24716E-1 3.87616E-1 5.29509E-1
-9999 2.83147E-2 3.93586E-2 5.83918E-2 8.24757E-2 2.11673E-1 2.3321E-1 2.37677E-1 2.58584E-1 2.38551E-1 3.00933E-1 7.82655E-2 2.26093E-1 2.6429E-1 3.06752E-1 4.40286E-1 4.15172E-1 4.10882E-1 3.46083E-1 4.0917E-1 6.2234E-1 6.37195E-1 6.3303E-1 5.90687E-1 6.47128E-1 6.40029E-1 7.15896E-1 7.74873E-1 7.1282E-1 6.14086E-1 5.16186E-1 4.72626E-1 5.15629E-1 6.63332E-1 6.86787E-1 8.10152E-1 8.2154E-1 8.16238E-1 8.35724E-1 7.91191E-1 7.075E-1 7.24438E-1 6.42816E-1 7.68906E-1 4.05139E-1 2.83391E-1 2.63428E-1 2.39204E-1 2.09816E-1 2.7245E-1 2.61739E-1 2.74943E-1 3.46225E-1 4.40186E-1 4.64575E-1 5.34543E-1 4.92694E-1 5.71291E-1 6.88816E-1 5.884E-1
-9999 -9999 6.54009E-2 7.56567E-2 1.12092E-1 1.98769E-1 2.43996E-1 2.3675E-1 2.52329E-1 3.18632E-1 3.28353E-1 4.11052E-1 3.13017E-1 3.14489E-1 3.23913E-1 3.8052E-1 3.48686E-1 3.55023E-1 2.85986E-1 3.01013E-1 4.02813E-1 4.40393E-1 4.52743E-1 4.4903E-1 3.53413E-1 6.05516E-1 7.7108E-1 8.17652E-1 7.59036E-1 6.97729E-1 5.87703E-1 5.17785E-1 4.7558E-1 6.32481E-1 7.0252E-1 8.1223E-1 8.37669E-1 8.4091E-1 8.52757E-1 8.18725E-1 7.66049E-1 5.81387E-1 6.83435E-1 5.15163E-1 4.03417E-1 3.07741E-1 3.2703E-1 3.26468E-1 3.83515E-1 3.82554E-1 2.85408E-1 3.56367E-1 4.01567E-1 4.62015E-1 4.64523E-1 6.2375E-1 5.81716E-1 5.46003E-1 6.43393E-1 5.52364E-1
-9999 -9999 -9999 1.17322E-1 1.42357E-1 2.09061E-1 2.8191E-1 2.62591E-1 2.48092E-1 2.76312E-1 3.05948E-1 3.70392E-1 3.26482E-1 2.98952E-1 2.86955E-1 3.18855E-1 2.04667E-1 2.21964E-1 2.23647E-1 1.67687E-1 3.48528E-1 2.85366E-1 1.52743E-1 2.55388E-1 5.50328E-1 5.77427E-1 6.20985E-1 7.81664E-1 7.98716E-1 7.77183E-1 6.4605E-1 5.78886E-1 4.99658E-1 5.93245E-1 7.21096E-1 8.06634E-1 8.31704E-1 8.59214E-1 8.70046E-1 6.79938E-1 7.18209E-1 6.15775E-1 5.17209E-1 5.38568E-1 5.22941E-1 4.36743E-1 3.75705E-1 3.24304E-1 4.21901E-1 5.22889E-1 3.54691E-1 5.21423E-1 5.03566E-1 4.91009E-1 4.22647E-1 6.51673E-1 6.08008E-1 5.63761E-1 5.23776E-1 5.4897E-1
-9999 -9999 -9999 -9999 1.63993E-1 2.40767E-1 2.95771E-1 3.16233E-1 2.84266E-1 2.8285E-1 2.47075E-1 2.76588E-1 2.53213E-1 2.21546E-1 2.19162E-1 2.66401E-1 2.75755E-1 2.95008E-1 2.00453E-1 2.36938E-1 3.67026E-1 4.02319E-1 3.61751E-1 4.18336E-1 5.82317E-1 6.40921E-1 6.28058E-1 7.3555E-1 8.055E-1 7.7103E-1 7.0768E-1 6.91665E-1 5.57866E-1 5.82157E-1 7.13047E-1 8.13215E-1 8.24374E-1 8.58021E-1 8.57596E-1 8.32739E-1 5.86791E-1 4.86321E-1 4.37638E-1 4.86253E-1 4.84089E-1 3.3585E-1 2.8213E-1 3.6731E-1 4.84289E-1 5.13839E-1 5.54908E-1 5.47554E-1 5.08368E-1 5.07362E-1 4.91499E-1 6.81882E-1 6.53432E-1 6.43806E-1 6.36088E-1 5.62406E-1
-9999 -9999 -9999 -9999 3.48584E-1 3.40555E-1 3.41953E-1 2.43654E-1 4.01447E-1 3.69576E-1 1.21053E-1 2.2061E-1 2.16388E-1 2.20597E-1 2.78188E-1 6.4553E-1 6.24795E-1 6.04391E-1 5.42468E-1 5.99647E-1 7.32001E-1 5.78664E-1 6.06181E-1 5.34742E-1 6.55646E-1 6.8234E-1 7.33182E-1 7.64737E-1 7.51127E-1 7.57331E-1 7.41722E-1 7.06915E-1 7.0107E-1 6.38444E-1 7.11872E-1 6.60337E-1 6.55135E-1 6.97853E-1 6.28023E-1 6.8851E-1 5.66005E-1 4.85673E-1 4.31483E-1 4.33983E-1 4.47482E-1 4.8871E-1 3.10568E-1 3.26882E-1 6.49975E-1 7.74906E-1 7.26328E-1 6.73359E-1 6.49176E-1 6.33865E-1 6.18377E-1 6.37469E-1 6.33795E-1 7.01878E-1 5.03665E-1 4.55948E-1
-9999 -9999 -9999 -9999 -9999 -9999 3.31832E-1 2.87052E-1 3.34707E-1 3.91977E-1 2.53803E-1 1.80351E-1 2.05738E-1 2.56885E-1 2.83136E-1 6.60346E-1 6.55079E-1 6.10707E-1 5.27333E-1 4.73374E-1 6.79352E-1 6.49377E-1 4.07257E-1 3.62688E-1 6.7086E-1 6.31853E-1 6.9241E-1 6.84609E-1 6.5335E-1 6.89511E-1 6.78447E-1 7.04856E-1 6.94513E-1 7.38616E-1 7.46937E-1 6.55919E-1 6.66992E-1 6.94003E-1 7.09884E-1 7.06722E-1 5.23565E-1 3.64962E-1 3.47229E-1 3.70444E-1 4.26907E-1 4.73255E-1 4.39712E-1 5.4858E-1 6.32856E-1 6.0914E-1 3.39463E-1 5.03805E-1 6.34339E-1 6.47891E-1 6.07888E-1 5.84768E-1 6.78012E-1 5.24303E-1 5.15874E-1 5.02842E-1
-9999 -9999 -9999 -9999 -9999 -9999 -9999 -9999 -9999 2.47332E-1 1.74583E-1 1.71728E-1 2.37754E-1 2.98009E-1 2.84169E-1 6.64191E-1 6.24307E-1 5.57473E-1 3.85342E-1 2.62403E-1 3.95102E-1 4.5329E-1 3.80849E-1 4.61218E-1 5.37696E-1 5.76936E-1 6.20306E-1 6.48552E-1 6.4175E-1 6.45275E-1 6.13012E-1 6.81946E-1 7.30188E-1 7.38922E-1 7.46978E-1 6.46006E-1 6.83555E-1 3.80724E-1 6.66639E-1 5.73834E-1 4.75276E-1 4.04892E-1 3.75078E-1 3.48926E-1 4.13231E-1 5.21572E-1 4.81253E-1 5.3535E-1 6.36813E-1 6.32788E-1 6.35562E-1 5.71793E-1 6.43682E-1 6.74039E-1 6.30161E-1 5.36928E-1 2.96739E-1 3.28627E-1 3.71527E-1 5.00391E-1
-9999 -9999 -9999 -9999 -9999 -9999 -9999 -9999 -9999 -9999 1.86864E-1 1.34491E-1 2.53008E-1 2.00547E-1 3.00772E-1 6.80973E-1 6.02965E-1 6.01844E-1 4.92922E-1 4.97843E-1 4.82166E-1 4.63323E-1 3.4813E-1 4.38806E-1 5.11186E-1 5.85958E-1 5.86115E-1 6.37252E-1 6.51349E-1 6.44058E-1 5.87944E-1 6.32195E-1 6.96644E-1 7.73141E-1 7.58474E-1 6.98642E-1 6.93402E-1 6.65216E-1 5.97636E-1 5.08561E-1 4.27146E-1 4.55423E-1 4.43145E-1 3.313E-1 3.37888E-1 4.70639E-1 4.48271E-1 5.90776E-1 5.86461E-1 5.6277E-1 5.84407E-1 5.72395E-1 6.64651E-1 6.97441E-1 6.39265E-1 5.81611E-1 4.24821E-1 4.29958E-1 4.36206E-1 5.22797E-1
-9999 -9999 -9999 -9999 -9999 -9999 -9999 -9999 -9999 -9999 -9999 -9999 -9999 2.53602E-1 3.23112E-1 6.75185E-1 6.87268E-1 5.63432E-1 5.77374E-1 5.98226E-1 5.66922E-1 5.56831E-1 4.75938E-1 3.92727E-1 7.00269E-1 6.07317E-1 6.4509E-1 6.75471E-1 6.63485E-1 6.44961E-1 5.93419E-1 6.22922E-1 6.21938E-1 6.84303E-1 7.76565E-1 7.10644E-1 6.48305E-1 6.20578E-1 6.11478E-1 3.92906E-1 3.88247E-1 4.24621E-1 4.74805E-1 3.52837E-1 3.46679E-1 5.21177E-1 5.15094E-1 6.20015E-1 6.03959E-1 5.95291E-1 6.26747E-1 6.50671E-1 7.25891E-1 7.24411E-1 6.99821E-1 5.34719E-1 4.59738E-1 4.6775E-1 4.22522E-1 3.96833E-1
-9999 -9999 -9999 -9999 -9999 -9999 -9999 -9999 -9999 -9999 -9999 -9999 -9999 -9999 4.33968E-1 7.49476E-1 6.66006E-1 7.39103E-1 7.3381E-1 6.20534E-1 3.81162E-1 3.43175E-1 4.66333E-1 5.25173E-1 5.84809E-1 5.40289E-1 5.62611E-1 6.12043E-1 6.39299E-1 6.97313E-1 7.48422E-1 7.04297E-1 6.75536E-1 8.13741E-1 7.9083E-1 3.68863E-1 3.16936E-1 6.68059E-1 3.77497E-1 4.37436E-1 3.89572E-1 3.50856E-1 3.78443E-1 3.35528E-1 3.85613E-1 6.17798E-1 6.66953E-1 7.26729E-1 6.97984E-1 6.76575E-1 6.46122E-1 7.21949E-1 6.86625E-1 5.6411E-1 5.11632E-1 5.33466E-1 5.08207E-1 5.2019E-1 4.375E-1 3.55955E-1
-9999 -9999 -9999 -9999 -9999 -9999 -9999 -9999 -9999 -9999 -9999 -9999 -9999 -9999 -9999 7.61628E-1 6.30233E-1 7.35867E-1 7.5409E-1 6.92342E-1 4.29996E-1 5.0701E-1 5.20599E-1 4.05115E-1 5.25777E-1 5.67247E-1 5.94464E-1 6.32396E-1 6.6911E-1 7.14275E-1 7.54655E-1 7.78947E-1 7.88261E-1 7.44544E-1 7.26013E-1 3.70274E-1 3.69442E-1 3.5238E-1 4.30012E-1 5.04771E-1 4.18492E-1 4.37256E-1 4.389E-1 4.49829E-1 4.8779E-1 7.15463E-1 6.06947E-1 7.31616E-1 7.15027E-1 6.84433E-1 6.66201E-1 6.96753E-1 5.63714E-1 5.57424E-1 5.46503E-1 5.35523E-1 4.74704E-1 4.62754E-1 3.26293E-1 3.71063E-1
-9999 -9999 -9999 -9999 -9999 -9999 -9999 -9999 -9999 -9999 -9999 -9999 -9999 -9999 -9999 7.44215E-1 6.57776E-1 7.31588E-1 7.45119E-1 6.36656E-1 5.49525E-1 5.3188E-1 5.31604E-1 5.18153E-1 5.1508E-1 6.0792E-1 6.48946E-1 6.61358E-1 6.52967E-1 6.47411E-1 7.49019E-1 7.78784E-1 7.92527E-1 8.17843E-1 7.5697E-1 5.96726E-1 4.05999E-1 6.07278E-1 5.90684E-1 6.13001E-1 5.29886E-1 5.11744E-1 4.89948E-1 4.55023E-1 4.22996E-1 6.60094E-1 7.26934E-1 7.56864E-1 7.35779E-1 6.69191E-1 7.34609E-1 6.92764E-1 6.07727E-1 6.08749E-1 5.23052E-1 5.04843E-1 4.65158E-1 3.70263E-1 5.50712E-1 5.93427E-1
