Phytophthora/models/20240429_1812_56/Phytophthora_PA1_RUN2_MAXENT_outputs/Phytophthora_PA1_RUN2.asc
ncols         225
nrows         269
xllcorner     473000.0
yllcorner     4429100.0
cellsize      50.0
NODATA_value  -9999
[rows 135 to 161 of 269, columns 0 to 59 of 225]
-9999 -9999 -9999 -9999 -9999 -9999 -9999 -9999 -9999 -9999 3.44627E-1 4.22479E-1 3.68039E-1 4.01901E-1 4.053E-1 4.40179E-1 4.84438E-1 4.12436E-1 3.48724E-1 4.72416E-1 4.52705E-1 5.12657E-1 5.37232E-1 4.90532E-1 4.45162E-1 3.55363E-1 3.59006E-1 3.72069E-1 3.5504E-1 1.64076E-1 1.95582E-1 4.30254E-1 3.60846E-1 1.92094E-1 2.22771E-1 1.4026E-1 2.23791E-1 2.88398E-1 3.15415E-1 3.6991E-1 4.27111E-1 4.0874E-1 3.8671E-1 3.96705E-1 4.34946E-1 3.61367E-1 3.60655E-1 3.28837E-1 3.01321E-1 1.67237E-1 4.60576E-1 4.66861E-1 3.56984E-1 2.62721E-1 2.26916E-1 2.39673E-1 2.13625E-1 2.12838E-1 3.06968E-1 3.63676E-1
-9999 -9999 -9999 -9999 -9999 -9999 -9999 -9999 -9999 -9999 2.9471E-1 5.8149E-1 3.84127E-1 5.15677E-1 4.56105E-1 4.90161E-1 3.86524E-1 4.42494E-1 5.17644E-1 5.11703E-1 5.2911E-1 6.2612E-1 6.15149E-1 5.36329E-1 4.54413E-1 3.0969E-1 2.98695E-1 2.87633E-1 3.06498E-1 3.32952E-1 3.61233E-1 2.65058E-1 -9999 -9999 1.83453E-1 1.98816E-1 2.22417E-1 2.46953E-1 3.13033E-1 2.41883E-1 4.26322E-1 4.14279E-1 4.46165E-1 5.5748E-1 4.98456E-1 3.85816E-1 3.60949E-1 2.76995E-1 1.41704E-1 3.06851E-1 5.20394E-1 4.13018E-1 4.20348E-1 3.51421E-1 2.96772E-1 2.44509E-1 2.1566E-1 2.28567E-1 2.71443E-1 2.33154E-1
-9999 -9999 -9999 -9999 -9999 -9999 -9999 -9999 -9999 -9999 4.95605E-1 4.77512E-1 4.65992E-1 4.57758E-1 4.32382E-1 4.44138E-1 4.54696E-1 3.34761E-1 5.13741E-1 5.32646E-1 6.62916E-1 7.08318E-1 6.5126E-1 5.50822E-1 4.84728E-1 3.16371E-1 2.87934E-1 2.87684E-1 3.03355E-1 3.27678E-1 3.16272E-1 3.72653E-1 -9999 2.77673E-1 2.41409E-1 2.50448E-1 2.79205E-1 3.09129E-1 3.67305E-1 2.04461E-1 4.31639E-1 4.34085E-1 5.74063E-1 3.84223E-1 5.06318E-1 2.62977E-1 1.60317E-1 1.26451E-1 2.63166E-1 2.75568E-1 5.28754E-1 4.17819E-1 4.34572E-1 3.7531E-1 3.10158E-1 2.56174E-1 2.37112E-1 2.43956E-1 2.75585E-1 4.37562E-1
-9999 -9999 -9999 -9999 -9999 -9999 -9999 -9999 -9999 -9999 3.391E-1 3.56291E-1 3.82744E-1 4.2291E-1 4.17262E-1 4.58978E-1 3.86253E-1 5.54176E-1 2.99888E-1 5.45025E-1 5.56885E-1 6.82002E-1 3.8046E-1 5.83146E-1 5.37811E-1 3.74537E-1 3.38649E-1 3.33917E-1 3.55693E-1 3.74975E-1 3.52142E-1 3.26584E-1 3.73158E-1 3.29753E-1 2.81612E-1 3.08554E-1 3.49245E-1 2.56018E-1 3.97286E-1 4.13002E-1 3.71748E-1 5.82511E-1 4.51785E-1 4.35279E-1 3.17117E-1 2.51637E-1 2.5199E-1 2.38617E-1 2.43221E-1 2.61113E-1 5.30807E-1 5.40513E-1 4.06914E-1 3.8354E-1 3.30207E-1 2.86224E-1 2.57252E-1 2.58851E-1 2.95452E-1 3.49551E-1
-9999 -9999 -9999 -9999 -9999 -9999 -9999 -9999 -9999 -9999 3.03106E-1 3.38465E-1 3.71103E-1 4.0327E-1 4.30449E-1 4.62946E-1 2.9565E-1 5.68218E-1 4.96054E-1 5.00083E-1 5.42524E-1 5.77185E-1 5.75463E-1 6.06909E-1 5.72176E-1 3.06158E-1 3.96107E-1 3.75627E-1 1.80367E-1 3.29292E-1 2.00409E-1 3.60627E-1 3.58222E-1 4.06916E-1 3.37993E-1 3.58373E-1 2.37726E-1 3.92592E-1 4.30481E-1 3.46587E-1 4.13262E-1 5.63026E-1 5.57602E-1 3.68778E-1 2.85151E-1 2.19821E-1 2.21676E-1 2.08036E-1 2.12964E-1 2.60103E-1 5.01393E-1 4.71277E-1 4.67548E-1 4.16871E-1 3.71583E-1 3.11999E-1 2.82239E-1 2.82222E-1 3.27089E-1 3.66979E-1
-9999 -9999 -9999 -9999 -9999 -9999 -9999 -9999 -9999 -9999 2.68865E-1 3.08445E-1 3.53199E-1 3.83776E-1 4.13517E-1 4.35128E-1 4.84612E-1 5.16489E-1 3.10248E-1 5.43247E-1 6.15382E-1 5.95746E-1 5.61171E-1 5.59224E-1 4.99142E-1 3.7515E-1 4.05399E-1 4.20116E-1 3.99652E-1 3.71821E-1 3.62897E-1 2.75752E-1 2.87555E-1 2.6173E-1 3.94161E-1 3.61998E-1 3.70315E-1 3.84145E-1 2.8048E-1 3.98033E-1 4.47903E-1 4.93653E-1 4.31344E-1 2.85134E-1 2.3032E-1 1.86374E-1 1.90317E-1 1.76152E-1 1.83807E-1 2.49228E-1 4.7323E-1 5.27668E-1 4.47372E-1 3.30402E-1 3.84878E-1 3.14727E-1 2.75411E-1 2.93212E-1 3.44912E-1 3.82037E-1
-9999 -9999 -9999 -9999 -9999 -9999 -9999 -9999 -9999 -9999 2.87386E-1 2.99616E-1 3.4947E-1 3.76639E-1 3.89694E-1 4.01065E-1 4.36323E-1 4.56876E-1 5.58717E-1 6.41401E-1 6.73838E-1 6.55745E-1 5.71846E-1 5.21901E-1 4.88853E-1 4.75842E-1 4.91177E-1 4.93055E-1 4.22623E-1 3.8534E-1 3.10082E-1 3.28383E-1 3.39339E-1 3.60638E-1 2.76595E-1 4.41316E-1 4.17203E-1 4.4822E-1 5.28904E-1 4.19411E-1 4.89297E-1 4.41665E-1 2.94488E-1 2.51569E-1 2.43116E-1 2.35813E-1 2.27089E-1 2.19907E-1 2.44506E-1 3.36542E-1 5.11914E-1 5.64723E-1 4.67966E-1 4.81522E-1 4.45889E-1 3.15689E-1 2.82445E-1 2.93715E-1 3.36436E-1 3.95444E-1
-9999 -9999 -9999 -9999 -9999 -9999 -9999 -9999 -9999 -9999 2.4975E-1 2.79711E-1 3.48617E-1 3.57841E-1 3.71289E-1 3.83274E-1 3.99984E-1 4.24345E-1 3.16467E-1 6.3166E-1 6.62396E-1 3.90548E-1 5.45337E-1 5.4517E-1 5.25862E-1 4.88233E-1 4.495E-1 4.09917E-1 3.7588E-1 3.40246E-1 2.6846E-1 2.82941E-1 2.94165E-1 3.26761E-1 4.31769E-1 4.55642E-1 4.3862E-1 3.26636E-1 5.06806E-1 5.01671E-1 4.26742E-1 4.01535E-1 2.59984E-1 2.41416E-1 2.25856E-1 2.08977E-1 1.99267E-1 1.97323E-1 2.30074E-1 4.21598E-1 4.61439E-1 5.23414E-1 3.96945E-1 4.45384E-1 4.0453E-1 2.93866E-1 2.66626E-1 3.07003E-1 3.17387E-1 3.61687E-1
-9999 -9999 -9999 -9999 -9999 -9999 -9999 -9999 -9999 7.65177E-2 2.15341E-1 2.65486E-1 3.01845E-1 2.94706E-1 3.29384E-1 3.48603E-1 3.68267E-1 3.39018E-1 4.75118E-1 5.72602E-1 6.08006E-1 5.90111E-1 5.89127E-1 5.60985E-1 6.037E-1 5.61122E-1 4.46447E-1 3.77871E-1 3.44045E-1 2.93521E-1 2.39985E-1 2.44025E-1 2.62635E-1 3.16979E-1 4.43474E-1 3.11515E-1 4.23499E-1 4.1693E-1 4.80614E-1 4.55598E-1 3.78001E-1 3.90064E-1 2.91681E-1 2.70902E-1 2.45249E-1 2.4605E-1 2.49016E-1 2.4829E-1 3.27422E-1 3.72381E-1 4.29096E-1 3.93327E-1 4.25149E-1 4.28726E-1 3.64162E-1 2.73752E-1 2.65094E-1 2.98686E-1 3.3394E-1 3.72322E-1
-9999 -9999 -9999 -9999 -9999 -9999 -9999 -9999 -9999 6.25454E-2 1.98893E-1 2.45559E-1 2.70229E-1 2.67704E-1 2.9188E-1 3.30921E-1 3.34012E-1 2.27246E-1 5.33827E-1 5.31162E-1 5.53033E-1 5.76892E-1 6.00042E-1 6.51818E-1 6.59433E-1 5.23384E-1 4.13894E-1 3.84446E-1 3.57389E-1 2.97118E-1 2.10001E-1 2.09146E-1 2.45612E-1 3.22403E-1 3.95796E-1 3.93395E-1 3.76257E-1 4.0561E-1 4.72738E-1 4.04207E-1 3.61375E-1 3.2642E-1 3.05037E-1 2.85388E-1 2.84517E-1 2.96271E-1 3.2411E-1 3.68151E-1 3.53195E-1 3.54758E-1 4.18894E-1 3.33511E-1 4.1398E-1 3.97403E-1 3.44033E-1 2.6878E-1 2.7761E-1 2.98604E-1 3.34313E-1 3.76917E-1
-9999 -9999 -9999 -9999 -9999 -9999 -9999 -9999 -9999 5.58984E-2 1.78849E-1 2.08471E-1 2.24289E-1 2.30137E-1 2.58884E-1 3.01604E-1 3.17925E-1 4.22798E-1 5.1613E-1 4.96624E-1 5.19071E-1 5.23524E-1 5.14751E-1 5.21477E-1 4.93428E-1 3.34931E-1 4.1497E-1 3.99106E-1 3.90194E-1 3.33016E-1 2.66872E-1 2.20281E-1 2.72025E-1 3.31349E-1 3.58528E-1 3.84014E-1 2.89978E-1 4.14907E-1 4.39648E-1 3.56474E-1 3.61808E-1 3.59271E-1 3.31243E-1 3.15438E-1 3.56913E-1 3.86666E-1 4.6529E-1 4.12842E-1 3.90213E-1 4.20249E-1 3.83072E-1 3.70773E-1 4.98053E-1 5.52E-1 4.14249E-1 3.14024E-1 2.95712E-1 3.0195E-1 3.38793E-1 3.84701E-1
-9999 -9999 -9999 -9999 -9999 -9999 -9999 -9999 1.16313E-1 1.36507E-1 1.62856E-1 1.73636E-1 2.2599E-1 2.74513E-1 2.66717E-1 2.15714E-1 1.78975E-1 4.44477E-1 3.91796E-1 3.97017E-1 4.05094E-1 4.036E-1 3.73496E-1 3.63179E-1 3.80105E-1 4.13334E-1 2.39955E-1 4.3317E-1 4.27945E-1 3.85671E-1 3.81195E-1 2.98257E-1 3.72647E-1 3.64121E-1 3.61921E-1 3.12424E-1 3.83319E-1 4.54895E-1 3.89981E-1 3.37251E-1 3.83531E-1 3.58575E-1 3.19348E-1 3.87274E-1 5.07858E-1 5.7446E-1 5.27768E-1 5.01265E-1 5.07215E-1 4.67634E-1 4.392E-1 5.06775E-1 5.73218E-1 5.97495E-1 4.70821E-1 4.16784E-1 3.971E-1 3.64341E-1 3.95972E-1 4.39415E-1
-9999 -9999 -9999 -9999 -9999 -9999 -9999 -9999 1.21862E-1 1.24214E-1 1.59736E-1 1.35547E-1 1.68896E-1 2.49535E-1 2.15474E-1 1.73829E-1 2.79924E-1 3.84793E-1 3.99572E-1 4.13588E-1 4.29414E-1 4.43238E-1 4.48151E-1 4.70824E-1 4.66605E-1 4.37007E-1 4.24729E-1 3.18271E-1 4.44053E-1 4.12657E-1 4.33557E-1 4.23418E-1 4.3384E-1 3.81148E-1 3.79369E-1 4.36984E-1 4.05471E-1 4.17777E-1 3.3853E-1 3.0658E-1 3.54469E-1 2.91186E-1 3.14565E-1 4.14143E-1 5.71094E-1 5.39961E-1 5.35863E-1 5.38369E-1 4.62603E-1 4.78963E-1 4.45305E-1 5.92115E-1 6.25768E-1 5.5161E-1 4.82448E-1 4.46194E-1 4.14716E-1 3.89612E-1 3.85168E-1 4.13679E-1
-9999 -9999 -9999 -9999 -9999 -9999 -9999 -9999 1.2734E-1 1.4717E-1 1.30323E-1 2.19712E-1 1.4459E-1 1.3863E-1 1.47674E-1 1.66974E-1 1.7209E-1 3.58487E-1 4.61164E-1 4.62671E-1 4.57225E-1 4.99197E-1 5.1528E-1 5.01001E-1 4.77411E-1 4.45457E-1 2.4221E-1 4.42148E-1 3.16466E-1 4.49867E-1 4.96928E-1 4.78621E-1 4.17554E-1 2.07743E-1 4.21857E-1 4.83924E-1 4.3077E-1 4.13453E-1 3.44498E-1 3.42488E-1 2.91511E-1 3.10392E-1 3.88518E-1 5.65285E-1 5.55562E-1 5.55359E-1 5.96873E-1 4.80578E-1 5.00725E-1 5.79487E-1 6.24939E-1 6.21586E-1 6.54624E-1 3.81361E-1 4.27061E-1 4.64133E-1 4.45371E-1 4.03539E-1 3.66966E-1 3.75322E-1
-9999 -9999 -9999 -9999 -9999 -9999 -9999 1.83104E-1 1.56656E-1 2.57043E-1 2.35295E-1 1.7455E-1 1.83052E-1 1.8835E-1 1.72803E-1 1.58228E-1 2.25529E-1 3.90307E-1 3.92534E-1 4.56781E-1 4.57132E-1 4.70078E-1 4.37481E-1 4.11138E-1 4.22297E-1 4.11833E-1 4.33635E-1 4.66935E-1 4.44516E-1 2.62993E-1 5.24658E-1 5.31745E-1 3.54836E-1 4.28615E-1 4.78393E-1 4.96574E-1 4.57678E-1 3.93448E-1 3.37761E-1 3.69739E-1 3.24629E-1 4.7231E-1 5.22105E-1 5.19072E-1 5.46105E-1 6.01663E-1 5.78991E-1 5.07781E-1 6.01196E-1 6.28125E-1 6.55528E-1 6.60197E-1 6.47987E-1 4.94898E-1 4.85474E-1 4.60986E-1 4.32318E-1 3.94909E-1 3.59889E-1 3.66256E-1
-9999 -9999 -9999 -9999 -9999 -9999 -9999 1.56474E-1 1.53702E-1 1.7909E-1 1.87417E-1 2.25431E-1 2.65106E-1 2.65698E-1 2.61387E-1 2.603E-1 3.49084E-1 3.4244E-1 3.29307E-1 3.81829E-1 3.80527E-1 3.78594E-1 3.49826E-1 3.7209E-1 3.85841E-1 3.82209E-1 4.06051E-1 4.70692E-1 2.54305E-1 5.01456E-1 5.16006E-1 5.31302E-1 4.42014E-1 4.83869E-1 4.72689E-1 4.84436E-1 4.42253E-1 3.56952E-1 3.67118E-1 3.96102E-1 4.12472E-1 4.20442E-1 5.13905E-1 4.86751E-1 5.1779E-1 2.98165E-1 3.74833E-1 4.21995E-1 6.04314E-1 4.10808E-1 4.36157E-1 6.4052E-1 6.20092E-1 4.74053E-1 4.44181E-1 4.08146E-1 4.02989E-1 3.86428E-1 3.52268E-1 3.93747E-1
-9999 -9999 -9999 -9999 -9999 -9999 -9999 1.20216E-1 2.52042E-1 3.06645E-1 3.26434E-1 3.8489E-1 4.28875E-1 4.25785E-1 4.32787E-1 3.9288E-1 4.03773E-1 4.55362E-1 3.58434E-1 3.89673E-1 4.0641E-1 4.14114E-1 3.98169E-1 4.26517E-1 4.12552E-1 4.12935E-1 4.69746E-1 5.21536E-1 5.58572E-1 5.48828E-1 6.01775E-1 6.32234E-1 6.08209E-1 5.78356E-1 5.02134E-1 5.13371E-1 4.70098E-1 3.83729E-1 4.31983E-1 4.50218E-1 5.29325E-1 5.63077E-1 5.80625E-1 4.08775E-1 6.05721E-1 6.66581E-1 7.42269E-1 7.53074E-1 7.5844E-1 7.33012E-1 7.13735E-1 6.76333E-1 5.90453E-1 4.86445E-1 4.51662E-1 4.30114E-1 4.26179E-1 4.086E-1 3.77307E-1 4.26066E-1
-9999 -9999 -9999 -9999 -9999 -9999 2.26616E-1 2.30114E-1 2.92432E-1 3.69887E-1 4.07665E-1 4.44141E-1 4.80186E-1 4.94603E-1 5.0522E-1 4.6141E-1 4.50081E-1 5.6769E-1 4.2988E-1 3.94151E-1 3.78424E-1 3.88655E-1 3.842E-1 3.80526E-1 3.80681E-1 4.06085E-1 4.59869E-1 5.03107E-1 5.75518E-1 6.09938E-1 6.15987E-1 5.21707E-1 6.22663E-1 5.80875E-1 4.5241E-1 4.68076E-1 3.89756E-1 3.89921E-1 4.6516E-1 5.1729E-1 5.46274E-1 5.02329E-1 3.95864E-1 5.62445E-1 6.1881E-1 6.68191E-1 7.29811E-1 7.45071E-1 7.62018E-1 7.45336E-1 7.07078E-1 6.4209E-1 5.97923E-1 5.21158E-1 4.03909E-1 3.99951E-1 3.89389E-1 3.72645E-1 3.77952E-1 2.45719E-1
-9999 -9999 -9999 -9999 -9999 -9999 1.21201E-1 3.33497E-1 3.66027E-1 4.45627E-1 4.74284E-1 5.01678E-1 5.46733E-1 5.69085E-1 5.70431E-1 5.1477E-1 5.30457E-1 6.32244E-1 4.68745E-1 4.37958E-1 4.03764E-1 3.78265E-1 3.5109E-1 3.26343E-1 3.54269E-1 3.74413E-1 4.32215E-1 4.49183E-1 5.0737E-1 6.08284E-1 6.01828E-1 5.53788E-1 6.29023E-1 5.21912E-1 4.30699E-1 5.13142E-1 4.14729E-1 4.35782E-1 4.66747E-1 4.6643E-1 5.41453E-1 4.89879E-1 5.728E-1 5.9686E-1 6.65684E-1 7.32166E-1 7.5833E-1 7.75912E-1 6.26216E-1 6.84329E-1 6.75497E-1 5.5348E-1 5.90211E-1 5.5459E-1 3.65104E-1 3.84242E-1 3.44254E-1 3.31991E-1 3.69733E-1 4.11955E-1
-9999 -9999 -9999 -9999 -9999 -9999 -9999 4.00065E-1 4.34013E-1 5.1805E-1 5.03102E-1 5.43241E-1 5.73628E-1 6.0665E-1 6.32802E-1 5.92855E-1 6.50295E-1 6.36518E-1 5.03268E-1 5.08769E-1 4.8246E-1 4.40262E-1 3.22197E-1 2.48222E-1 3.60889E-1 3.47213E-1 4.10685E-1 4.36889E-1 5.0024E-1 5.70119E-1 6.15721E-1 6.08207E-1 6.31187E-1 5.08162E-1 5.00735E-1 5.24006E-1 4.02724E-1 4.24765E-1 4.53686E-1 4.95666E-1 5.69208E-1 5.6173E-1 5.91389E-1 6.22098E-1 6.82906E-1 7.3388E-1 7.51934E-1 7.71525E-1 7.4271E-1 6.06761E-1 6.10147E-1 5.92607E-1 5.82184E-1 3.0114E-1 4.25184E-1 4.02897E-1 3.57435E-1 3.44396E-1 3.81863E-1 4.27899E-1
-9999 -9999 -9999 -9999 -9999 -9999 -9999 3.41075E-1 5.62536E-1 5.75056E-1 5.35148E-1 5.50855E-1 5.87678E-1 6.42841E-1 5.67277E-1 6.54789E-1 7.2214E-1 6.3847E-1 5.54207E-1 5.92229E-1 5.20734E-1 4.14243E-1 3.11316E-1 2.74131E-1 2.78633E-1 3.01972E-1 3.6331E-1 4.31793E-1 4.86206E-1 5.23982E-1 5.61906E-1 6.49641E-1 5.94E-1 5.39719E-1 5.62871E-1 3.46853E-1 3.98549E-1 4.72766E-1 4.99667E-1 2.73188E-1 6.3366E-1 6.30236E-1 5.84563E-1 5.983E-1 6.70559E-1 7.4591E-1 7.47668E-1 7.40351E-1 6.54701E-1 5.53328E-1 5.10166E-1 4.84084E-1 4.58402E-1 5.01893E-1 4.17496E-1 4.37177E-1 3.79127E-1 3.74019E-1 4.84004E-1 5.70418E-1
-9999 -9999 -9999 -9999 -9999 -9999 -9999 -9999 2.86077E-1 5.47856E-1 4.4749E-1 4.34221E-1 4.83729E-1 5.56473E-1 6.56889E-1 8.08268E-1 8.0352E-1 7.00948E-1 7.74974E-1 7.42487E-1 5.29226E-1 4.1974E-1 3.51318E-1 3.17051E-1 3.38432E-1 3.44375E-1 3.93978E-1 4.54513E-1 5.28382E-1 5.7336E-1 6.65196E-1 6.98496E-1 6.98125E-1 6.74459E-1 5.18575E-1 4.46761E-1 5.02824E-1 5.82528E-1 4.72104E-1 6.3882E-1 6.64367E-1 6.1167E-1 5.44662E-1 5.74302E-1 6.10889E-1 5.45235E-1 6.45493E-1 5.80698E-1 5.13168E-1 5.00048E-1 5.34941E-1 5.19466E-1 5.22637E-1 5.41092E-1 3.21695E-1 5.47709E-1 4.07654E-1 4.099E-1 4.94506E-1 5.61891E-1
-9999 -9999 -9999 -9999 -9999 -9999 -9999 -9999 3.57196E-1 4.15808E-1 3.12021E-1 3.79941E-1 4.68502E-1 5.515E-1 6.82573E-1 7.7928E-1 7.52093E-1 7.97416E-1 7.89362E-1 7.13404E-1 5.03731E-1 4.35843E-1 3.64294E-1 3.51771E-1 3.89814E-1 3.87563E-1 4.21489E-1 4.67128E-1 5.50906E-1 6.1583E-1 6.57503E-1 6.86891E-1 7.0238E-1 5.60727E-1 3.96374E-1 5.06181E-1 5.46739E-1 6.24173E-1 6.69315E-1 6.78953E-1 6.30713E-1 5.83177E-1 5.30975E-1 4.36348E-1 5.1534E-1 4.74096E-1 6.00871E-1 5.98286E-1 5.05987E-1 4.58853E-1 4.83918E-1 4.9146E-1 5.5323E-1 5.16253E-1 6.18514E-1 5.68451E-1 4.36518E-1 2.76626E-1 5.72565E-1 4.67127E-1
-9999 -9999 -9999 -9999 -9999 -9999 -9999 -9999 1.85572E-1 2.99103E-1 2.86529E-1 3.63196E-1 4.47645E-1 5.62156E-1 6.38354E-1 7.52406E-1 7.42469E-1 7.73042E-1 7.42162E-1 6.42271E-1 4.72172E-1 4.36414E-1 3.71683E-1 3.95788E-1 4.38265E-1 4.36052E-1 4.70396E-1 5.0885E-1 5.86771E-1 6.68302E-1 6.7549E-1 6.58007E-1 6.8051E-1 4.52963E-1 4.20927E-1 5.28154E-1 6.35109E-1 7.02845E-1 7.0182E-1 6.45064E-1 6.16112E-1 5.5455E-1 4.97546E-1 3.89859E-1 4.48568E-1 4.13525E-1 5.2142E-1 5.48861E-1 5.47365E-1 5.47315E-1 5.67645E-1 5.09861E-1 6.59849E-1 6.3268E-1 6.73656E-1 4.03534E-1 4.75437E-1 4.88261E-1 4.49928E-1 3.68542E-1
-9999 -9999 -9999 -9999 -9999 -9999 -9999 -9999 -9999 3.04209E-1 3.13753E-1 3.57627E-1 5.12197E-1 5.46878E-1 5.88713E-1 7.21485E-1 7.35695E-1 7.3658E-1 6.63256E-1 6.12836E-1 4.5502E-1 4.26445E-1 3.94527E-1 4.35218E-1 4.82852E-1 4.82542E-1 5.17629E-1 5.53646E-1 5.92932E-1 6.91366E-1 6.9216E-1 6.25763E-1 6.49959E-1 4.76378E-1 4.48778E-1 6.22967E-1 6.64245E-1 6.39833E-1 6.34027E-1 6.19536E-1 6.11875E-1 4.91509E-1 4.13954E-1 3.31585E-1 3.56607E-1 3.41783E-1 4.00976E-1 4.61885E-1 4.97279E-1 5.38206E-1 6.09862E-1 6.48513E-1 6.80813E-1 7.06122E-1 6.81489E-1 5.29001E-1 4.45695E-1 4.02292E-1 3.73318E-1 4.20247E-1
-9999 -9999 -9999 -9999 -9999 -9999 -9999 -9999 -9999 3.79179E-1 3.87337E-1 5.13177E-1 5.58696E-1 5.91442E-1 6.16014E-1 7.35985E-1 7.34385E-1 7.30252E-1 6.48772E-1 5.92857E-1 4.78023E-1 4.52543E-1 4.26262E-1 4.60477E-1 5.0885E-1 5.14998E-1 5.68907E-1 6.02417E-1 6.14796E-1 6.08062E-1 6.68884E-1 4.69764E-1 6.13065E-1 6.10121E-1 5.8923E-1 5.63332E-1 5.60384E-1 5.76697E-1 6.0315E-1 5.96178E-1 5.90387E-1 4.56763E-1 3.95584E-1 3.14648E-1 3.48933E-1 3.41899E-1 3.78876E-1 3.71E-1 4.21801E-1 5.49893E-1 6.20604E-1 6.53244E-1 6.81966E-1 7.0493E-1 5.98879E-1 3.71289E-1 3.28978E-1 3.58272E-1 5.32486E-1 5.17053E-1
-9999 -9999 -9999 -9999 -9999 -9999 -9999 -9999 -9999 4.42064E-1 4.64029E-1 5.06387E-1 5.74917E-1 6.40273E-1 6.88689E-1 7.58863E-1 7.24556E-1 7.51731E-1 6.84927E-1 6.713E-1 5.79208E-1 4.95127E-1 4.60009E-1 5.15291E-1 5.64063E-1 5.96294E-1 6.58259E-1 5.04901E-1 6.5659E-1 6.70709E-1 5.68671E-1 6.0365E-1 5.60494E-1 5.47256E-1 5.93466E-1 6.32581E-1 4.36799E-1 4.45889E-1 5.24256E-1 5.52709E-1 4.95759E-1 4.31105E-1 3.71715E-1 3.40327E-1 4.18428E-1 4.64582E-1 4.87984E-1 5.1049E-1 5.5114E-1 5.43739E-1 5.06898E-1 5.87305E-1 6.95236E-1 6.90539E-1 5.4345E-1 4.88891E-1 4.43881E-1 4.58284E-1 4.93775E-1 5.99865E-1
