Phytophthora/models/20240429_1812_56/Phytophthora_PA1_RUN2_MAXENT_outputs/Phytophthora_PA1_RUN2.asc
ncols         225
nrows         269
xllcorner     473000.0
yllcorner     4429100.0
cellsize      50.0
NODATA_value  -9999
[rows 81 to 107 of 269, columns 0 to 59 of 225]
-9999 -9999 -9999 -9999 -9999 -9999 -9999 -9999 -9999 -9999 -9999 -9999 -9999 -9999 -9999 -9999 -9999 -9999 -9999 -9999 -9999 -9999 -9999 -9999 -9999 -9999 -9999 -9999 -9999 -9999 -9999 -9999 5.97549E-3 6.20333E-3 7.7632E-3 8.38662E-3 1.17388E-2 1.83554E-2 2.49269E-2 2.88263E-2 3.35132E-2 2.85975E-2 3.35755E-2 3.27587E-2 3.62244E-2 3.39871E-2 4.15528E-2 4.82504E-2 3.73642E-2 8.97259E-2 7.11623E-2 8.26072E-2 6.58235E-2 7.14218E-2 3.28382E-2 1.08318E-1 9.26131E-2 5.90704E-2 1.14957E-1 6.69153E-2
-9999 -9999 -9999 -9999 -9999 -9999 -9999 -9999 -9999 -9999 -9999 -9999 -9999 -9999 -9999 -9999 -9999 -9999 -9999 -9999 -9999 -9999 -9999 -9999 -9999 -9999 -9999 -9999 -9999 -9999 -9999 -9999 7.50867E-3 9.88066E-3 1.04358E-2 1.01094E-2 1.39378E-2 1.90114E-2 2.3099E-2 2.63075E-2 2.26391E-2 3.10024E-2 3.6893E-2 4.63907E-2 4.49681E-2 3.97395E-2 4.7283E-2 5.62249E-2 6.00989E-2 7.4071E-2 1.05105E-1 1.04757E-1 9.43755E-2 1.02098E-1 1.0746E-1 9.66852E-2 5.54784E-2 9.50981E-2 8.66364E-2 1.01347E-1
-9999 -9999 -9999 -9999 -9999 -9999 -9999 -9999 -9999 -9999 -9999 -9999 -9999 -9999 -9999 -9999 -9999 -9999 -9999 -9999 -9999 -9999 -9999 -9999 -9999 -9999 -9999 -9999 -9999 -9999 -9999 -9999 1.0335E-2 1.39506E-2 1.23325E-2 1.17632E-2 1.34405E-2 1.92942E-2 2.38999E-2 2.60974E-2 2.96319E-2 2.8136E-2 2.90286E-2 6.33264E-2 5.0745E-2 4.92162E-2 4.8234E-2 6.49376E-2 6.56529E-2 7.3011E-2 8.27989E-2 1.09772E-1 1.12858E-1 1.02192E-1 1.18915E-1 1.73209E-1 4.98184E-2 1.06772E-1 7.28394E-2 9.19288E-2
-9999 -9999 -9999 -9999 -9999 -9999 -9999 -9999 -9999 -9999 -9999 -9999 -9999 -9999 -9999 -9999 -9999 -9999 -9999 -9999 -9999 -9999 -9999 -9999 -9999 -9999 -9999 -9999 -9999 -9999 -9999 -9999 -9999 1.61336E-2 1.78444E-2 2.27048E-2 1.96942E-2 2.40941E-2 2.77856E-2 3.06736E-2 3.45684E-2 4.16363E-2 6.61752E-2 7.25881E-2 5.48652E-2 5.26875E-2 5.41231E-2 7.95611E-2 9.72102E-2 8.99652E-2 7.34316E-2 9.41647E-2 1.01132E-1 1.12584E-1 1.32797E-1 1.94998E-1 1.20797E-1 1.54229E-1 7.6314E-2 8.94783E-2
-9999 -9999 -9999 -9999 -9999 -9999 -9999 -9999 -9999 -9999 -9999 -9999 -9999 -9999 -9999 -9999 -9999 -9999 -9999 -9999 -9999 -9999 -9999 -9999 -9999 -9999 -9999 -9999 -9999 -9999 -9999 -9999 -9999 2.08562E-2 2.78137E-2 3.58506E-2 4.40955E-2 4.17979E-2 4.10326E-2 3.96738E-2 5.00812E-2 5.24806E-2 6.62994E-2 7.06709E-2 6.87158E-2 2.31905E-2 5.99964E-2 7.38897E-2 1.3832E-1 1.43065E-1 6.03032E-2 8.36278E-2 7.78757E-2 1.05613E-1 1.53306E-1 2.20065E-1 1.07284E-1 8.97892E-2 8.48483E-2 9.73486E-2
-9999 -9999 -9999 -9999 -9999 -9999 -9999 -9999 -9999 -9999 -9999 -9999 -9999 -9999 -9999 -9999 -9999 -9999 -9999 -9999 -9999 -9999 -9999 -9999 -9999 -9999 -9999 -9999 -9999 -9999 -9999 -9999 -9999 -9999 1.07681E-1 4.43444E-2 3.56983E-2 4.10185E-2 4E-2 4.43879E-2 4.84729E-2 4.26059E-2 4.60061E-2 5.04465E-2 6.2728E-2 7.0106E-2 6.80794E-2 7.90636E-2 1.35278E-1 1.49334E-1 1.02216E-1 4.35761E-2 8.952E-2 9.99864E-2 1.51536E-1 1.19701E-1 6.49724E-2 8.18636E-2 7.97004E-2 7.74378E-2
-9999 -9999 -9999 -9999 -9999 -9999 -9999 -9999 -9999 -9999 -9999 -9999 -9999 -9999 -9999 -9999 -9999 -9999 -9999 -9999 -9999 -9999 -9999 -9999 -9999 -9999 -9999 -9999 -9999 -9999 -9999 -9999 -9999 -9999 6.39985E-2 3.6453E-2 4.3152E-2 3.86261E-2 6.93248E-2 6.1587E-2 4.96428E-2 5.22393E-2 5.31322E-2 5.41895E-2 7.11164E-2 7.63192E-2 4.43703E-2 7.8397E-2 7.92053E-2 1.39307E-1 8.35442E-2 9.5027E-2 4.84369E-2 9.43729E-2 1.56514E-1 1.52274E-1 1.13203E-1 6.80122E-2 1.00713E-1 9.26715E-2
-9999 -9999 -9999 -9999 -9999 -9999 -9999 -9999 -9999 -9999 -9999 -9999 -9999 -9999 -9999 -9999 -9999 -9999 -9999 -9999 -9999 -9999 -9999 -9999 -9999 -9999 -9999 -9999 -9999 -9999 -9999 -9999 -9999 -9999 7.27492E-2 4.29262E-2 4.66186E-2 6.16642E-2 6.34675E-2 6.70479E-2 6.18028E-2 6.72065E-2 7.17306E-2 6.93802E-2 8.83839E-2 8.46769E-2 8.05834E-2 7.66017E-2 7.05738E-2 5.89569E-2 8.24821E-2 6.78467E-2 8.2118E-2 8.77739E-2 1.05146E-1 1.6741E-1 1.67623E-1 1.35267E-1 1.11528E-1 1.04278E-1
-9999 -9999 -9999 -9999 -9999 -9999 -9999 -9999 -9999 -9999 -9999 -9999 -9999 -9999 -9999 -9999 -9999 -9999 -9999 -9999 -9999 -9999 -9999 -9999 -9999 -9999 -9999 -9999 -9999 -9999 -9999 -9999 -9999 -9999 7.44852E-2 4.659E-2 6.50962E-2 7.43653E-2 7.53304E-2 7.37201E-2 7.72694E-2 6.19693E-2 8.14642E-2 9.07618E-2 1.21877E-1 3.59611E-2 8.10135E-2 7.26011E-2 6.96886E-2 5.81963E-2 6.39631E-2 6.51005E-2 7.72985E-2 8.42288E-2 1.35537E-1 1.6274E-1 1.2227E-1 5.27414E-2 8.11705E-2 9.60973E-2
-9999 -9999 -9999 -9999 -9999 -9999 -9999 -9999 -9999 -9999 -9999 -9999 -9999 -9999 -9999 -9999 -9999 -9999 -9999 -9999 -9999 -9999 -9999 -9999 -9999 -9999 -9999 -9999 -9999 -9999 -9999 -9999 -9999 -9999 8.2255E-2 5.22578E-2 6.86858E-2 8.65812E-2 8.64518E-2 7.46047E-2 9.67198E-2 6.91397E-2 9.41334E-2 1.07756E-1 1.62693E-1 9.43873E-2 8.76702E-2 7.16755E-2 6.11337E-2 5.90267E-2 5.65467E-2 5.75091E-2 6.46516E-2 7.62041E-2 1.0333E-1 1.39145E-1 1.44652E-1 9.21835E-2 7.51658E-2 9.35174E-2
-9999 -9999 -9999 -9999 -9999 -9999 -9999 -9999 -9999 -9999 -9999 -9999 -9999 -9999 -9999 -9999 -9999 -9999 -9999 -9999 -9999 -9999 -9999 -9999 -9999 -9999 -9999 -9999 -9999 -9999 -9999 -9999 -9999 6.83326E-2 7.55203E-2 4.73471E-2 6.81712E-2 7.70666E-2 7.57495E-2 6.95358E-2 7.79918E-2 1.29555E-1 1.05304E-1 1.16057E-1 1.65285E-1 1.02775E-1 1.05091E-1 8.24926E-2 6.54287E-2 5.81275E-2 4.53385E-2 4.05028E-2 4.86628E-2 6.37319E-2 9.14812E-2 1.46961E-1 1.53829E-1 9.6469E-2 9.16601E-2 9.49412E-2
-9999 -9999 -9999 -9999 -9999 -9999 -9999 -9999 -9999 -9999 -9999 -9999 -9999 -9999 -9999 -9999 -9999 -9999 -9999 -9999 -9999 -9999 8.06612E-2 8.68294E-2 -9999 -9999 -9999 -9999 -9999 -9999 5.99388E-2 6.24939E-2 6.69483E-2 8.3248E-2 8.91507E-2 4.87568E-2 6.12854E-2 6.48172E-2 7.14064E-2 8.54822E-2 8.07394E-2 1.32603E-1 1.47875E-1 1.21561E-1 1.75483E-1 1.62608E-1 1.37089E-1 8.86496E-2 8.13528E-2 6.2756E-2 4.98044E-2 4.64803E-2 5.35118E-2 9.10409E-2 1.15855E-1 8.72489E-2 6.15393E-2 9.11923E-2 8.83782E-2 6.541E-2
-9999 -9999 -9999 -9999 -9999 -9999 -9999 -9999 -9999 -9999 -9999 -9999 -9999 -9999 -9999 -9999 -9999 -9999 3.56479E-2 5.80651E-2 6.85942E-2 7.89124E-2 8.90276E-2 1.01563E-1 1.27978E-1 1.83199E-1 3.27031E-1 1.59613E-1 1.25731E-1 1.08304E-1 8.21068E-2 8.71457E-2 8.50876E-2 8.04626E-2 7.97735E-2 4.90202E-2 6.27616E-2 7.83913E-2 8.82932E-2 8.79842E-2 8.39459E-2 1.16697E-1 1.74861E-1 1.13807E-1 7.68672E-2 1.80709E-1 1.68649E-1 1.19899E-1 8.67417E-2 6.52214E-2 5.43643E-2 4.39265E-2 4.86102E-2 5.36936E-2 3.03078E-2 -9999 5.84343E-2 7.05031E-2 7.2171E-2 8.49994E-2
-9999 -9999 -9999 -9999 -9999 -9999 -9999 -9999 -9999 -9999 -9999 -9999 -9999 -9999 -9999 -9999 -9999 4.43022E-2 4.19035E-2 5.61193E-2 6.34575E-2 7.76774E-2 9.06423E-2 1.04418E-1 1.40593E-1 9.43838E-2 8.75069E-2 1.4181E-1 1.32405E-1 1.28421E-1 1.1472E-1 1.20609E-1 1.15357E-1 9.99871E-2 9.78089E-2 6.15068E-2 4.45139E-2 8.14111E-2 3.70649E-2 8.40971E-2 8.18929E-2 1.13792E-1 1.50972E-1 1.1453E-1 9.56132E-2 1.47141E-1 1.65409E-1 1.0872E-1 7.5608E-2 6.51387E-2 5.33994E-2 4.63638E-2 4.71861E-2 2.05227E-2 5.28193E-2 6.12505E-2 4.8E-2 -9999 8.34635E-2 2.36529E-2
-9999 -9999 -9999 -9999 -9999 -9999 -9999 -9999 -9999 -9999 -9999 -9999 -9999 -9999 3.91615E-2 4.8795E-2 5.27953E-2 5.89007E-2 5.33608E-2 6.58829E-2 6.82627E-2 8.25215E-2 1.05133E-1 1.24373E-1 1.68642E-1 1.143E-1 1.25113E-1 1.39965E-1 1.43813E-1 1.3356E-1 1.13709E-1 1.38446E-1 1.42287E-1 1.1897E-1 1.16627E-1 5.01355E-2 7.45586E-2 8.57178E-2 8.71956E-2 8.11578E-2 8.05427E-2 1.18802E-1 1.41058E-1 1.20528E-1 9.49663E-2 1.65547E-1 9.53188E-2 6.79775E-2 7.1133E-2 6.1834E-2 5.88107E-2 6.97762E-2 5.97235E-2 6.04538E-2 5.65999E-2 6.69474E-2 6.19405E-2 3.85585E-2 4.37862E-2 6.41015E-2
-9999 -9999 -9999 -9999 -9999 -9999 -9999 -9999 -9999 -9999 -9999 -9999 1.9724E-2 2.56204E-2 3.60437E-2 5.55959E-2 6.19938E-2 6.97942E-2 7.07636E-2 6.50426E-2 4.44938E-2 4.57087E-2 5.65799E-2 6.87705E-2 8.02977E-2 8.59759E-2 9.10042E-2 9.205E-2 9.60184E-2 9.81579E-2 1.19181E-1 1.39207E-1 1.41771E-1 1.24075E-1 1.36496E-1 6.81412E-2 1.7521E-1 1.82126E-1 1.81403E-1 1.67359E-1 1.97875E-1 3.06512E-1 3.08431E-1 1.79264E-1 2.17467E-1 1.40835E-1 1.27861E-1 1.2923E-1 1.22275E-1 1.11552E-1 1.17753E-1 1.55138E-1 1.50544E-1 1.49253E-1 1.3126E-1 1.01838E-1 7.52264E-2 6.23106E-2 6.78709E-2 9.09022E-2
-9999 -9999 -9999 -9999 -9999 -9999 -9999 -9999 -9999 -9999 -9999 1.962E-2 2.53279E-2 3.81832E-2 5.35901E-2 8.28756E-2 9.79666E-2 1.05804E-1 1.1047E-1 9.2431E-2 6.76111E-2 5.98611E-2 6.36185E-2 7.52939E-2 8.6308E-2 9.54431E-2 1.15945E-1 1.40329E-1 1.44805E-1 1.44855E-1 1.43403E-1 1.60678E-1 1.63578E-1 1.44881E-1 1.47272E-1 8.63961E-2 1.54593E-1 1.78456E-1 1.85065E-1 2.02372E-1 2.56546E-1 1.62765E-1 3.29753E-1 3.17833E-1 1.95313E-1 1.81316E-1 1.51731E-1 1.22807E-1 1.11477E-1 1.06759E-1 1.26712E-1 1.46503E-1 1.39222E-1 1.40395E-1 1.37146E-1 1.1914E-1 7.01801E-2 8.21058E-2 7.22792E-2 8.23765E-2
-9999 -9999 -9999 -9999 -9999 -9999 -9999 -9999 -9999 -9999 -9999 2.94311E-2 3.90506E-2 6.01493E-2 7.43787E-2 1.11864E-1 1.47702E-1 1.4832E-1 1.47523E-1 1.18566E-1 9.5743E-2 8.56138E-2 7.05887E-2 8.19301E-2 9.08972E-2 1.02449E-1 1.20392E-1 1.53397E-1 1.75577E-1 1.85575E-1 1.78756E-1 1.76071E-1 1.66001E-1 9.0703E-2 1.59984E-1 1.71924E-1 1.69849E-1 1.28881E-1 1.77894E-1 1.95907E-1 2.64304E-1 3.07182E-1 2.90784E-1 2.61559E-1 2.22648E-1 2.04075E-1 1.18111E-1 1.03354E-1 1.04605E-1 1.23192E-1 1.99376E-1 1.80077E-1 1.54307E-1 1.63824E-1 1.6549E-1 1.39118E-1 1.29601E-1 1.30592E-1 9.56118E-2 9.87399E-2
-9999 -9999 -9999 -9999 -9999 -9999 -9999 -9999 -9999 -9999 -9999 3.98874E-2 5.29511E-2 6.54466E-2 8.77203E-2 1.37892E-1 1.79986E-1 1.85589E-1 1.7206E-1 1.58035E-1 1.23437E-1 1.02024E-1 8.57984E-2 8.42332E-2 9.40873E-2 1.0274E-1 1.36924E-1 1.92461E-1 2.0903E-1 2.12337E-1 2.44331E-1 2.04849E-1 1.70179E-1 1.61513E-1 9.75702E-2 1.80221E-1 1.80966E-1 1.00933E-1 2.06198E-1 2.10489E-1 2.2789E-1 2.66453E-1 2.46362E-1 2.4371E-1 1.1018E-1 1.27612E-1 9.5412E-2 9.50486E-2 1.13432E-1 1.42933E-1 1.95207E-1 1.28337E-1 1.73691E-1 1.96873E-1 2.14439E-1 1.73121E-1 1.37976E-1 1.22885E-1 1.17146E-1 1.20172E-1
-9999 -9999 -9999 -9999 -9999 -9999 -9999 -9999 -9999 -9999 -9999 3.87716E-2 5.11219E-2 6.5392E-2 9.78945E-2 1.65554E-1 1.9509E-1 1.19847E-1 2.26922E-1 1.8664E-1 1.38309E-1 1.15297E-1 9.77908E-2 8.63845E-2 8.53897E-2 9.96057E-2 1.60692E-1 2.01727E-1 2.07382E-1 2.09766E-1 2.21087E-1 2.12795E-1 1.59578E-1 1.68938E-1 1.91707E-1 1.68107E-1 1.71472E-1 1.8033E-1 1.9223E-1 1.93683E-1 1.94258E-1 2.92319E-1 2.57476E-1 1.11223E-1 2.08843E-1 1.18754E-1 1.05238E-1 9.98147E-2 1.23318E-1 1.42504E-1 1.53368E-1 1.65573E-1 1.68046E-1 1.821E-1 2.39036E-1 1.5842E-1 1.59101E-1 1.46824E-1 1.3615E-1 1.36767E-1
-9999 -9999 -9999 -9999 -9999 -9999 -9999 -9999 -9999 -9999 -9999 4.83676E-2 6.98241E-2 1.03838E-1 1.67616E-1 2.33308E-1 2.7542E-1 1.65358E-1 3.04278E-1 2.43964E-1 2.09288E-1 1.67561E-1 1.37867E-1 1.03357E-1 1.25322E-1 1.65479E-1 2.04967E-1 2.28599E-1 2.08767E-1 1.90762E-1 2.55897E-1 2.90581E-1 1.81802E-1 2.36105E-1 1.74381E-1 1.79317E-1 2.20105E-1 2.02815E-1 1.56064E-1 2.09284E-1 1.41344E-1 1.54328E-1 2.11977E-1 1.45022E-1 1.05661E-1 1.03991E-1 9.4008E-2 8.68945E-2 8.21759E-2 1.00147E-1 1.32748E-1 1.43205E-1 1.43472E-1 1.53485E-1 2.41875E-1 1.72613E-1 1.52118E-1 1.57474E-1 1.54014E-1 1.36931E-1
-9999 -9999 -9999 -9999 -9999 -9999 -9999 -9999 -9999 -9999 -9999 5.88224E-2 1.03767E-1 1.74593E-1 1.92462E-1 2.55723E-1 3.08865E-1 3.23229E-1 4.02226E-1 3.51591E-1 2.44442E-1 1.69949E-1 1.497E-1 1.19666E-1 1.15349E-1 1.63146E-1 1.77351E-1 2.03995E-1 1.6062E-1 2.52709E-1 3.29637E-1 2.82899E-1 2.76251E-1 2.21574E-1 1.63743E-1 1.75712E-1 2.31031E-1 2.21867E-1 2.45785E-1 2.18522E-1 1.43074E-1 1.44084E-1 1.34314E-1 1.69051E-1 3.88416E-2 1.12937E-1 1.07144E-1 9.24495E-2 8.36871E-2 9.47612E-2 1.21656E-1 1.2369E-1 1.24136E-1 1.38013E-1 2.30364E-1 1.57171E-1 1.4517E-1 1.20275E-1 1.14129E-1 1.62199E-1
-9999 -9999 -9999 -9999 -9999 -9999 -9999 -9999 -9999 -9999 -9999 7.88371E-2 1.59792E-1 1.96693E-1 2.05571E-1 2.64583E-1 3.17266E-1 3.92631E-1 3.93493E-1 2.59826E-1 1.93564E-1 1.65551E-1 1.44076E-1 1.11984E-1 1.33985E-1 1.76822E-1 1.90982E-1 2.00472E-1 1.99628E-1 2.50797E-1 2.86971E-1 2.1029E-1 2.08399E-1 2.068E-1 1.60955E-1 1.99593E-1 2.85698E-1 2.7949E-1 2.24486E-1 1.75103E-1 1.1296E-1 1.09252E-1 1.01396E-1 1.14071E-1 1.16388E-1 8.78344E-2 1.2865E-1 1.09411E-1 9.92378E-2 1.03702E-1 9.90782E-2 1.04474E-1 1.02044E-1 1.17227E-1 2.1488E-1 2.04319E-1 1.35417E-1 1.40861E-1 1.6428E-1 1.66735E-1
-9999 -9999 -9999 -9999 -9999 -9999 -9999 -9999 -9999 -9999 -9999 6.01282E-2 7.31824E-2 8.44175E-2 1.88815E-1 2.11321E-1 2.29146E-1 3.46502E-1 2.53992E-1 2.21364E-1 1.8888E-1 1.71533E-1 1.43526E-1 1.26211E-1 2.18604E-1 1.79522E-1 1.80446E-1 2.03536E-1 1.86549E-1 1.88745E-1 2.40347E-1 2.39723E-1 2.21152E-1 1.99543E-1 1.7356E-1 1.96719E-1 2.49602E-1 2.6818E-1 2.53244E-1 1.71013E-1 9.65104E-2 9.27974E-2 7.914E-2 9.67414E-2 9.196E-2 1.4358E-1 1.59084E-1 1.21281E-1 1.32916E-1 1.02813E-1 8.28588E-2 8.6643E-2 8.92938E-2 9.83069E-2 1.71014E-1 1.75819E-1 1.29879E-1 1.08807E-1 1.2882E-1 1.3927E-1
-9999 -9999 -9999 -9999 -9999 -9999 -9999 -9999 -9999 -9999 -9999 8.16455E-2 1.01568E-1 1.00847E-1 1.29154E-1 2.17209E-1 2.49309E-1 2.27592E-1 2.1337E-1 2.07418E-1 1.63315E-1 1.58688E-1 1.43692E-1 1.3718E-1 2.20371E-1 1.99086E-1 1.55884E-1 1.50504E-1 1.60494E-1 1.88358E-1 1.11031E-1 2.319E-1 2.11707E-1 1.84802E-1 1.6085E-1 1.53519E-1 1.78626E-1 2.16583E-1 2.28794E-1 1.85892E-1 1.05663E-1 9.27919E-2 8.35242E-2 8.96839E-2 1.16691E-1 9.24264E-2 3.25029E-2 8.81531E-2 9.58366E-2 8.88172E-2 8.57016E-2 8.6743E-2 9.38967E-2 8.2539E-2 1.69322E-1 1.51235E-1 8.83019E-2 9.0239E-2 1.02251E-1 1.12574E-1
-9999 -9999 -9999 -9999 -9999 -9999 -9999 -9999 -9999 -9999 -9999 1.20003E-1 1.49157E-1 1.72947E-1 2.05462E-1 2.09982E-1 2.13126E-1 1.99257E-1 1.7233E-1 1.50618E-1 1.63312E-1 1.97354E-1 1.64781E-1 2.58053E-1 2.2735E-1 2.39641E-1 1.83073E-1 2.00954E-1 2.08604E-1 2.05576E-1 2.03349E-1 1.93867E-1 1.74652E-1 1.3754E-1 1.07735E-1 7.23521E-2 9.52407E-2 1.15551E-1 1.31338E-1 1.20047E-1 7.35771E-2 6.42258E-2 5.5054E-2 6.60717E-2 6.35981E-2 1.03674E-1 8.80104E-2 -9999 7.58513E-2 9.79325E-2 7.45654E-2 7.37251E-2 6.73312E-2 6.82601E-2 1.1925E-1 1.10902E-1 9.94954E-2 1.00818E-1 1.12043E-1 1.1885E-1
-9999 -9999 -9999 -9999 -9999 -9999 -9999 -9999 -9999 -9999 -9999 1.55197E-1 1.8759E-1 2.12511E-1 2.43134E-1 2.09139E-1 2.12403E-1 1.73058E-1 1.4855E-1 1.45124E-1 1.90064E-1 2.26337E-1 2.44602E-1 1.12164E-1 2.82941E-1 2.05175E-1 9.07823E-2 2.00661E-1 1.92555E-1 1.82356E-1 1.89716E-1 1.71049E-1 1.51401E-1 1.24299E-1 1.11614E-1 7.44547E-2 1.05233E-1 1.09372E-1 1.11416E-1 1.16361E-1 7.433E-2 6.95799E-2 6.65606E-2 7.87183E-2 7.6368E-2 8.99315E-2 7.95816E-2 9.76994E-2 5.23605E-2 9.90395E-2 8.86057E-2 8.59777E-2 7.83701E-2 1.30356E-1 1.36E-1 7.5703E-2 8.43492E-2 1.07304E-1 1.16785E-1 1.42555E-1
