Phytophthora/models/20240429_1812_56/Phytophthora_PA1_RUN2_MAXENT_outputs/Phytophthora_PA1_RUN2.asc
ncols         225
nrows         269
xllcorner     473000.0
yllcorner     4429100.0
cellsize      50.0
NODATA_value  -9999
[rows 162 to 188 of 269, columns 120 to 179 of 225]
1.4115E-1 3.0391E-1 2.05649E-1 2.22376E-1 2.88537E-1 3.24479E-1 3.83974E-1 4.29422E-1 2.64194E-1 3.44307E-1 2.05399E-1 4.80367E-1 4.26501E-1 4.1265E-1 4.00447E-1 5.01649E-1 5.3181E-1 5.57089E-1 5.9642E-1 4.7279E-1 3.43381E-1 3.11722E-1 3.03438E-1 2.71789E-1 2.92114E-1 1.97279E-1 2.2809E-1 2.61547E-1 3.05787E-1 2.56541E-1 1.72891E-1 1.34272E-1 1.05797E-1 9.94329E-2 1.24495E-1 2.35836E-1 2.72505E-1 2.655E-1 2.45309E-1 2.52539E-1 2.62417E-1 3.08901E-1 3.60986E-1 4.11742E-1 3.85157E-1 2.15671E-1 2.4093E-1 2.0503E-1 1.71284E-1 1.62532E-1 2.64592E-1 2.49642E-1 4.4284E-1 2.88736E-1 2.38802E-1 1.71942E-1 2.45735E-1 2.57339E-1 2.47089E-1 1.95184E-1
3.72262E-1 3.09995E-1 3.14303E-1 3.0933E-1 2.42319E-1 3.61044E-1 3.81643E-1 4.16602E-1 4.50432E-1 4.7433E-1 4.42321E-1 4.16606E-1 4.22198E-1 3.85326E-1 3.51818E-1 4.25273E-1 5.31005E-1 5.49584E-1 9.35378E-2 4.12701E-1 2.71222E-1 1.80668E-1 4.08782E-1 1.50245E-1 1.3057E-1 1.75137E-1 2.09462E-1 2.13488E-1 2.06766E-1 2.01814E-1 1.42644E-1 1.19697E-1 1.04444E-1 1.47484E-1 1.68409E-1 2.40935E-1 2.44716E-1 2.37298E-1 2.4169E-1 2.54758E-1 2.62494E-1 3.1427E-1 3.70874E-1 3.17411E-1 4.33744E-1 3.84134E-1 1.5166E-1 2.45848E-1 1.80236E-1 4.43685E-2 9.79056E-2 1.88724E-1 1.75325E-1 2.44524E-1 1.22319E-1 2.86385E-1 2.48582E-1 2.38601E-1 2.59553E-1 2.70759E-1
3.55661E-1 3.23822E-1 2.77195E-1 2.92071E-1 2.38713E-1 3.68536E-1 3.95293E-1 4.02353E-1 4.03594E-1 4.34177E-1 4.69747E-1 2.69929E-1 4.51932E-1 3.93199E-1 3.38633E-1 3.64327E-1 3.24554E-1 4.74046E-1 4.55403E-1 3.84301E-1 2.40415E-1 2.20427E-1 2.83137E-1 1.45266E-1 2.68759E-1 2.206E-1 2.0671E-1 2.03696E-1 1.9642E-1 1.24957E-1 1.3391E-1 1.24565E-1 1.49876E-1 1.66885E-1 2.05823E-1 2.93399E-1 2.97014E-1 2.90596E-1 2.79783E-1 2.46394E-1 2.50106E-1 2.92262E-1 3.3567E-1 3.59088E-1 3.66935E-1 1.21103E-1 1.86603E-1 2.20456E-1 1.75694E-1 1.31243E-1 1.49344E-1 2.79394E-1 4.47149E-1 3.14809E-1 2.75557E-1 2.91143E-1 2.94095E-1 2.837E-1 2.72295E-1 2.98153E-1
3.63572E-1 3.08064E-1 2.65956E-1 2.95553E-1 2.40007E-1 3.07022E-1 3.38841E-1 3.61653E-1 3.65189E-1 4.22023E-1 4.99787E-1 3.38046E-1 5.35396E-1 5.18181E-1 3.09174E-1 1.87277E-1 2.529E-1 3.64503E-1 2.40929E-1 2.57464E-1 2.82776E-1 2.69286E-1 2.39677E-1 2.75483E-1 2.98678E-1 2.48646E-1 2.36778E-1 2.10728E-1 2.0704E-1 1.19205E-1 1.22895E-1 1.51234E-1 1.72009E-1 1.99683E-1 2.57483E-1 3.58591E-1 3.69733E-1 3.40043E-1 3.07139E-1 2.79008E-1 2.31656E-1 2.63011E-1 3.00211E-1 3.16208E-1 3.24048E-1 2.84282E-1 2.69907E-1 2.51675E-1 1.78059E-1 1.53525E-1 1.89862E-1 2.87666E-1 2.98039E-1 4.05015E-1 2.0528E-1 3.21351E-1 3.24875E-1 3.34084E-1 3.39204E-1 3.34661E-1
4.23217E-1 3.20842E-1 2.80423E-1 2.89601E-1 2.53581E-1 3.06175E-1 3.48043E-1 3.9181E-1 4.45372E-1 4.91756E-1 5.43318E-1 4.8245E-1 6.26009E-1 5.59003E-1 5.37111E-1 3.63519E-1 3.77154E-1 4.48213E-1 3.73492E-1 4.1044E-1 4.41691E-1 4.78761E-1 4.65562E-1 5.06495E-1 4.95849E-1 4.39749E-1 4.19579E-1 4.33592E-1 4.62519E-1 2.56878E-1 3.4076E-1 2.52163E-1 2.87779E-1 3.48611E-1 4.18166E-1 3.65491E-1 3.60939E-1 3.26579E-1 3.00897E-1 2.73953E-1 2.43126E-1 2.33348E-1 2.4115E-1 2.74491E-1 3.07777E-1 3.43302E-1 3.75655E-1 3.81023E-1 3.74518E-1 3.23631E-1 2.05267E-1 1.68016E-1 1.99129E-1 1.32952E-1 1.88901E-1 3.15404E-1 3.53999E-1 4.29147E-1 4.44167E-1 4.44591E-1
2.22529E-1 3.00893E-1 2.31726E-1 2.53872E-1 2.41105E-1 2.85989E-1 3.23015E-1 3.61987E-1 4.38978E-1 5.27626E-1 5.83493E-1 4.39246E-1 5.41781E-1 4.4705E-1 4.2212E-1 4.37822E-1 4.71644E-1 5.08346E-1 3.92719E-1 5.28312E-1 5.65342E-1 5.2624E-1 5.27624E-1 5.41355E-1 5.81741E-1 5.42017E-1 4.65628E-1 4.32363E-1 4.47884E-1 4.59251E-1 3.32313E-1 2.69555E-1 3.2839E-1 4.68999E-1 4.86256E-1 4.41014E-1 3.93613E-1 3.59369E-1 3.36787E-1 3.02859E-1 2.89047E-1 2.6938E-1 2.46631E-1 2.58812E-1 1.38952E-1 4.35246E-1 4.00225E-1 3.44924E-1 1.66265E-1 2.7347E-1 2.10011E-1 1.55201E-1 1.3656E-1 1.55371E-1 1.74425E-1 2.63171E-1 1.33559E-1 2.96457E-1 2.59071E-1 4.57274E-1
2.76786E-1 2.3379E-1 2.74288E-1 2.44629E-1 2.35051E-1 2.83279E-1 3.36974E-1 3.29191E-1 3.68029E-1 4.42549E-1 5.17844E-1 5.81238E-1 5.27962E-1 5.11222E-1 4.07456E-1 3.97196E-1 5.19546E-1 4.94805E-1 4.95586E-1 4.76584E-1 4.72693E-1 4.90024E-1 5.16828E-1 5.33198E-1 5.43523E-1 5.60386E-1 5.82615E-1 5.44915E-1 4.94867E-1 3.96017E-1 3.86561E-1 3.3317E-1 2.02981E-1 5.16882E-1 5.02254E-1 2.16953E-1 2.87579E-1 3.49008E-1 3.69504E-1 3.43195E-1 3.13548E-1 2.92127E-1 2.62082E-1 2.30743E-1 2.46791E-1 4.59498E-1 4.14109E-1 3.67994E-1 3.47226E-1 3.53739E-1 1.6801E-1 1.56279E-1 1.44825E-1 1.51659E-1 1.78369E-1 2.69994E-1 2.44449E-1 3.64295E-1 3.48188E-1 3.75724E-1
2.80344E-1 2.47215E-1 2.22894E-1 2.223E-1 2.67576E-1 3.76515E-1 4.41589E-1 3.59209E-1 3.49901E-1 4.19167E-1 4.6696E-1 5.9946E-1 3.0255E-1 2.84999E-1 5.30375E-1 4.79286E-1 4.76748E-1 4.71219E-1 4.62344E-1 4.53477E-1 4.39861E-1 4.63747E-1 4.76573E-1 4.96965E-1 3.71745E-1 4.97257E-1 2.50558E-1 4.5376E-1 3.97778E-1 3.2388E-1 2.78832E-1 2.35447E-1 3.02963E-1 2.12032E-1 4.44761E-1 4.26382E-1 3.9839E-1 3.23631E-1 3.35564E-1 3.55438E-1 3.18957E-1 2.95295E-1 2.67376E-1 2.22601E-1 2.54187E-1 3.68431E-1 4.0113E-1 3.82577E-1 3.69664E-1 3.54063E-1 2.35305E-1 1.87573E-1 1.99178E-1 1.23826E-1 1.98681E-1 2.67152E-1 3.09449E-1 3.7445E-1 3.88294E-1 3.58547E-1
2.91188E-1 2.70332E-1 2.16598E-1 1.69744E-1 1.68221E-1 2.54393E-1 4.0652E-1 2.34311E-1 5.02649E-1 4.08951E-1 4.28027E-1 5.79554E-1 5.54336E-1 4.90646E-1 4.67022E-1 4.39058E-1 4.42919E-1 4.38283E-1 4.29879E-1 4.31858E-1 4.13409E-1 4.46607E-1 4.65991E-1 5.04646E-1 2.93013E-1 4.8321E-1 4.9632E-1 4.64883E-1 4.05092E-1 3.6813E-1 3.04273E-1 2.60895E-1 3.14984E-1 5.39313E-1 5.64324E-1 4.6273E-1 3.34199E-1 2.49103E-1 3.11156E-1 3.25724E-1 2.90879E-1 2.76458E-1 2.53006E-1 2.26788E-1 2.65395E-1 3.848E-1 2.73709E-1 3.69532E-1 3.53121E-1 3.3702E-1 1.70586E-1 2.0956E-1 1.2693E-1 1.96723E-1 1.97922E-1 2.81792E-1 2.98859E-1 2.83634E-1 4.24139E-1 3.69235E-1
2.94477E-1 2.73301E-1 2.12494E-1 1.54634E-1 1.18029E-1 1.45961E-1 1.74393E-1 2.28693E-1 3.97551E-1 3.7521E-1 4.96402E-1 5.57727E-1 5.31447E-1 4.56717E-1 4.29465E-1 3.82415E-1 3.97645E-1 4.65245E-1 4.46027E-1 3.81218E-1 3.79424E-1 4.12668E-1 4.28689E-1 4.66618E-1 4.45232E-1 4.59363E-1 3.90943E-1 3.84876E-1 4.04857E-1 4.4228E-1 4.97926E-1 4.46422E-1 4.88118E-1 5.03625E-1 3.98604E-1 2.83107E-1 2.48948E-1 2.19333E-1 2.92473E-1 2.8396E-1 3.44065E-1 3.33282E-1 3.05462E-1 2.8403E-1 2.39542E-1 2.67654E-1 1.90937E-1 2.39625E-1 2.78853E-1 2.97706E-1 2.78178E-1 2.57163E-1 2.39015E-1 2.08334E-1 2.0589E-1 2.47949E-1 2.33907E-1 3.21117E-1 4.0779E-1 3.03988E-1
2.95418E-1 2.60207E-1 2.20943E-1 2.25007E-1 1.50913E-1 1.17683E-1 1.49236E-1 1.89322E-1 2.34263E-1 3.08315E-1 4.94655E-1 5.02188E-1 3.9177E-1 4.32731E-1 3.91062E-1 3.47692E-1 3.36564E-1 3.00611E-1 4.55175E-1 3.70663E-1 4.52389E-1 3.95483E-1 4.45129E-1 4.83239E-1 4.71761E-1 5.05594E-1 4.53089E-1 4.31278E-1 4.35586E-1 3.66573E-1 5.20323E-1 4.63403E-1 4.94036E-1 3.59083E-1 3.91702E-1 2.44559E-1 2.08889E-1 2.29743E-1 2.75954E-1 2.93782E-1 3.68577E-1 3.11273E-1 3.07045E-1 2.79279E-1 1.51085E-1 1.43798E-1 1.14639E-1 1.5457E-1 2.23177E-1 2.38044E-1 1.78573E-1 2.30447E-1 2.10607E-1 1.9838E-1 1.95757E-1 2.29307E-1 2.75777E-1 3.34186E-1 3.50882E-1 2.43413E-1
3.09225E-1 2.95107E-1 2.38763E-1 1.89615E-1 1.5314E-1 1.79782E-1 1.41821E-1 1.69406E-1 1.99094E-1 2.40796E-1 3.28252E-1 3.72807E-1 4.81575E-1 3.01412E-1 4.06395E-1 3.1751E-1 2.8553E-1 2.63795E-1 3.19236E-1 2.49723E-1 4.57586E-1 3.88734E-1 4.6793E-1 4.0813E-1 4.58879E-1 5.28724E-1 3.6684E-1 2.85577E-1 3.84639E-1 4.54958E-1 5.00125E-1 5.00007E-1 5.20535E-1 3.40546E-1 3.57904E-1 2.37265E-1 1.9864E-1 1.90195E-1 2.93665E-1 2.34588E-1 3.61967E-1 3.44297E-1 3.26129E-1 3.71605E-1 1.35122E-1 1.03638E-1 9.10911E-2 1.56588E-1 2.52727E-1 2.7752E-1 2.66058E-1 2.80084E-1 2.37129E-1 1.95079E-1 2.05242E-1 3.3913E-1 3.05362E-1 2.66739E-1 2.82866E-1 2.16227E-1
3.18356E-1 3.25323E-1 2.64512E-1 2.00571E-1 1.67994E-1 1.49587E-1 1.85183E-1 1.57482E-1 1.67123E-1 2.0471E-1 2.79398E-1 2.93241E-1 3.09156E-1 4.22943E-1 2.24459E-1 3.53719E-1 2.47427E-1 2.59945E-1 2.61804E-1 4.66153E-1 3.08744E-1 3.90116E-1 4.83906E-1 3.81494E-1 4.36545E-1 5.43436E-1 4.68496E-1 4.27156E-1 4.21212E-1 4.38843E-1 4.886E-1 5.41291E-1 5.07684E-1 5.45795E-1 3.4436E-1 2.15166E-1 1.93737E-1 1.88348E-1 3.21149E-1 2.83782E-1 4.00534E-1 3.79009E-1 3.46248E-1 3.27186E-1 4.66082E-2 1.03111E-1 1.50281E-1 1.54008E-1 4.00951E-1 3.66682E-1 3.56142E-1 3.33271E-1 2.48795E-1 2.10569E-1 2.89282E-1 3.4654E-1 2.95838E-1 2.46207E-1 1.89635E-1 1.90501E-1
3.24094E-1 3.74863E-1 2.72638E-1 2.05222E-1 1.77838E-1 1.40017E-1 1.45042E-1 1.87292E-1 1.75914E-1 1.76527E-1 2.34808E-1 2.46558E-1 2.60753E-1 2.62783E-1 3.93812E-1 3.03726E-1 2.44073E-1 2.50045E-1 3.04766E-1 3.08325E-1 5.17553E-1 4.02187E-1 5.10393E-1 3.65358E-1 4.3731E-1 5.31145E-1 3.74107E-1 4.0714E-1 4.1725E-1 4.36362E-1 5.15652E-1 5.94689E-1 5.00961E-1 5.5854E-1 3.47332E-1 2.11916E-1 2.17688E-1 2.12473E-1 2.70805E-1 1.58772E-1 4.15003E-1 3.7611E-1 3.42626E-1 2.68736E-1 1.28783E-1 7.50209E-2 1.64234E-1 1.76603E-1 3.52532E-1 3.6346E-1 2.18642E-1 2.93078E-1 2.24914E-1 1.81598E-1 2.13887E-1 3.55215E-1 2.91295E-1 1.81492E-1 1.31814E-1 1.36762E-1
3.60516E-1 4.46812E-1 3.16529E-1 2.37383E-1 1.70193E-1 1.58723E-1 1.29183E-1 1.41789E-1 1.56999E-1 1.526E-1 1.8887E-1 1.92763E-1 2.18156E-1 2.23622E-1 2.46093E-1 2.98197E-1 3.63497E-1 2.70598E-1 3.16361E-1 3.38266E-1 2.74702E-1 3.22019E-1 4.58228E-1 2.21926E-1 3.38501E-1 3.02898E-1 2.8066E-1 3.47931E-1 3.32173E-1 3.69934E-1 3.87824E-1 3.10277E-1 4.7244E-1 3.09854E-1 2.23229E-1 2.2177E-1 2.32237E-1 2.74459E-1 2.06774E-1 3.3002E-1 4.31558E-1 4.07922E-1 3.69942E-1 3.51089E-1 1.01094E-1 1.15764E-1 2.25597E-1 2.2436E-1 3.07403E-1 2.47451E-1 2.54285E-1 2.64302E-1 2.57907E-1 2.2353E-1 1.61467E-1 1.95732E-1 1.84277E-1 1.6093E-1 9.98678E-2 8.22435E-2
4.09737E-1 4.75209E-1 3.21677E-1 2.50635E-1 1.87181E-1 1.70165E-1 1.35255E-1 1.2367E-1 1.34475E-1 1.7139E-1 1.67008E-1 1.79493E-1 1.96457E-1 2.04956E-1 2.17055E-1 3.24777E-1 2.10925E-1 2.71304E-1 3.15953E-1 3.52338E-1 2.70439E-1 3.31957E-1 3.41415E-1 3.76571E-1 3.53406E-1 1.68116E-1 3.17026E-1 3.51729E-1 3.37088E-1 1.47227E-1 2.0596E-1 2.19954E-1 2.50174E-1 2.32135E-1 2.37503E-1 2.54022E-1 2.80201E-1 3.63855E-1 3.70539E-1 3.23573E-1 3.91699E-1 3.71647E-1 3.36958E-1 2.99473E-1 2.09973E-1 1.65014E-1 2.03098E-1 2.23351E-1 2.24186E-1 2.4114E-1 2.62152E-1 2.65803E-1 2.29988E-1 2.05844E-1 1.83785E-1 2.01757E-1 1.73488E-1 1.51469E-1 1.2172E-1 9.89119E-2
5.08338E-1 4.76784E-1 3.09701E-1 2.65647E-1 2.17678E-1 1.87955E-1 1.39219E-1 1.12684E-1 1.10743E-1 1.1633E-1 1.81857E-1 1.47288E-1 1.61959E-1 1.60535E-1 1.85102E-1 2.35941E-1 2.83112E-1 3.58077E-1 3.41158E-1 3.42449E-1 2.87878E-1 3.54104E-1 4.33874E-1 3.16345E-1 3.66977E-1 4.02936E-1 3.254E-1 3.6233E-1 1.12544E-1 2.98782E-1 1.79118E-1 2.89614E-1 3.11118E-1 2.37001E-1 2.59467E-1 2.89952E-1 1.22619E-1 3.28444E-1 3.21514E-1 3.05172E-1 3.8147E-1 3.48439E-1 3.20079E-1 3.07013E-1 2.39343E-1 6.28502E-2 2.01354E-1 3.33209E-1 2.99127E-1 2.9015E-1 2.85619E-1 2.55071E-1 2.0506E-1 1.89257E-1 1.59207E-1 1.19847E-1 1.22574E-1 1.39157E-1 1.09521E-1 9.0326E-2
4.42591E-1 3.86511E-1 3.10489E-1 3.02725E-1 2.23003E-1 1.93687E-1 1.46522E-1 1.23772E-1 9.16805E-2 1.05128E-1 1.59592E-1 1.42783E-1 1.38051E-1 1.62219E-1 1.90251E-1 2.28423E-1 3.08712E-1 3.45349E-1 4.96461E-1 3.56634E-1 3.06138E-1 3.75758E-1 3.62539E-1 3.71519E-1 3.33386E-1 3.64727E-1 3.00801E-1 2.96593E-1 1.78517E-1 3.07305E-1 1.95855E-1 2.38569E-1 2.46581E-1 3.17155E-1 2.76223E-1 2.92918E-1 3.167E-1 3.17767E-1 2.91363E-1 2.89239E-1 3.60187E-1 3.15857E-1 2.8776E-1 2.6299E-1 2.9468E-1 9.08706E-2 2.68808E-1 2.76329E-1 2.85468E-1 2.62407E-1 2.30847E-1 2.09384E-1 2.04663E-1 1.77755E-1 1.35087E-1 9.69588E-2 8.04142E-2 9.32556E-2 9.59808E-2 9.9527E-2
2.45673E-1 4.17326E-1 3.34196E-1 3.0329E-1 2.63509E-1 2.22766E-1 1.68142E-1 1.44025E-1 1.03786E-1 8.84318E-2 1.1125E-1 1.38628E-1 1.50397E-1 1.7163E-1 2.04496E-1 2.41416E-1 2.70222E-1 3.48343E-1 4.59567E-1 5.44013E-1 3.10137E-1 4.46793E-1 2.70514E-1 3.754E-1 3.16231E-1 1.11903E-1 2.60685E-1 2.31287E-1 1.78102E-1 2.84916E-1 1.51262E-1 1.9084E-1 2.81932E-1 3.30238E-1 4.1341E-1 2.62252E-1 3.18902E-1 3.01612E-1 2.76167E-1 2.67859E-1 3.66335E-1 3.14045E-1 2.72073E-1 2.56546E-1 2.41064E-1 1.73893E-1 2.67501E-1 2.32756E-1 1.77243E-1 1.58043E-1 1.74715E-1 1.8221E-1 1.82023E-1 1.42827E-1 1.03124E-1 1.25839E-1 1.11302E-1 1.05522E-1 1.21263E-1 9.39254E-2
4.47794E-1 5.21248E-1 3.80895E-1 3.59093E-1 3.7622E-1 2.25462E-1 1.58096E-1 1.35145E-1 1.03296E-1 9.31181E-2 1.21081E-1 1.41964E-1 1.69139E-1 1.9168E-1 2.29906E-1 2.20638E-1 2.57572E-1 2.85052E-1 3.71883E-1 3.88604E-1 3.44144E-1 3.79376E-1 4.14973E-1 4.49051E-1 1.82666E-1 2.34695E-1 1.92002E-1 1.84777E-1 1.71129E-1 1.48243E-1 6.97262E-2 7.07793E-2 1.34325E-1 2.22714E-1 2.10222E-1 3.00988E-1 2.6683E-1 2.57845E-1 2.44894E-1 2.40902E-1 2.34065E-1 2.70831E-1 1.83655E-1 1.48792E-1 4.34095E-2 1.06391E-1 1.96052E-1 1.63824E-1 1.34929E-1 1.19121E-1 1.45026E-1 1.44578E-1 1.28986E-1 1.34854E-1 1.75054E-1 1.06982E-1 1.14053E-1 1.2473E-1 1.17268E-1 5.77862E-2
5.73232E-1 5.23205E-1 3.77477E-1 4.22487E-1 3.85311E-1 2.12727E-1 1.66374E-1 1.50692E-1 1.1017E-1 1.08106E-1 1.33214E-1 1.56722E-1 1.82358E-1 2.12292E-1 2.29815E-1 2.12142E-1 2.48626E-1 3.00834E-1 3.35753E-1 4.73242E-1 3.34717E-1 2.39361E-1 2.12449E-1 1.92801E-1 2.10942E-1 1.89148E-1 1.68957E-1 1.44762E-1 1.42411E-1 1.27392E-1 6.24613E-2 1.0611E-1 1.19888E-1 1.28141E-1 3.11343E-1 2.40459E-1 1.9756E-1 1.76391E-1 2.10641E-1 2.23602E-1 2.9421E-1 3.68567E-1 2.01473E-1 1.42326E-1 8.9401E-2 9.5323E-2 9.68922E-2 1.70959E-1 1.57425E-1 1.46046E-1 1.37923E-1 1.22448E-1 1.0454E-1 1.38526E-1 1.18889E-1 8.7874E-2 1.32575E-1 1.38544E-1 1.30362E-1 6.57225E-2
4.00567E-1 4.52416E-1 3.78763E-1 4.86117E-1 3.93428E-1 2.16301E-1 1.78171E-1 1.60254E-1 1.27654E-1 1.28325E-1 1.53665E-1 1.66175E-1 1.91588E-1 2.25391E-1 2.6146E-1 2.34336E-1 2.66016E-1 3.25163E-1 3.9178E-1 5.08404E-1 3.40451E-1 4.6892E-1 2.35387E-1 2.11157E-1 2.57128E-1 2.22472E-1 1.9025E-1 1.36709E-1 1.28941E-1 9.64942E-2 5.01759E-2 1.01566E-1 1.04451E-1 1.14344E-1 1.67603E-1 1.76807E-1 1.36677E-1 2.33781E-1 2.15291E-1 2.21107E-1 2.63233E-1 2.76069E-1 1.45197E-1 2.12354E-1 1.90172E-1 1.32302E-1 8.57798E-2 9.30309E-2 1.64116E-1 1.15433E-1 1.13122E-1 9.44584E-2 9.61186E-2 1.181E-1 1.14699E-1 9.40728E-2 1.32912E-1 1.63836E-1 1.26354E-1 7.95573E-2
4.11514E-1 3.85766E-1 4.36005E-1 2.30326E-1 3.9221E-1 2.29585E-1 1.83739E-1 1.81866E-1 1.26944E-1 1.42794E-1 1.91685E-1 2.02729E-1 2.05836E-1 2.39265E-1 2.70501E-1 2.48257E-1 2.84874E-1 3.23837E-1 3.79618E-1 5.37837E-1 3.17078E-1 2.97735E-1 2.28136E-1 1.25758E-1 3.3671E-1 2.72106E-1 2.14661E-1 1.56569E-1 1.3361E-1 1.25132E-1 7.23002E-2 8.13922E-2 9.61974E-2 9.76954E-2 1.1659E-1 2.71618E-1 2.59612E-1 2.26992E-1 2.6618E-1 2.82426E-1 3.2129E-1 3.24816E-1 1.97232E-1 1.43245E-1 1.18195E-1 7.88128E-2 1.31459E-1 1.18258E-1 9.53083E-2 7.31619E-2 7.59962E-2 7.54423E-2 1.12043E-1 1.36943E-1 1.41906E-1 1.17039E-1 1.1851E-1 1.17271E-1 1.15395E-1 1.12034E-1
4.53666E-1 4.09333E-1 3.4497E-1 3.14852E-1 2.45101E-1 2.2799E-1 2.01846E-1 1.79309E-1 1.4029E-1 1.73053E-1 2.41127E-1 2.44173E-1 2.44308E-1 2.56926E-1 2.75253E-1 2.47048E-1 2.91061E-1 3.32082E-1 3.66961E-1 1.40792E-1 3.16134E-1 2.56781E-1 2.11062E-1 2.88694E-1 1.1834E-1 2.97685E-1 2.29716E-1 1.79367E-1 1.41226E-1 1.12166E-1 1.03151E-1 7.29788E-2 8.01548E-2 9.2416E-2 1.14993E-1 2.74171E-1 2.97534E-1 3.03621E-1 3.19146E-1 3.41342E-1 3.74762E-1 3.89807E-1 2.66757E-1 6.65447E-2 1.70999E-1 1.06637E-1 1.82184E-1 1.64126E-1 9.08972E-2 6.27353E-2 8.02666E-2 1.18145E-1 1.78881E-1 1.69576E-1 1.73999E-1 1.49717E-1 1.6451E-1 1.59054E-1 1.35118E-1 1.26475E-1
3.13778E-1 2.94276E-1 2.67455E-1 2.37206E-1 9.92882E-2 3.53607E-1 2.83042E-1 2.35317E-1 2.26134E-1 2.76119E-1 2.81025E-1 2.85993E-1 3.13025E-1 3.02152E-1 2.69088E-1 3.42705E-1 3.78072E-1 4.25128E-1 4.66422E-1 2.29196E-1 2.06186E-1 1.9031E-1 1.55011E-1 1.31114E-1 2.61758E-1 1.78079E-1 1.14414E-1 1.071E-1 8.91304E-2 9.45711E-2 2.3634E-1 2.81876E-1 2.81891E-1 3.02401E-1 3.16214E-1 3.6067E-1 4.1534E-1 3.42791E-1 4.68037E-1 4.52634E-1 3.14277E-1 3.18566E-1 2.97616E-1 9.32528E-2 1.8499E-1 1.84373E-1 1.54944E-1 8.15501E-2 7.90479E-2 6.38845E-2 7.44989E-2 1.1041E-1 1.28435E-1 1.55029E-1 1.87422E-1 1.96537E-1 2.11961E-1 1.90339E-1 1.5407E-1 1.11079E-1
3.254E-1 3.02825E-1 2.77286E-1 2.5983E-1 3.29487E-1 4.31131E-1 2.8194E-1 2.73042E-1 2.68765E-1 3.27546E-1 3.13712E-1 3.3774E-1 4.03349E-1 3.49857E-1 2.91353E-1 3.74823E-1 3.94905E-1 3.52186E-1 2.73754E-1 4.61699E-1 2.39926E-1 1.96825E-1 1.6532E-1 1.14596E-1 1.24934E-1 1.60171E-1 1.46418E-1 1.06096E-1 7.59284E-2 9.10268E-2 2.34763E-1 3.55064E-1 3.26784E-1 3.53824E-1 3.78395E-1 4.16917E-1 4.90973E-1 5.13312E-1 5.28152E-1 5.11358E-1 3.87439E-1 2.65613E-1 3.24544E-1 8.26661E-2 1.9824E-1 1.92932E-1 1.0193E-1 8.41703E-2 7.96603E-2 8.17046E-2 1.01505E-1 1.19923E-1 1.44679E-1 1.83157E-1 2.31355E-1 2.56417E-1 2.74708E-1 2.32857E-1 1.96888E-1 1.33402E-1
3.49664E-1 2.93568E-1 2.646E-1 2.45783E-1 3.06607E-1 3.66732E-1 2.96515E-1 3.04661E-1 3.00527E-1 3.62486E-1 3.60256E-1 3.92684E-1 4.76371E-1 4.07778E-1 3.36579E-1 4.08958E-1 4.16285E-1 4.74359E-1 4.99326E-1 4.37799E-1 2.44091E-1 1.9568E-1 1.5967E-1 1.14841E-1 8.87645E-2 1.24761E-1 9.41297E-2 1.14478E-1 7.25419E-2 9.92467E-2 2.59864E-1 3.55086E-1 3.23749E-1 3.61799E-1 4.08492E-1 4.74541E-1 4.90587E-1 5.60557E-1 5.5243E-1 5.53715E-1 4.12578E-1 1.98693E-1 3.15685E-1 2.66287E-1 1.57938E-1 1.38078E-1 1.15913E-1 9.5513E-2 8.85551E-2 1.1692E-1 1.25667E-1 1.37355E-1 1.54383E-1 2.05716E-1 2.75529E-1 3.21723E-1 3.39687E-1 2.20581E-1 2.27429E-1 1.95738E-1
