Phytophthora/models/20240429_1812_56/Phytophthora_PA1_RUN2_MAXENT_outputs/Phytophthora_PA1_RUN2.asc
ncols         225
nrows         269
xllcorner     473000.0
yllcorner     4429100.0
cellsize      50.0
NODATA_value  -9999
[rows 162 to 188 of 269, columns 0 to 59 of 225]
-9999 -9999 -9999 -9999 -9999 -9999 -9999 -9999 2.65762E-1 4.4757E-1 4.72547E-1 5.276E-1 5.96124E-1 6.68171E-1 7.2722E-1 7.48406E-1 7.81093E-1 7.76611E-1 7.40929E-1 6.76507E-1 5.47119E-1 4.89092E-1 4.71307E-1 5.28816E-1 5.90439E-1 6.24781E-1 7.45395E-1 5.53922E-1 6.15174E-1 6.04321E-1 3.15274E-1 4.36703E-1 4.59702E-1 3.39107E-1 5.426E-1 5.43795E-1 5.23002E-1 5.69396E-1 6.38428E-1 5.57746E-1 5.90971E-1 4.88685E-1 4.05309E-1 3.86703E-1 4.65521E-1 5.25E-1 5.2833E-1 5.34196E-1 5.22958E-1 4.45798E-1 4.58856E-1 5.16075E-1 5.96967E-1 7.09396E-1 4.5104E-1 4.94238E-1 4.33808E-1 5.12558E-1 5.1059E-1 5.91684E-1
-9999 -9999 -9999 -9999 -9999 -9999 -9999 2.39888E-1 2.72869E-1 1.97988E-1 4.45796E-1 4.19985E-1 4.77076E-1 6.73607E-1 7.42255E-1 8.01705E-1 5.75332E-1 6.07051E-1 7.18721E-1 6.1462E-1 5.43733E-1 5.23665E-1 5E-1 5.29455E-1 6.00915E-1 6.498E-1 7.57869E-1 7.13499E-1 5.93104E-1 5.39126E-1 5.77081E-1 5.98727E-1 6.14794E-1 6.43318E-1 6.11846E-1 4.2188E-1 6.0495E-1 6.55549E-1 6.11023E-1 5.92607E-1 6.15962E-1 4.84182E-1 4.16118E-1 4.22109E-1 5.12862E-1 5.69735E-1 5.57574E-1 5.41615E-1 4.95028E-1 4.54277E-1 4.62712E-1 4.96967E-1 5.48206E-1 5.97473E-1 5.8326E-1 3.75217E-1 5.04545E-1 4.63829E-1 6.06055E-1 2.83658E-1
-9999 -9999 -9999 -9999 -9999 -9999 -9999 2.28737E-1 2.45218E-1 3.16341E-1 2.70371E-1 3.68772E-1 4.63381E-1 5.70899E-1 7.12736E-1 7.84028E-1 6.09072E-1 7.73006E-1 4.57769E-1 6.28259E-1 5.86842E-1 5.51436E-1 5.12234E-1 5.08604E-1 5.82174E-1 6.08989E-1 7.24707E-1 7.28621E-1 5.84358E-1 4.40158E-1 4.78155E-1 4.96357E-1 5.28682E-1 5.50117E-1 6.10641E-1 6.73925E-1 4.79849E-1 6.63701E-1 6.63571E-1 6.61857E-1 6.59636E-1 4.99436E-1 4.66515E-1 4.62716E-1 5.754E-1 6.17396E-1 5.90839E-1 5.53467E-1 5.15582E-1 5.00297E-1 4.60227E-1 5.03886E-1 5.865E-1 6.69663E-1 5.19904E-1 5.43901E-1 4.98547E-1 2.39802E-1 4.86163E-1 4.20944E-1
-9999 -9999 -9999 -9999 -9999 -9999 1.63802E-1 1.60778E-1 1.66788E-1 2.10078E-1 2.71052E-1 3.45737E-1 4.0121E-1 5.06737E-1 6.62668E-1 5.89264E-1 7.20558E-1 7.00054E-1 5.07625E-1 6.57427E-1 5.98988E-1 5.60973E-1 5.16981E-1 4.85873E-1 5.58275E-1 5.75379E-1 6.88708E-1 6.81799E-1 5.4234E-1 6.33916E-1 3.54907E-1 3.39303E-1 3.54417E-1 3.82097E-1 5.00963E-1 5.64619E-1 5.98164E-1 5.15316E-1 6.81783E-1 6.68259E-1 6.5953E-1 5.36265E-1 5.44066E-1 5.02741E-1 5.9493E-1 3.68225E-1 6.16E-1 5.76434E-1 5.21359E-1 4.81741E-1 4.62462E-1 5.13246E-1 5.03642E-1 6.07923E-1 4.88345E-1 3.53987E-1 4.15713E-1 3.68144E-1 2.96314E-1 2.45375E-1
-9999 -9999 -9999 -9999 -9999 1.95796E-1 1.90244E-1 1.89448E-1 2.19437E-1 3.14671E-1 4.65421E-1 4.56027E-1 4.93101E-1 5.37269E-1 6.55734E-1 6.58049E-1 5.55509E-1 5.75174E-1 5.75845E-1 5.42166E-1 5.20375E-1 4.8171E-1 4.45164E-1 4.08854E-1 4.45882E-1 4.29388E-1 4.81055E-1 4.53069E-1 5.14647E-1 2.80701E-1 2.87333E-1 3.21301E-1 3.63826E-1 4.24823E-1 4.94829E-1 5.45084E-1 5.50487E-1 5.96513E-1 7.18655E-1 7.01239E-1 7.02298E-1 5.24915E-1 6.31824E-1 5.93641E-1 5.48996E-1 6.50874E-1 6.05297E-1 5.84266E-1 5.32712E-1 4.7577E-1 4.42417E-1 5.22689E-1 4.35862E-1 4.30161E-1 4.00168E-1 3.5501E-1 4.09075E-1 3.14242E-1 2.88201E-1 2.57211E-1
-9999 -9999 -9999 -9999 -9999 2.03931E-1 2.15392E-1 2.71132E-1 3.30261E-1 3.96978E-1 5.26897E-1 4.94459E-1 4.73282E-1 3.87138E-1 5.0886E-1 4.59253E-1 5.01412E-1 5.24036E-1 5.09531E-1 4.93823E-1 5.24206E-1 4.23348E-1 4.39413E-1 3.80709E-1 4.05235E-1 3.54264E-1 4.03601E-1 3.53264E-1 3.49409E-1 3.19029E-1 3.54518E-1 3.89859E-1 4.13824E-1 5.29252E-1 5.70885E-1 5.9023E-1 5.96572E-1 6.16883E-1 6.95059E-1 6.44002E-1 5.97263E-1 5.55719E-1 6.28204E-1 5.98298E-1 6.10081E-1 6.29805E-1 6.03073E-1 5.59443E-1 5.52002E-1 5.47133E-1 5.08395E-1 4.51973E-1 2.54699E-1 3.32074E-1 3.85226E-1 1.79197E-1 3.09404E-1 2.96282E-1 2.97871E-1 2.99574E-1
-9999 -9999 -9999 -9999 -9999 2.22351E-1 2.99471E-1 3.63484E-1 4.03492E-1 4.5972E-1 5.68191E-1 5.45007E-1 5.32155E-1 5.72602E-1 4.56996E-1 4.61169E-1 4.92457E-1 5.36677E-1 5.19921E-1 5.21605E-1 4.08517E-1 3.64016E-1 4.47817E-1 3.35546E-1 4.23664E-1 3.17293E-1 2.534E-1 4.48674E-1 4.26606E-1 4.22351E-1 4.30371E-1 4.65426E-1 5.27053E-1 6.40382E-1 6.27256E-1 5.21069E-1 6.65211E-1 7.00935E-1 6.65615E-1 5.96159E-1 5.14495E-1 5.39065E-1 6.04453E-1 5.71733E-1 5.76563E-1 6.11046E-1 5.89496E-1 5.55101E-1 4.93625E-1 4.29221E-1 3.39173E-1 3.19007E-1 3.46888E-1 4.0583E-1 3.87757E-1 2.73912E-1 3.99684E-1 4.35616E-1 4.01426E-1 3.59834E-1
-9999 -9999 -9999 -9999 -9999 2.66181E-1 3.4768E-1 4.01983E-1 4.61011E-1 5.07362E-1 6.1232E-1 5.90116E-1 4.60628E-1 5.36433E-1 5.01515E-1 4.94435E-1 4.66878E-1 5.0063E-1 4.77528E-1 4.46734E-1 3.70936E-1 3.96679E-1 3.59046E-1 2.56986E-1 3.21452E-1 1.59106E-1 4.80735E-1 4.59474E-1 4.78544E-1 5.27872E-1 5.83269E-1 6.30102E-1 6.59675E-1 6.90445E-1 4.81464E-1 5.9315E-1 6.9242E-1 6.49475E-1 6.57557E-1 5.13369E-1 4.79614E-1 5.17424E-1 5.13394E-1 5.26116E-1 5.62482E-1 6.01955E-1 5.38249E-1 4.76787E-1 4.69709E-1 4.12088E-1 3.39901E-1 3.19108E-1 3.19594E-1 3.31831E-1 3.34962E-1 3.59525E-1 4.11447E-1 4.40082E-1 4.7174E-1 4.61944E-1
-9999 -9999 -9999 -9999 1.07703E-1 2.9659E-1 3.73142E-1 4.25096E-1 4.91084E-1 5.59062E-1 6.68184E-1 6.37492E-1 4.29872E-1 6.00508E-1 5.76885E-1 5.32028E-1 4.44885E-1 4.30823E-1 4.41856E-1 4.06869E-1 3.32712E-1 2.98802E-1 3.46638E-1 3.44903E-1 2.8225E-1 3.88211E-1 4.64551E-1 4.62236E-1 5.21722E-1 5.65479E-1 6.32991E-1 6.63865E-1 6.04773E-1 5.37202E-1 5.47004E-1 6.92072E-1 6.46055E-1 6.32243E-1 5.63529E-1 4.58723E-1 4.45493E-1 4.53795E-1 4.72595E-1 4.66695E-1 5.05141E-1 6.417E-1 5.22375E-1 4.56217E-1 4.21982E-1 3.77521E-1 3.19584E-1 3.77556E-1 3.63588E-1 3.74258E-1 4.85468E-1 2.68654E-1 3.23255E-1 3.94066E-1 4.85837E-1 4.39219E-1
-9999 -9999 -9999 -9999 6.54257E-2 1.5642E-1 1.67687E-1 2.14612E-1 2.66759E-1 3.07373E-1 1.84862E-1 2.703E-1 3.27464E-1 3.09667E-1 2.8112E-1 3.12293E-1 2.39009E-1 2.02202E-1 1.09655E-1 1.84408E-1 1.40422E-1 1.75744E-1 1.85244E-1 1.9858E-1 2.48823E-1 4.40012E-1 5.72729E-1 6.10942E-1 6.41172E-1 6.25922E-1 6.4549E-1 3.47865E-1 6.51928E-1 6.84229E-1 7.46603E-1 7.38185E-1 7.27233E-1 7.1628E-1 6.09752E-1 5.40013E-1 5.24887E-1 5.28752E-1 5.35474E-1 5.40119E-1 5.35228E-1 6.25535E-1 4.95444E-1 4.28885E-1 4.29534E-1 3.92237E-1 4.41644E-1 5.07238E-1 4.9291E-1 5.48242E-1 5.67239E-1 6.36421E-1 5.54999E-1 5.98075E-1 6.79914E-1 7.12185E-1
-9999 -9999 -9999 -9999 1.19402E-1 1.51881E-1 1.51616E-1 2.10949E-1 2.532E-1 2.78523E-1 3.17414E-1 3.90424E-1 3.71754E-1 2.53385E-1 2.3554E-1 1.57918E-1 2.28031E-1 1.4991E-1 1.81574E-1 1.3902E-1 1.43733E-1 1.65074E-1 1.80691E-1 2.09229E-1 2.49284E-1 4.43311E-1 5.20979E-1 4.32881E-1 3.94906E-1 6.29066E-1 6.35345E-1 6.41213E-1 6.37482E-1 7.46324E-1 7.31551E-1 7.27392E-1 7.19232E-1 6.26832E-1 5.44178E-1 4.90724E-1 4.87222E-1 4.89142E-1 4.88759E-1 5.0704E-1 4.99072E-1 5.73845E-1 4.86425E-1 4.08052E-1 4.11603E-1 4.45859E-1 4.85882E-1 4.69943E-1 3.84582E-1 4.03344E-1 4.32197E-1 6.27263E-1 6.96856E-1 6.23475E-1 6.0416E-1 6.04879E-1
-9999 -9999 -9999 -9999 9.26566E-2 1.60187E-1 1.65379E-1 2.04596E-1 2.26651E-1 2.40708E-1 2.56604E-1 2.9411E-1 2.72948E-1 2.19428E-1 1.45852E-1 1.75316E-1 2.19209E-1 1.77672E-1 1.27592E-1 1.52254E-1 1.68785E-1 1.94716E-1 2.20617E-1 2.44185E-1 2.98819E-1 4.60485E-1 5.10184E-1 5.36175E-1 5.64761E-1 5.84954E-1 6.11347E-1 6.26283E-1 7.13602E-1 7.10521E-1 7.0852E-1 7.10393E-1 6.86023E-1 5.65459E-1 5.1144E-1 4.68417E-1 4.88607E-1 4.66392E-1 4.37699E-1 4.57956E-1 4.71425E-1 5.08843E-1 5.26925E-1 4.31637E-1 4.4337E-1 5.34459E-1 2.8087E-1 5.7169E-1 4.44585E-1 4.57496E-1 4.63282E-1 4.94345E-1 5.91132E-1 7.26341E-1 6.49826E-1 5.88881E-1
-9999 -9999 -9999 -9999 9.57552E-2 1.24434E-1 1.62017E-1 2.38003E-1 2.59118E-1 2.45875E-1 2.54131E-1 2.74011E-1 2.01515E-1 2.74264E-1 1.70597E-1 1.78931E-1 1.97254E-1 1.70167E-1 1.56758E-1 1.78115E-1 2.13873E-1 2.40018E-1 2.53656E-1 2.94304E-1 3.38258E-1 5.71376E-1 5.58024E-1 5.52655E-1 5.37147E-1 5.55914E-1 5.39075E-1 5.86488E-1 6.77973E-1 6.89397E-1 6.85188E-1 6.84871E-1 5.99935E-1 5.4825E-1 5.87421E-1 5.16524E-1 5.37854E-1 5.26684E-1 4.78374E-1 4.85553E-1 5.43537E-1 4.88216E-1 5.5338E-1 5.57001E-1 4.36594E-1 4.82963E-1 4.39627E-1 4.35442E-1 4.62658E-1 5.01375E-1 5.07515E-1 5.39728E-1 3.38506E-1 5.72881E-1 5.13925E-1 5.65245E-1
-9999 -9999 -9999 8.54931E-2 9.03367E-2 1.34884E-1 1.85526E-1 2.47112E-1 2.72648E-1 2.89455E-1 2.78163E-1 3.09401E-1 3.94187E-1 1.91189E-1 1.83686E-1 2.27518E-1 1.94588E-1 2.15465E-1 2.25221E-1 2.29635E-1 2.91288E-1 3.34997E-1 3.69371E-1 3.64266E-1 4.4841E-1 4.64666E-1 6.48318E-1 6.2185E-1 5.66212E-1 5.41334E-1 4.8905E-1 5.00982E-1 6.64541E-1 6.59158E-1 6.44382E-1 6.46453E-1 6.05515E-1 6.12214E-1 6.75509E-1 5.66814E-1 5.80872E-1 5.99642E-1 5.30518E-1 5.2775E-1 5.96508E-1 5.47239E-1 5.72801E-1 3.95051E-1 3.46476E-1 4.53608E-1 5.2924E-1 5.18474E-1 5.16937E-1 5.37631E-1 5.3783E-1 5.58461E-1 5.23122E-1 4.8557E-1 5.66582E-1 5.82101E-1
3.24032E-2 3.8554E-2 5.61528E-2 7.99006E-2 1.1169E-1 2.19297E-1 3.00758E-1 3.63895E-1 2.7168E-1 2.67422E-1 3.37922E-1 2.17845E-1 1.91995E-1 2.66754E-1 2.61153E-1 3.39075E-1 2.9684E-1 4.08746E-1 4.22385E-1 3.53894E-1 5.62602E-1 5.79923E-1 6.17418E-1 3.60327E-1 6.85371E-1 6.13778E-1 7.76518E-1 7.41564E-1 6.97718E-1 6.06605E-1 5.10603E-1 4.90745E-1 6.05878E-1 6.58443E-1 6.52015E-1 7.78079E-1 7.56237E-1 7.67307E-1 8.09025E-1 7.38767E-1 6.31502E-1 6.56224E-1 6.01159E-1 5.81076E-1 3.88217E-1 5.70539E-1 4.15669E-1 2.94023E-1 3.33649E-1 3.51815E-1 3.50309E-1 4.21996E-1 4.39959E-1 4.63893E-1 5.00409E-1 5.72614E-1 5.46286E-1 6.1721E-1 5.61683E-1 6.18377E-1
-9999 4.43042E-2 5.63658E-2 7.46985E-2 1.05592E-1 2.50056E-1 2.92374E-1 3.13069E-1 3.3565E-1 2.32416E-1 3.67459E-1 1.30961E-1 3.11062E-1 3.31399E-1 3.32046E-1 4.78713E-1 4.42948E-1 4.68115E-1 4.64523E-1 5.25843E-1 6.85349E-1 7.04347E-1 6.95713E-1 6.6534E-1 6.90665E-1 6.95564E-1 7.50607E-1 7.87206E-1 7.06923E-1 6.00909E-1 4.87599E-1 4.50761E-1 4.71265E-1 6.27589E-1 6.62454E-1 7.99525E-1 8.09729E-1 8.05819E-1 8.29702E-1 7.79538E-1 6.79857E-1 6.88789E-1 5.97309E-1 7.2489E-1 4.96857E-1 3.81515E-1 3.5115E-1 3.24117E-1 3.23137E-1 3.71793E-1 3.74864E-1 4.02337E-1 4.82226E-1 5.20056E-1 5.49244E-1 6.11506E-1 5.60588E-1 6.08385E-1 6.97379E-1 6.10167E-1
-9999 -9999 7.56891E-2 8.83237E-2 1.31873E-1 2.42885E-1 2.81001E-1 2.89115E-1 3.13866E-1 3.61111E-1 3.64583E-1 4.97932E-1 4.12233E-1 3.89033E-1 3.79959E-1 4.2734E-1 4.26631E-1 4.68942E-1 4.11707E-1 4.36657E-1 5.58235E-1 5.57944E-1 5.98151E-1 5.54916E-1 4.94517E-1 6.16615E-1 7.957E-1 8.30358E-1 7.55379E-1 6.6963E-1 5.40142E-1 4.8419E-1 4.43828E-1 5.86314E-1 6.80433E-1 8.05841E-1 8.34186E-1 8.36466E-1 8.51174E-1 8.1402E-1 7.65417E-1 5.8651E-1 6.24827E-1 5.57123E-1 5.41783E-1 4.15219E-1 4.19946E-1 3.97095E-1 4.50176E-1 4.52826E-1 4.14917E-1 4.89319E-1 4.71377E-1 5.09695E-1 5.219E-1 6.73255E-1 6.22985E-1 5.68627E-1 6.41156E-1 5.71987E-1
-9999 -9999 -9999 1.2079E-1 1.70122E-1 2.7393E-1 3.17752E-1 3.0222E-1 2.89967E-1 3.04077E-1 3.63133E-1 4.27927E-1 4.16114E-1 3.87581E-1 3.71743E-1 3.87454E-1 2.92904E-1 3.38208E-1 3.83345E-1 2.2795E-1 5.38767E-1 5.0028E-1 2.53327E-1 4.47051E-1 5.96972E-1 6.5073E-1 7.08427E-1 7.88848E-1 7.98036E-1 7.71434E-1 6.13953E-1 5.34102E-1 4.59095E-1 5.41459E-1 6.97766E-1 8.03938E-1 8.32064E-1 8.60383E-1 8.74656E-1 6.74106E-1 7.47143E-1 6.90464E-1 5.86801E-1 6.23222E-1 6.19886E-1 5.3916E-1 4.73337E-1 4.31128E-1 5.00589E-1 5.76446E-1 3.00881E-1 5.44088E-1 5.11507E-1 5.16675E-1 4.57012E-1 6.88145E-1 6.31803E-1 5.7059E-1 5.20074E-1 5.27503E-1
-9999 -9999 -9999 -9999 1.91841E-1 3.10689E-1 3.51788E-1 3.64785E-1 3.20229E-1 2.91568E-1 2.97162E-1 3.43651E-1 3.2658E-1 2.95404E-1 2.79688E-1 3.35512E-1 3.55888E-1 4.00228E-1 3.60218E-1 3.82905E-1 5.3106E-1 5.50282E-1 4.85365E-1 4.83304E-1 5.9002E-1 6.8345E-1 6.84543E-1 7.41692E-1 8.11344E-1 7.72562E-1 6.96394E-1 6.64474E-1 4.99206E-1 5.2709E-1 6.77274E-1 8.08173E-1 8.26901E-1 8.60307E-1 8.65997E-1 8.44949E-1 6.19633E-1 5.71251E-1 5.29549E-1 5.98313E-1 6.31706E-1 4.98962E-1 3.9969E-1 4.92492E-1 5.47739E-1 5.16665E-1 5.56098E-1 5.42302E-1 5.24111E-1 5.61528E-1 5.99588E-1 6.97373E-1 6.43511E-1 6.09064E-1 5.69359E-1 4.65185E-1
-9999 -9999 -9999 -9999 4.06481E-1 4.21284E-1 4.68098E-1 2.4374E-1 4.63523E-1 4.0052E-1 1.50506E-1 2.66418E-1 2.68883E-1 2.71106E-1 3.0782E-1 6.54044E-1 6.68808E-1 6.8216E-1 6.8701E-1 7.18045E-1 7.38833E-1 5.15838E-1 6.86459E-1 6.25609E-1 6.58315E-1 6.63359E-1 7.16996E-1 7.45507E-1 7.35939E-1 7.47921E-1 7.29052E-1 6.82664E-1 6.50132E-1 5.78955E-1 6.73206E-1 6.19562E-1 6.30027E-1 6.7803E-1 6.41178E-1 6.97859E-1 5.48517E-1 5.0408E-1 4.6324E-1 4.91774E-1 5.22119E-1 6.06125E-1 3.49154E-1 4.92139E-1 7.17966E-1 8.0526E-1 7.28933E-1 6.76875E-1 6.73569E-1 6.82621E-1 6.69574E-1 6.39646E-1 6.14878E-1 6.73224E-1 4.13026E-1 3.67292E-1
-9999 -9999 -9999 -9999 -9999 -9999 4.15528E-1 3.89145E-1 3.88245E-1 4.17342E-1 2.36685E-1 2.0732E-1 2.23099E-1 2.62465E-1 3.0071E-1 6.83532E-1 6.94414E-1 6.95256E-1 6.83945E-1 6.88511E-1 6.35247E-1 7.39841E-1 5.30677E-1 5.59408E-1 6.46969E-1 6.00138E-1 6.53165E-1 6.61116E-1 6.54375E-1 6.71092E-1 6.47493E-1 6.72972E-1 6.59656E-1 7.04106E-1 7.19063E-1 6.15554E-1 6.37355E-1 6.71717E-1 7.12171E-1 6.87637E-1 5.02373E-1 4.00535E-1 3.9426E-1 4.42915E-1 4.83707E-1 5.8216E-1 5.95344E-1 6.54387E-1 6.86733E-1 6.40415E-1 5.00855E-1 5.40867E-1 6.37763E-1 6.51536E-1 6.25198E-1 5.71116E-1 6.46808E-1 5.33324E-1 4.3963E-1 4.02808E-1
-9999 -9999 -9999 -9999 -9999 -9999 -9999 -9999 -9999 2.91678E-1 1.92663E-1 1.79123E-1 2.24879E-1 3.0062E-1 3.05308E-1 6.99706E-1 6.96014E-1 6.80524E-1 6.40349E-1 4.73468E-1 5.99288E-1 5.94109E-1 5.56827E-1 5.70772E-1 5.74557E-1 5.57564E-1 6.12471E-1 6.39723E-1 6.34288E-1 6.19871E-1 5.64631E-1 6.313E-1 6.99329E-1 7.15658E-1 7.29755E-1 5.94185E-1 6.5276E-1 4.24023E-1 6.72074E-1 5.59141E-1 4.62816E-1 4.0477E-1 3.69995E-1 3.93178E-1 4.6296E-1 6.00169E-1 6.25159E-1 6.28409E-1 6.87947E-1 6.63469E-1 6.53126E-1 5.97876E-1 6.22008E-1 6.52485E-1 6.07083E-1 5.0319E-1 3.60688E-1 3.6023E-1 3.842E-1 4.3344E-1
-9999 -9999 -9999 -9999 -9999 -9999 -9999 -9999 -9999 -9999 1.83009E-1 1.5122E-1 2.42415E-1 2.55145E-1 3.24946E-1 7.23628E-1 7.14153E-1 7.16138E-1 6.8194E-1 6.75928E-1 6.15556E-1 5.606E-1 4.96492E-1 5.40204E-1 5.49726E-1 5.61665E-1 5.77379E-1 6.08757E-1 6.17175E-1 6.0533E-1 5.26165E-1 5.77133E-1 6.54943E-1 7.52057E-1 7.48054E-1 6.65476E-1 6.65864E-1 6.66187E-1 5.11532E-1 5.24872E-1 4.37486E-1 4.23367E-1 3.97303E-1 3.67187E-1 4.30186E-1 5.82441E-1 5.96982E-1 6.44728E-1 6.46257E-1 6.15882E-1 5.99903E-1 5.62375E-1 6.38327E-1 6.71879E-1 5.95481E-1 5.24308E-1 4.40067E-1 4.47736E-1 4.51212E-1 4.94502E-1
-9999 -9999 -9999 -9999 -9999 -9999 -9999 -9999 -9999 -9999 -9999 -9999 -9999 2.67124E-1 3.60699E-1 7.37036E-1 7.62166E-1 6.62967E-1 7.24256E-1 7.01848E-1 6.54687E-1 6.25304E-1 5.65781E-1 5.58042E-1 7.06365E-1 6.13365E-1 6.33691E-1 6.47993E-1 6.33723E-1 6.00128E-1 5.33962E-1 5.71828E-1 5.95093E-1 6.47242E-1 7.68997E-1 6.85096E-1 6.48179E-1 6.83038E-1 6.6347E-1 4.46648E-1 4.12567E-1 4.00706E-1 4.12692E-1 3.71702E-1 4.24376E-1 5.91266E-1 6.19689E-1 6.84193E-1 6.5191E-1 6.20529E-1 6.15956E-1 6.13076E-1 6.98602E-1 7.00926E-1 6.85092E-1 5.57284E-1 4.96867E-1 5.07537E-1 4.93159E-1 4.99211E-1
-9999 -9999 -9999 -9999 -9999 -9999 -9999 -9999 -9999 -9999 -9999 -9999 -9999 -9999 4.57491E-1 7.8888E-1 6.69614E-1 7.74174E-1 7.68211E-1 6.9305E-1 3.41122E-1 2.81621E-1 4.55064E-1 5.04655E-1 5.68505E-1 5.89986E-1 5.82362E-1 6.04141E-1 6.29541E-1 6.71081E-1 7.10253E-1 6.61131E-1 6.45033E-1 8.01389E-1 7.812E-1 4.39716E-1 2.98782E-1 6.73968E-1 5.10812E-1 4.92616E-1 3.60544E-1 3.4586E-1 3.37393E-1 3.2966E-1 4.1605E-1 6.78981E-1 7.39149E-1 7.60602E-1 7.2357E-1 6.78145E-1 6.13954E-1 6.9949E-1 6.44066E-1 5.9841E-1 5.43819E-1 5.71601E-1 5.63561E-1 5.89308E-1 5.62594E-1 5.27756E-1
-9999 -9999 -9999 -9999 -9999 -9999 -9999 -9999 -9999 -9999 -9999 -9999 -9999 -9999 -9999 8.10286E-1 5.95368E-1 7.68074E-1 7.62873E-1 7.0929E-1 3.45032E-1 4.58495E-1 4.8919E-1 3.61144E-1 5.47322E-1 6.16694E-1 6.18732E-1 6.24314E-1 6.57915E-1 6.92793E-1 7.28244E-1 7.5964E-1 7.66055E-1 7.1974E-1 7.04154E-1 4.73886E-1 5.08078E-1 4.93846E-1 5.15804E-1 5.01459E-1 3.62732E-1 3.66769E-1 3.69126E-1 3.92286E-1 4.73351E-1 7.24827E-1 5.59504E-1 7.49483E-1 7.18188E-1 6.69103E-1 6.27151E-1 6.71189E-1 5.14786E-1 5.44878E-1 5.7475E-1 5.85137E-1 5.72703E-1 6.05765E-1 5.09634E-1 6.02517E-1
-9999 -9999 -9999 -9999 -9999 -9999 -9999 -9999 -9999 -9999 -9999 -9999 -9999 -9999 -9999 7.94824E-1 6.79497E-1 7.53408E-1 7.78861E-1 6.49175E-1 5.49076E-1 4.72019E-1 4.68834E-1 5.02909E-1 5.69214E-1 6.54799E-1 6.53925E-1 6.56869E-1 6.29972E-1 6.15008E-1 7.00935E-1 7.42355E-1 7.83054E-1 8.11818E-1 7.71597E-1 6.08985E-1 3.45144E-1 6.58498E-1 6.31155E-1 6.0103E-1 4.77767E-1 4.363E-1 4.08703E-1 4.06545E-1 4.31006E-1 6.86051E-1 7.43907E-1 7.43039E-1 7.07828E-1 6.426E-1 7.05469E-1 6.4578E-1 5.58079E-1 5.92013E-1 5.73796E-1 5.85278E-1 5.87619E-1 5.30524E-1 6.35152E-1 6.52943E-1
