Phytophthora/models/20240529_1714_25/Phytophthora_PA3_RUN4_MAXENT_outputs/projMaxent.asc
ncols         225
nrows         269
xllcorner     473009.9838
yllcorner     4429051.1748
cellsize      50.0
NODATA_value  -9999
[rows 156 to 181 of 269, columns 0 to 58 of 225]
-9999 -9999 -9999 -9999 -9999 -9999 -9999 -9999 2.59858E-1 2.69012E-1 5.79875E-1 7.26623E-1 9.08891E-1 9.49781E-1 9.73684E-1 9.82018E-1 9.76516E-1 9.7842E-1 9.85124E-1 9.70257E-1 8.23571E-1 6.72667E-1 6.37802E-1 6.83001E-1 7.51924E-1 6.04138E-1 6.3667E-1 9.17293E-1 8.73731E-1 8.49357E-1 8.62192E-1 8.15882E-1 7.71414E-1 5.71295E-1 4.86988E-1 6.69307E-1 8.82789E-1 9.4295E-1 9.73892E-1 9.62457E-1 9.68367E-1 9.73187E-1 8.36465E-1 5.64811E-1 5.57544E-1 7.40811E-1 7.61854E-1 6.75813E-1 5.64537E-1 4.88894E-1 5.54424E-1 5.52641E-1 6.32782E-1 7.55395E-1 8.74419E-1 8.54206E-1 6.09212E-1 4.93586E-1 6.00193E-1
-9999 -9999 -9999 -9999 -9999 -9999 -9999 -9999 2.21231E-1 2.50579E-1 6.68977E-1 7.61914E-1 8.3064E-1 9.56914E-1 9.73241E-1 8.71828E-1 9.81517E-1 9.86884E-1 9.75494E-1 9.26451E-1 6.16737E-1 6.00452E-1 7.03948E-1 8.33513E-1 8.5496E-1 6.7871E-1 7.41152E-1 8.83871E-1 8.70939E-1 8.92923E-1 8.55971E-1 8.63543E-1 7.69403E-1 5.68826E-1 5.64236E-1 8.2992E-1 9.57143E-1 9.91408E-1 9.87759E-1 9.87068E-1 9.85317E-1 9.41523E-1 6.68768E-1 5.43413E-1 6.20501E-1 6.85945E-1 7.42643E-1 6.82631E-1 6.02027E-1 7.08056E-1 7.34051E-1 6.98847E-1 6.89392E-1 8.09785E-1 8.84761E-1 7.58003E-1 6.16741E-1 6.21028E-1 4.95558E-1
-9999 -9999 -9999 -9999 -9999 -9999 -9999 -9999 1.60498E-1 3.55179E-1 6.52926E-1 7.79273E-1 8.80922E-1 9.51152E-1 8.49502E-1 8.57494E-1 9.82244E-1 9.84254E-1 9.61907E-1 9.26241E-1 7.71776E-1 6.88266E-1 7.60204E-1 8.71938E-1 8.97866E-1 8.09544E-1 8.84518E-1 8.91145E-1 8.68655E-1 8.39581E-1 7.79125E-1 8.248E-1 8.08108E-1 6.82928E-1 8.29058E-1 9.57367E-1 9.93905E-1 9.91299E-1 9.26429E-1 9.0814E-1 8.27122E-1 8.32204E-1 6.91902E-1 6.17361E-1 6.54155E-1 4.86621E-1 5.19711E-1 5.16434E-1 6.22214E-1 7.88869E-1 8.69857E-1 8.64699E-1 8.30118E-1 8.59921E-1 8.07511E-1 7.83211E-1 7.21616E-1 4.54705E-1 3.4237E-1
-9999 -9999 -9999 -9999 -9999 -9999 -9999 -9999 2.89575E-1 3.99045E-1 5.68442E-1 8.7232E-1 9.39737E-1 9.77534E-1 8.8464E-1 9.83853E-1 9.83175E-1 9.80652E-1 9.54576E-1 9.53298E-1 8.68837E-1 7.50475E-1 8.69591E-1 8.91876E-1 9.25061E-1 9.33178E-1 9.47385E-1 8.89921E-1 8.35288E-1 8.12067E-1 6.85801E-1 7.18191E-1 7.91797E-1 8.78041E-1 9.55822E-1 8.96562E-1 9.29868E-1 8.00804E-1 7.28041E-1 6.62236E-1 7.42127E-1 7.74476E-1 7.29099E-1 5.02248E-1 4.22616E-1 3.80859E-1 3.46577E-1 3.10166E-1 5.46483E-1 7.61056E-1 8.9051E-1 9.27037E-1 9.40272E-1 9.32238E-1 8.56255E-1 7.65997E-1 5.92829E-1 4.05232E-1 3.86174E-1
-9999 -9999 -9999 -9999 -9999 -9999 -9999 -9999 -9999 5.21797E-1 6.9767E-1 8.60442E-1 9.4779E-1 9.88689E-1 9.76128E-1 9.8708E-1 9.86133E-1 9.86812E-1 9.71047E-1 9.63156E-1 8.46029E-1 7.73993E-1 8.52965E-1 9.17198E-1 9.23043E-1 9.15439E-1 9.30756E-1 9.11889E-1 7.35883E-1 5.99778E-1 4.57659E-1 6.34285E-1 8.15327E-1 7.87447E-1 7.86715E-1 7.29241E-1 6.35373E-1 6.23954E-1 6.72853E-1 6.8753E-1 7.3245E-1 6.38496E-1 4.91945E-1 3.55951E-1 3.5967E-1 3.64895E-1 3.38838E-1 3.07873E-1 4.43964E-1 6.50845E-1 7.37775E-1 6.56906E-1 8.90071E-1 8.79416E-1 8.14969E-1 6.85111E-1 4.4266E-1 4.38525E-1 2.40716E-1
-9999 -9999 -9999 -9999 -9999 -9999 -9999 -9999 3.02761E-1 5.31354E-1 5.96152E-1 7.61014E-1 9.09519E-1 9.89128E-1 9.89277E-1 9.82851E-1 9.73893E-1 9.94119E-1 9.85714E-1 9.05382E-1 7.11343E-1 6.4073E-1 6.65721E-1 8.82008E-1 8.2682E-1 9.07158E-1 9.38979E-1 8.63226E-1 6.20382E-1 5.01668E-1 3.26942E-1 4.51128E-1 6.79E-1 7.88416E-1 6.79899E-1 6.11397E-1 6.69258E-1 7.10005E-1 7.37925E-1 8.2819E-1 8.64975E-1 6.48295E-1 4.32456E-1 3.16968E-1 3.45238E-1 3.69339E-1 3.41408E-1 3.15409E-1 3.28778E-1 3.29172E-1 5.29924E-1 5.3499E-1 7.39198E-1 9.1297E-1 7.9013E-1 6.38254E-1 5.207E-1 5.3749E-1 3.53948E-1
-9999 -9999 -9999 -9999 -9999 -9999 -9999 4.04256E-1 3.23594E-1 3.10266E-1 4.66444E-1 6.75901E-1 8.83129E-1 9.86729E-1 9.95023E-1 9.9728E-1 9.93964E-1 9.85694E-1 9.79294E-1 8.76907E-1 7.01123E-1 6.87827E-1 7.2673E-1 8.18571E-1 7.80231E-1 9.18607E-1 9.38827E-1 8.21266E-1 5.79788E-1 4.72805E-1 6.30842E-1 5.92902E-1 6.92504E-1 7.7403E-1 8.37902E-1 8.89916E-1 7.86633E-1 7.419E-1 7.25936E-1 8.18242E-1 8.95108E-1 5.58389E-1 4.66183E-1 3.35477E-1 3.84218E-1 3.51709E-1 2.73263E-1 3.03847E-1 3.48491E-1 4.49565E-1 5.36552E-1 5.45852E-1 7.26522E-1 6.23225E-1 6.46279E-1 7.29863E-1 6.56144E-1 6.45492E-1 2.65001E-1
-9999 -9999 -9999 -9999 -9999 -9999 1.31476E-1 1.19673E-1 1.7644E-1 3.49366E-1 4.61243E-1 7.60778E-1 8.84612E-1 9.08628E-1 9.83529E-1 9.77049E-1 9.5149E-1 9.79168E-1 9.88651E-1 8.40829E-1 8.12988E-1 8.4471E-1 8.64634E-1 7.91441E-1 7.97733E-1 7.49897E-1 8.45417E-1 7.47096E-1 5.38736E-1 4.27061E-1 6.84024E-1 7.48704E-1 7.62249E-1 7.77836E-1 7.41278E-1 7.28265E-1 8.46915E-1 8.12176E-1 7.13294E-1 8.29005E-1 8.815E-1 4.73362E-1 3.93186E-1 3.80735E-1 4.42223E-1 4.59744E-1 3.51066E-1 3.67386E-1 3.4629E-1 6.15683E-1 5.42504E-1 5.59009E-1 7.29998E-1 6.92072E-1 6.37918E-1 7.28944E-1 4.91981E-1 2.67998E-1 2.38994E-1
-9999 -9999 -9999 -9999 -9999 -9999 2.58809E-1 2.28326E-1 3.03856E-1 6.13063E-1 5.50868E-1 7.52528E-1 7.43923E-1 8.11377E-1 8.74699E-1 8.11027E-1 9.59644E-1 9.90512E-1 9.79761E-1 9.76761E-1 9.3314E-1 8.08222E-1 9.24622E-1 8.6887E-1 8.69789E-1 7.29144E-1 7.89967E-1 6.60289E-1 4.50381E-1 3.84457E-1 4.23193E-1 5.47393E-1 5.52161E-1 5.96793E-1 6.65083E-1 6.24491E-1 6.83814E-1 8.28931E-1 8.22883E-1 8.91022E-1 8.70539E-1 5.65907E-1 3.85495E-1 4.25626E-1 4.63299E-1 6.59095E-1 4.63003E-1 3.20917E-1 2.43803E-1 3.79709E-1 3.71916E-1 6.75581E-1 7.1133E-1 7.26583E-1 7.36865E-1 4.33772E-1 2.86308E-1 2.14478E-1 2.09974E-1
-9999 -9999 -9999 -9999 -9999 3.64561E-1 3.89806E-1 4.38858E-1 5.57142E-1 8.27514E-1 5.3913E-1 6.45997E-1 8.53482E-1 5.53145E-1 8.41111E-1 8.38973E-1 8.1271E-1 8.7903E-1 8.53794E-1 9.21608E-1 7.81934E-1 5.77323E-1 8.69131E-1 8.69269E-1 7.30195E-1 6.63409E-1 6.82633E-1 5.45327E-1 4.60297E-1 3.97645E-1 3.80332E-1 4.28728E-1 4.66991E-1 5.36768E-1 6.36041E-1 6.76974E-1 5.86436E-1 6.55991E-1 9.28648E-1 8.86396E-1 8.33409E-1 6.40824E-1 6.2424E-1 5.79271E-1 6.57661E-1 6.43135E-1 3.90648E-1 3.28663E-1 2.78181E-1 2.66115E-1 4.78557E-1 6.47663E-1 6.03854E-1 3.51272E-1 3.94035E-1 2.93923E-1 2.75096E-1 2.43422E-1 2.24413E-1
-9999 -9999 -9999 -9999 -9999 3.84416E-1 5.1068E-1 4.85744E-1 5.15809E-1 7.75289E-1 6.54265E-1 6.96522E-1 6.45426E-1 3.51583E-1 5.4792E-1 6.72191E-1 5.85729E-1 7.11842E-1 7.53348E-1 9.40462E-1 8.94523E-1 4.79039E-1 5.67298E-1 5.69679E-1 5.31036E-1 6.57499E-1 6.85068E-1 5.07431E-1 4.41862E-1 4.17491E-1 4.59414E-1 4.46226E-1 4.77696E-1 6.28246E-1 6.47661E-1 6.46618E-1 5.84923E-1 6.60394E-1 8.0772E-1 8.6427E-1 6.55152E-1 4.73909E-1 6.6252E-1 6.63256E-1 6.72605E-1 5.42094E-1 3.79757E-1 3.16873E-1 2.62759E-1 3.62215E-1 6.24799E-1 5.99854E-1 3.19837E-1 3.04511E-1 3.15815E-1 1.05236E-1 2.27241E-1 2.61788E-1 3.76478E-1
-9999 -9999 -9999 -9999 -9999 5.19805E-1 5.30617E-1 4.10975E-1 5.64852E-1 6.84193E-1 8.56019E-1 6.93325E-1 4.00566E-1 3.9973E-1 5.57696E-1 6.73748E-1 6.1652E-1 6.38565E-1 7.41859E-1 8.62525E-1 7.4172E-1 5.16908E-1 5.75613E-1 5.64095E-1 5.17559E-1 4.89434E-1 5.28875E-1 5.4439E-1 5.06433E-1 4.99061E-1 5.646E-1 5.74669E-1 7.10132E-1 7.80344E-1 7.92565E-1 7.40183E-1 5.96593E-1 5.93115E-1 6.68148E-1 6.38831E-1 4.38529E-1 4.63875E-1 6.27519E-1 5.74053E-1 5.06598E-1 4.31394E-1 4.48973E-1 3.73155E-1 2.69272E-1 4.11128E-1 4.64494E-1 2.8783E-1 2.74426E-1 2.73304E-1 3.43274E-1 1.67139E-1 2.66219E-1 3.87838E-1 6.93211E-1
-9999 -9999 -9999 -9999 -9999 4.77114E-1 4.75151E-1 4.69765E-1 5.74125E-1 5.86918E-1 7.49797E-1 5.81043E-1 3.02871E-1 3.87583E-1 6.56831E-1 7.25306E-1 6.91114E-1 6.30426E-1 6.23973E-1 5.8113E-1 3.06041E-1 3.96458E-1 3.59989E-1 3.48586E-1 3.47745E-1 3.27199E-1 5.97844E-1 5.178E-1 5.8874E-1 6.66776E-1 7.32064E-1 7.23606E-1 7.95809E-1 8.01359E-1 7.35594E-1 5.31442E-1 5.60061E-1 6.06052E-1 6.04765E-1 4.61643E-1 3.09752E-1 5.36657E-1 4.85767E-1 4.2713E-1 3.81218E-1 3.30549E-1 3.80837E-1 2.63553E-1 2.25824E-1 1.94395E-1 2.16913E-1 3.13405E-1 1.33496E-1 2.16323E-1 1.18545E-1 1.63007E-1 3.25152E-1 4.87536E-1 4.56372E-1
-9999 -9999 -9999 -9999 4.61304E-1 5.37412E-1 5.04226E-1 5.16019E-1 5.90225E-1 6.45123E-1 7.20304E-1 4.68077E-1 3.7439E-1 5.10882E-1 6.05903E-1 4.74353E-1 3.95842E-1 4.64581E-1 4.13684E-1 2.93768E-1 2.61034E-1 3.37696E-1 3.21877E-1 3.65022E-1 3.91837E-1 4.52845E-1 5.28586E-1 5.56653E-1 6.13753E-1 6.82664E-1 7.75228E-1 7.18424E-1 8.16E-1 6.86247E-1 4.85112E-1 5.42122E-1 5.98988E-1 6.06936E-1 5.98516E-1 4.46021E-1 2.8075E-1 5.11217E-1 7.19664E-1 4.11452E-1 3.22388E-1 2.9048E-1 3.04571E-1 2.30103E-1 2.07424E-1 1.7109E-1 2.17822E-1 2.99436E-1 1.61549E-1 1.49996E-1 1.62842E-1 2.05395E-1 3.43385E-1 3.60576E-1 4.04799E-1
-9999 -9999 -9999 -9999 2.69026E-1 4.21533E-1 5.54156E-1 5.43786E-1 7.574E-1 8.38646E-1 9.17079E-1 6.70634E-1 6.11579E-1 5.79934E-1 5.86653E-1 4.70815E-1 4.20426E-1 3.34383E-1 2.50951E-1 2.57351E-1 2.91945E-1 3.22257E-1 3.57149E-1 4.36034E-1 4.76232E-1 5.44114E-1 6.4092E-1 7.53938E-1 6.7242E-1 7.33358E-1 7.29838E-1 6.60878E-1 5.79348E-1 4.69106E-1 4.97029E-1 6.12694E-1 5.75327E-1 5.49723E-1 5.75196E-1 3.95001E-1 2.8262E-1 3.03298E-1 3.34592E-1 2.69494E-1 2.59669E-1 3.33434E-1 2.81224E-1 2.4475E-1 2.30578E-1 2.03832E-1 3.6659E-1 3.32291E-1 1.64108E-1 1.79335E-1 3.19377E-1 4.13852E-1 3.98298E-1 4.10098E-1 4.01323E-1
-9999 -9999 -9999 -9999 3.63577E-1 3.39034E-1 5.16939E-1 6.81415E-1 8.12779E-1 8.74437E-1 8.73548E-1 7.50127E-1 7.88421E-1 5.21697E-1 3.96638E-1 3.50054E-1 3.54906E-1 2.90781E-1 2.54513E-1 2.36319E-1 2.59492E-1 3.2956E-1 4.42814E-1 5.08344E-1 5.03833E-1 5.78452E-1 7.84659E-1 9.16851E-1 8.32199E-1 7.49238E-1 6.10099E-1 4.64177E-1 4.46973E-1 4.96187E-1 5.31229E-1 5.53081E-1 5.2323E-1 4.57278E-1 4.03115E-1 2.97568E-1 2.60458E-1 2.40974E-1 2.27603E-1 2.40465E-1 2.64624E-1 3.22809E-1 2.53471E-1 2.47117E-1 2.80499E-1 3.5991E-1 2.98394E-1 2.11049E-1 1.72468E-1 2.21548E-1 3.16463E-1 4.69145E-1 4.30092E-1 3.76149E-1 3.98564E-1
-9999 -9999 -9999 -9999 2.26155E-1 3.32889E-1 4.83335E-1 6.48184E-1 7.8675E-1 8.12037E-1 7.55685E-1 6.74737E-1 5.57529E-1 4.35861E-1 2.7585E-1 4.1812E-1 3.84282E-1 3.05641E-1 2.70255E-1 3.14132E-1 4.36708E-1 5.27658E-1 6.6322E-1 6.57284E-1 6.70152E-1 6.61321E-1 8.61445E-1 7.43093E-1 5.53496E-1 4.97958E-1 4.71053E-1 5.28455E-1 5.70857E-1 5.86623E-1 5.57085E-1 4.89771E-1 4.84994E-1 4.12986E-1 3.25514E-1 2.60937E-1 2.44883E-1 2.06714E-1 1.73558E-1 2.16227E-1 2.05921E-1 2.19675E-1 2.26797E-1 2.3108E-1 2.70277E-1 3.18099E-1 1.75914E-1 2.3573E-1 2.85876E-1 2.51319E-1 2.66482E-1 3.18324E-1 3.41831E-1 4.59589E-1 4.31228E-1
-9999 -9999 -9999 2.07999E-1 2.3295E-1 4.69664E-1 5.59351E-1 6.41243E-1 7.59299E-1 7.80086E-1 5.9393E-1 5.31233E-1 7.2163E-1 6.02334E-1 4.29197E-1 4.21171E-1 4.52702E-1 3.71834E-1 3.17058E-1 5.21122E-1 7.95187E-1 8.08092E-1 5.79026E-1 6.83695E-1 9.14985E-1 9.92681E-1 9.2185E-1 5.04224E-1 4.52931E-1 4.70253E-1 3.96133E-1 5.11366E-1 6.70586E-1 6.09206E-1 5.15731E-1 4.1908E-1 3.69925E-1 3.40053E-1 3.69652E-1 3.35188E-1 2.54984E-1 2.66732E-1 2.16168E-1 2.3753E-1 2.27122E-1 2.44035E-1 3.32026E-1 2.75923E-1 3.36203E-1 2.53831E-1 2.5246E-1 3.16772E-1 2.91894E-1 2.60577E-1 3.05302E-1 4.60785E-1 3.98921E-1 5.28132E-1 5.49726E-1
-9999 -9999 -9999 2.8422E-1 3.06148E-1 6.1077E-1 7.80439E-1 6.56377E-1 8.31962E-1 6.85393E-1 6.00682E-1 7.42227E-1 8.64058E-1 6.31526E-1 4.2858E-1 4.7073E-1 4.6388E-1 4.28393E-1 4.32193E-1 4.97821E-1 5.02023E-1 5.50107E-1 4.97679E-1 6.83348E-1 8.21673E-1 9.12703E-1 5.78439E-1 5.39775E-1 4.86449E-1 3.9573E-1 4.34043E-1 4.86367E-1 5.73163E-1 4.89324E-1 4.92148E-1 3.61448E-1 3.16064E-1 2.8103E-1 3.33169E-1 3.49725E-1 3.23995E-1 3.63288E-1 3.56895E-1 3.86663E-1 2.84285E-1 2.4873E-1 2.48755E-1 2.07793E-1 2.30011E-1 2.75869E-1 3.24183E-1 3.45238E-1 3.4981E-1 2.88185E-1 4.13627E-1 4.61959E-1 3.49251E-1 3.58145E-1 5.88034E-1
2.80085E-1 1.98336E-1 3.34493E-1 4.46909E-1 3.96822E-1 6.19591E-1 7.61833E-1 8.9739E-1 8.44303E-1 8.94842E-1 8.51384E-1 9.19582E-1 9.11294E-1 8.4034E-1 6.67941E-1 5.98316E-1 4.92173E-1 5.96772E-1 5.83047E-1 5.20179E-1 5.28326E-1 5.66737E-1 5.22665E-1 5.93001E-1 5.88758E-1 5.64101E-1 5.22741E-1 5.67192E-1 4.77863E-1 2.85115E-1 4.06971E-1 2.75682E-1 3.95415E-1 4.07524E-1 4.23921E-1 3.7874E-1 3.87676E-1 3.41141E-1 4.37173E-1 4.7155E-1 4.39505E-1 4.41993E-1 4.05577E-1 3.80185E-1 2.69201E-1 3.47043E-1 2.25875E-1 1.8888E-1 2.81347E-1 2.88455E-1 2.62875E-1 3.69772E-1 4.15972E-1 3.3051E-1 4.51955E-1 3.34547E-1 4.27163E-1 6.5264E-1 6.21939E-1
-9999 2.87438E-1 3.46541E-1 4.29575E-1 4.55399E-1 5.52944E-1 6.47676E-1 8.04032E-1 6.99301E-1 9.645E-1 9.22292E-1 6.87048E-1 8.89081E-1 9.30509E-1 7.29849E-1 6.11751E-1 5.94423E-1 6.21206E-1 7.70946E-1 7.89314E-1 7.25747E-1 6.21625E-1 6.64472E-1 6.52464E-1 4.85487E-1 4.57798E-1 5.41021E-1 5.88979E-1 4.68214E-1 3.43425E-1 2.57823E-1 2.40181E-1 2.60718E-1 3.6869E-1 4.9566E-1 4.54028E-1 4.97345E-1 5.00513E-1 6.00218E-1 5.2396E-1 4.68887E-1 5.20316E-1 3.51666E-1 3.32813E-1 2.9997E-1 2.83384E-1 3.25869E-1 2.28941E-1 2.16003E-1 2.78895E-1 3.14803E-1 4.17495E-1 5.24503E-1 4.32512E-1 4.15419E-1 3.70883E-1 4.1586E-1 5.74722E-1 7.33757E-1
-9999 -9999 3.94154E-1 6.56294E-1 8.34032E-1 6.39428E-1 7.24681E-1 7.38875E-1 6.09573E-1 8.28725E-1 7.71488E-1 8.88879E-1 9.64678E-1 8.96504E-1 7.85443E-1 7.18498E-1 6.72766E-1 6.32138E-1 7.86099E-1 7.89187E-1 6.38665E-1 6.22541E-1 6.7838E-1 5.08907E-1 2.94753E-1 4.67615E-1 5.45462E-1 6.22825E-1 7.50264E-1 7.83278E-1 5.97245E-1 4.36852E-1 4.20609E-1 5.3398E-1 5.3493E-1 5.13204E-1 5.40712E-1 6.48506E-1 6.99962E-1 6.81541E-1 5.84103E-1 5.07596E-1 3.22514E-1 3.09001E-1 4.25416E-1 3.61863E-1 4.10886E-1 1.44786E-1 2.701E-1 2.00492E-1 2.98723E-1 4.47448E-1 4.01079E-1 3.70702E-1 3.93772E-1 3.39125E-1 3.79935E-1 4.21387E-1 6.16921E-1
-9999 -9999 -9999 7.91226E-1 8.55475E-1 7.77473E-1 8.47557E-1 7.68985E-1 6.17891E-1 6.70492E-1 7.10005E-1 8.7264E-1 9.78136E-1 9.47899E-1 8.06668E-1 6.2369E-1 5.10811E-1 5.54067E-1 6.58538E-1 7.44404E-1 6.2216E-1 5.92514E-1 5.55617E-1 6.35517E-1 4.96754E-1 4.93465E-1 3.91109E-1 6.94575E-1 8.28035E-1 8.57935E-1 8.16357E-1 7.2391E-1 5.47274E-1 5.22755E-1 4.75111E-1 5.32777E-1 6.88503E-1 8.74122E-1 8.75095E-1 9.46168E-1 8.4182E-1 5.24547E-1 4.17618E-1 4.76592E-1 5.44586E-1 5.85615E-1 3.73893E-1 1.55725E-1 3.46959E-1 3.90888E-1 4.28152E-1 3.34905E-1 2.66278E-1 3.28169E-1 5.56105E-1 3.30044E-1 2.86755E-1 2.72232E-1 3.16974E-1
-9999 -9999 -9999 7.4748E-1 7.02108E-1 6.79636E-1 8.54017E-1 9.3675E-1 9.40083E-1 8.08978E-1 6.06354E-1 6.9526E-1 8.45138E-1 9.49278E-1 9.40807E-1 6.41996E-1 5.23654E-1 5.06141E-1 4.97326E-1 5.55087E-1 5.95618E-1 5.4959E-1 3.50551E-1 5.16631E-1 6.21738E-1 4.17052E-1 4.23279E-1 7.77635E-1 8.96973E-1 9.27428E-1 8.96161E-1 7.32814E-1 5.79216E-1 4.34431E-1 3.80274E-1 6.40132E-1 7.46431E-1 8.12849E-1 9.50513E-1 9.59661E-1 7.98069E-1 7.38744E-1 4.86366E-1 6.62241E-1 5.77419E-1 6.1115E-1 3.48697E-1 2.21325E-1 4.72958E-1 4.52544E-1 4.08518E-1 3.55374E-1 2.90711E-1 5.0402E-1 6.61415E-1 4.66976E-1 4.92776E-1 3.70953E-1 3.27829E-1
-9999 -9999 -9999 -9999 7.27466E-1 7.87045E-1 9.37041E-1 9.84307E-1 9.57371E-1 9.3046E-1 5.0048E-1 5.95785E-1 6.29412E-1 7.85708E-1 6.71822E-1 5.37597E-1 5.00729E-1 4.29687E-1 4.4756E-1 5.15895E-1 5.32666E-1 5.57014E-1 3.9912E-1 4.11449E-1 5.84852E-1 4.03135E-1 4.86971E-1 8.11287E-1 8.59638E-1 8.54096E-1 8.91549E-1 7.04119E-1 5.81832E-1 4.96287E-1 4.78954E-1 7.21485E-1 8.07309E-1 7.87658E-1 7.23936E-1 9.39931E-1 8.00735E-1 7.6987E-1 6.93018E-1 6.98354E-1 3.60363E-1 2.71448E-1 2.69345E-1 3.67242E-1 5.15507E-1 3.8815E-1 3.86009E-1 4.02889E-1 4.17209E-1 4.52029E-1 5.55905E-1 7.16862E-1 7.13993E-1 6.96394E-1 3.90657E-1
-9999 -9999 -9999 -9999 -9999 -9999 9.04243E-1 9.71202E-1 9.52655E-1 8.29449E-1 7.25322E-1 8.17442E-1 8.06092E-1 6.97563E-1 6.15976E-1 5.17263E-1 4.08681E-1 3.90222E-1 4.03693E-1 4.89279E-1 5.27523E-1 4.7639E-1 4.75778E-1 4.32097E-1 5.25523E-1 6.16822E-1 4.765E-1 7.24206E-1 7.70239E-1 7.88607E-1 8.06219E-1 7.86563E-1 7.01297E-1 4.88144E-1 4.89461E-1 7.65163E-1 8.27708E-1 6.5411E-1 7.64751E-1 6.85327E-1 3.6821E-1 4.43596E-1 5.36088E-1 5.21284E-1 3.25189E-1 2.16572E-1 2.29133E-1 5.52504E-1 5.82566E-1 2.78867E-1 3.44258E-1 2.7823E-1 4.57314E-1 6.50967E-1 5.72606E-1 6.61309E-1 7.32716E-1 7.83953E-1 6.12816E-1
