Phytophthora/models/20240529_1714_25/Phytophthora_PA3_RUN4_MAXENT_outputs/projMaxent.asc
ncols         225
nrows         269
xllcorner     473009.9838
yllcorner     4429051.1748
cellsize      50.0
NODATA_value  -9999
[rows 182 to 207 of 269, columns 59 to 117 of 225]
3.13693E-1 3.41579E-1 3.1149E-1 5.19463E-1 5.47653E-1 2.92052E-1 3.42934E-1 3.52732E-1 4.1151E-1 6.13201E-1 5.30492E-1 3.98957E-1 4.40115E-1 3.83604E-1 3.74813E-1 3.51396E-1 4.61679E-1 6.30275E-1 6.57181E-1 6.00129E-1 5.17821E-1 3.88149E-1 3.06078E-1 2.97238E-1 2.59868E-1 3.53679E-1 4.70019E-1 4.21178E-1 5.48436E-1 6.93034E-1 7.15381E-1 5.84198E-1 7.21284E-1 7.38606E-1 4.98446E-1 3.16725E-1 6.64538E-1 6.82959E-1 8.16104E-1 6.70166E-1 7.23059E-1 7.08812E-1 5.9322E-1 3.50933E-1 4.32939E-1 4.62975E-1 5.68986E-1 5.93809E-1 6.59221E-1 6.26029E-1 7.39468E-1 7.99529E-1 8.0709E-1 8.09514E-1 7.48424E-1 7.2152E-1 7.08226E-1 5.69799E-1 8.17474E-1
3.94483E-1 4.19684E-1 3.36044E-1 2.99286E-1 5.11388E-1 3.88792E-1 4.54077E-1 4.47272E-1 5.50816E-1 5.27524E-1 4.82848E-1 3.93801E-1 3.37798E-1 3.4073E-1 2.99286E-1 2.94066E-1 4.00091E-1 5.26108E-1 5.94064E-1 7.97338E-1 4.75642E-1 3.48215E-1 3.38612E-1 3.35419E-1 2.89331E-1 3.8702E-1 5.11832E-1 3.66664E-1 4.43093E-1 6.4149E-1 5.54503E-1 4.56593E-1 4.03547E-1 7.59554E-1 7.60266E-1 5.84882E-1 5.60537E-1 7.1453E-1 8.00587E-1 7.6287E-1 6.87748E-1 7.2403E-1 6.87198E-1 5.68073E-1 4.7237E-1 5.24081E-1 6.80009E-1 7.24973E-1 7.49493E-1 6.64535E-1 8.01564E-1 8.05865E-1 7.74396E-1 7.36428E-1 6.8394E-1 6.77397E-1 6.37168E-1 5.54894E-1 8.38142E-1
4.98602E-1 5.43242E-1 3.79013E-1 3.14863E-1 4.83568E-1 6.44809E-1 3.94414E-1 5.09436E-1 5.14839E-1 5.24532E-1 4.31105E-1 4.20842E-1 2.86093E-1 2.80189E-1 2.6235E-1 2.35941E-1 2.72714E-1 3.88188E-1 6.145E-1 5.48519E-1 4.2626E-1 3.3756E-1 2.23308E-1 2.32525E-1 1.6454E-1 3.00531E-1 3.31232E-1 2.51186E-1 3.40625E-1 4.512E-1 3.62933E-1 3.04397E-1 7.24871E-1 9.21555E-1 7.30577E-1 5.09265E-1 5.75608E-1 6.84736E-1 7.43511E-1 7.65207E-1 6.42831E-1 7.77974E-1 7.07401E-1 6.39382E-1 5.30702E-1 6.30165E-1 7.08465E-1 7.59749E-1 7.59435E-1 7.07243E-1 7.85607E-1 7.3675E-1 7.5606E-1 6.93869E-1 4.8808E-1 7.31458E-1 7.4706E-1 7.02084E-1 8.63137E-1
4.36232E-1 4.33979E-1 3.46777E-1 3.62209E-1 4.39776E-1 3.34329E-1 5.00157E-1 5.71098E-1 4.45254E-1 4.75522E-1 4.01781E-1 4.56851E-1 3.1392E-1 3.45849E-1 4.27929E-1 4.06774E-1 4.60967E-1 4.63912E-1 4.48834E-1 4.79126E-1 3.43192E-1 2.76194E-1 2.26192E-1 1.45663E-1 1.43597E-1 2.68011E-1 2.38047E-1 2.42454E-1 3.32566E-1 4.30612E-1 3.81959E-1 5.23664E-1 5.55825E-1 6.71904E-1 5.9968E-1 5.04346E-1 5.94557E-1 6.91377E-1 7.40538E-1 7.24531E-1 7.28194E-1 7.72579E-1 6.55506E-1 7.06192E-1 5.82049E-1 5.36721E-1 6.81329E-1 7.5774E-1 8.04631E-1 8.27249E-1 6.88938E-1 6.39913E-1 7.2857E-1 6.88201E-1 5.98024E-1 6.92295E-1 7.10232E-1 6.90414E-1 8.12338E-1
5.67312E-1 6.34755E-1 4.89511E-1 3.51773E-1 2.57155E-1 3.40949E-1 4.09528E-1 4.00247E-1 2.99746E-1 3.34213E-1 4.42755E-1 4.5001E-1 3.75351E-1 2.58908E-1 3.99651E-1 4.06544E-1 3.52666E-1 3.92005E-1 3.15821E-1 2.40338E-1 1.82619E-1 1.25335E-1 1.57881E-1 1.98905E-1 3.10645E-1 2.75552E-1 1.97327E-1 2.03375E-1 4.06621E-1 5.49253E-1 7.76228E-1 6.68748E-1 5.22435E-1 6.08393E-1 7.65165E-1 7.20209E-1 7.21048E-1 7.36755E-1 7.87122E-1 8.67984E-1 8.54635E-1 7.75422E-1 6.97655E-1 7.473E-1 6.55032E-1 7.58065E-1 6.38312E-1 7.09491E-1 7.97782E-1 9.05877E-1 7.80802E-1 6.724E-1 6.75768E-1 7.40225E-1 6.16569E-1 7.19919E-1 7.77088E-1 7.22298E-1 6.50463E-1
3.84767E-1 5.51616E-1 4.79659E-1 2.9459E-1 2.85846E-1 3.07563E-1 2.97586E-1 2.56402E-1 2.2234E-1 3.03691E-1 3.36328E-1 3.05982E-1 3.21582E-1 2.71349E-1 3.31887E-1 2.88818E-1 1.86251E-1 2.66947E-1 1.58797E-1 1.6855E-1 1.30762E-1 9.86265E-2 1.15839E-1 2.47931E-1 2.60195E-1 2.01505E-1 1.88197E-1 2.30279E-1 4.87338E-1 4.637E-1 6.61341E-1 6.69611E-1 6.10833E-1 5.53472E-1 6.72021E-1 7.53553E-1 8.42488E-1 8.18951E-1 7.48273E-1 9.02063E-1 9.26983E-1 8.12186E-1 7.24761E-1 7.78665E-1 7.93845E-1 7.34335E-1 7.58408E-1 8.59502E-1 8.25398E-1 8.19567E-1 8.69064E-1 7.52574E-1 6.98011E-1 7.763E-1 7.70827E-1 7.50265E-1 8.75684E-1 7.469E-1 6.44287E-1
3.98816E-1 3.20027E-1 2.00692E-1 2.24531E-1 2.62174E-1 3.40199E-1 2.3985E-1 2.05827E-1 1.54448E-1 2.27764E-1 3.37836E-1 2.70617E-1 2.71301E-1 2.90107E-1 3.16602E-1 3.32294E-1 2.03027E-1 2.02806E-1 2.02496E-1 1.96699E-1 9.59223E-2 1.53346E-1 1.67197E-1 1.96178E-1 2.17031E-1 2.50994E-1 2.61747E-1 4.1265E-1 5.0255E-1 4.25976E-1 6.20043E-1 4.7834E-1 5.30614E-1 6.53978E-1 7.21732E-1 7.15895E-1 7.20818E-1 7.58072E-1 8.51981E-1 9.32006E-1 8.88532E-1 6.46892E-1 6.29324E-1 7.57683E-1 8.17991E-1 7.77663E-1 8.19837E-1 9.27891E-1 9.099E-1 7.74665E-1 6.50828E-1 7.8741E-1 6.47154E-1 7.09241E-1 8.40627E-1 7.69916E-1 9.0976E-1 8.16948E-1 7.4821E-1
2.91214E-1 2.07966E-1 3.9397E-1 2.99347E-1 2.58126E-1 3.63321E-1 2.2567E-1 1.83015E-1 1.58425E-1 1.62831E-1 3.29423E-1 4.0387E-1 3.38967E-1 2.86963E-1 2.92884E-1 3.40955E-1 1.95274E-1 1.39048E-1 1.95139E-1 1.71672E-1 1.86205E-1 2.40253E-1 1.8322E-1 1.95536E-1 2.43895E-1 3.55257E-1 4.14729E-1 6.43149E-1 5.78029E-1 7.31769E-1 7.01077E-1 6.04602E-1 6.31307E-1 6.97079E-1 6.73309E-1 5.45249E-1 6.60492E-1 7.02648E-1 7.63518E-1 8.13143E-1 5.54725E-1 4.07577E-1 6.13683E-1 7.52514E-1 8.37693E-1 8.34378E-1 7.84942E-1 8.8636E-1 9.52825E-1 8.70618E-1 6.88763E-1 5.04978E-1 5.66436E-1 6.26561E-1 6.55271E-1 5.23038E-1 6.65821E-1 8.15759E-1 7.33692E-1
2.05592E-1 2.28425E-1 3.75969E-1 3.24262E-1 2.97634E-1 3.68989E-1 2.44385E-1 2.0776E-1 2.03737E-1 1.70738E-1 1.89633E-1 3.05959E-1 5.19941E-1 2.81855E-1 2.12617E-1 1.60741E-1 9.90013E-2 1.16565E-1 1.89957E-1 1.94581E-1 1.89837E-1 1.83534E-1 1.71466E-1 2.20689E-1 3.35288E-1 4.78507E-1 4.86037E-1 5.53833E-1 5.613E-1 7.30198E-1 3.82995E-1 6.97007E-1 7.1334E-1 7.23445E-1 7.06764E-1 6.89063E-1 5.38953E-1 5.6108E-1 5.34541E-1 5.7369E-1 6.56538E-1 6.09516E-1 6.81121E-1 7.19999E-1 6.79171E-1 7.07343E-1 8.27555E-1 6.99306E-1 8.35889E-1 8.28018E-1 9.27425E-1 6.75064E-1 4.00535E-1 5.45885E-1 6.31597E-1 4.91382E-1 4.29232E-1 7.70261E-1 7.65721E-1
2.88449E-1 2.71464E-1 2.98688E-1 4.52171E-1 2.03785E-1 2.13354E-1 2.08806E-1 1.57097E-1 1.65495E-1 1.93841E-1 2.25196E-1 1.76621E-1 5.5954E-1 2.15616E-1 1.5538E-1 1.30439E-1 1.75187E-1 1.78266E-1 1.97626E-1 2.02998E-1 1.55544E-1 1.88992E-1 1.69433E-1 2.024E-1 2.57826E-1 3.05666E-1 3.14808E-1 2.64828E-1 6.15926E-1 8.32459E-1 6.38384E-1 6.10376E-1 6.89236E-1 6.85327E-1 6.92472E-1 6.73363E-1 6.47089E-1 6.49052E-1 6.17496E-1 6.05457E-1 6.37492E-1 6.3449E-1 6.93488E-1 7.117E-1 6.49297E-1 7.08164E-1 7.83735E-1 7.69171E-1 6.65404E-1 8.32906E-1 9.13251E-1 8.26298E-1 7.33108E-1 5.15542E-1 6.43111E-1 5.05437E-1 3.42237E-1 7.043E-1 7.96663E-1
4.79517E-1 3.55694E-1 3.1743E-1 3.2665E-1 2.02083E-1 1.39486E-1 1.83384E-1 3.75835E-1 3.56791E-1 2.31642E-1 1.91981E-1 2.2409E-1 3.9715E-1 2.33378E-1 1.39257E-1 1.35503E-1 1.40298E-1 1.72841E-1 2.04517E-1 2.49906E-1 2.28476E-1 2.59621E-1 2.46465E-1 3.5253E-1 5.79681E-1 4.29349E-1 3.2707E-1 3.65786E-1 7.60791E-1 8.96515E-1 8.03377E-1 5.88367E-1 6.86196E-1 7.49018E-1 7.40826E-1 4.97975E-1 8.22664E-1 7.83297E-1 7.08181E-1 8.05341E-1 7.3456E-1 6.62824E-1 5.84245E-1 4.73858E-1 5.54092E-1 6.5408E-1 5.91477E-1 6.63545E-1 6.59453E-1 6.5958E-1 6.55503E-1 6.85873E-1 8.01941E-1 8.37493E-1 6.93519E-1 5.30379E-1 5.45216E-1 6.59198E-1 8.18827E-1
5.65088E-1 3.36485E-1 2.06118E-1 3.55524E-1 2.05384E-1 1.31505E-1 2.22337E-1 4.582E-1 5.45645E-1 4.01406E-1 2.68448E-1 2.90522E-1 3.87045E-1 2.18381E-1 1.87826E-1 1.93437E-1 2.26427E-1 3.28676E-1 2.75671E-1 3.075E-1 3.23659E-1 6.4162E-1 5.42788E-1 4.57485E-1 5.14483E-1 2.94063E-1 3.13851E-1 5.19113E-1 7.72675E-1 9.13325E-1 9.24012E-1 5.90344E-1 6.38559E-1 7.16237E-1 6.51037E-1 4.49573E-1 7.23665E-1 7.14548E-1 5.27064E-1 6.01857E-1 6.12779E-1 5.51223E-1 5.83849E-1 6.81058E-1 7.99568E-1 8.62996E-1 6.00558E-1 5.05289E-1 5.7516E-1 7.3059E-1 5.61524E-1 5.99142E-1 6.14532E-1 7.12025E-1 8.36178E-1 8.13998E-1 7.59272E-1 6.72972E-1 7.92134E-1
4.40288E-1 3.55718E-1 2.48227E-1 5.45088E-1 2.15191E-1 1.75559E-1 2.79729E-1 3.81313E-1 5.15328E-1 5.75935E-1 5.29183E-1 3.3099E-1 2.77036E-1 2.30162E-1 2.04023E-1 2.27263E-1 2.56162E-1 3.31732E-1 3.24742E-1 3.57415E-1 7.40809E-1 8.1959E-1 8.09234E-1 5.87078E-1 4.55914E-1 3.4018E-1 3.09658E-1 4.61113E-1 5.27539E-1 6.89346E-1 7.19985E-1 5.84233E-1 5.62876E-1 6.2677E-1 5.2669E-1 4.80161E-1 6.74361E-1 4.28903E-1 4.55729E-1 5.8411E-1 5.08871E-1 5.75009E-1 4.39638E-1 4.46303E-1 4.86011E-1 2.81079E-1 3.55044E-1 5.49775E-1 6.53343E-1 7.78601E-1 6.13102E-1 6.78141E-1 7.13844E-1 6.64442E-1 8.22571E-1 8.9172E-1 7.65412E-1 7.00767E-1 7.19596E-1
3.45732E-1 2.45527E-1 3.62847E-1 3.54394E-1 1.70783E-1 2.47016E-1 3.53439E-1 4.03615E-1 7.6612E-1 7.10491E-1 6.17407E-1 3.70458E-1 1.69347E-1 1.75635E-1 2.1759E-1 2.36472E-1 2.37188E-1 3.41774E-1 4.13234E-1 5.49601E-1 7.21449E-1 8.09526E-1 6.88754E-1 3.89206E-1 4.16405E-1 4.8162E-1 4.48696E-1 4.45109E-1 6.54422E-1 5.06276E-1 7.40373E-1 7.59341E-1 6.09505E-1 4.38235E-1 6.93743E-1 7.443E-1 6.34162E-1 4.22118E-1 5.27261E-1 5.9082E-1 6.04622E-1 5.14019E-1 4.28114E-1 5.18348E-1 4.67537E-1 3.98445E-1 6.29947E-1 7.55062E-1 6.9793E-1 7.12726E-1 6.86601E-1 6.7378E-1 8.07806E-1 8.85848E-1 7.48339E-1 8.93637E-1 6.8406E-1 5.99597E-1 5.36564E-1
4.10381E-1 2.26068E-1 4.05682E-1 2.56007E-1 1.55725E-1 4.14714E-1 6.07235E-1 7.13396E-1 7.62609E-1 7.32224E-1 6.9795E-1 5.05798E-1 2.11887E-1 1.80308E-1 1.81316E-1 1.9314E-1 3.71828E-1 6.35141E-1 6.15727E-1 6.01198E-1 5.22144E-1 4.8771E-1 3.52586E-1 3.42836E-1 3.39919E-1 5.02533E-1 4.17086E-1 4.05432E-1 5.27317E-1 7.51399E-1 8.32432E-1 7.92722E-1 6.90677E-1 5.40665E-1 7.1858E-1 6.88663E-1 5.9662E-1 3.29849E-1 4.0641E-1 5.08703E-1 5.43111E-1 3.55155E-1 3.26599E-1 3.84239E-1 4.63099E-1 7.15672E-1 9.35873E-1 9.64959E-1 8.70577E-1 7.94208E-1 7.83646E-1 8.74406E-1 9.05793E-1 9.12467E-1 8.68629E-1 9.69643E-1 7.91435E-1 8.96335E-1 7.84383E-1
3.91285E-1 3.84528E-1 2.72666E-1 2.4879E-1 2.59172E-1 2.77691E-1 6.67289E-1 7.6182E-1 6.91182E-1 6.7815E-1 3.88652E-1 2.19943E-1 1.98674E-1 1.80949E-1 2.29431E-1 3.31908E-1 5.72383E-1 4.98071E-1 4.33697E-1 3.48361E-1 3.29572E-1 2.34176E-1 2.35177E-1 2.02529E-1 3.0594E-1 2.9553E-1 1.61213E-1 4.07382E-1 7.0575E-1 7.02788E-1 6.13956E-1 4.67744E-1 4.16428E-1 4.1095E-1 6.72864E-1 6.43323E-1 3.29952E-1 3.1228E-1 3.60495E-1 3.78094E-1 4.23635E-1 4.63144E-1 4.19536E-1 3.62511E-1 4.5528E-1 7.27844E-1 8.78567E-1 9.15481E-1 8.01439E-1 8.73918E-1 8.96532E-1 9.49136E-1 9.72291E-1 9.68498E-1 7.58595E-1 9.68279E-1 8.72729E-1 7.7747E-1 5.6255E-1
5.45065E-1 3.27552E-1 1.96775E-1 1.90065E-1 4.23451E-1 7.7369E-1 4.68782E-1 5.52391E-1 4.32571E-1 2.74254E-1 2.74868E-1 2.06134E-1 2.23669E-1 4.14048E-1 4.43514E-1 6.01131E-1 6.58357E-1 4.5514E-1 4.52028E-1 4.72398E-1 4.72046E-1 2.64591E-1 1.76134E-1 2.24779E-1 2.76119E-1 1.85225E-1 1.32106E-1 5.34893E-1 6.9207E-1 4.74353E-1 3.9203E-1 4.56632E-1 5.09129E-1 4.55561E-1 4.79343E-1 5.18268E-1 3.77843E-1 2.39338E-1 3.05397E-1 1.94272E-1 2.04988E-1 4.4473E-1 4.94393E-1 5.25819E-1 5.37834E-1 6.75331E-1 7.76381E-1 7.52457E-1 7.37956E-1 8.52374E-1 9.03762E-1 9.15571E-1 8.85886E-1 9.08952E-1 8.596E-1 8.5338E-1 6.74697E-1 7.18218E-1 7.68491E-1
3.2357E-1 2.55662E-1 1.69798E-1 2.03813E-1 4.27424E-1 4.31057E-1 2.92828E-1 2.65696E-1 2.93058E-1 3.30143E-1 3.8474E-1 4.15209E-1 4.41751E-1 5.79281E-1 7.72074E-1 9.13919E-1 8.71587E-1 4.11158E-1 4.83791E-1 5.83618E-1 5.88481E-1 4.75667E-1 2.83223E-1 2.2057E-1 1.73041E-1 1.14926E-1 2.35592E-1 5.9153E-1 3.98282E-1 4.19865E-1 3.8904E-1 3.95481E-1 4.49848E-1 3.07091E-1 2.6632E-1 2.30475E-1 2.57755E-1 1.85397E-1 1.94403E-1 2.15742E-1 2.28748E-1 3.14646E-1 4.62348E-1 5.79392E-1 4.93533E-1 6.91174E-1 6.82614E-1 7.92089E-1 8.7438E-1 8.94543E-1 8.72264E-1 8.90496E-1 8.34598E-1 5.71073E-1 6.03913E-1 8.3964E-1 6.78987E-1 7.82155E-1 8.53535E-1
3.42457E-1 2.71288E-1 2.71084E-1 3.91785E-1 2.6519E-1 3.13132E-1 3.39596E-1 3.27729E-1 3.14898E-1 3.54867E-1 3.94972E-1 6.38029E-1 6.3951E-1 4.52151E-1 5.03545E-1 5.82455E-1 5.82386E-1 4.34598E-1 5.5013E-1 6.051E-1 6.37844E-1 4.50268E-1 3.44217E-1 1.64844E-1 1.66935E-1 3.80479E-1 7.08204E-1 4.26044E-1 5.23572E-1 5.60418E-1 4.19721E-1 7.35134E-1 7.2198E-1 3.9738E-1 3.68525E-1 3.053E-1 3.17156E-1 2.28927E-1 2.12773E-1 2.94724E-1 2.88168E-1 4.40772E-1 4.62162E-1 5.55339E-1 4.37209E-1 5.29392E-1 6.10015E-1 7.58209E-1 9.15595E-1 8.8161E-1 8.08683E-1 8.09846E-1 7.99517E-1 6.51919E-1 5.63755E-1 7.03907E-1 7.95394E-1 8.54718E-1 9.19997E-1
1.6985E-1 2.35766E-1 4.90807E-1 4.3115E-1 3.94593E-1 2.61481E-1 2.71387E-1 3.79449E-1 3.68698E-1 4.22059E-1 4.5642E-1 5.55726E-1 5.42446E-1 4.9383E-1 4.45476E-1 5.768E-1 6.5983E-1 5.50221E-1 6.33674E-1 6.21511E-1 7.91449E-1 5.67653E-1 3.271E-1 2.06402E-1 2.6349E-1 7.34648E-1 7.34568E-1 5.11445E-1 5.73861E-1 6.40806E-1 5.39582E-1 4.42681E-1 6.01654E-1 4.63594E-1 3.52951E-1 3.93038E-1 3.15688E-1 3.36651E-1 2.29373E-1 3.62045E-1 3.81578E-1 3.54549E-1 4.581E-1 4.21942E-1 3.85963E-1 4.70201E-1 8.08734E-1 9.31249E-1 9.02076E-1 8.74361E-1 7.51859E-1 8.91729E-1 8.26543E-1 7.98988E-1 6.46695E-1 7.63249E-1 8.88609E-1 9.10542E-1 9.06926E-1
4.15292E-1 4.81551E-1 5.87997E-1 4.40968E-1 5.31382E-1 5.94255E-1 5.24552E-1 3.62584E-1 2.55689E-1 3.31986E-1 3.35382E-1 4.01148E-1 4.67078E-1 4.48039E-1 4.02608E-1 5.97304E-1 6.53929E-1 5.19683E-1 6.16063E-1 6.15968E-1 7.28855E-1 6.78273E-1 3.52438E-1 2.04892E-1 4.03406E-1 7.21557E-1 7.50366E-1 5.13468E-1 5.87666E-1 6.53968E-1 6.38281E-1 5.88843E-1 3.85689E-1 5.36571E-1 4.17204E-1 2.71844E-1 3.93011E-1 4.3844E-1 3.29634E-1 4.15409E-1 3.68958E-1 3.57074E-1 4.6991E-1 4.34737E-1 5.29175E-1 4.98731E-1 8.67355E-1 9.47459E-1 8.76008E-1 7.75015E-1 7.85523E-1 8.39588E-1 8.32014E-1 7.5571E-1 7.43766E-1 7.56913E-1 8.25535E-1 8.1029E-1 7.99573E-1
4.74743E-1 3.41546E-1 2.87186E-1 3.20986E-1 4.4877E-1 5.116E-1 2.75177E-1 2.93347E-1 2.78847E-1 2.93267E-1 3.0172E-1 2.87206E-1 4.16946E-1 4.37123E-1 3.98092E-1 4.72879E-1 4.99619E-1 5.1867E-1 5.94187E-1 5.27508E-1 3.27503E-1 4.57968E-1 3.40982E-1 2.07934E-1 4.53442E-1 5.8215E-1 7.60546E-1 6.04493E-1 6.43402E-1 7.29102E-1 7.55432E-1 6.82097E-1 4.07425E-1 4.77666E-1 4.59422E-1 3.34303E-1 4.23045E-1 4.97536E-1 4.46431E-1 5.32843E-1 4.4826E-1 4.81671E-1 5.22322E-1 5.70298E-1 6.79948E-1 5.9301E-1 9.22851E-1 9.39531E-1 8.72774E-1 8.32604E-1 8.21599E-1 7.92573E-1 8.98067E-1 9.11829E-1 8.92074E-1 7.88728E-1 7.23732E-1 6.5658E-1 6.14283E-1
5.23074E-1 5.44205E-1 4.57649E-1 3.07636E-1 3.10718E-1 4.691E-1 4.25054E-1 5.14878E-1 3.616E-1 3.62813E-1 4.32565E-1 3.22686E-1 3.09864E-1 4.5444E-1 5.69328E-1 4.45645E-1 3.97782E-1 5.34236E-1 6.89335E-1 6.6354E-1 2.75456E-1 3.90364E-1 2.26684E-1 2.32845E-1 4.40695E-1 5.38955E-1 5.57778E-1 7.929E-1 6.39477E-1 7.08727E-1 8.42768E-1 8.14555E-1 5.67055E-1 5.1131E-1 5.38197E-1 4.87818E-1 4.163E-1 5.36427E-1 4.96091E-1 6.0766E-1 6.56664E-1 6.35164E-1 6.6169E-1 6.67704E-1 7.63279E-1 7.40706E-1 8.60193E-1 8.99005E-1 8.67858E-1 8.83617E-1 9.4011E-1 8.53148E-1 7.92696E-1 9.50954E-1 8.71919E-1 8.40881E-1 7.49448E-1 7.48643E-1 7.35899E-1
7.34113E-1 4.91096E-1 5.94647E-1 3.69461E-1 4.70946E-1 5.19593E-1 5.28194E-1 5.95185E-1 5.45924E-1 5.19351E-1 5.89779E-1 4.96958E-1 4.3821E-1 4.67878E-1 6.44125E-1 5.98772E-1 4.88995E-1 5.33469E-1 6.33891E-1 6.03276E-1 2.18178E-1 2.4091E-1 1.45321E-1 1.7266E-1 4.20174E-1 6.49522E-1 5.63183E-1 6.88284E-1 7.30068E-1 8.45599E-1 8.55505E-1 9.32952E-1 7.5739E-1 7.38551E-1 6.43477E-1 6.66695E-1 6.14286E-1 6.67741E-1 6.51375E-1 6.66949E-1 7.02445E-1 6.60633E-1 6.64936E-1 7.36539E-1 8.00912E-1 7.57995E-1 7.03931E-1 7.59157E-1 9.76111E-1 9.27904E-1 9.21014E-1 9.59697E-1 9.05793E-1 9.61407E-1 8.75031E-1 8.76139E-1 8.04318E-1 8.07575E-1 8.14549E-1
6.23862E-1 4.70879E-1 6.48239E-1 5.33949E-1 5.84174E-1 6.74334E-1 6.92562E-1 6.38615E-1 5.61999E-1 5.85497E-1 6.22129E-1 6.23324E-1 6.41614E-1 5.63555E-1 5.71891E-1 6.81E-1 7.42683E-1 5.11272E-1 4.40876E-1 4.68783E-1 2.15957E-1 2.2324E-1 1.59625E-1 1.95867E-1 3.28185E-1 7.23885E-1 6.94311E-1 6.33156E-1 6.04765E-1 7.61208E-1 8.75511E-1 9.04601E-1 8.3529E-1 7.60652E-1 7.95186E-1 7.53534E-1 7.74761E-1 7.60769E-1 8.37455E-1 7.91533E-1 7.42499E-1 5.43683E-1 6.57776E-1 7.29456E-1 7.02823E-1 8.03083E-1 8.15918E-1 7.03691E-1 9.53715E-1 9.26178E-1 7.89874E-1 8.48721E-1 9.33292E-1 9.62473E-1 9.57711E-1 9.25049E-1 7.19831E-1 7.10433E-1 6.76114E-1
5.30322E-1 6.56008E-1 7.34964E-1 7.88304E-1 7.48438E-1 7.85091E-1 7.62437E-1 6.51758E-1 5.32383E-1 4.74932E-1 4.55295E-1 4.90122E-1 6.86499E-1 5.78056E-1 6.054E-1 6.72201E-1 7.20323E-1 5.67553E-1 3.60069E-1 3.30316E-1 2.58834E-1 1.97779E-1 2.32324E-1 2.44338E-1 3.11394E-1 4.80635E-1 7.71071E-1 7.52867E-1 7.06358E-1 7.25552E-1 8.07269E-1 8.49395E-1 7.5296E-1 6.38083E-1 6.54042E-1 7.53501E-1 7.73923E-1 8.06436E-1 7.34678E-1 7.58267E-1 7.69168E-1 7.54637E-1 6.15125E-1 5.90733E-1 5.67125E-1 5.25023E-1 7.1129E-1 7.77535E-1 6.7675E-1 8.03788E-1 7.5669E-1 5.93136E-1 9.91486E-1 9.8375E-1 9.85715E-1 9.5903E-1 8.26687E-1 8.74394E-1 7.42484E-1
