Phytophthora/models/20240529_1714_25/Phytophthora_PA3_RUN4_MAXENT_outputs/projMaxent.asc
ncols         225
nrows         269
xllcorner     473009.9838
yllcorner     4429051.1748
cellsize      50.0
NODATA_value  -9999
[rows 104 to 129 of 269, columns 118 to 176 of 225]
2.89442E-1 2.09814E-1 5.39924E-2 3.85131E-3 2.02478E-3 2.92365E-3 3.09717E-3 3.96025E-3 6.69446E-3 7.45171E-3 6.40814E-3 4.91828E-3 6.26356E-3 4.97069E-3 2.76764E-3 2.69722E-3 3.35527E-3 4.7311E-3 4.67653E-3 4.11049E-3 3.89115E-3 3.9587E-3 3.59879E-3 2.57466E-3 2.09832E-3 2.2456E-3 1.79857E-3 1.5326E-3 2.95968E-3 3.92469E-3 1.91031E-3 2.36679E-3 3.53123E-3 2.70028E-3 2.03303E-3 1.98626E-3 3.32807E-3 3.77375E-3 2.14003E-1 1.01833E-1 1.06747E-1 1.30175E-1 1.03351E-1 1.27956E-1 2.32713E-1 2.38292E-1 2.09723E-1 2.37147E-1 1.86026E-1 1.6733E-1 3.38022E-1 3.43534E-1 3.64542E-1 2.32805E-1 1.32837E-1 2.1799E-3 1.94649E-3 1.92016E-3 2.32564E-3
4.02298E-1 1.3714E-1 5.77961E-2 1.08573E-1 2.02336E-3 3.40156E-3 1.15517E-3 3.54471E-3 4.48557E-3 4.84324E-3 5.91443E-3 6.345E-3 6.40652E-3 5.09872E-3 3.48545E-3 3.61749E-3 4.09957E-3 4.80526E-3 5.09226E-3 4.90441E-3 4.77955E-3 4.32649E-3 4.19759E-3 4.18112E-3 3.74042E-3 3.27026E-3 1.92019E-3 1.86718E-3 3.37373E-3 3.47317E-3 1.91692E-3 1.6085E-3 2.17977E-3 4.93629E-3 2.9303E-3 3.13984E-3 3.1016E-3 1.90952E-1 1.67495E-1 1.66946E-1 2.53981E-1 2.59149E-1 3.47278E-1 3.74612E-1 4.11444E-1 3.17117E-1 2.16285E-1 3.61131E-1 2.81521E-1 2.57899E-1 3.66336E-1 4.0526E-1 4.11491E-1 2.19313E-1 1.44172E-1 1.51534E-1 2.07564E-1 1.35631E-1 9.83276E-2
3.6769E-1 1.68381E-1 8.6269E-2 7.09682E-2 7.91451E-2 1.94366E-3 6.25E-3 5.63042E-3 5.87397E-3 5.65095E-3 5.70287E-3 7.46605E-3 6.80748E-3 4.03546E-3 3.94892E-3 4.84831E-3 4.39119E-3 3.01356E-3 5.23312E-3 5.40678E-3 4.69895E-3 4.51403E-3 4.33666E-3 4.34771E-3 4.34381E-3 3.13317E-3 2.01769E-3 1.29721E-3 1.18949E-3 1.25532E-3 1.16599E-3 1.4012E-3 1.90759E-3 2.84224E-3 4.43839E-3 3.30584E-3 2.66124E-3 1.37638E-1 1.27844E-1 2.22011E-1 2.21546E-1 1.79203E-1 2.06025E-1 1.76025E-1 1.73662E-1 1.51131E-1 2.08499E-1 1.31065E-1 1.33065E-1 1.57102E-1 2.04546E-1 3.50324E-1 3.47408E-1 2.58479E-1 2.7566E-1 3.47484E-1 2.0822E-1 1.60254E-1 1.2506E-1
2.37472E-1 2.96162E-1 2.7083E-1 1.48348E-1 8.78257E-2 8.7661E-2 2.76822E-3 4.69396E-3 5.49757E-3 5.52339E-3 5.49126E-3 6.27854E-3 5.20541E-3 3.85976E-3 4.16592E-3 3.99493E-3 2.84425E-3 2.96141E-3 4.58769E-3 3.74434E-3 4.28558E-3 4.90255E-3 4.49229E-3 3.87339E-3 3.84343E-3 3.07038E-3 1.90452E-3 1.44497E-3 1.57828E-3 1.76894E-3 1.07033E-3 1.2077E-3 1.69941E-3 1.30693E-3 2.96735E-3 3.29084E-3 3.69995E-3 1.8862E-1 2.25169E-1 1.69521E-1 1.78999E-1 1.40948E-1 1.00158E-1 8.53309E-2 1.32424E-1 1.53718E-1 1.47736E-1 1.18893E-1 1.08022E-1 1.20156E-1 1.8653E-1 2.58192E-1 1.90155E-1 1.40927E-1 1.79433E-1 1.83324E-1 1.43498E-1 1.65095E-1 1.27156E-1
9.83618E-2 2.29825E-1 3.51427E-1 3.2342E-1 2.29724E-1 1.48252E-1 2.01454E-1 5.78409E-3 6.9786E-3 5.82883E-3 4.03137E-3 5.97898E-3 5.91416E-3 7.73237E-3 6.98798E-3 5.00957E-3 4.75208E-3 5.67733E-3 6.35802E-3 4.42423E-3 5.89181E-3 6.66867E-3 6.3368E-3 6.40988E-3 6.41922E-3 4.80329E-3 3.09796E-3 3.16102E-3 2.52655E-3 2.03167E-3 1.34345E-3 1.45281E-3 1.99372E-3 1.53766E-3 8.13458E-2 1.33943E-1 1.81381E-1 2.63945E-1 2.37433E-1 1.8575E-1 1.76691E-1 1.28713E-1 1.34452E-1 1.08157E-1 1.26105E-1 1.45035E-1 1.61102E-1 1.0592E-1 8.36461E-2 1.01387E-1 1.32554E-1 2.03415E-1 1.83031E-1 1.37242E-1 1.3487E-1 1.68602E-1 1.57604E-1 1.21027E-1 8.63292E-2
2.14879E-1 2.06917E-1 3.10139E-1 3.29909E-1 2.53026E-1 2.79927E-1 1.99225E-1 2.61887E-1 7.97314E-3 5.69553E-3 5.25909E-3 7.79946E-3 9.52148E-3 1.34027E-2 9.78E-3 6.61916E-3 6.9988E-3 8.68905E-3 8.89073E-3 5.68903E-3 7.11289E-3 8.45026E-3 8.74082E-3 8.90806E-3 8.5565E-3 6.12593E-3 4.36924E-3 4.0322E-3 2.89036E-3 2.21714E-3 1.79406E-3 2.02634E-3 2.41493E-3 2.94815E-3 2.41801E-1 2.611E-1 2.08063E-1 2.63673E-1 2.47539E-1 2.39089E-1 2.33369E-1 1.38824E-1 1.7103E-1 1.68891E-1 1.45663E-1 1.22322E-1 1.79746E-1 1.21872E-1 6.90062E-2 8.29903E-2 1.08264E-1 1.49105E-1 1.59083E-1 1.28827E-1 1.21298E-1 1.76832E-1 2.05578E-1 1.22091E-1 6.7178E-2
2.2604E-1 1.68929E-1 1.69397E-1 2.66836E-1 2.82158E-1 2.65701E-1 1.71744E-1 1.97007E-1 2.77224E-1 5.31101E-3 8.52037E-3 8.38696E-3 1.55674E-2 2.02359E-2 1.4335E-2 1.19761E-2 1.21089E-2 1.51547E-2 1.30579E-2 7.56198E-3 6.4676E-3 1.48341E-2 1.08397E-2 1.15407E-2 1.03567E-2 5.6525E-3 5.78462E-3 5.24433E-3 3.54383E-3 2.46904E-3 1.72142E-3 2.34218E-3 2.7567E-3 4.00854E-3 2.85212E-1 1.82465E-1 1.69939E-1 2.964E-1 3.84568E-1 2.79121E-1 2.05837E-1 1.28148E-1 1.30509E-1 1.81881E-1 1.85273E-1 1.56566E-1 1.39612E-1 9.7643E-2 5.54257E-2 7.31262E-2 1.04936E-1 1.19171E-1 1.39914E-1 1.27417E-1 1.19871E-1 1.40451E-1 1.75111E-1 1.17624E-1 1.55462E-1
1.72638E-1 1.28874E-1 1.01729E-1 4.09238E-1 3.37313E-1 1.93063E-1 2.53823E-1 1.99172E-1 2.32436E-1 2.0037E-1 7.93952E-3 7.92549E-3 1.70484E-2 2.0558E-2 2.66238E-2 1.71282E-2 1.27298E-2 2.09188E-2 1.67548E-2 8.8423E-3 1.38147E-2 1.79217E-2 1.62345E-2 1.68232E-2 1.37064E-2 9.89358E-3 9.46387E-3 8.09464E-3 4.35248E-3 2.78089E-3 2.06234E-3 2.30125E-3 2.5614E-3 1.86632E-1 1.93994E-1 1.48153E-1 9.97411E-2 1.92099E-1 3.08076E-1 3.4807E-1 1.344E-1 9.70018E-2 1.4465E-1 1.30256E-1 1.45345E-1 1.322E-1 1.02407E-1 9.17591E-2 7.70328E-2 8.93512E-2 1.03452E-1 9.04936E-2 1.37787E-1 1.27874E-1 1.0508E-1 1.30907E-1 1.08925E-1 7.55065E-2 1.59676E-1
1.32291E-1 1.00175E-1 1.57416E-1 2.76255E-1 3.73943E-1 2.70213E-1 3.00361E-1 2.36803E-1 1.77125E-1 2.41059E-1 8.90246E-3 1.17935E-2 1.71522E-2 3.00565E-2 2.09224E-2 1.06662E-2 1.61064E-2 2.38991E-2 2.3709E-2 8.55035E-3 1.6148E-2 1.57236E-2 2.32955E-2 2.10597E-2 1.58158E-2 1.64161E-2 1.42331E-2 9.59413E-3 4.47451E-3 3.00057E-3 3.1032E-3 3.81215E-3 1.4093E-1 2.0895E-1 1.4775E-1 2.12893E-1 1.56905E-1 2.27866E-1 2.95981E-1 3.15561E-1 9.62771E-2 1.53747E-1 8.5191E-2 1.18087E-1 9.37885E-2 9.51331E-2 1.61122E-1 1.4709E-1 6.7242E-2 8.94691E-2 1.08309E-1 7.53225E-2 1.02133E-1 9.11371E-2 8.76033E-2 8.40818E-2 5.52237E-2 7.91233E-2 8.45579E-2
1.67212E-1 2.30894E-1 1.84986E-1 2.02526E-1 1.92513E-1 3.41169E-1 3.98682E-1 3.92016E-1 3.12347E-1 4.30554E-1 1.41898E-2 1.61062E-2 7.9296E-3 1.35092E-2 1.6437E-2 1.23446E-2 1.85214E-2 2.94203E-2 2.81705E-2 1.61856E-2 1.45102E-2 2.68563E-2 3.54615E-2 2.4719E-2 2.08566E-2 2.37989E-2 1.89676E-2 1.03508E-2 5.81669E-3 2.70162E-3 3.36708E-3 2.95628E-3 1.7613E-1 1.61588E-1 1.55074E-1 1.66763E-1 2.24528E-1 2.27193E-1 3.16557E-1 3.37143E-1 1.66699E-1 1.66882E-1 1.24695E-1 1.27151E-1 1.1428E-1 1.21601E-1 2.36782E-1 1.51309E-1 8.09097E-2 1.01189E-1 9.49897E-2 9.87815E-2 6.74627E-2 6.61987E-2 6.61455E-2 5.9724E-2 4.79785E-2 5.61609E-2 4.81014E-2
4.91009E-1 3.33225E-1 3.22093E-1 2.97794E-1 3.05734E-1 2.99338E-1 4.70484E-1 3.54908E-1 3.6148E-1 5.55549E-1 1.36983E-2 1.12822E-2 1.86287E-2 1.94601E-2 1.68403E-2 1.67318E-2 2.21269E-2 3.03302E-2 2.73878E-2 2.12846E-2 2.34927E-2 3.61579E-2 5.15308E-2 3.34621E-2 3.32767E-2 3.02916E-2 1.88871E-2 1.01924E-2 6.4777E-3 4.13808E-3 4.68715E-3 4.0219E-3 1.93483E-1 2.30422E-1 3.87987E-1 1.90436E-1 1.94677E-1 1.88195E-1 1.94012E-1 2.44269E-1 2.67694E-1 2.00809E-1 1.73906E-1 1.68656E-1 1.47629E-1 1.52478E-1 1.69399E-1 1.00044E-1 8.049E-2 1.09455E-1 7.76381E-2 1.75869E-1 6.51804E-2 4.44484E-2 4.82494E-2 3.93228E-2 3.78704E-2 3.96505E-2 5.53102E-2
5.01534E-1 2.39856E-1 3.18324E-1 2.82174E-1 3.40188E-1 3.765E-1 5.24242E-1 4.09675E-1 3.82173E-1 4.01821E-1 1.35954E-2 1.91397E-2 2.54044E-2 2.07303E-2 1.69948E-2 1.62409E-2 2.17406E-2 3.12166E-2 3.78138E-2 2.64262E-2 3.00762E-2 5.91334E-2 4.19082E-2 2.81346E-2 3.93687E-2 3.56305E-2 1.86863E-2 1.16894E-2 7.17773E-3 4.62722E-3 5.9584E-3 6.55912E-3 5.51148E-3 3.25639E-1 4.14914E-1 1.56875E-1 2.05191E-1 2.58895E-1 2.77152E-1 2.87303E-1 3.1854E-1 3.34542E-1 2.53371E-1 2.83373E-1 2.64841E-1 2.4393E-1 2.0007E-1 1.11267E-1 1.37693E-1 6.22469E-2 1.35945E-1 1.07757E-1 6.13568E-2 3.48037E-2 3.17183E-2 3.30902E-2 3.31279E-2 4.91903E-2 7.52677E-2
5.71917E-1 4.0327E-1 4.39825E-1 3.57616E-1 3.64715E-1 4.39286E-1 5.11979E-1 4.38219E-1 2.79041E-1 4.3436E-1 2.34395E-2 2.27618E-2 2.19514E-2 1.74071E-2 1.48121E-2 1.46131E-2 1.35409E-2 2.3665E-2 4.03587E-2 3.29146E-2 3.28535E-2 7.36655E-2 3.38423E-2 2.53681E-2 4.65419E-2 2.63917E-2 1.93605E-2 1.25874E-2 1.017E-2 8.20597E-3 8.22029E-3 7.5544E-3 5.85181E-3 3.79191E-1 2.92276E-1 1.58943E-1 3.67683E-1 4.187E-1 3.55909E-1 3.33247E-1 3.79262E-1 4.13468E-1 3.92722E-1 3.27156E-1 3.3194E-1 2.18594E-1 1.76985E-1 2.51851E-1 1.29344E-1 1.05215E-1 1.03409E-1 7.71366E-2 6.68192E-2 4.28579E-2 2.97039E-2 3.1352E-2 4.63319E-2 6.16165E-2 9.00773E-2
4.7002E-1 5.58694E-1 2.43943E-1 2.33648E-1 6.73125E-1 6.88788E-1 6.24098E-1 2.52024E-1 7.27619E-1 5.24912E-1 2.01663E-2 2.01058E-2 1.88009E-2 1.29069E-2 1.54641E-2 1.97265E-2 1.98453E-2 2.36468E-2 4.0592E-2 3.31043E-2 4.15593E-2 7.0153E-2 2.92016E-2 4.29782E-2 3.77662E-2 1.89606E-2 1.40483E-2 1.75462E-2 1.04154E-2 9.42006E-3 9.79147E-3 8.43552E-3 5.9385E-3 1.91289E-1 1.77963E-1 1.66357E-1 3.22296E-1 3.92776E-1 4.50222E-1 4.83521E-1 4.34736E-1 4.31251E-1 4.732E-1 4.69938E-1 4.16847E-1 2.78269E-1 2.55187E-1 3.20945E-2 5.84764E-2 1.72694E-1 1.1238E-1 8.70595E-2 1.37227E-1 1.05078E-1 5.851E-2 5.45424E-2 5.95514E-2 7.09932E-2 1.00114E-1
2.94804E-1 5.35569E-1 5.61257E-1 3.55164E-1 4.73901E-1 7.4489E-1 4.84201E-1 3.6444E-1 4.63129E-1 1.37711E-2 1.56224E-2 1.63849E-2 1.57736E-2 2.34896E-2 1.50144E-2 2.24395E-2 2.58735E-2 2.96225E-2 5.5881E-2 3.54193E-2 3.76148E-2 4.47608E-2 3.36399E-2 4.33099E-2 2.22158E-2 1.88139E-2 1.55404E-2 5.87187E-1 6.76729E-1 1.09442E-2 8.97044E-3 7.77685E-3 4.71E-3 5.34025E-3 1.57168E-1 1.35335E-1 1.8078E-1 2.52755E-1 4.10003E-1 4.18125E-1 4.52897E-1 4.86036E-1 4.4883E-1 5.1718E-1 4.89973E-1 4.075E-1 2.01896E-1 1.40209E-1 1.06964E-1 9.77696E-2 8.46345E-2 9.50159E-2 8.0534E-2 6.42646E-2 4.06592E-2 5.91985E-2 1.0005E-1 1.03741E-1 1.21972E-1
2.29721E-1 4.26766E-1 5.9367E-1 5.49236E-1 2.92385E-1 2.70968E-1 4.90418E-1 5.32778E-1 1.59657E-2 1.68382E-2 1.65603E-2 1.32629E-2 1.28855E-2 2.25062E-2 1.34148E-2 1.99027E-2 3.09609E-2 3.03683E-2 4.59907E-2 3.8607E-2 2.28835E-2 2.04836E-2 3.16485E-2 4.88217E-2 2.74326E-2 1.63976E-2 5.98794E-3 7.24142E-1 8.07177E-1 6.50373E-1 7.496E-3 7.20117E-3 1.02933E-2 1.44811E-2 2.50919E-1 2.02058E-1 1.78001E-1 2.45393E-1 4.04053E-1 4.58202E-1 5.3834E-1 6.21464E-1 3.9991E-1 4.67363E-1 4.90142E-1 4.56447E-1 4.5706E-1 1.53487E-1 8.71164E-2 7.18707E-2 1.07857E-1 1.16562E-1 8.92668E-2 6.62812E-2 4.24852E-2 6.02095E-2 8.84117E-2 9.20541E-2 1.04316E-1
1.60641E-1 2.11323E-1 4.69814E-1 5.76025E-1 4.81961E-1 2.45152E-1 5.00777E-1 5.65696E-1 1.51507E-2 1.63376E-2 1.57375E-2 1.22464E-2 1.33441E-2 2.68413E-2 2.10406E-2 1.60364E-2 2.70255E-2 4.09395E-2 2.03774E-2 2.89632E-2 1.54282E-2 2.04628E-2 1.77184E-2 2.05631E-2 2.25404E-2 1.24172E-2 5.89927E-1 6.45813E-1 6.41431E-1 2.02217E-1 1.67706E-1 3.27015E-1 4.72975E-1 1.16892E-2 2.77013E-1 2.04996E-1 1.35195E-1 1.70455E-1 3.74464E-1 4.3543E-1 4.60206E-1 5.8179E-1 6.29692E-1 5.26077E-1 5.66019E-1 5.37667E-1 3.91974E-1 1.60595E-1 7.68632E-2 9.61506E-2 1.31076E-1 1.81997E-1 1.15135E-1 8.52312E-2 7.31577E-2 7.0096E-2 6.98059E-2 8.42117E-2 1.0115E-1
3.49282E-1 2.18705E-1 3.71485E-1 4.96445E-1 5.17184E-1 2.4772E-1 3.8132E-1 6.02495E-1 1.9907E-2 1.28469E-2 1.26213E-2 1.11945E-2 1.0765E-2 1.50066E-2 1.55959E-2 1.86378E-2 2.06172E-2 2.53207E-2 1.44894E-2 2.38725E-2 1.06632E-2 1.49331E-2 1.09954E-2 9.48096E-3 1.78764E-2 5.2387E-1 4.87611E-1 4.65915E-1 3.36441E-1 1.95928E-1 1.83568E-1 2.74573E-1 4.53637E-1 3.06584E-1 2.98157E-1 2.63184E-1 1.61893E-1 1.83333E-1 2.81934E-1 4.27297E-1 4.93346E-1 4.03878E-1 5.65893E-1 6.82143E-1 4.60591E-1 3.48133E-1 3.76573E-1 3.42216E-1 1.1235E-1 1.39335E-1 1.68393E-1 1.84727E-1 1.47262E-1 9.92959E-2 1.25422E-1 8.23535E-2 6.56038E-2 7.94701E-2 1.02799E-1
2.59733E-1 3.20853E-1 2.9057E-1 4.12505E-1 4.15789E-1 4.40143E-1 3.85508E-1 5.7226E-1 1.5091E-2 1.57495E-2 9.53586E-3 7.83012E-3 1.13866E-2 7.99989E-3 1.34849E-2 1.5291E-2 1.83449E-2 1.97168E-2 1.51925E-2 8.30535E-3 6.66942E-3 9.55061E-3 7.97976E-3 6.8939E-3 1.09693E-2 1.03247E-2 1.17532E-2 1.58048E-2 3.55653E-1 2.67341E-1 2.74674E-1 4.04887E-1 3.17799E-1 2.02861E-1 3.0767E-1 3.37898E-1 3.35784E-1 3.23317E-1 3.5534E-1 3.61717E-1 4.3869E-1 2.37009E-1 3.16181E-1 3.90711E-1 4.63471E-1 3.4811E-1 6.49939E-1 4.98619E-1 1.69551E-1 1.42246E-1 1.42293E-1 1.32262E-1 1.61514E-1 1.31791E-1 1.55263E-1 7.44796E-2 6.22896E-2 7.7729E-2 1.25839E-1
4.01258E-1 3.12211E-1 2.10997E-1 3.71204E-1 5.95185E-1 3.83137E-1 4.4071E-1 4.57807E-1 5.21023E-1 4.87511E-1 1.16593E-2 8.12963E-3 3.6607E-1 7.4201E-3 1.00631E-2 1.38794E-2 1.60827E-2 1.3342E-2 1.62661E-2 1.48693E-2 7.13694E-3 9.3867E-3 8.92029E-3 9.07229E-3 1.22565E-2 1.75149E-2 1.18536E-2 1.32586E-2 7.31321E-3 3.11196E-1 2.07653E-1 5.24842E-1 3.73635E-1 1.66275E-1 1.59065E-1 3.63835E-1 3.42187E-1 3.66626E-1 3.32742E-1 2.5497E-1 2.5316E-1 2.16592E-1 3.28691E-1 2.83868E-1 2.88734E-1 3.81484E-1 3.72389E-1 6.43025E-1 2.11648E-1 1.66584E-1 1.44916E-1 1.44201E-1 1.13127E-1 1.35268E-1 1.21197E-1 9.5203E-2 7.10827E-2 6.10959E-2 8.5603E-2
3.92148E-1 4.29586E-1 3.36823E-1 3.74871E-1 3.29595E-1 2.9284E-1 4.92283E-1 3.72435E-1 3.14866E-1 4.16891E-1 4.46146E-1 3.46747E-1 3.31735E-1 1.27331E-2 7.68899E-3 9.20741E-3 1.06629E-2 1.14427E-2 1.42107E-2 2.13673E-2 1.24785E-2 1.01479E-2 6.74163E-3 9.3596E-3 6.90922E-3 9.56855E-3 1.37146E-2 1.2246E-2 1.12863E-2 4.28063E-1 4.18896E-1 3.20603E-1 3.13713E-1 2.3331E-1 1.86937E-1 3.36919E-1 3.72258E-1 3.77243E-1 3.78324E-1 3.22075E-1 1.58385E-1 2.01445E-1 2.56492E-1 1.74158E-1 1.6941E-1 2.50977E-1 3.96282E-1 3.81983E-1 2.51069E-1 1.33886E-1 1.47574E-1 1.22219E-1 7.51959E-2 7.51811E-2 9.52704E-2 8.16641E-2 7.74584E-2 7.32914E-2 8.39045E-2
4.53197E-1 4.63421E-1 2.45638E-1 1.82672E-1 3.05807E-1 3.69285E-1 3.06602E-1 2.3687E-1 2.72432E-1 3.86148E-1 3.85113E-1 3.51528E-1 3.18048E-1 1.55687E-2 1.76524E-2 9.02645E-3 8.95562E-3 1.08542E-2 1.3399E-2 1.96743E-2 1.24608E-2 1.12559E-2 1.03447E-2 1.04883E-2 9.95475E-3 1.01408E-2 9.16289E-3 7.48674E-3 1.02373E-2 4.72725E-1 5.0252E-1 2.79761E-1 2.00933E-1 1.64802E-1 1.58933E-1 3.6981E-1 4.35587E-1 3.33227E-1 4.19679E-1 1.755E-1 1.47752E-1 1.82051E-1 1.69825E-1 1.43354E-1 1.66822E-1 3.05137E-1 2.63965E-1 1.75264E-1 1.91798E-1 2.03507E-1 1.18933E-1 1.04237E-1 6.79053E-2 1.26515E-1 5.26364E-2 7.36728E-2 9.25534E-2 8.33987E-2 9.56879E-2
4.41507E-1 5.12688E-1 1.9289E-1 1.69565E-1 3.9019E-1 2.94436E-1 2.08891E-1 1.61473E-1 2.23944E-1 2.65198E-1 2.64759E-1 3.13229E-1 3.59239E-1 1.69459E-2 1.97594E-2 1.99656E-2 1.23233E-2 8.98531E-3 1.04668E-2 1.78749E-2 1.23455E-2 1.06937E-2 1.00064E-2 8.21069E-3 8.01963E-3 9.76139E-3 7.75151E-3 1.01103E-2 1.44806E-2 4.87537E-1 4.79772E-1 2.84164E-1 1.68246E-1 1.19009E-1 1.50661E-1 3.32588E-1 6.02247E-1 7.2069E-1 6.51193E-1 3.01449E-1 2.25473E-1 2.30869E-1 3.15609E-1 1.93332E-1 1.77516E-1 2.33949E-1 2.25516E-1 1.68991E-1 1.62834E-1 1.0058E-1 1.17217E-1 1.07416E-1 9.4199E-2 8.21588E-2 1.68116E-1 7.55898E-2 1.00454E-1 1.02283E-1 1.0998E-1
4.37172E-1 3.66509E-1 1.67003E-1 2.12793E-1 3.28296E-1 1.56603E-1 1.09558E-1 9.70538E-2 1.64446E-1 1.43419E-1 3.48752E-1 4.9096E-1 3.78843E-1 4.65574E-1 1.55181E-2 1.39963E-2 1.47158E-2 1.59943E-2 1.27011E-2 1.67788E-2 1.50142E-2 9.36782E-3 1.01101E-2 8.51112E-3 9.51327E-3 1.30228E-2 9.2864E-3 1.16431E-2 1.48778E-2 5.43766E-1 5.04717E-1 2.97752E-1 2.2038E-1 3.29161E-1 3.07976E-1 3.84466E-1 5.7146E-1 6.61097E-1 6.2373E-1 3.52537E-1 2.44918E-1 2.02134E-1 3.54344E-1 3.2295E-1 1.70078E-1 3.08919E-1 3.18651E-1 1.71467E-1 1.50274E-1 1.31685E-1 1.73986E-1 1.66698E-1 8.73734E-2 6.76566E-2 1.60412E-1 2.48516E-1 2.03443E-1 1.28229E-1 1.5804E-1
4.83366E-1 2.33231E-1 1.41201E-1 2.97778E-1 1.42788E-1 8.4368E-2 6.19671E-2 7.12161E-2 1.5072E-1 3.12857E-1 5.04082E-1 6.06588E-1 4.1174E-1 3.91417E-1 4.52881E-1 6.84315E-3 8.3702E-3 9.66301E-3 9.52592E-3 1.46652E-2 1.38896E-2 1.30466E-2 1.01874E-2 8.34567E-3 7.03147E-3 1.45785E-2 1.38153E-2 1.20115E-2 4.98227E-1 5.55815E-1 4.40933E-1 2.60156E-1 2.09936E-1 3.61234E-1 3.42993E-1 3.39849E-1 4.9459E-1 2.82504E-1 3.0423E-1 3.19666E-1 3.03162E-1 2.01479E-1 2.66358E-1 2.93034E-1 2.99016E-1 4.07672E-1 3.93142E-1 2.09154E-1 1.38507E-1 1.32424E-1 1.70171E-1 1.65776E-1 1.08205E-1 1.04644E-1 7.7208E-2 1.27128E-1 2.01806E-1 1.21095E-1 1.8263E-1
3.7518E-1 2.05826E-1 2.84659E-1 3.90382E-1 1.21174E-1 7.79607E-2 1.26317E-1 2.61118E-1 2.95997E-1 3.13058E-1 3.95653E-1 3.27084E-1 3.12154E-1 2.38547E-1 2.7062E-1 3.42543E-1 9.79076E-3 1.25065E-2 1.20825E-2 1.58231E-2 1.36605E-2 1.17154E-2 1.00956E-2 9.72041E-3 9.02085E-3 1.042E-2 1.05122E-2 7.33317E-3 3.3538E-1 3.73201E-1 3.72592E-1 2.2893E-1 2.82201E-1 4.51701E-1 3.35839E-1 3.08527E-1 5.04197E-1 3.83986E-1 2.38206E-1 3.32033E-1 3.2821E-1 5.51055E-1 2.79992E-1 3.5987E-1 4.4793E-1 4.03476E-1 4.05555E-1 2.5356E-1 1.4663E-1 1.24185E-1 1.17223E-1 9.90098E-2 1.49102E-1 1.43646E-1 1.07137E-1 9.97758E-2 1.62525E-1 1.50931E-1 2.48084E-1
