Phytophthora/models/20240529_1714_25/Phytophthora_PA3_RUN4_MAXENT_outputs/projMaxent.asc
ncols         225
nrows         269
xllcorner     473009.9838
yllcorner     4429051.1748
cellsize      50.0
NODATA_value  -9999
[rows 130 to 155 of 269, columns 59 to 117 of 225]
1.30733E-1 2.01948E-1 2.04169E-1 2.79535E-1 4.96086E-1 2.43012E-1 2.23116E-1 3.31846E-1 6.59962E-1 2.72522E-1 3.38696E-1 5.18902E-1 4.19929E-1 5.55006E-1 5.39204E-1 5.09452E-1 3.15041E-1 1.62209E-1 1.52082E-1 1.72579E-1 2.22538E-1 3.14121E-1 1.90518E-1 7.39472E-2 7.93052E-2 1.12461E-1 1.14534E-1 2.23516E-1 2.20008E-1 2.38109E-1 1.58378E-1 1.27771E-1 1.57276E-1 1.75494E-1 2.25629E-1 2.92787E-1 2.96546E-1 1.4493E-1 1.35814E-1 2.06554E-1 3.72647E-1 1.98464E-1 1.14662E-1 2.33672E-1 4.28556E-1 2.37626E-1 2.59642E-1 4.63706E-1 3.39966E-1 2.10289E-1 1.37325E-1 2.25109E-1 3.06113E-1 2.87197E-1 5.43047E-1 4.27695E-1 4.1099E-1 4.81547E-1 2.7877E-1
2.24252E-1 2.29575E-1 2.91822E-1 2.60573E-1 4.70829E-1 3.28455E-1 3.00054E-1 2.81843E-1 4.78453E-1 2.15433E-1 2.94598E-1 3.63884E-1 2.70388E-1 3.49432E-1 4.46086E-1 3.97433E-1 3.02448E-1 2.36715E-1 2.02473E-1 1.85898E-1 3.55677E-1 4.099E-1 4.40425E-1 1.72874E-1 1.82848E-1 2.69648E-1 2.68554E-1 2.66061E-1 2.57851E-1 2.55925E-1 1.24806E-1 7.47924E-2 8.74228E-2 1.04219E-1 1.10003E-1 1.26969E-1 2.28081E-1 2.22267E-1 2.51308E-1 2.99141E-1 2.57276E-1 2.27767E-1 1.37956E-1 2.94004E-1 4.61698E-1 2.46003E-1 3.68913E-1 5.00227E-1 6.34605E-1 4.68911E-1 3.73921E-1 2.33148E-1 4.44018E-1 5.28052E-1 4.43805E-1 4.67055E-1 4.81109E-1 4.26295E-1 4.39288E-1
3.31484E-1 2.87716E-1 2.13414E-1 1.60113E-1 3.71919E-1 4.66679E-1 3.13091E-1 2.32522E-1 2.22949E-1 2.88161E-1 3.17432E-1 3.77014E-1 4.3295E-1 4.4694E-1 4.97693E-1 3.19505E-1 2.68394E-1 2.31938E-1 1.57239E-1 1.76729E-1 2.72204E-1 2.6121E-1 2.74267E-1 2.36469E-1 3.17758E-1 3.73256E-1 3.72535E-1 3.47404E-1 3.24041E-1 1.81514E-1 5.43792E-2 5.89776E-2 6.74401E-2 7.84303E-2 8.18949E-2 1.1077E-1 1.42943E-1 2.48658E-1 3.27844E-1 3.3698E-1 4.11258E-1 5.00446E-1 2.66985E-1 2.95721E-1 4.22167E-1 3.61286E-1 2.93557E-1 4.37979E-1 5.50423E-1 6.63627E-1 5.36013E-1 3.87491E-1 5.84804E-1 4.63063E-1 4.48932E-1 4.8369E-1 5.35156E-1 3.78028E-1 3.99062E-1
3.13795E-1 3.12205E-1 2.57466E-1 2.70393E-1 3.5008E-1 4.345E-1 2.92754E-1 2.62361E-1 3.00558E-1 4.42941E-1 4.54805E-1 4.84749E-1 4.06771E-1 3.8479E-1 2.69017E-1 1.34022E-1 1.60618E-1 2.72587E-1 2.00507E-1 2.26022E-1 2.62831E-1 1.84908E-1 1.6668E-1 2.52691E-1 2.55824E-1 3.16028E-1 3.30527E-1 3.37983E-1 2.84686E-1 1.8283E-1 7.79092E-2 6.61654E-2 5.83826E-2 6.87662E-2 1.1103E-1 3.04541E-1 3.42098E-1 4.4107E-1 5.21333E-1 4.01131E-1 4.4639E-1 5.16032E-1 5.64161E-1 3.45429E-1 5.34957E-1 5.92227E-1 4.0862E-1 4.45662E-1 5.34429E-1 6.59698E-1 6.5324E-1 5.56686E-1 5.29104E-1 5.65614E-1 4.87462E-1 5.41599E-1 2.90359E-1 3.25518E-1 4.32186E-1
2.85235E-1 2.94458E-1 2.47605E-1 3.43956E-1 3.9297E-1 4.26808E-1 3.74463E-1 3.8769E-1 4.4027E-1 4.73302E-1 4.13513E-1 4.64889E-1 3.40937E-1 1.62175E-1 1.31961E-1 1.36978E-1 1.35256E-1 1.63671E-1 1.53107E-1 1.84466E-1 1.80231E-1 1.45736E-1 2.03899E-1 1.59589E-1 1.69745E-1 2.37629E-1 2.66464E-1 3.61914E-1 2.87743E-1 1.09534E-1 7.06951E-2 5.25878E-2 5.75046E-2 5.99523E-2 1.2704E-1 2.71014E-1 3.10087E-1 3.11335E-1 2.9471E-1 2.60966E-1 5.33559E-1 4.60483E-1 6.00161E-1 5.63534E-1 5.22126E-1 5.71554E-1 3.96559E-1 4.28569E-1 5.3236E-1 6.79738E-1 6.98221E-1 5.98669E-1 5.68033E-1 6.8282E-1 5.88384E-1 4.09346E-1 2.11469E-1 3.14428E-1 2.69235E-1
2.76123E-1 3.00022E-1 3.38375E-1 4.70179E-1 4.5856E-1 5.80377E-1 5.61261E-1 6.30098E-1 5.35734E-1 4.30492E-1 4.15181E-1 3.46682E-1 1.90632E-1 8.20544E-2 6.34458E-2 9.63007E-2 1.21777E-1 1.34911E-1 1.23365E-1 1.16082E-1 1.10524E-1 1.30229E-1 1.90464E-1 1.65973E-1 1.7745E-1 2.03223E-1 2.87433E-1 3.48647E-1 2.13575E-1 8.67205E-2 6.69153E-2 4.84711E-2 4.57624E-2 5.42739E-2 7.65182E-2 1.44275E-1 1.56915E-1 2.02424E-1 3.36457E-1 3.19602E-1 3.03643E-1 4.52763E-1 4.42779E-1 6.43729E-1 5.71342E-1 5.49347E-1 4.59049E-1 4.71235E-1 5.19034E-1 6.40217E-1 7.11399E-1 5.8322E-1 5.86714E-1 7.16728E-1 5.82446E-1 3.09898E-1 1.89905E-1 3.02103E-1 2.45118E-1
3.58348E-1 4.71225E-1 5.25406E-1 5.66657E-1 6.21071E-1 9.43191E-1 4.74422E-1 6.4467E-1 6.75163E-1 6.45971E-1 3.8317E-1 1.52285E-1 1.22474E-1 7.00708E-2 6.83615E-2 7.75129E-2 1.01427E-1 9.29861E-2 1.1013E-1 1.20654E-1 1.55181E-1 1.77171E-1 1.50341E-1 1.8469E-1 1.68989E-1 1.28607E-1 3.94289E-1 1.42878E-1 1.11913E-1 8.1056E-2 8.34928E-2 5.4887E-2 5.01502E-2 5.57894E-2 1.00188E-1 9.837E-2 1.09494E-1 1.40581E-1 2.46952E-1 2.88236E-1 3.41476E-1 4.27714E-1 5.0205E-1 7.52861E-1 6.92629E-1 6.26825E-1 4.49202E-1 4.52906E-1 5.03109E-1 6.1323E-1 7.27771E-1 6.41341E-1 6.02809E-1 5.04997E-1 4.86226E-1 2.87728E-1 2.03337E-1 3.74374E-1 2.73499E-1
4.69574E-1 6.93089E-1 7.08022E-1 3.55836E-1 7.73372E-1 9.02308E-1 4.49397E-1 4.63979E-1 6.33892E-1 3.34065E-1 2.82831E-1 1.25657E-1 1.14762E-1 8.44873E-2 7.48523E-2 6.99057E-2 6.70515E-2 7.27782E-2 1.0604E-1 1.28711E-1 1.91936E-1 1.82883E-1 1.31235E-1 1.7071E-1 1.72589E-1 1.6987E-1 3.24651E-1 9.56653E-2 9.51143E-2 9.01492E-2 1.06871E-1 6.67231E-2 5.07529E-2 6.95586E-2 1.10022E-1 1.06825E-1 9.78618E-2 1.43311E-1 1.97493E-1 2.36831E-1 3.93758E-1 4.92136E-1 4.13956E-1 5.94793E-1 6.1289E-1 5.78007E-1 5.50398E-1 4.5781E-1 5.80161E-1 4.61476E-1 7.56704E-1 7.15212E-1 5.7577E-1 3.2112E-1 3.52532E-1 2.87463E-1 2.32894E-1 3.40004E-1 2.61968E-1
5.54173E-1 8.52539E-1 6.63653E-1 3.83564E-1 4.52558E-1 8.29851E-1 5.85788E-1 3.42327E-1 6.04444E-1 2.4025E-1 2.33114E-1 2.4839E-1 1.47304E-1 6.91183E-2 5.19668E-2 6.59418E-2 6.82723E-2 8.50127E-2 1.3849E-1 1.38674E-1 1.93344E-1 1.74103E-1 9.42599E-2 1.02573E-1 1.1599E-1 1.43151E-1 1.57073E-1 8.15733E-2 7.15476E-2 7.33783E-2 8.56571E-2 6.27813E-2 5.35207E-2 7.8017E-2 9.80093E-2 1.06577E-1 1.17312E-1 1.65623E-1 1.70967E-1 2.30103E-1 4.98548E-1 6.20332E-1 7.09433E-1 5.56425E-1 4.00953E-1 5.14032E-1 5.49492E-1 5.57623E-1 4.47036E-1 3.97164E-1 4.52144E-1 6.81967E-1 4.08165E-1 3.249E-1 5.70068E-1 4.21411E-1 3.57606E-1 4.17421E-1 3.11989E-1
5.685E-1 8.49504E-1 5.64055E-1 3.94043E-1 3.86639E-1 6.34748E-1 4.97875E-1 3.77252E-1 5.7665E-1 4.34982E-1 1.26772E-1 9.82718E-2 9.78573E-2 6.9748E-2 8.98403E-2 8.98397E-2 9.01858E-2 1.1395E-1 2.02543E-1 1.66439E-1 1.53764E-1 1.27245E-1 1.281E-1 1.09832E-1 8.97873E-2 5.51914E-2 7.52202E-2 9.44816E-2 7.47971E-2 5.46638E-2 6.59323E-2 6.60734E-2 7.19319E-2 7.78586E-2 8.92667E-2 1.10604E-1 1.24743E-1 1.82269E-1 2.4755E-1 5.0538E-1 6.17614E-1 3.83785E-1 6.58236E-1 6.75277E-1 5.1669E-1 4.74735E-1 5.70328E-1 5.07764E-1 4.35275E-1 3.5736E-1 2.57238E-1 4.7299E-1 2.87142E-1 5.50295E-1 7.18616E-1 4.86859E-1 5.62496E-1 6.11471E-1 4.80012E-1
8.37616E-1 8.5916E-1 6.25708E-1 4.21294E-1 4.51365E-1 6.20494E-1 2.47749E-1 1.82252E-1 3.43067E-1 2.62305E-1 9.2694E-2 5.09124E-2 6.51891E-2 1.05031E-1 1.55614E-1 1.7022E-1 1.46332E-1 2.16084E-1 2.87549E-1 2.11824E-1 2.42901E-1 1.57361E-1 1.73847E-1 1.45962E-1 8.4685E-2 6.46961E-2 8.89209E-2 8.11722E-2 7.99946E-2 5.96991E-2 5.61505E-2 7.12942E-2 8.79875E-2 7.85633E-2 9.41132E-2 1.2662E-1 1.88919E-1 4.65281E-1 5.62603E-1 6.16465E-1 6.31224E-1 4.99852E-1 5.43061E-1 3.37458E-1 4.6649E-1 4.06081E-1 3.83607E-1 3.54769E-1 2.72801E-1 2.51113E-1 2.43063E-1 3.60231E-1 3.36863E-1 5.49748E-1 5.68137E-1 7.39007E-1 6.95458E-1 5.49688E-1 3.71288E-1
7.07402E-1 8.32523E-1 7.71977E-1 4.8183E-1 4.26191E-1 4.75645E-1 1.92267E-1 1.34307E-1 1.31774E-1 1.52435E-1 1.09155E-1 6.28875E-2 8.05384E-2 1.29914E-1 1.57754E-1 1.09171E-1 1.11867E-1 1.74027E-1 2.90569E-1 4.82079E-1 4.17849E-1 2.77854E-1 1.66504E-1 1.01995E-1 7.44979E-2 9.58216E-2 1.25044E-1 9.35129E-2 1.09011E-1 1.14895E-1 6.8639E-2 7.86712E-2 1.0211E-1 1.14133E-1 1.85587E-1 1.61195E-1 1.63602E-1 4.41627E-1 6.34432E-1 6.41474E-1 6.0793E-1 4.80374E-1 2.69375E-1 2.13104E-1 3.30855E-1 4.23781E-1 2.95223E-1 3.31838E-1 2.7071E-1 2.45945E-1 2.27508E-1 2.97414E-1 3.44708E-1 4.38181E-1 4.19762E-1 5.59527E-1 6.97235E-1 5.31686E-1 3.0667E-1
3.15825E-1 5.24194E-1 6.81128E-1 6.05977E-1 4.02363E-1 3.14802E-1 2.56603E-1 1.28529E-1 9.43826E-2 2.6944E-1 1.17564E-1 7.51979E-2 8.13096E-2 9.52739E-2 8.38932E-2 8.4291E-2 9.87474E-2 9.57805E-2 2.58115E-1 4.50762E-1 6.62491E-1 3.54565E-1 1.76406E-1 1.05172E-1 1.12792E-1 1.80618E-1 1.7682E-1 9.70718E-2 1.19861E-1 1.03773E-1 7.03338E-2 8.77278E-2 2.04644E-1 2.55023E-1 2.29969E-1 1.95752E-1 1.59172E-1 2.51628E-1 5.77536E-1 7.18883E-1 6.18352E-1 4.13094E-1 1.89076E-1 2.23934E-1 3.86853E-1 4.10855E-1 3.1231E-1 2.58749E-1 2.36762E-1 2.73305E-1 2.15836E-1 2.33557E-1 2.99815E-1 5.03462E-1 5.50512E-1 6.3834E-1 6.09449E-1 4.95562E-1 3.02811E-1
3.25144E-1 6.10163E-1 5.39908E-1 3.83482E-1 4.38183E-1 3.76601E-1 3.02673E-1 1.6314E-1 1.55906E-1 2.65675E-1 3.09522E-1 8.01992E-2 1.08862E-1 1.25462E-1 1.03528E-1 1.12191E-1 1.68315E-1 3.12474E-1 5.06318E-1 7.64561E-1 6.86442E-1 3.75021E-1 1.56317E-1 1.64808E-1 1.91629E-1 1.83835E-1 1.51907E-1 7.31097E-2 7.9972E-2 7.9966E-2 9.04255E-2 1.75781E-1 2.11918E-1 1.8083E-1 1.55683E-1 2.40173E-1 2.54196E-1 2.63808E-1 5.35344E-1 7.82311E-1 7.11456E-1 5.42987E-1 2.74167E-1 2.78765E-1 3.76748E-1 3.00955E-1 2.59724E-1 1.50722E-1 2.53757E-1 2.57317E-1 2.0004E-1 3.28986E-1 3.91866E-1 4.82762E-1 4.62943E-1 5.84675E-1 5.59368E-1 4.43593E-1 3.07548E-1
3.36348E-1 4.39788E-1 2.5922E-1 2.31434E-1 3.97944E-1 4.31716E-1 3.62237E-1 2.00737E-1 1.1991E-1 1.26925E-1 1.50652E-1 1.52681E-1 1.12701E-1 1.26724E-1 1.51811E-1 1.49473E-1 1.42739E-1 2.90928E-1 4.41803E-1 5.43565E-1 6.40126E-1 3.97051E-1 1.4347E-1 1.77128E-1 2.2201E-1 1.76082E-1 1.4189E-1 8.12582E-2 6.57613E-2 8.68607E-2 1.16445E-1 2.07058E-1 1.88153E-1 1.71618E-1 1.34952E-1 1.76932E-1 2.24809E-1 2.95894E-1 5.79231E-1 6.83241E-1 6.17471E-1 7.34772E-1 3.77495E-1 3.23894E-1 2.71771E-1 2.54831E-1 2.53312E-1 1.89737E-1 3.31937E-1 4.05354E-1 3.98829E-1 5.94987E-1 7.23097E-1 5.05231E-1 5.57843E-1 5.38245E-1 4.56884E-1 2.93969E-1 3.16931E-1
3.8067E-1 3.9365E-1 2.34965E-1 2.21118E-1 2.83216E-1 3.89493E-1 3.33322E-1 2.13282E-1 1.91615E-1 2.02846E-1 1.91484E-1 1.91767E-1 1.3175E-1 1.43116E-1 1.49434E-1 1.54807E-1 1.61653E-1 2.89851E-1 5.17876E-1 5.92732E-1 7.29398E-1 3.7793E-1 1.45109E-1 1.40692E-1 2.12599E-1 2.05882E-1 1.9536E-1 1.14029E-1 6.72766E-2 9.78974E-2 1.50719E-1 1.67341E-1 1.26613E-1 1.36435E-1 1.46186E-1 1.67002E-1 2.86602E-1 4.04071E-1 4.84019E-1 5.06476E-1 7.33674E-1 6.29429E-1 6.19589E-1 3.08574E-1 2.2019E-1 2.11254E-1 1.78395E-1 2.39653E-1 2.53922E-1 4.57591E-1 4.67143E-1 7.17627E-1 7.67849E-1 6.63818E-1 5.93197E-1 5.42212E-1 4.58084E-1 3.28597E-1 1.52157E-1
2.81445E-1 3.37132E-1 2.98206E-1 2.10974E-1 2.97133E-1 2.81985E-1 2.63572E-1 2.69237E-1 2.8079E-1 2.27303E-1 1.67834E-1 1.97474E-1 1.47422E-1 1.63059E-1 1.82965E-1 1.81075E-1 2.36531E-1 3.26957E-1 2.96958E-1 5.41363E-1 4.57727E-1 4.32296E-1 1.78808E-1 1.66939E-1 2.646E-1 2.63008E-1 1.559E-1 1.0272E-1 8.29519E-2 1.84738E-1 3.3533E-1 3.14772E-1 1.20763E-1 1.14006E-1 1.77018E-1 3.23941E-1 4.44497E-1 4.14938E-1 3.85896E-1 7.20095E-1 4.31245E-1 4.97963E-1 3.31924E-1 3.31238E-1 1.29863E-1 1.18197E-1 1.13937E-1 1.79761E-1 2.38939E-1 3.25042E-1 4.0513E-1 7.04027E-1 7.3126E-1 6.89241E-1 6.5513E-1 6.51015E-1 5.27055E-1 3.29054E-1 2.8033E-1
1.8298E-1 2.31036E-1 2.27562E-1 1.74687E-1 2.72847E-1 2.95256E-1 2.72448E-1 2.72775E-1 2.85356E-1 2.4884E-1 1.25184E-1 1.17241E-1 1.32606E-1 2.16788E-1 2.33207E-1 3.24955E-1 4.6372E-1 3.51376E-1 3.06956E-1 4.80035E-1 5.85013E-1 4.55753E-1 2.95514E-1 2.46428E-1 4.39989E-1 4.5209E-1 1.97373E-1 1.21298E-1 1.28974E-1 2.73418E-1 3.16354E-1 2.59E-1 1.94498E-1 1.80164E-1 2.22198E-1 4.36078E-1 4.29951E-1 4.71173E-1 3.16233E-1 2.96871E-1 2.86297E-1 2.30556E-1 3.77434E-1 1.83506E-1 1.98255E-1 1.59973E-1 1.04047E-1 1.13613E-1 2.08736E-1 2.57643E-1 4.2404E-1 6.30733E-1 6.88357E-1 6.39164E-1 6.37882E-1 5.87428E-1 5.39838E-1 4.11442E-1 3.23202E-1
1.69981E-1 2.28946E-1 1.58448E-1 3.22557E-1 4.47856E-1 3.20077E-1 3.49927E-1 2.89792E-1 2.07288E-1 2.35931E-1 2.01661E-1 1.65031E-1 2.00309E-1 2.40399E-1 2.54161E-1 4.04407E-1 4.70674E-1 4.13966E-1 2.86507E-1 3.3456E-1 6.39674E-1 4.80063E-1 3.03467E-1 3.18349E-1 5.17731E-1 5.77168E-1 3.42611E-1 2.42032E-1 2.70791E-1 3.52917E-1 3.52663E-1 2.11149E-1 1.64509E-1 1.59966E-1 1.85561E-1 4.1708E-1 4.55221E-1 2.90801E-1 1.83101E-1 1.61262E-1 1.42251E-1 2.58954E-1 2.49258E-1 3.32838E-1 2.19649E-1 1.17501E-1 9.09893E-2 1.41106E-1 1.85822E-1 2.32469E-1 4.77031E-1 5.57168E-1 6.37216E-1 6.43785E-1 5.5858E-1 5.56512E-1 5.1771E-1 3.59697E-1 1.79372E-1
2.2757E-1 2.2477E-1 1.9046E-1 2.58956E-1 4.2079E-1 3.35286E-1 4.48912E-1 3.95485E-1 2.48249E-1 3.0099E-1 3.42387E-1 1.87617E-1 2.16145E-1 1.94096E-1 2.79425E-1 2.68334E-1 3.38132E-1 4.82757E-1 4.07614E-1 3.49668E-1 6.62595E-1 6.15107E-1 4.38234E-1 3.71724E-1 5.56117E-1 6.47563E-1 3.54244E-1 4.6479E-1 3.23711E-1 3.72937E-1 3.40558E-1 1.63623E-1 1.48336E-1 1.35812E-1 1.46822E-1 2.88988E-1 4.43756E-1 3.45107E-1 1.46104E-1 1.26928E-1 1.96019E-1 3.68425E-1 1.50692E-1 1.99592E-1 1.43179E-1 9.04896E-2 9.69917E-2 1.3971E-1 1.84224E-1 1.69137E-1 3.02289E-1 4.20617E-1 5.3967E-1 5.81445E-1 5.58679E-1 5.07392E-1 4.26101E-1 2.46675E-1 8.90562E-2
2.24421E-1 2.04559E-1 1.68353E-1 1.83178E-1 2.72791E-1 4.65195E-1 4.93292E-1 4.27087E-1 4.01402E-1 3.31251E-1 2.86923E-1 2.72083E-1 2.41963E-1 2.6714E-1 2.24179E-1 2.59021E-1 3.31526E-1 6.32993E-1 6.33466E-1 4.52187E-1 6.10076E-1 6.49399E-1 5.53506E-1 4.99806E-1 6.37563E-1 7.05346E-1 6.71801E-1 4.9298E-1 2.23157E-1 2.38053E-1 2.2763E-1 2.0833E-1 2.26119E-1 1.54018E-1 3.29298E-1 4.66502E-1 4.45218E-1 2.01477E-1 1.69844E-1 1.90233E-1 3.72976E-1 4.06675E-1 2.24325E-1 2.47012E-1 1.80004E-1 1.21949E-1 1.54001E-1 2.10553E-1 3.20889E-1 3.40522E-1 2.79344E-1 3.72731E-1 4.43082E-1 5.53753E-1 5.4945E-1 4.84686E-1 3.37001E-1 2.72278E-1 1.54616E-1
1.51621E-1 2.3427E-1 2.9067E-1 2.82726E-1 3.27223E-1 5.01183E-1 4.35719E-1 2.53074E-1 2.62661E-1 4.28671E-1 4.42513E-1 5.59246E-1 3.70143E-1 3.5548E-1 2.66529E-1 3.01197E-1 3.17039E-1 4.49488E-1 6.02132E-1 5.11867E-1 5.25077E-1 5.57187E-1 5.77941E-1 6.01066E-1 7.15134E-1 6.28885E-1 6.40992E-1 3.9594E-1 2.23563E-1 2.04874E-1 1.99617E-1 2.44332E-1 2.93754E-1 3.05173E-1 5.31241E-1 4.87671E-1 2.7625E-1 3.40361E-1 3.02136E-1 2.28144E-1 3.9516E-1 3.26172E-1 2.95162E-1 2.58165E-1 2.40345E-1 1.31052E-1 1.29584E-1 2.62075E-1 3.77237E-1 4.9881E-1 2.92293E-1 4.38762E-1 4.56348E-1 4.37418E-1 4.52883E-1 3.70336E-1 2.72278E-1 1.96429E-1 2.00584E-1
1.98132E-1 2.57142E-1 2.96563E-1 3.64734E-1 4.75172E-1 4.01714E-1 3.22141E-1 1.67889E-1 1.95926E-1 3.79465E-1 5.79191E-1 6.32223E-1 3.87228E-1 3.0605E-1 3.01964E-1 3.25323E-1 3.31856E-1 3.16914E-1 3.33679E-1 3.95702E-1 4.54505E-1 4.08197E-1 7.13505E-1 6.97276E-1 7.09934E-1 6.28247E-1 5.25026E-1 3.8406E-1 2.59471E-1 2.34005E-1 2.90029E-1 3.88391E-1 3.72721E-1 2.91282E-1 6.01848E-1 6.42656E-1 6.48756E-1 6.5177E-1 6.43998E-1 5.32976E-1 3.18048E-1 3.82196E-1 2.85165E-1 2.76664E-1 2.47003E-1 2.01387E-1 1.87748E-1 3.52227E-1 5.22197E-1 6.23801E-1 4.26854E-1 3.35633E-1 4.16837E-1 3.9041E-1 3.554E-1 3.30347E-1 2.22272E-1 1.96255E-1 3.40004E-1
2.03109E-1 2.67086E-1 3.42424E-1 4.22183E-1 3.87846E-1 3.01634E-1 2.43628E-1 2.20072E-1 1.94471E-1 3.45746E-1 5.77052E-1 4.55598E-1 3.72975E-1 3.40688E-1 3.17288E-1 3.40849E-1 3.60131E-1 3.34432E-1 2.96913E-1 4.25282E-1 4.19615E-1 3.33738E-1 5.78794E-1 5.36105E-1 7.27488E-1 6.83616E-1 6.29912E-1 4.97665E-1 2.82092E-1 2.87006E-1 3.27712E-1 3.86901E-1 4.89504E-1 3.64845E-1 6.3196E-1 6.65829E-1 6.14086E-1 6.75659E-1 6.3962E-1 4.60293E-1 4.69481E-1 5.35148E-1 5.11844E-1 4.53464E-1 4.06621E-1 3.33154E-1 2.85921E-1 2.67927E-1 3.62338E-1 3.13118E-1 2.10567E-1 2.80924E-1 3.09539E-1 3.38929E-1 3.19568E-1 2.84362E-1 1.84986E-1 2.03784E-1 3.42893E-1
2.58041E-1 2.96198E-1 3.95417E-1 4.41428E-1 3.63186E-1 1.98578E-1 1.94945E-1 2.00172E-1 1.86459E-1 2.75054E-1 3.97117E-1 2.95003E-1 2.82022E-1 4.01039E-1 3.45224E-1 3.73558E-1 3.75103E-1 4.02016E-1 4.86351E-1 6.05047E-1 4.70558E-1 3.10854E-1 5.03034E-1 6.78643E-1 8.10748E-1 8.2396E-1 6.82627E-1 5.13002E-1 3.9904E-1 3.53949E-1 3.48258E-1 4.66998E-1 6.87834E-1 6.50103E-1 6.58379E-1 6.80645E-1 6.2037E-1 6.71583E-1 6.33734E-1 7.67339E-1 7.1416E-1 5.66981E-1 5.30687E-1 5.02462E-1 4.79283E-1 4.00147E-1 3.57714E-1 3.99928E-1 3.6097E-1 3.29033E-1 2.58955E-1 2.55299E-1 2.49375E-1 2.75964E-1 2.29944E-1 2.35923E-1 1.30051E-1 1.84564E-1 2.78473E-1
3.75742E-1 3.23874E-1 3.77527E-1 3.55691E-1 3.54932E-1 2.49137E-1 2.15934E-1 2.23314E-1 1.93836E-1 3.10612E-1 5.15167E-1 4.39915E-1 3.62392E-1 4.44138E-1 3.82071E-1 4.19876E-1 5.22471E-1 5.99888E-1 5.5679E-1 4.75411E-1 4.06182E-1 6.34114E-1 7.06113E-1 7.3839E-1 8.15461E-1 7.81899E-1 6.17704E-1 5.54785E-1 5.09003E-1 4.07171E-1 4.13843E-1 4.36312E-1 4.34661E-1 7.38676E-1 8.27504E-1 7.20233E-1 5.68909E-1 8.23461E-1 8.68493E-1 7.38944E-1 7.05639E-1 6.74602E-1 6.16165E-1 4.12347E-1 4.03775E-1 4.07021E-1 4.76839E-1 4.34791E-1 4.2337E-1 3.62502E-1 3.06008E-1 3.26506E-1 2.9695E-1 2.14545E-1 1.60936E-1 1.55409E-1 1.81318E-1 2.83729E-1 3.53126E-1
