Phytophthora/models/20240429_1921_07/Phytophthora_PA3_RUN5_MAXENT_outputs/Phytophthora_PA3_RUN5.asc
ncols         225
nrows         269
xllcorner     473000.0
yllcorner     4429100.0
cellsize      50.0
NODATA_value  -9999
[rows 81 to 107 of 269, columns 0 to 59 of 225]
-9999 -9999 -9999 -9999 -9999 -9999 -9999 -9999 -9999 -9999 -9999 -9999 -9999 -9999 -9999 -9999 -9999 -9999 -9999 -9999 -9999 -9999 -9999 -9999 -9999 -9999 -9999 -9999 -9999 -9999 -9999 -9999 5.02967E-4 3.71649E-4 4.94834E-4 4.92538E-4 9.17071E-4 2.09782E-3 3.55422E-3 5.65075E-3 7.26249E-3 6.54012E-3 6.40174E-3 7.94404E-3 7.07465E-3 8.67548E-3 1.28632E-2 1.67611E-2 1.23616E-2 3.98274E-2 3.01363E-2 3.72832E-2 2.77605E-2 3.34934E-2 1.21538E-2 5.83648E-2 4.94185E-2 2.75771E-2 6.06255E-2 3.11595E-2
-9999 -9999 -9999 -9999 -9999 -9999 -9999 -9999 -9999 -9999 -9999 -9999 -9999 -9999 -9999 -9999 -9999 -9999 -9999 -9999 -9999 -9999 -9999 -9999 -9999 -9999 -9999 -9999 -9999 -9999 -9999 -9999 9.56993E-4 1.08386E-3 9.95971E-4 7.84772E-4 1.39205E-3 2.60573E-3 3.68768E-3 5.32611E-3 4.00767E-3 7.0648E-3 5.19708E-3 1.44068E-2 1.27908E-2 1.1184E-2 1.50624E-2 2.16539E-2 2.52215E-2 3.45124E-2 5.56069E-2 5.37284E-2 4.50879E-2 5.39265E-2 6.35628E-2 5.25821E-2 2.61437E-2 5.59376E-2 3.72992E-2 5.25507E-2
-9999 -9999 -9999 -9999 -9999 -9999 -9999 -9999 -9999 -9999 -9999 -9999 -9999 -9999 -9999 -9999 -9999 -9999 -9999 -9999 -9999 -9999 -9999 -9999 -9999 -9999 -9999 -9999 -9999 -9999 -9999 -9999 1.61186E-3 2.00634E-3 1.60623E-3 1.49103E-3 1.48351E-3 3.09095E-3 4.43419E-3 5.74668E-3 5.518E-3 5.12543E-3 7.42288E-3 2.26519E-2 1.34438E-2 1.55926E-2 1.551E-2 2.48826E-2 2.766E-2 3.63164E-2 4.5923E-2 6.53699E-2 6.54858E-2 5.71373E-2 7.26191E-2 1.20654E-1 2.35019E-2 6.71192E-2 4.09646E-2 4.07703E-2
-9999 -9999 -9999 -9999 -9999 -9999 -9999 -9999 -9999 -9999 -9999 -9999 -9999 -9999 -9999 -9999 -9999 -9999 -9999 -9999 -9999 -9999 -9999 -9999 -9999 -9999 -9999 -9999 -9999 -9999 -9999 -9999 -9999 2.94798E-3 3.89498E-3 4.36566E-3 4.4147E-3 5.63135E-3 6.99019E-3 8.94592E-3 9.4883E-3 1.42296E-2 2.65893E-2 2.41502E-2 1.82646E-2 1.94944E-2 2.02394E-2 3.39713E-2 5.00487E-2 4.96179E-2 4.30716E-2 5.85362E-2 6.35645E-2 6.84268E-2 9.13149E-2 1.44974E-1 7.57417E-2 1.12924E-1 5.05287E-2 5.34916E-2
-9999 -9999 -9999 -9999 -9999 -9999 -9999 -9999 -9999 -9999 -9999 -9999 -9999 -9999 -9999 -9999 -9999 -9999 -9999 -9999 -9999 -9999 -9999 -9999 -9999 -9999 -9999 -9999 -9999 -9999 -9999 -9999 -9999 4.62799E-3 7.02136E-3 1.03146E-2 1.71331E-2 1.5756E-2 1.56415E-2 1.7002E-2 2.31489E-2 2.37305E-2 2.68056E-2 2.62659E-2 2.99577E-2 7.15543E-3 2.50449E-2 3.42872E-2 8.77385E-2 9.87901E-2 3.49411E-2 5.47293E-2 4.71976E-2 6.82855E-2 1.23007E-1 1.85578E-1 6.78884E-2 7.27021E-2 6.23236E-2 6.11486E-2
-9999 -9999 -9999 -9999 -9999 -9999 -9999 -9999 -9999 -9999 -9999 -9999 -9999 -9999 -9999 -9999 -9999 -9999 -9999 -9999 -9999 -9999 -9999 -9999 -9999 -9999 -9999 -9999 -9999 -9999 -9999 -9999 -9999 -9999 4.07673E-2 1.43524E-2 1.06769E-2 1.46471E-2 1.3336E-2 1.92189E-2 1.96298E-2 1.62533E-2 1.8069E-2 2.01284E-2 2.88752E-2 3.49217E-2 3.24714E-2 4.14365E-2 8.41062E-2 1.13185E-1 7.77921E-2 2.57458E-2 6.6815E-2 7.13386E-2 1.26668E-1 9.18297E-2 4.47125E-2 7.76427E-2 6.09336E-2 4.9432E-2
-9999 -9999 -9999 -9999 -9999 -9999 -9999 -9999 -9999 -9999 -9999 -9999 -9999 -9999 -9999 -9999 -9999 -9999 -9999 -9999 -9999 -9999 -9999 -9999 -9999 -9999 -9999 -9999 -9999 -9999 -9999 -9999 -9999 -9999 2.08627E-2 1.30437E-2 1.90624E-2 1.65738E-2 3.32632E-2 2.93646E-2 2.16237E-2 2.30886E-2 2.26569E-2 2.38259E-2 3.68019E-2 4.34076E-2 2.00593E-2 4.36005E-2 4.37022E-2 9.17656E-2 6.17867E-2 7.73452E-2 3.21672E-2 7.22392E-2 1.31764E-1 1.30656E-1 8.90391E-2 4.90596E-2 8.18476E-2 6.72269E-2
-9999 -9999 -9999 -9999 -9999 -9999 -9999 -9999 -9999 -9999 -9999 -9999 -9999 -9999 -9999 -9999 -9999 -9999 -9999 -9999 -9999 -9999 -9999 -9999 -9999 -9999 -9999 -9999 -9999 -9999 -9999 -9999 -9999 -9999 2.77507E-2 1.82661E-2 2.47139E-2 3.36685E-2 3.11362E-2 3.25119E-2 3.22151E-2 3.56898E-2 3.73751E-2 3.50953E-2 5.28461E-2 5.54408E-2 4.85521E-2 4.24639E-2 3.74609E-2 3.16261E-2 3.63486E-2 4.72454E-2 6.40427E-2 6.98469E-2 8.18134E-2 1.5633E-1 1.45416E-1 1.22227E-1 9.66982E-2 8.21891E-2
-9999 -9999 -9999 -9999 -9999 -9999 -9999 -9999 -9999 -9999 -9999 -9999 -9999 -9999 -9999 -9999 -9999 -9999 -9999 -9999 -9999 -9999 -9999 -9999 -9999 -9999 -9999 -9999 -9999 -9999 -9999 -9999 -9999 -9999 3.37673E-2 2.28101E-2 3.43053E-2 4.12419E-2 4.14829E-2 3.81985E-2 4.5835E-2 3.57393E-2 4.99255E-2 5.45207E-2 8.76996E-2 1.8632E-2 5.289E-2 4.03567E-2 3.62638E-2 2.87573E-2 2.9274E-2 4.12724E-2 5.38444E-2 6.29839E-2 1.14537E-1 1.52228E-1 1.04347E-1 3.90303E-2 7.22689E-2 7.79314E-2
-9999 -9999 -9999 -9999 -9999 -9999 -9999 -9999 -9999 -9999 -9999 -9999 -9999 -9999 -9999 -9999 -9999 -9999 -9999 -9999 -9999 -9999 -9999 -9999 -9999 -9999 -9999 -9999 -9999 -9999 -9999 -9999 -9999 -9999 3.67964E-2 2.81826E-2 4.01415E-2 5.73094E-2 5.6415E-2 4.06318E-2 6.07496E-2 4.17841E-2 6.54926E-2 7.18665E-2 1.35508E-1 7.06402E-2 5.99891E-2 4.20255E-2 3.28785E-2 2.48982E-2 2.4511E-2 3.37475E-2 4.05361E-2 5.15311E-2 7.66788E-2 1.1838E-1 1.33311E-1 7.9936E-2 6.1109E-2 7.10057E-2
-9999 -9999 -9999 -9999 -9999 -9999 -9999 -9999 -9999 -9999 -9999 -9999 -9999 -9999 -9999 -9999 -9999 -9999 -9999 -9999 -9999 -9999 -9999 -9999 -9999 -9999 -9999 -9999 -9999 -9999 -9999 -9999 -9999 1.8837E-2 3.29537E-2 2.46717E-2 4.11599E-2 5.28967E-2 5.03665E-2 4.152E-2 4.76799E-2 1.00275E-1 8.16302E-2 8.45296E-2 1.3764E-1 7.91687E-2 7.74796E-2 5.36591E-2 3.7607E-2 3.00299E-2 2.05278E-2 2.14223E-2 2.75884E-2 4.1493E-2 6.96259E-2 1.38257E-1 1.59638E-1 8.75835E-2 8.0129E-2 7.91478E-2
-9999 -9999 -9999 -9999 -9999 -9999 -9999 -9999 -9999 -9999 -9999 -9999 -9999 -9999 -9999 -9999 -9999 -9999 -9999 -9999 -9999 -9999 1.95052E-2 2.33351E-2 -9999 -9999 -9999 -9999 -9999 -9999 1.61313E-2 1.94669E-2 2.07695E-2 2.93636E-2 4.12763E-2 2.39529E-2 4.21947E-2 5.05743E-2 4.59857E-2 5.73985E-2 5.04994E-2 1.03849E-1 1.24362E-1 9.45685E-2 1.49096E-1 1.37854E-1 1.10444E-1 6.14483E-2 5.39227E-2 4.29609E-2 2.93331E-2 2.73013E-2 3.20687E-2 6.74202E-2 1.02589E-1 7.22536E-2 5.44372E-2 8.37322E-2 7.96772E-2 4.86968E-2
-9999 -9999 -9999 -9999 -9999 -9999 -9999 -9999 -9999 -9999 -9999 -9999 -9999 -9999 -9999 -9999 -9999 -9999 5.5301E-4 1.62581E-3 1.3828E-2 2.01329E-2 2.46783E-2 3.21002E-2 2.36746E-2 1.42658E-2 3.52262E-2 7.57248E-3 5.39456E-3 5.23051E-3 3.08709E-2 3.79778E-2 4.05823E-2 3.60461E-2 4.09711E-2 2.76625E-2 4.4195E-2 5.61511E-2 5.73483E-2 6.15223E-2 5.46684E-2 8.995E-2 1.53206E-1 9.3905E-2 5.33148E-2 1.62185E-1 1.4487E-1 9.6165E-2 7.649E-2 5.44344E-2 4.21341E-2 1.92168E-2 2.61856E-2 2.35247E-2 1.55078E-2 -9999 3.13052E-2 6.09763E-2 6.06052E-2 7.13554E-2
-9999 -9999 -9999 -9999 -9999 -9999 -9999 -9999 -9999 -9999 -9999 -9999 -9999 -9999 -9999 -9999 -9999 8.2315E-4 7.33866E-4 1.41322E-3 1.30971E-2 2.08052E-2 2.72992E-2 3.67094E-2 3.26425E-2 3.28802E-3 2.88332E-3 6.60023E-3 6.9651E-3 8.08954E-3 5.77492E-2 6.8525E-2 7.48787E-2 5.95771E-2 6.62841E-2 4.6077E-2 2.59668E-2 5.89252E-2 2.04287E-2 5.69787E-2 5.23366E-2 8.27353E-2 1.24888E-1 9.49229E-2 7.25965E-2 1.28336E-1 1.70257E-1 9.77073E-2 5.49503E-2 4.79968E-2 3.66241E-2 1.50318E-2 2.0881E-2 6.02477E-3 2.84208E-2 1.90004E-2 1.48229E-2 -9999 4.14286E-2 1.37298E-2
-9999 -9999 -9999 -9999 -9999 -9999 -9999 -9999 -9999 -9999 -9999 -9999 -9999 -9999 6.0637E-4 9.09794E-4 1.0824E-3 1.52853E-3 1.28326E-3 2.09454E-3 1.47161E-2 2.5392E-2 4.18709E-2 5.97251E-2 5.83738E-2 6.21612E-3 6.77699E-3 7.4106E-3 8.99102E-3 1.05024E-2 6.64471E-2 9.23664E-2 1.0451E-1 8.1571E-2 9.31913E-2 3.65297E-2 5.18868E-2 6.18727E-2 6.22056E-2 5.30485E-2 5.08959E-2 8.63757E-2 1.13104E-1 9.96884E-2 7.67524E-2 1.4776E-1 6.58484E-2 4.00217E-2 4.99603E-2 4.45544E-2 5.03005E-2 4.09658E-2 4.38344E-2 4.27076E-2 3.32045E-2 2.07096E-2 1.42631E-2 7.31382E-3 1.41715E-2 4.025E-2
-9999 -9999 -9999 -9999 -9999 -9999 -9999 -9999 -9999 -9999 -9999 -9999 2.95243E-3 4.6466E-3 9.29961E-3 1.83607E-2 2.31527E-2 3.1947E-2 3.58551E-2 3.16065E-2 1.56307E-2 1.90139E-2 2.76245E-2 4.03772E-2 5.40822E-2 6.33858E-2 6.70094E-2 6.27435E-2 6.66355E-2 6.89366E-2 8.54938E-2 1.12214E-1 1.12604E-1 9.24817E-2 1.14151E-1 4.8322E-2 1.18155E-1 1.25382E-1 1.49911E-1 1.27145E-1 1.66393E-1 2.95704E-1 3.11289E-1 1.58595E-1 2.27235E-1 1.65759E-1 1.23072E-1 1.07309E-1 1.004E-1 8.74349E-2 9.6016E-2 1.04376E-1 1.12016E-1 1.09208E-1 8.43993E-2 3.43541E-2 1.35775E-2 1.32671E-2 1.72347E-2 5.03909E-2
-9999 -9999 -9999 -9999 -9999 -9999 -9999 -9999 -9999 -9999 -9999 3.60343E-3 5.58799E-3 1.2108E-2 2.13913E-2 4.20302E-2 6.18724E-2 7.5668E-2 7.65275E-2 6.26401E-2 4.27264E-2 3.50477E-2 4.05306E-2 5.44675E-2 6.86713E-2 7.68931E-2 9.74769E-2 1.24422E-1 1.30425E-1 1.23912E-1 1.24491E-1 1.40228E-1 1.55045E-1 1.26802E-1 1.21838E-1 6.13891E-2 1.25602E-1 1.53694E-1 1.54964E-1 1.70731E-1 2.42401E-1 1.2898E-1 3.4025E-1 3.34452E-1 1.99484E-1 1.8728E-1 1.61067E-1 1.05469E-1 8.81978E-2 8.33813E-2 9.21679E-2 1.02134E-1 9.35781E-2 9.48931E-2 9.20658E-2 7.86698E-2 3.03105E-2 2.28071E-2 3.04612E-2 4.37772E-2
-9999 -9999 -9999 -9999 -9999 -9999 -9999 -9999 -9999 -9999 -9999 7.58421E-3 1.27073E-2 2.29597E-2 3.92784E-2 8.1394E-2 1.15725E-1 1.17495E-1 1.08109E-1 8.73166E-2 5.88752E-2 5.08029E-2 4.13105E-2 5.13493E-2 6.29827E-2 7.2617E-2 9.31012E-2 1.33234E-1 1.67001E-1 1.73395E-1 1.62376E-1 1.509E-1 1.59422E-1 6.7889E-2 1.30661E-1 1.44564E-1 1.47724E-1 9.86075E-2 1.51705E-1 1.6782E-1 2.50758E-1 2.98907E-1 2.8957E-1 2.56631E-1 2.0457E-1 2.15671E-1 1.04407E-1 8.2412E-2 8.46428E-2 1.17241E-1 1.58804E-1 1.25137E-1 1.12975E-1 1.26035E-1 1.30071E-1 1.0946E-1 9.25672E-2 6.59608E-2 5.45212E-2 5.47502E-2
-9999 -9999 -9999 -9999 -9999 -9999 -9999 -9999 -9999 -9999 -9999 1.09242E-2 1.83966E-2 2.72791E-2 4.34904E-2 8.85809E-2 1.38059E-1 1.53033E-1 1.3641E-1 1.19366E-1 8.59535E-2 6.5289E-2 4.9868E-2 4.98333E-2 6.18955E-2 7.12306E-2 1.06706E-1 1.7365E-1 2.21737E-1 2.18807E-1 2.69381E-1 2.16351E-1 1.6195E-1 1.49351E-1 6.50718E-2 1.55885E-1 1.62704E-1 7.00534E-2 1.79619E-1 1.83491E-1 1.95522E-1 2.32891E-1 2.33032E-1 2.25758E-1 8.54177E-2 1.23942E-1 7.3972E-2 7.61858E-2 1.04921E-1 1.31547E-1 1.57998E-1 8.96223E-2 1.40935E-1 1.67336E-1 1.91618E-1 1.4646E-1 1.07911E-1 8.53104E-2 7.53279E-2 7.4688E-2
-9999 -9999 -9999 -9999 -9999 -9999 -9999 -9999 -9999 -9999 -9999 1.20225E-2 2.00464E-2 2.89883E-2 5.10963E-2 1.15001E-1 1.62285E-1 9.28045E-2 2.03895E-1 1.58665E-1 1.02764E-1 7.75649E-2 6.00163E-2 5.24739E-2 5.31198E-2 6.5827E-2 1.2669E-1 1.79508E-1 2.09474E-1 2.23679E-1 2.3777E-1 2.24194E-1 1.49213E-1 1.472E-1 1.57262E-1 1.39682E-1 1.47795E-1 1.58922E-1 1.66053E-1 1.6572E-1 1.52116E-1 2.55514E-1 2.6494E-1 9.85456E-2 2.19949E-1 1.04969E-1 8.5969E-2 7.25055E-2 9.35097E-2 1.13329E-1 1.28759E-1 1.39333E-1 1.34005E-1 1.48808E-1 2.14958E-1 1.29011E-1 1.27745E-1 1.11767E-1 1.01229E-1 9.59643E-2
-9999 -9999 -9999 -9999 -9999 -9999 -9999 -9999 -9999 -9999 -9999 1.90663E-2 2.76254E-2 4.81773E-2 1.01385E-1 1.78747E-1 2.48887E-1 1.39905E-1 2.95168E-1 2.28053E-1 1.73868E-1 1.32623E-1 9.6566E-2 6.73967E-2 7.9877E-2 1.19906E-1 1.6471E-1 2.02679E-1 2.16834E-1 1.9369E-1 2.64496E-1 3.23212E-1 1.79456E-1 2.37867E-1 1.45538E-1 1.46717E-1 1.89372E-1 1.705E-1 1.1414E-1 1.83781E-1 1.10741E-1 1.29568E-1 1.99985E-1 1.53383E-1 1.14424E-1 9.73096E-2 7.27105E-2 6.09748E-2 5.48778E-2 7.04221E-2 9.98293E-2 1.09154E-1 1.02887E-1 1.06093E-1 1.99382E-1 1.42694E-1 1.20612E-1 1.29211E-1 1.25406E-1 1.02931E-1
-9999 -9999 -9999 -9999 -9999 -9999 -9999 -9999 -9999 -9999 -9999 2.38395E-2 4.56035E-2 1.01446E-1 1.36396E-1 2.06714E-1 2.8119E-1 3.29405E-1 4.23303E-1 3.73043E-1 2.30915E-1 1.40667E-1 1.0439E-1 7.45518E-2 6.90791E-2 1.10197E-1 1.35631E-1 1.62222E-1 1.347E-1 2.34009E-1 3.43238E-1 3.06395E-1 3.04138E-1 2.33399E-1 1.38568E-1 1.45069E-1 1.99691E-1 1.85303E-1 2.06887E-1 1.93144E-1 1.17144E-1 1.14171E-1 6.90563E-2 1.58158E-1 3.05362E-2 1.06961E-1 9.12698E-2 6.72115E-2 5.57787E-2 6.21855E-2 8.66955E-2 8.72211E-2 8.08932E-2 8.91199E-2 1.74972E-1 1.15856E-1 1.13276E-1 8.97336E-2 8.4496E-2 1.35588E-1
-9999 -9999 -9999 -9999 -9999 -9999 -9999 -9999 -9999 -9999 -9999 3.02298E-2 8.39323E-2 1.23285E-1 1.51527E-1 2.26239E-1 3.03269E-1 4.08654E-1 4.5723E-1 2.97494E-1 1.71309E-1 1.26557E-1 9.88236E-2 6.97432E-2 8.98353E-2 1.40477E-1 1.67484E-1 1.92959E-1 2.0695E-1 2.77707E-1 3.20349E-1 2.18376E-1 2.18757E-1 2.15053E-1 1.41601E-1 1.3761E-1 1.87917E-1 1.68438E-1 1.82259E-1 1.41287E-1 8.24163E-2 8.16831E-2 4.94092E-2 9.0581E-2 9.93926E-2 6.99117E-2 1.22309E-1 8.94571E-2 7.19672E-2 6.8903E-2 6.97673E-2 6.84783E-2 6.14007E-2 6.82811E-2 1.5222E-1 1.4974E-1 9.55346E-2 1.09675E-1 1.3519E-1 1.35018E-1
-9999 -9999 -9999 -9999 -9999 -9999 -9999 -9999 -9999 -9999 -9999 2.29971E-2 2.91642E-2 3.89128E-2 1.27485E-1 2.18752E-1 2.01146E-1 3.90697E-1 2.64649E-1 2.16181E-1 1.5503E-1 1.28009E-1 9.63883E-2 8.77878E-2 1.78224E-1 1.77721E-1 2.09108E-1 2.2186E-1 1.86529E-1 2.00866E-1 2.67895E-1 2.71518E-1 2.14539E-1 1.73539E-1 1.2759E-1 1.21576E-1 1.55457E-1 1.99472E-1 2.01493E-1 1.37795E-1 6.12092E-2 5.91899E-2 4.03916E-2 6.99514E-2 7.4341E-2 1.357E-1 1.60878E-1 1.03869E-1 1.05036E-1 6.95383E-2 5.42178E-2 5.29749E-2 4.67018E-2 5.32024E-2 1.11297E-1 1.2483E-1 8.43418E-2 7.31571E-2 9.1171E-2 9.93211E-2
-9999 -9999 -9999 -9999 -9999 -9999 -9999 -9999 -9999 -9999 -9999 4.24664E-2 6.98892E-2 6.30964E-2 1.04509E-1 2.24895E-1 2.65058E-1 2.4962E-1 1.93808E-1 1.7435E-1 1.21317E-1 1.11219E-1 1.04114E-1 1.06244E-1 2.06927E-1 2.23077E-1 1.61811E-1 1.5776E-1 1.74352E-1 2.16292E-1 1.01086E-1 2.43488E-1 1.88183E-1 1.37283E-1 1.04045E-1 9.70016E-2 1.25232E-1 1.79092E-1 1.93196E-1 1.55999E-1 7.04008E-2 5.57053E-2 4.71821E-2 6.37908E-2 6.90059E-2 7.57965E-2 1.8127E-2 7.32859E-2 8.00515E-2 6.06621E-2 6.39439E-2 5.56032E-2 4.46435E-2 4.25558E-2 1.07145E-1 1.08289E-1 5.53395E-2 5.14178E-2 6.13659E-2 6.89178E-2
-9999 -9999 -9999 -9999 -9999 -9999 -9999 -9999 -9999 -9999 -9999 7.31679E-2 1.22865E-1 1.69799E-1 2.107E-1 2.05302E-1 2.0065E-1 1.79932E-1 1.4189E-1 1.10365E-1 1.19909E-1 1.57489E-1 1.37236E-1 2.54949E-1 2.60368E-1 2.96444E-1 2.23921E-1 2.49618E-1 2.60658E-1 2.41609E-1 2.09672E-1 1.78506E-1 1.42444E-1 9.23086E-2 5.96469E-2 3.43952E-2 5.52868E-2 8.09979E-2 1.02663E-1 9.09906E-2 4.8807E-2 3.83601E-2 2.99171E-2 4.16393E-2 4.20232E-2 7.01662E-2 6.36985E-2 -9999 6.02444E-2 7.48552E-2 5.31413E-2 4.76884E-2 3.94421E-2 3.61204E-2 7.1737E-2 7.87596E-2 5.26506E-2 5.06437E-2 6.10155E-2 6.84334E-2
-9999 -9999 -9999 -9999 -9999 -9999 -9999 -9999 -9999 -9999 -9999 1.24267E-1 1.84308E-1 2.18497E-1 2.37326E-1 1.95728E-1 1.90477E-1 1.44392E-1 1.12459E-1 1.06158E-1 1.52097E-1 2.04107E-1 2.42207E-1 1.22263E-1 3.61784E-1 2.66337E-1 9.37951E-2 2.54703E-1 2.25493E-1 1.86454E-1 1.69736E-1 1.46067E-1 1.11647E-1 7.63636E-2 6.02304E-2 3.47569E-2 6.15016E-2 7.47905E-2 8.08358E-2 8.64436E-2 4.87051E-2 4.26495E-2 3.92583E-2 4.87358E-2 4.70357E-2 5.77179E-2 5.31228E-2 5.2416E-2 3.14103E-2 8.27737E-2 6.74578E-2 6.05246E-2 4.97514E-2 8.77616E-2 8.56001E-2 4.70156E-2 3.98464E-2 5.20813E-2 6.40088E-2 9.28154E-2
