Phytophthora/models/20240429_1921_07/Phytophthora_PA3_RUN5_MAXENT_outputs/Phytophthora_PA3_RUN5.asc
ncols         225
nrows         269
xllcorner     473000.0
yllcorner     4429100.0
cellsize      50.0
NODATA_value  -9999
[rows 54 to 80 of 269, columns 60 to 119 of 225]
7.3609E-3 2.24316E-3 1.22996E-2 1.74773E-2 2.02603E-2 3.52311E-2 5.79112E-2 7.95676E-2 1.02301E-1 1.1433E-1 7.71315E-2 7.45673E-2 1.79231E-1 2.1014E-1 1.76045E-1 1.3393E-1 1.09683E-1 8.36463E-2 8.78618E-2 1.08353E-1 1.44282E-1 1.72936E-1 2.07968E-1 1.27542E-1 1.91095E-1 -9999 -9999 -9999 -9999 -9999 -9999 -9999 -9999 -9999 -9999 -9999 -9999 -9999 -9999 -9999 -9999 -9999 -9999 -9999 -9999 -9999 -9999 -9999 -9999 -9999 -9999 -9999 -9999 -9999 -9999 -9999 -9999 -9999 -9999 -9999
6.93738E-3 1.02792E-2 1.2835E-2 5.61237E-3 2.38424E-2 5.02851E-2 6.69081E-2 8.29344E-2 9.2624E-2 8.15296E-2 7.98733E-2 1.08333E-1 1.79194E-1 1.58321E-1 3.1841E-1 1.77069E-1 1.33455E-1 1.04463E-1 8.15757E-2 8.94831E-2 1.45201E-1 2.30839E-1 2.0661E-1 6.71634E-2 1.99375E-1 2.70248E-1 -9999 -9999 -9999 -9999 5.39003E-1 -9999 -9999 -9999 -9999 -9999 -9999 -9999 -9999 -9999 -9999 -9999 -9999 -9999 -9999 -9999 -9999 -9999 -9999 -9999 -9999 -9999 -9999 -9999 -9999 -9999 -9999 -9999 -9999 -9999
2.84353E-3 7.55093E-3 9.17151E-3 1.53315E-2 2.19009E-2 5.25241E-2 6.04834E-2 8.44122E-2 6.34256E-2 7.81625E-2 7.89321E-2 6.76617E-2 1.39389E-1 1.7323E-1 4.60712E-2 1.11059E-1 1.17677E-1 8.85996E-2 7.18112E-2 7.33505E-2 1.15382E-1 9.80734E-2 8.5966E-2 1.02311E-1 1.05406E-1 1.55807E-1 1.29897E-1 9.9606E-2 1.09336E-1 4.06065E-2 3.95548E-1 3.10898E-1 -9999 -9999 -9999 -9999 -9999 -9999 -9999 -9999 -9999 -9999 -9999 -9999 -9999 -9999 -9999 -9999 -9999 -9999 -9999 -9999 -9999 -9999 -9999 -9999 -9999 -9999 -9999 -9999
4.60003E-3 6.13922E-3 7.70063E-3 1.54772E-2 2.38566E-2 5.33802E-2 5.02982E-2 3.71631E-2 5.66385E-2 5.7773E-2 5.73519E-2 4.86975E-2 3.24031E-2 2.30534E-2 9.49566E-2 4.68496E-2 1.32908E-1 1.07868E-1 9.03569E-2 9.79258E-2 1.05947E-1 6.47111E-2 7.5507E-2 -9999 8.93415E-2 1.49042E-1 1.33481E-1 1.01036E-1 1.00865E-1 3.75889E-2 2.72124E-1 3.14404E-1 -9999 -9999 -9999 -9999 -9999 -9999 -9999 -9999 -9999 -9999 -9999 -9999 -9999 -9999 -9999 -9999 -9999 -9999 -9999 -9999 -9999 -9999 -9999 -9999 -9999 -9999 -9999 -9999
3.72818E-3 4.86926E-3 5.54727E-3 9.86048E-3 2.23516E-2 5.77071E-2 6.32564E-2 6.60139E-2 6.92348E-2 6.88393E-2 6.16469E-2 4.97834E-2 2.53144E-2 2.46016E-2 5.53935E-2 2.70329E-2 8.45654E-2 1.68808E-1 1.26799E-1 1.54772E-1 1.34289E-1 6.22321E-2 7.04066E-2 8.51954E-2 5.3696E-2 1.81819E-1 1.46107E-1 1.11198E-1 9.71899E-2 7.53035E-2 1.8767E-1 3.52536E-1 4.27452E-1 -9999 -9999 -9999 -9999 -9999 -9999 -9999 -9999 -9999 -9999 -9999 -9999 -9999 -9999 -9999 -9999 -9999 -9999 -9999 -9999 -9999 -9999 -9999 -9999 -9999 -9999 -9999
4.15317E-3 4.50036E-3 4.60317E-3 7.44219E-3 1.2742E-2 4.58129E-2 7.71704E-2 6.69748E-2 7.61695E-2 4.68264E-2 6.30958E-2 6.15279E-2 5.65513E-2 5.38958E-2 6.85246E-2 8.88647E-2 1.20437E-1 1.1053E-1 2.13655E-1 1.95496E-1 1.66783E-1 7.31833E-2 6.29877E-2 8.09335E-2 1.18602E-1 2.04945E-1 1.61417E-1 1.24367E-1 9.90542E-2 7.34413E-2 1.29407E-1 3.54366E-1 4.25017E-1 -9999 -9999 -9999 -9999 -9999 -9999 -9999 -9999 -9999 -9999 -9999 -9999 -9999 -9999 -9999 -9999 -9999 -9999 -9999 -9999 -9999 -9999 -9999 -9999 -9999 -9999 -9999
3.91297E-3 4.61855E-3 5.08542E-3 7.53421E-3 1.06236E-2 4.12944E-2 7.34976E-2 5.4507E-2 6.32707E-2 8.20469E-2 3.0675E-2 8.79265E-2 8.01829E-2 7.18435E-2 6.8885E-2 7.15618E-2 8.4426E-2 1.34555E-1 1.27904E-1 1.46435E-1 2.10063E-1 8.69502E-2 6.28453E-2 7.69538E-2 1.1649E-1 2.18176E-1 1.69458E-1 1.36317E-1 1.12104E-1 9.32347E-2 1.32098E-1 2.46377E-1 3.56861E-1 -9999 -9999 -9999 -9999 -9999 -9999 -9999 -9999 -9999 -9999 -9999 -9999 -9999 -9999 -9999 -9999 -9999 -9999 -9999 -9999 -9999 -9999 -9999 -9999 -9999 -9999 -9999
2.31619E-3 2.78049E-3 4.18071E-3 6.62416E-3 7.88898E-3 1.31373E-2 1.83652E-2 1.79407E-2 1.97173E-2 3.19577E-2 8.36412E-2 8.5543E-2 9.52017E-2 9.39109E-2 8.61005E-2 8.49808E-2 8.86603E-2 1.08426E-1 1.36273E-1 8.47704E-2 2.15192E-1 9.35668E-2 6.87156E-2 7.47328E-2 1.03979E-1 1.16797E-1 8.70981E-2 6.63917E-2 5.72517E-2 7.24666E-2 1.42456E-1 2.81828E-1 3.50666E-1 2.25976E-1 -9999 -9999 -9999 -9999 -9999 -9999 -9999 -9999 -9999 -9999 -9999 -9999 -9999 -9999 -9999 -9999 -9999 -9999 -9999 -9999 -9999 -9999 -9999 -9999 -9999 -9999
2.59666E-3 2.94861E-3 4.56156E-3 9.15859E-3 1.42309E-2 1.60355E-2 1.5489E-2 2.03523E-2 2.08431E-2 3.39788E-2 3.51262E-2 7.50967E-2 8.77602E-2 1.01841E-1 1.1451E-1 1.14503E-1 2.76487E-2 5.04066E-2 1.14272E-1 8.89139E-2 4.43959E-2 1.1711E-1 9.8307E-2 8.34685E-2 1.03542E-1 1.15906E-1 9.58762E-2 7.06732E-2 5.59084E-2 7.89562E-2 1.68061E-1 2.7537E-1 3.3084E-1 3.25858E-1 1.98607E-1 -9999 -9999 -9999 -9999 -9999 -9999 -9999 -9999 -9999 -9999 -9999 -9999 -9999 -9999 -9999 -9999 -9999 -9999 -9999 -9999 -9999 -9999 -9999 -9999 -9999
2.55124E-3 2.92509E-3 5.2406E-3 1.47109E-2 2.1988E-2 2.07597E-2 1.97881E-2 2.31983E-2 2.19163E-2 3.63085E-2 7.833E-2 6.55409E-2 6.91218E-2 8.48481E-2 1.12148E-1 1.18547E-1 9.61155E-2 9.4304E-2 8.59064E-2 1.14754E-1 1.54319E-1 1.56393E-1 6.33486E-2 1.16835E-1 1.10303E-1 1.11265E-1 1.03312E-1 7.94379E-2 6.68282E-2 9.11908E-2 2.35761E-1 3.13782E-1 3.83794E-1 1.36876E-1 2.99673E-1 1.76831E-1 -9999 -9999 -9999 -9999 -9999 -9999 -9999 -9999 -9999 -9999 -9999 -9999 -9999 -9999 -9999 -9999 -9999 -9999 -9999 -9999 -9999 -9999 -9999 -9999
1.89726E-3 2.4819E-3 4.08553E-3 7.42648E-3 1.22508E-2 1.89479E-2 1.72618E-2 1.8406E-2 2.21661E-2 1.93303E-2 6.32783E-2 5.66096E-2 5.61801E-2 7.2529E-2 1.02483E-1 4.17312E-2 9.77956E-2 7.27482E-2 6.58328E-2 1.03356E-1 9.08897E-2 1.59282E-1 9.79686E-2 6.79237E-2 1.59579E-2 7.76872E-2 8.4416E-2 7.39536E-2 8.00178E-2 1.12333E-1 1.57004E-1 3.69759E-1 2.79267E-1 2.56225E-1 2.38983E-1 3.04686E-1 -9999 -9999 -9999 -9999 -9999 -9999 -9999 -9999 -9999 -9999 -9999 -9999 -9999 -9999 -9999 -9999 -9999 -9999 -9999 -9999 -9999 -9999 -9999 -9999
2.17177E-3 2.89562E-3 4.39204E-3 8.32536E-3 7.75979E-3 1.81377E-2 1.23944E-2 1.27714E-2 1.79197E-2 2.8959E-2 5.00766E-2 4.52769E-2 4.57831E-2 6.62392E-2 9.71762E-2 4.8914E-2 1.1128E-1 8.47343E-2 5.99982E-2 5.85072E-2 3.63912E-2 1.0081E-1 7.75169E-2 8.3007E-2 9.36954E-2 3.1015E-2 9.7143E-2 8.83515E-2 9.93913E-2 1.45739E-1 3.37132E-1 2.24525E-1 3.63933E-1 2.13378E-1 2.20649E-1 2.79398E-1 2.20362E-1 2.45896E-1 -9999 -9999 -9999 -9999 -9999 -9999 -9999 -9999 -9999 -9999 -9999 -9999 -9999 -9999 -9999 -9999 -9999 -9999 -9999 -9999 -9999 -9999
3.09534E-3 3.68185E-3 4.99647E-3 8.65064E-3 1.21322E-2 3.56432E-2 2.37301E-2 2.13563E-2 2.3397E-2 3.12998E-2 3.2873E-2 2.74334E-2 3.53287E-2 5.14233E-2 7.63726E-2 1.16989E-1 8.90957E-2 9.64369E-2 5.89246E-2 4.396E-2 8.72535E-3 4.01211E-2 4.99671E-2 5.20571E-2 6.37503E-2 8.14398E-2 2.33067E-2 8.28068E-2 8.48243E-2 2.97149E-2 2.24608E-1 8.88592E-2 2.59839E-1 1.70969E-1 2.61143E-1 2.71927E-1 1.93067E-1 2.13091E-1 2.02838E-1 1.87615E-1 -9999 -9999 -9999 -9999 -9999 -9999 -9999 -9999 -9999 -9999 -9999 -9999 -9999 -9999 -9999 -9999 -9999 -9999 -9999 -9999
2.92713E-3 5.91695E-3 7.18028E-3 1.05317E-2 9.40499E-3 3.69509E-2 3.84299E-2 2.9076E-2 2.65047E-2 3.38123E-2 4.06478E-2 3.76229E-2 4.13633E-2 6.41553E-2 8.62656E-2 1.13921E-1 1.41525E-1 1.40019E-1 1.10331E-1 4.0574E-2 1.90547E-2 5.3286E-2 5.67855E-2 6.28903E-2 7.45436E-2 3.80339E-2 8.35954E-2 8.00018E-2 5.51238E-2 9.79512E-2 1.99978E-1 2.19726E-1 1.04092E-1 2.1556E-1 2.91487E-1 9.03743E-2 5.72236E-2 2.22046E-1 1.81719E-1 1.83621E-1 1.67455E-1 1.41534E-1 2.02014E-1 -9999 -9999 -9999 -9999 -9999 -9999 -9999 -9999 -9999 -9999 -9999 -9999 -9999 -9999 -9999 -9999 -9999
2.34289E-3 5.30847E-3 7.27852E-3 9.29159E-3 1.20906E-2 3.25185E-2 4.23071E-2 3.31753E-2 3.97146E-2 5.41773E-2 5.85442E-2 5.36916E-2 5.24366E-2 7.75136E-2 9.48126E-2 1.08303E-1 6.74121E-2 8.23423E-2 7.18514E-2 3.92711E-2 3.27748E-2 7.44076E-2 7.43638E-2 7.25446E-2 2.14147E-2 8.70296E-2 7.13648E-2 7.16242E-2 4.26441E-2 8.87422E-2 1.03257E-1 8.20931E-2 7.12801E-2 2.74421E-2 2.99585E-1 9.22702E-2 2.02124E-1 2.01782E-1 1.8847E-1 1.77928E-1 1.2783E-1 1.24051E-1 1.68271E-1 2.27414E-1 1.38045E-1 -9999 -9999 -9999 -9999 -9999 -9999 -9999 -9999 -9999 -9999 -9999 -9999 -9999 -9999 -9999
2.16585E-3 4.32938E-3 4.75263E-3 5.77946E-3 1.30312E-2 2.55953E-2 3.27121E-2 4.80611E-2 6.19788E-2 8.2259E-2 4.86568E-2 6.0761E-2 7.26273E-2 9.6503E-2 3.80733E-2 1.02069E-1 7.55827E-2 5.69464E-2 4.47706E-2 5.41922E-2 1.55378E-2 1.02282E-1 2.47399E-2 3.54937E-2 8.65027E-2 7.15759E-2 6.00679E-2 6.77145E-2 8.6964E-2 9.38854E-2 9.27969E-2 6.99294E-2 9.51402E-2 2.70397E-1 3.30064E-1 2.32358E-1 1.75602E-1 1.68781E-1 1.4549E-1 1.21325E-1 8.86572E-2 9.8213E-2 1.25627E-1 1.62194E-1 2.28102E-1 -9999 -9999 -9999 -9999 -9999 -9999 -9999 -9999 -9999 -9999 -9999 -9999 -9999 -9999 -9999
2.38919E-3 5.16717E-3 6.28312E-3 9.89544E-3 1.59214E-2 2.88604E-2 2.81933E-2 4.02146E-2 5.38474E-2 6.56329E-2 8.74233E-2 9.29269E-2 8.60907E-2 1.02539E-1 9.80503E-2 9.48014E-2 6.26661E-2 5.00853E-2 3.88651E-2 4.36052E-2 2.96561E-2 1.24232E-1 1.25402E-1 9.00174E-2 6.66506E-2 7.876E-2 6.0544E-2 5.91117E-2 7.97777E-2 9.42983E-2 1.22496E-1 9.78265E-2 1.09084E-1 1.6414E-1 1.53617E-1 1.05904E-1 1.1964E-1 1.21167E-1 1.37317E-1 9.22003E-2 7.03017E-2 8.13819E-2 1.05866E-1 1.35841E-1 2.81294E-1 -9999 -9999 -9999 -9999 -9999 -9999 -9999 -9999 -9999 -9999 -9999 -9999 -9999 -9999 -9999
2.12752E-3 9.08837E-4 6.63098E-3 1.0128E-2 1.7261E-2 3.15001E-2 2.93502E-2 3.29217E-2 4.32228E-2 5.25693E-2 6.93839E-2 8.92275E-2 1.10619E-1 9.4842E-2 8.06686E-2 8.00591E-2 5.12811E-2 4.26162E-2 3.52374E-2 3.90089E-2 4.53863E-2 1.10329E-1 9.0381E-2 7.02959E-2 8.08275E-2 7.39491E-2 5.35306E-2 6.16781E-2 8.13933E-2 9.10023E-2 1.26292E-1 1.28894E-1 1.28605E-1 9.44332E-2 6.94222E-2 1.58185E-1 -9999 8.59423E-2 1.03967E-1 8.95291E-2 7.20648E-2 8.85995E-2 1.02627E-1 1.32986E-1 2.83383E-1 -9999 -9999 -9999 -9999 -9999 -9999 -9999 -9999 -9999 -9999 -9999 -9999 -9999 -9999 -9999
2.30553E-3 3.3659E-3 6.85361E-3 9.86938E-3 1.62616E-2 3.13363E-2 3.0335E-2 3.08147E-2 4.0692E-2 5.52575E-2 6.15383E-2 7.08946E-2 8.69346E-2 1.06709E-1 7.86892E-2 7.78221E-2 4.95826E-2 4.48236E-2 4.28612E-2 4.81103E-2 5.3037E-2 8.45148E-2 7.1E-2 5.92557E-2 6.36172E-2 6.13065E-2 7.05571E-2 8.02195E-2 7.91562E-2 8.70406E-2 1.20709E-1 1.45008E-1 1.14163E-1 1.26773E-1 1.27266E-1 7.76103E-2 5.24845E-2 1.07496E-1 9.24092E-2 1.14662E-1 9.14299E-2 1.73616E-1 2.54327E-1 2.82862E-1 2.87112E-1 3.59048E-1 -9999 -9999 -9999 -9999 -9999 -9999 -9999 -9999 -9999 -9999 -9999 -9999 -9999 -9999
4.55802E-3 4.49542E-3 5.22269E-3 4.55952E-3 1.33606E-2 2.56909E-2 2.7401E-2 4.32589E-2 6.31344E-2 7.39869E-2 7.71398E-2 7.33567E-2 1.04081E-1 1.35641E-1 1.28136E-1 1.00556E-1 6.31359E-2 5.95387E-2 5.70568E-2 2.6843E-2 7.50921E-2 1.03236E-1 8.22519E-2 6.18164E-2 6.93288E-2 8.18886E-2 8.52463E-2 7.93663E-2 8.27756E-2 8.7888E-2 1.18647E-1 1.46168E-1 6.46396E-2 8.21469E-2 7.05647E-2 5.09914E-2 6.80126E-2 1.298E-1 1.59653E-1 6.75509E-2 7.75156E-2 2.28305E-1 2.72968E-1 2.85045E-1 1.83619E-1 3.32029E-1 3.58217E-1 -9999 -9999 -9999 -9999 -9999 -9999 -9999 -9999 -9999 -9999 -9999 -9999 -9999
1.27492E-3 2.41159E-3 3.37362E-3 1.92888E-3 7.41581E-3 2.08687E-2 3.46468E-2 5.23257E-2 7.79686E-2 9.21787E-2 8.56866E-2 7.68216E-2 1.08675E-1 1.52346E-1 5.02619E-2 1.47233E-1 8.75666E-2 8.42796E-2 7.96086E-2 3.20332E-2 7.49965E-2 3.58411E-2 6.33581E-2 7.39163E-2 9.32272E-2 5.67303E-2 8.76143E-2 7.06291E-2 6.86416E-2 9.17388E-2 1.24428E-1 1.59866E-1 1.6514E-1 1.20349E-1 1.02121E-1 7.78842E-2 8.9361E-2 7.08483E-2 9.56762E-2 8.71832E-2 6.85558E-2 1.94519E-1 2.65697E-1 1.73995E-1 1.17128E-1 1.83891E-1 2.02418E-1 -9999 -9999 -9999 -9999 -9999 -9999 -9999 -9999 -9999 -9999 -9999 -9999 -9999
1.11404E-3 1.29685E-3 3.61613E-3 3.65257E-3 6.77531E-3 1.69261E-2 2.90518E-2 4.87016E-2 4.9839E-2 8.86162E-2 8.39263E-2 7.2651E-2 1.00003E-1 1.25234E-1 1.47461E-1 1.11373E-1 9.48437E-2 5.15659E-2 8.40436E-2 1.01128E-1 6.04107E-2 4.48462E-2 4.14378E-2 7.17542E-2 1.11812E-1 1.64968E-1 1.14158E-1 3.01899E-2 2.67315E-2 3.97255E-2 1.1114E-1 1.24481E-1 1.31735E-1 1.14603E-1 1.22713E-1 1.47854E-1 1.34215E-1 1.21164E-1 8.82134E-2 6.70034E-2 7.53466E-2 1.10483E-1 1.32902E-1 1.53033E-1 1.9213E-1 2.19837E-1 3.3515E-1 -9999 -9999 -9999 -9999 -9999 -9999 -9999 -9999 -9999 -9999 -9999 -9999 -9999
5.60205E-3 2.96342E-3 3.66722E-3 7.66223E-3 9.96882E-3 1.67266E-2 6.18724E-3 1.223E-2 5.77568E-2 7.07374E-2 9.60803E-2 8.61819E-2 1.0739E-1 1.21279E-1 1.58739E-1 2.2266E-1 2.32076E-1 1.63798E-1 2.36258E-1 2.43763E-1 9.73982E-2 1.70002E-1 1.49324E-1 1.46876E-1 2.92034E-1 2.23107E-1 1.53434E-1 1.53662E-1 1.82156E-1 1.07463E-1 2.33349E-1 2.73006E-1 2.61004E-1 2.56313E-1 3.11661E-1 4.06974E-1 3.87485E-1 3.23526E-1 2.57883E-1 2.12382E-1 2.2905E-1 1.82951E-1 3.71999E-1 3.92331E-1 5.07714E-1 5.24207E-1 5.03897E-1 4.52576E-1 -9999 -9999 -9999 -9999 -9999 -9999 -9999 -9999 -9999 -9999 -9999 -9999
3.48713E-3 3.25257E-3 2.81999E-3 6.3092E-3 8.71991E-3 1.63525E-2 1.13836E-2 3.10734E-2 3.9166E-2 4.87372E-2 7.29014E-2 7.03014E-2 8.48682E-2 9.75938E-2 1.24428E-1 1.73914E-1 1.79486E-1 1.53457E-1 2.26402E-1 1.82434E-1 2.56032E-1 1.44888E-1 1.63508E-1 2.49E-1 2.49459E-1 1.48839E-1 1.29267E-1 1.51481E-1 1.77824E-1 2.16746E-1 3.14309E-1 2.9854E-1 3.13429E-1 3.25406E-1 2.96998E-1 3.82729E-1 3.98779E-1 3.20541E-1 2.46179E-1 2.48539E-1 3.22658E-1 3.64556E-1 2.86586E-1 4.4901E-1 5.62186E-1 3.68234E-1 5.57997E-1 4.12814E-1 3.81287E-1 3.06051E-1 -9999 -9999 -9999 -9999 -9999 -9999 -9999 -9999 -9999 -9999
5.62721E-3 6.72935E-3 9.10779E-3 6.6227E-3 9.45093E-3 1.5339E-2 8.27318E-3 2.91351E-2 3.26345E-2 5.04538E-2 8.93225E-2 8.56932E-2 8.4129E-2 9.0554E-2 1.17597E-1 1.55926E-1 1.7674E-1 2.02719E-1 2.5565E-1 2.72368E-1 1.58584E-1 1.69103E-1 2.14317E-1 2.02804E-1 9.75048E-2 1.13733E-1 1.14844E-1 1.44593E-1 1.78207E-1 1.94519E-1 1.34627E-1 1.69743E-1 3.31849E-1 3.46548E-1 3.39836E-1 3.44889E-1 3.26751E-1 3.30285E-1 2.85115E-1 3.25879E-1 4.1127E-1 5.34243E-1 3.08884E-1 3.34892E-1 4.08414E-1 6.48816E-1 5.3857E-1 4.43065E-1 4.3139E-1 3.23194E-1 1.95985E-1 1.56321E-1 -9999 -9999 -9999 -9999 -9999 -9999 -9999 -9999
1.41707E-2 1.58911E-2 1.3228E-2 1.0817E-2 1.18493E-2 9.20935E-3 2.48401E-2 3.46345E-2 4.73416E-2 7.08744E-2 1.13707E-1 1.12965E-1 1.35495E-1 1.50446E-1 1.62063E-1 1.90375E-1 1.38282E-1 4.2623E-2 1.59892E-1 1.31753E-1 4.47315E-2 1.21546E-1 1.96038E-1 6.18315E-2 2.67901E-2 7.78573E-2 1.09167E-1 1.58569E-1 1.99299E-1 2.32767E-1 2.31315E-1 2.6621E-1 3.14119E-1 2.13931E-1 3.72699E-1 3.78326E-1 3.39846E-1 3.80606E-1 3.66248E-1 4.67355E-1 5.43684E-1 4.72258E-1 1.52473E-1 3.901E-1 4.77364E-1 4.23764E-1 4.6051E-1 2.54584E-1 4.57083E-1 3.37964E-1 2.19248E-1 2.21341E-1 2.41048E-1 -9999 -9999 -9999 -9999 -9999 -9999 -9999
2.1411E-2 4.99355E-3 1.86191E-2 1.40156E-2 8.54091E-3 1.21477E-2 1.93341E-2 1.38924E-2 2.93207E-2 2.37254E-2 9.86091E-2 1.15118E-1 1.56698E-1 1.88299E-1 2.07855E-1 2.40222E-1 1.84689E-1 1.26249E-1 1.13618E-1 1.09903E-1 9.83518E-2 -9999 8.01206E-2 5.33243E-2 4.99839E-2 8.20452E-2 1.14287E-1 1.65676E-1 2.16325E-1 3.01427E-1 3.11282E-1 2.31668E-1 2.47954E-1 3.77403E-1 3.68964E-1 3.71092E-1 3.27726E-1 3.58871E-1 3.58333E-1 3.91236E-1 4.91504E-1 5.11627E-1 4.0385E-1 4.38786E-1 4.22254E-1 5.60191E-1 4.82777E-1 2.24607E-1 5.23641E-1 3.74221E-1 2.32842E-1 2.548E-1 3.0614E-1 -9999 -9999 -9999 -9999 -9999 -9999 -9999
