Phytophthora/models/20240429_1921_07/Phytophthora_PA3_RUN5_MAXENT_outputs/Phytophthora_PA3_RUN5.asc
ncols         225
nrows         269
xllcorner     473000.0
yllcorner     4429100.0
cellsize      50.0
NODATA_value  -9999
[rows 189 to 215 of 269, columns 0 to 59 of 225]
-9999 -9999 -9999 -9999 -9999 -9999 -9999 -9999 -9999 -9999 -9999 -9999 -9999 -9999 -9999 -9999 6.47453E-1 8.50753E-1 8.24206E-1 7.74411E-1 5.02487E-1 3.69056E-1 3.58583E-1 4.32831E-1 5.04035E-1 5.49178E-1 4.82561E-1 3.962E-1 3.8728E-1 2.90321E-1 3.64338E-1 3.38328E-1 5.19829E-1 8.15982E-1 6.64897E-1 4.5615E-1 6.35642E-1 6.71625E-1 6.56196E-1 7.09892E-1 5.35098E-1 4.42868E-1 2.92308E-1 3.18178E-1 4.01458E-1 7.24256E-1 7.44081E-1 7.48236E-1 7.27243E-1 7.74256E-1 6.65891E-1 5.22161E-1 4.75132E-1 5.28016E-1 4.88487E-1 5.63809E-1 6.50809E-1 6.86881E-1 6.84465E-1 6.57119E-1
-9999 -9999 -9999 -9999 -9999 -9999 -9999 -9999 -9999 -9999 -9999 -9999 -9999 -9999 -9999 8.50822E-1 8.49175E-1 8.65675E-1 8.20003E-1 7.16846E-1 4.12493E-1 3.02685E-1 3.11412E-1 4.00461E-1 3.19112E-1 4.90097E-1 3.94986E-1 3.24502E-1 3.47926E-1 2.6098E-1 3.82458E-1 4.78115E-1 6.12175E-1 7.00813E-1 8.57076E-1 8.39316E-1 6.12368E-1 5.8927E-1 6.26568E-1 7.04959E-1 5.47617E-1 3.01875E-1 2.34841E-1 3.06313E-1 3.94184E-1 6.82365E-1 6.68847E-1 6.92691E-1 8.05806E-1 6.44176E-1 4.91474E-1 4.33024E-1 4.77479E-1 5.37995E-1 6.03899E-1 6.94428E-1 7.45208E-1 7.44188E-1 6.79575E-1 5.96748E-1
-9999 -9999 -9999 -9999 -9999 -9999 -9999 -9999 -9999 -9999 -9999 -9999 -9999 -9999 -9999 6.34074E-1 6.39001E-1 6.43622E-1 5.75588E-1 3.89396E-1 2.50725E-1 2.30012E-1 2.47345E-1 2.62746E-1 2.95165E-1 2.61038E-1 2.59925E-1 1.5621E-1 1.72052E-1 1.70029E-1 3.17103E-1 3.72119E-1 3.83069E-1 4.22976E-1 3.67129E-1 6.59401E-1 5.89724E-1 5.16456E-1 5.98136E-1 6.82776E-1 6.3214E-1 4.49817E-1 3.97026E-1 4.51776E-1 4.57869E-1 3.30991E-1 3.29078E-1 2.61663E-1 4.09674E-1 3.03686E-1 3.31704E-1 3.34754E-1 4.44787E-1 5.17507E-1 6.02319E-1 7.45158E-1 7.81887E-1 7.76794E-1 7.20144E-1 6.28801E-1
-9999 -9999 -9999 -9999 -9999 -9999 -9999 -9999 -9999 -9999 -9999 -9999 -9999 -9999 -9999 -9999 6.32979E-1 5.66209E-1 4.05246E-1 2.76709E-1 2.24634E-1 2.37275E-1 2.51014E-1 2.45606E-1 2.44085E-1 2.00781E-1 2.11009E-1 2.06376E-1 2.26392E-1 2.66876E-1 4.09554E-1 3.87472E-1 5.04303E-1 5.7931E-1 6.4935E-1 3.3209E-1 6.14743E-1 6.61242E-1 7.0861E-1 6.35437E-1 3.98051E-1 4.22703E-1 4.20253E-1 4.32347E-1 3.89668E-1 2.57026E-1 2.30279E-1 3.34698E-1 1.56693E-1 1.58053E-1 2.6154E-1 3.06967E-1 4.09319E-1 4.72379E-1 5.04637E-1 7.50849E-1 7.07128E-1 7.99307E-1 7.5447E-1 6.31186E-1
-9999 -9999 -9999 -9999 -9999 -9999 -9999 -9999 -9999 -9999 -9999 -9999 -9999 -9999 -9999 -9999 4.91844E-1 3.89536E-1 3.12282E-1 2.781E-1 2.92602E-1 2.80955E-1 2.33757E-1 2.19159E-1 2.17126E-1 1.80747E-1 2.20238E-1 2.72458E-1 3.12634E-1 3.88999E-1 5.12244E-1 5.35211E-1 5.67781E-1 5.99415E-1 6.68381E-1 2.92107E-1 7.36137E-1 7.89099E-1 7.48041E-1 4.47153E-1 4.22756E-1 5.05545E-1 5.43746E-1 2.51735E-1 4.58425E-1 4.12365E-1 2.53389E-1 1.7421E-1 1.57791E-1 1.82552E-1 3.43532E-1 3.69752E-1 4.29683E-1 4.85341E-1 5.95704E-1 7.55916E-1 4.24752E-1 7.4548E-1 7.73892E-1 6.61585E-1
-9999 -9999 -9999 -9999 -9999 -9999 -9999 -9999 -9999 -9999 -9999 -9999 -9999 -9999 -9999 -9999 -9999 2.56445E-1 2.63809E-1 2.86068E-1 3.32352E-1 2.48658E-1 2.29159E-1 2.18386E-1 2.1211E-1 2.10975E-1 2.74245E-1 3.40613E-1 3.84523E-1 4.76252E-1 6.07946E-1 6.27124E-1 6.39136E-1 6.77808E-1 6.34742E-1 3.27806E-1 4.49243E-1 7.3052E-1 5.47342E-1 5.08653E-1 6.20492E-1 3.35734E-1 5.41919E-1 3.71824E-1 3.15896E-1 2.3945E-1 2.09408E-1 1.79187E-1 1.92569E-1 2.81481E-1 4.36246E-1 3.87134E-1 4.13771E-1 4.91717E-1 6.52998E-1 7.31882E-1 7.40435E-1 7.11881E-1 7.03749E-1 6.74562E-1
-9999 -9999 -9999 -9999 -9999 -9999 -9999 -9999 -9999 -9999 -9999 -9999 -9999 -9999 -9999 -9999 -9999 -9999 -9999 -9999 -9999 -9999 2.51398E-1 2.4621E-1 2.43365E-1 2.57669E-1 3.2353E-1 3.80729E-1 4.51484E-1 5.66115E-1 6.75984E-1 5.66655E-1 5.05003E-1 5.5564E-1 5.27897E-1 7.42364E-1 7.81583E-1 6.40129E-1 5.6549E-1 6.52326E-1 6.18675E-1 6.20121E-1 2.99216E-1 2.03694E-1 1.27953E-1 1.23152E-1 1.7731E-1 2.10836E-1 2.43089E-1 3.16941E-1 4.14088E-1 4.16071E-1 4.40943E-1 5.5224E-1 5.99043E-1 6.66966E-1 6.83818E-1 6.59704E-1 6.61549E-1 5.9412E-1
-9999 -9999 -9999 -9999 -9999 -9999 -9999 -9999 -9999 -9999 -9999 -9999 -9999 -9999 -9999 -9999 -9999 -9999 -9999 -9999 -9999 -9999 -9999 -9999 3.58949E-1 3.51556E-1 3.94347E-1 4.3602E-1 5.27922E-1 6.89118E-1 7.46913E-1 6.76823E-1 7.4794E-1 7.37804E-1 7.73734E-1 6.84022E-1 7.55893E-1 6.14139E-1 4.51422E-1 5.36833E-1 3.60983E-1 1.89033E-1 1.25536E-1 9.33433E-2 5.73979E-2 1.26492E-1 1.6459E-1 2.71634E-1 3.57482E-1 4.2128E-1 4.36022E-1 4.11882E-1 4.15194E-1 5.36379E-1 5.49654E-1 5.36918E-1 5.57324E-1 5.46329E-1 5.12514E-1 5.01642E-1
-9999 -9999 -9999 -9999 -9999 -9999 -9999 -9999 -9999 -9999 -9999 -9999 -9999 -9999 -9999 -9999 -9999 -9999 -9999 -9999 -9999 -9999 -9999 -9999 -9999 -9999 3.72646E-1 4.16243E-1 4.77613E-1 5.39225E-1 6.89634E-1 7.58497E-1 5.14664E-1 4.50579E-1 5.58533E-1 6.8679E-1 5.93008E-1 5.20751E-1 5.6147E-1 6.2113E-1 1.83867E-1 1.046E-1 1.01626E-1 1.01705E-1 8.76356E-2 1.92255E-1 2.11899E-1 3.39423E-1 3.75365E-1 3.896E-1 4.28521E-1 4.34752E-1 4.27053E-1 4.58054E-1 4.73213E-1 4.7667E-1 4.99409E-1 4.90157E-1 4.90568E-1 4.73703E-1
-9999 -9999 -9999 -9999 -9999 -9999 -9999 -9999 -9999 -9999 -9999 -9999 -9999 -9999 -9999 -9999 -9999 -9999 -9999 -9999 -9999 -9999 -9999 -9999 -9999 -9999 -9999 3.6362E-1 4.07367E-1 4.74067E-1 5.31205E-1 6.74018E-1 5.83606E-1 7.04816E-1 4.65815E-1 6.97542E-1 3.97404E-1 6.23405E-1 5.22979E-1 1.83781E-1 1.56603E-1 1.97755E-1 1.36823E-1 1.20794E-1 1.52451E-1 3.04515E-1 3.63254E-1 4.28612E-1 4.33357E-1 4.10458E-1 4.41846E-1 4.34384E-1 4.22137E-1 4.12654E-1 3.98658E-1 4.12468E-1 4.53273E-1 4.36048E-1 4.92652E-1 5.89945E-1
-9999 -9999 -9999 -9999 -9999 -9999 -9999 -9999 -9999 -9999 -9999 -9999 -9999 -9999 -9999 -9999 -9999 -9999 -9999 -9999 -9999 -9999 -9999 -9999 -9999 -9999 -9999 3.91462E-1 4.12304E-1 4.75392E-1 5.70371E-1 6.51426E-1 6.47647E-1 6.11831E-1 3.79186E-1 7.3281E-1 2.1349E-1 3.48159E-1 4.02131E-1 3.89658E-1 6.93358E-2 2.67689E-1 1.621E-1 1.55549E-1 1.81927E-1 3.2399E-1 3.97222E-1 5.21547E-1 3.79108E-1 3.2536E-1 4.48393E-1 4.22146E-1 3.9849E-1 4.05383E-1 3.97913E-1 3.7969E-1 4.70319E-1 6.48368E-1 6.17016E-1 5.74227E-1
-9999 -9999 -9999 -9999 -9999 -9999 -9999 -9999 -9999 -9999 -9999 -9999 -9999 -9999 -9999 -9999 -9999 -9999 -9999 -9999 -9999 -9999 -9999 -9999 -9999 -9999 -9999 4.50463E-1 4.87642E-1 5.46342E-1 4.43503E-1 6.65233E-1 6.32895E-1 6.28443E-1 7.08269E-1 4.5223E-1 3.18086E-1 2.62127E-1 4.70133E-1 5.49727E-1 2.72936E-1 2.84304E-1 2.09756E-1 1.64205E-1 1.81428E-1 3.66828E-1 5.37884E-1 4.08661E-1 3.72933E-1 3.87985E-1 4.45648E-1 4.13922E-1 4.10451E-1 4.17535E-1 4.3418E-1 3.77218E-1 4.09096E-1 2.07531E-1 3.06605E-1 3.48504E-1
-9999 -9999 -9999 -9999 -9999 -9999 -9999 -9999 -9999 -9999 -9999 -9999 -9999 -9999 -9999 -9999 -9999 -9999 -9999 -9999 -9999 -9999 -9999 -9999 -9999 -9999 4.79118E-1 5.62467E-1 6.11461E-1 6.17063E-1 7.85411E-1 -9999 3.72346E-1 5.88855E-1 7.31871E-1 3.88349E-1 4.53289E-1 3.48031E-1 5.34707E-1 3.47569E-1 5.6698E-1 7.58113E-2 2.31562E-1 1.9216E-1 2.48939E-1 5.98553E-1 6.00045E-1 4.94238E-1 4.71168E-1 4.57647E-1 4.49049E-1 4.08461E-1 4.0085E-1 3.73413E-1 2.86506E-1 7.24941E-2 2.26672E-1 2.82497E-1 2.82251E-1 3.33071E-1
-9999 -9999 -9999 -9999 -9999 -9999 -9999 -9999 -9999 -9999 -9999 -9999 -9999 -9999 -9999 -9999 -9999 -9999 -9999 -9999 -9999 -9999 -9999 -9999 -9999 -9999 4.83405E-1 4.45941E-1 3.22348E-1 -9999 -9999 -9999 4.29479E-1 5.43356E-1 3.40908E-1 2.60734E-1 1.73076E-1 4.02672E-1 5.82542E-1 5.84116E-1 3.46772E-1 3.09777E-1 1.68622E-1 6.34168E-2 3.33743E-1 6.3338E-1 5.81882E-1 5.28471E-1 5.34215E-1 5.37305E-1 5.40384E-1 4.87937E-1 4.99258E-1 2.27821E-1 2.52683E-1 2.28722E-1 2.44847E-1 2.87667E-1 2.69741E-1 3.40723E-1
-9999 -9999 -9999 -9999 -9999 -9999 -9999 -9999 -9999 -9999 -9999 -9999 -9999 -9999 -9999 -9999 -9999 -9999 -9999 -9999 -9999 -9999 -9999 -9999 -9999 -9999 -9999 5.16596E-1 -9999 -9999 -9999 -9999 1.81281E-1 2.48685E-1 3.12463E-1 2.76273E-1 2.42705E-1 2.151E-1 1.84629E-1 1.49828E-1 3.43216E-1 8.60943E-2 2.49793E-1 1.7802E-1 1.17775E-1 5.34377E-1 5.46547E-1 6.12708E-1 6.15905E-1 6.44468E-1 6.04607E-1 5.89881E-1 4.008E-1 3.93669E-1 2.06147E-1 2.43975E-1 2.69766E-1 3.26675E-1 3.32051E-1 5.44009E-1
-9999 -9999 -9999 -9999 -9999 -9999 -9999 -9999 -9999 -9999 -9999 -9999 -9999 -9999 -9999 -9999 -9999 -9999 -9999 -9999 -9999 -9999 -9999 -9999 -9999 -9999 -9999 -9999 -9999 -9999 -9999 -9999 -9999 2.28471E-1 3.50654E-1 2.98172E-1 2.07743E-1 1.71704E-1 4.99647E-1 4.13592E-1 2.01465E-1 6.01005E-2 1.98578E-1 1.58423E-1 9.93524E-2 4.8279E-1 3.2731E-1 6.24714E-1 7.65715E-1 5.70307E-1 6.962E-1 4.03141E-1 2.92923E-1 2.55351E-1 1.95969E-1 2.51605E-1 2.76734E-1 3.79924E-1 6.81353E-1 7.09488E-1
-9999 -9999 -9999 -9999 -9999 -9999 -9999 -9999 -9999 -9999 -9999 -9999 -9999 -9999 -9999 -9999 -9999 -9999 -9999 -9999 -9999 -9999 -9999 -9999 -9999 -9999 -9999 -9999 -9999 -9999 -9999 -9999 -9999 -9999 3.96855E-1 1.74916E-1 2.45444E-1 4.12119E-1 2.50808E-1 2.35708E-1 3.36685E-1 2.08599E-1 5.79409E-2 8.46044E-2 1.55096E-1 5.58568E-1 6.30596E-1 8.0169E-1 6.96206E-1 4.31457E-1 5.83242E-1 6.00725E-1 4.00491E-1 3.06293E-1 2.48296E-1 3.32168E-1 3.9645E-1 6.52754E-1 5.60734E-1 7.15285E-1
-9999 -9999 -9999 -9999 -9999 -9999 -9999 -9999 -9999 -9999 -9999 -9999 -9999 -9999 -9999 -9999 -9999 -9999 -9999 -9999 -9999 -9999 -9999 -9999 -9999 -9999 -9999 -9999 -9999 -9999 -9999 -9999 -9999 -9999 4.79413E-1 2.06483E-1 2.16425E-1 4.99788E-1 4.1116E-1 3.61401E-1 3.99681E-1 3.34609E-1 1.05866E-1 1.16563E-1 1.9931E-1 1.1329E-1 6.95846E-1 5.13176E-1 4.69851E-1 4.51722E-1 2.093E-1 3.87776E-1 2.69092E-1 2.12616E-1 1.64825E-1 2.07431E-1 3.94414E-1 5.19314E-1 5.65095E-1 6.35804E-1
-9999 -9999 -9999 -9999 -9999 -9999 -9999 -9999 -9999 -9999 -9999 -9999 -9999 -9999 -9999 -9999 -9999 -9999 -9999 -9999 -9999 -9999 -9999 -9999 -9999 -9999 -9999 -9999 -9999 -9999 -9999 -9999 -9999 -9999 -9999 2.03154E-1 2.52001E-1 1.93634E-1 3.08928E-1 1.21301E-1 1.30998E-1 8.67999E-2 1.20567E-1 1.45155E-1 1.63102E-1 3.33269E-1 2.06013E-1 7.6249E-1 2.14088E-1 6.31287E-1 4.10789E-1 4.18925E-1 3.33044E-1 3.16144E-1 3.2511E-1 3.62498E-1 4.63145E-1 5.43987E-1 2.31821E-1 7.28358E-1
-9999 -9999 -9999 -9999 -9999 -9999 -9999 -9999 -9999 -9999 -9999 -9999 -9999 -9999 -9999 -9999 -9999 -9999 -9999 -9999 -9999 -9999 -9999 -9999 -9999 -9999 -9999 -9999 -9999 -9999 -9999 -9999 -9999 -9999 -9999 1.23925E-1 1.88053E-1 1.79536E-1 3.39542E-1 8.15175E-2 1.00413E-1 7.65607E-2 7.83729E-2 1.40017E-1 1.42531E-1 1.81556E-1 1.79705E-1 6.64871E-1 3.66419E-1 4.0108E-1 1.22064E-1 3.42007E-1 2.8338E-1 1.98085E-1 2.2649E-1 2.91187E-1 4.41219E-1 2.06353E-1 6.78205E-2 4.0134E-1
-9999 -9999 -9999 -9999 -9999 -9999 -9999 -9999 -9999 -9999 -9999 -9999 -9999 -9999 -9999 -9999 -9999 -9999 -9999 -9999 -9999 -9999 -9999 -9999 -9999 -9999 -9999 -9999 -9999 -9999 -9999 -9999 -9999 -9999 -9999 -9999 2.51294E-1 2.88167E-1 2.99251E-1 1.94672E-1 1.40575E-1 1.17914E-1 1.25395E-1 2.33495E-1 5.0539E-1 1.60511E-1 2.18369E-1 3.2298E-1 7.22948E-1 6.39301E-1 3.98052E-1 3.56868E-1 2.64613E-1 3.04677E-1 3.31112E-1 3.3835E-1 2.49126E-1 5.52155E-1 2.78077E-1 4.4297E-1
-9999 -9999 -9999 -9999 -9999 -9999 -9999 -9999 -9999 -9999 -9999 -9999 -9999 -9999 -9999 -9999 -9999 -9999 -9999 -9999 -9999 -9999 -9999 -9999 -9999 -9999 -9999 -9999 -9999 -9999 -9999 -9999 -9999 -9999 -9999 -9999 2.65523E-1 2.63398E-1 2.93202E-1 1.32099E-1 2.37208E-1 1.03978E-1 9.76498E-2 4.11073E-1 1.02789E-1 4.31368E-1 4.73603E-1 2.37631E-1 7.93137E-1 4.8021E-1 4.54054E-1 3.28423E-1 2.13181E-1 2.44536E-1 2.68582E-1 3.4303E-1 3.02273E-1 3.39017E-1 4.29024E-1 3.59794E-1
-9999 -9999 -9999 -9999 -9999 -9999 -9999 -9999 -9999 -9999 -9999 -9999 -9999 -9999 -9999 -9999 -9999 -9999 -9999 -9999 -9999 -9999 -9999 -9999 -9999 -9999 -9999 -9999 -9999 -9999 -9999 -9999 -9999 -9999 -9999 -9999 2.39653E-1 2.24266E-1 1.75072E-1 1.39175E-1 4.1169E-1 1.7107E-1 1.73493E-1 5.53196E-1 2.97706E-1 2.40874E-1 2.35818E-1 5.56513E-1 7.04778E-1 5.35134E-1 5.19904E-1 5.26354E-1 4.36033E-1 4.63443E-1 4.40067E-1 4.6006E-1 4.15338E-1 5.76834E-1 3.10171E-1 5.36629E-1
-9999 -9999 -9999 -9999 -9999 -9999 -9999 -9999 -9999 -9999 -9999 -9999 -9999 -9999 -9999 -9999 -9999 -9999 -9999 -9999 -9999 -9999 -9999 -9999 -9999 -9999 -9999 -9999 -9999 -9999 -9999 -9999 -9999 -9999 -9999 -9999 1.08844E-1 1.39743E-1 1.72294E-1 1.76789E-1 4.82794E-1 1.99259E-1 1.95538E-1 2.54773E-1 4.84849E-1 2.61016E-1 2.344E-1 2.9226E-1 2.76083E-1 4.13906E-1 4.0129E-1 3.59583E-1 4.21554E-1 5.30218E-1 4.99537E-1 4.45512E-1 3.78151E-1 5.29192E-1 4.66186E-1 5.57574E-1
-9999 -9999 -9999 -9999 -9999 -9999 -9999 -9999 -9999 -9999 -9999 -9999 -9999 -9999 -9999 -9999 -9999 -9999 -9999 -9999 -9999 -9999 -9999 -9999 -9999 -9999 -9999 -9999 -9999 -9999 -9999 -9999 -9999 -9999 -9999 -9999 -9999 1.98251E-1 2.57749E-1 3.02201E-1 5.53598E-1 2.90241E-1 2.4147E-1 2.36372E-1 3.24894E-1 4.35899E-1 3.40531E-1 3.35316E-1 2.47101E-1 2.19426E-1 2.85214E-1 3.3103E-1 3.59406E-1 4.87933E-1 4.11766E-1 4.54802E-1 4.67217E-1 4.61E-1 4.64155E-1 5.26918E-1
-9999 -9999 -9999 -9999 -9999 -9999 -9999 -9999 -9999 -9999 -9999 -9999 -9999 -9999 -9999 -9999 -9999 -9999 -9999 -9999 -9999 -9999 -9999 -9999 -9999 -9999 -9999 -9999 -9999 -9999 -9999 -9999 -9999 -9999 -9999 -9999 -9999 -9999 2.62394E-1 3.39685E-1 4.55685E-1 6.02478E-1 2.57464E-1 1.99366E-1 4.82191E-1 4.262E-1 3.78448E-1 4.11699E-1 3.28124E-1 2.53531E-1 2.75245E-1 4.0699E-1 4.50313E-1 2.79441E-1 4.49037E-1 4.29527E-1 4.66768E-1 3.926E-1 4.35259E-1 4.96306E-1
-9999 -9999 -9999 -9999 -9999 -9999 -9999 -9999 -9999 -9999 -9999 -9999 -9999 -9999 -9999 -9999 -9999 -9999 -9999 -9999 -9999 -9999 -9999 -9999 -9999 -9999 -9999 -9999 -9999 -9999 -9999 -9999 -9999 -9999 -9999 -9999 -9999 -9999 -9999 -9999 2.90679E-1 3.49777E-1 6.57835E-1 3.72055E-1 4.36337E-1 7.64306E-1 5.15765E-1 4.62285E-1 3.71147E-1 3.15069E-1 2.71205E-1 3.72578E-1 3.96017E-1 5.25747E-1 4.3127E-1 5.0199E-1 4.1311E-1 3.55323E-1 3.77356E-1 4.31424E-1
