Phytophthora/models/20240429_1921_07/Phytophthora_PA3_RUN5_MAXENT_outputs/Phytophthora_PA3_RUN5.asc
ncols         225
nrows         269
xllcorner     473000.0
yllcorner     4429100.0
cellsize      50.0
NODATA_value  -9999
[rows 135 to 161 of 269, columns 120 to 179 of 225]
1.18441E-1 1.34217E-1 2.06852E-1 2.23511E-1 2.95241E-1 5.06552E-1 5.43814E-1 5.95065E-1 5.4346E-1 6.11987E-1 6.51609E-1 5.76014E-1 5.47567E-1 5.53073E-1 5.46963E-1 -9999 -9999 -9999 -9999 -9999 -9999 -9999 -9999 -9999 -9999 -9999 -9999 -9999 -9999 -9999 -9999 -9999 -9999 -9999 2.81443E-1 2.51407E-1 2.91683E-1 1.29961E-1 1.21502E-1 1.52167E-1 1.85458E-1 1.80061E-1 2.39864E-1 2.6747E-1 2.84984E-1 2.04937E-1 1.75768E-1 7.37122E-2 8.69119E-2 9.76455E-2 1.26304E-1 1.58996E-1 1.6703E-1 1.23755E-1 2.39069E-1 3.36219E-1 5.04455E-1 4.98619E-1 4.42494E-1 4.05931E-1
2.46961E-1 3.21713E-1 3.81098E-1 4.02335E-1 4.19325E-1 3.98593E-1 3.47002E-1 5.0856E-1 6.49708E-1 4.98541E-1 3.8259E-1 3.27065E-1 3.62914E-1 3.57126E-1 -9999 -9999 -9999 -9999 -9999 -9999 -9999 -9999 -9999 -9999 -9999 -9999 -9999 -9999 -9999 -9999 -9999 -9999 -9999 -9999 2.0089E-1 3.3909E-1 1.95113E-1 1.895E-1 2.44273E-1 2.80262E-1 2.94239E-1 3.1121E-1 2.52172E-1 2.89398E-1 3.82671E-1 3.33029E-1 2.78668E-1 1.97232E-1 2.10146E-1 2.22871E-1 2.12274E-1 2.291E-1 3.3698E-1 2.07937E-1 4.07622E-1 4.00658E-1 4.55221E-1 4.04087E-1 4.1396E-1 4.03521E-1
2.66155E-1 3.02377E-1 3.2323E-1 4.47005E-1 4.37432E-1 4.19847E-1 3.29257E-1 4.53788E-1 6.03833E-1 5.92056E-1 -9999 -9999 -9999 -9999 -9999 -9999 -9999 -9999 -9999 -9999 -9999 -9999 -9999 -9999 -9999 -9999 -9999 -9999 -9999 -9999 -9999 -9999 -9999 -9999 2.137E-1 2.31641E-1 1.41694E-1 1.99235E-1 4.0754E-1 5.14392E-1 3.6781E-1 3.33682E-1 2.5566E-1 2.49889E-1 3.23098E-1 2.88129E-1 2.77105E-1 2.37067E-1 2.51069E-1 2.70208E-1 2.51072E-1 2.49762E-1 3.36221E-1 2.17692E-1 3.58264E-1 3.26752E-1 3.24538E-1 4.00008E-1 4.07918E-1 3.40338E-1
2.41457E-1 2.97664E-1 4.02876E-1 1.6455E-1 2.46014E-1 3.73024E-1 2.94887E-1 3.82457E-1 4.76137E-1 4.98221E-1 -9999 -9999 -9999 -9999 -9999 -9999 -9999 -9999 -9999 -9999 -9999 -9999 -9999 -9999 -9999 -9999 -9999 -9999 -9999 -9999 -9999 -9999 -9999 -9999 -9999 2.80827E-1 2.35773E-1 2.58545E-1 3.82935E-1 5.12047E-1 3.97934E-1 4.40453E-1 3.07469E-1 2.60091E-1 3.21909E-1 2.42978E-1 2.68245E-1 2.42267E-1 2.81642E-1 3.19832E-1 3.13505E-1 2.82697E-1 2.76804E-1 1.73104E-1 3.65869E-1 2.44736E-1 2.80494E-1 3.09648E-1 4.21242E-1 3.90316E-1
2.62325E-1 2.97141E-1 4.86738E-1 4.16916E-1 3.99119E-1 3.77743E-1 2.82992E-1 3.56273E-1 3.66938E-1 4.55668E-1 5.96587E-1 -9999 -9999 -9999 -9999 -9999 -9999 -9999 -9999 -9999 -9999 -9999 -9999 -9999 -9999 -9999 -9999 -9999 -9999 -9999 -9999 -9999 -9999 -9999 -9999 3.7282E-1 4.04706E-1 3.45323E-1 3.80895E-1 5.23773E-1 4.24725E-1 5.66608E-1 5.05178E-1 3.53011E-1 3.7002E-1 2.7632E-1 2.70214E-1 2.51256E-1 2.97019E-1 3.4258E-1 3.11768E-1 2.74197E-1 3.20032E-1 3.18565E-1 3.63502E-1 2.06261E-1 3.14206E-1 3.98092E-1 3.30243E-1 2.90908E-1
3.06499E-1 3.84363E-1 2.7491E-1 3.81441E-1 2.66235E-1 3.31905E-1 2.49196E-1 3.4108E-1 4.01106E-1 4.24593E-1 -9999 -9999 -9999 -9999 -9999 -9999 -9999 -9999 -9999 -9999 -9999 -9999 -9999 -9999 -9999 -9999 -9999 -9999 -9999 -9999 -9999 -9999 -9999 -9999 -9999 2.56419E-1 2.69044E-1 2.3265E-1 3.30778E-1 4.73743E-1 4.03082E-1 5.9502E-1 5.28621E-1 4.64011E-1 3.87243E-1 2.92614E-1 2.64224E-1 2.58718E-1 3.14947E-1 3.66807E-1 1.24999E-1 2.69406E-1 2.8758E-1 2.76377E-1 2.37236E-1 1.9182E-1 2.91583E-1 3.3647E-1 4.11478E-1 5.0941E-1
4.49272E-1 5.03143E-1 4.8043E-1 4.33358E-1 4.24087E-1 2.5634E-1 2.25826E-1 2.10347E-1 3.05421E-1 1.89624E-1 -9999 -9999 -9999 -9999 -9999 -9999 -9999 -9999 -9999 -9999 -9999 -9999 -9999 -9999 -9999 -9999 -9999 -9999 -9999 -9999 -9999 -9999 -9999 -9999 -9999 -9999 3.28981E-1 3.70161E-1 4.68006E-1 2.65206E-1 4.77448E-1 4.59327E-1 4.05614E-1 3.50877E-1 3.03213E-1 2.84275E-1 2.61866E-1 2.72748E-1 3.24846E-1 3.54757E-1 1.32596E-1 2.34924E-1 1.94491E-1 1.72456E-1 1.48518E-1 7.35281E-2 1.39255E-1 2.52844E-1 3.93189E-1 4.67244E-1
4.2645E-1 5.04269E-1 4.31537E-1 2.77662E-1 3.69323E-1 2.30886E-1 2.38396E-1 1.73839E-1 9.60106E-2 -9999 -9999 -9999 -9999 -9999 -9999 -9999 -9999 -9999 -9999 -9999 -9999 -9999 -9999 -9999 -9999 -9999 -9999 -9999 -9999 -9999 -9999 -9999 -9999 -9999 -9999 -9999 3.52994E-1 1.24036E-1 4.73077E-1 4.49133E-1 3.63229E-1 4.05662E-1 3.56971E-1 3.14044E-1 2.72703E-1 2.80862E-1 2.46814E-1 2.58754E-1 3.18168E-1 3.43013E-1 2.51319E-1 2.5945E-1 2.02579E-1 1.65523E-1 1.52546E-1 9.98869E-2 1.58477E-1 2.10938E-1 2.82919E-1 3.99973E-1
3.20023E-1 4.47042E-1 4.11343E-1 2.01221E-1 3.14279E-1 2.36603E-1 3.22445E-1 1.6112E-1 -9999 -9999 -9999 -9999 -9999 -9999 -9999 -9999 -9999 8.62679E-2 1.52392E-1 1.74313E-1 3.62991E-1 2.82679E-1 1.41522E-1 1.95943E-1 2.37279E-1 2.93416E-1 -9999 -9999 -9999 -9999 -9999 -9999 -9999 -9999 -9999 -9999 3.33103E-1 4.58398E-1 4.30291E-1 3.77539E-1 2.71046E-1 3.35723E-1 3.02263E-1 2.62853E-1 2.27976E-1 2.69502E-1 2.17438E-1 2.32872E-1 2.85067E-1 3.50544E-1 3.32377E-1 2.91888E-1 2.55359E-1 2.18996E-1 1.91021E-1 6.20722E-2 1.84897E-1 2.49479E-1 3.06096E-1 3.8589E-1
4.97529E-1 4.47275E-1 4.36723E-1 3.91456E-1 1.90774E-1 6.85577E-2 -9999 -9999 -9999 -9999 -9999 -9999 -9999 -9999 -9999 -9999 1.83169E-1 1.17765E-1 1.67304E-1 1.86772E-1 3.19584E-1 1.5124E-1 2.22471E-1 2.24017E-1 2.45249E-1 3.14948E-1 -9999 -9999 -9999 -9999 -9999 -9999 -9999 -9999 -9999 -9999 2.39816E-1 4.25165E-1 3.6913E-1 3.05549E-1 1.96759E-1 1.97445E-1 2.2649E-1 2.1419E-1 1.94176E-1 2.55572E-1 1.81342E-1 2.08275E-1 2.53397E-1 3.00046E-1 3.54364E-1 3.29179E-1 1.38375E-1 2.81297E-1 8.67321E-2 2.77335E-1 2.17824E-1 1.77436E-1 2.43007E-1 3.41406E-1
4.61474E-1 3.45341E-1 3.97116E-1 3.96656E-1 2.89555E-1 -9999 -9999 -9999 -9999 -9999 -9999 -9999 -9999 -9999 -9999 -9999 -9999 1.79972E-1 1.7907E-1 1.93221E-1 2.5242E-1 9.11147E-2 2.54025E-1 2.70473E-1 2.77038E-1 3.34582E-1 -9999 -9999 -9999 -9999 -9999 -9999 -9999 -9999 -9999 -9999 1.58009E-1 4.14692E-1 3.54516E-1 2.8682E-1 1.72161E-1 1.41904E-1 1.22637E-1 1.35214E-1 1.69435E-1 2.57586E-1 1.69239E-1 1.79801E-1 2.18753E-1 2.32705E-1 3.18888E-1 3.81082E-1 4.51654E-1 2.21866E-1 4.63699E-1 3.88059E-1 2.5935E-1 2.07706E-1 2.13568E-1 2.86124E-1
4.02177E-1 3.50674E-1 3.32204E-1 -9999 -9999 -9999 -9999 -9999 -9999 -9999 -9999 -9999 -9999 -9999 -9999 -9999 -9999 2.40493E-1 2.38743E-1 2.41306E-1 2.61161E-1 2.3078E-1 -9999 -9999 -9999 -9999 -9999 -9999 -9999 -9999 -9999 -9999 -9999 -9999 -9999 -9999 7.15419E-1 6.97916E-1 6.46034E-1 4.8159E-1 2.13644E-1 1.69929E-1 1.52469E-1 1.27155E-1 9.19763E-2 2.48571E-1 1.3381E-1 1.53977E-1 1.99356E-1 2.12848E-1 2.78887E-1 3.03488E-1 4.32135E-1 2.22121E-1 4.26153E-1 2.28099E-1 1.63833E-1 1.21991E-1 1.08656E-1 1.65796E-1
3.98921E-1 1.61198E-1 2.0436E-1 -9999 -9999 -9999 -9999 -9999 -9999 -9999 -9999 -9999 -9999 -9999 -9999 -9999 -9999 3.09723E-1 3.11432E-1 3.00819E-1 4.16466E-1 2.75056E-1 -9999 -9999 -9999 -9999 -9999 -9999 -9999 -9999 -9999 -9999 -9999 -9999 -9999 -9999 -9999 5.99226E-1 7.88377E-1 6.23582E-1 3.15902E-1 2.69877E-1 1.93102E-1 1.63254E-1 6.19654E-2 2.41589E-1 1.20052E-1 1.66593E-1 1.20185E-1 1.08219E-1 5.94562E-2 1.73506E-1 1.33342E-1 1.6246E-1 5.67353E-2 1.62706E-1 1.48645E-1 1.09792E-1 7.73287E-2 9.57977E-2
1.93633E-1 9.69846E-2 8.18046E-2 1.11348E-1 -9999 -9999 -9999 -9999 -9999 -9999 -9999 -9999 -9999 -9999 -9999 -9999 2.00604E-1 3.75379E-1 3.87391E-1 3.71728E-1 5.09669E-1 4.11144E-1 4.31747E-1 5.10674E-1 -9999 -9999 -9999 -9999 -9999 -9999 -9999 -9999 -9999 -9999 -9999 -9999 -9999 7.10304E-1 7.93407E-1 7.07213E-1 3.6823E-1 1.92914E-1 1.5323E-1 2.52104E-1 1.05904E-1 2.45165E-1 1.43338E-1 1.02416E-1 1.63377E-1 8.86322E-2 6.57064E-2 9.9247E-2 9.58076E-2 1.43093E-1 1.67072E-1 1.52388E-1 1.58115E-1 1.37766E-1 1.10458E-1 1.49239E-1
1.10327E-1 2.5777E-1 7.56231E-2 1.40604E-1 8.0946E-2 -9999 -9999 -9999 -9999 -9999 -9999 -9999 -9999 -9999 -9999 5.07331E-1 3.77206E-1 4.55843E-1 4.69848E-1 4.5465E-1 5.45301E-1 5.90141E-1 5.90981E-1 -9999 -9999 -9999 -9999 6.21089E-1 6.19358E-1 6.18062E-1 -9999 -9999 -9999 -9999 -9999 -9999 -9999 6.93397E-1 4.88254E-1 6.62105E-1 4.04456E-1 4.03624E-1 3.55027E-1 2.70226E-1 1.74335E-1 2.10549E-1 2.43873E-1 2.51306E-1 1.2049E-1 8.92663E-2 9.34847E-2 1.25582E-1 1.95658E-1 2.40923E-1 2.71271E-1 2.25468E-1 2.14207E-1 1.94785E-1 1.45136E-1 1.43596E-1
1.04812E-1 2.53022E-1 6.79647E-2 1.03407E-1 6.47634E-2 5.49201E-2 5.30315E-2 2.05532E-1 7.55081E-2 -9999 1.8349E-1 1.48673E-1 1.6835E-1 1.3328E-1 2.76518E-1 4.47031E-1 4.08288E-1 5.82291E-1 6.17604E-1 6.18925E-1 6.61335E-1 3.54639E-1 6.80659E-1 -9999 -9999 -9999 4.53216E-1 6.05583E-1 6.33121E-1 6.54222E-1 7.11772E-1 6.63576E-1 6.51286E-1 -9999 -9999 -9999 6.70529E-1 5.44171E-1 6.4358E-1 4.08542E-1 3.50688E-1 3.04178E-1 2.73629E-1 2.63111E-1 3.06148E-1 2.95647E-1 1.68576E-1 8.87186E-2 1.38305E-1 1.39334E-1 1.75878E-1 2.29611E-1 2.49804E-1 2.98125E-1 3.43473E-1 2.55322E-1 2.46987E-1 1.89241E-1 1.49298E-1 1.5682E-1
3.80481E-1 1.47484E-1 2.5484E-1 1.28411E-1 7.78469E-2 4.93205E-2 3.1264E-2 3.97638E-2 7.35855E-2 1.59911E-1 5.11343E-1 2.24113E-1 1.86563E-1 2.72922E-1 4.18746E-1 1.92073E-1 3.6001E-1 4.94274E-1 5.69933E-1 5.95393E-1 3.36837E-1 5.41596E-1 6.3163E-1 6.38518E-1 6.34131E-1 5.15485E-1 5.89042E-1 6.16799E-1 5.81605E-1 5.57696E-1 5.6307E-1 5.71811E-1 5.16092E-1 4.97117E-1 4.68291E-1 4.05606E-1 3.93622E-1 3.69816E-1 3.64089E-1 4.00398E-1 1.59411E-1 4.58349E-1 4.33384E-1 3.97598E-1 3.67467E-1 1.23896E-1 9.52814E-2 1.52045E-1 1.08147E-1 1.37807E-1 1.40259E-1 1.763E-1 2.231E-1 2.5678E-1 2.64245E-1 2.60691E-1 2.35872E-1 1.71217E-1 1.46806E-1 2.15734E-1
3.28499E-1 1.91388E-1 1.32855E-1 3.55888E-1 1.00581E-1 7.0821E-2 3.89362E-2 6.25269E-2 1.05058E-1 1.62632E-1 1.52069E-1 4.52764E-1 3.94135E-1 1.1933E-1 1.39438E-1 1.70553E-1 2.69833E-1 3.13863E-1 4.42758E-1 5.38218E-1 5.86029E-1 5.8619E-1 6.14E-1 3.78995E-1 6.1625E-1 4.99231E-1 5.3125E-1 5.90986E-1 5.8141E-1 4.88389E-1 5.65069E-1 5.32556E-1 5.28516E-1 5.7356E-1 5.34909E-1 3.08115E-1 4.75745E-1 2.62016E-1 3.17236E-1 3.56216E-1 3.75777E-1 4.30766E-1 3.97079E-1 3.27448E-1 2.70615E-1 1.31329E-1 1.31217E-1 8.78844E-2 1.09706E-1 1.47388E-1 1.48395E-1 1.79701E-1 2.29825E-1 2.59227E-1 2.30009E-1 1.22108E-1 2.64796E-1 1.81759E-1 2.66084E-1 2.38686E-1
4.59893E-1 3.78701E-1 2.98861E-1 1.46894E-1 2.34595E-1 1.32203E-1 8.07774E-2 9.98699E-2 1.02037E-1 1.25978E-1 9.83729E-2 1.19992E-1 8.74807E-2 8.05173E-2 1.4171E-1 1.63149E-1 2.4895E-1 3.06099E-1 3.89848E-1 4.48428E-1 4.93168E-1 5.3847E-1 6.0622E-1 3.10801E-1 4.88507E-1 2.9181E-1 3.34356E-1 5.61528E-1 5.26975E-1 4.32194E-1 5.20707E-1 4.72512E-1 5.44358E-1 5.81457E-1 5.51686E-1 3.1309E-1 1.65454E-1 3.44288E-1 2.73814E-1 2.89286E-1 3.19927E-1 4.16562E-1 4.32172E-1 3.56417E-1 2.75102E-1 2.40172E-1 2.69287E-1 1.07036E-1 1.27555E-1 1.55802E-1 1.49186E-1 1.93886E-1 2.35705E-1 2.55497E-1 2.2946E-1 1.77468E-1 3.20503E-1 2.11217E-1 2.87211E-1 1.54474E-1
5.38455E-1 3.89083E-1 3.97418E-1 4.5567E-1 3.91787E-1 2.54802E-1 1.52079E-1 1.595E-1 1.59792E-1 1.91354E-1 1.63713E-1 1.42295E-1 1.51431E-1 1.37705E-1 1.64799E-1 1.57572E-1 1.996E-1 2.30324E-1 2.89877E-1 3.47744E-1 4.05001E-1 4.9988E-1 5.12433E-1 3.62162E-1 4.04492E-1 5.11007E-1 5.43882E-1 5.58966E-1 4.84763E-1 4.16285E-1 5.11329E-1 5.27046E-1 5.79264E-1 5.88838E-1 5.2852E-1 3.61739E-1 3.6487E-1 3.04293E-1 2.25675E-1 2.48887E-1 3.1591E-1 3.98009E-1 4.11568E-1 3.66337E-1 3.12811E-1 2.0748E-1 1.56199E-1 1.39668E-1 1.38786E-1 1.57896E-1 1.55595E-1 1.89358E-1 2.21145E-1 2.51369E-1 2.49102E-1 2.67206E-1 3.29019E-1 3.44114E-1 2.94126E-1 1.36061E-1
5.31116E-1 5.4456E-1 4.02985E-1 4.84453E-1 2.27265E-1 3.49185E-1 2.00457E-1 1.89537E-1 1.89105E-1 1.82351E-1 1.30365E-1 1.81362E-1 2.28361E-1 1.73454E-1 1.88473E-1 1.40498E-1 1.68601E-1 1.40302E-1 1.44965E-1 2.27914E-1 2.93079E-1 4.45267E-1 4.40366E-1 3.84884E-1 4.26747E-1 4.53817E-1 3.90837E-1 3.78743E-1 2.12642E-1 4.36E-1 5.28985E-1 5.63464E-1 6.05779E-1 6.16912E-1 5.35651E-1 3.57651E-1 3.18636E-1 3.22747E-1 1.80268E-1 2.01149E-1 2.86003E-1 3.65724E-1 1.98794E-1 3.89987E-1 3.15628E-1 1.68759E-1 1.81109E-1 1.5073E-1 1.30667E-1 1.42867E-1 1.44893E-1 1.73172E-1 2.07398E-1 2.43542E-1 2.37587E-1 2.57308E-1 2.58112E-1 3.34464E-1 2.85442E-1 1.44936E-1
4.41689E-1 4.26624E-1 4.0804E-1 3.64363E-1 3.35215E-1 1.55185E-1 2.52759E-1 2.1689E-1 2.58371E-1 2.95842E-1 2.69801E-1 2.79059E-1 2.63974E-1 2.27046E-1 1.85959E-1 1.542E-1 1.72742E-1 2.21272E-1 2.61047E-1 2.79075E-1 3.51486E-1 2.47577E-1 4.41162E-1 3.65441E-1 3.73596E-1 2.82001E-1 2.22217E-1 1.89066E-1 1.31502E-1 3.24118E-1 3.65678E-1 3.81455E-1 4.16423E-1 4.45612E-1 4.43868E-1 3.66372E-1 3.21631E-1 3.17716E-1 2.76374E-1 2.40241E-1 3.12553E-1 3.93435E-1 4.68621E-1 4.63575E-1 4.11473E-1 4.60888E-2 1.29306E-1 1.11228E-1 8.55343E-2 9.92049E-2 1.66832E-1 2.05679E-1 2.4787E-1 2.72368E-1 1.21376E-1 2.79355E-1 3.17895E-1 3.90467E-1 3.49571E-1 1.75777E-1
4.81226E-1 3.16733E-1 2.9613E-1 4.08705E-1 3.2056E-1 3.35022E-1 2.54633E-1 2.57841E-1 2.89508E-1 3.00391E-1 2.70309E-1 2.73227E-1 2.52725E-1 2.35758E-1 1.95202E-1 1.65426E-1 1.92958E-1 2.45141E-1 2.98E-1 3.40232E-1 4.00175E-1 3.26741E-1 4.34305E-1 3.72145E-1 3.30224E-1 2.38822E-1 2.21505E-1 2.2352E-1 1.09139E-1 3.7793E-1 3.94423E-1 3.76511E-1 4.33822E-1 4.53499E-1 4.79435E-1 4.08043E-1 1.79577E-1 3.12051E-1 2.7611E-1 2.55274E-1 3.18577E-1 3.98535E-1 4.7704E-1 4.81746E-1 4.02339E-1 9.37826E-2 6.68284E-2 1.22468E-1 8.52323E-2 8.59905E-2 1.51231E-1 2.10429E-1 2.2448E-1 2.51163E-1 9.96027E-2 2.6631E-1 2.81047E-1 4.04762E-1 1.78584E-1 1.52233E-1
5.89015E-1 6.42755E-1 5.79519E-1 4.22075E-1 3.02497E-1 2.74411E-1 2.29189E-1 2.742E-1 3.82667E-1 1.59876E-1 3.69094E-1 3.25239E-1 2.79947E-1 2.66928E-1 2.4372E-1 2.2002E-1 2.46568E-1 3.01001E-1 3.59999E-1 3.77171E-1 4.16463E-1 2.39869E-1 4.5483E-1 4.20394E-1 4.61906E-1 3.35061E-1 2.98286E-1 3.06891E-1 4.44509E-1 2.55538E-1 3.03253E-1 3.86746E-1 4.14977E-1 5.0241E-1 5.09915E-1 3.80354E-1 3.09734E-1 2.56557E-1 2.30038E-1 2.39525E-1 3.25396E-1 4.0641E-1 4.93923E-1 3.52618E-1 4.06532E-1 1.64477E-1 3.06767E-2 1.16531E-1 8.64316E-2 8.1213E-2 1.94949E-1 2.70461E-1 2.23788E-1 2.43571E-1 2.67755E-1 2.65899E-1 2.88756E-1 3.7163E-1 2.95633E-1 1.70424E-1
5.92278E-1 5.71064E-1 3.83799E-1 3.1777E-1 2.16925E-1 1.8576E-1 2.6067E-1 3.01551E-1 2.73223E-1 4.43304E-1 3.70442E-1 3.39381E-1 2.89454E-1 2.5629E-1 2.56688E-1 2.95186E-1 2.98719E-1 3.55579E-1 4.27593E-1 4.40636E-1 4.58595E-1 4.3339E-1 4.21861E-1 4.5343E-1 5.65048E-1 5.02936E-1 4.9796E-1 4.1974E-1 3.80687E-1 3.50873E-1 4.5792E-1 4.22533E-1 4.6598E-1 4.22771E-1 3.2639E-1 2.53401E-1 2.41874E-1 1.96022E-1 1.80867E-1 1.91399E-1 2.93271E-1 3.87703E-1 4.67357E-1 2.21164E-1 4.49768E-1 2.11227E-1 1.63689E-2 5.22578E-2 8.22656E-2 9.16992E-2 2.77335E-1 2.65415E-1 2.39824E-1 2.77819E-1 2.70581E-1 2.75982E-1 2.31695E-1 3.1535E-1 2.00514E-1 1.07128E-1
4.5988E-1 3.56564E-1 3.16648E-1 2.46333E-1 1.62463E-1 1.4814E-1 1.99027E-1 3.73987E-1 4.05892E-1 4.54443E-1 3.89546E-1 3.72835E-1 3.43827E-1 3.37082E-1 3.30332E-1 4.04475E-1 4.01748E-1 4.07582E-1 4.87759E-1 4.96207E-1 4.61021E-1 4.25662E-1 3.86947E-1 3.60833E-1 4.05281E-1 2.05181E-1 5.31759E-1 3.94623E-1 4.01701E-1 4.63533E-1 4.71242E-1 3.7597E-1 2.54653E-1 2.26924E-1 1.89363E-1 1.35436E-1 1.97321E-1 1.56756E-1 1.41128E-1 1.52879E-1 2.66695E-1 3.42975E-1 4.41351E-1 5.11737E-1 2.62016E-1 2.39757E-1 2.58543E-2 1.21479E-1 9.43102E-2 9.70558E-2 1.47347E-1 3.71729E-1 2.61261E-1 2.79658E-1 2.60945E-1 2.80189E-1 2.31891E-1 1.94387E-1 1.62856E-1 1.10792E-1
3.95669E-1 2.73521E-1 1.75486E-1 1.35573E-1 9.38122E-2 2.08343E-1 3.13035E-1 3.94507E-1 3.0806E-1 3.9448E-1 3.98733E-1 4.11413E-1 3.54497E-1 3.48457E-1 3.35256E-1 4.25552E-1 4.94545E-1 4.53901E-1 5.39779E-1 2.47513E-1 2.13702E-1 3.35286E-1 3.14828E-1 3.17206E-1 3.23321E-1 1.22719E-1 3.05584E-1 3.95672E-1 2.44901E-1 4.06734E-1 2.58735E-1 1.32856E-1 8.53965E-2 7.4427E-2 7.64138E-2 9.7652E-2 1.72525E-1 1.38739E-1 1.31301E-1 1.4415E-1 1.68379E-1 2.35222E-1 3.09634E-1 3.74825E-1 4.18661E-1 2.87978E-1 5.558E-2 1.44131E-1 1.1396E-1 1.35424E-1 1.81359E-1 2.99816E-1 4.75462E-1 3.06578E-1 2.65404E-1 2.53735E-1 1.91559E-1 1.71054E-1 1.26634E-1 1.00573E-1
