Phytophthora/models/20240430_1155_37/Phytophthora_PA3_RUN6_MAXENT_outputs/Phytophthora_PA3_RUN6.asc
ncols         225
nrows         269
xllcorner     473000.0
yllcorner     4429100.0
cellsize      50.0
NODATA_value  -9999
[rows 54 to 80 of 269, columns 0 to 59 of 225]
-9999 -9999 -9999 -9999 -9999 -9999 -9999 -9999 -9999 -9999 -9999 -9999 -9999 -9999 -9999 -9999 -9999 -9999 -9999 -9999 -9999 -9999 8.42734E-3 7.57791E-3 1.51442E-2 1.49296E-2 1.16703E-2 1.15069E-2 2.14721E-2 2.17737E-2 2.25252E-2 2.21159E-2 2.59292E-2 2.57436E-2 2.85833E-2 3.7005E-2 1.92158E-2 4.18278E-2 1.52961E-2 3.49611E-2 3.4709E-2 2.5704E-2 1.82073E-2 3.33375E-2 4.45063E-2 1.13956E-2 1.03592E-2 7.32374E-3 9.62196E-3 1.68904E-2 2.10266E-2 1.85706E-2 1.8502E-2 1.73022E-2 1.59979E-2 2.15347E-2 1.25739E-2 7.9042E-3 7.85073E-3 1.01304E-2
-9999 -9999 -9999 -9999 -9999 -9999 -9999 -9999 -9999 -9999 -9999 -9999 -9999 -9999 -9999 -9999 -9999 -9999 -9999 -9999 -9999 -9999 1.12407E-2 8.45774E-3 7.1808E-3 9.97032E-3 1.76386E-2 1.67853E-2 2.0949E-2 1.8309E-2 2.01224E-2 2.02079E-2 2.5444E-2 2.64835E-2 7.01501E-3 3.86234E-2 3.99643E-2 3.7516E-2 2.38535E-2 1.46496E-2 2.43511E-2 1.32886E-2 1.73433E-2 3.07023E-2 5.44413E-2 1.56956E-2 1.58229E-2 1.63045E-2 1.10472E-2 1.59746E-2 1.83202E-2 1.60601E-2 1.71321E-2 1.25481E-2 1.0522E-2 1.0139E-2 5.65668E-3 4.9857E-3 4.05588E-3 8.09845E-3
-9999 -9999 -9999 -9999 -9999 -9999 -9999 -9999 -9999 -9999 -9999 -9999 -9999 -9999 -9999 -9999 -9999 -9999 -9999 -9999 -9999 -9999 4.71728E-3 5.27491E-3 6.14806E-3 4.65735E-3 1.27429E-3 9.22381E-3 1.37059E-2 1.82278E-2 3.13107E-2 3.03665E-2 2.41336E-2 2.03055E-2 4.77045E-2 5.00227E-2 5.66437E-2 5.87363E-2 3.47175E-2 3.12501E-2 2.6771E-2 3.23177E-2 2.34876E-2 3.66052E-2 2.75851E-2 9.05101E-3 1.10771E-2 1.24982E-2 1.30205E-2 1.22547E-2 1.468E-2 1.52385E-2 9.4301E-3 1.10152E-2 8.33888E-3 1.08276E-2 8.35261E-3 6.54991E-3 6.03482E-3 8.46188E-3
-9999 -9999 -9999 -9999 -9999 -9999 -9999 -9999 -9999 -9999 -9999 -9999 -9999 -9999 -9999 -9999 -9999 -9999 -9999 -9999 -9999 8.24438E-3 6.30932E-3 3.35233E-3 2.20713E-3 4.00584E-3 2.17413E-3 5.57824E-3 7.86237E-3 4.7818E-3 9.02356E-3 1.50192E-2 4.16014E-2 3.6411E-2 4.90651E-2 5.14165E-2 5.10749E-2 3.37949E-2 2.17848E-2 2.83781E-2 1.37022E-2 2.67466E-2 3.27403E-2 2.51502E-2 1.13075E-2 7.5745E-3 7.4781E-3 9.58994E-3 7.43672E-3 7.37762E-3 8.53335E-3 6.01311E-3 5.68596E-3 5.68249E-3 5.21978E-3 8.21785E-3 6.97436E-3 7.68289E-3 7.20315E-3 9.61233E-3
-9999 -9999 -9999 -9999 -9999 -9999 -9999 -9999 -9999 -9999 -9999 -9999 -9999 -9999 -9999 -9999 -9999 -9999 3.4256E-3 6.47559E-3 4.06316E-3 4.66693E-3 7.94109E-3 5.11284E-3 2.89227E-3 6.55434E-3 1.49861E-2 5.93351E-3 7.92498E-3 1.53508E-2 2.92588E-2 2.62314E-2 4.52146E-2 2.61329E-2 3.8242E-2 3.63851E-2 4.9387E-2 2.98757E-2 2.11408E-2 2.7743E-2 1.48242E-2 2.26791E-2 1.67922E-2 3.334E-2 1.64944E-2 6.47664E-3 5.10471E-3 4.31382E-3 4.949E-3 5.87206E-3 7.25232E-3 5.71405E-3 4.65079E-3 5.07146E-3 5.94519E-3 9.73973E-3 7.78539E-3 7.20715E-3 6.55103E-3 8.79256E-3
-9999 -9999 -9999 -9999 -9999 -9999 -9999 -9999 -9999 -9999 -9999 -9999 -9999 -9999 -9999 -9999 2.88643E-3 2.11872E-3 2.99034E-3 6.54643E-3 4.39288E-3 4.80413E-3 9.16536E-3 1.24209E-2 8.93624E-3 9.05227E-3 1.79049E-2 6.10146E-3 8.65948E-3 1.60486E-2 2.80562E-2 3.08855E-2 2.51625E-2 2.46926E-2 3.15827E-2 2.94999E-2 3.27178E-2 3.01867E-2 2.6431E-2 1.99389E-2 1.41071E-2 1.5471E-2 1.69932E-2 2.35361E-2 8.90182E-3 6.06023E-3 4.6314E-3 5.72865E-3 4.49859E-3 4.54171E-3 6.04606E-3 5.79846E-3 4.63602E-3 3.77047E-3 4.24423E-3 7.3688E-3 6.85199E-3 4.88709E-3 9.28555E-3 8.26309E-3
-9999 -9999 -9999 -9999 -9999 -9999 -9999 -9999 -9999 -9999 -9999 -9999 -9999 -9999 -9999 4.47094E-3 2.5863E-3 1.62129E-3 1.19919E-3 3.23548E-3 7.04034E-3 9.42098E-3 8.80641E-3 1.02077E-2 1.57276E-2 1.21141E-2 5.2915E-3 7.13823E-3 1.05253E-2 1.63512E-2 2.80237E-2 3.35955E-2 3.54483E-2 3.52331E-2 4.19475E-2 3.13459E-2 3.82801E-2 3.14923E-2 2.87432E-2 2.05667E-2 1.37672E-2 1.6833E-2 1.23474E-2 1.70267E-2 1.78372E-2 7.63531E-3 4.70615E-3 4.02152E-3 3.34211E-3 3.5423E-3 4.48616E-3 5.42367E-3 5.46962E-3 4.30469E-3 6.02445E-3 8.18526E-3 8.84956E-3 8.54379E-3 5.48224E-3 7.96428E-3
-9999 -9999 -9999 -9999 -9999 -9999 -9999 -9999 -9999 -9999 -9999 -9999 -9999 -9999 9.40002E-3 3.99867E-3 5.62949E-3 4.67285E-3 3.07274E-3 2.5168E-3 4.07122E-3 9.72894E-3 1.01625E-2 1.41169E-2 1.97952E-2 1.99415E-2 4.7789E-2 2.06985E-2 2.40635E-2 2.83173E-2 2.87651E-2 3.57102E-2 3.80831E-2 3.72197E-2 5.22571E-2 4.04219E-2 4.0509E-2 2.75888E-2 2.75323E-2 2.15607E-2 1.06172E-2 1.4879E-2 9.03206E-3 7.38595E-3 9.48753E-3 1.45558E-2 1.10644E-2 1.15491E-2 1.12405E-2 7.85593E-3 3.40557E-3 3.85931E-3 4.30629E-3 5.36835E-3 6.02521E-3 7.63194E-3 7.56187E-3 7.14132E-3 6.10703E-3 5.31076E-3
-9999 -9999 -9999 -9999 -9999 -9999 -9999 -9999 -9999 -9999 -9999 -9999 -9999 2.46926E-3 5.88698E-3 3.90967E-3 4.87078E-3 4.64601E-3 3.98039E-3 3.09495E-3 3.01348E-3 4.42744E-3 1.68576E-2 9.36397E-3 6.78887E-3 1.09411E-2 9.82989E-3 2.79124E-2 3.46229E-2 4.38672E-2 4.40498E-2 3.63121E-2 4.7504E-2 4.5306E-2 4.91963E-2 3.91307E-2 3.73319E-2 2.55142E-2 2.07087E-2 1.94554E-2 1.12315E-2 1.19391E-2 9.47272E-3 9.53766E-3 9.24685E-3 1.1235E-2 9.12796E-3 8.33246E-3 6.04589E-3 3.08683E-3 1.18502E-3 1.09414E-3 1.89359E-3 4.78724E-3 5.59274E-3 8.43151E-3 4.82569E-3 6.62204E-3 5.27062E-3 6.07473E-3
-9999 -9999 -9999 -9999 -9999 -9999 -9999 -9999 -9999 -9999 -9999 -9999 -9999 8.07081E-3 9.19399E-3 6.38463E-3 7.62296E-3 7.78595E-3 7.51768E-3 6.24268E-3 6.87562E-3 2.31752E-2 6.46432E-3 6.65472E-3 7.06844E-3 2.8666E-2 1.75537E-2 3.89937E-2 4.21571E-2 4.49879E-2 3.91864E-2 3.70416E-2 4.14456E-2 3.47762E-2 4.02997E-2 3.74884E-2 2.74137E-2 2.0795E-2 1.55326E-2 1.53674E-2 1.04686E-2 1.29773E-2 9.52387E-3 1.08712E-2 9.06937E-3 1.04209E-2 7.77833E-3 8.80383E-3 8.24979E-3 4.1281E-3 1.40806E-3 1.54275E-3 4.94972E-3 6.34963E-3 5.96823E-3 6.63802E-3 7.33541E-3 5.00243E-3 2.78448E-3 6.98224E-3
-9999 -9999 -9999 -9999 -9999 -9999 -9999 -9999 -9999 -9999 -9999 -9999 -9999 6.70825E-3 1.08001E-2 8.09037E-3 8.9649E-3 8.78432E-3 8.39067E-3 7.50148E-3 1.09436E-2 1.20037E-2 1.09998E-2 1.42608E-2 2.26461E-2 2.60133E-2 3.15301E-2 3.5482E-2 4.2187E-2 5.39077E-2 4.88368E-2 4.1341E-2 4.30498E-2 2.81208E-2 3.6996E-2 2.99535E-2 2.59236E-2 2.01796E-2 2.06588E-2 2.06765E-2 1.15337E-2 1.48265E-2 1.22779E-2 1.28121E-2 1.00032E-2 1.53339E-2 1.3863E-2 8.29588E-3 6.34637E-3 4.84777E-3 1.43852E-3 1.14156E-3 4.77051E-3 1.04395E-3 1.36872E-3 1.01114E-2 7.01808E-3 6.01688E-3 5.31368E-3 6.19017E-3
-9999 -9999 -9999 -9999 -9999 -9999 -9999 -9999 -9999 -9999 -9999 -9999 7.7186E-3 8.65274E-3 1.3063E-2 1.13482E-2 1.2237E-2 1.27659E-2 1.05524E-2 9.37587E-3 1.4815E-2 1.14216E-2 1.43537E-2 1.81298E-2 3.94841E-2 5.05848E-2 3.61635E-2 4.47454E-2 4.69341E-2 4.75948E-2 4.4294E-2 4.44292E-2 4.97464E-2 5.26512E-2 4.04328E-2 3.09564E-2 2.9132E-2 2.31949E-2 2.08201E-2 2.27346E-2 1.02322E-2 8.37024E-3 7.13204E-3 9.82491E-3 7.70292E-3 9.87088E-3 1.20433E-2 1.17544E-2 1.19278E-2 8.4061E-3 3.08454E-3 2.75153E-3 1.29916E-3 2.94339E-3 2.30702E-3 5.08449E-3 8.14966E-3 9.95828E-3 7.71448E-3 6.97956E-3
-9999 -9999 -9999 -9999 -9999 -9999 -9999 -9999 -9999 -9999 -9999 -9999 9.81605E-3 2.75546E-2 2.28218E-2 1.94631E-2 1.78912E-2 1.77736E-2 1.73302E-2 1.62592E-2 1.3803E-2 4.7833E-3 1.66965E-2 1.47245E-2 1.23616E-2 3.36471E-2 5.89373E-2 4.91503E-2 3.84705E-2 3.71454E-2 2.78645E-2 2.05928E-2 2.24885E-2 2.11735E-2 2.57177E-2 1.34068E-2 1.57822E-2 1.38396E-2 1.21152E-2 1.5067E-2 1.30056E-2 1.60951E-2 1.2894E-2 1.43902E-2 1.12214E-2 1.15434E-2 9.79514E-3 1.37384E-2 1.30377E-2 1.05648E-2 3.17558E-3 4.5918E-3 6.04152E-3 4.9938E-3 5.25074E-3 6.54014E-3 6.02447E-3 7.85513E-3 8.51657E-3 1.07222E-2
-9999 -9999 -9999 -9999 -9999 -9999 -9999 -9999 -9999 -9999 2.16813E-3 1.00657E-2 7.92304E-3 2.21868E-2 1.81102E-2 1.49676E-2 2.19438E-2 2.34744E-2 2.27662E-2 2.23383E-2 1.29521E-2 4.90103E-3 1.61308E-2 2.04514E-2 1.24391E-2 1.55191E-2 5.9172E-2 3.97764E-2 4.3421E-2 5.39257E-2 3.8709E-2 2.92163E-2 2.86057E-2 2.21352E-2 2.16116E-2 1.45314E-2 1.69222E-2 1.59306E-2 1.66703E-2 1.6834E-2 1.62947E-2 1.66407E-2 2.04379E-2 1.80904E-2 1.59185E-2 1.51919E-2 1.5851E-2 1.64311E-2 1.45929E-2 1.06235E-2 6.32665E-3 5.61202E-3 5.23146E-3 5.41239E-3 4.65761E-3 6.59578E-3 5.99772E-3 6.98744E-3 8.25037E-3 1.03243E-2
-9999 -9999 -9999 -9999 -9999 -9999 -9999 -9999 -9999 4.21247E-3 2.93147E-3 2.79687E-3 1.57382E-2 8.12832E-3 1.14513E-2 1.00176E-2 1.47159E-2 2.02258E-2 2.38855E-2 2.25025E-2 1.5803E-2 7.44693E-3 1.21297E-2 9.52941E-3 6.49704E-3 1.08985E-2 6.13324E-2 2.24849E-2 3.07136E-2 5.53069E-2 3.57864E-2 2.42345E-2 2.69296E-2 2.15838E-2 2.07705E-2 1.53856E-2 1.64392E-2 1.63306E-2 2.15364E-2 2.18915E-2 2.11853E-2 1.92203E-2 1.91912E-2 1.63052E-2 1.62085E-2 1.44647E-2 1.50524E-2 1.33192E-2 1.80025E-2 1.31596E-2 5.71751E-3 5.53012E-3 4.72883E-3 3.62551E-3 4.41153E-3 6.78687E-3 6.40724E-3 6.21442E-3 6.86351E-3 8.863E-3
-9999 -9999 -9999 -9999 -9999 -9999 -9999 -9999 -9999 -9999 1.07853E-2 5.38426E-3 3.19592E-3 4.45283E-3 1.27541E-2 1.50463E-2 1.73282E-2 2.35229E-2 2.42356E-2 2.38696E-2 2.16557E-2 1.93748E-2 1.88197E-2 2.06923E-2 7.20832E-3 1.4046E-2 1.12236E-2 1.95206E-2 1.62722E-2 2.94E-2 3.06303E-2 3.09474E-2 3.47255E-2 3.00094E-2 2.29232E-2 1.76695E-2 1.93388E-2 2.58343E-2 1.84609E-2 3.12434E-2 2.88226E-2 2.34447E-2 2.20474E-2 1.75086E-2 1.87657E-2 1.57375E-2 1.89121E-2 2.04433E-2 2.092E-2 7.09906E-3 6.71307E-3 4.77243E-3 4.62256E-3 3.86637E-3 4.14498E-3 5.66876E-3 7.58177E-3 7.06357E-3 6.17183E-3 7.53257E-3
-9999 -9999 -9999 -9999 -9999 -9999 -9999 -9999 -9999 -9999 -9999 -9999 -9999 -9999 1.87401E-2 1.96083E-2 2.36214E-2 3.13492E-2 2.72296E-2 2.31617E-2 1.71061E-2 1.825E-2 2.02843E-2 2.19041E-2 2.71142E-2 2.43201E-2 1.36256E-2 2.60938E-2 2.65811E-2 3.29918E-2 3.51753E-2 4.32413E-2 3.82787E-2 3.32198E-2 2.51548E-2 1.83874E-2 1.97034E-2 2.042E-2 3.40021E-2 2.67504E-2 2.20679E-2 2.28158E-2 2.42683E-2 1.82286E-2 2.12591E-2 1.88473E-2 2.3322E-2 1.49011E-2 1.93264E-2 1.39588E-2 5.55686E-3 4.88583E-3 3.15399E-3 3.66369E-3 4.0988E-3 6.91163E-3 6.2047E-3 6.54499E-3 6.25488E-3 7.52926E-3
-9999 -9999 -9999 -9999 -9999 -9999 -9999 -9999 -9999 -9999 -9999 -9999 -9999 -9999 -9999 -9999 -9999 -9999 -9999 2.93179E-2 1.58928E-2 2.48062E-2 2.58574E-2 2.65669E-2 2.8546E-2 3.34302E-2 2.49369E-2 3.19689E-2 4.67318E-2 4.82188E-2 4.20695E-2 4.18879E-2 4.06769E-2 3.54006E-2 2.56483E-2 1.55907E-2 1.42652E-2 1.31786E-2 1.73853E-2 1.98378E-2 2.23356E-2 2.15266E-2 2.00535E-2 1.80276E-2 2.00454E-2 1.94582E-2 1.86793E-2 1.60415E-2 2.04535E-2 1.07842E-2 4.45635E-3 4.61967E-3 3.69287E-3 2.75914E-3 4.23563E-3 6.07336E-3 6.22519E-3 6.25821E-3 6.38495E-3 7.51431E-3
-9999 -9999 -9999 -9999 -9999 -9999 -9999 -9999 -9999 -9999 -9999 -9999 -9999 -9999 -9999 -9999 -9999 -9999 -9999 -9999 1.7398E-2 3.19873E-2 3.33529E-2 3.37602E-2 3.57246E-2 3.62659E-2 3.10203E-2 3.66911E-2 5.33327E-2 6.52024E-2 4.51587E-2 4.48299E-2 3.97048E-2 3.63964E-2 2.55495E-2 1.7149E-2 1.48593E-2 1.66317E-2 1.55422E-2 1.6343E-2 1.81936E-2 1.7077E-2 2.07826E-2 1.855E-2 2.08851E-2 2.02791E-2 1.9451E-2 2.00324E-2 1.52113E-2 8.57807E-3 3.87776E-3 3.65804E-3 3.08077E-3 3.10291E-3 3.55984E-3 7.01823E-3 7.02021E-3 7.42985E-3 7.91694E-3 8.75203E-3
-9999 -9999 -9999 -9999 -9999 -9999 -9999 -9999 -9999 -9999 -9999 -9999 -9999 -9999 -9999 -9999 -9999 -9999 -9999 -9999 -9999 3.59117E-2 3.32502E-2 3.06032E-2 3.64916E-2 3.08681E-2 3.65141E-2 5.59893E-2 7.14664E-2 3.70875E-2 2.35767E-2 3.19257E-2 3.37687E-2 3.78549E-2 2.9689E-2 2.15461E-2 1.71707E-2 1.51748E-2 1.4696E-2 1.5993E-2 1.81226E-2 1.8469E-2 1.15838E-2 2.11814E-2 2.17384E-2 2.09993E-2 2.1825E-2 1.79953E-2 1.23181E-2 8.15287E-3 3.93392E-3 3.32775E-3 2.91305E-3 3.36984E-3 3.89298E-3 6.94754E-3 6.3974E-3 6.2411E-3 8.60896E-3 1.11668E-2
-9999 -9999 -9999 -9999 -9999 -9999 -9999 -9999 -9999 -9999 -9999 -9999 -9999 -9999 -9999 -9999 -9999 -9999 -9999 -9999 -9999 -9999 3.41201E-2 2.97389E-2 3.08574E-2 2.93792E-2 4.36925E-2 5.52315E-2 5.88365E-2 3.83772E-2 2.44633E-2 3.16773E-2 2.35445E-2 2.65145E-2 3.08194E-2 2.11163E-2 1.57094E-2 1.75661E-2 1.63131E-2 1.65405E-2 1.77296E-2 1.40304E-2 1.98304E-2 1.88965E-2 2.31844E-2 1.97345E-2 1.63306E-2 9.70528E-3 1.41257E-2 1.13815E-2 5.41528E-3 4.04409E-3 4.41642E-3 5.40649E-3 6.17877E-3 1.01628E-2 8.65814E-3 7.27891E-3 8.84222E-3 1.23589E-2
-9999 -9999 -9999 -9999 -9999 -9999 -9999 -9999 -9999 -9999 -9999 -9999 -9999 -9999 -9999 -9999 -9999 -9999 -9999 -9999 -9999 -9999 -9999 2.21179E-2 2.29029E-2 2.68834E-2 4.08404E-2 4.69704E-2 4.13582E-2 2.45786E-2 2.01193E-2 2.56412E-2 2.20427E-2 3.07657E-2 3.50327E-2 1.74959E-2 2.2951E-2 2.1983E-2 1.85E-2 1.67791E-2 1.46813E-2 1.82079E-2 1.78591E-2 1.60166E-2 1.78031E-2 1.35327E-2 1.29514E-2 1.52862E-2 1.5486E-2 1.09109E-2 5.17001E-3 3.68922E-3 2.31395E-3 5.12618E-3 6.9731E-3 1.09279E-2 9.48875E-3 8.87916E-3 9.44151E-3 1.40397E-2
-9999 -9999 -9999 -9999 -9999 -9999 -9999 -9999 -9999 -9999 -9999 -9999 -9999 -9999 -9999 -9999 -9999 -9999 -9999 -9999 -9999 -9999 -9999 -9999 -9999 3.32876E-2 4.34681E-2 4.8104E-2 4.33342E-2 3.70811E-2 2.37029E-2 2.58718E-2 2.82523E-2 3.88631E-2 3.78552E-2 2.69089E-2 2.31139E-2 2.41708E-2 2.11098E-2 1.65246E-2 1.90477E-2 1.88025E-2 1.7451E-2 1.52822E-2 1.60339E-2 1.88434E-2 1.90592E-2 1.87017E-2 2.66725E-2 2.57345E-2 1.70836E-2 1.53308E-2 1.2818E-2 1.30884E-2 2.13306E-2 3.86424E-2 3.70534E-2 4.23933E-2 4.19283E-2 1.90011E-2
-9999 -9999 -9999 -9999 -9999 -9999 -9999 -9999 -9999 -9999 -9999 -9999 -9999 -9999 -9999 -9999 -9999 -9999 -9999 -9999 -9999 -9999 -9999 -9999 -9999 -9999 -9999 3.70972E-2 3.27109E-2 3.63727E-2 2.61583E-2 2.16737E-2 2.39944E-2 1.12047E-2 2.05106E-2 1.93307E-2 2.22549E-2 1.95435E-2 1.72612E-2 1.66052E-2 1.87086E-2 1.23646E-2 1.98519E-2 1.895E-2 2.033E-2 2.47123E-2 2.55286E-2 2.56316E-2 2.76161E-2 2.78652E-2 2.13441E-2 1.74059E-2 1.47903E-2 1.54878E-2 1.70242E-2 3.06087E-2 3.94984E-2 5.20129E-2 3.2971E-2 1.40644E-2
-9999 -9999 -9999 -9999 -9999 -9999 -9999 -9999 -9999 -9999 -9999 -9999 -9999 -9999 -9999 -9999 -9999 -9999 -9999 -9999 -9999 -9999 -9999 -9999 -9999 -9999 -9999 -9999 -9999 2.88697E-2 1.80973E-2 1.62596E-2 6.04558E-3 5.52957E-3 7.15256E-3 6.86168E-3 1.3888E-2 1.96878E-2 1.95545E-2 2.23208E-2 1.46861E-2 1.8827E-2 2.35577E-2 1.81137E-2 2.1247E-2 1.53298E-2 2.64048E-2 2.17031E-2 2.91446E-2 2.84299E-2 2.34482E-2 2.28736E-2 1.80188E-2 2.09585E-2 1.76791E-2 3.37673E-2 3.85816E-2 3.62661E-2 3.71014E-2 1.8418E-2
-9999 -9999 -9999 -9999 -9999 -9999 -9999 -9999 -9999 -9999 -9999 -9999 -9999 -9999 -9999 -9999 -9999 -9999 -9999 -9999 -9999 -9999 -9999 -9999 -9999 -9999 -9999 -9999 -9999 -9999 -9999 2.14587E-3 2.07283E-3 1.88082E-3 3.94477E-3 4.1509E-3 8.18926E-3 1.22972E-2 1.88401E-2 1.98722E-2 1.97348E-2 1.97735E-2 2.26222E-2 2.15205E-2 2.19892E-2 2.84726E-2 2.07266E-2 2.25844E-2 3.25527E-2 3.69755E-2 3.14761E-2 3.22121E-2 2.15667E-2 1.9797E-2 2.15562E-2 3.54559E-2 3.07258E-2 4.16165E-2 3.19791E-2 2.4136E-2
-9999 -9999 -9999 -9999 -9999 -9999 -9999 -9999 -9999 -9999 -9999 -9999 -9999 -9999 -9999 -9999 -9999 -9999 -9999 -9999 -9999 -9999 -9999 -9999 -9999 -9999 -9999 -9999 -9999 -9999 -9999 2.55677E-3 2.64875E-3 1.66043E-3 1.21122E-2 2.4263E-3 4.34693E-3 7.69784E-3 1.32695E-2 2.03911E-2 1.58514E-2 1.24454E-2 1.90994E-2 1.67291E-2 1.13871E-2 2.15268E-2 2.1187E-2 1.95596E-2 3.43735E-2 4.98646E-2 2.67804E-2 3.37357E-2 3.53983E-2 3.10448E-2 3.15515E-2 5.08723E-2 3.87134E-2 4.66572E-2 6.44198E-2 3.48165E-2
