Phytophthora/models/20240430_1155_37/Phytophthora_PA3_RUN6_MAXENT_outputs/Phytophthora_PA3_RUN6.asc
ncols         225
nrows         269
xllcorner     473000.0
yllcorner     4429100.0
cellsize      50.0
NODATA_value  -9999
[rows 135 to 161 of 269, columns 60 to 119 of 225]
2.64038E-1 1.64086E-1 2.43533E-1 2.98281E-1 2.95343E-1 4.17838E-1 4.64145E-1 4.79669E-1 5.1053E-1 5.34298E-1 5.58992E-1 5.84605E-1 4.19259E-1 4.76778E-1 4.80174E-1 5.46934E-1 5.81558E-1 5.81633E-1 5.92469E-1 5.1576E-1 4.61591E-1 4.95033E-1 5.61621E-1 5.03289E-1 4.77334E-1 4.09266E-1 4.24568E-1 3.60067E-1 2.70112E-1 2.50104E-1 2.28061E-1 2.26016E-1 2.24819E-1 2.57427E-1 2.87035E-1 2.83275E-1 3.68056E-1 3.91499E-1 4.28553E-1 3.67241E-1 3.65181E-1 3.42105E-1 3.228E-1 2.92954E-1 3.23567E-1 2.50724E-1 3.12153E-1 4.10737E-1 4.22836E-1 4.48848E-1 4.43737E-1 4.41571E-1 3.26824E-1 4.18543E-1 3.74111E-1 3.74402E-1 2.50736E-1 2.37909E-1 2.28894E-1 2.01062E-1
2.64084E-1 3.64621E-1 3.69363E-1 3.16676E-1 3.0604E-1 3.07255E-1 4.76506E-1 4.97829E-1 4.66474E-1 4.45718E-1 4.71417E-1 4.82125E-1 2.8921E-1 1.57985E-1 3.58756E-1 6.31291E-1 6.74567E-1 6.77212E-1 6.63087E-1 5.81669E-1 5.84878E-1 6.13949E-1 5.26423E-1 6.13927E-1 6.16192E-1 5.39924E-1 6.15763E-1 5.4546E-1 4.84065E-1 4.33548E-1 3.30847E-1 3.08499E-1 3.2868E-1 3.1077E-1 4.38959E-1 4.78222E-1 5.70817E-1 6.38884E-1 6.16844E-1 6.40641E-1 6.00451E-1 6.15516E-1 5.86057E-1 5.76658E-1 5.72254E-1 4.01073E-1 4.41778E-1 5.578E-1 6.11192E-1 6.17453E-1 5.89056E-1 5.6845E-1 5.71307E-1 5.81235E-1 5.39901E-1 3.39429E-1 3.47603E-1 2.94517E-1 2.90485E-1 3.20807E-1
2.48548E-1 4.23349E-1 2.43475E-1 2.66097E-1 2.48548E-1 4.28504E-1 5.15474E-1 4.7687E-1 4.5683E-1 4.28422E-1 4.54621E-1 4.27374E-1 2.05665E-1 3.26052E-1 3.18604E-1 5.85163E-1 6.54259E-1 6.26832E-1 6.33443E-1 6.13602E-1 6.23573E-1 6.48303E-1 6.59918E-1 6.65604E-1 5.09872E-1 5.40812E-1 3.65728E-1 5.20362E-1 4.51212E-1 4.07247E-1 3.28164E-1 3.04261E-1 3.24805E-1 3.53423E-1 4.43182E-1 5.25526E-1 5.80483E-1 5.91121E-1 6.64021E-1 6.39834E-1 6.3786E-1 6.21695E-1 6.09601E-1 5.87621E-1 6.14725E-1 4.47824E-1 3.94179E-1 5.66144E-1 5.90983E-1 5.57914E-1 5.83329E-1 5.09227E-1 5.42888E-1 5.34321E-1 5.26036E-1 2.68117E-1 2.93272E-1 2.88178E-1 2.84203E-1 3.14988E-1
2.30016E-1 2.8499E-1 2.79161E-1 2.93963E-1 3.46162E-1 4.26628E-1 3.15961E-1 3.81777E-1 3.11496E-1 4.6241E-1 1.77765E-1 2.8814E-1 3.02158E-1 3.31118E-1 3.83197E-1 5.79751E-1 6.68149E-1 6.70613E-1 7.12684E-1 6.97133E-1 6.62762E-1 6.74075E-1 6.38139E-1 6.03168E-1 4.86455E-1 4.11004E-1 4.8038E-1 5.2237E-1 4.4577E-1 4.07057E-1 3.18936E-1 3.02745E-1 3.6058E-1 4.12194E-1 5.05697E-1 5.60931E-1 6.45742E-1 6.18528E-1 6.48828E-1 6.59472E-1 6.82309E-1 5.49593E-1 5.89944E-1 5.0905E-1 5.01906E-1 5.40685E-1 4.93274E-1 5.31686E-1 5.351E-1 5.36867E-1 5.36895E-1 4.64845E-1 4.34569E-1 5.14201E-1 4.6316E-1 1.16042E-1 2.90807E-1 2.38564E-1 2.47964E-1 2.47332E-1
4.12118E-1 4.25333E-1 3.05542E-1 3.05976E-1 3.42826E-1 4.05228E-1 3.73623E-1 3.51228E-1 2.20475E-1 4.06576E-1 3.47122E-1 2.93117E-1 1.47836E-1 1.73263E-1 2.59959E-1 5.88963E-1 6.67704E-1 7.09665E-1 7.37423E-1 7.32004E-1 6.67324E-1 5.92088E-1 5.59691E-1 3.8697E-1 5.51838E-1 4.87444E-1 4.66625E-1 4.6468E-1 4.02429E-1 3.63987E-1 3.18415E-1 3.01255E-1 3.55771E-1 3.99492E-1 5.24043E-1 5.65413E-1 6.63055E-1 6.92087E-1 6.34391E-1 7.0524E-1 4.91898E-1 5.35731E-1 5.04261E-1 5.14005E-1 5.05664E-1 5.41808E-1 5.67459E-1 5.3433E-1 4.84502E-1 5.01871E-1 5.10792E-1 4.66863E-1 2.93606E-1 4.5341E-1 4.30106E-1 2.58811E-1 2.75853E-1 2.66448E-1 2.67926E-1 2.85343E-1
1.55369E-1 1.72525E-1 2.50537E-1 2.88896E-1 3.10045E-1 4.1076E-1 3.63303E-1 3.83272E-1 2.99965E-1 2.23942E-1 1.81291E-1 1.45779E-1 1.88949E-1 2.27174E-1 2.99776E-1 5.99737E-1 7.05612E-1 7.35778E-1 7.61887E-1 7.30837E-1 6.63551E-1 6.17889E-1 5.584E-1 5.58969E-1 5.10495E-1 4.62141E-1 4.97786E-1 4.57045E-1 3.5333E-1 3.29626E-1 3.5052E-1 3.59844E-1 4.32263E-1 4.00668E-1 5.32972E-1 5.88033E-1 6.72962E-1 7.01084E-1 7.02995E-1 7.20637E-1 5.52312E-1 5.47159E-1 5.46804E-1 5.28868E-1 5.09612E-1 5.0989E-1 5.32304E-1 5.15753E-1 4.62514E-1 4.41032E-1 4.73686E-1 4.52141E-1 5.57676E-1 5.48764E-1 2.80495E-1 2.4748E-1 2.97073E-1 2.97967E-1 2.9676E-1 2.9144E-1
2.93904E-1 1.90342E-1 3.30305E-1 3.1586E-1 2.8464E-1 3.99833E-1 3.53103E-1 2.82878E-1 2.28724E-1 1.92452E-1 1.76692E-1 1.78055E-1 2.18446E-1 3.2396E-1 3.27269E-1 4.55399E-1 5.80372E-1 5.83355E-1 6.41606E-1 5.96329E-1 6.78035E-1 6.25267E-1 3.88024E-1 5.15372E-1 4.75657E-1 4.55521E-1 4.70016E-1 4.13692E-1 3.33806E-1 3.21992E-1 4.14213E-1 4.31813E-1 5.03718E-1 4.75504E-1 5.38529E-1 6.0797E-1 6.78593E-1 7.05986E-1 7.29209E-1 7.64618E-1 6.42824E-1 4.76572E-1 6.2205E-1 5.99452E-1 5.36123E-1 4.05289E-1 3.83753E-1 3.7389E-1 3.84672E-1 4.06714E-1 4.01968E-1 4.23426E-1 5.50705E-1 4.91533E-1 4.13723E-1 5.00002E-1 5.20489E-1 4.70667E-1 4.54171E-1 4.47806E-1
2.83749E-1 3.76776E-1 3.76252E-1 3.04505E-1 3.20893E-1 4.15888E-1 3.81778E-1 2.93078E-1 2.3238E-1 2.65257E-1 2.13509E-1 2.04268E-1 2.53424E-1 3.09505E-1 3.4004E-1 3.90656E-1 5.45093E-1 5.90627E-1 6.17836E-1 5.86427E-1 5.81321E-1 5.79928E-1 5.31641E-1 5.02178E-1 4.84499E-1 4.81484E-1 4.21477E-1 3.88092E-1 3.40406E-1 3.65564E-1 4.56574E-1 4.99187E-1 5.46524E-1 5.3499E-1 5.94511E-1 5.98342E-1 6.87233E-1 6.73639E-1 7.34182E-1 7.47711E-1 6.65702E-1 6.45025E-1 6.23045E-1 6.05266E-1 5.29625E-1 3.91565E-1 3.63163E-1 3.27996E-1 3.56462E-1 4.05628E-1 5.04562E-1 4.121E-1 4.73723E-1 4.89389E-1 4.68141E-1 4.97527E-1 4.82113E-1 4.71561E-1 4.0715E-1 4.09611E-1
1.78435E-1 3.79702E-1 4.3507E-1 3.09806E-1 3.68652E-1 4.80934E-1 3.53422E-1 2.88603E-1 2.91597E-1 1.28118E-1 1.36955E-1 2.53419E-1 3.09032E-1 3.44189E-1 4.09524E-1 4.32218E-1 4.32522E-1 6.32802E-1 5.84618E-1 6.18412E-1 6.56373E-1 5.95304E-1 5.07158E-1 5.07859E-1 4.80773E-1 4.70642E-1 3.95929E-1 3.49598E-1 3.60199E-1 4.04861E-1 4.99527E-1 5.53928E-1 5.8005E-1 5.63262E-1 6.10706E-1 6.48377E-1 6.64273E-1 7.41185E-1 7.39105E-1 7.53147E-1 6.43638E-1 6.2419E-1 5.90873E-1 5.75596E-1 5.59125E-1 3.47956E-1 3.18173E-1 3.53421E-1 3.81857E-1 3.40084E-1 5.08125E-1 3.68754E-1 5.36152E-1 5.02802E-1 5.02801E-1 5.20368E-1 4.84229E-1 4.07566E-1 3.97113E-1 4.36316E-1
1.98245E-1 2.42704E-1 2.58066E-1 3.37927E-1 4.21134E-1 4.81408E-1 3.57134E-1 3.18398E-1 2.9392E-1 2.64453E-1 1.61831E-1 2.94105E-1 3.63341E-1 3.63363E-1 4.29156E-1 4.39793E-1 4.57018E-1 4.48882E-1 6.13243E-1 5.82379E-1 5.98986E-1 5.41843E-1 4.70326E-1 4.9138E-1 4.58744E-1 4.56099E-1 3.48542E-1 3.42092E-1 3.9473E-1 4.35607E-1 5.59275E-1 5.9268E-1 5.86198E-1 5.36582E-1 5.59622E-1 5.17987E-1 6.58158E-1 7.33792E-1 6.45142E-1 7.55955E-1 7.30894E-1 6.26044E-1 5.57177E-1 5.72548E-1 5.67266E-1 3.36195E-1 2.76092E-1 3.55004E-1 3.90729E-1 3.13008E-1 5.10511E-1 3.13775E-1 5.18824E-1 4.67168E-1 4.38016E-1 4.30618E-1 3.90175E-1 3.63294E-1 3.71507E-1 4.80909E-1
3.51041E-1 1.71115E-1 3.57939E-1 4.44473E-1 4.57136E-1 4.8924E-1 3.9145E-1 3.62457E-1 3.0515E-1 2.58894E-1 2.48952E-1 3.44977E-1 3.84589E-1 3.72546E-1 4.34779E-1 4.62686E-1 3.27303E-1 4.52823E-1 4.82209E-1 5.35393E-1 5.65243E-1 4.71479E-1 4.34735E-1 4.573E-1 4.47267E-1 4.34331E-1 3.58545E-1 3.4202E-1 4.00916E-1 4.67819E-1 5.53464E-1 5.73714E-1 5.47498E-1 4.97799E-1 5.54183E-1 5.89538E-1 6.2697E-1 5.84781E-1 7.37906E-1 7.20778E-1 7.53756E-1 6.69247E-1 5.57088E-1 5.7413E-1 5.23834E-1 3.55408E-1 2.62059E-1 2.82823E-1 4.9402E-1 3.43331E-1 5.76388E-1 5.73868E-1 4.26614E-1 5.04731E-1 4.87675E-1 5.02084E-1 4.59471E-1 4.21745E-1 4.24843E-1 4.70398E-1
4.65901E-1 4.98832E-1 4.46618E-1 5.18181E-1 4.56745E-1 3.76162E-1 3.67582E-1 4.0303E-1 3.7744E-1 2.93358E-1 4.30503E-1 3.69784E-1 3.99071E-1 3.48034E-1 4.25558E-1 5.52052E-1 5.64899E-1 5.73513E-1 5.45173E-1 6.71431E-1 4.81413E-1 4.78756E-1 4.11202E-1 4.4598E-1 4.54212E-1 3.67387E-1 3.00999E-1 2.96628E-1 3.38971E-1 4.0553E-1 5.2406E-1 5.29687E-1 5.00737E-1 4.72009E-1 5.29168E-1 6.07538E-1 6.23899E-1 5.68207E-1 6.17859E-1 7.50016E-1 7.03742E-1 7.03431E-1 6.22643E-1 5.92291E-1 5.34337E-1 1.90179E-1 3.31413E-1 2.73993E-1 4.47012E-1 4.68019E-1 5.92848E-1 5.23226E-1 4.17953E-1 3.81854E-1 4.80412E-1 4.36108E-1 3.63589E-1 3.00246E-1 2.32576E-1 4.38532E-1
2.39412E-1 4.41406E-1 3.87075E-1 4.85846E-1 4.24212E-1 3.83346E-1 3.03473E-1 4.02264E-1 4.37079E-1 3.11466E-1 2.59282E-1 4.57047E-1 3.73646E-1 3.59225E-1 4.38227E-1 5.7528E-1 5.77369E-1 5.66431E-1 5.45699E-1 4.89354E-1 5.41422E-1 4.69743E-1 3.85189E-1 4.26223E-1 4.57008E-1 3.6472E-1 3.04387E-1 3.14163E-1 3.33714E-1 4.14821E-1 5.14414E-1 5.37253E-1 5.05496E-1 4.74459E-1 5.43446E-1 6.46774E-1 6.44082E-1 6.19221E-1 5.98402E-1 5.73086E-1 7.51327E-1 6.56355E-1 6.58378E-1 3.55777E-1 2.1936E-1 9.95068E-2 4.4987E-1 2.27126E-1 3.57447E-1 3.92374E-1 2.80095E-1 3.014E-1 3.71862E-1 4.51995E-1 4.71591E-1 3.69514E-1 4.33337E-1 3.56543E-1 3.19699E-1 1.30792E-1
3.71959E-1 2.42899E-1 2.95003E-1 3.95682E-1 3.55987E-1 3.54398E-1 3.97887E-1 4.59274E-1 4.46606E-1 3.19346E-1 1.68232E-1 2.89131E-1 3.93932E-1 4.07269E-1 4.74012E-1 6.21104E-1 5.59245E-1 5.75687E-1 5.92034E-1 6.00388E-1 5.80255E-1 4.67074E-1 3.8988E-1 4.59632E-1 4.99968E-1 3.9172E-1 3.31872E-1 3.4105E-1 3.29994E-1 4.30878E-1 5.05278E-1 5.37619E-1 5.00952E-1 4.95563E-1 5.74405E-1 6.41292E-1 6.58197E-1 5.97004E-1 5.58653E-1 5.39324E-1 5.60369E-1 6.61484E-1 4.63732E-1 5.64142E-1 2.70466E-1 1.65888E-1 1.55663E-1 1.23828E-1 1.99222E-1 2.65449E-1 2.52405E-1 2.86954E-1 3.50771E-1 4.25317E-1 4.48423E-1 3.93662E-1 3.927E-1 4.10111E-1 2.9011E-1 1.85086E-1
3.70962E-1 2.4585E-1 2.87576E-1 3.42184E-1 3.07689E-1 3.37655E-1 4.07992E-1 5.09409E-1 2.28696E-1 4.01674E-1 3.29827E-1 3.55678E-1 4.07407E-1 4.05955E-1 4.08749E-1 6.67406E-1 4.83105E-1 5.71077E-1 6.1327E-1 6.52756E-1 6.10021E-1 4.75824E-1 4.28012E-1 5.06835E-1 5.43111E-1 4.30296E-1 3.86973E-1 4.11716E-1 3.79097E-1 4.42166E-1 4.93972E-1 5.13802E-1 5.15386E-1 5.0586E-1 5.92415E-1 6.27535E-1 6.30599E-1 5.47869E-1 5.17472E-1 5.13848E-1 5.45863E-1 5.97883E-1 5.77454E-1 3.05634E-1 2.36634E-1 1.48759E-1 1.08177E-1 1.5838E-1 1.75696E-1 4.65822E-1 1.67445E-1 2.25424E-1 2.82107E-1 3.18864E-1 3.9871E-1 3.65524E-1 3.78263E-1 3.43071E-1 2.35324E-1 1.62011E-1
4.11551E-1 2.91609E-1 3.10207E-1 3.26861E-1 3.2044E-1 3.40315E-1 4.02975E-1 3.20873E-1 4.81086E-1 3.82266E-1 3.81287E-1 3.7141E-1 4.25411E-1 3.11377E-1 5.26532E-1 6.70963E-1 6.20169E-1 5.65012E-1 5.69407E-1 6.26383E-1 6.22593E-1 5.25543E-1 4.76355E-1 5.66855E-1 5.87528E-1 4.71347E-1 4.45356E-1 4.62187E-1 4.22766E-1 4.82177E-1 5.03269E-1 4.94763E-1 5.15465E-1 5.30488E-1 5.94999E-1 6.08872E-1 6.04265E-1 5.05106E-1 4.76444E-1 4.79682E-1 5.31366E-1 3.27073E-1 3.56095E-1 3.11796E-1 2.76168E-1 1.77503E-1 1.35475E-1 3.89101E-1 3.92288E-1 1.7406E-1 4.83003E-1 1.73904E-1 2.74636E-1 3.82459E-1 3.86032E-1 3.37963E-1 3.38053E-1 2.66382E-1 1.91165E-1 1.8805E-1
4.7066E-1 3.61003E-1 3.98021E-1 4.35069E-1 4.13772E-1 4.28415E-1 4.44929E-1 4.34529E-1 5.20829E-1 5.14323E-1 7.20867E-1 6.86056E-1 6.79361E-1 7.02463E-1 7.32916E-1 7.23518E-1 6.76284E-1 6.58271E-1 6.28243E-1 6.18805E-1 6.96049E-1 6.48042E-1 6.07574E-1 7.38025E-1 7.07686E-1 6.37507E-1 6.34875E-1 6.04728E-1 6.03384E-1 6.19558E-1 6.4649E-1 6.33879E-1 6.24455E-1 6.45922E-1 6.77298E-1 6.82974E-1 6.59402E-1 5.82715E-1 5.41526E-1 4.99341E-1 4.33289E-1 3.0279E-1 3.79022E-1 3.44424E-1 3.32528E-1 3.31237E-1 2.05095E-1 1.35756E-1 3.76163E-1 1.74104E-1 1.12812E-1 2.27231E-1 2.11466E-1 2.47576E-1 3.10225E-1 4.00566E-1 3.79689E-1 3.86625E-1 3.79384E-1 3.86224E-1
4.16505E-1 4.90085E-1 5.08543E-1 5.32319E-1 4.69681E-1 4.69342E-1 3.6893E-1 3.83044E-1 4.77846E-1 5.12485E-1 6.08236E-1 7.0371E-1 7.14443E-1 7.11064E-1 7.35681E-1 6.85021E-1 6.20764E-1 6.19086E-1 6.52247E-1 5.88519E-1 6.45905E-1 6.11898E-1 6.89216E-1 7.66422E-1 7.28178E-1 6.65556E-1 6.70835E-1 6.38101E-1 6.33765E-1 6.28748E-1 6.80891E-1 6.61449E-1 6.36203E-1 6.72277E-1 6.90211E-1 7.21252E-1 6.89452E-1 6.33918E-1 5.29691E-1 5.10005E-1 3.00465E-1 3.63247E-1 4.17732E-1 4.1238E-1 3.94787E-1 3.90652E-1 3.38501E-1 2.36401E-1 4.40861E-1 1.97938E-1 1.10627E-1 4.14298E-1 1.82731E-1 2.22797E-1 2.72387E-1 3.23868E-1 3.64391E-1 4.10027E-1 4.89695E-1 4.02679E-1
4.54535E-1 5.41856E-1 5.32445E-1 4.66323E-1 3.35633E-1 4.37483E-1 3.98029E-1 4.36106E-1 4.4712E-1 5.50882E-1 7.67069E-1 7.34817E-1 7.71367E-1 7.05211E-1 7.19304E-1 6.55201E-1 6.38708E-1 6.60855E-1 7.25283E-1 7.2031E-1 6.81195E-1 6.23496E-1 7.67517E-1 7.7623E-1 7.39253E-1 7.09818E-1 7.09704E-1 6.73193E-1 6.68157E-1 6.63384E-1 7.05935E-1 6.84471E-1 6.16634E-1 6.82211E-1 6.99156E-1 7.30074E-1 7.2838E-1 7.23478E-1 6.06304E-1 3.82494E-1 3.12629E-1 3.67579E-1 3.86945E-1 3.86859E-1 3.87867E-1 3.96389E-1 4.07537E-1 4.60428E-1 4.92338E-1 4.34899E-1 2.8086E-1 1.77086E-1 1.43569E-1 1.41447E-1 1.80936E-1 2.698E-1 3.4814E-1 3.5625E-1 3.56253E-1 3.33059E-1
4.94703E-1 5.47393E-1 4.82768E-1 5.95872E-1 4.92148E-1 4.39363E-1 4.33189E-1 4.71862E-1 4.60808E-1 5.71019E-1 7.65121E-1 7.82049E-1 7.79474E-1 7.19429E-1 7.28301E-1 6.97815E-1 7.01737E-1 7.43647E-1 7.91964E-1 7.85206E-1 7.12904E-1 7.63101E-1 7.88894E-1 7.78511E-1 7.47494E-1 7.45525E-1 7.35689E-1 7.08005E-1 6.96614E-1 6.92463E-1 7.22884E-1 6.9257E-1 5.63508E-1 6.96983E-1 7.16782E-1 7.25445E-1 7.43164E-1 7.29705E-1 5.17945E-1 5.6157E-1 4.44362E-1 4.49091E-1 4.33608E-1 4.46787E-1 4.38022E-1 4.34941E-1 4.48345E-1 4.62701E-1 4.8697E-1 4.86082E-1 2.48376E-1 2.01559E-1 2.40858E-1 2.62274E-1 2.79749E-1 3.18093E-1 3.11423E-1 4.11144E-1 4.00095E-1 4.03186E-1
5.00658E-1 5.62065E-1 4.9534E-1 5.21211E-1 4.09299E-1 3.60166E-1 4.51793E-1 4.72958E-1 4.26346E-1 5.62102E-1 7.51406E-1 7.72335E-1 7.35472E-1 7.35826E-1 7.39756E-1 7.29005E-1 7.30768E-1 7.48942E-1 7.87058E-1 7.81036E-1 7.00778E-1 7.64527E-1 7.75846E-1 7.67758E-1 7.62265E-1 7.6818E-1 7.61707E-1 7.3795E-1 7.12904E-1 6.97984E-1 7.32166E-1 6.82691E-1 6.68301E-1 6.93047E-1 7.19596E-1 7.3696E-1 7.56395E-1 5.63288E-1 7.35443E-1 6.83415E-1 4.96525E-1 4.53478E-1 4.48482E-1 5.22335E-1 5.48601E-1 5.25536E-1 5.15073E-1 5.18328E-1 5.77626E-1 5.33863E-1 3.12398E-1 3.33833E-1 3.18364E-1 2.65748E-1 3.05057E-1 3.92213E-1 4.18711E-1 4.30539E-1 4.37343E-1 4.34103E-1
4.85104E-1 3.82088E-1 4.57468E-1 4.43158E-1 3.47761E-1 3.14563E-1 3.32057E-1 4.36154E-1 4.58964E-1 5.03191E-1 5.33855E-1 5.60534E-1 4.60247E-1 5.3244E-1 5.80998E-1 7.18798E-1 5.86097E-1 7.59132E-1 7.29207E-1 6.8248E-1 5.44135E-1 7.63464E-1 7.75132E-1 7.33825E-1 7.43247E-1 7.92684E-1 7.74889E-1 7.66045E-1 7.47432E-1 6.98668E-1 6.90459E-1 6.78923E-1 6.45167E-1 6.5944E-1 7.01372E-1 6.77808E-1 7.11928E-1 5.90588E-1 6.16413E-1 5.62769E-1 5.68798E-1 6.0731E-1 6.19604E-1 6.62833E-1 6.11672E-1 5.14847E-1 4.44547E-1 4.91933E-1 5.85426E-1 5.75856E-1 6.84685E-1 6.00026E-1 6.18201E-1 5.77644E-1 5.08647E-1 3.25959E-1 3.68716E-1 3.81187E-1 4.08123E-1 4.50764E-1
3.82814E-1 3.93539E-1 4.31962E-1 3.96949E-1 3.28001E-1 3.05964E-1 2.60488E-1 2.58819E-1 4.62235E-1 4.61898E-1 5.09629E-1 5.1319E-1 4.5484E-1 4.94694E-1 5.44792E-1 6.85899E-1 6.6047E-1 7.51173E-1 6.96504E-1 6.03089E-1 6.7073E-1 7.8966E-1 7.61414E-1 7.42023E-1 7.44996E-1 8.04876E-1 7.59466E-1 7.81684E-1 7.51524E-1 7.0077E-1 6.80596E-1 6.44522E-1 6.45409E-1 6.48965E-1 6.84354E-1 5.61947E-1 5.3619E-1 5.1397E-1 6.14426E-1 5.57392E-1 5.39441E-1 6.06166E-1 6.30956E-1 6.41012E-1 6.03795E-1 5.73905E-1 5.78249E-1 5.65859E-1 5.87704E-1 6.05347E-1 7.1672E-1 7.05064E-1 6.18638E-1 5.85443E-1 5.07283E-1 3.70956E-1 4.47485E-1 4.91206E-1 4.35049E-1 4.43715E-1
3.14023E-1 4.95463E-1 4.23259E-1 3.90466E-1 3.11543E-1 2.84516E-1 2.53195E-1 2.30533E-1 4.14054E-1 4.44752E-1 4.97594E-1 4.99525E-1 3.76621E-1 4.86132E-1 5.68725E-1 6.8466E-1 6.42908E-1 7.10741E-1 5.69178E-1 5.90124E-1 7.94757E-1 7.86471E-1 7.7587E-1 7.54318E-1 7.58173E-1 7.91518E-1 7.71294E-1 7.77955E-1 7.71737E-1 7.08422E-1 6.75085E-1 6.35127E-1 6.23303E-1 6.13891E-1 1.6505E-1 3.07316E-1 2.96962E-1 4.49481E-1 6.16078E-1 6.69673E-1 7.45053E-1 7.27793E-1 6.70388E-1 6.75475E-1 6.57828E-1 6.14565E-1 5.80418E-1 5.26804E-1 4.36147E-1 5.13279E-1 5.78758E-1 6.24431E-1 5.69888E-1 5.69401E-1 6.02706E-1 4.73558E-1 4.75921E-1 4.59644E-1 4.63703E-1 5.0498E-1
4.27293E-1 4.43116E-1 3.96803E-1 3.86726E-1 2.98565E-1 2.79034E-1 1.35978E-1 2.75399E-1 3.49086E-1 4.10478E-1 4.48349E-1 4.5492E-1 4.60297E-1 4.34949E-1 5.36431E-1 6.38754E-1 6.0684E-1 5.79663E-1 5.95867E-1 7.6788E-1 7.96768E-1 6.91488E-1 7.43072E-1 7.43279E-1 7.69916E-1 7.91538E-1 7.6394E-1 7.70832E-1 6.60022E-1 7.27542E-1 6.85642E-1 6.634E-1 6.29559E-1 2.30476E-1 3.77851E-1 4.10317E-1 4.20225E-1 3.97819E-1 8.03571E-1 5.73098E-1 6.33377E-1 6.98929E-1 7.22189E-1 7.25286E-1 6.95014E-1 6.38078E-1 5.93585E-1 5.19779E-1 3.82057E-1 4.46779E-1 5.86315E-1 5.58146E-1 6.52326E-1 7.07032E-1 6.34121E-1 4.21176E-1 4.32739E-1 4.55449E-1 4.86613E-1 5.03932E-1
4.41632E-1 4.16228E-1 3.91927E-1 3.6712E-1 2.69059E-1 2.91382E-1 3.2638E-1 4.5245E-1 4.444E-1 4.78003E-1 4.76334E-1 4.35186E-1 4.26941E-1 4.42423E-1 4.71062E-1 5.05529E-1 6.38082E-1 5.69827E-1 6.82162E-1 7.58821E-1 7.60489E-1 7.29535E-1 7.4371E-1 7.36887E-1 7.34255E-1 7.65389E-1 7.53769E-1 6.91033E-1 7.6631E-1 7.0127E-1 6.77235E-1 6.44188E-1 6.05863E-1 4.62396E-1 5.54776E-1 5.79819E-1 5.44203E-1 4.12578E-1 2.16037E-1 3.41443E-1 3.61437E-1 5.43268E-1 6.66095E-1 7.42107E-1 7.1675E-1 6.46574E-1 5.76703E-1 4.73143E-1 3.87059E-1 2.50708E-1 1.68451E-1 1.91531E-1 6.81238E-1 6.20803E-1 5.70191E-1 3.76047E-1 3.86908E-1 3.62155E-1 4.75402E-1 5.17189E-1
3.70614E-1 3.60883E-1 3.70581E-1 3.77749E-1 3.18209E-1 2.54694E-1 4.43239E-1 4.54673E-1 4.47711E-1 3.54397E-1 3.74653E-1 3.97314E-1 3.86224E-1 3.58082E-1 5.11571E-1 3.86321E-1 6.08929E-1 6.17768E-1 7.02274E-1 7.16159E-1 7.13661E-1 7.04093E-1 7.26959E-1 5.98567E-1 7.45925E-1 7.25593E-1 6.81021E-1 6.74046E-1 6.88213E-1 5.90674E-1 5.82066E-1 5.28238E-1 5.98577E-1 5.77141E-1 6.07702E-1 6.49405E-1 6.66681E-1 6.59764E-1 5.99163E-1 5.21835E-1 4.4385E-1 4.41203E-1 4.84905E-1 5.6796E-1 4.68805E-1 5.72585E-1 4.40951E-1 3.12598E-1 2.64556E-1 2.15858E-1 7.686E-2 8.95847E-2 2.77374E-1 1.75961E-1 2.71033E-1 2.23211E-1 2.09157E-1 2.20577E-1 4.0941E-1 4.77163E-1
