Phytophthora/models/20240430_1155_37/Phytophthora_PA3_RUN6_MAXENT_outputs/Phytophthora_PA3_RUN6.asc
ncols         225
nrows         269
xllcorner     473000.0
yllcorner     4429100.0
cellsize      50.0
NODATA_value  -9999
[rows 108 to 134 of 269, columns 60 to 119 of 225]
1.06128E-1 6.36547E-2 6.82035E-2 1.38901E-1 2.01664E-1 2.62214E-1 2.43646E-1 1.34927E-1 1.09911E-1 1.19803E-1 7.26394E-2 1.02079E-1 6.93117E-2 6.4108E-2 7.57027E-2 1.01982E-1 1.0716E-1 1.08661E-1 1.10792E-1 1.29814E-1 1.70872E-1 1.26146E-1 9.59751E-2 1.03367E-1 1.43004E-1 1.63866E-1 1.28197E-1 1.17234E-1 1.15271E-1 9.90693E-2 1.60301E-1 1.04222E-1 1.1664E-1 1.67212E-1 1.47152E-1 2.56145E-1 3.09996E-1 3.69955E-1 4.55726E-1 4.99436E-1 5.33079E-1 4.83863E-1 4.60651E-1 4.76379E-1 1.17183E-1 1.60151E-1 9.15005E-2 3.2839E-1 1.88298E-1 2.55605E-1 3.34021E-1 3.27821E-1 3.6094E-1 3.44395E-1 2.53747E-1 3.06244E-1 8.03066E-2 3.27447E-1 3.31562E-1 4.17486E-1
1.01317E-1 7.76038E-2 5.10957E-2 7.67373E-2 9.82186E-2 2.58714E-1 2.30993E-1 1.96072E-1 1.81419E-1 1.43474E-1 9.00955E-2 1.02518E-1 7.57273E-2 6.65578E-2 7.07054E-2 1.01872E-1 1.07867E-1 1.11521E-1 1.12169E-1 2.07172E-1 1.61533E-1 1.36367E-1 1.64173E-1 2.04443E-1 2.29829E-1 1.81945E-1 1.74305E-1 1.95142E-1 1.58076E-1 1.62382E-1 1.6989E-1 1.4396E-1 1.61895E-1 1.81277E-1 1.76221E-1 2.45889E-1 2.95659E-1 3.38638E-1 4.37735E-1 4.84644E-1 5.4101E-1 5.46456E-1 3.48075E-1 1.19673E-1 3.37763E-1 1.64997E-1 1.73012E-1 3.53339E-1 3.17312E-1 3.62766E-1 4.06301E-1 3.44376E-1 3.27063E-1 3.01012E-1 2.75387E-1 1.99143E-1 4.31932E-1 3.66995E-1 1.29408E-1 4.55645E-1
9.49472E-2 1.25695E-1 8.63459E-2 9.90433E-2 1.16657E-1 1.73663E-1 1.75228E-1 1.87678E-1 8.2073E-2 1.72949E-1 9.38215E-2 1.0879E-1 8.45283E-2 7.95754E-2 8.01909E-2 1.15984E-1 1.26494E-1 1.06785E-1 6.01828E-2 1.5108E-1 1.46474E-1 1.81308E-1 2.16668E-1 2.34942E-1 1.81091E-1 2.18868E-1 2.08791E-1 2.03919E-1 1.88119E-1 1.93753E-1 2.00946E-1 1.88418E-1 1.93446E-1 1.83023E-1 1.88536E-1 2.63968E-1 3.75371E-1 4.03216E-1 4.04243E-1 4.41972E-1 4.00354E-1 3.87396E-1 1.63943E-1 1.43387E-1 1.81584E-1 1.97967E-1 2.77122E-1 4.43979E-1 3.8068E-1 4.08246E-1 3.80105E-1 3.90223E-1 3.9333E-1 3.56378E-1 2.86332E-1 2.26549E-1 2.26707E-1 3.48612E-1 3.65242E-1 1.86754E-1
1.05207E-1 1.1502E-1 1.21888E-1 1.12484E-1 1.12942E-1 1.3144E-1 1.17061E-1 1.52393E-1 4.60194E-2 2.04015E-1 1.91901E-1 1.92842E-1 1.42282E-1 1.61919E-1 1.71451E-1 1.20666E-1 1.31361E-1 1.20497E-1 7.98751E-2 1.33489E-1 2.01467E-1 2.4446E-1 2.46574E-1 2.29185E-1 2.0042E-1 2.17586E-1 1.93054E-1 1.82817E-1 1.91761E-1 1.93718E-1 2.02223E-1 1.83399E-1 1.73883E-1 1.62436E-1 1.47037E-1 1.07522E-1 8.00457E-2 1.07245E-1 1.17919E-1 1.79953E-1 2.02124E-1 1.31395E-1 1.51555E-1 2.90768E-1 1.43605E-1 2.52336E-1 2.65068E-1 3.19324E-1 3.30446E-1 4.01269E-1 4.63999E-1 4.37308E-1 3.99584E-1 3.67944E-1 3.10523E-1 2.57128E-1 2.90508E-1 3.76134E-1 3.39265E-1 2.14289E-1
1.30219E-1 1.20536E-1 1.07614E-1 1.18417E-1 1.07578E-1 1.29726E-1 1.33292E-1 1.56472E-1 1.98764E-1 2.01233E-1 2.18264E-1 1.83183E-1 1.63136E-1 1.75705E-1 1.99778E-1 1.48947E-1 1.4965E-1 8.68776E-2 1.70442E-1 1.72158E-1 2.36005E-1 2.59466E-1 2.67522E-1 2.59919E-1 2.42503E-1 2.30084E-1 1.18749E-1 2.08396E-1 2.16335E-1 2.34877E-1 1.65912E-1 1.56867E-1 2.01247E-1 1.95064E-1 1.61274E-1 1.32755E-1 1.19118E-1 1.39266E-1 1.64285E-1 1.75774E-1 1.06521E-1 1.6598E-1 2.66639E-1 4.25796E-1 1.48301E-1 3.69903E-1 2.79509E-1 3.3811E-1 4.08734E-1 4.14372E-1 4.23151E-1 3.88124E-1 4.12056E-1 4.29873E-1 4.15202E-1 3.14723E-1 3.03328E-1 3.2992E-1 3.82132E-1 4.0515E-1
1.22609E-1 1.03598E-1 1.11611E-1 1.10364E-1 1.04952E-1 1.1856E-1 1.40436E-1 1.82449E-1 2.18739E-1 1.23468E-1 2.66E-1 1.80194E-1 1.76128E-1 1.92532E-1 2.22303E-1 1.74586E-1 1.57846E-1 1.20326E-1 1.90686E-1 1.9595E-1 2.70683E-1 2.88496E-1 2.78708E-1 3.20849E-1 2.83834E-1 2.16838E-1 2.26525E-1 2.86478E-1 2.5188E-1 1.90961E-1 1.5935E-1 1.8107E-1 2.34683E-1 1.80611E-1 2.01395E-1 1.31838E-1 1.47802E-1 1.81877E-1 1.53801E-1 1.41857E-1 1.41798E-1 1.71219E-1 1.96341E-1 2.47596E-1 2.64674E-1 3.65479E-1 3.43693E-1 2.1627E-1 1.98277E-1 1.96716E-1 2.39566E-1 2.58415E-1 3.53406E-1 4.7251E-1 4.37402E-1 2.79372E-1 2.60908E-1 2.83446E-1 3.46926E-1 3.09097E-1
1.23623E-1 1.22284E-1 1.07044E-1 1.0709E-1 1.09888E-1 1.43763E-1 1.55541E-1 1.58337E-1 1.06849E-1 1.40352E-1 1.21576E-1 1.5461E-1 1.66291E-1 1.7861E-1 2.22663E-1 1.83659E-1 1.98726E-1 1.31526E-1 9.41332E-2 1.81538E-1 2.52838E-1 2.18761E-1 2.92791E-1 2.89422E-1 2.09305E-1 2.15011E-1 2.91384E-1 2.71375E-1 1.74352E-1 1.12393E-1 1.05548E-1 9.75225E-2 1.62457E-1 1.92516E-1 1.47801E-1 1.34982E-1 1.0387E-1 7.78267E-2 6.93446E-2 9.31101E-2 1.39259E-1 1.71514E-1 2.06394E-1 3.07941E-1 4.08536E-1 2.75151E-1 9.454E-2 3.58125E-1 1.39804E-1 1.25539E-1 2.37871E-1 4.14996E-1 4.77335E-1 5.43229E-1 4.7684E-1 3.89479E-1 3.68327E-1 3.77949E-1 3.29568E-1 3.41671E-1
1.11767E-1 1.15469E-1 1.01311E-1 1.02182E-1 1.10673E-1 1.65487E-1 1.49441E-1 9.96299E-2 1.21148E-1 9.88179E-2 7.73434E-2 1.26983E-1 1.41017E-1 1.40465E-1 1.54419E-1 1.88302E-1 7.08215E-2 1.28462E-1 1.15922E-1 1.72753E-1 2.69215E-1 2.85773E-1 2.49957E-1 2.55694E-1 2.44442E-1 2.6997E-1 2.50898E-1 1.61358E-1 1.04974E-1 1.05001E-1 1.01272E-1 1.1382E-1 1.59899E-1 1.74662E-1 1.79923E-1 1.29406E-1 1.3776E-1 1.34059E-1 1.53287E-1 1.5526E-1 2.10455E-1 1.143E-1 2.57586E-1 2.66374E-1 3.36421E-1 2.69576E-1 1.76465E-1 3.20285E-1 7.81161E-2 1.5067E-1 3.42376E-1 4.77234E-1 5.32572E-1 6.56507E-1 5.50007E-1 4.34174E-1 4.33479E-1 4.4517E-1 4.05249E-1 4.30371E-1
3.29332E-1 2.53562E-1 2.30525E-1 2.73571E-1 2.91622E-1 3.54115E-1 2.85502E-1 2.22194E-1 2.11916E-1 1.89884E-1 2.17532E-1 2.37914E-1 2.83997E-1 2.74754E-1 2.81399E-1 3.63898E-1 3.36169E-1 2.9252E-1 3.33909E-1 3.31769E-1 2.74863E-1 2.87355E-1 2.87508E-1 3.26521E-1 3.62506E-1 2.59743E-1 1.95349E-1 1.66799E-1 1.19224E-1 1.23467E-1 1.9763E-1 1.78656E-1 2.17969E-1 2.43927E-1 2.79343E-1 2.92978E-1 2.72531E-1 2.79847E-1 2.977E-1 3.58581E-1 4.68335E-1 5.03367E-1 4.52474E-1 4.81909E-1 4.48497E-1 2.9615E-1 2.88817E-1 1.78023E-1 1.44999E-1 1.04002E-1 5.65044E-1 6.70335E-1 6.59301E-1 6.01461E-1 4.63919E-1 3.5727E-1 4.56265E-1 4.66187E-1 4.3839E-1 3.47413E-1
2.76558E-1 2.53149E-1 2.65876E-1 3.08629E-1 3.04652E-1 3.29371E-1 2.5329E-1 2.53432E-1 2.22326E-1 1.93157E-1 2.79867E-1 1.2923E-1 3.51233E-1 3.12458E-1 2.9177E-1 2.72948E-1 3.7494E-1 2.35831E-1 2.81428E-1 3.10379E-1 2.52076E-1 2.89205E-1 3.31594E-1 3.56141E-1 3.06688E-1 1.64797E-1 1.51999E-1 1.20031E-1 1.0306E-1 1.12647E-1 1.40925E-1 1.47857E-1 1.89497E-1 2.03213E-1 2.57237E-1 3.31022E-1 2.83056E-1 3.79875E-1 3.33531E-1 2.61038E-1 4.38445E-1 4.38248E-1 4.65104E-1 4.91046E-1 5.32053E-1 3.21692E-1 2.86233E-1 2.54582E-1 3.19286E-1 1.76555E-1 4.32094E-1 4.8927E-1 4.84116E-1 4.32922E-1 4.55767E-1 3.99525E-1 4.72652E-1 4.96124E-1 3.66746E-1 4.07466E-1
2.62148E-1 3.24464E-1 3.40292E-1 3.14607E-1 2.51349E-1 3.29905E-1 2.78461E-1 2.48979E-1 2.37314E-1 2.26422E-1 3.20326E-1 3.80915E-1 4.47866E-1 3.64331E-1 3.61709E-1 2.53019E-1 2.57401E-1 2.57754E-1 3.2174E-1 3.1673E-1 2.22803E-1 2.62217E-1 3.2744E-1 3.1771E-1 1.87172E-1 1.58547E-1 1.09782E-1 1.02204E-1 1.0252E-1 1.13545E-1 1.48978E-1 1.5122E-1 1.67183E-1 1.78548E-1 2.35407E-1 3.3942E-1 3.24305E-1 4.11563E-1 3.78142E-1 3.54505E-1 4.56666E-1 5.2969E-1 5.00403E-1 4.47864E-1 5.20284E-1 3.07219E-1 2.51572E-1 2.32878E-1 1.17117E-1 2.95662E-1 3.79246E-1 4.21091E-1 4.87577E-1 5.52348E-1 5.69761E-1 4.7275E-1 4.56801E-1 4.77905E-1 4.80902E-1 4.88833E-1
2.96034E-1 3.86297E-1 3.81525E-1 3.06739E-1 2.1383E-1 2.62428E-1 2.39576E-1 2.36859E-1 2.2263E-1 2.03418E-1 2.67459E-1 2.71705E-1 2.09083E-1 4.3545E-1 2.43436E-1 3.83253E-1 2.7074E-1 2.90891E-1 3.18116E-1 2.4608E-1 1.91529E-1 1.8746E-1 2.7985E-1 2.75936E-1 1.65351E-1 1.71432E-1 1.17204E-1 1.1407E-1 1.16958E-1 1.68532E-1 1.76545E-1 1.64808E-1 1.81093E-1 1.95645E-1 2.75412E-1 3.73902E-1 3.78439E-1 2.55314E-1 3.57732E-1 3.68353E-1 4.52273E-1 5.12405E-1 5.24059E-1 4.54235E-1 4.16925E-1 2.76618E-1 2.40398E-1 1.99332E-1 1.61604E-1 3.28865E-1 4.34241E-1 5.41405E-1 5.41894E-1 5.81027E-1 5.98363E-1 4.84701E-1 4.682E-1 4.41887E-1 4.34887E-1 4.21266E-1
3.53309E-1 4.3402E-1 3.62247E-1 3.03876E-1 2.30328E-1 2.73798E-1 2.47411E-1 2.44704E-1 2.40876E-1 2.68855E-1 3.2865E-1 3.16922E-1 3.74152E-1 3.01657E-1 2.92186E-1 3.28614E-1 3.73274E-1 3.75189E-1 3.22072E-1 2.50784E-1 1.73157E-1 1.69745E-1 2.85486E-1 2.37563E-1 2.26506E-1 1.74642E-1 1.31177E-1 1.3934E-1 1.90511E-1 2.08683E-1 2.03235E-1 1.76456E-1 1.8332E-1 2.08522E-1 3.07491E-1 3.50352E-1 3.88162E-1 3.29319E-1 3.92846E-1 3.67329E-1 4.13988E-1 4.87135E-1 5.00299E-1 4.8543E-1 4.32169E-1 2.05626E-1 1.74277E-1 1.74358E-1 1.9154E-1 2.98005E-1 5.22386E-1 5.25264E-1 5.9163E-1 6.14004E-1 5.84279E-1 4.68561E-1 4.97169E-1 4.7028E-1 4.66264E-1 4.86623E-1
3.3237E-1 4.82708E-1 3.44332E-1 3.24168E-1 2.8045E-1 3.01254E-1 2.60794E-1 2.87746E-1 3.00975E-1 3.46403E-1 4.581E-1 4.77671E-1 4.73473E-1 3.3637E-1 3.2045E-1 4.17559E-1 4.58362E-1 4.05009E-1 3.54675E-1 2.78291E-1 2.27242E-1 2.91572E-1 2.93947E-1 2.7002E-1 3.13422E-1 2.53486E-1 2.20172E-1 2.76155E-1 2.94253E-1 3.2476E-1 3.97832E-1 3.37554E-1 3.09561E-1 3.54154E-1 4.49753E-1 3.95148E-1 3.99612E-1 4.50046E-1 3.01112E-1 3.43593E-1 3.26101E-1 4.02633E-1 4.33926E-1 4.382E-1 3.87793E-1 2.55438E-1 2.3806E-1 2.43332E-1 2.50596E-1 2.83302E-1 3.32403E-1 3.59863E-1 4.42732E-1 5.06047E-1 5.43728E-1 5.69695E-1 4.89022E-1 3.61114E-1 4.12958E-1 4.78502E-1
4.91131E-1 4.54218E-1 3.42321E-1 3.97052E-1 3.04023E-1 3.39816E-1 2.73388E-1 1.57144E-1 2.00286E-1 2.09322E-1 3.33149E-1 4.35367E-1 4.77374E-1 4.35805E-1 5.05212E-1 4.48701E-1 4.55107E-1 3.98003E-1 3.60581E-1 2.97256E-1 3.39197E-1 3.69204E-1 2.58886E-1 3.95655E-1 3.98436E-1 3.16205E-1 2.96713E-1 3.26189E-1 3.36968E-1 3.45148E-1 4.02743E-1 3.57132E-1 3.28999E-1 3.48486E-1 4.46743E-1 4.04128E-1 4.40594E-1 4.03256E-1 3.65775E-1 2.99201E-1 3.09729E-1 3.33981E-1 4.03E-1 3.94746E-1 3.74024E-1 2.51191E-1 2.4144E-1 2.57855E-1 2.80589E-1 2.86838E-1 3.36547E-1 3.35414E-1 3.77793E-1 4.30676E-1 5.12148E-1 6.03059E-1 5.56144E-1 5.13833E-1 4.95824E-1 4.80541E-1
4.56266E-1 4.11235E-1 4.16638E-1 4.45061E-1 3.46813E-1 3.28985E-1 2.70273E-1 2.47865E-1 1.98723E-1 2.14697E-1 2.52665E-1 2.69843E-1 4.05024E-1 4.28662E-1 4.95954E-1 4.41914E-1 4.42445E-1 3.96734E-1 4.21744E-1 4.17363E-1 4.06976E-1 3.74934E-1 4.29983E-1 4.62952E-1 3.63479E-1 3.54578E-1 3.6404E-1 3.61946E-1 3.55978E-1 3.34803E-1 3.38355E-1 3.76236E-1 3.5423E-1 3.65034E-1 4.74483E-1 4.12107E-1 3.53505E-1 3.92914E-1 3.16289E-1 2.73158E-1 3.00551E-1 3.07743E-1 3.535E-1 3.7951E-1 3.92663E-1 2.88919E-1 2.9561E-1 3.28269E-1 3.19863E-1 3.24483E-1 3.80031E-1 3.76055E-1 3.98136E-1 4.38691E-1 5.23687E-1 6.38741E-1 6.32632E-1 5.27662E-1 4.74273E-1 5.01711E-1
4.01952E-1 4.26917E-1 4.69893E-1 3.73698E-1 3.39108E-1 3.00166E-1 2.3601E-1 2.12276E-1 1.99617E-1 2.10922E-1 2.78216E-1 2.87872E-1 2.98284E-1 4.1965E-1 4.66807E-1 4.12829E-1 4.59346E-1 4.83243E-1 5.208E-1 4.56922E-1 3.96601E-1 4.09094E-1 4.11733E-1 3.69246E-1 3.40391E-1 3.88446E-1 3.95233E-1 3.57311E-1 3.4744E-1 1.66913E-1 3.40668E-1 3.32543E-1 3.53067E-1 3.97156E-1 4.44113E-1 3.40791E-1 2.66583E-1 3.94309E-1 3.0868E-1 2.49008E-1 2.80255E-1 2.84522E-1 3.56798E-1 4.08646E-1 3.3698E-1 2.9363E-1 3.5038E-1 3.67742E-1 3.31733E-1 3.57231E-1 4.24789E-1 4.12286E-1 4.31293E-1 4.8045E-1 5.30416E-1 6.11794E-1 6.58831E-1 6.43909E-1 5.11203E-1 5.27692E-1
3.79363E-1 4.26048E-1 4.72819E-1 4.02683E-1 3.33154E-1 2.67466E-1 2.10356E-1 2.00486E-1 2.0865E-1 2.2619E-1 3.36565E-1 3.71054E-1 3.55822E-1 3.00452E-1 1.56196E-1 4.71479E-1 5.63536E-1 5.41499E-1 5.04125E-1 4.47422E-1 3.77696E-1 2.97707E-1 2.58122E-1 2.83145E-1 3.37325E-1 4.04637E-1 4.05835E-1 3.43861E-1 3.32529E-1 2.2503E-1 3.30375E-1 2.83224E-1 3.3045E-1 3.68407E-1 4.26437E-1 2.63677E-1 2.68721E-1 3.80764E-1 2.54068E-1 2.45636E-1 2.88892E-1 3.38805E-1 3.91764E-1 4.19664E-1 3.84123E-1 3.73768E-1 4.31986E-1 4.23455E-1 3.84792E-1 3.96174E-1 4.45786E-1 3.92651E-1 4.43217E-1 5.30756E-1 5.89547E-1 6.57307E-1 6.61976E-1 6.62428E-1 6.22246E-1 5.92848E-1
4.48784E-1 5.19378E-1 5.14468E-1 4.79718E-1 4.23837E-1 4.03006E-1 3.44618E-1 3.5926E-1 3.95675E-1 3.82854E-1 3.79215E-1 4.18874E-1 4.85119E-1 4.31663E-1 4.17726E-1 4.50586E-1 4.20397E-1 4.11391E-1 3.9828E-1 3.4297E-1 2.55946E-1 2.75764E-1 2.84043E-1 3.35317E-1 4.48105E-1 4.93406E-1 4.6924E-1 4.13754E-1 3.88229E-1 2.59325E-1 2.7024E-1 2.28987E-1 2.51222E-1 2.97522E-1 3.35952E-1 1.54784E-1 1.11479E-1 2.7179E-1 1.74153E-1 1.75037E-1 2.10918E-1 2.82192E-1 3.29374E-1 3.65698E-1 3.93021E-1 3.89498E-1 4.44376E-1 4.26067E-1 4.25E-1 3.45571E-1 3.76456E-1 3.77427E-1 3.8725E-1 4.34788E-1 5.35343E-1 4.52103E-1 4.52535E-1 4.61918E-1 4.14925E-1 3.95353E-1
4.46062E-1 4.85758E-1 5.0234E-1 4.98921E-1 3.95094E-1 4.01715E-1 3.88204E-1 3.89267E-1 4.31376E-1 4.24587E-1 4.13906E-1 4.08737E-1 4.5091E-1 3.77973E-1 2.19036E-1 4.23842E-1 4.08561E-1 3.8023E-1 2.7079E-1 2.35265E-1 2.75566E-1 2.81996E-1 2.7166E-1 3.19907E-1 4.56075E-1 5.27772E-1 4.49724E-1 4.02358E-1 3.71041E-1 2.85183E-1 2.8512E-1 2.42219E-1 2.27932E-1 1.67257E-1 1.74653E-1 1.2924E-1 1.05369E-1 2.51792E-1 2.5899E-1 1.54141E-1 2.20657E-1 3.07508E-1 3.50465E-1 4.02243E-1 4.58885E-1 4.14443E-1 4.14516E-1 4.27459E-1 4.66685E-1 3.68191E-1 3.99299E-1 4.11301E-1 3.51426E-1 4.53974E-1 5.43471E-1 4.4491E-1 4.12891E-1 4.09462E-1 3.74407E-1 3.82043E-1
2.9138E-1 2.96938E-1 3.51484E-1 3.71071E-1 4.01447E-1 4.37858E-1 4.3206E-1 4.16549E-1 4.24056E-1 4.34088E-1 4.37085E-1 4.04894E-1 4.51318E-1 4.44446E-1 4.77065E-1 3.9198E-1 3.28951E-1 2.68257E-1 2.41577E-1 2.81168E-1 3.18253E-1 3.05148E-1 2.99965E-1 3.38685E-1 4.27329E-1 5.24152E-1 4.47686E-1 3.55647E-1 3.51889E-1 3.24749E-1 2.82943E-1 2.69438E-1 2.59566E-1 1.91021E-1 1.56643E-1 1.04355E-1 1.33021E-1 2.22101E-1 2.48887E-1 2.27385E-1 2.45498E-1 2.80854E-1 3.53724E-1 4.01075E-1 4.67103E-1 4.29256E-1 4.60414E-1 5.14131E-1 3.8203E-1 3.36842E-1 4.31153E-1 4.74945E-1 4.17789E-1 4.39534E-1 5.08506E-1 4.53756E-1 4.18393E-1 3.9635E-1 3.52451E-1 3.39584E-1
2.55217E-1 3.04448E-1 3.69057E-1 4.03524E-1 4.17663E-1 4.89551E-1 4.25295E-1 4.55674E-1 4.68247E-1 4.70613E-1 4.61013E-1 4.335E-1 4.63367E-1 4.53898E-1 4.2977E-1 3.75203E-1 3.33024E-1 3.08567E-1 3.02618E-1 3.58751E-1 3.83154E-1 3.63541E-1 3.24674E-1 3.77821E-1 5.13832E-1 5.04462E-1 4.08665E-1 2.84687E-1 3.32945E-1 3.24251E-1 2.74584E-1 2.83624E-1 2.85392E-1 2.55744E-1 1.61467E-1 1.0243E-1 1.35852E-1 2.13503E-1 2.57957E-1 2.87712E-1 2.66428E-1 3.01053E-1 3.30319E-1 4.0616E-1 4.00787E-1 3.66654E-1 4.50147E-1 4.90844E-1 3.36642E-1 3.47129E-1 4.46919E-1 5.07612E-1 4.33766E-1 4.40728E-1 5.3208E-1 4.82571E-1 3.46069E-1 4.10847E-1 3.82682E-1 3.68126E-1
2.46733E-1 3.32675E-1 3.52907E-1 3.09741E-1 4.64599E-1 4.88609E-1 4.70028E-1 4.8674E-1 4.31434E-1 4.39806E-1 4.32703E-1 4.4185E-1 4.91068E-1 2.18759E-1 4.52712E-1 4.11418E-1 3.74991E-1 4.09228E-1 4.25041E-1 4.41019E-1 4.32521E-1 4.31982E-1 3.79919E-1 3.9329E-1 4.70715E-1 4.76547E-1 3.73796E-1 3.23699E-1 3.57432E-1 3.63501E-1 3.31454E-1 3.31364E-1 3.24584E-1 3.31139E-1 2.50964E-1 1.48904E-1 1.54274E-1 2.12822E-1 2.52106E-1 3.13375E-1 2.74382E-1 2.59171E-1 3.05891E-1 3.80735E-1 4.22201E-1 3.64464E-1 4.82099E-1 4.80015E-1 3.02223E-1 3.22974E-1 4.48315E-1 5.2622E-1 4.95964E-1 5.18154E-1 5.97955E-1 4.63948E-1 3.3829E-1 4.05208E-1 3.65784E-1 4.14439E-1
2.18944E-1 2.54175E-1 2.70404E-1 3.51666E-1 4.31079E-1 4.70343E-1 4.40877E-1 4.28996E-1 4.07116E-1 4.26308E-1 4.84646E-1 4.10162E-1 4.8828E-1 4.42895E-1 5.14838E-1 6.0168E-1 6.19125E-1 6.01309E-1 5.86083E-1 5.4012E-1 4.22784E-1 4.42865E-1 4.82656E-1 5.57819E-1 5.26489E-1 4.23199E-1 3.21878E-1 2.80138E-1 3.15343E-1 3.2701E-1 2.95149E-1 2.82567E-1 2.79452E-1 3.078E-1 3.01146E-1 2.3337E-1 1.92425E-1 2.33035E-1 2.86611E-1 3.33279E-1 2.50609E-1 1.64575E-1 2.22968E-1 3.15528E-1 3.85251E-1 2.88693E-1 4.34369E-1 4.1565E-1 3.36796E-1 2.62816E-1 3.42076E-1 4.11987E-1 3.91781E-1 3.05505E-1 4.64222E-1 4.768E-1 4.33658E-1 4.10101E-1 3.53065E-1 1.00967E-1
2.22356E-1 2.1974E-1 2.74159E-1 2.86633E-1 4.28146E-1 4.23771E-1 4.1536E-1 4.11464E-1 3.94324E-1 4.27972E-1 4.97817E-1 4.11893E-1 4.01501E-1 4.81206E-1 4.72693E-1 6.07395E-1 4.87645E-1 5.89594E-1 6.58652E-1 6.5209E-1 6.072E-1 5.86471E-1 5.79283E-1 6.09963E-1 5.71615E-1 4.50508E-1 3.96513E-1 3.44568E-1 3.99973E-1 2.52687E-1 2.85627E-1 3.04871E-1 3.01973E-1 3.2458E-1 3.67399E-1 3.21882E-1 2.33854E-1 2.55885E-1 2.57739E-1 3.14358E-1 2.9202E-1 1.51865E-1 2.42192E-1 3.21033E-1 3.90933E-1 2.95163E-1 3.88836E-1 4.01054E-1 4.52658E-1 3.39257E-1 3.68569E-1 4.2557E-1 3.87192E-1 3.90115E-1 4.24013E-1 4.68853E-1 3.97464E-1 4.29118E-1 2.23055E-1 2.20757E-1
2.02387E-1 2.11236E-1 1.08205E-1 3.06928E-1 3.23264E-1 3.85748E-1 3.71541E-1 3.96148E-1 4.33127E-1 4.77359E-1 5.99255E-1 4.57472E-1 3.26877E-1 4.43143E-1 2.20621E-1 5.34538E-1 5.79873E-1 5.67338E-1 6.65035E-1 6.30824E-1 5.95632E-1 5.65655E-1 6.07012E-1 5.93222E-1 5.59571E-1 3.72658E-1 3.38916E-1 4.05374E-1 3.32638E-1 2.32207E-1 2.49516E-1 2.29769E-1 2.85973E-1 2.48016E-1 3.32663E-1 3.18132E-1 3.63763E-1 2.59308E-1 3.01337E-1 3.48914E-1 3.18914E-1 2.24029E-1 2.12618E-1 3.12752E-1 3.78074E-1 2.75112E-1 3.7351E-1 4.60013E-1 4.02015E-1 3.83994E-1 3.87394E-1 3.96329E-1 4.33022E-1 3.36749E-1 3.76183E-1 4.09314E-1 3.98618E-1 2.14384E-1 3.65519E-1 2.47183E-1
2.08622E-1 2.11187E-1 3.85779E-1 3.43638E-1 2.81094E-1 4.09905E-1 3.98145E-1 4.66359E-1 4.94354E-1 4.71962E-1 6.00341E-1 5.76978E-1 4.82776E-1 5.44297E-1 2.54527E-1 5.91513E-1 6.01175E-1 5.96071E-1 6.19421E-1 6.00421E-1 5.31404E-1 3.59333E-1 5.94778E-1 5.79204E-1 4.71337E-1 4.2139E-1 4.03856E-1 4.19089E-1 2.35364E-1 2.44616E-1 2.58301E-1 2.07573E-1 2.61565E-1 2.72296E-1 2.99571E-1 3.03464E-1 3.53482E-1 3.58079E-1 3.41351E-1 3.63671E-1 3.35587E-1 3.25545E-1 2.58769E-1 2.97737E-1 3.59058E-1 2.73576E-1 3.33464E-1 4.37298E-1 4.49014E-1 4.52419E-1 4.14848E-1 4.20716E-1 4.262E-1 3.34656E-1 3.50616E-1 3.38264E-1 2.53114E-1 3.43297E-1 2.74938E-1 1.74018E-1
