Phytophthora/models/20240430_1155_37/Phytophthora_PA3_RUN6_MAXENT_outputs/Phytophthora_PA3_RUN6.asc
ncols         225
nrows         269
xllcorner     473000.0
yllcorner     4429100.0
cellsize      50.0
NODATA_value  -9999
[rows 135 to 161 of 269, columns 120 to 179 of 225]
1.53072E-1 1.60829E-1 1.92037E-1 2.09876E-1 2.7697E-1 5.3664E-1 5.96301E-1 6.2369E-1 5.76449E-1 6.02067E-1 6.92684E-1 6.46757E-1 6.46514E-1 6.54629E-1 6.41371E-1 -9999 -9999 -9999 -9999 -9999 -9999 -9999 -9999 -9999 -9999 -9999 -9999 -9999 -9999 -9999 -9999 -9999 -9999 -9999 2.43648E-1 3.23806E-1 3.63103E-1 2.4971E-1 2.11571E-1 2.32638E-1 2.36174E-1 2.55617E-1 2.77004E-1 2.96293E-1 2.91785E-1 1.88315E-1 1.80374E-1 9.2813E-2 1.05155E-1 1.09751E-1 1.41918E-1 1.51085E-1 1.4542E-1 1.1424E-1 1.93462E-1 2.87314E-1 3.46424E-1 3.69849E-1 3.42941E-1 3.27797E-1
3.51918E-1 3.63762E-1 3.49776E-1 3.79537E-1 3.80195E-1 3.59867E-1 3.80849E-1 4.81731E-1 5.32116E-1 4.66595E-1 3.85685E-1 3.37142E-1 3.5882E-1 3.43978E-1 -9999 -9999 -9999 -9999 -9999 -9999 -9999 -9999 -9999 -9999 -9999 -9999 -9999 -9999 -9999 -9999 -9999 -9999 -9999 -9999 3.35021E-1 3.82598E-1 2.96727E-1 3.51216E-1 3.88407E-1 3.61295E-1 3.05595E-1 3.63103E-1 3.12415E-1 3.68171E-1 4.14256E-1 3.60911E-1 3.41479E-1 2.4645E-1 2.31323E-1 2.299E-1 2.17541E-1 2.26065E-1 2.65606E-1 1.8869E-1 3.22563E-1 3.09782E-1 3.30797E-1 3.0994E-1 2.91364E-1 3.25008E-1
3.56604E-1 3.41196E-1 3.2184E-1 4.26177E-1 3.61844E-1 3.75315E-1 3.64451E-1 4.49523E-1 5.254E-1 5.02372E-1 -9999 -9999 -9999 -9999 -9999 -9999 -9999 -9999 -9999 -9999 -9999 -9999 -9999 -9999 -9999 -9999 -9999 -9999 -9999 -9999 -9999 -9999 -9999 -9999 3.51144E-1 3.2169E-1 2.15507E-1 3.46024E-1 4.71848E-1 5.14973E-1 4.15462E-1 3.98706E-1 2.98905E-1 3.4466E-1 3.84908E-1 3.35837E-1 3.42994E-1 2.84638E-1 2.5322E-1 2.44586E-1 2.12684E-1 2.11658E-1 2.69266E-1 1.67408E-1 2.93092E-1 2.81802E-1 2.62345E-1 2.95151E-1 2.96134E-1 2.87443E-1
2.89905E-1 3.06981E-1 3.99974E-1 2.99599E-1 3.21968E-1 3.46754E-1 3.22171E-1 3.79124E-1 4.29366E-1 4.62612E-1 -9999 -9999 -9999 -9999 -9999 -9999 -9999 -9999 -9999 -9999 -9999 -9999 -9999 -9999 -9999 -9999 -9999 -9999 -9999 -9999 -9999 -9999 -9999 -9999 -9999 3.7231E-1 3.30255E-1 3.63851E-1 4.54827E-1 5.04839E-1 4.51059E-1 4.53312E-1 3.6491E-1 3.42196E-1 3.76643E-1 3.06269E-1 3.3823E-1 2.67117E-1 2.70199E-1 2.7583E-1 2.42361E-1 2.05059E-1 2.01371E-1 1.55491E-1 2.99135E-1 2.31785E-1 2.30446E-1 2.35042E-1 2.8122E-1 2.99858E-1
2.75167E-1 2.83208E-1 4.31163E-1 3.85616E-1 4.03228E-1 3.51E-1 3.20713E-1 3.71396E-1 4.06992E-1 4.43977E-1 5.19649E-1 -9999 -9999 -9999 -9999 -9999 -9999 -9999 -9999 -9999 -9999 -9999 -9999 -9999 -9999 -9999 -9999 -9999 -9999 -9999 -9999 -9999 -9999 -9999 -9999 4.45711E-1 4.59595E-1 3.90786E-1 4.42259E-1 5.05497E-1 4.44891E-1 4.94014E-1 4.75184E-1 3.95097E-1 3.95509E-1 3.17167E-1 3.40759E-1 2.83501E-1 2.90588E-1 3.00935E-1 2.29699E-1 1.86519E-1 2.00182E-1 2.50887E-1 2.83617E-1 2.01382E-1 2.36684E-1 2.66343E-1 2.42574E-1 3.09457E-1
2.82803E-1 3.89947E-1 4.03494E-1 3.67088E-1 3.73238E-1 3.73618E-1 3.07385E-1 3.60207E-1 4.07942E-1 4.31567E-1 -9999 -9999 -9999 -9999 -9999 -9999 -9999 -9999 -9999 -9999 -9999 -9999 -9999 -9999 -9999 -9999 -9999 -9999 -9999 -9999 -9999 -9999 -9999 -9999 -9999 2.76441E-1 3.01429E-1 2.86967E-1 3.51763E-1 4.76193E-1 4.60538E-1 5.03762E-1 4.71904E-1 4.49562E-1 4.00829E-1 3.22951E-1 3.33852E-1 2.90475E-1 3.11774E-1 3.29094E-1 1.63925E-1 2.04111E-1 2.05231E-1 2.1802E-1 1.94632E-1 1.88155E-1 2.11725E-1 2.30096E-1 2.87762E-1 3.55274E-1
4.30205E-1 4.45406E-1 4.85954E-1 4.24364E-1 4.61443E-1 3.16438E-1 3.043E-1 2.89345E-1 3.38982E-1 2.94403E-1 -9999 -9999 -9999 -9999 -9999 -9999 -9999 -9999 -9999 -9999 -9999 -9999 -9999 -9999 -9999 -9999 -9999 -9999 -9999 -9999 -9999 -9999 -9999 -9999 -9999 -9999 2.98246E-1 3.69595E-1 4.10775E-1 3.75721E-1 4.06412E-1 3.87825E-1 3.64197E-1 3.33549E-1 3.10469E-1 3.22961E-1 3.37105E-1 3.16768E-1 3.32429E-1 3.18604E-1 1.5821E-1 1.76933E-1 1.57963E-1 1.37085E-1 1.21039E-1 7.12292E-2 1.45067E-1 2.10737E-1 3.07637E-1 3.5883E-1
3.92122E-1 4.67116E-1 4.33989E-1 3.71905E-1 4.26971E-1 3.01291E-1 3.15718E-1 2.7486E-1 2.21766E-1 -9999 -9999 -9999 -9999 -9999 -9999 -9999 -9999 -9999 -9999 -9999 -9999 -9999 -9999 -9999 -9999 -9999 -9999 -9999 -9999 -9999 -9999 -9999 -9999 -9999 -9999 -9999 2.89998E-1 2.3367E-1 4.27305E-1 4.43694E-1 3.44918E-1 3.71661E-1 3.4425E-1 3.14287E-1 2.77266E-1 3.23051E-1 3.31834E-1 2.93037E-1 3.29293E-1 3.14848E-1 2.00542E-1 1.97323E-1 1.65732E-1 1.31344E-1 1.2114E-1 9.92388E-2 1.69535E-1 2.08589E-1 2.60521E-1 3.28342E-1
4.24945E-1 5.03918E-1 4.67998E-1 3.28193E-1 3.74973E-1 3.03339E-1 3.63597E-1 3.00469E-1 -9999 -9999 -9999 -9999 -9999 -9999 -9999 -9999 -9999 1.21393E-1 1.73759E-1 1.96017E-1 3.51245E-1 3.10226E-1 1.81211E-1 2.40696E-1 3.14676E-1 4.11876E-1 -9999 -9999 -9999 -9999 -9999 -9999 -9999 -9999 -9999 -9999 3.52931E-1 4.14033E-1 4.18535E-1 4.09874E-1 2.97637E-1 3.41563E-1 2.97626E-1 2.63273E-1 2.22616E-1 3.09237E-1 2.98389E-1 2.6407E-1 2.94807E-1 3.46059E-1 2.64227E-1 2.0626E-1 1.91527E-1 1.47342E-1 1.31088E-1 7.51126E-2 1.64848E-1 2.3555E-1 2.82974E-1 3.37272E-1
4.69819E-1 4.37401E-1 4.16346E-1 4.16671E-1 3.16125E-1 1.64647E-1 -9999 -9999 -9999 -9999 -9999 -9999 -9999 -9999 -9999 -9999 2.95635E-1 1.58405E-1 2.1116E-1 2.30353E-1 3.58991E-1 1.90033E-1 2.56237E-1 2.91775E-1 3.42017E-1 4.62319E-1 -9999 -9999 -9999 -9999 -9999 -9999 -9999 -9999 -9999 -9999 2.32514E-1 3.74471E-1 3.68013E-1 3.29362E-1 2.39569E-1 2.47266E-1 2.58862E-1 2.21648E-1 1.67987E-1 2.97177E-1 2.33399E-1 2.26099E-1 2.49393E-1 2.86883E-1 2.82941E-1 2.32967E-1 1.63794E-1 1.81443E-1 6.96806E-2 2.28233E-1 1.91401E-1 1.77788E-1 2.47338E-1 3.24728E-1
4.25601E-1 3.85841E-1 4.34701E-1 4.76687E-1 3.82912E-1 -9999 -9999 -9999 -9999 -9999 -9999 -9999 -9999 -9999 -9999 -9999 -9999 2.41133E-1 2.42427E-1 2.57578E-1 3.22537E-1 1.40284E-1 2.98244E-1 3.59084E-1 3.74573E-1 4.31806E-1 -9999 -9999 -9999 -9999 -9999 -9999 -9999 -9999 -9999 -9999 2.89316E-1 3.63199E-1 3.3059E-1 2.91525E-1 1.95137E-1 1.86421E-1 1.78211E-1 1.75603E-1 1.19115E-1 2.66376E-1 2.26522E-1 1.96627E-1 2.20296E-1 2.15257E-1 2.49944E-1 2.62205E-1 2.64881E-1 1.24312E-1 2.81623E-1 2.83404E-1 2.43494E-1 2.15986E-1 2.30481E-1 2.92659E-1
3.90851E-1 3.74307E-1 4.36526E-1 -9999 -9999 -9999 -9999 -9999 -9999 -9999 -9999 -9999 -9999 -9999 -9999 -9999 -9999 2.95317E-1 2.91802E-1 3.08582E-1 3.49531E-1 2.49999E-1 -9999 -9999 -9999 -9999 -9999 -9999 -9999 -9999 -9999 -9999 -9999 -9999 -9999 -9999 7.09193E-1 7.02687E-1 6.70849E-1 5.07704E-1 2.38935E-1 2.12141E-1 2.04226E-1 1.71352E-1 8.25342E-2 2.32267E-1 1.72404E-1 1.67753E-1 2.07412E-1 1.87103E-1 2.54241E-1 2.70738E-1 2.9569E-1 2.1869E-1 3.01458E-1 1.87015E-1 1.7186E-1 1.444E-1 1.41969E-1 1.80287E-1
3.70348E-1 2.11193E-1 3.13786E-1 -9999 -9999 -9999 -9999 -9999 -9999 -9999 -9999 -9999 -9999 -9999 -9999 -9999 -9999 3.47513E-1 3.551E-1 3.48455E-1 4.47421E-1 2.80008E-1 -9999 -9999 -9999 -9999 -9999 -9999 -9999 -9999 -9999 -9999 -9999 -9999 -9999 -9999 -9999 7.29623E-1 7.81009E-1 5.89241E-1 2.77234E-1 2.55047E-1 2.12718E-1 1.94843E-1 7.37578E-2 2.30399E-1 1.33631E-1 2.09415E-1 1.61182E-1 1.12987E-1 5.68366E-2 1.45352E-1 1.00381E-1 1.15617E-1 8.59112E-2 1.3633E-1 1.40819E-1 1.18729E-1 9.27861E-2 1.08124E-1
1.76836E-1 1.42135E-1 1.47559E-1 1.98381E-1 -9999 -9999 -9999 -9999 -9999 -9999 -9999 -9999 -9999 -9999 -9999 -9999 2.10018E-1 3.834E-1 3.98705E-1 3.90353E-1 4.91547E-1 4.1295E-1 4.27423E-1 4.98398E-1 -9999 -9999 -9999 -9999 -9999 -9999 -9999 -9999 -9999 -9999 -9999 -9999 -9999 7.42752E-1 7.80969E-1 6.23664E-1 2.99258E-1 1.6101E-1 1.40763E-1 2.41013E-1 1.19062E-1 2.38729E-1 1.74344E-1 1.31422E-1 1.94145E-1 9.05693E-2 5.92779E-2 8.44939E-2 6.89576E-2 9.98464E-2 1.04735E-1 1.02896E-1 1.41518E-1 1.53449E-1 1.4315E-1 1.46502E-1
1.06517E-1 3.39259E-1 1.40078E-1 2.4066E-1 2.61911E-1 -9999 -9999 -9999 -9999 -9999 -9999 -9999 -9999 -9999 -9999 4.48061E-1 3.35452E-1 4.32126E-1 4.52737E-1 4.62137E-1 4.99905E-1 5.01038E-1 5.21098E-1 -9999 -9999 -9999 -9999 6.14251E-1 6.17738E-1 6.32904E-1 -9999 -9999 -9999 -9999 -9999 -9999 -9999 6.94383E-1 6.58962E-1 5.95246E-1 3.15179E-1 3.02565E-1 2.80039E-1 2.41363E-1 1.6422E-1 2.25284E-1 2.48106E-1 2.37482E-1 1.4496E-1 1.0887E-1 9.69077E-2 1.23806E-1 1.86765E-1 2.06026E-1 2.10627E-1 1.72011E-1 1.75176E-1 1.6485E-1 1.48402E-1 1.69904E-1
2.05778E-1 3.97709E-1 1.33119E-1 1.94654E-1 1.63703E-1 1.72323E-1 1.82582E-1 4.02868E-1 1.72677E-1 -9999 1.67756E-1 1.40729E-1 1.62877E-1 1.04292E-1 2.12953E-1 4.1758E-1 4.17261E-1 5.5603E-1 5.71618E-1 5.58057E-1 5.60615E-1 2.91477E-1 5.60819E-1 -9999 -9999 -9999 5.4017E-1 5.73258E-1 6.03294E-1 6.58235E-1 7.51127E-1 7.29116E-1 7.18152E-1 -9999 -9999 -9999 6.73891E-1 4.97441E-1 6.15302E-1 4.87648E-1 2.98028E-1 2.73149E-1 2.56441E-1 2.50541E-1 2.54497E-1 2.5826E-1 2.12823E-1 1.14084E-1 1.49168E-1 1.5418E-1 1.78245E-1 2.03593E-1 2.36574E-1 2.62325E-1 2.462E-1 1.86681E-1 2.02173E-1 1.71742E-1 1.6105E-1 2.05685E-1
4.61383E-1 2.18749E-1 4.18011E-1 2.47068E-1 1.84274E-1 1.3656E-1 1.14001E-1 1.19822E-1 1.70469E-1 2.40637E-1 5.73638E-1 2.45731E-1 2.16563E-1 2.97273E-1 3.95702E-1 1.89522E-1 3.37183E-1 4.39572E-1 4.64999E-1 4.62561E-1 3.33315E-1 3.94305E-1 4.13945E-1 4.35144E-1 4.92386E-1 5.13257E-1 5.92452E-1 6.13407E-1 6.00636E-1 6.14812E-1 6.2908E-1 7.07143E-1 6.46219E-1 5.83254E-1 4.89783E-1 3.69384E-1 3.37741E-1 3.21657E-1 3.12724E-1 3.38376E-1 2.58042E-1 4.01096E-1 3.8004E-1 3.3054E-1 2.88003E-1 1.29753E-1 1.26098E-1 1.84735E-1 1.42782E-1 1.4885E-1 1.34702E-1 1.60038E-1 1.81855E-1 1.815E-1 1.85465E-1 1.69722E-1 2.00762E-1 1.50016E-1 1.61669E-1 2.3452E-1
4.77282E-1 3.27136E-1 2.18977E-1 5.06459E-1 2.02526E-1 1.58372E-1 1.2376E-1 1.618E-1 2.3572E-1 2.6711E-1 2.40131E-1 5.38578E-1 4.84615E-1 1.73139E-1 1.68901E-1 1.84086E-1 2.70045E-1 3.24961E-1 3.99666E-1 4.58376E-1 4.39805E-1 3.89073E-1 4.01233E-1 2.34681E-1 4.58313E-1 5.12353E-1 5.36658E-1 5.78389E-1 5.87669E-1 5.69308E-1 6.87049E-1 6.85682E-1 6.87336E-1 6.68429E-1 5.19427E-1 2.76501E-1 3.38815E-1 2.32421E-1 3.1015E-1 3.26225E-1 3.37714E-1 3.65876E-1 3.49284E-1 2.98973E-1 2.49241E-1 1.55961E-1 1.43692E-1 1.26357E-1 1.55237E-1 1.66743E-1 1.58939E-1 1.76002E-1 2.02566E-1 1.81181E-1 1.69341E-1 1.60238E-1 2.36701E-1 1.58026E-1 2.57069E-1 2.49783E-1
4.98827E-1 4.80366E-1 4.49591E-1 4.3205E-1 3.85523E-1 2.3145E-1 1.89952E-1 2.38362E-1 2.3659E-1 2.39758E-1 1.93133E-1 2.03563E-1 1.58018E-1 1.37642E-1 1.92717E-1 2.00208E-1 2.87546E-1 3.32951E-1 3.76509E-1 3.9599E-1 3.88568E-1 4.00186E-1 4.42099E-1 2.84676E-1 3.42705E-1 2.55881E-1 3.17462E-1 5.33505E-1 5.31286E-1 5.23523E-1 6.59754E-1 6.50262E-1 6.98225E-1 6.76776E-1 5.40735E-1 2.90156E-1 1.31665E-1 3.51807E-1 2.63534E-1 2.94444E-1 3.17025E-1 3.76115E-1 3.99963E-1 3.46905E-1 2.75997E-1 2.2063E-1 2.49674E-1 1.3488E-1 1.57409E-1 1.76526E-1 1.64909E-1 1.98803E-1 2.06209E-1 1.66837E-1 1.75305E-1 1.93699E-1 2.74372E-1 2.00633E-1 2.48005E-1 1.91052E-1
5.59686E-1 5.23382E-1 5.10332E-1 5.65479E-1 5.01776E-1 3.57359E-1 2.74422E-1 2.97124E-1 2.82051E-1 3.06445E-1 2.45335E-1 2.37824E-1 2.26479E-1 2.06165E-1 2.41416E-1 2.09518E-1 2.45515E-1 2.77487E-1 3.26271E-1 3.48592E-1 3.46792E-1 3.87194E-1 3.99717E-1 2.99299E-1 2.80627E-1 4.50497E-1 4.74212E-1 4.83701E-1 4.98034E-1 5.09217E-1 6.56443E-1 6.74246E-1 7.13639E-1 6.98898E-1 5.16691E-1 3.12278E-1 3.50976E-1 3.44637E-1 2.27857E-1 2.57193E-1 2.92158E-1 3.55163E-1 3.45768E-1 3.46737E-1 2.93646E-1 2.09554E-1 1.74158E-1 1.66417E-1 1.88718E-1 1.9638E-1 1.94543E-1 2.00286E-1 1.94687E-1 1.85773E-1 1.79723E-1 1.95978E-1 2.63049E-1 2.63163E-1 2.43703E-1 1.47777E-1
5.84543E-1 5.88763E-1 5.32214E-1 5.48727E-1 4.19932E-1 4.35608E-1 3.00931E-1 2.7846E-1 2.60788E-1 2.44903E-1 2.38047E-1 2.62213E-1 2.94578E-1 2.57414E-1 2.70022E-1 1.95811E-1 2.11633E-1 1.78369E-1 1.80121E-1 2.28337E-1 2.61595E-1 3.66972E-1 3.65102E-1 3.25916E-1 3.43691E-1 4.12839E-1 3.90596E-1 4.07905E-1 2.11336E-1 5.16334E-1 6.58305E-1 6.89351E-1 7.21672E-1 7.02275E-1 5.21479E-1 3.33309E-1 3.23978E-1 3.34558E-1 1.97232E-1 2.14378E-1 2.67756E-1 3.26187E-1 2.75407E-1 3.56115E-1 2.8886E-1 1.71187E-1 1.64271E-1 1.97954E-1 1.90634E-1 1.95107E-1 1.86967E-1 1.86869E-1 1.89101E-1 1.88709E-1 1.5874E-1 1.67128E-1 2.05728E-1 2.33012E-1 2.30496E-1 1.56644E-1
4.45337E-1 4.39511E-1 3.94219E-1 3.90684E-1 3.70432E-1 3.11875E-1 3.69823E-1 2.90795E-1 3.04044E-1 3.24891E-1 3.33126E-1 3.46887E-1 3.51959E-1 3.22741E-1 2.74876E-1 2.55219E-1 2.62252E-1 2.75395E-1 2.87101E-1 2.66539E-1 3.03335E-1 3.14103E-1 4.12858E-1 3.55623E-1 3.54623E-1 2.65511E-1 1.94051E-1 1.66807E-1 1.34136E-1 2.96519E-1 3.88829E-1 4.09852E-1 4.53003E-1 4.41816E-1 3.5875E-1 3.11916E-1 2.9436E-1 2.91693E-1 2.64212E-1 2.30318E-1 3.10572E-1 3.65259E-1 3.78016E-1 4.29063E-1 3.49763E-1 4.41062E-2 1.14384E-1 1.14927E-1 1.09264E-1 1.36377E-1 2.08787E-1 2.32074E-1 2.50406E-1 2.11843E-1 1.5604E-1 2.03923E-1 2.54182E-1 2.55697E-1 2.62359E-1 1.76107E-1
4.54458E-1 4.14182E-1 4.09386E-1 4.41665E-1 3.58037E-1 3.68868E-1 3.19351E-1 3.1813E-1 3.1678E-1 3.06643E-1 3.03924E-1 3.35105E-1 3.28979E-1 3.30842E-1 2.81669E-1 2.49209E-1 2.68541E-1 3.10515E-1 3.3061E-1 3.30172E-1 3.52854E-1 3.5023E-1 4.24055E-1 4.04419E-1 3.694E-1 2.61656E-1 2.25412E-1 2.00771E-1 9.55402E-2 3.14085E-1 3.90168E-1 4.02932E-1 4.57857E-1 4.52265E-1 4.05E-1 3.36559E-1 2.48733E-1 2.88413E-1 2.44366E-1 2.53004E-1 3.38954E-1 3.9958E-1 4.46453E-1 4.44632E-1 3.50749E-1 7.5083E-2 5.74465E-2 1.17138E-1 1.02609E-1 1.19228E-1 1.93281E-1 2.34838E-1 2.14325E-1 1.87993E-1 1.34227E-1 1.73017E-1 1.82093E-1 2.40323E-1 1.39806E-1 1.44309E-1
5.32083E-1 5.51607E-1 5.08628E-1 4.3683E-1 3.48837E-1 3.09266E-1 3.47285E-1 3.07375E-1 3.95349E-1 2.80152E-1 3.75077E-1 3.5862E-1 3.43469E-1 3.55232E-1 3.51432E-1 3.45736E-1 3.43445E-1 3.79311E-1 4.13297E-1 3.65229E-1 3.69778E-1 3.2558E-1 4.60502E-1 4.43524E-1 4.56705E-1 3.23996E-1 2.81927E-1 2.6232E-1 3.46071E-1 2.66121E-1 3.44804E-1 3.97664E-1 4.27462E-1 4.78506E-1 4.62611E-1 3.48629E-1 2.666E-1 2.76054E-1 2.18465E-1 2.58389E-1 3.78918E-1 4.42009E-1 4.76303E-1 4.22881E-1 3.62874E-1 1.31309E-1 3.44095E-2 9.26523E-2 8.70228E-2 9.61685E-2 2.19864E-1 2.72334E-1 2.05536E-1 1.85457E-1 1.58799E-1 1.70137E-1 1.75117E-1 2.5189E-1 2.32684E-1 1.67857E-1
5.06568E-1 5.20831E-1 3.43237E-1 3.51967E-1 2.84048E-1 2.62245E-1 3.20531E-1 3.20891E-1 2.54488E-1 3.67508E-1 3.49391E-1 3.5188E-1 3.39603E-1 3.4434E-1 3.64937E-1 4.03319E-1 4.0234E-1 4.29999E-1 4.66411E-1 4.09772E-1 3.47824E-1 3.64664E-1 3.99171E-1 4.42398E-1 4.95204E-1 3.90064E-1 3.74901E-1 3.41322E-1 2.92451E-1 3.14554E-1 4.36003E-1 4.2868E-1 4.60337E-1 4.48321E-1 3.80456E-1 2.58741E-1 2.28052E-1 2.35421E-1 1.91751E-1 2.15559E-1 3.43281E-1 4.3216E-1 4.65655E-1 3.37342E-1 3.86177E-1 1.51116E-1 1.45676E-2 4.08093E-2 7.83228E-2 9.69562E-2 2.62038E-1 2.63606E-1 1.98428E-1 1.98801E-1 1.69159E-1 1.5051E-1 1.57018E-1 2.19786E-1 1.95919E-1 1.28796E-1
4.63828E-1 3.77167E-1 3.05046E-1 2.52261E-1 1.89854E-1 1.883E-1 2.73148E-1 4.29906E-1 3.55661E-1 3.91015E-1 3.75079E-1 4.06145E-1 3.99354E-1 4.07906E-1 4.14994E-1 4.64308E-1 4.51158E-1 4.43702E-1 4.83173E-1 4.53532E-1 3.39808E-1 3.45149E-1 3.34864E-1 3.56022E-1 3.81819E-1 2.43262E-1 3.52702E-1 2.49492E-1 3.23531E-1 3.87965E-1 4.28547E-1 3.94E-1 3.47636E-1 3.28976E-1 2.43994E-1 1.59115E-1 1.99155E-1 1.95628E-1 1.83486E-1 1.84414E-1 3.06976E-1 3.74447E-1 4.53266E-1 4.72058E-1 3.18947E-1 1.65838E-1 2.27678E-2 9.48722E-2 9.121E-2 1.12009E-1 1.23209E-1 2.96393E-1 2.0925E-1 2.04732E-1 1.57996E-1 1.58715E-1 1.41112E-1 1.61917E-1 1.61109E-1 1.35428E-1
3.38981E-1 2.41989E-1 1.52807E-1 1.26556E-1 9.78805E-2 2.49924E-1 3.23761E-1 3.66942E-1 3.39219E-1 3.41149E-1 3.62912E-1 4.0265E-1 3.71856E-1 3.95481E-1 3.85002E-1 4.3243E-1 4.63531E-1 4.35114E-1 4.75563E-1 3.21723E-1 2.22775E-1 2.2078E-1 2.21979E-1 2.18238E-1 2.3483E-1 1.05249E-1 2.117E-1 2.87502E-1 1.78102E-1 2.88863E-1 2.33144E-1 1.76163E-1 1.30498E-1 1.03495E-1 9.77319E-2 1.44915E-1 2.35411E-1 2.18206E-1 2.03286E-1 1.81918E-1 2.02074E-1 2.80732E-1 3.19369E-1 3.39085E-1 3.27122E-1 1.88977E-1 3.66081E-2 9.761E-2 9.75659E-2 1.09212E-1 1.67405E-1 2.48265E-1 3.20985E-1 1.87566E-1 1.74926E-1 1.67272E-1 1.62731E-1 1.544E-1 1.46986E-1 1.43553E-1
