INPUT/RASTER/maxent_background_data/aspect.asc
ncols        225
nrows        269
xllcorner    473000.000000000000
yllcorner    4429100.000000000000
cellsize     50.000000000000
NODATA_value -9999
[rows 40 to 59 of 269, columns 46 to 91 of 225]
169.089691162109375 170.5579681396484375 166.1866607666015625 165.0007476806640625 155.40399169921875 187.7864532470703125 175.3005523681640625 176.4127960205078125 181.8157958984375 191.1431121826171875 194.3135223388671875 196.8961944580078125 184.436492919921875 176.363433837890625 162.8956756591796875 146.8963165283203125 159.5966796875 143.5760955810546875 126.2039642333984375 122.92542266845703125 133.679534912109375 148.4722900390625 139.44775390625 -9999 -9999 -9999 -9999 -9999 -9999 -9999 -9999 -9999 -9999 -9999 -9999 -9999 -9999 -9999 -9999 -9999 -9999 -9999 -9999 -9999 -9999 -9999
168.39276123046875 161.9898223876953125 164.165557861328125 169.87518310546875 168.916259765625 175.2936553955078125 169.2436370849609375 167.4205322265625 187.3845672607421875 211.6935882568359375 200.2524261474609375 203.4557342529296875 196.1642913818359375 190.899871826171875 158.5480804443359375 137.722137451171875 148.350799560546875 136.6502685546875 122.7852630615234375 120.19293975830078125 117.95757293701171875 128.230255126953125 115.163970947265625 -9999 -9999 -9999 -9999 -9999 -9999 -9999 -9999 -9999 -9999 -9999 -9999 -9999 -9999 -9999 -9999 -9999 -9999 -9999 -9999 -9999 -9999 -9999
169.4732513427734375 162.3570098876953125 156.2802276611328125 166.0491943359375 170.7971954345703125 178.4912872314453125 180.0269775390625 183.31915283203125 200.2264404296875 209.4090423583984375 190.1136016845703125 202.566314697265625 200.481475830078125 196.0698699951171875 173.129791259765625 155.29461669921875 154.8405609130859375 145.28936767578125 129.5549163818359375 139.2700347900390625 135.412384033203125 140.692779541015625 122.39722442626953125 -9999 -9999 -9999 -9999 -9999 -9999 -9999 -9999 -9999 -9999 -9999 -9999 -9999 -9999 -9999 -9999 -9999 -9999 -9999 -9999 -9999 -9999 -9999
156.600311279296875 161.318634033203125 160.7083282470703125 165.1286468505859375 169.3116912841796875 179.6744842529296875 190.1276397705078125 197.2441864013671875 203.855377197265625 209.6934967041015625 197.67626953125 229.5681915283203125 218.23370361328125 208.75360107421875 177.1651153564453125 151.6177978515625 145.5709228515625 133.6978759765625 124.50045013427734375 142.7489166259765625 132.9835357666015625 135.4556884765625 115.421478271484375 -9999 -9999 -9999 -9999 -9999 -9999 -9999 -9999 -9999 -9999 -9999 -9999 -9999 -9999 -9999 -9999 -9999 -9999 -9999 -9999 -9999 -9999 -9999
158.6415863037109375 162.837677001953125 167.6305999755859375 172.2930755615234375 170.7188720703125 186.00067138671875 197.313751220703125 202.4161834716796875 209.856658935546875 220.25872802734375 215.4477386474609375 231.9442596435546875 217.324249267578125 201.863006591796875 179.6486663818359375 165.3477783203125 154.8253631591796875 140.9781646728515625 140.4915771484375 172.51123046875 155.042449951171875 150.1849822998046875 129.13934326171875 -9999 -9999 -9999 -9999 -9999 -9999 -9999 -9999 -9999 -9999 -9999 -9999 -9999 -9999 -9999 -9999 -9999 -9999 -9999 -9999 -9999 -9999 -9999
164.546051025390625 165.4554595947265625 174.8917694091796875 179.184417724609375 177.016204833984375 189.1318817138671875 204.9619598388671875 219.698455810546875 232.545501708984375 244.500885009765625 240.2889862060546875 243.036468505859375 223.354217529296875 200.1390838623046875 188.228424072265625 148.5422515869140625 112.6872100830078125 91.794097900390625 80.74993896484375 148.970001220703125 148.7575225830078125 140.4034881591796875 116.609893798828125 115.023529052734375 -9999 -9999 -9999 -9999 -9999 -9999 -9999 -9999 -9999 -9999 -9999 -9999 -9999 -9999 -9999 -9999 -9999 -9999 -9999 -9999 -9999 -9999
179.638580322265625 173.2418060302734375 171.38775634765625 181.82720947265625 207.0833587646484375 211.05670166015625 234.85723876953125 244.9567718505859375 254.7854156494140625 263.43310546875 261.569061279296875 258.3671875 243.4378204345703125 244.62689208984375 233.3733062744140625 114.7707977294921875 97.65140533447265625 79.842041015625 74.80706024169921875 67.76137542724609375 101.5699462890625 117.25115203857421875 104.9471588134765625 130.850555419921875 -9999 -9999 -9999 -9999 -9999 -9999 -9999 -9999 -9999 -9999 -9999 -9999 -9999 -9999 -9999 -9999 -9999 -9999 -9999 -9999 -9999 -9999
183.04388427734375 177.266357421875 182.724365234375 197.604217529296875 221.4158172607421875 223.697357177734375 260.729248046875 269.29815673828125 281.452301025390625 280.5760498046875 284.456268310546875 280.902435302734375 301.636993408203125 278.722625732421875 267.7685546875 82.4119415283203125 78.4538726806640625 74.03383636474609375 74.414031982421875 72.657867431640625 85.86177825927734375 94.14897918701171875 94.19454193115234375 110.3070068359375 140.8924102783203125 -9999 -9999 -9999 -9999 -9999 -9999 -9999 -9999 -9999 -9999 -9999 -9999 -9999 -9999 -9999 -9999 -9999 -9999 -9999 -9999 -9999
198.897674560546875 196.9355316162109375 205.3272552490234375 224.744384765625 246.9910888671875 247.790802001953125 265.703765869140625 276.54693603515625 289.155303955078125 288.191864013671875 296.06591796875 288.506439208984375 302.18072509765625 288.689910888671875 296.213409423828125 92.5553436279296875 63.281154632568359375 64.16782379150390625 67.303497314453125 61.5212860107421875 72.11734771728515625 79.17010498046875 89.485443115234375 90.6865386962890625 111.4727325439453125 169.93231201171875 -9999 -9999 -9999 -9999 -9999 -9999 -9999 -9999 -9999 -9999 -9999 -9999 -9999 -9999 -9999 -9999 -9999 -9999 -9999 -9999
220.5380401611328125 242.51953125 254.610870361328125 285.700714111328125 284.550872802734375 284.98333740234375 262.37335205078125 273.4332275390625 307.271575927734375 308.089324951171875 312.827606201171875 300.4857177734375 308.661407470703125 304.976348876953125 320.705718994140625 126.556640625 43.920764923095703125 50.988193511962890625 55.2925262451171875 48.776943206787109375 53.8623046875 46.97182464599609375 76.65838623046875 89.5481719970703125 85.320556640625 95.32277679443359375 -9999 -9999 -9999 -9999 -9999 -9999 -9999 -9999 -9999 -9999 -9999 -9999 -9999 -9999 -9999 -9999 -9999 -9999 -9999 -9999
236.223541259765625 258.7701416015625 284.47149658203125 310.73065185546875 306.218353271484375 294.749053955078125 264.62060546875 264.1549072265625 278.92779541015625 286.94744873046875 300.263916015625 292.200042724609375 301.11639404296875 300.2943115234375 329.047027587890625 142.7203216552734375 20.835607528686523438 33.585620880126953125 48.11228179931640625 56.1147003173828125 70.62679290771484375 64.702850341796875 79.03255462646484375 83.07561492919921875 83.8277587890625 74.7489013671875 191.7335968017578125 236.0975799560546875 -9999 -9999 -9999 -9999 -9999 -9999 -9999 -9999 -9999 -9999 -9999 -9999 -9999 -9999 -9999 -9999 -9999 -9999
250.0327911376953125 267.226776123046875 284.036468505859375 275.030975341796875 257.784271240234375 256.0775146484375 252.0855560302734375 255.7227783203125 229.3396453857421875 235.528778076171875 260.132720947265625 294.686279296875 313.47186279296875 302.8758544921875 327.929107666015625 107.70291900634765625 32.306468963623046875 40.448291778564453125 53.341190338134765625 62.832347869873046875 77.35993194580078125 83.3215789794921875 97.52349090576171875 108.39826202392578125 110.69512939453125 101.9696197509765625 142.8195037841796875 235.4676971435546875 245.646087646484375 242.6881561279296875 -9999 -9999 -9999 -9999 -9999 -9999 -9999 -9999 -9999 -9999 -9999 -9999 -9999 -9999 -9999 -9999
266.1844482421875 266.949859619140625 263.0247802734375 262.027618408203125 257.682220458984375 253.9642181396484375 257.5072021484375 259.5093994140625 248.267974853515625 254.898651123046875 260.20220947265625 281.586090087890625 308.497772216796875 291.84149169921875 281.698150634765625 85.09915924072265625 81.5912017822265625 76.1437225341796875 77.61358642578125 81.63417816162109375 90.3648834228515625 105.18616485595703125 114.820953369140625 119.62419891357421875 135.1660308837890625 151.31085205078125 204.62969970703125 225.7387237548828125 242.1046142578125 224.2755126953125 200.5555267333984375 194.3176727294921875 -9999 -9999 -9999 -9999 -9999 -9999 -9999 -9999 -9999 -9999 -9999 -9999 -9999 -9999
266.075103759765625 277.947998046875 270.992401123046875 270.5872802734375 254.7040557861328125 247.336944580078125 251.1256561279296875 254.1652679443359375 251.4590301513671875 262.077239990234375 276.38311767578125 295.289794921875 307.146484375 278.0670166015625 238.3629302978515625 140.1434173583984375 109.895751953125 102.28855133056640625 94.3465423583984375 85.4637908935546875 93.99427032470703125 114.22087860107421875 118.5216217041015625 110.34139251708984375 94.35935211181640625 159.539031982421875 212.7299041748046875 203.313201904296875 226.6151123046875 218.1591949462890625 201.3472747802734375 196.313995361328125 181.0630035400390625 161.188140869140625 153.4552764892578125 -9999 -9999 -9999 -9999 -9999 -9999 -9999 -9999 -9999 -9999 -9999
256.48944091796875 258.99151611328125 252.6732330322265625 242.0503082275390625 251.53973388671875 256.103302001953125 261.36578369140625 263.120697021484375 268.181427001953125 274.95550537109375 296.45562744140625 301.578857421875 301.877349853515625 271.643951416015625 228.671051025390625 133.5813446044921875 116.89723968505859375 113.90289306640625 104.8321380615234375 95.3078155517578125 94.0990447998046875 93.57506561279296875 88.729217529296875 74.1983795166015625 54.25952911376953125 54.280757904052734375 131.28253173828125 157.2611083984375 191.8332366943359375 216.572418212890625 210.5122833251953125 197.708404541015625 180.595123291015625 166.218902587890625 164.657989501953125 171.9893341064453125 176.2579193115234375 163.757537841796875 133.3914947509765625 -9999 -9999 -9999 -9999 -9999 -9999 -9999
252.68780517578125 261.21466064453125 264.472625732421875 260.103973388671875 265.6376953125 270.8970947265625 275.358642578125 272.10369873046875 287.548492431640625 295.38079833984375 317.15789794921875 304.18572998046875 311.285552978515625 280.040924072265625 194.6434783935546875 140.628204345703125 134.019134521484375 133.38336181640625 126.2093048095703125 124.1384429931640625 111.62351226806640625 112.94237518310546875 80.35753631591796875 68.243988037109375 61.437347412109375 76.078704833984375 127.309539794921875 146.6790618896484375 194.4164886474609375 225.9948883056640625 208.6757965087890625 203.51910400390625 180.0776519775390625 164.4430999755859375 178.82147216796875 207.159454345703125 199.111846923828125 170.9617919921875 134.4319610595703125 94.3161468505859375 -9999 -9999 -9999 201.5446624755859375 222.2776336669921875 -9999
293.042327880859375 282.41943359375 286.878509521484375 286.053131103515625 282.0904541015625 283.637115478515625 285.78424072265625 287.185089111328125 292.919891357421875 290.51959228515625 295.295166015625 285.381988525390625 282.892242431640625 246.5774993896484375 153.3812255859375 120.44751739501953125 120.8500518798828125 127.96540069580078125 119.26619720458984375 115.12613677978515625 100.25757598876953125 156.9054107666015625 86.7967987060546875 80.22542572021484375 78.28459930419921875 85.75284576416015625 80.1337738037109375 76.80240631103515625 299.7392578125 267.73638916015625 215.580291748046875 207.391021728515625 200.648651123046875 184.9083099365234375 205.684295654296875 236.2339019775390625 247.0372161865234375 175.9416351318359375 103.49333953857421875 87.0932159423828125 83.5788726806640625 79.33403778076171875 82.58831787109375 115.14739990234375 244.334564208984375 232.414581298828125
314.13494873046875 302.12371826171875 308.44207763671875 311.636444091796875 309.7452392578125 307.890472412109375 315.91815185546875 303.870849609375 304.082794189453125 294.901123046875 298.716888427734375 285.427764892578125 261.54266357421875 207.3168487548828125 153.0061492919921875 120.27161407470703125 110.40167236328125 121.6242218017578125 127.34185028076171875 138.0720367431640625 118.64664459228515625 117.6085662841796875 88.45379638671875 77.03856658935546875 71.84201812744140625 70.77098846435546875 39.6861724853515625 26.495519638061523438 152.4332122802734375 160.8751220703125 174.7661895751953125 180.1893157958984375 187.799468994140625 188.117218017578125 191.8332366943359375 213.5493011474609375 236.9976806640625 -9999 87.338653564453125 74.96326446533203125 86.110504150390625 89.8648223876953125 93.79175567626953125 110.53411865234375 248.2469635009765625 235.4468841552734375
324.618682861328125 321.434173583984375 324.580078125 321.68267822265625 319.327789306640625 317.21563720703125 317.723724365234375 302.968719482421875 298.526763916015625 289.679840087890625 290.751678466796875 282.08624267578125 265.709228515625 180.35430908203125 131.3053741455078125 117.114288330078125 105.00881195068359375 109.30521392822265625 121.689422607421875 136.64996337890625 147.2924346923828125 158.192413330078125 114.1065216064453125 86.17076873779296875 71.6753082275390625 69.25853729248046875 47.8310089111328125 44.693775177001953125 64.8226470947265625 92.73834991455078125 134.3489990234375 149.0505523681640625 165.99395751953125 173.825347900390625 204.963165283203125 227.894866943359375 244.269500732421875 200.333587646484375 112.19525909423828125 96.792755126953125 94.26718902587890625 97.3535308837890625 89.1163482666015625 77.2505035400390625 236.46990966796875 235.8438568115234375
326.585723876953125 318.816070556640625 323.393035888671875 330.46484375 323.28662109375 313.3302001953125 309.767333984375 301.806182861328125 298.835662841796875 285.751251220703125 287.915283203125 290.7332763671875 222.6079864501953125 125.40041351318359375 126.82788848876953125 129.475067138671875 128.316680908203125 124.51132965087890625 131.7902679443359375 150.387115478515625 171.3893890380859375 193.0906524658203125 179.9574127197265625 133.7812042236328125 68.51538848876953125 74.1531219482421875 77.21378326416015625 96.688751220703125 91.607513427734375 103.31909942626953125 121.3757171630859375 133.74700927734375 148.8643646240234375 168.748199462890625 212.7415008544921875 232.290679931640625 220.3548431396484375 198.1155548095703125 173.7519073486328125 133.8058929443359375 107.08441162109375 103.82958984375 92.21337890625 90.89154052734375 182.2610321044921875 251.19451904296875
