INPUT/RASTER/maxent_background_data/aspect.asc
ncols        225
nrows        269
xllcorner    473000.000000000000
yllcorner    4429100.000000000000
cellsize     50.000000000000
NODATA_value -9999
[rows 0 to 19 of 269, columns 46 to 91 of 225]
-9999 -9999 -9999 -9999 -9999 -9999 -9999 -9999 -9999 -9999 -9999 -9999 -9999 -9999 -9999 -9999 -9999 -9999 -9999 -9999 -9999 -9999 -9999 -9999 -9999 -9999 -9999 -9999 -9999 -9999 -9999 -9999 -9999 -9999 -9999 -9999 -9999 -9999 -9999 -9999 -9999 -9999 -9999 -9999 -9999 -9999
-9999 -9999 -9999 -9999 -9999 -9999 -9999 -9999 -9999 -9999 -9999 -9999 -9999 -9999 -9999 -9999 -9999 246.942138671875 -9999 -9999 -9999 -9999 -9999 -9999 -9999 -9999 -9999 -9999 -9999 -9999 -9999 -9999 -9999 -9999 -9999 -9999 -9999 -9999 -9999 -9999 -9999 -9999 -9999 -9999 -9999 -9999
-9999 304.986297607421875 -9999 -9999 -9999 -9999 239.01983642578125 -9999 -9999 -9999 -9999 -9999 -9999 -9999 236.6356201171875 244.122650146484375 230.569915771484375 241.2321624755859375 234.40301513671875 258.16741943359375 -9999 -9999 -9999 -9999 -9999 -9999 -9999 -9999 -9999 -9999 -9999 -9999 -9999 -9999 -9999 -9999 -9999 -9999 -9999 -9999 -9999 -9999 -9999 -9999 -9999 -9999
293.8387451171875 302.01165771484375 301.345855712890625 277.81573486328125 262.97698974609375 236.5662841796875 216.439117431640625 202.5415802001953125 210.942047119140625 202.95587158203125 219.684234619140625 223.0764007568359375 244.0698699951171875 249.6431732177734375 239.944854736328125 242.754150390625 242.330535888671875 254.714935302734375 253.6212615966796875 273.05316162109375 315.2960205078125 -9999 -9999 -9999 -9999 -9999 -9999 -9999 -9999 -9999 -9999 -9999 -9999 -9999 -9999 -9999 -9999 -9999 -9999 -9999 -9999 -9999 -9999 -9999 -9999 -9999
306.49298095703125 300.908111572265625 285.521240234375 266.427581787109375 258.523406982421875 237.2752227783203125 178.322784423828125 201.3842315673828125 208.806427001953125 194.3743438720703125 221.16009521484375 229.915863037109375 232.496734619140625 245.7835845947265625 235.420989990234375 248.16668701171875 243.5528411865234375 250.188323974609375 247.255096435546875 277.483306884765625 302.918212890625 271.855621337890625 -9999 -9999 -9999 -9999 -9999 -9999 -9999 -9999 -9999 -9999 -9999 -9999 -9999 -9999 -9999 -9999 -9999 -9999 -9999 -9999 -9999 -9999 -9999 -9999
294.955322265625 282.914581298828125 267.950714111328125 244.930145263671875 241.960174560546875 217.9271697998046875 210.972503662109375 205.4824981689453125 209.663909912109375 193.687347412109375 229.5789337158203125 224.7996368408203125 230.8252410888671875 251.8307647705078125 257.655181884765625 258.033905029296875 238.271759033203125 247.7676239013671875 241.8168792724609375 253.97515869140625 253.40472412109375 216.097686767578125 155.4167633056640625 147.298828125 -9999 -9999 -9999 -9999 -9999 -9999 -9999 -9999 -9999 -9999 -9999 -9999 -9999 -9999 -9999 -9999 -9999 -9999 -9999 -9999 -9999 -9999
220.0394439697265625 246.1240692138671875 253.0623626708984375 234.61529541015625 235.3082427978515625 210.3378448486328125 199.3541259765625 175.0986175537109375 171.4028472900390625 198.14581298828125 227.395721435546875 202.7750701904296875 233.49981689453125 261.4256591796875 269.112701416015625 258.66717529296875 238.1546173095703125 244.8581085205078125 234.75433349609375 235.7176971435546875 226.2633209228515625 206.5781707763671875 176.813507080078125 159.305145263671875 136.47808837890625 -9999 -9999 -9999 -9999 -9999 -9999 -9999 -9999 -9999 -9999 -9999 -9999 -9999 -9999 -9999 -9999 -9999 -9999 -9999 -9999 -9999
250.1484832763671875 248.499847412109375 238.4509735107421875 214.3166656494140625 214.003082275390625 193.607635498046875 183.762847900390625 170.7462158203125 163.3973846435546875 185.2574920654296875 206.7057647705078125 205.695953369140625 239.4485931396484375 259.093505859375 254.601898193359375 250.8221893310546875 232.9940643310546875 239.494720458984375 226.392120361328125 230.738922119140625 224.0653533935546875 215.2517852783203125 192.4886627197265625 176.911529541015625 181.7752532958984375 248.795196533203125 -9999 -9999 -9999 -9999 -9999 -9999 -9999 -9999 -9999 -9999 -9999 -9999 -9999 -9999 -9999 -9999 -9999 269.481689453125 266.3092041015625 -9999
261.359161376953125 256.628448486328125 234.869232177734375 205.039947509765625 202.3118438720703125 185.0622100830078125 167.8450164794921875 157.8087921142578125 135.4442596435546875 159.482818603515625 223.8646240234375 239.2566375732421875 249.7851104736328125 254.6110076904296875 244.34967041015625 242.363433837890625 220.3259124755859375 223.52447509765625 210.837921142578125 222.0670166015625 215.0023651123046875 215.35321044921875 218.69866943359375 218.416259765625 234.0433502197265625 183.2601318359375 121.666168212890625 -9999 -9999 -9999 -9999 -9999 -9999 -9999 -9999 -9999 -9999 -9999 -9999 96.7553863525390625 99.4137420654296875 112.835723876953125 258.9185791015625 274.03045654296875 269.87457275390625 274.214080810546875
248.9313507080078125 238.6315460205078125 168.777984619140625 184.3582763671875 181.9251556396484375 176.2637786865234375 166.6466827392578125 165.636077880859375 139.2728271484375 172.4417877197265625 256.689697265625 258.77960205078125 249.35107421875 243.65350341796875 222.88555908203125 222.1540069580078125 205.759368896484375 203.295013427734375 198.46295166015625 213.264129638671875 205.380462646484375 210.8431243896484375 217.0265045166015625 217.542327880859375 210.413909912109375 189.0387420654296875 150.603118896484375 135.6523590087890625 141.742919921875 163.3112030029296875 -9999 -9999 -9999 -9999 -9999 -9999 -9999 -9999 99.13503265380859375 100.60077667236328125 106.09331512451171875 148.9619140625 275.71234130859375 265.377197265625 262.105194091796875 246.0219573974609375
246.165924072265625 238.6861572265625 232.2652435302734375 194.135101318359375 164.7694244384765625 154.2587127685546875 169.10113525390625 201.51068115234375 163.3941650390625 187.7188873291015625 232.7755126953125 256.73272705078125 253.763671875 245.4065399169921875 225.82476806640625 234.1949462890625 197.4508819580078125 172.449859619140625 188.9383697509765625 212.7397003173828125 205.7227630615234375 213.9359893798828125 224.0850067138671875 219.2376556396484375 216.6195068359375 211.8890533447265625 177.30401611328125 119.5077056884765625 124.30727386474609375 147.7495269775390625 162.2544097900390625 169.963714599609375 183.5770721435546875 160.1193084716796875 120.8949432373046875 113.68106842041015625 116.0630645751953125 113.87169647216796875 103.04986572265625 102.96573638916015625 104.25682830810546875 193.089630126953125 268.69891357421875 254.3869171142578125 242.4040374755859375 201.6884307861328125
234.970458984375 226.6283721923828125 210.7134552001953125 189.4130859375 164.9805450439453125 163.8000030517578125 173.1187744140625 186.838653564453125 190.824462890625 197.4816741943359375 211.19830322265625 232.617034912109375 226.1571807861328125 217.252349853515625 215.3774871826171875 219.8484649658203125 188.3550872802734375 176.0432891845703125 182.3539276123046875 197.3961029052734375 200.913604736328125 209.093780517578125 224.8103790283203125 227.0997772216796875 222.312896728515625 215.8140106201171875 209.649993896484375 141.0386810302734375 111.54773712158203125 131.5772247314453125 150.5622711181640625 165.3836212158203125 169.040313720703125 141.7993011474609375 132.5720062255859375 122.11600494384765625 117.4704132080078125 118.9031524658203125 108.058349609375 104.0450897216796875 103.43820953369140625 261.2965087890625 256.3251953125 238.20916748046875 235.4999542236328125 211.20477294921875
231.3521881103515625 221.1408538818359375 207.5216217041015625 174.769561767578125 150.3629608154296875 156.279449462890625 170.4248199462890625 196.779815673828125 213.4221954345703125 220.7028350830078125 233.26611328125 247.33209228515625 229.729156494140625 228.84539794921875 219.3975067138671875 220.1685943603515625 190.6996612548828125 171.201019287109375 182.775634765625 203.317474365234375 219.6704254150390625 234.27838134765625 244.5986328125 235.8346710205078125 234.0505218505859375 226.8854827880859375 231.10821533203125 177.65081787109375 102.25852203369140625 113.91309356689453125 138.99468994140625 156.9810028076171875 152.620758056640625 145.486572265625 150.5639801025390625 137.465545654296875 122.0384521484375 123.0350189208984375 113.936767578125 107.38295745849609375 84.376800537109375 -9999 -9999 -9999 -9999 -9999
210.6662139892578125 198.658355712890625 179.802978515625 167.9693756103515625 151.5326995849609375 165.0594024658203125 179.0831298828125 202.4754486083984375 228.0785980224609375 236.2849884033203125 238.0596160888671875 240.2106781005859375 209.694549560546875 213.0565643310546875 206.8935394287109375 200.7569427490234375 184.29913330078125 181.2693023681640625 190.95025634765625 206.1928863525390625 232.847381591796875 245.389678955078125 244.5850677490234375 232.527740478515625 226.3902587890625 222.4189605712890625 227.2834014892578125 216.5386199951171875 108.14368438720703125 113.70842742919921875 138.094451904296875 148.560577392578125 143.90484619140625 145.3130950927734375 154.9984588623046875 147.626983642578125 132.569366455078125 129.3946075439453125 115.20713043212890625 110.24037933349609375 85.96399688720703125 -9999 -9999 -9999 -9999 -9999
181.818817138671875 176.6511077880859375 172.100830078125 156.215484619140625 147.45465087890625 188.0991058349609375 220.216766357421875 262.04302978515625 273.036285400390625 264.025787353515625 242.3002777099609375 229.943572998046875 205.5920867919921875 218.2341461181640625 210.08563232421875 196.026092529296875 182.48297119140625 186.55615234375 207.6796722412109375 230.6278533935546875 259.535186767578125 259.486785888671875 260.2362060546875 246.1823577880859375 242.41595458984375 227.1782684326171875 222.4622344970703125 205.025054931640625 153.953582763671875 135.98004150390625 131.233306884765625 119.70586395263671875 113.977783203125 120.9970703125 129.5308685302734375 134.58233642578125 136.109832763671875 143.4195404052734375 128.8952484130859375 128.6709136962890625 106.73047637939453125 105.11985015869140625 -9999 -9999 -9999 -9999
179.1730804443359375 179.9672698974609375 167.9091644287109375 158.369293212890625 180.321075439453125 199.96734619140625 230.3966827392578125 264.570587158203125 282.332733154296875 262.48138427734375 215.6413116455078125 201.2715911865234375 190.9346466064453125 199.551788330078125 193.21075439453125 188.3901519775390625 183.390045166015625 189.75506591796875 206.52874755859375 227.138916015625 250.384429931640625 265.42633056640625 272.420318603515625 265.787811279296875 237.16033935546875 221.7951202392578125 206.7199249267578125 180.9011077880859375 158.598785400390625 146.87396240234375 133.3054046630859375 113.31749725341796875 96.6883087158203125 105.7237396240234375 116.1431884765625 123.2392425537109375 128.7743072509765625 145.7961578369140625 145.107940673828125 149.9877471923828125 127.36614990234375 133.999908447265625 -9999 -9999 -9999 -9999
194.54998779296875 199.9095306396484375 181.85595703125 155.7948455810546875 191.3279571533203125 215.43243408203125 245.847137451171875 262.969512939453125 274.765899658203125 246.8452606201171875 193.3284454345703125 186.1212615966796875 189.1985626220703125 202.3959503173828125 195.59637451171875 196.4970245361328125 189.324371337890625 205.2063751220703125 230.4233245849609375 247.6036376953125 262.410797119140625 269.7972412109375 278.561981201171875 276.250335693359375 250.3789520263671875 239.7194061279296875 221.4209442138671875 178.95306396484375 150.768096923828125 137.1721038818359375 129.1692657470703125 111.25616455078125 93.7094879150390625 89.87642669677734375 99.27074432373046875 105.6037445068359375 113.15270233154296875 139.906402587890625 152.607086181640625 156.114776611328125 141.5009765625 -9999 -9999 287.170562744140625 -9999 -9999
214.3370819091796875 209.9325408935546875 174.67694091796875 158.022125244140625 200.188934326171875 224.771240234375 244.237335205078125 226.501220703125 211.52740478515625 179.7761077880859375 172.8748779296875 180.6667938232421875 186.3480377197265625 190.004302978515625 191.6796875 196.2202606201171875 194.361328125 234.8842010498046875 249.425262451171875 254.902435302734375 257.546478271484375 254.3718109130859375 255.541748046875 244.6716766357421875 230.385894775390625 224.43853759765625 215.640350341796875 172.731109619140625 163.1987152099609375 153.7872314453125 149.1278533935546875 129.30108642578125 113.2545166015625 90.9356689453125 94.01328277587890625 99.7259674072265625 97.78269195556640625 100.61710357666015625 134.9426422119140625 137.60040283203125 169.720733642578125 209.458160400390625 305.87060546875 288.663360595703125 -9999 -9999
215.496490478515625 213.7946014404296875 167.9482269287109375 180.217437744140625 219.783660888671875 244.167633056640625 237.0802459716796875 213.2881317138671875 199.7387237548828125 189.3037567138671875 184.50048828125 186.976654052734375 188.957000732421875 196.53094482421875 201.5181884765625 217.795379638671875 242.29449462890625 264.969635009765625 265.61029052734375 264.98406982421875 261.32220458984375 257.0023193359375 250.694244384765625 223.0048828125 210.4864044189453125 202.102783203125 203.1603240966796875 173.317169189453125 172.3350677490234375 161.21978759765625 154.381317138671875 137.31341552734375 130.89404296875 120.72263336181640625 115.30794525146484375 102.87701416015625 79.56844329833984375 45.58731842041015625 75.2381439208984375 152.636627197265625 176.4288787841796875 198.9122772216796875 257.049407958984375 248.3624420166015625 -9999 -9999
196.98834228515625 196.0130615234375 198.952239990234375 217.23895263671875 246.027099609375 245.7889862060546875 236.38922119140625 219.0359649658203125 209.6906890869140625 203.7589263916015625 195.3710479736328125 197.0283660888671875 200.7113189697265625 208.050994873046875 208.7605743408203125 240.6014404296875 257.04876708984375 267.306640625 270.0771484375 271.620513916015625 272.018951416015625 265.625518798828125 248.7889556884765625 216.813507080078125 195.4888916015625 181.4415130615234375 180.8401336669921875 184.40509033203125 189.0074005126953125 180.4000396728515625 174.57318115234375 167.6954345703125 148.87841796875 140.9380340576171875 134.8177490234375 133.447601318359375 108.24694061279296875 96.3039703369140625 102.64987945556640625 153.621826171875 176.3898162841796875 203.286285400390625 244.0092010498046875 230.8063507080078125 205.812042236328125 -9999
