INPUT/RASTER/maxent_background_data/aspect.asc
ncols        225
nrows        269
xllcorner    473000.000000000000
yllcorner    4429100.000000000000
cellsize     50.000000000000
NODATA_value -9999
[rows 80 to 99 of 269, columns 92 to 137 of 225]
145.3310699462890625 163.227630615234375 159.6764068603515625 163.302764892578125 154.3705596923828125 148.088470458984375 114.64882659912109375 100.956787109375 86.4155731201171875 80.96247100830078125 65.90670013427734375 73.25379180908203125 63.63822174072265625 75.9465789794921875 217.197021484375 220.3520660400390625 219.302276611328125 233.2364044189453125 228.61004638671875 209.706512451171875 199.590576171875 -9999 -9999 -9999 -9999 -9999 -9999 -9999 -9999 -9999 -9999 262.521148681640625 236.9841156005859375 236.53387451171875 227.3925628662109375 233.3530120849609375 240.7395477294921875 247.4990081787109375 -9999 -9999 -9999 -9999 -9999 -9999 -9999 -9999
152.9548187255859375 164.3477020263671875 156.4937896728515625 161.5568695068359375 162.59967041015625 161.40460205078125 136.46990966796875 116.934722900390625 106.787353515625 92.70427703857421875 85.60109710693359375 82.175994873046875 62.837909698486328125 72.18572998046875 117.51486968994140625 228.7392425537109375 242.37066650390625 264.029296875 258.297882080078125 19.721181869506835938 290.584503173828125 320.171417236328125 284.949188232421875 -9999 -9999 -9999 -9999 -9999 -9999 -9999 -9999 261.639801025390625 223.2607574462890625 225.758514404296875 224.3581390380859375 242.52032470703125 256.845947265625 241.054473876953125 -9999 -9999 -9999 -9999 -9999 -9999 -9999 -9999
165.9234619140625 173.3296661376953125 167.019683837890625 170.80340576171875 174.650421142578125 171.4234466552734375 157.0589447021484375 135.9101104736328125 128.3915557861328125 107.947113037109375 104.9062042236328125 95.27599334716796875 90.3981781005859375 83.73755645751953125 82.96605682373046875 271.001800537109375 277.268524169921875 303.756927490234375 242.243865966796875 16.391931533813476562 226.0115509033203125 331.861419677734375 310.34893798828125 293.089019775390625 268.986328125 -9999 -9999 -9999 -9999 -9999 315.86651611328125 294.82391357421875 228.423675537109375 219.2229766845703125 238.6087646484375 267.841552734375 275.351043701171875 225.1711273193359375 -9999 -9999 -9999 -9999 -9999 -9999 -9999 -9999
173.5405731201171875 182.3313140869140625 168.563507080078125 177.0700836181640625 183.236236572265625 181.3954010009765625 163.4238433837890625 140.16986083984375 135.0984954833984375 114.06739044189453125 114.32180023193359375 102.9772186279296875 105.809051513671875 106.63619232177734375 125.18048858642578125 293.745513916015625 284.556854248046875 281.117156982421875 170.221343994140625 15.326847076416015625 153.975372314453125 319.44317626953125 252.27215576171875 165.7135772705078125 192.0633087158203125 192.660919189453125 -9999 -9999 -9999 -9999 307.061431884765625 207.9719390869140625 170.823760986328125 282.0841064453125 287.62432861328125 262.73779296875 238.9800872802734375 182.0825958251953125 202.057891845703125 -9999 -9999 -9999 -9999 -9999 -9999 -9999
179.3171844482421875 190.7450103759765625 179.137359619140625 186.293914794921875 193.0528717041015625 187.7165679931640625 176.754791259765625 159.5654144287109375 154.8923187255859375 133.7007904052734375 135.9157867431640625 122.1473236083984375 133.07135009765625 126.130126953125 228.6515350341796875 293.49688720703125 288.0421142578125 248.5756378173828125 209.551300048828125 179.3199005126953125 167.4893035888671875 189.38385009765625 167.156524658203125 171.7857513427734375 184.7358551025390625 199.738525390625 -9999 -9999 -9999 -9999 234.362274169921875 131.7684173583984375 184.473114013671875 272.647430419921875 264.701141357421875 243.3200225830078125 221.76031494140625 188.7675933837890625 -9999 -9999 -9999 -9999 -9999 -9999 -9999 -9999
152.1352386474609375 186.27105712890625 214.841400146484375 222.2529144287109375 217.737823486328125 201.3192291259765625 186.57177734375 164.07452392578125 155.1490478515625 132.568450927734375 137.45452880859375 124.0968170166015625 132.4603729248046875 181.461822509765625 256.5028076171875 280.209808349609375 266.93743896484375 220.7225341796875 203.78070068359375 191.2364654541015625 188.5147552490234375 184.4331817626953125 187.9499969482421875 195.4964599609375 200.514892578125 209.6452484130859375 211.9652099609375 -9999 -9999 262.301513671875 259.4010009765625 163.560821533203125 197.3178253173828125 248.3871917724609375 241.5374755859375 231.903228759765625 221.326934814453125 199.2462158203125 -9999 -9999 -9999 -9999 -9999 -9999 -9999 -9999
156.327117919921875 187.6067962646484375 220.4603424072265625 223.629180908203125 207.4567413330078125 194.4877166748046875 185.5305023193359375 173.436126708984375 166.729278564453125 158.5726776123046875 149.632171630859375 119.421234130859375 108.19962310791015625 200.120330810546875 264.728790283203125 246.9911041259765625 221.83062744140625 200.098114013671875 212.6421356201171875 199.760528564453125 201.409637451171875 193.9443511962890625 204.475830078125 199.7878265380859375 205.364898681640625 213.6608734130859375 214.9176025390625 -9999 -9999 277.7567138671875 300.95770263671875 152.0202178955078125 210.6966705322265625 243.9993133544921875 225.8975067138671875 -9999 -9999 -9999 -9999 -9999 -9999 -9999 -9999 -9999 -9999 -9999
141.1577301025390625 198.313201904296875 230.2958526611328125 214.4793853759765625 212.4574432373046875 215.9817962646484375 189.848419189453125 151.9635772705078125 142.1760406494140625 142.71026611328125 144.988525390625 107.7245941162109375 49.786853790283203125 209.806732177734375 296.750823974609375 264.54248046875 252.49627685546875 229.3876190185546875 240.128631591796875 229.2329559326171875 233.5058441162109375 214.727508544921875 212.303314208984375 201.6867218017578125 210.185150146484375 220.191314697265625 223.6722869873046875 244.7598114013671875 -9999 262.72454833984375 208.559600830078125 172.1257171630859375 207.5263214111328125 232.828704833984375 191.67584228515625 -9999 -9999 -9999 -9999 -9999 -9999 -9999 -9999 -9999 -9999 -9999
126.4210357666015625 201.0202178955078125 209.1849212646484375 202.710906982421875 219.2642669677734375 242.7693023681640625 130.197845458984375 99.33667755126953125 145.177154541015625 143.262542724609375 150.8684844970703125 136.0363311767578125 162.7981414794921875 200.9341888427734375 242.8974151611328125 289.852996826171875 291.876708984375 232.329833984375 239.378875732421875 237.023345947265625 234.0314178466796875 203.4375152587890625 197.6631317138671875 194.757598876953125 206.7014617919921875 219.2338104248046875 223.8346710205078125 246.1671142578125 266.063079833984375 244.3636474609375 200.1018829345703125 182.4936676025390625 177.32818603515625 187.2347564697265625 -9999 -9999 -9999 -9999 -9999 -9999 -9999 -9999 -9999 -9999 -9999 -9999
108.81391143798828125 -9999 212.9735107421875 214.4890899658203125 238.751434326171875 266.973907470703125 166.4429473876953125 102.5365447998046875 121.27869415283203125 122.9320068359375 132.5291595458984375 124.79311370849609375 150.7282867431640625 176.92669677734375 210.3491973876953125 231.242950439453125 226.8442230224609375 221.6779327392578125 245.1737213134765625 246.91845703125 233.0512542724609375 196.2693023681640625 193.5992279052734375 186.63275146484375 208.4980316162109375 229.58502197265625 234.824798583984375 251.3275299072265625 239.39654541015625 231.2723388671875 193.697052001953125 171.33294677734375 171.459503173828125 193.0796051025390625 -9999 -9999 -9999 -9999 -9999 -9999 -9999 -9999 -9999 -9999 -9999 -9999
-9999 -9999 -9999 225.573822021484375 253.0017242431640625 266.618408203125 108.24954986572265625 93.03928375244140625 108.70135498046875 116.14347076416015625 122.77172088623046875 117.683624267578125 136.8150634765625 154.276153564453125 195.2745513916015625 224.66339111328125 219.609649658203125 191.8404998779296875 231.2340240478515625 224.878143310546875 212.35174560546875 170.5082550048828125 186.1515960693359375 197.5609588623046875 217.7089691162109375 235.0630950927734375 231.8622894287109375 236.700836181640625 216.2209014892578125 217.9063720703125 190.793426513671875 164.4422607421875 180.2465667724609375 199.7560577392578125 -9999 -9999 -9999 -9999 -9999 -9999 -9999 -9999 -9999 -9999 -9999 -9999
-9999 -9999 -9999 232.37255859375 255.7451019287109375 260.514984130859375 117.94126129150390625 88.4317626953125 90.45220184326171875 93.40219879150390625 102.565460205078125 87.12987518310546875 86.52017974853515625 98.72177886962890625 180.6162567138671875 238.204498291015625 234.110137939453125 200.3005523681640625 247.3571929931640625 232.3363037109375 222.63946533203125 149.1993408203125 203.9332733154296875 218.661376953125 244.5372772216796875 260.187530517578125 236.7485198974609375 237.3337554931640625 218.3802642822265625 224.757568359375 205.4246978759765625 180.375640869140625 184.837371826171875 197.9824371337890625 -9999 -9999 -9999 -9999 -9999 -9999 -9999 -9999 -9999 -9999 -9999 -9999
-9999 -9999 -9999 208.487762451171875 226.389190673828125 235.044189453125 181.3750457763671875 125.303436279296875 118.4020233154296875 95.25211334228515625 75.51621246337890625 41.954883575439453125 28.09563446044921875 40.14005279541015625 86.07138824462890625 212.6515960693359375 224.9065093994140625 223.5351104736328125 257.852996826171875 225.467041015625 182.0108642578125 168.109619140625 211.15313720703125 211.2271881103515625 233.0845794677734375 245.3892974853515625 223.108978271484375 224.237762451171875 208.3515625 217.7229766845703125 205.962738037109375 183.937591552734375 181.9107818603515625 193.3836212158203125 -9999 -9999 -9999 -9999 -9999 -9999 -9999 -9999 -9999 -9999 -9999 -9999
-9999 -9999 -9999 198.231201171875 205.5009765625 219.5821380615234375 175.7584991455078125 136.0770111083984375 135.8364410400390625 -9999 -9999 246.507965087890625 196.0843505859375 50.298442840576171875 66.15119171142578125 154.2034759521484375 240.7297515869140625 242.9198150634765625 255.7237548828125 235.59771728515625 119.2897796630859375 156.509613037109375 212.7491607666015625 208.218231201171875 230.9559326171875 242.78692626953125 217.006591796875 214.0771026611328125 205.6804351806640625 221.5338897705078125 197.0125579833984375 181.0593109130859375 183.737030029296875 194.9184417724609375 207.45391845703125 -9999 -9999 -9999 -9999 -9999 -9999 -9999 -9999 -9999 -9999 -9999
-9999 -9999 -9999 175.90350341796875 182.77435302734375 180.9679107666015625 151.987518310546875 -9999 -9999 -9999 -9999 321.699249267578125 273.632781982421875 48.812000274658203125 69.23094940185546875 74.19663238525390625 246.7286834716796875 249.51568603515625 254.0845947265625 213.58599853515625 130.1837921142578125 162.650787353515625 193.311309814453125 228.130950927734375 233.9297027587890625 239.76788330078125 205.6507415771484375 201.57647705078125 214.2700653076171875 220.778167724609375 192.51495361328125 170.0445709228515625 183.4202728271484375 200.9037933349609375 -9999 -9999 -9999 -9999 -9999 -9999 -9999 -9999 -9999 -9999 -9999 -9999
-9999 -9999 -9999 158.09942626953125 -9999 -9999 -9999 -9999 -9999 -9999 -9999 291.86846923828125 306.24249267578125 62.164093017578125 74.95697021484375 75.74649810791015625 254.225128173828125 241.8151092529296875 233.205108642578125 186.408477783203125 145.5121612548828125 173.5928802490234375 204.762237548828125 231.3043212890625 241.07049560546875 248.938232421875 226.2373504638671875 229.90484619140625 212.076385498046875 212.6635589599609375 185.3458709716796875 159.9866943359375 -9999 -9999 -9999 -9999 -9999 -9999 -9999 -9999 -9999 -9999 -9999 -9999 -9999 -9999
-9999 -9999 -9999 -9999 -9999 -9999 -9999 -9999 -9999 -9999 -9999 253.4829864501953125 211.81793212890625 130.9947357177734375 97.0518951416015625 73.3756103515625 129.71649169921875 214.326934814453125 207.0858612060546875 178.1415557861328125 150.827239990234375 190.2249603271484375 234.59466552734375 251.762298583984375 264.457122802734375 259.66192626953125 254.77923583984375 236.2272491455078125 197.9673919677734375 189.5754241943359375 184.468963623046875 177.2573699951171875 -9999 -9999 -9999 -9999 -9999 -9999 -9999 -9999 -9999 -9999 -9999 -9999 -9999 -9999
-9999 -9999 -9999 -9999 -9999 -9999 -9999 -9999 -9999 -9999 208.9547271728515625 217.2707672119140625 191.7248077392578125 137.2015380859375 98.3631744384765625 71.17749786376953125 85.09450531005859375 152.889404296875 178.7288665771484375 187.942352294921875 194.7479248046875 182.7633514404296875 253.2440643310546875 264.560546875 277.834136962890625 272.119781494140625 274.48333740234375 227.419342041015625 183.0155181884765625 169.749786376953125 178.2100830078125 -9999 -9999 -9999 -9999 -9999 -9999 -9999 -9999 -9999 -9999 -9999 -9999 -9999 -9999 -9999
-9999 -9999 -9999 -9999 -9999 -9999 -9999 -9999 -9999 -9999 201.460784912109375 199.673248291015625 201.048828125 139.793975830078125 103.53998565673828125 78.45064544677734375 79.36949920654296875 126.99007415771484375 174.3473663330078125 223.501800537109375 243.86175537109375 241.0022735595703125 266.95758056640625 268.47430419921875 268.65643310546875 268.901641845703125 218.84478759765625 200.1886444091796875 169.3273773193359375 150.9848785400390625 -9999 -9999 -9999 -9999 -9999 -9999 -9999 -9999 -9999 -9999 -9999 -9999 -9999 -9999 -9999 -9999
-9999 -9999 -9999 -9999 -9999 -9999 -9999 -9999 -9999 -9999 172.3959503173828125 181.12164306640625 180.48651123046875 152.8365478515625 114.313018798828125 90.33380889892578125 89.71901702880859375 72.1769256591796875 173.5866851806640625 266.7513427734375 271.296051025390625 293.90423583984375 295.052734375 282.6156005859375 276.53289794921875 262.974853515625 221.1900787353515625 226.91546630859375 142.123443603515625 115.20723724365234375 -9999 -9999 -9999 -9999 -9999 -9999 -9999 -9999 -9999 -9999 -9999 -9999 -9999 -9999 -9999 -9999
