INPUT/RASTER/maxent_background_data/aspect.asc
ncols        225
nrows        269
xllcorner    473000.000000000000
yllcorner    4429100.000000000000
cellsize     50.000000000000
NODATA_value -9999
[rows 140 to 159 of 269, columns 138 to 183 of 225]
-9999 -9999 -9999 -9999 -9999 -9999 -9999 -9999 -9999 -9999 -9999 -9999 -9999 -9999 -9999 -9999 -9999 54.56932830810546875 64.976959228515625 58.19374847412109375 71.99658203125 101.05265045166015625 120.27863311767578125 137.8037261962890625 125.038360595703125 145.7411956787109375 162.81304931640625 190.618988037109375 206.9593658447265625 208.3195343017578125 200.0765533447265625 196.86065673828125 172.59307861328125 130.17962646484375 115.63446807861328125 93.5244903564453125 121.73519134521484375 176.3988189697265625 201.57415771484375 258.674163818359375 248.20989990234375 238.0937042236328125 246.2689056396484375 246.8053741455078125 246.9586334228515625 220.9388580322265625
-9999 -9999 -9999 -9999 -9999 -9999 -9999 -9999 -9999 -9999 -9999 -9999 -9999 -9999 -9999 -9999 -9999 45.833301544189453125 73.26496124267578125 69.93618011474609375 77.18087005615234375 95.27698516845703125 114.6078643798828125 135.1036224365234375 126.8791046142578125 143.769622802734375 163.624755859375 201.2023468017578125 218.7140350341796875 213.1103363037109375 198.138214111328125 185.6059417724609375 169.3410491943359375 145.9246826171875 134.8366851806640625 92.6969451904296875 81.9348907470703125 69.3686981201171875 283.969451904296875 286.431427001953125 265.176971435546875 244.38726806640625 234.311859130859375 226.6353302001953125 220.1992340087890625 210.1011505126953125
-9999 -9999 -9999 -9999 -9999 -9999 -9999 -9999 -9999 -9999 -9999 -9999 -9999 -9999 -9999 -9999 -9999 -9999 62.27396392822265625 63.271183013916015625 77.63716888427734375 87.067840576171875 98.348419189453125 123.77747344970703125 131.2913970947265625 153.9761505126953125 174.216339111328125 198.76025390625 220.443450927734375 214.320404052734375 192.2180633544921875 174.658721923828125 172.2803497314453125 166.234375 153.928436279296875 114.76264190673828125 110.0828704833984375 105.2868804931640625 272.532867431640625 265.520233154296875 262.86444091796875 252.26824951171875 249.0937042236328125 244.2286376953125 236.88812255859375 225.217742919921875
77.139984130859375 90.49636077880859375 123.40636444091796875 258.0914306640625 282.076019287109375 260.757354736328125 228.3043975830078125 239.25 -9999 -9999 -9999 -9999 -9999 -9999 -9999 -9999 -9999 -9999 74.67191314697265625 80.46480560302734375 85.580596923828125 87.232879638671875 90.21448516845703125 96.43584442138671875 108.62361907958984375 142.3191986083984375 178.7418212890625 212.047515869140625 221.05120849609375 206.6390533447265625 162.679412841796875 144.9762420654296875 170.2626953125 183.60833740234375 174.1514739990234375 164.57763671875 163.834014892578125 211.0763397216796875 285.8123779296875 273.574462890625 265.90374755859375 256.916717529296875 253.76806640625 242.19110107421875 246.5326690673828125 241.161468505859375
82.8871917724609375 87.288909912109375 114.66364288330078125 286.19537353515625 253.2734832763671875 218.9102325439453125 200.28936767578125 234.5945281982421875 -9999 -9999 -9999 -9999 -9999 -9999 -9999 -9999 -9999 -9999 60.20691680908203125 88.34326934814453125 82.11708831787109375 80.53731536865234375 86.92657470703125 86.51700592041015625 92.031829833984375 120.5675811767578125 177.6966552734375 206.3557586669921875 203.508056640625 189.2871246337890625 161.158355712890625 137.5381622314453125 159.9741363525390625 166.7684783935546875 179.99139404296875 197.1695098876953125 204.14715576171875 239.642364501953125 284.62835693359375 286.952606201171875 277.313690185546875 269.52801513671875 261.5428466796875 242.8399658203125 240.631561279296875 228.0241241455078125
87.96089935302734375 90.29735565185546875 188.0555877685546875 270.880462646484375 237.4124755859375 222.7542724609375 216.0684051513671875 246.204315185546875 -9999 -9999 -9999 -9999 -9999 -9999 -9999 -9999 -9999 -9999 142.673370361328125 95.45543670654296875 91.20281219482421875 90.20439910888671875 89.75165557861328125 90.19538116455078125 92.725006103515625 100.27721405029296875 147.9180755615234375 212.7606658935546875 215.37530517578125 185.940704345703125 162.4957427978515625 133.5026397705078125 139.758514404296875 131.82794189453125 194.766937255859375 237.4218292236328125 243.009918212890625 261.545379638671875 278.83551025390625 282.0001220703125 280.990936279296875 278.159912109375 272.4156494140625 264.23260498046875 256.82281494140625 254.0456390380859375
90.68679046630859375 97.32140350341796875 178.446624755859375 228.5962371826171875 -9999 -9999 -9999 -9999 -9999 -9999 -9999 -9999 -9999 -9999 -9999 -9999 -9999 -9999 134.90008544921875 109.96979522705078125 97.116607666015625 92.28551483154296875 94.1578216552734375 101.739776611328125 103.9341583251953125 123.051300048828125 143.6810302734375 209.5911102294921875 199.4247894287109375 171.739166259765625 179.960662841796875 172.12451171875 157.4636688232421875 154.1391448974609375 283.93365478515625 286.744598388671875 285.632659912109375 292.550567626953125 287.157440185546875 293.723236083984375 294.52789306640625 293.345367431640625 284.159027099609375 278.605743408203125 274.781158447265625 262.747955322265625
90.6590423583984375 94.97359466552734375 153.280914306640625 182.4082794189453125 -9999 -9999 -9999 -9999 -9999 -9999 -9999 -9999 -9999 -9999 -9999 -9999 -9999 -9999 100.1144256591796875 98.68054962158203125 95.11334991455078125 94.11121368408203125 99.9178009033203125 112.146514892578125 112.11966705322265625 114.156219482421875 142.9344024658203125 186.2277984619140625 184.31048583984375 179.8844757080078125 215.82196044921875 204.4714813232421875 187.3318634033203125 291.147796630859375 326.574005126953125 326.548004150390625 319.19219970703125 299.065032958984375 285.7672119140625 290.343902587890625 295.55206298828125 291.489410400390625 278.952484130859375 272.410614013671875 261.326446533203125 254.3438873291015625
104.92050933837890625 120.5111083984375 145.5784912109375 165.9529876708984375 179.7988739013671875 190.3418426513671875 -9999 -9999 -9999 -9999 -9999 -9999 -9999 -9999 -9999 -9999 -9999 -9999 77.1832733154296875 88.93567657470703125 95.3256378173828125 97.70476531982421875 99.3259124755859375 113.89188385009765625 125.73145294189453125 132.9078521728515625 153.2197418212890625 174.62200927734375 179.1797027587890625 205.308074951171875 238.291534423828125 293.564208984375 332.15423583984375 317.919189453125 333.651824951171875 325.983673095703125 314.89154052734375 303.955108642578125 283.288330078125 273.355621337890625 269.297821044921875 237.4654998779296875 231.8076019287109375 231.3289031982421875 250.063812255859375 232.0984954833984375
103.83068084716796875 109.7978057861328125 126.8188629150390625 144.3188018798828125 172.05816650390625 -9999 -9999 -9999 -9999 208.424957275390625 214.9837493896484375 217.390472412109375 -9999 -9999 -9999 -9999 -9999 -9999 86.227691650390625 78.07680511474609375 88.26348876953125 90.11949920654296875 84.787841796875 81.14128875732421875 83.3935089111328125 101.47711181640625 128.615203857421875 175.7045135498046875 168.12164306640625 226.23333740234375 262.667449951171875 287.117156982421875 299.164093017578125 300.426513671875 290.337554931640625 291.266998291015625 280.8359375 275.25836181640625 263.341796875 240.881072998046875 209.1301727294921875 204.9451751708984375 219.384765625 227.40478515625 238.3815460205078125 228.75537109375
99.594482421875 106.2550811767578125 120.87964630126953125 134.9534759521484375 163.109039306640625 -9999 -9999 194.28607177734375 180.335601806640625 193.3267822265625 200.50408935546875 208.96356201171875 216.9629058837890625 182.824981689453125 209.320404052734375 -9999 -9999 -9999 97.23333740234375 56.2723846435546875 79.070831298828125 83.91991424560546875 86.7451171875 85.6391754150390625 81.56873321533203125 83.061248779296875 93.69028472900390625 156.9823455810546875 161.728118896484375 230.9820556640625 253.8101959228515625 259.744110107421875 259.501617431640625 257.37261962890625 271.143768310546875 273.09661865234375 259.18829345703125 237.0227203369140625 224.52325439453125 210.284149169921875 189.8892822265625 198.479522705078125 206.1271820068359375 217.042877197265625 218.335540771484375 210.7831268310546875
87.44493865966796875 93.92537689208984375 98.5980072021484375 108.51202392578125 142.1583404541015625 161.865692138671875 186.6226959228515625 185.750885009765625 179.8763885498046875 187.7693023681640625 188.680419921875 202.0784912109375 199.822357177734375 194.32037353515625 202.409881591796875 205.1932830810546875 175.7833251953125 148.8710479736328125 142.502838134765625 73.734710693359375 78.10205841064453125 75.98221588134765625 84.85816192626953125 81.50154876708984375 80.39397430419921875 75.37225341796875 78.711029052734375 79.86014556884765625 113.1834869384765625 232.1646728515625 265.25384521484375 253.8718109130859375 243.7016143798828125 236.083038330078125 238.6509857177734375 256.9931640625 235.944183349609375 196.0275726318359375 212.825469970703125 205.036407470703125 175.9149322509765625 205.88677978515625 220.9262542724609375 226.9364471435546875 216.079010009765625 197.40087890625
73.7298126220703125 85.94268035888671875 93.298797607421875 94.29714202880859375 111.6486358642578125 142.0884246826171875 180.0013885498046875 184.9373321533203125 173.382415771484375 184.9348297119140625 195.0641937255859375 214.57000732421875 215.1841583251953125 213.3334197998046875 215.209228515625 225.9300079345703125 235.030487060546875 287.13592529296875 245.3580169677734375 59.35594940185546875 83.195587158203125 79.96254730224609375 74.7892913818359375 77.6880950927734375 75.0627593994140625 78.541259765625 78.77978515625 109.3762664794921875 207.888458251953125 278.328369140625 265.176910400390625 254.317138671875 233.2584075927734375 225.11871337890625 214.8588714599609375 222.660247802734375 164.0369720458984375 161.136993408203125 183.96490478515625 185.466461181640625 183.5428466796875 225.37738037109375 213.5506744384765625 210.7337646484375 196.58575439453125 178.382049560546875
71.99114227294921875 77.42940521240234375 79.78115081787109375 91.44391632080078125 86.03264617919921875 73.8150634765625 112.3347930908203125 135.87896728515625 162.116119384765625 176.99859619140625 192.225982666015625 210.291534423828125 210.9543609619140625 210.6160430908203125 211.3889617919921875 222.302886962890625 233.421722412109375 282.837677001953125 331.68536376953125 111.55988311767578125 76.73040771484375 72.504730224609375 71.57305145263671875 76.77927398681640625 85.8756256103515625 93.1414337158203125 83.62963104248046875 110.4406280517578125 224.93890380859375 262.758392333984375 251.4633636474609375 245.7676239013671875 229.1746826171875 222.3044586181640625 219.080963134765625 212.680938720703125 161.408203125 154.4236907958984375 165.4103240966796875 166.5642547607421875 203.3409881591796875 223.7076873779296875 201.358428955078125 208.2600860595703125 200.2240447998046875 169.5686492919921875
69.3466644287109375 74.94751739501953125 76.43091583251953125 85.24869537353515625 81.84122467041015625 71.6150970458984375 62.844379425048828125 57.979488372802734375 66.1755828857421875 120.4096221923828125 207.3835601806640625 224.65380859375 224.61309814453125 228.9147186279296875 228.1768341064453125 238.46380615234375 248.796112060546875 256.644775390625 247.8441619873046875 140.655975341796875 72.55025482177734375 71.59178924560546875 77.40036773681640625 87.3134002685546875 91.8782196044921875 97.25063323974609375 101.60915374755859375 128.156280517578125 266.207305908203125 252.937408447265625 244.9557342529296875 241.064453125 222.1496734619140625 215.79833984375 214.251983642578125 199.09271240234375 173.79754638671875 155.039398193359375 142.6775970458984375 161.72637939453125 219.3735198974609375 212.574005126953125 192.762786865234375 201.677337646484375 186.920989990234375 152.6000823974609375
46.783985137939453125 60.956371307373046875 64.37237548828125 84.90259552001953125 93.943389892578125 91.54388427734375 96.132904052734375 104.41976165771484375 107.94521331787109375 117.06768035888671875 182.595733642578125 226.565032958984375 219.7117767333984375 222.9478759765625 221.21112060546875 231.8329925537109375 243.657073974609375 231.2671356201171875 204.221221923828125 160.3901214599609375 55.214691162109375 68.2401275634765625 84.10834503173828125 92.77899169921875 100.2611083984375 105.8775787353515625 117.643798828125 141.3594818115234375 240.217315673828125 226.1773834228515625 228.6540679931640625 223.7613983154296875 210.9737091064453125 208.291717529296875 209.6218414306640625 205.2554931640625 177.381317138671875 148.4421539306640625 139.9728851318359375 160.265777587890625 210.245697021484375 200.4737396240234375 189.027191162109375 196.4081268310546875 183.7054290771484375 141.4648590087890625
90.0871429443359375 70.532928466796875 73.55342864990234375 98.68042755126953125 120.45101165771484375 115.88326263427734375 137.804718017578125 141.171051025390625 134.6633453369140625 126.89379119873046875 174.917633056640625 241.57562255859375 236.31048583984375 237.4775238037109375 231.2697601318359375 235.7999420166015625 248.0819091796875 228.9425201416015625 219.941375732421875 209.3290863037109375 143.9058380126953125 108.40100860595703125 94.75904083251953125 94.63698577880859375 96.93148040771484375 100.4997711181640625 110.49623870849609375 112.64945220947265625 241.675048828125 241.6833953857421875 238.1629638671875 226.1658782958984375 220.0760955810546875 214.0634613037109375 223.239410400390625 230.0239105224609375 174.8485260009765625 119.15526580810546875 115.18633270263671875 138.680023193359375 219.1493377685546875 195.22698974609375 188.2393341064453125 199.971160888671875 172.9843902587890625 125.216400146484375
151.0231475830078125 114.13629150390625 97.82448577880859375 106.55136871337890625 129.614898681640625 140.21649169921875 144.88140869140625 142.496551513671875 140.9186553955078125 137.3273162841796875 177.980682373046875 241.6493988037109375 243.5429229736328125 239.4381256103515625 234.1435089111328125 229.5775604248046875 227.916259765625 223.9765472412109375 223.4007110595703125 191.528350830078125 129.1970062255859375 118.54196929931640625 105.6386566162109375 98.2797393798828125 101.905120849609375 96.2702789306640625 83.87113189697265625 56.686878204345703125 230.8502044677734375 236.2064208984375 241.6046295166015625 209.5283660888671875 199.1637725830078125 197.36798095703125 215.231414794921875 210.127166748046875 179.3616180419921875 135.332122802734375 123.91075897216796875 160.517425537109375 223.8264923095703125 218.79345703125 212.182891845703125 207.3125762939453125 178.356475830078125 136.565277099609375
167.0613555908203125 152.4711761474609375 116.09705352783203125 105.636505126953125 123.63788604736328125 120.71263885498046875 132.99029541015625 139.6006011962890625 143.1376190185546875 145.5354461669921875 226.569122314453125 278.207672119140625 263.467559814453125 249.8626556396484375 253.0833587646484375 248.7531890869140625 252.0005340576171875 249.936065673828125 244.761322021484375 198.5878143310546875 103.89835357666015625 101.76165008544921875 98.70502471923828125 97.660064697265625 99.23789215087890625 95.84989166259765625 91.2530059814453125 88.26001739501953125 90.507354736328125 247.3682861328125 238.0213470458984375 190.2841339111328125 180.8590545654296875 207.27490234375 233.17425537109375 219.3018035888671875 177.3838348388671875 130.4557952880859375 108.772979736328125 253.287841796875 267.4483642578125 263.289947509765625 279.08892822265625 11.667392730712890625 144.321929931640625 289.1651611328125
176.47674560546875 181.8442840576171875 172.748077392578125 121.94535064697265625 126.28137969970703125 114.5221099853515625 116.6177978515625 125.1432952880859375 143.587890625 178.185211181640625 245.7855987548828125 244.136962890625 245.1731109619140625 242.6258697509765625 255.853240966796875 265.13189697265625 271.299957275390625 261.970733642578125 240.577423095703125 184.2443695068359375 96.23050689697265625 94.063873291015625 101.65210723876953125 102.64838409423828125 102.91253662109375 99.13312530517578125 100.26886749267578125 97.7933349609375 318.841888427734375 304.132080078125 259.873504638671875 128.9446258544921875 166.762359619140625 211.1363067626953125 225.235137939453125 211.99859619140625 195.6312255859375 133.772216796875 98.70690155029296875 251.248687744140625 269.17596435546875 281.993988037109375 332.85601806640625 200.3092041015625 173.3074493408203125 326.0013427734375
