INPUT/RASTER/maxent_background_data/BIO16.asc
ncols        225
nrows        269
xllcorner    473000.000000000000
yllcorner    4429100.000000000000
cellsize     50.000000000000
NODATA_value -9999
[rows 210 to 230 of 269, columns 141 to 187 of 225]
285.57318115234375 285.64398193359375 285.53045654296875 285.60107421875 285.774078369140625 285.846343994140625 286.11053466796875 286.201934814453125 286.38531494140625 286.315826416015625 286.266815185546875 286.229156494140625 286.05902099609375 286.0484619140625 285.956207275390625 285.917877197265625 285.90643310546875 285.802581787109375 285.8402099609375 285.533905029296875 284.685089111328125 284.4716796875 283.951324462890625 283.92376708984375 283.803558349609375 283.786865234375 283.672943115234375 283.622039794921875 283.53936767578125 283.253753662109375 283.013641357421875 282.547393798828125 281.900634765625 281.57647705078125 281.02105712890625 280.736328125 280.742767333984375 280.912200927734375 281.08270263671875 281.190673828125 281.81524658203125 282.4310302734375 284.0447998046875 284.607452392578125 285.13165283203125 285.299468994140625 285.3480224609375
285.351043701171875 285.311767578125 285.30694580078125 285.33172607421875 285.39715576171875 285.57464599609375 285.761871337890625 285.968017578125 286.0089111328125 286.09454345703125 286.0462646484375 285.946258544921875 285.82794189453125 285.765869140625 285.751434326171875 285.7413330078125 285.774017333984375 285.73883056640625 285.7701416015625 285.43707275390625 284.5859375 284.38311767578125 283.768402099609375 283.72369384765625 283.571807861328125 283.661407470703125 283.341156005859375 283.251251220703125 283.3209228515625 282.936614990234375 282.86981201171875 282.45880126953125 282.071990966796875 281.86114501953125 281.413909912109375 280.61138916015625 280.6033935546875 280.208740234375 280.73443603515625 280.4290771484375 281.80224609375 282.33941650390625 283.95843505859375 284.547821044921875 285.019195556640625 285.213165283203125 285.22015380859375
285.00982666015625 284.776702880859375 284.954254150390625 284.987274169921875 284.87353515625 285.216827392578125 285.2294921875 285.611785888671875 285.5234375 285.774993896484375 285.73089599609375 285.49871826171875 285.550872802734375 285.35601806640625 285.511505126953125 285.548187255859375 285.548858642578125 285.67138671875 285.6573486328125 285.084869384765625 284.349578857421875 284.09375 283.531219482421875 283.3228759765625 283.22650146484375 282.937225341796875 282.8680419921875 282.71112060546875 282.625030517578125 282.5391845703125 282.39776611328125 282.14483642578125 282.02606201171875 281.97601318359375 281.73291015625 280.96868896484375 280.24188232421875 279.67681884765625 278.307952880859375 278.193115234375 280.30706787109375 282.402587890625 284.03045654296875 284.6651611328125 284.9146728515625 284.99664306640625 285.0787353515625
284.633209228515625 284.49957275390625 284.57427978515625 284.63165283203125 284.633941650390625 284.89044189453125 285.04595947265625 285.342071533203125 285.3773193359375 285.492584228515625 285.4332275390625 285.259735107421875 285.28057861328125 285.22900390625 285.2767333984375 285.338714599609375 285.385833740234375 285.559478759765625 285.69293212890625 285.06243896484375 284.16912841796875 283.85968017578125 283.27001953125 282.8656005859375 282.78558349609375 282.5059814453125 282.567626953125 282.41339111328125 282.2591552734375 282.2843017578125 282.106597900390625 282.075286865234375 281.992950439453125 281.880584716796875 280.953704833984375 277.651641845703125 278.3568115234375 277.563140869140625 275.912994384765625 276.68194580078125 279.104095458984375 282.462249755859375 284.22589111328125 284.56787109375 284.86590576171875 284.903533935546875 284.969451904296875
284.29632568359375 284.14776611328125 284.24261474609375 284.346527099609375 284.412750244140625 284.6773681640625 284.899505615234375 285.15972900390625 285.23101806640625 285.3590087890625 285.27490234375 285.11370849609375 285.085540771484375 285.045928955078125 285.1256103515625 285.22198486328125 285.296051025390625 285.513580322265625 285.640594482421875 284.961212158203125 283.970672607421875 283.621246337890625 283.033538818359375 282.59014892578125 282.477325439453125 282.212005615234375 282.270843505859375 282.230987548828125 282.077117919921875 282.08428955078125 282.017822265625 282.068328857421875 281.856353759765625 281.19598388671875 278.76641845703125 275.8311767578125 276.542938232421875 276.603424072265625 276.10394287109375 276.30633544921875 279.5372314453125 282.897491455078125 284.34356689453125 284.60943603515625 284.804168701171875 284.853668212890625 284.882720947265625
283.867156982421875 283.683990478515625 283.827789306640625 284.01141357421875 284.154144287109375 284.506011962890625 284.715606689453125 284.995513916015625 285.084503173828125 285.2025146484375 285.08734130859375 284.93023681640625 284.89178466796875 284.95574951171875 285.01739501953125 285.12530517578125 285.20611572265625 285.387176513671875 285.215606689453125 284.60076904296875 283.628143310546875 283.345428466796875 282.808929443359375 282.38897705078125 282.1485595703125 281.899261474609375 281.94598388671875 281.98175048828125 281.91351318359375 281.907928466796875 282.003326416015625 281.898529052734375 281.231201171875 280.120147705078125 277.34588623046875 276.24530029296875 276.903594970703125 278.045989990234375 278.492279052734375 278.078521728515625 281.01312255859375 283.384490966796875 284.42376708984375 284.606231689453125 284.714385986328125 284.69189453125 284.73577880859375
283.514434814453125 283.369049072265625 283.44964599609375 283.70318603515625 283.89532470703125 284.28106689453125 284.531524658203125 284.763671875 284.80743408203125 284.916595458984375 284.812591552734375 284.709320068359375 284.7279052734375 284.8095703125 284.888458251953125 285.028289794921875 285.115966796875 285.22918701171875 284.883575439453125 284.2197265625 283.406982421875 283.1439208984375 282.63372802734375 282.16900634765625 281.790863037109375 281.45599365234375 281.485443115234375 281.61083984375 281.76837158203125 281.82647705078125 281.672088623046875 281.15679931640625 279.47454833984375 278.07574462890625 276.9774169921875 277.6090087890625 278.65704345703125 280.33636474609375 281.2901611328125 280.990997314453125 282.58197021484375 283.796722412109375 284.42938232421875 284.550323486328125 284.594818115234375 284.604461669921875 284.573211669921875
283.229522705078125 283.128387451171875 283.13470458984375 283.367584228515625 283.654937744140625 283.991058349609375 284.254119873046875 284.524261474609375 284.5860595703125 284.56585693359375 284.47308349609375 284.45098876953125 284.543121337890625 284.700439453125 284.7467041015625 284.9031982421875 285.025634765625 285.098175048828125 284.644439697265625 284.000244140625 283.33245849609375 283.07257080078125 282.424072265625 281.91162109375 281.34857177734375 280.60284423828125 280.54901123046875 280.62945556640625 281.0643310546875 281.57830810546875 280.800628662109375 279.427581787109375 277.341705322265625 276.73883056640625 277.269439697265625 279.19610595703125 280.345184326171875 281.4296875 281.90899658203125 282.0986328125 282.88427734375 283.96136474609375 284.32305908203125 284.42913818359375 284.446868896484375 284.40509033203125 284.44952392578125
282.825347900390625 282.738555908203125 282.71966552734375 282.991485595703125 283.20086669921875 283.379180908203125 283.86639404296875 284.178619384765625 284.17999267578125 283.978668212890625 283.837158203125 283.93377685546875 284.09857177734375 284.332611083984375 284.394073486328125 284.5609130859375 284.714111328125 284.69500732421875 284.3519287109375 283.6806640625 282.981109619140625 282.7618408203125 282.082916259765625 281.58258056640625 280.4373779296875 277.36895751953125 276.4654541015625 276.21942138671875 277.365203857421875 278.769287109375 278.0142822265625 276.686737060546875 276.220916748046875 276.3365478515625 278.83197021484375 280.9171142578125 281.41705322265625 281.646209716796875 281.95428466796875 282.222198486328125 282.7435302734375 283.564453125 284.016845703125 284.02374267578125 284.105682373046875 284.19219970703125 284.079071044921875
282.3543701171875 282.256256103515625 282.23284912109375 282.474517822265625 282.765045166015625 283.032440185546875 283.6815185546875 283.963653564453125 283.9766845703125 283.66058349609375 283.57135009765625 283.69354248046875 283.817352294921875 284.1112060546875 284.16314697265625 284.326263427734375 284.492889404296875 284.52587890625 284.186767578125 283.45245361328125 282.745330810546875 282.5782470703125 281.988861083984375 281.455078125 279.871246337890625 276.58978271484375 275.65533447265625 275.214691162109375 276.12060546875 276.629425048828125 276.676788330078125 276.608856201171875 277.6966552734375 278.16510009765625 280.1475830078125 280.9952392578125 281.403594970703125 281.599395751953125 281.864990234375 282.1292724609375 280.40216064453125 278.581298828125 278.927001953125 279.0391845703125 279.145782470703125 279.197174072265625 279.157562255859375
281.971099853515625 282.01483154296875 282.015167236328125 282.20977783203125 282.41217041015625 282.69146728515625 283.32891845703125 283.4896240234375 283.5311279296875 283.2725830078125 283.289337158203125 283.45306396484375 283.5712890625 283.8709716796875 283.873931884765625 284.067657470703125 284.2901611328125 284.395263671875 284.1331787109375 283.370635986328125 282.736907958984375 282.48760986328125 281.917388916015625 281.47637939453125 280.035675048828125 276.31329345703125 275.09954833984375 274.187530517578125 275.00628662109375 275.872894287109375 276.4378662109375 277.835540771484375 279.388763427734375 279.69549560546875 280.7884521484375 281.073211669921875 281.3912353515625 281.680877685546875 281.85003662109375 281.8831787109375 280.317413330078125 278.491912841796875 278.791015625 278.868133544921875 278.93853759765625 279.00518798828125 278.96484375
281.566375732421875 281.735992431640625 281.7374267578125 281.954071044921875 282.1708984375 282.41375732421875 283.01336669921875 283.222259521484375 283.23431396484375 282.99267578125 283.049652099609375 283.249755859375 283.33843994140625 283.630615234375 283.61492919921875 283.800506591796875 284.0499267578125 284.215087890625 284.09808349609375 283.3115234375 282.955474853515625 282.39678955078125 281.892181396484375 281.4788818359375 280.446807861328125 276.27874755859375 274.3193359375 272.626068115234375 273.947601318359375 275.75970458984375 277.26031494140625 279.53143310546875 280.468292236328125 280.59259033203125 281.079132080078125 281.113800048828125 281.386260986328125 281.701934814453125 281.909423828125 281.12908935546875 278.06927490234375 278.392333984375 278.636260986328125 278.68719482421875 278.73297119140625 278.793212890625 278.7236328125
281.217742919921875 281.456939697265625 281.438323974609375 281.79156494140625 281.829071044921875 282.23480224609375 282.75347900390625 282.957855224609375 283.030487060546875 282.745697021484375 282.793060302734375 283.04620361328125 283.094024658203125 283.390045166015625 283.355438232421875 283.519500732421875 283.8282470703125 283.9263916015625 283.89520263671875 283.216766357421875 282.92803955078125 282.454833984375 281.899505615234375 281.55572509765625 280.86444091796875 276.28125 274.9755859375 271.64892578125 272.4232177734375 274.72314453125 278.6971435546875 280.234466552734375 280.83935546875 280.949462890625 281.090484619140625 281.172821044921875 281.31756591796875 281.65576171875 281.8941650390625 279.924652099609375 277.989013671875 278.293365478515625 278.4814453125 278.5386962890625 278.566497802734375 278.60101318359375 278.504730224609375
280.844757080078125 281.00079345703125 281.17559814453125 281.41949462890625 281.663726806640625 282.00677490234375 282.484375 282.64569091796875 282.547454833984375 282.2529296875 282.354736328125 282.6474609375 282.828643798828125 283.010223388671875 283.07080078125 283.19207763671875 283.39288330078125 283.612579345703125 283.469451904296875 282.9727783203125 282.9727783203125 282.420501708984375 281.92437744140625 281.519500732421875 280.971893310546875 278.7232666015625 277.825592041015625 272.439605712890625 271.103515625 273.02752685546875 278.0294189453125 280.19244384765625 280.79010009765625 280.91510009765625 280.957977294921875 281.13861083984375 281.25311279296875 281.01025390625 279.71142578125 277.79913330078125 278.001708984375 278.22222900390625 278.400970458984375 278.343017578125 278.365966796875 278.483245849609375 278.247711181640625
280.363433837890625 280.2645263671875 280.703521728515625 280.842071533203125 281.237213134765625 281.57232666015625 281.54461669921875 281.979095458984375 281.50567626953125 281.530731201171875 281.7347412109375 281.74615478515625 282.3450927734375 282.277099609375 282.600982666015625 282.739013671875 282.604461669921875 283.070892333984375 282.765350341796875 282.726959228515625 282.395294189453125 282.25469970703125 281.674835205078125 280.53369140625 279.250518798828125 277.54486083984375 276.665985107421875 272.93426513671875 271.27569580078125 272.85772705078125 277.61529541015625 280.3990478515625 280.6826171875 280.698150634765625 280.8565673828125 281.015167236328125 281.285736083984375 281.63385009765625 277.766845703125 277.90789794921875 278.0982666015625 278.158203125 278.162109375 278.203216552734375 278.16845703125 278.11383056640625 277.91265869140625
279.9716796875 280.0963134765625 280.356475830078125 280.599609375 280.870208740234375 281.0889892578125 281.20941162109375 281.38006591796875 281.13336181640625 281.01458740234375 281.225372314453125 281.430023193359375 281.8775634765625 281.942596435546875 282.11431884765625 282.23590087890625 282.251556396484375 282.603668212890625 282.54302978515625 282.46307373046875 282.28485107421875 282.1043701171875 281.40191650390625 279.53515625 277.20709228515625 273.8519287109375 273.564849853515625 271.69903564453125 271.8385009765625 274.117034912109375 278.4112548828125 280.0860595703125 280.601898193359375 280.64581298828125 280.867034912109375 281.074798583984375 281.161041259765625 278.626434326171875 277.84130859375 278.014373779296875 278.10748291015625 278.090240478515625 278.003631591796875 278.056671142578125 278.001708984375 277.843505859375 277.714508056640625
279.717498779296875 279.89068603515625 280.15966796875 280.39422607421875 280.56463623046875 280.773712158203125 280.818115234375 280.953460693359375 280.760894775390625 280.771820068359375 280.9879150390625 281.188232421875 281.572357177734375 281.68243408203125 281.786376953125 281.865081787109375 281.9171142578125 282.287750244140625 282.376434326171875 282.316497802734375 282.155609130859375 281.98297119140625 281.229522705078125 279.20135498046875 276.372772216796875 272.978271484375 272.41912841796875 271.513641357421875 271.85888671875 274.91400146484375 278.99053955078125 280.15673828125 280.553955078125 280.64794921875 280.877593994140625 281.077117919921875 281.06231689453125 277.433685302734375 277.8349609375 278.02105712890625 278.026611328125 278.000946044921875 277.848175048828125 277.878448486328125 277.771087646484375 277.5948486328125 277.403106689453125
279.448577880859375 279.61041259765625 279.909088134765625 280.151397705078125 280.29058837890625 280.41107177734375 280.4825439453125 280.515411376953125 280.35101318359375 280.451507568359375 280.713623046875 280.9462890625 281.295867919921875 281.38482666015625 281.484588623046875 281.52716064453125 281.60113525390625 281.979248046875 282.2655029296875 282.176788330078125 282.04486083984375 281.8948974609375 281.087860107421875 278.8115234375 275.771270751953125 272.2161865234375 271.648162841796875 271.229461669921875 271.99090576171875 275.16162109375 279.048248291015625 280.24761962890625 280.6199951171875 280.7244873046875 280.901092529296875 281.097930908203125 278.7950439453125 277.416046142578125 277.7799072265625 277.89898681640625 277.871124267578125 277.831390380859375 277.618133544921875 277.591552734375 277.415985107421875 277.21575927734375 277.039764404296875
279.058868408203125 279.21820068359375 279.567901611328125 279.87115478515625 279.95111083984375 280.08587646484375 280.184051513671875 280.21685791015625 280.108551025390625 280.130706787109375 280.4478759765625 280.70416259765625 281.010162353515625 281.1429443359375 281.218231201171875 281.3187255859375 281.41534423828125 281.766448974609375 282.005462646484375 281.852813720703125 281.71044921875 281.7137451171875 280.7763671875 277.974609375 274.49072265625 271.174591064453125 270.758270263671875 270.851226806640625 271.84344482421875 274.52044677734375 278.06292724609375 280.212554931640625 280.722412109375 280.8194580078125 280.89727783203125 281.062744140625 277.991455078125 277.33502197265625 277.53753662109375 277.59625244140625 277.4920654296875 277.504302978515625 277.29486083984375 277.15399169921875 276.917938232421875 276.74346923828125 276.7752685546875
278.673736572265625 278.82586669921875 279.053985595703125 279.497650146484375 279.52850341796875 279.728485107421875 279.99713134765625 280.07672119140625 280.014923095703125 280 280.249267578125 280.499114990234375 280.690338134765625 280.845062255859375 280.902923583984375 281.014892578125 281.154937744140625 281.42608642578125 281.5963134765625 281.415252685546875 281.37591552734375 281.462127685546875 279.901031494140625 276.29949951171875 272.573211669921875 269.92803955078125 269.609039306640625 270.36962890625 271.751708984375 274.0184326171875 277.30096435546875 279.97454833984375 280.824676513671875 280.858428955078125 280.8865966796875 278.901153564453125 277.102020263671875 277.1607666015625 277.198883056640625 277.1981201171875 277.1129150390625 277.106170654296875 276.9156494140625 276.678955078125 276.356597900390625 276.30828857421875 276.674591064453125
278.248138427734375 278.433319091796875 278.648895263671875 279.08673095703125 279.14312744140625 279.38250732421875 279.754150390625 279.785125732421875 279.8280029296875 279.76861572265625 279.943695068359375 279.995452880859375 280.10406494140625 280.22509765625 280.222503662109375 280.346466064453125 280.46600341796875 280.563873291015625 280.85198974609375 280.97296142578125 281.134735107421875 280.565948486328125 276.9444580078125 273.414398193359375 270.13372802734375 267.974517822265625 267.834381103515625 269.67352294921875 272.014739990234375 274.751220703125 278.160308837890625 279.991119384765625 280.536834716796875 280.60076904296875 279.628997802734375 276.431396484375 276.532867431640625 276.45819091796875 276.44281005859375 276.396575927734375 276.279815673828125 276.1650390625 275.970703125 275.801849365234375 275.8031005859375 275.9405517578125 276.481597900390625
