INPUT/RASTER/maxent_background_data/BIO16.asc
ncols        225
nrows        269
xllcorner    473009.983799999987
yllcorner    4429051.174800000153
cellsize     50.000000000000
NODATA_value  -9999
[rows 147 to 167 of 269, columns 46 to 91 of 225]
306.841522216796875 306.837646484375 306.81414794921875 306.825225830078125 306.856292724609375 306.98333740234375 307.088958740234375 307.193328857421875 307.241943359375 307.183349609375 306.97412109375 306.5545654296875 305.7239990234375 304.2196044921875 303.68023681640625 304.202484130859375 304.74615478515625 304.966583251953125 304.85894775390625 304.548919677734375 304.222015380859375 303.88604736328125 303.662384033203125 303.59619140625 303.716644287109375 304.082122802734375 304.549163818359375 304.803680419921875 304.796234130859375 304.629150390625 304.4808349609375 304.217559814453125 303.781463623046875 303.528900146484375 303.75067138671875 304.1058349609375 304.19677734375 304.0556640625 303.896942138671875 303.770660400390625 303.697052001953125 303.63623046875 303.60992431640625 303.5850830078125 303.452606201171875 303.259185791015625
306.441986083984375 306.405914306640625 306.40338134765625 306.422088623046875 306.433349609375 306.513153076171875 306.638824462890625 306.75677490234375 306.810150146484375 306.7171630859375 306.34796142578125 305.712554931640625 304.786285400390625 303.446746826171875 303.237091064453125 303.891815185546875 304.492767333984375 304.6295166015625 304.450958251953125 304.06011962890625 303.7000732421875 303.369598388671875 303.43060302734375 303.689483642578125 303.85345458984375 304.091796875 304.3961181640625 304.5350341796875 304.47125244140625 304.327972412109375 304.22686767578125 304.0340576171875 303.590362548828125 303.191680908203125 303.362335205078125 303.748382568359375 303.858123779296875 303.7520751953125 303.602996826171875 303.470062255859375 303.378448486328125 303.325836181640625 303.2977294921875 303.254730224609375 303.10345458984375 302.9241943359375
306.043548583984375 306.0369873046875 306.09228515625 306.12677001953125 306.117340087890625 306.11181640625 306.18609619140625 306.25848388671875 306.30615234375 306.185577392578125 305.598785400390625 304.72613525390625 303.810333251953125 302.692413330078125 302.771240234375 303.501190185546875 304.065155029296875 304.11798095703125 303.944183349609375 303.593292236328125 303.241943359375 303.058441162109375 303.39947509765625 303.757965087890625 303.87750244140625 303.998016357421875 304.191314697265625 304.26239013671875 304.143707275390625 304.030853271484375 303.9554443359375 303.77764892578125 303.321868896484375 302.9085693359375 303.03118896484375 303.394866943359375 303.525054931640625 303.443756103515625 303.3033447265625 303.1907958984375 303.12896728515625 303.078887939453125 303.03094482421875 302.975128173828125 302.842437744140625 302.661865234375
305.67388916015625 305.70489501953125 305.83477783203125 305.8858642578125 305.861846923828125 305.820159912109375 305.749176025390625 305.685546875 305.67608642578125 305.515777587890625 304.82733154296875 303.87255859375 303.03607177734375 302.156280517578125 302.394805908203125 303.0694580078125 303.510101318359375 303.57568359375 303.478759765625 303.232269287109375 302.95672607421875 302.929046630859375 303.301361083984375 303.5341796875 303.5977783203125 303.69110107421875 303.869842529296875 303.947998046875 303.834991455078125 303.718170166015625 303.64129638671875 303.44696044921875 302.9869384765625 302.6396484375 302.779022216796875 303.118927001953125 303.24481201171875 303.150970458984375 303.024383544921875 302.94696044921875 302.89984130859375 302.858734130859375 302.815460205078125 302.753265380859375 302.591827392578125 302.380157470703125
305.319793701171875 305.3687744140625 305.53729248046875 305.602325439453125 305.533660888671875 305.40167236328125 305.08203125 304.741851806640625 304.545318603515625 304.39080810546875 303.918243408203125 303.15057373046875 302.470367431640625 301.810089111328125 302.024017333984375 302.585296630859375 302.98553466796875 303.07818603515625 303.04144287109375 302.88336181640625 302.69091796875 302.73004150390625 303.022430419921875 303.102020263671875 303.091552734375 303.194244384765625 303.402923583984375 303.527923583984375 303.460784912109375 303.321258544921875 303.23236083984375 303.012786865234375 302.55242919921875 302.290283203125 302.506591796875 302.798126220703125 302.90301513671875 302.829498291015625 302.72894287109375 302.670379638671875 302.633941650390625 302.601593017578125 302.56390380859375 302.492401123046875 302.234710693359375 301.929107666015625
304.96771240234375 305.056488037109375 305.198211669921875 305.21478271484375 304.996978759765625 304.665863037109375 303.87469482421875 302.968780517578125 302.435394287109375 302.314422607421875 302.43414306640625 302.31451416015625 301.865081787109375 301.38818359375 301.54779052734375 302.074554443359375 302.4595947265625 302.494842529296875 302.46002197265625 302.365478515625 302.2491455078125 302.335205078125 302.54644775390625 302.560943603515625 302.543609619140625 302.63812255859375 302.832244873046875 302.984466552734375 302.940673828125 302.7930908203125 302.6839599609375 302.4188232421875 301.996063232421875 301.861297607421875 302.111358642578125 302.311981201171875 302.3853759765625 302.361419677734375 302.304168701171875 302.2586669921875 302.23150634765625 302.20050048828125 302.15460205078125 302.057647705078125 301.7523193359375 301.368804931640625
304.58941650390625 304.716827392578125 304.789825439453125 304.693389892578125 304.349700927734375 303.90032958984375 302.624969482421875 301.119781494140625 300.31768798828125 300.302398681640625 300.882415771484375 301.25653076171875 300.979156494140625 300.74237060546875 301.161041259765625 301.828094482421875 302.13739013671875 302.10302734375 302.045013427734375 301.92626953125 301.751861572265625 301.770477294921875 301.991485595703125 302.09857177734375 302.14215087890625 302.242919921875 302.396392822265625 302.52362060546875 302.464263916015625 302.3211669921875 302.18267822265625 301.855133056640625 301.470062255859375 301.4783935546875 301.730438232421875 301.86419677734375 301.902191162109375 301.9051513671875 301.872222900390625 301.838592529296875 301.801666259765625 301.763519287109375 301.6964111328125 301.587066650390625 301.305328369140625 300.8321533203125
304.233123779296875 304.3709716796875 304.360687255859375 304.111083984375 303.593414306640625 303.0322265625 301.49053955078125 299.69146728515625 298.759765625 298.864654541015625 299.4908447265625 299.805816650390625 299.628326416015625 299.766754150390625 300.740875244140625 301.671722412109375 301.97869873046875 301.96295166015625 301.906646728515625 301.73553466796875 301.372039794921875 301.1602783203125 301.43048095703125 301.719757080078125 301.83831787109375 301.9725341796875 302.098175048828125 302.17578125 302.0859375 301.920013427734375 301.740631103515625 301.35028076171875 301.01959228515625 301.183074951171875 301.465606689453125 301.55499267578125 301.54559326171875 301.536468505859375 301.527862548828125 301.52020263671875 301.475830078125 301.428680419921875 301.35235595703125 301.258148193359375 300.9794921875 300.29742431640625
303.887725830078125 303.965301513671875 303.79815673828125 303.2979736328125 302.439971923828125 301.67193603515625 300.129852294921875 298.401824951171875 297.48480224609375 297.59228515625 298.0162353515625 298.103485107421875 298.068511962890625 298.622406005859375 300.095733642578125 301.326141357421875 301.720489501953125 301.777008056640625 301.758087158203125 301.596954345703125 301.178497314453125 300.766571044921875 300.95343017578125 301.358612060546875 301.515045166015625 301.648834228515625 301.72412109375 301.72918701171875 301.595458984375 301.365814208984375 301.146331787109375 300.7568359375 300.59930419921875 300.911346435546875 301.180023193359375 301.208343505859375 301.15936279296875 301.1419677734375 301.157135009765625 301.198974609375 301.177276611328125 301.111358642578125 301.036102294921875 300.94915771484375 300.6544189453125 299.7406005859375
303.497222900390625 303.353271484375 302.782196044921875 301.912322998046875 300.80706787109375 299.976531982421875 298.666290283203125 297.3739013671875 296.639404296875 296.600433349609375 296.805023193359375 297.00537109375 297.311126708984375 298.231201171875 299.776275634765625 301.046630859375 301.4339599609375 301.467376708984375 301.44134521484375 301.293243408203125 300.956268310546875 300.583587646484375 300.7008056640625 301.070037841796875 301.189361572265625 301.238433837890625 301.2230224609375 301.1561279296875 300.910858154296875 300.556854248046875 300.30859375 300.093292236328125 300.245574951171875 300.65692138671875 300.839080810546875 300.78607177734375 300.716552734375 300.720733642578125 300.754486083984375 300.823455810546875 300.828948974609375 300.710540771484375 300.6162109375 300.509246826171875 300.0870361328125 298.93560791015625
302.980743408203125 302.604644775390625 301.590728759765625 300.383209228515625 299.249755859375 298.509857177734375 297.435089111328125 296.60906982421875 296.1268310546875 296.01043701171875 296.260162353515625 296.880706787109375 297.45416259765625 298.429412841796875 299.75311279296875 300.89349365234375 301.15191650390625 301.079254150390625 301.0302734375 300.92034912109375 300.683380126953125 300.446441650390625 300.503570556640625 300.751495361328125 300.837493896484375 300.822845458984375 300.695556640625 300.463897705078125 300.008636474609375 299.604583740234375 299.457672119140625 299.542236328125 299.929931640625 300.30157470703125 300.3798828125 300.24884033203125 300.153564453125 300.18109130859375 300.263031005859375 300.333221435546875 300.3243408203125 300.18243408203125 300.078826904296875 299.907470703125 299.189605712890625 297.7862548828125
302.3939208984375 301.88519287109375 300.68914794921875 299.29644775390625 298.143707275390625 297.45587158203125 296.5279541015625 295.896820068359375 295.611541748046875 295.68695068359375 296.263397216796875 297.19683837890625 297.789276123046875 298.445831298828125 299.4901123046875 300.552398681640625 300.72900390625 300.618927001953125 300.564788818359375 300.480743408203125 300.38348388671875 300.3192138671875 300.354339599609375 300.46484375 300.501953125 300.458160400390625 300.2469482421875 299.74755859375 299.10662841796875 298.803436279296875 298.842010498046875 299.2113037109375 299.68603515625 299.916015625 299.876190185546875 299.663970947265625 299.51202392578125 299.520263671875 299.644287109375 299.738128662109375 299.72784423828125 299.620330810546875 299.548309326171875 299.344085693359375 298.42022705078125 296.851165771484375
301.869232177734375 301.359100341796875 300.1966552734375 298.760467529296875 297.507843017578125 296.738922119140625 295.802154541015625 295.23779296875 295.116790771484375 295.470367431640625 296.407684326171875 297.426361083984375 297.830047607421875 298.15423583984375 299.105316162109375 300.081756591796875 300.197021484375 300.10345458984375 300.04742431640625 299.98651123046875 300.066253662109375 300.18218994140625 300.228363037109375 300.229736328125 300.21099853515625 300.116790771484375 299.856658935546875 299.163482666015625 298.480224609375 298.39990234375 298.584075927734375 299.04541015625 299.49652099609375 299.611358642578125 299.465972900390625 299.152587890625 298.899566650390625 298.83624267578125 298.969818115234375 299.166046142578125 299.2281494140625 299.17626953125 299.144134521484375 298.967132568359375 298.034698486328125 296.380706787109375
301.524688720703125 301.125640869140625 300.1033935546875 298.668701171875 297.304718017578125 296.439483642578125 295.400543212890625 294.838104248046875 294.820587158203125 295.335906982421875 296.51593017578125 297.466217041015625 297.575836181640625 297.70745849609375 298.66961669921875 299.46148681640625 299.627899169921875 299.66119384765625 299.6759033203125 299.686431884765625 299.867034912109375 300.050323486328125 300.095428466796875 300.06243896484375 300.00408935546875 299.832183837890625 299.463836669921875 298.669952392578125 298.03228759765625 298.084686279296875 298.354217529296875 298.8094482421875 299.170135498046875 299.2154541015625 299.035003662109375 298.6456298828125 298.279266357421875 298.124237060546875 298.287384033203125 298.621826171875 298.765045166015625 298.735748291015625 298.7044677734375 298.562103271484375 297.692230224609375 296.000457763671875
301.28582763671875 301.010223388671875 300.0650634765625 298.571868896484375 297.136810302734375 296.23199462890625 295.155975341796875 294.583251953125 294.596099853515625 295.147796630859375 296.334075927734375 297.145294189453125 297.076995849609375 297.153533935546875 297.996337890625 298.587554931640625 299.140777587890625 299.417205810546875 299.541168212890625 299.625518798828125 299.782196044921875 299.905792236328125 299.9305419921875 299.9071044921875 299.813629150390625 299.562347412109375 299.088043212890625 298.287200927734375 297.715423583984375 297.748779296875 297.996246337890625 298.370697021484375 298.619781494140625 298.652557373046875 298.525909423828125 298.12811279296875 297.731536865234375 297.600830078125 297.85260009765625 298.221649169921875 298.350067138671875 298.29766845703125 298.227325439453125 298.012298583984375 297.11041259765625 295.564453125
301.0618896484375 300.72344970703125 299.706817626953125 298.26971435546875 296.89306640625 295.965728759765625 294.87921142578125 294.3155517578125 294.3065185546875 294.760009765625 295.563446044921875 296.089202880859375 296.1439208984375 296.48406982421875 297.231109619140625 298.077789306640625 299.14361572265625 299.520965576171875 299.614166259765625 299.6646728515625 299.7183837890625 299.769805908203125 299.76544189453125 299.71820068359375 299.603973388671875 299.323577880859375 298.82879638671875 298.046142578125 297.4710693359375 297.40087890625 297.5435791015625 297.8271484375 298.008636474609375 298.066741943359375 297.9771728515625 297.507415771484375 297.15478515625 297.272705078125 297.66064453125 297.964111328125 298.022705078125 297.926483154296875 297.800048828125 297.411224365234375 296.45037841796875 295.2657470703125
300.8427734375 300.373138427734375 299.200958251953125 297.804901123046875 296.489105224609375 295.56329345703125 294.523590087890625 293.98663330078125 293.9329833984375 294.182220458984375 294.603240966796875 295.07684326171875 295.54119873046875 296.268463134765625 296.98272705078125 298.194580078125 299.286590576171875 299.603424072265625 299.6304931640625 299.625213623046875 299.613983154296875 299.619110107421875 299.57904052734375 299.50006103515625 299.383758544921875 299.11761474609375 298.663543701171875 297.858978271484375 297.2091064453125 297.042236328125 297.115875244140625 297.349822998046875 297.5291748046875 297.608642578125 297.50439453125 296.982666015625 296.675079345703125 296.92047119140625 297.354095458984375 297.588897705078125 297.556640625 297.370941162109375 297.16400146484375 296.64520263671875 295.770172119140625 294.8804931640625
300.6004638671875 300.179595947265625 298.9217529296875 297.37457275390625 295.999847412109375 295.1651611328125 294.399566650390625 293.96356201171875 293.6904296875 293.653839111328125 294.31488037109375 295.2880859375 296.085418701171875 297.06707763671875 297.787811279296875 298.62890625 299.21044921875 299.383636474609375 299.42559814453125 299.413665771484375 299.371734619140625 299.339202880859375 299.278411865234375 299.193817138671875 299.101531982421875 298.8826904296875 298.500701904296875 297.7022705078125 296.9085693359375 296.59521484375 296.568084716796875 296.710205078125 296.891571044921875 297.00738525390625 296.943389892578125 296.472320556640625 296.101593017578125 296.153350830078125 296.5003662109375 296.732940673828125 296.591796875 296.287384033203125 296.038970947265625 295.57000732421875 294.873870849609375 294.257476806640625
300.260711669921875 299.865631103515625 298.42999267578125 296.780487060546875 295.551788330078125 295.03729248046875 294.925445556640625 294.829681396484375 294.09765625 293.525848388671875 294.55426025390625 295.928863525390625 296.66925048828125 297.581298828125 298.344451904296875 298.835113525390625 299.0823974609375 299.16607666015625 299.2132568359375 299.213531494140625 299.155059814453125 299.084564208984375 299.008087158203125 298.92828369140625 298.84490966796875 298.66387939453125 298.34661865234375 297.609771728515625 296.73626708984375 296.25579833984375 296.07305908203125 296.042633056640625 296.12884521484375 296.248504638671875 296.293212890625 296.001251220703125 295.645477294921875 295.451141357421875 295.62835693359375 295.79986572265625 295.547332763671875 295.177764892578125 294.9410400390625 294.565643310546875 294.058502197265625 293.75677490234375
299.962005615234375 299.520782470703125 297.99542236328125 296.47723388671875 295.51043701171875 295.204254150390625 295.466339111328125 295.6405029296875 294.537445068359375 293.499847412109375 294.6802978515625 296.205474853515625 296.8193359375 297.56268310546875 298.35113525390625 298.78985595703125 298.970184326171875 299.0362548828125 299.06573486328125 299.069976806640625 299.017608642578125 298.926361083984375 298.81280517578125 298.7232666015625 298.62860107421875 298.4542236328125 298.1748046875 297.5357666015625 296.67816162109375 296.079498291015625 295.7738037109375 295.567169189453125 295.50225830078125 295.546051025390625 295.67938232421875 295.661956787109375 295.450958251953125 295.095703125 295.06719970703125 295.098876953125 294.75604248046875 294.385040283203125 294.17083740234375 293.839996337890625 293.501007080078125 293.55267333984375
299.723541259765625 299.241546630859375 297.82110595703125 296.48358154296875 295.569732666015625 295.20367431640625 295.385162353515625 295.48602294921875 294.319366455078125 293.40142822265625 294.655181884765625 296.11505126953125 296.733673095703125 297.48089599609375 298.248321533203125 298.661956787109375 298.848052978515625 298.932220458984375 298.953460693359375 298.9423828125 298.88983154296875 298.80078125 298.65313720703125 298.52423095703125 298.41009521484375 298.23345947265625 297.983123779296875 297.448944091796875 296.645050048828125 296.005340576171875 295.652435302734375 295.326507568359375 295.11468505859375 295.01824951171875 295.1329345703125 295.338043212890625 295.268310546875 294.8194580078125 294.643890380859375 294.560943603515625 294.148284912109375 293.791748046875 293.614776611328125 293.356719970703125 293.238616943359375 293.5850830078125
