INPUT/RASTER/maxent_background_data/BIO16.asc
ncols        225
nrows        269
xllcorner    473009.983799999987
yllcorner    4429051.174800000153
cellsize     50.000000000000
NODATA_value  -9999
[rows 168 to 188 of 269, columns 0 to 45 of 225]
-9999 -9999 -9999 -9999 290.55841064453125 290.9290771484375 291.79791259765625 292.123077392578125 292.06573486328125 291.934295654296875 293.127410888671875 295.626708984375 296.45697021484375 296.454803466796875 296.683441162109375 297.348663330078125 298.3616943359375 298.8177490234375 298.53839111328125 298.08087158203125 297.581573486328125 296.876861572265625 296.725830078125 296.660308837890625 296.51116943359375 296.655975341796875 297.237213134765625 298.06231689453125 298.868927001953125 299.31475830078125 299.6669921875 299.97698974609375 300.13226318359375 300.213226318359375 300.3004150390625 300.334014892578125 300.314453125 300.2579345703125 300.1961669921875 300.126617431640625 300.043365478515625 299.960357666015625 299.81573486328125 299.647247314453125 299.4888916015625 299.4569091796875
-9999 -9999 -9999 -9999 289.9918212890625 290.3896484375 291.355865478515625 291.75018310546875 291.717498779296875 291.90008544921875 293.708160400390625 295.579376220703125 295.54486083984375 295.473785400390625 295.775115966796875 296.531280517578125 297.58203125 297.755615234375 297.190582275390625 296.81640625 296.592010498046875 296.380706787109375 296.403076171875 296.493927001953125 296.582122802734375 297.081298828125 297.90142822265625 298.507354736328125 298.98248291015625 299.260467529296875 299.51898193359375 299.760589599609375 299.9049072265625 300.0037841796875 300.1060791015625 300.15203857421875 300.136077880859375 300.08599853515625 300.040618896484375 299.972747802734375 299.87786865234375 299.77252197265625 299.56353759765625 299.29266357421875 299.01324462890625 298.911163330078125
-9999 -9999 -9999 288.129486083984375 288.615386962890625 289.58233642578125 290.8309326171875 291.293487548828125 291.2960205078125 292.055389404296875 294.44793701171875 295.178558349609375 294.429046630859375 294.396514892578125 294.685791015625 295.329742431640625 296.209320068359375 296.486114501953125 296.4132080078125 296.47930908203125 296.485626220703125 296.48773193359375 296.7633056640625 297.1624755859375 297.558990478515625 297.98382568359375 298.4449462890625 298.708984375 298.9664306640625 299.210357666015625 299.40570068359375 299.59326171875 299.73004150390625 299.817352294921875 299.9078369140625 299.935821533203125 299.9134521484375 299.86248779296875 299.83056640625 299.787384033203125 299.667877197265625 299.519073486328125 299.14691162109375 298.461669921875 297.857513427734375 297.539764404296875
-9999 -9999 -9999 287.576507568359375 287.652191162109375 288.6051025390625 290.312835693359375 290.90301513671875 291.019927978515625 292.41265869140625 294.32928466796875 294.360137939453125 293.753143310546875 293.699798583984375 293.81488037109375 294.06964111328125 294.741363525390625 295.682098388671875 296.46160888671875 297.101470947265625 297.36151123046875 297.4415283203125 297.729095458984375 298.0948486328125 298.398345947265625 298.59344482421875 298.762298583984375 298.8485107421875 298.947052001953125 299.10528564453125 299.248382568359375 299.38592529296875 299.494720458984375 299.563934326171875 299.642578125 299.67132568359375 299.614532470703125 299.526641845703125 299.48956298828125 299.476104736328125 299.373626708984375 299.144805908203125 298.40753173828125 297.062896728515625 295.989898681640625 295.424591064453125
-9999 -9999 -9999 286.7637939453125 286.94287109375 288.259674072265625 290.027679443359375 290.576934814453125 290.926116943359375 292.952117919921875 294.3116455078125 293.8603515625 293.474517822265625 293.439788818359375 293.508880615234375 293.7196044921875 294.43115234375 295.703277587890625 296.9896240234375 297.96478271484375 298.35528564453125 298.4666748046875 298.5714111328125 298.659515380859375 298.711822509765625 298.777496337890625 298.83880615234375 298.85296630859375 298.868316650390625 298.95208740234375 299.0194091796875 299.120330810546875 299.20361328125 299.25189208984375 299.309661865234375 299.358184814453125 299.209136962890625 299.0135498046875 298.951507568359375 298.976318359375 298.81732177734375 298.3404541015625 297.16436767578125 295.418121337890625 294.11834716796875 293.441192626953125
-9999 -9999 -9999 286.857818603515625 287.47808837890625 288.948760986328125 290.126708984375 290.3297119140625 291.27374267578125 293.637298583984375 294.12799072265625 293.632720947265625 293.388885498046875 293.478179931640625 293.68994140625 294.22216796875 295.21221923828125 296.505645751953125 297.663970947265625 298.29852294921875 298.547119140625 298.67950439453125 298.750579833984375 298.76171875 298.754180908203125 298.7672119140625 298.764923095703125 298.753082275390625 298.730224609375 298.727020263671875 298.705841064453125 298.7723388671875 298.84521484375 298.82879638671875 298.6927490234375 298.658416748046875 298.323150634765625 297.9171142578125 297.762786865234375 297.73284912109375 297.3258056640625 296.422393798828125 294.947662353515625 293.253997802734375 292.018096923828125 291.351959228515625
-9999 -9999 -9999 287.39361572265625 288.45562744140625 289.564544677734375 290.087310791015625 290.2076416015625 291.863006591796875 293.939361572265625 293.749755859375 293.327301025390625 293.28875732421875 293.54876708984375 293.91473388671875 294.7208251953125 295.90753173828125 297.130096435546875 297.93304443359375 298.166290283203125 298.29327392578125 298.484405517578125 298.64398193359375 298.7069091796875 298.71405029296875 298.67987060546875 298.609375 298.56280517578125 298.488616943359375 298.381103515625 298.26373291015625 298.185699462890625 298.114227294921875 297.833740234375 297.289276123046875 296.95660400390625 296.3431396484375 295.71051025390625 295.46197509765625 295.30047607421875 294.667236328125 293.57611083984375 292.28778076171875 291.141998291015625 290.2952880859375 289.821197509765625
285.95904541015625 286.370574951171875 286.8995361328125 287.916748046875 288.94775390625 289.6148681640625 289.77630615234375 290.142333984375 292.70550537109375 293.734405517578125 293.275146484375 292.944305419921875 293.122802734375 293.531585693359375 294.00457763671875 294.9400634765625 296.076812744140625 297.128082275390625 297.732421875 297.84173583984375 297.952423095703125 298.22705078125 298.5009765625 298.619293212890625 298.6024169921875 298.472076416015625 298.325714111328125 298.21673583984375 298.059844970703125 297.85418701171875 297.612579345703125 297.25244140625 296.8438720703125 296.0692138671875 295.09600830078125 294.425140380859375 293.6024169921875 292.890869140625 292.6270751953125 292.381805419921875 291.750701904296875 290.895172119140625 290.138641357421875 289.691070556640625 289.3787841796875 289.20977783203125
286.3087158203125 286.915130615234375 287.505035400390625 288.370819091796875 289.03045654296875 289.338653564453125 289.3631591796875 289.931427001953125 292.944061279296875 293.33544921875 292.700164794921875 292.46820068359375 292.85662841796875 293.408203125 293.9609375 294.976043701171875 296.081268310546875 297.040679931640625 297.56280517578125 297.62237548828125 297.720001220703125 298.052093505859375 298.41546630859375 298.54095458984375 298.39013671875 298.091888427734375 297.864288330078125 297.608978271484375 297.215118408203125 296.797271728515625 296.37652587890625 295.708526611328125 294.96441650390625 293.765380859375 292.488616943359375 291.603607177734375 290.78338623046875 290.13385009765625 289.865264892578125 289.645965576171875 289.189422607421875 288.772613525390625 288.72235107421875 288.936187744140625 289.123199462890625 289.281646728515625
287.11358642578125 287.812469482421875 288.255706787109375 288.61419677734375 288.8453369140625 288.914642333984375 289.298309326171875 290.2606201171875 292.57373046875 292.505767822265625 291.76080322265625 291.741943359375 292.442535400390625 293.175018310546875 293.824249267578125 294.991119384765625 296.253662109375 297.238494873046875 297.643951416015625 297.661956787109375 297.722198486328125 298.009979248046875 298.362762451171875 298.397216796875 298.031524658203125 297.494598388671875 297.06854248046875 296.353912353515625 295.30072021484375 294.44049072265625 293.727996826171875 292.8466796875 292.012908935546875 290.746063232421875 289.364959716796875 288.36883544921875 287.746368408203125 287.31512451171875 287.10382080078125 286.986053466796875 286.817962646484375 286.9537353515625 287.769622802734375 288.79290771484375 289.49798583984375 290.006866455078125
-9999 288.189361572265625 288.156158447265625 288.26348876953125 288.363250732421875 288.678619384765625 290.406585693359375 291.903228759765625 292.16204833984375 291.4071044921875 290.53228759765625 290.73931884765625 291.947998046875 292.97760009765625 293.72308349609375 295.003692626953125 296.39208984375 297.402130126953125 297.754180908203125 297.811676025390625 297.87957763671875 298.13909912109375 298.33514404296875 298.203216552734375 297.78857421875 297.162353515625 296.512542724609375 295.369140625 293.96258544921875 292.8109130859375 291.736328125 290.738616943359375 289.980560302734375 288.8275146484375 287.4434814453125 286.52935791015625 286.158355712890625 285.919708251953125 285.77777099609375 285.848297119140625 286.112457275390625 286.630035400390625 287.70196533203125 289.02935791015625 289.984832763671875 290.647186279296875
-9999 -9999 -9999 288.034423828125 288.046356201171875 289.11907958984375 291.285919189453125 291.9222412109375 291.501312255859375 290.577728271484375 289.861663818359375 290.272003173828125 291.73919677734375 292.9755859375 293.738311767578125 295.019287109375 296.453765869140625 297.444000244140625 297.8021240234375 297.93414306640625 298.06146240234375 298.300689697265625 298.37823486328125 298.1627197265625 297.707427978515625 297.048858642578125 296.23687744140625 294.870208740234375 293.372161865234375 291.944305419921875 290.517425537109375 289.41143798828125 288.705535888671875 287.67156982421875 286.43499755859375 285.735992431640625 285.517578125 285.36505126953125 285.297332763671875 285.55462646484375 286.226715087890625 287.029632568359375 288.079803466796875 289.3931884765625 290.4798583984375 291.217803955078125
-9999 -9999 -9999 287.878662109375 288.50286865234375 290.103668212890625 291.453399658203125 291.558380126953125 290.971893310546875 290.05987548828125 289.60284423828125 290.121185302734375 291.6373291015625 292.93402099609375 293.691619873046875 294.948333740234375 296.413299560546875 297.452850341796875 297.855224609375 298.034820556640625 298.185516357421875 298.375762939453125 298.402618408203125 298.179718017578125 297.715301513671875 297.084320068359375 296.23577880859375 294.71282958984375 293.06890869140625 291.35894775390625 289.70855712890625 288.481292724609375 287.75665283203125 286.798797607421875 285.77862548828125 285.26080322265625 285.076171875 284.943389892578125 284.928253173828125 285.355255126953125 286.39605712890625 287.508514404296875 288.61334228515625 289.91497802734375 291.07098388671875 291.86358642578125
-9999 -9999 -9999 -9999 291.785491943359375 291.826263427734375 291.553314208984375 291.157928466796875 290.51727294921875 289.6968994140625 289.436004638671875 290.024566650390625 291.511199951171875 292.778228759765625 293.5306396484375 294.777984619140625 296.273040771484375 297.45123291015625 297.938629150390625 298.10693359375 298.23345947265625 298.4010009765625 298.41546630859375 298.210723876953125 297.769256591796875 297.15679931640625 296.33001708984375 294.724517822265625 292.856658935546875 290.904388427734375 289.092132568359375 287.740478515625 286.97125244140625 286.061859130859375 285.229705810546875 284.854888916015625 284.648040771484375 284.485595703125 284.491455078125 285.09979248046875 286.53985595703125 288.01348876953125 289.259735107421875 290.587188720703125 291.793670654296875 292.648193359375
-9999 -9999 -9999 -9999 292.476806640625 292.29876708984375 291.5625 290.830810546875 290.174713134765625 289.3453369140625 289.255828857421875 289.906219482421875 291.2781982421875 292.461700439453125 293.239288330078125 294.5572509765625 296.19415283203125 297.54638671875 298.091522216796875 298.227569580078125 298.316558837890625 298.4874267578125 298.50799560546875 298.327789306640625 297.877777099609375 297.171112060546875 296.234344482421875 294.424957275390625 292.32806396484375 290.252410888671875 288.4273681640625 287.07305908203125 286.299102783203125 285.422149658203125 284.686920166015625 284.4190673828125 284.223876953125 284.06805419921875 284.09783935546875 284.84307861328125 286.6343994140625 288.476837158203125 289.89910888671875 291.309478759765625 292.627593994140625 293.637359619140625
-9999 -9999 -9999 -9999 -9999 -9999 -9999 -9999 -9999 288.873443603515625 289.096343994140625 289.783447265625 291.0098876953125 292.112030029296875 292.933197021484375 294.383941650390625 296.179351806640625 297.64398193359375 298.337493896484375 298.5311279296875 298.585601806640625 298.688201904296875 298.73529052734375 298.6575927734375 298.0364990234375 296.76641845703125 295.2896728515625 293.105072021484375 290.910552978515625 288.92535400390625 287.472076416015625 286.48529052734375 285.816314697265625 284.907806396484375 284.14434814453125 283.856597900390625 283.742523193359375 283.728607177734375 283.85809326171875 284.65313720703125 286.456451416015625 288.41845703125 289.955474853515625 291.515380859375 293.043212890625 294.27276611328125
-9999 -9999 -9999 -9999 -9999 -9999 -9999 -9999 -9999 288.775238037109375 289.02484130859375 289.721282958984375 290.9844970703125 291.921722412109375 292.705841064453125 294.2010498046875 296.017364501953125 297.57891845703125 298.509185791015625 298.796722412109375 298.801788330078125 298.778900146484375 298.869476318359375 298.92926025390625 298.102264404296875 296.2099609375 294.160186767578125 291.568023681640625 289.269683837890625 287.4381103515625 286.476898193359375 285.921295166015625 285.385894775390625 284.45721435546875 283.673248291015625 283.382049560546875 283.36865234375 283.533782958984375 283.781402587890625 284.546600341796875 286.06890869140625 287.800506591796875 289.373748779296875 290.953399658203125 292.325103759765625 293.806732177734375
-9999 -9999 -9999 -9999 -9999 -9999 -9999 -9999 -9999 -9999 -9999 -9999 291.78302001953125 291.879058837890625 292.80633544921875 293.9586181640625 295.716400146484375 297.358673095703125 298.430419921875 298.760650634765625 298.771881103515625 298.72869873046875 298.766204833984375 298.80853271484375 297.9041748046875 295.785888671875 293.539306640625 290.7247314453125 288.29962158203125 286.515716552734375 285.7154541015625 285.212432861328125 284.74188232421875 283.973602294921875 283.356536865234375 283.1998291015625 283.278717041015625 283.517181396484375 283.79608154296875 284.45062255859375 285.615264892578125 287.036651611328125 288.68524169921875 290.304229736328125 291.418212890625 293.026092529296875
-9999 -9999 -9999 -9999 -9999 -9999 -9999 -9999 -9999 -9999 -9999 -9999 -9999 -9999 293.041656494140625 294.01593017578125 295.3275146484375 296.952392578125 298.047760009765625 298.4237060546875 298.534271240234375 298.627471923828125 298.68450927734375 298.61712646484375 297.640411376953125 295.33892822265625 293.0452880859375 290.26153564453125 287.853546142578125 286.05865478515625 285.161376953125 284.496124267578125 284.033935546875 283.472747802734375 283.053131103515625 283.099761962890625 283.347686767578125 283.585174560546875 283.776458740234375 284.2098388671875 284.98541259765625 286.20135498046875 288.0487060546875 289.90252685546875 291.030181884765625 292.554840087890625
-9999 -9999 -9999 -9999 -9999 -9999 -9999 -9999 -9999 -9999 -9999 -9999 -9999 -9999 -9999 293.830810546875 294.94085693359375 296.476837158203125 297.501678466796875 297.8944091796875 298.136474609375 298.413543701171875 298.537200927734375 298.377227783203125 297.388763427734375 295.143402099609375 292.95001220703125 290.352783203125 288.0533447265625 286.204559326171875 285.131134033203125 284.24774169921875 283.693511962890625 283.156585693359375 282.791107177734375 283.02850341796875 283.452178955078125 283.60723876953125 283.63775634765625 283.882415771484375 284.47540283203125 285.609100341796875 287.5638427734375 289.649871826171875 290.95501708984375 292.586456298828125
-9999 -9999 -9999 -9999 -9999 -9999 -9999 -9999 -9999 -9999 -9999 -9999 -9999 -9999 -9999 293.6304931640625 294.605743408203125 296.022705078125 296.952728271484375 297.340423583984375 297.67169189453125 298.04730224609375 298.18939208984375 298.033538818359375 297.22198486328125 295.44342041015625 293.484649658203125 291.065643310546875 288.8426513671875 286.9765625 285.6822509765625 284.60504150390625 283.9300537109375 283.185333251953125 282.606109619140625 282.87158203125 283.382171630859375 283.41619873046875 283.291961669921875 283.43792724609375 284.04107666015625 285.1461181640625 287.014068603515625 289.200042724609375 290.6868896484375 292.49578857421875
