INPUT/RASTER/maxent_background_data/BIO16.asc
ncols        225
nrows        269
xllcorner    473000.000000000000
yllcorner    4429100.000000000000
cellsize     50.000000000000
NODATA_value -9999
[rows 42 to 62 of 269, columns 0 to 46 of 225]
-9999 -9999 -9999 -9999 -9999 -9999 -9999 -9999 -9999 -9999 -9999 -9999 -9999 -9999 -9999 -9999 -9999 -9999 -9999 -9999 -9999 -9999 -9999 -9999 -9999 -9999 -9999 -9999 316.732666015625 316.836944580078125 317.10894775390625 317.47412109375 318.087188720703125 318.365234375 318.563079833984375 318.785552978515625 318.88458251953125 319.22833251953125 319.81439208984375 320.51556396484375 320.757415771484375 320.70147705078125 320.676727294921875 320.689300537109375 320.5780029296875 320.35516357421875 320.1446533203125
-9999 -9999 -9999 -9999 -9999 -9999 -9999 -9999 -9999 -9999 -9999 -9999 -9999 -9999 -9999 -9999 -9999 -9999 -9999 -9999 -9999 -9999 -9999 -9999 -9999 -9999 316.761932373046875 316.77978515625 316.888336181640625 317.194793701171875 317.45135498046875 317.65386962890625 318.112518310546875 318.41595458984375 318.78546142578125 319.07086181640625 319.121978759765625 319.41082763671875 319.848236083984375 320.628631591796875 320.74365234375 320.61029052734375 320.49493408203125 320.524749755859375 320.35858154296875 320.231689453125 319.873199462890625
-9999 -9999 -9999 -9999 -9999 -9999 -9999 -9999 -9999 -9999 -9999 -9999 -9999 -9999 -9999 -9999 -9999 -9999 -9999 -9999 -9999 -9999 -9999 -9999 317.12841796875 316.982391357421875 316.81011962890625 316.958343505859375 317.1959228515625 317.559173583984375 317.75433349609375 317.850921630859375 318.1226806640625 318.466064453125 318.913116455078125 319.0618896484375 319.169921875 319.401641845703125 319.7386474609375 320.29071044921875 320.3056640625 320.169586181640625 319.5062255859375 319.8792724609375 319.927978515625 319.95703125 319.571014404296875
-9999 -9999 -9999 -9999 -9999 -9999 -9999 -9999 -9999 -9999 -9999 -9999 -9999 -9999 -9999 -9999 -9999 -9999 -9999 -9999 -9999 -9999 -9999 -9999 317.18145751953125 317.07843017578125 317.18695068359375 317.966094970703125 318.042633056640625 318.29547119140625 318.48193359375 318.314544677734375 318.402587890625 318.46746826171875 318.758209228515625 318.893829345703125 319.0206298828125 319.0841064453125 319.32366943359375 319.4693603515625 319.24224853515625 319.4288330078125 319.2347412109375 319.41583251953125 319.61895751953125 319.633148193359375 319.3062744140625
-9999 -9999 -9999 -9999 -9999 -9999 -9999 -9999 -9999 -9999 -9999 -9999 -9999 -9999 -9999 -9999 -9999 -9999 -9999 -9999 -9999 -9999 -9999 -9999 317.327880859375 317.274871826171875 317.533233642578125 318.255218505859375 318.4625244140625 318.548828125 318.5657958984375 318.540008544921875 318.44879150390625 318.46343994140625 318.635650634765625 318.8092041015625 318.86627197265625 318.887481689453125 318.981414794921875 319.019012451171875 319.045166015625 319.071197509765625 319.037353515625 319.201324462890625 319.36541748046875 319.3358154296875 319.096282958984375
-9999 -9999 -9999 -9999 -9999 -9999 -9999 -9999 -9999 -9999 -9999 -9999 -9999 -9999 -9999 -9999 -9999 -9999 -9999 -9999 -9999 -9999 -9999 -9999 317.257904052734375 317.3218994140625 317.799560546875 318.35772705078125 318.512420654296875 318.58465576171875 318.55621337890625 318.493804931640625 318.438812255859375 318.488037109375 318.6163330078125 318.72418212890625 318.747894287109375 318.671875 318.75140380859375 318.81756591796875 318.853485107421875 318.80889892578125 318.839599609375 318.924713134765625 318.962493896484375 318.95751953125 318.843048095703125
-9999 -9999 -9999 -9999 -9999 -9999 -9999 -9999 -9999 -9999 -9999 -9999 -9999 -9999 -9999 -9999 -9999 -9999 -9999 -9999 -9999 -9999 -9999 317.032470703125 317.05413818359375 317.480255126953125 317.996795654296875 318.329437255859375 318.4859619140625 318.6046142578125 318.5833740234375 318.48382568359375 318.428375244140625 318.49658203125 318.593353271484375 318.676025390625 318.687713623046875 318.604827880859375 318.644439697265625 318.69427490234375 318.64385986328125 318.564849853515625 318.566925048828125 318.561737060546875 318.57781982421875 318.562591552734375 318.521514892578125
-9999 -9999 -9999 -9999 -9999 -9999 -9999 -9999 -9999 -9999 -9999 -9999 -9999 -9999 -9999 -9999 -9999 -9999 -9999 -9999 -9999 -9999 -9999 316.501708984375 316.779571533203125 317.47064208984375 317.9619140625 318.2635498046875 318.392822265625 318.47406005859375 318.46124267578125 318.42608642578125 318.4361572265625 318.493377685546875 318.585968017578125 318.64605712890625 318.656768798828125 318.6304931640625 318.604156494140625 318.5892333984375 318.5078125 318.3355712890625 318.29388427734375 318.2335205078125 318.267242431640625 318.19024658203125 318.148529052734375
-9999 -9999 -9999 -9999 -9999 -9999 -9999 -9999 -9999 -9999 -9999 -9999 -9999 -9999 -9999 -9999 -9999 -9999 -9999 -9999 -9999 -9999 315.336700439453125 315.9891357421875 316.68597412109375 317.5164794921875 317.95526123046875 318.178619384765625 318.303924560546875 318.33978271484375 318.375885009765625 318.35003662109375 318.36907958984375 318.44879150390625 318.56396484375 318.67156982421875 318.6495361328125 318.65576171875 318.5198974609375 318.5396728515625 318.3701171875 318.181121826171875 318.16937255859375 318.085845947265625 318.03076171875 317.99786376953125 318.014495849609375
-9999 -9999 -9999 -9999 -9999 -9999 -9999 -9999 -9999 -9999 -9999 -9999 -9999 -9999 -9999 -9999 -9999 -9999 -9999 -9999 -9999 -9999 315.20623779296875 316.6124267578125 317.095733642578125 317.59918212890625 318.091278076171875 318.21240234375 318.27874755859375 318.2109375 318.22265625 318.239898681640625 318.27093505859375 318.30438232421875 318.35162353515625 318.4979248046875 318.465972900390625 318.4630126953125 318.246795654296875 318.141357421875 318.010162353515625 317.965789794921875 317.99371337890625 317.987701416015625 317.98486328125 318.022003173828125 318.18896484375
-9999 -9999 -9999 -9999 -9999 -9999 -9999 -9999 -9999 -9999 -9999 -9999 -9999 -9999 -9999 -9999 -9999 -9999 -9999 -9999 -9999 -9999 316.842437744140625 317.578338623046875 317.848052978515625 318.04266357421875 318.22393798828125 318.238006591796875 318.26019287109375 318.160430908203125 318.173370361328125 318.210235595703125 318.183990478515625 318.15069580078125 318.1729736328125 318.26153564453125 318.2080078125 318.207763671875 318.058837890625 317.941558837890625 317.832672119140625 317.892852783203125 317.9425048828125 318.0262451171875 318.063720703125 318.160308837890625 318.355224609375
-9999 -9999 -9999 -9999 -9999 -9999 -9999 -9999 -9999 -9999 -9999 -9999 -9999 -9999 -9999 -9999 -9999 -9999 -9999 -9999 -9999 -9999 317.086090087890625 317.444244384765625 317.76959228515625 318.006378173828125 318.261932373046875 318.247650146484375 318.21490478515625 318.16839599609375 318.173675537109375 318.14166259765625 318.0966796875 318.002532958984375 318.006561279296875 318.08056640625 318.022613525390625 318.0079345703125 317.9482421875 317.853118896484375 317.77960205078125 317.8519287109375 317.965423583984375 318.072418212890625 318.1422119140625 318.28033447265625 318.474578857421875
-9999 -9999 -9999 -9999 -9999 -9999 -9999 -9999 -9999 -9999 -9999 -9999 -9999 -9999 -9999 -9999 -9999 -9999 -9999 -9999 -9999 -9999 317.030975341796875 317.2757568359375 317.612548828125 317.7271728515625 318.098785400390625 318.144744873046875 318.131317138671875 318.114593505859375 318.1097412109375 318.06231689453125 317.9276123046875 317.84893798828125 317.85870361328125 317.938720703125 317.9530029296875 317.949493408203125 317.946197509765625 317.85003662109375 317.75408935546875 317.801971435546875 317.90045166015625 318.177459716796875 318.31500244140625 318.41552734375 318.519927978515625
-9999 -9999 -9999 -9999 -9999 -9999 -9999 -9999 -9999 -9999 -9999 -9999 -9999 -9999 -9999 -9999 -9999 -9999 -9999 -9999 -9999 -9999 316.98126220703125 317.213409423828125 317.496063232421875 317.65838623046875 317.880767822265625 317.88934326171875 317.94647216796875 318.04278564453125 318.027984619140625 317.985931396484375 317.83221435546875 317.74627685546875 317.793121337890625 317.85186767578125 317.907958984375 317.927490234375 317.904266357421875 317.9019775390625 317.835174560546875 317.852142333984375 318.0263671875 318.294830322265625 318.46832275390625 318.500518798828125 318.596954345703125
-9999 -9999 -9999 -9999 -9999 -9999 -9999 -9999 -9999 -9999 -9999 -9999 -9999 -9999 -9999 -9999 -9999 -9999 -9999 -9999 -9999 -9999 317.117340087890625 317.3065185546875 317.585052490234375 317.5892333984375 317.659515380859375 317.5963134765625 317.645050048828125 317.8837890625 317.90216064453125 317.923858642578125 317.761871337890625 317.737823486328125 317.804840087890625 317.8741455078125 317.90863037109375 317.94952392578125 317.8748779296875 317.979522705078125 317.99169921875 318.04443359375 318.159423828125 318.348724365234375 318.48931884765625 318.577911376953125 318.717010498046875
-9999 -9999 -9999 -9999 -9999 -9999 -9999 -9999 -9999 -9999 -9999 -9999 -9999 -9999 -9999 -9999 -9999 -9999 -9999 -9999 -9999 316.45263671875 317.7235107421875 317.8272705078125 317.869964599609375 317.803466796875 317.66131591796875 317.51177978515625 317.48004150390625 317.68487548828125 317.723724365234375 317.874053955078125 317.86199951171875 317.8955078125 317.96612548828125 318.06646728515625 318.05450439453125 318.1226806640625 318.046661376953125 318.3568115234375 318.379119873046875 318.36761474609375 318.44293212890625 318.396087646484375 318.54864501953125 318.6998291015625 318.947296142578125
-9999 -9999 -9999 -9999 -9999 -9999 -9999 -9999 -9999 -9999 -9999 -9999 -9999 -9999 -9999 -9999 -9999 -9999 315.2060546875 315.52783203125 316.569061279296875 317.2559814453125 317.970062255859375 318.0687255859375 318.026275634765625 317.88201904296875 317.70526123046875 317.645782470703125 317.60638427734375 317.759033203125 317.801483154296875 317.89434814453125 317.9207763671875 317.983489990234375 318.0616455078125 318.161956787109375 318.217315673828125 318.3297119140625 318.32293701171875 318.563507080078125 318.693359375 318.567352294921875 318.53753662109375 318.4896240234375 318.64288330078125 318.830535888671875 319.169769287109375
-9999 -9999 -9999 -9999 -9999 -9999 -9999 -9999 -9999 -9999 -9999 -9999 -9999 -9999 -9999 -9999 315.14306640625 315.5181884765625 315.71380615234375 316.679779052734375 317.765411376953125 318.045196533203125 318.12310791015625 318.1822509765625 318.097137451171875 317.904296875 317.8616943359375 317.816650390625 317.792449951171875 317.869049072265625 317.8974609375 317.940216064453125 318.035003662109375 318.0633544921875 318.17041015625 318.2943115234375 318.377044677734375 318.5921630859375 318.6258544921875 318.732513427734375 318.799774169921875 318.7403564453125 318.743408203125 318.695037841796875 318.829833984375 319.002105712890625 319.35650634765625
-9999 -9999 -9999 -9999 -9999 -9999 -9999 -9999 -9999 -9999 -9999 -9999 -9999 -9999 315.011077880859375 314.99005126953125 315.603668212890625 316.42987060546875 316.6121826171875 317.505462646484375 317.97430419921875 318.18463134765625 318.294342041015625 318.302886962890625 318.171661376953125 318.019256591796875 317.991180419921875 317.96844482421875 317.991180419921875 317.98193359375 317.993011474609375 318.066802978515625 318.09295654296875 318.197021484375 318.350830078125 318.48211669921875 318.668609619140625 318.8914794921875 318.930999755859375 318.90106201171875 319.00811767578125 319.081298828125 319.0606689453125 319.007354736328125 319.072265625 319.257415771484375 319.58074951171875
-9999 -9999 -9999 -9999 -9999 -9999 -9999 -9999 -9999 -9999 -9999 -9999 -9999 315.291748046875 314.957855224609375 315.218017578125 316.29937744140625 317.368865966796875 317.65911865234375 318.15899658203125 318.12689208984375 318.2430419921875 318.260284423828125 318.221282958984375 318.221466064453125 318.1710205078125 318.1143798828125 318.1011962890625 318.052215576171875 318.106048583984375 318.1253662109375 318.174407958984375 318.22491455078125 318.347198486328125 318.58612060546875 318.8756103515625 318.998046875 319.134521484375 319.1856689453125 319.14373779296875 319.260833740234375 319.4522705078125 319.396087646484375 319.3583984375 319.388702392578125 319.589569091796875 319.7725830078125
-9999 -9999 -9999 -9999 -9999 -9999 -9999 -9999 -9999 -9999 -9999 -9999 -9999 315.668701171875 315.09747314453125 315.66900634765625 316.99700927734375 317.5662841796875 318.2958984375 318.581451416015625 318.42803955078125 318.4859619140625 318.374786376953125 318.404815673828125 318.35467529296875 318.303741455078125 318.245697021484375 318.140411376953125 318.13104248046875 318.127777099609375 318.164215087890625 318.269439697265625 318.337890625 318.551849365234375 318.829071044921875 319.148345947265625 319.263427734375 319.3026123046875 319.398529052734375 319.367340087890625 319.542022705078125 319.73040771484375 319.6566162109375 319.73004150390625 319.66754150390625 319.762176513671875 319.816192626953125
