INPUT/RASTER/maxent_background_data/BIO16.asc
ncols        225
nrows        269
xllcorner    473000.000000000000
yllcorner    4429100.000000000000
cellsize     50.000000000000
NODATA_value -9999
[rows 126 to 146 of 269, columns 141 to 187 of 225]
-9999 -9999 -9999 -9999 -9999 -9999 302.5042724609375 303.71112060546875 304.731842041015625 304.8785400390625 304.67132568359375 303.7144775390625 302.621673583984375 302.004425048828125 301.78216552734375 301.500396728515625 301.359954833984375 301.106689453125 300.864471435546875 300.57330322265625 300.304229736328125 299.99859619140625 299.915283203125 299.665191650390625 299.499298095703125 299.231231689453125 298.814544677734375 298.2540283203125 297.756927490234375 297.646240234375 297.07806396484375 297.297821044921875 297.54034423828125 297.73199462890625 297.525421142578125 297.329803466796875 297.4959716796875 298.12982177734375 298.563812255859375 298.391937255859375 298.2440185546875 298.346710205078125 298.21978759765625 298.0924072265625 298.293182373046875 298.654571533203125 298.78363037109375
-9999 -9999 -9999 -9999 -9999 -9999 302.07269287109375 303.391876220703125 304.112884521484375 304.61444091796875 304.370391845703125 303.474853515625 302.54315185546875 301.84442138671875 301.64715576171875 301.30145263671875 301.28045654296875 300.993377685546875 300.78619384765625 300.586181640625 300.262237548828125 299.9737548828125 299.819000244140625 299.57427978515625 299.45538330078125 299.07684326171875 298.62689208984375 297.783172607421875 297.112823486328125 297.10968017578125 296.93463134765625 297.244781494140625 297.40045166015625 297.00787353515625 296.528839111328125 296.551727294921875 297.255462646484375 297.793365478515625 298.2109375 298.114654541015625 298.04376220703125 298.011962890625 298.002777099609375 297.98065185546875 298.323211669921875 298.662200927734375 298.70855712890625
-9999 -9999 -9999 -9999 -9999 -9999 301.4864501953125 302.56640625 303.38720703125 304.048370361328125 303.967681884765625 303.342742919921875 302.44140625 301.579803466796875 301.30206298828125 301.03265380859375 301.00909423828125 300.83673095703125 300.651702880859375 300.48101806640625 300.128631591796875 299.793121337890625 299.60418701171875 299.34173583984375 299.162109375 298.7532958984375 298.2899169921875 297.424285888671875 296.689788818359375 296.636260986328125 296.720855712890625 297.1434326171875 297.117767333984375 296.533721923828125 296.199920654296875 296.31170654296875 297.0045166015625 297.450042724609375 297.94110107421875 297.95892333984375 297.986114501953125 298.021209716796875 297.9349365234375 298.02691650390625 298.3665771484375 298.640228271484375 298.680023193359375
-9999 -9999 -9999 -9999 -9999 300.68072509765625 300.87054443359375 302.15771484375 303.114990234375 303.585845947265625 303.67462158203125 303.4613037109375 302.322479248046875 301.314453125 300.940185546875 300.882904052734375 300.851531982421875 300.7388916015625 300.6578369140625 300.275848388671875 299.93133544921875 299.54998779296875 299.41668701171875 299.15020751953125 298.834503173828125 298.5562744140625 298.0548095703125 297.106536865234375 296.542724609375 296.419189453125 296.3837890625 296.683746337890625 296.84515380859375 296.48773193359375 296.1934814453125 295.9764404296875 296.567108154296875 297.133270263671875 297.708282470703125 297.832183837890625 297.87530517578125 297.918487548828125 297.896728515625 298.091522216796875 298.4114990234375 298.6253662109375 298.6512451171875
-9999 -9999 -9999 -9999 -9999 300.720611572265625 301.007904052734375 301.4027099609375 302.75152587890625 303.01104736328125 303.26861572265625 302.959930419921875 302.016845703125 301.057159423828125 300.615081787109375 300.718719482421875 300.65618896484375 300.71795654296875 300.499114990234375 300.05157470703125 299.734619140625 299.2132568359375 299.170379638671875 298.833282470703125 298.469207763671875 298.3369140625 297.912353515625 297.309234619140625 296.614715576171875 296.46240234375 296.114837646484375 296.01873779296875 296.50933837890625 296.287933349609375 296.07135009765625 295.675537109375 296.0316162109375 296.9278564453125 297.51690673828125 297.770751953125 297.803466796875 297.829132080078125 297.868896484375 298.104248046875 298.52581787109375 298.595794677734375 298.551788330078125
-9999 -9999 -9999 -9999 -9999 -9999 300.946533203125 301.16326904296875 301.918121337890625 302.433380126953125 302.675079345703125 302.413238525390625 301.56439208984375 300.765533447265625 300.29248046875 300.453125 300.482269287109375 300.59393310546875 300.310882568359375 299.85833740234375 299.50152587890625 298.945068359375 298.901275634765625 298.54107666015625 298.21917724609375 298.1441650390625 297.86676025390625 297.370330810546875 296.76934814453125 296.528167724609375 295.8428955078125 295.5440673828125 295.9674072265625 295.547607421875 295.559967041015625 295.512603759765625 295.92401123046875 296.7376708984375 297.34368896484375 297.6383056640625 297.77191162109375 297.776580810546875 297.84783935546875 298.079254150390625 298.426025390625 298.533660888671875 298.50775146484375
-9999 -9999 -9999 -9999 -9999 -9999 -9999 300.83038330078125 -9999 -9999 -9999 -9999 301.18621826171875 300.38336181640625 299.95098876953125 300.217803955078125 300.28936767578125 300.405426025390625 300.07257080078125 299.60894775390625 299.229705810546875 298.7138671875 298.631591796875 298.2955322265625 298.04339599609375 297.95306396484375 297.727813720703125 297.36572265625 296.835662841796875 296.51922607421875 295.629058837890625 295.311279296875 295.615020751953125 295.12823486328125 295.129364013671875 295.568695068359375 296.1375732421875 296.67303466796875 297.203094482421875 297.553192138671875 297.715484619140625 297.72882080078125 297.84906005859375 298.1243896484375 298.347442626953125 298.447906494140625 298.3291015625
-9999 -9999 -9999 -9999 -9999 -9999 -9999 -9999 -9999 -9999 -9999 -9999 300.875885009765625 299.9639892578125 299.2672119140625 299.572357177734375 299.586334228515625 299.760406494140625 299.468658447265625 298.997711181640625 298.71044921875 298.13897705078125 298.102264404296875 297.806793212890625 297.5980224609375 297.56268310546875 297.35614013671875 297.19635009765625 296.765777587890625 296.42608642578125 295.442108154296875 294.826385498046875 294.978851318359375 295.220001220703125 295.321807861328125 295.827056884765625 296.26593017578125 296.5908203125 296.97705078125 297.369232177734375 297.59344482421875 297.614013671875 297.829345703125 298.04632568359375 298.2469482421875 298.31158447265625 298.13873291015625
-9999 -9999 -9999 -9999 -9999 -9999 -9999 -9999 -9999 -9999 -9999 -9999 300.92144775390625 300.00482177734375 299.3345947265625 299.176605224609375 299.1319580078125 299.156280517578125 298.96661376953125 298.65447998046875 298.3726806640625 297.9442138671875 297.830963134765625 297.564117431640625 297.347015380859375 297.189788818359375 297.030242919921875 296.92230224609375 296.593017578125 296.32330322265625 295.320556640625 294.5556640625 294.652099609375 295.15380859375 295.316009521484375 295.67291259765625 296.03179931640625 296.45513916015625 296.9102783203125 297.2855224609375 297.473876953125 297.50970458984375 297.7452392578125 297.97900390625 298.111083984375 298.136871337890625 297.977996826171875
-9999 -9999 -9999 -9999 -9999 -9999 -9999 -9999 -9999 -9999 -9999 -9999 -9999 300.280029296875 299.5640869140625 299.059600830078125 298.900787353515625 298.722320556640625 298.56414794921875 298.3668212890625 298.0970458984375 297.749267578125 297.626556396484375 297.23681640625 297.002685546875 296.829254150390625 296.77862548828125 296.665008544921875 296.4345703125 296.2388916015625 295.275726318359375 294.5081787109375 294.53753662109375 294.91973876953125 294.92840576171875 295.266204833984375 295.778839111328125 296.26055908203125 296.69427490234375 297.05792236328125 297.22564697265625 297.293426513671875 297.645843505859375 297.83697509765625 297.955596923828125 297.923675537109375 297.79840087890625
-9999 -9999 -9999 -9999 -9999 -9999 -9999 -9999 -9999 -9999 -9999 -9999 -9999 300.478973388671875 299.757598876953125 298.997894287109375 298.725189208984375 298.3973388671875 298.2191162109375 298.134765625 297.839599609375 297.40509033203125 297.185943603515625 296.75836181640625 296.527679443359375 296.419342041015625 296.489471435546875 296.367218017578125 296.272979736328125 296.005279541015625 295.183563232421875 294.55352783203125 294.361083984375 294.66680908203125 294.733673095703125 295.001678466796875 295.48834228515625 295.90142822265625 296.4593505859375 296.8277587890625 297.045654296875 297.1700439453125 297.5128173828125 297.76922607421875 297.779052734375 297.668426513671875 297.58135986328125
-9999 -9999 -9999 -9999 -9999 -9999 -9999 -9999 -9999 -9999 -9999 -9999 -9999 300.634063720703125 299.841705322265625 298.942138671875 298.6431884765625 298.186798095703125 297.899566650390625 297.827972412109375 297.540130615234375 297.041961669921875 296.745086669921875 296.229827880859375 296.071075439453125 295.955078125 296.10699462890625 296.04022216796875 295.950958251953125 295.715545654296875 295.07330322265625 294.46826171875 294.08538818359375 294.3577880859375 294.41455078125 294.59063720703125 294.95556640625 295.388275146484375 296.112518310546875 296.453643798828125 296.770111083984375 296.97186279296875 297.451690673828125 297.68255615234375 297.595245361328125 297.46380615234375 297.36407470703125
-9999 -9999 -9999 -9999 -9999 -9999 -9999 -9999 -9999 -9999 -9999 -9999 -9999 -9999 299.85107421875 298.9228515625 298.52197265625 298.058380126953125 297.713134765625 297.614013671875 297.1907958984375 296.641357421875 296.280548095703125 295.726531982421875 295.6700439453125 295.542510986328125 295.78009033203125 295.709136962890625 295.67230224609375 295.57452392578125 295.02880859375 294.308319091796875 293.71978759765625 294.0299072265625 293.965301513671875 293.944976806640625 294.310760498046875 294.810089111328125 295.597808837890625 295.90008544921875 296.406005859375 296.73626708984375 297.25048828125 297.57708740234375 297.3729248046875 297.1937255859375 297.1651611328125
-9999 -9999 -9999 -9999 -9999 -9999 -9999 -9999 -9999 -9999 -9999 -9999 -9999 -9999 299.785736083984375 299.026214599609375 298.56817626953125 298.090362548828125 297.4947509765625 297.334136962890625 296.678863525390625 296.240478515625 295.698150634765625 295.265533447265625 295.28741455078125 295.162567138671875 295.5087890625 295.3702392578125 295.36578369140625 295.4332275390625 294.985809326171875 294.2784423828125 293.530242919921875 293.500274658203125 293.30389404296875 293.148651123046875 293.448760986328125 294.3038330078125 294.9215087890625 295.28082275390625 295.82904052734375 296.1898193359375 296.8551025390625 297.08599853515625 296.9005126953125 296.88372802734375 296.779083251953125
-9999 -9999 -9999 -9999 -9999 -9999 -9999 -9999 -9999 -9999 -9999 -9999 -9999 -9999 299.7288818359375 299.265960693359375 298.790283203125 298.189605712890625 297.2652587890625 296.747589111328125 295.976318359375 295.39837646484375 295.051025390625 294.78515625 294.74481201171875 294.7562255859375 294.94683837890625 294.938995361328125 295.044891357421875 294.870391845703125 294.641693115234375 294.08758544921875 293.367156982421875 293.119171142578125 292.920074462890625 292.809417724609375 293.268798828125 294.053009033203125 294.61090087890625 294.9776611328125 295.55181884765625 295.95343017578125 296.373321533203125 296.71905517578125 296.520965576171875 296.64691162109375 296.5567626953125
-9999 -9999 -9999 -9999 -9999 -9999 -9999 -9999 -9999 -9999 -9999 -9999 -9999 -9999 299.8997802734375 299.35382080078125 299.081939697265625 298.15478515625 297.387908935546875 296.21929931640625 295.442108154296875 294.935302734375 294.7850341796875 294.55914306640625 294.47021484375 294.521484375 294.622406005859375 294.66766357421875 294.59906005859375 294.39324951171875 294.2562255859375 293.836669921875 293.34283447265625 292.8026123046875 292.62255859375 292.523284912109375 293.22186279296875 293.95782470703125 294.30279541015625 294.68450927734375 295.179229736328125 295.54925537109375 295.816436767578125 296.202880859375 296.115966796875 296.40985107421875 296.30389404296875
-9999 -9999 -9999 -9999 -9999 -9999 -9999 -9999 -9999 -9999 -9999 -9999 -9999 -9999 -9999 299.596832275390625 299.317291259765625 298.494842529296875 297.1900634765625 295.93267822265625 295.02459716796875 294.41552734375 294.44464111328125 294.28460693359375 294.110076904296875 294.262725830078125 294.260162353515625 294.32647705078125 294.04095458984375 294.024169921875 293.7574462890625 293.43621826171875 293.33233642578125 292.69036865234375 292.511383056640625 292.61102294921875 293.2861328125 293.94281005859375 294.217681884765625 294.5228271484375 294.81500244140625 294.9517822265625 295.3621826171875 295.6236572265625 295.810760498046875 295.9979248046875 296.041717529296875
301.237518310546875 301.14373779296875 301.06378173828125 301.0263671875 300.86578369140625 -9999 -9999 -9999 -9999 -9999 -9999 -9999 -9999 -9999 -9999 299.74334716796875 299.4395751953125 298.5814208984375 297.139984130859375 295.809600830078125 294.770050048828125 294.180450439453125 294.14422607421875 293.99005126953125 293.81890869140625 294.0001220703125 293.65460205078125 293.8719482421875 293.693359375 293.546783447265625 293.287506103515625 293.069580078125 293.056854248046875 292.5096435546875 292.420318603515625 292.64459228515625 293.272735595703125 293.908599853515625 294.16680908203125 294.30059814453125 294.49273681640625 294.50274658203125 295.019805908203125 295.230194091796875 295.545745849609375 295.697235107421875 295.804443359375
301.125396728515625 301.011749267578125 300.902069091796875 300.883941650390625 300.79705810546875 -9999 -9999 -9999 -9999 -9999 -9999 -9999 -9999 -9999 -9999 299.751312255859375 299.434814453125 298.626556396484375 297.023834228515625 295.686279296875 294.649932861328125 294.03826904296875 293.942596435546875 293.71502685546875 293.5833740234375 293.652252197265625 293.12274169921875 293.180999755859375 292.80377197265625 292.696533203125 292.79693603515625 292.68402099609375 292.66748046875 292.34735107421875 292.34576416015625 292.733978271484375 293.3336181640625 293.887481689453125 294.097076416015625 294.12530517578125 294.2681884765625 294.339599609375 294.844818115234375 295.08544921875 295.35699462890625 295.440582275390625 295.532318115234375
301.04388427734375 300.930633544921875 300.8331298828125 300.79583740234375 300.69085693359375 -9999 -9999 -9999 -9999 -9999 -9999 -9999 -9999 -9999 -9999 299.615386962890625 299.36932373046875 298.66485595703125 297.012908935546875 295.65802001953125 294.57879638671875 293.8836669921875 293.692138671875 293.27337646484375 292.73638916015625 292.703948974609375 292.39312744140625 292.462432861328125 292.334716796875 292.2740478515625 291.964447021484375 291.58599853515625 291.8177490234375 291.77032470703125 291.948089599609375 292.866455078125 293.41729736328125 293.758544921875 293.770538330078125 293.822479248046875 293.931671142578125 293.975372314453125 294.532379150390625 294.758026123046875 295.057373046875 294.9637451171875 295.048828125
300.9007568359375 -9999 -9999 -9999 -9999 -9999 -9999 -9999 -9999 -9999 -9999 -9999 -9999 -9999 -9999 299.519256591796875 299.2803955078125 298.596405029296875 296.842498779296875 295.328399658203125 294.309234619140625 293.591827392578125 293.36328125 292.77593994140625 292.291473388671875 292.128875732421875 291.8323974609375 291.851531982421875 291.848388671875 291.87969970703125 291.59564208984375 291.639556884765625 291.697265625 291.87969970703125 291.954986572265625 292.385009765625 292.71649169921875 293.576019287109375 293.60687255859375 293.66522216796875 293.81964111328125 293.9232177734375 294.41070556640625 294.6497802734375 294.7779541015625 294.6318359375 294.646514892578125
