INPUT/RASTER/maxent_background_data/BIO16.asc
ncols        225
nrows        269
xllcorner    473000.000000000000
yllcorner    4429100.000000000000
cellsize     50.000000000000
NODATA_value -9999
[rows 147 to 167 of 269, columns 0 to 46 of 225]
-9999 -9999 -9999 -9999 -9999 -9999 -9999 -9999 294.750274658203125 295.357330322265625 297.32763671875 297.64813232421875 298.054718017578125 298.219482421875 298.41021728515625 298.60113525390625 298.4755859375 298.762451171875 299.90631103515625 300.724609375 306.333648681640625 306.41363525390625 306.61651611328125 306.734130859375 306.92913818359375 306.978485107421875 306.96441650390625 306.77459716796875 306.559661865234375 306.46087646484375 306.036651611328125 306.6104736328125 306.564727783203125 306.625213623046875 306.928985595703125 306.503021240234375 306.72735595703125 306.37408447265625 306.6387939453125 306.363189697265625 306.424102783203125 306.812255859375 306.757537841796875 306.987060546875 306.895172119140625 307.162994384765625 307.42388916015625
-9999 -9999 -9999 -9999 -9999 -9999 -9999 -9999 294.632568359375 294.66082763671875 295.556976318359375 297.73760986328125 299.35101318359375 299.145965576171875 299.79046630859375 299.421844482421875 300.21221923828125 299.686126708984375 300.101470947265625 303.00299072265625 305.529815673828125 305.8292236328125 306.2071533203125 306.38934326171875 306.509185791015625 306.610687255859375 306.41461181640625 306.33685302734375 306.144287109375 305.639251708984375 305.264892578125 305.66607666015625 306.08624267578125 306.03948974609375 306.134918212890625 305.92181396484375 305.77496337890625 305.6656494140625 305.752227783203125 305.76873779296875 305.93218994140625 306.12188720703125 306.200103759765625 306.35321044921875 306.61834716796875 306.76422119140625 306.818634033203125
-9999 -9999 -9999 -9999 -9999 -9999 -9999 294.28485107421875 294.4398193359375 294.962310791015625 295.77911376953125 298.4404296875 299.48504638671875 299.80792236328125 299.961761474609375 300.013458251953125 300.215972900390625 300.166961669921875 300.20343017578125 303.008636474609375 305.747161865234375 305.76239013671875 305.913909912109375 306.033843994140625 305.99505615234375 306.052764892578125 305.882354736328125 305.9202880859375 305.594329833984375 304.97021484375 304.86102294921875 305.046356201171875 305.593231201171875 305.5013427734375 305.70916748046875 305.469085693359375 304.99774169921875 305.185821533203125 305.20819091796875 305.4287109375 305.584442138671875 305.55029296875 305.86529541015625 305.9310302734375 306.288238525390625 306.44171142578125 306.29443359375
-9999 -9999 -9999 -9999 -9999 -9999 -9999 294.3995361328125 294.49884033203125 295.50543212890625 296.656951904296875 298.44580078125 299.20880126953125 299.723419189453125 299.8345947265625 299.96710205078125 300.070220947265625 300.132049560546875 301.118988037109375 305.616790771484375 305.721282958984375 305.7510986328125 305.810211181640625 305.85272216796875 305.835113525390625 305.8568115234375 305.68548583984375 305.6651611328125 305.260406494140625 304.68048095703125 304.531005859375 304.682373046875 305.08807373046875 305.044464111328125 305.21600341796875 304.91290283203125 304.50396728515625 304.7958984375 305.0499267578125 305.201812744140625 305.30511474609375 305.355072021484375 305.606048583984375 305.736053466796875 305.979095458984375 306.03106689453125 305.91351318359375
-9999 -9999 -9999 -9999 -9999 -9999 -9999 294.811737060546875 295.12725830078125 296.755706787109375 297.362030029296875 298.196929931640625 298.913482666015625 299.523223876953125 299.6324462890625 299.74603271484375 299.83087158203125 299.962188720703125 301.421112060546875 305.511810302734375 305.62139892578125 305.627685546875 305.687744140625 305.745574951171875 305.78656005859375 305.772247314453125 305.41375732421875 305.32470703125 304.857879638671875 304.2972412109375 304.171356201171875 304.29949951171875 304.653900146484375 304.68035888671875 304.8065185546875 304.535491943359375 304.326446533203125 304.56317138671875 304.835418701171875 304.990814208984375 305.174041748046875 305.25262451171875 305.399017333984375 305.4476318359375 305.642425537109375 305.64617919921875 305.5509033203125
-9999 -9999 -9999 -9999 -9999 -9999 294.339263916015625 294.99993896484375 295.80828857421875 297.5399169921875 297.789642333984375 298.099700927734375 298.7852783203125 299.308074951171875 299.39251708984375 299.46405029296875 299.5538330078125 299.7457275390625 304.443359375 305.276123046875 305.444793701171875 305.466644287109375 305.54498291015625 305.59869384765625 305.66314697265625 305.609527587890625 305.08575439453125 304.91412353515625 304.31866455078125 303.783355712890625 303.728240966796875 303.91619873046875 304.241546630859375 304.31591796875 304.46014404296875 304.28350830078125 304.2044677734375 304.454132080078125 304.7509765625 304.868560791015625 305.012420654296875 305.0753173828125 305.150787353515625 305.140289306640625 305.2808837890625 305.33294677734375 305.24383544921875
-9999 -9999 -9999 -9999 -9999 -9999 294.12213134765625 295.0572509765625 295.956451416015625 297.31793212890625 297.651123046875 297.97039794921875 298.43310546875 298.951812744140625 299.077667236328125 299.125885009765625 299.313507080078125 299.531402587890625 304.65576171875 305.0400390625 305.158294677734375 305.23077392578125 305.359588623046875 305.404022216796875 305.371826171875 305.235992431640625 304.955963134765625 304.656829833984375 303.9014892578125 303.4180908203125 303.250274658203125 303.495361328125 303.828826904296875 303.9324951171875 304.08038330078125 304.05145263671875 304.100799560546875 304.31060791015625 304.573089599609375 304.679412841796875 304.819671630859375 304.8232421875 304.864593505859375 304.85125732421875 304.94293212890625 304.9779052734375 304.955078125
-9999 -9999 -9999 -9999 -9999 -9999 294.198516845703125 294.48089599609375 294.80755615234375 296.425079345703125 297.15997314453125 297.650482177734375 297.85693359375 298.274658203125 298.3995361328125 298.1563720703125 298.458984375 302.110382080078125 304.1356201171875 304.1571044921875 304.458038330078125 304.6834716796875 304.8612060546875 304.96533203125 304.862548828125 304.453582763671875 304.14923095703125 303.863861083984375 303.2540283203125 302.79827880859375 302.5146484375 302.8016357421875 303.22161865234375 303.369537353515625 303.487091064453125 303.615234375 303.7620849609375 303.990447998046875 304.08599853515625 304.125885009765625 304.163818359375 304.20635986328125 304.343536376953125 304.365325927734375 304.425079345703125 304.5220947265625 304.5628662109375
-9999 -9999 -9999 -9999 -9999 -9999 -9999 293.82952880859375 293.50933837890625 294.265380859375 295.82745361328125 297.180633544921875 297.41082763671875 297.412506103515625 297.4969482421875 297.6138916015625 298.01239013671875 301.94720458984375 303.55828857421875 303.7523193359375 304.171966552734375 304.4278564453125 304.600982666015625 304.679534912109375 304.62603759765625 304.0859375 303.763946533203125 303.37957763671875 302.866455078125 302.599609375 302.34014892578125 302.58465576171875 302.9429931640625 303.059600830078125 303.164764404296875 303.40966796875 303.62017822265625 303.721405029296875 303.79541015625 303.723236083984375 303.723388671875 303.8974609375 304.03936767578125 304.09393310546875 304.071502685546875 304.087860107421875 304.21728515625
-9999 -9999 -9999 -9999 -9999 -9999 -9999 293.456512451171875 292.836700439453125 293.724853515625 295.562347412109375 297.05816650390625 297.2801513671875 297.18060302734375 297.2174072265625 297.224578857421875 300.00634765625 302.66888427734375 302.855072021484375 303.4775390625 303.816864013671875 304.1160888671875 304.202301025390625 304.2022705078125 304.2401123046875 303.73724365234375 303.37835693359375 302.91943359375 302.544830322265625 302.3819580078125 302.167022705078125 302.404541015625 302.720458984375 302.861083984375 302.9573974609375 303.23223876953125 303.34759521484375 303.32171630859375 303.411376953125 303.31640625 303.362548828125 303.5323486328125 303.583465576171875 303.80364990234375 303.78399658203125 303.767608642578125 303.871429443359375
-9999 -9999 -9999 -9999 -9999 -9999 -9999 -9999 291.7989501953125 293.388671875 295.6197509765625 296.885528564453125 297.167633056640625 296.9774169921875 297.049102783203125 297.165313720703125 299.61688232421875 302.0003662109375 302.215484619140625 302.997589111328125 303.453460693359375 303.72943115234375 303.72735595703125 303.629058837890625 303.7794189453125 303.3421630859375 303.066864013671875 302.61151123046875 302.3057861328125 302.126708984375 301.9752197265625 302.168243408203125 302.357879638671875 302.587738037109375 302.7447509765625 302.992462158203125 303.149139404296875 302.953948974609375 303.027008056640625 302.982177734375 303.027130126953125 303.129669189453125 303.09027099609375 303.43853759765625 303.454498291015625 303.475128173828125 303.5997314453125
-9999 -9999 -9999 -9999 -9999 -9999 -9999 -9999 290.801116943359375 293.03338623046875 295.56634521484375 296.51605224609375 296.831146240234375 296.650970458984375 296.88031005859375 297.3165283203125 301.8370361328125 301.69964599609375 301.844818115234375 302.573150634765625 303.08233642578125 303.361053466796875 303.225982666015625 303.02386474609375 303.1507568359375 302.71173095703125 302.6060791015625 302.2777099609375 302.101531982421875 302.03875732421875 301.74761962890625 301.85711669921875 302.046356201171875 302.351318359375 302.561309814453125 302.674560546875 302.89453125 302.68096923828125 302.79132080078125 302.78057861328125 302.7813720703125 302.838409423828125 302.787139892578125 303.03582763671875 303.0023193359375 303.0208740234375 303.21600341796875
-9999 -9999 -9999 -9999 -9999 -9999 -9999 -9999 290.38909912109375 292.676422119140625 295.4482421875 296.067169189453125 296.1578369140625 296.23016357421875 296.607574462890625 299.20556640625 301.562103271484375 301.495941162109375 301.54510498046875 302.019561767578125 302.7177734375 302.751953125 302.74285888671875 302.606658935546875 302.3653564453125 302.08709716796875 301.9700927734375 301.89044189453125 301.84613037109375 301.7828369140625 301.491180419921875 301.620147705078125 301.779876708984375 302.15179443359375 302.12060546875 302.16851806640625 302.45330810546875 302.390380859375 302.64837646484375 302.568572998046875 302.537933349609375 302.63995361328125 302.49749755859375 302.688720703125 302.458984375 302.453857421875 302.72021484375
-9999 -9999 -9999 -9999 -9999 -9999 -9999 -9999 290.31414794921875 291.16046142578125 293.865814208984375 295.32855224609375 295.35003662109375 295.788055419921875 295.6044921875 300.148895263671875 300.89739990234375 301.1309814453125 301.2298583984375 301.35601806640625 301.92315673828125 301.809600830078125 302.20458984375 302.170989990234375 301.843170166015625 301.68505859375 301.429931640625 301.5797119140625 301.397613525390625 301.3515625 301.14208984375 300.9681396484375 301.390411376953125 301.490936279296875 301.61810302734375 301.74493408203125 301.9075927734375 302.1077880859375 302.280426025390625 302.325592041015625 302.26708984375 302.226226806640625 302.1856689453125 302.080230712890625 301.97515869140625 301.891845703125 301.881622314453125
-9999 -9999 -9999 -9999 -9999 -9999 -9999 -9999 -9999 290.691009521484375 292.942108154296875 294.987762451171875 295.282318115234375 296.107208251953125 300.217529296875 300.206146240234375 300.54522705078125 300.715118408203125 300.953155517578125 301.24639892578125 301.445220947265625 301.607086181640625 301.7901611328125 301.807586669921875 301.566619873046875 301.38104248046875 301.19091796875 301.22955322265625 300.76025390625 300.613311767578125 300.462005615234375 300.6876220703125 301.060211181640625 301.1456298828125 301.388580322265625 301.601104736328125 301.691009521484375 301.92974853515625 301.943267822265625 302.065765380859375 302.0172119140625 301.8802490234375 301.9520263671875 301.7254638671875 301.7080078125 301.5361328125 301.53228759765625
-9999 -9999 -9999 -9999 -9999 -9999 -9999 -9999 290.149688720703125 290.2210693359375 292.5201416015625 294.81597900390625 295.0885009765625 296.180145263671875 299.827423095703125 300.11163330078125 300.19268798828125 300.399505615234375 300.825164794921875 301.08056640625 301.27972412109375 301.329742431640625 301.520965576171875 301.530914306640625 301.28973388671875 301.04071044921875 300.802581787109375 300.83392333984375 300.4281005859375 300.282073974609375 300.22955322265625 300.6724853515625 301.035552978515625 301.1307373046875 301.303863525390625 301.4530029296875 301.546173095703125 301.737060546875 301.7056884765625 301.794403076171875 301.7562255859375 301.64300537109375 301.69775390625 301.488525390625 301.4525146484375 301.299407958984375 301.307891845703125
-9999 -9999 -9999 -9999 -9999 -9999 -9999 290.3009033203125 290.017242431640625 290.0672607421875 292.563323974609375 294.75543212890625 294.91693115234375 298.884765625 299.66046142578125 299.767791748046875 299.89569091796875 300.20196533203125 300.66693115234375 300.802642822265625 300.9879150390625 301.107940673828125 301.263702392578125 301.24237060546875 300.9566650390625 300.698028564453125 300.451171875 300.538330078125 300.319061279296875 300.096710205078125 300.121734619140625 300.58251953125 300.9632568359375 301.0037841796875 301.139617919921875 301.325286865234375 301.382415771484375 301.55023193359375 301.504974365234375 301.5379638671875 301.49102783203125 301.3681640625 301.400665283203125 301.25128173828125 301.196685791015625 301.099609375 301.08856201171875
-9999 -9999 -9999 -9999 -9999 -9999 290.713043212890625 290.5748291015625 290.177734375 290.58343505859375 293.273284912109375 294.657196044921875 294.712860107421875 299.29718017578125 299.418701171875 299.404998779296875 299.486602783203125 299.86114501953125 300.39520263671875 300.61749267578125 300.738555908203125 300.829925537109375 300.950897216796875 300.911224365234375 300.58599853515625 300.247222900390625 300.02490234375 300.095428466796875 299.89312744140625 299.8643798828125 300.082305908203125 300.548095703125 300.8668212890625 300.950927734375 301.036773681640625 301.17132568359375 301.2369384765625 301.347442626953125 301.28533935546875 301.27911376953125 301.18035888671875 301.093017578125 301.12005615234375 300.9951171875 300.94049072265625 300.8995361328125 300.879486083984375
-9999 -9999 -9999 -9999 -9999 -9999 292.023162841796875 291.816650390625 291.52423095703125 291.7322998046875 293.423828125 294.2232666015625 297.60833740234375 299.047271728515625 298.8040771484375 298.802490234375 299.133026123046875 299.595062255859375 300.041595458984375 300.338897705078125 300.4495849609375 300.663299560546875 300.686309814453125 300.571136474609375 300.32672119140625 299.720733642578125 299.412109375 299.19927978515625 299.206085205078125 299.570281982421875 300.069091796875 300.587890625 300.849945068359375 300.91644287109375 300.97723388671875 301.054473876953125 301.05389404296875 301.103302001953125 301.1317138671875 301.074951171875 300.9114990234375 300.854827880859375 300.867767333984375 300.77587890625 300.735321044921875 300.69915771484375 300.6549072265625
-9999 -9999 -9999 -9999 -9999 291.51739501953125 292.77752685546875 292.89044189453125 292.65673828125 292.58270263671875 293.153045654296875 293.900634765625 297.44390869140625 298.240509033203125 297.853912353515625 298.13690185546875 299.207427978515625 299.7198486328125 299.912261962890625 300.05072021484375 300.00067138671875 300.06829833984375 300.193267822265625 300.056182861328125 299.9189453125 298.6239013671875 297.7012939453125 297.534698486328125 298.37115478515625 299.377960205078125 300.10369873046875 300.461578369140625 300.722076416015625 300.80926513671875 300.831756591796875 300.814117431640625 300.70556640625 300.615386962890625 300.616302490234375 300.580352783203125 300.522247314453125 300.45196533203125 300.42706298828125 300.29925537109375 300.25067138671875 300.24163818359375 300.25146484375
-9999 -9999 -9999 -9999 -9999 291.366241455078125 292.59515380859375 292.80181884765625 292.675811767578125 292.6060791015625 292.645111083984375 295.26312255859375 297.55084228515625 297.49920654296875 297.703125 298.17706298828125 299.28076171875 299.728179931640625 299.881011962890625 299.8363037109375 299.5120849609375 299.211639404296875 299.406036376953125 299.309295654296875 299.584197998046875 297.7613525390625 296.4915771484375 297.15289306640625 298.80059814453125 299.480499267578125 300.019927978515625 300.3699951171875 300.57867431640625 300.66204833984375 300.67059326171875 300.631317138671875 300.614715576171875 300.502471923828125 300.5257568359375 300.437103271484375 300.308868408203125 300.30596923828125 300.170166015625 300.06048583984375 299.9798583984375 299.984466552734375 299.96728515625
