INPUT/RASTER/maxent_background_data/BIO16.asc
ncols        225
nrows        269
xllcorner    473009.983799999987
yllcorner    4429051.174800000153
cellsize     50.000000000000
NODATA_value  -9999
[rows 105 to 125 of 269, columns 46 to 91 of 225]
317.61932373046875 317.244110107421875 317.2288818359375 317.7862548828125 318.53289794921875 318.978118896484375 318.7430419921875 318.2703857421875 317.900848388671875 317.89788818359375 317.451019287109375 317.067169189453125 316.797821044921875 316.681884765625 316.560333251953125 316.379913330078125 316.214080810546875 315.99822998046875 315.589263916015625 315.20501708984375 314.586273193359375 314.316253662109375 314.578033447265625 314.8875732421875 314.936676025390625 314.870147705078125 314.739990234375 314.50286865234375 314.063812255859375 313.31561279296875 312.417205810546875 311.724365234375 311.347381591796875 311.1116943359375 311.17974853515625 311.468414306640625 312.03570556640625 312.63031005859375 313.126312255859375 313.599945068359375 313.81390380859375 313.727569580078125 313.47332763671875 313.230926513671875 313.195343017578125 313.5679931640625
317.448211669921875 317.0396728515625 316.886871337890625 317.226959228515625 317.73004150390625 317.995880126953125 317.799224853515625 317.666046142578125 317.80291748046875 318.055572509765625 317.285400390625 316.593353271484375 316.4439697265625 316.399688720703125 316.33489990234375 316.193206787109375 316.02655029296875 315.757568359375 315.338226318359375 314.973846435546875 314.348388671875 313.988067626953125 314.229156494140625 314.655609130859375 314.802032470703125 314.772216796875 314.665008544921875 314.44427490234375 314.032440185546875 313.377410888671875 312.562774658203125 311.8511962890625 311.34454345703125 310.9986572265625 311.098785400390625 311.482940673828125 312.11737060546875 312.6319580078125 313.12164306640625 313.72442626953125 314.119720458984375 313.963165283203125 313.561981201171875 313.22552490234375 313.3699951171875 314.269287109375
317.19781494140625 316.86309814453125 316.658905029296875 316.772705078125 316.992156982421875 317.119140625 317.044891357421875 317.063385009765625 317.38690185546875 317.813018798828125 316.972503662109375 316.16363525390625 316.11810302734375 316.1502685546875 316.11883544921875 316.013397216796875 315.8447265625 315.5511474609375 315.1187744140625 314.773529052734375 314.118927001953125 313.589019775390625 313.699005126953125 314.221649169921875 314.487579345703125 314.50189208984375 314.433074951171875 314.237640380859375 313.821990966796875 313.218963623046875 312.48992919921875 311.81121826171875 311.286529541015625 310.939788818359375 311.082489013671875 311.556365966796875 312.193389892578125 312.63232421875 313.029571533203125 313.64044189453125 314.2255859375 314.134307861328125 313.709259033203125 313.32379150390625 313.529327392578125 314.61077880859375
316.980499267578125 316.73162841796875 316.52130126953125 316.489501953125 316.52197265625 316.557830810546875 316.541961669921875 316.587188720703125 316.835113525390625 317.0701904296875 316.177032470703125 315.5205078125 315.74066162109375 315.922088623046875 315.986480712890625 315.907928466796875 315.69195556640625 315.372833251953125 314.951324462890625 314.59173583984375 313.87677001953125 313.1737060546875 313.0986328125 313.601318359375 313.858642578125 313.859344482421875 313.82220458984375 313.72283935546875 313.341033935546875 312.779327392578125 312.14178466796875 311.541717529296875 311.076171875 310.858673095703125 311.119964599609375 311.62603759765625 312.147064208984375 312.48687744140625 312.835418701171875 313.448883056640625 314.152496337890625 314.187591552734375 313.9012451171875 313.654022216796875 313.884735107421875 314.689605712890625
316.7913818359375 316.56744384765625 316.33001708984375 316.2193603515625 316.183624267578125 316.12652587890625 316.0576171875 316.03680419921875 316.0789794921875 316.12298583984375 315.375335693359375 314.99822998046875 315.493896484375 315.821807861328125 315.92169189453125 315.815948486328125 315.581268310546875 315.239166259765625 314.760467529296875 314.357452392578125 313.604095458984375 312.80157470703125 312.526611328125 312.98406982421875 313.252532958984375 313.236907958984375 313.172882080078125 313.013763427734375 312.603973388671875 312.09649658203125 311.564605712890625 311.113555908203125 310.82293701171875 310.813568115234375 311.163848876953125 311.59136962890625 311.95550537109375 312.20318603515625 312.535888671875 313.0853271484375 313.75274658203125 313.87738037109375 313.71453857421875 313.650787353515625 313.911224365234375 314.28704833984375
316.605712890625 316.339569091796875 316.017608642578125 315.86981201171875 315.81268310546875 315.69927978515625 315.5582275390625 315.46588134765625 315.38055419921875 315.399505615234375 315.0372314453125 314.795684814453125 315.3592529296875 315.76824951171875 315.848419189453125 315.714996337890625 315.490966796875 315.127899169921875 314.5419921875 314.081298828125 313.311614990234375 312.46099853515625 311.984466552734375 312.3521728515625 312.70782470703125 312.757232666015625 312.65850830078125 312.3621826171875 311.866729736328125 311.368408203125 310.913787841796875 310.617767333984375 310.55731201171875 310.7437744140625 311.094482421875 311.4344482421875 311.717864990234375 311.914886474609375 312.1708984375 312.56640625 313.05633544921875 313.162933349609375 313.09832763671875 313.108123779296875 313.32989501953125 313.564483642578125
316.458099365234375 316.097076416015625 315.686676025390625 315.52496337890625 315.460418701171875 315.351226806640625 315.199554443359375 315.086151123046875 314.966949462890625 315.02935791015625 315.070404052734375 314.740997314453125 315.122833251953125 315.584564208984375 315.7239990234375 315.5950927734375 315.372833251953125 314.98834228515625 314.36541748046875 313.887847900390625 313.10345458984375 312.2294921875 311.627960205078125 311.784576416015625 312.17041015625 312.329833984375 312.291046142578125 311.950408935546875 311.34149169921875 310.826873779296875 310.427734375 310.220794677734375 310.282501220703125 310.58447265625 310.94268798828125 311.2845458984375 311.552398681640625 311.69696044921875 311.8585205078125 312.133453369140625 312.458984375 312.573394775390625 312.625335693359375 312.62396240234375 312.6837158203125 312.813995361328125
316.243377685546875 315.868408203125 315.475738525390625 315.311370849609375 315.24298095703125 315.123931884765625 314.94195556640625 314.82861328125 314.7054443359375 314.748687744140625 314.879241943359375 314.54107666015625 314.76556396484375 315.244903564453125 315.49407958984375 315.39178466796875 315.172149658203125 314.80914306640625 314.20489501953125 313.730712890625 312.990020751953125 312.172698974609375 311.43994140625 311.23529052734375 311.540069580078125 311.791961669921875 311.84881591796875 311.5115966796875 310.854095458984375 310.359771728515625 310.01922607421875 309.88433837890625 310.00238037109375 310.40869140625 310.816009521484375 311.18182373046875 311.40667724609375 311.48907470703125 311.59521484375 311.80706787109375 312.0635986328125 312.236114501953125 312.322021484375 312.2950439453125 312.251251220703125 312.30560302734375
315.854248046875 315.567535400390625 315.265167236328125 315.11541748046875 315.037322998046875 314.927886962890625 314.7462158203125 314.635284423828125 314.517303466796875 314.5103759765625 314.58349609375 314.25543212890625 314.43804931640625 314.850738525390625 315.162994384765625 315.11102294921875 314.91827392578125 314.62664794921875 314.0833740234375 313.619354248046875 312.955810546875 312.297454833984375 311.462066650390625 310.831024169921875 310.90435791015625 311.136810302734375 311.242156982421875 310.98785400390625 310.422454833984375 309.918243408203125 309.66058349609375 309.67889404296875 309.90386962890625 310.36798095703125 310.79534912109375 311.081878662109375 311.213287353515625 311.257080078125 311.32781982421875 311.478759765625 311.773193359375 312.046661376953125 312.14691162109375 312.127777099609375 312.087493896484375 312.11199951171875
315.44952392578125 315.2484130859375 315.011016845703125 314.87799072265625 314.7890625 314.70111083984375 314.567230224609375 314.4765625 314.36859130859375 314.335601806640625 314.3641357421875 313.967559814453125 314.063018798828125 314.415252685546875 314.7874755859375 314.777191162109375 314.627716064453125 314.405609130859375 313.979705810546875 313.5882568359375 313.02520751953125 312.5015869140625 311.689422607421875 310.723388671875 310.484771728515625 310.599639892578125 310.71246337890625 310.558135986328125 310.049041748046875 309.53204345703125 309.409027099609375 309.62445068359375 310.00146484375 310.389862060546875 310.732208251953125 310.940277099609375 311.012603759765625 311.032379150390625 311.0650634765625 311.159332275390625 311.5380859375 311.9385986328125 312.107421875 312.1177978515625 312.08099365234375 312.086517333984375
315.223358154296875 315.064910888671875 314.869384765625 314.752197265625 314.685272216796875 314.624542236328125 314.532257080078125 314.413543701171875 314.258331298828125 314.21435546875 314.239593505859375 313.850738525390625 313.82958984375 314.10357666015625 314.4283447265625 314.40753173828125 314.27130126953125 314.100982666015625 313.8062744140625 313.5267333984375 313.07781982421875 312.60601806640625 311.860748291015625 310.769683837890625 310.1961669921875 310.170684814453125 310.276336669921875 310.107330322265625 309.614227294921875 309.232696533203125 309.27557373046875 309.56060791015625 309.9830322265625 310.2357177734375 310.464385986328125 310.7001953125 310.761138916015625 310.74395751953125 310.8184814453125 310.994049072265625 311.403228759765625 311.823699951171875 312.012115478515625 312.012847900390625 311.975830078125 312.00164794921875
315.46612548828125 315.2752685546875 315.101654052734375 315.04071044921875 315.045166015625 315.0404052734375 314.961334228515625 314.64117431640625 314.2918701171875 314.27203369140625 314.416107177734375 314.29119873046875 313.91668701171875 313.93450927734375 313.980194091796875 313.862457275390625 313.76806640625 313.699005126953125 313.544097900390625 313.361358642578125 313.000396728515625 312.519683837890625 311.770111083984375 310.657012939453125 309.8746337890625 309.692535400390625 309.681243896484375 309.498626708984375 309.118499755859375 308.90924072265625 309.088531494140625 309.38360595703125 309.73992919921875 309.9473876953125 310.162567138671875 310.378692626953125 310.3477783203125 310.2884521484375 310.52374267578125 310.827545166015625 311.263885498046875 311.664276123046875 311.769622802734375 311.71368408203125 311.682861328125 311.738189697265625
315.40863037109375 315.19976806640625 315.06939697265625 315.11260986328125 315.213348388671875 315.262939453125 315.22772216796875 315.05853271484375 314.914093017578125 314.96282958984375 315.1396484375 315.07373046875 314.3148193359375 313.859649658203125 313.533233642578125 313.333831787109375 313.318145751953125 313.33428955078125 313.243499755859375 313.11004638671875 312.793609619140625 312.30291748046875 311.532501220703125 310.5008544921875 309.7242431640625 309.427001953125 309.193511962890625 308.911346435546875 308.636138916015625 308.5264892578125 308.73468017578125 308.98187255859375 309.292633056640625 309.59228515625 309.836639404296875 309.903717041015625 309.75799560546875 309.795654296875 310.226776123046875 310.594024658203125 311.012725830078125 311.376739501953125 311.380523681640625 311.261871337890625 311.2366943359375 311.291748046875
314.858154296875 314.733245849609375 314.73004150390625 314.923065185546875 315.11920166015625 315.226898193359375 315.254241943359375 315.28033447265625 315.357025146484375 315.4354248046875 315.547119140625 315.627899169921875 315.296173095703125 314.290313720703125 313.2470703125 312.927215576171875 312.99884033203125 313.052825927734375 312.976715087890625 312.855316162109375 312.5386962890625 312.039154052734375 311.3187255859375 310.426788330078125 309.695159912109375 309.330078125 308.93499755859375 308.500457763671875 308.256072998046875 308.249359130859375 308.40435791015625 308.54852294921875 308.802459716796875 309.1888427734375 309.377288818359375 309.231201171875 309.205078125 309.51287841796875 309.98052978515625 310.327789306640625 310.660064697265625 310.926605224609375 310.9222412109375 310.82366943359375 310.807037353515625 310.810455322265625
314.279510498046875 314.27679443359375 314.470977783203125 314.834869384765625 315.1016845703125 315.26324462890625 315.33544921875 315.39208984375 315.46087646484375 315.492095947265625 315.523040771484375 315.644500732421875 315.686431884765625 314.92803955078125 313.313201904296875 312.6358642578125 312.752105712890625 312.81939697265625 312.750640869140625 312.645721435546875 312.3404541015625 311.7950439453125 311.114166259765625 310.32537841796875 309.578033447265625 309.1632080078125 308.70654296875 308.23553466796875 308.040740966796875 308.096771240234375 308.20513916015625 308.283599853515625 308.469879150390625 308.8072509765625 308.85614013671875 308.5963134765625 308.8192138671875 309.324310302734375 309.692169189453125 310.009063720703125 310.299835205078125 310.453887939453125 310.4681396484375 310.436492919921875 310.45758056640625 310.460784912109375
313.80084228515625 313.858795166015625 314.308563232421875 314.839569091796875 315.131195068359375 315.322357177734375 315.42352294921875 315.517791748046875 315.551788330078125 315.499114990234375 315.4193115234375 315.35455322265625 315.325836181640625 315.071807861328125 313.772064208984375 312.57806396484375 312.538360595703125 312.583648681640625 312.53668212890625 312.4647216796875 312.2022705078125 311.62652587890625 310.93017578125 310.134246826171875 309.325653076171875 308.88922119140625 308.431549072265625 307.987945556640625 307.862579345703125 307.965423583984375 308.069122314453125 308.130584716796875 308.25091552734375 308.415008544921875 308.33258056640625 308.1510009765625 308.48956298828125 308.973876953125 309.2730712890625 309.634857177734375 309.956024169921875 310.040008544921875 310.072723388671875 310.098968505859375 310.150360107421875 310.16595458984375
313.327239990234375 313.4454345703125 314.1815185546875 314.837066650390625 315.113189697265625 315.34051513671875 315.479339599609375 315.581207275390625 315.5440673828125 315.3994140625 315.109527587890625 314.786468505859375 314.6409912109375 314.49615478515625 314.019561767578125 313.010711669921875 312.64495849609375 312.443145751953125 312.2364501953125 312.186676025390625 311.982147216796875 311.503265380859375 310.81524658203125 309.907470703125 309.0592041015625 308.65655517578125 308.2041015625 307.731170654296875 307.656982421875 307.812103271484375 307.916534423828125 307.952728271484375 308.02325439453125 308.062957763671875 307.984588623046875 307.962310791015625 308.2515869140625 308.7198486328125 309.38543701171875 309.876068115234375 310.131256103515625 310.212188720703125 310.370330810546875 310.50836181640625 310.533477783203125 310.384521484375
313.09130859375 313.282012939453125 314.044097900390625 314.676300048828125 314.9356689453125 315.1275634765625 315.254241943359375 315.3560791015625 315.2735595703125 315.015625 314.47802734375 313.954254150390625 313.730377197265625 313.6475830078125 313.561553955078125 313.4666748046875 313.5458984375 313.046722412109375 312.06329345703125 311.7757568359375 311.539825439453125 311.170928955078125 310.641815185546875 309.83538818359375 309.00640869140625 308.60211181640625 308.088043212890625 307.614990234375 307.59649658203125 307.746063232421875 307.823211669921875 307.865570068359375 308.361602783203125 308.630523681640625 308.6226806640625 308.70391845703125 308.93646240234375 309.48956298828125 310.63494873046875 311.188812255859375 311.2808837890625 311.34942626953125 311.630401611328125 311.9034423828125 311.94403076171875 311.515411376953125
313.038177490234375 313.287322998046875 313.976348876953125 314.4552001953125 314.647125244140625 314.75689697265625 314.833099365234375 314.91094970703125 314.8079833984375 314.467254638671875 313.96881103515625 313.470947265625 313.19744873046875 313.14111328125 313.192169189453125 313.27484130859375 313.445404052734375 313.51519775390625 312.742095947265625 312.0367431640625 311.3153076171875 310.91094970703125 310.548492431640625 309.866424560546875 309.148223876953125 308.73236083984375 308.140777587890625 308.097137451171875 308.4290771484375 308.57476806640625 308.603485107421875 308.680389404296875 309.499237060546875 309.962982177734375 310.025665283203125 310.180633544921875 310.42034912109375 310.685333251953125 311.113739013671875 311.343475341796875 311.360321044921875 311.39605712890625 311.591278076171875 311.81304931640625 311.84600830078125 311.38897705078125
312.991302490234375 313.28778076171875 313.857391357421875 314.21258544921875 314.355499267578125 314.435516357421875 314.491851806640625 314.541168212890625 314.43548583984375 314.114501953125 313.65667724609375 313.097076416015625 312.72625732421875 312.64202880859375 312.745574951171875 312.879119873046875 313.08758544921875 313.393463134765625 313.419219970703125 312.766204833984375 311.545806884765625 311.192474365234375 311.27490234375 310.74481201171875 310.1431884765625 309.689483642578125 309.002227783203125 309.09625244140625 309.548187255859375 309.695587158203125 309.720062255859375 309.76116943359375 310.04144287109375 310.239471435546875 310.345062255859375 310.55291748046875 310.79217529296875 310.93096923828125 311.05401611328125 311.129486083984375 311.13201904296875 311.14349365234375 311.171417236328125 311.21392822265625 311.151947021484375 310.793243408203125
312.9677734375 313.349884033203125 313.76678466796875 313.95318603515625 314.037261962890625 314.091400146484375 314.13446044921875 314.159210205078125 314.051605224609375 313.78240966796875 313.351409912109375 312.713134765625 312.244171142578125 312.107666015625 312.18072509765625 312.3433837890625 312.6097412109375 313.02197265625 313.34259033203125 313.196990966796875 312.456024169921875 312.256103515625 312.440948486328125 311.933624267578125 311.376434326171875 310.92236328125 310.2432861328125 309.697235107421875 309.6134033203125 309.73797607421875 309.81072998046875 309.863494873046875 309.99078369140625 310.15692138671875 310.312286376953125 310.52203369140625 310.728118896484375 310.82818603515625 310.878692626953125 310.871490478515625 310.862884521484375 310.850189208984375 310.7593994140625 310.667327880859375 310.54217529296875 310.276763916015625
