INPUT/RASTER/maxent_background_data/BIO16.asc
ncols        225
nrows        269
xllcorner    473009.983799999987
yllcorner    4429051.174800000153
cellsize     50.000000000000
NODATA_value  -9999
[rows 21 to 41 of 269, columns 46 to 91 of 225]
320.518524169921875 320.5208740234375 320.529327392578125 320.5172119140625 320.527069091796875 320.582489013671875 320.622406005859375 320.633148193359375 320.62506103515625 320.619873046875 320.575164794921875 320.569549560546875 320.580718994140625 320.60357666015625 320.635223388671875 320.67486572265625 320.7225341796875 320.836151123046875 321.04498291015625 321.292449951171875 321.5721435546875 321.7734375 321.917022705078125 321.929718017578125 321.8756103515625 323.22161865234375 324.869110107421875 324.91741943359375 324.769561767578125 324.66656494140625 324.63275146484375 324.571197509765625 324.647308349609375 325.300811767578125 325.761077880859375 325.642547607421875 325.31658935546875 324.9349365234375 324.410186767578125 323.87506103515625 323.79193115234375 324.2264404296875 324.5501708984375 324.544281005859375 324.256134033203125 323.887359619140625
320.5035400390625 320.5679931640625 320.57977294921875 320.554595947265625 320.531890869140625 320.569976806640625 320.62335205078125 320.63421630859375 320.644439697265625 320.662567138671875 320.638397216796875 320.671142578125 320.718475341796875 320.762969970703125 320.800750732421875 320.852813720703125 320.902191162109375 321.021148681640625 321.230987548828125 321.438262939453125 321.617645263671875 321.7431640625 321.858184814453125 321.917266845703125 321.881805419921875 322.488250732421875 324.24310302734375 324.704254150390625 324.52880859375 324.3934326171875 324.37884521484375 324.36163330078125 324.3564453125 324.600494384765625 324.97552490234375 325.32769775390625 325.241546630859375 324.9263916015625 324.464630126953125 323.921142578125 323.61846923828125 323.867156982421875 324.279083251953125 324.28387451171875 323.92950439453125 323.5233154296875
320.54010009765625 320.634002685546875 320.631378173828125 320.591949462890625 320.536651611328125 320.549041748046875 320.61279296875 320.662353515625 320.696746826171875 320.72186279296875 320.725006103515625 320.803741455078125 320.883453369140625 320.94488525390625 320.983001708984375 321.01678466796875 321.0675048828125 321.18280029296875 321.376434326171875 321.51239013671875 321.566864013671875 321.6116943359375 321.711029052734375 321.8353271484375 321.8336181640625 321.88177490234375 323.73895263671875 324.54986572265625 324.3485107421875 324.17156982421875 324.152252197265625 324.168701171875 324.135009765625 324.07568359375 324.15789794921875 324.85675048828125 325.148712158203125 324.85546875 324.339263916015625 323.75970458984375 323.4215087890625 323.656036376953125 324.08990478515625 324.060760498046875 323.623138427734375 323.144287109375
320.6336669921875 320.7110595703125 320.676025390625 320.619781494140625 320.53253173828125 320.50653076171875 320.59283447265625 320.726348876953125 320.82452392578125 320.8653564453125 320.91278076171875 321.0198974609375 321.113494873046875 321.1783447265625 321.195953369140625 321.19744873046875 321.221099853515625 321.2862548828125 321.39013671875 321.40704345703125 321.3363037109375 321.332672119140625 321.471466064453125 321.636749267578125 321.631378173828125 321.6796875 323.540679931640625 324.360321044921875 324.143218994140625 323.950897216796875 323.934783935546875 323.97515869140625 323.975921630859375 323.945709228515625 323.85150146484375 324.45147705078125 324.98541259765625 324.69091796875 324.0858154296875 323.4820556640625 323.22784423828125 323.56829833984375 323.940765380859375 323.860595703125 323.414337158203125 322.966217041015625
320.7110595703125 320.741790771484375 320.688629150390625 320.615386962890625 320.496124267578125 320.45623779296875 320.590576171875 320.861175537109375 321.106109619140625 321.215301513671875 321.312164306640625 321.408203125 321.490570068359375 321.539886474609375 321.4893798828125 321.43292236328125 321.357574462890625 321.28857421875 321.159698486328125 320.94921875 320.7987060546875 320.80657958984375 320.98876953125 321.115478515625 321.02716064453125 321.1395263671875 323.090362548828125 323.959228515625 323.821380615234375 323.6876220703125 323.68505859375 323.744842529296875 323.777099609375 323.761749267578125 323.6876220703125 323.7811279296875 324.392730712890625 324.351806640625 323.736663818359375 323.217041015625 323.0579833984375 323.279632568359375 323.49591064453125 323.471466064453125 323.263275146484375 323.040191650390625
320.553924560546875 320.61083984375 320.60736083984375 320.583953857421875 320.52777099609375 320.505096435546875 320.6807861328125 321.03271484375 321.360687255859375 321.518768310546875 321.6416015625 321.713287353515625 321.767547607421875 321.785797119140625 321.65533447265625 321.549041748046875 321.395416259765625 321.22711181640625 320.98236083984375 320.678497314453125 320.499267578125 320.46881103515625 320.52264404296875 320.48779296875 320.37469482421875 320.965087890625 322.877288818359375 323.558074951171875 323.490631103515625 323.435302734375 323.48876953125 323.605499267578125 323.677459716796875 323.6802978515625 323.616119384765625 323.444061279296875 323.64422607421875 324.1031494140625 323.642486572265625 323.185394287109375 322.9776611328125 322.9547119140625 323.022613525390625 323.1043701171875 323.143463134765625 323.06903076171875
320.23175048828125 320.441162109375 320.557159423828125 320.603485107421875 320.651031494140625 320.748931884765625 320.99090576171875 321.305938720703125 321.6253662109375 321.795013427734375 321.886932373046875 321.8953857421875 321.872100830078125 321.81805419921875 321.651153564453125 321.51751708984375 321.334503173828125 321.1319580078125 320.834320068359375 320.5067138671875 320.30865478515625 320.241851806640625 320.19256591796875 320.0400390625 319.983428955078125 321.420989990234375 323.036163330078125 323.1947021484375 323.144256591796875 323.15069580078125 323.304107666015625 323.547882080078125 323.681121826171875 323.694183349609375 323.63372802734375 323.43194580078125 323.363067626953125 323.733734130859375 323.52349853515625 323.171234130859375 322.830810546875 322.58599853515625 322.631561279296875 322.8360595703125 322.984283447265625 322.9586181640625
319.839752197265625 320.185211181640625 320.535919189453125 320.70538330078125 320.8973388671875 321.12994384765625 321.393890380859375 321.654693603515625 321.943328857421875 322.093597412109375 322.0880126953125 321.997100830078125 321.884918212890625 321.737945556640625 321.5394287109375 321.40679931640625 321.220428466796875 320.997833251953125 320.660919189453125 320.29180908203125 320.071624755859375 319.99969482421875 319.937469482421875 319.791259765625 320.05224609375 321.8272705078125 322.918365478515625 322.88177490234375 322.84649658203125 322.88165283203125 323.125579833984375 323.49530029296875 323.69891357421875 323.735595703125 323.672332763671875 323.445404052734375 323.16497802734375 323.023345947265625 322.89178466796875 322.597320556640625 322.159759521484375 321.78985595703125 322.069915771484375 322.54046630859375 322.72344970703125 322.712738037109375
319.547882080078125 319.92156982421875 320.420257568359375 320.706146240234375 321.11944580078125 321.519805908203125 321.819580078125 322.05059814453125 322.2965087890625 322.397979736328125 322.274505615234375 322.07086181640625 321.866241455078125 321.628326416015625 321.3802490234375 321.2431640625 321.05499267578125 320.817626953125 320.442626953125 320.016326904296875 319.78021240234375 319.7216796875 319.702117919921875 319.656219482421875 320.512481689453125 322.396209716796875 322.733306884765625 322.601837158203125 322.58270263671875 322.6416015625 322.9573974609375 323.415985107421875 323.677276611328125 323.74224853515625 323.666748046875 323.409271240234375 323.015869140625 322.539703369140625 322.015350341796875 321.513946533203125 321.059173583984375 320.669342041015625 321.140655517578125 321.81768798828125 322.0186767578125 322.032196044921875
319.71075439453125 320.082122802734375 320.444671630859375 320.70458984375 321.20281982421875 321.73431396484375 322.157318115234375 322.3795166015625 322.535400390625 322.561370849609375 322.375518798828125 322.084991455078125 321.7987060546875 321.470489501953125 321.158111572265625 320.997528076171875 320.80169677734375 320.556121826171875 320.146240234375 319.66448974609375 319.39434814453125 319.34063720703125 319.388519287109375 319.639404296875 321.171142578125 322.529022216796875 322.494720458984375 322.3399658203125 322.334808349609375 322.414215087890625 322.728607177734375 323.18182373046875 323.482147216796875 323.5557861328125 323.484222412109375 323.2032470703125 322.71746826171875 322.088104248046875 321.509765625 321.104522705078125 320.7310791015625 320.351715087890625 320.353363037109375 320.568634033203125 320.7294921875 320.754913330078125
320.42913818359375 320.796142578125 321.046844482421875 321.193603515625 321.40313720703125 321.733062744140625 322.110870361328125 322.28741455078125 322.321014404296875 322.307159423828125 322.240997314453125 321.965179443359375 321.670166015625 321.288909912109375 320.92462158203125 320.7271728515625 320.476654052734375 320.185333251953125 319.782958984375 319.30694580078125 318.960906982421875 318.850189208984375 318.878936767578125 319.57342529296875 321.84185791015625 322.410308837890625 322.20391845703125 322.107208251953125 322.114959716796875 322.2198486328125 322.48468017578125 322.8677978515625 323.149139404296875 323.210205078125 323.1385498046875 322.83367919921875 322.23065185546875 321.611358642578125 321.20465087890625 320.930328369140625 320.64495849609375 320.340057373046875 320.270172119140625 320.408599853515625 320.580291748046875 320.57720947265625
321.25128173828125 321.590118408203125 321.703521728515625 321.7005615234375 321.7113037109375 321.78155517578125 321.893341064453125 321.973663330078125 321.920440673828125 321.85577392578125 321.762786865234375 321.54364013671875 321.3997802734375 321.134735107421875 320.809417724609375 320.588531494140625 320.26812744140625 319.925048828125 319.533538818359375 319.08697509765625 318.71893310546875 318.546234130859375 318.527923583984375 319.8741455078125 321.756317138671875 322.088409423828125 321.97503662109375 321.9298095703125 321.97314453125 322.128326416015625 322.41351318359375 322.735809326171875 322.935333251953125 322.968414306640625 322.87115478515625 322.5145263671875 321.941314697265625 321.49176025390625 321.191070556640625 320.884735107421875 320.612396240234375 320.314697265625 320.2584228515625 320.402435302734375 320.56085205078125 320.58001708984375
321.6441650390625 321.87469482421875 321.86553955078125 321.8040771484375 321.75775146484375 321.776397705078125 321.79034423828125 321.77947998046875 321.707000732421875 321.59014892578125 321.327392578125 321.09124755859375 320.967987060546875 320.895782470703125 320.7059326171875 320.528106689453125 320.2548828125 319.914459228515625 319.460662841796875 318.98876953125 318.662200927734375 318.49566650390625 318.654876708984375 320.62445068359375 321.96307373046875 321.95050048828125 321.84991455078125 321.831024169921875 321.911529541015625 322.09088134765625 322.378662109375 322.6494140625 322.76666259765625 322.743072509765625 322.55621337890625 322.143280029296875 321.769775390625 321.453521728515625 321.28662109375 -9999 -9999 -9999 -9999 320.389556884765625 320.470855712890625 320.505706787109375
321.73980712890625 321.805450439453125 321.699859619140625 321.65374755859375 321.64892578125 321.644775390625 321.573699951171875 321.51123046875 321.47808837890625 321.3558349609375 321.102508544921875 320.8802490234375 320.7100830078125 320.584320068359375 320.34716796875 320.262603759765625 320.12042236328125 319.825439453125 319.365234375 318.898529052734375 318.588775634765625 318.398895263671875 319.033172607421875 321.070220947265625 321.928466796875 321.82568359375 321.709075927734375 321.706390380859375 321.859588623046875 322.11328125 322.3922119140625 322.59234619140625 322.605133056640625 322.492431640625 322.217559814453125 321.86639404296875 321.7330322265625 -9999 -9999 -9999 -9999 -9999 -9999 -9999 320.342315673828125 320.3699951171875
321.601104736328125 321.5400390625 321.415618896484375 321.386260986328125 321.3931884765625 321.344573974609375 321.239013671875 321.167694091796875 321.1307373046875 321.038970947265625 320.872406005859375 320.72491455078125 320.65008544921875 320.4903564453125 320.128753662109375 319.933990478515625 319.682830810546875 319.44256591796875 319.116241455078125 318.7344970703125 318.402862548828125 318.155853271484375 318.532012939453125 320.29833984375 321.6119384765625 321.753570556640625 321.608795166015625 321.624053955078125 321.869476318359375 322.1739501953125 322.4317626953125 322.550994873046875 322.4183349609375 322.215301513671875 321.978790283203125 321.701141357421875 321.64361572265625 -9999 -9999 -9999 -9999 -9999 -9999 -9999 320.28564453125 320.278289794921875
321.376922607421875 321.237030029296875 321.117889404296875 321.074462890625 321.038330078125 320.940704345703125 320.8492431640625 320.784881591796875 320.719818115234375 320.6629638671875 320.5931396484375 320.49725341796875 320.49334716796875 320.399810791015625 320.011688232421875 319.700897216796875 319.3343505859375 319.065643310546875 318.742889404296875 318.465667724609375 318.193328857421875 317.995819091796875 317.904693603515625 318.679962158203125 320.0693359375 -9999 -9999 -9999 322.072723388671875 322.201507568359375 322.4342041015625 322.454315185546875 322.244476318359375 322.02520751953125 321.835693359375 321.63604736328125 321.570037841796875 -9999 -9999 -9999 -9999 -9999 -9999 -9999 -9999 -9999
321.15411376953125 320.96722412109375 320.81597900390625 320.71612548828125 320.59747314453125 320.502410888671875 320.456573486328125 320.37652587890625 320.2901611328125 320.25433349609375 320.233917236328125 320.18084716796875 320.1578369140625 320.066802978515625 319.738433837890625 319.488006591796875 319.195281982421875 318.922454833984375 318.592193603515625 318.357177734375 318.11737060546875 317.966949462890625 317.823516845703125 317.85345458984375 319.10174560546875 -9999 -9999 -9999 -9999 -9999 -9999 322.361236572265625 322.162567138671875 321.9619140625 321.77252197265625 321.69036865234375 -9999 -9999 -9999 -9999 -9999 -9999 -9999 -9999 -9999 -9999
320.884521484375 320.68157958984375 320.4715576171875 320.2974853515625 320.0963134765625 320.027862548828125 320.005645751953125 319.8931884765625 319.799957275390625 319.77154541015625 319.78057861328125 319.812255859375 319.8367919921875 319.79058837890625 319.604522705078125 319.423858642578125 319.16656494140625 318.917877197265625 318.626190185546875 318.349822998046875 318.11920166015625 317.9996337890625 317.89276123046875 318.090484619140625 -9999 -9999 -9999 -9999 -9999 -9999 -9999 -9999 -9999 -9999 -9999 -9999 -9999 -9999 -9999 -9999 -9999 -9999 -9999 -9999 -9999 -9999
320.628753662109375 320.43194580078125 320.204437255859375 319.99493408203125 319.7657470703125 319.7027587890625 319.66680908203125 319.579742431640625 319.527587890625 319.533294677734375 319.58026123046875 319.626922607421875 319.676300048828125 319.695556640625 319.589447021484375 319.437652587890625 319.173828125 318.929046630859375 318.628662109375 318.324432373046875 318.63494873046875 319.007904052734375 319.0032958984375 319.524017333984375 -9999 -9999 -9999 -9999 -9999 -9999 -9999 -9999 -9999 -9999 -9999 -9999 -9999 -9999 -9999 -9999 -9999 -9999 -9999 -9999 -9999 -9999
320.383270263671875 320.147308349609375 319.92498779296875 319.732818603515625 319.52203369140625 319.43841552734375 319.371673583984375 319.3077392578125 319.2904052734375 319.356842041015625 319.452880859375 319.5211181640625 319.568634033203125 319.5963134765625 319.507965087890625 319.37469482421875 319.147308349609375 318.90753173828125 318.595855712890625 318.753997802734375 320.127960205078125 320.979583740234375 320.990570068359375 320.97198486328125 -9999 -9999 -9999 -9999 -9999 -9999 -9999 -9999 -9999 -9999 -9999 -9999 -9999 -9999 -9999 -9999 -9999 -9999 -9999 -9999 -9999 -9999
320.142822265625 319.87957763671875 319.654815673828125 319.491607666015625 319.3046875 319.1934814453125 319.10479736328125 319.044036865234375 319.04071044921875 319.1502685546875 319.28839111328125 319.37939453125 319.438720703125 319.457611083984375 319.380767822265625 319.266387939453125 319.066192626953125 318.821136474609375 318.608428955078125 319.819122314453125 321.12286376953125 321.362762451171875 321.3004150390625 321.280059814453125 -9999 -9999 -9999 -9999 -9999 -9999 -9999 -9999 -9999 -9999 -9999 -9999 -9999 -9999 -9999 -9999 -9999 -9999 -9999 -9999 -9999 -9999
