INPUT/RASTER/maxent_background_data/fla.asc
ncols        225
nrows        269
xllcorner    473000.000000000000
yllcorner    4429100.000000000000
cellsize     50.000000000000
NODATA_value -9999
[rows 154 to 175 of 269, columns 147 to 195 of 225]
29888.876953125 15706.1767578125 4546.71337890625 4761.814453125 3640.80859375 3525.6943359375 2226.1884765625 1160.427490234375 524.57879638671875 272.402008056640625 197.4435577392578125 726.55755615234375 1312.899169921875 1465.1202392578125 1479.708984375 1704.3426513671875 2252.1494140625 2682.28515625 4368.3828125 2449.2392578125 2127.83203125 2360.612548828125 2005.4656982421875 2278.185302734375 1981.9691162109375 1465.5439453125 693.0557861328125 695.94989013671875 1510.63330078125 3898.222900390625 8988.1884765625 10163.44140625 1656.950927734375 2851.194580078125 2178.48193359375 1178.0899658203125 755.49822998046875 1476.1500244140625 10451.25 9098.58203125 1371.853759765625 832.7559814453125 1187.3114013671875 1515.1109619140625 2614.734619140625 9539.32421875 5652.53955078125 6218.9267578125 5791.4560546875
1791.0341796875 43193.01953125 5194.97265625 4562.404296875 3554.22119140625 2943.364013671875 1829.699951171875 1026.584228515625 585.84912109375 443.8876953125 349.782440185546875 339.93243408203125 390.34954833984375 780.0750732421875 1252.1064453125 1845.618896484375 2199.0517578125 2158.062744140625 1673.437255859375 1574.4927978515625 2269.3408203125 2134.469970703125 1851.2501220703125 2304.947998046875 1892.1566162109375 1442.2352294921875 868.51153564453125 749.13409423828125 1261.79833984375 2040.948486328125 17604.7734375 5943.6416015625 2217.968994140625 3592.436767578125 2288.932861328125 954.283203125 907.2584228515625 22639.767578125 12150.6669921875 1558.37841796875 1356.310791015625 1152.2193603515625 1198.970947265625 2230.34375 3523.067138671875 4781.0673828125 5328.44873046875 5273.3291015625 6729.029296875
975.08819580078125 7961.08447265625 6062.31103515625 5492.84130859375 3920.601806640625 2938.524169921875 1907.5067138671875 1013.253173828125 1035.7352294921875 1003.71044921875 389.239044189453125 344.54730224609375 483.628875732421875 809.25146484375 1162.5626220703125 1676.372802734375 2504.99365234375 4030.382568359375 1974.398193359375 2651.812255859375 3407.07568359375 3147.643310546875 2784.804931640625 2889.756103515625 2660.16552734375 2181.776611328125 1037.7845458984375 288.729339599609375 1259.789794921875 2469.09228515625 21932.55078125 7072.08447265625 2450.392333984375 4366.24072265625 2404.0947265625 1067.5528564453125 1013.8209228515625 3970.6904296875 2370.1748046875 1729.309814453125 1199.2230224609375 1088.20361328125 1108.2901611328125 1485.8428955078125 2328.4794921875 2272.531494140625 2787.163818359375 2527.99755859375 3121.6240234375
1529.0294189453125 13373.783203125 9383.7265625 5981.775390625 3660.9990234375 3174.079345703125 1838.7294921875 1467.3319091796875 1766.7630615234375 1163.009765625 374.232574462890625 662.28558349609375 1051.3948974609375 1309.8189697265625 1683.181640625 2099.134521484375 2457.8994140625 3626.1689453125 2919.65234375 596.230224609375 3406.58056640625 2381.351318359375 2194.25048828125 2468.402587890625 3075.6982421875 1563.0445556640625 661.62847900390625 309.044158935546875 583.53485107421875 1161.0389404296875 31002.9453125 10458.6396484375 5582.455078125 3221.0009765625 1085.7249755859375 720.56988525390625 661.01007080078125 3373.275146484375 2821.627685546875 2372.580322265625 1659.3287353515625 1188.274658203125 1046.1571044921875 1245.9012451171875 2195.03515625 2000.8043212890625 2250.217529296875 2044.5362548828125 2157.728759765625
2216.2900390625 8128.56689453125 4101.19189453125 3760.98974609375 4238.14306640625 3379.37353515625 3827.9140625 3525.30859375 2226.388916015625 978.8182373046875 287.659881591796875 588.91827392578125 1449.52001953125 2064.185546875 2380.31591796875 2860.10498046875 3197.31201171875 3080.00537109375 2908.578125 99.60040283203125 1694.552001953125 1431.2603759765625 1372.0303955078125 4027.04638671875 4717.0615234375 1469.6610107421875 852.09295654296875 473.945892333984375 725.8067626953125 1404.594970703125 8705.478515625 5709.59765625 2725.351318359375 402.7164306640625 529.16015625 263.953826904296875 1933.36181640625 5860.20849609375 2801.549072265625 1656.2005615234375 1378.5333251953125 1105.8443603515625 762.10211181640625 610.31988525390625 1130.9193115234375 1379.242431640625 1642.3626708984375 1161.38818359375 1286.5206298828125
4970.69580078125 2683.884521484375 3148.57080078125 5789.77783203125 7701.2509765625 6814.568359375 4797.46728515625 2733.26953125 1559.1292724609375 610.0084228515625 326.22650146484375 482.430908203125 1089.884765625 1759.323486328125 2408.94873046875 2595.7060546875 2934.383544921875 3507.18359375 3298.961181640625 194.8753509521484375 1078.1705322265625 1190.0543212890625 1241.877685546875 7494.453125 3864.23046875 1104.842529296875 862.03338623046875 521.01275634765625 649.3175048828125 1029.925048828125 3182.37744140625 3253.324951171875 1946.46337890625 1368.6239013671875 2366.52490234375 3286.2275390625 5350.70458984375 6169.3583984375 4360.14794921875 3159.773681640625 2023.1385498046875 1688.8145751953125 1296.58203125 1113.5443115234375 998.74871826171875 1229.6336669921875 1536.492431640625 1467.0640869140625 1265.81005859375
13697.8525390625 3034.658447265625 5985.490234375 8465.1396484375 5711.11865234375 3343.69677734375 2390.027099609375 1657.8819580078125 1093.001953125 581.42535400390625 444.03204345703125 363.2818603515625 841.1026611328125 1330.5517578125 1714.0853271484375 2601.885009765625 2967.34326171875 3229.127197265625 2833.57373046875 266.673828125 189.46343994140625 210.09722900390625 165.3263702392578125 477.4403076171875 7059.6474609375 1473.1427001953125 1176.872802734375 513.91827392578125 640.47772216796875 598.0206298828125 3466.876220703125 3973.19921875 3613.101806640625 2847.336669921875 2576.80419921875 3539.396728515625 3932.034912109375 4280.54833984375 3518.32421875 3354.451171875 2963.18115234375 2675.482666015625 2447.58056640625 2356.236083984375 1980.1788330078125 1579.8912353515625 1414.8497314453125 1247.843994140625 1111.8206787109375
3999.177978515625 14406.65234375 13446.6337890625 5183.63134765625 2471.686279296875 1405.3104248046875 999.6593017578125 631.46722412109375 287.883270263671875 195.2482452392578125 306.962310791015625 282.0205078125 747.97149658203125 1470.0450439453125 2390.112060546875 3144.156005859375 3868.232177734375 4405.95751953125 3297.54638671875 480.517486572265625 694.85296630859375 874.37738037109375 515.4599609375 229.6807861328125 3330.7265625 8640.6435546875 1240.356201171875 559.85626220703125 783.9254150390625 229.9382476806640625 3229.162109375 2545.2431640625 2537.993408203125 3586.04541015625 2667.443359375 2360.189208984375 2808.2900390625 3645.004150390625 3854.009033203125 3999.552001953125 3956.8046875 3717.459716796875 3462.327392578125 3211.44287109375 2734.713623046875 2114.5830078125 1801.4969482421875 1411.848388671875 1042.5540771484375
1360.37548828125 2802.566162109375 3384.0498046875 2265.866943359375 1508.8653564453125 1065.9169921875 778.60296630859375 419.1322021484375 221.21002197265625 123.17657470703125 99.60040283203125 246.940582275390625 735.93365478515625 1278.0201416015625 1776.713623046875 2438.342529296875 3305.4990234375 3385.02392578125 3142.681640625 3592.200439453125 2164.943115234375 1748.7083740234375 919.96026611328125 288.39556884765625 607.992919921875 12803.0244140625 2060.125244140625 1169.0386962890625 274.30718994140625 7490.9560546875 12100.12890625 5816.2119140625 4141.857421875 4276.83984375 5303.65185546875 4970.25439453125 4537.9228515625 4751.36376953125 4426.67431640625 4141.96630859375 3698.997802734375 3365.341796875 3176.701904296875 2801.208740234375 2428.363525390625 2061.51708984375 1800.385498046875 1377.2698974609375 1144.319091796875
800.311767578125 761.7650146484375 1985.380859375 1346.1915283203125 905.76031494140625 497.193511962890625 193.0250701904296875 503.68804931640625 585.42926025390625 491.595947265625 414.829437255859375 363.105316162109375 758.762451171875 1240.0509033203125 1752.291259765625 2316.760986328125 2858.32421875 4408.685546875 6592.88525390625 6181.64208984375 3662.01953125 2498.697021484375 1037.4066162109375 399.411285400390625 360.726104736328125 35507.65234375 21249.416015625 15226.2060546875 10127.193359375 10181.8154296875 15531.421875 9169.076171875 6101.47509765625 4899.2548828125 4337.15185546875 4864.904296875 4574.3056640625 4214.15966796875 3605.76611328125 3174.28662109375 2794.1943359375 3069.506591796875 2584.845458984375 2380.446044921875 2405.6376953125 2279.60498046875 2320.217529296875 2001.469970703125 1466.892822265625
749.07623291015625 853.779296875 753.38433837890625 1102.947265625 678.69287109375 426.8671875 441.391693115234375 981.364501953125 1201.001953125 1019.00787353515625 860.21002197265625 363.1385498046875 484.05810546875 931.297119140625 1384.2357177734375 1892.732421875 2321.71826171875 3675.854736328125 14743.9736328125 7742.94580078125 3451.55908203125 1773.7093505859375 952.05889892578125 511.06109619140625 265.614227294921875 13655.8505859375 18897.134765625 16823.455078125 17857.796875 10250.892578125 10455.1494140625 13474.818359375 10565.83203125 7831.2763671875 6365.0869140625 5403.10302734375 4573.78662109375 4004.13525390625 3278.800537109375 2826.288330078125 2999.188720703125 2984.27294921875 3037.258544921875 3356.137451171875 3867.32666015625 3512.17041015625 2993.278076171875 1923.5306396484375 1312.535400390625
1095.471435546875 1913.2130126953125 2028.27294921875 1136.3277587890625 919.00030517578125 689.97528076171875 988.11395263671875 1881.296142578125 2107.172607421875 2081.525146484375 1203.0889892578125 557.039306640625 452.5447998046875 809.2432861328125 1241.236328125 1853.812744140625 2309.47607421875 2706.6298828125 15912.7890625 8571.5576171875 2814.65380859375 1364.9296875 586.82818603515625 300.300201416015625 205.954864501953125 1207.5992431640625 6504.55615234375 2539.641357421875 8725.2177734375 11406.298828125 8439.70703125 6317.5068359375 9374.9345703125 9029.6806640625 7581.21337890625 6796.23486328125 5546.54150390625 4560.01611328125 3511.268310546875 3249.65576171875 3516.038330078125 4311.0029296875 4718.10888671875 3990.511962890625 4156.3486328125 2956.3984375 2870.197509765625 2293.505126953125 1737.35107421875
4176.13916015625 5331.33837890625 9441.2705078125 5028.59814453125 1126.633056640625 1036.3294677734375 1843.028564453125 3344.062744140625 2717.871826171875 2126.0205078125 1090.9918212890625 623.94598388671875 480.2564697265625 638.28387451171875 958.56475830078125 1545.6292724609375 2291.597412109375 2366.9931640625 1546.5782470703125 3722.0302734375 3806.74267578125 3253.14013671875 2633.7587890625 1497.387939453125 1617.8231201171875 2686.0224609375 3185.122802734375 2200.6416015625 2958.164794921875 6033.71142578125 11564.37109375 10156.484375 5980.14306640625 4944.609375 4724.6591796875 5067.25830078125 5386.60986328125 5835.93896484375 5415.16796875 5957.01318359375 6225.14697265625 5793.28564453125 5585.26611328125 4709.0068359375 4536.82470703125 3488.82958984375 3730.322509765625 3010.468017578125 4404.41748046875
2481.809814453125 3423.228271484375 5591.0869140625 21144.62890625 1492.311767578125 2046.5853271484375 4829.2587890625 4450.40625 3928.096923828125 2391.5419921875 1362.251708984375 699.878662109375 538.03369140625 1109.9140625 1313.4854736328125 1770.153564453125 2650.92431640625 3840.31494140625 4588.4716796875 2670.37548828125 1068.818603515625 444.79986572265625 339.561981201171875 2333.28857421875 1659.274169921875 1300.0921630859375 1826.4747314453125 1516.76220703125 997.0643310546875 846.51861572265625 2845.31103515625 3959.375732421875 5781.283203125 4245.93994140625 3239.830322265625 2976.927490234375 2708.1845703125 3327.296142578125 3840.380126953125 4626.2255859375 4838.744140625 5391.2783203125 5257.84912109375 4369.52392578125 4910.482421875 4444.06787109375 3838.394287109375 3542.042236328125 5481.84619140625
4951.14208984375 4065.545166015625 3737.232666015625 7011.9580078125 3196.7861328125 2419.8505859375 7228.99755859375 4742.77490234375 3056.849609375 1520.4705810546875 1491.119384765625 803.144775390625 388.2916259765625 844.34429931640625 1340.057861328125 1723.14111328125 2464.457275390625 4566.810546875 8723.966796875 3523.830322265625 2552.1259765625 1863.157470703125 1336.6243896484375 1138.4234619140625 1211.3946533203125 937.7147216796875 1290.1435546875 1200.7462158203125 1122.9200439453125 480.518310546875 740.6739501953125 3045.499755859375 3244.149658203125 4143.4482421875 4094.18408203125 4191.14453125 4499.3525390625 4616.146484375 4692.3427734375 5807.87255859375 6497.22119140625 7110.12744140625 6784.45166015625 6707.935546875 7680.36865234375 7337.259765625 8144.75244140625 7853.07763671875 3975.593994140625
293.643646240234375 596.60906982421875 1372.219482421875 1857.0299072265625 1185.9755859375 945.21319580078125 12280.36328125 3169.02392578125 3349.888916015625 3106.746826171875 1973.2421875 958.965087890625 276.6260986328125 605.156494140625 1196.109130859375 1754.10595703125 2007.114990234375 3310.104736328125 42656.796875 12533.8173828125 5046.126953125 4024.41064453125 3137.970703125 2122.092529296875 1661.975341796875 1085.1612548828125 901.497314453125 730.26617431640625 592.368408203125 336.4779052734375 201.3747100830078125 2116.089599609375 2741.257080078125 2995.69970703125 3150.659912109375 3469.49609375 3415.260498046875 3529.8046875 3834.656005859375 5332.90771484375 6412.25927734375 6203.888671875 6763.53515625 6829.45068359375 8098.357421875 6622.89208984375 4919.65966796875 2407.193603515625 2293.565185546875
361.446685791015625 597.14483642578125 843.276611328125 891.22412109375 318.423858642578125 364.281768798828125 6069.12939453125 10039.2265625 5717.18505859375 2720.6962890625 1050.5106201171875 513.41082763671875 390.25115966796875 458.707916259765625 993.7188720703125 1492.2628173828125 2003.4364013671875 5701.24169921875 10923.208984375 11372.484375 6134.71240234375 3455.4013671875 2966.47802734375 2426.26025390625 2000.1536865234375 1336.5501708984375 868.9835205078125 606.24749755859375 551.2735595703125 430.44097900390625 665.1361083984375 4567.5830078125 3374.1015625 3035.446044921875 2863.727294921875 3019.201416015625 2725.212158203125 2881.32177734375 3686.382568359375 5572.611328125 8376.986328125 9239.919921875 11191.427734375 9595.8583984375 8015.84619140625 5084.1025390625 4122.46826171875 3575.761474609375 3601.56640625
546.6959228515625 455.892547607421875 647.674560546875 798.3780517578125 412.078857421875 331.314178466796875 697.62603759765625 2446.14697265625 1901.8353271484375 1201.9176025390625 741.00665283203125 825.8853759765625 457.740875244140625 622.47119140625 1064.6756591796875 1312.6588134765625 2256.733642578125 5150.46630859375 5519.6142578125 6055.98193359375 5473.73974609375 3722.05908203125 3365.55029296875 2929.2626953125 2417.5751953125 1812.9744873046875 1298.325927734375 1024.25146484375 965.032470703125 792.5552978515625 4514.16162109375 6660.5224609375 3472.84521484375 2695.5888671875 2236.451416015625 2772.026123046875 2689.391357421875 4596.2177734375 7352.57470703125 13148.93359375 16670.18359375 16816.818359375 14735.6201171875 9194.0712890625 6419.3994140625 4481.10205078125 3935.6171875 3154.357666015625 2664.091064453125
821.62127685546875 580.04852294921875 723.43341064453125 860.314453125 665.90618896484375 625.94903564453125 729.51434326171875 2381.04443359375 1354.365966796875 736.247314453125 231.403045654296875 318.33514404296875 271.01690673828125 222.206512451171875 828.094970703125 1846.2542724609375 2766.05712890625 2137.891845703125 2465.225341796875 2522.4306640625 2808.337646484375 2177.71875 1622.5498046875 1827.3087158203125 1639.858154296875 1124.97900390625 1221.0843505859375 1156.26123046875 1456.6865234375 4051.26025390625 7226.490234375 5831.84130859375 2792.815185546875 2145.88525390625 1946.88134765625 2881.51513671875 4090.42236328125 22026.279296875 26727.9609375 27124.71484375 18998.5625 16530.98828125 13353.892578125 11363.509765625 9603.67578125 6484.10009765625 4279.99658203125 3131.60009765625 2611.679931640625
1050.010986328125 759.67041015625 1050.47802734375 1136.505859375 1353.1307373046875 1065.37744140625 587.22125244140625 2253.450927734375 1834.947021484375 1232.325439453125 553.78387451171875 665.386474609375 561.4351806640625 502.057769775390625 960.34405517578125 1476.874267578125 4378.68505859375 1086.675537109375 1324.4454345703125 1427.4462890625 1494.563232421875 2080.6708984375 2489.312744140625 1812.02734375 2409.62548828125 2388.230224609375 1670.52392578125 2234.172119140625 6536.97265625 10820.1669921875 10143.6455078125 6638.30859375 3415.94970703125 3166.812255859375 2161.792724609375 1679.523681640625 86886.6328125 53715.9609375 32927.2421875 20740.619140625 13651.1005859375 7072.16455078125 3842.568359375 2890.735107421875 3053.60400390625 3029.38232421875 2889.10986328125 2553.259033203125 2421.637451171875
1019.888671875 983.93377685546875 1629.8299560546875 1512.208251953125 2114.443603515625 2978.921142578125 2370.01953125 1323.4854736328125 1158.90625 796.4359130859375 464.760955810546875 616.1710205078125 614.44305419921875 899.58660888671875 1399.37939453125 1856.1844482421875 4419.615234375 744.86761474609375 653.06439208984375 577.4122314453125 757.38861083984375 10813.8828125 7719.1591796875 6029.67041015625 4628.88134765625 3564.6220703125 2966.15771484375 4418.794921875 15415.1376953125 12832.2578125 8071.5029296875 4830.873046875 3939.016845703125 3047.961669921875 2151.903076171875 1519.4674072265625 3040.37353515625 8561.43359375 10895.056640625 11784.65625 8960.001953125 6911.79638671875 5284.16943359375 3640.7607421875 3523.551025390625 3447.090087890625 3501.82177734375 3558.154296875 2663.37255859375
1223.1966552734375 1015.85699462890625 1843.931396484375 1634.4539794921875 3269.04345703125 4828.814453125 3695.0546875 2023.4329833984375 1229.957275390625 757.12371826171875 379.877471923828125 500.29803466796875 508.305816650390625 681.5921630859375 1089.574951171875 1623.059814453125 1679.9163818359375 663.03167724609375 526.95361328125 466.2099609375 591.82049560546875 4037.332275390625 5850.0732421875 5646.03662109375 4344.6435546875 2575.868896484375 1089.85888671875 123.8198089599609375 10080.0263671875 9107.9765625 3909.530029296875 2762.263916015625 2571.953125 2546.00439453125 2047.41259765625 1527.6336669921875 1274.228759765625 1355.0089111328125 1364.8494873046875 2464.5302734375 6211.96044921875 5236.583984375 4427.1357421875 3445.608154296875 3217.44873046875 3035.900634765625 2567.677490234375 1608.6092529296875 950.54248046875
