INPUT/RASTER/maxent_background_data/fla.asc
ncols        225
nrows        269
xllcorner    473000.000000000000
yllcorner    4429100.000000000000
cellsize     50.000000000000
NODATA_value -9999
[rows 198 to 219 of 269, columns 98 to 146 of 225]
2183.874755859375 2504.371826171875 3878.906982421875 12288.693359375 3642.8701171875 920.25811767578125 581.13848876953125 439.056640625 337.308837890625 639.68646240234375 1680.509765625 1493.6114501953125 1757.083984375 4398.9345703125 12349.361328125 1092.6121826171875 206.8426361083984375 328.2325439453125 1310.430908203125 898.60888671875 988.2049560546875 1595.3194580078125 2898.0712890625 1198.441650390625 700.92529296875 592.34893798828125 476.104278564453125 698.6826171875 991.884033203125 2932.238525390625 2371.60107421875 1795.770263671875 792.000244140625 842.991943359375 896.8099365234375 932.7431640625 958.9361572265625 1527.3543701171875 2910.393798828125 2436.226806640625 3039.11376953125 2719.4150390625 1992.094482421875 3671.9052734375 5421.947265625 5060.50537109375 3777.49755859375 3571.337646484375 3118.929931640625
2160.831787109375 2207.705322265625 2541.602783203125 2983.177490234375 10987.697265625 1745.672119140625 549.19366455078125 633.73626708984375 644.98577880859375 947.1805419921875 2623.456298828125 1792.0128173828125 361.78515625 1229.7154541015625 7275.38037109375 2569.052978515625 1887.47021484375 747.776611328125 802.6199951171875 575.0458984375 952.16241455078125 1906.385498046875 6795.13427734375 5063.9501953125 1277.767822265625 882.98974609375 552.8056640625 767.4893798828125 813.13568115234375 3064.267333984375 13283.318359375 6270.81884765625 5384.49658203125 3406.445068359375 2428.5078125 1253.8494873046875 1061.9700927734375 983.20001220703125 1583.610595703125 1375.058837890625 1457.36767578125 1427.242919921875 1396.87353515625 1033.7615966796875 1662.9400634765625 2307.642578125 1617.6759033203125 2209.2822265625 1314.326416015625
1982.980224609375 949.40924072265625 782.48834228515625 1357.9332275390625 15644.2060546875 1696.8721923828125 464.106109619140625 929.50006103515625 1203.911865234375 2037.3388671875 3716.32568359375 2041.75244140625 490.244842529296875 547.99310302734375 590.72698974609375 2168.586181640625 1587.1231689453125 872.14971923828125 641.585693359375 455.47955322265625 589.0548095703125 968.929931640625 1013.47735595703125 1657.582275390625 1438.8033447265625 1040.29052734375 473.662628173828125 909.41949462890625 636.71307373046875 1695.37890625 3031.661376953125 2745.200439453125 1925.428466796875 1430.1068115234375 1162.519287109375 797.67205810546875 836.22119140625 720.59844970703125 1100.5726318359375 966.5704345703125 1205.815185546875 907.0718994140625 1147.9080810546875 750.2586669921875 650.35247802734375 1287.4398193359375 2292.54150390625 2168.1669921875 1667.03466796875
2691.93017578125 895.58355712890625 544.7117919921875 728.8885498046875 9014.1513671875 2082.196044921875 550.960693359375 1028.419677734375 2465.21337890625 5714.89013671875 2718.4541015625 1584.8843994140625 733.2210693359375 1120.052978515625 2741.463623046875 1126.321044921875 681.01190185546875 611.47381591796875 437.830780029296875 207.396026611328125 379.20147705078125 720.56549072265625 741.61114501953125 764.41900634765625 1109.7900390625 887.91217041015625 562.29150390625 969.269287109375 1094.077880859375 2164.788818359375 2131.65380859375 1982.5001220703125 1075.7357177734375 1073.934326171875 856.42083740234375 636.32440185546875 426.38311767578125 304.4656982421875 336.25732421875 290.587646484375 466.273956298828125 284.82562255859375 426.816680908203125 316.22607421875 408.117950439453125 781.3876953125 1413.41357421875 1481.8865966796875 1716.6295166015625
3311.21533203125 2148.560791015625 743.373779296875 909.85736083984375 1023.439208984375 1376.332275390625 1281.0771484375 1302.0621337890625 4800.77783203125 7427.5166015625 1341.9329833984375 1082.418212890625 493.825531005859375 1207.835693359375 5870.65234375 882.4666748046875 719.7972412109375 405.36199951171875 306.519775390625 200.7048492431640625 291.493194580078125 488.688018798828125 579.27508544921875 1210.8643798828125 2716.960693359375 1330.0811767578125 403.493499755859375 900.568359375 662.29681396484375 752.4010009765625 646.2718505859375 1423.7667236328125 1307.8677978515625 1072.265869140625 1188.536376953125 864.04779052734375 758.06292724609375 451.47039794921875 488.608428955078125 320.696929931640625 501.79901123046875 239.91796875 384.80792236328125 781.74749755859375 1103.4619140625 2423.860595703125 2182.33056640625 2352.04052734375 2715.31201171875
2330.771728515625 4480.1171875 907.34112548828125 1024.43212890625 943.7724609375 2451.533203125 3270.787841796875 3199.9541015625 7816.4521484375 5243.94091796875 1052.108154296875 1226.7967529296875 632.0228271484375 2336.01171875 6539.6328125 1046.386474609375 988.6656494140625 561.93121337890625 573.4766845703125 477.607421875 587.356201171875 827.3424072265625 787.38739013671875 1510.3289794921875 7210.75537109375 1615.5137939453125 605.3983154296875 690.1409912109375 609.74310302734375 737.2906494140625 651.38165283203125 1234.6048583984375 1921.200927734375 2043.7423095703125 2230.33154296875 1786.0440673828125 2100.880615234375 1766.3555908203125 2260.556640625 1757.824951171875 472.9534912109375 217.87939453125 549.28765869140625 1548.457763671875 2552.40869140625 3650.331298828125 3137.19482421875 3660.11572265625 4639.57275390625
14093.826171875 7395.64599609375 2416.276123046875 1298.9498291015625 1180.498779296875 1473.0916748046875 8533.142578125 8157.93359375 8830.1064453125 3218.03955078125 1095.5072021484375 1634.8477783203125 1177.5833740234375 6131.9453125 4758.66015625 1149.2694091796875 1079.6075439453125 688.941650390625 854.0567626953125 795.99609375 835.66363525390625 976.22808837890625 788.78515625 3599.099365234375 7738.0224609375 1522.689697265625 2080.578125 18077.5859375 33365.421875 17184.04296875 2641.06298828125 3210.47265625 4323.79052734375 4214.67919921875 4328.02880859375 3058.957275390625 3351.29150390625 2404.509033203125 2116.0126953125 570.259521484375 335.6021728515625 325.27935791015625 610.0069580078125 1570.83935546875 4945.48583984375 4844.5751953125 3625.0771484375 4778.1865234375 5220.32470703125
14797.8408203125 17613.52734375 5651.91259765625 1567.3389892578125 1089.85400390625 1330.83154296875 1131.1163330078125 4135.42626953125 5019.59619140625 1526.6693115234375 929.9517822265625 1829.898193359375 3534.2900390625 4562.58740234375 2471.567626953125 1009.319580078125 1399.47705078125 934.13580322265625 1172.3472900390625 1223.040283203125 1251.2398681640625 1339.48486328125 1056.898681640625 2519.528564453125 1749.398681640625 1210.1414794921875 3468.767822265625 3669.3544921875 10004.62109375 22835.177734375 28244.60546875 23152.939453125 18945.380859375 10925.5751953125 7759.6630859375 5519.3779296875 4699.92724609375 2660.347412109375 1376.44189453125 680.4727783203125 499.918243408203125 598.2474365234375 1033.6199951171875 4358.26171875 8252.677734375 6867.634765625 4415.71728515625 7578.2099609375 7628.4541015625
4901.88525390625 15925.8388671875 8501.416015625 7147.5439453125 1884.629150390625 1553.0025634765625 1221.3963623046875 428.698516845703125 514.91583251953125 203.3696136474609375 478.1534423828125 1335.8509521484375 4886.49365234375 5466.9150390625 1858.9351806640625 1293.3369140625 1729.83203125 1324.964599609375 1519.2572021484375 1724.7261962890625 1607.39990234375 1564.9783935546875 1647.5841064453125 2793.185546875 1561.092529296875 1473.5457763671875 920.1312255859375 1544.010498046875 2128.84912109375 5349.16943359375 3574.579345703125 1624.7010498046875 2362.8974609375 5009.5400390625 5493.51953125 3846.61328125 2636.907958984375 1444.7598876953125 613.35516357421875 292.120635986328125 432.876861572265625 809.165771484375 936.9501953125 8197.5595703125 8041.78125 5808.64794921875 5030.27880859375 9359.837890625 5550.20751953125
29124.390625 15520.01953125 1424.09521484375 8009.15771484375 12302.326171875 2445.67333984375 1766.392578125 2313.018310546875 1098.653564453125 343.077301025390625 420.41796875 650.03118896484375 4039.5234375 8480.046875 2101.218505859375 2319.051513671875 3245.366943359375 1196.2332763671875 403.127838134765625 353.63494873046875 425.871612548828125 1013.9715576171875 3497.367431640625 2744.275634765625 1481.361572265625 1487.0189208984375 974.83544921875 1570.1573486328125 2292.812255859375 3399.800048828125 10775.203125 3773.12109375 2948.740966796875 2400.101806640625 2590.833984375 2290.289794921875 1799.48046875 1064.5936279296875 562.49444580078125 310.840667724609375 580.694091796875 1390.312255859375 1588.879638671875 9655.123046875 11845.443359375 6959.7255859375 7235.8515625 10572.083984375 5624.88427734375
2673.614501953125 2204.2412109375 1671.10205078125 2423.174072265625 6759.3583984375 1186.5848388671875 1302.9925537109375 4800.76318359375 4669.076171875 742.262451171875 622.2498779296875 719.083984375 1570.9935302734375 19614.8359375 24934.04296875 22469.2421875 14666.7490234375 4512.052734375 3070.120361328125 3186.201904296875 1849.3707275390625 2309.823974609375 2641.901611328125 2409.24658203125 1035.3492431640625 908.77667236328125 842.8101806640625 1436.8914794921875 2317.39013671875 2607.288818359375 9412.3935546875 4133.80810546875 3293.59814453125 2876.557861328125 2609.3662109375 1959.45654296875 2098.091064453125 1398.625 809.704345703125 588.76654052734375 609.21295166015625 1493.10302734375 1925.345947265625 10884.9052734375 13920.9921875 7487.6650390625 6506.06201171875 9381.4990234375 2939.709228515625
1421.8648681640625 1421.574951171875 1286.3326416015625 1210.36767578125 1447.74853515625 1004.79193115234375 690.64910888671875 1333.5155029296875 8870.7353515625 1301.0565185546875 710.5843505859375 698.31109619140625 696.47802734375 1042.1710205078125 1385.4384765625 1473.211669921875 3796.12353515625 9529.9892578125 5273.591796875 4496.87255859375 2448.629150390625 973.5284423828125 2109.09423828125 2806.69189453125 1107.0238037109375 707.7576904296875 841.8681640625 1875.8212890625 2857.872314453125 2494.344482421875 4600.1298828125 2596.3720703125 1276.6505126953125 1415.6368408203125 1383.272705078125 1059.1693115234375 1138.938232421875 1012.6131591796875 922.24664306640625 920.73907470703125 732.46527099609375 1645.62353515625 3142.12158203125 11104.740234375 19066.7109375 9914.1181640625 10462.9140625 7745.548828125 5304.57373046875
796.658203125 982.41015625 663.37738037109375 850.50311279296875 790.35406494140625 897.9234619140625 577.8994140625 487.88916015625 570.20782470703125 573.8421630859375 1026.9034423828125 1528.7845458984375 1392.010009765625 932.53289794921875 1127.991455078125 1082.7801513671875 1306.6466064453125 6547.5 6038.462890625 4497.34326171875 2709.14892578125 582.65032958984375 332.49285888671875 2369.541015625 649.1807861328125 362.60107421875 775.73486328125 1627.650390625 1922.90380859375 1661.0377197265625 1896.390625 2277.687255859375 16911.083984375 1409.5306396484375 1464.6937255859375 1333.905517578125 1367.984619140625 875.41436767578125 1273.7022705078125 1058.0233154296875 657.52716064453125 1570.4991455078125 4148.33447265625 13647.0419921875 22944.017578125 7694.22314453125 11211.2255859375 4614.49658203125 5509.21337890625
396.226104736328125 495.08221435546875 496.567352294921875 618.2108154296875 842.122802734375 882.0328369140625 2062.621826171875 4388.4697265625 4885.96142578125 3037.47607421875 5881.65087890625 14997.392578125 1009.72845458984375 684.67059326171875 645.2620849609375 776.1732177734375 777.738037109375 1972.2646484375 6441.90185546875 3907.476806640625 4069.760009765625 1644.0501708984375 633.42791748046875 1273.42236328125 972.0126953125 340.67926025390625 1078.09375 1453.36181640625 1336.581298828125 1657.542724609375 2297.66357421875 2835.100341796875 22209.080078125 5081.81982421875 2464.702392578125 2134.38623046875 2336.155029296875 2366.968017578125 2117.31396484375 1094.6090087890625 704.4801025390625 1424.9456787109375 5349.88037109375 24913.46484375 18793.779296875 10753.1357421875 12608.0439453125 5902.435546875 5332.48583984375
525.87799072265625 645.71832275390625 788.51995849609375 1431.865478515625 2799.59228515625 3304.99560546875 1049.2938232421875 869.60198974609375 1501.8919677734375 4684.46923828125 5002.99755859375 3143.369140625 909.5567626953125 648.8095703125 545.15985107421875 550.51513671875 511.56585693359375 473.419830322265625 6152.794921875 2698.6328125 3403.463623046875 1804.723876953125 1011.64251708984375 791.1551513671875 764.84197998046875 614.058349609375 566.204345703125 523.22119140625 770.3072509765625 989.9638671875 1505.2659912109375 2007.612548828125 3386.675537109375 24057.92578125 6014.29052734375 2438.18896484375 4403.546875 3910.4755859375 1900.3848876953125 979.20721435546875 810.93658447265625 1269.7425537109375 6383.3017578125 29101.5546875 14900.0947265625 12568.5380859375 9610.1416015625 5282.66357421875 4100.8720703125
1003.15740966796875 1371.148681640625 3331.55224609375 9697.275390625 1102.337890625 735.6807861328125 509.060028076171875 683.51092529296875 951.177490234375 888.27532958984375 261.25830078125 760.04669189453125 787.45111083984375 696.038330078125 671.656982421875 453.804901123046875 291.431671142578125 348.64996337890625 2871.441650390625 2524.000244140625 2203.5625 2299.080322265625 1253.8759765625 792.2919921875 561.71502685546875 463.216949462890625 418.815277099609375 313.1265869140625 557.79315185546875 899.64642333984375 1771.5518798828125 1924.85498046875 2502.802734375 7901.431640625 18181.96484375 11943.3271484375 6581.38134765625 3050.948486328125 2000.4356689453125 1315.3172607421875 769.6142578125 1115.822998046875 6148.7861328125 31862.82421875 20698.916015625 14262.990234375 11581.1435546875 7791.44580078125 4199.84521484375
14318.12109375 15617.185546875 16950.93359375 6692.2490234375 724.12652587890625 436.0299072265625 361.723846435546875 552.637451171875 881.1744384765625 1622.0771484375 1547.33251953125 1533.111328125 1857.765380859375 1683.570068359375 1392.4306640625 1044.2657470703125 1080.3648681640625 2279.661376953125 4659.56640625 5508.91748046875 3541.659912109375 2931.816650390625 2007.809326171875 1501.8040771484375 996.3966064453125 741.23272705078125 518.38714599609375 385.1207275390625 156.7040252685546875 432.942657470703125 872.29376220703125 1056.4896240234375 1544.34814453125 2549.002197265625 4922.35498046875 3273.697021484375 1841.553466796875 1283.9598388671875 1108.962646484375 1074.9345703125 940.8118896484375 1122.5562744140625 5383.80517578125 30469.091796875 28785.25390625 14606.9638671875 11565.1923828125 4230.73486328125 5304.099609375
1187.2664794921875 956.00634765625 1027.0791015625 964.33428955078125 535.64208984375 215.2935638427734375 292.175689697265625 623.356689453125 1219.188232421875 2593.93505859375 3967.326171875 3271.221435546875 2150.783935546875 1493.0667724609375 1527.8006591796875 1331.5164794921875 2232.515869140625 2861.27392578125 2693.556884765625 3633.70458984375 5399.3994140625 5480.60888671875 4666.54638671875 3473.53955078125 2158.954345703125 1384.9429931640625 799.97906494140625 618.32855224609375 361.280975341796875 195.4736175537109375 555.55206298828125 895.48443603515625 1454.0009765625 1945.30126953125 2136.056396484375 3031.004638671875 1845.470947265625 1166.61279296875 1151.6744384765625 1382.806884765625 1163.994140625 952.52899169921875 3744.798828125 21945.705078125 52634.265625 17139.619140625 9914.83984375 6497.66845703125 3628.33544921875
714.7047119140625 755.96710205078125 382.895050048828125 311.010772705078125 403.370391845703125 212.201690673828125 355.285125732421875 732.1148681640625 1091.556884765625 1434.7059326171875 11995.291015625 4564.052734375 2732.62890625 2591.713134765625 3198.939208984375 3805.89111328125 4793.67626953125 3661.9697265625 3020.40380859375 2861.142333984375 3428.639892578125 3788.93603515625 3725.950927734375 3464.18896484375 2792.203369140625 2128.395751953125 1625.9453125 1556.03662109375 1099.527587890625 539.916015625 202.9081573486328125 366.959747314453125 722.4132080078125 906.35980224609375 1030.192626953125 1478.1185302734375 651.9183349609375 247.0486907958984375 3338.175048828125 1399.9180908203125 1167.468017578125 1100.6849365234375 2788.525634765625 12398.9443359375 70975.703125 18385.404296875 8571.9853515625 2999.407470703125 3363.56884765625
1038.402099609375 1780.764892578125 1423.700927734375 829.9830322265625 684.8106689453125 449.322540283203125 516.83087158203125 720.9290771484375 920.6102294921875 1095.134033203125 1405.2593994140625 3102.819580078125 3121.127685546875 3059.578125 3794.915283203125 4055.56640625 4547.38330078125 3118.747802734375 3942.323974609375 4554.57373046875 3798.63818359375 2676.8232421875 1941.6041259765625 1694.3233642578125 1248.354248046875 1436.019287109375 1430.04736328125 1444.81201171875 1188.1282958984375 830.78082275390625 386.88653564453125 150.0260772705078125 340.355987548828125 253.20245361328125 365.03363037109375 561.9437255859375 376.62554931640625 177.3382568359375 683.03070068359375 684.483154296875 1477.48291015625 1229.9888916015625 1277.9952392578125 4493.01708984375 103757.2890625 11612.78515625 5156.64892578125 3298.834716796875 2943.1962890625
660.62554931640625 1349.2447509765625 3955.691650390625 1892.959228515625 891.9105224609375 496.406280517578125 821.43280029296875 1160.9112548828125 1565.4652099609375 1762.1031494140625 1783.744140625 2377.368408203125 4889.369140625 4900.00341796875 9053.814453125 8979.7900390625 10562.0205078125 11041.9296875 14234.0029296875 12925.7138671875 10682.56640625 9339.5361328125 5754.51611328125 3421.93017578125 2600.22412109375 2690.246826171875 2476.700439453125 2370.932861328125 2032.0067138671875 1193.023681640625 673.8406982421875 268.777313232421875 365.34515380859375 238.3443145751953125 322.12481689453125 416.337615966796875 299.74945068359375 455.30328369140625 679.03814697265625 978.91082763671875 1746.55224609375 1704.486328125 1813.569580078125 2107.8076171875 13765.220703125 8373.6552734375 4448.4169921875 3175.555419921875 4487.0947265625
688.8114013671875 1067.495849609375 6044.03125 3123.001953125 786.61199951171875 604.68011474609375 924.77117919921875 1199.750244140625 1657.887939453125 2220.0205078125 2892.31787109375 1064.9796142578125 15002.1650390625 20477.51953125 21543.583984375 16304.4677734375 13072.7509765625 12199.119140625 8236.2216796875 3921.607421875 3210.778564453125 4580.4921875 6467.84716796875 6710.18115234375 5201.5244140625 3438.00390625 2040.1612548828125 1942.963623046875 1599.756591796875 830.23760986328125 623.134765625 407.47308349609375 530.96746826171875 575.12554931640625 587.5374755859375 1036.7215576171875 834.3663330078125 894.93121337890625 1651.5408935546875 1469.301025390625 1640.9716796875 1636.2630615234375 1868.6473388671875 2259.02001953125 10815.9326171875 4407.6982421875 2409.633056640625 3207.3369140625 3766.830078125
