INPUT/RASTER/maxent_background_data/fla.asc
ncols        225
nrows        269
xllcorner    473000.000000000000
yllcorner    4429100.000000000000
cellsize     50.000000000000
NODATA_value -9999
[rows 0 to 21 of 269, columns 49 to 97 of 225]
-9999 -9999 -9999 -9999 -9999 -9999 -9999 -9999 -9999 -9999 -9999 -9999 -9999 -9999 -9999 -9999 -9999 -9999 -9999 -9999 -9999 -9999 -9999 -9999 -9999 -9999 -9999 -9999 -9999 -9999 -9999 -9999 -9999 -9999 -9999 -9999 -9999 -9999 -9999 -9999 -9999 -9999 -9999 -9999 -9999 -9999 -9999 -9999 -9999
-9999 -9999 -9999 -9999 -9999 -9999 -9999 -9999 -9999 -9999 -9999 -9999 -9999 -9999 271.76263427734375 -9999 -9999 -9999 -9999 -9999 -9999 -9999 -9999 -9999 -9999 -9999 -9999 -9999 -9999 -9999 -9999 -9999 -9999 -9999 -9999 -9999 -9999 -9999 -9999 -9999 -9999 -9999 -9999 -9999 -9999 -9999 -9999 -9999 -9999
-9999 -9999 -9999 259.066375732421875 -9999 -9999 -9999 -9999 -9999 -9999 -9999 741.9947509765625 850.1202392578125 995.80224609375 773.385986328125 552.152587890625 365.004730224609375 -9999 -9999 -9999 -9999 -9999 -9999 -9999 -9999 -9999 -9999 -9999 -9999 -9999 -9999 -9999 -9999 -9999 -9999 -9999 -9999 -9999 -9999 -9999 -9999 -9999 -9999 -9999 -9999 -9999 -9999 -9999 -9999
860.63250732421875 748.63909912109375 601.91552734375 506.4075927734375 527.16204833984375 412.741607666015625 419.672210693359375 290.977203369140625 770.04534912109375 1013.67242431640625 1646.0235595703125 1792.1826171875 2003.139892578125 2241.987060546875 1683.4002685546875 1454.3468017578125 879.442626953125 778.62908935546875 -9999 -9999 -9999 -9999 -9999 -9999 -9999 -9999 -9999 -9999 -9999 -9999 -9999 -9999 -9999 -9999 -9999 -9999 -9999 -9999 -9999 -9999 -9999 -9999 -9999 -9999 -9999 -9999 -9999 -9999 -9999
1244.2081298828125 1118.7364501953125 892.9984130859375 1063.1158447265625 2487.1845703125 986.13409423828125 1243.917724609375 1590.99658203125 2570.50244140625 3159.458984375 3462.284423828125 4059.3544921875 3392.13232421875 2703.425048828125 1911.5504150390625 1413.9039306640625 603.21307373046875 595.00396728515625 273.9578857421875 -9999 -9999 -9999 -9999 -9999 -9999 -9999 -9999 -9999 -9999 -9999 -9999 -9999 -9999 -9999 -9999 -9999 -9999 -9999 -9999 -9999 -9999 -9999 -9999 -9999 -9999 -9999 -9999 -9999 -9999
1182.6876220703125 868.3614501953125 738.77288818359375 301.85748291015625 237.7673187255859375 665.2637939453125 3032.642822265625 2853.18505859375 3558.893798828125 5391.169921875 5644.96630859375 4612.9208984375 2332.158203125 2390.64794921875 1363.58642578125 1093.6375732421875 582.058349609375 439.7496337890625 229.9735565185546875 435.97808837890625 441.467193603515625 -9999 -9999 -9999 -9999 -9999 -9999 -9999 -9999 -9999 -9999 -9999 -9999 -9999 -9999 -9999 -9999 -9999 -9999 -9999 -9999 -9999 -9999 -9999 -9999 -9999 -9999 -9999 -9999
1553.220458984375 1095.982421875 998.64154052734375 594.28277587890625 565.8096923828125 1383.8634033203125 5949.12060546875 2500.944580078125 6431.990234375 9830.1123046875 4693.77294921875 3165.555419921875 2754.47412109375 2717.620361328125 1848.0260009765625 1494.3353271484375 854.23284912109375 757.1961669921875 469.4168701171875 659.34161376953125 761.27606201171875 509.009307861328125 -9999 -9999 -9999 -9999 -9999 -9999 -9999 -9999 -9999 -9999 -9999 -9999 -9999 -9999 -9999 -9999 -9999 -9999 -9999 -9999 -9999 -9999 -9999 -9999 -9999 -9999 -9999
1440.9720458984375 950.22491455078125 1139.54052734375 781.7130126953125 883.3565673828125 2530.55517578125 7138.6591796875 2745.50048828125 12915.4326171875 4616.359375 1928.83056640625 2026.5546875 2055.3837890625 2033.2606201171875 1362.7401123046875 1496.9833984375 1189.641845703125 1125.99658203125 880.98992919921875 860.771728515625 958.73370361328125 826.62384033203125 392.135894775390625 -9999 -9999 -9999 -9999 -9999 -9999 -9999 -9999 -9999 -9999 -9999 -9999 -9999 -9999 -9999 -9999 -9999 897.087890625 386.75677490234375 -9999 -9999 -9999 -9999 -9999 -9999 -9999
1619.5462646484375 1220.8385009765625 1336.905029296875 1100.161865234375 1291.453125 2519.27197265625 5826.34716796875 13789.5537109375 12532.796875 3488.950439453125 2568.58837890625 2438.8818359375 1940.4736328125 2130.9306640625 1629.2315673828125 2086.766357421875 1621.922607421875 1763.0283203125 1817.5242919921875 1918.337158203125 1910.4866943359375 573.493408203125 211.3931427001953125 308.81549072265625 -9999 -9999 -9999 -9999 -9999 -9999 -9999 -9999 -9999 -9999 -9999 -9999 -9999 526.1448974609375 679.49359130859375 1889.0894775390625 1412.889404296875 939.71295166015625 519.23443603515625 214.45623779296875 173.8712921142578125 205.5921630859375 236.0185699462890625 -9999 -9999
1777.08447265625 1443.375732421875 1555.21630859375 1387.44189453125 1522.93603515625 782.74755859375 117.4220123291015625 4881.99365234375 3442.962890625 2455.8642578125 1805.2469482421875 1847.369873046875 1753.6895751953125 2006.90673828125 1643.019775390625 2534.742431640625 1706.7122802734375 2144.25048828125 2354.94482421875 2141.68505859375 1436.2393798828125 660.50054931640625 408.51739501953125 491.98724365234375 695.70208740234375 556.54840087890625 288.50115966796875 -9999 -9999 -9999 -9999 -9999 -9999 -9999 -9999 382.50921630859375 731.2415771484375 1060.1773681640625 1227.0059814453125 1141.9224853515625 898.1636962890625 598.60736083984375 270.773468017578125 410.16217041015625 586.8282470703125 660.00579833984375 638.16864013671875 814.710693359375 467.067352294921875
1867.6964111328125 1594.22998046875 2244.60205078125 2987.605224609375 691.36328125 308.8846435546875 908.22314453125 2408.455810546875 2728.757568359375 2370.89453125 1948.33154296875 3058.739013671875 2061.126708984375 1793.2301025390625 1994.4400634765625 3863.180908203125 2469.19189453125 3497.048828125 3734.019287109375 2720.939208984375 1571.07177734375 1361.6768798828125 920.45611572265625 529.3837890625 1019.92034912109375 1894.6912841796875 1291.787109375 725.6644287109375 492.04705810546875 346.175323486328125 240.5736236572265625 373.964202880859375 561.54718017578125 555.04010009765625 567.84307861328125 744.736083984375 1189.0255126953125 1827.9312744140625 871.08477783203125 1355.3450927734375 967.73565673828125 516.00579833984375 481.938751220703125 744.14617919921875 918.2977294921875 1092.7137451171875 988.6947021484375 1758.3504638671875 1636.3861083984375
1369.3743896484375 1318.958984375 2323.861572265625 4209.13623046875 1364.466796875 903.69439697265625 3074.77783203125 2588.951171875 1822.7933349609375 1379.8353271484375 2848.60986328125 2632.781982421875 1124.6995849609375 1363.9193115234375 2278.06005859375 5233.953125 2818.8681640625 4746.56640625 3655.942626953125 2347.32373046875 1813.4202880859375 1330.8026123046875 951.2833251953125 366.993560791015625 381.060028076171875 1307.4244384765625 3030.53369140625 2893.180908203125 1671.0123291015625 965.47479248046875 728.78369140625 811.211181640625 892.98272705078125 1230.86474609375 1527.10791015625 1446.659912109375 1712.82421875 2079.867431640625 421.41851806640625 864.5140380859375 1125.818115234375 919.49737548828125 985.49163818359375 982.87890625 1131.96435546875 1667.1260986328125 1483.8489990234375 2241.598876953125 2720.389404296875
1174.28466796875 1593.592041015625 2726.14111328125 6015.015625 2726.14599609375 2880.73291015625 5661.650390625 3949.336669921875 2783.88623046875 3754.16064453125 3341.597900390625 2393.755859375 1270.3514404296875 1505.2625732421875 2826.097900390625 6884.9580078125 6087.8798828125 8400.986328125 5618.94775390625 3225.834228515625 2613.900634765625 1802.3321533203125 1525.05712890625 769.75408935546875 370.611480712890625 760.111083984375 2259.859375 5246.18408203125 4141.6982421875 1837.4036865234375 1293.05126953125 1139.30517578125 1025.0865478515625 1249.84814453125 1850.8538818359375 1955.4129638671875 2224.318115234375 2292.8330078125 -9999 -9999 -9999 -9999 -9999 -9999 1679.7740478515625 3162.8232421875 3480.23974609375 3352.993896484375 2646.71240234375
1312.880615234375 1691.57861328125 3027.343505859375 5629.96142578125 5693.4990234375 9028.404296875 6755.09765625 3667.535400390625 2116.2783203125 3293.9736328125 2405.918212890625 2033.67529296875 1189.4376220703125 1504.169189453125 3513.61572265625 9993.84765625 8981.654296875 8728.0712890625 3810.606689453125 2702.2734375 2208.286376953125 1838.14501953125 1182.9005126953125 709.58447265625 326.71484375 349.728271484375 904.91943359375 2702.3447265625 6232.80224609375 3691.61767578125 2892.248046875 2189.1640625 1511.877197265625 1319.93212890625 1752.0338134765625 2061.760498046875 2356.422119140625 2186.126953125 -9999 -9999 -9999 -9999 -9999 -9999 -9999 -9999 2464.712158203125 4394.908203125 5544.47705078125
1686.6641845703125 2286.006103515625 5102.341796875 849.09503173828125 3388.751953125 6929.95166015625 3399.486083984375 2508.80517578125 2174.858642578125 3870.191650390625 2771.81982421875 2060.117919921875 1378.3902587890625 1874.09423828125 8220.015625 18369.943359375 15848.6494140625 6236.5673828125 5200.37255859375 3780.139892578125 3293.9072265625 2225.804443359375 1671.053466796875 1044.6134033203125 524.0733642578125 339.764923095703125 771.58660888671875 1968.715576171875 4923.4599609375 9389.58203125 9683.017578125 7497.01953125 4813.76416015625 2729.07666015625 2032.2696533203125 1452.6031494140625 1876.2130126953125 1731.0833740234375 386.078857421875 -9999 -9999 -9999 -9999 -9999 -9999 -9999 -9999 1681.1971435546875 3300.703125
2046.224365234375 4228.9453125 5923.7333984375 2168.42724609375 2375.9921875 2019.896728515625 1431.1434326171875 1628.7855224609375 2080.849853515625 3856.917724609375 2693.925048828125 1833.269775390625 1541.4439697265625 2788.96142578125 14673.84765625 20904.142578125 8431.3076171875 6587.48876953125 5752.06201171875 4685.04638671875 3134.6953125 1632.0823974609375 1433.944091796875 838.62261962890625 581.068359375 586.12738037109375 722.739501953125 1085.9022216796875 1770.852294921875 3112.26025390625 6742.3330078125 11417.974609375 11829.017578125 7546.236328125 4263.2060546875 2268.369384765625 2012.1817626953125 1410.7960205078125 168.577117919921875 99.60040283203125 -9999 -9999 -9999 -9999 -9999 -9999 -9999 -9999 2730.924072265625
2063.72900390625 9755.3388671875 6329.26416015625 2531.109375 1156.935546875 865.0499267578125 811.04949951171875 1541.6031494140625 2783.51123046875 4924.69580078125 3054.597412109375 2341.67431640625 2265.116943359375 8607.6845703125 30386.111328125 19234.474609375 8998.2490234375 3662.7841796875 2109.720458984375 1885.7078857421875 2186.806884765625 2264.376220703125 1572.377197265625 903.72625732421875 692.9583740234375 1005.62115478515625 1392.1790771484375 1524.2138671875 1745.1309814453125 2007.591552734375 2609.7041015625 5439.3037109375 11305.4609375 18182.896484375 17441.59375 2241.45849609375 755.04962158203125 136.01220703125 99.60040283203125 99.60040283203125 733.3355712890625 -9999 -9999 -9999 -9999 -9999 -9999 -9999 -9999
2558.672119140625 15576.4619140625 5480.72314453125 1270.1751708984375 712.64727783203125 335.025177001953125 355.287139892578125 2028.87060546875 3676.499755859375 5367.03271484375 3134.691650390625 2792.4892578125 3229.158935546875 27907.8984375 36699.42578125 8835.3828125 2602.7099609375 1638.0067138671875 1259.8670654296875 942.4066162109375 1123.8389892578125 1341.986572265625 1209.7197265625 838.48876953125 560.88104248046875 1065.5545654296875 1266.216064453125 1450.9044189453125 1314.4345703125 1231.088134765625 1177.7493896484375 1560.94775390625 2550.722412109375 5429.73974609375 7730.29296875 99.60040283203125 99.60040283203125 123.629852294921875 99.60040283203125 175.349822998046875 614.493408203125 -9999 -9999 -9999 -9999 -9999 -9999 -9999 -9999
11056.3388671875 13283.6376953125 2352.331298828125 826.9857177734375 773.8048095703125 658.99969482421875 1015.9141845703125 2615.9052734375 5116.35986328125 5379.72607421875 4681.38916015625 5795.6455078125 42946.3046875 45592.73828125 5267.3447265625 3798.870849609375 3071.984130859375 2316.26171875 1549.723388671875 749.6708984375 1010.16455078125 1466.2408447265625 1522.9088134765625 750.5926513671875 788.8355712890625 1406.3876953125 1609.7237548828125 1956.514404296875 1790.20068359375 1658.96240234375 1470.8385009765625 1228.3431396484375 1312.950439453125 1639.7681884765625 1357.2901611328125 566.01318359375 449.66131591796875 633.69805908203125 571.3299560546875 575.00775146484375 571.25787353515625 -9999 -9999 -9999 -9999 -9999 -9999 -9999 -9999
23236.65625 4365.3740234375 1910.2398681640625 1362.5992431640625 1461.3277587890625 1328.503173828125 2251.134521484375 3816.54296875 7479.49609375 6939.04296875 6913.80908203125 44864.08984375 39350.66015625 7381.3623046875 4939.53076171875 3940.99169921875 3121.099609375 2364.89794921875 1733.6229248046875 1426.9833984375 1443.6400146484375 1525.3199462890625 1473.81787109375 1040.66357421875 1123.6673583984375 1769.5850830078125 1437.1956787109375 1858.0556640625 1375.0185546875 1691.256103515625 1718.0712890625 1497.7874755859375 1402.0904541015625 872.4305419921875 774.83233642578125 819.28216552734375 1345.4949951171875 1633.173583984375 1785.8045654296875 971.93994140625 878.2607421875 679.6964111328125 -9999 -9999 -9999 -9999 -9999 -9999 -9999
10595.78125 3767.746826171875 6403.5771484375 2776.168701171875 1739.872314453125 2085.863525390625 2963.53955078125 5925.8759765625 11350.8623046875 17705.240234375 36964.2890625 53613.13671875 8892.2197265625 6628.3515625 5316.673828125 4778.40869140625 3762.309326171875 2426.214111328125 1884.625244140625 1763.6168212890625 1949.746337890625 1760.9974365234375 1344.760498046875 1747.6529541015625 1961.6248779296875 2569.35009765625 2065.42236328125 2140.2587890625 1526.0157470703125 1761.4229736328125 2228.2353515625 2089.33447265625 2098.250732421875 1730.63720703125 1163.79052734375 940.0311279296875 2432.59033203125 2853.61328125 3105.4736328125 1279.360595703125 949.9276123046875 808.3721923828125 -9999 -9999 -9999 -9999 -9999 -9999 -9999
38460.96875 50416.55859375 56450.61328125 53409.65625 40615.46875 52483.68359375 83424.984375 87910.5078125 70273.203125 55198.76171875 31668.166015625 24882.37109375 17822.751953125 5769.45751953125 4737.09619140625 3852.93115234375 3195.290283203125 2596.263671875 1895.6494140625 1578.090576171875 1609.75 1495.66748046875 1275.0760498046875 1778.0526123046875 2548.37109375 3826.537841796875 3506.378662109375 2250.1474609375 1408.1209716796875 1541.7030029296875 2318.53173828125 2632.2861328125 2670.308837890625 1996.6859130859375 2076.937255859375 1199.794921875 2533.60205078125 5461.90283203125 4478.08203125 1109.1795654296875 420.68798828125 147.2358856201171875 517.1656494140625 -9999 -9999 -9999 -9999 -9999 -9999
