INPUT/RASTER/maxent_background_data/fla.asc
ncols        225
nrows        269
xllcorner    473000.000000000000
yllcorner    4429100.000000000000
cellsize     50.000000000000
NODATA_value -9999
[rows 220 to 241 of 269, columns 147 to 195 of 225]
1135.0447998046875 606.71258544921875 831.65399169921875 3959.697021484375 47344.796875 27926.84375 3812.378173828125 2550.46337890625 1526.9088134765625 1088.841064453125 968.50140380859375 577.77374267578125 513.7904052734375 717.93408203125 1532.856689453125 2324.7333984375 3880.948974609375 6424.9697265625 9861.4111328125 13080.6416015625 35925.77734375 69720.96875 1015.89794921875 1198.15625 4138.01953125 4842.8056640625 2282.5224609375 4427.9638671875 4177.1962890625 1877.481689453125 1419.47998046875 5847.3603515625 8479.7958984375 5126.9912109375 3954.214599609375 2239.77294921875 2302.04248046875 1419.0902099609375 737.3720703125 968.1370849609375 774.1475830078125 840.72015380859375 1275.260986328125 1697.6219482421875 1893.5921630859375 20498.490234375 63573.02734375 9387.212890625 2744.33984375
951.35015869140625 788.20654296875 1428.061279296875 18301.515625 54170.7265625 14275.1796875 2678.4384765625 1956.4844970703125 2046.480712890625 1469.5172119140625 1329.524169921875 824.76495361328125 309.281158447265625 663.99755859375 1149.186767578125 1779.9066162109375 3433.499755859375 4270.36767578125 3134.32568359375 3063.634033203125 1902.457763671875 44550.18359375 1939.2657470703125 538.77215576171875 2037.4873046875 5098.4052734375 3640.50146484375 2366.984619140625 3619.74169921875 3873.826171875 3110.4443359375 3105.114013671875 6230.9365234375 4998.9990234375 3963.50341796875 1974.268310546875 2053.986572265625 917.7513427734375 541.97601318359375 588.5008544921875 790.0194091796875 1026.2208251953125 1273.1451416015625 2021.3990478515625 3354.310546875 70848.7109375 10696.509765625 2049.314697265625 1050.759765625
929.65338134765625 1219.3197021484375 2303.128173828125 33377.05859375 46427.2109375 7407.7333984375 2554.50244140625 3889.135498046875 3025.636474609375 2053.52880859375 1652.4591064453125 749.31793212890625 387.286834716796875 403.55194091796875 525.4603271484375 1024.38134765625 1447.453125 1249.0633544921875 804.2523193359375 716.037109375 896.26837158203125 743.255859375 874.78662109375 1057.325927734375 1244.992431640625 4038.7119140625 6386.87109375 3558.547607421875 1618.0050048828125 3932.758544921875 4945.8076171875 4173.04833984375 4465.1826171875 4818.27587890625 5784.63330078125 3879.1533203125 2444.5107421875 772.28179931640625 995.08367919921875 788.3297119140625 1089.2314453125 1655.923828125 1568.3289794921875 2719.244873046875 47651.78515625 48123.37109375 4297.7998046875 2668.66650390625 1982.461181640625
907.378173828125 1380.1904296875 2278.54248046875 49652.19921875 35696.828125 5715.12158203125 4753.72216796875 3808.61572265625 2755.055419921875 1831.91650390625 1474.6199951171875 804.44427490234375 582.591552734375 550.62286376953125 639.8262939453125 912.283447265625 666.1158447265625 935.43133544921875 1026.774169921875 699.76263427734375 417.10986328125 1015.41534423828125 9902.646484375 11198.7978515625 8447.744140625 7626.0048828125 6732.4697265625 11784.0966796875 8347.3935546875 3620.45458984375 2934.3720703125 2533.945068359375 2732.538330078125 2018.7177734375 2375.744873046875 2227.13671875 2001.843017578125 1049.104248046875 1102.2325439453125 1086.8271484375 1437.6636962890625 2235.475341796875 2008.3516845703125 5284.4873046875 93700.84375 12216.080078125 3296.047607421875 2608.01416015625 1752.050537109375
1479.2684326171875 1260.33544921875 1719.079345703125 62044.015625 28580.484375 5232.041015625 2980.540283203125 2410.109375 2323.86962890625 1701.27197265625 1324.7601318359375 977.08856201171875 795.48858642578125 717.80975341796875 820.604248046875 1127.1446533203125 1475.8458251953125 1526.054931640625 2007.0687255859375 1444.18994140625 703.4747314453125 885.27618408203125 15213.880859375 7464.7216796875 4614.4013671875 2401.086181640625 2029.8116455078125 2963.908203125 4344.04052734375 3400.56982421875 2389.65380859375 1555.6998291015625 1519.4010009765625 1167.9422607421875 1106.21875 680.24066162109375 920.6748046875 723.454833984375 843.88739013671875 1316.4892578125 1329.24560546875 2241.3251953125 1312.224609375 2182.6669921875 11814.5400390625 5678.34130859375 2828.918701171875 2357.5859375 1667.2135009765625
1399.5494384765625 1258.3575439453125 7443.81494140625 69746.484375 18992.40234375 3832.728515625 2625.9765625 2786.38330078125 2491.979736328125 1647.3936767578125 2086.550048828125 1195.576171875 821.21923828125 898.19927978515625 1015.1063232421875 1275.563720703125 1891.102783203125 3427.320556640625 3564.0869140625 4144.6142578125 1789.751953125 1643.2940673828125 3539.53271484375 4408.6982421875 4490.82568359375 4071.1025390625 2283.784423828125 1953.323486328125 2300.671142578125 2187.202880859375 2148.1845703125 1510.01123046875 1197.4727783203125 618.4349365234375 315.3685302734375 699.3489990234375 770.4964599609375 412.487701416015625 972.5577392578125 1815.2093505859375 1757.098388671875 1150.9432373046875 283.466522216796875 314.77105712890625 2320.99365234375 3566.30078125 2320.27734375 1666.9893798828125 1003.097900390625
1703.18359375 3165.11181640625 15741.6962890625 70366.8359375 18981.900390625 5384.48046875 3449.990966796875 3426.630126953125 3047.025146484375 3377.00244140625 2659.401123046875 1049.3236083984375 340.0931396484375 305.018646240234375 716.672119140625 1160.29296875 1285.7161865234375 2456.008056640625 5052.84423828125 8656.46484375 6030.09033203125 2647.187744140625 1561.9974365234375 1861.9815673828125 1839.8756103515625 2372 2164.04296875 1958.327392578125 1672.3773193359375 1548.6199951171875 1701.3516845703125 1306.649658203125 1077.104736328125 519.63812255859375 234.2553558349609375 680.57025146484375 734.934326171875 511.99285888671875 889.04315185546875 1669.1739501953125 3551.63818359375 1763.4071044921875 716.11529541015625 723.20147705078125 1401.603759765625 2379.475341796875 2598.9443359375 2505.873779296875 1476.58447265625
2417.691162109375 5633.251953125 31028.740234375 68348.984375 9123.1337890625 3691.859619140625 2941.592529296875 3030.363037109375 4115.40380859375 3122.829345703125 1975.7694091796875 799.37548828125 376.095367431640625 349.754730224609375 810.8355712890625 1072.674072265625 1168.3662109375 1231.51025390625 1102.685302734375 3883.32861328125 7126.77783203125 1912.811767578125 1159.8687744140625 821.54656982421875 952.360595703125 1743.7044677734375 2024.5341796875 1958.215576171875 1548.7657470703125 1279.3741455078125 1079.663330078125 818.91632080078125 600.2498779296875 333.212982177734375 542.894775390625 842.3878173828125 1098.1959228515625 1264.0496826171875 1215.4315185546875 6469.37109375 4376.482421875 2965.67236328125 2759.172607421875 2562.80908203125 1253.9046630859375 769.05780029296875 1008.8236083984375 1589.5665283203125 1109.803466796875
4093.491943359375 7470.462890625 62145.0859375 46119.53515625 4529.623046875 4571.2451171875 5026.013671875 4805.6279296875 5067.68212890625 2877.267822265625 1417.8505859375 669.5335693359375 562.3603515625 496.550750732421875 1182.2838134765625 1560.7186279296875 1533.51953125 1446.0609130859375 629.6510009765625 1398.9437255859375 7751.96240234375 11035.8037109375 4818.2626953125 2225.005126953125 1561.3670654296875 2149.7060546875 1545.329833984375 2203.453125 1630.6864013671875 1069.6746826171875 609.1273193359375 410.676513671875 237.4308319091796875 512.54498291015625 944.04302978515625 1141.69873046875 1248.607177734375 1703.9979248046875 1343.62451171875 11320.4609375 3318.4560546875 3987.67919921875 3426.94873046875 2502.484375 1436.1693115234375 1038.01220703125 394.837249755859375 717.521484375 621.370361328125
4001.042236328125 8354.8759765625 93866.6953125 19503.02734375 5612.84521484375 4292.6923828125 6265.3359375 4671.59130859375 3502.236572265625 1433.0804443359375 636.2266845703125 564.18963623046875 688.96533203125 576.73468017578125 917.7315673828125 1773.819580078125 1908.0009765625 2710.2060546875 2366.35302734375 2234.024658203125 19104.6171875 7056.1005859375 10696.291015625 10484.109375 8344.9033203125 5948.4326171875 4049.8203125 2215.11083984375 1634.554931640625 1135.3544921875 894.53106689453125 634.6729736328125 544.08587646484375 846.9468994140625 1453.1373291015625 1685.5848388671875 1654.654541015625 2344.632568359375 1601.6217041015625 15712.0322265625 6905.466796875 5674.5732421875 2534.2373046875 1427.447021484375 1319.108154296875 1396.89990234375 1167.5113525390625 1101.146240234375 681.8245849609375
3859.788818359375 57238.84765625 68062.9296875 9251.68359375 5530.91015625 8313.5908203125 5332.3701171875 2819.47998046875 2229.80224609375 1221.9984130859375 1089.1229248046875 1159.5743408203125 1095.13232421875 867.177978515625 767.945556640625 1243.4664306640625 2091.724609375 3421.2158203125 4139.19189453125 4916.91162109375 1837.158447265625 1586.861083984375 1568.12109375 2961.37353515625 1885.237060546875 2123.260986328125 1876.3648681640625 1505.806640625 1166.8797607421875 931.00439453125 897.24273681640625 736.32220458984375 728.96380615234375 1105.9283447265625 1916.5264892578125 1807.095458984375 1574.738037109375 2082.059814453125 1100.312744140625 4186.50390625 3550.245849609375 2585.951904296875 1700.1451416015625 1439.07861328125 1300.4681396484375 1365.2381591796875 1153.00390625 1149.44384765625 755.6107177734375
10949.9736328125 106742.7421875 19381.427734375 6301.4208984375 5654.74267578125 4297.3212890625 2104.66650390625 1812.320068359375 1691.472412109375 1257.011474609375 1962.306396484375 1866.6239013671875 1589.6383056640625 1009.891845703125 786.291748046875 1051.4923095703125 1467.213134765625 2092.880859375 1932.5079345703125 1415.25341796875 1120.755859375 2299.853515625 1254.8812255859375 1243.081787109375 882.974365234375 466.50048828125 989.24053955078125 1155.2139892578125 857.83203125 410.688873291015625 542.4971923828125 882.1708984375 884.15875244140625 1324.49609375 2476.093994140625 4316.38623046875 2043.05224609375 6421.00341796875 8475.3515625 6308.14501953125 2807.41357421875 2342.3818359375 1788.5980224609375 1715.30078125 1915.4864501953125 2410.163330078125 1937.0767822265625 1709.6864013671875 1384.099609375
76196.484375 65964.40625 6702.91796875 5597.62890625 4115.6083984375 2790.717041015625 2044.3231201171875 1716.21533203125 1593.994384765625 1369.9859619140625 3820.6669921875 3228.17626953125 1593.178955078125 615.52490234375 734.36688232421875 1449.5343017578125 2012.3135986328125 2517.537841796875 2079.2138671875 656.9366455078125 1481.3319091796875 1741.681396484375 922.506591796875 699.37579345703125 514.7652587890625 271.387939453125 1061.312744140625 1116.0364990234375 919.0418701171875 660.28802490234375 669.4422607421875 1004.96527099609375 1349.4779052734375 1432.1907958984375 1838.569091796875 5877.72900390625 4289.87646484375 24567.87109375 14330.5126953125 11544.783203125 7303.9326171875 5611.04052734375 4890.10791015625 4740.55859375 3518.21533203125 2885.184814453125 1878.72021484375 1421.1240234375 1636.9541015625
84309.6328125 23438.478515625 4527.7734375 5121.87646484375 3170.602783203125 1828.2269287109375 1882.788330078125 1878.1314697265625 1813.1044921875 1706.815673828125 7844.32568359375 2079.61279296875 507.219879150390625 128.8491973876953125 391.746917724609375 1111.6287841796875 1844.6873779296875 3261.4365234375 3698.76708984375 11075.607421875 6908.97900390625 2924.267333984375 1053.130859375 652.9398193359375 495.571197509765625 343.38482666015625 801.69659423828125 5047.4228515625 1141.4298095703125 834.038330078125 709.09576416015625 727.1741943359375 1787.8524169921875 2008.8856201171875 2815.476806640625 3790.305908203125 4662.87353515625 16707.82421875 13219.1494140625 15717.814453125 21303.806640625 22408.513671875 20679.75 17814.71875 13593.345703125 7888.86328125 4423.01953125 2167.324951171875 2718.5390625
70097.328125 17272.533203125 8313.849609375 6006.42529296875 2934.957763671875 2389.79345703125 3102.547607421875 3048.7734375 3651.921142578125 9108.14453125 7064.45458984375 983.100341796875 450.484649658203125 443.677978515625 869.89501953125 1668.1767578125 2701.33837890625 2522.998779296875 2397.441162109375 1920.5250244140625 2692.345703125 3515.370849609375 3462.378173828125 2430.81201171875 1647.894287109375 536.5106201171875 238.962554931640625 3633.8125 1961.8856201171875 1323.772216796875 981.13421630859375 1257.7071533203125 2007.577880859375 2997.716796875 3156.282470703125 11813.603515625 10985.6767578125 7160.71435546875 6275.0263671875 4572.61474609375 2627.00927734375 1768.9825439453125 2035.586669921875 2595.408935546875 5416.2109375 7036.59814453125 7810.97412109375 7150.20751953125 4377.45654296875
13759.990234375 10188.0380859375 3838.197265625 1843.153564453125 1704.71826171875 2170.10986328125 2754.031494140625 3073.811279296875 6443.349609375 7221.7646484375 1410.888671875 596.33599853515625 301.604095458984375 464.777984619140625 654.1842041015625 1233.666015625 2150.550048828125 586.3818359375 1222.048095703125 2131.019287109375 2081.443115234375 2301.95361328125 2321.873046875 1747.759765625 991.10113525390625 356.6474609375 225.16326904296875 1130.056396484375 1096.54052734375 1058.03271484375 373.818756103515625 708.08477783203125 1341.147216796875 2026.7176513671875 2575.26220703125 14344.7470703125 3109.900146484375 2392.714599609375 2061.573486328125 1926.1318359375 1781.3111572265625 1558.695556640625 1393.5302734375 1309.2169189453125 1372.893798828125 1648.333740234375 1728.555908203125 1829.5118408203125 1874.7945556640625
14233.3369140625 11778.7080078125 2758.593017578125 2033.8623046875 2567.435546875 1752.4639892578125 3809.05908203125 4980.41845703125 10469.3974609375 5193.80419921875 1331.32470703125 384.782257080078125 448.39678955078125 1105.311279296875 1541.9283447265625 1467.09765625 1481.3848876953125 1246.54736328125 2535.1669921875 1478.4697265625 1015.26153564453125 914.0257568359375 718.44744873046875 584.330810546875 554.60369873046875 496.935943603515625 322.798187255859375 535.29327392578125 1019.2261962890625 1449.707275390625 864.3372802734375 816.54510498046875 1302.96630859375 2237.758544921875 7333.982421875 16132.140625 3602.826171875 3084.2744140625 2786.125244140625 2030.3575439453125 1431.0831298828125 966.4310302734375 715.86602783203125 533.1866455078125 402.3450927734375 246.3867950439453125 400.010772705078125 672.13714599609375 1273.99755859375
17933.55859375 10555.7060546875 3259.741455078125 3376.26904296875 1886.4541015625 1511.9759521484375 6330.513671875 9250.6865234375 12451.474609375 1184.1773681640625 597.66339111328125 468.522979736328125 787.34197998046875 1127.7464599609375 1368.3719482421875 1395.3306884765625 1679.6671142578125 3062.548828125 4900.8359375 2429.815185546875 1910.9884033203125 1250.9278564453125 826.13165283203125 847.53973388671875 1104.3526611328125 754.9581298828125 909.21051025390625 1602.7025146484375 2359.99658203125 1506.1497802734375 797.1160888671875 644.0594482421875 996.00616455078125 1402.654052734375 24333.08984375 3817.76611328125 2049.61083984375 2395.221923828125 2243.68994140625 1602.5364990234375 1187.95458984375 861.242431640625 821.7821044921875 591.41522216796875 494.528778076171875 736.106689453125 995.74420166015625 2360.508056640625 2237.130615234375
17736.443359375 5661.18359375 3248.861083984375 2427.39990234375 1190.290283203125 3353.471435546875 15359.3408203125 14075.6748046875 4421.23291015625 930.189697265625 410.96636962890625 755.108642578125 1230.1170654296875 1604.0482177734375 2266.938232421875 2648.205322265625 2997.380615234375 4331.90869140625 9514.0537109375 4189.75732421875 2510.6650390625 2340.9677734375 2749.7685546875 2696.8076171875 3323.231201171875 4272.04736328125 4548.1201171875 4123.67822265625 3144.5517578125 1723.632568359375 1310.401123046875 1127.9693603515625 807.5908203125 1700.3984375 28259.982421875 7903.74560546875 4177.87353515625 3013.939208984375 2492.812255859375 1964.4107666015625 1951.6728515625 1641.864501953125 1466.0972900390625 1012.60296630859375 885.044921875 1860.1256103515625 2412.2822265625 4439.96875 1783.2352294921875
15670.6884765625 6942.4267578125 3056.066162109375 1705.6278076171875 1452.967529296875 11852.7412109375 23866.2578125 5638.60791015625 1838.39599609375 727.88336181640625 231.615478515625 694.24029541015625 1546.361083984375 1948.222900390625 1969.1673583984375 2739.64111328125 2699.896484375 2251.17724609375 3073.079345703125 3746.7119140625 3070.640380859375 3425.95166015625 4483.9013671875 7294.67724609375 7007.2197265625 4312.23388671875 4185.46875 3296.37841796875 2032.3260498046875 1193.6153564453125 1228.4537353515625 1127.6275634765625 391.900146484375 1173.0506591796875 15093.576171875 6327.50341796875 3182.56689453125 2757.23193359375 2443.593994140625 2193.85009765625 2014.7772216796875 1514.5396728515625 1320.8160400390625 1032.4290771484375 2228.85302734375 4182.9599609375 5151.83251953125 3226.827880859375 500.124114990234375
9608 3181.9951171875 1495.4364013671875 912.79034423828125 2454.41943359375 27504.58203125 8343.2744140625 1622.265625 864.0159912109375 425.71356201171875 193.57440185546875 612.2413330078125 1428.5206298828125 2368.01171875 2514.822265625 2466.824951171875 1867.0875244140625 2128.529052734375 4093.158935546875 5332.8349609375 7219.84033203125 8990.060546875 10279.4296875 6484.43798828125 5085.31982421875 5323.1787109375 5167.9453125 3168.791748046875 2000.4658203125 1364.593505859375 1253.46484375 1349.7332763671875 969.4970703125 765.448486328125 3860.5849609375 5505.84765625 4977.87890625 4564.55859375 4084.925048828125 3644.658447265625 3387.4609375 3132.661865234375 3952.492919921875 6522.81201171875 8385.4306640625 8073.80908203125 3566.767578125 699.01824951171875 -9999
4147.32373046875 1640.5848388671875 1315.911376953125 1027.2158203125 5383.6162109375 30746.912109375 2954.081298828125 1484.828369140625 1113.0345458984375 691.15325927734375 269.096588134765625 688.10723876953125 1316.047607421875 3221.41845703125 3305.243408203125 4169.052734375 2185.369384765625 3987.955322265625 7630.71923828125 7696.58349609375 8260.1796875 7705.8505859375 5860.3466796875 3274.38623046875 3165.30859375 3719.4541015625 1601.4639892578125 334.301483154296875 275.6986083984375 1096.5721435546875 1131.4835205078125 1384.0552978515625 1903.66845703125 1095.0814208984375 4196.54833984375 5250.3662109375 4889.103515625 3990.16357421875 3618.6748046875 3611.604248046875 4214.76171875 4996.9345703125 7612.9296875 7036.0986328125 5414.529296875 2464.18310546875 658.02618408203125 -9999 -9999
