INPUT/RASTER/maxent_background_data/nitrogen.asc
ncols        225
nrows        269
xllcorner    473009.983799999987
yllcorner    4429051.174800000153
cellsize     50.000000000000
NODATA_value  -9999
[rows 90 to 107 of 269, columns 126 to 167 of 225]
19.635181427001953125 19.606683731079101563 19.606683731079101563 19.606683731079101563 19.606683731079101563 19.606683731079101563 -9999 -9999 -9999 -9999 -9999 -9999 -9999 -9999 -9999 -9999 -9999 -9999 -9999 -9999 -9999 -9999 -9999 -9999 -9999 -9999 -9999 -9999 -9999 -9999 -9999 17.618303298950195313 17.618303298950195313 17.618303298950195313 17.618303298950195313 17.618303298950195313 17.609102249145507813 17.563030242919921875 17.516956329345703125 17.470884323120117188 17.42481231689453125 17.350709915161132813
19.6636505126953125 19.662683486938476563 19.662683486938476563 19.662683486938476563 19.662683486938476563 19.662683486938476563 -9999 -9999 -9999 -9999 -9999 -9999 -9999 -9999 -9999 -9999 -9999 -9999 -9999 -9999 -9999 -9999 -9999 -9999 -9999 -9999 -9999 -9999 -9999 -9999 -9999 17.52030181884765625 17.52030181884765625 17.52030181884765625 17.52030181884765625 17.52030181884765625 17.525320053100585938 17.550447463989257813 17.575574874877929688 17.60070037841796875 17.625827789306640625 17.598886489868164063
19.692119598388671875 19.718683242797851563 19.718683242797851563 19.718683242797851563 19.718683242797851563 19.718683242797851563 -9999 -9999 -9999 -9999 -9999 -9999 -9999 -9999 -9999 -9999 -9999 -9999 -9999 -9999 -9999 -9999 -9999 -9999 -9999 -9999 -9999 -9999 -9999 -9999 -9999 17.42230224609375 17.42230224609375 17.42230224609375 17.42230224609375 17.42230224609375 17.44153594970703125 17.53786468505859375 17.634191513061523438 17.730518341064453125 17.826845169067382813 17.8470611572265625
19.663888931274414063 19.719999313354492188 19.719999313354492188 19.719999313354492188 19.719999313354492188 19.719999313354492188 -9999 -9999 -9999 -9999 -9999 -9999 -9999 -9999 -9999 -9999 -9999 -9999 -9999 -9999 -9999 -9999 -9999 -9999 -9999 -9999 18.729999542236328125 18.729999542236328125 18.729999542236328125 18.729999542236328125 18.729999542236328125 18.528783798217773438 18.022045135498046875 17.812236785888671875 17.697509765625 17.625171661376953125 17.605571746826171875 17.713335037231445313 17.821100234985351563 17.928865432739257813 18.036630630493164063 18.070917129516601563
19.619585037231445313 19.719999313354492188 19.719999313354492188 19.719999313354492188 19.719999313354492188 19.719999313354492188 -9999 -9999 -9999 -9999 -9999 -9999 -9999 -9999 -9999 -9999 -9999 -9999 -9999 -9999 -9999 -9999 -9999 -9999 -9999 -9999 18.729999542236328125 18.729999542236328125 18.729999542236328125 18.729999542236328125 18.729999542236328125 18.636890411376953125 18.295787811279296875 18.079441070556640625 17.929990768432617188 17.820562362670898438 17.775568008422851563 17.89333343505859375 18.011096954345703125 18.128862380981445313 18.2466278076171875 18.294189453125
19.545511245727539063 19.719999313354492188 19.719999313354492188 19.719999313354492188 19.719999313354492188 19.719999313354492188 -9999 -9999 -9999 -9999 -9999 -9999 -9999 -9999 -9999 -9999 -9999 -9999 -9999 -9999 -9999 -9999 -9999 -9999 -9999 -9999 18.729999542236328125 18.729999542236328125 18.729999542236328125 18.729999542236328125 18.729999542236328125 18.67710113525390625 18.449331283569335938 18.2692413330078125 18.1232757568359375 18.002574920654296875 17.94556427001953125 18.073329925537109375 18.201093673706054688 18.328859329223632813 18.456624984741210938 18.517461776733398438
19.396474838256835938 19.719999313354492188 19.719999313354492188 19.719999313354492188 19.719999313354492188 19.719999313354492188 -9999 -9999 -9999 -9999 -9999 -9999 -9999 -9999 -9999 -9999 -9999 -9999 -9999 -9999 -9999 -9999 -9999 -9999 -9999 -9999 18.729999542236328125 18.729999542236328125 18.729999542236328125 18.729999542236328125 18.729999542236328125 18.698093414306640625 18.547594070434570313 18.411014556884765625 18.286508560180664063 18.172540664672851563 18.115560531616210938 18.253326416015625 18.39109039306640625 18.528856277465820313 18.666622161865234375 18.740732192993164063
18.942142486572265625 19.719999313354492188 19.719999313354492188 19.719999313354492188 19.719999313354492188 19.719999313354492188 -9999 -9999 -9999 -9999 -9999 -9999 -9999 -9999 -9999 -9999 -9999 -9999 -9999 -9999 -9999 -9999 -9999 -9999 -9999 -9999 18.729999542236328125 18.729999542236328125 18.729999542236328125 18.729999542236328125 18.729999542236328125 18.710987091064453125 18.615875244140625 18.52094268798828125 18.426189422607421875 18.331615447998046875 18.285558700561523438 18.433322906494140625 18.581087112426757813 18.728853225708007813 18.876617431640625 18.9640045166015625
18.974683761596679688 -9999 -9999 -9999 -9999 -9999 -9999 -9999 -9999 -9999 -9999 -9999 -9999 -9999 -9999 -9999 -9999 -9999 -9999 -9999 -9999 -9999 -9999 -9999 -9999 -9999 18.827650070190429688 18.827650070190429688 18.827650070190429688 18.827650070190429688 18.827650070190429688 18.814807891845703125 18.750494003295898438 18.68618011474609375 18.621866226196289063 18.557552337646484375 18.520656585693359375 18.593660354614257813 18.666666030883789063 18.7396697998046875 18.812673568725585938 18.837543487548828125
19.0306854248046875 -9999 -9999 -9999 -9999 -9999 -9999 -9999 -9999 -9999 -9999 -9999 -9999 -9999 -9999 -9999 -9999 -9999 -9999 -9999 -9999 -9999 -9999 -9999 -9999 -9999 18.92765045166015625 18.92765045166015625 18.92765045166015625 18.92765045166015625 18.92765045166015625 18.920877456665039063 18.886964797973632813 18.85305023193359375 18.819135665893554688 18.785221099853515625 18.757322311401367188 18.753526687622070313 18.749731063842773438 18.745935440063476563 18.742139816284179688 18.702669143676757813
19.0866851806640625 -9999 -9999 -9999 -9999 -9999 -9999 -9999 -9999 -9999 -9999 -9999 -9999 -9999 -9999 -9999 -9999 -9999 -9999 -9999 -9999 -9999 -9999 -9999 -9999 -9999 19.027650833129882813 19.027650833129882813 19.027650833129882813 19.027650833129882813 19.027650833129882813 19.026948928833007813 19.023433685302734375 19.01992034912109375 19.016405105590820313 19.012891769409179688 18.993986129760742188 18.91339111328125 18.832796096801757813 18.752199172973632813 18.671604156494140625 18.567792892456054688
19.1426849365234375 -9999 -9999 -9999 -9999 -9999 -9999 -9999 -9999 -9999 -9999 -9999 -9999 -9999 -9999 -9999 -9999 -9999 -9999 -9999 -9999 -9999 -9999 -9999 -9999 -9999 19.127649307250976563 19.127649307250976563 19.127649307250976563 19.127649307250976563 19.127649307250976563 19.13301849365234375 19.15990447998046875 19.18679046630859375 19.21367645263671875 19.24056243896484375 19.23065185546875 19.073255538940429688 18.915859222412109375 18.758464813232421875 18.601068496704101563 18.432918548583984375
19.1986846923828125 -9999 -9999 -9999 -9999 -9999 -9999 -9999 -9999 -9999 -9999 -9999 -9999 -9999 -9999 -9999 -9999 -9999 -9999 -9999 -9999 -9999 -9999 -9999 -9999 -9999 19.227649688720703125 19.227649688720703125 19.227649688720703125 19.227649688720703125 19.227649688720703125 19.239088058471679688 19.296375274658203125 19.35366058349609375 19.410945892333984375 19.468233108520507813 19.467315673828125 19.233119964599609375 18.99892425537109375 18.764730453491210938 18.530534744262695313 18.29804229736328125
18.408962249755859375 17.739999771118164063 17.739999771118164063 17.739999771118164063 17.739999771118164063 17.739999771118164063 -9999 -9999 -9999 -9999 -9999 -9999 -9999 -9999 -9999 -9999 -9999 -9999 -9999 -9999 -9999 18.920000076293945313 18.920000076293945313 18.920000076293945313 18.920000076293945313 18.920000076293945313 18.983348846435546875 19.142885208129882813 19.2089385986328125 19.245058059692382813 19.267831802368164063 19.296804428100585938 19.377069473266601563 19.457334518432617188 19.53759765625 19.617862701416015625 19.629438400268554688 19.365705490112304688 19.101972579956054688 18.838239669799804688 18.5745086669921875 18.317529678344726563
18.145465850830078125 17.739999771118164063 17.739999771118164063 17.739999771118164063 17.739999771118164063 17.739999771118164063 -9999 -9999 -9999 -9999 -9999 -9999 -9999 -9999 -9999 -9999 -9999 -9999 -9999 -9999 -9999 18.920000076293945313 18.920000076293945313 18.920000076293945313 18.920000076293945313 18.920000076293945313 18.959300994873046875 19.103275299072265625 19.194591522216796875 19.257673263549804688 19.303861618041992188 19.353357315063476563 19.4564208984375 19.55948638916015625 19.662549972534179688 19.765615463256835938 19.789768218994140625 19.4976348876953125 19.205501556396484375 18.913370132446289063 18.621236801147460938 18.340730667114257813
18.016088485717773438 17.739999771118164063 17.739999771118164063 17.739999771118164063 17.739999771118164063 17.739999771118164063 -9999 -9999 -9999 -9999 -9999 -9999 -9999 -9999 -9999 -9999 -9999 -9999 -9999 -9999 -9999 18.920000076293945313 18.920000076293945313 18.920000076293945313 18.920000076293945313 18.920000076293945313 18.95035552978515625 19.081056594848632813 19.184400558471679688 19.268161773681640625 19.337423324584960938 19.409910202026367188 19.53577423095703125 19.661638259887695313 19.787504196166992188 19.91336822509765625 19.950098037719726563 19.629564285278320313 19.309032440185546875 18.988498687744140625 18.667964935302734375 18.363931655883789063
17.93920135498046875 17.739999771118164063 17.739999771118164063 17.739999771118164063 17.739999771118164063 17.739999771118164063 -9999 -9999 -9999 -9999 -9999 -9999 -9999 -9999 -9999 -9999 -9999 -9999 -9999 -9999 -9999 18.920000076293945313 18.920000076293945313 18.920000076293945313 18.920000076293945313 18.920000076293945313 18.94568634033203125 19.066839218139648438 19.176788330078125 19.277017593383789063 19.368762969970703125 19.466463088989257813 19.6151275634765625 19.763792037963867188 19.912456512451171875 20.061120986938476563 20.110425949096679688 19.761493682861328125 19.412561416625976563 19.063627243041992188 18.714694976806640625 18.387132644653320313
17.888250350952148438 17.739999771118164063 17.739999771118164063 17.739999771118164063 17.739999771118164063 17.739999771118164063 -9999 -9999 -9999 -9999 -9999 -9999 -9999 -9999 -9999 -9999 -9999 -9999 -9999 -9999 -9999 18.920000076293945313 18.920000076293945313 18.920000076293945313 18.920000076293945313 18.920000076293945313 18.94281768798828125 19.056959152221679688 19.170885086059570313 19.284597396850585938 19.398096084594726563 19.523015975952148438 19.694478988647460938 19.86594390869140625 20.037408828735351563 20.208873748779296875 20.270755767822265625 19.893423080444335938 19.51609039306640625 19.138757705688476563 18.761423110961914063 18.410333633422851563
