INPUT/RASTER/maxent_background_data/nitrogen.asc
ncols        225
nrows        269
xllcorner    473009.983799999987
yllcorner    4429051.174800000153
cellsize     50.000000000000
NODATA_value  -9999
[rows 108 to 125 of 269, columns 42 to 83 of 225]
20.865453720092773438 20.996908187866210938 21.128362655639648438 21.259817123413085938 21.391269683837890625 21.477138519287109375 21.380296707153320313 21.283452987670898438 21.186609268188476563 21.0897674560546875 21.040975570678710938 21.18477630615234375 21.32857513427734375 21.472375869750976563 21.616176605224609375 21.726329803466796875 21.701625823974609375 21.676919937133789063 21.652215957641601563 21.62751007080078125 21.627765655517578125 21.728061676025390625 21.828359603881835938 21.928655624389648438 22.028951644897460938 22.042039871215820313 21.705583572387695313 21.369129180908203125 21.032672882080078125 20.696218490600585938 20.37957763671875 20.142358779907226563 19.905141830444335938 19.6679229736328125 19.430704116821289063 19.2513580322265625 19.303968429565429688 19.356578826904296875 19.409189224243164063 19.46179962158203125 19.499866485595703125 19.479631423950195313
21.06729888916015625 21.187952041625976563 21.308605194091796875 21.42926025390625 21.549913406372070313 21.624103546142578125 21.512060165405273438 21.400018692016601563 21.287975311279296875 21.175931930541992188 21.103075027465820313 21.187274932861328125 21.271474838256835938 21.35567474365234375 21.439876556396484375 21.508321762084960938 21.513616561889648438 21.518911361694335938 21.524206161499023438 21.529500961303710938 21.554643630981445313 21.65933990478515625 21.7640380859375 21.868734359741210938 21.973430633544921875 21.99730682373046875 21.697252273559570313 21.397197723388671875 21.097141265869140625 20.797086715698242188 20.509738922119140625 20.273319244384765625 20.036901473999023438 19.800481796264648438 19.56406402587890625 19.38016510009765625 19.40677642822265625 19.43338775634765625 19.459997177124023438 19.486608505249023438 19.505863189697265625 19.49562835693359375
21.26914215087890625 21.378995895385742188 21.488849639892578125 21.598703384399414063 21.70855712890625 21.771068572998046875 21.643825531005859375 21.516582489013671875 21.389339447021484375 21.262096405029296875 21.165172576904296875 21.1897735595703125 21.214374542236328125 21.23897552490234375 21.263574600219726563 21.290311813354492188 21.325605392456054688 21.36090087890625 21.396196365356445313 21.431491851806640625 21.4815216064453125 21.590618133544921875 21.699716567993164063 21.808813095092773438 21.917909622192382813 21.95257568359375 21.688920974731445313 21.425266265869140625 21.161609649658203125 20.897954940795898438 20.639898300170898438 20.404279708862304688 20.168661117553710938 19.933042526245117188 19.697423934936523438 19.508974075317382813 19.509584426879882813 19.510196685791015625 19.510807037353515625 19.511417388916015625 19.511859893798828125 19.511625289916992188
21.47098541259765625 21.570039749145507813 21.669092178344726563 21.768146514892578125 21.867200851440429688 21.918033599853515625 21.775590896606445313 21.633148193359375 21.490703582763671875 21.348260879516601563 21.22727203369140625 21.192272186279296875 21.157274246215820313 21.122274398803710938 21.087274551391601563 21.072301864624023438 21.13759613037109375 21.202890396118164063 21.268186569213867188 21.3334808349609375 21.4084014892578125 21.521898269653320313 21.635395050048828125 21.748889923095703125 21.862386703491210938 21.90784454345703125 21.680589675903320313 21.453334808349609375 21.226078033447265625 20.998823165893554688 20.77005767822265625 20.53524017333984375 20.300420761108398438 20.065601348876953125 19.830783843994140625 19.637783050537109375 19.612394332885742188 19.587003707885742188 19.561614990234375 19.536226272583007813 19.517856597900390625 19.527622222900390625
21.67282867431640625 21.761083602905273438 21.849336624145507813 21.937589645385742188 22.025844573974609375 22.064998626708984375 21.90735626220703125 21.749711990356445313 21.592069625854492188 21.43442535400390625 21.289371490478515625 21.194772720336914063 21.100172042846679688 21.005573272705078125 20.91097259521484375 20.854291915893554688 20.949586868286132813 21.044881820678710938 21.140176773071289063 21.235471725463867188 21.335279464721679688 21.453176498413085938 21.571073532104492188 21.688968658447265625 21.806865692138671875 21.863111495971679688 21.6722564697265625 21.481401443481445313 21.290546417236328125 21.099691390991210938 20.900218963623046875 20.66619873046875 20.432180404663085938 20.198162078857421875 19.964143753051757813 19.766590118408203125 19.71520233154296875 19.663812637329101563 19.612422943115234375 19.56103515625 19.523853302001953125 19.543619155883789063
21.150587081909179688 21.191324234008789063 21.232061386108398438 21.272798538208007813 21.313535690307617188 21.342824935913085938 21.326221466064453125 21.309619903564453125 21.293016433715820313 21.276414871215820313 21.246065139770507813 21.160610198974609375 21.07515716552734375 20.989704132080078125 20.904249191284179688 20.849412918090820313 20.91728973388671875 20.985166549682617188 21.053041458129882813 21.12091827392578125 21.191783905029296875 21.274629592895507813 21.35747528076171875 21.4403228759765625 21.523168563842773438 21.551143646240234375 21.359189987182617188 21.167238235473632813 20.975284576416015625 20.783330917358398438 20.58657073974609375 20.370538711547851563 20.154506683349609375 19.938474655151367188 19.722440719604492188 19.550237655639648438 19.55370330810546875 19.557168960571289063 19.560634613037109375 19.564098358154296875 19.569150924682617188 19.580556869506835938
20.610921859741210938 20.603260040283203125 20.595598220825195313 20.587934494018554688 20.580272674560546875 20.599737167358398438 20.727933883666992188 20.85613250732421875 20.9843292236328125 21.112527847290039063 21.200220108032226563 21.125566482543945313 21.050912857055664063 20.976259231567382813 20.901605606079101563 20.84966278076171875 20.888738632202148438 20.927814483642578125 20.966892242431640625 21.005968093872070313 21.046596527099609375 21.093442916870117188 21.140287399291992188 21.1871337890625 21.233980178833007813 21.232744216918945313 21.038789749145507813 20.844837188720703125 20.650884628295898438 20.45693206787109375 20.26224517822265625 20.064611434936523438 19.866979598999023438 19.669347763061523438 19.471715927124023438 19.325578689575195313 19.385845184326171875 19.446109771728515625 19.506376266479492188 19.566640853881835938 19.615392684936523438 19.618000030517578125
20.071258544921875 20.015195846557617188 19.959133148193359375 19.903070449829101563 19.84700775146484375 19.856649398803710938 20.129648208618164063 20.402645111083984375 20.6756439208984375 20.948640823364257813 21.154376983642578125 21.090524673461914063 21.026670455932617188 20.962816238403320313 20.898962020874023438 20.849910736083984375 20.860187530517578125 20.870464324951171875 20.880741119384765625 20.891017913818359375 20.901409149169921875 20.91225433349609375 20.923099517822265625 20.9339447021484375 20.944791793823242188 20.91434478759765625 20.71839141845703125 20.52243804931640625 20.32648468017578125 20.130533218383789063 19.937917709350585938 19.758686065673828125 19.579454421997070313 19.400220870971679688 19.220989227294921875 19.100921630859375 19.217985153198242188 19.335050582885742188 19.452116012573242188 19.569181442260742188 19.6616363525390625 19.655443191528320313
19.531595230102539063 19.42713165283203125 19.322668075561523438 19.218206405639648438 19.113742828369140625 19.11356353759765625 19.531360626220703125 19.94915771484375 20.366956710815429688 20.784753799438476563 21.108533859252929688 21.05548095703125 21.0024261474609375 20.949373245239257813 20.896320343017578125 20.850160598754882813 20.831638336181640625 20.813114166259765625 20.794589996337890625 20.776067733764648438 20.756219863891601563 20.731065750122070313 20.705911636352539063 20.680757522583007813 20.655603408813476563 20.595945358276367188 20.397991180419921875 20.200038909912109375 20.002086639404296875 19.804132461547851563 19.613592147827148438 19.452760696411132813 19.291927337646484375 19.13109588623046875 18.970262527465820313 18.876262664794921875 19.050127029418945313 19.223993301391601563 19.397857666015625 19.57172393798828125 19.70787811279296875 19.692884445190429688
18.991930007934570313 18.839067459106445313 18.686204910278320313 18.5333404541015625 18.3804779052734375 18.37047576904296875 18.933073043823242188 19.495672225952148438 20.058269500732421875 20.620866775512695313 21.06269073486328125 21.020437240600585938 20.978183746337890625 20.935930252075195313 20.8936767578125 20.85041046142578125 20.803087234497070313 20.755764007568359375 20.708440780639648438 20.6611175537109375 20.611032485961914063 20.549877166748046875 20.4887237548828125 20.427568435668945313 20.366415023803710938 20.277545928955078125 20.077592849731445313 19.8776397705078125 19.677686691284179688 19.477733612060546875 19.289266586303710938 19.146833419799804688 19.00440216064453125 18.861968994140625 18.719537734985351563 18.65160369873046875 18.882268905639648438 19.112934112548828125 19.343599319458007813 19.5742645263671875 19.754121780395507813 19.730327606201171875
19.050344467163085938 18.880720138549804688 18.711095809936523438 18.541471481323242188 18.371847152709960938 18.33382415771484375 18.82326507568359375 19.312707901000976563 19.802150726318359375 20.291591644287109375 20.682483673095703125 20.678371429443359375 20.674261093139648438 20.670148849487304688 20.666036605834960938 20.6590118408203125 20.640306472778320313 20.621603012084960938 20.60289764404296875 20.584192276000976563 20.555828094482421875 20.488750457763671875 20.421672821044921875 20.354595184326171875 20.287515640258789063 20.200292587280273438 20.032321929931640625 19.864351272583007813 19.696380615234375 19.528409957885742188 19.3511962890625 19.136934280395507813 18.922674179077148438 18.70841217041015625 18.494152069091796875 18.3852996826171875 18.698934555053710938 19.012569427490234375 19.326206207275390625 19.639841079711914063 19.886760711669921875 19.866275787353515625
19.123149871826171875 18.937524795532226563 18.751901626586914063 18.56627655029296875 18.38065338134765625 18.314168930053710938 18.725210189819335938 19.13625335693359375 19.54729461669921875 19.958337783813476563 20.294231414794921875 20.32891845703125 20.363607406616210938 20.398296356201171875 20.432985305786132813 20.463001251220703125 20.47429656982421875 20.485591888427734375 20.49688720703125 20.508182525634765625 20.502790451049804688 20.430511474609375 20.358234405517578125 20.285955429077148438 20.213678359985351563 20.128841400146484375 19.993671417236328125 19.858501434326171875 19.723329544067382813 19.588159561157226563 19.422420501708984375 19.134159088134765625 18.845897674560546875 18.557636260986328125 18.269374847412109375 18.117992401123046875 18.515228271484375 18.912462234497070313 19.309698104858398438 19.706933975219726563 20.021480560302734375 20.004594802856445313
19.195955276489257813 18.99433135986328125 18.792705535888671875 18.591081619262695313 18.38945770263671875 18.294513702392578125 18.627157211303710938 18.959798812866210938 19.292440414428710938 19.625082015991210938 19.905979156494140625 19.979467391967773438 20.05295562744140625 20.126443862915039063 20.199932098388671875 20.266992568969726563 20.308286666870117188 20.349582672119140625 20.390878677368164063 20.432172775268554688 20.4497528076171875 20.372274398803710938 20.294795989990234375 20.217317581176757813 20.13983917236328125 20.057392120361328125 19.955020904541015625 19.852649688720703125 19.750280380249023438 19.647909164428710938 19.49364471435546875 19.131383895874023438 18.769121170043945313 18.4068603515625 18.044599533081054688 17.85068511962890625 18.33152008056640625 18.812356948852539063 19.293191909790039063 19.774026870727539063 20.156198501586914063 20.142913818359375
19.268758773803710938 19.051136016845703125 18.8335113525390625 18.615886688232421875 18.398263931274414063 18.274860382080078125 18.529102325439453125 18.783344268798828125 19.037586212158203125 19.291828155517578125 19.517724990844726563 19.630014419555664063 19.74230194091796875 19.85459136962890625 19.966878890991210938 20.070981979370117188 20.142278671264648438 20.213573455810546875 20.284868240356445313 20.35616302490234375 20.3967132568359375 20.314035415649414063 20.231357574462890625 20.148679733276367188 20.06600189208984375 19.985940933227539063 19.916370391845703125 19.846799850463867188 19.77722930908203125 19.707658767700195313 19.564868927001953125 19.128606796264648438 18.692346572875976563 18.256084442138671875 17.81982421875 17.583377838134765625 18.147813796997070313 18.712249755859375 19.276683807373046875 19.841119766235351563 20.290918350219726563 20.281232833862304688
19.341564178466796875 19.107940673828125 18.874317169189453125 18.640691757202148438 18.407068252563476563 18.255205154418945313 18.431047439575195313 18.606889724731445313 18.782732009887695313 18.958574295043945313 19.129472732543945313 19.280561447143554688 19.431650161743164063 19.582738876342773438 19.733827590942382813 19.874973297119140625 19.976268768310546875 20.077562332153320313 20.178857803344726563 20.280153274536132813 20.343675613403320313 20.255796432495117188 20.167919158935546875 20.080041885375976563 19.992162704467773438 19.91448974609375 19.877719879150390625 19.84095001220703125 19.804178237915039063 19.767408370971679688 19.6360931396484375 19.12583160400390625 18.615570068359375 18.10530853271484375 17.5950469970703125 17.316070556640625 17.964105606079101563 18.612142562866210938 19.2601776123046875 19.908212661743164063 20.42563629150390625 20.419551849365234375
19.119752883911132813 18.949811935424804688 18.77986907958984375 18.609928131103515625 18.4399871826171875 18.335992813110351563 18.4963226318359375 18.656650543212890625 18.816980361938476563 18.977308273315429688 19.12567901611328125 19.2261199951171875 19.32656097412109375 19.427001953125 19.52744293212890625 19.620473861694335938 19.683803558349609375 19.747133255004882813 19.810464859008789063 19.8737945556640625 19.919933319091796875 19.89716339111328125 19.874393463134765625 19.85162353515625 19.828855514526367188 19.800088882446289063 19.747293472290039063 19.694498062133789063 19.641702651977539063 19.58890533447265625 19.45993804931640625 19.025669097900390625 18.591398239135742188 18.15712738037109375 17.722858428955078125 17.496822357177734375 18.105419158935546875 18.714015960693359375 19.322612762451171875 19.931207656860351563 20.41107940673828125 20.375001907348632813
18.890851974487304688 18.786510467529296875 18.682168960571289063 18.57782745361328125 18.473485946655273438 18.41919708251953125 18.565526962280273438 18.711854934692382813 18.858184814453125 19.004512786865234375 19.131135940551757813 19.178777694702148438 19.22641754150390625 19.274059295654296875 19.321699142456054688 19.364566802978515625 19.388296127319335938 19.412027359008789063 19.435756683349609375 19.4594879150390625 19.487270355224609375 19.531301498413085938 19.5753326416015625 19.61936187744140625 19.663393020629882813 19.684656143188476563 19.614660263061523438 19.5446624755859375 19.474666595458984375 19.40467071533203125 19.27783203125 18.923162460327148438 18.568492889404296875 18.213823318481445313 17.859151840209960938 17.688356399536132813 18.254552841186523438 18.820749282836914063 19.386945724487304688 19.953142166137695313 20.3929290771484375 20.326051712036132813
18.661951065063476563 18.623208999633789063 18.584466934204101563 18.545726776123046875 18.506984710693359375 18.502401351928710938 18.634731292724609375 18.767059326171875 18.899389266967773438 19.031717300415039063 19.136594772338867188 19.131435394287109375 19.126276016235351563 19.12111663818359375 19.115957260131835938 19.1086578369140625 19.0927886962890625 19.0769195556640625 19.0610504150390625 19.045179367065429688 19.054609298706054688 19.165439605712890625 19.276269912719726563 19.3871002197265625 19.49793243408203125 19.56922149658203125 19.482025146484375 19.39482879638671875 19.3076324462890625 19.220438003540039063 19.095727920532226563 18.820657730102539063 18.545587539672851563 18.270517349243164063 17.995447158813476563 17.87989044189453125 18.4036865234375 18.92748260498046875 19.4512786865234375 19.975076675415039063 20.37477874755859375 20.277101516723632813
