INPUT/RASTER/maxent_background_data/nitrogen.asc
ncols        225
nrows        269
xllcorner    473009.983799999987
yllcorner    4429051.174800000153
cellsize     50.000000000000
NODATA_value  -9999
[rows 162 to 179 of 269, columns 42 to 83 of 225]
17.88921356201171875 18.042573928833007813 18.195934295654296875 18.349294662475585938 18.502655029296875 18.621728897094726563 18.603372573852539063 18.58501434326171875 18.56665802001953125 18.54830169677734375 18.585031509399414063 18.842554092407226563 19.10007476806640625 19.35759735107421875 19.61511993408203125 19.842290878295898438 19.947813034057617188 20.053333282470703125 20.158853530883789063 20.264375686645507813 20.252779006958007813 19.771768569946289063 19.2907562255859375 18.80974578857421875 18.328733444213867188 17.9061737060546875 17.717891693115234375 17.52960968017578125 17.341327667236328125 17.153045654296875 17.017208099365234375 17.091571807861328125 17.165937423706054688 17.24030303955078125 17.314666748046875 17.403478622436523438 17.550189971923828125 17.696903228759765625 17.843614578247070313 17.990327835083007813 18.084726333618164063 17.969449996948242188
17.768640518188476563 17.946857452392578125 18.125074386596679688 18.30329132080078125 18.481508255004882813 18.62569427490234375 18.633474349975585938 18.641254425048828125 18.649034500122070313 18.6568145751953125 18.704174041748046875 18.910177230834960938 19.116180419921875 19.32218170166015625 19.528184890747070313 19.700025558471679688 19.734935760498046875 19.769845962524414063 19.80475616455078125 19.83966827392578125 19.786640167236328125 19.381151199340820313 18.9756622314453125 18.570173263549804688 18.164684295654296875 17.80316925048828125 17.617902755737304688 17.432636260986328125 17.247371673583984375 17.062105178833007813 16.924875259399414063 16.980173110961914063 17.035470962524414063 17.090768814086914063 17.146066665649414063 17.226194381713867188 17.405832290649414063 17.585470199584960938 17.765110015869140625 17.9447479248046875 18.094135284423828125 18.122266769409179688
17.64359283447265625 17.846609115600585938 18.049627304077148438 18.252643585205078125 18.455661773681640625 18.624965667724609375 18.659145355224609375 18.693325042724609375 18.727504730224609375 18.761684417724609375 18.819950103759765625 18.974752426147460938 19.129556655883789063 19.284358978271484375 19.439161300659179688 19.55548858642578125 19.517599105834960938 19.479709625244140625 19.441820144653320313 19.4039306640625 19.308694839477539063 18.98360443115234375 18.65851593017578125 18.33342742919921875 18.00833892822265625 17.711727142333984375 17.529262542724609375 17.346796035766601563 17.16432952880859375 16.98186492919921875 16.842641830444335938 16.876739501953125 16.910837173461914063 16.944936752319335938 16.979034423828125 17.048662185668945313 17.260702133178710938 17.47274017333984375 17.684778213500976563 17.896818161010742188 18.101606369018554688 18.277338027954101563
17.518543243408203125 17.74636077880859375 17.974178314208984375 18.201995849609375 18.429813385009765625 18.624237060546875 18.684816360473632813 18.745397567749023438 18.80597686767578125 18.866556167602539063 18.935726165771484375 19.03932952880859375 19.142932891845703125 19.2465362548828125 19.350137710571289063 19.410951614379882813 19.300262451171875 19.189573287963867188 19.078884124755859375 18.968194961547851563 18.830747604370117188 18.5860595703125 18.34136962890625 18.096681594848632813 17.851991653442382813 17.620286941528320313 17.44062042236328125 17.260955810546875 17.081289291381835938 16.901622772216796875 16.760408401489257813 16.773305892944335938 16.786205291748046875 16.799102783203125 16.812002182006835938 16.87113189697265625 17.115571975708007813 17.360010147094726563 17.604448318481445313 17.848886489868164063 18.109079360961914063 18.43241119384765625
17.393495559692382813 17.646112442016601563 17.898731231689453125 18.151348114013671875 18.403964996337890625 18.623508453369140625 18.710489273071289063 18.797468185424804688 18.884449005126953125 18.97142791748046875 19.051504135131835938 19.103906631469726563 19.156309127807617188 19.208711624145507813 19.26111602783203125 19.266416549682617188 19.082925796508789063 18.89943695068359375 18.715948104858398438 18.532457351684570313 18.352802276611328125 18.188512802124023438 18.02422332763671875 17.859933853149414063 17.695646286010742188 17.528844833374023438 17.351980209350585938 17.175113677978515625 16.998249053955078125 16.821382522583007813 16.678174972534179688 16.669874191284179688 16.661571502685546875 16.653270721435546875 16.644968032836914063 16.693601608276367188 16.970439910888671875 17.247280120849609375 17.524118423461914063 17.80095672607421875 18.116550445556640625 18.587482452392578125
17.2684478759765625 17.545864105224609375 17.823282241821289063 18.10070037841796875 18.378116607666015625 18.62277984619140625 18.7361602783203125 18.84954071044921875 18.962919235229492188 19.076299667358398438 19.167280197143554688 19.168483734130859375 19.16968536376953125 19.170888900756835938 19.172092437744140625 19.12187957763671875 18.865589141845703125 18.609300613403320313 18.353010177612304688 18.096721649169921875 17.87485504150390625 17.790966033935546875 17.7070770263671875 17.623188018798828125 17.53929901123046875 17.437404632568359375 17.263338088989257813 17.089273452758789063 16.9152069091796875 16.74114227294921875 16.595941543579101563 16.566440582275390625 16.536937713623046875 16.507436752319335938 16.477935791015625 16.516071319580078125 16.82530975341796875 17.134548187255859375 17.44378662109375 17.753025054931640625 18.1240234375 18.742555618286132813
17.49427032470703125 17.695322036743164063 17.896373748779296875 18.097425460815429688 18.2984771728515625 18.483394622802734375 18.603643417358398438 18.723894119262695313 18.844142913818359375 18.96439361572265625 19.055406570434570313 19.02923583984375 19.003065109252929688 18.976894378662109375 18.950725555419921875 18.883724212646484375 18.653064727783203125 18.422407150268554688 18.19174957275390625 17.961091995239257813 17.7615203857421875 17.686552047729492188 17.611581802368164063 17.53661346435546875 17.461643218994140625 17.3716583251953125 17.221485137939453125 17.07131195068359375 16.921138763427734375 16.770965576171875 16.646738052368164063 16.62650299072265625 16.606267929077148438 16.586032867431640625 16.565797805786132813 16.612049102783203125 16.924783706665039063 17.237518310546875 17.550251007080078125 17.862985610961914063 18.217662811279296875 18.740449905395507813
17.728536605834960938 17.850788116455078125 17.973039627075195313 18.0952911376953125 18.217542648315429688 18.340671539306640625 18.467321395874023438 18.59397125244140625 18.720621109008789063 18.847270965576171875 18.938055038452148438 18.885084152221679688 18.83211517333984375 18.779144287109375 18.72617340087890625 18.643314361572265625 18.440656661987304688 18.23799896240234375 18.03533935546875 17.832681655883789063 17.656957626342773438 17.589189529418945313 17.521419525146484375 17.45365142822265625 17.385881423950195313 17.306529998779296875 17.180757522583007813 17.05498504638671875 16.929210662841796875 16.803438186645507813 16.700735092163085938 16.690500259399414063 16.680265426635742188 16.670030593872070313 16.659795761108398438 16.71460723876953125 17.030141830444335938 17.345676422119140625 17.661211013793945313 17.97674560546875 18.313375473022460938 18.734561920166015625
17.962800979614257813 18.006252288818359375 18.049703598022460938 18.093156814575195313 18.136608123779296875 18.197950363159179688 18.330999374389648438 18.46405029296875 18.59709930419921875 18.7301483154296875 18.820703506469726563 18.740932464599609375 18.661163330078125 18.581392288208007813 18.501623153686523438 18.402904510498046875 18.228246688842773438 18.0535888671875 17.878931045532226563 17.704273223876953125 17.552396774291992188 17.491827011108398438 17.431257247924804688 17.37068939208984375 17.31011962890625 17.241403579711914063 17.1400299072265625 17.038656234741210938 16.937282562255859375 16.835910797119140625 16.754732131958007813 16.754497528076171875 16.754261016845703125 16.754026412963867188 16.75379180908203125 16.817167282104492188 17.135501861572265625 17.45383453369140625 17.772169113159179688 18.090503692626953125 18.409088134765625 18.72867584228515625
18.1970672607421875 18.161718368530273438 18.126369476318359375 18.091020584106445313 18.055673599243164063 18.055227279663085938 18.194677352905273438 18.334127426147460938 18.473577499389648438 18.613027572631835938 18.703351974487304688 18.596782684326171875 18.49021148681640625 18.383642196655273438 18.277070999145507813 18.162496566772460938 18.015838623046875 17.869180679321289063 17.722522735595703125 17.575864791870117188 17.447834014892578125 17.394464492797851563 17.341096878051757813 17.28772735595703125 17.234357833862304688 17.176275253295898438 17.099302291870117188 17.022329330444335938 16.945356369018554688 16.868381500244140625 16.808729171752929688 16.818492889404296875 16.828258514404296875 16.838022232055664063 16.847787857055664063 16.919725418090820313 17.2408599853515625 17.561994552612304688 17.883129119873046875 18.204263687133789063 18.504800796508789063 18.722787857055664063
18.431331634521484375 18.3171844482421875 18.203035354614257813 18.088886260986328125 17.97473907470703125 17.912506103515625 18.058355331420898438 18.204204559326171875 18.350055694580078125 18.495904922485351563 18.586000442504882813 18.452630996704101563 18.319261550903320313 18.18589019775390625 18.052520751953125 17.922086715698242188 17.80342864990234375 17.684772491455078125 17.566114425659179688 17.44745635986328125 17.343271255493164063 17.2971038818359375 17.250934600830078125 17.20476531982421875 17.158596038818359375 17.111148834228515625 17.058574676513671875 17.006000518798828125 16.953428268432617188 16.900854110717773438 16.862726211547851563 16.882490158081054688 16.902254104614257813 16.92201995849609375 16.941783905029296875 17.022283554077148438 17.346218109130859375 17.670152664184570313 17.99408721923828125 18.318021774291992188 18.600513458251953125 18.716901779174804688
18.323308944702148438 18.264728546142578125 18.206146240234375 18.147563934326171875 18.088983535766601563 18.060098648071289063 18.150241851806640625 18.240386962890625 18.330532073974609375 18.420675277709960938 18.470119476318359375 18.3564300537109375 18.242742538452148438 18.129053115844726563 18.015363693237304688 17.905727386474609375 17.812335968017578125 17.718944549560546875 17.625551223754882813 17.532159805297851563 17.447294235229492188 17.396608352661132813 17.345920562744140625 17.295232772827148438 17.244546890258789063 17.197261810302734375 17.1636199951171875 17.129978179931640625 17.09633636474609375 17.062696456909179688 17.035318374633789063 17.033054351806640625 17.030790328979492188 17.02852630615234375 17.0262603759765625 17.076898574829101563 17.339574813842773438 17.6022491455078125 17.864925384521484375 18.12760162353515625 18.358640670776367188 18.4628753662109375
18.207050323486328125 18.207269668579101563 18.207487106323242188 18.207706451416015625 18.20792388916015625 18.214677810668945313 18.247621536254882813 18.280565261840820313 18.313508987426757813 18.346454620361328125 18.354272842407226563 18.261383056640625 18.16849517822265625 18.075605392456054688 17.982717514038085938 17.8947601318359375 17.826568603515625 17.758375167846679688 17.690183639526367188 17.621992111206054688 17.55633544921875 17.500848770141601563 17.445362091064453125 17.389875411987304688 17.334386825561523438 17.287015914916992188 17.272174835205078125 17.25733184814453125 17.242490768432617188 17.227649688720703125 17.210765838623046875 17.185701370239257813 17.16063690185546875 17.135572433471679688 17.110507965087890625 17.130359649658203125 17.330234527587890625 17.530111312866210938 17.729986190795898438 17.929861068725585938 18.108642578125 18.202878952026367188
18.090791702270507813 18.149810791015625 18.208827972412109375 18.267847061157226563 18.326864242553710938 18.36925506591796875 18.344999313354492188 18.320743560791015625 18.296487808227539063 18.2722320556640625 18.23842620849609375 18.1663360595703125 18.094247817993164063 18.022159576416015625 17.950071334838867188 17.883792877197265625 17.840799331665039063 17.797807693481445313 17.754816055297851563 17.711822509765625 17.665376663208007813 17.605091094970703125 17.544803619384765625 17.484516143798828125 17.424228668212890625 17.37677001953125 17.380727767944335938 17.384685516357421875 17.388645172119140625 17.392602920532226563 17.386213302612304688 17.338350296020507813 17.290485382080078125 17.242620468139648438 17.19475555419921875 17.183820724487304688 17.320896148681640625 17.457971572875976563 17.5950469970703125 17.732122421264648438 17.858646392822265625 17.942882537841796875
17.9745330810546875 18.092350006103515625 18.210168838500976563 18.3279876708984375 18.445806503295898438 18.523834228515625 18.442378997802734375 18.360921859741210938 18.279466629028320313 18.198011398315429688 18.122579574584960938 18.071290969848632813 18.020000457763671875 17.96871185302734375 17.917423248291015625 17.872823715209960938 17.855031967163085938 17.837240219116210938 17.819446563720703125 17.801654815673828125 17.774419784545898438 17.709331512451171875 17.644245147705078125 17.579156875610351563 17.514070510864257813 17.466524124145507813 17.48928070068359375 17.5120391845703125 17.53479766845703125 17.55755615234375 17.5616607666015625 17.490997314453125 17.420331954956054688 17.349668502807617188 17.279003143310546875 17.237279891967773438 17.311555862426757813 17.385831832885742188 17.460107803344726563 17.534381866455078125 17.60865020751953125 17.68288421630859375
17.858274459838867188 18.034891128540039063 18.21150970458984375 18.388128280639648438 18.564746856689453125 18.67841339111328125 18.53975677490234375 18.40110015869140625 18.262445449829101563 18.123788833618164063 18.006731033325195313 17.976243972778320313 17.9457550048828125 17.915266036987304688 17.884777069091796875 17.861856460571289063 17.8692626953125 17.87667083740234375 17.8840789794921875 17.89148712158203125 17.88346099853515625 17.813573837280273438 17.743684768676757813 17.673797607421875 17.603910446166992188 17.556276321411132813 17.597835540771484375 17.639392852783203125 17.680952072143554688 17.72251129150390625 17.737108230590820313 17.643644332885742188 17.550180435180664063 17.456716537475585938 17.363252639770507813 17.290740966796875 17.302217483520507813 17.313692092895507813 17.325168609619140625 17.336643218994140625 17.358654022216796875 17.422887802124023438
18.045858383178710938 18.17932891845703125 18.312799453735351563 18.446271896362304688 18.579742431640625 18.65361785888671875 18.488618850708007813 18.323619842529296875 18.15862274169921875 17.993623733520507813 17.870868682861328125 17.917425155639648438 17.963983535766601563 18.010541915893554688 18.057100296020507813 18.087301254272460938 18.051944732666015625 18.016588211059570313 17.981229782104492188 17.945873260498046875 17.906330108642578125 17.850000381469726563 17.793670654296875 17.73734283447265625 17.681013107299804688 17.642055511474609375 17.6727294921875 17.703401565551757813 17.734073638916015625 17.76474761962890625 17.767406463623046875 17.657781600952148438 17.548158645629882813 17.438533782958984375 17.32891082763671875 17.252765655517578125 17.310810089111328125 17.368852615356445313 17.426897048950195313 17.484941482543945313 17.53964996337890625 17.580995559692382813
18.240753173828125 18.328624725341796875 18.416494369506835938 18.504365921020507813 18.592237472534179688 18.624505996704101563 18.43390655517578125 18.24330902099609375 18.052709579467773438 17.862112045288085938 17.734521865844726563 17.859479904174804688 17.984437942504882813 18.109395980834960938 18.234354019165039063 18.3184356689453125 18.238677978515625 18.158922195434570313 18.079164505004882813 17.999408721923828125 17.9271240234375 17.884796142578125 17.842466354370117188 17.800138473510742188 17.757808685302734375 17.727739334106445313 17.746812820434570313 17.765886306762695313 17.7849578857421875 17.8040313720703125 17.794210433959960938 17.66858673095703125 17.542963027954101563 17.417339324951171875 17.291715621948242188 17.212589263916015625 17.319833755493164063 17.4270782470703125 17.534320831298828125 17.641565322875976563 17.73101806640625 17.749162673950195313
