INPUT/RASTER/maxent_background_data/nitrogen.asc
ncols        225
nrows        269
xllcorner    473009.983799999987
yllcorner    4429051.174800000153
cellsize     50.000000000000
NODATA_value  -9999
[rows 180 to 197 of 269, columns 168 to 209 of 225]
16.58819580078125 16.51287078857421875 16.437543869018554688 16.362216949462890625 16.312582015991210938 16.36591339111328125 16.419244766235351563 16.472576141357421875 16.525907516479492188 16.555982589721679688 16.492837905883789063 16.42969512939453125 16.366552352905273438 16.303407669067382813 16.26312255859375 16.31446075439453125 16.365797042846679688 16.417133331298828125 16.468469619750976563 16.554548263549804688 16.779874801635742188 17.005201339721679688 17.230527877807617188 17.455854415893554688 17.638315200805664063 17.648962020874023438 17.659608840942382813 17.670255661010742188 17.680902481079101563 17.699626922607421875 17.750730514526367188 17.801832199096679688 17.852933883666992188 17.904035568237304688 17.914041519165039063 17.759332656860351563 17.60462188720703125 17.449911117553710938 17.295202255249023438 17.181131362915039063 17.229951858520507813 17.27877044677734375
16.591068267822265625 16.538143157958984375 16.485216140747070313 16.432291030883789063 16.399463653564453125 16.447195053100585938 16.49492645263671875 16.542657852172851563 16.590389251708984375 16.615503311157226563 16.549959182739257813 16.484415054321289063 16.418872833251953125 16.353328704833984375 16.313360214233398438 16.375896453857421875 16.438432693481445313 16.50096893310546875 16.563507080078125 16.65407562255859375 16.85700225830078125 17.05992889404296875 17.26285552978515625 17.46578216552734375 17.618015289306640625 17.5670623779296875 17.516109466552734375 17.46515655517578125 17.414203643798828125 17.387861251831054688 17.460163116455078125 17.532464981079101563 17.604766845703125 17.677068710327148438 17.706678390502929688 17.565168380737304688 17.423658370971679688 17.282146453857421875 17.140636444091796875 17.043760299682617188 17.125780105590820313 17.207799911499023438
16.59394073486328125 16.56341552734375 16.532888412475585938 16.502363204956054688 16.486345291137695313 16.528476715087890625 16.570608139038085938 16.61273956298828125 16.654870986938476563 16.675024032592773438 16.607080459594726563 16.539136886596679688 16.471193313598632813 16.403249740600585938 16.363595962524414063 16.4373321533203125 16.511068344116210938 16.584806442260742188 16.658542633056640625 16.753602981567382813 16.934129714965820313 17.114656448364257813 17.295183181762695313 17.475709915161132813 17.597715377807617188 17.48516082763671875 17.372608184814453125 17.2600555419921875 17.147502899169921875 17.076093673706054688 17.169595718383789063 17.263097763061523438 17.356599807739257813 17.450101852416992188 17.4993133544921875 17.371004104614257813 17.242692947387695313 17.114383697509765625 16.986072540283203125 16.906389236450195313 17.021608352661132813 17.136829376220703125
16.637453079223632813 16.578548431396484375 16.519643783569335938 16.4607391357421875 16.423933029174804688 16.475698471069335938 16.527463912963867188 16.579229354858398438 16.630994796752929688 16.65915679931640625 16.59272003173828125 16.526281356811523438 16.459844589233398438 16.393405914306640625 16.35150146484375 16.407924652099609375 16.46434783935546875 16.520769119262695313 16.577192306518554688 16.649789810180664063 16.787214279174804688 16.924638748168945313 17.062063217163085938 17.199487686157226563 17.297472000122070313 17.237375259399414063 17.177278518676757813 17.11717987060546875 17.0570831298828125 17.02806854248046875 17.123630523681640625 17.2191925048828125 17.314756393432617188 17.410318374633789063 17.4648284912109375 17.354795455932617188 17.244762420654296875 17.134731292724609375 17.024698257446289063 16.958238601684570313 17.066427230834960938 17.174615859985351563
16.681943893432617188 16.593439102172851563 16.504934310913085938 16.416429519653320313 16.357931137084960938 16.419694900512695313 16.4814605712890625 16.543226242065429688 16.604991912841796875 16.641477584838867188 16.576639175415039063 16.511800765991210938 16.446964263916015625 16.3821258544921875 16.337907791137695313 16.376329421997070313 16.414752960205078125 16.453174591064453125 16.491598129272460938 16.54108428955078125 16.634908676147460938 16.728733062744140625 16.822557449340820313 16.9163818359375 16.9904937744140625 16.985597610473632813 16.980699539184570313 16.975803375244140625 16.970905303955078125 16.986387252807617188 17.08354949951171875 17.180711746215820313 17.277875900268554688 17.37503814697265625 17.43450164794921875 17.342870712280273438 17.251237869262695313 17.159605026245117188 17.067972183227539063 17.014642715454101563 17.11483001708984375 17.215017318725585938
16.72643280029296875 16.608327865600585938 16.490222930908203125 16.372119903564453125 16.291927337646484375 16.363691329956054688 16.435457229614257813 16.507223129272460938 16.57898712158203125 16.623796463012695313 16.560558319091796875 16.497320175170898438 16.434083938598632813 16.370845794677734375 16.324312210083007813 16.344736099243164063 16.3651580810546875 16.38558197021484375 16.406003952026367188 16.432376861572265625 16.482603073120117188 16.532827377319335938 16.583051681518554688 16.633275985717773438 16.6835174560546875 16.733819961547851563 16.784122467041015625 16.834424972534179688 16.88472747802734375 16.944707870483398438 17.043470382690429688 17.142232894897460938 17.240995407104492188 17.339757919311523438 17.404176712036132813 17.330944061279296875 17.257711410522460938 17.184478759765625 17.111246109008789063 17.071044921875 17.163232803344726563 17.255420684814453125
16.770923614501953125 16.623218536376953125 16.475513458251953125 16.327808380126953125 16.225923538208007813 16.307689666748046875 16.389453887939453125 16.471220016479492188 16.552984237670898438 16.606115341186523438 16.544477462768554688 16.482839584350585938 16.421201705932617188 16.359563827514648438 16.310718536376953125 16.313140869140625 16.315563201904296875 16.317987442016601563 16.320409774780273438 16.323671340942382813 16.330295562744140625 16.33692169189453125 16.343545913696289063 16.350170135498046875 16.376539230346679688 16.482042312622070313 16.587545394897460938 16.69304656982421875 16.798549652099609375 16.903026580810546875 17.003389358520507813 17.10375213623046875 17.204114913940429688 17.304477691650390625 17.373849868774414063 17.319017410278320313 17.264184951782226563 17.209352493286132813 17.154520034790039063 17.127447128295898438 17.211635589599609375 17.2958221435546875
16.815412521362304688 16.6381072998046875 16.460803985595703125 16.283498764038085938 16.15991973876953125 16.25168609619140625 16.343450546264648438 16.435216903686523438 16.526981353759765625 16.588436126708984375 16.5283966064453125 16.468358993530273438 16.408321380615234375 16.348283767700195313 16.297122955322265625 16.28154754638671875 16.265970230102539063 16.250392913818359375 16.234815597534179688 16.2149658203125 16.177989959716796875 16.141016006469726563 16.104040145874023438 16.067064285278320313 16.069561004638671875 16.230264663696289063 16.390966415405273438 16.551670074462890625 16.712371826171875 16.861347198486328125 16.963308334350585938 17.065271377563476563 17.167234420776367188 17.269195556640625 17.343524932861328125 17.307092666625976563 17.270660400390625 17.234228134155273438 17.197795867919921875 17.183849334716796875 17.260038375854492188 17.336225509643554688
16.824489593505859375 16.6906280517578125 16.556766510009765625 16.422903060913085938 16.333126068115234375 16.420049667358398438 16.506971359252929688 16.593893051147460938 16.680816650390625 16.731927871704101563 16.639507293701171875 16.547088623046875 16.454668045043945313 16.362247467041015625 16.289220809936523438 16.29392242431640625 16.298624038696289063 16.303325653076171875 16.308027267456054688 16.310052871704101563 16.301347732543945313 16.292642593383789063 16.283939361572265625 16.275234222412109375 16.294298171997070313 16.424657821655273438 16.555019378662109375 16.685380935668945313 16.81574249267578125 16.93466949462890625 17.007764816284179688 17.080860137939453125 17.153955459594726563 17.22705078125 17.283510208129882813 17.273290634155273438 17.26306915283203125 17.252849578857421875 17.242628097534179688 17.256097793579101563 17.3645172119140625 17.47293853759765625
16.832715988159179688 16.744052886962890625 16.655391693115234375 16.566728591918945313 16.512088775634765625 16.59381103515625 16.675533294677734375 16.75725555419921875 16.838977813720703125 16.879299163818359375 16.753679275512695313 16.62805938720703125 16.502437591552734375 16.376817703247070313 16.281454086303710938 16.307355880737304688 16.333257675170898438 16.359159469604492188 16.385061264038085938 16.410043716430664063 16.431339263916015625 16.452632904052734375 16.473928451538085938 16.4952239990234375 16.531827926635742188 16.629789352416992188 16.727750778198242188 16.825712203979492188 16.923673629760742188 17.010759353637695313 17.054254531860351563 17.097749710083007813 17.141244888305664063 17.184740066528320313 17.222782135009765625 17.238962173461914063 17.255140304565429688 17.271320343017578125 17.287500381469726563 17.32872772216796875 17.470346450805664063 17.611967086791992188
16.840940475463867188 16.79747772216796875 16.754016876220703125 16.710554122924804688 16.691051483154296875 16.767572402954101563 16.844095230102539063 16.920618057250976563 16.99713897705078125 17.026670455932617188 16.867849349975585938 16.7090301513671875 16.55020904541015625 16.391389846801757813 16.273687362670898438 16.320789337158203125 16.367891311645507813 16.4149932861328125 16.462095260620117188 16.510034561157226563 16.561328887939453125 16.612623214721679688 16.663919448852539063 16.715213775634765625 16.769357681274414063 16.834918975830078125 16.900480270385742188 16.96604156494140625 17.031602859497070313 17.086847305297851563 17.100744247436523438 17.1146392822265625 17.128534317016601563 17.142429351806640625 17.162054061889648438 17.204633712768554688 17.247213363647460938 17.289793014526367188 17.332372665405273438 17.401355743408203125 17.576175689697265625 17.750995635986328125
16.849164962768554688 16.850904464721679688 16.852642059326171875 16.854379653930664063 16.870012283325195313 16.941335678100585938 17.01265716552734375 17.083978652954101563 17.155302047729492188 17.174039840698242188 16.982021331787109375 16.79000091552734375 16.597980499267578125 16.4059600830078125 16.265920639038085938 16.334222793579101563 16.402523040771484375 16.4708251953125 16.539127349853515625 16.61002349853515625 16.691318511962890625 16.772615432739257813 16.853910446166992188 16.935205459594726563 17.00688934326171875 17.040050506591796875 17.073211669921875 17.106372833251953125 17.13953399658203125 17.162937164306640625 17.147233963012695313 17.131528854370117188 17.115823745727539063 17.10012054443359375 17.101324081420898438 17.170305252075195313 17.239284515380859375 17.308263778686523438 17.3772430419921875 17.473985671997070313 17.682004928588867188 17.890026092529296875
16.857391357421875 16.904329299926757813 16.951267242431640625 16.998205184936523438 17.048974990844726563 17.1150970458984375 17.181219100952148438 17.247341156005859375 17.313463211059570313 17.3214111328125 17.09619140625 16.8709716796875 16.645750045776367188 16.420530319213867188 16.258153915405273438 16.347654342651367188 16.43715667724609375 16.526659011840820313 16.616161346435546875 16.71001434326171875 16.821310043334960938 16.932605743408203125 17.0438995361328125 17.155195236206054688 17.244419097900390625 17.245180130004882813 17.245941162109375 17.246702194213867188 17.247463226318359375 17.239027023315429688 17.193721771240234375 17.148418426513671875 17.103113174438476563 17.057809829711914063 17.04059600830078125 17.135974884033203125 17.231355667114257813 17.326734542846679688 17.422115325927734375 17.5466156005859375 17.78783416748046875 18.029054641723632813
17.031330108642578125 17.061361312866210938 17.091394424438476563 17.121427536010742188 17.155366897583007813 17.204959869384765625 17.25455474853515625 17.304149627685546875 17.3537445068359375 17.350727081298828125 17.136837005615234375 16.922945022583007813 16.70905303955078125 16.495161056518554688 16.346317291259765625 16.45819091796875 16.570064544677734375 16.681940078735351563 16.793813705444335938 16.90415191650390625 17.008340835571289063 17.112527847290039063 17.216716766357421875 17.320903778076171875 17.4018707275390625 17.389760971069335938 17.377653121948242188 17.365543365478515625 17.353435516357421875 17.3411102294921875 17.327920913696289063 17.314731597900390625 17.301542282104492188 17.28835296630859375 17.30219268798828125 17.4243621826171875 17.54653167724609375 17.668703079223632813 17.790872573852539063 17.924335479736328125 18.103057861328125 18.281780242919921875
17.209255218505859375 17.220888137817382813 17.23252105712890625 17.244153976440429688 17.260011672973632813 17.292806625366210938 17.325601577758789063 17.358394622802734375 17.3911895751953125 17.377202987670898438 17.17571258544921875 16.97422027587890625 16.772729873657226563 16.571237564086914063 16.43679046630859375 16.571063995361328125 16.7053375244140625 16.839611053466796875 16.973886489868164063 17.100555419921875 17.196743011474609375 17.29293060302734375 17.389118194580078125 17.4853057861328125 17.557394027709960938 17.532884597778320313 17.5083770751953125 17.483867645263671875 17.45935821533203125 17.443819046020507813 17.464229583740234375 17.484640121459960938 17.505052566528320313 17.525463104248046875 17.571542739868164063 17.720514297485351563 17.86948394775390625 18.018453598022460938 18.167423248291015625 18.309396743774414063 18.423318862915039063 18.537240982055664063
17.387182235717773438 17.380413055419921875 17.373645782470703125 17.366878509521484375 17.364656448364257813 17.380651473999023438 17.396646499633789063 17.412641525268554688 17.4286346435546875 17.40367889404296875 17.214588165283203125 17.0254974365234375 16.836404800415039063 16.647314071655273438 16.527263641357421875 16.68393707275390625 16.840610504150390625 16.997283935546875 17.153959274291992188 17.296957015991210938 17.385145187377929688 17.473333358764648438 17.561521530151367188 17.649709701538085938 17.712919235229492188 17.6760101318359375 17.639101028442382813 17.602191925048828125 17.565282821655273438 17.546527862548828125 17.6005401611328125 17.654550552368164063 17.708560943603515625 17.762571334838867188 17.840894699096679688 18.016664505004882813 18.192434310913085938 18.368206024169921875 18.543975830078125 18.694456100463867188 18.743579864501953125 18.79270172119140625
17.565107345581054688 17.53993988037109375 17.514772415161132813 17.489604949951171875 17.469301223754882813 17.468496322631835938 17.467691421508789063 17.466886520385742188 17.4660797119140625 17.430154800415039063 17.2534637451171875 17.076772689819335938 16.900081634521484375 16.723390579223632813 16.61773681640625 16.796810150146484375 16.97588348388671875 17.154956817626953125 17.334032058715820313 17.493360519409179688 17.57354736328125 17.653736114501953125 17.733922958374023438 17.814111709594726563 17.868442535400390625 17.819133758544921875 17.769824981689453125 17.720516204833984375 17.671207427978515625 17.64923858642578125 17.736848831176757813 17.824459075927734375 17.912069320678710938 17.9996795654296875 18.1102447509765625 18.312816619873046875 18.515386581420898438 18.71795654296875 18.920526504516601563 19.079517364501953125 19.063840866088867188 19.048162460327148438
17.743032455444335938 17.699464797973632813 17.655897140502929688 17.612331390380859375 17.573947906494140625 17.556341171264648438 17.538736343383789063 17.521131515502929688 17.503526687622070313 17.456630706787109375 17.292339324951171875 17.128047943115234375 16.963756561279296875 16.799465179443359375 16.708208084106445313 16.9096832275390625 17.111156463623046875 17.31262969970703125 17.514102935791015625 17.689762115478515625 17.761949539184570313 17.834138870239257813 17.9063262939453125 17.978515625 18.023965835571289063 17.96225738525390625 17.900548934936523438 17.838840484619140625 17.777130126953125 17.751947402954101563 17.873157501220703125 17.994367599487304688 18.115579605102539063 18.236789703369140625 18.379596710205078125 18.608966827392578125 18.838336944580078125 19.067707061767578125 19.297077178955078125 19.464578628540039063 19.38410186767578125 19.303623199462890625
