INPUT/RASTER/maxent_background_data/rivers.asc
ncols        225
nrows        269
xllcorner    473009.983799999987
yllcorner    4429051.174800000153
cellsize     50.000000000000
NODATA_value  -9999
[rows 240 to 259 of 269, columns 138 to 183 of 225]
65.197113037109375 17.4306793212890625 29.078977584838867188 76.90486907958984375 122.71004486083984375 127.36780548095703125 148.7052001953125 181.6697998046875 221.1212310791015625 264.169036865234375 309.3153076171875 355.762054443359375 403.0599365234375 450.94122314453125 499.23809814453125 490.09796142578125 440.103851318359375 390.111236572265625 340.12078857421875 290.133636474609375 240.15185546875 190.17962646484375 140.2272186279296875 90.32746124267578125 40.674694061279296875 10.620402336120605469 54.035125732421875 95.64836883544921875 139.5187835693359375 186.4492340087890625 218.2635040283203125 251.8916778564453125 289.362396240234375 330.1693115234375 364.132080078125 319.234619140625 275.988739013671875 234.9673614501953125 197.6837005615234375 165.760711669921875 117.8392333984375 68.8960418701171875 24.642333984375 25.81470489501953125 72.63765716552734375 120.71747589111328125
82.4490814208984375 33.84024810791015625 10.987587928771972656 59.48407745361328125 74.5299224853515625 80.28318023681640625 111.0678558349609375 152.4032440185546875 197.7812652587890625 244.9655303955078125 293.0849609375 341.7447509765625 390.743072509765625 439.96685791015625 489.348052978515625 491.802032470703125 441.942108154296875 392.117828369140625 342.344818115234375 292.649200439453125 243.0784759521484375 193.7284698486328125 144.7624664306640625 95.43035125732421875 47.515594482421875 6.3298234939575195313 49.653263092041015625 97.75872039794921875 146.127166748046875 194.9640960693359375 244.0077362060546875 288.53936767578125 322.602264404296875 359.6573486328125 346.395782470703125 299.021026611328125 252.452301025390625 207.486724853515625 164.9626312255859375 126.97344207763671875 96.562652587890625 62.12384033203125 15.641341209411621094 32.7720184326171875 82.5956573486328125 132.525177001953125
85.53707122802734375 35.789257049560546875 15.657299041748046875 64.880126953125 27.884418487548828125 40.8438568115234375 86.9419403076171875 135.8292388916015625 185.311248779296875 235.01263427734375 284.818572998046875 334.682373046875 384.581573486328125 434.503936767578125 484.442291259765625 497.85174560546875 448.664642333984375 399.51947021484375 350.380615234375 301.525054931640625 253.116851806640625 205.4506683349609375 156.95654296875 108.8447418212890625 60.18828582763671875 11.240848541259765625 39.052997589111328125 89.016387939453125 139.006103515625 189.0012664794921875 238.998443603515625 288.996612548828125 338.99530029296875 384.375335693359375 334.92681884765625 285.67034912109375 236.725860595703125 188.336700439453125 140.9686279296875 95.86830902099609375 56.264251708984375 30.759761810302734375 5.4784402847290039063 47.888645172119140625 91.6339874267578125 138.9348907470703125
84.7505950927734375 36.372406005859375 14.499375343322753906 34.64968109130859375 8.9275503158569335938 43.48622894287109375 88.2141265869140625 136.64703369140625 185.9115142822265625 235.4862518310546875 285.209503173828125 335.01513671875 384.87115478515625 434.760284423828125 484.6722412109375 498.901947021484375 451.452606201171875 404.25592041015625 356.1248779296875 308.5887451171875 260.75677490234375 210.7763824462890625 160.8081512451171875 110.86858367919921875 61.028045654296875 12.530064582824707031 39.86956787109375 89.51631927490234375 137.2191619873046875 185.6743316650390625 234.552642822265625 283.821990966796875 333.30902099609375 379.9620361328125 329.9803466796875 280.00518798828125 230.04083251953125 180.0962677001953125 130.1942596435546875 80.414093017578125 30.844514846801757813 14.459502220153808594 40.244441986083984375 73.73796844482421875 117.19557952880859375 158.8446197509765625
71.1964111328125 22.80884552001953125 8.7613363265991210938 8.0671377182006835938 36.203826904296875 70.9481353759765625 114.0375518798828125 154.58087158203125 199.4640960693359375 246.3262176513671875 294.223175048828125 342.721405029296875 391.597564697265625 440.72589111328125 490.030609130859375 486.008056640625 437.34405517578125 388.913177490234375 340.8221435546875 293.3701171875 246.2882843017578125 198.131011962890625 150.5256805419921875 104.0171966552734375 62.1357421875 20.515140533447265625 29.549722671508789063 79.462982177734375 129.4432220458984375 179.4344635009765625 229.4295196533203125 279.426361083984375 329.42413330078125 369.073150634765625 332.1260986328125 282.41058349609375 232.8169097900390625 183.4439697265625 134.5350189208984375 86.34931182861328125 40.672657012939453125 4.2528357505798339844 51.838207244873046875 101.49029541015625 143.956695556640625 184.8533935546875
61.3561553955078125 12.270196914672851563 36.72695159912109375 55.509601593017578125 74.2631683349609375 106.399383544921875 141.368133544921875 181.938812255859375 223.626373291015625 266.26947021484375 311.111083984375 357.324493408203125 404.439697265625 452.1749267578125 500.35272216796875 477.617401123046875 428.000396728515625 378.4842529296875 329.11444091796875 279.9683837890625 231.1888275146484375 182.8012847900390625 135.3609619140625 88.62613677978515625 40.755031585693359375 7.8529062271118164063 44.37091064453125 88.11847686767578125 135.4308013916015625 184.1173095703125 221.949554443359375 259.980926513671875 298.85308837890625 338.948272705078125 340.65411376953125 291.207763671875 241.2223663330078125 191.2446441650390625 141.2826690673828125 91.3623199462890625 41.6335601806640625 8.337917327880859375 57.483734130859375 104.22312164306640625 153.0377044677734375 202.4317626953125
57.71732330322265625 7.7633280754089355469 40.9621124267578125 89.96361541748046875 118.81928253173828125 143.728973388671875 177.0054779052734375 211.98175048828125 251.1036529541015625 293.4659423828125 334.683349609375 378.025970458984375 422.84075927734375 468.705657958984375 515.34033203125 473.513092041015625 423.555206298828125 373.608612060546875 323.678497314453125 273.77392578125 223.911895751953125 174.1290283203125 124.47795867919921875 74.5703887939453125 25.034429550170898438 22.303035736083984375 69.14119720458984375 96.8614501953125 118.7828826904296875 151.242706298828125 190.2241058349609375 228.574310302734375 269.849945068359375 313.241729736328125 338.390228271484375 288.391265869140625 238.3927459716796875 188.39501953125 138.39892578125 88.40726470947265625 38.43727874755859375 11.790014266967773438 60.946079254150390625 109.36180877685546875 158.762664794921875 208.4034423828125
50.2967529296875 2.5121667385101318359 49.269573211669921875 99.24047088623046875 148.1905975341796875 185.79736328125 213.9575347900390625 247.6712493896484375 282.643890380859375 320.942901611328125 362.10650634765625 403.88916015625 446.113372802734375 489.803863525390625 524.04534912109375 474.115081787109375 424.20123291015625 374.31036376953125 324.453125 274.647796630859375 224.928863525390625 175.3698272705078125 125.9089202880859375 76.5534820556640625 28.266016006469726563 16.053667068481445313 37.64214324951171875 50.823459625244140625 80.5425872802734375 119.53980255126953125 158.67974853515625 201.4595489501953125 246.74041748046875 293.02362060546875 336.686859130859375 286.69866943359375 236.7154541015625 186.7412261962890625 136.78582763671875 86.88178253173828125 37.236057281494140625 13.55022430419921875 61.66132354736328125 110.1253814697265625 159.472076416015625 208.91607666015625
53.536647796630859375 5.0351357460021972656 45.361968994140625 89.48567962646484375 132.94122314453125 176.932769775390625 222.1544189453125 268.904449462890625 316.404144287109375 353.325469970703125 391.095458984375 431.36114501953125 473.486236572265625 514.90838623046875 528.91876220703125 479.4490966796875 429.975341796875 380.639190673828125 331.501983642578125 282.66754150390625 234.32525634765625 186.1269989013671875 139.14215087890625 94.31395721435546875 55.00974273681640625 15.878252983093261719 12.383955001831054688 9.9930047988891601563 48.931735992431640625 89.73027801513671875 135.0986175537109375 182.2844390869140625 230.6590423583984375 279.39984130859375 328.50640869140625 286.72772216796875 236.7814788818359375 186.863983154296875 137.0066680908203125 87.3126983642578125 38.421161651611328125 18.134616851806640625 63.7796630859375 112.74584197998046875 162.343475341796875 212.1301116943359375
66.46111297607421875 23.157238006591796875 24.92064666748046875 65.304473876953125 110.898162841796875 158.430999755859375 207.1288604736328125 256.328582763671875 305.78802490234375 355.3988037109375 404.68438720703125 453.804840087890625 501.022705078125 542.34722900390625 537.52587890625 488.816375732421875 440.396240234375 392.135528564453125 344.22021484375 296.99298095703125 250.8021392822265625 205.8968048095703125 163.61834716796875 124.70160675048828125 86.18921661376953125 61.392208099365234375 59.555858612060546875 21.73907470703125 24.544057846069335938 73.85520172119140625 123.7205352783203125 173.6623687744140625 223.466552734375 273.34222412109375 323.25634765625 288.97222900390625 239.4945068359375 190.2900390625 141.6438446044921875 94.42275238037109375 52.61496734619140625 -9999 -9999 -9999 -9999 -9999
91.13895416259765625 47.160854339599609375 3.94882965087890625 52.41634368896484375 101.24718475341796875 149.734344482421875 198.97174072265625 248.51385498046875 298.07598876953125 347.757354736328125 397.51861572265625 447.3331298828125 497.184906005859375 547.063720703125 550.1041259765625 502.326416015625 455.026519775390625 408.37042236328125 362.491485595703125 317.634796142578125 274.4844970703125 233.7462615966796875 194.3387603759765625 156.8143310546875 127.04448699951171875 109.78403472900390625 68.04967498779296875 21.183065414428710938 26.870880126953125 75.10977935791015625 124.20611572265625 173.8184051513671875 -9999 -9999 -9999 299.66162109375 252.2890625 206.161224365234375 162.342620849609375 123.3199310302734375 -9999 -9999 -9999 -9999 -9999 -9999
104.8494415283203125 55.2400054931640625 9.80500030517578125 46.26897430419921875 95.84100341796875 145.7057952880859375 195.639617919921875 245.6003570556640625 295.548919677734375 345.48712158203125 395.440948486328125 445.405120849609375 495.37652587890625 545.3531494140625 566.2249755859375 519.93072509765625 474.234588623046875 429.406829833984375 385.852325439453125 343.81402587890625 304.1441650390625 264.4422607421875 227.4925994873046875 -9999 -9999 -9999 -9999 -9999 -9999 -9999 -9999 -9999 -9999 -9999 -9999 -9999 -9999 231.936614990234375 194.029052734375 -9999 -9999 -9999 -9999 -9999 -9999 -9999
110.28789520263671875 64.61891937255859375 -9999 56.568309783935546875 101.0552215576171875 149.07830810546875 198.082122802734375 247.484771728515625 297.08734130859375 -9999 -9999 -9999 -9999 -9999 -9999 -9999 -9999 -9999 -9999 -9999 -9999 -9999 -9999 -9999 -9999 -9999 -9999 -9999 -9999 -9999 -9999 -9999 -9999 -9999 -9999 -9999 -9999 -9999 -9999 -9999 -9999 -9999 -9999 -9999 -9999 -9999
-9999 -9999 -9999 -9999 -9999 -9999 -9999 -9999 -9999 -9999 -9999 -9999 -9999 -9999 -9999 -9999 -9999 -9999 -9999 -9999 -9999 -9999 -9999 -9999 -9999 -9999 -9999 -9999 -9999 -9999 -9999 -9999 -9999 -9999 -9999 -9999 -9999 -9999 -9999 -9999 -9999 -9999 -9999 -9999 -9999 -9999
-9999 -9999 -9999 -9999 -9999 -9999 -9999 -9999 -9999 -9999 -9999 -9999 -9999 -9999 -9999 -9999 -9999 -9999 -9999 -9999 -9999 -9999 -9999 -9999 -9999 -9999 -9999 -9999 -9999 -9999 -9999 -9999 -9999 -9999 -9999 -9999 -9999 -9999 -9999 -9999 -9999 -9999 -9999 -9999 -9999 -9999
-9999 -9999 -9999 -9999 -9999 -9999 -9999 -9999 -9999 -9999 -9999 -9999 -9999 -9999 -9999 -9999 -9999 -9999 -9999 -9999 -9999 -9999 -9999 -9999 -9999 -9999 -9999 -9999 -9999 -9999 -9999 -9999 -9999 -9999 -9999 -9999 -9999 -9999 -9999 -9999 -9999 -9999 -9999 -9999 -9999 -9999
-9999 -9999 -9999 -9999 -9999 -9999 -9999 -9999 -9999 -9999 -9999 -9999 -9999 -9999 -9999 -9999 -9999 -9999 -9999 -9999 -9999 -9999 -9999 -9999 -9999 -9999 -9999 -9999 -9999 -9999 -9999 -9999 -9999 -9999 -9999 -9999 -9999 -9999 -9999 -9999 -9999 -9999 -9999 -9999 -9999 -9999
-9999 -9999 -9999 -9999 -9999 -9999 -9999 -9999 -9999 -9999 -9999 -9999 -9999 -9999 -9999 -9999 -9999 -9999 -9999 -9999 -9999 -9999 -9999 -9999 -9999 -9999 -9999 -9999 -9999 -9999 -9999 -9999 -9999 -9999 -9999 -9999 -9999 -9999 -9999 -9999 -9999 -9999 -9999 -9999 -9999 -9999
-9999 -9999 -9999 -9999 -9999 -9999 -9999 -9999 -9999 -9999 -9999 -9999 -9999 -9999 -9999 -9999 -9999 -9999 -9999 -9999 -9999 -9999 -9999 -9999 -9999 -9999 -9999 -9999 -9999 -9999 -9999 -9999 -9999 -9999 -9999 -9999 -9999 -9999 -9999 -9999 -9999 -9999 -9999 -9999 -9999 -9999
-9999 -9999 -9999 -9999 -9999 -9999 -9999 -9999 -9999 -9999 -9999 -9999 -9999 -9999 -9999 -9999 -9999 -9999 -9999 -9999 -9999 -9999 -9999 -9999 -9999 -9999 -9999 -9999 -9999 -9999 -9999 -9999 -9999 -9999 -9999 -9999 -9999 -9999 -9999 -9999 -9999 -9999 -9999 -9999 -9999 -9999
