INPUT/RASTER/maxent_background_data/rivers.asc
ncols        225
nrows        269
xllcorner    473009.983799999987
yllcorner    4429051.174800000153
cellsize     50.000000000000
NODATA_value  -9999
[rows 200 to 219 of 269, columns 138 to 183 of 225]
271.60302734375 251.10235595703125 239.4505615234375 237.9511566162109375 246.78924560546875 264.932281494140625 290.64288330078125 322.11407470703125 357.829071044921875 396.643218994140625 437.732818603515625 480.514495849609375 524.574462890625 569.61614990234375 615.42401123046875 661.83905029296875 699.8038330078125 663.477294921875 628.9273681640625 596.31658935546875 565.4765625 537.19873046875 512.25103759765625 491.141326904296875 474.348480224609375 461.334564208984375 451.524932861328125 427.224853515625 377.533111572265625 327.93511962890625 278.48089599609375 229.2635955810546875 180.4770660400390625 132.3720550537109375 86.17626190185546875 43.75516510009765625 3.1814043521881103516 36.215305328369140625 75.29875946044921875 114.5298004150390625 158.62646484375 203.2372589111328125 248.817352294921875 295.46533203125 342.984771728515625 391.06512451171875
316.22198486328125 298.7984619140625 289.075592041015625 287.834808349609375 295.18310546875 310.511260986328125 332.718231201171875 360.53515625 392.77191162109375 428.431976318359375 466.731353759765625 507.072296142578125 549.0050048828125 592.19140625 636.3763427734375 681.3656005859375 727.009765625 699.5557861328125 666.69171142578125 635.50579833984375 606.37139892578125 580.09051513671875 557.0670166015625 537.71954345703125 522.3145751953125 509.95263671875 484.214324951171875 435.2857666015625 386.6314697265625 338.282379150390625 290.48590087890625 243.5757293701171875 197.9654541015625 154.43505859375 111.14002227783203125 71.16580963134765625 34.53693389892578125 5.5726981163024902344 47.356372833251953125 91.496734619140625 137.3883056640625 184.958221435546875 233.437408447265625 282.052490234375 331.080322265625 380.361358642578125
362.249176025390625 347.1435546875 338.8109130859375 337.752899169921875 344.03662109375 357.274932861328125 376.735382080078125 401.514312744140625 430.6947021484375 463.445892333984375 499.065399169921875 536.98272705078125 576.744873046875 617.99578857421875 660.4566650390625 703.90850830078125 748.1787109375 737.13104248046875 705.67095947265625 675.862548828125 648.54364013671875 624.041259765625 602.6990966796875 584.86309814453125 570.611083984375 544.378173828125 496.28082275390625 448.599761962890625 401.4832763671875 355.156158447265625 309.764892578125 265.8111572265625 222.892303466796875 180.063720703125 141.841552734375 104.82126617431640625 64.72850799560546875 20.926645278930664063 27.474214553833007813 76.25885009765625 125.46494293212890625 174.788818359375 224.412139892578125 274.17236328125 324.006439208984375 373.884796142578125
389.52734375 395.89996337890625 388.614166259765625 387.69207763671875 393.178497314453125 404.81292724609375 422.087310791015625 444.34429931640625 470.877960205078125 501.00921630859375 534.12957763671875 569.718017578125 607.34075927734375 646.642822265625 687.33624267578125 729.1881103515625 772.010009765625 775.93511962890625 745.5830078125 717.434814453125 691.75958251953125 668.84228515625 648.97515869140625 632.4361572265625 587.2303466796875 540.0238037109375 493.3680419921875 447.43524169921875 402.313995361328125 358.359771728515625 316.207061767578125 276.290802001953125 239.9580841064453125 208.51763916015625 172.8993988037109375 122.9552154541015625 73.087371826171875 23.7811737060546875 25.850505828857421875 74.35340118408203125 123.92781829833984375 173.640960693359375 223.4821319580078125 273.381317138671875 323.3116455078125 373.260650634765625
388.70037841796875 438.649810791015625 438.462188720703125 437.6451416015625 442.512664794921875 452.8814697265625 468.386383056640625 488.53863525390625 512.79058837890625 540.59075927734375 571.4215087890625 604.819580078125 640.3834228515625 677.77215576171875 716.70025634765625 756.9302978515625 798.265380859375 815.4739990234375 786.64892578125 760.023193359375 735.83551025390625 714.33367919921875 670.9765625 622.08984375 573.39520263671875 524.946044921875 476.81719970703125 429.116455078125 382.004180908203125 335.728302001953125 290.51116943359375 246.9046783447265625 205.9854583740234375 169.279510498046875 139.58087158203125 111.45200347900390625 67.33467864990234375 20.692045211791992188 29.219728469848632813 78.78878021240234375 128.16229248046875 177.523590087890625 227.003753662109375 276.6708984375 326.439697265625 376.269775390625
394.264373779296875 443.587738037109375 485.824127197265625 487.60784912109375 491.981292724609375 501.3280029296875 515.37750244140625 533.75848388671875 556.0416259765625 581.77874755859375 610.5330810546875 641.8994140625 675.513916015625 711.05780029296875 748.2562255859375 786.87457275390625 826.71380615234375 856.107666015625 828.69720458984375 803.466064453125 761.957763671875 712.29620361328125 662.685546875 613.13818359375 563.6707763671875 514.30633544921875 465.07769775390625 416.033111572265625 367.24627685546875 318.8355712890625 271.0025634765625 224.1175537109375 178.709075927734375 136.0224609375 98.62589263916015625 71.82178497314453125 41.174762725830078125 3.9257144927978515625 44.55950927734375 90.29872894287109375 137.4915771484375 185.4632415771484375 234.284637451171875 278.8328857421875 314.598358154296875 339.725555419921875
379.604461669921875 415.18817138671875 453.500732421875 493.907470703125 535.9349365234375 550.0526123046875 562.88726806640625 579.76397705078125 600.3419189453125 624.2552490234375 651.13653564453125 680.63427734375 712.4234619140625 746.2113037109375 781.73876953125 818.7794189453125 857.13702392578125 896.64263916015625 857.87506103515625 807.9207763671875 757.97247314453125 708.03143310546875 658.099365234375 608.178466796875 558.271728515625 508.383331298828125 458.519256591796875 408.688385009765625 358.904541015625 309.190460205078125 259.586273193359375 210.169708251953125 161.11358642578125 112.88873291015625 66.91130828857421875 28.259119033813476563 3.0895218849182128906 29.294231414794921875 66.09613800048828125 95.97454833984375 129.8784027099609375 167.8405303955078125 210.46832275390625 247.867889404296875 270.942169189453125 298.7301025390625
344.582916259765625 383.430633544921875 424.61834716796875 467.527984619140625 511.726593017578125 556.9073486328125 602.84942626953125 626.3819580078125 645.4754638671875 667.77447509765625 692.96966552734375 720.75732421875 750.8497314453125 782.98114013671875 816.91107177734375 852.4246826171875 889.33233642578125 894.73193359375 857.106689453125 807.1104736328125 757.11480712890625 707.11968994140625 657.1253662109375 607.1319580078125 557.1397705078125 507.149078369140625 457.160430908203125 407.174591064453125 357.192718505859375 307.216705322265625 257.25006103515625 207.299468994140625 157.380279541015625 107.53618621826171875 57.9612884521484375 9.9049816131591796875 7.2601909637451171875 16.6263885498046875 27.977298736572265625 59.232177734375 98.79978179931640625 143.78131103515625 182.4065704345703125 202.7974853515625 228.7934112548828125 260.604034423828125
313.648223876953125 355.888885498046875 399.9232177734375 445.219329833984375 491.428466796875 538.3155517578125 585.7177734375 633.51953125 681.63671875 712.145263671875 735.82269287109375 762.04937744140625 790.57159423828125 821.150146484375 853.56414794921875 887.61248779296875 895.9383544921875 859.3148193359375 824.039306640625 790.3541259765625 758.4627685546875 709.60882568359375 659.80316162109375 610.02923583984375 560.29559326171875 510.61395263671875 461.001190185546875 411.482177734375 362.095367431640625 312.903411865234375 264.01519775390625 215.5704498291015625 167.8529052734375 121.6983184814453125 79.88265228271484375 52.851116180419921875 42.254177093505859375 31.164224624633789063 12.18614959716796875 33.250881195068359375 82.6124114990234375 120.64777374267578125 136.33843994140625 159.54052734375 190.0305633544921875 225.57745361328125
288.119842529296875 333.608642578125 380.232025146484375 427.61907958984375 475.541534423828125 523.85247802734375 572.45361328125 621.2767333984375 670.2734375 719.408203125 768.654541015625 804.33038330078125 831.40338134765625 860.5322265625 891.5155029296875 902.19244384765625 863.16448974609375 825.32098388671875 788.617431640625 753.35003662109375 719.8299560546875 688.2437744140625 658.71124267578125 616.97821044921875 567.85345458984375 518.89599609375 470.157989501953125 421.688201904296875 373.5699462890625 325.9617919921875 279.082366943359375 233.50128173828125 190.0858001708984375 150.52703857421875 119.09731292724609375 100.99936676025390625 89.88790130615234375 73.4941253662109375 25.794740676879882813 19.181535720825195313 51.931034088134765625 71.952178955078125 91.00275421142578125 119.496490478515625 154.8836212158203125 193.470245361328125
269.53826904296875 317.6988525390625 366.35260009765625 415.326263427734375 464.5186767578125 513.86700439453125 563.33026123046875 612.880615234375 662.49853515625 712.169921875 761.88427734375 811.63372802734375 861.4122314453125 900.96832275390625 913.89105224609375 872.5242919921875 832.10601806640625 792.78125 754.7210693359375 717.92266845703125 682.66522216796875 649.34637451171875 618.13690185546875 589.33367919921875 563.15594482421875 531.637451171875 484.073944091796875 436.99365234375 390.6396484375 345.304534912109375 301.448333740234375 259.6339111328125 221.2137908935546875 188.311767578125 164.19537353515625 150.0119476318359375 137.5879364013671875 92.62506866455078125 48.959918975830078125 20.08690643310546875 10.062590599060058594 25.127063751220703125 48.84836578369140625 84.218109130859375 124.2275543212890625 169.2248382568359375
259.400665283203125 309.14459228515625 358.959686279296875 408.8199462890625 458.710601806640625 508.62274169921875 558.55059814453125 608.49029541015625 658.43914794921875 708.395263671875 758.35711669921875 808.32366943359375 858.29412841796875 908.26788330078125 887.4368896484375 844.77569580078125 802.9619140625 762.1348876953125 722.4620361328125 684.14410400390625 647.23138427734375 611.98638916015625 578.91815185546875 548.18511962890625 520.315185546875 495.20208740234375 473.2772216796875 455.133056640625 413.01751708984375 370.35272216796875 329.676971435546875 291.912139892578125 258.337890625 230.790496826171875 210.8972625732421875 172.22052001953125 137.1741790771484375 112.1962738037109375 87.11810302734375 59.2736663818359375 35.91075897216796875 20.885007858276367188 14.015734672546386719 57.720172882080078125 105.9486541748046875 155.2030792236328125
258.701629638671875 308.55828857421875 358.454864501953125 408.37677001953125 458.315673828125 508.2666015625 558.226318359375 608.192626953125 658.16412353515625 708.13958740234375 758.1182861328125 808.099609375 858.0831298828125 907.62872314453125 863.071044921875 819.14190673828125 775.94793701171875 733.619140625 692.3140869140625 652.2274169921875 613.597900390625 576.54486083984375 541.31585693359375 508.56829833984375 478.456512451171875 451.59942626953125 428.13299560546875 407.986083984375 392.997100830078125 373.603271484375 346.19036865234375 318.883575439453125 281.7076416015625 234.8795013427734375 189.3328094482421875 144.4771270751953125 102.04517364501953125 67.2913665771484375 50.52877044677734375 54.30379486083984375 54.569606781005859375 43.159149169921875 5.311279296875 54.617137908935546875 104.24639892578125 154.115509033203125
267.515167236328125 315.9842529296875 364.866729736328125 414.016204833984375 463.347686767578125 512.8087158203125 562.36505126953125 611.99359130859375 661.67803955078125 711.40667724609375 761.1708984375 810.96417236328125 860.7813720703125 886.44488525390625 840.878662109375 795.8271484375 751.29400634765625 707.49163818359375 664.564697265625 622.69415283203125 582.1080322265625 543.09442138671875 505.865081787109375 470.6573486328125 438.307373046875 409.065216064453125 383.4351806640625 361.60638427734375 344.839019775390625 331.901580810546875 304.35064697265625 276.7279052734375 249.3705596923828125 212.8963775634765625 171.0573577880859375 123.59641265869140625 77.63442230224609375 32.694515228271484375 2.6188313961029052734 6.2236418724060058594 7.8723058700561523438 4.5418248176574707031 27.366174697875976563 66.55255889892578125 112.8261871337890625 160.9162139892578125
284.959991455078125 330.88348388671875 377.843292236328125 425.4964599609375 473.63372802734375 522.12127685546875 570.8697509765625 619.81768798828125 668.9212646484375 718.1485595703125 767.4757080078125 816.884765625 866.361572265625 867.60791015625 820.996826171875 774.8084716796875 729.1231689453125 684.0262451171875 639.526123046875 595.89886474609375 553.35089111328125 512.1513671875 472.652923583984375 435.195343017578125 400.017333984375 368.1400146484375 340.205047607421875 316.331634521484375 297.019317626953125 284.506011962890625 262.8603515625 235.1470184326171875 207.7360687255859375 178.8775787353515625 142.2335357666015625 103.9782562255859375 59.332218170166015625 13.961995124816894531 34.143604278564453125 43.270236968994140625 44.210353851318359375 51.92409515380859375 68.65460968017578125 97.624176025390625 135.3303680419921875 178.345550537109375
309.580413818359375 352.309112548828125 396.740966796875 442.363037109375 488.842254638671875 535.95562744140625 583.549560546875 631.51544189453125 679.77459716796875 728.26861572265625 776.95355224609375 825.795654296875 874.7686767578125 851.2945556640625 803.73797607421875 756.49664306640625 709.63336181640625 663.2283935546875 617.385009765625 572.22625732421875 527.7733154296875 484.403167724609375 442.434417724609375 402.30584716796875 364.541473388671875 329.4075927734375 298.229400634765625 271.698333740234375 250.05401611328125 235.4408721923828125 221.48114013671875 193.36016845703125 166.0633392333984375 138.8891143798828125 108.66783905029296875 71.665130615234375 37.560375213623046875 8.5655565261840820313 52.725738525390625 93.22202301025390625 93.12725830078125 101.643707275390625 114.58434295654296875 137.1170806884765625 168.236114501953125 205.297637939453125
339.820343017578125 379.156341552734375 420.762664794921875 464.02899169921875 508.53179931640625 553.97314453125 600.13995361328125 646.8768310546875 694.06866455078125 741.62860107421875 789.4901123046875 837.6015625 885.922119140625 837.65228271484375 789.274169921875 741.11138916015625 693.20880126953125 645.6243896484375 598.4339599609375 551.73870849609375 505.675750732421875 460.42791748046875 416.047637939453125 373.091705322265625 332.113250732421875 293.914947509765625 258.852996826171875 228.8110504150390625 204.532501220703125 186.871978759765625 178.502044677734375 151.627197265625 124.25002288818359375 96.45404815673828125 72.0084381103515625 39.067317962646484375 2.3643381595611572266 30.849124908447265625 74.25235748291015625 119.51935577392578125 142.796417236328125 151.3551025390625 161.3558197021484375 180.455535888671875 206.7620849609375 238.9064788818359375
374.3203125 410.36248779296875 449.0869140625 489.857879638671875 532.20526123046875 575.78131103515625 620.3271484375 665.64813232421875 711.59619140625 758.0572509765625 804.94256591796875 852.1820068359375 875.9725341796875 826.81329345703125 777.76129150390625 728.838134765625 680.07159423828125 631.498046875 583.16558837890625 535.13970947265625 487.51092529296875 440.4080810546875 394.019866943359375 348.63165283203125 304.37908935546875 262.199188232421875 223.271575927734375 188.4154815673828125 160.0544586181640625 138.905914306640625 128.783416748046875 111.5869598388671875 83.23290252685546875 54.985218048095703125 27.526876449584960938 3.9061529636383056641 31.92125701904296875 68.43830108642578125 101.50310516357421875 141.809326171875 186.028778076171875 200.5666961669921875 209.451385498046875 226.2444000244140625 248.3419647216796875 276.784515380859375
412.011566162109375 445.011474609375 480.954132080078125 519.22882080078125 559.35699462890625 600.96746826171875 643.77294921875 687.55023193359375 732.12493896484375 777.36004638671875 823.1466064453125 867.840087890625 868.46063232421875 818.8665771484375 769.32501220703125 719.8360595703125 670.4150390625 621.086669921875 571.87506103515625 522.81298828125 473.94708251953125 425.344818115234375 377.108184814453125 329.39788818359375 282.480712890625 236.8284759521484375 192.8668670654296875 152.6414337158203125 118.15641021728515625 92.74365997314453125 79.22247314453125 72.99703216552734375 41.72003173828125 14.032523155212402344 17.501018524169921875 39.930667877197265625 66.84062957763671875 102.5264739990234375 138.8302764892578125 172.2036285400390625 210.9219512939453125 249.628143310546875 257.88604736328125 272.295135498046875 292.258331298828125 317.388336181640625
452.09661865234375 482.3619384765625 515.70794677734375 551.5762939453125 589.50665283203125 629.12615966796875 670.1353759765625 712.29425048828125 747.6370849609375 771.81756591796875 798.400634765625 827.15460205078125 857.8612060546875 813.82958984375 763.96148681640625 714.11181640625 664.2847900390625 614.48583984375 564.72247314453125 515.0048828125 465.34783935546875 415.77301025390625 366.29156494140625 316.957244873046875 267.869903564453125 219.1954803466796875 171.2864227294921875 125.02567291259765625 82.14997100830078125 48.730377197265625 30.113315582275390625 25.354806900024414063 6.5787296295166015625 27.763332366943359375 56.980899810791015625 83.83577728271484375 107.1521148681640625 137.5502777099609375 173.2177581787109375 208.95611572265625 242.8904266357421875 280.7833251953125 306.82330322265625 319.453857421875 337.76971435546875 359.925506591796875
