INPUT/RASTER/maxent_background_data/rivers.asc
ncols        225
nrows        269
xllcorner    473009.983799999987
yllcorner    4429051.174800000153
cellsize     50.000000000000
NODATA_value  -9999
[rows 120 to 139 of 269, columns 46 to 91 of 225]
8.95688629150390625 44.747447967529296875 81.298858642578125 120.042816162109375 158.9302825927734375 201.6241912841796875 246.3523712158203125 292.207244873046875 338.725341796875 372.38189697265625 347.64215087890625 328.697174072265625 316.58905029296875 312.114410400390625 315.59814453125 326.785797119140625 344.9285888671875 369.0020751953125 397.847808837890625 352.642852783203125 308.719451904296875 265.857635498046875 225.1551361083984375 186.5209808349609375 151.17529296875 119.8611602783203125 70.93300628662109375 21.280782699584960938 29.567747116088867188 79.3450164794921875 129.01116943359375 167.3992919921875 201.8874664306640625 238.977325439453125 279.447479248046875 322.1046142578125 366.622222900390625 412.298095703125 458.673736572265625 505.740509033203125 553.32208251953125 601.2962646484375 646.8729248046875 688.30841064453125 730.81622314453125 774.21978759765625
39.146026611328125 76.721099853515625 114.188201904296875 150.8300933837890625 190.7529449462890625 228.761016845703125 270.153717041015625 313.361297607421875 358.14727783203125 331.599761962890625 303.55426025390625 281.659332275390625 267.429901123046875 262.117401123046875 266.256103515625 279.426361083984375 300.442779541015625 327.799713134765625 360.05474853515625 377.057220458984375 335.333282470703125 295.522216796875 257.1920166015625 214.94842529296875 165.04339599609375 115.12821197509765625 65.34282684326171875 16.877933502197265625 32.723171234130859375 82.20812225341796875 132.0755615234375 182.0157623291015625 231.9499664306640625 272.59173583984375 309.397918701171875 348.963104248046875 390.574432373046875 433.8304443359375 478.402923583984375 523.9510498046875 570.0145263671875 616.6915283203125 663.8526611328125 711.401611328125 757.58154296875 799.53338623046875
76.92822265625 109.6851043701171875 146.7478790283203125 184.5956573486328125 221.1106719970703125 261.46337890625 298.846923828125 339.2047119140625 330.2449951171875 293.6810302734375 261.601470947265625 235.8433837890625 218.6524200439453125 212.1218109130859375 217.2151947021484375 233.172088623046875 257.9844970703125 289.383453369140625 325.468231201171875 364.85113525390625 365.6539306640625 316.706878662109375 266.912384033203125 217.21234130859375 167.69073486328125 118.5713348388671875 69.49436187744140625 19.782484054565429688 30.874368667602539063 79.21038055419921875 127.35840606689453125 176.5390777587890625 224.7319793701171875 273.287261962890625 322.126220703125 371.2744140625 418.798492431640625 459.723175048828125 502.001861572265625 545.58807373046875 590.19219970703125 635.5999755859375 681.5068359375 727.9034423828125 774.74853515625 821.9654541015625
120.45124053955078125 147.0748748779296875 180.3586273193359375 217.21820068359375 255.170867919921875 291.599273681640625 330.94110107421875 343.75152587890625 300.585906982421875 259.882049560546875 222.9920501708984375 192.1255645751953125 170.5843353271484375 162.1289520263671875 168.738189697265625 188.83685302734375 218.7375946044921875 255.0155181884765625 295.329803466796875 338.240264892578125 373.30230712890625 323.908172607421875 274.7332763671875 225.360931396484375 175.377105712890625 125.4061737060546875 75.47376251220703125 25.80443572998046875 18.771547317504882813 67.1761474609375 116.58480072021484375 166.283721923828125 216.0584564208984375 265.304473876953125 314.500457763671875 363.915679931640625 413.416351318359375 462.98828125 512.64337158203125 562.359619140625 612.1220703125 657.36126708984375 701.9859619140625 747.2916259765625 793.08673095703125 839.2725830078125
167.1153411865234375 188.1539154052734375 217.3098907470703125 251.053070068359375 287.741943359375 325.8048095703125 362.174468994140625 323.19537353515625 276.84295654296875 232.0103607177734375 189.7777252197265625 152.3232269287109375 124.0529937744140625 112.14243316650390625 121.5018768310546875 148.153594970703125 184.7600250244140625 226.5458984375 271.126953125 317.3272705078125 364.53173828125 329.930328369140625 280.755401611328125 231.5087738037109375 181.68597412109375 131.99725341796875 82.684661865234375 35.358646392822265625 10.362989425659179688 59.87607574462890625 109.68238067626953125 159.6098480224609375 209.5719146728515625 259.548583984375 309.53277587890625 359.521392822265625 409.51275634765625 459.506011962890625 509.5006103515625 559.49615478515625 609.492431640625 659.4892578125 709.486572265625 759.48419189453125 809.48211669921875 859.01239013671875
187.373321533203125 232.196136474609375 257.17291259765625 287.708892822265625 321.754638671875 358.234466552734375 358.550689697265625 309.427490234375 260.637969970703125 212.4121856689453125 165.244415283203125 120.38478851318359375 81.72684478759765625 62.1776275634765625 77.79998016357421875 115.06353759765625 159.456573486328125 206.429595947265625 254.5583648681640625 303.29315185546875 352.38262939453125 327.9466552734375 277.98016357421875 228.028411865234375 178.103729248046875 128.2377471923828125 78.54233551025390625 29.088647842407226563 18.149387359619140625 65.48345184326171875 114.791473388671875 164.10211181640625 213.533599853515625 262.969757080078125 312.407073974609375 361.99896240234375 411.689605712890625 461.44708251953125 511.25189208984375 561.0914306640625 610.9571533203125 660.84320068359375 710.7452392578125 760.66015625 810.5855712890625 860.5196533203125
214.0121307373046875 255.7461090087890625 299.163421630859375 326.915771484375 358.230682373046875 392.459503173828125 351.4793701171875 303.37353515625 253.421173095703125 203.4921875 153.609405517578125 103.83943939208984375 54.492282867431640625 12.497554779052734375 48.404224395751953125 97.62042999267578125 147.36529541015625 197.2392120361328125 247.164093017578125 296.243804931640625 323.252655029296875 328.187957763671875 279.356597900390625 230.492919921875 181.0824737548828125 132.11639404296875 83.718719482421875 35.9194183349609375 10.858761787414550781 60.3654937744140625 110.31805419921875 160.300201416015625 210.29083251953125 260.285064697265625 310.281158447265625 360.2783203125 410.27618408203125 460.274505615234375 510.273162841796875 560.2720947265625 610.2711181640625 660.2703857421875 710.26971435546875 760.26910400390625 810.26861572265625 860.26812744140625
246.4898529052734375 284.020416259765625 324.88140869140625 367.145843505859375 397.00115966796875 389.99993896484375 340.5999755859375 291.40472412109375 242.338470458984375 193.5846405029296875 145.67803955078125 98.66925048828125 52.502391815185546875 6.7989072799682617188 43.63834381103515625 93.60761260986328125 143.5982818603515625 193.5937652587890625 229.2305450439453125 253.5320892333984375 284.623260498046875 319.055084228515625 269.858856201171875 220.297027587890625 170.9905242919921875 122.2486724853515625 73.23974609375 26.137798309326171875 23.350553512573242188 72.12548065185546875 118.50217437744140625 166.3428955078125 215.0670623779296875 264.268280029296875 313.71807861328125 363.24249267578125 412.881561279296875 462.598388671875 512.37030029296875 562.1827392578125 612.0257568359375 661.8924560546875 711.77783203125 761.67822265625 811.5909423828125 861.51373291015625
283.33563232421875 317.18585205078125 354.30780029296875 394.230621337890625 435.961578369140625 385.96746826171875 335.97509765625 285.985382080078125 236.00006103515625 186.0225982666015625 136.06170654296875 86.1461944580078125 36.46294403076171875 12.623932838439941406 59.658969879150390625 105.19663238525390625 151.952667236328125 165.326629638671875 184.5664520263671875 214.00152587890625 250.0570526123046875 290.27642822265625 258.18243408203125 209.2439727783203125 160.959381103515625 114.1613006591796875 70.145111083984375 23.756259918212890625 25.025022506713867188 75.0188751220703125 125.01764678955078125 175.017120361328125 225.0168304443359375 275.016632080078125 324.291900634765625 372.49041748046875 421.1092529296875 470.0179443359375 519.1346435546875 568.40533447265625 617.79327392578125 667.2677001953125 716.77911376953125 766.35394287109375 815.98065185546875 865.65032958984375
323.461578369140625 353.7353515625 387.887176513671875 424.7357177734375 424.975555419921875 376.412261962890625 328.07244873046875 280.2830810546875 232.9037322998046875 185.3769378662109375 137.6015625 87.91584014892578125 38.086421966552734375 13.113178253173828125 62.39659881591796875 112.31524658203125 110.0869903564453125 117.69037628173828125 143.467437744140625 179.7631378173828125 221.464813232421875 266.0423583984375 253.0155487060546875 203.0175933837890625 153.02099609375 103.02768707275390625 53.047008514404296875 3.6421129703521728516 39.84391021728515625 85.42267608642578125 132.70263671875 181.201629638671875 229.9265289306640625 279.102813720703125 325.7205810546875 372.644989013671875 420.279266357421875 468.40692138671875 516.8453369140625 565.50677490234375 614.3831787109375 663.42706298828125 712.6038818359375 761.8878173828125 811.2593994140625 860.70355224609375
365.9150390625 393.134979248046875 424.238494873046875 458.591400146484375 416.530426025390625 366.971832275390625 317.411895751953125 268.015472412109375 218.8932952880859375 170.2828521728515625 122.16986846923828125 74.86267852783203125 29.342456817626953125 20.335523605346679688 66.5607452392578125 83.0987091064453125 60.309833526611328125 73.27452850341796875 110.00470733642578125 154.3791351318359375 201.40704345703125 249.593017578125 257.07373046875 207.788299560546875 158.949859619140625 110.60666656494140625 62.669910430908203125 13.8785858154296875 31.612560272216796875 77.8008575439453125 123.245269775390625 167.922821044921875 214.53759765625 262.291351318359375 310.69091796875 359.440704345703125 408.492828369140625 457.7501220703125 507.152801513671875 556.66217041015625 606.25201416015625 655.9041748046875 705.60546875 755.28656005859375 805.0069580078125 854.75994873046875
409.700042724609375 434.5360107421875 463.122894287109375 463.033416748046875 413.035491943359375 363.03814697265625 313.041656494140625 263.0465087890625 213.053619384765625 163.065093994140625 113.08670806884765625 63.1425628662109375 13.614808082580566406 35.949230194091796875 83.4547271728515625 58.51091766357421875 12.466251373291015625 43.442920684814453125 92.83946990966796875 142.6571044921875 192.56927490234375 242.51763916015625 267.389129638671875 218.3138275146484375 169.77899169921875 122.41559600830078125 77.946502685546875 34.006534576416015625 11.807813644409179688 56.466533660888671875 104.5397186279296875 153.614227294921875 203.140625 252.8535003662109375 302.5184326171875 352.272308349609375 402.087249755859375 451.94305419921875 501.82757568359375 551.73297119140625 601.5069580078125 650.6171875 699.8533935546875 749.1907958984375 798.610595703125 848.09844970703125
447.71319580078125 477.5855712890625 503.73529052734375 458.638153076171875 408.79669189453125 358.999298095703125 309.267333984375 259.638336181640625 210.15765380859375 160.94757080078125 111.30141448974609375 61.78174591064453125 15.683240890502929688 40.92607879638671875 90.02179718017578125 47.837818145751953125 0.25598615407943725586 49.82916259765625 99.8289794921875 147.8823089599609375 196.471527099609375 245.6276397705078125 266.195159912109375 233.966766357421875 189.2895355224609375 145.088714599609375 100.12091827392578125 50.141582489013671875 2.0391492843627929688 49.94134521484375 99.89704132080078125 149.8408050537109375 199.79876708984375 249.119049072265625 297.6727294921875 346.556121826171875 395.7186279296875 445.0677490234375 494.54766845703125 544.1226806640625 593.7689208984375 643.469970703125 693.21405029296875 742.992431640625 792.79876708984375 842.62799072265625
480.83258056640625 518.178955078125 507.366973876953125 457.379425048828125 407.3948974609375 357.41473388671875 307.441009521484375 257.47747802734375 207.5315093994140625 157.6198272705078125 107.7900238037109375 58.15850830078125 8.5513763427734375 40.159637451171875 74.01851654052734375 25.946842193603515625 20.791444778442382813 63.973026275634765625 110.3114166259765625 157.5655059814453125 206.0354766845703125 245.2292938232421875 220.0149688720703125 202.9496612548828125 174.7088775634765625 143.4070281982421875 98.86869049072265625 48.87225341796875 1.4061266183853149414 43.154510498046875 91.6060791015625 141.009765625 190.7245025634765625 240.5575103759765625 290.447906494140625 340.3704833984375 390.312896728515625 440.26837158203125 490.23291015625 540.20404052734375 590.1800537109375 640.1597900390625 690.1424560546875 740.12750244140625 790.11444091796875 840.1029052734375
509.97314453125 551.38360595703125 510.877349853515625 461.263153076171875 411.66375732421875 362.104278564453125 312.68463134765625 263.48406982421875 214.653289794921875 166.1571807861328125 118.61698150634765625 71.1952056884765625 27.03618621826171875 22.449838638305664063 44.78458404541015625 12.346624374389648438 29.34886932373046875 78.49608612060546875 128.2559661865234375 175.7743988037109375 221.5619964599609375 205.9709625244140625 175.8889312744140625 154.98321533203125 136.883270263671875 104.05047607421875 75.25479888916015625 37.661224365234375 14.637207984924316406 50.890354156494140625 95.4883880615234375 143.6477813720703125 192.683074951171875 242.1132965087890625 291.737762451171875 341.471832275390625 391.273681640625 441.120361328125 490.998199462890625 540.89862060546875 590.81585693359375 640.74603271484375 690.686279296875 740.6346435546875 790.5894775390625 840.5496826171875
526.84381103515625 567.55828857421875 518.43475341796875 469.496307373046875 420.8074951171875 372.295074462890625 324.137939453125 276.61663818359375 229.110992431640625 181.643280029296875 132.96563720703125 85.595245361328125 42.4048309326171875 6.248386383056640625 13.78189849853515625 25.937816619873046875 58.693737030029296875 96.0204315185546875 140.38861083984375 187.4588623046875 211.958251953125 171.2400970458984375 135.37225341796875 108.31726837158203125 95.822723388671875 66.88932037353515625 33.61267852783203125 5.5315799713134765625 32.9779052734375 76.3515472412109375 120.80248260498046875 162.04364013671875 206.84613037109375 253.5991058349609375 301.396209716796875 349.791290283203125 398.554901123046875 447.5914306640625 496.820068359375 546.1888427734375 595.6629638671875 645.2181396484375 694.8370361328125 744.5069580078125 794.21826171875 818.53936767578125
547.6806640625 578.44537353515625 530.15167236328125 482.205963134765625 434.672119140625 387.188507080078125 339.095367431640625 290.983245849609375 243.632568359375 197.189544677734375 152.989532470703125 112.44074249267578125 74.13459014892578125 30.370512008666992188 8.8698177337646484375 50.732616424560546875 96.64306640625 129.1715087890625 165.708587646484375 207.4612579345703125 189.5107269287109375 143.6457366943359375 101.02323150634765625 65.0173797607421875 46.217151641845703125 25.629558563232421875 5.1837439537048339844 36.875843048095703125 66.18088531494140625 102.4778594970703125 144.0330963134765625 187.7252044677734375 231.08062744140625 273.72509765625 318.516265869140625 364.6639404296875 411.712249755859375 459.384552001953125 507.5050048828125 555.9434814453125 604.61993408203125 653.49627685546875 702.53076171875 751.69244384765625 800.95794677734375 784.766845703125
572.1138916015625 592.7587890625 545.24444580078125 496.967864990234375 449.068634033203125 401.681732177734375 354.85040283203125 308.935089111328125 264.505126953125 222.4523468017578125 182.95404052734375 141.5287628173828125 96.03549957275390625 49.61420440673828125 9.234272003173828125 35.650177001953125 84.4395599365234375 133.82122802734375 183.2854766845703125 226.3577423095703125 176.70684814453125 127.3294525146484375 78.74178314208984375 31.869874954223632813 3.3124098777770996094 11.944255828857421875 40.56154632568359375 74.34703826904296875 106.47742462158203125 136.834228515625 172.771881103515625 213.0604248046875 255.7411346435546875 299.419342041015625 342.1484375 385.477264404296875 430.255615234375 476.074676513671875 522.6607666015625 569.8258056640625 617.4371337890625 665.39898681640625 713.64068603515625 762.097412109375 786.7796630859375 750.24945068359375
599.57373046875 607.16888427734375 559.7674560546875 512.790283203125 466.34320068359375 420.71136474609375 376.191619873046875 333.22998046875 292.27734375 253.00299072265625 207.1813507080078125 161.3773193359375 118.3335113525390625 71.322113037109375 21.695329666137695313 28.150026321411132813 76.67993927001953125 123.32535552978515625 168.4683837890625 213.4881134033203125 170.8350982666015625 120.95416259765625 71.2403564453125 21.726259231567382813 28.4747314453125 58.3172149658203125 82.12277984619140625 109.41053009033203125 144.3730621337890625 175.1763458251953125 207.3350372314453125 243.3074951171875 282.652099609375 324.118408203125 367.507171630859375 411.172882080078125 453.57781982421875 497.252471923828125 542.02142333984375 587.63458251953125 633.90972900390625 680.7119140625 727.93951416015625 775.51470947265625 754.37109375 716.18975830078125
629.10595703125 624.10821533203125 577.95599365234375 532.4990234375 487.931671142578125 444.52154541015625 402.643096923828125 362.3131103515625 318.629058837890625 273.17340087890625 226.7657623291015625 178.026214599609375 129.5026092529296875 81.66397857666015625 35.4747161865234375 13.015929222106933594 57.0347900390625 101.8607330322265625 148.8475341796875 195.799407958984375 167.9249114990234375 117.9315643310546875 67.948028564453125 18.055864334106445313 32.172878265380859375 82.1229248046875 123.55892181396484375 152.255645751953125 179.6774139404296875 214.8473663330078125 245.0225830078125 277.9425048828125 313.795013427734375 352.47784423828125 393.321685791015625 435.557952880859375 479.247802734375 522.3724365234375 565.15496826171875 609.03802490234375 653.800048828125 699.272216796875 745.32464599609375 764.46966552734375 723.7440185546875 684.091552734375
