INPUT/RASTER/maxent_background_data/rivers.asc
ncols        225
nrows        269
xllcorner    473009.983799999987
yllcorner    4429051.174800000153
cellsize     50.000000000000
NODATA_value  -9999
[rows 20 to 39 of 269, columns 46 to 91 of 225]
332.834991455078125 362.477203369140625 396.232635498046875 433.140716552734375 472.46319580078125 513.64581298828125 556.27569580078125 600.0443115234375 644.71990966796875 690.1263427734375 736.12835693359375 782.62091064453125 829.5216064453125 876.764892578125 924.29827880859375 899.7232666015625 855.80419921875 812.5882568359375 770.19384765625 728.76434326171875 688.47393798828125 649.53460693359375 612.20428466796875 576.79541015625 543.68359375 513.3134765625 486.19915771484375 462.913055419921875 442.36053466796875 418.5526123046875 380.893157958984375 345.96173095703125 313.9874267578125 285.61602783203125 261.48492431640625 223.7073974609375 175.7566070556640625 129.3667755126953125 83.144989013671875 33.164279937744140625 16.812543869018554688 66.79851531982421875 116.7964935302734375 166.6973876953125 214.4333953857421875 262.734954833984375
292.154541015625 325.522430419921875 362.7332763671875 402.723236083984375 444.7432861328125 488.269561767578125 532.93316650390625 578.470703125 624.6910400390625 671.4532470703125 718.65155029296875 766.20538330078125 814.0523681640625 862.14373779296875 910.4407958984375 924.08795166015625 881.38385009765625 839.48577880859375 798.5206298828125 758.6396484375 720.02288818359375 682.88494873046875 647.48028564453125 614.1087646484375 583.11962890625 554.91204833984375 529.930419921875 508.650299072265625 488.66387939453125 451.582489013671875 416.58502197265625 384.182464599609375 354.832733154296875 328.790435791015625 284.646759033203125 234.9739532470703125 185.3961029052734375 135.789886474609375 86.637603759765625 38.54746246337890625 8.741405487060546875 56.622219085693359375 105.9643402099609375 153.6949005126953125 202.5235748291015625 251.8123931884765625
254.8124847412109375 292.472198486328125 333.39251708984375 376.511810302734375 421.15521240234375 466.8857421875 513.4129638671875 560.53857421875 608.12335205078125 656.06756591796875 704.29766845703125 752.7587890625 801.40899658203125 850.2158203125 899.15380859375 948.20257568359375 908.9962158203125 868.43133544921875 828.89794921875 790.5509033203125 753.57122802734375 718.17022705078125 684.59283447265625 653.120361328125 624.0714111328125 597.79931640625 574.68499755859375 554.02447509765625 522.277587890625 487.233642578125 454.537353515625 424.335357666015625 390.62774658203125 341.551177978515625 292.787261962890625 244.5231475830078125 196.5731353759765625 149.5486602783203125 101.7794342041015625 52.46649169921875 2.9522936344146728516 47.460468292236328125 97.4488372802734375 147.445098876953125 197.4432525634765625 247.4421539306640625
222.4961395263671875 264.792572021484375 309.39569091796875 355.438140869140625 402.42620849609375 450.063812255859375 498.164642333984375 546.6064453125 595.30596923828125 644.20477294921875 693.26068115234375 742.4425048828125 791.7269287109375 841.09576416015625 890.5350341796875 940.03363037109375 938.4619140625 899.22723388671875 861.10888671875 824.26171875 788.8638916015625 755.1192626953125 723.25927734375 693.543701171875 666.259521484375 641.7169189453125 620.24151611328125 592.9764404296875 557.89801025390625 524.98785400390625 479.70404052734375 430.695648193359375 381.94439697265625 333.4666748046875 284.877166748046875 236.875457763671875 189.90777587890625 143.77557373046875 95.74756622314453125 50.540241241455078125 9.2422533035278320313 49.319347381591796875 98.83510589599609375 148.6753387451171875 198.595916748046875 248.5484161376953125
197.6857757568359375 244.3158721923828125 292.06304931640625 340.4576416015625 389.25823974609375 438.32928466796875 487.589111328125 536.98577880859375 586.48468017578125 636.06201171875 685.70068359375 735.38836669921875 785.11566162109375 834.87554931640625 884.66253662109375 934.47222900390625 969.6119384765625 931.69000244140625 894.95538330078125 859.56036376953125 825.67718505859375 793.49969482421875 763.24346923828125 735.14593505859375 709.46343994140625 686.46722412109375 663.67779541015625 621.94696044921875 572.11517333984375 522.31561279296875 472.558319091796875 422.858306884765625 373.238433837890625 323.6622314453125 274.116790771484375 224.7727813720703125 175.799835205078125 127.4836273193359375 78.7848663330078125 32.428009033203125 11.533724784851074219 60.31491851806640625 105.97396087646484375 154.093017578125 203.0897369384765625 252.415374755859375
183.4524383544921875 232.9492950439453125 282.62335205078125 332.3951416015625 382.226531982421875 432.09686279296875 481.994049072265625 531.91058349609375 581.8414306640625 631.783203125 681.7335205078125 731.69061279296875 781.6531982421875 831.62030029296875 881.59112548828125 931.5650634765625 981.54168701171875 965.6514892578125 930.25897216796875 896.25921630859375 863.81683349609375 833.1136474609375 804.34893798828125 777.73785400390625 753.50848388671875 719.91473388671875 669.91778564453125 619.92132568359375 569.9254150390625 519.93035888671875 469.93634033203125 419.9437255859375 369.953125 319.9654541015625 269.98236083984375 220.0069580078125 170.0258026123046875 120.02730560302734375 70.03095245361328125 20.052797317504882813 29.998243331909179688 79.398529052734375 123.1260223388671875 169.269378662109375 208.6651763916015625 250.068695068359375
182.290771484375 232.0355682373046875 281.870697021484375 331.75543212890625 381.67034912109375 431.604949951171875 481.553131103515625 531.51104736328125 581.4761962890625 631.44683837890625 681.42181396484375 731.40020751953125 781.38140869140625 831.36480712890625 881.35009765625 931.3370361328125 981.32525634765625 1000.95928955078125 966.86004638671875 934.193359375 903.11468505859375 873.79345703125 846.412353515625 820.9676513671875 771.03857421875 721.11932373046875 671.21209716796875 621.31976318359375 571.4462890625 521.59698486328125 471.77960205078125 421.977142333984375 372.2081298828125 322.51055908203125 272.92352294921875 223.5205230712890625 174.4116973876953125 125.25142669677734375 76.86478424072265625 29.761495590209960938 17.898752212524414063 58.36260223388671875 100.0187225341796875 138.8885345458984375 182.171661376953125 226.92718505859375
194.4352264404296875 241.693267822265625 289.872772216796875 338.58056640625 387.6175537109375 436.8729248046875 486.280303955078125 535.79766845703125 585.39703369140625 635.05926513671875 684.77069091796875 734.521240234375 784.30352783203125 834.11187744140625 883.94183349609375 933.78997802734375 983.653564453125 1033.5302734375 1004.6168212890625 973.21832275390625 943.42608642578125 915.39697265625 874.70111083984375 824.97039794921875 775.2744140625 725.6201171875 676.016845703125 626.4765625 577.01568603515625 527.6563720703125 478.430206298828125 429.2705078125 380.18634033203125 331.376129150390625 282.979705810546875 234.93975830078125 187.625518798828125 141.5648956298828125 96.85626983642578125 53.349658966064453125 14.079936027526855469 29.566263198852539063 70.4633026123046875 115.3387298583984375 161.8246002197265625 209.0106201171875
217.6699066162109375 260.750396728515625 305.943389892578125 352.4371337890625 399.778076171875 447.697540283203125 496.02789306640625 544.65972900390625 593.51904296875 642.5538330078125 691.726806640625 741.010498046875 790.3841552734375 839.83197021484375 889.34149169921875 938.90301513671875 988.50872802734375 1038.1522216796875 1043.40380859375 1013.2080078125 980.0299072265625 930.55511474609375 881.13958740234375 831.7939453125 782.5313720703125 733.36859130859375 684.197998046875 635.1341552734375 586.228515625 537.5242919921875 489.08160400390625 440.869598388671875 393.0460205078125 345.717987060546875 298.928436279296875 253.2919769287109375 208.4272308349609375 165.0059356689453125 122.2796630859375 81.97480010986328125 41.198486328125 3.7405436038970947266 51.05812835693359375 98.90911102294921875 146.7229461669921875 189.764923095703125
248.90826416015625 287.34283447265625 328.901947021484375 372.541351318359375 417.60943603515625 463.689788818359375 510.50836181640625 557.87933349609375 605.67315673828125 653.7969970703125 702.18310546875 750.78070068359375 799.55133056640625 848.46502685546875 897.4984130859375 946.63299560546875 995.85369873046875 1045.1484375 1079.589111328125 1035.78515625 988.2874755859375 939.13824462890625 890.083740234375 841.140625 792.32952880859375 743.6763916015625 695.21435546875 646.94305419921875 598.877685546875 551.15667724609375 503.82391357421875 456.810455322265625 410.503448486328125 364.9898681640625 320.160400390625 276.781005859375 233.6033172607421875 191.688201904296875 150.3755950927734375 107.3704986572265625 60.328540802001953125 11.688140869140625 35.480510711669921875 77.96343231201171875 124.37705230712890625 172.3717803955078125
285.535369873046875 319.595123291015625 357.423583984375 397.947479248046875 440.42340087890625 484.338043212890625 529.33349609375 575.15606689453125 621.6229248046875 668.59979248046875 715.9862060546875 763.70599365234375 811.7003173828125 859.92327880859375 908.33837890625 956.91650390625 1005.63397216796875 1054.4715576171875 1056.613525390625 1012.11016845703125 967.8353271484375 924.1446533203125 880.9237060546875 838.28668212890625 796.5064697265625 755.5279541015625 709.26873779296875 661.93359375 614.8116455078125 568.181884765625 522.1761474609375 476.737213134765625 431.929901123046875 388.392242431640625 344.893157958984375 302.487091064453125 261.60272216796875 217.3672637939453125 169.5452880859375 123.46126556396484375 76.43584442138671875 33.676090240478515625 16.363346099853515625 66.34334564208984375 116.3405303955078125 166.33941650390625
325.738525390625 355.972137451171875 390.29058837890625 427.71173095703125 467.4910888671875 509.07611083984375 552.0589599609375 596.13726806640625 641.085205078125 686.73199462890625 732.94708251953125 779.62939453125 826.69976806640625 874.0955810546875 921.7666015625 969.6722412109375 1017.77935791015625 1066.0606689453125 1035.0533447265625 989.69775390625 944.81097412109375 900.310791015625 856.09442138671875 812.54901123046875 769.44219970703125 727.1446533203125 685.78509521484375 645.483154296875 606.62652587890625 569.42926025390625 533.81768798828125 499.9093017578125 456.434051513671875 413.82666015625 371.874298095703125 327.650115966796875 280.805419921875 234.230712890625 186.5160980224609375 136.9690704345703125 87.2588348388671875 38.310367584228515625 15.446516990661621094 61.49532318115234375 111.01691436767578125 160.834808349609375
368.3486328125 395.336944580078125 426.49957275390625 460.99072265625 498.1195068359375 537.33941650390625 578.22503662109375 620.447265625 663.7509765625 707.93780517578125 752.85223388671875 798.37152099609375 844.3978271484375 890.8525390625 937.67205810546875 984.80426025390625 1032.2064208984375 1061.9078369140625 1015.455078125 969.22900390625 923.34771728515625 877.9163818359375 833.00860595703125 788.51251220703125 744.372314453125 700.96942138671875 658.07000732421875 616.241943359375 575.4365234375 536.16650390625 498.778656005859375 463.13262939453125 430.352783203125 400.493621826171875 368.5748291015625 337.3013916015625 287.64788818359375 238.1394500732421875 188.8901214599609375 140.173309326171875 90.498992919921875 41.00667572021484375 -9999 60.535175323486328125 110.2541961669921875 160.1482696533203125
370.47589111328125 420.0701904296875 465.270904541015625 497.07904052734375 531.69366455078125 568.60247802734375 607.38726806640625 647.7113037109375 689.3043212890625 731.9501953125 775.47509765625 819.7391357421875 864.62872314453125 910.05133056640625 955.93096923828125 1002.204833984375 1048.82080078125 1044.8607177734375 997.61456298828125 950.650146484375 904.0113525390625 857.69482421875 811.66900634765625 766.1414794921875 721.20660400390625 676.7159423828125 632.678955078125 589.383544921875 546.873779296875 505.5748291015625 465.7823486328125 428.13604736328125 392.456817626953125 360.18609619140625 331.07452392578125 298.38067626953125 270.02008056640625 -9999 -9999 -9999 -9999 -9999 -9999 -9999 115.09351348876953125 164.5740203857421875
367.065826416015625 417.065826416015625 467.065826416015625 517.0657958984375 567.0657958984375 602.3984375 639.1357421875 677.5728759765625 717.43682861328125 758.50262451171875 800.58526611328125 843.53265380859375 887.21923828125 931.54095458984375 976.41131591796875 1021.75811767578125 1067.5206298828125 1029.7991943359375 981.99822998046875 934.24908447265625 886.7481689453125 839.5374755859375 792.6689453125 746.20703125 700.0301513671875 654.3763427734375 609.40509033203125 564.92205810546875 521.03277587890625 477.8992919921875 435.986968994140625 395.514739990234375 357.462158203125 321.796295166015625 290.0841064453125 260.372711181640625 -9999 -9999 -9999 -9999 -9999 -9999 -9999 -9999 105.58829498291015625 155.1279144287109375
370.435211181640625 420.034332275390625 469.71844482421875 519.46319580078125 569.25262451171875 619.0760498046875 668.92578125 709.70428466796875 747.857421875 787.338134765625 827.95648193359375 869.55303955078125 911.9940185546875 955.16680908203125 998.9765625 1043.3431396484375 1065.1063232421875 1016.52996826171875 968.0986328125 919.835205078125 871.7674560546875 823.9298095703125 776.150634765625 728.63616943359375 681.47747802734375 634.75384521484375 588.4537353515625 542.62689208984375 497.60443115234375 453.1329345703125 409.472381591796875 366.6094970703125 325.439117431640625 286.806396484375 251.1640472412109375 220.23236083984375 -9999 -9999 -9999 -9999 -9999 -9999 -9999 -9999 -9999 149.4175567626953125
380.40399169921875 428.8516845703125 477.61944580078125 526.618408203125 575.78948974609375 625.092041015625 674.497314453125 723.98431396484375 773.5372314453125 818.21539306640625 857.3721923828125 897.60662841796875 938.7801513671875 980.77459716796875 1023.48883056640625 1066.83642578125 1054.655517578125 1005.574462890625 956.588623046875 907.71337890625 858.9676513671875 810.37469482421875 761.9638671875 713.77215576171875 665.84722900390625 -9999 -9999 -9999 -9999 -9999 385.805328369140625 341.353118896484375 297.85791015625 255.71337890625 216.1865234375 180.5931549072265625 -9999 -9999 -9999 -9999 -9999 -9999 -9999 -9999 -9999 -9999
396.474609375 443.168914794921875 490.51531982421875 538.341796875 586.53082275390625 635 683.689697265625 732.555908203125 781.5655517578125 830.69329833984375 879.91925048828125 927.5089111328125 967.41064453125 1008.2132568359375 1049.8116455078125 1092.114990234375 1046.4918212890625 997.00897216796875 947.5804443359375 898.21514892578125 848.92413330078125 799.72119140625 750.62359619140625 701.6534423828125 -9999 -9999 -9999 -9999 -9999 -9999 -9999 -9999 274.009735107421875 229.5962371826171875 186.3709564208984375 -9999 -9999 -9999 -9999 -9999 -9999 -9999 -9999 -9999 -9999 -9999
417.94384765625 462.475555419921875 508.025787353515625 554.34356689453125 601.25152587890625 648.62158203125 696.3594970703125 744.39447021484375 792.6724853515625 841.1517333984375 889.79931640625 938.58905029296875 987.4998779296875 1036.5146484375 1077.8123779296875 1090.4632568359375 1040.6689453125 990.8953857421875 941.14581298828125 891.42431640625 841.7357177734375 792.08636474609375 742.48406982421875 692.93896484375 -9999 -9999 -9999 -9999 -9999 -9999 -9999 -9999 -9999 -9999 -9999 -9999 -9999 -9999 -9999 -9999 -9999 -9999 -9999 -9999 -9999 -9999
444.029266357421875 486.177490234375 529.69342041015625 574.2662353515625 619.66790771484375 665.72882080078125 712.3211669921875 759.34710693359375 806.7308349609375 854.41278076171875 902.345703125 950.49163818359375 998.81976318359375 1047.304931640625 1095.9261474609375 1087.045166015625 1037.1072998046875 987.17572021484375 937.2513427734375 887.3355712890625 837.4298095703125 787.5360107421875 737.65130615234375 687.75811767578125 -9999 -9999 -9999 -9999 -9999 -9999 -9999 -9999 -9999 -9999 -9999 -9999 -9999 -9999 -9999 -9999 -9999 -9999 -9999 -9999 -9999 -9999
