INPUT/RASTER/maxent_background_data/roads.asc
ncols        225
nrows        269
xllcorner    473000.000000000000
yllcorner    4429100.000000000000
cellsize     50.000000000000
NODATA_value -9999
[rows 40 to 59 of 269, columns 45 to 89 of 225]
35.83039093017578125 28.963727951049804688 5.1260237693786621094 17.4845123291015625 17.809122085571289062 4.1295070648193359375 15.888278007507324219 15.076531410217285156 44.996997833251953125 67.11292266845703125 99.9911346435546875 142.3078765869140625 146.07269287109375 107.012786865234375 74.136444091796875 43.05823516845703125 20.179315567016601562 15.305163383483886719 9.7358655929565429688 37.727680206298828125 85.46656036376953125 133.9337005615234375 146.6318359375 108.39315032958984375 -9999 -9999 -9999 -9999 -9999 -9999 -9999 -9999 -9999 -9999 -9999 -9999 -9999 -9999 -9999 -9999 -9999 -9999 -9999 -9999 -9999
84.15116119384765625 62.986942291259765625 25.450408935546875 30.086595535278320312 34.10650634765625 28.574628829956054688 2.6485636234283447266 10.601826667785644531 53.866329193115234375 99.3032379150390625 136.409881591796875 145.0746002197265625 157.7729339599609375 144.8459930419921875 113.50395965576171875 86.180511474609375 64.7066192626953125 65.30451202392578125 21.59815216064453125 29.892477035522460938 79.02721405029296875 128.8211212158203125 126.272430419921875 78.6950225830078125 -9999 -9999 -9999 -9999 -9999 -9999 -9999 -9999 -9999 -9999 -9999 -9999 -9999 -9999 -9999 -9999 -9999 -9999 -9999 -9999 -9999
111.69304656982421875 73.53876495361328125 24.80382537841796875 26.490192413330078125 74.86995697021484375 66.6899566650390625 50.279682159423828125 12.205599784851074219 36.85918426513671875 72.444671630859375 94.6089019775390625 95.50914764404296875 112.830841064453125 136.06414794921875 122.8259124755859375 115.6072998046875 95.6292572021484375 56.71421051025390625 14.847080230712890625 32.89260101318359375 81.77899169921875 131.2454986572265625 124.05062103271484375 75.07820892333984375 -9999 -9999 -9999 -9999 -9999 -9999 -9999 -9999 -9999 -9999 -9999 -9999 -9999 -9999 -9999 -9999 -9999 -9999 -9999 -9999 -9999
62.48082733154296875 56.639957427978515625 29.611257553100585938 20.423187255859375 69.71152496337890625 90.40538787841796875 69.64368438720703125 22.871112823486328125 9.3599672317504882812 31.502096176147460938 46.06331634521484375 46.6028900146484375 67.72002410888671875 91.915313720703125 74.2884674072265625 69.31322479248046875 48.784641265869140625 32.692615509033203125 3.9348514080047607422 41.157470703125 72.47922515869140625 113.44168853759765625 134.849212646484375 85.5569610595703125 -9999 -9999 -9999 -9999 -9999 -9999 -9999 -9999 -9999 -9999 -9999 -9999 -9999 -9999 -9999 -9999 -9999 -9999 -9999 -9999 -9999
13.359828948974609375 10.602643966674804688 7.3744673728942871094 3.8804540634155273438 26.042865753173828125 51.36775970458984375 92.5604400634765625 59.872127532958984375 38.7456817626953125 14.844423294067382812 4.2732248306274414062 4.2829270362854003906 27.544477462768554688 50.77928924560546875 26.601869583129882812 20.9655609130859375 6.07105255126953125 14.335428237915039062 28.571262359619140625 4.369174957275390625 46.596172332763671875 89.13055419921875 123.83972930908203125 98.05379486083984375 -9999 -9999 -9999 -9999 -9999 -9999 -9999 -9999 -9999 -9999 -9999 -9999 -9999 -9999 -9999 -9999 -9999 -9999 -9999 -9999 -9999
1.5622061491012573242 3.8687005043029785156 27.169218063354492188 41.246631622314453125 6.1257843971252441406 42.6724700927734375 91.486328125 103.179412841796875 81.58777618408203125 62.228363037109375 53.81363677978515625 43.489971160888671875 7.2102594375610351562 28.44298553466796875 19.721166610717773438 32.783931732177734375 10.275834083557128906 57.846111297607421875 65.22480010986328125 22.42163848876953125 19.092866897583007812 53.359439849853515625 88.09265899658203125 120.23686981201171875 78.105743408203125 -9999 -9999 -9999 -9999 -9999 -9999 -9999 -9999 -9999 -9999 -9999 -9999 -9999 -9999 -9999 -9999 -9999 -9999 -9999 -9999
46.453403472900390625 49.07867431640625 62.3181304931640625 19.211599349975585938 20.846323013305664062 59.66876220703125 105.773895263671875 149.25250244140625 125.71881103515625 108.668304443359375 103.7537384033203125 60.519130706787109375 27.082437515258789062 2.7056601047515869141 34.505268096923828125 46.743865966796875 2.4297146797180175781 51.8062591552734375 90.64406585693359375 52.43747711181640625 17.2115631103515625 18.1319732666015625 59.53937530517578125 105.5160675048828125 106.521087646484375 -9999 -9999 -9999 -9999 -9999 -9999 -9999 -9999 -9999 -9999 -9999 -9999 -9999 -9999 -9999 -9999 -9999 -9999 -9999 -9999
96.276947021484375 97.67176055908203125 54.029613494873046875 7.4685297012329101562 46.8226318359375 91.15689849853515625 128.6435394287109375 171.4658966064453125 160.522705078125 157.3061676025390625 130.3603363037109375 84.9129486083984375 37.64788055419921875 12.640644073486328125 49.78717041015625 59.997165679931640625 18.563859939575195312 31.578424453735351562 81.54616546630859375 87.85759735107421875 51.848064422607421875 3.6271948814392089844 47.001453399658203125 96.97998046875 122.81493377685546875 77.68132781982421875 -9999 -9999 -9999 -9999 -9999 -9999 -9999 -9999 -9999 -9999 -9999 -9999 -9999 -9999 -9999 -9999 -9999 -9999 -9999
146.22100830078125 96.30954742431640625 46.355243682861328125 4.6998658180236816406 51.28922271728515625 98.7638397216796875 147.6970062255859375 133.4503326416015625 111.66275787353515625 108.54019927978515625 123.03542327880859375 87.4106597900390625 42.341144561767578125 11.338444709777832031 24.377435684204101562 54.3524017333984375 55.0167999267578125 60.658290863037109375 96.60231781005859375 95.805877685546875 46.259555816650390625 2.9789824485778808594 31.388982772827148438 73.07039642333984375 114.17569732666015625 64.1862030029296875 14.270565986633300781 -9999 -9999 -9999 -9999 -9999 -9999 -9999 -9999 -9999 -9999 -9999 -9999 -9999 -9999 -9999 -9999 -9999 -9999
149.9361572265625 106.1693267822265625 56.3356475830078125 8.6882314682006835938 44.46645355224609375 94.2061614990234375 140.8916015625 97.51934051513671875 64.57245635986328125 59.1211090087890625 81.739501953125 112.68506622314453125 78.7941436767578125 46.8818817138671875 15.783307075500488281 17.600076675415039062 47.896968841552734375 87.12298583984375 129.7492218017578125 110.44295501708984375 69.3424072265625 35.800258636474609375 15.366271018981933594 63.97344970703125 111.143035888671875 78.7194671630859375 28.75299835205078125 -9999 -9999 -9999 -9999 -9999 -9999 -9999 -9999 -9999 -9999 -9999 -9999 -9999 -9999 -9999 -9999 -9999 -9999
127.28444671630859375 81.2629241943359375 40.54201507568359375 7.5571599006652832031 39.301059722900390625 89.26338958740234375 128.65252685546875 78.81024169921875 29.506502151489257812 11.278217315673828125 53.1204071044921875 98.42136383056640625 117.48004913330078125 85.217742919921875 53.7281494140625 22.816022872924804688 18.38289642333984375 61.878093719482421875 109.50384521484375 138.91375732421875 90.36179351806640625 43.016292572021484375 4.1210355758666992188 41.570735931396484375 81.01300048828125 85.715972900390625 36.396533966064453125 12.982562065124511719 16.433725357055664062 -9999 -9999 -9999 -9999 -9999 -9999 -9999 -9999 -9999 -9999 -9999 -9999 -9999 -9999 -9999 -9999
118.02408599853515625 68.076904296875 18.418605804443359375 30.452716827392578125 42.104633331298828125 65.89609527587890625 90.78639984130859375 63.492969512939453125 25.35881805419921875 5.6595487594604492188 46.55040740966796875 93.19542694091796875 85.6244354248046875 104.37061309814453125 73.505401611328125 28.34466552734375 10.487764358520507812 56.196208953857421875 105.506927490234375 148.9329071044921875 110.846466064453125 68.93607330322265625 28.395231246948242188 11.315503120422363281 50.7251434326171875 61.793781280517578125 35.7143402099609375 6.9765439033508300781 30.506422042846679688 40.267810821533203125 20.316753387451171875 -9999 -9999 -9999 -9999 -9999 -9999 -9999 -9999 -9999 -9999 -9999 -9999 -9999 -9999
73.97845458984375 70.841033935546875 25.438142776489257812 14.474439620971679688 5.5445904731750488281 35.839168548583984375 65.93616485595703125 20.17719268798828125 3.0538511276245117188 42.593006134033203125 73.64759063720703125 49.3315582275390625 36.540058135986328125 69.9775390625 70.20285797119140625 24.97180938720703125 6.5007233619689941406 51.501659393310546875 78.76375579833984375 113.0853271484375 102.56018829345703125 52.573490142822265625 3.0580561161041259766 20.675872802734375 8.36928558349609375 13.104584693908691406 3.9120883941650390625 32.56681060791015625 73.61957550048828125 90.2276458740234375 65.1627960205078125 67.14685821533203125 74.52957916259765625 -9999 -9999 -9999 -9999 -9999 -9999 -9999 -9999 -9999 -9999 -9999 -9999
27.131954193115234375 41.234973907470703125 67.60234832763671875 49.386989593505859375 13.42768096923828125 19.692745208740234375 55.58878326416015625 13.149166107177734375 31.54767608642578125 61.34342193603515625 41.46132659912109375 3.9187083244323730469 18.40671539306640625 28.697664260864257812 21.743574142456054688 26.409070968627929688 4.2048892974853515625 12.846077919006347656 42.69828033447265625 85.22893524169921875 100.16776275634765625 50.855144500732421875 1.1939728260040283203 49.1589813232421875 38.3035736083984375 37.8637237548828125 22.530719757080078125 11.13329315185546875 54.433818817138671875 94.14389801025390625 114.03780364990234375 115.181732177734375 122.5275115966796875 115.0699462890625 87.2374267578125 59.351001739501953125 -9999 -9999 -9999 -9999 -9999 -9999 -9999 -9999 -9999
13.853673934936523438 35.529384613037109375 73.14275360107421875 31.39229583740234375 15.667262077331542969 20.13117218017578125 50.75572967529296875 24.666772842407226562 25.526666641235351562 13.514141082763671875 21.26256561279296875 25.259700775146484375 53.529956817626953125 41.492015838623046875 27.533390045166015625 29.688312530517578125 1.873032689094543457 23.986083984375 15.6426239013671875 56.05345916748046875 90.940399169921875 41.93132781982421875 12.548715591430664062 57.38771820068359375 79.8375396728515625 87.72452545166015625 57.8490447998046875 14.458257675170898438 24.640562057495117188 61.645679473876953125 103.0570831298828125 140.16448974609375 171.6261138916015625 156.2274169921875 127.34130859375 105.56246185302734375 95.203460693359375 46.86322784423828125 7.8703293800354003906 54.108428955078125 -9999 -9999 -9999 -9999 -9999
19.2801513671875 54.118900299072265625 29.6910400390625 6.4035820960998535156 23.118261337280273438 42.852466583251953125 70.2671356201171875 28.739454269409179688 10.031020164489746094 28.857137680053710938 14.1565093994140625 48.225223541259765625 90.54936981201171875 85.3923492431640625 57.8852081298828125 42.9397125244140625 18.423513412475585938 32.51119232177734375 3.2349641323089599609 43.002552032470703125 52.371433258056640625 30.359920501708984375 19.975103378295898438 26.157550811767578125 34.034149169921875 72.22855377197265625 85.168609619140625 48.488231658935546875 8.3574171066284179688 34.4199676513671875 70.043792724609375 101.02417755126953125 136.3340606689453125 169.8351593017578125 171.0991668701171875 144.1421051025390625 94.58819580078125 45.313777923583984375 2.3830533027648925781 44.930438995361328125 88.231719970703125 -9999 -9999 -9999 -9999
61.144969940185546875 34.765399932861328125 12.032952308654785156 35.760005950927734375 65.11367034912109375 78.07807159423828125 42.458156585693359375 4.3679032325744628906 41.536273956298828125 71.01326751708984375 64.1170806884765625 36.352161407470703125 59.43029022216796875 45.851711273193359375 17.711660385131835938 8.270366668701171875 13.734871864318847656 43.936065673828125 16.991247177124023438 14.930115699768066406 13.561169624328613281 16.67137908935546875 18.943338394165039062 25.699199676513671875 17.969852447509765625 63.557025909423828125 112.9427947998046875 77.22165679931640625 35.9912261962890625 4.8768973350524902344 30.338682174682617188 65.6561126708984375 99.6633453369140625 132.9986724853515625 169.849456787109375 155.8361663818359375 109.57759857177734375 66.88285064697265625 21.71149444580078125 28.217794418334960938 72.67409515380859375 120.8183135986328125 168.4276123046875 151.2728729248046875 108.55086517333984375
93.64977264404296875 62.221897125244140625 53.84091949462890625 79.68669891357421875 64.50284576416015625 32.095119476318359375 12.010213851928710938 21.682170867919921875 67.26966094970703125 99.07791900634765625 54.656482696533203125 12.013752937316894531 33.822971343994140625 16.166028976440429688 25.0298004150390625 53.047283172607421875 55.191524505615234375 82.97991180419921875 56.630023956298828125 27.758947372436523438 28.524618148803710938 35.354808807373046875 9.3844852447509765625 51.6383056640625 64.3851470947265625 88.6680755615234375 128.7579345703125 106.0066986083984375 71.1829986572265625 40.195316314697265625 5.871700286865234375 29.367221832275390625 62.3426055908203125 99.3161163330078125 134.171661376953125 164.0970306396484375 132.8433685302734375 85.55942535400390625 37.679660797119140625 11.770769119262695312 58.499835968017578125 104.85129547119140625 150.1842041015625 177.6362762451171875 133.6472930908203125
47.91742706298828125 81.475982666015625 78.80466461181640625 97.42914581298828125 59.276031494140625 19.573657989501953125 33.93436431884765625 56.943004608154296875 90.57682037353515625 79.57266998291015625 30.7959442138671875 12.168195724487304688 51.8714447021484375 10.871430397033691406 41.82726287841796875 90.30780792236328125 103.22402191162109375 122.68125152587890625 95.32950592041015625 77.0083770751953125 76.61562347412109375 60.57793426513671875 14.141576766967773438 22.396270751953125 45.450000762939453125 74.09485626220703125 103.28871917724609375 138.9094696044921875 101.99991607666015625 52.000598907470703125 2.0352399349212646484 8.5573797225952148438 29.640226364135742188 63.53591156005859375 97.8121490478515625 120.18387603759765625 143.97479248046875 100.9600067138671875 53.363704681396484375 7.0945487022399902344 38.891750335693359375 87.5157623291015625 137.124359130859375 184.6768646240234375 156.515960693359375
16.00310516357421875 31.816150665283203125 29.799434661865234375 59.240985870361328125 80.5843353271484375 68.81976318359375 78.50775909423828125 76.2966766357421875 67.10596466064453125 56.7691650390625 21.042270660400390625 25.022298812866210938 66.6457366943359375 17.833820343017578125 31.594585418701171875 81.280364990234375 131.2050933837890625 165.1119842529296875 139.2287445068359375 126.2044677734375 125.68088531494140625 82.7342071533203125 47.0850982666015625 21.911474227905273438 8.454631805419921875 35.015857696533203125 68.36481475830078125 97.5659027099609375 113.7634124755859375 72.40299224853515625 50.420963287353515625 40.123851776123046875 8.1094751358032226562 27.167392730712890625 52.459690093994140625 75.85770416259765625 104.1929473876953125 117.28510284423828125 67.8180084228515625 18.56377410888671875 26.788814544677734375 73.841339111328125 122.06893157958984375 171.3157958984375 187.722869873046875
