INPUT/RASTER/maxent_background_data/roads.asc
ncols        225
nrows        269
xllcorner    473000.000000000000
yllcorner    4429100.000000000000
cellsize     50.000000000000
NODATA_value -9999
[rows 220 to 239 of 269, columns 45 to 89 of 225]
156.8783416748046875 130.71484375 86.84223175048828125 42.871944427490234375 7.5863118171691894531 53.157299041748046875 102.1684722900390625 137.247283935546875 174.4018707275390625 213.307464599609375 250.7669525146484375 291.656707763671875 334.70526123046875 377.286163330078125 396.19976806640625 393.530853271484375 397.18865966796875 407.002593994140625 422.5439453125 443.21063232421875 468.324615478515625 451.725555419921875 413.699615478515625 378.468963623046875 346.8148193359375 319.833709716796875 298.811614990234375 284.89007568359375 279.28790283203125 282.08282470703125 293.262542724609375 311.564910888671875 333.541229248046875 347.012359619140625 313.453582763671875 271.29803466796875 232.275909423828125 198.2462615966796875 172.1607513427734375 151.9759674072265625 128.4296875 98.996490478515625 74.442413330078125 63.519710540771484375 60.834873199462890625
159.3324737548828125 111.244964599609375 64.19493865966796875 19.843418121337890625 26.889850616455078125 68.91983795166015625 115.163116455078125 162.336456298828125 207.907501220703125 244.6015625 284.00982666015625 321.084991455078125 360.988433837890625 402.95263671875 445.898406982421875 443.528656005859375 446.77728271484375 455.524139404296875 469.461944580078125 488.146270751953125 465.204071044921875 422.499969482421875 381.572540283203125 343.05828857421875 307.86419677734375 277.1458740234375 252.6319732666015625 236.0813140869140625 229.3217620849609375 232.717529296875 245.9893341064453125 265.987030029296875 286.798858642578125 298.333251953125 313.213836669921875 302.93109130859375 268.54559326171875 239.7211151123046875 217.6790771484375 196.279205322265625 168.613494873046875 141.454559326171875 122.2088470458984375 112.5423736572265625 110.83281707763671875
149.4065399169921875 100.37775421142578125 51.2030029296875 2.9372491836547851562 46.978855133056640625 93.27996826171875 135.9788818359375 180.3250885009765625 226.3940582275390625 273.053314208984375 315.0299072265625 354.54620361328125 391.54449462890625 430.72515869140625 471.925872802734375 493.52691650390625 496.448486328125 504.334564208984375 516.95806884765625 488.644744873046875 442.56646728515625 397.437347412109375 353.62103271484375 311.671630859375 272.452911376953125 237.322509765625 208.1805572509765625 187.9000091552734375 179.37432861328125 183.695892333984375 199.83538818359375 221.8737030029296875 238.7591400146484375 249.817230224609375 266.648834228515625 289.754180908203125 308.676788330078125 283.946136474609375 263.610809326171875 238.6162261962890625 210.0557708740234375 185.9614410400390625 170.94921875 162.162933349609375 160.83203125
141.8754730224609375 92.47324371337890625 43.905025482177734375 6.2555069923400878906 56.130306243896484375 105.77875518798828125 154.7337188720703125 204.1957550048828125 247.502410888671875 292.0347900390625 337.958953857421875 384.32867431640625 424.40185546875 462.080718994140625 500.735137939453125 541.2510986328125 546.17962646484375 553.35748291015625 520.34490966796875 472.214263916015625 424.51593017578125 377.36810302734375 330.9049072265625 285.638671875 242.2412567138671875 201.9212799072265625 166.8992919921875 140.95550537109375 129.4311676025390625 135.2103271484375 154.186859130859375 177.5224456787109375 190.361328125 202.0261993408203125 221.42681884765625 248.768402099609375 282.38555908203125 320.30841064453125 308.01690673828125 279.254974365234375 253.2052001953125 232.534912109375 219.8791046142578125 211.9618988037109375 210.831634521484375
132.9521484375 83.0996551513671875 33.687274932861328125 15.592663764953613281 64.4367828369140625 113.148040771484375 162.5291748046875 211.6669769287109375 261.13232421875 310.386749267578125 359.20001220703125 403.79638671875 449.53131103515625 494.500579833984375 532.6632080078125 570.9178466796875 574.01385498046875 555.96466064453125 509.6888427734375 460.4998779296875 411.445770263671875 362.650115966796875 314.233306884765625 266.402069091796875 219.387908935546875 173.84600830078125 131.58197021484375 96.8745880126953125 79.52646636962890625 88.25907135009765625 110.4813385009765625 129.112274169921875 141.1078338623046875 155.239898681640625 178.7682037353515625 211.69305419921875 250.3394317626953125 292.447784423828125 336.721832275390625 321.457489013671875 297.693878173828125 280.218505859375 269.0894775390625 261.837493896484375 260.831390380859375
139.1747283935546875 92.73016357421875 53.180484771728515625 45.3590545654296875 79.2888641357421875 124.56325531005859375 172.4682159423828125 221.301971435546875 270.509796142578125 319.10174560546875 368.071075439453125 417.284912109375 466.54833984375 515.57611083984375 561.11102294921875 549.55706787109375 528.25897216796875 509.176239013671875 492.952239990234375 451.508453369140625 402.911712646484375 353.670623779296875 304.305572509765625 254.8824310302734375 205.5775604248046875 156.521087646484375 108.288177490234375 62.092075347900390625 29.94144439697265625 42.4036865234375 67.7499847412109375 80.68543243408203125 92.18651580810546875 109.6832733154296875 141.018798828125 180.947998046875 224.94012451171875 271.02386474609375 318.292022705078125 364.92572021484375 343.674957275390625 328.345916748046875 318.35614013671875 311.752960205078125 310.8135986328125
161.440185546875 123.6616973876953125 97.57814788818359375 93.5455780029296875 113.93004608154296875 149.0279693603515625 190.889007568359375 235.9404449462890625 282.660888671875 330.342926025390625 378.62347412109375 427.2996826171875 476.250244140625 525.21368408203125 532.29388427734375 505.63067626953125 482.688262939453125 462.517547607421875 445.15802001953125 432.2781982421875 392.7318115234375 343.58648681640625 294.55194091796875 245.4359893798828125 196.7658538818359375 148.8720703125 99.4708251953125 49.854984283447265625 2.1211946010589599609 8.820438385009765625 20.975481033325195312 32.6245880126953125 43.956768035888671875 70.417694091796875 113.20128631591796875 160.219879150390625 208.6295623779296875 257.647369384765625 306.982177734375 356.502349853515625 390.64471435546875 376.96112060546875 367.39849853515625 361.6917724609375 360.791107177734375
194.309722900390625 164.2727813720703125 145.653106689453125 142.9828948974609375 157.0776519775390625 184.12677001953125 219.3899383544921875 259.5404052734375 302.63922119140625 347.591400146484375 393.7626953125 440.770172119140625 488.3724365234375 524.08074951171875 491.92095947265625 462.938232421875 437.764068603515625 416.51904296875 397.90625 383.498199462890625 373.31903076171875 335.875335693359375 286.136871337890625 236.4825439453125 187.0124969482421875 137.9251861572265625 88.63574981689453125 40.22154998779296875 9.7853555679321289062 44.3448486328125 28.73091888427734375 15.58251190185546875 5.568058013916015625 53.729724884033203125 103.64730072021484375 153.618499755859375 203.6038360595703125 253.5949554443359375 303.5889892578125 353.584747314453125 403.581512451171875 425.897064208984375 416.6685791015625 411.642059326171875 410.77410888671875
233.3443756103515625 208.9949188232421875 194.7001800537109375 192.7107696533203125 203.388092041015625 224.935546875 254.60809326171875 289.921630859375 329.065093994140625 370.827606201171875 414.41815185546875 459.3165283203125 505.1741943359375 488.170135498046875 453.470672607421875 421.854522705078125 394.064483642578125 370.961456298828125 351.21649169921875 335.014312744140625 324.221954345703125 305.649078369140625 269.305267333984375 229.4779205322265625 184.2854156494140625 134.4555511474609375 84.74117279052734375 34.75121307373046875 15.304472923278808594 65.2748565673828125 77.2167510986328125 64.7117767333984375 54.3988494873046875 76.25689697265625 116.92302703857421875 162.8707275390625 210.672149658203125 259.30413818359375 308.373992919921875 357.7015380859375 390.2294921875 403.9698486328125 423.207061767578125 447.232391357421875 460.760772705078125
275.940093994140625 255.679901123046875 244.1341552734375 242.5505523681640625 251.1175994873046875 268.86676025390625 294.140472412109375 325.188995361328125 360.523468017578125 399.0068359375 439.81329345703125 482.353607177734375 494.604827880859375 454.92803955078125 417.47467041015625 382.897735595703125 352.045806884765625 325.978271484375 304.82562255859375 287.05108642578125 275.003662109375 264.54339599609375 234.9463043212890625 198.9661865234375 159.1261444091796875 119.01329803466796875 78.84633636474609375 35.477748870849609375 14.59625244140625 64.55564117431640625 114.55046844482421875 113.8281402587890625 104.343017578125 117.23201751708984375 146.9667510986328125 185.6208648681640625 228.7159576416015625 274.165771484375 320.9715576171875 332.80792236328125 341.5753173828125 357.19219970703125 378.81243896484375 405.3643798828125 435.93585205078125
320.680938720703125 303.42303466796875 293.759796142578125 292.445037841796875 299.58868408203125 314.6151123046875 336.469818115234375 363.92474365234375 395.816253662109375 431.160980224609375 469.17913818359375 509.272369384765625 467.208038330078125 424.981109619140625 384.622589111328125 346.785400390625 312.3870849609375 282.685791015625 259.300689697265625 239.9209442138671875 226.12860107421875 217.52899169921875 197.0827484130859375 164.250335693359375 128.806640625 89.3428192138671875 52.076934814453125 8.304523468017578125 19.389934539794921875 68.595794677734375 118.4363250732421875 161.1204986572265625 154.3233489990234375 163.3143463134765625 185.8156585693359375 217.6771392822265625 255.4196929931640625 288.4637451171875 281.46246337890625 283.117889404296875 293.3740234375 311.417572021484375 335.966278076171875 365.503936767578125 399.14019775390625
366.782745361328125 351.793792724609375 343.494049072265625 342.37030029296875 348.4920654296875 361.4913330078125 380.66424560546875 405.135223388671875 434.009033203125 466.468780517578125 501.819091796875 489.49688720703125 443.7711181640625 399.0718994140625 355.786376953125 314.498870849609375 276.107086181640625 241.9931793212890625 214.2108154296875 193.2593994140625 177.3901519775390625 167.82965087890625 154.046722412109375 128.532958984375 93.576629638671875 58.351192474365234375 23.8211822509765625 23.512094497680664062 51.13118743896484375 85.0087432861328125 129.2998809814453125 164.49114990234375 164.735595703125 178.5880584716796875 204.082275390625 237.498321533203125 252.19598388671875 240.009521484375 231.5477294921875 233.5602264404296875 245.8921661376953125 267.162017822265625 295.205322265625 328.429534912109375 365.49383544921875
413.790924072265625 400.564849853515625 393.295654296875 392.31463623046875 397.668243408203125 409.10797119140625 426.143890380859375 448.13824462890625 474.401885986328125 504.268218994140625 520.5103759765625 472.50042724609375 424.949676513671875 378.031494140625 332.014129638671875 287.33074951171875 244.71319580078125 205.4510345458984375 171.85955810546875 147.8556365966796875 128.9612274169921875 118.3838043212890625 106.5452117919921875 86.91634368896484375 58.48476409912109375 23.130016326904296875 14.784220695495605469 51.28021240234375 90.96836090087890625 120.28470611572265625 126.22255706787109375 114.82582855224609375 115.40990447998046875 134.4445037841796875 166.826873779296875 206.36639404296875 204.54083251953125 192.3481292724609375 181.6798858642578125 184.2417144775390625 199.643646240234375 225.164886474609375 257.718841552734375 295.192779541015625 335.225250244140625
461.428497314453125 449.605987548828125 443.1419677734375 442.271514892578125 447.027252197265625 457.23370361328125 472.537750244140625 492.46441650390625 516.47894287109375 544.04022216796875 509.49041748046875 460.33258056640625 411.37774658203125 362.70819091796875 314.456390380859375 266.849029541015625 220.304290771484375 175.66888427734375 134.8522796630859375 102.52179718017578125 82.3391571044921875 69.73274993896484375 59.7942047119140625 42.25675201416015625 16.937009811401367188 12.267271995544433594 48.097911834716796875 83.8587188720703125 112.08083343505859375 87.25225067138671875 76.269683837890625 65.5525970458984375 67.0900726318359375 96.21308135986328125 137.8870391845703125 183.3932952880859375 158.0857086181640625 143.2792205810546875 131.912139892578125 135.423919677734375 155.731231689453125 187.0081787109375 225.04541015625 265.415557861328125 305.0677490234375
457.484954833984375 443.285400390625 434.4093017578125 431.18548583984375 433.740020751953125 441.97271728515625 455.575836181640625 474.087371826171875 496.959075927734375 522.7239990234375 503.219573974609375 453.382293701171875 403.585296630859375 353.845550537109375 304.191131591796875 254.6720123291015625 205.3860015869140625 156.553466796875 108.78681182861328125 64.49922943115234375 36.67926788330078125 20.096052169799804688 12.641361236572265625 7.8589873313903808594 24.043344497680664062 52.40203857421875 77.39627838134765625 62.66118621826171875 65.35384368896484375 45.575592041015625 26.495203018188476562 18.02176666259765625 26.128702163696289062 73.74678802490234375 123.26584625244140625 144.8260040283203125 114.04566192626953125 94.52667236328125 82.42600250244140625 87.9447021484375 116.2975006103515625 155.35052490234375 195.4983367919921875 234.9320220947265625 267.189422607421875
410.70050048828125 394.82196044921875 384.82965087890625 381.186767578125 384.073974609375 393.347564697265625 408.5728759765625 429.116851806640625 453.78436279296875 481.582733154296875 479.5355224609375 451.890411376953125 401.908599853515625 351.93194580078125 301.963043212890625 252.0064697265625 202.071380615234375 152.1789093017578125 102.39141082763671875 53.00548553466796875 11.625897407531738281 29.388326644897460938 37.360881805419921875 51.888153076171875 69.5764007568359375 85.433807373046875 38.631793975830078125 13.063759803771972656 19.636720657348632812 6.8865041732788085938 24.226579666137695312 30.248443603515625 43.178009033203125 81.36473846435546875 127.96913909912109375 110.4251251220703125 74.3578033447265625 46.5770721435546875 34.456882476806640625 45.586841583251953125 85.2252655029296875 125.06578826904296875 164.6491241455078125 197.4437713623046875 226.6356201171875
364.770263671875 346.795074462890625 335.374847412109375 331.18841552734375 334.507476806640625 345.11553955078125 362.373046875 385.387725830078125 411.827362060546875 442.13873291015625 435.17254638671875 412.08447265625 392.650360107421875 357.07916259765625 307.94659423828125 259.146087646484375 210.908203125 163.7310333251953125 118.88411712646484375 80.36798095703125 61.51904296875 75.999420166015625 86.025482177734375 98.32405853271484375 114.9913330078125 88.32421112060546875 44.661468505859375 34.46921539306640625 25.389039993286132812 15.798638343811035156 29.121440887451171875 72.60280609130859375 89.6993408203125 113.14527130126953125 139.4898529052734375 90.123809814453125 42.27506256103515625 8.3937711715698242188 12.0051422119140625 18.242733001708984375 55.34711456298828125 94.09879302978515625 126.855194091796875 157.746307373046875 183.761627197265625
320.0621337890625 299.414825439453125 286.109649658203125 281.190704345703125 285.0924072265625 297.467926025390625 317.327362060546875 342.46405029296875 371.76593017578125 405.02984619140625 391.988616943359375 367.84814453125 345.937744140625 330.202392578125 321.23834228515625 275.329132080078125 230.5031585693359375 188.3010406494140625 150.93994140625 122.916412353515625 111.50795745849609375 121.48911285400390625 135.57696533203125 146.2480010986328125 155.273681640625 115.34035491943359375 86.5845184326171875 81.79460906982421875 74.03131103515625 37.20489501953125 4.5538020133972167969 42.367740631103515625 83.34314727783203125 128.9230804443359375 140.6809234619140625 91.21280670166015625 42.1504058837890625 8.521575927734375 51.52788543701171875 11.572194099426269531 24.491521835327148438 56.230701446533203125 87.75890350341796875 114.8642120361328125 143.253875732421875
277.168182373046875 253.0448150634765625 237.1521759033203125 231.193939208984375 235.9239654541015625 250.7381134033203125 273.79095458984375 301.55126953125 334.3238525390625 370.960540771484375 350.62091064453125 323.4608154296875 300.285797119140625 282.014617919921875 271.59381103515625 269.7174072265625 258.42047119140625 221.6003570556640625 190.8724517822265625 169.5814666748046875 161.5037384033203125 168.5498046875 185.3694915771484375 193.9703826904296875 186.0434112548828125 154.2907257080078125 134.1607666015625 129.13800048828125 107.6046295166015625 67.41133880615234375 27.609102249145507812 21.165374755859375 70.868560791015625 120.8169403076171875 121.9497833251953125 82.05792236328125 43.8235015869140625 4.4598264694213867188 44.4038543701171875 48.426090240478515625 15.216541290283203125 17.1894378662109375 47.883007049560546875 74.8225860595703125 104.95475006103515625
237.0751495361328125 208.36053466796875 188.74212646484375 181.198974609375 187.1965484619140625 205.552978515625 231.609619140625 263.620361328125 300.557769775390625 340.5650634765625 311.41326904296875 280.903594970703125 256.1224365234375 234.58660888671875 222.10882568359375 219.810394287109375 228.2258453369140625 245.85797119140625 234.6949615478515625 217.7321929931640625 211.5015106201171875 216.9296417236328125 233.2038726806640625 242.611907958984375 223.8624114990234375 198.2621002197265625 183.033721923828125 177.5760498046875 128.3449249267578125 78.7451629638671875 30.482471466064453125 25.642953872680664062 73.38896942138671875 121.4800567626953125 89.40785980224609375 51.476795196533203125 11.354018211364746094 26.453546524047851562 67.441070556640625 85.44702911376953125 53.752471923828125 22.854618072509765625 4.8857817649841308594 35.971614837646484375 60.8229827880859375
