INPUT/RASTER/maxent_background_data/roads.asc
ncols        225
nrows        269
xllcorner    473000.000000000000
yllcorner    4429100.000000000000
cellsize     50.000000000000
NODATA_value -9999
[rows 80 to 99 of 269, columns 90 to 134 of 225]
19.398519515991210938 61.55046844482421875 57.89935302734375 23.877490997314453125 39.221355438232421875 86.6400299072265625 122.590301513671875 114.76984405517578125 120.8428955078125 97.77930450439453125 51.574916839599609375 27.552713394165039062 39.62825775146484375 19.096876144409179688 18.910146713256835938 46.931476593017578125 50.7563323974609375 2.7498357295989990234 39.337066650390625 89.049896240234375 106.81497955322265625 104.4718170166015625 113.210601806640625 -9999 -9999 -9999 -9999 -9999 -9999 -9999 -9999 -9999 -9999 -9999 133.7929229736328125 158.4126739501953125 151.0760955810546875 126.635955810546875 119.3706207275390625 132.143951416015625 -9999 -9999 -9999 -9999 -9999
24.952901840209960938 29.42775726318359375 57.907871246337890625 70.01261138916015625 76.615570068359375 89.145263671875 73.67437744140625 64.96112823486328125 73.16254425048828125 68.370025634765625 67.672088623046875 48.501537322998046875 22.035291671752929688 7.5706505775451660156 17.718343734741210938 10.610142707824707031 10.038949012756347656 25.000164031982421875 42.980373382568359375 53.539188385009765625 58.59505462646484375 54.62866973876953125 69.90401458740234375 81.35158538818359375 62.873989105224609375 -9999 -9999 -9999 -9999 -9999 -9999 -9999 -9999 161.9081573486328125 177.69671630859375 157.18536376953125 115.793853759765625 81.368896484375 69.52393341064453125 89.700927734375 -9999 -9999 -9999 -9999 -9999
16.857563018798828125 12.061029434204101562 19.762838363647460938 52.326648712158203125 68.64719390869140625 42.732440948486328125 23.98980712890625 16.363962173461914062 24.903125762939453125 18.584716796875 21.67853546142578125 12.109105110168457031 18.14459228515625 45.744487762451171875 59.9845123291015625 31.055456161499023438 30.617937088012695312 4.0083794593811035156 7.1724386215209960938 6.3141989707946777344 12.625154495239257812 7.3636145591735839844 44.232372283935546875 39.989459991455078125 19.693109512329101562 5.8362855911254882812 45.89803314208984375 -9999 -9999 -9999 -9999 -9999 175.7278594970703125 203.69232177734375 180.45068359375 133.41973876953125 88.27747344970703125 46.95879364013671875 20.440357208251953125 60.25353240966796875 -9999 -9999 -9999 -9999 -9999
14.339224815368652344 35.79515838623046875 18.219717025756835938 10.093176841735839844 32.33087158203125 1.8901519775390625 22.21921539306640625 34.011028289794921875 25.27264404296875 30.47446441650390625 27.0455169677734375 44.254428863525390625 65.31647491455078125 87.451995849609375 101.45200347900390625 76.8639373779296875 48.44727325439453125 3.7706890106201171875 51.781253814697265625 17.752048492431640625 24.828876495361328125 26.702869415283203125 12.750371932983398438 3.5687716007232666016 30.325452804565429688 40.71245574951171875 74.078277587890625 112.975799560546875 -9999 -9999 -9999 -9999 220.491546630859375 192.28167724609375 151.7048492431640625 113.46883392333984375 72.0782012939453125 22.764440536499023438 23.311857223510742188 64.92087554931640625 111.47824859619140625 -9999 -9999 -9999 -9999
22.238718032836914062 28.462968826293945312 59.47991943359375 23.836957931518554688 7.3358221054077148438 38.924243927001953125 69.015594482421875 83.77040863037109375 75.12747955322265625 79.65795135498046875 76.70735931396484375 91.4756927490234375 109.82018280029296875 129.940643310546875 142.378448486328125 94.1191558837890625 44.635135650634765625 4.6654248237609863281 47.279170989990234375 15.712311744689941406 28.839670181274414062 73.60247039794921875 43.559192657470703125 51.169513702392578125 70.683380126953125 87.86798095703125 109.695556640625 144.118011474609375 -9999 -9999 -9999 -9999 183.84332275390625 161.7907562255859375 122.797210693359375 82.18924713134765625 42.769001007080078125 8.2300043106079101562 37.385463714599609375 85.15740966796875 -9999 -9999 -9999 -9999 -9999
25.097749710083007812 24.999540328979492188 74.967041015625 55.277385711669921875 14.596650123596191406 26.322748184204101562 69.65212249755859375 107.97840118408203125 125.098236083984375 129.21307373046875 126.58100128173828125 136.8299407958984375 156.0044708251953125 176.0164794921875 144.0105743408203125 106.62773895263671875 59.8139495849609375 11.670323371887207031 23.492511749267578125 45.965854644775390625 61.704036712646484375 97.3824615478515625 92.909820556640625 99.72487640380859375 115.184539794921875 134.1013946533203125 128.93316650390625 142.352874755859375 170.0144805908203125 -9999 -9999 -9999 144.746337890625 115.45293426513671875 99.21389007568359375 54.468231201171875 15.054807662963867188 2.7852981090545654297 42.488819122314453125 83.42305755615234375 -9999 -9999 -9999 -9999 -9999
10.111692428588867188 38.0733489990234375 84.70926666259765625 83.1254119873046875 40.971553802490234375 2.3172066211700439453 38.3064727783203125 73.42693328857421875 107.49190521240234375 135.92559814453125 166.2287445068359375 184.5997467041015625 202.2467041015625 162.6871795654296875 116.370086669921875 73.54279327392578125 36.397609710693359375 7.416961669921875 17.80571746826171875 3.1070775985717773438 26.731914520263671875 62.6792449951171875 99.43704986572265625 115.83347320556640625 113.2704620361328125 87.40946197509765625 79.25272369384765625 99.6071014404296875 136.2429962158203125 -9999 -9999 160.3956146240234375 114.4754638671875 74.04398345947265625 53.482631683349609375 35.20378875732421875 15.530213356018066406 -9999 -9999 -9999 -9999 -9999 -9999 -9999 -9999
30.983509063720703125 60.8428955078125 103.18157958984375 110.70288848876953125 71.8284149169921875 35.71326446533203125 7.6919231414794921875 37.163970947265625 67.54625701904296875 95.617706298828125 126.8821258544921875 145.9791107177734375 169.5851593017578125 150.8431243896484375 101.48659515380859375 52.7859954833984375 4.581363677978515625 35.77845001220703125 61.80818939208984375 44.111751556396484375 13.818067550659179688 28.834524154663085938 57.68665313720703125 66.33055877685546875 63.2852935791015625 47.9337615966796875 30.630468368530273438 67.6668701171875 114.9755859375 163.890106201171875 -9999 151.2609710693359375 101.28061676025390625 51.3385162353515625 3.6773784160614013672 6.8860845565795898438 32.67583465576171875 -9999 -9999 -9999 -9999 -9999 -9999 -9999 -9999
75.21710205078125 70.38607025146484375 73.8226165771484375 104.62006378173828125 105.2781524658203125 68.75185394287109375 34.75359344482421875 9.637996673583984375 25.397884368896484375 60.78497314453125 80.43323516845703125 101.509490966796875 128.8038330078125 140.1543426513671875 91.19001007080078125 42.58984375 11.0171051025390625 55.20920562744140625 104.7603759765625 79.52405548095703125 42.01168060302734375 7.7151470184326171875 9.2939605712890625 16.336301803588867188 13.411183357238769531 6.3580036163330078125 21.862775802612304688 65.08484649658203125 113.47518157958984375 162.8410186767578125 169.9049530029296875 125.25244903564453125 84.3229217529296875 48.47376251220703125 12.752181053161621094 29.693220138549804688 -9999 -9999 -9999 -9999 -9999 -9999 -9999 -9999 -9999
72.19036865234375 26.590030670166015625 34.6786651611328125 -9999 131.1250152587890625 105.04505157470703125 72.521453857421875 44.29763031005859375 9.0182428359985351562 19.764728546142578125 34.25029754638671875 58.738433837890625 91.3494415283203125 102.76557159423828125 75.3473663330078125 46.917266845703125 29.556894302368164062 57.064178466796875 84.68309783935546875 81.08504486083984375 58.1846923828125 9.1508731842041015625 40.326595306396484375 33.675006866455078125 36.80612945556640625 43.9312591552734375 55.664180755615234375 88.8820343017578125 132.415435791015625 150.039794921875 143.5430908203125 104.60352325439453125 58.653949737548828125 13.695502281188964844 28.245656967163085938 64.6049346923828125 -9999 -9999 -9999 -9999 -9999 -9999 -9999 -9999 -9999
56.22528839111328125 -9999 -9999 -9999 -9999 142.3292388916015625 112.80945587158203125 79.14278411865234375 51.762111663818359375 31.414773941040039062 10.925215721130371094 20.641508102416992188 55.0498809814453125 67.125823974609375 32.922237396240234375 7.8598051071166992188 10.410031318664550781 18.9566497802734375 44.35711669921875 32.3328857421875 67.66129302978515625 23.429990768432617188 14.404690742492675781 47.9236602783203125 82.84073638916015625 92.49369049072265625 102.87872314453125 124.73897552490234375 132.5789947509765625 103.29506683349609375 93.60849761962890625 83.85774993896484375 39.432842254638671875 7.5490236282348632812 54.889682769775390625 96.15575408935546875 -9999 -9999 -9999 -9999 -9999 -9999 -9999 -9999 -9999
-9999 -9999 -9999 -9999 -9999 182.3074951171875 149.8193359375 118.1903839111328125 97.3489990234375 77.6934051513671875 50.074176788330078125 15.815836906433105469 19.144863128662109375 42.937042236328125 3.8495068550109863281 36.518062591552734375 37.27198028564453125 24.105411529541015625 3.9163105487823486328 20.935155868530273438 43.803180694580078125 34.20894622802734375 10.011591911315917969 16.98276519775390625 43.409267425537109375 66.6479949951171875 94.82035064697265625 131.772308349609375 103.61043548583984375 61.86923980712890625 43.823314666748046875 66.458526611328125 20.127475738525390625 15.151123046875 48.12188720703125 87.8677215576171875 -9999 -9999 -9999 -9999 -9999 -9999 -9999 -9999 -9999
-9999 -9999 -9999 -9999 -9999 170.3817291259765625 167.2207794189453125 158.9278717041015625 143.1931304931640625 120.78399658203125 86.2007904052734375 49.951587677001953125 21.164476394653320312 14.593441963195800781 12.067109107971191406 2.6265437602996826172 28.664121627807617188 45.858989715576171875 28.731281280517578125 18.327875137329101562 2.4885640144348144531 11.730039596557617188 31.619009017944335938 26.648031234741210938 9.3294305801391601562 24.730548858642578125 62.782718658447265625 109.12348175048828125 89.83979034423828125 40.987369537353515625 7.6398215293884277344 56.312469482421875 39.700714111328125 16.327724456787109375 23.417743682861328125 73.4170989990234375 -9999 -9999 -9999 -9999 -9999 -9999 -9999 -9999 -9999
-9999 -9999 -9999 -9999 -9999 -9999 120.71172332763671875 108.93392181396484375 119.00370025634765625 132.8748016357421875 105.84317779541015625 -9999 -9999 18.912775039672851562 32.528614044189453125 51.02921295166015625 70.3259429931640625 42.12693023681640625 19.922681808471679688 34.997455596923828125 52.432094573974609375 61.590789794921875 74.01549530029296875 65.455841064453125 44.430736541748046875 6.7974300384521484375 46.50731658935546875 85.59592437744140625 59.992855072021484375 36.264862060546875 10.699536323547363281 60.653606414794921875 71.02108001708984375 21.037427902221679688 19.529527664184570312 59.22269439697265625 100.74279022216796875 -9999 -9999 -9999 -9999 -9999 -9999 -9999 -9999
-9999 -9999 -9999 -9999 -9999 -9999 78.612030029296875 58.950244903564453125 72.4622955322265625 -9999 -9999 -9999 -9999 34.80823516845703125 75.41483306884765625 99.582183837890625 112.05413818359375 80.28891754150390625 69.4983062744140625 27.666406631469726562 25.96044921875 69.60223388671875 111.39208984375 63.00563812255859375 16.651586532592773438 3.972133636474609375 33.1208343505859375 58.249767303466796875 15.032400131225585938 4.1123576164245605469 34.6702880859375 75.2845306396484375 78.26638031005859375 47.210239410400390625 11.195669174194335938 38.649631500244140625 -9999 -9999 -9999 -9999 -9999 -9999 -9999 -9999 -9999
-9999 -9999 -9999 -9999 -9999 29.269870758056640625 -9999 -9999 -9999 -9999 -9999 -9999 -9999 67.3387451171875 104.25910186767578125 131.915679931640625 149.08978271484375 99.84830474853515625 50.482311248779296875 2.6293101310729980469 8.0817461013793945312 57.99047088623046875 104.54843902587890625 54.559658050537109375 4.8100008964538574219 37.643604278564453125 9.6130046844482421875 50.748737335205078125 2.2168426513671875 49.339580535888671875 70.71324920654296875 104.99066925048828125 59.679630279541015625 9.6973218917846679688 -9999 -9999 -9999 -9999 -9999 -9999 -9999 -9999 -9999 -9999 -9999
-9999 -9999 -9999 -9999 -9999 -9999 -9999 -9999 -9999 -9999 -9999 -9999 -9999 48.196807861328125 62.07492828369140625 97.13637542724609375 129.6907196044921875 99.57037353515625 49.748767852783203125 1.2469339370727539062 38.9033966064453125 77.41657257080078125 89.77190399169921875 46.073451995849609375 0.41432592272758483887 47.923065185546875 18.128932952880859375 14.541606903076171875 15.336817741394042969 33.296062469482421875 83.03136444091796875 120.27181243896484375 77.4447479248046875 50.29979705810546875 -9999 -9999 -9999 -9999 -9999 -9999 -9999 -9999 -9999 -9999 -9999
-9999 -9999 -9999 -9999 -9999 -9999 -9999 -9999 -9999 -9999 -9999 -9999 -9999 7.514560699462890625 27.224529266357421875 62.9394073486328125 82.30147552490234375 86.00699615478515625 71.5913543701171875 30.900012969970703125 19.112581253051757812 64.964324951171875 75.5363006591796875 25.653713226318359375 22.237623214721679688 66.7409515380859375 54.793735504150390625 7.9504485130310058594 6.0476522445678710938 46.272983551025390625 92.89090728759765625 139.44891357421875 115.9039306640625 -9999 -9999 -9999 -9999 -9999 -9999 -9999 -9999 -9999 -9999 -9999 -9999
-9999 -9999 -9999 -9999 -9999 -9999 -9999 -9999 -9999 -9999 -9999 -9999 -9999 43.526157379150390625 9.4414987564086914062 18.280181884765625 33.73076629638671875 40.268280029296875 59.446475982666015625 46.722042083740234375 2.6456608772277832031 44.245861053466796875 63.644611358642578125 18.940053939819335938 28.6041107177734375 77.79840850830078125 52.62584686279296875 9.0586881637573242188 12.660687446594238281 62.18740081787109375 112.134979248046875 157.7785797119140625 -9999 -9999 -9999 -9999 -9999 -9999 -9999 -9999 -9999 -9999 -9999 -9999 -9999
76.048614501953125 -9999 -9999 -9999 -9999 -9999 -9999 -9999 -9999 -9999 -9999 -9999 -9999 78.00965118408203125 48.7779998779296875 24.22081756591796875 14.437682151794433594 9.3230848312377929688 11.009763717651367188 1.7658988237380981445 19.883462905883789062 12.865653038024902344 17.36345672607421875 8.0644254684448242188 41.740703582763671875 89.97370147705078125 54.126270294189453125 9.9011754989624023438 45.250667572021484375 77.3628082275390625 121.2104949951171875 168.519927978515625 -9999 -9999 -9999 -9999 -9999 -9999 -9999 -9999 -9999 -9999 -9999 -9999 -9999
