INPUT/RASTER/maxent_background_data/roads.asc
ncols        225
nrows        269
xllcorner    473000.000000000000
yllcorner    4429100.000000000000
cellsize     50.000000000000
NODATA_value -9999
[rows 180 to 199 of 269, columns 135 to 179 of 225]
339.17474365234375 302.342498779296875 262.27734375 214.2605743408203125 166.4464111328125 117.260772705078125 69.25148773193359375 20.789922714233398438 29.47373199462890625 76.079254150390625 108.95159149169921875 109.94147491455078125 110.90380096435546875 115.869140625 123.32418060302734375 141.3927001953125 158.45452880859375 140.7967071533203125 90.879547119140625 41.16396331787109375 11.141707420349121094 36.648662567138671875 80.42044830322265625 124.50392913818359375 165.7819671630859375 193.743988037109375 228.614654541015625 268.06890869140625 309.654022216796875 327.670745849609375 287.03466796875 249.8192901611328125 217.7853546142578125 193.523223876953125 180.1999359130859375 174.19317626953125 172.6801300048828125 177.7883148193359375 168.4818267822265625 168.7385711669921875 183.1919403076171875 208.915924072265625 242.3477783203125 280.74725341796875 322.34393310546875
308.634521484375 268.858184814453125 231.6380767822265625 199.31475830078125 153.4069366455078125 105.05513763427734375 56.167266845703125 16.52095794677734375 43.327358245849609375 89.01090240478515625 137.7266082763671875 159.75531005859375 160.49169921875 165.84356689453125 171.882568359375 187.204071044921875 198.844573974609375 151.5735626220703125 106.8172454833984375 69.60821533203125 57.277248382568359375 72.73675537109375 106.21221923828125 148.44970703125 191.6343841552734375 234.1953582763671875 264.268524169921875 285.435516357421875 302.312774658203125 323.917266845703125 320.526947021484375 287.67742919921875 260.34417724609375 240.4160308837890625 229.8274383544921875 223.7531890869140625 222.5042877197265625 227.770751953125 218.083831787109375 218.2822418212890625 229.6382293701171875 250.6397705078125 279.1180419921875 313.0390625 350.82763671875
281.95904541015625 239.270294189453125 198.788726806640625 160.93914794921875 129.992645263671875 92.03978729248046875 45.296596527099609375 4.7709341049194335938 54.71509552001953125 101.9898681640625 150.0670318603515625 199.0936737060546875 210.2748565673828125 215.45465087890625 221.021148681640625 233.5544891357421875 218.3803863525390625 176.4238433837890625 139.859771728515625 114.00058746337890625 106.9182586669921875 118.17905426025390625 142.116668701171875 176.6888427734375 216.7376861572265625 227.094482421875 226.9173583984375 237.5101318359375 257.54736328125 279.507843017578125 307.310943603515625 328.79620361328125 305.1683349609375 288.354827880859375 279.58770751953125 273.47344970703125 272.39288330078125 276.8544921875 267.833892822265625 267.995452880859375 277.32318115234375 291.21807861328125 288.59222412109375 293.46405029296875 305.895965576171875
260.948211669921875 214.7252960205078125 170.2988128662109375 128.4989013671875 90.2586212158203125 61.18076324462890625 30.854343414306640625 18.105882644653320312 66.25400543212890625 115.25091552734375 162.824554443359375 210.90948486328125 259.71868896484375 264.943084716796875 270.47564697265625 281.158355712890625 246.659332275390625 210.4191131591796875 180.8634490966796875 161.7002410888671875 156.7875823974609375 165.358489990234375 157.950836181640625 165.6087188720703125 179.698516845703125 177.5092620849609375 177.2825927734375 190.6533355712890625 212.159088134765625 237.3328094482421875 269.522247314453125 306.52508544921875 346.803985595703125 336.893341064453125 329.420562744140625 323.279998779296875 322.3160400390625 325.304229736328125 299.937713623046875 274.427978515625 254.4875640869140625 241.7955780029296875 238.5962982177734375 244.4665069580078125 258.814544677734375
247.0457000732421875 198.18792724609375 150.0844268798828125 103.02835845947265625 59.1817474365234375 19.794713973999023438 15.102880477905273438 38.20377349853515625 81.01470184326171875 127.34644317626953125 175.2997283935546875 223.89031982421875 272.391693115234375 314.593353271484375 320.099700927734375 317.106109619140625 281.054534912109375 249.854034423828125 225.516448974609375 183.3807373046875 146.128631591796875 118.46755218505859375 107.9509124755859375 118.87464141845703125 129.7332763671875 128.2465057373046875 127.932586669921875 145.898345947265625 167.9693756103515625 198.819244384765625 236.3143463134765625 277.776611328125 321.6756591796875 367.138397216796875 379.29742431640625 373.1383056640625 334.090850830078125 295.24053955078125 260.22540283203125 230.797607421875 207.7926788330078125 192.671295166015625 188.6025543212890625 195.9760284423828125 213.0671234130859375
241.34564208984375 191.449981689453125 141.5575408935546875 91.57082366943359375 41.61605072021484375 8.0440673828125 50.842315673828125 75.1260528564453125 108.44647979736328125 149.0126953125 192.8076019287109375 238.4171905517578125 285.45068359375 333.1590576171875 369.812255859375 332.71820068359375 290.900115966796875 247.7010040283203125 203.7792205810546875 158.603851318359375 113.9647369384765625 75.60746002197265625 57.95111083984375 72.1125030517578125 79.77628326416015625 79.904937744140625 79.400115966796875 100.501556396484375 128.1247100830078125 166.5272369384765625 209.8730621337890625 255.66009521484375 302.782867431640625 350.703369140625 397.83258056640625 351.88214111328125 307.19915771484375 264.42694091796875 224.6595001220703125 189.795074462890625 162.652557373046875 143.9849395751953125 138.61334228515625 147.79022216796875 169.504150390625
226.6603240966796875 187.1597747802734375 139.5513458251953125 90.4677734375 41.089763641357421875 12.706241607666015625 59.08917236328125 108.59378814697265625 144.9856414794921875 179.057952880859375 218.4811859130859375 260.515594482421875 304.60821533203125 349.934478759765625 356.7103271484375 310.102783203125 264.736114501953125 221.374542236328125 181.4611968994140625 135.923797607421875 92.98096466064453125 47.806613922119140625 7.9537901878356933594 24.843410491943359375 29.963090896606445312 31.30864715576171875 35.242160797119140625 57.469940185546875 98.07228851318359375 144.684326171875 192.9998321533203125 242.0006561279296875 291.3411865234375 340.873992919921875 375.815765380859375 334.029449462890625 286.576263427734375 240.158782958984375 195.5160369873046875 154.1972808837890625 119.6957855224609375 96.52974700927734375 88.6362762451171875 101.26490020751953125 125.61357879638671875
197.7928924560546875 156.7653656005859375 116.57656097412109375 76.3631134033203125 31.26668548583984375 18.484907150268554688 66.732513427734375 115.86185455322265625 164.4832763671875 213.741729736328125 249.6700439453125 288.158203125 329.259765625 372.198822021484375 343.08099365234375 294.32305908203125 246.0640869140625 198.6681060791015625 152.9395294189453125 110.95935821533203125 72.65651702880859375 24.387933731079101562 17.563764572143554688 20.038984298706054688 17.593448638916015625 18.18825531005859375 7.2670049667358398438 38.79465484619140625 88.43305206298828125 138.3321533203125 188.2848052978515625 238.2573089599609375 288.239349365234375 338.226715087890625 330.392822265625 311.3480224609375 273.6431884765625 224.5681915283203125 176.0146331787109375 128.574615478515625 84.15291595458984375 50.9999542236328125 38.718475341796875 59.3796234130859375 75.89892578125
175.120849609375 129.4153900146484375 86.82678985595703125 46.383243560791015625 9.6565837860107421875 36.27158355712890625 81.92678070068359375 129.66680908203125 176.439971923828125 224.463134765625 272.822052001953125 320.315521240234375 358.240509033203125 386.322967529296875 336.40289306640625 286.510711669921875 236.6640472412109375 186.8993072509765625 137.30560302734375 88.17205047607421875 41.17996978759765625 11.225768089294433594 26.929952621459960938 68.9963226318359375 65.16794586181640625 48.73950958251953125 1.2726563215255737305 51.2610931396484375 98.58113861083984375 147.6361083984375 196.60467529296875 244.8852386474609375 293.74163818359375 315.124053955078125 286.4984130859375 264.30950927734375 249.4287567138671875 219.511962890625 169.516326904296875 119.524322509765625 69.54383087158203125 19.662769317626953125 10.5623016357421875 19.805044174194335938 27.206228256225585938
156.249420166015625 113.528472900390625 64.35915374755859375 17.613420486450195312 26.696750640869140625 60.80255889892578125 101.8407440185546875 146.9030914306640625 193.5106964111328125 239.9847259521484375 287.407135009765625 334.54510498046875 382.410797119140625 386.920867919921875 337.08935546875 287.31640625 237.6388092041015625 188.132080078125 138.9789886474609375 90.75594329833984375 46.455585479736328125 32.8572845458984375 53.615634918212890625 91.883392333984375 101.7065887451171875 56.8607177734375 7.2333512306213378906 43.260852813720703125 93.22382354736328125 142.660400390625 192.2099609375 241.9449310302734375 291.408233642578125 277.676788330078125 244.955657958984375 218.589691162109375 201.2310943603515625 189.6099395751953125 177.4553985595703125 130.5400238037109375 87.1262054443359375 56.046909332275390625 50.967777252197265625 27.790533065795898438 16.62145233154296875
106.6049346923828125 91.34601593017578125 48.120143890380859375 7.8283443450927734375 39.78913116455078125 89.19223785400390625 131.402679443359375 170.6533050537109375 213.6261444091796875 258.5447998046875 304.82763671875 351.179534912109375 398.08709716796875 393.916351318359375 345.096466064453125 296.669952392578125 248.8665008544921875 202.1287078857421875 157.4086761474609375 117.04261016845703125 87.29520416259765625 80.8822174072265625 97.092132568359375 124.10820770263671875 78.320892333984375 31.480815887451171875 13.274279594421386719 37.412723541259765625 86.9861602783203125 136.870269775390625 186.8163604736328125 236.7852020263671875 280.44384765625 244.720916748046875 206.9669189453125 175.22381591796875 153.236968994140625 140.2296600341796875 139.5473785400390625 153.929229736328125 123.87738800048828125 91.10688018798828125 58.867458343505859375 54.684162139892578125 63.50804901123046875
57.57901763916015625 53.161029815673828125 21.764034271240234375 20.461828231811523438 63.419216156005859375 104.7424163818359375 150.1334075927734375 197.6679534912109375 240.346343994140625 281.803558349609375 325.423919677734375 370.284088134765625 416.154754638671875 406.979644775390625 359.93597412109375 313.807891845703125 269.066650390625 226.5355224609375 187.7227325439453125 155.4390716552734375 134.4722442626953125 130.4004058837890625 144.60772705078125 130.64154052734375 83.2111358642578125 42.201580047607421875 35.382854461669921875 53.20751953125 95.27497100830078125 142.4211883544921875 190.98004150390625 240.1311187744140625 233.20458984375 214.7550811767578125 174.9835357666015625 136.257904052734375 106.78716278076171875 91.52480316162109375 90.49808502197265625 107.90291595458984375 100.84581756591796875 62.48040008544921875 20.4175262451171875 20.265466690063476562 70.2543182373046875
8.3701066970825195312 7.3377480506896972656 16.020547866821289062 49.384052276611328125 88.8440093994140625 132.2621612548828125 173.6602630615234375 216.519439697265625 261.615234375 308.180328369140625 350.92999267578125 393.291015625 400.743621826171875 378.398590087890625 344.634490966796875 313.07275390625 284.974456787109375 258.419586181640625 225.17138671875 199.0568695068359375 183.15325927734375 180.1848907470703125 190.756591796875 151.185791015625 112.7564849853515625 87.01094818115234375 84.0641326904296875 95.01335906982421875 123.9179229736328125 163.100982666015625 206.9980926513671875 204.102081298828125 186.5461273193359375 171.009033203125 146.5750885009765625 106.42052459716796875 65.552490234375 44.247188568115234375 42.5072021484375 66.5146484375 58.374423980712890625 30.930416107177734375 11.581308364868164062 36.13060760498046875 85.76712799072265625
41.26940155029296875 42.6693572998046875 16.173910140991210938 24.72522735595703125 72.36582183837890625 121.6765899658203125 171.3871917724609375 221.2282867431640625 271.054351806640625 320.912506103515625 370.808868408203125 380.5999755859375 355.497711181640625 335.686981201171875 308.973388671875 274.08892822265625 243.1858673095703125 216.603729248046875 196.700775146484375 186.3692779541015625 187.3548736572265625 199.832305908203125 213.240020751953125 183.431396484375 153.30999755859375 135.502166748046875 133.722137451171875 142.084381103515625 163.0826416015625 194.6285247802734375 189.48779296875 159.9595489501953125 138.989166259765625 122.39167022705078125 103.8167572021484375 81.38674163818359375 41.553836822509765625 5.0538125038146972656 4.0892763137817382812 27.506580352783203125 16.158731460571289062 12.615093231201171875 24.38735198974609375 51.91864013671875 94.65084075927734375
91.03458404541015625 78.2846221923828125 28.96483612060546875 23.440172195434570312 72.5253143310546875 122.3535919189453125 172.281402587890625 221.892333984375 271.570587158203125 321.348663330078125 369.458160400390625 339.875091552734375 311.643646240234375 289.095458984375 267.194366455078125 238.361846923828125 203.559295654296875 173.5896759033203125 150.0850677490234375 136.643096923828125 138.0140533447265625 151.1704254150390625 164.6318359375 178.057952880859375 192.492919921875 184.79925537109375 183.5659027099609375 190.6525726318359375 195.458831787109375 182.3152313232421875 155.381561279296875 118.8908538818359375 92.45325469970703125 75.501495361328125 59.514801025390625 34.7764434814453125 17.052515029907226562 21.926015853881835938 40.19763946533203125 18.95009613037109375 31.732706069946289062 52.00969696044921875 73.4957275390625 90.83367156982421875 122.50611114501953125
69.5947723388671875 41.247119903564453125 12.242144584655761719 24.419071197509765625 73.19338226318359375 122.8292083740234375 172.522857666015625 222.34930419921875 272.239410400390625 322.16357421875 327.835113525390625 301.16339111328125 269.934967041015625 243.69482421875 225.0679473876953125 198.33160400390625 167.80877685546875 133.1108551025390625 104.923858642578125 87.23055267333984375 89.11360931396484375 102.641754150390625 115.8994598388671875 129.94903564453125 144.9902191162109375 152.0819244384765625 163.5890960693359375 155.470489501953125 146.9728546142578125 134.321197509765625 115.563629150390625 85.871063232421875 48.625568389892578125 29.816621780395507812 14.936175346374511719 8.98639678955078125 30.5081024169921875 52.10263824462890625 84.29442596435546875 68.64209747314453125 77.1274871826171875 98.9857330322265625 120.4229278564453125 135.5021820068359375 160.1604766845703125
42.146442413330078125 2.0356423854827880859 29.415815353393554688 60.173328399658203125 93.16951751708984375 136.1641693115234375 182.4874267578125 228.634796142578125 273.392303466796875 314.040069580078125 286.7825927734375 258.2327880859375 230.7529296875 200.3254852294921875 177.6427001953125 156.8444061279296875 130.86151123046875 97.11794281005859375 63.250370025634765625 38.58715057373046875 42.62236785888671875 55.377429962158203125 68.1007843017578125 82.37767791748046875 96.53633880615234375 102.2885284423828125 118.72414398193359375 107.937469482421875 97.34038543701171875 85.5237579345703125 70.78408050537109375 46.84853363037109375 17.124675750732421875 20.188173294067382812 35.26642608642578125 51.398223876953125 48.638645172119140625 35.090457916259765625 40.386501312255859375 68.42592620849609375 102.65387725830078125 139.724884033203125 163.8094940185546875 182.489776611328125 202.53912353515625
22.067392349243164062 21.146289825439453125 64.45815277099609375 61.337444305419921875 78.9415130615234375 117.05230712890625 161.773681640625 208.902374267578125 257.1180419921875 272.36590576171875 244.757598876953125 217.6119537353515625 189.4531402587890625 160.1943511962890625 131.892791748046875 114.33077239990234375 86.917083740234375 67.07015228271484375 26.533115386962890625 7.0943465232849121094 6.2030591964721679688 10.618567466735839844 20.282953262329101562 34.517185211181640625 47.5015411376953125 52.8864288330078125 80.18387603759765625 63.60211181640625 48.469390869140625 37.44366455078125 32.776371002197265625 5.0863480567932128906 23.781644821166992188 53.69791412353515625 50.980907440185546875 17.409412384033203125 7.7299551963806152344 14.975701332092285156 5.7584061622619628906 31.943227767944335938 70.37042236328125 110.90389251708984375 156.3584136962890625 203.9515533447265625 247.1891632080078125
24.48722076416015625 13.016378402709960938 15.372102737426757812 11.340793609619140625 50.97149658203125 100.3372955322265625 150.1234588623046875 200.016326904296875 249.9520263671875 232.9905853271484375 203.1952056884765625 176.61083984375 147.8817901611328125 122.403228759765625 89.8751373291015625 67.36223602294921875 49.358631134033203125 19.46173858642578125 4.6507706642150878906 39.21854400634765625 55.567470550537109375 41.774219512939453125 28.097652435302734375 15.368097305297851562 13.911432266235351562 11.445770263671875 61.347255706787109375 25.956178665161132812 8.267177581787109375 10.475689888000488281 14.863407135009765625 29.383199691772460938 44.53282928466796875 32.460895538330078125 21.388111114501953125 17.039058685302734375 47.1050262451171875 63.43431854248046875 38.767528533935546875 1.6171687841415405273 46.71857452392578125 96.59661102294921875 146.5577850341796875 196.5387115478515625 246.527374267578125
56.517803192138671875 35.60890960693359375 35.561679840087890625 38.664520263671875 62.963680267333984375 106.92943572998046875 154.6071929931640625 203.4032135009765625 239.5461578369140625 198.45916748046875 162.4491424560546875 133.847015380859375 106.564544677734375 77.9572601318359375 53.415256500244140625 20.106027603149414062 8.0564947128295898438 23.17472076416015625 35.53667449951171875 29.494115829467773438 50.9255828857421875 77.55866241455078125 75.07930755615234375 55.769992828369140625 27.302846908569335938 10.961289405822753906 28.581207275390625 9.7643880844116210938 10.057030677795410156 2.7897574901580810547 11.2451629638671875 18.061000823974609375 2.7641935348510742188 17.622180938720703125 20.1816864013671875 49.62119293212890625 87.6278533935546875 109.478179931640625 70.11324310302734375 45.448612213134765625 64.91422271728515625 106.59332275390625 153.3310699462890625 201.6400146484375 250.6132049560546875
