INPUT/RASTER/maxent_background_data/sand.asc
ncols        225
nrows        269
xllcorner    473009.983799999987
yllcorner    4429051.174800000153
cellsize     50.000000000000
NODATA_value  -9999
[rows 19 to 37 of 269, columns 42 to 83 of 225]
25.138357162475585938 25.330450057983398438 25.52254486083984375 25.714639663696289063 25.906732559204101563 26.074771881103515625 26.146396636962890625 26.218019485473632813 26.289644241333007813 26.36126708984375 26.433078765869140625 26.505643844604492188 26.578207015991210938 26.650770187377929688 26.72333526611328125 26.758190155029296875 26.641908645629882813 26.52562713623046875 26.409345626831054688 26.293064117431640625 26.19823455810546875 26.189388275146484375 26.1805419921875 26.171695709228515625 26.16284942626953125 26.188554763793945313 26.352743148803710938 26.516931533813476563 26.681119918823242188 26.845306396484375 26.95600128173828125 26.852283477783203125 26.748563766479492188 26.644845962524414063 26.541128158569335938 26.500188827514648438 26.710872650146484375 26.921556472778320313 27.132242202758789063 27.342926025390625 27.558721542358398438 27.795003890991210938
25.1375579833984375 25.325653076171875 25.513746261596679688 25.701839447021484375 25.889934539794921875 26.057966232299804688 26.145589828491210938 26.23321533203125 26.32083892822265625 26.4084625244140625 26.488286972045898438 26.536851882934570313 26.585414886474609375 26.63397979736328125 26.682542800903320313 26.700586318969726563 26.59630584716796875 26.492023468017578125 26.3877410888671875 26.283460617065429688 26.205423355102539063 26.232576370239257813 26.259731292724609375 26.286884307861328125 26.314039230346679688 26.3669586181640625 26.523145675659179688 26.679334640502929688 26.835521697998046875 26.991708755493164063 27.09360504150390625 26.977886199951171875 26.862169265747070313 26.746450424194335938 26.630731582641601563 26.591371536254882813 26.85805511474609375 27.124738693237304688 27.391424179077148438 27.658107757568359375 27.916324615478515625 28.140607833862304688
25.136758804321289063 25.32085418701171875 25.504947662353515625 25.6890411376953125 25.873134613037109375 26.04116058349609375 26.144784927368164063 26.248409271240234375 26.352033615112304688 26.455657958984375 26.54349517822265625 26.568059921264648438 26.592622756958007813 26.6171875 26.641750335693359375 26.642984390258789063 26.550701141357421875 26.4584197998046875 26.366138458251953125 26.273855209350585938 26.212610244750976563 26.27576446533203125 26.338918685913085938 26.402072906494140625 26.465227127075195313 26.545360565185546875 26.693548202514648438 26.84173583984375 26.989923477172851563 27.138113021850585938 27.23120880126953125 27.103490829467773438 26.975772857666015625 26.848054885864257813 26.7203369140625 26.682552337646484375 27.005237579345703125 27.327920913696289063 27.650606155395507813 27.97328948974609375 28.273929595947265625 28.486211776733398438
25.135961532592773438 25.3160552978515625 25.496149063110351563 25.676242828369140625 25.856336593627929688 26.024356842041015625 26.143980026245117188 26.263605117797851563 26.383228302001953125 26.5028533935546875 26.598703384399414063 26.599267959594726563 26.59983062744140625 26.60039520263671875 26.60095977783203125 26.58538055419921875 26.505098342895507813 26.424816131591796875 26.344533920288085938 26.264251708984375 26.219799041748046875 26.3189544677734375 26.418107986450195313 26.517261505126953125 26.61641693115234375 26.723764419555664063 26.863950729370117188 27.004138946533203125 27.144327163696289063 27.284515380859375 27.36881256103515625 27.229093551635742188 27.089376449584960938 26.949659347534179688 26.809940338134765625 26.77373504638671875 27.1524200439453125 27.531103134155273438 27.909788131713867188 28.288471221923828125 28.631532669067382813 28.831815719604492188
25.30547332763671875 25.454225540161132813 25.602977752685546875 25.751728057861328125 25.900480270385742188 26.043491363525390625 26.163492202758789063 26.283491134643554688 26.403491973876953125 26.52349090576171875 26.61875152587890625 26.61484527587890625 26.61093902587890625 26.60703277587890625 26.60312652587890625 26.598064422607421875 26.588373184204101563 26.57868194580078125 26.568990707397460938 26.559299468994140625 26.562931060791015625 26.619964599609375 26.676998138427734375 26.73403167724609375 26.791065216064453125 26.859205245971679688 26.971864700317382813 27.084522247314453125 27.197179794311523438 27.30983734130859375 27.373605728149414063 27.24141693115234375 27.10923004150390625 26.977041244506835938 26.844854354858398438 26.818058013916015625 27.213682174682617188 27.60930633544921875 28.0049285888671875 28.400552749633789063 28.757116317749023438 28.957117080688476563
25.479084014892578125 25.595834732055664063 25.712587356567382813 25.829339981079101563 25.9460906982421875 26.0634918212890625 26.183490753173828125 26.303491592407226563 26.423492431640625 26.543491363525390625 26.637952804565429688 26.630046844482421875 26.62213897705078125 26.614233016967773438 26.606327056884765625 26.6124420166015625 26.674749374389648438 26.737058639526367188 26.799365997314453125 26.861675262451171875 26.914144515991210938 26.92717742919921875 26.940212249755859375 26.953245162963867188 26.966279983520507813 26.99361419677734375 27.078271865844726563 27.162931442260742188 27.247589111328125 27.332246780395507813 27.375202178955078125 27.25101470947265625 27.126827239990234375 27.002637863159179688 26.878450393676757813 26.8612518310546875 27.272876739501953125 27.684499740600585938 28.096124649047851563 28.507747650146484375 28.877117156982421875 29.077116012573242188
25.6526947021484375 25.737445831298828125 25.82219696044921875 25.906949996948242188 25.991701126098632813 26.083492279052734375 26.2034912109375 26.323492050170898438 26.443490982055664063 26.5634918212890625 26.657154083251953125 26.645246505737304688 26.633340835571289063 26.621435165405273438 26.609529495239257813 26.626817703247070313 26.761127471923828125 26.895435333251953125 27.029743194580078125 27.164051055908203125 27.26535797119140625 27.234392166137695313 27.203426361083984375 27.172460556030273438 27.141492843627929688 27.128023147583007813 27.184680938720703125 27.241338729858398438 27.29799652099609375 27.354654312133789063 27.376800537109375 27.26061248779296875 27.1444244384765625 27.02823638916015625 26.91204833984375 26.904445648193359375 27.332071304321289063 27.759695053100585938 28.187318801879882813 28.614942550659179688 28.9971160888671875 29.197116851806640625
25.826303482055664063 25.879056930541992188 25.9318084716796875 25.984560012817382813 26.037311553955078125 26.103490829467773438 26.223491668701171875 26.343492507934570313 26.463491439819335938 26.583492279052734375 26.676355361938476563 26.660448074340820313 26.644542694091796875 26.628637313842773438 26.612730026245117188 26.641195297241210938 26.847503662109375 27.053812026977539063 27.260120391845703125 27.466428756713867188 27.616573333740234375 27.541606903076171875 27.466640472412109375 27.391674041748046875 27.316707611083984375 27.262432098388671875 27.291090011596679688 27.3197479248046875 27.348405838012695313 27.377063751220703125 27.378396987915039063 27.270208358764648438 27.162021636962890625 27.0538330078125 26.945646286010742188 26.947641372680664063 27.391265869140625 27.834890365600585938 28.278512954711914063 28.722137451171875 29.117116928100585938 29.31711578369140625
25.999914169311523438 26.020666122436523438 26.041418075561523438 26.062170028686523438 26.082921981811523438 26.123491287231445313 26.24349212646484375 26.363491058349609375 26.483491897583007813 26.60349273681640625 26.695556640625 26.675649642944335938 26.655744552612304688 26.635837554931640625 26.615932464599609375 26.65557098388671875 26.933879852294921875 27.212188720703125 27.490495681762695313 27.768804550170898438 27.967786788940429688 27.848819732666015625 27.729854583740234375 27.610887527465820313 27.491922378540039063 27.396841049194335938 27.39749908447265625 27.398157119750976563 27.398815155029296875 27.399473190307617188 27.379995346069335938 27.279806137084960938 27.17961883544921875 27.079431533813476563 26.979242324829101563 26.990835189819335938 27.450460433959960938 27.910083770751953125 28.369709014892578125 28.829332351684570313 29.237115859985351563 29.437116622924804688
26.144603729248046875 26.184133529663085938 26.223663330078125 26.263195037841796875 26.302724838256835938 26.355981826782226563 26.464263916015625 26.572546005249023438 26.680828094482421875 26.789110183715820313 26.87957763671875 26.898637771606445313 26.917697906494140625 26.936758041381835938 26.95581817626953125 27.018402099609375 27.255435943603515625 27.49246978759765625 27.729503631591796875 27.9665374755859375 28.133058547973632813 28.016965866088867188 27.90087127685546875 27.784776687622070313 27.668684005737304688 27.582010269165039063 27.61325836181640625 27.644506454467773438 27.675754547119140625 27.707002639770507813 27.713603973388671875 27.621416091918945313 27.52922821044921875 27.437038421630859375 27.344850540161132813 27.338743209838867188 27.6776580810546875 28.016571044921875 28.355485916137695313 28.694398880004882813 29.0164947509765625 29.271177291870117188
26.28859710693359375 26.348127365112304688 26.407657623291015625 26.467187881469726563 26.5267181396484375 26.593585968017578125 26.689868927001953125 26.786149978637695313 26.882432937622070313 26.9787139892578125 27.067564010620117188 27.12662506103515625 27.1856842041015625 27.244745254516601563 27.303804397583007813 27.389616012573242188 27.58264923095703125 27.775682449340820313 27.968717575073242188 28.16175079345703125 28.293857574462890625 28.181764602661132813 28.069669723510742188 27.957574844360351563 27.84548187255859375 27.768400192260742188 27.831647872924804688 27.894895553588867188 27.958143234252929688 28.021392822265625 28.055200576782226563 27.971012115478515625 27.8868255615234375 27.802637100219726563 27.718448638916015625 27.6939849853515625 27.90889739990234375 28.123811721801757813 28.338726043701171875 28.553638458251953125 28.787675857543945313 29.098360061645507813
26.432590484619140625 26.512121200561523438 26.59165191650390625 26.67118072509765625 26.750711441040039063 26.831190109252929688 26.915472030639648438 26.999753952026367188 27.084035873413085938 27.168317794799804688 27.255550384521484375 27.354610443115234375 27.453670501708984375 27.552730560302734375 27.651790618896484375 27.760829925537109375 27.909864425659179688 28.058897018432617188 28.2079315185546875 28.356964111328125 28.454656600952148438 28.346563339233398438 28.238468170166015625 28.130374908447265625 28.022279739379882813 27.9547882080078125 28.050037384033203125 28.145284652709960938 28.240533828735351563 28.335781097412109375 28.396799087524414063 28.32061004638671875 28.24442291259765625 28.168233871459960938 28.092046737670898438 28.049224853515625 28.140138626098632813 28.231052398681640625 28.321966171264648438 28.412878036499023438 28.558856964111328125 28.925540924072265625
26.576585769653320313 26.676115036010742188 26.775644302368164063 26.875173568725585938 26.974704742431640625 27.06879425048828125 27.14107513427734375 27.213357925415039063 27.285640716552734375 27.357921600341796875 27.443538665771484375 27.582597732543945313 27.721658706665039063 27.8607177734375 27.99977874755859375 28.132043838500976563 28.237077713012695313 28.342111587524414063 28.447145462036132813 28.552179336547851563 28.61545562744140625 28.51136016845703125 28.407266616821289063 28.303173065185546875 28.199079513549804688 28.141178131103515625 28.268426895141601563 28.3956756591796875 28.522922515869140625 28.650171279907226563 28.73839569091796875 28.670207977294921875 28.602020263671875 28.533832550048828125 28.465642929077148438 28.4044647216796875 28.371377944946289063 28.338291168212890625 28.305204391479492188 28.272119522094726563 28.33003997802734375 28.75272369384765625
26.720579147338867188 26.840108871459960938 26.959638595581054688 27.079168319702148438 27.198698043823242188 27.306396484375 27.366680145263671875 27.426961898803710938 27.48724365234375 27.547525405883789063 27.631525039672851563 27.81058502197265625 27.989645004272460938 28.168704986572265625 28.347764968872070313 28.50325775146484375 28.56429290771484375 28.625326156616210938 28.686359405517578125 28.747392654418945313 28.77625274658203125 28.676158905029296875 28.5760650634765625 28.475971221923828125 28.37587738037109375 28.32756805419921875 28.48681640625 28.64606475830078125 28.8053131103515625 28.96456146240234375 29.07999420166015625 29.019805908203125 28.95961761474609375 28.8994293212890625 28.83924102783203125 28.75970458984375 28.602617263793945313 28.445531845092773438 28.28844451904296875 28.131359100341796875 28.101221084594726563 28.579904556274414063
26.663030624389648438 26.771312713623046875 26.879594802856445313 26.98787689208984375 27.096158981323242188 27.196359634399414063 27.264171600341796875 27.331983566284179688 27.3997955322265625 27.467607498168945313 27.553142547607421875 27.709705352783203125 27.866270065307617188 28.022832870483398438 28.1793975830078125 28.325258255004882813 28.428224563598632813 28.531190872192382813 28.634157180786132813 28.737123489379882813 28.801900863647460938 28.713619232177734375 28.625337600708007813 28.53705596923828125 28.448774337768554688 28.399929046630859375 28.509151458740234375 28.618371963500976563 28.727594375610351563 28.836816787719726563 28.922388076782226563 28.913166046142578125 28.903944015502929688 28.89472198486328125 28.885499954223632813 28.857870101928710938 28.756460189819335938 28.65505218505859375 28.55364227294921875 28.45223236083984375 28.436784744262695313 28.78206634521484375
26.600635528564453125 26.696916580200195313 26.793199539184570313 26.8894805908203125 26.9857635498046875 27.0779571533203125 27.153768539428710938 27.229581832885742188 27.305393218994140625 27.381206512451171875 27.468349456787109375 27.60091400146484375 27.733478546142578125 27.866041183471679688 27.998605728149414063 28.134044647216796875 28.281011581420898438 28.427976608276367188 28.57494354248046875 28.7219085693359375 28.824296951293945313 28.748016357421875 28.671733856201171875 28.59545135498046875 28.519170761108398438 28.469545364379882813 28.526767730712890625 28.583990097045898438 28.64121246337890625 28.69843292236328125 28.752771377563476563 28.795549392700195313 28.838327407836914063 28.881105422973632813 28.923883438110351563 28.94985198974609375 28.908441543579101563 28.867033004760742188 28.82562255859375 28.784212112426757813 28.791530609130859375 29.015380859375
26.538238525390625 26.62252044677734375 26.7068023681640625 26.79108428955078125 26.8753662109375 26.959554672241210938 27.043367385864257813 27.127180099487304688 27.21099090576171875 27.294803619384765625 27.383558273315429688 27.492120742797851563 27.60068511962890625 27.709249496459960938 27.817813873291015625 27.942831039428710938 28.13379669189453125 28.324762344360351563 28.515727996826171875 28.706695556640625 28.8466949462890625 28.782411575317382813 28.718130111694335938 28.653848648071289063 28.589567184448242188 28.539163589477539063 28.544385910034179688 28.5496063232421875 28.554828643798828125 28.56005096435546875 28.583154678344726563 28.6779327392578125 28.772710800170898438 28.867488861083984375 28.962266921997070313 29.04183197021484375 29.060422897338867188 29.079011917114257813 29.09760284423828125 29.116193771362304688 29.152078628540039063 29.27481842041015625
26.475843429565429688 26.548124313354492188 26.6204071044921875 26.69268798828125 26.764970779418945313 26.841152191162109375 26.932964324951171875 27.024776458740234375 27.116588592529296875 27.208400726318359375 27.298765182495117188 27.383329391479492188 27.467893600463867188 27.552457809448242188 27.637020111083984375 27.751615524291992188 27.986581802368164063 28.221548080444335938 28.456514358520507813 28.691480636596679688 28.869091033935546875 28.816808700561523438 28.7645263671875 28.712244033813476563 28.659963607788085938 28.6087799072265625 28.562002182006835938 28.515224456787109375 28.468446731567382813 28.421667098999023438 28.413537979125976563 28.560316085815429688 28.707094192504882813 28.853872299194335938 29.000650405883789063 29.133813858032226563 29.212404251098632813 29.29099273681640625 29.3695831298828125 29.44817352294921875 29.518575668334960938 29.56502532958984375
26.413446426391601563 26.473728179931640625 26.534009933471679688 26.594293594360351563 26.654575347900390625 26.722749710083007813 26.82256317138671875 26.922374725341796875 27.022186279296875 27.121997833251953125 27.2139739990234375 27.274538040161132813 27.335100173950195313 27.395664215087890625 27.456228256225585938 27.56040191650390625 27.839368820190429688 28.118333816528320313 28.39730072021484375 28.676265716552734375 28.89148712158203125 28.85120391845703125 28.810922622680664063 28.770641326904296875 28.730360031127929688 28.67839813232421875 28.579618453979492188 28.480840682983398438 28.382062911987304688 28.283285140991210938 28.243921279907226563 28.442699432373046875 28.641477584838867188 28.8402557373046875 29.039033889770507813 29.225793838500976563 29.364383697509765625 29.502973556518554688 29.64156341552734375 29.780153274536132813 29.891170501708984375 29.891824722290039063
