INPUT/RASTER/maxent_background_data/sand.asc
ncols        225
nrows        269
xllcorner    473009.983799999987
yllcorner    4429051.174800000153
cellsize     50.000000000000
NODATA_value  -9999
[rows 228 to 246 of 269, columns 42 to 83 of 225]
39.30327606201171875 39.15937042236328125 39.01546478271484375 38.87155914306640625 38.72765350341796875 38.6190032958984375 38.651660919189453125 38.68431854248046875 38.716976165771484375 38.7496337890625 38.766223907470703125 38.718410491943359375 38.67060089111328125 38.6227874755859375 38.574977874755859375 38.568939208984375 38.730350494384765625 38.89176177978515625 39.05316925048828125 39.214580535888671875 39.346691131591796875 39.3613739013671875 39.37606048583984375 39.390743255615234375 39.405429840087890625 39.419612884521484375 39.43180084228515625 39.443988800048828125 39.4561767578125 39.4683685302734375 39.478900909423828125 39.482807159423828125 39.486713409423828125 39.490619659423828125 39.494525909423828125 39.505825042724609375 39.546764373779296875 39.587703704833984375 39.628643035888671875 39.669582366943359375 39.679759979248046875 39.566631317138671875
39.64247894287109375 39.494571685791015625 39.3466644287109375 39.198760986328125 39.050853729248046875 38.93341064453125 38.938068389892578125 38.94272613525390625 38.947383880615234375 38.9520416259765625 38.9446258544921875 38.888813018798828125 38.83300018310546875 38.777191162109375 38.721378326416015625 38.69696044921875 38.798370361328125 38.8997802734375 39.001190185546875 39.10260009765625 39.197872161865234375 39.268558502197265625 39.33924102783203125 39.4099273681640625 39.480609893798828125 39.53801727294921875 39.542205810546875 39.54639434814453125 39.5505828857421875 39.554767608642578125 39.55970001220703125 39.56760406494140625 39.575511932373046875 39.5834197998046875 39.5913238525390625 39.59783935546875 39.59877777099609375 39.599720001220703125 39.600658416748046875 39.601596832275390625 39.589344024658203125 39.5242156982421875
39.981678009033203125 39.82977294921875 39.677867889404296875 39.52596282958984375 39.374057769775390625 39.247821807861328125 39.22447967529296875 39.201137542724609375 39.17779541015625 39.154453277587890625 39.123027801513671875 39.059215545654296875 38.995403289794921875 38.931591033935546875 38.867778778076171875 38.824977874755859375 38.866390228271484375 38.90779876708984375 38.949207305908203125 38.990619659423828125 39.0490570068359375 39.175739288330078125 39.302425384521484375 39.429107666015625 39.55579376220703125 39.656421661376953125 39.652606964111328125 39.64879608154296875 39.644985198974609375 39.641170501708984375 39.640499114990234375 39.65240478515625 39.664310455322265625 39.67621612548828125 39.688121795654296875 39.689853668212890625 39.650791168212890625 39.61173248291015625 39.57266998291015625 39.533611297607421875 39.498928070068359375 39.481800079345703125
40.320880889892578125 40.164974212646484375 40.00907135009765625 39.8531646728515625 39.69725799560546875 39.562229156494140625 39.51088714599609375 39.459545135498046875 39.408203125 39.356861114501953125 39.30142974853515625 39.229618072509765625 39.157806396484375 39.085994720458984375 39.01418304443359375 38.952999114990234375 38.934406280517578125 38.9158172607421875 38.897228240966796875 38.87863922119140625 38.900238037109375 39.082920074462890625 39.265605926513671875 39.448291778564453125 39.63097381591796875 39.774822235107421875 39.763011932373046875 39.75119781494140625 39.73938751220703125 39.727573394775390625 39.721294403076171875 39.737201690673828125 39.753108978271484375 39.769016265869140625 39.784923553466796875 39.781864166259765625 39.7028045654296875 39.623744964599609375 39.54468536376953125 39.4656219482421875 39.408512115478515625 39.43938446044921875
40.660083770751953125 40.50017547607421875 40.34027099609375 40.18036651611328125 40.020458221435546875 39.87664031982421875 39.797298431396484375 39.71795654296875 39.638614654541015625 39.559268951416015625 39.47983551025390625 39.400020599365234375 39.320209503173828125 39.240398406982421875 39.16058349609375 39.08101654052734375 39.0024261474609375 38.92383575439453125 38.845245361328125 38.766658782958984375 38.7514190673828125 38.99010467529296875 39.228790283203125 39.467472076416015625 39.706157684326171875 39.89322662353515625 39.8734130859375 39.85359954833984375 39.833789825439453125 39.813976287841796875 39.802093505859375 39.822002410888671875 39.841907501220703125 39.861812591552734375 39.88172149658203125 39.87387847900390625 39.754817962646484375 39.6357574462890625 39.516696929931640625 39.39763641357421875 39.318096160888671875 39.396968841552734375
40.423519134521484375 40.310394287109375 40.197265625 40.084136962890625 39.97100830078125 39.86293792724609375 39.77512359619140625 39.687313079833984375 39.599498748779296875 39.511688232421875 39.4293365478515625 39.368865966796875 39.3083953857421875 39.2479248046875 39.1874542236328125 39.1262054443359375 39.06182861328125 38.9974517822265625 38.933078765869140625 38.868701934814453125 38.863544464111328125 39.095729827880859375 39.32791900634765625 39.560108184814453125 39.79229736328125 39.970226287841796875 39.930698394775390625 39.89116668701171875 39.8516387939453125 39.812107086181640625 39.78368377685546875 39.799777984619140625 39.8158721923828125 39.831966400146484375 39.84806060791015625 39.836200714111328125 39.7122955322265625 39.58838653564453125 39.464481353759765625 39.340576171875 39.257381439208984375 39.337383270263671875
40.173107147216796875 40.10797882080078125 40.042850494384765625 39.97772216796875 39.912593841552734375 39.841339111328125 39.745525360107421875 39.649715423583984375 39.55390167236328125 39.45809173583984375 39.37332916259765625 39.332859039306640625 39.292388916015625 39.251918792724609375 39.21144866943359375 39.169399261474609375 39.12102508544921875 39.0726470947265625 39.024272918701171875 38.97589874267578125 38.981945037841796875 39.206134796142578125 39.43032073974609375 39.654510498046875 39.878696441650390625 40.046234130859375 39.986705780029296875 39.927173614501953125 39.867645263671875 39.80811309814453125 39.76288604736328125 39.7749786376953125 39.787075042724609375 39.799167633056640625 39.811260223388671875 39.79540252685546875 39.6674957275390625 39.53958892822265625 39.41168212890625 39.28377532958984375 39.197383880615234375 39.27738189697265625
39.92269134521484375 39.9055633544921875 39.88843536376953125 39.871307373046875 39.85417938232421875 39.81974029541015625 39.715930938720703125 39.612117767333984375 39.508304595947265625 39.4044952392578125 39.31732177734375 39.29685211181640625 39.2763824462890625 39.25591278076171875 39.235443115234375 39.21259307861328125 39.180217742919921875 39.1478424072265625 39.115467071533203125 39.08309173583984375 39.10034942626953125 39.31653594970703125 39.53272247314453125 39.748912811279296875 39.965099334716796875 40.122241973876953125 40.0427093505859375 39.9631805419921875 39.8836517333984375 39.804119110107421875 39.742084503173828125 39.750179290771484375 39.758274078369140625 39.766368865966796875 39.774463653564453125 39.75460052490234375 39.6226959228515625 39.49079132080078125 39.358882904052734375 39.226978302001953125 39.13738250732421875 39.21738433837890625
39.672275543212890625 39.70314788818359375 39.734020233154296875 39.764888763427734375 39.7957611083984375 39.798145294189453125 39.68633270263671875 39.574520111083984375 39.46270751953125 39.350894927978515625 39.261318206787109375 39.260845184326171875 39.2603759765625 39.259906768798828125 39.259433746337890625 39.25579071044921875 39.239414215087890625 39.2230377197265625 39.206661224365234375 39.19028472900390625 39.21875 39.426937103271484375 39.635128021240234375 39.84331512451171875 40.051502227783203125 40.198246002197265625 40.09871673583984375 39.999187469482421875 39.899658203125 39.8001251220703125 39.721286773681640625 39.725383758544921875 39.7294769287109375 39.733570098876953125 39.73766326904296875 39.713802337646484375 39.5778961181640625 39.441989898681640625 39.30608367919921875 39.170177459716796875 39.07738494873046875 39.157382965087890625
39.4218597412109375 39.500732421875 39.579601287841796875 39.658473968505859375 39.737346649169921875 39.776546478271484375 39.656734466552734375 39.536922454833984375 39.417110443115234375 39.297298431396484375 39.205310821533203125 39.2248382568359375 39.2443695068359375 39.2639007568359375 39.283428192138671875 39.298984527587890625 39.29860687255859375 39.2982330322265625 39.297855377197265625 39.297481536865234375 39.33715057373046875 39.537342071533203125 39.737529754638671875 39.937717437744140625 40.137905120849609375 40.27425384521484375 40.15472412109375 40.03519439697265625 39.9156646728515625 39.79613494873046875 39.700489044189453125 39.70058441162109375 39.70067596435546875 39.700771331787109375 39.70086669921875 39.673004150390625 39.533100128173828125 39.393192291259765625 39.253284454345703125 39.11338043212890625 39.017383575439453125 39.097385406494140625
39.4091033935546875 39.452175140380859375 39.491466522216796875 39.52745819091796875 39.560546875 39.568225860595703125 39.4833831787109375 39.39853668212890625 39.313690185546875 39.22884368896484375 39.16805267333984375 39.203678131103515625 39.239299774169921875 39.27492523193359375 39.310550689697265625 39.341400146484375 39.353118896484375 39.364833831787109375 39.376552581787109375 39.388271331787109375 39.42432403564453125 39.55792236328125 39.69152069091796875 39.8251190185546875 39.95871734619140625 40.0525970458984375 39.98728179931640625 39.921966552734375 39.85665130615234375 39.7913360595703125 39.740619659423828125 39.748432159423828125 39.756244659423828125 39.764057159423828125 39.771869659423828125 39.7517242431640625 39.619537353515625 39.4873504638671875 39.355159759521484375 39.222972869873046875 39.128475189208984375 39.185039520263671875
39.39775848388671875 39.38805389404296875 39.380321502685546875 39.374011993408203125 39.36876678466796875 39.35541534423828125 39.306568145751953125 39.257724761962890625 39.2088775634765625 39.1600341796875 39.13124847412109375 39.182872772216796875 39.2344970703125 39.286121368408203125 39.33774566650390625 39.38379669189453125 39.407512664794921875 39.431232452392578125 39.45494842529296875 39.478668212890625 39.51074981689453125 39.57634735107421875 39.64194488525390625 39.70754241943359375 39.77313995361328125 39.8237762451171875 39.81446075439453125 39.805149078369140625 39.795833587646484375 39.786518096923828125 39.78221893310546875 39.798030853271484375 39.8138427734375 39.829654693603515625 39.84546661376953125 39.833324432373046875 39.709133148193359375 39.5849456787109375 39.460758209228515625 39.33657073974609375 39.243682861328125 39.2762451171875
39.376251220703125 39.288330078125 39.23181915283203125 39.192432403564453125 39.16341400146484375 39.142604827880859375 39.129756927490234375 39.116912841796875 39.10406494140625 39.091220855712890625 39.09444427490234375 39.162067413330078125 39.2296905517578125 39.297313690185546875 39.364940643310546875 39.4261932373046875 39.461910247802734375 39.49762725830078125 39.533344268798828125 39.569065093994140625 39.597171783447265625 39.594768524169921875 39.592365264892578125 39.589962005615234375 39.587558746337890625 39.594959259033203125 39.641643524169921875 39.688327789306640625 39.735012054443359375 39.78170013427734375 39.82381439208984375 39.847629547119140625 39.871440887451171875 39.895252227783203125 39.919063568115234375 39.914920806884765625 39.798732757568359375 39.682544708251953125 39.566356658935546875 39.450168609619140625 39.358890533447265625 39.36745452880859375
39.3198089599609375 39.1119537353515625 39.023326873779296875 38.974208831787109375 38.942996978759765625 38.9297943115234375 38.952945709228515625 38.976100921630859375 38.999256134033203125 39.02240753173828125 39.057636260986328125 39.141262054443359375 39.224884033203125 39.30850982666015625 39.392131805419921875 39.46858978271484375 39.516307830810546875 39.56402587890625 39.6117401123046875 39.659458160400390625 39.68359375 39.613189697265625 39.54278564453125 39.472385406494140625 39.401981353759765625 39.36614227294921875 39.4688262939453125 39.57151031494140625 39.6741943359375 39.776882171630859375 39.865413665771484375 39.89722442626953125 39.929035186767578125 39.960849761962890625 39.9926605224609375 39.996517181396484375 39.88832855224609375 39.780139923095703125 39.6719512939453125 39.5637664794921875 39.47409820556640625 39.458660125732421875
38.775699615478515625 38.715362548828125 38.709300994873046875 38.707000732421875 38.705791473388671875 38.71697998046875 38.776134490966796875 38.83528900146484375 38.894443511962890625 38.9535980224609375 39.020832061767578125 39.120456695556640625 39.220081329345703125 39.319705963134765625 39.4193267822265625 39.510982513427734375 39.57070159912109375 39.630420684814453125 39.6901397705078125 39.74985504150390625 39.770015716552734375 39.631610870361328125 39.4932098388671875 39.35480499267578125 39.216403961181640625 39.13732147216796875 39.296009063720703125 39.454692840576171875 39.613376617431640625 39.772064208984375 39.907012939453125 39.9468231201171875 39.98663330078125 40.0264434814453125 40.066257476806640625 40.078113555908203125 39.977924346923828125 39.87773895263671875 39.77754974365234375 39.67736053466796875 39.589305877685546875 39.549869537353515625
38.89530181884765625 38.89530181884765625 38.89530181884765625 38.89530181884765625 38.89530181884765625 38.910400390625 38.986026763916015625 39.061649322509765625 39.137271881103515625 39.21289825439453125 39.28948974609375 39.369960784912109375 39.450428009033203125 39.5308990478515625 39.611370086669921875 39.6783905029296875 39.69152069091796875 39.704647064208984375 39.7177734375 39.73090362548828125 39.726715087890625 39.65311431884765625 39.579517364501953125 39.50592041015625 39.432323455810546875 39.40068817138671875 39.53725433349609375 39.673816680908203125 39.810382843017578125 39.9469451904296875 40.0556488037109375 40.052684783935546875 40.049716949462890625 40.046749114990234375 40.043781280517578125 40.020660400390625 39.91675567626953125 39.812847137451171875 39.708942413330078125 39.605037689208984375 39.51467132568359375 39.47857666015625
39.095302581787109375 39.095302581787109375 39.095302581787109375 39.095302581787109375 39.095302581787109375 39.113597869873046875 39.205219268798828125 39.296844482421875 39.388469696044921875 39.480091094970703125 39.565494537353515625 39.625965118408203125 39.686435699462890625 39.746906280517578125 39.807376861572265625 39.84880828857421875 39.813934326171875 39.779064178466796875 39.744190216064453125 39.709320068359375 39.68029022216796875 39.674694061279296875 39.669094085693359375 39.6634979248046875 39.657901763916015625 39.67589569091796875 39.78845977783203125 39.90102386474609375 40.01358795166015625 40.12615203857421875 40.2068634033203125 40.1598968505859375 40.1129302978515625 40.0659637451171875 40.0189971923828125 39.95986175537109375 39.851955413818359375 39.744049072265625 39.636142730712890625 39.528240203857421875 39.4354705810546875 39.403377532958984375
39.2953033447265625 39.2953033447265625 39.2953033447265625 39.2953033447265625 39.2953033447265625 39.316791534423828125 39.42441558837890625 39.532039642333984375 39.6396636962890625 39.747287750244140625 39.841503143310546875 39.8819732666015625 39.922443389892578125 39.96291351318359375 40.003383636474609375 40.019222259521484375 39.936351776123046875 39.85347747802734375 39.77060699462890625 39.687732696533203125 39.633869171142578125 39.696269989013671875 39.75867462158203125 39.821075439453125 39.883480072021484375 39.95110321044921875 40.039669036865234375 40.12823486328125 40.216796875 40.305362701416015625 40.3580780029296875 40.26711273193359375 40.176143646240234375 40.085178375244140625 39.994213104248046875 39.8990631103515625 39.787158966064453125 39.675251007080078125 39.56334686279296875 39.45143890380859375 39.35626983642578125 39.328174591064453125
39.49530029296875 39.49530029296875 39.49530029296875 39.49530029296875 39.49530029296875 39.519985198974609375 39.643611907958984375 39.76723480224609375 39.890857696533203125 40.014484405517578125 40.1175079345703125 40.137981414794921875 40.158451080322265625 40.178920745849609375 40.199390411376953125 40.189640045166015625 40.05876922607421875 39.92789459228515625 39.797023773193359375 39.666149139404296875 39.5874481201171875 39.7178497314453125 39.8482513427734375 39.9786529541015625 40.109058380126953125 40.226314544677734375 40.2908782958984375 40.355442047119140625 40.42000579833984375 40.484569549560546875 40.5092926025390625 40.374324798583984375 40.23935699462890625 40.10439300537109375 39.969425201416015625 39.83826446533203125 39.72235870361328125 39.60645294189453125 39.49054718017578125 39.37464141845703125 39.277069091796875 39.2529754638671875
