INPUT/RASTER/maxent_background_data/sand.asc
ncols        225
nrows        269
xllcorner    473009.983799999987
yllcorner    4429051.174800000153
cellsize     50.000000000000
NODATA_value  -9999
[rows 76 to 94 of 269, columns 0 to 41 of 225]
-9999 -9999 -9999 -9999 -9999 -9999 -9999 -9999 -9999 -9999 -9999 -9999 33.200000762939453125 33.200000762939453125 33.200000762939453125 33.200000762939453125 33.200000762939453125 33.047206878662109375 32.651180267333984375 32.48232269287109375 32.388736724853515625 32.329265594482421875 32.2953948974609375 32.295864105224609375 32.29633331298828125 32.29680633544921875 32.297275543212890625 32.27095794677734375 32.137264251708984375 32.003570556640625 31.86988067626953125 31.736186981201171875 31.582273483276367188 31.347307205200195313 31.11234283447265625 30.877376556396484375 30.6424102783203125 30.449550628662109375 30.425457000732421875 30.401361465454101563 30.377267837524414063 30.353174209594726563
-9999 -9999 -9999 -9999 -9999 -9999 -9999 -9999 -9999 -9999 -9999 -9999 33.200000762939453125 33.200000762939453125 33.200000762939453125 33.200000762939453125 33.200000762939453125 32.566829681396484375 32.50563812255859375 32.499492645263671875 32.497158050537109375 32.495929718017578125 32.49140167236328125 32.47187042236328125 32.452342987060546875 32.432811737060546875 32.413280487060546875 32.385334014892578125 32.323642730712890625 32.2619476318359375 32.20025634765625 32.1385650634765625 32.033489227294921875 31.754522323608398438 31.475555419921875 31.196590423583984375 30.91762542724609375 30.690349578857421875 30.670255661010742188 30.6501617431640625 30.630067825317382813 30.609973907470703125
-9999 -9999 -9999 -9999 -9999 -9999 -9999 -9999 -9999 -9999 -9999 -9999 -9999 -9999 -9999 -9999 -9999 32.5 32.5 32.5 32.5 32.5 32.496006011962890625 32.47600555419921875 32.4560089111328125 32.436008453369140625 32.41600799560546875 32.387176513671875 32.32647705078125 32.2711029052734375 32.2203826904296875 32.173755645751953125 32.08470916748046875 31.812520980834960938 31.540334701538085938 31.268146514892578125 30.995958328247070313 30.77646636962890625 30.768184661865234375 30.7599029541015625 30.751621246337890625 30.74333953857421875
-9999 -9999 -9999 -9999 -9999 -9999 -9999 -9999 -9999 -9999 -9999 -9999 -9999 -9999 -9999 -9999 -9999 32.5 32.5 32.5 32.5 32.5 32.496006011962890625 32.47600555419921875 32.4560089111328125 32.436008453369140625 32.41600799560546875 32.38578033447265625 32.324222564697265625 32.2751617431640625 32.235149383544921875 32.2018890380859375 32.126308441162109375 31.862119674682617188 31.597930908203125 31.333744049072265625 31.06955718994140625 30.85886383056640625 30.862581253051757813 30.866298675537109375 30.870016098022460938 30.873735427856445313
-9999 -9999 -9999 -9999 -9999 -9999 -9999 -9999 -9999 -9999 -9999 -9999 -9999 -9999 -9999 -9999 -9999 32.5 32.5 32.5 32.5 32.5 32.496006011962890625 32.47600555419921875 32.4560089111328125 32.436008453369140625 32.41600799560546875 32.383136749267578125 32.320709228515625 32.280582427978515625 32.252620697021484375 32.232013702392578125 32.167903900146484375 31.911716461181640625 31.655529022216796875 31.399341583251953125 31.143154144287109375 30.941259384155273438 30.95697784423828125 30.97269439697265625 30.988412857055664063 31.004131317138671875
-9999 -9999 -9999 -9999 -9999 -9999 -9999 -9999 -9999 -9999 -9999 -9999 -9999 -9999 -9999 -9999 -9999 32.5 32.5 32.5 32.5 32.5 32.496006011962890625 32.47600555419921875 32.4560089111328125 32.436008453369140625 32.41600799560546875 32.37619781494140625 32.314502716064453125 32.288196563720703125 32.273616790771484375 32.26435089111328125 32.209503173828125 31.961315155029296875 31.71312713623046875 31.464939117431640625 31.2167510986328125 31.023654937744140625 31.051372528076171875 31.079090118408203125 31.106809616088867188 31.134527206420898438
-9999 -9999 -9999 -9999 -9999 -9999 -9999 -9999 -9999 -9999 -9999 -9999 -9999 -9999 -9999 -9999 -9999 32.5 32.5 32.5 32.5 32.5 32.496006011962890625 32.47600555419921875 32.4560089111328125 32.436008453369140625 32.41600799560546875 32.309307098388671875 32.300540924072265625 32.29965972900390625 32.29932403564453125 32.2991485595703125 32.2510986328125 32.0109100341796875 31.770723342895507813 31.530536651611328125 31.290348052978515625 31.106050491333007813 31.145769119262695313 31.185487747192382813 31.2252044677734375 31.264923095703125
-9999 -9999 -9999 -9999 -9999 -9999 -9999 -9999 -9999 -9999 -9999 -9999 -9999 -9999 -9999 -9999 -9999 -9999 -9999 -9999 -9999 -9999 -9999 -9999 -9999 -9999 -9999 32.47576904296875 32.47576904296875 32.47576904296875 32.47576904296875 32.47576904296875 32.416927337646484375 32.12224578857421875 31.8275604248046875 31.532876968383789063 31.238193511962890625 31.007997512817382813 31.036279678344726563 31.0645599365234375 31.09284210205078125 31.121124267578125
-9999 -9999 -9999 -9999 -9999 -9999 -9999 -9999 -9999 -9999 -9999 -9999 -9999 -9999 -9999 -9999 -9999 -9999 -9999 -9999 -9999 -9999 -9999 -9999 -9999 -9999 -9999 32.65576934814453125 32.65576934814453125 32.65576934814453125 32.65576934814453125 32.65576934814453125 32.58574676513671875 32.2350616455078125 31.884378433227539063 31.533695220947265625 31.183010101318359375 30.90560150146484375 30.92188262939453125 30.93816375732421875 30.954446792602539063 30.970727920532226563
-9999 -9999 -9999 -9999 -9999 -9999 -9999 -9999 -9999 -9999 -9999 -9999 -9999 -9999 -9999 -9999 -9999 -9999 -9999 -9999 -9999 -9999 -9999 -9999 -9999 -9999 -9999 32.8357696533203125 32.8357696533203125 32.8357696533203125 32.8357696533203125 32.8357696533203125 32.754566192626953125 32.347881317138671875 31.941198348999023438 31.534513473510742188 31.127828598022460938 30.803205490112304688 30.80748748779296875 30.811769485473632813 30.816049575805664063 30.820331573486328125
-9999 -9999 -9999 -9999 -9999 -9999 -9999 -9999 -9999 -9999 -9999 -9999 -9999 -9999 -9999 -9999 -9999 -9999 -9999 -9999 -9999 -9999 -9999 -9999 -9999 -9999 -9999 33.01576995849609375 33.01576995849609375 33.01576995849609375 33.01576995849609375 33.01576995849609375 32.9233856201171875 32.46070098876953125 31.998016357421875 31.53533172607421875 31.0726470947265625 30.700809478759765625 30.693090438842773438 30.685373306274414063 30.677654266357421875 30.6699371337890625
-9999 -9999 -9999 -9999 -9999 -9999 -9999 -9999 -9999 -9999 -9999 -9999 -9999 -9999 -9999 -9999 -9999 -9999 -9999 -9999 -9999 -9999 -9999 -9999 -9999 -9999 -9999 33.195770263671875 33.195770263671875 33.195770263671875 33.195770263671875 33.195770263671875 33.09220123291015625 32.573516845703125 32.05483245849609375 31.536149978637695313 31.017465591430664063 30.598413467407226563 30.578695297241210938 30.558977127075195313 30.539258956909179688 30.519540786743164063
-9999 -9999 -9999 -9999 -9999 -9999 -9999 0 0 0 0 0 0 0 0 0 0 1.2978940010070800781 7.7978940010070800781 14.297893524169921875 20.797893524169921875 27.297893524169921875 31.202106475830078125 24.702106475830078125 18.202106475830078125 11.702106475830078125 5.2021059989929199219 5.7986669540405273438 20.402048110961914063 26.448369979858398438 29.754571914672851563 31.8392333984375 32.9258575439453125 32.433200836181640625 31.940542221069335938 31.44788360595703125 30.955226898193359375 30.559286117553710938 30.551004409790039063 30.542722702026367188 30.534440994262695313 30.526159286499023438
-9999 -9999 -9999 -9999 -9999 -9999 -9999 0 0 0 0 0 0 0 0 0 0 1.2978940010070800781 7.7978940010070800781 14.297893524169921875 20.797893524169921875 27.297893524169921875 31.202106475830078125 24.702106475830078125 18.202106475830078125 11.702106475830078125 5.2021059989929199219 3.1270525455474853516 14.582977294921875 21.848924636840820313 26.868219375610351563 30.543346405029296875 32.7514495849609375 32.2867889404296875 31.822132110595703125 31.35747528076171875 30.892816543579101563 30.5216827392578125 30.525400161743164063 30.529117584228515625 30.5328369140625 30.536554336547851563
-9999 -9999 -9999 -9999 -9999 -9999 -9999 0 0 0 0 0 0 0 0 0 0 1.2978940010070800781 7.7978940010070800781 14.297893524169921875 20.797893524169921875 27.297893524169921875 31.202106475830078125 24.702106475830078125 18.202106475830078125 11.702106475830078125 5.2021059989929199219 2.1333317756652832031 11.318993568420410156 18.581869125366210938 24.468486785888671875 29.336177825927734375 32.577037811279296875 32.140380859375 31.703723907470703125 31.267065048217773438 30.830408096313476563 30.48407745361328125 30.499795913696289063 30.515514373779296875 30.531232833862304688 30.5469512939453125
-9999 -9999 -9999 -9999 -9999 -9999 -9999 0 0 0 0 0 0 0 0 0 0 1.2978940010070800781 7.7978940010070800781 14.297893524169921875 20.797893524169921875 27.297893524169921875 31.202106475830078125 24.702106475830078125 18.202106475830078125 11.702106475830078125 5.2021059989929199219 1.6145659685134887695 9.2301855087280273438 16.1414947509765625 22.4418792724609375 28.20891571044921875 32.402629852294921875 31.993970870971679688 31.585313796997070313 31.176656723022460938 30.76799774169921875 30.446474075317382813 30.474191665649414063 30.501911163330078125 30.529628753662109375 30.557346343994140625
-9999 -9999 -9999 -9999 -9999 -9999 -9999 0 0 0 0 0 0 0 0 0 0 1.2978940010070800781 7.7978940010070800781 14.297893524169921875 20.797893524169921875 27.297893524169921875 31.202106475830078125 24.702106475830078125 18.202106475830078125 11.702106475830078125 5.2021059989929199219 1.295922398567199707 7.7787046432495117188 14.249269485473632813 20.707651138305664063 27.153882980346679688 32.228221893310546875 31.847562789916992188 31.466905593872070313 31.086246490478515625 30.70558929443359375 30.408870697021484375 30.448589324951171875 30.488306045532226563 30.528024673461914063 30.567743301391601563
-9999 -9999 -9999 -9999 -9999 -9999 -9999 5.9957346916198730469 5.9957346916198730469 5.9957346916198730469 5.9957346916198730469 5.9957346916198730469 6.0043139457702636719 6.0472803115844726563 6.0902462005615234375 6.1332125663757324219 6.1761784553527832031 7.2627787590026855469 12.532383918762207031 17.801988601684570313 23.07159423828125 28.341197967529296875 31.5071563720703125 26.241456985473632813 20.975757598876953125 15.710059165954589844 10.444360733032226563 7.2774419784545898438 12.522670745849609375 17.7678985595703125 23.013128280639648438 28.258358001708984375 32.3912811279296875 32.065967559814453125 31.740650177001953125 31.415334701538085938 31.09001922607421875 30.8438873291015625 30.915136337280273438 30.986383438110351563 31.0576324462890625 31.128881454467773438
-9999 -9999 -9999 -9999 -9999 -9999 -9999 12.13573455810546875 12.13573455810546875 12.13573455810546875 12.13573455810546875 12.13573455810546875 12.153100013732910156 12.240065574645996094 12.327032089233398438 12.413997650146484375 12.500964164733886719 13.371187210083007813 17.380792617797851563 21.3903961181640625 25.40000152587890625 29.40960693359375 31.819547653198242188 27.81784820556640625 23.816148757934570313 19.814449310302734375 15.812750816345214844 13.409044265747070313 17.410274505615234375 21.411502838134765625 25.412731170654296875 29.413959503173828125 32.56246185302734375 32.293148040771484375 32.023830413818359375 31.7545166015625 31.485200881958007813 31.290277481079101563 31.393526077270507813 31.49677276611328125 31.6000213623046875 31.70326995849609375
