INPUT/RASTER/maxent_background_data/sand.asc
ncols        225
nrows        269
xllcorner    473009.983799999987
yllcorner    4429051.174800000153
cellsize     50.000000000000
NODATA_value  -9999
[rows 247 to 265 of 269, columns 42 to 83 of 225]
39.695301055908203125 39.695301055908203125 39.695301055908203125 39.695301055908203125 39.695301055908203125 39.72318267822265625 39.862804412841796875 40.002429962158203125 40.142055511474609375 40.28167724609375 40.39351654052734375 40.393985748291015625 40.3944549560546875 40.394927978515625 40.395397186279296875 40.36005401611328125 40.181182861328125 40.00231170654296875 39.823436737060546875 39.644565582275390625 39.541027069091796875 39.739429473876953125 39.937831878662109375 40.136234283447265625 40.334636688232421875 40.501522064208984375 40.542083740234375 40.58264923095703125 40.6232147216796875 40.663776397705078125 40.6605072021484375 40.481540679931640625 40.30257415771484375 40.123607635498046875 39.94464111328125 39.7774658203125 39.657562255859375 39.537654876708984375 39.417751312255859375 39.29784393310546875 39.19786834716796875 39.17777252197265625
39.700000762939453125 39.700000762939453125 39.700000762939453125 39.700000762939453125 39.700000762939453125 39.74016571044921875 39.930248260498046875 40.10366058349609375 40.262500762939453125 40.408527374267578125 40.517181396484375 40.517181396484375 40.517181396484375 40.517181396484375 40.517181396484375 40.48825836181640625 40.343414306640625 40.198566436767578125 40.053722381591796875 39.90887451171875 39.821186065673828125 39.962596893310546875 40.104007720947265625 40.24541473388671875 40.3868255615234375 40.50798797607421875 40.5479888916015625 40.587985992431640625 40.627986907958984375 40.667987823486328125 40.657039642333984375 40.44188690185546875 40.2267303466796875 40.011577606201171875 39.796421051025390625 39.600269317626953125 39.480266571044921875 39.36026763916015625 39.240268707275390625 39.120269775390625 39.02179718017578125 39.009609222412109375
39.700000762939453125 39.700000762939453125 39.700000762939453125 39.700000762939453125 39.700000762939453125 39.760318756103515625 40.021442413330078125 40.229534149169921875 40.399265289306640625 40.54034423828125 40.637180328369140625 40.637180328369140625 40.637180328369140625 40.637180328369140625 40.637180328369140625 40.615447998046875 40.506603240966796875 40.397754669189453125 40.288909912109375 40.180065155029296875 40.1092071533203125 40.190616607666015625 40.27202606201171875 40.353435516357421875 40.434844970703125 40.50798797607421875 40.5479888916015625 40.587985992431640625 40.627986907958984375 40.667987823486328125 40.649852752685546875 40.3986968994140625 40.147541046142578125 39.896389007568359375 39.645233154296875 39.420269012451171875 39.30027008056640625 39.180267333984375 39.060268402099609375 38.94026947021484375 38.84339141845703125 38.839206695556640625
39.700000762939453125 39.700000762939453125 39.700000762939453125 39.700000762939453125 39.700000762939453125 39.798534393310546875 40.16326904296875 40.39771270751953125 40.56110382080078125 40.681488037109375 40.75717926025390625 40.75717926025390625 40.75717926025390625 40.75717926025390625 40.75717926025390625 40.742633819580078125 40.669788360595703125 40.596942901611328125 40.524097442626953125 40.451251983642578125 40.39722442626953125 40.418636322021484375 40.440044403076171875 40.461456298828125 40.4828643798828125 40.50798797607421875 40.5479888916015625 40.587985992431640625 40.627986907958984375 40.667987823486328125 40.64266204833984375 40.35550689697265625 40.068355560302734375 39.781200408935546875 39.494045257568359375 39.240268707275390625 39.120269775390625 39.00026702880859375 38.880268096923828125 38.7602691650390625 38.664989471435546875 38.668804168701171875
39.700000762939453125 39.700000762939453125 39.700000762939453125 39.700000762939453125 39.700000762939453125 39.89881134033203125 40.41411590576171875 40.633831024169921875 40.7555999755859375 40.83298492431640625 40.8771820068359375 40.8771820068359375 40.8771820068359375 40.8771820068359375 40.8771820068359375 40.869823455810546875 40.832977294921875 40.796131134033203125 40.75928497314453125 40.722438812255859375 40.685245513916015625 40.646656036376953125 40.608066558837890625 40.5694732666015625 40.5308837890625 40.50798797607421875 40.5479888916015625 40.587985992431640625 40.627986907958984375 40.667987823486328125 40.63547515869140625 40.312320709228515625 39.989166259765625 39.666011810302734375 39.34285736083984375 39.060268402099609375 38.94026947021484375 38.8202667236328125 38.700267791748046875 38.58026885986328125 38.4865875244140625 38.498401641845703125
39.700000762939453125 39.700000762939453125 39.700000762939453125 39.700000762939453125 39.700000762939453125 40.865512847900390625 40.978153228759765625 40.989467620849609375 40.9937591552734375 40.996021270751953125 40.997180938720703125 40.997180938720703125 40.997180938720703125 40.997180938720703125 40.997180938720703125 40.997013092041015625 40.996166229248046875 40.995319366455078125 40.994472503662109375 40.99362945556640625 40.9732666015625 40.874675750732421875 40.77608489990234375 40.677494049072265625 40.5789031982421875 40.50798797607421875 40.5479888916015625 40.587985992431640625 40.627986907958984375 40.667987823486328125 40.628284454345703125 40.269130706787109375 39.909976959228515625 39.550823211669921875 39.191669464111328125 38.880268096923828125 38.7602691650390625 38.640270233154296875 38.520267486572265625 38.4002685546875 38.308185577392578125 38.32799530029296875
-9999 -9999 -9999 -9999 -9999 41 41 41 41 41 41 41 41 41 41 41.00479888916015625 41.027515411376953125 41.048236846923828125 41.0672149658203125 41.084667205810546875 41.07456207275390625 40.9589385986328125 40.84331512451171875 40.727691650390625 40.61206817626953125 40.515819549560546875 40.497226715087890625 40.4786376953125 40.460048675537109375 40.441455841064453125 40.36873626708984375 40.079044342041015625 39.7893524169921875 39.499660491943359375 39.20996856689453125 38.9479217529296875 38.796672821044921875 38.64542388916015625 38.494174957275390625 38.342926025390625 38.221195220947265625 38.2177581787109375
-9999 -9999 -9999 -9999 -9999 41 41 41 41 41 41 41 41 41 41 41.012722015380859375 41.067790985107421875 41.1116790771484375 41.147472381591796875 41.177227020263671875 41.171367645263671875 41.039745330810546875 40.90811920166015625 40.77649688720703125 40.644870758056640625 40.523838043212890625 40.445247650146484375 40.366657257080078125 40.288066864013671875 40.209476470947265625 40.10311126708984375 39.885417938232421875 39.667728424072265625 39.45003509521484375 39.2323455810546875 39.0215301513671875 38.838283538818359375 38.655033111572265625 38.4717864990234375 38.28853607177734375 38.136402130126953125 38.108966827392578125
-9999 -9999 -9999 -9999 -9999 41 41 41 41 41 41 41 41 41 41 41.027740478515625 41.13043212890625 41.196441650390625 41.242443084716796875 41.276336669921875 41.2681732177734375 41.120548248291015625 40.97292327880859375 40.8253021240234375 40.677677154541015625 40.531856536865234375 40.3932647705078125 40.25467681884765625 40.116085052490234375 39.977497100830078125 39.83748626708984375 39.69179534912109375 39.54610443115234375 39.40041351318359375 39.25472259521484375 39.095142364501953125 38.879894256591796875 38.664646148681640625 38.449398040771484375 38.234149932861328125 38.051609039306640625 38.00017547607421875
-9999 -9999 -9999 -9999 -9999 41 41 41 41 41 41 41 41 41 41 41.067157745361328125 41.2412261962890625 41.3154449462890625 41.3565826416015625 41.382720947265625 41.364978790283203125 41.20135498046875 41.037731170654296875 40.87410736083984375 40.710479736328125 40.539875030517578125 40.34128570556640625 40.142696380615234375 39.944103240966796875 39.745513916015625 39.571865081787109375 39.498172760009765625 39.424480438232421875 39.350788116455078125 39.277095794677734375 39.168750762939453125 38.92150115966796875 38.67425537109375 38.427005767822265625 38.179759979248046875 37.96681976318359375 37.89138031005859375
-9999 -9999 -9999 -9999 -9999 41 41 41 41 41 41 41 41 41 41 41.44713592529296875 41.490352630615234375 41.49468994140625 41.496337890625 41.497203826904296875 41.46178436279296875 41.28215789794921875 41.102535247802734375 40.922908782958984375 40.7432861328125 40.547893524169921875 40.289302825927734375 40.0307159423828125 39.772125244140625 39.5135345458984375 39.306240081787109375 39.3045501708984375 39.3028564453125 39.301166534423828125 39.299472808837890625 39.242359161376953125 38.96311187744140625 38.683864593505859375 38.4046173095703125 38.125370025634765625 37.88202667236328125 37.782588958740234375
-9999 -9999 -9999 -9999 -9999 -9999 -9999 -9999 -9999 -9999 -9999 -9999 -9999 -9999 -9999 41.5 41.5 41.5 41.5 41.5 41.46405792236328125 41.2840576171875 41.10405731201171875 40.9240570068359375 40.74405670166015625 40.53130340576171875 40.206195831298828125 39.90960693359375 39.637939453125 39.388179779052734375 39.19065093994140625 39.132061004638671875 39.0734710693359375 39.0148773193359375 38.956287384033203125 38.86908721923828125 38.667209625244140625 38.465328216552734375 38.26345062255859375 38.0615692138671875 37.878475189208984375 37.770660400390625
-9999 -9999 -9999 -9999 -9999 -9999 -9999 -9999 -9999 -9999 -9999 -9999 -9999 -9999 -9999 41.5 41.5 41.5 41.5 41.5 41.46405792236328125 41.2840576171875 41.10405731201171875 40.9240570068359375 40.74405670166015625 40.50360870361328125 40.086322784423828125 39.7537841796875 39.482547760009765625 39.257099151611328125 39.078670501708984375 38.960079193115234375 38.841487884521484375 38.722900390625 38.60430908203125 38.4850616455078125 38.36318206787109375 38.241302490234375 38.11942291259765625 37.9975433349609375 37.8768768310546875 37.761066436767578125
-9999 -9999 -9999 -9999 -9999 -9999 -9999 -9999 -9999 -9999 -9999 -9999 -9999 -9999 -9999 41.5 41.5 41.5 41.5 41.5 41.46405792236328125 41.2840576171875 41.10405731201171875 40.9240570068359375 40.74405670166015625 40.451091766357421875 39.899890899658203125 39.545589447021484375 39.298671722412109375 39.116741180419921875 38.9666900634765625 38.788097381591796875 38.609508514404296875 38.430919647216796875 38.25232696533203125 38.10103607177734375 38.059154510498046875 38.017276763916015625 37.975399017333984375 37.9335174560546875 37.875278472900390625 37.751468658447265625
-9999 -9999 -9999 -9999 -9999 -9999 -9999 -9999 -9999 -9999 -9999 -9999 -9999 -9999 -9999 41.5 41.5 41.5 41.5 41.5 41.46405792236328125 41.2840576171875 41.10405731201171875 40.9240570068359375 40.74405670166015625 40.31328582763671875 39.570148468017578125 39.253292083740234375 39.0776824951171875 38.96608734130859375 38.854709625244140625 38.616119384765625 38.377529144287109375 38.13893890380859375 37.900348663330078125 37.717010498046875 37.755130767822265625 37.79325103759765625 37.831371307373046875 37.8694915771484375 37.87368011474609375 37.741870880126953125
-9999 -9999 -9999 -9999 -9999 -9999 -9999 -9999 -9999 -9999 -9999 -9999 -9999 -9999 -9999 41.5 41.5 41.5 41.5 41.5 41.46405792236328125 41.2840576171875 41.10405731201171875 40.9240570068359375 40.74405670166015625 38.9848175048828125 38.828716278076171875 38.813037872314453125 38.80709075927734375 38.803958892822265625 38.74272918701171875 38.4441375732421875 38.14554595947265625 37.846958160400390625 37.548366546630859375 37.33298492431640625 37.45110321044921875 37.569225311279296875 37.687347412109375 37.8054656982421875 37.8720855712890625 37.732273101806640625
-9999 -9999 -9999 -9999 -9999 -9999 -9999 -9999 -9999 -9999 -9999 -9999 -9999 -9999 -9999 -9999 -9999 -9999 -9999 -9999 -9999 -9999 -9999 -9999 -9999 38.799999237060546875 38.799999237060546875 38.799999237060546875 38.799999237060546875 38.799999237060546875 38.723392486572265625 38.360851287841796875 38.030109405517578125 37.7271575927734375 37.448638916015625 37.265369415283203125 37.385372161865234375 37.50537109375 37.625370025634765625 37.745372772216796875 37.81891632080078125 37.706256866455078125
-9999 -9999 -9999 -9999 -9999 -9999 -9999 -9999 -9999 -9999 -9999 -9999 -9999 -9999 -9999 -9999 -9999 -9999 -9999 -9999 -9999 -9999 -9999 -9999 -9999 38.799999237060546875 38.799999237060546875 38.799999237060546875 38.799999237060546875 38.799999237060546875 38.69582366943359375 38.244842529296875 37.885448455810546875 37.592311859130859375 37.34865570068359375 37.205371856689453125 37.32537078857421875 37.445369720458984375 37.565372467041015625 37.68537139892578125 37.764507293701171875 37.67984771728515625
-9999 -9999 -9999 -9999 -9999 -9999 -9999 -9999 -9999 -9999 -9999 -9999 -9999 -9999 -9999 -9999 -9999 -9999 -9999 -9999 -9999 -9999 -9999 -9999 -9999 38.799999237060546875 38.799999237060546875 38.799999237060546875 38.799999237060546875 38.799999237060546875 38.64354705810546875 38.064422607421875 37.692169189453125 37.432743072509765625 37.241596221923828125 37.1453704833984375 37.265369415283203125 37.385372161865234375 37.50537109375 37.625370025634765625 37.710094451904296875 37.653438568115234375
