INPUT/RASTER/maxent_background_data/tpi.asc
ncols        225
nrows        269
xllcorner    473000.000000000000
yllcorner    4429100.000000000000
cellsize     50.000000000000
NODATA_value -9999
[rows 114 to 132 of 269, columns 168 to 209 of 225]
-0.052534263581037521362 -0.18428188562393188477 -0.16571560502052307129 -0.098547950387001037598 0.023490972816944122314 0.10568606853485107422 0.22372722625732421875 0.11613871157169342041 0.074107564985752105713 -0.010593468323349952698 -0.074496947228908538818 -0.098493851721286773682 -0.057155970484018325806 -0.0044176792725920677185 0.03266926109790802002 0.066663764417171478271 0.063712634146213531494 0.031913850456476211548 -0.024833705276250839233 -0.092619977891445159912 -0.023165289312601089478 -0.0091499071568250656128 0.014679661020636558533 0.018239101395010948181 0.043251723051071166992 0.055294148623943328857 0.41480419039726257324 1.0210518836975097656 0.055301703512668609619 -1.4169689416885375977 -9999 -9999 -9999 -9999 -9999 -9999 -9999 -9999 -9999 -9999 -9999 -9999
-0.14734722673892974854 -0.108870677649974823 -0.018428817391395568848 -0.029819283634424209595 0.067012265324592590332 0.14834378659725189209 0.38225597143173217773 0.27808839082717895508 0.057309627532958984375 0.031279399991035461426 0.066331215202808380127 0.056316848844289779663 0.024894822388887405396 0.016402825713157653809 0.0062762685120105743408 -0.0013132757740095257759 -0.003248537890613079071 0.0068854242563247680664 0.02646999061107635498 -0.02028533443808555603 -0.0018688255222514271736 0.026162842288613319397 0.085544809699058532715 0.076057374477386474609 0.060925889760255813599 0.14889617264270782471 0.7948029637336730957 0.38268440961837768555 -0.61595338582992553711 -0.90376925468444824219 -9999 -9999 -9999 -9999 -9999 -9999 -9999 -9999 -9999 -9999 -9999 -9999
-0.14615796506404876709 -0.028364829719066619873 0.13824820518493652344 0.1041956096887588501 0.072134509682655334473 0.083194568753242492676 0.13288472592830657959 0.055620606988668441772 -0.011432667262852191925 -0.0052326754666864871979 0.0565338917076587677 0.12442781031131744385 0.060642212629318237305 0.031669661402702331543 0.0061767455190420150757 -0.015240506269037723541 -0.044757988303899765015 -0.053580082952976226807 0.011685644276440143585 0.027130456641316413879 0.029893828555941581726 0.06749223172664642334 0.20903533697128295898 0.11370023339986801147 0.015602674335241317749 0.33181875944137573242 1.0001939535140991211 -1.4481691122055053711 -1.3033537864685058594 -0.4827537238597869873 -9999 -9999 -9999 -9999 -9999 -9999 -9999 -9999 -9999 -9999 -9999 -9999
-0.10751625895500183105 0.015961287543177604675 0.19326002895832061768 0.31618443131446838379 0.18966162204742431641 0.073757156729698181152 -0.10184409469366073608 -0.11555635184049606323 -0.04746166616678237915 -0.035063911229372024536 -0.00024932975065894424915 0.069843225181102752686 0.049969077110290527344 0.026943923905491828918 0.0086514363065361976624 -0.02879284881055355072 -0.10451804101467132568 -0.1398989260196685791 0.031181424856185913086 0.11716222763061523438 0.060463625937700271606 0.049886245280504226685 0.12030083686113357544 0.086095668375492095947 0.1136843562126159668 0.78234118223190307617 1.2145655155181884766 -1.6693084239959716797 -0.83159410953521728516 -9999 -9999 -9999 -9999 -9999 -9999 -9999 -9999 -9999 -9999 -9999 -9999 -9999
-0.015960909426212310791 -0.065226577222347259521 0.081196352839469909668 0.41115108132362365723 0.56234669685363769531 0.27870970964431762695 -0.066511079668998718262 -0.060007281601428985596 0.0037063132040202617645 -0.017216008156538009644 0.0076073179952800273895 0.071845032274723052979 0.075372472405433654785 0.051842145621776580811 0.030007701367139816284 -0.038632966578006744385 -0.19495789706707000732 -0.23645509779453277588 0.01408563368022441864 0.12000365555286407471 0.097492463886737823486 0.015592157840728759766 0.065417915582656860352 0.13588978350162506104 0.40949031710624694824 1.2541480064392089844 0.43104317784309387207 -1.1745510101318359375 -9999 -9999 -9999 -9999 -9999 -9999 -9999 -9999 -9999 -9999 -9999 -9999 -9999 -9999
0.073961943387985229492 -0.13702738285064697266 -0.17658831179141998291 0.052422996610403060913 0.15783520042896270752 -0.25665777921676635742 -0.33550789952278137207 0.12483291327953338623 0.19277991354465484619 0.0043459679000079631805 -0.045461960136890411377 -0.01054781302809715271 0.056328244507312774658 0.082927629351615905762 0.04764842987060546875 -0.039304047822952270508 -0.10366706550121307373 -0.11498875916004180908 -0.020654391497373580933 0.028668537735939025879 0.10379864275455474854 0.052489615976810455322 0.13945187628269195557 0.050628490746021270752 0.21636918187141418457 0.50817030668258666992 0.073086410760879516602 -1.4947557449340820312 -9999 -9999 -9999 -9999 -9999 -9999 -9999 -9999 -9999 -9999 -9999 -9999 -9999 -9999
0.034688163548707962036 -0.066457785665988922119 -0.17406071722507476807 0.003848222317174077034 0.15775960683822631836 -0.31076833605766296387 -0.4011325836181640625 0.16765330731868743896 0.50308954715728759766 0.23010602593421936035 0.013652600347995758057 -0.034431502223014831543 0.0038003048393875360489 0.10970747470855712891 0.12193593382835388184 0.018506845459342002869 -0.0059820101596415042877 -0.024508060887455940247 0.017531562596559524536 0.025478677824139595032 0.073854357004165649414 0.12007923424243927002 0.28583127260208129883 0.040643323212862014771 0.13277676701545715332 0.16514769196510314941 0.14589813351631164551 -1.6282953023910522461 -2.2085664272308349609 -9999 -9999 -9999 -9999 -9999 -9999 -9999 -9999 -9999 -9999 -9999 -9999 -9999
-0.013833420351147651672 -0.084218800067901611328 -0.20693516731262207031 -0.059601593762636184692 0.12499875575304031372 -0.023086724802851676941 -0.16476966440677642822 -0.18009540438652038574 0.053857170045375823975 0.11391898244619369507 0.081638723611831665039 0.031379293650388717651 -0.12277957797050476074 -0.063373833894729614258 0.053055796772241592407 0.010727246291935443878 0.0043548941612243652344 -0.017284804955124855042 0.045524049550294876099 0.027414362877607345581 0.033525872975587844849 0.13396522402763366699 0.41344594955444335938 0.071056060492992401123 0.1552012711763381958 0.12500692903995513916 0.41422513127326965332 -1.2942246198654174805 -1.5398728847503662109 -9999 -9999 -9999 -9999 -9999 -9999 -9999 -9999 -9999 -9999 -9999 -9999 -9999
-0.035449996590614318848 -0.12659931182861328125 -0.22339071333408355713 -0.065018169581890106201 -0.028281686827540397644 0.0095058940351009368896 0.19546438753604888916 -0.062140602618455886841 -0.0094032678753137588501 0.03193758055567741394 0.033180482685565948486 0.055595733225345611572 0.076120920479297637939 -0.029764996841549873352 0.010775784030556678772 0.024798795580863952637 0.048810109496116638184 0.041946750134229660034 0.1503671109676361084 0.095598280429840087891 0.071470730006694793701 0.18358051776885986328 0.40309700369834899902 0.094330608844757080078 0.135675773024559021 0.10204882919788360596 0.61632376909255981445 -1.3941773176193237305 -1.4617556333541870117 -9999 -9999 -9999 -9999 -9999 -9999 -9999 -9999 -9999 -9999 -9999 -9999 -9999
-0.24762107431888580322 -0.51981276273727416992 -0.54023015499114990234 -0.22092108428478240967 -0.21167838573455810547 0.057311434298753738403 0.39873349666595458984 0.45595073699951171875 0.16040219366550445557 0.012141229584813117981 -0.06802403181791305542 -0.072752870619297027588 0.1187442094087600708 0.16380263864994049072 -0.040829829871654510498 -0.090965867042541503906 -0.10100641101598739624 -0.16001400351524353027 -0.037575505673885345459 0.0058211265131831169128 0.057386368513107299805 0.1534344106912612915 0.25315436720848083496 0.057269282639026641846 0.11839298158884048462 0.17880147695541381836 0.72177183628082275391 -1.2787532806396484375 -1.4244890213012695312 -9999 -9999 -9999 -9999 -9999 -9999 -9999 -9999 -9999 -9999 -9999 -9999 -9999
-0.26833108067512512207 -0.61771255731582641602 -0.7754599452018737793 -0.52263343334197998047 -0.31955757737159729004 0.079118616878986358643 0.24160534143447875977 0.67700630426406860352 0.81796318292617797852 0.37600567936897277832 0.016845731064677238464 -0.065283715724945068359 0.154318198561668396 0.36017096042633056641 0.14318823814392089844 -0.0054688584059476852417 -0.11025198549032211304 -0.28560748696327209473 -0.15997104346752166748 -0.02938114851713180542 0.057219192385673522949 0.17063161730766296387 0.23413257300853729248 -0.017900044098496437073 0.034788269549608230591 0.26240229606628417969 0.75064808130264282227 -1.0700423717498779297 -1.5696359872817993164 -9999 -9999 -9999 -9999 -9999 -9999 -9999 -9999 -9999 -9999 -9999 -9999 -9999
-0.02442017383873462677 -0.16822890937328338623 -0.40904647111892700195 -0.38650634884834289551 -0.4948355555534362793 -0.16010843217372894287 -0.03659299015998840332 0.18097065389156341553 0.0051585109904408454895 -0.34464159607887268066 0.1376724541187286377 0.076704397797584533691 0.086243733763694763184 0.12873677909374237061 0.12064856290817260742 0.059872474521398544312 0.022752150893211364746 -0.13932432234287261963 -0.29760396480560302734 -0.15764078497886657715 -0.02795229107141494751 0.15584126114845275879 0.26089975237846374512 -0.012540791183710098267 0.066726244986057281494 0.40328556299209594727 1.2810080051422119141 -0.52045845985412597656 -1.7890866994857788086 -9999 -9999 -9999 -9999 -9999 -9999 -9999 -9999 -9999 -9999 -9999 -9999 -9999
0.19574201107025146484 -0.023343173786997795105 -0.1490160524845123291 -0.029585672542452812195 -0.2183704376220703125 -0.29102823138236999512 -0.20207335054874420166 -0.27967369556427001953 -1.3123798370361328125 -1.1965832710266113281 0.55272221565246582031 0.35583460330963134766 0.078631415963172912598 0.032592523843050003052 0.063607521355152130127 0.046767469495534896851 0.06626329571008682251 -0.086075305938720703125 -0.22023300826549530029 -0.11297995597124099731 0.013448187150061130524 0.14417693018913269043 0.28726109862327575684 0.15778367221355438232 0.16639386117458343506 0.30728140473365783691 1.2443031072616577148 -0.30812752246856689453 -1.7643860578536987305 -9999 -9999 -9999 -9999 -9999 -9999 -9999 -9999 -9999 -9999 -9999 -9999 -9999
0.11400187760591506958 0.022553939372301101685 0.16073347628116607666 0.36713686585426330566 0.23147654533386230469 0.028596058487892150879 0.12008067965507507324 -0.21592544019222259521 -0.53666442632675170898 -0.19397996366024017334 0.81255692243576049805 0.6349226832389831543 0.13963991403579711914 0.0085933143272995948792 0.040903843939304351807 0.019584303721785545349 0.055713638663291931152 -0.11751203238964080811 -0.20466902852058410645 -0.012246611528098583221 0.15853424370288848877 0.18030288815498352051 0.22745399177074432373 0.40449094772338867188 0.5636336207389831543 0.35090687870979309082 1.2405472993850708008 0.40031251311302185059 -1.4140836000442504883 -1.0164313316345214844 -9999 -9999 -9999 -9999 -9999 -9999 -9999 -9999 -9999 -9999 -9999 -9999
-0.26024669408798217773 -0.42955377697944641113 -0.28147092461585998535 0.25464636087417602539 0.64606827497482299805 0.70529675483703613281 0.71002000570297241211 -1.0537447929382324219 -0.77826827764511108398 -0.09422759711742401123 0.21854427456855773926 0.63023144006729125977 0.33782610297203063965 0.037997085601091384888 0.039748292416334152222 0.0046968972310423851013 0.029018349945545196533 -0.16444960236549377441 -0.14177952706813812256 0.12924905121326446533 0.37942293286323547363 0.22398705780506134033 0.1356779932975769043 0.25035315752029418945 0.3893464505672454834 0.24739415943622589111 1.1218057870864868164 0.40704771876335144043 -1.3902440071105957031 -0.85653567314147949219 -9999 -9999 -9999 -9999 -9999 -9999 -9999 -9999 -9999 -9999 -9999 -9999
0.024604840204119682312 -0.78495544195175170898 -1.1706665754318237305 -0.31383219361305236816 0.30037406086921691895 0.92686861753463745117 1.1905924081802368164 -0.8075695037841796875 -1.1688551902770996094 -0.12737485766410827637 0.055793583393096923828 0.24468591809272766113 0.57898122072219848633 0.14343251287937164307 0.055093728005886077881 0.0023752041161060333252 0.0113094281405210495 -0.080259539186954498291 0.1388927847146987915 0.34408804774284362793 0.53120005130767822266 0.23111003637313842773 0.12418486177921295166 0.13966771960258483887 0.17604583501815795898 0.13275995850563049316 1.0226663351058959961 0.54012137651443481445 -1.8170685768127441406 -2.3114833831787109375 0.94884073734283447266 -9999 -9999 -9999 -9999 -9999 -9999 -9999 -9999 -9999 -9999 -9999
0.49121838808059692383 -0.40517136454582214355 -1.5051262378692626953 -1.0437655448913574219 -0.24687473475933074951 0.27594536542892456055 0.4683653414249420166 -0.63513970375061035156 -1.5108963251113891602 -0.36972346901893615723 -0.21736186742782592773 -0.23595626652240753174 0.44993111491203308105 0.29360914230346679688 0.049559101462364196777 -0.074139513075351715088 -0.010395200923085212708 0.084902092814445495605 0.17846366763114929199 0.14751911163330078125 0.16344790160655975342 0.092331647872924804688 0.085102356970310211182 0.15681809186935424805 0.15209724009037017822 0.08084793388843536377 0.94496834278106689453 0.67293941974639892578 -1.2592840194702148438 -1.4550528526306152344 0.03888433799147605896 2.2403504848480224609 1.7883303165435791016 2.1227557659149169922 -9999 -9999 -9999 -9999 -9999 -9999 -9999 -9999
0.91207206249237060547 0.34061151742935180664 -0.62831503152847290039 -0.85857796669006347656 -0.45064485073089599609 -0.074018359184265136719 -0.1365489661693572998 -0.88124179840087890625 -1.3081924915313720703 -0.40348893404006958008 0.023190213367342948914 -0.029589004814624786377 0.41034543514251708984 0.49542480707168579102 0.098478659987449645996 -0.18711566925048828125 0.036603454500436782837 0.19670882821083068848 0.15071594715118408203 0.073318697512149810791 0.075756125152111053467 0.073125816881656646729 0.10068817436695098877 0.20259688794612884521 0.19838587939739227295 0.099802665412425994873 0.94846498966217041016 1.0481595993041992188 -0.48505696654319763184 -0.97677713632583618164 -0.63249254226684570312 0.96036130189895629883 0.8942953944206237793 0.99904733896255493164 1.5393365621566772461 -9999 -9999 -9999 -9999 -9999 -9999 -9999
0.53311324119567871094 0.21046289801597595215 -0.30288454890251159668 -0.53676068782806396484 -0.23844777047634124756 -0.24982605874538421631 -0.34073349833488464355 -0.66848474740982055664 -0.47138330340385437012 -0.076729856431484222412 0.21199826896190643311 0.04614458233118057251 0.13868139684200286865 0.12704665958881378174 0.077069446444511413574 -0.11894457787275314331 0.11168072372674942017 0.17647290229797363281 0.068848222494125366211 -0.012332119978964328766 -0.010495911352336406708 -0.011433578096330165863 -0.0071412045508623123169 -0.066790498793125152588 0.014337405562400817871 0.15561380982398986816 1.0010788440704345703 1.1943787336349487305 0.062458023428916931152 -2.5294446945190429688 -2.1980710029602050781 -0.2311188429594039917 0.32539501786231994629 0.29859939217567443848 0.98570919036865234375 -9999 -9999 -9999 -9999 -9999 -9999 -9999
