INPUT/RASTER/maxent_background_data/tpi.asc
ncols        225
nrows        269
xllcorner    473000.000000000000
yllcorner    4429100.000000000000
cellsize     50.000000000000
NODATA_value -9999
[rows 171 to 189 of 269, columns 84 to 125 of 225]
-0.62699681520462036133 -0.57253181934356689453 -1.3517405986785888672 -1.4535081386566162109 -0.57835692167282104492 0.031988333910703659058 0.82820075750350952148 0.69559746980667114258 -0.04312271997332572937 -0.18862131237983703613 0.015665566548705101013 -0.13310198485851287842 -0.0032305028289556503296 -0.23737043142318725586 0.23227888345718383789 0.57262367010116577148 0.32352119684219360352 -0.12699720263481140137 -0.023394986987113952637 0.13681690394878387451 0.084884338080883026123 0.27443435788154602051 0.39695706963539123535 1.7521283626556396484 1.8883899450302124023 -1.083468317985534668 -1.1063981056213378906 -0.93117797374725341797 -2.1989848613739013672 -3.5922672748565673828 -1.0034394264221191406 -1.1458746194839477539 1.1258529424667358398 0.82569324970245361328 2.6182873249053955078 1.2686216831207275391 0.87526875734329223633 0.8274390101432800293 0.58097243309020996094 0.5690262913703918457 0.43127119541168212891 -0.12296106666326522827
-1.1246287822723388672 -1.043853759765625 -1.1888203620910644531 -0.54169666767120361328 -0.28863507509231567383 0.12098160386085510254 0.32079264521598815918 -0.35198095440864562988 -0.53284478187561035156 -0.61895900964736938477 -0.0095748212188482284546 0.23232908546924591064 0.091506250202655792236 -0.19308348000049591064 0.25395548343658447266 0.28296196460723876953 0.10044521093368530273 -0.048567030578851699829 -0.11831817775964736938 0.067564256489276885986 -0.0084827374666929244995 0.1335392296314239502 0.39434760808944702148 1.7051244974136352539 2.9182305335998535156 -1.1824810504913330078 -1.14435577392578125 -0.60851538181304931641 -1.9941086769104003906 -3.4187803268432617188 -0.89968478679656982422 -1.4380109310150146484 0.049501363188028335571 -0.62942999601364135742 0.092855758965015411377 0.73912489414215087891 2.0747594833374023438 1.3014954328536987305 1.4500516653060913086 0.86782759428024291992 1.1726897954940795898 1.5077298879623413086
-0.60628437995910644531 -0.5638408660888671875 -0.2614300847053527832 -0.1034018397331237793 -0.54346770048141479492 -0.36620196700096130371 -0.47634989023208618164 -1.0589157342910766602 -0.59057837724685668945 -1.0871678590774536133 -0.42020583152770996094 0.16303081810474395752 0.090856157243251800537 0.067468270659446716309 0.16152878105640411377 0.025400891900062561035 0.077333249151706695557 0.080704919993877410889 -0.087073624134063720703 -0.01750214211642742157 0.00088637671433389186859 0.22258830070495605469 0.34994831681251525879 1.6385955810546875 4.3647103309631347656 0.37049427628517150879 -0.79602080583572387695 -0.16606122255325317383 -1.1466464996337890625 -2.9062066078186035156 -0.36227932572364807129 -0.88510698080062866211 -0.026619981974363327026 -0.5508587956428527832 1.2722756862640380859 2.371524810791015625 3.040027618408203125 0.94007527828216552734 0.63281905651092529297 1.476832270622253418 2.4442744255065917969 3.4100310802459716797
-0.59031629562377929688 -0.35369786620140075684 -0.1236899644136428833 -0.12903009355068206787 -0.35131919384002685547 -0.11180714517831802368 -0.33769264817237854004 -0.12713454663753509521 0.2971661984920501709 -0.4437827765941619873 -0.6129366755485534668 -0.61373543739318847656 0.13825045526027679443 0.26498684287071228027 -0.24437148869037628174 -0.59822517633438110352 -0.25586399435997009277 -0.037770904600620269775 -0.19097189605236053467 -0.27267536520957946777 -0.11413531005382537842 0.13192866742610931396 0.21529455482959747314 2.2128701210021972656 5.910190582275390625 2.5162017345428466797 -0.079415373504161834717 -0.091781541705131530762 -1.7599762678146362305 -4.5551586151123046875 -3.5546314716339111328 -3.2468700408935546875 -1.8212270736694335938 -1.5688518285751342773 2.0586402416229248047 2.4117915630340576172 1.4623129367828369141 -0.82717382907867431641 -1.0108404159545898438 0.77826857566833496094 0.8150189518928527832 2.6464197635650634766
-0.6728661656379699707 -0.3111661076545715332 -0.13050957024097442627 -0.15629743039608001709 0.0039691850543022155762 0.38290700316429138184 0.21918918192386627197 0.46942991018295288086 0.76052701473236083984 0.47627076506614685059 0.24222986400127410889 0.31668522953987121582 0.68809378147125244141 0.35544699430465698242 -0.22071303427219390869 -0.54709672927856445312 -0.18440732359886169434 0.032891541719436645508 -0.063129410147666931152 0.032819326967000961304 0.0091172792017459869385 0.13733235001564025879 0.31091007590293884277 2.6820237636566162109 4.0433697700500488281 1.3129891157150268555 0.15456567704677581787 -0.18825061619281768799 -2.1379618644714355469 -3.4170136451721191406 -1.972323298454284668 -1.3031017780303955078 -0.50807642936706542969 -0.53412979841232299805 2.3663733005523681641 3.0077972412109375 1.0629829168319702148 -0.97829163074493408203 -0.73642170429229736328 1.9920077323913574219 1.8662099838256835938 1.5896908044815063477
-0.89936304092407226562 -0.42268547415733337402 -0.37056952714920043945 -0.25095790624618530273 -0.23300568759441375732 0.11088759452104568481 0.072714231908321380615 0.55416351556777954102 1.1506345272064208984 0.40606352686882019043 0.67359846830368041992 1.09937286376953125 0.56066900491714477539 0.11980260908603668213 -0.22131517529487609863 -0.16982345283031463623 0.012056400999426841736 0.054466430097818374634 -0.0045253317803144454956 0.20613898336887359619 -0.0052138492465019226074 0.02063408680260181427 0.81792807579040527344 3.2513916492462158203 1.2193048000335693359 -0.68165022134780883789 -0.74775451421737670898 -0.77717769145965576172 -2.4172689914703369141 -2.6460242271423339844 0.56295114755630493164 2.3491303920745849609 2.3812022209167480469 -0.078446671366691589355 -0.81824958324432373047 0.51145708560943603516 -0.36230072379112243652 -2.3212714195251464844 -2.4442300796508789062 -0.1532564014196395874 1.062115788459777832 1.7660428285598754883
-1.0893496274948120117 -0.29608750343322753906 -0.2860876619815826416 0.47214967012405395508 -0.15413962304592132568 -0.03215476498007774353 -0.006420526653528213501 0.38015151023864746094 0.71742379665374755859 0.37437731027603149414 0.71199625730514526367 0.53020042181015014648 0.17740188539028167725 0.10998783260583877563 -0.068874254822731018066 -0.064461924135684967041 0.0077945119701325893402 0.056058187037706375122 0.0061302515678107738495 0.28472405672073364258 0.19007124006748199463 0.47054082155227661133 2.3018944263458251953 2.0480201244354248047 -0.36283919215202331543 -0.18424248695373535156 -0.11721348762512207031 -0.57086545228958129883 -1.6265628337860107422 -1.8635438680648803711 0.05482317507266998291 1.1670817136764526367 1.6420663595199584961 0.14076629281044006348 -0.67082297801971435547 -0.047690000385046005249 -0.97863256931304931641 -1.5860399007797241211 -0.90171945095062255859 0.4720579981803894043 -1.0608462095260620117 -0.72987997531890869141
-0.83108472824096679688 0.12281364947557449341 -0.04553899914026260376 0.85824525356292724609 -0.042555559426546096802 -0.0149710802361369133 0.16766476631164550781 0.58003920316696166992 0.91980624198913574219 1.1719672679901123047 1.0270010232925415039 0.55504590272903442383 0.69425523281097412109 0.85794681310653686523 0.628238677978515625 0.40186381340026855469 0.15929362177848815918 0.074199050664901733398 -0.0026679281145334243774 0.2573331296443939209 0.60656720399856567383 1.8527647256851196289 2.7985231876373291016 -0.90568548440933227539 -0.95788109302520751953 -0.72483217716217041016 -0.61771047115325927734 -0.90505838394165039062 -2.8395974636077880859 -2.7382178306579589844 -0.38341301679611206055 -0.30608960986137390137 1.0008357763290405273 0.0052401558496057987213 -0.65151691436767578125 -2.6566176414489746094 -3.5372953414916992188 -2.8158621788024902344 -1.0656086206436157227 0.46537268161773681641 -0.89305090904235839844 -1.2626633644104003906
-0.34125098586082458496 1.0245959758758544922 0.8588421940803527832 0.51703989505767822266 0.043337702751159667969 -0.19667689502239227295 -0.055793326348066329956 0.40130823850631713867 0.74681043624877929688 0.87212777137756347656 1.2195751667022705078 1.2182645797729492188 0.51583027839660644531 0.023034280166029930115 -0.10646095871925354004 0.64504992961883544922 0.72667127847671508789 0.22414821386337280273 0.0016415594145655632019 0.2903842628002166748 1.2887017726898193359 2.9880006313323974609 0.63633358478546142578 -0.62964832782745361328 -0.33212044835090637207 -0.31747576594352722168 -0.42705583572387695312 -0.40493664145469665527 -3.1958243846893310547 -2.6069767475128173828 0.26103854179382324219 -0.10591185837984085083 1.8934681415557861328 0.84177327156066894531 -0.41000413894653320312 -1.6917681694030761719 -1.4450170993804931641 -1.2080020904541015625 -0.96349853277206420898 -0.90540087223052978516 -1.2020279169082641602 -0.045829229056835174561
0.11339255422353744507 1.3809809684753417969 1.3037917613983154297 0.35583475232124328613 -0.022167999297380447388 -0.26395040750503540039 -0.3274110257625579834 -0.055480405688285827637 0.40289321541786193848 0.32279884815216064453 0.87286561727523803711 1.1381425857543945312 0.090505339205265045166 -0.65548503398895263672 -0.86319208145141601562 0.10956601053476333618 1.7659937143325805664 1.205525517463684082 0.476104736328125 0.56669723987579345703 2.0089468955993652344 2.2785658836364746094 -0.11086446046829223633 -0.61883658170700073242 -0.44741794466972351074 -0.50818556547164916992 -0.45762035250663757324 -0.94989544153213500977 -2.3809263706207275391 -1.6646474599838256836 0.99871850013732910156 0.45007455348968505859 2.0501120090484619141 1.7249588966369628906 0.72460055351257324219 -1.0255762338638305664 -1.2146418094635009766 -0.48775845766067504883 -0.29283958673477172852 -0.89032965898513793945 -2.5185325145721435547 -2.8728280067443847656
0.23208156228065490723 0.87999856472015380859 0.76650196313858032227 0.44597670435905456543 0.013751531019806861877 -0.18071609735488891602 -0.21529147028923034668 -0.026426235213875770569 0.26891034841537475586 -0.17263257503509521484 0.21039898693561553955 0.52574640512466430664 0.01423092372715473175 -1.0192823410034179688 -1.9712185859680175781 -1.0392087697982788086 0.29758152365684509277 1.6947077512741088867 1.6174935102462768555 1.4823431968688964844 2.6291267871856689453 2.5851452350616455078 0.4637495577335357666 0.19489234685897827148 0.11137083917856216431 -0.77496445178985595703 -0.47972032427787780762 -1.5607146024703979492 -1.2192877531051635742 -1.2449859380722045898 0.76194655895233154297 0.37862983345985412598 1.0351011753082275391 1.8647745847702026367 2.7802784442901611328 0.5992577672004699707 -2.0323872566223144531 -0.436252593994140625 0.59398216009140014648 0.10264642536640167236 -1.365851283073425293 -2.1675355434417724609
-0.4641678929328918457 0.62385529279708862305 0.65993845462799072266 0.64623814821243286133 -0.00071399239823222160339 -0.19616241753101348877 -0.015141745097935199738 0.35911300778388977051 0.59189498424530029297 0.22805735468864440918 0.56882488727569580078 0.55960828065872192383 0.29109245538711547852 -0.35744225978851318359 -0.65360015630722045898 0.40629255771636962891 0.49750128388404846191 0.084826730191707611084 2.1020460128784179688 4.6115441322326660156 4.9397711753845214844 2.3323469161987304688 1.0569124221801757812 1.2615671157836914062 0.74610316753387451172 -0.18552032113075256348 -0.43339198827743530273 -1.2034294605255126953 -0.93058305978775024414 -1.294895172119140625 0.77213865518569946289 0.57651245594024658203 0.75602298974990844727 0.92320531606674194336 1.1990613937377929688 0.15508942306041717529 -2.0705211162567138672 -1.3472861051559448242 1.3679064512252807617 -0.40312296152114868164 -2.0777120590209960938 -0.50519323348999023438
-1.1186753511428833008 0.2999210655689239502 0.04330220445990562439 0.6681919097900390625 -0.081909522414207458496 -0.24504543840885162354 0.056978780776262283325 0.58041042089462280273 0.83115726709365844727 0.93417453765869140625 0.1259917914867401123 -0.26768788695335388184 -0.46000558137893676758 -1.2291667461395263672 -1.5807305574417114258 -0.24672301113605499268 -0.58386957645416259766 -1.0855003595352172852 -0.3619314730167388916 0.72924816608428955078 0.66890120506286621094 -1.7852019071578979492 -0.93526798486709594727 0.44180905818939208984 0.20224861800670623779 -0.34794133901596069336 -0.59174364805221557617 -0.72805476188659667969 -2.1938846111297607422 -2.1954045295715332031 0.15702252089977264404 0.26311764121055603027 0.49382430315017700195 0.44201123714447021484 0.41442015767097473145 0.71533423662185668945 -0.56673455238342285156 -2.9925899505615234375 -1.1511449813842773438 -2.4330983161926269531 -2.2495219707489013672 0.81513965129852294922
-1.8464503288269042969 -0.066799573600292205811 -0.29439109563827514648 0.90595269203186035156 -0.0019926789682358503342 -0.18985342979431152344 -0.11810611188411712646 0.28012287616729736328 1.2410330772399902344 1.6714078187942504883 0.25432568788528442383 0.1584300994873046875 0.047209750860929489136 -0.64825671911239624023 -2.1310546398162841797 -0.6554317474365234375 -0.53345239162445068359 -0.90522325038909912109 -0.52846413850784301758 -0.42155987024307250977 -0.36485081911087036133 -1.3846679925918579102 -0.50776821374893188477 0.64193952083587646484 0.679409027099609375 0.29307156801223754883 -0.15787324309349060059 -0.15520782768726348877 -1.5736491680145263672 -2.1523938179016113281 -0.77299892902374267578 -0.48154222965240478516 0.26905739307403564453 0.62416166067123413086 0.77686852216720581055 1.476958155632019043 1.28040313720703125 -1.1610609292984008789 -1.6872774362564086914 -3.59429168701171875 -2.6818561553955078125 0.59326970577239990234
-2.3955304622650146484 -0.52370852231979370117 0.049133714288473129272 1.3059247732162475586 0.4640680849552154541 0.22420427203178405762 0.22521762549877166748 0.58180439472198486328 1.4990679025650024414 1.2153537273406982422 -0.16415488719940185547 0.15565285086631774902 0.56154388189315795898 0.26434955000877380371 -0.67869639396667480469 -0.93718123435974121094 -0.5111872553825378418 0.1225430220365524292 -0.088317200541496276855 0.28237777948379516602 -0.33580091595649719238 -2.5621042251586914062 -2.3158664703369140625 -1.4290709495544433594 0.14611230790615081787 0.3966999053955078125 0.0022615077905356884003 -0.064828500151634216309 -0.80972778797149658203 -1.0482412576675415039 -2.0736777782440185547 -1.1908307075500488281 0.82042640447616577148 1.107151031494140625 1.043908238410949707 1.192683100700378418 1.2752728462219238281 0.54686915874481201172 0.48242470622062683105 -2.1105790138244628906 -2.4156868457794189453 -0.66844260692596435547
-2.6108286380767822266 -0.82995933294296264648 0.032759007066488265991 0.84116750955581665039 0.48296195268630981445 0.49315014481544494629 0.78143030405044555664 0.85951119661331176758 0.80251348018646240234 0.74232804775238037109 -0.25313577055931091309 0.25812053680419921875 0.25072026252746582031 0.40100130438804626465 0.47178626060485839844 -1.2029213905334472656 -0.53472435474395751953 0.63031470775604248047 0.22195717692375183105 1.561179041862487793 1.3043372631072998047 -1.3463820219039916992 -2.0181584358215332031 -1.9126862287521362305 -0.30447682738304138184 0.44344797730445861816 0.40855148434638977051 0.032237783074378967285 -0.28795492649078369141 -0.2566731572151184082 -1.2951256036758422852 -0.63689827919006347656 1.3896856307983398438 1.3092942237854003906 1.5178246498107910156 1.2499253749847412109 0.74671214818954467773 -0.11259425431489944458 0.8966191411018371582 -1.2803769111633300781 -1.2298666238784790039 -1.4694346189498901367
-3.7094385623931884766 -0.92419111728668212891 0.25164213776588439941 0.5834477543830871582 0.58704036474227905273 0.85627472400665283203 1.6281837224960327148 1.1153249740600585938 0.85069787502288818359 0.71243053674697875977 -0.95398038625717163086 -0.10597653687000274658 -0.32773223519325256348 -0.58025431632995605469 -0.95661014318466186523 -1.2413727045059204102 -0.76343065500259399414 0.13310743868350982666 -0.39203104376792907715 0.60530602931976318359 1.5159078836441040039 -1.2148778438568115234 -1.6132482290267944336 -0.90820032358169555664 -0.67349261045455932617 -1.259611964225769043 -0.81173723936080932617 -0.33445072174072265625 -0.5701987147331237793 -0.5980885624885559082 -0.91089129447937011719 -0.4931634068489074707 0.90825355052947998047 0.8659648895263671875 1.2766213417053222656 1.5167778730392456055 0.78929984569549560547 -0.16340912878513336182 0.67221683263778686523 -1.2573633193969726562 -1.2240618467330932617 -1.4827784299850463867
-2.5689501762390136719 1.045418858528137207 0.61966407299041748047 0.85412317514419555664 0.46677550673484802246 0.35814374685287475586 0.76808142662048339844 0.8216915130615234375 0.86697727441787719727 0.39564010500907897949 -1.1967253684997558594 -0.4837621152400970459 -0.31569254398345947266 -0.71723771095275878906 -1.1177211999893188477 -1.9689168930053710938 -1.1399774551391601562 1.0075953006744384766 0.87217301130294799805 0.59405332803726196289 0.78504806756973266602 -1.1329061985015869141 -1.7059826850891113281 -1.1104605197906494141 -1.0708639621734619141 -2.4275381565093994141 -1.3472620248794555664 -0.30408808588981628418 -1.008868098258972168 -1.5045150518417358398 -0.73208445310592651367 -0.43485182523727416992 0.7999089360237121582 0.77939456701278686523 0.77890646457672119141 1.9300111532211303711 1.6101814508438110352 0.51928591728210449219 0.77542251348495483398 -0.91509187221527099609 -1.5840597152709960938 -2.8567526340484619141
-1.151272892951965332 1.4363234043121337891 0.83061456680297851562 1.0156433582305908203 0.18919014930725097656 0.17550517618656158447 0.23177397251129150391 0.28980302810668945312 -0.28167349100112915039 -0.4779255986213684082 -1.5629518032073974609 -0.63119363784790039062 -1.1168534755706787109 -1.4385815858840942383 -0.62809616327285766602 -1.8725017309188842773 -2.1939041614532470703 -0.52682381868362426758 -0.12605287134647369385 -0.078324303030967712402 0.088614225387573242188 0.34643486142158508301 1.0113691091537475586 1.3507091999053955078 1.0898369550704956055 -0.42908293008804321289 -1.6802403926849365234 -1.0225734710693359375 -1.5292993783950805664 -2.2297005653381347656 -1.5382061004638671875 -0.76058328151702880859 0.27792605757713317871 0.00094902620185166597366 0.85791319608688354492 1.527964472770690918 1.22383880615234375 0.99710983037948608398 1.1920197010040283203 -0.49070173501968383789 -0.74780058860778808594 -2.6190183162689208984
