INPUT/RASTER/maxent_background_data/tpi.asc
ncols        225
nrows        269
xllcorner    473000.000000000000
yllcorner    4429100.000000000000
cellsize     50.000000000000
NODATA_value -9999
[rows 38 to 56 of 269, columns 42 to 83 of 225]
0.12049680948257446289 0.46422415971755981445 0.40767329931259155273 0.14236299693584442139 0.30528092384338378906 0.25848731398582458496 0.1271724998950958252 0.067970633506774902344 -0.057475026696920394897 -0.025661151856184005737 0.018983421847224235535 -0.040665488690137863159 0.010058196261525154114 -0.072982221841812133789 0.040063973516225814819 0.16621507704257965088 0.17327901721000671387 0.1637296527624130249 0.27100902795791625977 0.24261496961116790771 0.15459750592708587646 0.089533522725105285645 0.2843151390552520752 -0.025045465677976608276 0.040053136646747589111 0.049935914576053619385 0.13203679025173187256 -9999 -9999 -9999 -9999 -9999 -9999 -9999 -9999 -9999 -9999 -9999 -9999 -9999 -9999 -9999
0.25408390164375305176 0.38937586545944213867 0.57060569524765014648 0.32898560166358947754 0.27307367324829101562 0.18925607204437255859 0.29787093400955200195 0.11253279447555541992 -0.17239776253700256348 -0.11113815754652023315 0.04464626312255859375 -0.0075272000394761562347 -0.061338271945714950562 -0.1026117280125617981 0.12962102890014648438 0.32725694775581359863 0.41770637035369873047 0.38832113146781921387 0.31496325135231018066 0.074739843606948852539 0.048877682536840438843 0.10696785897016525269 0.22161284089088439941 -0.30576151609420776367 -0.3384424746036529541 -0.080334112048149108887 0.022683305665850639343 -9999 -9999 -9999 -9999 -9999 -9999 -9999 -9999 -9999 -9999 -9999 -9999 -9999 -9999 -9999
0.32044515013694763184 0.27110993862152099609 0.52105200290679931641 0.36620217561721801758 0.17113575339317321777 0.16500437259674072266 0.157277718186378479 0.11029673367738723755 -0.10837896913290023804 0.0016469529364258050919 0.16449244320392608643 0.080273330211639404297 -0.0034176770132035017014 -0.060304500162601470947 0.037811383605003356934 0.090141989290714263916 0.21343533694744110107 0.21547196805477142334 0.17947557568550109863 -0.011780506931245326996 -0.0075670643709599971771 0.18063922226428985596 0.20651254057884216309 -0.36614811420440673828 -0.14915649592876434326 -0.031614642590284347534 -0.020272653549909591675 -9999 -9999 -9999 -9999 -9999 -9999 -9999 -9999 -9999 -9999 -9999 -9999 -9999 -9999 -9999
0.41468265652656555176 0.18856836855411529541 0.16122870147228240967 0.070738404989242553711 0.032946757972240447998 0.011637360788881778717 0.026366949081420898438 0.015711165964603424072 0.01284765731543302536 0.012878852896392345428 -0.050875186920166015625 -0.24872890114784240723 -0.46769362688064575195 -0.22527284920215606689 -0.01040417887270450592 -0.10535088926553726196 -0.046609010547399520874 0.050946887582540512085 0.071404874324798583984 -0.068048886954784393311 -0.0067706401459872722626 0.069581165909767150879 0.1275539696216583252 -0.20767393708229064941 -0.01131788548082113266 -0.030202191323041915894 -0.05136133730411529541 -9999 -9999 -9999 -9999 -9999 -9999 -9999 -9999 -9999 -9999 -9999 -9999 -9999 -9999 -9999
0.33548784255981445312 0.19255857169628143311 0.12270508706569671631 0.066303402185440063477 0.015534245409071445465 -0.0042534181848168373108 -0.28137999773025512695 -0.43816432356834411621 -0.44551637768745422363 -0.38416284322738647461 -0.34792724251747131348 -0.37987539172172546387 -0.43043488264083862305 -0.3013585507869720459 -0.22321744263172149658 -0.26423794031143188477 -0.048514299094676971436 0.076393872499465942383 0.13590390980243682861 0.03855177760124206543 0.062727838754653930664 0.057325180619955062866 0.097113601863384246826 -0.094868011772632598877 0.028853563591837882996 0.0088527509942650794983 0.012494328431785106659 -9999 -9999 -9999 -9999 -9999 -9999 -9999 -9999 -9999 -9999 -9999 -9999 -9999 -9999 -9999
0.13721792399883270264 0.01416185963898897171 0.055407162755727767944 -0.037767641246318817139 -0.29904752969741821289 -0.25579193234443664551 -0.15703737735748291016 -0.12429150938987731934 -0.10596929490566253662 -0.095154352486133575439 -0.062385439872741699219 -0.04683475196361541748 -0.016964988783001899719 -0.087965719401836395264 -0.25535336136817932129 -0.38920760154724121094 -0.062635600566864013672 0.075222201645374298096 0.1294580996036529541 0.079561069607734680176 0.12484592944383621216 0.14482565224170684814 0.12525653839111328125 -0.10314238071441650391 9.884675819193944335e-06 -0.0076026893220841884613 -0.0011449706507846713066 -9999 -9999 -9999 -9999 -9999 -9999 -9999 -9999 -9999 -9999 -9999 -9999 -9999 -9999 -9999
0.1904290616512298584 0.0089457891881465911865 0.3275972902774810791 0.2659091949462890625 -0.036329753696918487549 -0.032774988561868667603 -0.040099114179611206055 0.010621096007525920868 -0.034583896398544311523 -0.0723017081618309021 -0.050910893827676773071 -0.096564501523971557617 -0.054657310247421264648 -0.071944795548915863037 -0.054636742919683456421 -0.1484451591968536377 -0.12571839988231658936 -0.0679322853684425354 -0.027806056663393974304 -0.031996417790651321411 0.053704235702753067017 -0.093310482800006866455 -0.33787721395492553711 -0.26342365145683288574 -0.044643871486186981201 -0.020142694935202598572 -0.021061848849058151245 -9999 -9999 -9999 -9999 -9999 -9999 -9999 -9999 -9999 -9999 -9999 -9999 -9999 -9999 -9999
0.32683396339416503906 0.20016884803771972656 0.38122510910034179688 0.31285119056701660156 0.11714732646942138672 0.090143747627735137939 0.089580751955509185791 0.1300856471061706543 0.059842005372047424316 -0.037053246051073074341 -0.037492237985134124756 -0.09250911325216293335 -0.029056057333946228027 -0.061517573893070220947 0.0040301121771335601807 -0.027312552556395530701 -0.021659921854734420776 -0.07504663616418838501 -0.11740574240684509277 -0.052128124982118606567 0.0098151620477437973022 -0.20538271963596343994 -0.36510497331619262695 -0.3327630162239074707 -0.090148434042930603027 -0.036608550697565078735 -0.041643004864454269409 -0.030875571072101593018 -9999 -9999 -9999 -9999 -9999 -9999 -9999 -9999 -9999 -9999 -9999 -9999 -9999 -9999
-0.13596117496490478516 0.066436603665351867676 0.13490435481071472168 0.071031093597412109375 0.1223665773868560791 0.16001863777637481689 0.0015108720399439334869 -0.11122502386569976807 -0.13276019692420959473 -0.17641097307205200195 -0.13914409279823303223 -0.13847693800926208496 -0.022632513195276260376 -0.051207393407821655273 0.017262971028685569763 -0.01287718210369348526 -0.046681180596351623535 -0.041465606540441513062 0.020073784515261650085 0.054573778063058853149 0.083203896880149841309 -0.014611870981752872467 -0.039338514208793640137 -0.18301491439342498779 -0.1090520024299621582 -0.051360387355089187622 0.012345503084361553192 0.078302465379238128662 -9999 -9999 -9999 -9999 -9999 -9999 -9999 -9999 -9999 -9999 -9999 -9999 -9999 -9999
-0.4139626622200012207 -0.14734438061714172363 0.01518697105348110199 -0.10792327672243118286 -0.10247908532619476318 -0.094046935439109802246 -0.22368744015693664551 -0.18415313959121704102 -0.055066093802452087402 -0.07550891488790512085 -0.035579219460487365723 -0.078027047216892242432 0.024129983037710189819 -0.015612755902111530304 0.035211082547903060913 0.0086328238248825073242 -0.010915922001004219055 -0.0079693663865327835083 0.053552791476249694824 0.062323302030563354492 0.075893379747867584229 -0.0045507047325372695923 0.0017221790039911866188 -0.14670222997665405273 -0.1144811585545539856 -0.035036016255617141724 0.09822629392147064209 0.091171734035015106201 -0.12614898383617401123 -9999 -9999 -9999 -9999 -9999 -9999 -9999 -9999 -9999 -9999 -9999 -9999 -9999
-0.13300146162509918213 -0.20041187107563018799 -0.19074501097202301025 -0.32434830069541931152 -0.34124171733856201172 -0.39469221234321594238 -0.58762967586517333984 -0.532871246337890625 -0.23092427849769592285 -0.18441481888294219971 0.045001469552516937256 0.016049982979893684387 0.10134814679622650146 0.027670148760080337524 0.054662264883518218994 0.029026649892330169678 0.020878352224826812744 0.0086472416296601295471 0.034384537488222122192 0.05547221750020980835 0.07943038642406463623 0.017503982409834861755 0.044761247932910919189 -0.10986956208944320679 -0.1682360917329788208 -0.092622578144073486328 0.13748756051063537598 0.16798850893974304199 -0.48868778347969055176 -0.89171350002288818359 -9999 -9999 -9999 -9999 -9999 -9999 -9999 -9999 -9999 -9999 -9999 -9999
0.030176701024174690247 -0.030456198379397392273 -0.033704590052366256714 -0.052996143698692321777 -0.0039193998090922832489 -0.0011880734236910939217 -0.25513368844985961914 -0.60370373725891113281 -0.20379514992237091064 -0.15272946655750274658 -0.033332265913486480713 0.059216592460870742798 0.20576870441436767578 0.06917250901460647583 0.047164980322122573853 0.021960347890853881836 0.0049221091903746128082 -0.045337401330471038818 -0.11224183440208435059 -0.12558233737945556641 -0.071939922869205474854 -0.088437564671039581299 -0.021284136921167373657 -0.099751897156238555908 -0.095297493040561676025 -0.099188625812530517578 0.11970312148332595825 0.25884237885475158691 -0.32522940635681152344 -0.71953487396240234375 -9999 -9999 -9999 -9999 -9999 -9999 -9999 -9999 -9999 -9999 -9999 -9999
-0.076901540160179138184 -0.12710009515285491943 -0.072882294654846191406 -0.06068821251392364502 0.010419457219541072845 0.038793008774518966675 -0.18105182051658630371 -0.083373300731182098389 0.22198528051376342773 0.062540709972381591797 -0.095157139003276824951 0.01848954521119594574 0.52734464406967163086 0.24662297964096069336 0.089744463562965393066 0.025225216522812843323 -0.047048065811395645142 -0.21445481479167938232 -0.18910965323448181152 -0.052564799785614013672 -0.038548927754163742065 -0.026606282219290733337 0.1065419614315032959 0.067841716110706329346 0.056330904364585876465 0.014186331070959568024 0.16483849287033081055 0.34653735160827636719 -0.061478652060031890869 -0.34058120846748352051 -0.49239301681518554688 -0.5090694427490234375 -9999 -9999 -9999 -9999 -9999 -9999 -9999 -9999 -9999 -9999
-0.34942266345024108887 -0.26332709193229675293 -0.042546048760414123535 -0.065490752458572387695 -0.011821601539850234985 0.024276135489344596863 -0.03848603367805480957 0.23534998297691345215 0.34921339154243469238 0.092343397438526153564 -0.14030349254608154297 -0.086388997733592987061 0.31804841756820678711 0.17461788654327392578 0.094213433563709259033 0.017282061278820037842 -0.19360198080539703369 -0.34112143516540527344 0.25498098134994506836 0.48965319991111755371 0.24528624117374420166 0.067615546286106109619 0.13863964378833770752 0.050500277429819107056 0.033896416425704956055 0.046285223215818405151 0.26163363456726074219 0.42157244682312011719 0.020003059878945350647 -0.15762190520763397217 -0.25689101219177246094 -0.56824326515197753906 0.071806415915489196777 0.37419900298118591309 -9999 -9999 -9999 -9999 -9999 -9999 -9999 -9999
-0.56722599267959594727 -0.30105710029602050781 0.033167019486427307129 -0.039080604910850524902 -0.0089035099372267723083 0.011338845826685428619 -0.049178518354892730713 0.10239701718091964722 0.12683404982089996338 0.013536289334297180176 -0.10470411926507949829 -0.16922366619110107422 0.10763189941644668579 0.051700714975595474243 0.077840931713581085205 -0.017260048538446426392 -0.33117714524269104004 0.010618400759994983673 0.92911070585250854492 0.94989782571792602539 0.38579657673835754395 0.16137082874774932861 0.22354474663734436035 0.10003969073295593262 0.048886660486459732056 0.074509181082248687744 0.2343737185001373291 0.02232880517840385437 -0.38349831104278564453 -0.23382920026779174805 -0.09600719064474105835 -0.35346221923828125 -0.21341121196746826172 0.28680321574211120605 0.24828469753265380859 0.14803375303745269775 -9999 -9999 -9999 -9999 -9999 -9999
-0.15572842955589294434 -0.024988478049635887146 0.10906604677438735962 0.022922124713659286499 0.058133665472269058228 0.089187495410442352295 -0.12501849234104156494 0.12082823365926742554 0.11718707531690597534 0.0033028530888259410858 -0.059947226196527481079 -0.20900160074234008789 0.041696131229400634766 0.0045426734723150730133 0.04090032726526260376 -0.085131004452705383301 -0.26457536220550537109 0.10324244201183319092 0.55748093128204345703 0.4637444913387298584 0.19863796234130859375 0.077229917049407958984 0.19144140183925628662 0.13296778500080108643 0.015358100645244121552 -0.041818454861640930176 -0.065716929733753204346 -0.31874132156372070312 -0.55786806344985961914 -0.18919831514358520508 0.02413609623908996582 -0.065362662076950073242 -0.17503093183040618896 0.1027091294527053833 0.19071574509143829346 0.18967902660369873047 0.24324242770671844482 0.1944322735071182251 0.070537529885768890381 -9999 -9999 -9999
0.11495342850685119629 0.15460053086280822754 0.012333086691796779633 -0.012854931876063346863 0.062514320015907287598 0.18684020638465881348 -0.092283084988594055176 0.15037865936756134033 0.09265969693660736084 -0.025164106860756874084 -0.047670572996139526367 -0.27282634377479553223 -0.052827384322881698608 -0.057163175195455551147 0.019597230479121208191 -0.05793980136513710022 -0.13385903835296630859 0.077079206705093383789 0.33337232470512390137 0.22135229408740997314 0.1093866303563117981 0.042920932173728942871 0.19310489296913146973 0.26725798845291137695 0.10018385201692581177 -0.027732176706194877625 -0.18134935200214385986 -0.21448972821235656738 -0.30242136120796203613 -0.047439739108085632324 0.050709586590528488159 -0.010023077018558979034 -0.18001477420330047607 -0.19090233743190765381 -0.074476286768913269043 -0.028158484026789665222 -0.011034866794943809509 -0.083166100084781646729 -0.18300154805183410645 -0.21255606412887573242 -0.13591952621936798096 -0.051883220672607421875
0.2100998610258102417 0.19189569354057312012 -0.31188631057739257812 -0.23832462728023529053 -0.079340130090713500977 0.052698358893394470215 -0.1495587080717086792 -0.14429865777492523193 0.0087428288534283638 -0.044770956039428710938 -0.06298939138650894165 -0.39492782950401306152 -0.076019592583179473877 0.080997787415981292725 0.18402791023254394531 0.062342032790184020996 0.022153336554765701294 0.1411870419979095459 0.32665669918060302734 0.10419443994760513306 0.047693137079477310181 0.029783561825752258301 0.21710453927516937256 0.17960962653160095215 0.030104748904705047607 -0.0077194422483444213867 -0.034275494515895843506 -0.00047272120718844234943 -0.085028484463691711426 0.008112930692732334137 -0.068705178797245025635 -0.27121633291244506836 -0.47851580381393432617 -0.22587668895721435547 -0.074588894844055175781 -0.020205121487379074097 0.0032378409523516893387 -0.13458381593227386475 -0.20961128175258636475 -0.16517308354377746582 -0.095783010125160217285 -0.038064062595367431641
0.15083016455173492432 0.067334949970245361328 -0.42928776144981384277 -0.3119786381721496582 -0.15588806569576263428 -0.025825805962085723877 -0.15601705014705657959 -0.19831551611423492432 -0.039741676300764083862 -0.082589298486709594727 -0.17533667385578155518 -0.520721435546875 -0.0035468270070850849152 0.24547562003135681152 0.14586880803108215332 0.05590345337986946106 0.099028848111629486084 0.19808249175548553467 0.25861766934394836426 0.016413632780313491821 -0.017481828108429908752 0.0092059727758169174194 0.1593761444091796875 0.064164839684963226318 -0.10447083413600921631 -0.10320797562599182129 0.031685892492532730103 0.051643263548612594604 -0.029372489079833030701 -0.022897854447364807129 -0.23410673439502716064 -0.59455329179763793945 -0.5767491459846496582 -0.1256456524133682251 -0.05150152742862701416 -0.033304829150438308716 0.069033488631248474121 0.10748504102230072021 0.08020089566707611084 0.10625900328159332275 0.058496702462434768677 0.014602775685489177704
