INPUT/RASTER/maxent_background_data/tpi.asc
ncols        225
nrows        269
xllcorner    473000.000000000000
yllcorner    4429100.000000000000
cellsize     50.000000000000
NODATA_value -9999
[rows 228 to 246 of 269, columns 168 to 209 of 225]
-2.7617309093475341797 -1.6028587818145751953 -2.8884720802307128906 3.3228752613067626953 3.4559085369110107422 0.8473262786865234375 0.17410255968570709229 0.015151936560869216919 -0.055820632725954055786 0.087840348482131958008 0.33925399184226989746 0.77941954135894775391 0.48138567805290222168 0.20327354967594146729 0.14676907658576965332 0.13904818892478942871 -0.0073766782879829406738 -0.22043141722679138184 -0.78533077239990234375 -0.40374192595481872559 0.053429275751113891602 -0.004402257036417722702 -0.048709064722061157227 -0.10800284892320632935 0.27027359604835510254 0.35310456156730651855 0.14163324236869812012 0.097904421389102935791 0.17151358723640441895 0.094464190304279327393 0.0053335875272750854492 -0.035288844257593154907 0.080096200108528137207 0.22761160135269165039 -1.6827489137649536133 -9999 -9999 -9999 -9999 -9999 -9999 -9999
-0.75352233648300170898 -0.45660355687141418457 -4.5522699356079101562 -1.8654830455780029297 1.6502212285995483398 0.71081453561782836914 0.18103896081447601318 0.032636344432830810547 0.011706455610692501068 0.093970738351345062256 0.14595565199851989746 0.28746935725212097168 0.10443013906478881836 -0.0062689371407032012939 0.028165694326162338257 0.017627924680709838867 -0.33006241917610168457 -0.73950117826461791992 -0.8511778712272644043 -0.40093180537223815918 -0.070799946784973144531 -0.057297710329294204712 0.12811888754367828369 0.099164888262748718262 0.25243416428565979004 0.24518319964408874512 0.079783782362937927246 0.10865057259798049927 0.21746809780597686768 0.14642970263957977295 0.039373982697725296021 -0.00960865803062915802 0.14144337177276611328 0.38579270243644714355 -1.7370984554290771484 -9999 -9999 -9999 -9999 -9999 -9999 -9999
-0.05202655494213104248 0.22336485981941223145 -3.3271548748016357422 -0.64030283689498901367 2.4333901405334472656 0.94017511606216430664 0.16095595061779022217 0.073670670390129089355 0.17507186532020568848 0.10341104865074157715 0.0085296761244535446167 0.11004454642534255981 0.049454186111688613892 -0.028714478015899658203 0.051181633025407791138 0.12509901821613311768 -0.06531448662281036377 -0.10308020561933517456 -0.43586081266403198242 -0.30715543031692504883 -0.0074926014058291912079 0.042781412601470947266 0.18182016909122467041 0.18148253858089447021 0.29479619860649108887 0.30489280819892883301 0.086157187819480895996 0.081553980708122253418 0.12546531856060028076 0.15235050022602081299 0.10773012787103652954 0.10729359835386276245 0.14780813455581665039 0.14266252517700195312 -9999 -9999 -9999 -9999 -9999 -9999 -9999 -9999
-2.7902634143829345703 -0.89029037952423095703 0.51730591058731079102 3.0184350013732910156 3.20340728759765625 0.89679431915283203125 0.056268602609634399414 0.079910092055797576904 0.37705847620964050293 0.37444338202476501465 0.11608738452196121216 0.012683562934398651123 0.0014950870536267757416 -0.22935980558395385742 -0.43891692161560058594 -0.27680501341819763184 -0.27361834049224853516 -0.070871017873287200928 -0.1862983405590057373 -0.20563539862632751465 0.015559898689389228821 0.082310453057289123535 0.15760563313961029053 0.086288124322891235352 0.058093704283237457275 0.26039704680442810059 0.14135168492794036865 0.038169212639331817627 0.0132584376260638237 0.061841793358325958252 0.12082962691783905029 0.29308614134788513184 0.19960173964500427246 -9999 -9999 -9999 -9999 -9999 -9999 -9999 -9999 -9999
-3.0525329113006591797 -0.53798192739486694336 3.3930385112762451172 5.005611419677734375 2.5654468536376953125 0.48876458406448364258 -0.099949382245540618896 0.040289964526891708374 0.20767804980278015137 0.24947050213813781738 0.14397192001342773438 0.026248682290315628052 0.0078613255172967910767 -0.11064108461141586304 -0.2646077275276184082 -0.49439632892608642578 -0.69402050971984863281 -0.20426648855209350586 0.06630290299654006958 -0.10730524361133575439 -0.058860037475824356079 -0.03220713883638381958 -0.056621521711349487305 -0.17254887521266937256 -0.19090034067630767822 0.1053298264741897583 0.24334734678268432617 0.055132575333118438721 -0.0057604098692536354065 0.018892901018261909485 0.052265409380197525024 0.18853767216205596924 -9999 -9999 -9999 -9999 -9999 -9999 -9999 -9999 -9999 -9999
-1.6357101202011108398 0.050883352756500244141 1.7755105495452880859 4.9659790992736816406 2.5252606868743896484 0.54700767993927001953 -0.35478597879409790039 -0.034756764769554138184 0.13444219529628753662 0.16611550748348236084 0.14669428765773773193 0.075032189488410949707 0.077836632728576660156 0.053160205483436584473 0.046524796634912490845 -0.15659952163696289062 -0.53384327888488769531 -0.027823112905025482178 0.19216257333755493164 -0.041790828108787536621 -0.21428272128105163574 -0.15557439625263214111 -0.13785982131958007812 -0.21911281347274780273 -0.32271987199783325195 -0.093568302690982818604 0.14987926185131072998 0.0044759833253920078278 -0.050931680947542190552 -0.0045900586992502212524 0.042681619524955749512 0.06280231475830078125 -9999 -9999 -9999 -9999 -9999 -9999 -9999 -9999 -9999 -9999
1.6802124977111816406 -0.33159708976745605469 -3.7315561771392822266 -1.3518482446670532227 2.0363056659698486328 1.0891025066375732422 -0.20063959062099456787 -0.12544177472591400146 0.022868119180202484131 0.019939221441745758057 -0.0051790331490337848663 0.024683739989995956421 0.11987302452325820923 -0.0010911348508670926094 -0.7825190424919128418 -0.27933752536773681641 -0.17499594390392303467 0.099283002316951751709 0.12722833454608917236 -0.020739315077662467957 -0.039406493306159973145 0.12696577608585357666 0.081607945263385772705 -0.13058960437774658203 -0.19274890422821044922 -0.0082186041399836540222 0.032270245254039764404 0.017835801467299461365 -0.071535341441631317139 -0.0082427449524402618408 0.068845890462398529053 -9999 -9999 -9999 -9999 -9999 -9999 -9999 -9999 -9999 -9999 -9999
1.6775777339935302734 -0.39994481205940246582 -3.1874883174896240234 -0.53934043645858764648 3.0131921768188476562 1.8953313827514648438 0.57135957479476928711 0.40530574321746826172 0.41861435770988464355 0.3537032008171081543 0.31413418054580688477 0.33634746074676513672 0.36281296610832214355 0.082908384501934051514 -0.96337354183197021484 -0.13735607266426086426 0.11405722051858901978 0.15341560542583465576 0.097677402198314666748 0.014490215107798576355 0.0076298671774566173553 0.2116266787052154541 0.19873881340026855469 -0.096190623939037322998 0.0074516320601105690002 0.15419976413249969482 0.17362417280673980713 0.16245576739311218262 0.019163241609930992126 0.070402935147285461426 -9999 -9999 -9999 -9999 -9999 -9999 -9999 -9999 -9999 -9999 -9999 -9999
1.9058665037155151367 0.66872066259384155273 0.52620542049407958984 4.0772800445556640625 3.1771912574768066406 2.1182637214660644531 0.6210390925407409668 0.14614702761173248291 0.11236657202243804932 0.21934926509857177734 0.27792891860008239746 0.13425603508949279785 0.13706886768341064453 -0.32538473606109619141 -0.89671045541763305664 0.081741221249103546143 0.19720739126205444336 0.054255709052085876465 -0.10109018534421920776 -0.010799123905599117279 0.16782067716121673584 0.41645944118499755859 0.60528147220611572266 0.40868452191352844238 0.62702095508575439453 0.36935290694236755371 0.18825456500053405762 0.17411969602108001709 0.14246474206447601318 0.12213018536567687988 -9999 -9999 -9999 -9999 -9999 -9999 -9999 -9999 -9999 -9999 -9999 -9999
1.0808302164077758789 0.4417883455753326416 0.13645949959754943848 0.3894367218017578125 0.78566801548004150391 0.83589833974838256836 -0.095180176198482513428 -0.23544378578662872314 -0.029117982834577560425 0.11410555243492126465 0.19727249443531036377 0.29120799899101257324 0.47302320599555969238 -0.84704124927520751953 -0.95211267471313476562 0.36783003807067871094 0.42638030648231506348 0.082518994808197021484 -0.052404820919036865234 -0.10467267781496047974 0.19334533810615539551 0.34846085309982299805 0.62642383575439453125 0.44235241413116455078 0.28550225496292114258 0.14587864279747009277 0.017881011590361595154 0.044321659952402114868 0.19250822067260742188 -9999 -9999 -9999 -9999 -9999 -9999 -9999 -9999 -9999 -9999 -9999 -9999 -9999
1.474377751350402832 0.57562243938446044922 -0.46043133735656738281 -1.2350080013275146484 -1.3252593278884887695 0.81604057550430297852 0.18990087509155273438 -0.10586068779230117798 0.049561269581317901611 0.062154900282621383667 0.1255070418119430542 0.4676215052604675293 0.35874217748641967773 -0.99340009689331054688 -1.0377538204193115234 0.19270095229148864746 0.43050655722618103027 0.09630469977855682373 0.0019018683815374970436 -0.19045674800872802734 -0.018263829872012138367 0.058297481387853622437 0.28955259919166564941 0.32174140214920043945 -0.016080692410469055176 -0.10448972135782241821 -0.18115006387233734131 0.014509510248899459839 -9999 -9999 -9999 -9999 -9999 -9999 -9999 -9999 -9999 -9999 -9999 -9999 -9999 -9999
0.34369677305221557617 0.34734189510345458984 -0.093927167356014251709 -0.53654122352600097656 -0.81390196084976196289 1.0830373764038085938 0.87689238786697387695 0.1241885945200920105 0.12874849140644073486 0.10083616524934768677 0.1728655397891998291 0.74475950002670288086 0.39536482095718383789 -1.8768002986907958984 -1.3542970418930053711 0.51113545894622802734 0.38961875438690185547 0.13358721137046813965 0.023684471845626831055 -0.15361388027667999268 -0.13603839278221130371 -0.049696996808052062988 0.072560317814350128174 0.0089402729645371437073 -0.034977745264768600464 0.013705440796911716461 -0.084972821176052093506 0.14239709079265594482 -9999 -9999 -9999 -9999 -9999 -9999 -9999 -9999 -9999 -9999 -9999 -9999 -9999 -9999
-0.39522811770439147949 -0.26744627952575683594 0.20223924517631530762 0.53553360700607299805 -0.37853774428367614746 -0.46175807714462280273 1.3384523391723632812 0.35966372489929199219 0.10799798369407653809 0.13345026969909667969 0.27854588627815246582 0.68011945486068725586 -0.068686753511428833008 -1.7677837610244750977 -0.77991122007369995117 0.56742739677429199219 0.32078009843826293945 0.14958707988262176514 0.0318488292396068573 -0.065414920449256896973 -0.14463780820369720459 -0.21553018689155578613 -0.24512211978435516357 -0.17072761058807373047 -0.05897329375147819519 0.1904811859130859375 0.29578182101249694824 -9999 -9999 -9999 -9999 -9999 -9999 -9999 -9999 -9999 -9999 -9999 -9999 -9999 -9999 -9999
-0.47260621190071105957 -0.35678622126579284668 1.1119943857192993164 1.5382859706878662109 0.032913297414779663086 0.66807752847671508789 2.8282103538513183594 1.2018933296203613281 0.29816478490829467773 0.45829620957374572754 0.60457855463027954102 0.36872312426567077637 -0.259738922119140625 -0.80133509635925292969 -0.049014780670404434204 0.54063129425048828125 0.39027771353721618652 0.24398341774940490723 0.042941834777593612671 -0.013420508243143558502 -0.0086783440783619880676 -0.11197947710752487183 -0.099850818514823913574 -0.039292715489864349365 0.074586659669876098633 0.40257921814918518066 -9999 -9999 -9999 -9999 -9999 -9999 -9999 -9999 -9999 -9999 -9999 -9999 -9999 -9999 -9999 -9999
0.50794172286987304688 0.59127759933471679688 2.2458033561706542969 3.046428680419921875 0.76709026098251342773 3.5217111110687255859 5.3762001991271972656 3.3923866748809814453 1.2624074220657348633 0.63254320621490478516 0.34344616532325744629 0.10929868370294570923 -1.4215821027755737305 -0.88163936138153076172 0.42340108752250671387 0.7186864018440246582 0.63603579998016357422 0.46170130372047424316 0.10932110249996185303 0.02257154509425163269 0.038344375789165496826 -0.096124820411205291748 -0.067656412720680236816 0.047774497419595718384 0.2197697758674621582 0.4508698880672454834 -9999 -9999 -9999 -9999 -9999 -9999 -9999 -9999 -9999 -9999 -9999 -9999 -9999 -9999 -9999 -9999
-0.99028939008712768555 -1.990146636962890625 -0.76123809814453125 -0.39047902822494506836 -3.2343134880065917969 -2.81508636474609375 -0.52371495962142944336 2.7742745876312255859 2.2997562885284423828 0.96941703557968139648 -0.5575733184814453125 -1.6445237398147583008 -2.74114990234375 -0.51421105861663818359 0.33811351656913757324 0.24103745818138122559 0.21105904877185821533 0.22078296542167663574 0.15870802104473114014 0.012741169892251491547 0.027141923084855079651 -0.056120492517948150635 -0.11537984758615493774 0.048207279294729232788 0.22758653759956359863 -9999 -9999 -9999 -9999 -9999 -9999 -9999 -9999 -9999 -9999 -9999 -9999 -9999 -9999 -9999 -9999 -9999
-1.716862797737121582 -0.98621958494186401367 0.26865050196647644043 -0.49051317572593688965 -1.6451591253280639648 -2.1522524356842041016 -2.9468934535980224609 -1.270852208137512207 3.0109782218933105469 2.5599522590637207031 -0.69197964668273925781 -1.3777314424514770508 -1.0860859155654907227 0.85696643590927124023 0.25419113039970397949 -0.068338446319103240967 -0.017397843301296234131 0.20263294875621795654 0.29578369855880737305 0.12605270743370056152 0.10317751020193099976 0.060952190309762954712 0.041250113397836685181 0.10483861714601516724 -9999 -9999 -9999 -9999 -9999 -9999 -9999 -9999 -9999 -9999 -9999 -9999 -9999 -9999 -9999 -9999 -9999 -9999
-1.2017613649368286133 -0.72431510686874389648 -0.16554623842239379883 -0.39476481080055236816 -0.43727424740791320801 -1.0986790657043457031 -3.0549473762512207031 -3.6667337417602539062 0.9040978550910949707 1.3960033655166625977 -0.2221333235502243042 -1.0317305326461791992 -0.48947051167488098145 0.61797529458999633789 0.30036184191703796387 0.051415953785181045532 -0.078095376491546630859 -0.16331019997596740723 0.14104357361793518066 0.24234481155872344971 0.078745014965534210205 0.034446571022272109985 0.075543299317359924316 0.072676286101341247559 -9999 -9999 -9999 -9999 -9999 -9999 -9999 -9999 -9999 -9999 -9999 -9999 -9999 -9999 -9999 -9999 -9999 -9999
-0.71428918838500976562 -2.1585459709167480469 -1.0595172643661499023 -0.22441121935844421387 0.3922977745532989502 -0.58328843116760253906 -2.1376919746398925781 -2.0487313270568847656 1.2998836040496826172 0.92144423723220825195 0.30186578631401062012 -2.7519440650939941406 -0.82517594099044799805 0.59735310077667236328 0.48701140284538269043 0.22935266792774200439 -0.031023891642689704895 -0.32597357034683227539 0.23286004364490509033 0.53921347856521606445 0.13251921534538269043 0.026446104049682617188 0.016984963789582252502 -9999 -9999 -9999 -9999 -9999 -9999 -9999 -9999 -9999 -9999 -9999 -9999 -9999 -9999 -9999 -9999 -9999 -9999 -9999
