Phytophthora/models/20240429_1812_56/Phytophthora_PA2_RUN3_MAXENT_outputs/Phytophthora_PA2_RUN3.asc
ncols         225
nrows         269
xllcorner     473000.0
yllcorner     4429100.0
cellsize      50.0
NODATA_value  -9999
[rows 189 to 215 of 269, columns 60 to 119 of 225]
6.43415E-1 6.27474E-1 6.2544E-1 6.42878E-1 7.59473E-1 6.3484E-1 5.45429E-1 4.86346E-1 4.64787E-1 6.2545E-1 4.92677E-1 5.67993E-1 6.01552E-1 6.06278E-1 5.40112E-1 5.84571E-1 5.37841E-1 4.88801E-1 5.18203E-1 2.64971E-1 2.03192E-1 2.08039E-1 2.0481E-1 1.75551E-1 5.01359E-1 3.77061E-1 3.85451E-1 3.13536E-1 3.0091E-1 5.11383E-1 4.26555E-1 4.71327E-1 5.17986E-1 5.03894E-1 5.52985E-1 5.63284E-1 3.50888E-1 1.92939E-1 2.17983E-1 4.62075E-1 1.72807E-1 3.43408E-1 3.58293E-1 4.94623E-1 4.06222E-1 2.33306E-1 3.82809E-1 1.31911E-1 1.70978E-1 1.59353E-1 1.80029E-1 2.1109E-1 4.08149E-1 5.43351E-1 4.67616E-1 2.43418E-1 4.59691E-1 3.88389E-1 4.01851E-1 4.31744E-1
5.79948E-1 6.07633E-1 5.97422E-1 6.65951E-1 7.08977E-1 5.76063E-1 5.2707E-1 4.85789E-1 5.04873E-1 5.70413E-1 7.29006E-1 7.43206E-1 6.83973E-1 6.65036E-1 5.5628E-1 6.05672E-1 5.31012E-1 5.31449E-1 4.44679E-1 2.45371E-1 2.0887E-1 2.24535E-1 2.30125E-1 1.77613E-1 2.87506E-1 3.08539E-1 3.28315E-1 2.95286E-1 3.86309E-1 4.58958E-1 4.29497E-1 4.72387E-1 5.07741E-1 4.83619E-1 1.42776E-1 2.55592E-1 2.51118E-1 1.63484E-1 1.49591E-1 2.03884E-1 1.83254E-1 1.78675E-1 4.56928E-1 4.34157E-1 4.14035E-1 4.25618E-1 4.27373E-1 3.69853E-1 3.2892E-1 1.20368E-1 1.33717E-1 1.24015E-1 1.99855E-1 2.31794E-1 1.53611E-1 4.01926E-1 4.74338E-1 3.52915E-1 3.83736E-1 4.25794E-1
5.80562E-1 5.78853E-1 5.87975E-1 7.07056E-1 6.81792E-1 6.82313E-1 6.3255E-1 6.00365E-1 6.23823E-1 6.23902E-1 5.47519E-1 6.19947E-1 5.62888E-1 7.92872E-1 4.44234E-1 5.55724E-1 3.59314E-1 2.52635E-1 3.52243E-1 3.20237E-1 2.5817E-1 2.95034E-1 3.04481E-1 2.6622E-1 3.26852E-1 3.84495E-1 4.06948E-1 3.02141E-1 6.92119E-1 4.61913E-1 4.66582E-1 5.58291E-1 5.86646E-1 2.29934E-1 5.02933E-1 4.3292E-1 1.85722E-1 1.93536E-1 2.31632E-1 2.88251E-1 2.9396E-1 3.25676E-1 4.63889E-1 5.17133E-1 4.69522E-1 5.07598E-1 3.47417E-1 3.59216E-1 1.34317E-1 3.11518E-1 1.4425E-1 1.30573E-1 1.76017E-1 1.86317E-1 2.04037E-1 1.8918E-1 4.10274E-1 2.86211E-1 3.64931E-1 3.98487E-1
5.95877E-1 5.47528E-1 6.42706E-1 4.34027E-1 3.98782E-1 4.08156E-1 4.09661E-1 5.5872E-1 6.3154E-1 6.60936E-1 4.44629E-1 5.59768E-1 4.21913E-1 3.89503E-1 4.1958E-1 5.39344E-1 2.14118E-1 2.66995E-1 3.14768E-1 3.18945E-1 2.40838E-1 2.60428E-1 2.68542E-1 2.87255E-1 3.1462E-1 2.57661E-1 3.33219E-1 2.36028E-1 6.85651E-1 4.02283E-1 4.26844E-1 3.78395E-1 3.89443E-1 4.66612E-1 7.51835E-2 7.62721E-2 4.71625E-1 1.81153E-1 2.28121E-1 3.02015E-1 3.69509E-1 3.39957E-1 3.59738E-1 4.11763E-1 3.51805E-1 5.06286E-1 3.40697E-1 3.25021E-1 2.81803E-1 2.88341E-1 2.2374E-1 1.54036E-1 1.433E-1 1.64353E-1 1.61877E-1 9.50603E-2 3.78509E-1 3.45879E-1 3.74026E-1 2.90568E-1
6.08312E-1 5.59593E-1 6.45476E-1 4.60478E-1 1.76322E-1 1.34959E-1 6.56751E-1 7.05518E-1 7.56548E-1 3.77355E-1 4.22408E-1 7.09244E-1 6.05708E-1 4.90087E-1 7.19232E-1 7.11829E-1 2.12136E-1 7.31974E-1 3.01231E-1 3.2362E-1 2.30712E-1 4.04926E-1 5.9942E-1 5.04816E-1 4.82256E-1 4.24869E-1 4.30553E-1 3.28008E-1 6.92894E-1 4.14933E-1 4.3363E-1 3.90983E-1 3.61557E-1 6.44241E-1 1.08874E-1 1.40386E-1 4.0924E-1 3.20246E-1 3.63261E-1 3.40479E-1 3.73101E-1 2.94804E-1 2.33361E-1 2.72214E-1 2.59265E-1 2.09529E-1 3.4295E-1 2.71081E-1 2.73267E-1 2.70157E-1 2.63447E-1 3.00426E-1 2.88053E-1 2.45094E-1 2.28466E-1 2.95416E-1 5.27129E-1 4.07416E-1 3.19147E-1 2.69582E-1
6.5072E-1 5.33002E-1 5.4359E-1 2.28472E-1 2.27353E-1 5.32798E-1 6.276E-1 6.09463E-1 5.95311E-1 7.34389E-1 3.86825E-1 5.18147E-1 6.54186E-1 6.25248E-1 4.34632E-1 4.31517E-1 6.40308E-1 6.92953E-1 3.29261E-1 4.12059E-1 4.71893E-1 4.72455E-1 4.42486E-1 6.80675E-1 6.42917E-1 5.95713E-1 5.43159E-1 6.13609E-1 6.68838E-1 5.54186E-1 4.29895E-1 3.44226E-1 3.03043E-1 4.9232E-1 1.49528E-1 3.88756E-1 3.75331E-1 3.68228E-1 3.57419E-1 3.28066E-1 3.74085E-1 3.42096E-1 3.52292E-1 3.66529E-1 3.47559E-1 2.30433E-1 3.85014E-1 2.39058E-1 2.91862E-1 2.90816E-1 2.92048E-1 3.17187E-1 3.46151E-1 3.57065E-1 3.19854E-1 2.71418E-1 3.36832E-1 3.59836E-1 3.17038E-1 2.69136E-1
6.00743E-1 4.81403E-1 2.38216E-1 2.49956E-1 2.78536E-1 6.87785E-1 5.14582E-1 5.96102E-1 6.95797E-1 4.81254E-1 2.603E-1 3.6788E-1 4.07707E-1 4.7161E-1 4.4632E-1 4.88417E-1 4.24159E-1 3.41014E-1 3.63762E-1 2.51862E-1 4.89055E-1 4.04829E-1 6.21749E-1 6.86889E-1 6.44601E-1 5.93664E-1 5.72438E-1 6.13332E-1 6.72776E-1 6.24262E-1 4.11443E-1 3.51413E-1 3.08535E-1 4.62856E-1 9.20233E-2 3.31958E-1 3.10088E-1 3.10397E-1 3.36614E-1 2.82528E-1 3.5247E-1 3.3115E-1 3.09415E-1 3.23708E-1 1.98469E-1 1.22805E-1 1.65403E-1 3.02027E-1 3.2421E-1 3.26103E-1 3.5178E-1 3.63636E-1 3.67835E-1 3.93767E-1 3.43079E-1 2.76525E-1 1.9693E-1 2.79104E-1 3.11651E-1 2.94154E-1
4.97455E-1 3.84392E-1 3.91019E-1 3.62516E-1 4.37419E-1 6.85835E-1 8.06667E-1 6.10647E-1 5.85222E-1 4.95609E-1 5.3805E-1 4.81602E-1 4.79687E-1 4.72435E-1 4.70278E-1 4.62966E-1 2.50299E-1 5.15265E-1 6.37736E-1 7.07408E-1 7.15281E-1 6.4841E-1 5.97997E-1 6.52665E-1 6.68468E-1 8.09015E-1 6.25839E-1 6.4376E-1 4.90981E-1 5.0772E-1 3.46208E-1 3.80128E-1 2.77369E-1 3.34029E-1 6.76156E-2 2.30134E-1 2.47705E-1 2.64487E-1 3.32162E-1 2.60914E-1 1.97752E-1 1.82869E-1 1.7573E-1 1.83958E-1 1.17439E-1 4.43917E-2 2.80615E-1 2.88853E-1 3.29045E-1 3.53157E-1 4.37571E-1 4.26913E-1 4.06053E-1 3.65686E-1 1.7011E-1 2.23367E-1 2.12682E-1 1.85525E-1 3.03526E-1 2.94488E-1
1.72278E-1 5.08057E-1 4.49452E-1 4.92969E-1 6.79553E-1 7.85153E-1 6.68551E-1 7.85599E-1 7.99382E-1 7.47105E-1 7.78394E-1 6.85039E-1 4.21944E-1 3.75554E-1 3.54673E-1 3.84894E-1 6.86713E-1 7.91272E-1 7.3227E-1 7.47063E-1 6.45506E-1 6.16392E-1 5.90381E-1 6.81069E-1 7.43649E-1 4.11864E-1 3.46446E-1 3.84655E-1 5.07232E-1 5.94477E-1 4.31661E-1 3.98619E-1 3.19627E-1 3.90616E-1 1.63159E-1 2.31783E-1 2.11015E-1 2.11333E-1 2.39889E-1 3.16117E-1 1.44257E-1 2.02903E-1 1.66178E-1 2.27381E-1 1.42344E-1 1.82046E-1 3.05342E-1 3.17527E-1 3.93707E-1 3.99622E-1 4.81278E-1 5.22156E-1 5.0864E-1 2.60974E-1 3.53705E-1 1.2023E-1 7.89151E-2 9.39164E-2 1.18043E-1 2.93801E-1
6.54103E-1 6.11024E-1 6.92682E-1 6.30327E-1 6.68912E-1 8.15791E-1 6.93786E-1 7.60554E-1 5.45865E-1 5.46185E-1 4.94989E-1 4.14067E-1 3.696E-1 4.12344E-1 4.13556E-1 7.71818E-1 7.73902E-1 7.86111E-1 7.50283E-1 6.6511E-1 5.71413E-1 5.8714E-1 5.43355E-1 4.4506E-1 3.77294E-1 3.49548E-1 3.00951E-1 2.82352E-1 6.24037E-1 5.44423E-1 3.79948E-1 3.50861E-1 3.40176E-1 3.50898E-1 2.18238E-1 1.98736E-1 1.99473E-1 1.97619E-1 2.0967E-1 1.77133E-1 1.58717E-1 2.67906E-1 8.16048E-2 1.51424E-1 1.8973E-1 2.94695E-1 3.26737E-1 3.55617E-1 4.38967E-1 4.18508E-1 2.48138E-1 3.2118E-1 4.07753E-1 3.60009E-1 3.77858E-1 2.10154E-1 9.6465E-2 9.06499E-2 1.03061E-1 9.40346E-2
4.3259E-1 4.23751E-1 5.07406E-1 5.1418E-1 4.61245E-1 4.10418E-1 4.53111E-1 4.18694E-1 3.55799E-1 3.15016E-1 3.30649E-1 3.01593E-1 3.11024E-1 6.26835E-1 7.89434E-1 6.91549E-1 7.69316E-1 7.87479E-1 7.51666E-1 6.3951E-1 5.46738E-1 5.76826E-1 7.27077E-1 6.5389E-1 3.73279E-1 3.26717E-1 4.54815E-1 5.66135E-1 5.51122E-1 4.76514E-1 3.46998E-1 3.76789E-1 3.90763E-1 3.09358E-1 2.59999E-1 1.88908E-1 1.72343E-1 1.74754E-1 1.90226E-1 1.44266E-1 1.35165E-1 1.6858E-1 1.74674E-1 2.24341E-1 2.17398E-1 2.84736E-1 3.24567E-1 3.70099E-1 4.98567E-1 4.463E-1 3.71637E-1 3.3666E-1 2.07555E-1 3.91E-1 3.22482E-1 1.8017E-1 8.8542E-2 2.03896E-1 1.0069E-1 1.91958E-1
3.29483E-1 3.94623E-1 3.40484E-1 7.69649E-1 4.39194E-1 3.79671E-1 3.87897E-1 3.33365E-1 3.64406E-1 3.38159E-1 3.36594E-1 3.25481E-1 7.26541E-1 5.4399E-1 6.50731E-1 6.16699E-1 7.55155E-1 7.65761E-1 7.91917E-1 7.39371E-1 7.00397E-1 5.65368E-1 4.75607E-1 2.13375E-1 2.18815E-1 2.44676E-1 5.62652E-1 5.47071E-1 5.62251E-1 4.6143E-1 1.91625E-1 1.91513E-1 3.13655E-1 3.38201E-1 2.2417E-1 1.7169E-1 1.523E-1 1.45532E-1 1.75464E-1 1.40666E-1 1.106E-1 1.20203E-1 2.86106E-1 1.93324E-1 2.5184E-1 2.58371E-1 3.15158E-1 4.11097E-1 5.43274E-1 4.56121E-1 3.6229E-1 3.37829E-1 1.10624E-1 3.05132E-1 1.49076E-1 8.09172E-2 4.70392E-2 2.23019E-1 8.96341E-2 1.25881E-1
3.59994E-1 3.75239E-1 2.28736E-1 4.65067E-1 3.35136E-1 3.67366E-1 4.18626E-1 3.50547E-1 3.57103E-1 2.67769E-1 1.76164E-1 5.20903E-1 3.34461E-1 5.19567E-1 6.73933E-1 6.33884E-1 6.19543E-1 6.31945E-1 6.12415E-1 5.54937E-1 2.53915E-1 1.80712E-1 1.2432E-1 9.32056E-2 1.53921E-1 4.27231E-1 4.16184E-1 4.6921E-1 4.97305E-1 4.08741E-1 3.20531E-1 2.62507E-1 2.13111E-1 3.72207E-1 2.7833E-1 1.55685E-1 1.42146E-1 1.3079E-1 1.75573E-1 1.5771E-1 2.37402E-1 2.2756E-1 4.47879E-1 3.64175E-1 3.53534E-1 3.09793E-1 4.21023E-1 6.42347E-1 5.08874E-1 4.50657E-1 3.43667E-1 3.41201E-1 1.83972E-1 2.73817E-1 1.7287E-1 1.16669E-1 7.92375E-2 2.43611E-1 1.36634E-1 1.56475E-1
3.40897E-1 1.91296E-1 3.42327E-1 3.0823E-1 3.27165E-1 3.37011E-1 4.70173E-1 5.39013E-1 5.37143E-1 4.25727E-1 4.42712E-1 5.36877E-1 5.09067E-1 5.80038E-1 6.64456E-1 6.44726E-1 6.43964E-1 6.40706E-1 6.2824E-1 6.40787E-1 5.12482E-1 2.5896E-1 2.24959E-1 2.46435E-1 2.28547E-1 3.55414E-1 4.65859E-1 5.50124E-1 6.03695E-1 4.66522E-1 3.58709E-1 3.27432E-1 2.47183E-1 1.86809E-1 3.37519E-1 1.46377E-1 2.14245E-1 1.38502E-1 2.02719E-1 1.95531E-1 2.61018E-1 2.63114E-1 2.64368E-1 3.34825E-1 2.88788E-1 3.52442E-1 5.81085E-1 6.82754E-1 4.7361E-1 4.13868E-1 3.40868E-1 3.35318E-1 4.85535E-1 2.92585E-1 2.82835E-1 2.15161E-1 2.31781E-1 2.34855E-1 2.05055E-1 1.93411E-1
5.85384E-1 5.62833E-1 5.32133E-1 4.97245E-1 4.9768E-1 6.08748E-1 6.747E-1 7.00111E-1 6.67561E-1 6.65872E-1 6.03372E-1 6.14441E-1 6.22358E-1 6.26361E-1 6.91062E-1 6.59945E-1 6.85216E-1 6.52786E-1 6.23301E-1 6.09469E-1 5.25268E-1 3.10762E-1 2.91571E-1 3.79308E-1 5.09575E-1 5.03455E-1 4.9604E-1 6.41223E-1 7.04811E-1 5.49391E-1 4.29345E-1 3.66538E-1 3.12456E-1 2.50984E-1 1.88409E-1 1.93169E-1 2.89933E-1 3.24867E-1 1.84637E-1 2.71884E-1 2.70523E-1 2.95335E-1 2.96246E-1 3.96517E-1 3.08019E-1 4.74409E-1 6.71082E-1 6.84624E-1 5.0552E-1 4.56089E-1 3.38673E-1 4.05995E-1 6.1381E-1 3.39239E-1 3.68905E-1 3.05518E-1 2.77624E-1 2.34233E-1 1.85198E-1 1.70334E-1
7.08295E-1 7.12239E-1 6.89326E-1 6.86651E-1 7.11664E-1 7.11867E-1 6.94864E-1 6.72646E-1 6.68197E-1 6.74177E-1 6.1048E-1 6.48823E-1 6.68178E-1 6.585E-1 6.1973E-1 6.37107E-1 6.74272E-1 6.21187E-1 6.19945E-1 2.85373E-1 3.36302E-1 3.29487E-1 2.86562E-1 4.26041E-1 5.31401E-1 5.43536E-1 5.29085E-1 6.2683E-1 7.71032E-1 6.95465E-1 5.03738E-1 3.88838E-1 3.49012E-1 2.91825E-1 2.40282E-1 1.95434E-1 2.09059E-1 2.67121E-1 1.71686E-1 3.23509E-1 3.28591E-1 3.13375E-1 3.22458E-1 3.4972E-1 3.23525E-1 6.26556E-1 6.94082E-1 6.12271E-1 4.97105E-1 4.85615E-1 3.51247E-1 5.90055E-1 5.59505E-1 3.68509E-1 3.98027E-1 3.12045E-1 2.5819E-1 2.21696E-1 1.87169E-1 1.55788E-1
7.40376E-1 7.31367E-1 7.02205E-1 6.71089E-1 6.66288E-1 6.88728E-1 6.96312E-1 6.58128E-1 6.86648E-1 6.94408E-1 6.03715E-1 6.4048E-1 6.8298E-1 6.88461E-1 6.7866E-1 6.58013E-1 6.6893E-1 6.18421E-1 6.05581E-1 3.85458E-1 3.72544E-1 2.86747E-1 2.86474E-1 4.50165E-1 5.36334E-1 5.62506E-1 5.98958E-1 5.72009E-1 7.43067E-1 7.4528E-1 6.54389E-1 4.02196E-1 3.62358E-1 3.35119E-1 2.86201E-1 2.21692E-1 2.17801E-1 2.05423E-1 2.90259E-1 3.01936E-1 4.81532E-1 3.23322E-1 3.28829E-1 3.63246E-1 3.62916E-1 5.39728E-1 5.75675E-1 4.21361E-1 2.81197E-1 4.61075E-1 4.71916E-1 3.37374E-1 2.36214E-1 4.00826E-1 4.02007E-1 2.87655E-1 2.56859E-1 2.30454E-1 2.03155E-1 1.73678E-1
6.00612E-1 6.16584E-1 5.83239E-1 5.41802E-1 5.22175E-1 5.70376E-1 6.2071E-1 5.84292E-1 5.96968E-1 6.12921E-1 5.25184E-1 5.65887E-1 5.91108E-1 6.25964E-1 6.15245E-1 5.93587E-1 6.00518E-1 5.49028E-1 5.25819E-1 3.78405E-1 3.213E-1 3.20217E-1 4.14297E-1 4.75286E-1 5.54182E-1 5.21888E-1 5.7287E-1 5.47819E-1 5.51699E-1 7.44678E-1 6.9501E-1 5.4094E-1 4.54305E-1 4.05724E-1 3.47895E-1 1.83549E-1 1.78956E-1 1.81962E-1 2.44829E-1 1.46438E-1 2.56185E-1 2.76705E-1 1.69457E-1 1.88011E-1 2.10672E-1 2.75959E-1 3.90207E-1 4.53518E-1 4.62078E-1 4.52256E-1 5.89827E-1 3.98638E-1 3.01203E-1 4.7264E-1 4.74904E-1 4.00609E-1 3.66887E-1 3.39531E-1 2.96429E-1 2.32746E-1
6.00507E-1 6.51341E-1 5.96178E-1 5.40715E-1 5.43034E-1 6.2775E-1 6.28186E-1 6.31391E-1 6.20736E-1 6.59362E-1 5.20449E-1 5.50285E-1 5.49155E-1 5.55507E-1 5.65364E-1 5.65287E-1 5.89152E-1 5.42179E-1 5.71895E-1 4.86406E-1 3.63323E-1 3.72818E-1 4.29384E-1 4.9827E-1 5.40102E-1 5.36553E-1 5.64822E-1 5.67651E-1 5.34089E-1 5.59076E-1 7.1008E-1 4.02822E-1 3.90308E-1 5.07719E-1 2.2065E-1 2.28982E-1 2.50969E-1 2.05769E-1 1.67576E-1 1.48025E-1 9.36736E-2 2.58431E-1 2.293E-1 2.00561E-1 2.15714E-1 4.12501E-1 4.13747E-1 4.73087E-1 4.62972E-1 4.42247E-1 5.47902E-1 4.92847E-1 4.8418E-1 4.96594E-1 5.49708E-1 2.27829E-1 1.26062E-1 3.13503E-1 2.45713E-1 4.29098E-2
7.46031E-1 5.31404E-1 6.02065E-1 5.57344E-1 5.61469E-1 6.53739E-1 6.41363E-1 6.59394E-1 6.61537E-1 6.2339E-1 5.12779E-1 5.04545E-1 4.93304E-1 4.95036E-1 5.04154E-1 5.0722E-1 5.27885E-1 4.56217E-1 3.47238E-1 5.51616E-1 3.69235E-1 3.88069E-1 4.19066E-1 5.08918E-1 4.79803E-1 5.44236E-1 5.84886E-1 5.80989E-1 5.59604E-1 4.64009E-1 3.68284E-1 2.63655E-1 2.95778E-1 3.37531E-1 2.36087E-1 1.50827E-1 1.13816E-1 1.11757E-1 9.42812E-2 7.67685E-2 7.21335E-2 1.01683E-1 1.7749E-1 6.28882E-2 4.53985E-2 2.65294E-1 3.80029E-1 4.07983E-1 4.34609E-1 4.21506E-1 3.58311E-1 2.68249E-1 3.28064E-1 3.50612E-1 3.89095E-1 2.14111E-1 1.06461E-1 8.96842E-2 5.98137E-2 6.49276E-2
4.20956E-1 5.29931E-1 6.11854E-1 4.86195E-1 6.54552E-1 7.25023E-1 4.90363E-1 4.45165E-1 6.37856E-1 5.46402E-1 3.14586E-1 3.42655E-1 4.18338E-1 4.40237E-1 4.71099E-1 4.238E-1 5.73426E-1 4.40235E-1 3.34559E-1 2.22683E-1 1.08E-1 4.22338E-1 5.09303E-1 4.41215E-1 4.48471E-1 5.97268E-1 6.03885E-1 5.74495E-1 6.6563E-1 4.24678E-1 3.29751E-1 3.20095E-1 2.2625E-1 2.85005E-1 2.59809E-1 1.40297E-1 1.04654E-1 1.05184E-1 8.2792E-2 9.01737E-2 8.23736E-2 8.37847E-2 6.66593E-2 6.32074E-2 6.43939E-2 1.71945E-1 5.33879E-1 4.04611E-1 4.42041E-1 4.42366E-1 3.26721E-1 1.49401E-1 9.56436E-2 8.26025E-2 1.22797E-1 9.87173E-2 1.25524E-1 1.08992E-1 9.20774E-2 6.67569E-2
4.70098E-1 5.12616E-1 5.67486E-1 6.19555E-1 4.11135E-1 7.61127E-1 3.11999E-1 1.55688E-1 1.11446E-1 1.27384E-1 1.1519E-1 4.24221E-1 3.49704E-1 2.21431E-1 4.47447E-1 3.84291E-1 5.59064E-1 3.86359E-1 3.57845E-1 2.47451E-1 2.29043E-1 5.12938E-1 3.64987E-1 3.2702E-1 4.19299E-1 6.61867E-1 5.441E-1 6.62866E-1 5.53795E-1 4.81E-1 2.7479E-1 5.63733E-1 3.34107E-1 3.44896E-1 2.51003E-1 1.57141E-1 1.1933E-1 1.14679E-1 1.00777E-1 1.14918E-1 1.10838E-1 1.06831E-1 1.02575E-1 8.93146E-2 1.472E-1 2.58898E-1 2.46035E-1 2.93873E-1 3.20919E-1 4.41183E-1 2.10039E-1 1.73175E-1 1.04711E-1 7.76208E-2 6.26854E-2 1.24648E-1 1.6978E-1 1.3228E-1 1.17275E-1 1.00793E-1
4.54722E-1 4.69828E-1 4.60561E-1 4.42262E-1 4.57095E-1 3.54896E-1 2.61527E-1 2.05869E-1 1.34483E-1 1.33599E-1 1.98139E-1 3.14068E-1 2.69529E-1 3.46682E-1 4.58402E-1 2.40934E-1 3.4589E-1 3.42284E-1 2.28888E-1 2.10437E-1 1.39119E-1 1.24098E-1 1.92058E-1 2.52335E-1 3.2715E-1 5.9835E-1 6.33533E-1 6.38478E-1 4.70304E-1 4.75524E-1 4.65195E-1 5.20037E-1 5.21314E-1 3.34278E-1 5.05793E-1 3.6993E-1 2.68841E-1 2.25757E-1 2.13564E-1 2.40016E-1 2.90796E-1 2.89767E-1 2.50169E-1 2.46072E-1 2.46542E-1 2.26008E-1 2.6534E-1 4.09071E-1 5.96209E-1 3.66375E-1 1.62558E-1 1.33845E-1 8.93336E-2 6.21862E-2 5.07739E-2 3.56439E-1 1.49606E-1 9.97947E-2 1.21415E-1 1.66325E-1
3.33543E-1 5.30507E-1 4.92006E-1 4.58022E-1 4.5268E-1 4.10054E-1 2.64836E-1 2.0994E-1 2.66882E-1 2.87596E-1 3.03043E-1 3.01562E-1 2.65197E-1 2.46102E-1 4.26124E-1 3.76451E-1 2.19512E-1 2.35821E-1 2.08731E-1 2.35213E-1 1.64886E-1 1.37577E-1 1.92341E-1 2.30988E-1 3.02728E-1 6.13148E-1 6.4293E-1 4.64111E-1 4.64171E-1 4.60414E-1 4.84693E-1 5.2455E-1 5.43224E-1 5.13077E-1 3.01076E-1 3.86562E-1 3.85827E-1 3.66542E-1 3.67127E-1 3.74337E-1 3.77818E-1 3.5198E-1 1.33067E-1 2.91764E-1 1.13944E-1 1.25486E-1 2.45039E-1 4.4081E-1 3.34156E-1 2.74243E-1 1.94901E-1 2.13069E-1 1.34609E-1 8.20959E-2 8.49128E-2 3.18594E-1 4.7386E-1 1.0965E-1 1.13404E-1 1.39563E-1
4.93813E-1 4.87117E-1 4.63042E-1 4.91099E-1 2.7901E-1 3.38765E-1 2.13653E-1 2.40851E-1 3.01647E-1 2.67652E-1 2.67347E-1 2.76587E-1 2.61304E-1 2.37931E-1 2.13176E-1 3.85938E-1 1.84792E-1 1.28574E-1 2.38815E-1 2.48256E-1 1.75923E-1 1.9056E-1 1.85272E-1 2.97224E-1 3.31243E-1 6.58485E-1 6.66884E-1 4.99925E-1 4.27356E-1 4.21571E-1 4.59615E-1 4.8914E-1 5.2811E-1 5.11963E-1 5.05952E-1 2.8335E-1 3.91934E-1 3.8055E-1 3.64867E-1 3.83478E-1 5.08519E-1 4.54822E-1 3.92967E-1 2.25588E-1 1.16881E-1 1.50957E-1 2.48943E-1 3.06719E-1 1.19015E-1 2.22363E-1 2.6019E-1 2.06007E-1 3.43651E-1 3.18072E-1 1.9797E-1 3.53911E-1 4.33378E-1 1.3261E-1 1.21111E-1 1.56772E-1
5.03202E-1 5.00643E-1 4.45904E-1 5.38219E-1 3.5303E-1 3.02478E-1 2.55317E-1 3.04542E-1 2.63065E-1 2.44075E-1 2.53984E-1 2.46837E-1 2.26503E-1 2.15454E-1 2.23647E-1 3.41636E-1 1.83478E-1 1.67395E-1 2.85636E-1 2.7209E-1 2.17762E-1 1.71897E-1 2.82345E-1 3.32641E-1 3.75254E-1 7.05567E-1 6.87699E-1 5.10199E-1 4.34246E-1 4.29876E-1 4.36819E-1 4.5444E-1 4.90065E-1 4.95936E-1 4.699E-1 4.29736E-1 3.4801E-1 3.03981E-1 2.85091E-1 3.00325E-1 3.17902E-1 4.52153E-1 1.63938E-1 1.12429E-1 1.87283E-1 2.13652E-1 2.56473E-1 3.58102E-1 4.31071E-1 3.21174E-1 3.4923E-1 2.08746E-1 3.80173E-1 3.33654E-1 3.50191E-1 3.41527E-1 1.82612E-1 3.3077E-1 2.75127E-1 2.40926E-1
5.10049E-1 6.33135E-1 5.25884E-1 4.21311E-1 1.19119E-1 2.70462E-1 2.56381E-1 2.86524E-1 2.63196E-1 2.41516E-1 2.20153E-1 2.36102E-1 2.22279E-1 2.13822E-1 2.09711E-1 1.34162E-1 2.03678E-1 3.06152E-1 2.88972E-1 2.90879E-1 2.50043E-1 1.44563E-1 3.1809E-1 3.9845E-1 4.54911E-1 7.37839E-1 7.23346E-1 4.92618E-1 4.85287E-1 5.26447E-1 4.73735E-1 4.22422E-1 3.30861E-1 4.75507E-1 3.72249E-1 2.97348E-1 2.32954E-1 2.12438E-1 2.03189E-1 2.19928E-1 1.84928E-1 9.04765E-2 2.06441E-1 3.89161E-1 3.16281E-1 3.00759E-1 2.94037E-1 1.42948E-1 5.53095E-1 3.88092E-1 4.01219E-1 3.66287E-1 4.17411E-1 3.59742E-1 4.27023E-1 4.88615E-1 3.87745E-1 1.66369E-1 3.7021E-1 3.75652E-1
