Phytophthora/models/20240429_1812_56/Phytophthora_PA2_RUN3_MAXENT_outputs/Phytophthora_PA2_RUN3.asc
ncols         225
nrows         269
xllcorner     473000.0
yllcorner     4429100.0
cellsize      50.0
NODATA_value  -9999
[rows 135 to 161 of 269, columns 120 to 179 of 225]
1.09397E-1 1.24042E-1 2.15013E-1 2.67885E-1 3.01165E-1 5.00862E-1 5.50032E-1 5.84386E-1 4.948E-1 5.64676E-1 6.48672E-1 5.84099E-1 5.6702E-1 5.68712E-1 5.3129E-1 -9999 -9999 -9999 -9999 -9999 -9999 -9999 -9999 -9999 -9999 -9999 -9999 -9999 -9999 -9999 -9999 -9999 -9999 -9999 2.64421E-1 2.94313E-1 4.26597E-1 2.376E-1 2.14252E-1 2.38276E-1 2.26055E-1 2.14676E-1 2.66936E-1 3.19789E-1 3.69574E-1 2.90309E-1 2.89085E-1 1.24838E-1 1.31651E-1 1.3371E-1 1.66678E-1 2.05526E-1 1.97103E-1 1.58329E-1 2.51112E-1 3.69198E-1 4.98685E-1 4.84777E-1 4.49732E-1 4.2273E-1
2.36984E-1 3.01466E-1 3.45402E-1 4.386E-1 4.16759E-1 3.88846E-1 3.84845E-1 4.91518E-1 6.33959E-1 5.20191E-1 4.27957E-1 3.73665E-1 3.92904E-1 3.80646E-1 -9999 -9999 -9999 -9999 -9999 -9999 -9999 -9999 -9999 -9999 -9999 -9999 -9999 -9999 -9999 -9999 -9999 -9999 -9999 -9999 2.39531E-1 4.21557E-1 3.00424E-1 3.12513E-1 3.4993E-1 3.41359E-1 3.02139E-1 3.23986E-1 3.0013E-1 3.58388E-1 4.91596E-1 4.34571E-1 4.0357E-1 2.67591E-1 2.62494E-1 2.43863E-1 2.30862E-1 2.39861E-1 3.75641E-1 2.74846E-1 4.64276E-1 4.27456E-1 4.36613E-1 3.79866E-1 3.33797E-1 3.60664E-1
2.44799E-1 2.56345E-1 2.63107E-1 4.69408E-1 3.84588E-1 3.86961E-1 3.69091E-1 4.32396E-1 5.91429E-1 6.26313E-1 -9999 -9999 -9999 -9999 -9999 -9999 -9999 -9999 -9999 -9999 -9999 -9999 -9999 -9999 -9999 -9999 -9999 -9999 -9999 -9999 -9999 -9999 -9999 -9999 2.86698E-1 2.80883E-1 1.82564E-1 2.70309E-1 5.22967E-1 5.57797E-1 3.71491E-1 3.80375E-1 3.00441E-1 3.22399E-1 4.51968E-1 3.93821E-1 3.94087E-1 3.02757E-1 3.10039E-1 2.94391E-1 2.49303E-1 2.17589E-1 3.36101E-1 2.32215E-1 4.22478E-1 3.91763E-1 3.39769E-1 4.03322E-1 3.67936E-1 3.00725E-1
2.09051E-1 2.33747E-1 3.20325E-1 2.26144E-1 2.72231E-1 3.5609E-1 3.37901E-1 3.75847E-1 4.3997E-1 5.33933E-1 -9999 -9999 -9999 -9999 -9999 -9999 -9999 -9999 -9999 -9999 -9999 -9999 -9999 -9999 -9999 -9999 -9999 -9999 -9999 -9999 -9999 -9999 -9999 -9999 -9999 3.03413E-1 2.88308E-1 3.16974E-1 4.69517E-1 5.56691E-1 4.48875E-1 4.80275E-1 3.48017E-1 3.20349E-1 4.42507E-1 3.47744E-1 3.75824E-1 2.9661E-1 3.31263E-1 3.29807E-1 2.63598E-1 2.22329E-1 2.36335E-1 1.79452E-1 4.13025E-1 2.99679E-1 3.04651E-1 3.62766E-1 2.95196E-1 3.0882E-1
2.09222E-1 2.26591E-1 3.98646E-1 3.89852E-1 3.74232E-1 3.71478E-1 3.37678E-1 3.704E-1 3.76119E-1 4.94234E-1 6.21966E-1 -9999 -9999 -9999 -9999 -9999 -9999 -9999 -9999 -9999 -9999 -9999 -9999 -9999 -9999 -9999 -9999 -9999 -9999 -9999 -9999 -9999 -9999 -9999 -9999 3.54295E-1 4.493E-1 4.24675E-1 4.27383E-1 5.7723E-1 4.32538E-1 5.53392E-1 5.64521E-1 4.16717E-1 4.70758E-1 3.64414E-1 3.81314E-1 3.04835E-1 3.33808E-1 3.50964E-1 2.90752E-1 2.30866E-1 2.34076E-1 2.79924E-1 3.80381E-1 2.44102E-1 3.46538E-1 3.74424E-1 2.39437E-1 3.09212E-1
2.29342E-1 2.9647E-1 3.2644E-1 3.82342E-1 2.90706E-1 3.7325E-1 3.2022E-1 3.48386E-1 3.92516E-1 4.43298E-1 -9999 -9999 -9999 -9999 -9999 -9999 -9999 -9999 -9999 -9999 -9999 -9999 -9999 -9999 -9999 -9999 -9999 -9999 -9999 -9999 -9999 -9999 -9999 -9999 -9999 2.4881E-1 2.72032E-1 2.63058E-1 3.17109E-1 4.52038E-1 4.37566E-1 5.71159E-1 5.55271E-1 5.39634E-1 4.7778E-1 3.72837E-1 3.59301E-1 3.09924E-1 3.48879E-1 3.66992E-1 1.57067E-1 2.63843E-1 2.37984E-1 2.36658E-1 2.81168E-1 2.65486E-1 2.93177E-1 2.80826E-1 3.62003E-1 4.51147E-1
3.14656E-1 4.77429E-1 4.70635E-1 4.02523E-1 4.05287E-1 3.37964E-1 3.13119E-1 2.54509E-1 3.40674E-1 2.4558E-1 -9999 -9999 -9999 -9999 -9999 -9999 -9999 -9999 -9999 -9999 -9999 -9999 -9999 -9999 -9999 -9999 -9999 -9999 -9999 -9999 -9999 -9999 -9999 -9999 -9999 -9999 2.70832E-1 3.1784E-1 3.53937E-1 2.84259E-1 4.74707E-1 4.86695E-1 4.58868E-1 4.16472E-1 3.7762E-1 3.73924E-1 3.62915E-1 3.32242E-1 3.57307E-1 3.54428E-1 1.45315E-1 2.23504E-1 1.97596E-1 1.59901E-1 1.25948E-1 8.92574E-2 1.1257E-1 2.19909E-1 3.5178E-1 3.8179E-1
3.14787E-1 4.91323E-1 4.57046E-1 2.97126E-1 3.73697E-1 3.19986E-1 3.28815E-1 2.29788E-1 1.63502E-1 -9999 -9999 -9999 -9999 -9999 -9999 -9999 -9999 -9999 -9999 -9999 -9999 -9999 -9999 -9999 -9999 -9999 -9999 -9999 -9999 -9999 -9999 -9999 -9999 -9999 -9999 -9999 2.77166E-1 1.45886E-1 3.59323E-1 4.06044E-1 3.84441E-1 4.76379E-1 4.28982E-1 3.86188E-1 3.16261E-1 3.70313E-1 3.40467E-1 3.21303E-1 3.57061E-1 3.4666E-1 2.27675E-1 2.35734E-1 2.0952E-1 1.69901E-1 1.50941E-1 1.32131E-1 1.37267E-1 1.83696E-1 2.47646E-1 3.30566E-1
3.20147E-1 4.88017E-1 4.40114E-1 2.41781E-1 3.41861E-1 2.89864E-1 4.07009E-1 2.65603E-1 -9999 -9999 -9999 -9999 -9999 -9999 -9999 -9999 -9999 1.22722E-1 1.45171E-1 1.63108E-1 3.68173E-1 2.31911E-1 1.18669E-1 1.84657E-1 2.87374E-1 3.43598E-1 -9999 -9999 -9999 -9999 -9999 -9999 -9999 -9999 -9999 -9999 2.67386E-1 3.62366E-1 3.90631E-1 3.73063E-1 2.9247E-1 4.11108E-1 3.64844E-1 3.17721E-1 2.32706E-1 3.68646E-1 2.99871E-1 2.87696E-1 3.12041E-1 3.54611E-1 2.91505E-1 2.46519E-1 2.36088E-1 2.06719E-1 1.79744E-1 8.99869E-2 1.6092E-1 2.38102E-1 2.97761E-1 3.68593E-1
4.77447E-1 4.46659E-1 4.27062E-1 3.94194E-1 2.29149E-1 1.19138E-1 -9999 -9999 -9999 -9999 -9999 -9999 -9999 -9999 -9999 -9999 2.7527E-1 1.51031E-1 1.70758E-1 1.86049E-1 3.45267E-1 1.13119E-1 2.14603E-1 3.01168E-1 3.18163E-1 3.90061E-1 -9999 -9999 -9999 -9999 -9999 -9999 -9999 -9999 -9999 -9999 2.16535E-1 3.65612E-1 3.3754E-1 2.90793E-1 2.14061E-1 2.2562E-1 2.96103E-1 2.61415E-1 1.50231E-1 3.72331E-1 2.45557E-1 2.52407E-1 2.75368E-1 3.04251E-1 3.6822E-1 2.68293E-1 1.43867E-1 2.24888E-1 9.25154E-2 2.56431E-1 1.89608E-1 1.688E-1 2.36914E-1 3.34253E-1
4.36736E-1 3.41494E-1 3.84007E-1 3.96267E-1 3.30794E-1 -9999 -9999 -9999 -9999 -9999 -9999 -9999 -9999 -9999 -9999 -9999 -9999 2.1601E-1 2.10417E-1 2.20464E-1 2.95044E-1 8.75E-2 2.73533E-1 3.49255E-1 3.64895E-1 3.62682E-1 -9999 -9999 -9999 -9999 -9999 -9999 -9999 -9999 -9999 -9999 2.2351E-1 3.96264E-1 3.35846E-1 2.86254E-1 1.89337E-1 1.7317E-1 1.63448E-1 1.78289E-1 8.74068E-2 3.30583E-1 2.3707E-1 2.22611E-1 2.44923E-1 2.41111E-1 3.37799E-1 3.57179E-1 4.05757E-1 1.84029E-1 3.78326E-1 3.3847E-1 2.47283E-1 2.10236E-1 2.19096E-1 2.74727E-1
3.9325E-1 3.26742E-1 3.77352E-1 -9999 -9999 -9999 -9999 -9999 -9999 -9999 -9999 -9999 -9999 -9999 -9999 -9999 -9999 2.86985E-1 2.72654E-1 2.93598E-1 3.3188E-1 2.79447E-1 -9999 -9999 -9999 -9999 -9999 -9999 -9999 -9999 -9999 -9999 -9999 -9999 -9999 -9999 6.50838E-1 6.22203E-1 6.14671E-1 4.66448E-1 2.33322E-1 2.08066E-1 2.02227E-1 1.65291E-1 7.90506E-2 2.85962E-1 1.89435E-1 1.90696E-1 2.30361E-1 2.24607E-1 2.73416E-1 3.26486E-1 2.78752E-1 1.51271E-1 2.8492E-1 1.81052E-1 1.394E-1 1.13679E-1 1.12492E-1 1.63968E-1
3.63593E-1 1.9834E-1 2.41526E-1 -9999 -9999 -9999 -9999 -9999 -9999 -9999 -9999 -9999 -9999 -9999 -9999 -9999 -9999 3.29439E-1 3.30412E-1 3.32558E-1 4.98386E-1 3.02175E-1 -9999 -9999 -9999 -9999 -9999 -9999 -9999 -9999 -9999 -9999 -9999 -9999 -9999 -9999 -9999 6.44044E-1 7.66222E-1 6.16585E-1 3.32147E-1 2.98614E-1 2.23325E-1 2.05455E-1 9.60539E-2 2.84507E-1 1.55524E-1 2.16583E-1 1.76414E-1 1.45321E-1 6.76193E-2 1.13248E-1 7.84679E-2 8.25783E-2 4.3079E-2 1.04626E-1 1.15337E-1 9.3823E-2 7.39259E-2 8.53761E-2
1.25092E-1 1.57211E-1 1.35657E-1 1.67549E-1 -9999 -9999 -9999 -9999 -9999 -9999 -9999 -9999 -9999 -9999 -9999 -9999 2.41717E-1 3.65848E-1 3.98987E-1 3.90679E-1 5.61094E-1 4.29273E-1 4.39524E-1 5.37648E-1 -9999 -9999 -9999 -9999 -9999 -9999 -9999 -9999 -9999 -9999 -9999 -9999 -9999 6.43924E-1 7.62192E-1 6.9319E-1 4.05673E-1 2.22172E-1 1.92649E-1 3.04354E-1 1.61682E-1 2.92129E-1 1.70091E-1 1.6297E-1 1.87737E-1 7.25657E-2 4.47816E-2 6.63756E-2 5.82267E-2 7.71052E-2 8.55734E-2 8.50023E-2 1.25216E-1 1.35122E-1 1.21747E-1 1.83542E-1
7.41274E-2 3.3303E-1 1.30848E-1 1.82833E-1 1.41697E-1 -9999 -9999 -9999 -9999 -9999 -9999 -9999 -9999 -9999 -9999 4.55577E-1 3.50664E-1 4.37391E-1 4.54197E-1 4.50576E-1 5.5091E-1 5.94868E-1 5.98785E-1 -9999 -9999 -9999 -9999 6.11539E-1 5.87495E-1 6.02151E-1 -9999 -9999 -9999 -9999 -9999 -9999 -9999 5.69692E-1 4.57222E-1 5.50808E-1 3.45623E-1 3.68404E-1 3.29098E-1 3.05813E-1 2.02554E-1 2.82618E-1 3.22774E-1 3.16631E-1 1.15487E-1 8.20937E-2 7.49268E-2 9.50719E-2 1.43246E-1 1.51245E-1 1.63937E-1 1.42231E-1 1.82249E-1 2.08148E-1 1.97778E-1 1.96764E-1
9.93768E-2 3.61586E-1 1.26802E-1 1.49269E-1 1.17387E-1 1.27586E-1 1.3267E-1 2.81E-1 1.4731E-1 -9999 1.46243E-1 1.25686E-1 1.09622E-1 7.67036E-2 1.63969E-1 3.80317E-1 3.33246E-1 4.84634E-1 5.55042E-1 6.0427E-1 6.4028E-1 3.67547E-1 6.54041E-1 -9999 -9999 -9999 4.59969E-1 5.79167E-1 5.91446E-1 6.48622E-1 7.21176E-1 6.88341E-1 6.80437E-1 -9999 -9999 -9999 6.07981E-1 4.54253E-1 5.27616E-1 3.42894E-1 2.68182E-1 2.59464E-1 2.37563E-1 2.47579E-1 3.16826E-1 3.2667E-1 2.21358E-1 1.29287E-1 1.33432E-1 1.39112E-1 1.63301E-1 1.97028E-1 1.94467E-1 1.98842E-1 2.39165E-1 2.26989E-1 2.75846E-1 2.26551E-1 1.9268E-1 2.26956E-1
3.33489E-1 1.41329E-1 2.95099E-1 1.95978E-1 1.45187E-1 1.26102E-1 1.01616E-1 1.1439E-1 1.66104E-1 2.5258E-1 5.64719E-1 2.06551E-1 1.4689E-1 2.05798E-1 3.60483E-1 2.20026E-1 3.2465E-1 4.06572E-1 4.76384E-1 5.24373E-1 3.60666E-1 5.03731E-1 5.10144E-1 5.44514E-1 6.18756E-1 4.96505E-1 5.96581E-1 6.38028E-1 6.06306E-1 5.88936E-1 5.84884E-1 6.26293E-1 5.83035E-1 5.60223E-1 4.93246E-1 4.20942E-1 3.86076E-1 3.22871E-1 3.2085E-1 3.2024E-1 1.6805E-1 3.84042E-1 4.0821E-1 3.87942E-1 3.54649E-1 1.28405E-1 1.37518E-1 2.17977E-1 1.11763E-1 1.4541E-1 1.51276E-1 1.93741E-1 2.19143E-1 1.80484E-1 2.25615E-1 2.25199E-1 2.5864E-1 2.03181E-1 1.926E-1 3.36951E-1
2.9498E-1 2.04273E-1 1.38755E-1 4.45778E-1 1.76739E-1 1.53435E-1 1.10434E-1 1.40757E-1 2.07394E-1 2.47289E-1 2.19926E-1 5.35417E-1 4.21473E-1 1.81333E-1 1.85246E-1 2.04667E-1 2.77967E-1 3.14179E-1 3.87619E-1 4.55016E-1 5.32578E-1 5.01203E-1 4.8886E-1 3.01025E-1 5.97631E-1 4.83804E-1 5.45155E-1 6.26138E-1 6.34645E-1 5.45328E-1 6.21879E-1 6.14928E-1 6.09479E-1 6.16695E-1 5.16203E-1 2.16645E-1 3.93854E-1 2.84852E-1 3.13139E-1 3.22799E-1 3.04293E-1 3.28119E-1 3.33441E-1 2.81564E-1 2.35492E-1 1.69266E-1 1.76633E-1 8.51681E-2 1.20154E-1 1.57256E-1 1.8513E-1 2.2663E-1 2.64685E-1 2.48177E-1 2.23047E-1 1.42889E-1 2.77494E-1 2.12062E-1 3.69086E-1 3.72348E-1
4.13059E-1 3.82995E-1 2.75773E-1 2.82033E-1 3.00501E-1 2.16487E-1 1.59557E-1 1.87006E-1 2.01619E-1 2.10954E-1 1.56823E-1 2.03152E-1 1.60043E-1 1.43651E-1 1.88741E-1 2.01458E-1 2.73561E-1 3.24856E-1 3.75179E-1 4.09888E-1 4.4199E-1 4.70209E-1 5.11823E-1 2.88605E-1 3.63113E-1 2.82292E-1 3.60258E-1 5.91474E-1 5.909E-1 5.02677E-1 6.0517E-1 5.72189E-1 6.21147E-1 6.27131E-1 5.35561E-1 2.30894E-1 1.07701E-1 3.93859E-1 2.75735E-1 2.94674E-1 3.0611E-1 3.23452E-1 3.48257E-1 3.49042E-1 2.5302E-1 2.67297E-1 3.6185E-1 1.12485E-1 1.46047E-1 1.77306E-1 1.97141E-1 2.47513E-1 2.67648E-1 2.42664E-1 2.31211E-1 1.83955E-1 3.24281E-1 2.37377E-1 3.62943E-1 2.22165E-1
5.11149E-1 4.53788E-1 4.71055E-1 5.143E-1 4.43698E-1 3.26007E-1 2.28366E-1 2.37773E-1 2.44441E-1 2.49887E-1 2.01073E-1 2.18002E-1 2.06684E-1 1.9059E-1 2.08366E-1 1.94132E-1 2.27975E-1 2.60294E-1 3.04295E-1 3.31374E-1 3.5545E-1 3.92939E-1 4.02539E-1 2.86819E-1 2.98146E-1 4.2299E-1 5.02159E-1 4.86399E-1 5.45199E-1 5.16698E-1 6.34399E-1 6.16429E-1 6.56592E-1 6.04155E-1 4.70145E-1 3.33396E-1 3.63611E-1 3.73279E-1 2.39614E-1 2.56298E-1 2.88616E-1 3.23624E-1 3.3488E-1 3.61191E-1 3.13884E-1 2.6787E-1 1.41445E-1 1.50852E-1 1.7415E-1 1.9641E-1 2.24226E-1 2.45427E-1 2.51263E-1 2.41611E-1 2.28615E-1 2.30138E-1 3.14045E-1 3.9177E-1 3.7365E-1 1.84359E-1
5.807E-1 5.63786E-1 4.46357E-1 5.42455E-1 3.26857E-1 4.32506E-1 2.77736E-1 2.60081E-1 2.49203E-1 2.20357E-1 1.66344E-1 2.33039E-1 2.51351E-1 2.20641E-1 2.23792E-1 1.72549E-1 1.92053E-1 1.79814E-1 1.93075E-1 2.37138E-1 2.75356E-1 3.40741E-1 3.64388E-1 3.49923E-1 3.54746E-1 4.1256E-1 3.92442E-1 3.68576E-1 1.9314E-1 5.37232E-1 6.34633E-1 6.44888E-1 6.64888E-1 6.36492E-1 4.91852E-1 4.02527E-1 3.97702E-1 3.87616E-1 2.23214E-1 2.34251E-1 2.75984E-1 3.33341E-1 2.15414E-1 3.67953E-1 3.10098E-1 2.01776E-1 1.81294E-1 2.18577E-1 1.97348E-1 2.20623E-1 2.13289E-1 2.28216E-1 2.4524E-1 2.42945E-1 2.14173E-1 2.11465E-1 2.30045E-1 3.42605E-1 3.60713E-1 1.86873E-1
4.15887E-1 4.13621E-1 3.97118E-1 3.69718E-1 3.64703E-1 2.37535E-1 3.41462E-1 2.80907E-1 2.51621E-1 2.73625E-1 3.03457E-1 3.09658E-1 3.15664E-1 2.86497E-1 2.62705E-1 2.34967E-1 2.48615E-1 2.80302E-1 3.08963E-1 2.9528E-1 3.12419E-1 2.53435E-1 4.15973E-1 3.73982E-1 3.82524E-1 2.92575E-1 2.31661E-1 1.93117E-1 1.91238E-1 3.72557E-1 4.5176E-1 4.32372E-1 4.64656E-1 4.5142E-1 3.47927E-1 3.44578E-1 3.34215E-1 3.31865E-1 3.10941E-1 2.77795E-1 3.26016E-1 3.71252E-1 3.80694E-1 4.12535E-1 3.97765E-1 5.17192E-2 1.28622E-1 1.33322E-1 1.20138E-1 1.62009E-1 2.50501E-1 2.8206E-1 3.06847E-1 2.66639E-1 1.53608E-1 2.35505E-1 2.70839E-1 3.63885E-1 4.15001E-1 2.14947E-1
4.4837E-1 3.42054E-1 3.28554E-1 4.19513E-1 3.73731E-1 4.10696E-1 3.367E-1 2.94721E-1 2.65509E-1 2.71486E-1 2.90061E-1 3.10602E-1 3.25968E-1 3.25076E-1 2.84666E-1 2.42699E-1 2.73805E-1 3.22584E-1 3.58705E-1 3.83441E-1 3.82792E-1 3.12418E-1 4.40612E-1 4.08472E-1 3.75338E-1 2.71733E-1 2.42582E-1 2.23979E-1 1.33417E-1 3.92133E-1 4.54399E-1 4.15447E-1 4.70404E-1 4.782E-1 4.33359E-1 3.80916E-1 2.17414E-1 3.18522E-1 2.915E-1 2.78005E-1 3.44886E-1 3.94528E-1 4.10574E-1 4.09798E-1 3.47445E-1 9.1084E-2 8.74434E-2 1.44475E-1 1.06787E-1 1.37917E-1 2.22246E-1 2.88649E-1 2.7189E-1 2.66325E-1 1.33501E-1 2.28342E-1 2.17129E-1 3.36944E-1 2.37182E-1 2.33244E-1
5.35383E-1 6.09315E-1 5.3118E-1 3.76143E-1 2.86707E-1 2.72086E-1 3.33865E-1 2.72526E-1 3.28442E-1 1.75792E-1 3.59449E-1 3.71728E-1 3.46331E-1 3.63103E-1 3.69896E-1 3.33637E-1 3.42459E-1 3.88095E-1 4.29471E-1 4.12494E-1 3.93718E-1 2.57277E-1 4.55884E-1 4.5576E-1 4.97015E-1 3.6371E-1 2.9868E-1 2.83554E-1 4.79084E-1 2.19228E-1 3.03874E-1 3.99659E-1 4.01179E-1 4.84877E-1 4.56764E-1 3.29274E-1 2.77433E-1 3.2019E-1 2.56655E-1 2.67672E-1 3.60513E-1 4.19497E-1 4.54112E-1 3.40539E-1 3.673E-1 1.45352E-1 3.66074E-2 1.0353E-1 1.03386E-1 1.20742E-1 2.80961E-1 3.72631E-1 2.48954E-1 2.62294E-1 2.39568E-1 2.17724E-1 2.10105E-1 3.51575E-1 2.69614E-1 1.57016E-1
5.49066E-1 4.76446E-1 2.55832E-1 2.57169E-1 1.89766E-1 1.81573E-1 3.14559E-1 3.29094E-1 2.54645E-1 3.80384E-1 3.89086E-1 3.80894E-1 3.55671E-1 3.52994E-1 3.87657E-1 4.34211E-1 3.96134E-1 4.32756E-1 4.83886E-1 4.5733E-1 4.1639E-1 3.88496E-1 4.18317E-1 4.50693E-1 5.46574E-1 4.91498E-1 4.96471E-1 4.23437E-1 3.00041E-1 3.24699E-1 4.93313E-1 4.9079E-1 4.95151E-1 4.24555E-1 2.92624E-1 2.25341E-1 2.58573E-1 2.69634E-1 2.24199E-1 2.19277E-1 3.298E-1 4.13381E-1 4.48209E-1 2.50152E-1 4.04099E-1 1.91965E-1 1.28375E-2 3.6699E-2 7.91441E-2 1.18416E-1 3.8003E-1 3.42524E-1 2.69998E-1 2.55281E-1 2.46384E-1 2.17156E-1 1.93244E-1 2.50892E-1 1.80407E-1 1.01006E-1
3.81115E-1 2.55941E-1 2.05396E-1 1.82798E-1 1.31793E-1 1.40268E-1 1.9864E-1 4.45664E-1 3.28627E-1 3.92931E-1 4.11551E-1 4.2692E-1 4.1257E-1 4.42446E-1 4.64899E-1 5.44526E-1 5.01055E-1 4.6688E-1 5.27951E-1 4.64947E-1 3.90165E-1 3.78956E-1 3.33784E-1 3.15584E-1 3.48604E-1 2.0396E-1 4.37762E-1 3.40832E-1 3.71848E-1 5.20197E-1 5.05007E-1 4.188E-1 2.65445E-1 2.23217E-1 1.73238E-1 1.19503E-1 2.18438E-1 2.34584E-1 1.99286E-1 1.9371E-1 3.03027E-1 3.6879E-1 4.42765E-1 4.4693E-1 2.59578E-1 1.99255E-1 2.01961E-2 1.06826E-1 1.03098E-1 1.342E-1 1.50201E-1 4.43013E-1 2.80571E-1 2.622E-1 2.39792E-1 2.2842E-1 2.05182E-1 1.46068E-1 1.46401E-1 1.14945E-1
2.77514E-1 1.73419E-1 1.26244E-1 1.10083E-1 8.20574E-2 2.13537E-1 3.94987E-1 4.30375E-1 3.2425E-1 3.90027E-1 4.07716E-1 4.4882E-1 3.99657E-1 4.29755E-1 4.4615E-1 5.37548E-1 5.84552E-1 4.9875E-1 5.48043E-1 2.73636E-1 2.13011E-1 2.78386E-1 2.76736E-1 2.62793E-1 2.79246E-1 1.13267E-1 2.02354E-1 3.1873E-1 2.69576E-1 3.83666E-1 2.55936E-1 1.39093E-1 8.97975E-2 7.44095E-2 7.82141E-2 1.06609E-1 2.14879E-1 2.33799E-1 2.05413E-1 1.95887E-1 2.15469E-1 2.87863E-1 3.45841E-1 3.94833E-1 3.75649E-1 2.28135E-1 5.99285E-2 1.5085E-1 1.4126E-1 1.74362E-1 2.17064E-1 2.87919E-1 4.59114E-1 2.63069E-1 2.50824E-1 2.43802E-1 2.23914E-1 1.39265E-1 1.19488E-1 1.10931E-1
