Phytophthora/models/20240429_1812_56/Phytophthora_PA2_RUN3_MAXENT_outputs/Phytophthora_PA2_RUN3.asc
ncols         225
nrows         269
xllcorner     473000.0
yllcorner     4429100.0
cellsize      50.0
NODATA_value  -9999
[rows 135 to 161 of 269, columns 0 to 59 of 225]
-9999 -9999 -9999 -9999 -9999 -9999 -9999 -9999 -9999 -9999 3.48022E-1 3.87009E-1 3.18993E-1 3.91263E-1 3.67756E-1 3.94261E-1 4.72302E-1 4.17537E-1 3.08088E-1 4.19178E-1 4.70807E-1 5.46204E-1 5.69135E-1 4.66405E-1 3.87592E-1 2.83926E-1 2.97614E-1 3.16414E-1 2.70335E-1 1.24594E-1 1.1317E-1 2.76952E-1 3.18865E-1 6.3824E-2 7.71366E-2 5.06797E-2 1.14765E-1 1.82481E-1 2.36126E-1 3.1354E-1 4.13153E-1 4.25238E-1 3.92589E-1 4.06081E-1 4.72306E-1 3.76847E-1 3.80928E-1 3.33733E-1 2.7345E-1 1.60875E-1 4.46709E-1 4.69307E-1 3.63915E-1 2.58204E-1 2.21526E-1 2.10371E-1 1.76795E-1 1.65038E-1 2.76206E-1 3.76397E-1
-9999 -9999 -9999 -9999 -9999 -9999 -9999 -9999 -9999 -9999 2.88523E-1 6.12737E-1 3.80525E-1 4.84224E-1 4.21557E-1 4.3162E-1 3.07271E-1 4.01072E-1 5.26257E-1 5.00697E-1 5.41559E-1 6.97445E-1 6.90398E-1 5.46127E-1 4.04309E-1 2.54748E-1 2.3325E-1 2.15684E-1 2.49066E-1 2.69833E-1 3.03334E-1 2.07126E-1 -9999 -9999 8.21398E-2 9.47126E-2 1.23375E-1 1.45014E-1 2.20787E-1 2.31676E-1 4.40927E-1 4.20107E-1 4.53092E-1 6.0528E-1 5.23459E-1 3.71099E-1 3.43564E-1 2.01997E-1 1.26052E-1 2.53718E-1 4.893E-1 4.29358E-1 3.99155E-1 3.53189E-1 2.95194E-1 2.47861E-1 1.78468E-1 1.73988E-1 2.08131E-1 2.17535E-1
-9999 -9999 -9999 -9999 -9999 -9999 -9999 -9999 -9999 -9999 5.198E-1 4.10426E-1 3.38071E-1 3.33908E-1 3.60679E-1 3.75913E-1 3.17375E-1 3.14494E-1 5.07154E-1 4.86515E-1 6.92556E-1 7.82749E-1 6.90805E-1 5.40765E-1 4.57058E-1 2.56687E-1 2.23749E-1 2.31071E-1 2.62244E-1 3.10267E-1 3.15033E-1 3.31117E-1 -9999 1.4737E-1 1.48962E-1 1.68234E-1 2.14119E-1 2.91978E-1 3.71528E-1 2.13124E-1 4.07795E-1 4.19315E-1 5.98862E-1 3.75582E-1 4.67808E-1 1.68279E-1 1.17132E-1 1.04234E-1 2.32526E-1 2.40522E-1 5.31467E-1 4.28813E-1 4.26916E-1 3.86211E-1 3.14724E-1 2.55505E-1 2.02857E-1 1.86723E-1 2.03577E-1 4.18203E-1
-9999 -9999 -9999 -9999 -9999 -9999 -9999 -9999 -9999 -9999 3.48945E-1 2.49226E-1 2.6619E-1 2.93476E-1 3.10786E-1 3.65945E-1 2.63185E-1 5.2677E-1 2.80043E-1 4.72297E-1 5.65662E-1 6.98471E-1 3.53021E-1 5.29841E-1 5.05447E-1 3.20886E-1 2.98402E-1 3.03305E-1 3.231E-1 3.43607E-1 3.46006E-1 3.55002E-1 3.24994E-1 2.641E-1 2.40189E-1 2.75761E-1 3.00304E-1 2.53069E-1 3.88713E-1 3.99516E-1 3.17065E-1 5.78896E-1 4.7004E-1 3.93987E-1 2.25645E-1 1.71532E-1 2.04959E-1 2.13582E-1 2.09635E-1 2.19904E-1 5.30504E-1 5.28254E-1 4.03026E-1 3.92506E-1 3.30524E-1 2.8882E-1 2.35318E-1 2.09703E-1 2.31185E-1 2.85636E-1
-9999 -9999 -9999 -9999 -9999 -9999 -9999 -9999 -9999 -9999 2.05972E-1 2.43885E-1 2.99872E-1 3.39128E-1 3.59325E-1 3.87444E-1 2.72701E-1 4.75966E-1 4.44932E-1 4.8186E-1 5.54607E-1 5.3624E-1 5.53001E-1 5.87268E-1 5.30078E-1 2.61921E-1 3.18999E-1 3.30674E-1 1.72913E-1 2.9584E-1 1.91006E-1 3.16673E-1 3.35998E-1 3.69108E-1 3.53421E-1 3.55872E-1 2.36743E-1 3.4592E-1 4.02226E-1 3.18188E-1 3.61539E-1 5.66313E-1 5.83538E-1 3.43108E-1 2.31311E-1 1.77734E-1 1.99929E-1 1.80233E-1 1.77246E-1 2.23658E-1 5.1535E-1 4.67433E-1 4.64205E-1 4.0957E-1 3.72373E-1 3.1712E-1 2.57628E-1 2.31712E-1 2.6366E-1 2.83382E-1
-9999 -9999 -9999 -9999 -9999 -9999 -9999 -9999 -9999 -9999 1.84369E-1 2.20722E-1 3.02746E-1 3.59478E-1 4.08373E-1 4.28602E-1 5.23209E-1 4.75441E-1 2.81907E-1 5.13319E-1 6.35502E-1 6.15888E-1 5.69371E-1 5.74179E-1 4.89492E-1 3.58208E-1 3.47815E-1 3.76174E-1 3.69347E-1 3.56107E-1 3.43688E-1 2.49561E-1 2.76377E-1 2.41863E-1 3.61621E-1 3.50174E-1 3.47334E-1 3.26727E-1 2.85881E-1 3.58852E-1 4.52608E-1 5.06911E-1 4.52271E-1 2.40769E-1 1.87027E-1 1.52543E-1 1.69055E-1 1.47865E-1 1.50907E-1 2.16511E-1 4.83358E-1 5.20719E-1 4.16756E-1 2.98074E-1 3.74151E-1 3.32422E-1 2.68451E-1 2.39135E-1 2.87032E-1 2.96816E-1
-9999 -9999 -9999 -9999 -9999 -9999 -9999 -9999 -9999 -9999 2.29856E-1 2.32054E-1 3.303E-1 3.73422E-1 3.90072E-1 4.16171E-1 4.73293E-1 4.4505E-1 5.47658E-1 6.66596E-1 6.96965E-1 6.45238E-1 5.5705E-1 5.07042E-1 4.9384E-1 4.92919E-1 4.94961E-1 5.07444E-1 4.10826E-1 3.76035E-1 3.09036E-1 3.13831E-1 3.08909E-1 3.15842E-1 2.62865E-1 4.32049E-1 4.15891E-1 3.91025E-1 5.28372E-1 4.19467E-1 5.23926E-1 4.73271E-1 2.86601E-1 2.28643E-1 2.34832E-1 2.18464E-1 2.02576E-1 1.91542E-1 2.13312E-1 3.14767E-1 5.20666E-1 6.11469E-1 4.86012E-1 4.95292E-1 4.51868E-1 3.21896E-1 2.8534E-1 2.60378E-1 2.5364E-1 2.88463E-1
-9999 -9999 -9999 -9999 -9999 -9999 -9999 -9999 -9999 -9999 1.85613E-1 2.31617E-1 3.74262E-1 3.84863E-1 4.11417E-1 4.16854E-1 4.03871E-1 3.96118E-1 3.49265E-1 6.9137E-1 6.86637E-1 3.82774E-1 4.781E-1 5.15077E-1 5.54309E-1 5.28427E-1 4.62296E-1 4.16689E-1 3.81409E-1 3.38145E-1 2.60954E-1 2.71707E-1 2.80089E-1 3.16507E-1 4.04013E-1 4.2623E-1 3.97809E-1 2.94198E-1 5.30864E-1 5.50709E-1 4.44092E-1 4.46054E-1 2.60912E-1 2.35886E-1 2.19738E-1 1.94398E-1 1.78665E-1 1.74197E-1 2.08119E-1 4.54318E-1 4.70257E-1 5.73513E-1 3.8445E-1 4.55194E-1 4.04685E-1 2.8831E-1 2.72034E-1 2.86356E-1 2.5031E-1 2.34856E-1
-9999 -9999 -9999 -9999 -9999 -9999 -9999 -9999 -9999 2.96059E-3 1.63309E-1 2.58043E-1 3.20447E-1 3.03134E-1 3.53464E-1 3.5786E-1 3.55386E-1 3.01856E-1 5.08282E-1 6.03009E-1 6.2903E-1 5.85428E-1 5.68547E-1 5.60511E-1 6.15924E-1 5.98868E-1 4.37003E-1 3.6751E-1 3.53435E-1 2.88819E-1 2.33856E-1 2.35235E-1 2.56661E-1 3.14529E-1 4.57727E-1 3.08403E-1 3.83457E-1 3.73201E-1 5.10155E-1 4.80191E-1 3.89923E-1 4.41293E-1 2.97978E-1 2.67945E-1 2.33347E-1 2.3231E-1 2.36474E-1 2.45219E-1 3.65498E-1 3.84556E-1 4.5512E-1 4.10117E-1 4.40738E-1 4.53374E-1 3.69172E-1 2.68372E-1 2.64388E-1 2.77282E-1 2.80467E-1 3.0183E-1
-9999 -9999 -9999 -9999 -9999 -9999 -9999 -9999 -9999 2.56672E-3 1.86328E-1 2.70418E-1 3.04159E-1 2.95259E-1 2.99537E-1 3.44065E-1 3.24048E-1 2.25634E-1 5.9671E-1 5.51728E-1 5.30867E-1 5.59726E-1 5.94652E-1 6.76561E-1 6.74812E-1 4.81962E-1 3.87508E-1 3.82519E-1 3.45566E-1 2.78222E-1 2.02259E-1 1.99795E-1 2.40552E-1 3.3649E-1 4.24428E-1 3.87896E-1 3.24115E-1 3.7081E-1 5.10338E-1 4.02663E-1 3.8462E-1 3.44356E-1 3.0493E-1 2.8031E-1 2.73443E-1 2.88291E-1 3.29611E-1 4.0692E-1 3.89314E-1 3.74125E-1 4.62706E-1 3.30657E-1 4.35713E-1 4.14576E-1 3.43503E-1 2.6793E-1 2.75736E-1 3.02071E-1 3.0848E-1 3.04171E-1
-9999 -9999 -9999 -9999 -9999 -9999 -9999 -9999 -9999 2.83364E-3 1.92179E-1 2.39476E-1 2.42747E-1 2.44581E-1 2.70247E-1 3.12076E-1 3.12195E-1 4.56348E-1 5.45159E-1 4.51165E-1 4.68514E-1 4.84088E-1 4.83714E-1 4.66163E-1 4.19961E-1 2.69433E-1 3.62489E-1 3.82897E-1 3.73094E-1 3.09987E-1 2.79023E-1 2.24251E-1 2.91587E-1 3.66981E-1 3.81079E-1 3.56224E-1 2.58566E-1 4.23879E-1 4.67277E-1 3.42981E-1 3.98498E-1 3.9509E-1 3.38099E-1 2.82726E-1 3.56015E-1 4.03894E-1 5.14027E-1 4.38316E-1 4.37515E-1 4.70441E-1 3.93655E-1 3.61845E-1 5.33667E-1 6.16358E-1 4.40682E-1 3.28774E-1 2.94855E-1 2.89425E-1 2.95516E-1 2.97639E-1
-9999 -9999 -9999 -9999 -9999 -9999 -9999 -9999 1.12469E-1 1.33352E-1 1.9368E-1 2.07819E-1 2.5551E-1 3.44009E-1 3.11319E-1 2.21005E-1 1.60742E-1 4.10055E-1 3.13156E-1 2.97264E-1 3.13518E-1 3.27453E-1 3.08542E-1 2.70924E-1 3.05371E-1 3.62968E-1 2.45365E-1 3.8748E-1 4.16708E-1 3.74165E-1 4.09302E-1 3.06772E-1 4.10482E-1 3.84198E-1 3.56794E-1 2.7294E-1 3.53791E-1 4.90114E-1 3.9148E-1 3.29146E-1 4.29852E-1 3.81794E-1 3.03536E-1 3.25949E-1 5.022E-1 6.36476E-1 5.64136E-1 5.50422E-1 5.72924E-1 5.05803E-1 4.59912E-1 5.45763E-1 6.21431E-1 6.64116E-1 5.11398E-1 4.46764E-1 3.99186E-1 3.3712E-1 3.53753E-1 3.97344E-1
-9999 -9999 -9999 -9999 -9999 -9999 -9999 -9999 1.45763E-1 1.26741E-1 2.13016E-1 1.54273E-1 1.63301E-1 1.90761E-1 1.48958E-1 7.42724E-2 1.75535E-1 2.25789E-1 3.06953E-1 3.29721E-1 3.35177E-1 3.7158E-1 4.08828E-1 4.33758E-1 4.28931E-1 3.87655E-1 3.95685E-1 2.83034E-1 3.98939E-1 3.98696E-1 4.47778E-1 4.6204E-1 4.88587E-1 3.83681E-1 3.31434E-1 4.04922E-1 4.23374E-1 4.38291E-1 3.22495E-1 3.09657E-1 3.97122E-1 2.83578E-1 2.96207E-1 3.74816E-1 5.72878E-1 5.47666E-1 5.71566E-1 5.91535E-1 4.92248E-1 4.95972E-1 4.47996E-1 6.40097E-1 6.82607E-1 5.84973E-1 5.11471E-1 4.7212E-1 4.06781E-1 3.48551E-1 3.40136E-1 3.6774E-1
-9999 -9999 -9999 -9999 -9999 -9999 -9999 -9999 1.36784E-1 1.40793E-1 1.66994E-1 2.03518E-1 7.02045E-2 5.64042E-2 5.7141E-2 6.81492E-2 5.10839E-2 1.71932E-1 3.72345E-1 4.13663E-1 4.2986E-1 4.62666E-1 4.88527E-1 4.67927E-1 4.56658E-1 4.04658E-1 2.24111E-1 4.00911E-1 2.87126E-1 3.9419E-1 4.85118E-1 5.08178E-1 4.12718E-1 2.01016E-1 3.95623E-1 5.23159E-1 4.64979E-1 4.26849E-1 3.29523E-1 3.61181E-1 2.90982E-1 2.98093E-1 3.59575E-1 5.66399E-1 5.68667E-1 5.81949E-1 6.61281E-1 5.07977E-1 5.1254E-1 6.24255E-1 6.86578E-1 6.79271E-1 6.9233E-1 4.31098E-1 4.30632E-1 4.57183E-1 4.24184E-1 3.65441E-1 3.24461E-1 3.35077E-1
-9999 -9999 -9999 -9999 -9999 -9999 -9999 1.59234E-1 1.00071E-1 2.17383E-1 1.61241E-1 9.90237E-2 1.06443E-1 1.08825E-1 8.48234E-2 7.23622E-2 1.19474E-1 3.90481E-1 2.8076E-1 4.07747E-1 4.35155E-1 4.47821E-1 3.91043E-1 3.86427E-1 4.27999E-1 4.08145E-1 4.06331E-1 4.18133E-1 3.96704E-1 2.41406E-1 4.78592E-1 5.44013E-1 3.34688E-1 4.22494E-1 5.25672E-1 5.47909E-1 4.99692E-1 3.99333E-1 3.30909E-1 4.08032E-1 3.37655E-1 5.23865E-1 5.18963E-1 4.73125E-1 5.69192E-1 6.43472E-1 6.13731E-1 5.14594E-1 6.16823E-1 6.77899E-1 6.8526E-1 6.90377E-1 6.89736E-1 5.17344E-1 4.86391E-1 4.65092E-1 4.12232E-1 3.53287E-1 3.13782E-1 3.41272E-1
-9999 -9999 -9999 -9999 -9999 -9999 -9999 1.27115E-1 1.00165E-1 1.13942E-1 1.08517E-1 1.62825E-1 2.36216E-1 2.25191E-1 2.29614E-1 2.28368E-1 3.44425E-1 3.5077E-1 2.73993E-1 3.39778E-1 3.34516E-1 3.19226E-1 2.78765E-1 3.53481E-1 3.9438E-1 3.78597E-1 3.95851E-1 4.37337E-1 2.3435E-1 4.63406E-1 4.99111E-1 5.43777E-1 4.15071E-1 5.26442E-1 5.2544E-1 5.31268E-1 4.76804E-1 3.39681E-1 3.9175E-1 4.35337E-1 4.35985E-1 4.03238E-1 5.10311E-1 4.72007E-1 5.24212E-1 3.08342E-1 3.86245E-1 4.5506E-1 6.60532E-1 5.06285E-1 5.00012E-1 6.89375E-1 6.89445E-1 5.05168E-1 4.59664E-1 4.20461E-1 3.80618E-1 3.5083E-1 3.07715E-1 3.83388E-1
-9999 -9999 -9999 -9999 -9999 -9999 -9999 8.10715E-2 1.48907E-1 2.01314E-1 2.71856E-1 3.73723E-1 4.44005E-1 4.30302E-1 4.72331E-1 4.59098E-1 4.38942E-1 5.06668E-1 3.55734E-1 3.8084E-1 3.79864E-1 3.95994E-1 3.79576E-1 4.49041E-1 4.25958E-1 4.17916E-1 4.69883E-1 5.15847E-1 5.48918E-1 5.52986E-1 6.07782E-1 6.34925E-1 6.78456E-1 6.48148E-1 5.62076E-1 5.74216E-1 5.13152E-1 3.34274E-1 4.37015E-1 4.40908E-1 5.28561E-1 5.86614E-1 5.99782E-1 3.86715E-1 6.06437E-1 6.88556E-1 7.91432E-1 7.98431E-1 8.15483E-1 7.93482E-1 7.45922E-1 7.44436E-1 6.43347E-1 5.08321E-1 4.61419E-1 4.3678E-1 4.1384E-1 3.80166E-1 3.40305E-1 4.06071E-1
-9999 -9999 -9999 -9999 -9999 -9999 2.0326E-1 1.63579E-1 2.15779E-1 3.16386E-1 4.1571E-1 4.54918E-1 5.02811E-1 5.18206E-1 5.35234E-1 4.9745E-1 4.83518E-1 6.35659E-1 4.33811E-1 3.92921E-1 3.71031E-1 3.90891E-1 3.94558E-1 4.04482E-1 3.9867E-1 4.10393E-1 4.54194E-1 4.81186E-1 5.83936E-1 6.37643E-1 6.1805E-1 5.43187E-1 6.91676E-1 6.57794E-1 5.03374E-1 5.2205E-1 4.10058E-1 2.81248E-1 4.5091E-1 5.37003E-1 5.7384E-1 4.74334E-1 3.94698E-1 5.63505E-1 6.69759E-1 7.18174E-1 7.7996E-1 8.04202E-1 8.15582E-1 7.94309E-1 7.42652E-1 6.99007E-1 6.45261E-1 5.62395E-1 3.99857E-1 4.00183E-1 3.79549E-1 3.44241E-1 3.41959E-1 2.39694E-1
-9999 -9999 -9999 -9999 -9999 -9999 1.30924E-1 3.77319E-1 3.82094E-1 4.78873E-1 5.25396E-1 5.43024E-1 5.98259E-1 6.16426E-1 6.08138E-1 5.36668E-1 5.62634E-1 7.02038E-1 4.97878E-1 4.66647E-1 4.37029E-1 4.19555E-1 3.79655E-1 3.40419E-1 3.74314E-1 3.66808E-1 4.22984E-1 4.23405E-1 5.07353E-1 6.45107E-1 6.04155E-1 5.83147E-1 7.11173E-1 5.9001E-1 4.6559E-1 5.82454E-1 4.36491E-1 3.97011E-1 4.72755E-1 4.57636E-1 5.28137E-1 4.7933E-1 5.98175E-1 6.57151E-1 7.29913E-1 7.85261E-1 7.84956E-1 8.06917E-1 6.99064E-1 7.17592E-1 7.31332E-1 5.69877E-1 6.32609E-1 5.98618E-1 3.57189E-1 4.01574E-1 3.51139E-1 3.16587E-1 3.19816E-1 4.51172E-1
-9999 -9999 -9999 -9999 -9999 -9999 -9999 4.39357E-1 4.85222E-1 5.73895E-1 5.44034E-1 5.84092E-1 6.12931E-1 6.56337E-1 6.67298E-1 6.35917E-1 7.17854E-1 7.04632E-1 5.37239E-1 5.60411E-1 5.33538E-1 4.88897E-1 3.30368E-1 2.36277E-1 3.55032E-1 3.27765E-1 4.01977E-1 4.29927E-1 5.12125E-1 5.99044E-1 6.55243E-1 6.57799E-1 7.12886E-1 5.8565E-1 5.79129E-1 5.9593E-1 3.59094E-1 4.04055E-1 4.54097E-1 4.71862E-1 5.56871E-1 5.94814E-1 6.51518E-1 6.98863E-1 7.42282E-1 7.6233E-1 7.75142E-1 8.04385E-1 7.91391E-1 6.49618E-1 6.56814E-1 6.20137E-1 6.00156E-1 2.98312E-1 4.4825E-1 4.60574E-1 3.85949E-1 3.69556E-1 3.36858E-1 4.79193E-1
-9999 -9999 -9999 -9999 -9999 -9999 -9999 2.73521E-1 6.29215E-1 6.44419E-1 5.84753E-1 5.91271E-1 6.35755E-1 6.99226E-1 6.03191E-1 6.78547E-1 7.55583E-1 6.7908E-1 5.95202E-1 6.59773E-1 5.85034E-1 4.54745E-1 3.26335E-1 3.10092E-1 3.07211E-1 3.0694E-1 3.62064E-1 4.4774E-1 5.12799E-1 5.50833E-1 6.1784E-1 6.89542E-1 6.4703E-1 6.14383E-1 6.6274E-1 3.07167E-1 3.78788E-1 4.88196E-1 4.94559E-1 3.07864E-1 6.66976E-1 7.02048E-1 6.4416E-1 6.53607E-1 7.35883E-1 7.85123E-1 7.89738E-1 7.99545E-1 6.98525E-1 5.82816E-1 5.35955E-1 4.89233E-1 4.56629E-1 5.13436E-1 4.49875E-1 4.88933E-1 3.92905E-1 3.90973E-1 4.81737E-1 6.19696E-1
-9999 -9999 -9999 -9999 -9999 -9999 -9999 -9999 2.55621E-1 5.96513E-1 4.89638E-1 4.59456E-1 5.35469E-1 6.47431E-1 7.44645E-1 8.52521E-1 8.49364E-1 7.46506E-1 8.3868E-1 8.12011E-1 5.66E-1 4.33984E-1 3.7115E-1 3.33952E-1 3.46704E-1 3.31961E-1 3.93279E-1 4.71526E-1 5.65059E-1 6.16628E-1 7.24568E-1 7.37906E-1 7.50447E-1 7.56289E-1 5.50487E-1 4.36506E-1 5.26952E-1 5.9791E-1 4.90231E-1 6.8178E-1 7.30918E-1 6.80129E-1 5.99687E-1 6.39228E-1 6.81328E-1 5.75335E-1 6.98586E-1 6.33339E-1 5.47638E-1 5.23808E-1 5.63792E-1 5.38183E-1 5.4675E-1 5.4461E-1 3.05035E-1 6.22293E-1 4.21911E-1 3.91661E-1 5.29044E-1 5.85655E-1
-9999 -9999 -9999 -9999 -9999 -9999 -9999 -9999 3.22922E-1 4.06424E-1 2.5528E-1 3.74111E-1 5.33236E-1 6.53774E-1 7.83551E-1 8.37698E-1 8.10978E-1 8.50475E-1 8.49441E-1 7.82288E-1 5.36349E-1 4.65647E-1 3.77136E-1 3.57135E-1 3.90735E-1 3.8403E-1 4.31892E-1 4.80648E-1 5.89983E-1 6.67645E-1 7.09658E-1 7.11989E-1 7.36695E-1 5.95679E-1 3.4904E-1 5.4788E-1 5.63836E-1 6.48607E-1 6.8244E-1 7.4843E-1 6.94146E-1 6.47267E-1 5.95539E-1 4.77117E-1 5.60802E-1 4.92221E-1 6.50041E-1 6.44493E-1 5.36406E-1 4.82857E-1 5.13387E-1 5.06175E-1 5.84827E-1 5.03751E-1 6.31401E-1 6.08175E-1 4.5039E-1 2.71232E-1 5.46663E-1 3.63954E-1
-9999 -9999 -9999 -9999 -9999 -9999 -9999 -9999 2.0329E-1 2.03776E-1 2.7672E-1 3.98177E-1 5.33096E-1 6.75273E-1 7.42968E-1 8.28949E-1 8.2025E-1 8.42741E-1 8.20813E-1 7.08994E-1 4.93503E-1 4.685E-1 3.94138E-1 4.09002E-1 4.4378E-1 4.39074E-1 4.89407E-1 5.26604E-1 6.20572E-1 7.20127E-1 7.06061E-1 6.48759E-1 7.25629E-1 4.40761E-1 4.22655E-1 5.66732E-1 6.85042E-1 7.50468E-1 7.28653E-1 6.89426E-1 6.74979E-1 6.16067E-1 5.81239E-1 4.28033E-1 4.84822E-1 4.23726E-1 5.67425E-1 5.85803E-1 5.77896E-1 5.96697E-1 6.33714E-1 5.10583E-1 7.05648E-1 6.54683E-1 7.07566E-1 4.0266E-1 4.95133E-1 4.28442E-1 2.7324E-1 2.4274E-1
-9999 -9999 -9999 -9999 -9999 -9999 -9999 -9999 -9999 2.62765E-1 3.53456E-1 4.18184E-1 6.43296E-1 6.66567E-1 7.06343E-1 8.08259E-1 8.18532E-1 8.13171E-1 7.41951E-1 6.95023E-1 4.99177E-1 4.73277E-1 4.20807E-1 4.53186E-1 4.93539E-1 4.9974E-1 5.44803E-1 5.80877E-1 6.21943E-1 7.22781E-1 6.98453E-1 5.83655E-1 6.93207E-1 5.02614E-1 4.79558E-1 7.01815E-1 7.39332E-1 6.67641E-1 6.57707E-1 6.62404E-1 6.82546E-1 5.51691E-1 4.6495E-1 3.63263E-1 3.73351E-1 3.38828E-1 4.11391E-1 4.8127E-1 5.26878E-1 5.73241E-1 6.44058E-1 6.84344E-1 7.20885E-1 7.38359E-1 7.05213E-1 5.06069E-1 3.42604E-1 2.43376E-1 1.96415E-1 2.96339E-1
-9999 -9999 -9999 -9999 -9999 -9999 -9999 -9999 -9999 4.13971E-1 4.70797E-1 6.37264E-1 6.77015E-1 7.07487E-1 7.31926E-1 8.12668E-1 8.11376E-1 8.0405E-1 7.21613E-1 6.59045E-1 5.34588E-1 5.06513E-1 4.66013E-1 4.80441E-1 5.30531E-1 5.42401E-1 6.01198E-1 6.17419E-1 6.04294E-1 6.24265E-1 6.69015E-1 4.21288E-1 5.72696E-1 6.42468E-1 6.20953E-1 5.8153E-1 5.5936E-1 5.56432E-1 6.37266E-1 6.51677E-1 6.6792E-1 5.14952E-1 4.41668E-1 3.3808E-1 3.60194E-1 3.42274E-1 3.81621E-1 3.50996E-1 4.19077E-1 5.65821E-1 6.16509E-1 6.48482E-1 6.8731E-1 7.1966E-1 6.44183E-1 3.14515E-1 2.27591E-1 2.37185E-1 5.53255E-1 5.55315E-1
-9999 -9999 -9999 -9999 -9999 -9999 -9999 -9999 -9999 5.26694E-1 5.26862E-1 5.64383E-1 6.61683E-1 7.51152E-1 7.79694E-1 8.27754E-1 7.88689E-1 8.13057E-1 7.46897E-1 7.39487E-1 6.39041E-1 5.36524E-1 5.04278E-1 5.43154E-1 5.99642E-1 6.35249E-1 6.96828E-1 5.46038E-1 6.51791E-1 6.90223E-1 5.9523E-1 6.25184E-1 4.34129E-1 4.19754E-1 5.83907E-1 6.77176E-1 4.0403E-1 4.52056E-1 5.72208E-1 6.24474E-1 5.45263E-1 4.80486E-1 3.99158E-1 3.44534E-1 4.27388E-1 4.70937E-1 4.87469E-1 4.94998E-1 5.16983E-1 5.07891E-1 4.52521E-1 5.72055E-1 7.02587E-1 6.28533E-1 5.65952E-1 4.7066E-1 3.85123E-1 3.40842E-1 4.98553E-1 6.67605E-1
