Phytophthora/models/20240429_1812_56/Phytophthora_PA2_RUN3_MAXENT_outputs/Phytophthora_PA2_RUN3.asc
ncols         225
nrows         269
xllcorner     473000.0
yllcorner     4429100.0
cellsize      50.0
NODATA_value  -9999
[rows 108 to 134 of 269, columns 0 to 59 of 225]
-9999 -9999 -9999 -9999 -9999 -9999 -9999 -9999 -9999 -9999 -9999 1.38214E-1 1.41149E-1 1.95702E-1 2.33961E-1 2.13805E-1 1.9541E-1 1.39502E-1 1.19814E-1 1.26429E-1 1.96136E-1 2.98462E-1 1.9618E-1 1.9484E-1 1.8079E-1 1.88148E-1 1.71339E-1 1.60548E-1 1.78287E-1 1.91209E-1 1.64268E-1 1.2357E-1 1.11594E-1 1.05648E-1 1.10044E-1 7.4615E-2 1.01051E-1 8.94111E-2 4.76393E-2 8.26241E-2 6.01761E-2 5.7056E-2 6.02902E-2 7.91838E-2 1.10067E-1 1.00198E-1 6.9662E-2 6.4226E-2 6.6941E-2 9.68004E-2 8.45997E-2 8.25625E-2 8.3038E-2 1.36521E-1 9.79416E-2 7.76685E-2 6.79451E-2 1.15575E-1 1.457E-1 1.27621E-1
-9999 -9999 -9999 -9999 -9999 -9999 -9999 -9999 -9999 -9999 1.19262E-1 1.44115E-1 1.64609E-1 2.28795E-1 2.59627E-1 1.78156E-1 1.41292E-1 1.09332E-1 1.22217E-1 1.39905E-1 2.21698E-1 2.47808E-1 7.73615E-2 2.48022E-1 1.48831E-1 1.57629E-1 1.53601E-1 1.67767E-1 2.07076E-1 1.45185E-1 1.11708E-1 1.13727E-1 1.27073E-1 1.24166E-1 1.2895E-1 9.21112E-2 1.10115E-1 8.79863E-2 4.27516E-2 4.23605E-2 5.81203E-2 5.73582E-2 5.94568E-2 6.99396E-2 1.31292E-1 1.90497E-1 1.59305E-1 7.7442E-2 3.431E-2 1.10341E-1 8.7882E-2 9.86623E-2 1.79751E-1 1.5408E-1 8.08271E-2 9.37267E-2 7.42964E-2 1.906E-1 1.55631E-1 8.678E-2
-9999 -9999 -9999 -9999 -9999 -9999 -9999 -9999 -9999 -9999 1.53335E-1 1.82331E-1 2.73207E-1 3.44074E-1 2.92767E-1 1.81063E-1 1.23877E-1 1.15706E-1 1.34203E-1 1.54165E-1 2.8209E-1 8.04622E-2 2.12902E-1 1.99105E-1 1.82682E-1 1.97976E-1 1.98603E-1 1.92176E-1 1.66544E-1 1.18927E-1 1.25146E-1 1.33104E-1 1.52673E-1 1.47307E-1 1.52637E-1 1.12206E-1 1.09473E-1 8.97467E-2 8.70539E-2 8.70482E-2 2.99025E-2 5.73554E-2 2.16389E-2 3.35107E-2 7.72466E-2 1.94515E-1 1.97011E-1 1.25327E-1 1.01194E-1 1.4529E-1 8.57629E-2 1.14947E-1 2.01807E-1 1.69688E-1 8.86656E-2 1.12356E-1 1.88222E-1 1.85773E-1 9.40299E-2 7.02319E-2
-9999 -9999 -9999 -9999 -9999 -9999 -9999 -9999 -9999 3.83133E-1 4.58515E-1 4.75008E-1 4.7501E-1 5.99462E-1 5.09001E-1 3.33748E-1 2.86638E-1 3.088E-1 3.37295E-1 3.14729E-1 2.64242E-1 1.54705E-1 2.60169E-1 2.31637E-1 2.19465E-1 1.9757E-1 1.7638E-1 1.72794E-1 1.83122E-1 1.88606E-1 3.84835E-1 3.92998E-1 4.01026E-1 3.88035E-1 4.35226E-1 3.35731E-1 4.13104E-1 3.53543E-1 3.2325E-1 3.11521E-1 7.71822E-2 6.20705E-2 1.09582E-1 1.22921E-1 5.76986E-2 1.30945E-1 2.51626E-1 2.02013E-1 1.94398E-1 2.35448E-1 1.97799E-1 1.94476E-1 3.19723E-1 3.00211E-1 1.84248E-1 1.93426E-1 1.75188E-1 9.47272E-2 6.44809E-2 6.49963E-2
-9999 -9999 -9999 -9999 -9999 -9999 -9999 -9999 2.53924E-1 3.45521E-1 4.17964E-1 4.33167E-1 6.00536E-1 5.06508E-1 4.22282E-1 2.62612E-1 2.59811E-1 3.81456E-1 4.10036E-1 4.49429E-1 9.7813E-2 2.52062E-1 1.94957E-1 2.30587E-1 2.12865E-1 2.01387E-1 2.00795E-1 2.0782E-1 2.38447E-1 2.41407E-1 4.16768E-1 4.03548E-1 3.88415E-1 2.54796E-1 4.67634E-1 4.99624E-1 4.32238E-1 3.24172E-1 3.07656E-1 3.12283E-1 1.26118E-1 8.3517E-2 1.19028E-1 1.29408E-1 1.51477E-1 1.32762E-1 2.00981E-1 1.99652E-1 1.65506E-1 1.95761E-1 2.31341E-1 2.3791E-1 3.12571E-1 3.03482E-1 2.70732E-1 2.04318E-1 1.62734E-1 7.59675E-2 7.15089E-2 7.68062E-2
-9999 -9999 -9999 -9999 -9999 -9999 -9999 -9999 3.1051E-1 3.11287E-1 4.22554E-1 5.32365E-1 6.00179E-1 4.6151E-1 3.58102E-1 2.58105E-1 2.68406E-1 3.88348E-1 5.02023E-1 9.68897E-2 2.29524E-1 1.4383E-1 1.61191E-1 2.0261E-1 2.40139E-1 2.37088E-1 2.3772E-1 2.53656E-1 2.89163E-1 2.6184E-1 4.41232E-1 3.71352E-1 3.5382E-1 3.48986E-1 5.06161E-1 4.85032E-1 4.33435E-1 3.49434E-1 3.25964E-1 3.01722E-1 1.45215E-1 1.2041E-1 1.27034E-1 1.24354E-1 1.59455E-1 1.42687E-1 1.56455E-1 1.87585E-1 1.99037E-1 1.88715E-1 3.01616E-1 2.41987E-1 3.1532E-1 3.01652E-1 2.93616E-1 2.34679E-1 1.1955E-1 8.10061E-2 7.32571E-2 8.52398E-2
-9999 -9999 -9999 -9999 -9999 -9999 -9999 -9999 3.49256E-1 3.20617E-1 2.51297E-1 5.17889E-1 5.16177E-1 3.73859E-1 3.07553E-1 2.44792E-1 2.57334E-1 3.33487E-1 2.02237E-1 2.40891E-1 1.51514E-1 1.48206E-1 1.8166E-1 2.3565E-1 2.30648E-1 2.24096E-1 3.14163E-1 1.7322E-1 1.87527E-1 2.24495E-1 4.43124E-1 3.67131E-1 2.25614E-1 3.62794E-1 4.84024E-1 5.07167E-1 4.77312E-1 3.80121E-1 3.25107E-1 3.46076E-1 1.73378E-1 1.37505E-1 1.43967E-1 1.47406E-1 1.76125E-1 1.1434E-1 1.44114E-1 1.43743E-1 2.1605E-1 1.00196E-1 3.01158E-1 3.22214E-1 2.95086E-1 3.20916E-1 3.02306E-1 1.82841E-1 1.31334E-1 8.0164E-2 7.51519E-2 1.10388E-1
-9999 -9999 -9999 -9999 -9999 -9999 -9999 2.27165E-1 2.96019E-1 3.19648E-1 4.62968E-1 5.02129E-1 4.38196E-1 3.20017E-1 2.78834E-1 2.5478E-1 2.63861E-1 1.64666E-1 1.94001E-1 1.84236E-1 1.17515E-1 1.56614E-1 2.02752E-1 1.14966E-1 2.51746E-1 2.45399E-1 3.19782E-1 2.61843E-1 2.59213E-1 2.20873E-1 4.13721E-1 3.50201E-1 3.46535E-1 3.99258E-1 5.01662E-1 5.27202E-1 4.64279E-1 3.73297E-1 2.87231E-1 2.28329E-1 1.25105E-1 1.55582E-1 1.48695E-1 1.74671E-1 2.03387E-1 1.44799E-1 1.37217E-1 1.30464E-1 2.27184E-1 1.69462E-1 2.97126E-1 2.96118E-1 2.03672E-1 3.3489E-1 3.34725E-1 1.70607E-1 1.24285E-1 8.75892E-2 9.82437E-2 1.25026E-1
-9999 -9999 -9999 -9999 -9999 -9999 1.43406E-1 1.31256E-1 1.51935E-1 1.17906E-1 3.31426E-1 3.50292E-1 2.90071E-1 2.05369E-1 1.93308E-1 2.86098E-1 3.42945E-1 1.80312E-1 1.86898E-1 2.27227E-1 1.94795E-1 2.32299E-1 2.643E-1 3.33771E-1 2.82386E-1 3.05488E-1 3.35048E-1 2.95564E-1 2.84218E-1 2.54873E-1 3.39934E-1 2.73708E-1 2.56095E-1 3.87304E-1 3.95623E-1 4.80061E-1 3.66408E-1 3.29208E-1 3.15206E-1 3.98971E-1 5.34629E-1 4.42176E-1 4.2541E-1 4.73823E-1 5.10628E-1 4.13799E-1 3.95103E-1 4.12024E-1 5.30246E-1 5.01316E-1 5.33979E-1 5.13991E-1 5.39863E-1 5.6825E-1 5.63159E-1 4.50126E-1 3.63358E-1 2.55145E-1 2.41845E-1 2.42041E-1
-9999 -9999 -9999 -9999 -9999 -9999 -9999 2.59204E-1 2.7673E-1 2.98248E-1 3.75715E-1 3.11225E-1 2.34377E-1 1.86896E-1 1.98307E-1 2.88405E-1 2.03855E-1 1.33371E-1 1.46065E-1 1.45328E-1 1.4119E-1 2.22316E-1 3.20035E-1 2.99599E-1 2.59714E-1 2.46392E-1 2.96331E-1 2.96666E-1 2.90452E-1 2.17902E-1 2.80649E-1 2.36041E-1 2.55717E-1 3.58614E-1 3.60923E-1 4.61543E-1 2.91663E-1 2.80799E-1 2.95005E-1 3.79783E-1 5.35641E-1 4.85098E-1 5.00697E-1 5.39855E-1 5.36879E-1 4.05306E-1 2.76716E-1 4.20383E-1 2.01469E-1 4.49388E-1 5.41197E-1 5.16255E-1 5.75666E-1 5.64567E-1 5.43272E-1 3.73278E-1 2.28186E-1 1.74521E-1 1.76218E-1 2.1438E-1
-9999 -9999 -9999 -9999 -9999 -9999 -9999 -9999 2.94472E-1 3.14462E-1 3.43092E-1 2.47489E-1 1.92924E-1 1.68618E-1 3.00784E-1 1.96467E-1 1.22962E-1 1.43402E-1 1.74434E-1 2.27688E-1 2.13308E-1 2.89133E-1 2.91899E-1 2.41812E-1 2.25779E-1 1.53717E-1 2.35565E-1 2.49812E-1 2.6917E-1 1.81794E-1 3.09313E-1 2.72593E-1 3.59877E-1 3.23616E-1 3.24059E-1 2.81609E-1 2.68254E-1 2.99997E-1 3.47723E-1 4.17617E-1 5.81012E-1 5.13337E-1 3.29318E-1 5.70295E-1 5.70744E-1 4.01104E-1 3.64768E-1 5.67081E-1 3.09709E-1 4.04542E-1 3.75946E-1 3.32246E-1 4.42838E-1 3.22994E-1 3.41001E-1 2.28621E-1 1.74965E-1 1.98554E-1 2.65347E-1 3.06949E-1
-9999 -9999 -9999 -9999 -9999 -9999 -9999 -9999 -9999 3.26733E-1 2.98992E-1 2.31673E-1 2.00578E-1 2.8725E-1 3.81414E-1 1.24664E-1 1.56401E-1 2.18136E-1 2.81373E-1 3.10537E-1 2.39354E-1 2.77756E-1 2.53584E-1 1.94271E-1 1.87661E-1 1.6887E-1 2.13755E-1 2.21828E-1 2.52788E-1 2.17992E-1 3.82778E-1 3.40618E-1 2.77909E-1 3.1593E-1 3.13782E-1 2.69394E-1 2.77014E-1 3.21306E-1 3.71112E-1 3.12216E-1 5.89914E-1 4.94413E-1 5.38908E-1 5.47632E-1 5.18569E-1 3.58812E-1 3.21932E-1 4.21485E-1 2.72878E-1 3.30898E-1 3.46521E-1 3.32909E-1 1.37723E-1 1.37187E-1 1.18841E-1 9.49409E-2 4.22023E-2 1.82439E-1 1.82476E-1 2.82694E-1
-9999 -9999 -9999 -9999 -9999 -9999 -9999 -9999 -9999 -9999 2.65502E-1 2.54554E-1 2.3243E-1 2.82447E-1 2.34342E-1 1.30798E-1 1.81011E-1 2.41644E-1 2.67387E-1 3.11583E-1 2.44392E-1 2.52372E-1 2.19677E-1 1.81659E-1 1.47747E-1 1.4707E-1 2.18756E-1 2.16239E-1 2.0803E-1 2.29557E-1 2.92428E-1 2.65853E-1 2.93675E-1 2.63605E-1 2.40602E-1 3.15826E-1 3.09382E-1 3.62274E-1 3.82735E-1 4.14035E-1 5.9755E-1 4.28652E-1 5.25878E-1 4.81509E-1 4.11936E-1 2.99047E-1 4.64387E-1 1.47601E-1 2.86933E-1 3.22634E-1 1.63442E-1 1.58306E-1 1.34394E-1 1.28079E-1 1.0623E-1 1.52651E-1 2.36773E-1 3.31684E-1 3.34469E-1 3.25892E-1
-9999 -9999 -9999 -9999 -9999 -9999 -9999 -9999 -9999 -9999 -9999 2.36397E-1 4.54789E-1 5.32424E-1 2.64759E-1 2.12853E-1 1.6502E-1 1.90005E-1 2.07493E-1 2.53726E-1 3.69021E-1 3.34187E-1 2.91946E-1 2.55815E-1 2.67745E-1 3.3705E-1 4.71126E-1 4.18912E-1 4.41499E-1 3.44996E-1 2.67069E-1 2.9735E-1 3.50388E-1 2.5664E-1 3.04934E-1 3.63466E-1 3.3724E-1 4.05774E-1 4.70396E-1 6.40814E-1 5.62115E-1 3.9859E-1 5.39898E-1 4.85E-1 3.46023E-1 2.7554E-1 9.92782E-2 1.0703E-1 1.52534E-1 1.38463E-1 1.61243E-1 1.95625E-1 1.86284E-1 1.58288E-1 9.38395E-2 3.03295E-1 3.25961E-1 3.82179E-1 3.7511E-1 3.92201E-1
-9999 -9999 -9999 -9999 -9999 -9999 -9999 -9999 -9999 -9999 -9999 -9999 2.37258E-1 4.62116E-1 3.97665E-1 2.74597E-1 1.62658E-1 1.76607E-1 1.8498E-1 2.56812E-1 3.79551E-1 3.6525E-1 3.17074E-1 3.03517E-1 2.92758E-1 2.99373E-1 5.45538E-1 3.77011E-1 4.31276E-1 3.09725E-1 2.71185E-1 2.52072E-1 2.12962E-1 2.74914E-1 2.89155E-1 4.06544E-1 3.7717E-1 4.84288E-1 5.02361E-1 6.50011E-1 4.37385E-1 3.25163E-1 4.77155E-1 4.20244E-1 1.50967E-1 9.90766E-2 1.09758E-1 1.71185E-1 1.69866E-1 2.12535E-1 2.59495E-1 3.09122E-1 3.38507E-1 3.182E-1 3.83027E-1 3.28548E-1 3.84354E-1 3.65243E-1 3.87509E-1 4.77755E-1
-9999 -9999 -9999 -9999 -9999 -9999 -9999 -9999 -9999 -9999 -9999 -9999 4.5075E-1 2.97355E-1 3.98692E-1 1.85516E-1 1.2295E-1 1.39657E-1 1.87053E-1 2.60672E-1 3.31801E-1 3.83281E-1 3.54901E-1 3.33455E-1 3.45946E-1 3.28601E-1 3.562E-1 2.85813E-1 4.17562E-1 3.28375E-1 1.84003E-1 1.53117E-1 1.83208E-1 2.31516E-1 2.94197E-1 2.73676E-1 4.03854E-1 5.86444E-1 6.02062E-1 5.58827E-1 3.65484E-1 2.99646E-1 4.4993E-1 3.54222E-1 1.41577E-1 1.12431E-1 2.65657E-1 1.67917E-1 2.03042E-1 2.71156E-1 3.22631E-1 3.54395E-1 3.68617E-1 2.52076E-1 3.83474E-1 3.65624E-1 3.63802E-1 3.7029E-1 4.11829E-1 6.04778E-1
-9999 -9999 -9999 -9999 -9999 -9999 -9999 -9999 -9999 -9999 -9999 -9999 -9999 2.48541E-1 2.2087E-1 1.23573E-1 1.05882E-1 1.75889E-1 2.61691E-1 3.07948E-1 2.74146E-1 3.57806E-1 3.54574E-1 3.17989E-1 3.50515E-1 3.89091E-1 6.00845E-1 2.38408E-1 4.70021E-1 1.13624E-1 8.2944E-2 8.43877E-2 1.07031E-1 1.6692E-1 3.48233E-1 4.20882E-1 2.48087E-1 2.87158E-1 5.8326E-1 4.2274E-1 3.18949E-1 2.9039E-1 3.72672E-1 8.10707E-2 8.23258E-2 2.94823E-1 1.48756E-1 1.49553E-1 2.2171E-1 3.14663E-1 3.83101E-1 3.95047E-1 4.03503E-1 3.94591E-1 3.91196E-1 3.56732E-1 3.39776E-1 3.37098E-1 5.01536E-1 5.45859E-1
-9999 -9999 -9999 -9999 -9999 -9999 -9999 -9999 -9999 -9999 -9999 -9999 -9999 -9999 1.55783E-1 1.11213E-1 1.15577E-1 2.0944E-1 2.62425E-1 2.95634E-1 3.49824E-1 3.53041E-1 3.78165E-1 3.6798E-1 2.49855E-1 3.90117E-1 4.49173E-1 3.21224E-1 2.25878E-1 1.37184E-1 6.9266E-2 8.05106E-2 1.2372E-1 2.46227E-1 3.69846E-1 4.25349E-1 4.33712E-1 6.00475E-1 5.78334E-1 3.4318E-1 2.87713E-1 3.1962E-1 7.71123E-2 8.55981E-2 1.80723E-1 1.07592E-1 1.27823E-1 2.15111E-1 2.81408E-1 3.42822E-1 4.08008E-1 4.15472E-1 3.82684E-1 3.81294E-1 3.74084E-1 3.19414E-1 3.04901E-1 3.28449E-1 4.55081E-1 4.6425E-1
-9999 -9999 -9999 -9999 -9999 -9999 -9999 -9999 -9999 -9999 -9999 -9999 -9999 -9999 1.43654E-1 1.38473E-1 1.67997E-1 2.7824E-1 2.78176E-1 3.2054E-1 4.29875E-1 4.49452E-1 3.58024E-1 4.99235E-1 5.20071E-1 3.23298E-1 2.48024E-1 1.62665E-1 1.15933E-1 9.1731E-2 6.43655E-2 1.02869E-1 1.73697E-1 2.38767E-1 2.63422E-1 3.75273E-1 3.83264E-1 5.18225E-1 5.077E-1 2.55237E-1 2.21989E-1 2.59073E-1 1.01586E-1 9.179E-2 6.89175E-2 7.64252E-2 9.72293E-2 1.93537E-1 2.57077E-1 2.84005E-1 3.70705E-1 3.64247E-1 3.47151E-1 3.52764E-1 3.61189E-1 2.90433E-1 2.56632E-1 2.21648E-1 3.84877E-1 4.1524E-1
-9999 -9999 -9999 -9999 -9999 -9999 -9999 -9999 -9999 -9999 -9999 -9999 -9999 -9999 1.33705E-1 1.25072E-1 1.78297E-1 2.66508E-1 2.71564E-1 3.1224E-1 4.36964E-1 3.4502E-1 5.62029E-1 6.6464E-1 3.12281E-1 1.20847E-1 2.66004E-1 1.60722E-1 1.27736E-1 1.08611E-1 1.10212E-1 1.58132E-1 1.74445E-1 2.13395E-1 2.49305E-1 3.28204E-1 3.29977E-1 4.56241E-1 4.24307E-1 2.79251E-1 3.71272E-1 1.46891E-1 7.41189E-2 7.47616E-2 6.9323E-2 1.03689E-1 1.70064E-1 2.91254E-1 2.5561E-1 3.21512E-1 4.06437E-1 3.79349E-1 2.57117E-1 3.9298E-1 3.65799E-1 2.83819E-1 2.4475E-1 2.36886E-1 3.74611E-1 3.05021E-1
-9999 -9999 -9999 -9999 -9999 -9999 -9999 -9999 -9999 -9999 -9999 -9999 -9999 -9999 1.31785E-1 1.73986E-1 2.22297E-1 2.51556E-1 2.70914E-1 3.10288E-1 3.43276E-1 4.23692E-1 1.91555E-1 5.01212E-1 4.43467E-1 2.69749E-1 2.0339E-1 1.35347E-1 1.20045E-1 1.08084E-1 1.21733E-1 1.6164E-1 1.81012E-1 2.156E-1 2.07183E-1 2.65861E-1 2.931E-1 3.89214E-1 3.66635E-1 3.29879E-1 1.03168E-1 8.54171E-2 7.83603E-2 8.8819E-2 1.16656E-1 1.59724E-1 2.79528E-1 3.02228E-1 2.98836E-1 3.46025E-1 3.98698E-1 3.5823E-1 2.07577E-1 4.25943E-1 3.63399E-1 2.81173E-1 2.18923E-1 1.79629E-1 1.97862E-1 1.04623E-1
-9999 -9999 -9999 -9999 -9999 -9999 -9999 -9999 -9999 -9999 -9999 -9999 -9999 3.50966E-1 2.22086E-1 2.46201E-1 2.2286E-1 2.4993E-1 2.75748E-1 2.90489E-1 3.62315E-1 1.39497E-1 1.94351E-1 2.03976E-1 1.77325E-1 9.69633E-2 9.54595E-2 2.41482E-1 1.45781E-1 1.52079E-1 1.37494E-1 2.10818E-1 1.56566E-1 1.56428E-1 1.79838E-1 2.04591E-1 2.78504E-1 1.2427E-1 2.89871E-1 1.29345E-1 9.14176E-2 1.15883E-1 1.52882E-1 1.44009E-1 1.95918E-1 2.12455E-1 2.85249E-1 3.30088E-1 3.5048E-1 4.25999E-1 4.06559E-1 3.58958E-1 3.90706E-1 4.42517E-1 3.47649E-1 2.78435E-1 2.20132E-1 1.82333E-1 1.73028E-1 -9999
-9999 -9999 -9999 -9999 -9999 -9999 -9999 -9999 -9999 -9999 -9999 -9999 2.24327E-1 1.01384E-1 1.32934E-1 9.60481E-2 3.59572E-1 3.98783E-1 1.70492E-1 1.12078E-1 9.71665E-2 1.57606E-1 1.62405E-1 8.50102E-2 8.55368E-2 1.85783E-1 4.02942E-1 1.08049E-1 2.77124E-1 2.04649E-1 1.96797E-1 2.38081E-1 1.71479E-1 1.51991E-1 1.49067E-1 1.60419E-1 1.86548E-1 1.06196E-1 1.60248E-1 1.14839E-1 1.49433E-1 1.93211E-1 2.54014E-1 2.28882E-1 2.61097E-1 2.36518E-1 2.71782E-1 3.01115E-1 3.96965E-1 4.5223E-1 4.03286E-1 3.21216E-1 4.74909E-1 4.15585E-1 3.22927E-1 2.61768E-1 2.04819E-1 1.86384E-1 1.78607E-1 1.91581E-1
-9999 -9999 -9999 -9999 -9999 -9999 -9999 -9999 -9999 -9999 -9999 1.46856E-1 3.83995E-1 9.9094E-2 1.03938E-1 7.38729E-2 3.15968E-1 1.71941E-1 1.49017E-1 8.26933E-2 9.45137E-2 2.78184E-1 2.10269E-1 2.2889E-1 1.34928E-1 3.41158E-1 1.51743E-1 6.69608E-2 1.60226E-1 4.34381E-1 1.91383E-1 3.74276E-1 2.25071E-1 2.40275E-1 2.13268E-1 1.4259E-1 2.29135E-1 2.85043E-1 1.45514E-1 1.57676E-1 2.44767E-1 2.5696E-1 3.80472E-1 2.44693E-1 2.60655E-1 1.75468E-1 2.09311E-1 2.61243E-1 4.21952E-1 3.90309E-1 2.76981E-1 3.02775E-1 4.34041E-1 2.86588E-1 2.28675E-1 2.13263E-1 1.53461E-1 1.46878E-1 1.72729E-1 2.13117E-1
-9999 -9999 -9999 -9999 -9999 -9999 -9999 -9999 -9999 -9999 2.77293E-1 1.30531E-1 9.7678E-2 1.67195E-1 1.59158E-1 1.58462E-1 2.78782E-1 1.73608E-1 2.24979E-1 1.15385E-1 1.36119E-1 5.10774E-1 3.77377E-1 2.50807E-1 1.96726E-1 2.42892E-1 3.76635E-1 1.0399E-1 7.8435E-2 3.1704E-1 2.73168E-1 3.71947E-1 2.95832E-1 2.59468E-1 2.22747E-1 1.79175E-1 2.45494E-1 3.52649E-1 2.49156E-1 2.4188E-1 4.16357E-1 4.02593E-1 3.97338E-1 2.75154E-1 2.61615E-1 1.84037E-1 2.09E-1 3.07016E-1 3.9331E-1 3.54036E-1 2.70877E-1 3.92741E-1 4.81152E-1 2.99987E-1 2.17393E-1 2.039E-1 1.49696E-1 1.34546E-1 1.6884E-1 3.165E-1
-9999 -9999 -9999 -9999 -9999 -9999 -9999 -9999 -9999 -9999 3.25205E-1 1.18885E-1 1.29959E-1 1.31308E-1 2.2717E-1 2.58057E-1 9.46133E-2 7.62464E-2 7.94795E-2 1.08025E-1 2.24004E-1 2.50851E-1 2.28848E-1 3.47924E-1 2.58865E-1 5.44587E-2 8.04604E-2 1.39302E-1 1.32788E-1 7.30605E-2 3.32373E-1 3.46706E-1 5.89897E-2 1.11494E-1 2.02673E-1 1.98918E-1 3.72098E-1 3.8957E-1 3.6973E-1 4.41702E-1 4.53844E-1 4.76383E-1 3.44465E-1 3.34843E-1 2.2361E-1 2.22081E-1 2.16201E-1 3.7034E-1 4.19986E-1 2.95718E-1 1.30313E-1 4.78427E-1 3.66814E-1 2.71251E-1 2.00145E-1 1.87492E-1 1.40886E-1 1.40199E-1 2.5731E-1 3.34182E-1
-9999 -9999 -9999 -9999 -9999 -9999 -9999 -9999 -9999 7.27365E-3 2.8174E-1 1.91312E-1 1.18765E-1 2.35544E-1 1.56668E-1 3.8428E-1 3.82614E-1 2.19058E-1 1.79091E-1 1.50531E-1 4.04307E-1 4.49879E-1 4.71983E-1 4.78999E-1 3.68791E-1 2.2423E-1 2.2956E-1 1.28022E-1 8.82146E-2 1.44259E-1 8.16626E-2 2.83923E-1 8.80665E-2 8.89985E-2 1.09939E-1 -9999 2.64803E-1 3.25714E-1 3.85185E-1 4.71723E-1 4.27507E-1 4.43201E-1 3.66321E-1 3.2567E-1 2.94023E-1 2.73435E-1 3.63154E-1 3.60946E-1 2.86105E-1 2.85635E-1 2.97819E-1 4.68623E-1 3.23864E-1 2.52044E-1 2.01303E-1 1.92602E-1 1.52257E-1 1.3201E-1 1.21839E-1 3.67712E-1
