Phytophthora/models/20240506_1155_30/Phytophthora_PA3_RUN1_MAXENT_outputs/Phytophthora_PA3_RUN1.asc
ncols         225
nrows         269
xllcorner     473009.9838
yllcorner     4429051.1748
cellsize      50.0
NODATA_value  -9999
[rows 104 to 129 of 269, columns 120 to 179 of 225]
3.91598E-1 3.64952E-1 -9999 -9999 -9999 -9999 -9999 -9999 -9999 -9999 -9999 -9999 -9999 -9999 -9999 -9999 -9999 -9999 -9999 -9999 -9999 -9999 -9999 -9999 -9999 -9999 -9999 -9999 -9999 -9999 -9999 -9999 -9999 -9999 -9999 2.16905E-1 2.04939E-1 2.2469E-1 2.27721E-1 2.47741E-1 2.5689E-1 2.74508E-1 2.93154E-1 2.05296E-1 1.62083E-1 1.58513E-1 1.43819E-1 1.53783E-1 1.44961E-1 2.2137E-1 2.17326E-1 2.07688E-1 1.29053E-1 1.28648E-1 1.25174E-1 1.13187E-1 6.68145E-2 8.3581E-2 9.10262E-2 4.64136E-2
3.68979E-1 3.07675E-1 2.86327E-1 -9999 -9999 -9999 -9999 -9999 -9999 -9999 -9999 -9999 -9999 -9999 -9999 -9999 -9999 -9999 -9999 -9999 -9999 -9999 -9999 -9999 -9999 -9999 -9999 -9999 -9999 -9999 -9999 -9999 -9999 -9999 1.66476E-1 1.68429E-1 1.57339E-1 1.8933E-1 1.56993E-1 1.58883E-1 1.85125E-1 1.97942E-1 1.97798E-1 1.65383E-1 6.67699E-2 1.07744E-1 1.30492E-1 1.31363E-1 1.33915E-1 1.94888E-1 2.37953E-1 2.44349E-1 1.60244E-1 1.50361E-1 9.94853E-2 8.67733E-2 9.82328E-2 8.46955E-2 6.60383E-2 1.05472E-1
3.44008E-1 3.27652E-1 2.93539E-1 2.66707E-1 -9999 -9999 -9999 -9999 -9999 -9999 -9999 -9999 -9999 -9999 -9999 -9999 -9999 -9999 -9999 -9999 -9999 -9999 -9999 -9999 -9999 -9999 -9999 -9999 -9999 -9999 -9999 -9999 -9999 -9999 2.23907E-1 1.46586E-1 2.09869E-1 1.33489E-1 2.61115E-1 2.39074E-1 2.50407E-1 2.76067E-1 2.93381E-1 2.73549E-1 1.14517E-1 1.8725E-1 1.84795E-1 1.86291E-1 2.32727E-1 1.70514E-1 1.6181E-1 1.40355E-1 1.25297E-1 9.20226E-2 1.17747E-1 1.20275E-1 8.93053E-2 4.87906E-2 9.25697E-2 1.16594E-1
3.11262E-1 3.00564E-1 3.03752E-1 3.05457E-1 3.14265E-1 -9999 -9999 -9999 -9999 -9999 -9999 -9999 -9999 -9999 -9999 -9999 -9999 -9999 -9999 -9999 -9999 -9999 -9999 -9999 -9999 -9999 -9999 -9999 -9999 -9999 -9999 -9999 1.36309E-1 1.79117E-1 2.74362E-1 2.74741E-1 1.2688E-1 2.25888E-1 2.86055E-1 2.56009E-1 2.10439E-1 2.13283E-1 2.21665E-1 2.69813E-1 1.88095E-1 1.91154E-1 1.39984E-1 1.76728E-1 2.25846E-1 2.23525E-1 2.56369E-1 2.66225E-1 2.45017E-1 1.73177E-1 1.4549E-1 1.05702E-1 1.10671E-1 8.78317E-2 9.6423E-2 1.11482E-1
4.35762E-1 2.1075E-1 2.59404E-1 3.00945E-1 3.26203E-1 3.51927E-1 -9999 -9999 -9999 -9999 -9999 -9999 -9999 -9999 -9999 -9999 -9999 -9999 -9999 -9999 -9999 -9999 -9999 -9999 -9999 -9999 -9999 -9999 -9999 -9999 -9999 1.56236E-1 1.66972E-1 1.27047E-1 2.22008E-1 2.38763E-1 2.6225E-1 2.09012E-1 2.22845E-1 2.36473E-1 2.18508E-1 2.22859E-1 1.82181E-1 2.17704E-1 1.9776E-1 9.37734E-2 1.17682E-1 1.10786E-1 1.78892E-1 1.80381E-1 2.28546E-1 2.6634E-1 2.06711E-1 1.56473E-1 1.57747E-1 1.27642E-1 1.14669E-1 7.52119E-2 7.76273E-2 8.4866E-2
2.55858E-1 3.1762E-1 2.06105E-1 3.13837E-1 3.1748E-1 4.02579E-1 4.32505E-1 -9999 -9999 -9999 -9999 -9999 -9999 -9999 -9999 -9999 -9999 -9999 -9999 -9999 -9999 -9999 -9999 -9999 -9999 -9999 -9999 -9999 -9999 -9999 -9999 1.63079E-1 1.16277E-1 1.95461E-1 2.50927E-1 2.8202E-1 2.65818E-1 1.56682E-1 1.35038E-1 1.38238E-1 1.79875E-1 1.86139E-1 1.93513E-1 1.73989E-1 1.51075E-1 7.04479E-2 6.8822E-2 6.59943E-2 1.43548E-1 1.38151E-1 1.78472E-1 1.86624E-1 1.49279E-1 1.36625E-1 1.22237E-1 9.62741E-2 7.92559E-2 5.61195E-2 5.72484E-2 6.34703E-2
3.45415E-1 2.70531E-1 2.3935E-1 3.09898E-1 3.15857E-1 3.45012E-1 5.08101E-1 3.51672E-1 -9999 -9999 -9999 -9999 -9999 -9999 -9999 -9999 -9999 -9999 -9999 -9999 -9999 -9999 -9999 -9999 -9999 -9999 -9999 -9999 -9999 -9999 -9999 2.08273E-1 1.58659E-1 2.41575E-1 2.38509E-1 2.56713E-1 2.12143E-1 1.93713E-1 1.12715E-1 9.76644E-2 9.94903E-2 1.55712E-1 1.53567E-1 1.35886E-1 1.20678E-1 1.92162E-2 4.76592E-2 6.63298E-2 1.20204E-1 1.064E-1 1.41582E-1 1.56932E-1 1.15057E-1 1.08687E-1 8.97263E-2 6.38603E-2 6.17362E-2 3.98252E-2 4.19245E-2 4.51135E-2
2.33288E-1 2.88352E-1 2.83576E-1 2.88212E-1 3.30853E-1 2.14996E-1 4.00312E-1 4.00263E-1 3.89153E-1 -9999 -9999 -9999 -9999 -9999 -9999 -9999 -9999 -9999 -9999 -9999 -9999 -9999 -9999 -9999 -9999 -9999 -9999 -9999 -9999 -9999 1.72066E-1 1.19368E-1 2.20104E-1 2.09848E-1 1.83925E-1 1.89128E-1 1.78685E-1 1.60328E-1 9.47424E-2 7.32298E-2 7.05655E-2 7.66699E-2 1.06192E-1 1.07316E-1 4.22195E-2 7.43918E-2 5.24021E-2 7.60446E-2 9.22201E-2 7.99785E-2 1.14915E-1 1.02494E-1 8.01958E-2 8.62029E-2 5.72566E-2 4.38834E-2 4.16802E-2 3.12038E-2 3.08962E-2 3.24632E-2
2.37699E-1 3.5335E-1 2.4249E-1 2.03769E-1 3.40831E-1 2.95697E-1 4.95401E-1 4.94504E-1 4.78078E-1 -9999 -9999 -9999 -9999 -9999 -9999 -9999 -9999 -9999 -9999 -9999 -9999 -9999 -9999 -9999 -9999 -9999 -9999 -9999 -9999 2.16942E-1 2.07462E-1 1.8013E-1 2.20387E-1 1.78629E-1 1.59279E-1 1.52988E-1 1.55663E-1 1.45202E-1 6.94884E-2 5.90988E-2 5.97211E-2 6.38628E-2 6.50516E-2 9.70601E-2 1.79762E-2 9.19846E-2 5.45726E-2 7.30658E-2 7.24425E-2 6.49102E-2 9.53666E-2 7.76281E-2 7.67927E-2 5.4228E-2 3.6033E-2 3.69289E-2 2.84783E-2 2.46124E-2 2.42168E-2 2.65083E-2
2.97075E-1 3.36111E-1 2.85435E-1 2.22099E-1 3.15355E-1 3.14636E-1 3.26389E-1 5.79357E-1 5.38351E-1 -9999 -9999 -9999 -9999 -9999 -9999 -9999 -9999 -9999 -9999 -9999 -9999 -9999 -9999 -9999 -9999 -9999 -9999 -9999 -9999 1.83167E-1 2.17882E-1 2.18215E-1 2.4329E-1 1.92231E-1 1.69206E-1 1.86952E-1 2.44755E-1 2.30624E-1 1.08332E-1 9.00183E-2 8.62299E-2 8.2197E-2 7.78974E-2 7.88428E-2 8.55854E-2 1.03722E-1 6.76439E-2 8.89867E-2 7.02315E-2 8.25983E-2 9.45445E-2 9.34493E-2 6.54843E-2 4.36751E-2 3.93268E-2 3.69647E-2 2.98927E-2 2.81353E-2 3.10182E-2 4.11174E-2
3.12562E-1 3.75329E-1 3.18683E-1 3.29214E-1 3.10554E-1 4.58651E-1 3.87826E-1 6.57489E-1 -9999 -9999 -9999 -9999 -9999 -9999 -9999 -9999 -9999 -9999 -9999 -9999 -9999 -9999 -9999 -9999 -9999 -9999 -9999 -9999 -9999 2.32047E-1 2.97489E-1 2.79697E-1 2.53544E-1 2.35862E-1 2.30495E-1 2.21115E-1 2.14773E-1 1.90259E-1 1.86064E-1 1.45441E-1 1.28618E-1 1.20743E-1 1.06009E-1 1.00044E-1 7.56694E-2 7.96537E-2 8.32756E-2 8.66305E-2 6.46216E-2 9.77355E-2 9.4617E-2 6.66386E-2 5.79492E-2 5.25062E-2 4.71371E-2 3.6996E-2 3.67808E-2 4.3773E-2 5.07392E-2 6.6144E-2
1.85038E-1 4.07663E-1 3.67965E-1 2.90788E-1 3.9378E-1 5.15655E-1 5.40298E-1 6.14262E-1 5.73324E-1 -9999 -9999 -9999 -9999 -9999 -9999 -9999 -9999 -9999 -9999 -9999 -9999 -9999 -9999 -9999 -9999 -9999 -9999 -9999 -9999 -9999 3.39541E-1 2.76181E-1 3.05721E-1 3.00407E-1 3.14395E-1 3.15609E-1 3.10423E-1 3.02917E-1 3.21486E-1 2.46132E-1 1.85486E-1 1.59548E-1 1.32323E-1 1.12136E-1 9.04448E-2 2.27735E-2 1.34561E-1 6.63353E-2 1.02966E-1 1.07921E-1 6.57942E-2 6.16398E-2 6.97739E-2 5.97042E-2 5.08966E-2 5.35501E-2 6.51173E-2 7.7687E-2 9.05215E-2 1.02396E-1
1.78964E-1 2.69448E-1 3.98523E-1 2.59974E-1 4.50699E-1 5.13022E-1 2.32425E-1 5.31411E-1 6.41664E-1 -9999 -9999 -9999 -9999 -9999 -9999 -9999 -9999 -9999 -9999 -9999 -9999 -9999 -9999 -9999 -9999 -9999 -9999 -9999 -9999 -9999 -9999 2.99399E-1 3.3326E-1 3.44737E-1 2.77871E-1 2.57161E-1 3.9042E-1 4.02399E-1 4.51271E-1 4.57774E-1 3.24022E-1 2.36976E-1 1.79319E-1 1.47089E-1 1.2555E-1 1.40163E-1 1.05826E-1 1.2862E-1 1.80516E-1 1.10414E-1 9.11959E-2 8.20608E-2 7.96389E-2 7.39236E-2 8.05504E-2 1.00202E-1 1.16732E-1 1.33748E-1 1.49131E-1 1.68477E-1
3.8055E-1 1.60847E-1 3.975E-1 6.3934E-1 4.73596E-1 5.56335E-1 5.14395E-1 4.07171E-1 -9999 -9999 -9999 -9999 -9999 -9999 -9999 -9999 -9999 -9999 -9999 -9999 -9999 -9999 -9999 -9999 -9999 1.72895E-1 2.61706E-1 -9999 -9999 -9999 -9999 3.96178E-1 3.8235E-1 4.04194E-1 4.25451E-1 4.50288E-1 4.22929E-1 2.99412E-1 4.69355E-1 5.25758E-1 5.03877E-1 4.37462E-1 2.98055E-1 2.63576E-1 2.76413E-1 6.83081E-2 1.01208E-1 2.44346E-1 1.78851E-1 1.72173E-1 1.63021E-1 1.41971E-1 1.12417E-1 1.07414E-1 1.63943E-1 1.95481E-1 1.92207E-1 2.02186E-1 2.26209E-1 2.73319E-1
2.85602E-1 4.173E-1 6.07069E-1 5.53546E-1 6.32786E-1 2.79209E-1 4.81649E-1 3.86185E-1 -9999 -9999 -9999 -9999 -9999 -9999 -9999 -9999 -9999 -9999 -9999 -9999 -9999 -9999 -9999 -9999 -9999 1.02526E-1 3.03748E-1 4.39385E-1 -9999 -9999 -9999 3.75904E-1 3.45257E-1 3.53798E-1 3.91754E-1 4.52519E-1 4.93851E-1 5.51393E-1 5.61374E-1 5.7445E-1 5.52613E-1 4.74302E-1 4.08089E-1 3.16856E-1 1.56712E-1 1.47675E-1 1.27761E-1 1.60356E-1 1.42556E-1 1.57676E-1 1.50374E-1 1.2308E-1 9.87619E-2 1.23152E-1 2.1061E-1 1.81913E-1 1.94541E-1 2.05235E-1 2.49773E-1 3.28079E-1
2.20634E-1 2.70405E-1 2.63447E-1 2.91632E-1 4.85069E-1 5.22997E-1 5.22096E-1 -9999 -9999 -9999 -9999 -9999 -9999 -9999 -9999 -9999 -9999 -9999 -9999 -9999 -9999 -9999 -9999 -9999 1.27596E-1 1.42988E-1 3.32817E-1 4.75351E-1 4.32633E-1 2.99593E-1 3.33741E-1 3.91257E-1 3.46798E-1 3.0128E-1 3.33263E-1 3.78246E-1 4.55705E-1 5.78579E-1 5.73625E-1 4.45018E-1 5.3701E-1 4.97408E-1 3.84096E-1 2.23157E-1 1.43952E-1 1.92321E-1 6.05241E-2 1.41288E-1 1.41919E-1 1.68567E-1 1.63656E-1 1.30194E-1 1.03785E-1 1.7234E-1 2.00918E-1 1.41572E-1 1.56003E-1 1.88429E-1 2.80785E-1 3.54528E-1
3.00854E-1 2.19904E-1 2.01042E-1 3.57366E-1 3.51137E-1 4.56149E-1 4.71499E-1 -9999 -9999 -9999 -9999 -9999 -9999 -9999 -9999 -9999 -9999 -9999 -9999 -9999 -9999 -9999 -9999 1.82745E-1 2.439E-1 2.83627E-1 2.1634E-1 4.35303E-1 3.15743E-1 2.47614E-1 3.81323E-1 3.6596E-1 3.4024E-1 2.87286E-1 2.64276E-1 2.91278E-1 3.00162E-1 3.8777E-1 4.8454E-1 4.28348E-1 4.47403E-1 4.85756E-1 3.36956E-1 2.19025E-1 1.01979E-1 9.09079E-2 2.00188E-1 7.98156E-2 1.8317E-1 2.01297E-1 1.99037E-1 1.37304E-1 1.50209E-1 1.80176E-1 1.53616E-1 1.47172E-1 1.61323E-1 2.26041E-1 3.05715E-1 3.58893E-1
3.16798E-1 2.66064E-1 2.06199E-1 3.47995E-1 3.35976E-1 5.21023E-1 3.94451E-1 -9999 -9999 -9999 -9999 -9999 -9999 -9999 -9999 -9999 -9999 -9999 -9999 -9999 -9999 -9999 -9999 2.8132E-1 3.7722E-1 3.7024E-1 2.7352E-1 3.95777E-1 3.04065E-1 2.25352E-1 4.1059E-1 3.81123E-1 3.42529E-1 2.85474E-1 2.29219E-1 2.26234E-1 2.39898E-1 2.89566E-1 3.73569E-1 4.10469E-1 3.87576E-1 3.37248E-1 2.37435E-1 9.43989E-2 7.14238E-2 1.12554E-1 2.35257E-1 2.19722E-1 2.22278E-1 2.53862E-1 2.31606E-1 1.58067E-1 2.03474E-1 1.80451E-1 9.67748E-2 1.11202E-1 1.66503E-1 2.4426E-1 2.90406E-1 3.36228E-1
3.49768E-1 4.45283E-1 5.10691E-1 4.86994E-1 5.8165E-1 6.22296E-1 6.34431E-1 -9999 -9999 -9999 -9999 -9999 -9999 -9999 -9999 -9999 -9999 -9999 -9999 -9999 -9999 -9999 -9999 4.86224E-1 -9999 3.53022E-1 5.17915E-1 3.21451E-1 3.32612E-1 2.40961E-1 3.7786E-1 2.80446E-1 3.27041E-1 2.76412E-1 2.56071E-1 2.40951E-1 2.40608E-1 2.36255E-1 2.28767E-1 2.21187E-1 2.47969E-1 2.21745E-1 1.87644E-1 2.66524E-1 2.73913E-1 2.87705E-1 2.50916E-1 2.41579E-1 2.4871E-1 1.43211E-1 2.30341E-1 2.2242E-1 1.99436E-1 1.17208E-1 9.79906E-2 1.27518E-1 1.93228E-1 2.2493E-1 2.69005E-1 3.00945E-1
3.95419E-1 4.71386E-1 4.38276E-1 6.41818E-1 7.51779E-1 6.25424E-1 5.96143E-1 5.78068E-1 5.03527E-1 3.78719E-1 5.8868E-1 -9999 -9999 -9999 -9999 -9999 -9999 -9999 -9999 -9999 -9999 -9999 -9999 -9999 -9999 -9999 4.27299E-1 2.60491E-1 3.6725E-1 2.90335E-1 3.71226E-1 3.67984E-1 3.1567E-1 2.70699E-1 3.17178E-1 2.77182E-1 2.16454E-1 1.24275E-1 9.04311E-2 1.188E-1 1.64005E-1 1.53008E-1 1.17675E-1 8.41569E-2 1.69026E-1 1.85363E-1 2.16138E-1 2.21849E-1 2.30842E-1 2.83064E-1 9.51647E-2 2.19048E-1 2.11088E-1 1.15149E-1 1.20863E-1 1.44058E-1 1.6315E-1 1.99135E-1 2.4057E-1 2.62769E-1
3.8627E-1 4.97319E-1 7.54472E-1 5.96599E-1 7.23412E-1 5.25061E-1 4.99142E-1 5.36881E-1 5.24695E-1 4.667E-1 3.1705E-1 -9999 -9999 -9999 -9999 -9999 -9999 -9999 -9999 -9999 -9999 -9999 -9999 -9999 -9999 -9999 4.13907E-1 4.10731E-1 2.38884E-1 3.689E-1 3.5832E-1 3.19158E-1 2.83673E-1 2.82416E-1 2.53683E-1 1.85413E-1 1.05306E-1 8.54112E-2 8.20224E-2 1.04444E-1 1.22804E-1 1.39265E-1 1.53227E-1 1.52228E-1 1.89845E-1 2.31358E-1 2.02822E-1 1.73135E-1 1.58217E-1 1.31889E-1 9.06931E-2 1.25499E-1 1.45464E-1 1.27274E-1 1.25044E-1 1.21393E-1 1.73383E-1 1.80142E-1 1.85457E-1 1.31439E-1
3.68767E-1 4.52912E-1 6.31778E-1 6.08801E-1 4.46543E-1 3.86293E-1 3.98564E-1 4.38692E-1 4.49571E-1 4.00435E-1 3.55402E-1 -9999 -9999 -9999 -9999 -9999 -9999 -9999 -9999 -9999 -9999 -9999 -9999 -9999 -9999 -9999 4.20484E-1 3.9474E-1 2.07581E-1 3.40703E-1 3.35082E-1 3.0155E-1 2.8087E-1 3.06027E-1 2.80815E-1 2.46988E-1 1.04889E-1 9.021E-2 1.04714E-1 1.46881E-1 1.83892E-1 1.82831E-1 1.76196E-1 1.79721E-1 2.42581E-1 2.37497E-1 2.03343E-1 1.77142E-1 1.56172E-1 1.32009E-1 1.00919E-1 5.68052E-2 8.21576E-2 1.24486E-1 1.23641E-1 1.19631E-1 1.13247E-1 1.71317E-1 1.16664E-1 1.42524E-1
4.06619E-1 4.19018E-1 3.65766E-1 3.59852E-1 3.32346E-1 3.11769E-1 3.43403E-1 4.07254E-1 4.02143E-1 2.82857E-1 4.27762E-1 6.47477E-1 -9999 -9999 -9999 -9999 -9999 -9999 -9999 -9999 -9999 -9999 -9999 -9999 -9999 -9999 3.10404E-1 3.44603E-1 2.62699E-1 1.96449E-1 3.23717E-1 3.13067E-1 3.03437E-1 3.04455E-1 3.38644E-1 1.50693E-1 2.27855E-1 1.15816E-1 1.43088E-1 2.07542E-1 2.29359E-1 2.33936E-1 2.39906E-1 2.17442E-1 1.9491E-1 1.94768E-1 1.76961E-1 1.44277E-1 1.29572E-1 1.11232E-1 1.03554E-1 1.02935E-1 8.97503E-2 9.05787E-2 1.06533E-1 1.76972E-1 2.21591E-1 1.03057E-1 1.32529E-1 2.22007E-1
2.67224E-1 3.13773E-1 3.34608E-1 2.82658E-1 2.57528E-1 2.99339E-1 3.31181E-1 3.93487E-1 3.68902E-1 4.039E-1 5.60224E-1 4.14532E-1 -9999 -9999 -9999 -9999 -9999 -9999 -9999 -9999 -9999 -9999 -9999 -9999 -9999 -9999 3.32382E-1 3.20477E-1 2.97293E-1 3.13615E-1 2.32957E-1 3.20428E-1 3.40433E-1 2.94396E-1 2.87859E-1 2.71092E-1 2.13968E-1 1.58056E-1 1.60426E-1 2.0101E-1 2.0865E-1 1.42223E-1 2.66235E-1 2.46677E-1 1.9549E-1 1.67454E-1 1.60639E-1 1.39131E-1 1.31307E-1 1.16923E-1 6.77682E-2 1.03404E-1 1.17354E-1 1.28223E-1 1.05393E-1 1.34052E-1 2.55943E-1 1.79252E-1 2.31134E-1 2.96216E-1
1.96153E-1 2.78733E-1 2.89674E-1 2.42499E-1 2.18521E-1 2.47243E-1 2.97058E-1 4.10939E-1 4.73015E-1 5.15361E-1 5.15767E-1 5.20544E-1 4.99832E-1 4.76117E-1 -9999 -9999 -9999 -9999 -9999 -9999 -9999 -9999 -9999 -9999 -9999 -9999 4.08808E-1 3.24841E-1 2.90637E-1 2.86555E-1 3.40485E-1 3.01708E-1 3.13337E-1 2.96052E-1 1.64008E-1 2.56376E-1 2.18649E-1 1.59235E-1 1.51395E-1 2.04654E-1 2.31232E-1 1.4986E-1 2.58599E-1 2.39319E-1 1.94455E-1 1.60489E-1 1.45267E-1 1.33441E-1 1.4551E-1 1.76187E-1 1.20029E-1 1.30607E-1 1.25514E-1 1.30454E-1 1.28902E-1 1.86451E-1 1.74283E-1 2.55181E-1 2.2547E-1 2.77498E-1
2.09154E-1 2.23003E-1 2.09185E-1 1.70558E-1 1.8818E-1 4.31867E-1 5.6681E-1 5.17635E-1 4.485E-1 5.58514E-1 5.49904E-1 5.77609E-1 5.50506E-1 4.73448E-1 4.23602E-1 4.76639E-1 -9999 -9999 -9999 -9999 -9999 -9999 -9999 -9999 -9999 -9999 6.90899E-2 2.1983E-1 2.34852E-1 2.62688E-1 3.57568E-1 1.79669E-1 2.81609E-1 2.88196E-1 2.45173E-1 3.14388E-1 2.46831E-1 1.92188E-1 2.25294E-1 2.11716E-1 2.29733E-1 2.55657E-1 2.73315E-1 2.35354E-1 2.0319E-1 1.80508E-1 1.65181E-1 1.42234E-1 1.02133E-1 9.31481E-2 1.80181E-1 2.25346E-1 1.57101E-1 1.55659E-1 1.47106E-1 2.28813E-1 1.54495E-1 2.82412E-1 2.44323E-1 2.38928E-1
