Phytophthora/models/20240506_1155_30/Phytophthora_PA3_RUN1_MAXENT_outputs/Phytophthora_PA3_RUN1.asc
ncols         225
nrows         269
xllcorner     473009.9838
yllcorner     4429051.1748
cellsize      50.0
NODATA_value  -9999
[rows 26 to 51 of 269, columns 0 to 59 of 225]
-9999 -9999 -9999 -9999 -9999 -9999 -9999 -9999 -9999 -9999 -9999 -9999 -9999 -9999 -9999 -9999 -9999 -9999 -9999 -9999 -9999 -9999 -9999 -9999 -9999 -9999 -9999 -9999 -9999 -9999 -9999 -9999 -9999 -9999 -9999 -9999 -9999 1.18681E-3 1.86855E-3 2.30627E-3 3.10836E-3 1.59128E-3 4.99845E-3 4.90929E-3 4.79285E-3 3.65072E-3 6.04997E-3 5.37676E-3 5.00355E-3 4.49794E-3 1.73562E-3 2.57455E-3 1.90622E-3 1.41453E-3 1.45127E-3 1.0637E-3 9.34258E-4 8.4335E-4 8.02832E-4 7.25482E-4
-9999 -9999 -9999 -9999 -9999 -9999 -9999 -9999 -9999 -9999 -9999 -9999 -9999 -9999 -9999 -9999 -9999 -9999 -9999 -9999 -9999 -9999 -9999 -9999 -9999 -9999 -9999 -9999 -9999 -9999 -9999 -9999 -9999 -9999 -9999 -9999 -9999 3.53121E-3 2.51669E-3 2.22047E-3 1.60348E-3 2.14945E-3 3.59959E-3 4.59587E-3 5.92443E-3 6.11866E-3 2.56308E-3 4.96335E-3 4.28181E-3 2.10113E-3 1.86303E-3 1.6831E-3 1.17928E-3 7.28498E-4 6.95732E-4 6.96005E-4 7.1736E-4 7.46114E-4 1.25287E-3 2.57224E-3
-9999 -9999 -9999 -9999 -9999 -9999 -9999 -9999 -9999 -9999 -9999 -9999 -9999 -9999 -9999 -9999 -9999 -9999 -9999 -9999 -9999 -9999 -9999 -9999 -9999 -9999 -9999 -9999 -9999 -9999 -9999 -9999 -9999 -9999 -9999 -9999 -9999 2.26806E-3 2.10671E-3 2.00585E-3 2.79055E-3 2.82001E-3 3.88288E-3 3.12343E-3 3.09099E-3 2.47656E-3 3.68719E-3 1.98716E-3 1.50394E-3 7.87256E-4 1.66827E-3 1.43105E-3 1.0125E-3 8.13188E-4 8.37141E-4 8.48123E-4 2.2105E-3 1.35446E-3 1.42355E-3 2.48559E-3
-9999 -9999 -9999 -9999 -9999 -9999 -9999 -9999 -9999 -9999 -9999 -9999 -9999 -9999 -9999 -9999 -9999 -9999 -9999 -9999 -9999 -9999 -9999 -9999 -9999 -9999 -9999 -9999 -9999 -9999 -9999 -9999 -9999 -9999 9.37184E-4 8.65934E-4 1.60359E-3 1.36061E-3 1.66476E-3 1.46173E-3 2.11595E-3 5.44919E-3 2.70887E-3 4.70466E-3 5.2481E-3 4.46274E-3 1.72565E-3 2.06878E-3 1.79527E-3 1.54013E-3 1.39454E-3 1.02331E-3 7.80872E-4 8.50526E-4 1.13522E-3 1.48656E-3 1.42386E-3 1.43982E-3 2.40655E-3 2.12726E-3
-9999 -9999 -9999 -9999 -9999 -9999 -9999 -9999 -9999 -9999 -9999 -9999 -9999 -9999 -9999 -9999 -9999 -9999 -9999 -9999 -9999 -9999 -9999 -9999 -9999 -9999 -9999 -9999 -9999 -9999 -9999 -9999 -9999 1.31763E-3 1.22392E-3 1.16815E-3 1.39468E-3 1.65631E-3 2.0463E-3 1.93772E-3 2.18685E-3 4.86645E-3 4.47245E-3 4.76228E-3 3.8189E-3 2.93001E-3 1.44544E-3 1.84173E-3 1.64001E-3 1.52845E-3 1.31987E-3 9.98436E-4 1.04347E-3 1.42449E-3 2.11913E-3 2.77042E-3 1.21617E-3 2.52431E-3 2.3348E-3 2.54245E-3
-9999 -9999 -9999 -9999 -9999 -9999 -9999 -9999 -9999 -9999 -9999 -9999 -9999 -9999 -9999 -9999 -9999 -9999 -9999 -9999 -9999 -9999 -9999 -9999 -9999 -9999 -9999 -9999 -9999 -9999 -9999 -9999 -9999 1.95998E-3 1.93201E-3 3.92133E-3 5.90366E-3 3.4486E-3 2.38981E-3 5.27198E-3 1.06924E-2 7.8794E-3 4.77528E-3 3.25077E-3 2.15224E-3 2.39213E-3 1.94834E-3 9.51819E-4 1.79942E-3 1.56804E-3 1.70018E-3 3.36022E-3 2.16748E-3 2.09376E-3 2.89548E-3 3.53347E-3 1.95886E-3 2.86811E-3 3.06588E-3 3.16076E-3
-9999 -9999 -9999 -9999 -9999 -9999 -9999 -9999 -9999 -9999 -9999 -9999 -9999 -9999 -9999 -9999 -9999 -9999 -9999 -9999 -9999 -9999 -9999 -9999 -9999 -9999 -9999 -9999 -9999 -9999 -9999 2.5334E-3 2.38629E-3 2.27376E-3 2.4173E-3 5.0256E-3 5.54061E-3 6.33589E-3 3.21692E-3 1.01158E-2 1.08033E-2 5.16059E-3 2.20441E-3 1.64218E-3 1.31572E-3 1.54803E-3 1.62945E-3 1.48351E-3 1.4601E-3 1.08971E-3 2.43267E-3 3.891E-3 2.53023E-3 2.26176E-3 2.90507E-3 3.17263E-3 3.07613E-3 2.76308E-3 3.40545E-3 1.7123E-3
-9999 -9999 -9999 -9999 -9999 -9999 -9999 -9999 -9999 -9999 -9999 -9999 -9999 -9999 -9999 -9999 -9999 -9999 -9999 -9999 -9999 -9999 -9999 -9999 -9999 -9999 -9999 -9999 -9999 -9999 1.17262E-3 1.80616E-3 2.76019E-3 2.61689E-3 5.30831E-3 5.82567E-3 6.80461E-3 6.06183E-3 6.71538E-3 8.77399E-3 1.03438E-2 2.70761E-3 1.91565E-3 1.71404E-3 1.52755E-3 1.28992E-3 1.46748E-3 1.61076E-3 2.04716E-3 2.54057E-3 3.80622E-3 3.5004E-3 2.55106E-3 2.24209E-3 2.8874E-3 2.95104E-3 3.08345E-3 1.59442E-3 2.73292E-3 2.40736E-3
-9999 -9999 -9999 -9999 -9999 -9999 -9999 -9999 -9999 -9999 -9999 -9999 -9999 -9999 -9999 -9999 -9999 -9999 -9999 -9999 -9999 -9999 -9999 -9999 -9999 -9999 -9999 -9999 -9999 1.99815E-3 8.37015E-4 1.64825E-3 3.4158E-3 4.75213E-3 6.75654E-3 6.81249E-3 6.57909E-3 3.10396E-3 5.24113E-3 6.24013E-3 3.8883E-3 2.48881E-3 1.85695E-3 1.81161E-3 1.74304E-3 1.59935E-3 1.30339E-3 1.75853E-3 3.41935E-3 4.20209E-3 2.19434E-3 3.14207E-3 2.5033E-3 2.66688E-3 3.13376E-3 3.0769E-3 2.20961E-3 2.11663E-3 1.76637E-3 2.79071E-3
-9999 -9999 -9999 -9999 -9999 -9999 -9999 -9999 -9999 -9999 -9999 -9999 -9999 -9999 -9999 -9999 -9999 -9999 -9999 -9999 -9999 -9999 -9999 -9999 -9999 -9999 -9999 -9999 -9999 1.76437E-3 5.55827E-4 1.51708E-3 5.22995E-3 7.56523E-3 7.03884E-3 5.91061E-3 3.02417E-3 7.74972E-3 3.80519E-3 4.16229E-3 2.97979E-3 2.2964E-3 1.84714E-3 1.83567E-3 1.722E-3 2.20005E-3 2.04574E-3 2.75872E-3 2.83738E-3 3.31511E-3 1.86962E-3 2.88626E-3 2.68811E-3 2.85767E-3 2.98511E-3 2.12568E-3 2.88291E-3 2.5964E-3 2.59421E-3 1.14052E-3
-9999 -9999 -9999 -9999 -9999 -9999 -9999 -9999 -9999 -9999 -9999 -9999 -9999 -9999 -9999 -9999 -9999 -9999 -9999 -9999 -9999 -9999 -9999 -9999 -9999 -9999 -9999 -9999 -9999 3.40035E-3 7.22034E-4 1.53354E-3 8.52557E-3 3.51625E-3 2.63234E-3 7.09883E-3 7.3659E-3 1.25225E-2 6.9142E-3 3.35692E-3 2.47367E-3 1.28406E-3 1.96201E-3 1.90511E-3 2.37306E-3 2.69139E-3 2.55378E-3 2.44302E-3 2.49191E-3 3.02531E-3 1.51457E-3 3.02362E-3 2.85311E-3 3.06392E-3 2.52211E-3 2.83398E-3 3.10523E-3 2.48015E-3 2.47764E-3 2.20884E-3
-9999 -9999 -9999 -9999 -9999 -9999 -9999 -9999 -9999 -9999 -9999 -9999 -9999 -9999 -9999 -9999 -9999 -9999 -9999 -9999 -9999 -9999 -9999 -9999 -9999 -9999 -9999 -9999 -9999 9.21701E-3 6.5554E-4 1.53331E-3 3.04626E-3 3.9954E-3 5.61154E-3 4.0784E-3 9.05256E-3 6.71279E-3 4.26781E-3 3.4103E-3 1.55106E-3 2.24623E-3 2.0646E-3 2.04361E-3 2.75746E-3 3.20956E-3 3.36185E-3 2.70242E-3 2.35717E-3 3.0456E-3 3.10453E-3 2.42296E-3 3.07069E-3 2.38522E-3 2.71836E-3 3.3049E-3 3.19913E-3 1.82127E-3 2.21376E-3 2.0372E-3
-9999 -9999 -9999 -9999 -9999 -9999 -9999 -9999 -9999 -9999 -9999 -9999 -9999 -9999 -9999 -9999 -9999 -9999 -9999 -9999 -9999 -9999 -9999 -9999 -9999 -9999 -9999 -9999 -9999 4.22459E-3 7.53169E-4 1.62079E-3 5.99389E-3 6.59155E-3 3.3792E-3 1.22717E-2 4.43981E-3 2.28048E-3 3.44809E-3 3.53244E-3 2.18227E-3 2.31449E-3 2.12816E-3 2.53418E-3 2.89865E-3 2.14163E-3 2.32541E-3 2.73756E-3 2.74454E-3 3.15328E-3 3.7018E-3 2.76522E-3 3.0804E-3 1.79269E-3 3.91169E-3 5.12872E-3 2.86194E-3 2.05173E-3 2.26744E-3 2.11818E-3
-9999 -9999 -9999 -9999 -9999 -9999 -9999 -9999 -9999 -9999 -9999 -9999 -9999 -9999 -9999 -9999 -9999 -9999 -9999 -9999 -9999 -9999 -9999 -9999 -9999 -9999 -9999 -9999 -9999 -9999 9.9994E-4 5.15673E-3 1.23467E-2 8.25263E-3 5.31549E-3 6.3339E-3 6.84655E-3 6.1193E-3 3.84266E-3 1.62719E-3 2.82409E-3 2.36038E-3 2.41666E-3 3.52115E-3 2.81505E-3 2.75961E-3 2.67748E-3 1.42296E-3 2.03366E-3 2.25437E-3 1.98501E-3 3.34533E-3 2.19821E-3 4.05836E-3 5.15496E-3 4.91964E-3 2.25608E-3 1.78803E-3 2.08332E-3 2.30288E-3
-9999 -9999 -9999 -9999 -9999 -9999 -9999 -9999 -9999 -9999 -9999 -9999 -9999 -9999 -9999 -9999 -9999 -9999 -9999 -9999 -9999 -9999 -9999 -9999 -9999 -9999 -9999 -9999 -9999 7.6235E-4 2.10291E-3 3.68101E-3 6.52682E-3 4.75661E-3 3.24197E-3 3.62296E-3 3.96397E-3 4.12617E-3 3.7395E-3 2.91138E-3 2.75942E-3 2.34606E-3 2.82398E-3 3.30839E-3 2.91063E-3 2.67908E-3 2.77979E-3 2.75148E-3 2.7735E-3 3.02528E-3 3.84556E-3 2.44614E-3 1.95807E-3 4.43491E-3 5.02744E-3 4.54743E-3 2.30913E-3 1.83814E-3 2.04596E-3 2.0243E-3
-9999 -9999 -9999 -9999 -9999 -9999 -9999 -9999 -9999 -9999 -9999 -9999 -9999 -9999 -9999 -9999 -9999 -9999 -9999 -9999 -9999 -9999 -9999 -9999 -9999 -9999 -9999 8.9885E-4 1.11153E-3 1.86594E-3 2.62415E-3 3.00099E-3 3.51957E-3 2.9682E-3 3.01917E-3 2.95058E-3 2.7235E-3 2.74672E-3 3.01331E-3 2.77021E-3 3.48859E-3 4.19105E-3 3.19886E-3 2.77808E-3 2.44908E-3 2.28164E-3 2.83669E-3 2.62216E-3 3.04565E-3 3.26899E-3 4.13281E-3 5.38735E-3 2.40708E-3 5.55153E-3 5.86936E-3 4.29904E-3 2.88288E-3 2.81216E-3 2.42927E-3 1.92624E-3
-9999 -9999 -9999 -9999 -9999 -9999 -9999 -9999 -9999 -9999 -9999 -9999 -9999 -9999 -9999 -9999 -9999 -9999 -9999 -9999 -9999 -9999 -9999 -9999 -9999 2.39478E-3 1.42086E-3 4.01051E-3 6.24626E-3 5.47437E-3 6.37245E-3 6.20467E-3 5.26586E-3 5.44136E-3 5.2862E-3 4.76184E-3 3.92335E-3 3.29597E-3 3.64189E-3 4.49719E-3 4.63682E-3 3.96953E-3 3.2277E-3 3.2238E-3 2.85547E-3 2.66197E-3 3.01682E-3 2.75761E-3 2.33442E-3 3.47863E-3 4.12919E-3 5.253E-3 4.88307E-3 3.18354E-3 6.0924E-3 3.97644E-3 4.14103E-3 4.74416E-3 3.23958E-3 2.60043E-3
-9999 -9999 -9999 -9999 -9999 -9999 -9999 -9999 -9999 -9999 -9999 -9999 -9999 -9999 -9999 -9999 -9999 -9999 -9999 -9999 -9999 -9999 -9999 -9999 4.31474E-3 1.58441E-3 1.53559E-3 5.68003E-3 3.82499E-3 3.81575E-3 3.97408E-3 4.60237E-3 5.89361E-3 8.22508E-3 7.46638E-3 6.45742E-3 5.57468E-3 6.06082E-3 6.43864E-3 6.44705E-3 2.91003E-3 3.14442E-3 1.79779E-3 1.84362E-3 1.77245E-3 1.69917E-3 1.89751E-3 1.70544E-3 1.50277E-3 3.50978E-3 4.91751E-3 4.73284E-3 5.40943E-3 5.55501E-3 4.45176E-3 2.87212E-3 3.14667E-3 4.46979E-3 3.48049E-3 2.70261E-3
-9999 -9999 -9999 -9999 -9999 -9999 -9999 -9999 -9999 -9999 -9999 -9999 -9999 -9999 -9999 -9999 -9999 -9999 -9999 -9999 -9999 -9999 -9999 -9999 2.0333E-3 6.47761E-4 3.61986E-3 5.89991E-3 4.49313E-3 4.35192E-3 4.60687E-3 4.34616E-3 4.94674E-3 6.93474E-3 6.61025E-3 7.52519E-3 7.33664E-3 9.51514E-3 8.33998E-3 7.32068E-3 4.29383E-3 5.10953E-3 5.05883E-3 5.12346E-3 3.48276E-3 1.24885E-3 1.5819E-3 3.72995E-3 3.76911E-3 1.98946E-3 5.26857E-3 4.91472E-3 4.88804E-3 6.14162E-3 6.44395E-3 6.12437E-3 5.17296E-3 1.95933E-3 3.62192E-3 2.33693E-3
-9999 -9999 -9999 -9999 -9999 -9999 -9999 -9999 -9999 -9999 -9999 -9999 -9999 -9999 -9999 -9999 -9999 -9999 -9999 -9999 -9999 -9999 -9999 1.58092E-3 2.3731E-4 2.99947E-3 4.11536E-3 7.85848E-3 6.9475E-3 8.59176E-3 6.63918E-3 5.43479E-3 3.4563E-3 3.69065E-3 5.78522E-3 8.55069E-3 9.78013E-3 1.04536E-2 6.19272E-3 4.83001E-3 7.40486E-3 6.55154E-3 6.56799E-3 5.3942E-3 4.07131E-3 3.46254E-3 3.78501E-3 4.14469E-3 3.93121E-3 4.88039E-3 5.79061E-3 4.23417E-3 3.20372E-3 3.81333E-3 4.16677E-3 4.32364E-3 5.23097E-3 4.97414E-3 2.10957E-3 3.5368E-3
-9999 -9999 -9999 -9999 -9999 -9999 -9999 -9999 -9999 -9999 -9999 -9999 -9999 -9999 -9999 -9999 -9999 -9999 -9999 -9999 -9999 -9999 -9999 1.19053E-3 1.03801E-3 6.00603E-3 3.19583E-3 7.66754E-3 9.52562E-3 1.04317E-2 4.18211E-3 6.66761E-3 7.10662E-3 7.52756E-3 8.36807E-3 9.86849E-3 1.01812E-2 6.07003E-3 1.15994E-2 1.06209E-2 9.44211E-3 8.24898E-3 7.21232E-3 5.5116E-3 4.27229E-3 3.92931E-3 4.03785E-3 4.38817E-3 3.36459E-3 5.88031E-3 4.74157E-3 3.05626E-3 2.34233E-3 2.63255E-3 2.60901E-3 3.13531E-3 4.10675E-3 3.40186E-3 1.51493E-3 2.08265E-3
-9999 -9999 -9999 -9999 -9999 -9999 -9999 -9999 -9999 -9999 -9999 -9999 -9999 -9999 -9999 -9999 -9999 -9999 -9999 -9999 -9999 -9999 -9999 4.95229E-3 2.04846E-2 9.38318E-3 9.07263E-3 1.05188E-2 1.10605E-2 1.19869E-2 9.67985E-3 8.66015E-3 8.13304E-3 8.38252E-3 8.89392E-3 1.18031E-2 1.28103E-2 1.41264E-2 1.28634E-2 1.12531E-2 9.04353E-3 9.86144E-3 7.27392E-3 5.0154E-3 4.09107E-3 4.42507E-3 5.5167E-3 4.62681E-3 2.93487E-3 2.988E-3 2.58379E-3 2.98074E-3 3.29291E-3 2.99758E-3 2.60754E-3 2.28517E-3 2.41554E-3 2.36859E-3 1.19203E-3 1.73989E-3
-9999 -9999 -9999 -9999 -9999 -9999 -9999 -9999 -9999 -9999 -9999 -9999 -9999 -9999 -9999 -9999 -9999 -9999 -9999 -9999 -9999 -9999 4.00905E-3 4.85156E-3 8.08679E-3 6.80041E-3 8.67831E-3 1.32944E-2 1.38655E-2 1.23153E-2 1.22146E-2 9.80906E-3 9.32433E-3 9.50181E-3 1.00015E-2 1.17967E-2 1.44046E-2 1.43696E-2 1.1522E-2 1.01185E-2 9.42271E-3 1.396E-2 1.10055E-2 8.04837E-3 7.05214E-3 7.57485E-3 6.83141E-3 3.83263E-3 3.31662E-3 3.85889E-3 3.46314E-3 2.81221E-3 2.61067E-3 2.60593E-3 2.02091E-3 2.12152E-3 1.84278E-3 2.18453E-3 1.84862E-3 1.16744E-3
-9999 -9999 -9999 -9999 -9999 -9999 -9999 -9999 -9999 -9999 -9999 -9999 -9999 -9999 -9999 -9999 -9999 -9999 -9999 -9999 -9999 -9999 4.35849E-3 4.57391E-3 4.70167E-3 5.2918E-3 8.08891E-3 1.13129E-2 1.1323E-2 1.04063E-2 1.06805E-2 8.39553E-3 7.36214E-3 8.02474E-3 9.80085E-3 1.0439E-2 1.14587E-2 1.17975E-2 1.01149E-2 1.14325E-2 1.37034E-2 1.95146E-2 1.60252E-2 1.71113E-2 1.34073E-2 9.00713E-3 6.42736E-3 3.34132E-3 1.1461E-3 1.68306E-3 1.61924E-3 1.39271E-3 2.29985E-3 2.30219E-3 1.27579E-3 2.04403E-3 1.96585E-3 1.87122E-3 1.87014E-3 1.60806E-3
-9999 -9999 -9999 -9999 -9999 -9999 -9999 -9999 -9999 -9999 -9999 -9999 -9999 -9999 -9999 -9999 -9999 -9999 -9999 -9999 -9999 4.26212E-3 2.58931E-3 5.08616E-3 4.45542E-3 6.65167E-3 1.03871E-2 1.00178E-2 9.46186E-3 8.97277E-3 8.51444E-3 7.08741E-3 7.31125E-3 7.6412E-3 8.10502E-3 8.37695E-3 8.9302E-3 1.03527E-2 1.23645E-2 1.65838E-2 1.93133E-2 2.27716E-2 1.99508E-2 1.89173E-2 1.30338E-2 7.64575E-3 5.34425E-3 2.31628E-3 2.22804E-3 2.20003E-3 2.46955E-3 2.47604E-3 2.78859E-3 2.7524E-3 1.90251E-3 3.97897E-3 2.86224E-3 2.21909E-3 1.57812E-3 1.66576E-3
-9999 -9999 -9999 -9999 -9999 -9999 -9999 -9999 -9999 -9999 -9999 -9999 -9999 -9999 -9999 -9999 -9999 -9999 -9999 -9999 -9999 3.66078E-3 3.37811E-3 3.20011E-3 4.81636E-3 7.37145E-3 7.84285E-3 6.57164E-3 7.34238E-3 7.40573E-3 7.46727E-3 6.94433E-3 8.25066E-3 6.93315E-3 6.72081E-3 7.06764E-3 9.7526E-3 1.42198E-2 1.62131E-2 2.15446E-2 2.29748E-2 1.91615E-2 1.27376E-2 1.27553E-2 1.0611E-2 9.40895E-3 6.30244E-3 4.24095E-3 2.60813E-3 1.89805E-3 3.85481E-3 4.01158E-3 2.96006E-3 1.80225E-3 4.65268E-3 4.50395E-3 3.83583E-3 2.70201E-3 1.90507E-3 1.86864E-3
