Phytophthora/models/20240506_1155_30/Phytophthora_PA3_RUN1_MAXENT_outputs/Phytophthora_PA3_RUN1.asc
ncols         225
nrows         269
xllcorner     473009.9838
yllcorner     4429051.1748
cellsize      50.0
NODATA_value  -9999
[rows 208 to 233 of 269, columns 120 to 179 of 225]
9.7196E-2 9.86369E-2 6.42923E-2 9.7004E-2 7.78272E-2 6.5158E-2 7.1831E-2 6.33739E-2 1.94423E-1 1.00377E-1 1.10761E-1 9.938E-2 8.43442E-2 7.27237E-2 7.06616E-2 6.44127E-2 7.4801E-2 1.16517E-1 1.12525E-1 1.41241E-1 2.16945E-1 3.67899E-1 4.22577E-1 5.21939E-1 5.52156E-1 5.8343E-1 5.07973E-1 4.67718E-1 3.32848E-1 3.1803E-1 3.27803E-1 3.27293E-1 3.69524E-1 3.63465E-1 4.39795E-1 5.81369E-1 5.30591E-1 4.0203E-1 3.81545E-1 2.79967E-1 2.95673E-1 2.07951E-1 2.18762E-1 2.06076E-1 2.5848E-1 2.53511E-1 1.95993E-1 1.64582E-1 1.43751E-1 1.51297E-1 1.74863E-1 1.71608E-1 1.36916E-1 7.43508E-2 7.23654E-2 7.14305E-2 7.72248E-2 1.11112E-1 1.29437E-1 2.06516E-1
2.06988E-1 1.3507E-1 7.69862E-2 1.85348E-1 5.84411E-2 5.81221E-2 5.26854E-2 4.56127E-2 5.69957E-2 2.16642E-1 2.20736E-1 1.02101E-1 9.23344E-2 8.62216E-2 8.79812E-2 8.91005E-2 1.15716E-1 1.36448E-1 1.34644E-1 1.56302E-1 2.50781E-1 3.78548E-1 4.1784E-1 4.16065E-1 4.78952E-1 5.51941E-1 4.72916E-1 3.77782E-1 3.02064E-1 3.32808E-1 3.56173E-1 3.20635E-1 3.44212E-1 3.1076E-1 5.43212E-1 5.58779E-1 5.13442E-1 3.65023E-1 2.7897E-1 1.57497E-1 2.62182E-1 1.90174E-1 1.97368E-1 1.81605E-1 2.19386E-1 2.23903E-1 1.69096E-1 1.34775E-1 1.25475E-1 1.38632E-1 1.62233E-1 1.60386E-1 1.58682E-1 9.01262E-2 4.84718E-2 4.45143E-2 6.12526E-2 1.06969E-1 1.92438E-1 2.17238E-1
2.03565E-1 1.3397E-1 1.19712E-1 1.82435E-1 6.67492E-2 5.11683E-2 4.67432E-2 4.3426E-2 4.4844E-2 8.94012E-2 1.7219E-1 1.50871E-1 1.00138E-1 9.05448E-2 9.30218E-2 1.12062E-1 1.16705E-1 1.3786E-1 1.67166E-1 1.84124E-1 3.18081E-1 3.58576E-1 4.14733E-1 4.25151E-1 4.73142E-1 4.96165E-1 3.95097E-1 2.99616E-1 3.0966E-1 3.47391E-1 3.57375E-1 3.31023E-1 3.36073E-1 2.90059E-1 5.50452E-1 5.58772E-1 5.82153E-1 3.74456E-1 2.19026E-1 1.86119E-1 2.47644E-1 2.16736E-1 1.8775E-1 1.46126E-1 1.89071E-1 1.78513E-1 1.40839E-1 1.07225E-1 1.12325E-1 1.21957E-1 1.40172E-1 1.33525E-1 1.38584E-1 1.10297E-1 7.29835E-2 5.69578E-2 3.88326E-2 1.16096E-1 9.96644E-2 2.63798E-1
1.73655E-1 1.49003E-1 1.30306E-1 1.04021E-1 1.43175E-1 4.87259E-2 4.00474E-2 3.51037E-2 3.32346E-2 3.50233E-2 1.72578E-1 6.7809E-2 1.73169E-1 1.3207E-1 1.54033E-1 1.34259E-1 1.13969E-1 1.53801E-1 1.93119E-1 2.13416E-1 3.93848E-1 3.69596E-1 3.94299E-1 3.13377E-1 4.26274E-1 4.31022E-1 3.306E-1 2.96495E-1 2.93499E-1 3.04626E-1 2.17673E-1 2.48417E-1 3.13379E-1 3.3715E-1 3.66339E-1 5.56793E-1 6.26958E-1 3.26958E-1 2.18777E-1 2.47095E-1 2.05091E-1 1.99108E-1 1.87596E-1 1.65426E-1 2.17922E-1 1.75605E-1 1.87159E-1 9.78943E-2 1.19392E-1 1.26126E-1 1.32107E-1 1.20376E-1 1.16392E-1 1.16192E-1 1.10567E-1 1.00851E-1 7.76778E-2 6.81001E-2 1.32305E-1 2.05529E-1
1.85732E-1 1.85857E-1 1.5615E-1 9.05432E-2 7.20222E-2 1.24298E-1 4.00397E-2 3.28266E-2 3.07527E-2 2.84624E-2 2.73166E-2 1.73956E-1 9.85739E-2 1.18271E-1 1.25886E-1 9.46095E-2 9.32194E-2 1.50987E-1 2.08607E-1 2.20366E-1 4.00649E-1 3.2067E-1 2.0738E-1 2.71223E-1 4.01203E-1 4.05798E-1 3.02907E-1 2.9327E-1 2.8752E-1 2.55857E-1 2.12331E-1 3.02399E-1 3.39906E-1 4.07267E-1 4.52959E-1 4.8002E-1 4.46947E-1 2.8563E-1 2.13165E-1 2.94323E-1 2.24853E-1 2.76927E-1 2.80072E-1 2.45506E-1 2.75243E-1 2.33248E-1 2.12709E-1 1.41605E-1 1.36951E-1 1.44608E-1 1.4991E-1 1.29916E-1 1.06711E-1 1.03593E-1 1.01737E-1 9.85812E-2 1.0443E-1 1.08506E-1 1.34569E-1 1.78316E-1
2.48183E-1 2.04213E-1 1.72037E-1 1.32358E-1 1.08085E-1 1.33313E-1 1.05694E-1 3.93233E-2 2.59875E-2 2.38312E-2 2.29581E-2 3.86988E-2 8.78146E-2 5.68505E-2 6.26525E-2 6.93665E-2 8.75775E-2 1.64441E-1 2.17395E-1 2.32208E-1 3.78707E-1 3.51313E-1 3.37863E-1 4.25371E-1 3.37397E-1 3.88618E-1 3.87192E-1 3.4614E-1 2.98407E-1 1.41663E-1 2.47222E-1 3.2114E-1 3.63349E-1 5.3287E-1 4.9157E-1 4.18412E-1 3.95106E-1 3.42596E-1 2.70661E-1 3.31639E-1 3.21716E-1 3.37225E-1 3.69061E-1 4.08481E-1 3.60989E-1 3.05123E-1 2.59288E-1 2.39976E-1 1.72861E-1 1.86695E-1 1.6502E-1 1.14813E-1 1.00372E-1 9.62589E-2 9.40954E-2 1.10636E-1 3.94792E-2 7.25304E-2 1.40033E-1 1.07943E-1
3.29875E-1 2.55172E-1 1.91838E-1 1.341E-1 1.25239E-1 1.31696E-1 1.15264E-1 9.8588E-2 2.47358E-2 2.11468E-2 2.00972E-2 1.64577E-2 9.37303E-2 4.0776E-2 5.18258E-2 6.94516E-2 1.11524E-1 1.80194E-1 2.10499E-1 2.15402E-1 2.92965E-1 4.00018E-1 2.93108E-1 4.79614E-1 5.20858E-1 4.29068E-1 2.54758E-1 3.45276E-1 2.39864E-1 2.87536E-1 3.44806E-1 3.15916E-1 4.06683E-1 5.03976E-1 5.98033E-1 3.38306E-1 4.57677E-1 4.05958E-1 3.41718E-1 3.70297E-1 3.60831E-1 3.98876E-1 3.66812E-1 3.31172E-1 4.51317E-1 3.76057E-1 2.98472E-1 2.88131E-1 2.12579E-1 2.33345E-1 1.93923E-1 1.1357E-1 9.81353E-2 9.14007E-2 1.07228E-1 9.92303E-2 1.20553E-1 8.61836E-2 9.93078E-2 1.03974E-1
3.29981E-1 2.76293E-1 2.19877E-1 1.6283E-1 1.41799E-1 1.39818E-1 1.19738E-1 1.03828E-1 8.14714E-2 2.64246E-2 1.54132E-2 1.19338E-2 6.30831E-2 3.92687E-2 3.88443E-2 1.15102E-1 1.6563E-1 1.80943E-1 1.81853E-1 1.9079E-1 2.62438E-1 4.20432E-1 1.92989E-1 4.79346E-1 5.48079E-1 4.55851E-1 4.09152E-1 3.13642E-1 3.26325E-1 3.26994E-1 3.19396E-1 3.12945E-1 5.64183E-1 5.23808E-1 6.66804E-1 3.41019E-1 5.20155E-1 4.37038E-1 3.91449E-1 3.63307E-1 4.16863E-1 4.56192E-1 4.41139E-1 3.72212E-1 3.88526E-1 4.32206E-1 3.40672E-1 3.1526E-1 2.95563E-1 2.728E-1 1.9719E-1 1.21438E-1 1.11047E-1 9.77659E-2 1.20194E-1 1.02217E-1 1.0317E-1 9.07533E-2 9.44203E-2 1.08804E-1
3.21475E-1 2.70346E-1 2.47391E-1 2.20706E-1 1.86803E-1 1.66958E-1 1.40259E-1 9.94955E-2 1.04128E-1 7.69044E-2 7.3414E-2 7.50921E-2 3.1975E-2 6.70567E-2 5.47997E-2 9.69719E-2 1.29141E-1 1.39697E-1 1.55286E-1 1.95304E-1 2.33397E-1 4.33025E-1 1.34884E-1 5.51489E-1 5.61278E-1 4.68088E-1 2.96846E-1 4.42672E-1 3.34564E-1 3.49641E-1 3.50581E-1 4.27547E-1 5.36431E-1 4.87303E-1 5.22117E-1 5.30908E-1 4.78106E-1 3.89691E-1 4.59293E-1 4.01699E-1 4.79583E-1 4.98379E-1 3.50784E-1 3.21095E-1 3.89373E-1 4.27315E-1 3.84503E-1 3.02469E-1 3.1985E-1 3.0682E-1 1.7692E-1 1.23224E-1 1.2396E-1 1.18166E-1 6.12536E-2 1.43658E-1 8.55008E-2 1.05968E-1 1.28361E-1 1.61289E-1
5.36617E-1 4.49581E-1 3.89603E-1 3.30541E-1 2.62069E-1 2.13379E-1 1.6948E-1 1.11234E-1 9.29956E-2 9.80675E-2 9.90477E-2 9.05072E-2 8.10182E-2 8.05781E-2 9.97805E-2 9.08678E-2 1.05238E-1 1.25531E-1 1.62832E-1 1.95501E-1 2.36097E-1 3.29187E-1 5.31768E-1 6.36497E-1 5.49415E-1 5.09647E-1 4.97115E-1 3.33395E-1 3.6322E-1 3.18049E-1 3.57993E-1 5.83268E-1 3.64078E-1 6.7202E-1 6.30654E-1 5.28907E-1 4.66312E-1 4.62938E-1 4.82081E-1 4.19876E-1 4.42279E-1 4.24502E-1 4.88801E-1 2.75255E-1 3.95995E-1 3.97936E-1 4.22936E-1 2.73387E-1 3.07525E-1 2.94538E-1 1.55047E-1 1.24623E-1 1.36346E-1 6.71354E-2 1.61675E-1 8.40433E-2 9.04343E-2 1.02883E-1 2.04577E-1 2.45396E-1
4.67197E-1 4.70583E-1 4.35703E-1 3.38921E-1 2.89854E-1 2.48709E-1 1.95019E-1 1.44422E-1 1.28851E-1 1.03071E-1 9.56502E-2 9.58056E-2 9.31468E-2 1.01945E-1 1.0705E-1 1.21287E-1 1.59826E-1 1.88627E-1 2.03745E-1 2.19144E-1 2.40695E-1 3.44549E-1 5.78453E-1 6.40237E-1 5.10319E-1 5.54667E-1 4.377E-1 3.86192E-1 2.34433E-1 2.95258E-1 3.82163E-1 5.00812E-1 4.00581E-1 6.80328E-1 5.51216E-1 4.80633E-1 5.22778E-1 5.50895E-1 4.99156E-1 4.55451E-1 4.05611E-1 4.0216E-1 4.33674E-1 4.63868E-1 5.22085E-1 5.12706E-1 4.35129E-1 2.42819E-1 2.45751E-1 2.16664E-1 1.35632E-1 1.03409E-1 1.51533E-1 9.78146E-2 1.01869E-1 8.93342E-2 8.7971E-2 1.82246E-1 2.91585E-1 3.48487E-1
3.34505E-1 3.70232E-1 3.68266E-1 3.26952E-1 3.10762E-1 2.72195E-1 2.25715E-1 1.8563E-1 1.57495E-1 1.26126E-1 1.32106E-1 1.39851E-1 1.38552E-1 1.4912E-1 1.64057E-1 2.06857E-1 2.73555E-1 2.86637E-1 2.88346E-1 3.0501E-1 3.35827E-1 5.07692E-1 6.39535E-1 5.6211E-1 5.52767E-1 5.48665E-1 4.96297E-1 4.01139E-1 3.96107E-1 2.59249E-1 4.05089E-1 4.09428E-1 5.8027E-1 6.01367E-1 4.79994E-1 5.18504E-1 5.40076E-1 5.56129E-1 5.0069E-1 4.20291E-1 4.35082E-1 3.7215E-1 4.12833E-1 4.6485E-1 4.9473E-1 4.0701E-1 3.23961E-1 2.74417E-1 1.17571E-1 2.17663E-1 6.66188E-2 1.57627E-1 9.33833E-2 7.34776E-2 9.33593E-2 1.12954E-1 1.03912E-1 1.43128E-1 1.9677E-1 3.08549E-1
1.9564E-1 3.41124E-1 3.77171E-1 3.72761E-1 3.67422E-1 3.08805E-1 2.54437E-1 2.0204E-1 1.74416E-1 1.58998E-1 1.98618E-1 2.27467E-1 2.27766E-1 2.41226E-1 2.70653E-1 3.48928E-1 3.80385E-1 3.57585E-1 3.80869E-1 4.02651E-1 4.66011E-1 6.01088E-1 6.99289E-1 5.38644E-1 5.97546E-1 5.77572E-1 5.98635E-1 3.95837E-1 4.40853E-1 4.22991E-1 5.56488E-1 4.27524E-1 6.16752E-1 4.62191E-1 4.47087E-1 5.28943E-1 5.29917E-1 4.56396E-1 4.04743E-1 3.7348E-1 4.05603E-1 3.10337E-1 2.85738E-1 3.09516E-1 3.13376E-1 2.34983E-1 1.58461E-1 2.20288E-1 2.53755E-1 1.60951E-1 8.31717E-2 7.20821E-2 1.07093E-1 1.05147E-1 9.2116E-2 1.18307E-1 1.64555E-1 1.89653E-1 2.06009E-1 3.3668E-1
4.49141E-1 4.77368E-1 4.84867E-1 4.47446E-1 4.17586E-1 3.75207E-1 3.14174E-1 2.36621E-1 2.0356E-1 2.17131E-1 3.02949E-1 3.81046E-1 3.73103E-1 3.94104E-1 4.2895E-1 5.1026E-1 4.87988E-1 4.52864E-1 5.02664E-1 5.14417E-1 6.9321E-1 7.09177E-1 7.38215E-1 6.67923E-1 7.37163E-1 5.76636E-1 4.86224E-1 3.7417E-1 4.29483E-1 4.58778E-1 4.94589E-1 4.088E-1 5.7567E-1 4.10844E-1 4.65955E-1 4.87935E-1 5.11347E-1 5.07492E-1 4.82408E-1 3.17324E-1 3.69146E-1 3.25659E-1 2.49156E-1 1.73602E-1 2.13638E-1 1.9951E-1 1.24368E-1 1.0737E-1 5.23977E-2 1.67108E-1 1.71904E-1 1.40861E-1 1.71246E-1 1.86797E-1 1.58382E-1 1.51577E-1 2.05969E-1 2.75767E-1 3.03258E-1 3.47669E-1
4.95593E-1 4.78686E-1 5.07881E-1 5.36115E-1 5.11011E-1 4.89229E-1 3.80173E-1 2.7758E-1 2.67085E-1 2.94104E-1 4.26679E-1 5.94409E-1 5.45943E-1 5.74579E-1 5.89199E-1 6.42763E-1 5.95729E-1 5.73416E-1 6.40581E-1 6.52414E-1 7.86933E-1 8.00016E-1 8.12172E-1 7.89931E-1 7.35069E-1 5.20843E-1 5.25406E-1 4.51056E-1 4.15887E-1 4.1649E-1 3.74269E-1 3.90166E-1 4.73398E-1 3.66764E-1 3.67678E-1 3.82597E-1 4.10213E-1 4.35683E-1 4.5119E-1 2.64815E-1 3.42316E-1 3.91934E-1 3.37092E-1 2.74083E-1 2.68965E-1 2.28506E-1 1.83631E-1 1.554E-1 1.61974E-1 1.65964E-1 2.25028E-1 2.48335E-1 2.58751E-1 2.23603E-1 2.23887E-1 2.92869E-1 2.83137E-1 2.79832E-1 2.84E-1 3.03613E-1
5.64168E-1 5.40493E-1 5.93909E-1 5.57284E-1 5.75171E-1 5.04827E-1 3.58595E-1 2.57638E-1 2.48865E-1 3.11207E-1 4.03968E-1 5.94359E-1 6.28957E-1 6.14355E-1 5.99897E-1 6.68715E-1 6.86533E-1 6.39584E-1 6.64652E-1 6.77616E-1 7.68242E-1 8.12968E-1 7.89066E-1 6.39879E-1 7.02643E-1 6.14327E-1 5.55016E-1 4.81792E-1 4.02116E-1 3.9654E-1 2.77771E-1 3.73145E-1 3.81718E-1 2.90679E-1 3.18783E-1 3.52093E-1 4.04493E-1 4.51003E-1 4.4006E-1 2.8619E-1 1.94927E-1 3.77208E-1 4.01952E-1 3.69464E-1 3.34645E-1 2.89812E-1 2.36496E-1 1.77536E-1 1.8933E-1 3.30246E-1 1.86652E-1 1.98917E-1 1.74022E-1 1.52916E-1 1.6721E-1 1.9637E-1 2.20331E-1 2.54086E-1 2.67961E-1 2.61646E-1
6.62466E-1 6.93749E-1 6.828E-1 4.62102E-1 5.77573E-1 4.45042E-1 3.49892E-1 2.51649E-1 2.06266E-1 2.74913E-1 4.15301E-1 5.79193E-1 6.73139E-1 6.45786E-1 6.18298E-1 6.55577E-1 7.31578E-1 6.98169E-1 5.37117E-1 7.65646E-1 7.44596E-1 7.16187E-1 6.96726E-1 6.80569E-1 6.98959E-1 6.14237E-1 5.47751E-1 4.73296E-1 3.84117E-1 4.66795E-1 2.08817E-1 3.52956E-1 3.22409E-1 2.52572E-1 3.14028E-1 3.69963E-1 4.19091E-1 4.86143E-1 4.29389E-1 3.15005E-1 2.42614E-1 3.60964E-1 4.15304E-1 4.29538E-1 4.28712E-1 4.03116E-1 3.58475E-1 2.44242E-1 1.0524E-1 1.72951E-1 1.43023E-1 1.7349E-1 1.81392E-1 1.77249E-1 1.78394E-1 1.91645E-1 2.22878E-1 2.59125E-1 2.59132E-1 1.59328E-1
5.90567E-1 6.69363E-1 4.74799E-1 5.04129E-1 3.82612E-1 2.89295E-1 3.15069E-1 2.09866E-1 1.84747E-1 2.41388E-1 3.66441E-1 5.56982E-1 6.44011E-1 5.90139E-1 5.37863E-1 4.51818E-1 5.90612E-1 6.68913E-1 7.44892E-1 7.11902E-1 7.79135E-1 7.67957E-1 5.96096E-1 7.08701E-1 6.79223E-1 5.50128E-1 5.07911E-1 4.45069E-1 4.26954E-1 4.29213E-1 1.67893E-1 3.39584E-1 3.18495E-1 2.71867E-1 3.32249E-1 3.89944E-1 4.68483E-1 4.76343E-1 3.82717E-1 3.17512E-1 3.4252E-1 2.74292E-1 3.22685E-1 4.11004E-1 4.17388E-1 4.61449E-1 4.61505E-1 3.98525E-1 9.06537E-2 1.25857E-1 1.16614E-1 1.28426E-1 1.51671E-1 1.92334E-1 2.19083E-1 2.4065E-1 2.73439E-1 2.83057E-1 1.95179E-1 2.74114E-1
5.00109E-1 4.83458E-1 4.99279E-1 3.771E-1 2.83616E-1 1.7306E-1 2.66452E-1 9.91821E-2 1.66359E-1 2.44879E-1 3.31432E-1 5.05941E-1 6.05937E-1 6.29079E-1 5.67292E-1 6.10453E-1 6.93814E-1 7.43829E-1 7.39066E-1 6.27721E-1 7.80597E-1 7.30005E-1 5.84356E-1 6.99851E-1 6.58368E-1 5.59768E-1 4.83617E-1 4.2721E-1 4.76133E-1 3.48106E-1 1.59068E-1 3.62994E-1 2.74635E-1 3.1018E-1 3.87493E-1 4.53517E-1 4.74571E-1 4.18662E-1 3.4872E-1 2.62981E-1 3.17466E-1 3.38029E-1 3.38033E-1 3.63574E-1 3.69794E-1 3.26877E-1 3.81279E-1 3.95138E-1 2.60734E-1 1.40808E-1 1.38948E-1 1.54811E-1 1.99102E-1 2.32798E-1 2.72251E-1 3.09944E-1 3.34445E-1 3.22489E-1 2.74297E-1 3.02277E-1
6.22808E-1 5.73691E-1 4.58556E-1 3.48252E-1 2.74012E-1 1.85519E-1 2.45447E-1 9.8405E-2 1.36801E-1 1.74506E-1 2.93566E-1 4.2821E-1 5.23687E-1 6.12641E-1 5.02369E-1 5.55475E-1 6.23768E-1 7.19342E-1 6.59908E-1 6.25136E-1 8.03391E-1 7.42943E-1 5.86685E-1 6.94632E-1 6.56892E-1 5.92479E-1 5.50295E-1 4.73053E-1 4.5767E-1 2.08901E-1 2.27842E-1 3.73538E-1 3.20482E-1 3.97714E-1 4.69902E-1 5.17603E-1 4.83405E-1 3.86227E-1 3.09526E-1 3.00598E-1 3.0353E-1 3.32042E-1 3.74003E-1 3.95307E-1 3.90252E-1 3.28566E-1 3.01248E-1 4.22554E-1 3.61233E-1 2.84658E-1 2.36297E-1 2.59367E-1 2.99037E-1 2.98934E-1 3.3436E-1 3.71312E-1 3.6455E-1 2.39326E-1 3.99968E-1 4.83105E-1
4.39827E-1 5.03479E-1 2.90225E-1 2.45532E-1 2.26156E-1 2.04539E-1 1.98742E-1 1.42648E-1 1.22098E-1 1.40731E-1 2.55499E-1 4.00319E-1 4.97586E-1 5.8355E-1 4.36171E-1 4.12274E-1 4.88189E-1 5.78084E-1 7.39006E-1 7.20582E-1 6.72672E-1 6.18599E-1 7.557E-1 7.14805E-1 7.40956E-1 6.6838E-1 5.43181E-1 4.56511E-1 4.24958E-1 8.96741E-2 3.50523E-1 3.61102E-1 3.67121E-1 4.67195E-1 4.80738E-1 5.18618E-1 4.9732E-1 4.52065E-1 2.88821E-1 3.51071E-1 3.14976E-1 3.22416E-1 3.48211E-1 3.70831E-1 3.6731E-1 3.55493E-1 3.46883E-1 2.84693E-1 3.52354E-1 2.91301E-1 2.98374E-1 3.90066E-1 4.28743E-1 4.07227E-1 3.97765E-1 3.93288E-1 3.14022E-1 4.48294E-1 4.96688E-1 4.39403E-1
3.25175E-1 3.71155E-1 1.49066E-1 1.64379E-1 1.8153E-1 1.98705E-1 1.47159E-1 1.17796E-1 1.0981E-1 1.23935E-1 2.08045E-1 3.58149E-1 4.74293E-1 4.54271E-1 3.49545E-1 3.58182E-1 4.66222E-1 5.58574E-1 5.59101E-1 5.91633E-1 7.54868E-1 7.8012E-1 7.70508E-1 7.308E-1 6.90249E-1 4.62342E-1 4.75621E-1 4.37845E-1 2.39105E-1 1.44852E-1 3.67328E-1 3.47612E-1 4.22495E-1 4.27008E-1 4.17545E-1 5.03137E-1 4.75425E-1 2.77883E-1 4.28155E-1 2.91849E-1 2.65097E-1 3.21119E-1 3.4462E-1 3.47392E-1 4.11564E-1 4.51862E-1 4.30408E-1 1.70086E-1 2.68964E-1 2.02004E-1 1.85105E-1 2.43671E-1 2.75127E-1 3.16158E-1 3.99864E-1 3.99738E-1 3.38592E-1 5.17478E-1 5.04475E-1 4.12959E-1
2.45278E-1 1.42597E-1 1.2578E-1 1.55368E-1 1.53227E-1 1.6435E-1 1.14883E-1 1.09532E-1 1.05571E-1 1.26073E-1 2.70295E-1 3.23021E-1 4.56513E-1 3.73494E-1 3.72859E-1 4.06287E-1 4.8986E-1 5.68345E-1 5.05883E-1 6.85481E-1 7.2798E-1 7.23123E-1 6.83715E-1 6.15703E-1 4.56825E-1 3.65003E-1 3.71242E-1 4.32085E-1 6.82553E-2 3.13476E-1 3.86009E-1 3.7318E-1 3.86673E-1 3.61915E-1 4.34983E-1 4.87861E-1 4.62467E-1 3.50516E-1 4.81543E-1 4.50194E-1 2.69601E-1 1.86749E-1 3.3172E-1 3.50431E-1 3.65473E-1 3.65385E-1 3.08744E-1 1.04111E-1 2.90372E-1 2.11037E-1 1.6454E-1 2.24984E-1 2.96714E-1 4.12485E-1 4.44128E-1 3.02697E-1 4.78737E-1 5.39548E-1 4.57748E-1 3.88774E-1
1.59123E-1 1.16924E-1 1.06777E-1 1.10385E-1 1.04267E-1 1.44842E-1 1.17092E-1 1.30493E-1 1.28512E-1 1.44775E-1 2.45464E-1 3.08463E-1 4.84621E-1 3.83043E-1 3.96338E-1 4.36005E-1 4.92476E-1 5.26935E-1 5.2868E-1 6.402E-1 6.53735E-1 6.54072E-1 4.86565E-1 4.05312E-1 3.6356E-1 3.64806E-1 4.83745E-1 1.79779E-1 1.61872E-1 3.73643E-1 3.66426E-1 3.47762E-1 3.6057E-1 4.02688E-1 4.46479E-1 4.85229E-1 4.60045E-1 4.76455E-1 5.54839E-1 4.04736E-1 3.80466E-1 3.305E-1 3.40794E-1 3.34801E-1 2.25292E-1 2.50209E-1 2.28981E-1 3.4741E-1 2.40732E-1 1.99942E-1 1.92663E-1 2.61171E-1 4.30818E-1 5.32195E-1 3.97057E-1 5.33735E-1 5.73912E-1 5.01892E-1 4.28344E-1 4.04859E-1
2.35865E-1 1.68758E-1 1.1988E-1 1.05628E-1 1.00188E-1 1.55792E-1 1.39325E-1 1.42577E-1 1.39906E-1 2.08371E-1 2.37611E-1 3.25878E-1 4.51467E-1 3.80841E-1 4.20248E-1 4.68578E-1 4.69694E-1 4.05748E-1 5.11001E-1 5.8638E-1 5.97032E-1 4.8276E-1 4.29755E-1 4.11142E-1 4.35148E-1 4.7678E-1 3.75512E-1 1.14431E-1 3.08032E-1 3.9239E-1 3.74674E-1 3.23345E-1 3.55052E-1 3.91575E-1 4.49291E-1 4.85625E-1 4.44501E-1 6.41066E-1 4.80911E-1 3.19534E-1 3.84786E-1 3.62445E-1 3.44234E-1 2.74559E-1 3.42356E-1 2.87649E-1 4.54494E-1 3.13384E-1 2.25707E-1 2.08295E-1 2.45086E-1 3.59008E-1 5.00948E-1 5.35917E-1 5.85301E-1 5.73629E-1 6.00357E-1 5.30263E-1 4.37057E-1 4.10728E-1
2.02287E-1 1.75481E-1 1.47738E-1 1.45734E-1 1.53622E-1 2.15212E-1 1.67504E-1 1.55487E-1 1.47478E-1 2.64637E-1 2.44682E-1 3.37795E-1 3.9509E-1 3.60845E-1 3.84557E-1 4.31176E-1 4.64703E-1 4.91011E-1 5.08345E-1 4.38554E-1 5.79668E-1 6.22321E-1 5.34258E-1 4.20242E-1 3.42553E-1 2.53642E-1 2.15673E-1 1.86436E-1 3.6654E-1 4.02617E-1 3.3207E-1 2.74641E-1 3.56714E-1 4.08353E-1 4.62705E-1 5.32859E-1 5.78253E-1 5.70352E-1 3.8457E-1 3.8373E-1 3.41078E-1 3.62301E-1 2.34655E-1 3.76979E-1 5.66413E-2 3.50357E-1 2.53002E-1 1.94935E-1 2.21515E-1 2.45606E-1 2.84507E-1 3.87503E-1 4.43573E-1 5.13491E-1 4.72839E-1 5.74703E-1 5.99153E-1 5.14988E-1 4.38555E-1 4.03394E-1
