Phytophthora/models/20240506_1155_30/Phytophthora_PA3_RUN1_MAXENT_outputs/Phytophthora_PA3_RUN1.asc
ncols         225
nrows         269
xllcorner     473009.9838
yllcorner     4429051.1748
cellsize      50.0
NODATA_value  -9999
[rows 234 to 259 of 269, columns 60 to 119 of 225]
2.55162E-1 3.16039E-1 3.86286E-1 4.96409E-1 6.74816E-1 6.45128E-1 7.67992E-1 7.14467E-1 7.12583E-1 6.93492E-1 6.81541E-1 6.21732E-1 3.96701E-1 7.05297E-1 6.66542E-1 7.6137E-1 8.05768E-1 8.30308E-1 8.33732E-1 7.94173E-1 7.93765E-1 8.4686E-1 7.77032E-1 8.00076E-1 8.26729E-1 8.61157E-1 8.04481E-1 7.25879E-1 8.10099E-1 6.99031E-1 7.96588E-1 5.80428E-1 4.58034E-1 4.8524E-1 4.68107E-1 5.04747E-1 5.82405E-1 6.08222E-1 6.82533E-1 6.67861E-1 6.21325E-1 6.13448E-1 5.83782E-1 6.02662E-1 6.87145E-1 6.61388E-1 6.38659E-1 6.1518E-1 7.0153E-1 8.3748E-1 8.55854E-1 8.01546E-1 6.73624E-1 6.64742E-1 5.06959E-1 4.45389E-1 3.8552E-1 2.99803E-1 2.25285E-1 1.95726E-1
2.73396E-1 3.34379E-1 4.02563E-1 5.2153E-1 6.90017E-1 7.78146E-1 8.06017E-1 6.73811E-1 6.77647E-1 6.37969E-1 5.48138E-1 5.68304E-1 5.9871E-1 7.29598E-1 6.80035E-1 7.73819E-1 6.93367E-1 8.17128E-1 8.01177E-1 7.86203E-1 7.80618E-1 8.27105E-1 6.72399E-1 7.30119E-1 7.92069E-1 8.34882E-1 8.24085E-1 8.03534E-1 7.6625E-1 7.98247E-1 7.88745E-1 6.76015E-1 5.25071E-1 5.54276E-1 5.1193E-1 5.37967E-1 5.72586E-1 6.41298E-1 6.67547E-1 6.03528E-1 5.40397E-1 5.29612E-1 5.36076E-1 5.79808E-1 6.02258E-1 6.92989E-1 6.75288E-1 7.00583E-1 7.59383E-1 8.41729E-1 8.50838E-1 7.98499E-1 7.94208E-1 7.54166E-1 6.5811E-1 5.40723E-1 3.40643E-1 3.35173E-1 3.09931E-1 2.93298E-1
2.90613E-1 3.39756E-1 3.98228E-1 4.40997E-1 4.87726E-1 4.57838E-1 7.23519E-1 6.29853E-1 5.32825E-1 5.64378E-1 4.6817E-1 6.69093E-1 7.31232E-1 7.18286E-1 5.2522E-1 4.68713E-1 6.66347E-1 8.23438E-1 8.22498E-1 7.76412E-1 7.91996E-1 8.08512E-1 6.5711E-1 8.13317E-1 5.07926E-1 8.40319E-1 8.37128E-1 8.26265E-1 8.33951E-1 7.84568E-1 6.99596E-1 7.04425E-1 5.88135E-1 6.33071E-1 5.59577E-1 5.80683E-1 5.87528E-1 6.19836E-1 6.41685E-1 6.02154E-1 4.60301E-1 4.68615E-1 5.22036E-1 5.86638E-1 6.45389E-1 7.08335E-1 6.22027E-1 7.10148E-1 7.90328E-1 8.42462E-1 8.24516E-1 7.37783E-1 7.48258E-1 6.04514E-1 6.36706E-1 5.52384E-1 3.21123E-1 3.41759E-1 2.61748E-1 3.41167E-1
3.37093E-1 3.50932E-1 1.69421E-1 4.49718E-1 4.25206E-1 3.19622E-1 3.43461E-1 2.79885E-1 2.79782E-1 4.52642E-1 6.13677E-1 6.17781E-1 6.16181E-1 7.15408E-1 7.51375E-1 7.25283E-1 7.19796E-1 8.20472E-1 8.3669E-1 8.05239E-1 8.09976E-1 7.82931E-1 6.01165E-1 7.85968E-1 8.23276E-1 7.72716E-1 8.03356E-1 8.42702E-1 8.5149E-1 8.57786E-1 8.78468E-1 7.4027E-1 6.19623E-1 6.74467E-1 6.03091E-1 6.26255E-1 6.30385E-1 5.87684E-1 6.48264E-1 5.58082E-1 4.09567E-1 4.69233E-1 4.69357E-1 5.29154E-1 6.05093E-1 6.60873E-1 6.2172E-1 5.42719E-1 8.01953E-1 8.73714E-1 6.0221E-1 2.67498E-1 7.30808E-1 8.21251E-1 7.43318E-1 6.83166E-1 4.89376E-1 4.04964E-1 3.77467E-1 3.60234E-1
3.22463E-1 3.82759E-1 4.16993E-1 2.4049E-1 4.40131E-1 2.09973E-1 2.47227E-1 2.42188E-1 2.1677E-1 2.85912E-1 3.32756E-1 4.14381E-1 5.65345E-1 6.45708E-1 7.09822E-1 7.36358E-1 4.60999E-1 7.92713E-1 6.79795E-1 5.9825E-1 7.88246E-1 7.06212E-1 7.73281E-1 7.72031E-1 7.72568E-1 7.80057E-1 4.43492E-1 7.15307E-1 8.30905E-1 8.47795E-1 8.76474E-1 8.87214E-1 7.994E-1 8.12643E-1 7.1167E-1 6.85744E-1 6.81404E-1 5.99918E-1 4.64983E-1 4.68285E-1 5.77441E-1 6.28358E-1 3.45456E-1 3.8333E-1 6.55332E-1 6.45303E-1 6.34138E-1 6.31199E-1 7.6588E-1 8.33838E-1 6.60678E-1 7.73177E-1 7.07826E-1 5.68574E-1 4.9934E-1 4.51776E-1 3.50305E-1 3.3302E-1 3.08408E-1 4.78372E-1
5.11333E-1 4.8324E-1 3.501E-1 2.78555E-1 3.98319E-1 3.08312E-1 3.63938E-1 3.3587E-1 3.64076E-1 4.54803E-1 4.52463E-1 4.57858E-1 5.65012E-1 6.74463E-1 7.40624E-1 5.74778E-1 6.33288E-1 5.64415E-1 5.54356E-1 5.8969E-1 7.08714E-1 5.40831E-1 7.08495E-1 7.77957E-1 7.28957E-1 7.8209E-1 7.18792E-1 8.29521E-1 7.06601E-1 7.4476E-1 8.48118E-1 7.58247E-1 8.75983E-1 8.59127E-1 7.94435E-1 7.26507E-1 6.76376E-1 6.38592E-1 4.96021E-1 5.60694E-1 3.67356E-1 4.86764E-1 4.33481E-1 4.92058E-1 5.87051E-1 7.03044E-1 6.61854E-1 6.1504E-1 6.59236E-1 7.87074E-1 8.49179E-1 7.81182E-1 7.14798E-1 7.18086E-1 5.88136E-1 4.24932E-1 3.66341E-1 3.74336E-1 3.741E-1 3.34602E-1
3.04175E-1 5.28478E-1 5.93083E-1 3.48935E-1 4.41155E-1 3.75768E-1 3.54338E-1 3.49071E-1 3.57439E-1 3.82143E-1 3.92752E-1 4.53389E-1 5.3971E-1 6.07682E-1 6.63774E-1 7.48408E-1 7.2767E-1 5.75119E-1 3.86238E-1 3.36119E-1 4.80022E-1 7.14638E-1 6.0596E-1 4.86974E-1 4.01777E-1 4.88361E-1 7.15826E-1 8.16979E-1 8.09391E-1 8.21166E-1 8.39636E-1 7.65181E-1 8.43627E-1 8.21908E-1 7.63914E-1 7.45562E-1 6.48297E-1 6.13595E-1 5.41777E-1 4.43065E-1 5.71905E-1 3.71751E-1 3.66357E-1 5.63138E-1 6.10397E-1 7.28233E-1 6.36283E-1 5.57178E-1 7.03607E-1 5.38371E-1 7.73247E-1 8.16014E-1 7.44897E-1 6.83895E-1 6.63361E-1 5.27488E-1 4.03036E-1 2.92546E-1 3.08288E-1 3.61224E-1
4.59406E-1 5.82618E-1 5.68731E-1 5.61438E-1 4.52169E-1 3.73138E-1 3.45867E-1 3.32988E-1 3.50267E-1 3.83676E-1 3.81744E-1 3.95866E-1 3.5289E-1 5.44459E-1 5.94571E-1 4.78006E-1 5.21344E-1 7.15257E-1 3.8227E-1 5.47215E-1 7.08523E-1 7.65643E-1 8.3682E-1 7.34176E-1 6.37447E-1 5.62164E-1 6.77492E-1 8.61395E-1 8.03803E-1 8.02179E-1 8.43394E-1 8.47798E-1 7.269E-1 7.67386E-1 7.30506E-1 7.13482E-1 6.22799E-1 5.65366E-1 3.87497E-1 6.45005E-1 4.53661E-1 4.74185E-1 5.75422E-1 6.86424E-1 6.57051E-1 7.13605E-1 5.53406E-1 6.71125E-1 6.95679E-1 7.05459E-1 6.52544E-1 6.84558E-1 6.77065E-1 5.92499E-1 5.88936E-1 5.62642E-1 4.48145E-1 4.10579E-1 6.788E-1 5.14594E-1
6.60335E-1 6.08532E-1 6.35289E-1 5.38962E-1 4.49715E-1 3.72426E-1 3.35869E-1 3.20802E-1 4.1652E-1 4.56977E-1 3.42883E-1 3.77896E-1 4.13007E-1 6.46812E-1 6.50145E-1 4.58276E-1 4.52712E-1 6.80671E-1 4.92462E-1 4.89853E-1 6.32118E-1 6.62636E-1 6.55205E-1 5.71829E-1 5.45499E-1 5.87061E-1 4.10984E-1 8.27758E-1 8.24398E-1 7.55816E-1 8.13114E-1 5.71599E-1 6.81558E-1 6.69717E-1 6.87245E-1 6.76749E-1 5.96357E-1 3.41773E-1 3.92079E-1 4.33157E-1 5.51668E-1 6.49682E-1 6.78929E-1 6.81282E-1 7.43383E-1 7.55543E-1 5.42441E-1 6.49189E-1 4.13643E-1 4.971E-1 6.49526E-1 6.04975E-1 5.15187E-1 5.39078E-1 5.10628E-1 5.23395E-1 5.03769E-1 5.44406E-1 6.40879E-1 6.11258E-1
6.04618E-1 6.29697E-1 6.38442E-1 5.64651E-1 4.77099E-1 3.85702E-1 2.88639E-1 2.42783E-1 2.40961E-1 2.27565E-1 1.98888E-1 3.94053E-1 2.78689E-1 4.14011E-1 6.68402E-1 5.27322E-1 4.62419E-1 6.85657E-1 5.50958E-1 6.99617E-1 7.11263E-1 5.21474E-1 6.83204E-1 6.61577E-1 6.77517E-1 7.45408E-1 7.31041E-1 3.91846E-1 4.26444E-1 5.89858E-1 7.39135E-1 7.18047E-1 6.51209E-1 6.07865E-1 6.17046E-1 6.27254E-1 5.07068E-1 4.08069E-1 3.58727E-1 5.91982E-1 6.47518E-1 6.63493E-1 6.1037E-1 6.20457E-1 8.48235E-1 5.38153E-1 1.56216E-1 4.36481E-1 6.02316E-1 6.75548E-1 6.87774E-1 6.17941E-1 4.88844E-1 4.31439E-1 4.12324E-1 4.92098E-1 3.6231E-1 3.66068E-1 5.78148E-1 3.55909E-1
5.95596E-1 6.02508E-1 5.8276E-1 6.00595E-1 4.87176E-1 3.90632E-1 2.47566E-1 1.96051E-1 1.88821E-1 1.99458E-1 3.0499E-1 3.73464E-1 3.30649E-1 5.09535E-1 5.56026E-1 4.77385E-1 5.1651E-1 7.46064E-1 5.30647E-1 5.78879E-1 6.1599E-1 6.05948E-1 5.87107E-1 6.68866E-1 6.87509E-1 7.3675E-1 7.86105E-1 8.1851E-1 7.43018E-1 6.46135E-1 7.13966E-1 5.57008E-1 5.61174E-1 5.44041E-1 5.56256E-1 6.37478E-1 4.53763E-1 4.04062E-1 4.18059E-1 5.96854E-1 6.56378E-1 4.0752E-1 7.57348E-1 8.25546E-1 8.08493E-1 6.19197E-1 5.52598E-1 6.03653E-1 6.50696E-1 6.88661E-1 6.53309E-1 6.05567E-1 5.61818E-1 5.9876E-1 6.59265E-1 4.88723E-1 4.56134E-1 3.48516E-1 3.73534E-1 3.84595E-1
6.50792E-1 5.57926E-1 5.49838E-1 4.81628E-1 3.16998E-1 2.20299E-1 2.00628E-1 2.73256E-1 2.68365E-1 3.06246E-1 4.81407E-1 2.25463E-1 4.5243E-1 6.01179E-1 3.26457E-1 3.31017E-1 4.35908E-1 7.99183E-1 5.72453E-1 4.37792E-1 5.5815E-1 6.19179E-1 5.35258E-1 6.39972E-1 6.45751E-1 6.83761E-1 6.93436E-1 7.07672E-1 6.83968E-1 6.68336E-1 6.36149E-1 1.95565E-1 6.03255E-1 5.81122E-1 6.25359E-1 5.35189E-1 6.29623E-1 4.6004E-1 5.81481E-1 6.46954E-1 6.74441E-1 7.73688E-1 7.19548E-1 6.73274E-1 5.95172E-1 6.26118E-1 5.54174E-1 6.77753E-1 6.56872E-1 6.56156E-1 6.28094E-1 5.89878E-1 5.36871E-1 5.48542E-1 6.10136E-1 4.99989E-1 4.58009E-1 3.94823E-1 3.45043E-1 3.2096E-1
6.39385E-1 6.34702E-1 5.41088E-1 2.75384E-1 1.79037E-1 1.51183E-1 2.41245E-1 3.31362E-1 3.29324E-1 1.40874E-1 4.68854E-1 1.57061E-1 2.69307E-1 3.72822E-1 2.57681E-1 2.75227E-1 6.42455E-1 8.14472E-1 7.18172E-1 5.87951E-1 5.59238E-1 6.38091E-1 6.46877E-1 5.70046E-1 5.67052E-1 7.09435E-1 6.93556E-1 6.89196E-1 7.61175E-1 8.44404E-1 7.28408E-1 6.25855E-1 6.23384E-1 6.4722E-1 7.06235E-1 7.0513E-1 7.23287E-1 5.24487E-1 6.4669E-1 6.56176E-1 7.25094E-1 7.03983E-1 6.0504E-1 5.50731E-1 6.02902E-1 7.4807E-1 6.29443E-1 7.80822E-1 7.20356E-1 6.79077E-1 6.43429E-1 5.73229E-1 5.07167E-1 5.65627E-1 6.36757E-1 5.62814E-1 4.96955E-1 4.56024E-1 4.04008E-1 3.35136E-1
6.25207E-1 5.50211E-1 3.83305E-1 3.31593E-1 2.53308E-1 2.4401E-1 2.8746E-1 8.15462E-2 2.6711E-1 2.05927E-1 4.95283E-1 1.23935E-1 1.43834E-1 2.23329E-1 2.29941E-1 3.46737E-1 3.9448E-1 7.1746E-1 6.41115E-1 6.33381E-1 5.51079E-1 6.54338E-1 7.34694E-1 7.55623E-1 7.78761E-1 7.2978E-1 8.15571E-1 8.71065E-1 7.75763E-1 7.42022E-1 7.5157E-1 7.42631E-1 5.14779E-1 7.20888E-1 7.79021E-1 7.50274E-1 7.48644E-1 6.04325E-1 5.96455E-1 5.85794E-1 7.6042E-1 6.55862E-1 4.89266E-1 6.25883E-1 7.66814E-1 7.87355E-1 6.14749E-1 8.38652E-1 7.90454E-1 7.28538E-1 6.39218E-1 5.65796E-1 4.99032E-1 5.68725E-1 6.37574E-1 6.25485E-1 6.00868E-1 5.67893E-1 4.94575E-1 4.05968E-1
5.70451E-1 4.66982E-1 3.47194E-1 4.3901E-1 2.43156E-1 1.71202E-1 2.56E-1 1.04747E-1 2.08014E-1 4.45008E-1 2.5109E-1 1.41772E-1 1.46551E-1 2.13019E-1 2.30325E-1 4.86465E-1 2.60905E-1 6.13355E-1 6.3937E-1 3.2203E-1 4.99865E-1 6.36924E-1 7.46212E-1 8.13397E-1 8.60013E-1 8.60028E-1 8.37856E-1 6.45328E-1 5.88814E-1 5.70518E-1 5.24476E-1 7.11938E-1 6.68438E-1 5.68834E-1 8.36487E-1 8.5483E-1 8.08564E-1 7.25956E-1 7.03731E-1 7.36039E-1 7.79331E-1 7.39071E-1 7.13154E-1 7.51473E-1 7.42214E-1 7.31702E-1 5.14516E-1 7.3335E-1 7.63238E-1 7.87453E-1 7.5543E-1 6.71232E-1 5.94452E-1 6.45506E-1 6.65855E-1 6.5892E-1 6.48204E-1 6.49805E-1 5.83898E-1 5.08222E-1
3.7909E-1 3.7983E-1 2.87302E-1 2.56175E-1 2.89662E-1 2.6421E-1 2.27579E-1 1.14404E-1 4.57027E-1 2.97828E-1 2.44572E-1 1.91351E-1 1.77599E-1 1.82584E-1 2.1336E-1 3.95201E-1 1.92093E-1 5.50337E-1 5.19243E-1 2.96869E-1 4.63052E-1 5.78794E-1 6.67018E-1 7.11742E-1 7.35485E-1 7.6336E-1 7.48232E-1 6.74464E-1 8.49471E-1 7.63065E-1 5.26587E-1 5.89015E-1 5.98772E-1 6.8017E-1 8.07093E-1 7.39028E-1 8.33803E-1 8.22658E-1 4.84681E-1 6.5925E-1 6.86853E-1 7.06667E-1 6.43425E-1 6.86763E-1 5.99335E-1 6.41718E-1 3.18377E-1 7.27971E-1 6.19339E-1 6.97304E-1 7.50231E-1 7.32193E-1 6.96351E-1 6.84933E-1 6.48535E-1 6.29378E-1 6.3376E-1 6.66344E-1 6.18682E-1 6.35948E-1
5.60995E-1 3.56049E-1 2.04793E-1 1.79973E-1 1.35333E-1 1.25427E-1 1.91083E-1 3.69588E-1 1.57987E-1 1.47758E-1 2.42542E-1 2.97411E-1 2.64307E-1 2.00189E-1 3.98093E-1 3.95738E-1 1.56136E-1 1.87906E-1 1.79403E-1 2.55504E-1 2.9869E-1 3.18475E-1 3.65234E-1 3.83189E-1 4.5886E-1 6.0979E-1 5.92725E-1 5.75121E-1 5.95806E-1 5.39154E-1 4.91878E-1 5.05711E-1 5.03036E-1 3.66225E-1 3.96028E-1 4.50399E-1 5.05513E-1 4.30074E-1 5.19805E-1 5.54809E-1 6.16487E-1 5.78618E-1 5.81113E-1 5.42686E-1 5.07722E-1 6.26878E-1 6.98912E-1 6.28092E-1 5.55121E-1 6.43228E-1 5.62853E-1 5.15876E-1 6.34449E-1 6.45338E-1 4.82681E-1 4.77738E-1 6.35899E-1 5.10193E-1 6.83714E-1 6.75752E-1
3.62666E-1 1.71748E-1 1.56231E-1 1.2419E-1 1.28875E-1 1.26841E-1 1.40126E-1 4.27457E-1 9.29197E-2 1.13075E-1 1.78948E-1 3.08337E-1 3.0197E-1 2.28266E-1 4.27065E-1 1.89948E-1 1.25551E-1 1.16867E-1 1.04609E-1 1.23913E-1 1.49517E-1 1.83789E-1 2.16938E-1 2.88906E-1 4.06836E-1 4.38065E-1 5.46187E-1 3.59346E-1 2.796E-1 3.42634E-1 4.55687E-1 5.44602E-1 5.66255E-1 6.22105E-1 6.80655E-1 4.38167E-1 5.87011E-1 3.14633E-1 5.51879E-1 5.2991E-1 4.93672E-1 2.69521E-1 4.74138E-1 4.45671E-1 3.9941E-1 5.31554E-1 5.68431E-1 2.97826E-1 2.01548E-1 1.72094E-1 3.41886E-1 4.25698E-1 4.22951E-1 6.66196E-1 6.00896E-1 5.5207E-1 6.71599E-1 6.98813E-1 5.98888E-1 6.13217E-1
1.51237E-1 1.14143E-1 1.14192E-1 1.2778E-1 1.8859E-1 2.11237E-1 2.79399E-1 1.9238E-1 7.99408E-2 1.054E-1 3.16002E-1 3.65807E-1 3.10658E-1 2.47137E-1 1.88666E-1 3.2487E-1 1.59684E-1 2.81316E-1 9.35945E-2 1.13596E-1 1.33505E-1 1.72144E-1 1.97334E-1 2.66039E-1 2.91693E-1 5.8053E-1 5.35759E-1 5.48167E-1 2.95259E-1 3.17247E-1 3.85365E-1 4.09467E-1 4.61061E-1 5.01548E-1 4.56441E-1 4.59732E-1 3.82843E-1 3.99757E-1 4.7815E-1 4.54169E-1 2.69927E-1 2.97688E-1 3.83779E-1 3.07858E-1 1.37652E-1 3.56808E-1 3.86387E-1 3.4598E-1 4.17218E-1 4.41719E-1 5.13012E-1 3.32423E-1 4.42657E-1 4.08808E-1 6.34003E-1 5.26841E-1 6.27824E-1 6.95824E-1 6.51838E-1 4.91464E-1
1.6525E-1 1.40358E-1 9.47732E-2 1.36485E-1 2.24795E-1 2.98265E-1 4.29045E-1 1.30415E-1 1.00565E-1 9.44004E-2 2.23877E-1 1.47007E-1 1.69416E-1 1.87365E-1 1.44615E-1 2.9356E-1 2.89333E-1 2.60355E-1 8.58686E-2 1.06924E-1 1.43714E-1 1.79531E-1 1.85616E-1 1.77154E-1 1.5768E-1 5.15221E-1 2.13553E-1 4.59605E-1 2.28522E-1 2.58875E-1 2.68803E-1 2.69433E-1 2.94624E-1 1.99923E-1 2.17207E-1 3.23759E-1 4.18845E-1 4.13745E-1 4.2369E-1 4.35654E-1 3.93035E-1 2.85871E-1 4.50689E-1 3.66985E-1 3.26867E-1 4.27983E-1 4.51383E-1 4.69009E-1 4.72188E-1 4.71966E-1 4.4605E-1 4.0684E-1 4.07286E-1 5.13405E-1 5.90789E-1 6.21135E-1 5.94178E-1 5.57748E-1 5.52933E-1 4.46365E-1
1.59267E-1 1.44533E-1 1.9374E-1 1.56656E-1 1.37205E-1 3.32557E-1 1.22637E-1 1.09235E-1 1.13781E-1 9.42195E-2 1.09045E-1 2.70511E-1 2.99514E-1 2.71018E-1 2.0473E-1 1.24845E-1 1.08927E-1 2.47391E-1 8.85339E-2 1.21364E-1 1.40132E-1 1.46818E-1 1.3398E-1 1.3587E-1 2.28336E-1 3.00427E-1 3.63141E-1 1.30054E-1 1.46241E-1 1.64108E-1 1.56603E-1 1.5727E-1 1.65398E-1 1.65189E-1 2.28834E-1 3.17162E-1 3.68779E-1 2.93103E-1 3.77175E-1 3.4106E-1 4.82496E-1 3.15738E-1 2.95898E-1 3.76028E-1 3.41871E-1 4.09982E-1 3.18055E-1 3.63688E-1 3.78264E-1 4.56998E-1 4.07187E-1 3.54607E-1 3.92256E-1 3.51595E-1 5.33352E-1 5.66426E-1 6.21016E-1 4.82448E-1 4.19978E-1 5.24456E-1
1.36648E-1 1.9688E-1 2.20274E-1 2.13705E-1 1.73587E-1 2.1691E-1 1.26969E-1 1.18955E-1 1.13091E-1 1.3487E-1 1.91186E-1 8.89328E-2 1.687E-1 2.06249E-1 2.68294E-1 2.00115E-1 1.76886E-1 3.15181E-1 1.54053E-1 1.18897E-1 1.04476E-1 1.04026E-1 1.03727E-1 1.0243E-1 1.1625E-1 2.44937E-1 2.87947E-1 2.25624E-1 9.591E-2 1.08288E-1 1.37396E-1 1.33485E-1 1.96167E-1 2.28428E-1 2.59469E-1 3.31592E-1 4.02872E-1 4.51097E-1 3.75975E-1 4.30084E-1 4.75764E-1 4.10662E-1 3.9105E-1 3.41729E-1 4.23098E-1 3.77383E-1 4.88228E-1 4.79741E-1 2.90069E-1 4.46192E-1 4.47905E-1 4.54702E-1 4.40517E-1 4.14126E-1 3.63222E-1 5.75604E-1 4.15059E-1 4.76142E-1 3.71784E-1 1.78796E-1
-9999 -9999 -9999 1.46508E-1 2.13164E-1 1.44356E-1 1.80282E-1 1.74865E-1 1.62124E-1 2.45969E-1 1.72421E-1 1.33061E-1 1.36624E-1 1.64251E-1 2.06633E-1 2.47168E-1 2.78041E-1 2.89417E-1 2.42117E-1 2.35883E-1 1.81693E-1 1.2978E-1 9.68567E-2 9.54822E-2 9.6072E-2 1.35027E-1 2.05412E-1 1.36405E-1 1.96368E-1 1.03201E-1 1.25686E-1 1.29124E-1 2.31911E-1 3.47641E-1 3.7822E-1 3.9209E-1 3.91273E-1 3.90724E-1 4.82718E-1 4.8319E-1 4.84039E-1 4.34864E-1 5.06002E-1 4.94487E-1 4.08902E-1 1.36636E-1 4.40272E-1 4.74999E-1 4.59158E-1 4.93598E-1 5.06575E-1 4.67911E-1 3.32614E-1 2.49557E-1 2.97031E-1 2.64558E-1 5.50705E-1 5.64212E-1 2.63884E-1 3.21272E-1
-9999 -9999 -9999 -9999 1.55913E-1 2.49025E-1 2.94791E-1 2.66863E-1 2.23509E-1 2.02465E-1 1.28122E-1 1.00176E-1 1.09545E-1 1.74187E-1 1.84249E-1 2.31225E-1 2.38322E-1 2.65783E-1 2.34296E-1 2.08311E-1 1.91612E-1 1.89782E-1 1.79713E-1 1.63674E-1 1.25714E-1 1.44188E-1 1.4456E-1 1.27219E-1 1.61299E-1 1.74636E-1 1.37756E-1 1.56831E-1 2.5244E-1 2.70122E-1 2.85426E-1 3.06595E-1 3.58844E-1 4.02059E-1 3.98932E-1 5.17085E-1 2.41417E-1 4.69768E-1 2.88381E-1 2.73543E-1 3.70501E-1 3.47679E-1 2.01532E-1 5.18487E-1 5.08848E-1 3.29154E-1 3.54908E-1 2.93621E-1 4.6409E-1 4.2326E-1 -9999 -9999 -9999 -9999 -9999 -9999
-9999 -9999 -9999 -9999 -9999 -9999 2.9885E-1 2.76738E-1 2.26768E-1 1.89808E-1 1.20931E-1 7.97107E-2 7.60843E-2 9.52308E-2 1.95504E-1 1.43642E-1 3.07081E-1 2.2552E-1 1.85992E-1 1.77056E-1 1.92065E-1 1.58043E-1 1.61102E-1 1.53891E-1 1.37384E-1 1.29507E-1 1.39536E-1 1.29668E-1 1.45822E-1 1.49733E-1 1.87249E-1 2.11131E-1 2.38691E-1 2.74087E-1 3.21192E-1 3.38595E-1 3.70162E-1 3.87828E-1 2.6066E-1 5.70668E-1 3.41399E-1 5.06542E-1 2.73238E-1 2.42604E-1 2.76463E-1 3.76638E-1 5.48076E-1 3.25449E-1 4.12246E-1 4.46764E-1 4.80266E-1 -9999 -9999 -9999 -9999 -9999 -9999 -9999 -9999 -9999
-9999 -9999 -9999 -9999 -9999 -9999 -9999 -9999 1.81404E-1 8.46216E-2 9.91955E-2 2.5374E-2 3.13774E-2 3.51782E-2 5.40375E-2 1.2032E-1 1.98722E-1 2.08243E-1 1.44283E-1 1.4353E-1 1.77406E-1 1.44817E-1 1.48121E-1 1.49525E-1 1.38176E-1 1.23593E-1 1.52064E-1 1.58722E-1 1.59447E-1 1.74814E-1 1.80778E-1 2.27285E-1 2.76278E-1 3.4792E-1 3.88069E-1 4.07394E-1 4.21985E-1 3.92569E-1 3.33578E-1 4.88611E-1 5.03144E-1 4.90325E-1 4.25538E-1 3.41313E-1 3.18782E-1 4.07188E-1 5.91199E-1 6.13781E-1 4.09278E-1 -9999 -9999 -9999 -9999 -9999 -9999 -9999 -9999 -9999 -9999 -9999
