Phytophthora/models/20240529_1714_25/Phytophthora_PA3_RUN7_MAXENT_outputs/projMaxent.asc
ncols         225
nrows         269
xllcorner     473009.9838
yllcorner     4429051.1748
cellsize      50.0
NODATA_value  -9999
[rows 104 to 129 of 269, columns 118 to 176 of 225]
3.87139E-1 3.26129E-1 4.17126E-2 2.56998E-3 1.2006E-3 1.74644E-3 2.44493E-3 5.80096E-3 1.22269E-2 1.15559E-2 1.01811E-2 5.49507E-3 4.41887E-3 3.27148E-3 2.23646E-3 2.22207E-3 2.54969E-3 4.35568E-3 4.13537E-3 3.20403E-3 3.03079E-3 3.31942E-3 3.39762E-3 2.23908E-3 1.84375E-3 2.72213E-3 2.4418E-3 1.91928E-3 3.02661E-3 3.88329E-3 1.70175E-3 2.01195E-3 2.54814E-3 1.11144E-3 9.08813E-4 1.14496E-3 2.83966E-3 3.92497E-3 3.31855E-1 1.21424E-1 1.20057E-1 1.40284E-1 8.4526E-2 9.54726E-2 1.83829E-1 2.35452E-1 1.4472E-1 2.00964E-1 1.8191E-1 1.76315E-1 4.62588E-1 3.27562E-1 4.04129E-1 2.28172E-1 1.14311E-1 1.21012E-3 8.54497E-4 6.4954E-4 6.86544E-4
5.05841E-1 1.52766E-1 3.27289E-2 7.50299E-2 1.11254E-3 1.61739E-3 1.32179E-3 2.89032E-3 4.20385E-3 5.02541E-3 7.04366E-3 5.55846E-3 4.40118E-3 3.39737E-3 2.5829E-3 3.23459E-3 3.23902E-3 4.41078E-3 4.71696E-3 4.45214E-3 4.11411E-3 4.30008E-3 4.65941E-3 5.52537E-3 5.3254E-3 5.58135E-3 2.89797E-3 2.13728E-3 3.39844E-3 2.67542E-3 1.23447E-3 8.76253E-4 1.09922E-3 2.37398E-3 1.26287E-3 1.99704E-3 2.62446E-3 2.82787E-1 2.51961E-1 2.56494E-1 4.54921E-1 4.32617E-1 5.38815E-1 5.0231E-1 4.5659E-1 3.63294E-1 1.7622E-1 4.42578E-1 3.54391E-1 3.21262E-1 4.2844E-1 3.8317E-1 4.61401E-1 2.34E-1 1.40798E-1 1.34845E-1 2.07538E-1 8.96882E-2 3.6439E-2
4.80702E-1 1.69512E-1 6.84752E-2 5.34692E-2 5.37358E-2 1.68143E-3 3.10827E-3 5.5253E-3 6.42974E-3 6.6289E-3 6.47599E-3 5.20527E-3 3.9662E-3 2.71132E-3 2.84275E-3 4.14957E-3 4.44704E-3 2.53932E-3 4.34271E-3 3.95112E-3 4.01412E-3 4.6161E-3 5.25278E-3 7.15171E-3 7.51789E-3 5.92673E-3 4.32504E-3 1.63795E-3 1.22368E-3 1.03836E-3 7.8245E-4 7.18129E-4 7.58093E-4 1.22934E-3 2.11563E-3 1.366E-3 1.51167E-3 1.77713E-1 1.66067E-1 3.55875E-1 3.18734E-1 2.29522E-1 2.47036E-1 1.63423E-1 1.31115E-1 9.07687E-2 2.06238E-1 8.67444E-2 9.41543E-2 1.30844E-1 1.55366E-1 2.86381E-1 4.00966E-1 3.30898E-1 4.06009E-1 4.33664E-1 2.20243E-1 1.13931E-1 6.43673E-2
2.15091E-1 3.22093E-1 3.66936E-1 1.64587E-1 7.27534E-2 7.19445E-2 2.17228E-3 5.14358E-3 5.19714E-3 5.38723E-3 5.6829E-3 4.62754E-3 3.34743E-3 2.41771E-3 3.05223E-3 4.26019E-3 3.01153E-3 2.90575E-3 3.52755E-3 2.50376E-3 3.0946E-3 4.30019E-3 5.15496E-3 5.23152E-3 5.96786E-3 5.27734E-3 3.07448E-3 1.82526E-3 1.89971E-3 1.83387E-3 6.64562E-4 5.64023E-4 5.67496E-4 3.58019E-4 1.58676E-3 1.82657E-3 1.89304E-3 2.03027E-1 3.57363E-1 2.60983E-1 2.29039E-1 1.45762E-1 8.86412E-2 6.20399E-2 1.04704E-1 8.62439E-2 8.53351E-2 6.58385E-2 7.14976E-2 7.50578E-2 1.20706E-1 1.34269E-1 1.37611E-1 1.19838E-1 1.83169E-1 1.88301E-1 1.30617E-1 1.4343E-1 7.56133E-2
7.28498E-2 1.77424E-1 4.04718E-1 4.47339E-1 2.99513E-1 1.13148E-1 2.24152E-1 5.20132E-3 4.53297E-3 5.05898E-3 6.23612E-3 5.57698E-3 4.11302E-3 3.61316E-3 5.33757E-3 6.52195E-3 7.05438E-3 6.2854E-3 4.43052E-3 2.85259E-3 3.87982E-3 5.38205E-3 6.56067E-3 7.55515E-3 8.0406E-3 7.15673E-3 3.88396E-3 4.44926E-3 2.95819E-3 2.07118E-3 8.11288E-4 6.78925E-4 7.97188E-4 3.74451E-4 3.49681E-2 1.13267E-1 1.56524E-1 2.70015E-1 3.14152E-1 2.91079E-1 2.4603E-1 1.18025E-1 1.11832E-1 7.77482E-2 9.55162E-2 7.58525E-2 7.14154E-2 5.73138E-2 4.19335E-2 6.45168E-2 7.54887E-2 8.56758E-2 1.03909E-1 1.03921E-1 1.25881E-1 1.72514E-1 1.32818E-1 7.93202E-2 3.73969E-2
1.89415E-1 1.48101E-1 2.81288E-1 4.51495E-1 3.63808E-1 2.62029E-1 1.95922E-1 2.40937E-1 3.15304E-3 4.84499E-3 6.94952E-3 7.21285E-3 6.00952E-3 5.4277E-3 8.65028E-3 1.01432E-2 1.05306E-2 8.4141E-3 5.93736E-3 3.673E-3 4.41196E-3 6.57352E-3 7.72767E-3 9.16498E-3 1.01704E-2 8.19401E-3 5.48764E-3 5.78401E-3 3.76455E-3 2.4506E-3 8.78463E-4 8.33386E-4 1.40715E-3 1.25139E-3 2.26203E-1 2.76073E-1 1.86699E-1 2.00322E-1 2.74303E-1 4.32858E-1 4.46463E-1 1.88543E-1 1.97291E-1 1.35745E-1 1.05017E-1 6.70588E-2 7.94609E-2 6.83324E-2 3.92198E-2 2.9613E-2 5.70816E-2 5.85702E-2 8.05381E-2 1.06171E-1 1.10278E-1 1.69898E-1 1.89859E-1 7.77773E-2 2.23276E-2
1.98745E-1 7.46177E-2 1.20092E-1 3.11981E-1 3.58272E-1 2.57362E-1 1.36086E-1 1.66371E-1 2.23739E-1 4.70798E-3 5.23479E-3 8.69403E-3 7.09295E-3 7.41396E-3 1.24586E-2 1.383E-2 1.3587E-2 1.06969E-2 7.70292E-3 4.74259E-3 3.28499E-3 6.38724E-3 9.90151E-3 1.14627E-2 1.26529E-2 6.15359E-3 8.58012E-3 6.99162E-3 4.29241E-3 2.65596E-3 1.02108E-3 9.64005E-4 1.50642E-3 2.01887E-3 2.64547E-1 1.33412E-1 1.38841E-1 2.75465E-1 3.66818E-1 4.15188E-1 3.76507E-1 2.00492E-1 1.90517E-1 2.01101E-1 1.26491E-1 7.93491E-2 7.17336E-2 9.80931E-2 2.8939E-2 5.11812E-2 4.87757E-2 5.12607E-2 7.9696E-2 1.09909E-1 1.14718E-1 1.28108E-1 1.56616E-1 7.14191E-2 4.60032E-2
1.10085E-1 6.49965E-2 5.17582E-2 3.39203E-1 3.66259E-1 1.89037E-1 2.62426E-1 2.22937E-1 2.19867E-1 1.73882E-1 4.9514E-3 5.78493E-3 8.52385E-3 7.35624E-3 1.38678E-2 1.63791E-2 1.65098E-2 1.28928E-2 9.0212E-3 5.81238E-3 4.71361E-3 7.51984E-3 1.31237E-2 1.4483E-2 1.55648E-2 1.16075E-2 1.24292E-2 8.04549E-3 4.75708E-3 2.81585E-3 1.29226E-3 1.05978E-3 1.04969E-3 1.08809E-1 1.36598E-1 1.06956E-1 7.10278E-2 2.04697E-1 3.61304E-1 4.04871E-1 2.4356E-1 1.4331E-1 2.67776E-1 1.97215E-1 1.57218E-1 6.82908E-2 4.72298E-2 7.41928E-2 6.47511E-2 7.04897E-2 5.13175E-2 4.42013E-2 9.59287E-2 1.40728E-1 1.14732E-1 1.28575E-1 8.97069E-2 2.94654E-2 4.89922E-2
7.6185E-2 5.09036E-2 7.00024E-2 1.63117E-1 4.08583E-1 3.66005E-1 3.46889E-1 2.40305E-1 1.34942E-1 2.331E-1 6.39291E-3 6.30322E-3 8.87653E-3 1.0032E-2 1.61166E-2 1.03689E-2 1.19653E-2 1.5642E-2 1.11462E-2 4.37683E-3 5.7986E-3 1.05235E-2 1.7399E-2 1.83817E-2 1.64922E-2 1.90782E-2 1.57125E-2 9.54046E-3 5.45808E-3 3.09274E-3 2.3466E-3 2.65014E-3 8.2555E-2 6.85726E-2 7.69063E-2 1.94312E-1 1.47884E-1 3.20369E-1 3.61225E-1 3.988E-1 1.24545E-1 1.66208E-1 1.10603E-1 1.90267E-1 1.24153E-1 7.84998E-2 1.32737E-1 1.39146E-1 7.06196E-2 8.87021E-2 5.51929E-2 4.6493E-2 9.08954E-2 1.09647E-1 9.24541E-2 8.26294E-2 3.55853E-2 3.07129E-2 2.66555E-2
9.235E-2 1.74992E-1 9.86933E-2 1.19595E-1 1.57144E-1 4.88765E-1 5.65507E-1 4.88763E-1 3.43456E-1 4.56873E-1 1.25281E-2 1.02866E-2 3.2127E-3 5.87799E-3 1.41493E-2 1.24853E-2 2.08122E-2 1.77332E-2 1.37762E-2 9.44845E-3 6.87085E-3 2.0835E-2 2.40379E-2 2.29107E-2 2.35917E-2 2.25861E-2 1.85422E-2 1.13194E-2 6.87145E-3 2.53745E-3 1.76527E-3 1.72629E-3 9.20125E-2 5.10256E-2 4.81811E-2 1.08097E-1 2.36768E-1 3.4884E-1 3.86178E-1 4.36324E-1 1.91038E-1 1.64234E-1 1.28846E-1 1.66781E-1 1.42728E-1 1.42586E-1 2.17591E-1 1.699E-1 1.10636E-1 1.1906E-1 8.17369E-2 8.36984E-2 6.91324E-2 8.0511E-2 8.72826E-2 7.27265E-2 3.64573E-2 2.82066E-2 2.21954E-2
3.10766E-1 1.7122E-1 3.09969E-1 2.61014E-1 2.83618E-1 3.33306E-1 6.68681E-1 4.04009E-1 3.92791E-1 5.91996E-1 1.03945E-2 8.02367E-3 1.04824E-2 1.25834E-2 1.59847E-2 2.11347E-2 2.14588E-2 1.86762E-2 1.1049E-2 8.88568E-3 1.33521E-2 2.90671E-2 3.06908E-2 2.40773E-2 3.4374E-2 3.12327E-2 2.12784E-2 1.46737E-2 9.42201E-3 3.40551E-3 2.95131E-3 3.13283E-3 1.52836E-1 9.35318E-2 1.52197E-1 7.51448E-2 1.47444E-1 2.32815E-1 3.20577E-1 4.79248E-1 5.10269E-1 2.1339E-1 2.07744E-1 2.20899E-1 1.76356E-1 1.82073E-1 2.67019E-1 1.54185E-1 1.29639E-1 1.02221E-1 1.31123E-1 2.06993E-1 1.01665E-1 7.47893E-2 9.32605E-2 5.08916E-2 3.25367E-2 2.97257E-2 4.17793E-2
5.64486E-1 2.24525E-1 2.62104E-1 2.2759E-1 3.014E-1 4.47848E-1 6.68055E-1 4.0477E-1 3.48941E-1 3.64162E-1 7.66575E-3 1.00964E-2 1.4853E-2 1.83635E-2 2.0871E-2 2.31104E-2 2.29302E-2 2.05091E-2 1.61553E-2 1.02418E-2 1.75083E-2 3.5611E-2 1.76392E-2 1.73203E-2 3.93014E-2 3.79255E-2 2.25796E-2 1.7518E-2 1.07054E-2 5.92602E-3 7.5671E-3 6.6692E-3 4.6036E-3 2.22562E-1 1.78272E-1 5.45695E-2 1.54913E-1 3.31074E-1 4.68654E-1 5.23299E-1 5.83309E-1 5.60928E-1 3.41256E-1 4.11871E-1 3.72515E-1 3.43867E-1 3.00745E-1 2.09202E-1 1.42659E-1 1.05585E-1 1.78933E-1 2.8056E-1 1.67789E-1 8.46356E-2 7.17271E-2 5.75158E-2 4.2844E-2 5.24622E-2 6.5264E-2
6.88245E-1 4.29778E-1 2.97954E-1 3.3619E-1 3.25921E-1 5.11643E-1 6.14736E-1 4.14878E-1 1.3125E-1 3.42869E-1 1.13563E-2 1.42642E-2 1.78036E-2 1.71496E-2 2.26047E-2 2.52768E-2 1.1004E-2 2.30713E-2 2.20444E-2 1.33589E-2 1.67721E-2 3.41738E-2 2.1116E-2 1.90408E-2 3.59314E-2 1.90673E-2 2.33422E-2 9.99444E-3 1.54322E-2 1.17631E-2 9.85002E-3 8.56126E-3 6.03041E-3 2.81524E-1 1.22853E-1 6.83123E-2 4.10312E-1 5.80953E-1 5.58402E-1 5.66085E-1 6.33205E-1 6.18503E-1 5.69074E-1 4.28679E-1 4.56669E-1 2.53088E-1 1.90528E-1 2.33075E-1 1.65245E-1 1.20478E-1 1.44039E-1 1.68241E-1 1.96491E-1 1.38829E-1 9.57818E-2 6.63655E-2 7.89126E-2 7.24816E-2 8.12062E-2
5.78717E-1 6.71681E-1 1.73503E-1 2.08333E-1 6.33694E-1 6.90115E-1 7.30426E-1 1.43834E-1 4.46695E-1 5.32728E-1 1.49306E-2 1.78216E-2 2.05649E-2 1.11869E-2 1.73958E-2 2.80878E-2 2.78073E-2 2.50831E-2 2.23485E-2 1.07973E-2 1.90046E-2 3.09548E-2 1.93142E-2 2.40859E-2 1.80538E-2 1.16702E-2 1.0359E-2 1.31398E-2 1.42095E-2 1.49428E-2 1.18232E-2 1.00557E-2 5.36729E-3 8.29428E-2 7.95454E-2 7.8769E-2 2.67296E-1 4.6187E-1 6.41897E-1 7.36428E-1 7.47608E-1 6.58939E-1 6.08717E-1 5.61003E-1 5.19845E-1 2.76818E-1 1.59166E-1 4.91994E-2 5.65E-2 1.43305E-1 1.74652E-1 1.6161E-1 3.92408E-1 3.65327E-1 2.11717E-1 1.56204E-1 9.80083E-2 8.0301E-2 9.74589E-2
3.16259E-1 7.00768E-1 6.57701E-1 2.90999E-1 2.20592E-1 4.86866E-1 3.58712E-1 3.46642E-1 4.71744E-1 1.26119E-2 1.50051E-2 1.95507E-2 1.96232E-2 1.66785E-2 1.62035E-2 2.95118E-2 2.69076E-2 2.37929E-2 2.03921E-2 8.56897E-3 1.38229E-2 3.51018E-2 2.67682E-2 1.80752E-2 9.53214E-3 1.20389E-2 1.32373E-2 6.23273E-1 7.3361E-1 1.1181E-2 1.34518E-2 1.13001E-2 4.27971E-3 1.77616E-3 7.86631E-2 6.79815E-2 9.48963E-2 1.93413E-1 4.8012E-1 5.65791E-1 6.40754E-1 6.77241E-1 5.3048E-1 5.20212E-1 4.07323E-1 2.0699E-1 9.50291E-2 5.80724E-2 7.79285E-2 5.32024E-2 8.3604E-2 1.25971E-1 1.37363E-1 1.35079E-1 9.62216E-2 1.41183E-1 1.51476E-1 1.42246E-1 1.49607E-1
2.46965E-1 5.1544E-1 7.58989E-1 5.73677E-1 2.14651E-1 1.69495E-1 3.76423E-1 4.6917E-1 1.13626E-2 1.46947E-2 1.74688E-2 1.42926E-2 1.2994E-2 1.66088E-2 1.35325E-2 2.76893E-2 2.55929E-2 1.9001E-2 1.85149E-2 1.54802E-2 1.22405E-2 1.21174E-2 2.34124E-2 1.507E-2 1.3484E-2 1.0633E-2 2.95094E-3 7.36386E-1 8.49058E-1 6.95114E-1 1.04033E-2 9.68509E-3 1.03182E-2 9.26333E-3 2.12915E-1 1.49237E-1 9.90031E-2 1.7881E-1 4.48254E-1 5.35976E-1 6.43917E-1 7.67591E-1 3.31316E-1 3.38463E-1 2.91047E-1 2.68581E-1 2.12777E-1 9.01278E-2 3.83694E-2 3.58245E-2 8.96156E-2 1.17311E-1 1.13229E-1 1.10823E-1 7.92595E-2 1.08525E-1 1.26481E-1 1.43546E-1 1.35851E-1
1.42081E-1 1.93671E-1 5.89086E-1 7.2575E-1 5.02837E-1 1.92637E-1 4.41288E-1 6.27465E-1 1.51858E-2 1.74351E-2 1.81082E-2 1.4333E-2 1.11543E-2 2.23201E-2 1.82654E-2 2.19898E-2 2.52068E-2 2.16156E-2 2.02642E-2 1.14881E-2 5.0375E-3 1.03826E-2 1.09709E-2 1.50056E-2 1.62553E-2 7.24242E-3 4.13176E-1 6.11809E-1 5.36366E-1 1.60426E-1 1.93933E-1 5.27507E-1 5.69252E-1 8.74934E-3 2.52632E-1 1.60732E-1 8.18051E-2 1.04876E-1 3.96583E-1 5.22413E-1 5.6445E-1 7.23919E-1 6.77524E-1 3.91237E-1 3.94914E-1 4.97448E-1 4.33185E-1 8.99405E-2 3.07565E-2 6.393E-2 8.64546E-2 1.6251E-1 1.10548E-1 1.22569E-1 1.24684E-1 1.02662E-1 1.14438E-1 1.22024E-1 1.2139E-1
3.35971E-1 2.08155E-1 4.31782E-1 6.5171E-1 5.42815E-1 1.20498E-1 2.91256E-1 6.7765E-1 2.61967E-2 1.48052E-2 1.69736E-2 1.49975E-2 1.00267E-2 1.5095E-2 2.38408E-2 2.47421E-2 2.38305E-2 2.38335E-2 1.20095E-2 1.10983E-2 4.21687E-3 1.19149E-2 7.64404E-3 7.82094E-3 1.84916E-2 5.461E-1 5.62418E-1 6.17513E-1 2.99141E-1 2.03534E-1 2.06048E-1 4.05775E-1 5.51298E-1 3.23598E-1 4.05702E-1 2.77553E-1 1.2769E-1 1.24247E-1 2.469E-1 4.8739E-1 5.43983E-1 4.12586E-1 6.80742E-1 7.84014E-1 6.21492E-1 3.24894E-1 3.25083E-1 1.97586E-1 5.00647E-2 8.1276E-2 1.06588E-1 1.17953E-1 1.02139E-1 1.11069E-1 1.41798E-1 1.27008E-1 1.20749E-1 1.12361E-1 1.14837E-1
2.93869E-1 4.11896E-1 3.08337E-1 4.50341E-1 4.08553E-1 2.70029E-1 2.36553E-1 5.89808E-1 1.60824E-2 2.39462E-2 1.15061E-2 9.68998E-3 1.34382E-2 1.00868E-2 2.03844E-2 2.12839E-2 2.73147E-2 2.88596E-2 1.96312E-2 7.48283E-3 5.11815E-3 9.21686E-3 7.68815E-3 5.71044E-3 1.09567E-2 9.47262E-3 1.36318E-2 2.3116E-2 4.15296E-1 3.05879E-1 2.75E-1 4.66414E-1 2.72591E-1 1.56043E-1 3.86883E-1 4.1748E-1 4.05593E-1 3.34706E-1 3.77545E-1 4.45279E-1 5.06626E-1 2.69505E-1 4.34531E-1 5.44579E-1 6.97517E-1 3.6434E-1 5.89271E-1 3.19131E-1 8.26044E-2 8.15534E-2 7.42618E-2 6.16812E-2 7.33962E-2 1.01648E-1 1.35154E-1 1.37148E-1 1.18319E-1 1.03956E-1 1.36225E-1
6.38634E-1 3.4424E-1 1.40639E-1 3.48643E-1 7.12246E-1 3.39133E-1 3.4539E-1 3.81465E-1 5.71561E-1 6.25748E-1 1.68436E-2 1.05443E-2 5.83109E-1 8.96215E-3 1.39411E-2 1.95475E-2 2.1915E-2 1.81349E-2 2.12204E-2 1.40489E-2 6.9291E-3 8.39436E-3 8.495E-3 9.44529E-3 1.04044E-2 1.27731E-2 1.55539E-2 1.50869E-2 5.59404E-3 3.30866E-1 1.55944E-1 5.66606E-1 2.88496E-1 9.94984E-2 1.43002E-1 5.10991E-1 4.45368E-1 3.72335E-1 3.66785E-1 4.19534E-1 2.76486E-1 2.50527E-1 4.91684E-1 3.94334E-1 4.12268E-1 5.94989E-1 5.03163E-1 5.74599E-1 1.11956E-1 1.11351E-1 7.73585E-2 6.25042E-2 4.64198E-2 7.10005E-2 1.08637E-1 1.84487E-1 1.36011E-1 6.95451E-2 7.9163E-2
5.49086E-1 4.95669E-1 3.23115E-1 3.27676E-1 1.98898E-1 1.42721E-1 3.29446E-1 3.06351E-1 2.8603E-1 4.95429E-1 6.28579E-1 4.94416E-1 5.13503E-1 1.27572E-2 9.03481E-3 1.01839E-2 1.06553E-2 1.36049E-2 1.68969E-2 1.99842E-2 8.27097E-3 8.80527E-3 6.17003E-3 1.01388E-2 7.48867E-3 1.30967E-2 1.85083E-2 1.1492E-2 9.65777E-3 5.29577E-1 5.41775E-1 2.64429E-1 2.31746E-1 1.70314E-1 1.66255E-1 4.20741E-1 5.04285E-1 4.36715E-1 3.71481E-1 3.09275E-1 1.1787E-1 1.97676E-1 3.09907E-1 2.01609E-1 1.87231E-1 3.22759E-1 5.71136E-1 3.06138E-1 1.50109E-1 7.99911E-2 9.54006E-2 7.64055E-2 4.95207E-2 5.49608E-2 9.41866E-2 1.31923E-1 1.43014E-1 9.66022E-2 6.32836E-2
5.25385E-1 4.86467E-1 1.62576E-1 1.03814E-1 1.45639E-1 1.98196E-1 2.25376E-1 1.88785E-1 2.61576E-1 5.07087E-1 5.50677E-1 5.32943E-1 3.89966E-1 1.46814E-2 1.67576E-2 6.45297E-3 7.82756E-3 1.27793E-2 1.65914E-2 2.22163E-2 9.61673E-3 9.3303E-3 8.99396E-3 1.12123E-2 1.19269E-2 1.22231E-2 1.0682E-2 1.05821E-2 1.13168E-2 5.82284E-1 7.05802E-1 2.40463E-1 1.35281E-1 1.25605E-1 1.38376E-1 4.89591E-1 3.91261E-1 3.24156E-1 2.64653E-1 8.47655E-2 8.31299E-2 1.38229E-1 1.42611E-1 1.25255E-1 1.73884E-1 4.03067E-1 3.12704E-1 1.57443E-1 1.18445E-1 1.05784E-1 6.97973E-2 5.97569E-2 3.56843E-2 5.57995E-2 4.26701E-2 1.06436E-1 1.25614E-1 8.87762E-2 4.87123E-2
4.67534E-1 4.37231E-1 9.83491E-2 9.78895E-2 3.60169E-1 2.55187E-1 1.76118E-1 1.43592E-1 2.32089E-1 2.98084E-1 3.22648E-1 4.84537E-1 3.84295E-1 1.16948E-2 1.39438E-2 1.52982E-2 1.00382E-2 8.35002E-3 9.79694E-3 1.93639E-2 9.30015E-3 8.03759E-3 8.18461E-3 7.23931E-3 7.91374E-3 8.26088E-3 7.61387E-3 1.14119E-2 2.00636E-2 6.09482E-1 6.56806E-1 3.05533E-1 1.25494E-1 7.69675E-2 9.95038E-2 3.68379E-1 5.84391E-1 6.58082E-1 4.46291E-1 1.06332E-1 9.20513E-2 1.51454E-1 3.2602E-1 1.80861E-1 1.73299E-1 2.78282E-1 2.58983E-1 1.68995E-1 1.47331E-1 5.68192E-2 7.15631E-2 6.24582E-2 6.99369E-2 4.18496E-2 1.0765E-1 8.08213E-2 1.03889E-1 6.07625E-2 5.68624E-2
5.02494E-1 3.0499E-1 9.65909E-2 1.44488E-1 3.45284E-1 1.39052E-1 8.67281E-2 6.97457E-2 1.58715E-1 1.24693E-1 3.19115E-1 5.38295E-1 3.7931E-1 3.94515E-1 8.73618E-3 8.49006E-3 8.82746E-3 1.03695E-2 8.63621E-3 2.19248E-2 1.03809E-2 7.25536E-3 8.13856E-3 8.05897E-3 8.18292E-3 8.63615E-3 8.78646E-3 1.30614E-2 2.19315E-2 6.48828E-1 6.21196E-1 3.16377E-1 2.15756E-1 2.19025E-1 1.89242E-1 3.94601E-1 6.19031E-1 6.06766E-1 4.0479E-1 1.32401E-1 7.83714E-2 1.13308E-1 3.51539E-1 3.71646E-1 1.55603E-1 4.23834E-1 4.40131E-1 1.73561E-1 1.2709E-1 1.01479E-1 1.4592E-1 1.37786E-1 7.31149E-2 5.36584E-2 1.00173E-1 1.59586E-1 9.69791E-2 5.8928E-2 7.96218E-2
5.25278E-1 1.5568E-1 9.42171E-2 2.43264E-1 9.79263E-2 5.52463E-2 3.13356E-2 3.44271E-2 1.23557E-1 3.15012E-1 5.49203E-1 6.35684E-1 4.72865E-1 3.9535E-1 4.17651E-1 5.81427E-3 6.827E-3 9.12465E-3 8.1703E-3 1.93707E-2 1.07349E-2 7.84245E-3 8.07147E-3 8.10827E-3 5.82572E-3 8.11816E-3 1.21871E-2 1.06683E-2 5.8742E-1 5.80248E-1 4.36444E-1 2.40421E-1 1.97023E-1 3.04848E-1 2.47742E-1 3.81955E-1 7.28729E-1 2.67766E-1 1.81616E-1 1.6222E-1 1.12069E-1 1.01801E-1 2.40978E-1 3.31471E-1 3.86141E-1 6.88615E-1 6.35491E-1 2.45013E-1 1.29855E-1 1.14159E-1 1.47027E-1 1.24147E-1 6.97516E-2 8.70508E-2 4.91157E-2 6.73021E-2 8.30887E-2 7.04164E-2 1.06724E-1
3.37944E-1 1.34382E-1 2.39826E-1 4.27398E-1 7.80641E-2 3.6623E-2 6.00807E-2 1.54006E-1 1.996E-1 3.09825E-1 4.60114E-1 2.65856E-1 3.74194E-1 3.5499E-1 3.53422E-1 4.49685E-1 9.4038E-3 1.19088E-2 9.86229E-3 2.0971E-2 1.06989E-2 7.17908E-3 8.3488E-3 7.93099E-3 9.25409E-3 1.06213E-2 1.02993E-2 7.52555E-3 4.97246E-1 3.5664E-1 3.23961E-1 1.74649E-1 2.91809E-1 4.44565E-1 2.93115E-1 3.73183E-1 7.54969E-1 4.23138E-1 1.82707E-1 2.46351E-1 1.86681E-1 3.30902E-1 2.41268E-1 4.17207E-1 6.42059E-1 6.763E-1 6.36739E-1 3.09588E-1 1.37665E-1 1.11759E-1 1.08684E-1 8.90565E-2 7.75457E-2 9.19309E-2 6.43339E-2 4.66251E-2 6.2782E-2 8.04291E-2 9.27258E-2
