Phytophthora/models/20240529_1714_25/Phytophthora_PA3_RUN7_MAXENT_outputs/projMaxent.asc
ncols         225
nrows         269
xllcorner     473009.9838
yllcorner     4429051.1748
cellsize      50.0
NODATA_value  -9999
[rows 104 to 129 of 269, columns 0 to 58 of 225]
-9999 -9999 -9999 -9999 -9999 -9999 -9999 -9999 -9999 -9999 -9999 7.89232E-2 6.81261E-2 7.61006E-2 9.8864E-2 3.10627E-1 2.35836E-1 9.78491E-2 6.82573E-2 5.14457E-2 4.4314E-2 4.51893E-2 2.86758E-2 3.01059E-2 2.8388E-2 7.40777E-2 1.26264E-1 5.42915E-2 1.26166E-1 4.10698E-1 2.64147E-1 1.13674E-1 7.86147E-2 4.35132E-2 5.53968E-2 9.0469E-2 7.61272E-2 6.41945E-2 9.09545E-2 2.78242E-2 1.92839E-2 1.3206E-2 1.0432E-2 3.85993E-3 1.35581E-2 9.27745E-3 7.76638E-3 9.77084E-3 1.88614E-2 7.74497E-3 1.32903E-2 5.88124E-3 1.29621E-2 1.40904E-2 4.4959E-2 1.46274E-2 7.13998E-3 8.30494E-3 2.46789E-2
-9999 -9999 -9999 -9999 -9999 -9999 -9999 -9999 -9999 -9999 -9999 2.58712E-1 2.25224E-1 2.25298E-1 2.47089E-1 3.87342E-1 2.12051E-1 8.9256E-2 1.15587E-1 1.04854E-1 1.43299E-1 8.84114E-2 5.66143E-2 4.98792E-2 5.50908E-2 2.27059E-1 3.0318E-1 1.38971E-1 1.52632E-1 1.25236E-1 6.19925E-2 9.80916E-2 8.90823E-2 5.10615E-2 8.19676E-2 7.3347E-2 1.35556E-1 1.23397E-1 1.16572E-1 3.3099E-2 3.29967E-2 2.14757E-2 1.98502E-2 1.41449E-2 6.96798E-3 3.05201E-2 3.07876E-2 2.25874E-2 1.08128E-2 2.49672E-2 1.16228E-2 6.3781E-3 7.62541E-3 2.07237E-2 2.11481E-2 1.16828E-2 3.84347E-3 5.13587E-3 9.69424E-3
-9999 -9999 -9999 -9999 -9999 -9999 -9999 -9999 -9999 -9999 3.54989E-1 6.2792E-1 5.69797E-1 5.87975E-1 2.84049E-1 2.39684E-1 1.94845E-1 1.5551E-1 1.10967E-1 7.86297E-2 1.58204E-1 1.37579E-1 1.0912E-1 5.1949E-2 1.31271E-1 2.35115E-1 2.53972E-1 1.83735E-1 2.16945E-1 1.31818E-1 7.17465E-2 5.55593E-2 5.7199E-2 5.76508E-2 1.74065E-1 1.42247E-1 1.73363E-1 1.32048E-1 1.4597E-1 5.02136E-2 4.80219E-2 2.5073E-2 1.59871E-2 2.75759E-2 8.17973E-2 6.49548E-2 3.30064E-2 2.29396E-2 2.75441E-2 2.45329E-2 1.364E-2 1.51741E-2 2.56795E-2 2.34163E-2 1.55152E-2 7.38047E-3 7.02246E-3 9.60254E-3 8.82304E-3
-9999 -9999 -9999 -9999 -9999 -9999 -9999 -9999 -9999 -9999 3.47953E-1 7.48663E-1 7.64192E-1 3.54109E-1 2.26733E-1 2.58739E-1 2.23715E-1 2.29654E-1 1.22281E-1 1.06457E-1 2.07089E-1 2.35311E-1 1.14828E-1 1.46737E-1 2.60647E-1 1.41444E-1 1.08924E-1 1.33577E-1 1.3505E-1 1.11586E-1 1.04464E-1 9.37132E-2 6.33382E-2 9.08259E-2 1.79629E-1 1.52836E-1 1.70906E-1 1.6562E-1 1.98041E-1 1.11021E-1 7.95803E-2 5.28081E-2 4.13604E-2 7.956E-2 1.0607E-1 1.00589E-1 5.9144E-2 3.41497E-2 3.9491E-2 5.2413E-2 7.98915E-2 8.26858E-2 1.01323E-1 2.30048E-2 1.46587E-2 4.75102E-3 6.58159E-3 8.49992E-3 8.06887E-3
-9999 -9999 -9999 -9999 -9999 -9999 -9999 -9999 -9999 -9999 3.16596E-1 6.45067E-1 7.085E-1 4.57621E-1 2.19634E-1 2.99171E-1 1.99021E-1 2.72122E-1 2.44115E-1 1.37709E-1 2.31222E-1 2.93789E-1 2.33356E-1 2.90277E-1 1.13955E-1 1.02774E-1 5.5258E-2 7.28257E-2 1.01102E-1 1.17444E-1 1.27276E-1 7.74234E-2 4.46999E-2 1.07336E-1 1.94505E-1 1.67564E-1 1.81545E-1 2.78474E-1 2.65405E-1 2.75139E-1 2.40666E-1 1.02064E-1 4.55616E-2 5.09239E-2 8.35158E-2 8.78991E-2 1.0387E-1 7.98109E-2 6.0169E-2 6.59605E-2 1.84542E-1 1.37091E-1 1.33353E-1 4.4008E-2 2.99739E-2 1.6537E-2 3.29615E-2 1.8565E-2 1.03126E-2
-9999 -9999 -9999 -9999 -9999 -9999 -9999 -9999 -9999 -9999 3.65611E-1 4.94077E-1 7.14528E-1 6.46123E-1 2.55513E-1 2.44327E-1 2.00419E-1 4.66146E-1 5.00615E-1 2.30077E-1 1.83758E-1 2.35014E-1 3.13243E-1 3.60359E-1 1.55833E-1 8.33575E-2 3.5741E-2 2.77108E-2 5.54366E-2 1.01816E-1 8.30254E-2 5.34906E-2 8.19981E-2 1.95E-1 2.0718E-1 1.80835E-1 2.43423E-1 2.63473E-1 2.35346E-1 2.84008E-1 3.26436E-1 2.22514E-1 1.21338E-1 6.09212E-2 6.74727E-2 1.26204E-1 1.1736E-1 8.92205E-2 6.70597E-2 9.02284E-2 2.02463E-1 2.11904E-1 1.37817E-1 5.61789E-2 4.16722E-2 9.44423E-2 8.11343E-2 2.70544E-2 9.84535E-3
-9999 -9999 -9999 -9999 -9999 -9999 -9999 -9999 -9999 8.13492E-1 6.03017E-1 7.50713E-1 6.90305E-1 5.30145E-1 4.68445E-1 3.01966E-1 3.18964E-1 6.27787E-1 4.96925E-1 1.84384E-1 1.61638E-1 1.46585E-1 4.30064E-1 3.04302E-1 2.14915E-1 7.80513E-2 3.38457E-2 3.07689E-2 3.93792E-2 5.9218E-2 6.43713E-2 7.81974E-2 1.65461E-1 2.66886E-1 2.72793E-1 2.69494E-1 2.14507E-1 2.14546E-1 2.33962E-1 2.90706E-1 4.55095E-1 3.40462E-1 2.20181E-1 1.28488E-1 1.5903E-1 2.31356E-1 1.30789E-1 1.04781E-1 7.27278E-2 4.92511E-2 8.46667E-2 2.29118E-1 1.6107E-1 7.3651E-2 3.93785E-2 1.00941E-1 9.60942E-2 2.47729E-2 8.17347E-3
-9999 -9999 -9999 -9999 -9999 -9999 -9999 -9999 9.69866E-1 7.00203E-1 7.38551E-1 9.58335E-1 5.82063E-1 5.55503E-1 4.53148E-1 1.8922E-1 3.58681E-1 6.95047E-1 5.61719E-1 1.98897E-1 1.37947E-1 3.24446E-1 3.04449E-1 1.64919E-1 9.87232E-2 6.72755E-2 4.84176E-2 4.91273E-2 3.96443E-2 3.25777E-2 3.19299E-2 8.5276E-2 1.98954E-1 3.52839E-1 2.51709E-1 1.92206E-1 1.74452E-1 1.72785E-1 2.13619E-1 3.1964E-1 4.89147E-1 5.24099E-1 5.00703E-1 4.00929E-1 3.00317E-1 1.79451E-1 1.3517E-1 1.15356E-1 8.03127E-2 5.24452E-2 5.74975E-2 1.71695E-1 2.77191E-1 1.68509E-1 1.33694E-1 1.96398E-1 1.39311E-1 2.549E-2 8.00804E-3
-9999 -9999 -9999 -9999 -9999 -9999 -9999 -9999 8.43896E-1 6.38954E-1 8.55664E-1 9.71227E-1 7.20073E-1 6.57176E-1 2.9092E-1 1.59393E-1 2.70752E-1 5.03291E-1 3.58355E-1 8.54517E-2 4.03496E-1 6.02525E-1 3.50632E-1 1.45918E-1 1.37146E-1 1.04146E-1 8.26271E-2 6.65957E-2 4.39062E-2 4.14512E-2 3.94336E-2 9.37245E-2 2.60088E-1 3.05583E-1 1.74519E-1 1.69011E-1 2.12982E-1 2.36545E-1 2.26205E-1 3.39837E-1 4.20279E-1 5.17298E-1 6.12911E-1 7.31899E-1 5.91587E-1 2.8072E-1 1.71775E-1 1.35435E-1 1.02778E-1 7.80421E-2 6.7585E-2 1.20689E-1 2.53444E-1 2.52022E-1 2.32823E-1 1.91607E-1 1.49961E-1 1.78808E-2 7.99289E-3
-9999 -9999 -9999 -9999 -9999 -9999 -9999 -9999 7.39352E-1 8.65372E-1 9.95007E-1 9.3145E-1 8.65843E-1 7.80242E-1 3.46022E-1 1.68302E-1 3.08929E-1 7.6622E-1 3.96344E-1 2.94592E-1 5.77E-1 6.39906E-1 3.94695E-1 2.31202E-1 4.41332E-1 5.54289E-1 5.33487E-1 3.47809E-1 1.45607E-1 1.06325E-1 1.24954E-1 1.17317E-1 1.37619E-1 2.78477E-1 2.26789E-1 2.2144E-1 2.66884E-1 3.04174E-1 2.12845E-1 2.63143E-1 4.25063E-1 5.48518E-1 6.12088E-1 6.54598E-1 6.72421E-1 6.39182E-1 4.26547E-1 1.99737E-1 1.11993E-1 7.59541E-2 8.9275E-2 5.63663E-2 1.71476E-1 2.20728E-1 2.21527E-1 2.01454E-1 1.51761E-1 2.08612E-2 6.50307E-3
-9999 -9999 -9999 -9999 -9999 -9999 -9999 4.20398E-1 9.36154E-1 9.90643E-1 9.88178E-1 9.15262E-1 8.52461E-1 6.6212E-1 5.88619E-1 4.0231E-1 2.92289E-1 2.38672E-1 4.56232E-1 4.79333E-1 6.05626E-1 7.19103E-1 4.27398E-1 5.36865E-1 7.68267E-1 7.01811E-1 6.1241E-1 2.14187E-1 1.2937E-1 1.0818E-1 1.334E-1 1.28954E-1 6.61358E-2 1.28935E-1 2.18288E-1 2.84662E-1 3.40397E-1 2.04931E-1 1.88975E-1 2.39245E-1 2.70642E-1 4.36673E-1 6.02647E-1 5.4428E-1 6.35877E-1 6.16004E-1 6.39011E-1 4.29319E-1 1.19261E-1 9.54814E-2 1.08686E-1 9.2869E-2 1.39052E-1 1.70256E-1 2.29435E-1 2.21726E-1 1.08686E-1 2.36661E-2 1.4366E-2
-9999 -9999 -9999 -9999 -9999 -9999 2.62745E-1 3.89032E-1 9.07244E-1 9.92224E-1 9.39014E-1 8.93446E-1 8.40807E-1 4.89105E-1 3.92666E-1 2.65252E-1 1.74578E-1 2.64973E-1 6.59583E-1 5.35609E-1 6.57561E-1 8.12906E-1 4.34664E-1 4.15684E-1 6.68885E-1 6.96655E-1 2.37141E-1 1.19912E-1 8.826E-2 6.39282E-2 5.27361E-2 4.38847E-2 4.23677E-2 1.00495E-1 1.63728E-1 2.87564E-1 3.74934E-1 2.37439E-1 1.60202E-1 1.8714E-1 1.92402E-1 2.33651E-1 3.4162E-1 5.95885E-1 7.53993E-1 6.62449E-1 6.21186E-1 5.14532E-1 1.81526E-1 1.19758E-1 1.36355E-1 1.47307E-1 1.35578E-1 2.20991E-1 2.47173E-1 2.38698E-1 1.91948E-1 9.20308E-2 6.43079E-2
-9999 -9999 -9999 -9999 -9999 -9999 -9999 3.99155E-1 2.94154E-1 5.89473E-1 6.9427E-1 7.06326E-1 4.47918E-1 4.71381E-1 3.26503E-1 1.82096E-1 1.95951E-1 4.22571E-1 7.19301E-1 6.04281E-1 6.90932E-1 6.07896E-1 3.67587E-1 3.74137E-1 5.20461E-1 3.28984E-1 2.11406E-1 1.33908E-1 1.15641E-1 6.4522E-2 3.65215E-2 2.67423E-2 3.15607E-2 1.17807E-1 1.36073E-1 2.06058E-1 3.24947E-1 2.1679E-1 2.52325E-1 4.87817E-1 4.59947E-1 2.30211E-1 2.57741E-1 5.89609E-1 7.10666E-1 5.91308E-1 6.11015E-1 5.11668E-1 1.55589E-1 1.22415E-1 8.67864E-2 7.53251E-2 6.81923E-2 3.75074E-1 2.69465E-1 2.63592E-1 2.14018E-1 8.81017E-2 3.31855E-2
-9999 -9999 -9999 -9999 -9999 -9999 -9999 -9999 3.78144E-1 4.1884E-1 4.40141E-1 2.5796E-1 2.14043E-1 3.05774E-1 2.65239E-1 1.38426E-1 1.59464E-1 1.67791E-1 3.33261E-1 3.24734E-1 2.49444E-1 3.04277E-1 4.13358E-1 3.85277E-1 4.22347E-1 7.68495E-1 6.36796E-1 2.62294E-1 2.52461E-1 2.11925E-1 1.0662E-1 3.86104E-2 3.97378E-2 7.15345E-2 1.17989E-1 1.96309E-1 1.92608E-1 2.78551E-1 3.37641E-1 7.12775E-1 8.41449E-1 4.67642E-1 4.93472E-1 4.95097E-1 4.35712E-1 3.59675E-1 1.97156E-1 1.2406E-1 2.80498E-2 3.09511E-2 4.97726E-2 8.68251E-2 1.15433E-1 1.96944E-1 2.27757E-1 3.00703E-1 2.33244E-1 8.55465E-2 8.23853E-2
-9999 -9999 -9999 -9999 -9999 -9999 -9999 -9999 1.93012E-1 2.91102E-1 4.27149E-1 2.31888E-1 1.68028E-1 1.98704E-1 1.68296E-1 2.32987E-1 3.88835E-1 3.02482E-1 3.47484E-1 2.97223E-1 2.26996E-1 2.64498E-1 1.5055E-1 1.68141E-1 3.01628E-1 8.86492E-1 9.17422E-1 5.20399E-1 5.4433E-1 5.43433E-1 1.63598E-1 5.59545E-2 3.39702E-2 3.12581E-2 3.8539E-2 5.49493E-2 5.5328E-2 8.10174E-2 3.36093E-1 8.77182E-1 7.70168E-1 4.09068E-1 4.82578E-1 3.51392E-1 2.82742E-1 1.81408E-1 7.5095E-2 3.87989E-2 1.50994E-2 2.85293E-2 4.20403E-2 7.47622E-2 8.49943E-2 1.08039E-1 1.37098E-1 6.56692E-2 6.95072E-2 1.38158E-1 6.12298E-2
-9999 -9999 -9999 -9999 -9999 -9999 -9999 -9999 -9999 2.22346E-1 2.62117E-1 2.31561E-1 3.36141E-1 1.9065E-1 2.0437E-1 3.1692E-1 4.36973E-1 3.11675E-1 2.59853E-1 2.81066E-1 1.77753E-1 1.53084E-1 3.86611E-1 2.36626E-1 2.56874E-1 9.40271E-1 9.61506E-1 9.56289E-1 5.98005E-1 5.11378E-1 2.02906E-1 6.69456E-2 3.50895E-2 3.63669E-2 5.16998E-2 9.67351E-2 1.37944E-1 1.87993E-1 4.96801E-1 8.02797E-1 2.70612E-1 2.28481E-1 3.29178E-1 2.6688E-1 1.96599E-1 6.98944E-2 4.64886E-2 9.05859E-3 1.8242E-2 4.04164E-2 4.02451E-2 3.23834E-2 2.71434E-2 2.98331E-2 4.11649E-2 3.26351E-2 5.13614E-2 8.32933E-2 2.32848E-2
-9999 -9999 -9999 -9999 -9999 -9999 -9999 -9999 -9999 -9999 1.96695E-1 3.14459E-1 2.85873E-1 2.77478E-1 2.1558E-1 2.52047E-1 3.35287E-1 2.50362E-1 2.62231E-1 2.7613E-1 2.40893E-1 1.99526E-1 2.79738E-1 1.93305E-1 3.29871E-1 8.94788E-1 9.5909E-1 9.36137E-1 6.19005E-1 6.30405E-1 3.06724E-1 9.77769E-2 4.66248E-2 5.3231E-2 7.95171E-2 1.47026E-1 1.63563E-1 3.17211E-1 3.93625E-1 4.38628E-1 2.29958E-1 2.89404E-1 2.20863E-1 1.19648E-1 8.27703E-2 4.46714E-2 1.51722E-2 9.86725E-3 3.38114E-2 1.62795E-2 2.19098E-2 2.37288E-2 3.88993E-2 4.86455E-2 7.05334E-2 5.59901E-2 4.98072E-2 4.82755E-2 3.65666E-2
-9999 -9999 -9999 -9999 -9999 -9999 -9999 -9999 -9999 -9999 -9999 -9999 3.5208E-1 3.15744E-1 2.56849E-1 1.90417E-1 3.11885E-1 3.87373E-1 3.8567E-1 3.18506E-1 3.46089E-1 2.79379E-1 2.61616E-1 2.0404E-1 1.79346E-1 4.85554E-1 6.83216E-1 4.05797E-1 4.03446E-1 5.53132E-1 3.20272E-1 1.13355E-1 6.65246E-2 8.20181E-2 1.04797E-1 3.18214E-1 4.04611E-1 3.88023E-1 5.18709E-1 2.70774E-1 2.07346E-1 2.52103E-1 2.12063E-1 6.72078E-2 3.0904E-2 1.12303E-2 1.00836E-2 5.34645E-2 2.95654E-2 2.38245E-2 3.26988E-2 4.85141E-2 8.75534E-2 6.94558E-2 8.75867E-2 1.0491E-1 4.02441E-2 4.10794E-2 5.65451E-2
-9999 -9999 -9999 -9999 -9999 -9999 -9999 -9999 -9999 -9999 -9999 -9999 6.41774E-1 2.11465E-1 2.18698E-1 1.58129E-1 2.35907E-1 3.05783E-1 4.37995E-1 5.77851E-1 6.56293E-1 4.46643E-1 3.46141E-1 2.88955E-1 2.32254E-1 2.07568E-1 4.37062E-1 1.8152E-1 2.90702E-1 3.15421E-1 2.28779E-1 9.36859E-2 8.31552E-2 1.19273E-1 1.05291E-1 5.51781E-1 6.18283E-1 4.92119E-1 4.57522E-1 3.18221E-1 2.07036E-1 1.86614E-1 1.21826E-1 3.07415E-2 8.64343E-3 9.02714E-3 4.6682E-2 4.78275E-2 3.72787E-2 3.72498E-2 4.75687E-2 5.43835E-2 1.01312E-1 8.90252E-2 1.03379E-1 3.53129E-2 2.57133E-2 4.21553E-2 5.59083E-2
-9999 -9999 -9999 -9999 -9999 -9999 -9999 -9999 -9999 -9999 -9999 -9999 -9999 2.41322E-1 1.90712E-1 1.52032E-1 1.3231E-1 1.99589E-1 3.68519E-1 4.93144E-1 6.95135E-1 5.13441E-1 5.38206E-1 4.0994E-1 3.63661E-1 3.07982E-1 4.93701E-1 1.23429E-1 2.73885E-1 2.13406E-1 1.23042E-1 9.75597E-2 6.97935E-2 6.74476E-2 1.34766E-1 5.40677E-1 5.03031E-1 7.0229E-1 5.52644E-1 2.49657E-1 1.52421E-1 2.11864E-1 6.28169E-2 4.31682E-3 8.52475E-3 5.70854E-2 7.87371E-2 5.89149E-2 5.65684E-2 4.69001E-2 5.09802E-2 4.95286E-2 6.68394E-2 7.58946E-2 5.28375E-2 3.11252E-2 4.09889E-2 4.75082E-2 4.99411E-2
-9999 -9999 -9999 -9999 -9999 -9999 -9999 -9999 -9999 -9999 -9999 -9999 -9999 8.45006E-2 1.34684E-1 1.5011E-1 1.63889E-1 3.96681E-1 5.87543E-1 3.99924E-1 5.23934E-1 5.51903E-1 5.01082E-1 7.41512E-1 9.47165E-1 8.85241E-1 5.55293E-1 1.99902E-1 2.0382E-1 8.73794E-2 8.07508E-2 6.50402E-2 5.31513E-2 7.4337E-2 2.08828E-1 5.24543E-1 3.80178E-1 5.15481E-1 4.78472E-1 1.90029E-1 7.44611E-2 9.03666E-2 1.48241E-2 1.15675E-2 7.56399E-2 1.20119E-1 1.4392E-1 1.08435E-1 1.34911E-1 8.88703E-2 1.2915E-1 1.00936E-1 5.74764E-2 4.89884E-2 3.75093E-2 4.6065E-2 5.78286E-2 5.06542E-2 4.88143E-2
-9999 -9999 -9999 -9999 -9999 -9999 -9999 -9999 -9999 -9999 -9999 -9999 -9999 -9999 1.57191E-1 1.66356E-1 2.96644E-1 4.92959E-1 4.57148E-1 3.68284E-1 3.80018E-1 3.5107E-1 8.32819E-1 9.73908E-1 8.78192E-1 7.34584E-1 2.32517E-1 1.82676E-1 1.77955E-1 7.75747E-2 9.70058E-2 9.62299E-2 6.25076E-2 6.77901E-2 1.27728E-1 3.03858E-1 2.01869E-1 2.92857E-1 2.52727E-1 1.42668E-1 8.03929E-2 6.13634E-2 7.31774E-2 7.79717E-2 7.40416E-2 9.14355E-2 1.23871E-1 1.27863E-1 1.32852E-1 6.81875E-2 1.59721E-1 1.00478E-1 9.29024E-2 9.10797E-2 6.02551E-2 6.94433E-2 7.04434E-2 5.53894E-2 5.33145E-2
-9999 -9999 -9999 -9999 -9999 -9999 -9999 -9999 -9999 -9999 -9999 -9999 -9999 -9999 2.20802E-1 2.0812E-1 3.44726E-1 2.7913E-1 2.24284E-1 2.8643E-1 3.43505E-1 9.57136E-1 9.3158E-1 8.31289E-1 7.31918E-1 4.01258E-1 2.73319E-1 1.90473E-1 1.67718E-1 1.54514E-1 1.2557E-1 1.46697E-1 1.30341E-1 1.19803E-1 1.28838E-1 1.65976E-1 1.57585E-1 2.60039E-1 2.38345E-1 1.07886E-1 9.56384E-2 1.07043E-1 1.32649E-1 9.79465E-2 9.32537E-2 8.40069E-2 1.0935E-1 9.05488E-2 9.13E-2 8.9581E-2 9.32733E-2 6.14581E-2 8.31364E-2 1.11157E-1 8.83595E-2 6.58611E-2 5.43041E-2 6.39024E-2 6.75155E-2
-9999 -9999 -9999 -9999 -9999 -9999 -9999 -9999 -9999 -9999 -9999 -9999 -9999 -9999 1.31117E-1 1.5971E-1 2.07855E-1 1.85342E-1 1.70603E-1 2.46079E-1 8.24584E-1 8.94564E-1 8.83101E-1 8.40644E-1 8.51773E-1 6.28696E-1 1.26361E-1 1.27181E-1 1.3885E-1 1.5599E-1 1.25873E-1 1.38659E-1 1.59177E-1 1.46364E-1 9.67998E-2 1.20974E-1 1.27349E-1 1.11166E-1 1.13437E-1 1.11542E-1 1.15391E-1 1.17621E-1 1.06534E-1 7.92791E-2 9.98163E-2 1.36097E-1 1.97116E-1 9.80375E-2 7.53132E-2 7.89439E-2 6.47138E-2 7.79146E-2 1.1518E-1 1.63288E-1 1.12146E-1 5.65084E-2 3.16793E-2 4.83236E-2 6.70182E-2
-9999 -9999 -9999 -9999 -9999 -9999 -9999 -9999 -9999 -9999 -9999 -9999 -9999 2.17517E-1 1.83855E-1 1.87802E-1 1.29946E-1 1.47662E-1 2.24381E-1 5.46843E-1 7.00066E-1 8.12072E-1 9.50539E-1 8.16509E-1 8.24043E-1 7.34228E-1 1.80294E-1 1.06318E-1 1.1999E-1 1.15569E-1 1.01624E-1 1.25666E-1 1.34352E-1 1.21782E-1 7.74064E-2 1.25692E-1 8.60179E-2 5.69931E-2 1.12549E-1 1.02183E-1 1.27096E-1 1.48743E-1 1.6254E-1 1.08152E-1 1.15725E-1 1.65363E-1 2.08123E-1 1.45765E-1 8.10301E-2 7.50802E-2 9.78996E-2 1.60698E-1 1.87476E-1 1.43166E-1 1.19049E-1 8.25779E-2 6.96468E-2 7.50732E-2 4.46896E-2
-9999 -9999 -9999 -9999 -9999 -9999 -9999 -9999 -9999 -9999 -9999 -9999 2.03763E-1 3.70658E-1 1.7051E-1 1.45875E-1 8.77763E-2 1.19582E-1 1.26759E-1 1.3562E-1 5.42728E-1 8.86588E-1 5.80944E-1 7.1223E-1 3.42258E-1 5.35501E-1 4.89159E-1 1.75993E-1 8.25742E-2 9.13718E-2 9.44547E-2 1.16736E-1 1.15842E-1 6.82283E-2 7.76513E-2 1.02351E-1 8.0148E-2 6.5259E-2 1.36289E-1 7.11971E-2 6.696E-2 1.3451E-1 1.7228E-1 1.27672E-1 1.44253E-1 1.85408E-1 1.4212E-1 1.09862E-1 9.51821E-2 8.0489E-2 1.18129E-1 2.36544E-1 2.01063E-1 1.30203E-1 9.17019E-2 7.76432E-2 7.47731E-2 9.46107E-2 4.48808E-2
