Phytophthora/models/20240529_1714_25/Phytophthora_PA3_RUN7_MAXENT_outputs/projMaxent.asc
ncols         225
nrows         269
xllcorner     473009.9838
yllcorner     4429051.1748
cellsize      50.0
NODATA_value  -9999
[rows 156 to 181 of 269, columns 118 to 176 of 225]
7.34975E-1 7.3647E-1 6.6315E-1 6.85216E-1 6.30153E-1 4.14937E-1 2.28794E-1 1.98837E-1 1.79453E-1 1.49228E-1 3.30483E-1 5.21601E-1 3.9347E-1 2.50768E-1 3.60917E-1 4.08817E-1 3.96948E-1 3.81279E-1 3.36631E-1 2.27468E-1 1.81249E-1 2.5581E-1 4.52265E-1 8.50939E-1 5.7894E-1 2.99305E-1 2.1367E-1 1.83635E-1 2.59573E-1 1.96873E-1 9.02717E-2 1.8329E-1 1.4668E-1 2.0825E-1 4.06984E-1 5.30227E-1 7.52051E-1 8.04371E-1 7.41706E-1 5.94624E-1 2.68959E-1 1.24291E-1 1.56387E-1 2.33519E-1 2.16516E-1 2.36633E-1 2.34718E-1 1.52403E-1 6.21467E-2 1.11487E-1 1.82603E-1 2.67121E-1 3.24146E-1 3.45679E-1 3.91641E-1 3.4353E-1 7.58797E-1 2.26624E-1 2.13379E-1
5.37207E-1 5.58852E-1 6.53662E-1 5.70893E-1 6.96608E-1 4.62719E-1 3.81632E-1 1.03574E-1 2.34715E-1 1.84996E-1 4.10155E-1 6.14368E-1 2.41421E-1 2.86502E-1 2.53982E-1 2.79818E-1 2.84852E-1 3.56066E-1 3.83183E-1 3.18855E-1 3.33016E-1 2.07108E-1 3.05444E-1 8.56586E-1 5.38996E-1 2.96958E-1 2.32432E-1 2.43709E-1 3.58706E-1 2.17733E-1 1.04013E-1 1.61969E-1 1.38915E-1 2.17748E-1 4.84089E-1 6.25424E-1 4.75285E-1 3.09393E-1 2.69069E-1 3.83683E-1 1.96213E-1 1.55772E-1 2.41463E-1 2.89717E-1 2.65999E-1 3.90898E-1 4.16527E-1 2.44287E-1 6.7245E-2 1.26304E-1 2.40956E-1 3.48339E-1 3.59987E-1 3.24948E-1 3.73699E-1 2.84844E-1 7.02053E-1 3.16402E-1 1.57581E-1
3.52986E-1 4.69459E-1 4.98486E-1 5.9985E-1 6.83935E-1 4.5925E-1 2.43714E-1 8.95616E-2 1.20878E-1 2.40947E-1 2.62658E-1 3.02671E-1 1.64614E-1 2.10723E-1 2.47869E-1 2.20651E-1 2.15931E-1 2.77306E-1 3.22089E-1 3.60463E-1 3.60352E-1 3.00839E-1 5.4292E-1 6.23538E-1 6.86034E-1 4.97037E-1 4.7658E-1 4.59212E-1 5.07737E-1 3.74966E-1 1.18751E-1 1.40704E-1 1.48353E-1 2.02369E-1 3.48271E-1 3.59787E-1 2.59982E-1 2.72969E-1 1.28632E-1 1.98017E-1 1.48974E-1 9.7588E-2 2.02289E-1 2.62692E-1 3.00606E-1 3.62155E-1 4.2792E-1 3.0317E-1 7.73187E-2 1.09973E-1 2.2832E-1 3.97035E-1 4.74549E-1 3.75962E-1 3.11089E-1 2.89424E-1 4.98255E-1 3.16861E-1 6.69281E-2
1.70219E-1 2.44979E-1 4.7429E-1 6.71632E-1 4.24888E-1 2.79723E-1 1.71883E-1 9.54724E-2 1.68544E-1 2.37414E-1 2.71053E-1 2.05625E-1 2.46753E-1 2.45638E-1 2.02715E-1 1.62268E-1 1.33804E-1 3.78595E-1 6.35417E-1 4.24424E-1 4.25798E-1 5.46864E-1 6.47612E-1 6.4096E-1 8.08889E-1 8.35564E-1 6.10297E-1 4.996E-1 5.5995E-1 3.87092E-1 1.20948E-1 1.14589E-1 1.14413E-1 1.70463E-1 2.08013E-1 1.49504E-1 1.77484E-1 1.7574E-1 1.55756E-1 1.43564E-1 1.65407E-1 9.4229E-2 1.47543E-1 2.56317E-1 2.2354E-1 3.2244E-1 5.01867E-1 2.87966E-1 1.08898E-1 2.08885E-1 3.75775E-1 5.00105E-1 3.77315E-1 4.48546E-1 5.45419E-1 3.71408E-1 3.73142E-1 2.34248E-1 6.45405E-2
7.80463E-2 1.08363E-1 2.97047E-1 1.93468E-1 1.26685E-1 1.65372E-1 1.41627E-1 1.38865E-1 1.46362E-1 1.89051E-1 3.49148E-1 1.72503E-1 2.53154E-1 2.4726E-1 1.7411E-1 2.01069E-1 1.74674E-1 2.95651E-1 6.65991E-1 4.95181E-1 4.08676E-1 7.08666E-1 7.14075E-1 5.03933E-1 3.47687E-1 2.00093E-1 1.3478E-1 1.11287E-1 2.51112E-1 3.16998E-1 9.61442E-2 9.39829E-2 8.78637E-2 1.17685E-1 1.37587E-1 7.59773E-2 9.85414E-2 1.99745E-1 2.22295E-1 1.37744E-1 1.87546E-1 1.54365E-1 1.50883E-1 2.31689E-1 2.26668E-1 3.26575E-1 5.31551E-1 3.87719E-1 9.16864E-2 1.21036E-1 2.23241E-1 4.30058E-1 4.88201E-1 6.00257E-1 8.12488E-1 4.86738E-1 1.48583E-1 9.53345E-2 5.14081E-2
6.97211E-2 1.3876E-1 1.21064E-1 1.08449E-1 1.1263E-1 1.93006E-1 1.93886E-1 8.97637E-2 9.20734E-2 1.26059E-1 1.97258E-1 1.88153E-1 2.68034E-1 2.63527E-1 2.33824E-1 3.55375E-1 3.91586E-1 4.41659E-1 6.69104E-1 5.66701E-1 5.93735E-1 5.77038E-1 3.08861E-1 1.63582E-1 1.82293E-1 7.07664E-2 5.61748E-2 6.52641E-2 9.17122E-2 2.95073E-1 1.4456E-1 8.78299E-2 8.43429E-2 1.26963E-1 8.40776E-2 5.57218E-2 1.68521E-1 2.1461E-1 2.39705E-1 2.08723E-1 1.87888E-1 2.97994E-1 3.17901E-1 3.43525E-1 4.60298E-1 5.79255E-1 6.92054E-1 6.26566E-1 2.81218E-1 2.89039E-1 3.73353E-1 3.27994E-1 5.39686E-1 3.93513E-1 4.78356E-1 2.33272E-1 1.50071E-1 6.18801E-2 9.39308E-2
9.63201E-2 1.88663E-1 1.10917E-1 1.24141E-1 1.71847E-1 1.7447E-1 1.70616E-1 1.51447E-1 1.3016E-1 1.23822E-1 1.08544E-1 2.05985E-1 3.39139E-1 3.83173E-1 3.61507E-1 4.08459E-1 3.46412E-1 3.40743E-1 4.38056E-1 4.07108E-1 4.07436E-1 2.08257E-1 1.42578E-1 7.30676E-2 8.60691E-2 8.73961E-2 7.12536E-2 1.30744E-1 1.25472E-1 1.10448E-1 5.40639E-2 7.29804E-2 8.54596E-2 7.77966E-2 7.45467E-2 9.99389E-2 1.04034E-1 9.95202E-2 1.19085E-1 1.26474E-1 1.22041E-1 2.10067E-1 2.86979E-1 4.18309E-1 5.06349E-1 6.9461E-1 8.04135E-1 6.89713E-1 2.27004E-1 2.23388E-1 1.96989E-1 1.46531E-1 1.74461E-1 2.62274E-1 2.68824E-1 2.11122E-1 1.22671E-1 1.30734E-1 2.1205E-1
8.66443E-2 2.38122E-1 6.29191E-2 7.98449E-2 9.79746E-2 1.56379E-1 1.49704E-1 1.82934E-1 1.21979E-1 1.01324E-1 8.74889E-2 2.00214E-1 2.82013E-1 5.29667E-1 5.04193E-1 4.33859E-1 3.08136E-1 2.39254E-1 2.74725E-1 2.68721E-1 4.84369E-1 5.57042E-1 1.56588E-1 1.5207E-1 3.28047E-1 1.27402E-1 3.76839E-1 5.05468E-1 2.35488E-1 6.80932E-2 5.73549E-2 3.17859E-2 6.40615E-2 6.66326E-2 9.50654E-2 1.13398E-1 7.63404E-2 1.06827E-1 1.14384E-1 1.16773E-1 1.73088E-1 3.04428E-1 2.08948E-1 1.50585E-1 2.94909E-1 3.63968E-1 4.34033E-1 3.87917E-1 3.35047E-1 3.82807E-1 5.33452E-1 3.51349E-1 2.06607E-1 3.75091E-1 5.14335E-1 3.85807E-1 2.96079E-1 3.27496E-1 5.19669E-1
1.02539E-1 1.58007E-1 1.18073E-1 8.88192E-2 7.1228E-2 1.34553E-1 1.57478E-1 1.63062E-1 1.30287E-1 8.0322E-2 9.70935E-2 2.32496E-1 2.15324E-1 3.75308E-1 4.43048E-1 2.60347E-1 1.5203E-1 1.45277E-1 1.26697E-1 1.48404E-1 1.88872E-1 6.92309E-1 7.60922E-1 4.93413E-1 5.20076E-1 4.32133E-1 6.41202E-1 5.40966E-1 2.16335E-1 1.15035E-1 1.03792E-1 6.96716E-2 9.72492E-2 8.72407E-2 6.93616E-2 1.05721E-1 1.62284E-1 1.82352E-1 2.50653E-1 3.39149E-1 3.70799E-1 4.13296E-1 4.47223E-1 2.23427E-1 2.69973E-1 2.83297E-1 5.05678E-1 5.95844E-1 8.09253E-1 7.89125E-1 6.64264E-1 3.86982E-1 3.33134E-1 3.84329E-1 5.32265E-1 5.07519E-1 6.42243E-1 7.07476E-1 8.01651E-1
1.96142E-1 1.01612E-1 1.1234E-1 1.2869E-1 4.67601E-2 8.50163E-2 1.17787E-1 1.4531E-1 2.07476E-1 1.53599E-1 1.88916E-1 3.76436E-1 3.15661E-1 5.46755E-1 4.08518E-1 1.69071E-1 1.50261E-1 2.16698E-1 1.3457E-1 1.86726E-1 3.19426E-1 6.70472E-1 9.0459E-1 6.1275E-1 5.5515E-1 6.99182E-1 7.81148E-1 5.2862E-1 3.05061E-1 1.91132E-1 1.01069E-1 7.21081E-2 1.73241E-1 2.24246E-1 1.28042E-1 1.68417E-1 1.55798E-1 1.57375E-1 2.50987E-1 3.0669E-1 5.59274E-1 5.53067E-1 5.05867E-1 3.40217E-1 2.40933E-1 2.16841E-1 5.1416E-1 5.69992E-1 7.92168E-1 8.68668E-1 5.36171E-1 3.49943E-1 2.77031E-1 2.66516E-1 3.98089E-1 6.40835E-1 8.10525E-1 8.47172E-1 8.26331E-1
4.71375E-2 2.66953E-2 5.89494E-2 1.35364E-1 7.98186E-2 8.07575E-2 5.86528E-2 9.90745E-2 1.19585E-1 1.36782E-1 1.90463E-1 2.9405E-1 3.51283E-1 6.09569E-1 4.30654E-1 2.1185E-1 1.12732E-1 1.46671E-1 2.49435E-1 3.94443E-1 7.93882E-1 9.06858E-1 8.93828E-1 8.70941E-1 8.10147E-1 8.1071E-1 9.20675E-1 8.27426E-1 5.66265E-1 4.40399E-1 1.98487E-1 2.59806E-1 2.48226E-1 1.10374E-1 1.23745E-1 1.41418E-1 1.78543E-1 2.2642E-1 3.49329E-1 5.06545E-1 4.42773E-1 5.80079E-1 6.03623E-1 3.9968E-1 3.21774E-1 2.66519E-1 3.53522E-1 3.84288E-1 5.37825E-1 5.4294E-1 3.86102E-1 5.19827E-1 5.69581E-1 3.65463E-1 4.72373E-1 6.12338E-1 5.76331E-1 5.4528E-1 4.51233E-1
3.02135E-2 3.14279E-2 5.00216E-2 5.85535E-2 9.43503E-2 1.20117E-1 1.41461E-1 1.56589E-1 1.38016E-1 7.09219E-2 1.03293E-1 2.96474E-1 3.5001E-1 5.36739E-1 3.94236E-1 2.69653E-1 5.78838E-1 6.64223E-1 6.38597E-1 6.75805E-1 5.79727E-1 5.16562E-1 5.36793E-1 5.09123E-1 4.54793E-1 6.52857E-1 8.9686E-1 9.3838E-1 8.16369E-1 7.67417E-1 7.07176E-1 6.35425E-1 5.08408E-1 1.39595E-1 8.03578E-2 1.83618E-1 7.06256E-1 8.12432E-1 7.55897E-1 7.63945E-1 7.26787E-1 8.02712E-1 5.95381E-1 4.23176E-1 3.06378E-1 2.98303E-1 3.48112E-1 3.65958E-1 3.88097E-1 2.90279E-1 4.71476E-1 6.75502E-1 7.38912E-1 5.23664E-1 4.94458E-1 6.3116E-1 4.57654E-1 3.27138E-1 3.52895E-1
2.34497E-2 5.25136E-2 7.34394E-2 5.38356E-2 7.62162E-2 2.07479E-1 2.50071E-1 2.96941E-1 1.46914E-1 6.97554E-2 8.10318E-2 2.25651E-1 4.40424E-1 5.01845E-1 7.79597E-1 6.45944E-1 7.35581E-1 5.5006E-1 2.71752E-1 2.89845E-1 3.63497E-1 3.39673E-1 2.4222E-1 3.32244E-1 2.73819E-1 3.1978E-1 7.98745E-1 7.32798E-1 7.07523E-1 6.87304E-1 5.26906E-1 5.7906E-1 5.70561E-1 1.51447E-1 9.41643E-2 1.54246E-1 6.27402E-1 8.72273E-1 6.9273E-1 4.3705E-1 6.89863E-1 9.42242E-1 6.98339E-1 3.91319E-1 3.70046E-1 3.3034E-1 3.55414E-1 3.40017E-1 4.0759E-1 4.60867E-1 5.28574E-1 5.53958E-1 7.27738E-1 5.70582E-1 5.81108E-1 6.25181E-1 3.25936E-1 2.33254E-1 3.02354E-1
2.78714E-2 3.04898E-2 4.40132E-2 5.69397E-2 7.28357E-2 1.0763E-1 1.64579E-1 1.6992E-1 1.41613E-1 1.07404E-1 1.26712E-1 2.09359E-1 4.37197E-1 6.62429E-1 6.95065E-1 4.42287E-1 4.72318E-1 2.45044E-1 2.30481E-1 1.97585E-1 2.93573E-1 3.23098E-1 3.24049E-1 4.53983E-1 3.28877E-1 3.73074E-1 7.9248E-1 6.67063E-1 7.99214E-1 7.86972E-1 6.03142E-1 5.23113E-1 2.6834E-1 1.53147E-1 1.09192E-1 2.03234E-1 5.56042E-1 7.46659E-1 5.01767E-1 1.72303E-1 3.9633E-1 7.96951E-1 6.84784E-1 2.29384E-1 2.74014E-1 3.02559E-1 2.96645E-1 3.55642E-1 2.89554E-1 5.26688E-1 7.3446E-1 8.21867E-1 8.03757E-1 6.91787E-1 6.13354E-1 2.05363E-1 1.8207E-1 1.77664E-1 1.90517E-1
7.94669E-2 5.15035E-2 2.94944E-2 4.83696E-2 3.36501E-2 6.26411E-2 4.19366E-2 4.08387E-2 7.49219E-2 1.29973E-1 1.41113E-1 8.41165E-2 1.41697E-1 2.63974E-1 2.32999E-1 2.74166E-1 3.4628E-1 3.17437E-1 3.23605E-1 2.29289E-1 2.91074E-1 2.89297E-1 2.57935E-1 4.51058E-1 5.15482E-1 4.55323E-1 7.9425E-1 8.14266E-1 5.76156E-1 6.63417E-1 7.32643E-1 6.46789E-1 3.50726E-1 2.7803E-1 2.92719E-1 1.95783E-1 3.53064E-1 2.6937E-1 1.28949E-1 1.07056E-1 3.89953E-1 6.94115E-1 4.89557E-1 2.95322E-1 2.91779E-1 2.28356E-1 3.92905E-1 5.31231E-1 5.65584E-1 6.43301E-1 8.58446E-1 9.53003E-1 9.70468E-1 9.12893E-1 5.06848E-1 2.20805E-1 1.53315E-1 1.35598E-1 1.57781E-1
3.34903E-1 1.83459E-1 6.29514E-2 3.53954E-2 3.52273E-2 8.30562E-2 5.85429E-2 2.23989E-2 2.28511E-2 6.80102E-2 2.0445E-1 2.70127E-1 2.05049E-1 1.86987E-1 1.14825E-1 2.21202E-1 3.00074E-1 2.70979E-1 3.4475E-1 3.41439E-1 3.35438E-1 2.73198E-1 2.36172E-1 4.09422E-1 5.4011E-1 5.68345E-1 6.07444E-1 8.85156E-1 8.25385E-1 5.72436E-1 7.46276E-1 7.87517E-1 5.69669E-1 5.03181E-1 5.37153E-1 3.07697E-1 2.56156E-1 2.53837E-1 9.66228E-2 2.69909E-1 6.57216E-1 7.63477E-1 6.93431E-1 2.60956E-1 4.58258E-1 2.98616E-1 4.11933E-1 5.58581E-1 6.33954E-1 5.54989E-1 8.40604E-1 8.99705E-1 9.83472E-1 8.04723E-1 2.83018E-1 1.9705E-1 1.41018E-1 1.76401E-1 2.18573E-1
3.77909E-1 1.75162E-1 1.3365E-1 9.35947E-2 2.29725E-2 5.64464E-2 4.25945E-2 2.11319E-2 1.93662E-2 2.46578E-2 6.22047E-2 1.98738E-1 4.26667E-1 3.9176E-1 1.73618E-1 1.37844E-1 3.09282E-1 2.15346E-1 4.20737E-1 3.64464E-1 3.46926E-1 2.35945E-1 3.09017E-1 3.6436E-1 5.38002E-1 6.29274E-1 3.73005E-1 6.8655E-1 7.9524E-1 7.95782E-1 7.58161E-1 6.97655E-1 6.47644E-1 6.78564E-1 5.45968E-1 3.4861E-1 2.00937E-1 2.59609E-1 1.59352E-1 2.49684E-1 4.35654E-1 6.01924E-1 5.61009E-1 2.5363E-1 3.45228E-1 4.43021E-1 1.5137E-1 2.63364E-1 4.22686E-1 5.06909E-1 6.57335E-1 7.86382E-1 9.00596E-1 7.49104E-1 3.99305E-1 2.61988E-1 1.89092E-1 1.52126E-1 1.66459E-1
2.1426E-1 2.35356E-1 2.266E-1 2.6228E-1 9.13762E-2 3.06906E-2 3.03779E-2 1.70609E-2 1.96136E-2 3.3516E-2 3.08569E-2 5.23334E-2 1.59867E-1 2.23305E-1 2.07535E-1 1.64415E-1 1.56974E-1 2.16008E-1 1.70966E-1 3.15207E-1 2.04809E-1 2.75779E-1 2.43577E-1 3.53997E-1 4.58259E-1 5.85795E-1 2.76257E-1 2.56902E-1 4.1851E-1 4.13967E-1 6.34395E-1 7.95133E-1 7.36398E-1 7.42714E-1 7.63674E-1 6.36575E-1 5.93731E-1 2.8733E-1 1.73715E-1 4.35016E-1 5.03578E-1 5.00509E-1 3.93878E-1 3.24219E-1 3.28835E-1 4.10034E-1 1.27867E-1 2.24592E-1 2.89749E-1 3.55701E-1 6.54861E-1 6.80808E-1 7.73223E-1 6.8418E-1 4.88974E-1 3.24542E-1 2.08409E-1 1.4988E-1 1.60947E-1
3.04781E-1 2.49009E-1 5.04009E-1 3.05915E-1 2.2298E-1 5.1501E-2 3.92886E-2 1.93297E-2 2.3204E-2 5.74722E-2 4.79614E-2 5.46785E-2 8.85407E-2 1.17716E-1 1.72192E-1 1.33097E-1 2.22989E-1 1.89084E-1 2.65917E-1 2.47903E-1 3.59888E-1 1.65124E-1 2.80545E-1 2.08845E-1 3.35921E-1 7.24265E-1 2.51327E-1 2.26359E-1 6.17269E-1 6.38032E-1 6.41133E-1 7.97202E-1 7.67227E-1 7.35914E-1 7.21227E-1 6.41042E-1 7.29423E-1 4.88625E-1 3.22734E-1 7.30207E-1 6.62299E-1 6.5863E-1 3.67868E-1 2.7039E-1 3.06308E-1 2.46343E-1 2.72179E-1 2.25508E-1 2.49841E-1 3.54257E-1 6.58483E-1 5.70413E-1 6.08632E-1 4.04112E-1 4.75192E-1 5.47188E-1 2.13938E-1 1.9339E-1 1.51593E-1
6.14266E-1 4.75721E-1 6.15883E-1 4.34713E-1 2.05104E-1 8.96166E-2 5.25163E-2 3.61472E-2 2.57534E-2 4.44845E-2 4.86886E-2 4.97933E-2 5.09085E-2 5.19208E-2 1.06568E-1 1.2623E-1 2.01522E-1 1.07391E-1 2.95152E-1 2.29378E-1 3.40383E-1 3.22988E-1 2.6133E-1 2.15298E-1 2.32819E-1 7.56109E-1 1.3977E-1 1.82791E-1 2.43008E-1 7.38172E-1 9.2483E-1 7.65021E-1 7.24595E-1 7.39679E-1 6.18329E-1 7.1291E-1 7.17623E-1 4.60521E-1 3.19803E-1 8.06921E-1 9.07341E-1 5.77193E-1 4.21507E-1 4.05248E-1 3.7222E-1 2.49034E-1 3.69732E-1 3.0711E-1 2.9075E-1 3.17527E-1 4.75181E-1 6.25286E-1 5.50365E-1 4.35057E-1 4.01902E-1 5.83988E-1 5.32516E-1 3.05183E-1 1.70311E-1
7.92106E-1 5.31929E-1 6.44818E-1 3.55931E-1 1.94276E-1 1.64683E-1 1.13424E-1 6.83537E-2 3.64843E-2 3.95509E-2 5.4876E-2 8.94563E-2 6.03786E-2 4.69288E-2 9.74093E-2 2.30735E-1 1.5434E-1 8.31028E-2 1.10477E-1 2.36119E-1 2.9454E-1 3.35341E-1 2.78604E-1 3.17496E-1 1.62538E-1 3.77543E-1 3.3167E-1 3.55491E-1 4.75757E-1 7.38014E-1 5.63023E-1 5.39517E-1 6.30815E-1 3.35089E-1 6.66385E-1 7.33301E-1 7.06976E-1 6.21727E-1 4.78241E-1 9.19404E-1 8.37094E-1 5.82862E-1 4.0009E-1 4.90451E-1 5.5633E-1 3.12694E-1 3.64759E-1 2.55573E-1 2.74455E-1 1.8127E-1 3.17083E-1 2.60665E-1 3.28271E-1 3.27017E-1 2.7371E-1 2.75449E-1 3.64072E-1 3.4039E-1 2.15387E-1
7.91892E-1 6.41777E-1 4.94548E-1 2.12488E-1 1.6078E-1 1.71731E-1 1.90214E-1 1.92884E-1 1.89142E-1 8.78546E-2 4.80101E-2 7.39602E-2 6.98595E-2 3.97332E-2 7.17345E-2 1.56627E-1 1.43198E-1 1.40884E-1 9.84352E-2 1.3033E-1 3.13076E-1 2.1384E-1 2.82349E-1 4.28391E-1 2.01445E-1 3.98014E-1 6.85824E-1 7.75981E-1 7.35833E-1 7.24316E-1 5.65552E-1 4.13388E-1 3.67459E-1 5.56911E-1 5.13098E-1 6.30166E-1 7.43873E-1 5.29862E-1 6.50691E-1 6.99587E-1 5.12232E-1 5.69039E-1 4.59658E-1 5.62474E-1 5.62079E-1 3.8463E-1 5.58819E-1 2.97275E-1 3.2435E-1 3.05071E-1 2.92398E-1 3.31609E-1 3.88217E-1 2.42772E-1 1.36794E-1 1.66462E-1 1.78573E-1 2.20466E-1 2.04542E-1
7.89079E-1 6.17054E-1 4.49451E-1 2.0359E-1 1.80871E-1 1.93042E-1 2.31212E-1 4.03592E-1 7.92096E-1 4.90462E-1 9.32895E-2 8.06319E-2 8.97252E-2 9.13542E-2 1.13724E-1 2.90249E-1 1.66699E-1 1.28907E-1 1.36696E-1 1.37493E-1 1.52203E-1 1.69636E-1 3.27562E-1 5.59729E-1 3.11012E-1 5.82786E-1 4.47218E-1 5.95683E-1 4.46638E-1 5.78927E-1 4.71148E-1 6.94134E-1 7.31849E-1 5.94022E-1 4.36083E-1 5.24995E-1 6.99543E-1 6.49502E-1 6.09553E-1 5.12939E-1 4.7057E-1 5.0603E-1 5.07586E-1 5.38964E-1 6.19902E-1 6.94044E-1 5.66525E-1 4.35225E-1 5.32473E-1 3.21024E-1 5.25683E-1 3.6942E-1 2.71842E-1 3.05631E-1 2.0331E-1 1.60329E-1 9.89765E-2 8.59066E-2 1.24542E-1
5.26907E-1 6.52757E-1 3.5198E-1 1.43197E-1 2.12077E-1 2.45254E-1 2.56011E-1 5.34347E-1 7.93119E-1 7.86506E-1 3.59332E-1 1.11736E-1 9.11367E-2 1.83445E-1 1.24025E-1 1.58648E-1 1.3919E-1 1.81811E-1 2.53799E-1 2.11548E-1 1.16642E-1 1.30774E-1 3.94643E-1 6.28898E-1 6.03599E-1 6.89527E-1 1.01456E-1 7.21102E-2 3.41227E-1 5.90668E-1 5.25666E-1 4.02982E-1 6.25509E-1 5.74647E-1 3.56171E-1 2.99154E-1 7.25983E-1 9.00249E-1 4.86285E-1 6.90487E-1 5.21427E-1 6.53544E-1 8.0359E-1 7.72144E-1 7.27177E-1 6.3401E-1 4.82723E-1 5.19801E-1 4.7435E-1 4.59293E-1 4.78554E-1 2.83163E-1 2.86225E-1 3.82617E-1 4.19886E-1 1.34202E-1 1.2801E-1 1.55878E-1 7.18942E-2
7.96255E-1 5.1635E-1 4.59586E-1 1.43165E-1 1.98546E-1 2.19293E-1 2.33364E-1 6.87206E-1 7.88373E-1 6.25357E-1 4.47516E-1 3.70262E-1 1.60284E-1 1.78161E-1 2.30714E-1 1.27385E-1 1.47493E-1 2.15323E-1 2.27784E-1 2.20652E-1 1.46067E-1 1.10022E-1 1.91574E-1 4.01547E-1 6.71949E-1 3.22577E-1 9.96931E-2 9.081E-2 1.09999E-1 4.36282E-1 2.66334E-1 1.44393E-1 2.41099E-1 3.35902E-1 2.77184E-1 2.14357E-1 4.84896E-1 5.73287E-1 5.52396E-1 6.37313E-1 5.68453E-1 6.17668E-1 7.96519E-1 7.60732E-1 6.58025E-1 5.83957E-1 4.41016E-1 5.84248E-1 4.76199E-1 3.33777E-1 4.82238E-1 3.02741E-1 3.56686E-1 5.72942E-1 5.47698E-1 4.39126E-1 3.92887E-1 1.59265E-1 1.47762E-1
6.93013E-1 4.7415E-1 5.633E-1 2.86692E-1 2.39587E-1 3.02497E-1 3.27697E-1 7.63431E-1 7.80287E-1 7.89951E-1 5.90742E-1 4.81563E-1 2.78736E-1 1.91219E-1 3.33136E-1 2.326E-1 1.36258E-1 1.37503E-1 1.68099E-1 1.79006E-1 1.7354E-1 1.25913E-1 9.37524E-2 1.66395E-1 5.87843E-1 1.83448E-1 1.04794E-1 7.64493E-2 5.71102E-2 9.46383E-2 7.84811E-2 8.52107E-2 6.64919E-2 6.86869E-2 1.48771E-1 2.20052E-1 4.9044E-1 4.02711E-1 3.89908E-1 4.27404E-1 5.52823E-1 5.16808E-1 7.88215E-1 7.51855E-1 4.40675E-1 4.18962E-1 4.67081E-1 6.19248E-1 2.64372E-1 2.46423E-1 2.98595E-1 3.94264E-1 3.57219E-1 3.10495E-1 3.99355E-1 3.67356E-1 5.7293E-1 2.1936E-1 2.04002E-1
