Phytophthora/models/20240529_1714_25/Phytophthora_PA3_RUN7_MAXENT_outputs/projMaxent.asc
ncols         225
nrows         269
xllcorner     473009.9838
yllcorner     4429051.1748
cellsize      50.0
NODATA_value  -9999
[rows 182 to 207 of 269, columns 59 to 117 of 225]
2.34329E-1 2.7457E-1 2.18239E-1 2.97238E-1 3.08301E-1 2.6022E-1 3.94806E-1 4.4529E-1 5.04547E-1 7.91014E-1 6.51358E-1 4.3176E-1 4.89933E-1 3.89815E-1 4.23327E-1 4.3046E-1 6.15595E-1 8.83209E-1 8.87304E-1 8.43397E-1 5.98227E-1 3.72893E-1 2.59087E-1 2.65912E-1 2.06778E-1 2.14294E-1 3.61902E-1 3.23034E-1 5.66442E-1 8.9109E-1 9.47128E-1 8.28516E-1 8.02912E-1 6.56577E-1 3.21338E-1 2.80504E-1 7.97893E-1 7.86542E-1 8.09041E-1 3.54876E-1 7.383E-1 7.80275E-1 6.39415E-1 3.59073E-1 5.49251E-1 6.39855E-1 8.16768E-1 7.6638E-1 8.53945E-1 7.62622E-1 8.78454E-1 9.50281E-1 8.72778E-1 6.21445E-1 6.67949E-1 7.37058E-1 7.18399E-1 5.15526E-1 7.58738E-1
3.31751E-1 4.13502E-1 3.14924E-1 2.53116E-1 3.60161E-1 3.4785E-1 6.19618E-1 5.8214E-1 6.2904E-1 6.11326E-1 5.1828E-1 3.91282E-1 3.23761E-1 3.32651E-1 3.31911E-1 3.83169E-1 6.25692E-1 7.99727E-1 6.84811E-1 7.97479E-1 3.65648E-1 3.20555E-1 3.84824E-1 3.56484E-1 2.35265E-1 2.39107E-1 3.78991E-1 2.71384E-1 4.50172E-1 8.16788E-1 7.82706E-1 6.4421E-1 4.02079E-1 6.93674E-1 6.61167E-1 5.84423E-1 7.22795E-1 8.66179E-1 8.53E-1 5.46063E-1 6.50055E-1 7.30909E-1 7.7132E-1 7.00962E-1 6.75994E-1 7.45617E-1 8.8958E-1 9.01469E-1 9.10894E-1 8.18569E-1 9.67212E-1 9.63761E-1 8.40743E-1 6.77088E-1 6.18348E-1 5.98964E-1 6.13582E-1 5.95696E-1 7.52738E-1
3.84451E-1 4.90715E-1 4.41111E-1 3.51524E-1 4.39494E-1 6.40397E-1 4.71842E-1 5.77945E-1 5.58204E-1 5.79134E-1 3.99067E-1 4.13219E-1 2.13796E-1 2.37051E-1 2.81625E-1 2.96436E-1 4.42003E-1 4.44456E-1 5.67505E-1 4.52227E-1 3.10313E-1 3.04916E-1 2.40361E-1 1.79176E-1 8.74332E-2 1.68369E-1 2.05492E-1 1.83242E-1 3.46136E-1 5.81944E-1 4.75247E-1 3.30459E-1 7.67498E-1 9.71763E-1 8.06652E-1 6.55618E-1 7.51179E-1 8.36808E-1 7.85741E-1 6.87018E-1 5.75606E-1 6.99268E-1 7.72993E-1 7.95664E-1 7.00202E-1 8.91815E-1 8.95257E-1 9.01798E-1 9.07517E-1 8.63503E-1 9.4745E-1 9.10438E-1 8.4631E-1 6.71745E-1 3.55463E-1 6.62206E-1 7.5389E-1 6.95746E-1 7.39152E-1
3.4939E-1 3.63789E-1 4.33741E-1 4.69178E-1 4.20812E-1 3.87233E-1 5.45811E-1 5.9821E-1 4.82527E-1 4.65022E-1 3.2362E-1 4.4754E-1 2.58572E-1 2.18626E-1 3.45508E-1 3.46908E-1 4.31782E-1 4.33469E-1 4.06157E-1 4.41268E-1 2.8588E-1 2.31233E-1 1.59325E-1 8.84447E-2 9.73169E-2 1.5391E-1 1.33766E-1 1.77408E-1 3.6137E-1 5.42283E-1 3.63058E-1 4.54848E-1 4.41507E-1 7.0643E-1 7.15293E-1 7.21386E-1 7.9848E-1 8.60915E-1 8.75954E-1 7.82273E-1 6.05162E-1 6.88608E-1 6.25884E-1 7.99541E-1 5.96904E-1 6.5701E-1 9.01439E-1 8.95209E-1 9.18478E-1 9.53245E-1 7.87964E-1 7.51306E-1 8.45564E-1 6.85206E-1 6.03664E-1 7.2056E-1 8.0011E-1 6.54564E-1 7.32666E-1
5.69867E-1 5.72846E-1 4.40311E-1 4.11272E-1 2.30322E-1 3.5086E-1 3.54687E-1 3.77941E-1 2.70104E-1 2.37589E-1 3.23385E-1 4.12342E-1 3.561E-1 2.0298E-1 3.59083E-1 3.33699E-1 2.59526E-1 3.16619E-1 2.70139E-1 2.10809E-1 1.67031E-1 8.85089E-2 1.24812E-1 9.02886E-2 1.50169E-1 1.37687E-1 1.08627E-1 1.44384E-1 4.8492E-1 6.29632E-1 8.20679E-1 5.4065E-1 4.48007E-1 7.49419E-1 9.42062E-1 9.42228E-1 8.95606E-1 8.47531E-1 8.7896E-1 9.39907E-1 7.16841E-1 6.74974E-1 6.70054E-1 7.90534E-1 7.5096E-1 7.51249E-1 8.56261E-1 9.02193E-1 8.86895E-1 8.98913E-1 7.42992E-1 7.30204E-1 7.25524E-1 7.43557E-1 6.10829E-1 7.64779E-1 8.99189E-1 7.97005E-1 6.22729E-1
2.94923E-1 4.49024E-1 3.41652E-1 2.86179E-1 2.7375E-1 2.01558E-1 2.0216E-1 2.17413E-1 1.6776E-1 2.26184E-1 1.88191E-1 1.75717E-1 2.32458E-1 2.00957E-1 3.08912E-1 2.5465E-1 1.31008E-1 1.86342E-1 1.40796E-1 1.3858E-1 1.03183E-1 6.83286E-2 6.70484E-2 9.3893E-2 1.04854E-1 1.00619E-1 1.23737E-1 2.0321E-1 6.32903E-1 6.10981E-1 6.78808E-1 5.97007E-1 5.9959E-1 6.42031E-1 7.88656E-1 8.73294E-1 9.23729E-1 9.03381E-1 7.54251E-1 7.57999E-1 7.8237E-1 6.88959E-1 5.55704E-1 8.28765E-1 8.7572E-1 7.04147E-1 9.13717E-1 9.78926E-1 9.20833E-1 7.87408E-1 6.74727E-1 6.44386E-1 5.98758E-1 6.20033E-1 6.35584E-1 8.11953E-1 9.55284E-1 8.17078E-1 7.10461E-1
2.65768E-1 2.07863E-1 1.35385E-1 1.64862E-1 1.89619E-1 1.60051E-1 1.68846E-1 1.70887E-1 1.10271E-1 1.65849E-1 1.95326E-1 1.15265E-1 1.65226E-1 1.9728E-1 2.29472E-1 2.56973E-1 1.23101E-1 1.11708E-1 1.42805E-1 1.55625E-1 7.01581E-2 1.01022E-1 1.06572E-1 1.3921E-1 1.40258E-1 1.57953E-1 2.19458E-1 4.86852E-1 6.54684E-1 6.02756E-1 6.30974E-1 5.18966E-1 6.36605E-1 7.92779E-1 7.86691E-1 7.01645E-1 6.41751E-1 6.97547E-1 7.81706E-1 8.05872E-1 7.10186E-1 6.1461E-1 4.29043E-1 7.50311E-1 8.65204E-1 8.99952E-1 8.63132E-1 9.03124E-1 7.93027E-1 5.2699E-1 4.91745E-1 7.31761E-1 4.84237E-1 4.59727E-1 5.9392E-1 7.53658E-1 9.35799E-1 8.80937E-1 8.54519E-1
1.77442E-1 1.38571E-1 3.73703E-1 2.24343E-1 1.46505E-1 1.49608E-1 1.49701E-1 1.34186E-1 1.04594E-1 8.57795E-2 2.14408E-1 1.55021E-1 1.808E-1 1.65852E-1 1.68696E-1 2.34594E-1 9.96207E-2 5.65516E-2 8.68957E-2 1.13066E-1 1.16414E-1 1.773E-1 1.29752E-1 1.44019E-1 2.09019E-1 3.49216E-1 4.89786E-1 8.87031E-1 8.08392E-1 7.87596E-1 7.07902E-1 7.11464E-1 7.70401E-1 7.46132E-1 6.447E-1 5.47179E-1 6.37742E-1 7.14514E-1 8.08663E-1 8.65637E-1 4.04618E-1 2.4309E-1 5.43447E-1 6.58531E-1 8.28281E-1 9.04842E-1 8.93826E-1 8.2567E-1 8.25931E-1 7.06082E-1 4.9263E-1 3.64996E-1 4.39754E-1 4.91971E-1 5.13861E-1 4.67708E-1 5.67488E-1 8.1679E-1 7.86783E-1
1.38232E-1 1.67057E-1 3.28116E-1 2.28206E-1 1.6076E-1 1.54209E-1 1.44404E-1 1.21924E-1 1.26231E-1 5.4852E-2 8.16498E-2 2.28499E-1 4.70421E-1 1.78925E-1 1.04233E-1 7.81486E-2 3.24039E-2 4.71169E-2 1.01718E-1 9.81945E-2 1.16184E-1 1.2302E-1 1.25428E-1 1.97613E-1 3.78502E-1 6.07531E-1 6.41578E-1 7.95243E-1 7.67694E-1 7.69315E-1 3.49824E-1 8.1933E-1 7.61434E-1 6.44679E-1 5.02101E-1 6.08384E-1 4.91256E-1 5.81347E-1 5.66535E-1 6.17976E-1 6.1054E-1 4.5026E-1 5.98763E-1 6.00686E-1 5.53311E-1 5.89484E-1 8.40503E-1 6.6942E-1 7.0865E-1 6.35542E-1 8.54968E-1 5.27818E-1 2.24746E-1 4.03023E-1 4.53268E-1 2.37312E-1 2.72089E-1 6.8984E-1 8.16953E-1
2.31984E-1 1.98905E-1 2.33716E-1 3.63948E-1 1.27008E-1 1.36829E-1 1.22036E-1 8.13186E-2 7.97222E-2 9.9237E-2 8.69795E-2 1.01338E-1 5.81582E-1 1.1143E-1 4.84466E-2 5.10543E-2 8.84472E-2 8.61717E-2 1.06405E-1 1.23004E-1 9.69258E-2 1.50269E-1 1.23704E-1 1.7165E-1 2.5534E-1 3.17589E-1 3.14649E-1 2.43231E-1 8.31456E-1 9.06231E-1 6.04977E-1 7.00702E-1 7.89552E-1 6.70895E-1 5.92052E-1 7.08175E-1 5.35301E-1 4.89946E-1 4.59935E-1 4.40755E-1 4.8629E-1 5.86184E-1 6.57414E-1 6.26802E-1 5.19508E-1 6.3706E-1 6.70673E-1 7.34481E-1 5.97084E-1 6.6407E-1 8.526E-1 7.9555E-1 5.60214E-1 2.77403E-1 3.88332E-1 2.87942E-1 1.90644E-1 5.79963E-1 8.16012E-1
4.2631E-1 2.54646E-1 2.20628E-1 1.6335E-1 9.98006E-2 5.62538E-2 8.06162E-2 2.34776E-1 2.0245E-1 1.12867E-1 1.08767E-1 1.39684E-1 2.62807E-1 1.59121E-1 7.44835E-2 7.14666E-2 7.65638E-2 1.101E-1 1.54293E-1 2.1692E-1 1.92259E-1 2.4239E-1 2.16033E-1 2.6864E-1 5.63289E-1 3.69362E-1 2.17092E-1 2.48947E-1 7.9162E-1 9.63461E-1 7.91049E-1 6.73195E-1 8.33434E-1 7.80741E-1 7.54638E-1 5.03312E-1 7.45543E-1 6.43717E-1 5.70034E-1 7.27546E-1 6.91307E-1 6.03961E-1 5.41136E-1 3.03938E-1 4.06311E-1 5.21647E-1 4.47558E-1 5.4306E-1 5.97838E-1 5.23451E-1 5.43172E-1 6.46992E-1 7.05911E-1 6.14642E-1 3.97096E-1 2.94557E-1 3.86692E-1 4.62635E-1 7.85845E-1
5.10786E-1 2.03439E-1 1.15623E-1 2.03162E-1 1.18183E-1 5.01293E-2 9.84585E-2 3.95626E-1 4.79613E-1 3.18874E-1 1.65332E-1 1.87539E-1 2.67621E-1 1.30385E-1 1.32649E-1 1.53326E-1 1.88915E-1 3.44917E-1 2.64335E-1 3.41402E-1 3.35179E-1 6.428E-1 5.314E-1 4.58191E-1 6.07126E-1 2.31246E-1 1.93312E-1 4.05933E-1 7.63009E-1 9.24109E-1 9.43083E-1 6.54629E-1 8.20908E-1 8.19216E-1 8.03958E-1 6.13776E-1 7.51157E-1 7.37628E-1 4.90927E-1 6.06534E-1 5.96419E-1 5.72739E-1 5.19593E-1 5.06925E-1 5.81278E-1 6.10188E-1 4.96909E-1 3.57978E-1 4.84403E-1 6.11513E-1 4.46868E-1 6.0366E-1 5.55722E-1 5.16687E-1 6.05002E-1 5.49306E-1 7.07754E-1 5.15293E-1 7.50342E-1
3.45707E-1 2.46136E-1 1.66784E-1 5.55183E-1 1.19094E-1 6.10038E-2 1.23711E-1 3.55714E-1 5.26939E-1 6.70069E-1 5.10555E-1 2.7693E-1 2.17874E-1 1.74311E-1 1.62913E-1 2.21977E-1 2.67944E-1 4.29445E-1 3.86341E-1 4.15973E-1 8.05207E-1 8.44063E-1 8.26181E-1 5.04773E-1 4.47565E-1 2.37913E-1 2.23247E-1 4.37117E-1 5.96573E-1 7.01689E-1 7.62111E-1 7.06347E-1 7.00017E-1 8.39707E-1 7.75821E-1 6.02643E-1 7.9308E-1 6.16468E-1 6.06592E-1 7.7803E-1 5.75768E-1 6.928E-1 4.91396E-1 3.92599E-1 4.31401E-1 1.76637E-1 2.84802E-1 4.37306E-1 5.58782E-1 6.57348E-1 5.41195E-1 6.52174E-1 6.68549E-1 5.46968E-1 6.55351E-1 7.81194E-1 7.26738E-1 6.66538E-1 6.33803E-1
2.50454E-1 1.60054E-1 2.65492E-1 2.64207E-1 7.83466E-2 1.0405E-1 1.75056E-1 4.54926E-1 9.00307E-1 8.71643E-1 7.57534E-1 2.73639E-1 1.09351E-1 1.37403E-1 2.01137E-1 2.48824E-1 2.37176E-1 3.95439E-1 5.0521E-1 6.25363E-1 7.49106E-1 7.71528E-1 5.5811E-1 2.43453E-1 3.39321E-1 3.88099E-1 3.08403E-1 3.97146E-1 7.86976E-1 6.01624E-1 7.75006E-1 7.68018E-1 6.48681E-1 5.71951E-1 7.88075E-1 8.59333E-1 8.25455E-1 7.08542E-1 8.18355E-1 7.9704E-1 7.48216E-1 6.26521E-1 5.11543E-1 6.03289E-1 4.73947E-1 2.85113E-1 3.55806E-1 5.30482E-1 6.25132E-1 6.54827E-1 6.48799E-1 5.66249E-1 7.31049E-1 8.57675E-1 6.26299E-1 7.58255E-1 6.30228E-1 4.64373E-1 3.90459E-1
3.46365E-1 1.60555E-1 2.52689E-1 1.69192E-1 7.97765E-2 2.37389E-1 4.71693E-1 9.14747E-1 9.35332E-1 8.66652E-1 8.33447E-1 5.82527E-1 1.81899E-1 1.58489E-1 1.56595E-1 1.69025E-1 3.54053E-1 6.10352E-1 6.36603E-1 6.21971E-1 3.96065E-1 3.30811E-1 2.11928E-1 1.47301E-1 1.98278E-1 2.97152E-1 3.38719E-1 4.07315E-1 6.09951E-1 7.37361E-1 8.33991E-1 7.78086E-1 6.78747E-1 5.86971E-1 7.69175E-1 8.04686E-1 7.68525E-1 5.54406E-1 7.26185E-1 7.91818E-1 7.01912E-1 3.97606E-1 3.54361E-1 3.93514E-1 4.20468E-1 5.03579E-1 8.25377E-1 8.63719E-1 7.32689E-1 8.38617E-1 8.00075E-1 8.61097E-1 8.20382E-1 8.67819E-1 8.63261E-1 9.02704E-1 8.10016E-1 9.3231E-1 6.41469E-1
2.29632E-1 2.09343E-1 1.31482E-1 1.4018E-1 2.0494E-1 2.47555E-1 5.48252E-1 9.77947E-1 9.06765E-1 8.72486E-1 4.19697E-1 2.03913E-1 2.04361E-1 1.70331E-1 2.33197E-1 2.93201E-1 5.38259E-1 4.85192E-1 4.98298E-1 2.71156E-1 1.96163E-1 1.39034E-1 1.4461E-1 1.06273E-1 1.38125E-1 1.93559E-1 8.12999E-2 2.97721E-1 6.98054E-1 7.42699E-1 6.56637E-1 5.09229E-1 4.60697E-1 5.40811E-1 6.86395E-1 7.41093E-1 5.20255E-1 7.19796E-1 7.71267E-1 7.11879E-1 6.98521E-1 6.80379E-1 3.62171E-1 3.82831E-1 3.68989E-1 5.74221E-1 7.66919E-1 8.24435E-1 7.47873E-1 9.6133E-1 9.60685E-1 9.84544E-1 9.61052E-1 8.79566E-1 7.10552E-1 8.62443E-1 8.0067E-1 7.67888E-1 3.61517E-1
3.52271E-1 1.92833E-1 1.1452E-1 1.23844E-1 4.75658E-1 9.76195E-1 6.13932E-1 8.20352E-1 5.65912E-1 3.07582E-1 3.13033E-1 2.21513E-1 2.46454E-1 3.32779E-1 3.76179E-1 5.60018E-1 6.96183E-1 5.52327E-1 4.99674E-1 4.78812E-1 4.67818E-1 1.71274E-1 7.96302E-2 7.61789E-2 8.97394E-2 1.26629E-1 9.53751E-2 5.11348E-1 7.5712E-1 5.79701E-1 4.96888E-1 6.75734E-1 6.99963E-1 6.13484E-1 4.82529E-1 6.33299E-1 5.85868E-1 6.3618E-1 8.37529E-1 4.7094E-1 4.52563E-1 8.10983E-1 6.31159E-1 4.52781E-1 4.83124E-1 4.85453E-1 6.6912E-1 6.80858E-1 8.15493E-1 9.61519E-1 9.84329E-1 7.95408E-1 8.52951E-1 8.52126E-1 8.03913E-1 8.74134E-1 6.46342E-1 6.1616E-1 6.22047E-1
2.21985E-1 1.71324E-1 1.11582E-1 1.75066E-1 5.54344E-1 5.39828E-1 3.39274E-1 3.04679E-1 3.30658E-1 4.03238E-1 5.13976E-1 6.06163E-1 5.71459E-1 5.71465E-1 7.74628E-1 9.37923E-1 8.98674E-1 4.34554E-1 5.19913E-1 5.67065E-1 4.96903E-1 2.66628E-1 9.3502E-2 7.08439E-2 1.08524E-1 7.9009E-2 1.61726E-1 6.21772E-1 5.22179E-1 6.47757E-1 4.78889E-1 4.44058E-1 6.3344E-1 3.70645E-1 3.39603E-1 3.36703E-1 4.3864E-1 4.77992E-1 7.03921E-1 7.18232E-1 5.70592E-1 5.83043E-1 6.50617E-1 4.37034E-1 3.60289E-1 4.82214E-1 6.29628E-1 8.03629E-1 9.36158E-1 9.50739E-1 9.35827E-1 7.48404E-1 6.03834E-1 4.40302E-1 4.04408E-1 8.3167E-1 6.32262E-1 6.96924E-1 7.31592E-1
2.62812E-1 2.31833E-1 2.66528E-1 4.82321E-1 2.76641E-1 3.73751E-1 4.39179E-1 3.61405E-1 3.03237E-1 3.04561E-1 3.76472E-1 6.56645E-1 5.86962E-1 3.7253E-1 5.11412E-1 6.18722E-1 6.67015E-1 4.80723E-1 5.92547E-1 5.82687E-1 5.2363E-1 2.57516E-1 2.18247E-1 1.30633E-1 1.00146E-1 2.94477E-1 6.62615E-1 4.98707E-1 7.77545E-1 8.02426E-1 5.17885E-1 7.03961E-1 6.68775E-1 4.98878E-1 3.87278E-1 3.88994E-1 6.01717E-1 4.21013E-1 4.88606E-1 8.11137E-1 7.08423E-1 6.3602E-1 5.0309E-1 4.72889E-1 2.89364E-1 2.76641E-1 4.57857E-1 6.84765E-1 9.14247E-1 9.31476E-1 8.43176E-1 6.27278E-1 6.57813E-1 5.57915E-1 3.40888E-1 4.9267E-1 6.82882E-1 8.12458E-1 8.63991E-1
8.98839E-2 1.45933E-1 4.90732E-1 4.75718E-1 3.53278E-1 2.05369E-1 2.85432E-1 4.63764E-1 3.79241E-1 4.26943E-1 4.67914E-1 5.1949E-1 4.39659E-1 4.09735E-1 4.23283E-1 7.41302E-1 8.47615E-1 6.67719E-1 6.75325E-1 5.57295E-1 5.72768E-1 3.14997E-1 2.76603E-1 1.84069E-1 1.74638E-1 7.24987E-1 7.40689E-1 6.82923E-1 7.68185E-1 8.39574E-1 6.94345E-1 4.91052E-1 5.28299E-1 3.45648E-1 4.07412E-1 4.38771E-1 3.04454E-1 4.82177E-1 3.56827E-1 7.77824E-1 8.26878E-1 5.67826E-1 5.72434E-1 3.2051E-1 2.34004E-1 2.85177E-1 6.7757E-1 8.75653E-1 9.21392E-1 9.33711E-1 7.05577E-1 7.05426E-1 6.9327E-1 6.12881E-1 4.3199E-1 6.21647E-1 7.88162E-1 8.62979E-1 8.99194E-1
2.22062E-1 3.93959E-1 5.24797E-1 3.49059E-1 4.42242E-1 5.0418E-1 4.63234E-1 3.73662E-1 2.93305E-1 3.55838E-1 3.56583E-1 3.30878E-1 3.50636E-1 3.76924E-1 3.90582E-1 7.69512E-1 8.39694E-1 5.41562E-1 5.94747E-1 4.93447E-1 3.7661E-1 3.58353E-1 3.51485E-1 1.91999E-1 3.6812E-1 7.27447E-1 7.80321E-1 6.99378E-1 7.4769E-1 7.75882E-1 7.95899E-1 7.49341E-1 3.27012E-1 4.14515E-1 3.26266E-1 2.60613E-1 4.37187E-1 3.26968E-1 3.21289E-1 6.87566E-1 7.83989E-1 6.89957E-1 6.66614E-1 3.49896E-1 3.56225E-1 2.84954E-1 6.803E-1 8.87743E-1 9.36828E-1 8.63379E-1 7.95166E-1 6.40665E-1 6.34908E-1 5.34134E-1 5.71991E-1 7.04033E-1 7.34925E-1 7.51698E-1 7.83304E-1
2.66799E-1 2.48453E-1 1.66931E-1 2.00485E-1 3.16684E-1 3.87052E-1 2.51531E-1 3.7782E-1 3.58452E-1 3.91124E-1 3.39684E-1 2.12821E-1 2.96184E-1 3.56112E-1 3.3164E-1 5.83953E-1 6.12907E-1 5.21785E-1 5.41241E-1 3.66088E-1 1.86024E-1 3.678E-1 3.64609E-1 1.82966E-1 5.2451E-1 6.45286E-1 7.83206E-1 6.99712E-1 8.07053E-1 7.70885E-1 8.09855E-1 7.65564E-1 3.65862E-1 3.65471E-1 3.92282E-1 3.21548E-1 4.72351E-1 5.44026E-1 3.02995E-1 5.48503E-1 7.00847E-1 8.21164E-1 7.64969E-1 5.46977E-1 5.61592E-1 3.38482E-1 6.68202E-1 8.88102E-1 9.3657E-1 9.34066E-1 9.15294E-1 7.7013E-1 7.26646E-1 8.11498E-1 8.94292E-1 7.63786E-1 6.42279E-1 6.15764E-1 6.12685E-1
4.56254E-1 4.77169E-1 3.53822E-1 2.07631E-1 2.09699E-1 3.85273E-1 5.2581E-1 7.5116E-1 5.57765E-1 4.89033E-1 5.21664E-1 2.81206E-1 2.44813E-1 3.31683E-1 4.73346E-1 5.0688E-1 4.00852E-1 5.21616E-1 6.65986E-1 5.33397E-1 1.44823E-1 3.19738E-1 2.22205E-1 1.79389E-1 5.6588E-1 6.72077E-1 5.36582E-1 8.39132E-1 7.42598E-1 7.59374E-1 7.95651E-1 7.88556E-1 5.04152E-1 3.99822E-1 3.90905E-1 3.84516E-1 3.65186E-1 5.91713E-1 5.00852E-1 4.72662E-1 6.34391E-1 7.90451E-1 8.12069E-1 6.94089E-1 6.82263E-1 5.57174E-1 6.73691E-1 8.32604E-1 8.79657E-1 8.98212E-1 9.67105E-1 8.3497E-1 7.18058E-1 9.15764E-1 8.3564E-1 8.32567E-1 6.66478E-1 6.75718E-1 7.02778E-1
7.0511E-1 3.53647E-1 5.08788E-1 2.52319E-1 4.21849E-1 5.73988E-1 6.75361E-1 8.29334E-1 7.94275E-1 6.66733E-1 6.79443E-1 4.96397E-1 3.77748E-1 4.11701E-1 5.74713E-1 6.6592E-1 4.97842E-1 5.0285E-1 5.77974E-1 4.89828E-1 1.1841E-1 1.63955E-1 8.44671E-2 9.62313E-2 4.48917E-1 8.5975E-1 6.53949E-1 7.3708E-1 8.32372E-1 9.69669E-1 8.60216E-1 7.84883E-1 6.40603E-1 7.15444E-1 5.54818E-1 6.3867E-1 5.48868E-1 6.01346E-1 5.45596E-1 4.94217E-1 5.76931E-1 6.62233E-1 6.23864E-1 7.41941E-1 7.98721E-1 5.94709E-1 4.02263E-1 4.91727E-1 8.60072E-1 8.16206E-1 9.04813E-1 9.19742E-1 8.48613E-1 9.40989E-1 8.14997E-1 8.6506E-1 7.10446E-1 6.77063E-1 7.21641E-1
4.59897E-1 2.16926E-1 4.8062E-1 3.77138E-1 4.7138E-1 7.20263E-1 7.89617E-1 7.44507E-1 7.01905E-1 6.65866E-1 6.29624E-1 6.1832E-1 6.35741E-1 5.05655E-1 5.38216E-1 7.54885E-1 8.75364E-1 4.5835E-1 3.2733E-1 3.1469E-1 1.0427E-1 1.61375E-1 1.13333E-1 1.48827E-1 3.21609E-1 8.88421E-1 9.0876E-1 8.43878E-1 7.35497E-1 8.64777E-1 9.52564E-1 7.81192E-1 5.75551E-1 5.79508E-1 5.164E-1 4.67324E-1 3.83837E-1 3.76357E-1 5.99262E-1 6.12317E-1 5.88948E-1 5.37047E-1 5.56004E-1 5.32915E-1 5.93184E-1 7.07357E-1 6.69198E-1 5.12005E-1 7.57159E-1 7.80507E-1 5.19205E-1 6.37532E-1 7.15606E-1 8.57148E-1 8.82081E-1 8.54526E-1 5.76944E-1 4.05693E-1 3.12207E-1
3.85159E-1 4.38835E-1 4.36724E-1 7.05325E-1 6.58855E-1 7.66523E-1 7.38169E-1 6.17214E-1 5.22867E-1 4.33087E-1 3.56009E-1 3.9945E-1 6.72149E-1 4.97922E-1 5.33783E-1 6.85673E-1 8.22194E-1 5.9523E-1 2.92366E-1 2.24508E-1 1.10825E-1 1.39444E-1 1.94128E-1 1.99981E-1 2.65342E-1 4.83568E-1 9.17594E-1 9.41017E-1 8.47324E-1 8.04949E-1 8.82205E-1 8.93003E-1 6.77842E-1 4.93663E-1 4.78201E-1 6.1187E-1 6.31745E-1 7.41382E-1 7.9399E-1 8.03348E-1 7.92188E-1 7.82814E-1 5.31993E-1 4.43957E-1 4.70147E-1 4.43667E-1 5.49162E-1 5.99107E-1 4.90944E-1 6.27776E-1 4.52831E-1 3.43266E-1 8.66797E-1 7.79543E-1 7.81197E-1 7.25986E-1 6.5388E-1 7.44352E-1 5.27502E-1
