Phytophthora/models/20240430_1155_37/Phytophthora_PA3_RUN9_MAXENT_outputs/Phytophthora_PA3_RUN9.asc
ncols         225
nrows         269
xllcorner     473000.0
yllcorner     4429100.0
cellsize      50.0
NODATA_value  -9999
[rows 54 to 80 of 269, columns 60 to 119 of 225]
2.61808E-2 2.55927E-3 3.52097E-2 4.02241E-2 4.55351E-2 7.44079E-2 9.72998E-2 9.86876E-2 1.32747E-1 1.48384E-1 1.26566E-1 1.16184E-1 1.6034E-1 1.94982E-1 1.65886E-1 1.27593E-1 1.11214E-1 8.91622E-2 9.25611E-2 1.10679E-1 1.49369E-1 1.70478E-1 1.94789E-1 7.10626E-2 1.93452E-1 -9999 -9999 -9999 -9999 -9999 -9999 -9999 -9999 -9999 -9999 -9999 -9999 -9999 -9999 -9999 -9999 -9999 -9999 -9999 -9999 -9999 -9999 -9999 -9999 -9999 -9999 -9999 -9999 -9999 -9999 -9999 -9999 -9999 -9999 -9999
2.50393E-2 3.06801E-2 3.43561E-2 5.15057E-3 4.78577E-2 9.20479E-2 1.01134E-1 1.04684E-1 1.14391E-1 1.08601E-1 1.19151E-1 1.27346E-1 1.75575E-1 8.86674E-2 2.57162E-1 1.56704E-1 1.30106E-1 1.08547E-1 8.90868E-2 9.98538E-2 1.51173E-1 2.07138E-1 1.89484E-1 2.29952E-2 1.95191E-1 2.98432E-1 -9999 -9999 -9999 -9999 4.06757E-1 -9999 -9999 -9999 -9999 -9999 -9999 -9999 -9999 -9999 -9999 -9999 -9999 -9999 -9999 -9999 -9999 -9999 -9999 -9999 -9999 -9999 -9999 -9999 -9999 -9999 -9999 -9999 -9999 -9999
6.08518E-3 2.27387E-2 2.69039E-2 3.34865E-2 3.994E-2 7.91106E-2 8.25287E-2 9.73473E-2 6.80736E-2 7.58501E-2 8.34837E-2 7.25119E-2 1.27213E-1 1.35904E-1 1.88406E-2 1.04624E-1 1.11344E-1 9.13419E-2 7.67647E-2 7.94172E-2 9.85077E-2 8.34478E-2 5.56177E-2 7.50116E-2 8.41555E-2 1.79221E-1 1.7926E-1 1.45579E-1 1.5102E-1 4.76641E-2 3.1719E-1 2.90948E-1 -9999 -9999 -9999 -9999 -9999 -9999 -9999 -9999 -9999 -9999 -9999 -9999 -9999 -9999 -9999 -9999 -9999 -9999 -9999 -9999 -9999 -9999 -9999 -9999 -9999 -9999 -9999 -9999
1.75657E-2 2.07025E-2 2.43736E-2 3.58449E-2 4.51472E-2 8.51289E-2 7.10628E-2 2.68505E-2 6.16214E-2 6.23325E-2 6.88883E-2 6.23246E-2 5.70331E-2 4.83783E-2 8.24015E-2 1.99966E-2 1.25901E-1 1.08075E-1 9.58446E-2 9.95525E-2 9.29405E-2 6.2719E-2 5.33985E-2 -9999 5.65916E-2 1.75051E-1 1.67483E-1 1.35159E-1 1.48907E-1 4.14224E-2 2.52269E-1 2.96879E-1 -9999 -9999 -9999 -9999 -9999 -9999 -9999 -9999 -9999 -9999 -9999 -9999 -9999 -9999 -9999 -9999 -9999 -9999 -9999 -9999 -9999 -9999 -9999 -9999 -9999 -9999 -9999 -9999
1.57576E-2 1.81851E-2 1.74299E-2 2.57201E-2 4.35884E-2 9.1236E-2 8.80898E-2 6.66147E-2 6.5974E-2 6.55967E-2 7.04855E-2 6.11931E-2 4.48071E-2 3.71711E-2 6.22103E-2 8.60409E-3 4.90582E-2 1.51204E-1 1.23529E-1 1.39966E-1 1.10773E-1 6.08894E-2 4.99289E-2 6.16404E-2 2.20812E-2 1.79966E-1 1.7169E-1 1.47853E-1 1.4625E-1 9.91965E-2 1.99457E-1 3.27212E-1 3.60076E-1 -9999 -9999 -9999 -9999 -9999 -9999 -9999 -9999 -9999 -9999 -9999 -9999 -9999 -9999 -9999 -9999 -9999 -9999 -9999 -9999 -9999 -9999 -9999 -9999 -9999 -9999 -9999
1.82088E-2 1.82727E-2 1.5561E-2 2.08651E-2 2.87908E-2 7.74759E-2 1.01791E-1 8.06131E-2 6.88503E-2 2.36146E-2 6.19486E-2 6.09312E-2 5.66797E-2 5.12201E-2 6.20963E-2 8.39524E-2 1.1756E-1 5.76851E-2 1.82281E-1 1.48037E-1 1.33328E-1 6.45693E-2 5.30596E-2 6.32772E-2 8.48416E-2 1.99866E-1 1.85593E-1 1.62652E-1 1.41855E-1 9.49736E-2 1.32547E-1 3.05134E-1 3.56502E-1 -9999 -9999 -9999 -9999 -9999 -9999 -9999 -9999 -9999 -9999 -9999 -9999 -9999 -9999 -9999 -9999 -9999 -9999 -9999 -9999 -9999 -9999 -9999 -9999 -9999 -9999 -9999
1.7456E-2 1.89829E-2 1.78917E-2 2.12146E-2 2.54476E-2 7.2739E-2 8.72602E-2 7.00455E-2 6.53529E-2 6.86591E-2 9.51111E-3 7.05417E-2 7.19238E-2 6.68965E-2 6.91458E-2 7.8184E-2 8.93844E-2 1.28727E-1 8.57206E-2 5.6251E-2 1.47246E-1 7.46268E-2 5.65619E-2 6.5168E-2 9.46106E-2 2.07668E-1 1.92621E-1 1.82128E-1 1.61501E-1 1.30725E-1 1.50131E-1 2.60077E-1 3.31986E-1 -9999 -9999 -9999 -9999 -9999 -9999 -9999 -9999 -9999 -9999 -9999 -9999 -9999 -9999 -9999 -9999 -9999 -9999 -9999 -9999 -9999 -9999 -9999 -9999 -9999 -9999 -9999
1.26294E-2 1.32701E-2 1.57578E-2 1.95504E-2 2.00479E-2 2.72128E-2 3.00197E-2 2.60372E-2 2.51599E-2 3.23335E-2 6.55186E-2 6.13187E-2 7.66186E-2 8.72659E-2 8.40196E-2 8.47684E-2 8.8E-2 1.01036E-1 1.16578E-1 5.27443E-2 1.1778E-1 8.17718E-2 6.26637E-2 6.75134E-2 8.54987E-2 1.09988E-1 9.69475E-2 8.78099E-2 8.22662E-2 9.92069E-2 1.86771E-1 2.9545E-1 3.36642E-1 1.29382E-1 -9999 -9999 -9999 -9999 -9999 -9999 -9999 -9999 -9999 -9999 -9999 -9999 -9999 -9999 -9999 -9999 -9999 -9999 -9999 -9999 -9999 -9999 -9999 -9999 -9999 -9999
1.38674E-2 1.41432E-2 1.70549E-2 2.51593E-2 3.13374E-2 3.08026E-2 2.32244E-2 2.65048E-2 2.63932E-2 3.4589E-2 1.43957E-2 6.35672E-2 7.87172E-2 8.81931E-2 9.6536E-2 9.78139E-2 8.66369E-3 2.39148E-2 1.05067E-1 8.25252E-2 1.77315E-2 9.82889E-2 8.38836E-2 7.56089E-2 8.67455E-2 1.09616E-1 1.12808E-1 9.472E-2 8.03256E-2 1.05918E-1 1.84918E-1 2.51282E-1 3.13558E-1 3.15418E-1 1.00901E-1 -9999 -9999 -9999 -9999 -9999 -9999 -9999 -9999 -9999 -9999 -9999 -9999 -9999 -9999 -9999 -9999 -9999 -9999 -9999 -9999 -9999 -9999 -9999 -9999 -9999
1.49509E-2 1.45931E-2 1.95139E-2 3.36992E-2 3.85617E-2 3.72376E-2 2.7493E-2 3.01937E-2 2.81002E-2 3.61522E-2 7.05248E-2 6.03807E-2 6.72831E-2 8.0437E-2 9.26176E-2 9.9163E-2 9.13696E-2 9.21088E-2 8.61864E-2 1.05638E-1 1.31868E-1 1.18093E-1 2.3613E-2 9.2149E-2 8.60434E-2 1.18482E-1 1.21595E-1 1.0386E-1 9.13213E-2 1.17123E-1 2.7035E-1 2.27831E-1 3.58828E-1 6.08666E-2 2.93635E-1 9.86364E-2 -9999 -9999 -9999 -9999 -9999 -9999 -9999 -9999 -9999 -9999 -9999 -9999 -9999 -9999 -9999 -9999 -9999 -9999 -9999 -9999 -9999 -9999 -9999 -9999
1.25855E-2 1.34478E-2 1.69071E-2 2.30376E-2 2.43501E-2 3.73012E-2 2.88565E-2 2.46488E-2 2.84563E-2 1.38757E-2 6.45637E-2 6.11029E-2 6.06679E-2 7.23666E-2 9.32781E-2 1.48445E-2 9.16364E-2 7.60962E-2 7.15315E-2 9.91697E-2 6.69671E-2 1.31862E-1 7.58263E-2 3.83116E-2 1.02817E-2 8.48142E-2 9.14219E-2 9.76199E-2 1.03588E-1 1.35512E-1 1.67531E-1 2.48461E-1 1.62776E-1 2.71747E-1 2.54974E-1 2.86911E-1 -9999 -9999 -9999 -9999 -9999 -9999 -9999 -9999 -9999 -9999 -9999 -9999 -9999 -9999 -9999 -9999 -9999 -9999 -9999 -9999 -9999 -9999 -9999 -9999
1.48318E-2 1.60086E-2 1.89238E-2 2.63579E-2 1.14251E-2 3.90296E-2 2.64879E-2 2.2145E-2 2.5674E-2 3.92631E-2 5.79644E-2 5.3781E-2 5.43045E-2 6.81665E-2 8.93097E-2 1.87079E-2 9.92657E-2 8.35753E-2 6.64949E-2 6.49962E-2 2.55568E-2 8.81859E-2 6.37883E-2 6.46188E-2 6.98883E-2 1.0453E-2 9.91897E-2 1.02254E-1 1.20783E-1 1.63411E-1 3.45441E-1 7.11535E-2 3.22645E-1 2.43837E-1 2.44192E-1 2.71944E-1 2.13063E-1 2.3351E-1 -9999 -9999 -9999 -9999 -9999 -9999 -9999 -9999 -9999 -9999 -9999 -9999 -9999 -9999 -9999 -9999 -9999 -9999 -9999 -9999 -9999 -9999
2.03047E-2 2.00665E-2 2.20819E-2 2.88184E-2 2.10802E-2 7.19383E-2 4.97794E-2 4.10239E-2 3.90039E-2 4.87198E-2 4.75644E-2 3.55347E-2 4.4755E-2 5.55702E-2 7.51896E-2 1.09946E-1 6.00841E-2 9.89441E-2 7.01856E-2 5.51283E-2 9.32848E-3 4.00533E-2 4.48533E-2 4.77191E-2 5.49863E-2 7.38007E-2 8.03306E-3 8.16038E-2 9.58161E-2 1.1181E-2 1.69376E-1 2.83346E-2 2.05418E-1 1.74748E-1 2.33244E-1 2.51603E-1 1.8461E-1 2.01243E-1 1.8086E-1 1.8622E-1 -9999 -9999 -9999 -9999 -9999 -9999 -9999 -9999 -9999 -9999 -9999 -9999 -9999 -9999 -9999 -9999 -9999 -9999 -9999 -9999
1.23056E-2 2.73527E-2 2.91869E-2 3.42153E-2 1.52597E-2 7.44057E-2 7.53141E-2 5.64859E-2 4.85902E-2 5.30562E-2 5.57719E-2 4.59349E-2 4.9579E-2 6.45184E-2 8.17236E-2 1.08005E-1 1.19941E-1 1.26263E-1 1.08137E-1 4.89729E-2 1.7371E-2 4.92063E-2 5.09609E-2 5.49246E-2 6.36685E-2 1.75476E-2 8.05348E-2 7.95737E-2 3.95222E-2 1.11508E-1 2.05286E-1 1.54569E-1 8.24125E-2 2.07489E-1 2.46565E-1 3.76461E-2 1.8524E-2 1.97622E-1 1.78165E-1 1.84928E-1 1.74728E-1 1.45893E-1 2.02817E-1 -9999 -9999 -9999 -9999 -9999 -9999 -9999 -9999 -9999 -9999 -9999 -9999 -9999 -9999 -9999 -9999 -9999
1.89843E-2 2.62964E-2 2.75021E-2 3.24173E-2 3.71053E-2 7.19247E-2 7.71977E-2 5.10331E-2 6.48283E-2 7.36897E-2 7.17973E-2 6.25041E-2 5.55692E-2 7.3612E-2 8.01357E-2 1.02734E-1 5.02164E-2 9.04972E-2 8.32367E-2 4.31579E-2 3.24476E-2 7.35547E-2 6.40792E-2 6.24202E-2 6.27345E-3 8.24213E-2 7.57958E-2 7.61779E-2 2.52351E-2 1.05169E-1 1.4304E-1 1.22687E-1 1.13139E-1 2.59909E-2 2.45667E-1 3.49076E-2 1.98088E-1 2.01014E-1 1.88585E-1 1.81856E-1 1.43416E-1 1.3282E-1 1.80411E-1 2.23974E-1 4.72893E-2 -9999 -9999 -9999 -9999 -9999 -9999 -9999 -9999 -9999 -9999 -9999 -9999 -9999 -9999 -9999
1.89504E-2 1.91937E-2 1.34186E-2 1.35105E-2 3.75428E-2 6.20873E-2 6.32587E-2 8.07724E-2 8.31087E-2 8.49431E-2 3.76372E-2 5.28742E-2 7.30739E-2 8.55152E-2 1.51586E-2 9.87925E-2 7.42998E-2 5.90844E-2 5.41586E-2 6.47727E-2 1.44086E-2 9.53847E-2 7.97407E-3 1.44227E-2 7.2643E-2 7.28138E-2 6.62888E-2 7.27158E-2 8.65802E-2 1.07014E-1 1.32125E-1 1.08182E-1 1.35479E-1 2.48081E-1 2.36775E-1 2.18074E-1 1.80849E-1 1.80982E-1 1.6102E-1 1.39201E-1 1.02526E-1 1.04879E-1 1.41546E-1 1.76737E-1 2.23394E-1 -9999 -9999 -9999 -9999 -9999 -9999 -9999 -9999 -9999 -9999 -9999 -9999 -9999 -9999 -9999
1.93069E-2 2.48587E-2 2.16032E-2 3.30496E-2 3.90321E-2 6.59847E-2 5.62564E-2 6.75738E-2 7.56743E-2 7.55966E-2 8.22572E-2 9.44155E-2 8.04038E-2 8.93087E-2 8.88972E-2 9.41423E-2 7.04234E-2 5.73372E-2 4.77916E-2 5.43483E-2 2.76579E-2 1.12415E-1 1.08879E-1 7.1664E-2 4.17255E-2 7.81276E-2 6.84841E-2 5.90173E-2 7.85371E-2 9.81034E-2 1.3909E-1 1.30267E-1 1.46202E-1 2.02373E-1 8.44619E-2 8.35444E-2 1.19465E-1 1.40079E-1 1.5347E-1 1.14754E-1 8.83022E-2 9.55742E-2 1.24608E-1 1.57001E-1 2.41958E-1 -9999 -9999 -9999 -9999 -9999 -9999 -9999 -9999 -9999 -9999 -9999 -9999 -9999 -9999 -9999
1.71018E-2 2.08858E-3 1.95485E-2 2.74883E-2 3.8313E-2 6.75901E-2 5.72583E-2 5.72477E-2 6.25398E-2 6.32531E-2 6.06847E-2 7.01767E-2 9.89246E-2 8.62852E-2 7.82496E-2 8.37465E-2 6.17647E-2 5.5603E-2 4.73118E-2 4.85459E-2 4.7709E-2 9.36359E-2 8.74394E-2 5.7024E-2 5.75716E-2 6.29849E-2 5.04168E-2 5.79667E-2 7.11795E-2 9.46093E-2 1.42492E-1 1.51505E-1 1.63722E-1 1.4654E-1 2.62834E-2 1.56185E-1 -9999 8.66768E-2 1.16952E-1 1.06671E-1 9.10717E-2 1.11812E-1 1.19034E-1 1.56156E-1 1.34689E-1 -9999 -9999 -9999 -9999 -9999 -9999 -9999 -9999 -9999 -9999 -9999 -9999 -9999 -9999 -9999
1.74391E-2 1.89273E-2 2.40317E-2 2.24691E-2 3.35091E-2 6.00977E-2 5.52772E-2 5.59609E-2 6.28379E-2 6.82217E-2 5.94771E-2 4.92407E-2 5.77465E-2 8.83665E-2 7.68459E-2 8.19554E-2 6.0204E-2 5.7844E-2 5.553E-2 5.88142E-2 5.99209E-2 6.94442E-2 7.2655E-2 5.22599E-2 5.37858E-2 5.57083E-2 6.22094E-2 6.82601E-2 6.76007E-2 8.64822E-2 1.29815E-1 1.57942E-1 9.26637E-2 1.6018E-1 1.69531E-1 1.41648E-1 8.86792E-2 1.01793E-1 9.9055E-2 1.38939E-1 1.17575E-1 1.91019E-1 2.06489E-1 1.12589E-1 8.63546E-2 2.20324E-1 -9999 -9999 -9999 -9999 -9999 -9999 -9999 -9999 -9999 -9999 -9999 -9999 -9999 -9999
2.69537E-2 2.37885E-2 1.97203E-2 1.8559E-2 3.0947E-2 4.01909E-2 3.46589E-2 4.6606E-2 6.73845E-2 7.39837E-2 6.59356E-2 5.17049E-2 4.33832E-2 7.14864E-2 1.09276E-1 9.87131E-2 7.19939E-2 7.0516E-2 6.73794E-2 2.86639E-2 7.78991E-2 6.59579E-2 8.04188E-2 5.74876E-2 6.19396E-2 7.41249E-2 6.76091E-2 7.65567E-2 6.959E-2 7.70171E-2 1.14497E-1 1.47847E-1 3.98801E-2 1.28068E-1 1.16549E-1 1.08587E-1 1.27074E-1 1.63284E-1 1.7626E-1 6.77322E-2 8.48403E-2 9.83642E-2 6.56619E-2 1.33442E-1 2.22091E-1 2.74671E-1 2.74403E-1 -9999 -9999 -9999 -9999 -9999 -9999 -9999 -9999 -9999 -9999 -9999 -9999 -9999
2.3327E-3 1.47702E-2 1.33228E-2 4.05472E-3 2.27343E-2 5.01712E-2 5.7094E-2 5.57588E-2 5.76884E-2 7.06248E-2 6.33349E-2 4.95719E-2 4.48811E-2 1.07105E-1 2.73826E-2 1.33661E-1 9.24163E-2 8.89451E-2 8.44369E-2 3.14752E-2 7.63951E-2 6.02384E-2 6.07917E-2 6.80313E-2 7.92345E-2 3.30253E-2 8.32771E-2 7.89346E-2 5.17818E-2 8.30472E-2 1.2274E-1 1.59588E-1 1.6994E-1 1.4649E-1 1.3403E-1 1.31622E-1 1.34413E-1 1.16133E-1 1.30606E-1 1.3035E-1 1.079E-1 1.3072E-1 2.06598E-1 1.3796E-1 6.24551E-2 1.54206E-1 1.81191E-1 -9999 -9999 -9999 -9999 -9999 -9999 -9999 -9999 -9999 -9999 -9999 -9999 -9999
1.42143E-3 9.84706E-3 1.36471E-2 1.51543E-2 2.17068E-2 4.24703E-2 5.59848E-2 7.39094E-2 3.55503E-2 8.0624E-2 7.76997E-2 6.48944E-2 8.10767E-2 9.8263E-2 1.16476E-1 5.63177E-2 4.43809E-2 1.18024E-2 7.38775E-2 9.03889E-2 3.04635E-2 4.43822E-2 2.38811E-2 5.60342E-2 1.01354E-1 1.39087E-1 9.62687E-2 5.72402E-2 4.69024E-2 1.48995E-2 1.11847E-1 1.2516E-1 1.37054E-1 1.28103E-1 1.34376E-1 1.49898E-1 1.26365E-1 1.22147E-1 1.09448E-1 9.75195E-2 9.78926E-2 1.015E-1 1.25183E-1 1.40734E-1 1.59E-1 1.96872E-1 2.89071E-1 -9999 -9999 -9999 -9999 -9999 -9999 -9999 -9999 -9999 -9999 -9999 -9999 -9999
2.95231E-2 2.10883E-2 2.08408E-2 3.06024E-2 3.29462E-2 3.82436E-2 3.63715E-3 7.26108E-3 7.03063E-2 7.60432E-2 9.74258E-2 8.45383E-2 9.71944E-2 1.0379E-1 1.19336E-1 1.64413E-1 1.60716E-1 1.28062E-1 1.63025E-1 2.25108E-1 4.45019E-2 1.39573E-1 1.36792E-1 1.42284E-1 2.44955E-1 2.17384E-1 1.38781E-1 1.4657E-1 1.57616E-1 4.90567E-2 2.72842E-1 2.92274E-1 2.93495E-1 3.01554E-1 3.4841E-1 4.24095E-1 3.9222E-1 3.31295E-1 2.87429E-1 2.54886E-1 3.23375E-1 1.93868E-1 3.88549E-1 4.05634E-1 5.14807E-1 3.73387E-1 3.04266E-1 4.28461E-1 -9999 -9999 -9999 -9999 -9999 -9999 -9999 -9999 -9999 -9999 -9999 -9999
2.28409E-2 2.21376E-2 1.91677E-2 2.73645E-2 3.14797E-2 3.78911E-2 1.05617E-2 4.91369E-2 5.35745E-2 6.01501E-2 8.43306E-2 7.777E-2 8.43131E-2 9.53459E-2 1.15144E-1 1.61746E-1 1.6401E-1 1.61283E-1 1.96727E-1 9.19124E-2 2.35156E-1 1.34691E-1 1.73574E-1 2.0849E-1 2.10724E-1 1.48959E-1 1.36738E-1 1.59941E-1 1.92356E-1 2.06373E-1 2.96202E-1 3.14049E-1 3.40525E-1 3.57394E-1 3.3845E-1 4.08229E-1 4.22722E-1 3.57516E-1 2.84734E-1 2.98088E-1 3.8242E-1 4.20512E-1 2.9633E-1 4.76402E-1 5.60208E-1 1.55049E-1 5.20483E-1 3.85024E-1 3.92253E-1 3.18422E-1 -9999 -9999 -9999 -9999 -9999 -9999 -9999 -9999 -9999 -9999
2.29327E-2 2.59074E-2 3.0167E-2 2.66985E-2 3.2226E-2 3.59374E-2 6.64979E-3 4.74486E-2 4.7721E-2 6.24585E-2 9.72124E-2 9.02556E-2 8.5369E-2 9.15145E-2 1.14334E-1 1.807E-1 1.94263E-1 2.11591E-1 2.28391E-1 2.06837E-1 1.42748E-1 1.73633E-1 1.79392E-1 1.73589E-1 1.11928E-1 1.20506E-1 1.31351E-1 1.64354E-1 2.13623E-1 2.1759E-1 6.84867E-2 1.03951E-1 3.34044E-1 3.80369E-1 3.70211E-1 3.77955E-1 3.68615E-1 3.73636E-1 3.42269E-1 3.83742E-1 4.7012E-1 5.83822E-1 2.51138E-1 2.85333E-1 4.11793E-1 5.52991E-1 5.11226E-1 4.37635E-1 4.37936E-1 3.22228E-1 2.18704E-1 1.8556E-1 -9999 -9999 -9999 -9999 -9999 -9999 -9999 -9999
3.10433E-2 3.45755E-2 3.29016E-2 3.46772E-2 3.58697E-2 1.3564E-2 4.42061E-2 5.47788E-2 6.41749E-2 8.05952E-2 1.13232E-1 1.04002E-1 1.13461E-1 1.27555E-1 1.43461E-1 1.93178E-1 1.55833E-1 1.72324E-2 1.591E-1 1.44073E-1 4.8488E-2 1.24573E-1 1.57801E-1 8.07686E-2 5.36139E-2 9.47549E-2 1.37373E-1 1.91205E-1 2.32317E-1 2.75387E-1 2.12096E-1 3.20374E-1 3.26974E-1 1.40289E-1 3.99994E-1 4.00276E-1 3.76687E-1 4.1284E-1 4.05464E-1 4.89826E-1 5.68969E-1 5.42778E-1 1.30724E-1 3.86119E-1 3.3771E-1 2.8423E-1 4.54222E-1 1.31482E-1 4.6048E-1 3.40983E-1 2.46495E-1 2.45054E-1 2.59306E-1 -9999 -9999 -9999 -9999 -9999 -9999 -9999
4.07192E-2 3.0933E-3 3.80443E-2 3.61052E-2 3.34039E-2 3.48552E-2 4.05325E-2 1.55931E-2 4.69301E-2 1.59019E-2 1.08326E-1 1.15649E-1 1.27989E-1 1.33629E-1 1.50664E-1 1.64183E-1 1.7727E-1 1.23803E-1 1.24784E-1 1.25835E-1 1.02787E-1 -9999 7.82457E-2 5.76273E-2 5.70479E-2 1.00665E-1 1.38131E-1 1.96842E-1 2.44902E-1 3.3045E-1 3.63131E-1 3.19666E-1 3.16959E-1 4.22143E-1 4.0301E-1 3.97084E-1 3.62621E-1 3.89961E-1 3.95047E-1 4.2702E-1 5.22476E-1 5.4049E-1 4.95318E-1 4.93893E-1 4.88953E-1 5.03995E-1 4.68209E-1 8.8705E-2 5.05837E-1 3.69557E-1 2.07009E-1 2.5625E-1 3.06819E-1 -9999 -9999 -9999 -9999 -9999 -9999 -9999
