Phytophthora/models/20240430_1155_37/Phytophthora_PA3_RUN9_MAXENT_outputs/Phytophthora_PA3_RUN9.asc
ncols         225
nrows         269
xllcorner     473000.0
yllcorner     4429100.0
cellsize      50.0
NODATA_value  -9999
[rows 54 to 80 of 269, columns 0 to 59 of 225]
-9999 -9999 -9999 -9999 -9999 -9999 -9999 -9999 -9999 -9999 -9999 -9999 -9999 -9999 -9999 -9999 -9999 -9999 -9999 -9999 -9999 -9999 8.46425E-3 6.52171E-3 1.35704E-2 1.55947E-2 1.32318E-2 1.26833E-2 2.14908E-2 2.06382E-2 2.46885E-2 2.5327E-2 3.34208E-2 3.70306E-2 4.35789E-2 6.42075E-2 2.77309E-2 7.60077E-2 2.68704E-2 5.39637E-2 5.07674E-2 6.95597E-2 5.01411E-2 6.63787E-2 7.72619E-2 2.29216E-2 2.03968E-2 1.3253E-2 1.92848E-2 3.09613E-2 3.16834E-2 2.58355E-2 2.76574E-2 2.71235E-2 2.78617E-2 3.20961E-2 2.63455E-2 1.96325E-2 1.94484E-2 1.75044E-2
-9999 -9999 -9999 -9999 -9999 -9999 -9999 -9999 -9999 -9999 -9999 -9999 -9999 -9999 -9999 -9999 -9999 -9999 -9999 -9999 -9999 -9999 6.80402E-3 1.01404E-2 7.55173E-3 8.24747E-3 1.81762E-2 1.61746E-2 2.06581E-2 1.69589E-2 2.3188E-2 2.74051E-2 3.88939E-2 3.95594E-2 7.78754E-3 6.67386E-2 7.70395E-2 6.84144E-2 5.21315E-2 1.37598E-2 7.05198E-2 3.33075E-2 4.7007E-2 6.49978E-2 9.97932E-2 2.00624E-2 1.81072E-2 2.1247E-2 3.70163E-3 2.07879E-2 2.24791E-2 2.17029E-2 2.60712E-2 1.12331E-2 1.95895E-2 2.43695E-2 1.89045E-2 1.32253E-2 1.24373E-2 1.44467E-2
-9999 -9999 -9999 -9999 -9999 -9999 -9999 -9999 -9999 -9999 -9999 -9999 -9999 -9999 -9999 -9999 -9999 -9999 -9999 -9999 -9999 -9999 5.5011E-3 7.06606E-3 8.69312E-3 9.16118E-3 8.11514E-4 7.92524E-3 1.2488E-2 1.93694E-2 2.99649E-2 3.40225E-2 1.73306E-2 1.59084E-2 5.72561E-2 7.35056E-2 9.08843E-2 1.08798E-1 5.75952E-2 9.08418E-2 7.0904E-2 8.49313E-2 5.41175E-2 6.77576E-2 3.45688E-2 1.00816E-2 1.27776E-2 1.1627E-2 1.80624E-2 1.69358E-2 2.13812E-2 2.50225E-2 3.78506E-3 1.95161E-2 1.5721E-2 1.93579E-2 1.79407E-2 1.27579E-2 1.14724E-2 1.23466E-2
-9999 -9999 -9999 -9999 -9999 -9999 -9999 -9999 -9999 -9999 -9999 -9999 -9999 -9999 -9999 -9999 -9999 -9999 -9999 -9999 -9999 6.68372E-3 5.04857E-3 4.23558E-3 3.82966E-3 6.14256E-3 4.16172E-3 8.74984E-3 1.07477E-2 4.16361E-3 7.35216E-3 1.33948E-2 3.85422E-2 3.71169E-2 6.33176E-2 9.15343E-2 9.16502E-2 9.83041E-2 1.56059E-2 9.77353E-2 9.27951E-3 7.30504E-2 2.54952E-2 5.86996E-2 4.21092E-2 1.77236E-2 1.91582E-2 1.99766E-2 1.71945E-2 1.85434E-2 2.18322E-2 1.19312E-2 1.63881E-2 1.23875E-2 1.1163E-2 1.74001E-2 1.31693E-2 1.52149E-2 1.28209E-2 1.43637E-2
-9999 -9999 -9999 -9999 -9999 -9999 -9999 -9999 -9999 -9999 -9999 -9999 -9999 -9999 -9999 -9999 -9999 -9999 7.07784E-4 1.2837E-3 2.74891E-3 4.69625E-3 6.10714E-3 4.1507E-3 3.25489E-3 5.48637E-3 9.7402E-3 1.00351E-2 1.31357E-2 2.20661E-2 3.81395E-2 3.32598E-2 5.48928E-2 5.9427E-2 8.40129E-2 1.01525E-1 1.08828E-1 9.37569E-2 2.57123E-2 1.03833E-1 1.7028E-2 6.65759E-2 5.97799E-3 8.11415E-2 5.27288E-2 1.52179E-2 1.56116E-2 1.18422E-2 1.5495E-2 1.71904E-2 2.31962E-2 1.61031E-2 1.28835E-2 1.08763E-2 1.20084E-2 1.9374E-2 1.36392E-2 1.33666E-2 7.46534E-3 1.3529E-2
-9999 -9999 -9999 -9999 -9999 -9999 -9999 -9999 -9999 -9999 -9999 -9999 -9999 -9999 -9999 -9999 1.30582E-4 2.84193E-4 5.31283E-4 1.41142E-3 2.36576E-3 3.25158E-3 6.00945E-3 8.15953E-3 5.03463E-3 5.72875E-3 1.49084E-2 1.28922E-2 1.73334E-2 2.53414E-2 4.05774E-2 4.20096E-2 4.67057E-2 4.96314E-2 6.87829E-2 1.00294E-1 7.84602E-2 9.45071E-2 7.91546E-2 7.12567E-2 6.47502E-2 6.81296E-2 7.1829E-2 7.1834E-2 4.20134E-3 1.51743E-2 1.46254E-2 1.62603E-2 1.35172E-2 1.60625E-2 1.9286E-2 1.50622E-2 1.15195E-2 9.21399E-3 1.00867E-2 1.46547E-2 1.42911E-2 9.98736E-3 1.31953E-2 1.52265E-2
-9999 -9999 -9999 -9999 -9999 -9999 -9999 -9999 -9999 -9999 -9999 -9999 -9999 -9999 -9999 2.55338E-4 2.68443E-4 2.63778E-4 2.8971E-4 1.12757E-3 3.91668E-3 4.57484E-3 6.68035E-3 8.23258E-3 1.13401E-2 8.79391E-3 9.43829E-3 1.49303E-2 2.18659E-2 2.80818E-2 4.65422E-2 5.54381E-2 5.8499E-2 5.58822E-2 6.8482E-2 8.96089E-2 9.02105E-2 8.63229E-2 7.46839E-2 6.54699E-2 5.7663E-2 6.5861E-2 5.85742E-2 6.82265E-2 5.89561E-2 1.72224E-2 8.93217E-3 8.99469E-3 1.26648E-2 1.42157E-2 1.59935E-2 1.7026E-2 1.51765E-2 1.01361E-2 4.01299E-3 6.00572E-3 1.40192E-2 1.16139E-2 1.35598E-3 1.46009E-2
-9999 -9999 -9999 -9999 -9999 -9999 -9999 -9999 -9999 -9999 -9999 -9999 -9999 -9999 1.6196E-3 1.81925E-3 2.22902E-3 2.52843E-3 2.38815E-3 2.92545E-3 4.27027E-3 7.10566E-3 8.66306E-3 1.32484E-2 2.0982E-2 2.26447E-2 4.20826E-2 3.41982E-2 4.32272E-2 4.44996E-2 4.405E-2 6.10005E-2 6.31893E-2 5.66391E-2 7.09312E-2 7.28407E-2 7.31696E-2 5.90013E-2 5.3151E-2 4.97916E-2 3.39457E-2 4.22187E-2 3.47411E-2 3.19727E-2 3.73294E-2 3.60292E-2 3.56815E-2 3.31841E-2 3.48059E-2 3.00928E-2 1.06583E-2 1.03218E-2 3.70615E-3 8.8939E-3 9.73696E-3 1.19158E-2 1.17494E-2 9.67248E-3 9.0858E-3 9.78588E-3
-9999 -9999 -9999 -9999 -9999 -9999 -9999 -9999 -9999 -9999 -9999 -9999 -9999 3.41653E-4 1.89797E-3 2.01167E-3 2.39697E-3 2.90286E-3 2.9451E-3 3.38858E-3 3.83462E-3 5.26229E-3 9.21892E-3 1.10756E-2 1.31132E-2 2.31516E-2 2.82441E-2 4.25888E-2 5.37848E-2 5.9413E-2 5.99115E-2 5.84934E-2 8.04638E-2 8.4577E-2 7.71683E-2 4.69542E-2 6.89489E-2 5.44114E-2 4.17286E-2 4.39205E-2 3.00868E-2 3.13353E-2 3.07613E-2 2.84777E-2 3.15558E-2 2.89772E-2 2.81972E-2 2.69441E-2 2.70827E-2 3.15351E-3 1.03965E-3 7.83078E-4 7.89282E-3 9.86571E-3 8.72687E-3 1.33422E-2 1.62781E-3 1.04112E-2 8.99075E-3 1.18529E-2
-9999 -9999 -9999 -9999 -9999 -9999 -9999 -9999 -9999 -9999 -9999 -9999 -9999 1.43063E-3 2.5393E-3 2.58073E-3 3.19442E-3 3.93286E-3 4.11336E-3 4.67859E-3 5.1514E-3 8.26117E-3 6.60304E-3 8.08014E-3 9.73057E-3 2.70339E-2 3.66997E-2 5.10719E-2 6.02073E-2 5.81232E-2 5.78063E-2 5.7905E-2 6.70427E-2 7.80254E-2 4.11406E-2 6.74186E-2 5.32851E-2 4.43176E-2 3.34293E-2 3.62566E-2 2.97639E-2 3.11674E-2 2.92493E-2 2.76664E-2 2.69522E-2 2.53628E-2 2.35601E-2 2.69785E-2 2.97603E-2 2.02381E-2 6.89964E-3 6.57943E-3 7.67793E-3 9.65382E-3 9.66104E-3 3.6829E-3 1.25241E-2 3.78102E-3 7.42976E-4 1.32954E-2
-9999 -9999 -9999 -9999 -9999 -9999 -9999 -9999 -9999 -9999 -9999 -9999 -9999 1.70695E-3 3.1073E-3 3.14301E-3 3.68779E-3 4.17569E-3 4.83843E-3 5.35864E-3 6.12589E-3 6.97791E-3 9.34061E-3 1.28155E-2 1.73146E-2 2.70698E-2 3.68201E-2 4.72354E-2 6.71899E-2 7.57168E-2 7.18526E-2 7.27915E-2 7.47382E-2 6.24766E-2 6.44074E-2 5.66527E-2 4.53038E-2 3.82257E-2 4.02848E-2 4.27507E-2 3.21262E-2 3.58864E-2 3.58354E-2 3.03503E-2 2.95734E-2 3.46145E-2 3.21438E-2 2.32423E-2 2.39008E-2 1.8814E-2 6.16093E-3 5.21705E-3 7.39287E-3 3.55506E-3 7.91504E-4 1.65774E-2 2.50273E-3 4.13157E-3 9.75981E-3 1.11703E-2
-9999 -9999 -9999 -9999 -9999 -9999 -9999 -9999 -9999 -9999 -9999 -9999 1.61145E-3 2.09319E-3 3.95275E-3 4.06705E-3 4.96501E-3 5.90205E-3 6.05898E-3 6.50591E-3 7.46039E-3 7.73866E-3 1.06523E-2 1.59009E-2 2.95156E-2 4.65689E-2 3.69897E-2 5.08539E-2 6.44065E-2 6.82753E-2 6.94424E-2 7.46982E-2 8.98359E-2 7.63275E-2 5.46488E-2 4.82886E-2 3.94739E-2 3.56714E-2 3.8388E-2 4.33145E-2 2.8934E-2 6.0137E-3 2.93632E-2 2.84449E-2 2.6512E-2 3.039E-2 3.29896E-2 2.81952E-2 2.62047E-2 1.80975E-2 6.97946E-3 6.24377E-3 8.72851E-4 5.72943E-3 5.81932E-3 9.36958E-3 1.35415E-2 1.73244E-2 1.30859E-2 1.13661E-2
-9999 -9999 -9999 -9999 -9999 -9999 -9999 -9999 -9999 -9999 -9999 -9999 2.64856E-3 7.80145E-3 7.09989E-3 6.51407E-3 7.12935E-3 7.74694E-3 8.52392E-3 8.44251E-3 8.41617E-3 6.22085E-3 1.33281E-2 1.66113E-2 2.07676E-2 4.1334E-2 4.91341E-2 5.64572E-2 5.89593E-2 5.9647E-2 5.16246E-2 4.46293E-2 5.19533E-2 4.89917E-2 3.93934E-2 2.38132E-2 2.55827E-2 2.54926E-2 2.20737E-2 2.65796E-2 2.47183E-2 2.35857E-2 2.82911E-2 2.90977E-2 2.78523E-2 2.62977E-2 2.55242E-2 2.45541E-2 2.42072E-2 1.77854E-2 8.85606E-4 5.40372E-3 8.02567E-3 1.85804E-3 8.06589E-3 1.12585E-2 1.0236E-2 1.17873E-2 1.36577E-2 1.82243E-2
-9999 -9999 -9999 -9999 -9999 -9999 -9999 -9999 -9999 -9999 2.97891E-4 1.69623E-3 1.5516E-3 6.52957E-3 7.62539E-3 7.70297E-3 9.40718E-3 1.07904E-2 1.17739E-2 1.27099E-2 1.05878E-2 8.39928E-3 1.85653E-2 2.66897E-2 2.31641E-2 2.75799E-2 5.58441E-2 6.1505E-2 7.01657E-2 6.65091E-2 5.68476E-2 5.29757E-2 4.82509E-2 3.85878E-2 3.14437E-2 2.38668E-2 2.72518E-2 2.82984E-2 2.54427E-2 2.41862E-2 2.383E-2 2.36553E-2 2.9996E-2 2.82363E-2 2.59183E-2 2.41779E-2 2.48629E-2 2.61122E-2 2.4581E-2 5.81131E-3 1.02723E-2 8.99351E-3 8.04808E-3 7.82835E-3 8.68334E-3 1.13733E-2 9.71799E-3 1.05097E-2 1.36522E-2 1.52068E-2
-9999 -9999 -9999 -9999 -9999 -9999 -9999 -9999 -9999 2.26466E-4 9.85237E-4 1.34273E-3 4.15525E-3 4.39351E-3 5.33778E-3 6.22629E-3 7.94087E-3 1.07006E-2 1.31008E-2 1.3342E-2 1.12727E-2 1.02329E-2 1.88925E-2 1.85963E-2 1.66198E-2 2.46291E-2 7.32519E-2 4.85164E-2 6.80671E-2 6.66571E-2 5.20673E-2 4.6837E-2 4.26904E-2 3.36564E-2 2.6278E-2 2.23291E-2 2.54498E-2 1.03221E-2 3.32458E-2 3.01631E-2 2.83446E-2 2.58157E-2 2.69879E-2 2.41087E-2 2.37754E-2 2.14376E-2 2.20088E-2 2.01735E-2 2.6911E-2 2.06418E-2 7.89227E-3 8.96817E-3 7.8153E-3 2.47827E-3 8.43734E-3 1.20838E-2 1.10785E-2 9.79486E-3 1.1009E-2 1.50955E-2
-9999 -9999 -9999 -9999 -9999 -9999 -9999 -9999 -9999 -9999 1.56878E-3 1.64271E-3 2.1475E-3 3.17045E-3 5.28231E-3 6.2102E-3 8.22453E-3 1.15856E-2 1.38787E-2 1.46783E-2 1.42258E-2 1.69753E-2 2.07703E-2 2.33518E-2 1.63566E-2 3.12844E-2 4.77592E-2 4.50551E-2 4.85624E-2 5.40775E-2 4.72001E-2 4.77804E-2 4.28658E-2 3.48849E-2 2.61441E-2 2.40419E-2 2.80627E-2 3.58245E-2 5.04825E-3 4.27668E-2 3.98009E-2 3.12799E-2 2.81561E-2 2.39186E-2 2.52365E-2 2.28601E-2 2.62534E-2 2.67611E-2 2.92976E-2 1.52945E-3 1.0845E-2 8.66721E-3 8.10422E-3 7.14276E-3 8.36201E-3 3.3449E-3 1.29858E-2 1.15669E-2 9.80649E-3 1.2538E-2
-9999 -9999 -9999 -9999 -9999 -9999 -9999 -9999 -9999 -9999 -9999 -9999 -9999 -9999 5.86867E-3 7.2224E-3 1.00706E-2 1.52872E-2 1.59113E-2 1.46558E-2 1.59391E-2 2.10002E-2 2.53174E-2 2.89909E-2 3.29124E-2 3.52804E-2 4.76297E-2 5.36313E-2 5.66816E-2 5.11985E-2 4.71237E-2 5.4402E-2 4.62426E-2 3.84105E-2 2.83599E-2 2.29356E-2 2.54938E-2 2.87692E-2 4.87591E-2 3.98311E-2 2.06777E-2 3.17832E-2 3.29657E-2 2.69377E-2 2.96113E-2 2.8272E-2 3.22578E-2 2.43644E-2 2.95666E-2 2.23966E-2 9.08956E-3 8.59432E-3 1.65601E-3 6.93563E-3 7.58629E-3 1.21423E-2 1.15296E-2 1.0814E-2 9.70782E-3 1.22793E-2
-9999 -9999 -9999 -9999 -9999 -9999 -9999 -9999 -9999 -9999 -9999 -9999 -9999 -9999 -9999 -9999 -9999 -9999 -9999 1.45725E-2 1.63319E-2 2.80668E-2 3.25502E-2 3.59576E-2 4.0994E-2 4.61637E-2 5.22126E-2 5.99955E-2 6.88208E-2 6.19653E-2 5.43572E-2 2.60756E-2 5.12553E-2 4.25177E-2 3.02179E-2 1.88396E-2 1.93886E-2 1.98201E-2 2.45788E-2 2.75877E-2 3.20988E-2 3.16442E-2 2.48776E-2 1.06203E-2 1.52941E-2 2.60614E-2 1.41163E-2 5.99788E-3 2.93041E-2 1.71336E-2 7.13182E-3 7.83189E-3 6.48195E-3 2.07465E-3 8.02838E-3 9.89182E-3 1.01952E-2 1.01996E-2 9.7431E-3 1.20174E-2
-9999 -9999 -9999 -9999 -9999 -9999 -9999 -9999 -9999 -9999 -9999 -9999 -9999 -9999 -9999 -9999 -9999 -9999 -9999 -9999 1.8254E-2 3.25369E-2 3.69237E-2 4.09028E-2 4.80592E-2 5.02698E-2 4.51146E-2 5.74251E-2 3.90672E-2 9.08249E-2 6.14045E-2 6.40192E-2 5.17212E-2 4.5351E-2 3.13664E-2 2.18839E-2 1.86835E-2 2.18373E-2 2.10019E-2 2.20113E-2 2.54862E-2 2.37667E-2 2.93538E-2 2.77984E-2 3.01519E-2 2.91834E-2 2.51972E-2 2.95961E-2 2.14417E-2 1.35196E-2 6.16795E-3 6.30264E-3 5.70341E-3 6.26375E-3 7.46455E-3 1.1863E-2 1.13102E-2 1.2072E-2 1.27319E-2 1.43702E-2
-9999 -9999 -9999 -9999 -9999 -9999 -9999 -9999 -9999 -9999 -9999 -9999 -9999 -9999 -9999 -9999 -9999 -9999 -9999 -9999 -9999 3.64401E-2 3.65814E-2 3.70215E-2 4.52181E-2 4.16444E-2 5.27008E-2 7.66781E-2 1.01874E-1 9.98701E-3 7.50728E-3 4.49501E-2 4.60252E-2 4.87604E-2 3.80172E-2 2.98625E-2 2.32983E-2 1.97218E-2 1.93394E-2 2.19672E-2 2.62593E-2 2.74658E-2 2.84433E-3 3.11836E-2 3.58756E-2 3.45793E-2 3.35025E-2 2.69288E-2 1.91906E-2 1.33218E-2 6.73426E-3 5.86837E-3 5.30699E-3 6.32315E-3 7.90999E-3 1.26436E-2 1.06796E-2 9.19209E-3 1.39096E-2 1.93279E-2
-9999 -9999 -9999 -9999 -9999 -9999 -9999 -9999 -9999 -9999 -9999 -9999 -9999 -9999 -9999 -9999 -9999 -9999 -9999 -9999 -9999 -9999 3.62019E-2 3.35831E-2 3.77015E-2 3.84455E-2 5.50884E-2 7.73697E-2 8.40919E-2 5.42692E-2 3.58817E-2 4.3038E-2 3.62708E-2 1.93424E-2 4.34865E-2 3.12502E-2 2.34154E-2 2.51346E-2 2.27974E-2 2.38533E-2 2.68792E-2 1.91706E-2 3.03255E-2 2.87244E-2 3.70505E-2 3.12722E-2 2.47875E-2 4.02759E-3 2.20496E-2 1.78518E-2 9.23996E-3 7.3643E-3 8.25303E-3 9.25435E-3 1.07405E-2 1.61382E-2 1.31984E-2 1.05284E-2 1.36947E-2 2.19702E-2
-9999 -9999 -9999 -9999 -9999 -9999 -9999 -9999 -9999 -9999 -9999 -9999 -9999 -9999 -9999 -9999 -9999 -9999 -9999 -9999 -9999 -9999 -9999 2.54542E-2 2.9218E-2 3.39218E-2 5.16737E-2 6.52369E-2 5.79085E-2 3.6892E-2 2.94936E-2 3.43507E-2 3.41475E-2 4.34493E-2 5.27059E-2 2.74728E-2 3.7087E-2 3.49865E-2 2.85009E-2 2.6562E-2 8.14165E-3 2.98093E-2 2.69697E-2 2.39791E-2 2.77337E-2 2.0381E-2 1.86552E-2 2.29166E-2 2.39055E-2 1.33651E-2 9.26721E-3 3.29502E-3 6.51291E-4 9.90012E-3 1.18461E-2 1.67291E-2 1.39423E-2 1.2863E-2 1.41464E-2 2.46446E-2
-9999 -9999 -9999 -9999 -9999 -9999 -9999 -9999 -9999 -9999 -9999 -9999 -9999 -9999 -9999 -9999 -9999 -9999 -9999 -9999 -9999 -9999 -9999 -9999 -9999 3.65047E-2 5.33905E-2 6.58435E-2 6.23727E-2 4.8254E-2 3.4737E-2 3.8499E-2 4.26357E-2 5.90883E-2 6.06722E-2 4.22027E-2 3.9195E-2 3.93781E-2 3.26955E-2 2.65123E-2 3.00616E-2 2.97194E-2 2.53821E-2 2.19377E-2 2.13032E-2 2.4059E-2 2.45318E-2 2.60781E-2 3.63223E-2 3.66907E-2 2.89697E-2 2.50436E-2 2.25703E-2 2.26353E-2 3.19142E-2 5.30083E-2 4.98565E-2 5.91368E-2 5.90584E-2 9.4176E-3
-9999 -9999 -9999 -9999 -9999 -9999 -9999 -9999 -9999 -9999 -9999 -9999 -9999 -9999 -9999 -9999 -9999 -9999 -9999 -9999 -9999 -9999 -9999 -9999 -9999 -9999 -9999 4.80615E-2 4.45485E-2 4.71406E-2 3.89526E-2 2.94499E-2 3.39023E-2 5.51551E-3 2.05026E-2 2.72955E-2 3.30592E-2 2.09507E-2 2.76782E-2 2.5947E-2 2.79864E-2 4.2609E-3 3.05901E-2 2.83043E-2 2.81963E-2 3.31381E-2 3.29425E-2 3.35023E-2 3.70825E-2 3.90743E-2 3.23224E-2 2.75162E-2 1.55476E-2 2.42513E-2 2.78131E-2 4.21578E-2 5.02634E-2 7.15489E-2 5.38447E-2 2.97494E-2
-9999 -9999 -9999 -9999 -9999 -9999 -9999 -9999 -9999 -9999 -9999 -9999 -9999 -9999 -9999 -9999 -9999 -9999 -9999 -9999 -9999 -9999 -9999 -9999 -9999 -9999 -9999 -9999 -9999 3.31493E-2 1.96637E-2 2.57127E-2 1.7176E-2 1.83497E-2 9.33248E-3 6.1916E-3 1.44142E-2 2.95487E-2 1.54322E-2 3.36008E-2 5.43594E-3 2.82032E-2 3.63902E-2 2.69342E-2 2.98996E-2 3.1108E-3 3.79904E-2 3.2894E-2 3.91325E-2 3.78733E-2 3.13681E-2 3.35639E-2 2.92615E-2 2.65127E-2 2.75547E-2 4.58939E-2 4.71257E-2 5.11957E-2 3.65613E-2 3.0087E-2
-9999 -9999 -9999 -9999 -9999 -9999 -9999 -9999 -9999 -9999 -9999 -9999 -9999 -9999 -9999 -9999 -9999 -9999 -9999 -9999 -9999 -9999 -9999 -9999 -9999 -9999 -9999 -9999 -9999 -9999 -9999 7.47633E-3 8.0164E-3 9.64004E-3 1.86075E-2 1.25408E-2 1.58588E-2 1.99822E-2 1.13236E-2 1.52025E-2 2.98372E-2 2.78478E-2 3.17645E-2 3.12409E-2 3.00477E-2 3.70003E-2 3.24421E-2 3.56404E-2 4.43502E-2 5.19293E-2 4.46977E-2 4.52632E-2 3.60743E-2 3.1886E-2 3.35497E-2 4.97588E-2 4.24111E-2 3.50337E-2 3.418E-2 3.2055E-2
-9999 -9999 -9999 -9999 -9999 -9999 -9999 -9999 -9999 -9999 -9999 -9999 -9999 -9999 -9999 -9999 -9999 -9999 -9999 -9999 -9999 -9999 -9999 -9999 -9999 -9999 -9999 -9999 -9999 -9999 -9999 5.81055E-3 6.54505E-3 6.87857E-3 1.83676E-2 1.19601E-2 1.74672E-2 2.79127E-2 3.41385E-2 3.3205E-2 2.17356E-2 1.73349E-2 2.44727E-2 2.27171E-2 1.83978E-2 3.00813E-2 3.04124E-2 3.1976E-2 4.64036E-2 7.46074E-2 8.80344E-3 1.93694E-2 5.06505E-2 4.61508E-2 4.91984E-2 6.66639E-2 5.21801E-2 4.76478E-2 8.19687E-2 4.50629E-2
