Phytophthora/models/20240430_1155_37/Phytophthora_PA3_RUN9_MAXENT_outputs/Phytophthora_PA3_RUN9.asc
ncols         225
nrows         269
xllcorner     473000.0
yllcorner     4429100.0
cellsize      50.0
NODATA_value  -9999
[rows 162 to 188 of 269, columns 60 to 119 of 225]
3.10015E-1 1.2664E-1 2.78392E-1 2.18435E-1 3.86551E-1 4.47733E-1 4.88396E-1 4.69109E-1 4.20732E-1 3.85892E-1 1.82874E-1 4.8803E-1 5.48264E-1 2.85078E-1 6.60377E-1 4.98299E-1 6.7102E-1 6.40741E-1 6.50947E-1 6.80577E-1 6.76887E-1 6.92418E-1 7.07546E-1 4.43341E-1 7.96592E-1 7.0495E-1 4.85692E-1 3.72102E-1 7.22294E-1 6.86044E-1 6.28146E-1 6.01385E-1 6.53636E-1 6.47495E-1 6.32774E-1 6.24252E-1 6.18135E-1 6.08634E-1 5.8568E-1 6.07998E-1 5.85418E-1 5.89767E-1 2.60376E-1 5.83343E-1 5.54997E-1 5.19692E-1 4.99341E-1 4.54806E-1 4.17315E-1 3.41194E-1 1.5157E-1 1.75442E-1 1.38152E-1 1.51399E-1 1.5105E-1 1.97374E-1 2.4009E-1 2.77661E-1 3.30475E-1 5.65313E-1
9.97147E-2 3.65026E-1 3.5769E-1 4.09096E-1 4.14812E-1 3.68864E-1 1.32621E-1 2.856E-1 3.80991E-1 4.34506E-1 4.57991E-1 4.66542E-1 5.41686E-1 6.07503E-1 6.18961E-1 5.54164E-1 6.95045E-1 6.37594E-1 6.03563E-1 6.34125E-1 6.26033E-1 6.30128E-1 6.73937E-1 7.08841E-1 7.23356E-1 6.80258E-1 2.16453E-1 5.28381E-1 6.98875E-1 6.77627E-1 6.36608E-1 5.93295E-1 5.50759E-1 3.87805E-1 5.51935E-1 5.76737E-1 6.04038E-1 6.3678E-1 6.59999E-1 6.78542E-1 1.23774E-1 6.44917E-1 6.28186E-1 6.06115E-1 5.64959E-1 5.49067E-1 5.27212E-1 5.0011E-1 4.51018E-1 3.61262E-1 1.61802E-1 1.72669E-1 1.20846E-1 1.49823E-1 1.60056E-1 1.82804E-1 2.8855E-1 3.51162E-1 5.32765E-1 5.70098E-1
3.86122E-1 3.87317E-1 3.40546E-1 3.78721E-1 4.38798E-1 3.97005E-1 3.9428E-1 3.6818E-1 3.99975E-1 1.20356E-1 4.99403E-1 4.38238E-1 4.48907E-1 5.13588E-1 5.08307E-1 -9999 6.00354E-1 5.08788E-1 6.01526E-1 6.12035E-1 5.76791E-1 5.98371E-1 4.78201E-1 7.40467E-1 7.14016E-1 6.92209E-1 7.01545E-1 5.03243E-1 7.26394E-1 6.92599E-1 6.47083E-1 5.87277E-1 5.5746E-1 5.46809E-1 6.19835E-1 6.55801E-1 6.8143E-1 7.10452E-1 7.26883E-1 7.26406E-1 6.486E-1 5.65638E-1 5.17859E-1 4.82397E-1 4.80381E-1 4.94798E-1 4.71521E-1 4.42603E-1 4.01821E-1 3.16019E-1 1.42497E-1 1.01547E-1 1.83609E-1 1.93616E-1 2.42484E-1 2.55487E-1 3.30051E-1 5.30051E-1 5.69003E-1 2.29049E-1
3.36119E-1 3.62045E-1 4.1566E-1 4.6122E-1 4.18861E-1 3.99296E-1 3.87978E-1 3.47966E-1 3.95706E-1 4.57103E-1 5.41196E-1 4.89695E-1 4.03194E-1 4.08345E-1 4.14893E-1 3.61424E-1 5.32708E-1 5.72152E-1 6.75757E-1 6.74047E-1 6.1218E-1 5.92458E-1 7.37198E-1 7.46802E-1 7.20196E-1 6.92943E-1 7.08869E-1 3.32003E-1 7.15766E-1 6.97053E-1 6.80314E-1 6.6094E-1 4.60655E-1 6.00057E-1 6.2328E-1 6.89954E-1 7.41744E-1 7.82254E-1 5.40294E-1 7.63523E-1 6.77E-1 5.94356E-1 5.16822E-1 4.65816E-1 4.45624E-1 4.55569E-1 4.28465E-1 3.99911E-1 3.63588E-1 2.9729E-1 1.50043E-1 1.66829E-1 1.98321E-1 2.50229E-1 3.01879E-1 3.1825E-1 5.36795E-1 3.2776E-1 5.30466E-1 5.16196E-1
3.70523E-1 3.98061E-1 4.25041E-1 4.31376E-1 4.26781E-1 4.24028E-1 4.15479E-1 3.89374E-1 4.39851E-1 5.27493E-1 6.54581E-1 6.37454E-1 6.05672E-1 5.95018E-1 6.08386E-1 6.66802E-1 4.97343E-1 7.48049E-1 8.25211E-1 7.87108E-1 7.01406E-1 5.45531E-1 6.21102E-1 5.12028E-1 7.79516E-1 4.88339E-1 6.96229E-1 7.16249E-1 7.35806E-1 7.18649E-1 6.97573E-1 6.93254E-1 5.78686E-1 6.38407E-1 6.34493E-1 6.07299E-1 6.53508E-1 6.94805E-1 6.28536E-1 5.64257E-1 6.12715E-1 5.8871E-1 5.29048E-1 4.64093E-1 4.27271E-1 3.90469E-1 3.72796E-1 3.46616E-1 3.23978E-1 2.79482E-1 2.0993E-1 2.55839E-1 3.05023E-1 3.60886E-1 4.40803E-1 5.35116E-1 4.06561E-1 5.48463E-1 3.93554E-1 5.23612E-1
3.7202E-1 4.16589E-1 4.36156E-1 4.28226E-1 4.55049E-1 4.73017E-1 4.61917E-1 4.38878E-1 4.38666E-1 5.37083E-1 2.88638E-1 6.72516E-1 6.76509E-1 6.60181E-1 7.05519E-1 8.15524E-1 7.95435E-1 8.12822E-1 8.4704E-1 8.27374E-1 6.95732E-1 5.98099E-1 6.10166E-1 7.26833E-1 8.0387E-1 6.51611E-1 6.61152E-1 6.9914E-1 5.08422E-1 7.51703E-1 6.25856E-1 6.35219E-1 6.38167E-1 6.53937E-1 6.24466E-1 5.81505E-1 6.16338E-1 2.40454E-1 5.96525E-1 5.49489E-1 5.96627E-1 5.63059E-1 5.11948E-1 4.48454E-1 3.96878E-1 3.38198E-1 3.127E-1 2.86219E-1 2.93737E-1 2.60045E-1 2.26822E-1 3.07788E-1 3.60619E-1 4.34706E-1 5.13854E-1 2.06931E-1 4.37303E-1 2.76881E-1 3.31961E-1 2.83081E-1
4.09716E-1 4.59078E-1 4.81232E-1 4.66927E-1 4.86074E-1 5.20606E-1 5.12016E-1 4.81236E-1 4.56648E-1 5.15687E-1 6.28791E-1 6.88442E-1 6.71596E-1 4.3954E-1 7.2845E-1 8.25775E-1 8.69389E-1 6.4162E-1 8.32646E-1 8.455E-1 7.32949E-1 6.47418E-1 6.07723E-1 6.84135E-1 7.85002E-1 5.73963E-1 6.14252E-1 6.96936E-1 7.34111E-1 5.08979E-1 6.9607E-1 1.8483E-1 6.66416E-1 6.54155E-1 6.31722E-1 5.50459E-1 1.48176E-1 5.19577E-1 4.96457E-1 5.0717E-1 5.86273E-1 5.24206E-1 4.75023E-1 4.02525E-1 3.44436E-1 2.76646E-1 2.63395E-1 2.56315E-1 2.52423E-1 2.89887E-1 2.54316E-1 3.46541E-1 4.00254E-1 4.62373E-1 1.85891E-1 4.92527E-1 1.62402E-1 3.66256E-1 2.89409E-1 2.31698E-1
4.73826E-1 5.33705E-1 5.34491E-1 5.1376E-1 5.31422E-1 8.69675E-2 1.28509E-1 1.23109E-1 4.88271E-1 5.69102E-1 6.55565E-1 6.79193E-1 6.88063E-1 5.68385E-1 6.19178E-1 3.8606E-1 6.27206E-1 8.5776E-1 6.66321E-1 8.46926E-1 7.10045E-1 6.79731E-1 6.47571E-1 5.2015E-1 6.78675E-1 5.637E-1 5.89003E-1 6.77688E-1 6.86891E-1 6.75822E-1 7.02949E-1 7.36584E-1 4.88832E-1 1.35919E-1 6.21182E-1 5.56648E-1 1.75613E-1 5.37501E-1 5.11798E-1 5.60232E-1 6.13675E-1 5.49541E-1 4.8092E-1 4.07037E-1 3.62739E-1 2.8242E-1 2.51236E-1 2.29289E-1 2.90535E-1 3.59463E-1 3.05595E-1 3.83617E-1 4.49784E-1 3.0221E-1 5.95306E-1 4.20299E-1 2.00559E-1 3.69276E-1 2.94597E-1 2.64323E-1
4.73357E-1 4.65361E-1 4.62502E-1 4.722E-1 2.18512E-1 5.11154E-1 4.856E-1 4.61787E-1 4.68303E-1 5.36648E-1 6.58961E-1 6.7749E-1 6.50213E-1 9.49836E-2 5.93244E-1 7.53948E-1 7.21657E-1 6.67619E-1 7.25743E-1 4.73772E-1 6.68071E-1 5.18529E-1 4.08592E-1 6.12239E-1 7.44607E-1 6.11511E-1 6.78358E-1 7.48288E-1 3.40278E-1 6.33208E-1 6.31628E-1 6.83948E-1 7.33964E-1 7.07148E-1 2.3933E-1 1.64423E-1 5.89822E-1 6.02417E-1 6.04032E-1 6.0455E-1 6.56803E-1 6.06489E-1 5.4113E-1 4.70035E-1 4.2272E-1 3.17441E-1 2.72901E-1 2.31406E-1 2.80983E-1 3.8064E-1 3.85594E-1 4.46664E-1 4.97414E-1 3.11804E-1 5.00626E-1 4.68175E-1 4.24212E-1 3.74763E-1 3.10006E-1 2.61715E-1
6.99972E-1 6.72178E-1 6.62395E-1 5.79641E-1 3.07561E-1 6.76035E-1 6.21912E-1 6.26673E-1 6.40819E-1 6.7251E-1 6.3699E-1 5.71427E-1 5.43248E-1 4.93784E-1 6.14201E-1 7.14601E-1 6.57569E-1 6.28958E-1 4.82931E-1 6.81764E-1 1.48856E-1 6.8315E-1 7.03523E-1 6.35946E-1 7.3177E-1 2.05944E-1 5.26764E-1 6.07487E-1 5.86318E-1 4.92589E-1 4.40794E-1 5.17347E-1 6.56821E-1 6.81487E-1 7.13287E-1 7.19437E-1 6.51787E-1 6.31634E-1 6.13905E-1 5.75497E-1 6.3902E-1 5.53334E-1 4.78164E-1 4.09358E-1 3.5246E-1 2.57707E-1 2.07448E-1 1.63823E-1 1.91776E-1 2.62868E-1 3.37002E-1 4.77271E-1 5.64064E-1 4.243E-1 5.25107E-1 5.13536E-1 4.79208E-1 4.21607E-1 3.77336E-1 3.48686E-1
1.83109E-1 3.67063E-1 6.08631E-1 1.46293E-1 5.71914E-1 6.28947E-1 6.14264E-1 6.08987E-1 6.27985E-1 6.6719E-1 5.73681E-1 5.11993E-1 5.53036E-1 4.01453E-1 6.03154E-1 6.59389E-1 7.31087E-1 3.99928E-1 6.99431E-1 7.03251E-1 6.80315E-1 6.6435E-1 7.27965E-1 2.88523E-1 5.89103E-1 4.64529E-1 6.49729E-1 6.34904E-1 6.1003E-1 5.75542E-1 6.01758E-1 6.45852E-1 6.35512E-1 6.86265E-1 6.79734E-1 6.70294E-1 6.0255E-1 5.6701E-1 6.01469E-1 6.59174E-1 6.89341E-1 5.43892E-1 5.02979E-1 4.24999E-1 3.78272E-1 2.63649E-1 1.88723E-1 1.49312E-1 1.77653E-1 2.4883E-1 3.21927E-1 4.09215E-1 5.13404E-1 3.6041E-1 5.36403E-1 5.16486E-1 2.98008E-1 5.0966E-1 4.72641E-1 3.54276E-1
5.83399E-1 5.79086E-1 5.46789E-1 5.57111E-1 5.44947E-1 5.92555E-1 6.08914E-1 5.81146E-1 6.31149E-1 6.40302E-1 5.44656E-1 5.32041E-1 5.48938E-1 1.62818E-1 5.5255E-1 4.95571E-1 4.76088E-1 7.02613E-1 7.22777E-1 7.22216E-1 6.68213E-1 5.51642E-1 6.79136E-1 7.24689E-1 3.01271E-1 5.56456E-1 9.57363E-2 5.75745E-1 6.18017E-1 5.70866E-1 6.02495E-1 6.02695E-1 6.31241E-1 6.80472E-1 4.7537E-1 6.33541E-1 5.74508E-1 5.09827E-1 5.88791E-1 6.31037E-1 6.00114E-1 5.05754E-1 4.6622E-1 4.09317E-1 3.61362E-1 2.37573E-1 1.91457E-1 1.44131E-1 2.17682E-1 2.57032E-1 2.87279E-1 3.64596E-1 4.34706E-1 3.97681E-1 5.21734E-1 5.49541E-1 1.14878E-1 5.46409E-1 4.46814E-1 3.17885E-1
4.62504E-1 4.34041E-1 5.30621E-1 5.22201E-1 5.1412E-1 5.56749E-1 5.91128E-1 6.04301E-1 6.15665E-1 6.35363E-1 5.3028E-1 5.56679E-1 5.85699E-1 1.05892E-1 2.83335E-1 7.21944E-1 7.23371E-1 7.11039E-1 7.53685E-1 7.45755E-1 5.47921E-1 6.99077E-1 6.77146E-1 6.36553E-1 5.6592E-1 6.06391E-1 6.27027E-1 5.88263E-1 5.35255E-1 5.03638E-1 5.30818E-1 5.67913E-1 5.53471E-1 5.44784E-1 5.77308E-1 5.38295E-1 4.64007E-1 4.23557E-1 6.07205E-1 6.1494E-1 6.13691E-1 5.28705E-1 5.05022E-1 3.95412E-1 3.23931E-1 2.44207E-1 1.95353E-1 1.99721E-1 2.4323E-1 2.82771E-1 3.14459E-1 3.7608E-1 4.22907E-1 3.0675E-1 5.10916E-1 3.24739E-1 5.7469E-1 5.19619E-1 4.1248E-1 3.41568E-1
5.23695E-1 5.25517E-1 4.72999E-1 5.19289E-1 5.39195E-1 6.30916E-1 6.32744E-1 5.89637E-1 5.99943E-1 6.10047E-1 5.57109E-1 6.10204E-1 6.2732E-1 2.86404E-1 6.29845E-1 7.1556E-1 6.91124E-1 7.109E-1 7.66421E-1 7.60167E-1 7.01425E-1 7.09173E-1 7.00484E-1 2.95316E-1 5.69264E-1 5.85283E-1 6.17143E-1 2.2432E-1 5.63038E-1 5.03527E-1 5.12381E-1 5.17229E-1 5.19838E-1 4.67037E-1 4.02743E-1 3.67275E-1 3.10246E-1 3.25441E-1 4.00779E-1 5.45168E-1 5.45507E-1 4.8196E-1 4.12192E-1 3.0453E-1 2.80684E-1 2.19213E-1 2.16695E-1 2.4294E-1 2.78746E-1 3.30133E-1 3.51656E-1 4.0946E-1 4.52764E-1 1.28355E-1 4.77093E-1 4.48072E-1 4.41392E-1 4.42821E-1 4.1092E-1 3.40588E-1
6.02449E-1 5.98026E-1 5.90036E-1 5.71343E-1 6.09315E-1 6.14279E-1 5.77764E-1 5.86612E-1 5.6372E-1 5.71049E-1 5.83833E-1 6.24212E-1 6.26593E-1 5.73481E-1 6.1722E-1 6.44121E-1 6.08574E-1 5.83677E-1 6.16823E-1 6.91235E-1 7.62806E-1 4.32211E-1 7.39422E-1 -9999 6.7014E-1 6.6532E-1 6.97461E-1 7.05772E-1 4.80454E-1 6.38156E-1 5.48857E-1 2.70682E-1 5.12221E-1 4.38259E-1 3.80391E-1 4.21757E-1 4.35399E-1 4.35597E-1 5.88402E-1 6.08576E-1 5.28281E-1 4.56857E-1 3.92246E-1 3.25671E-1 2.82095E-1 1.65783E-1 1.75659E-1 2.04266E-1 2.4956E-1 3.36379E-1 4.20951E-1 4.75355E-1 5.02056E-1 1.96109E-1 3.85773E-1 4.20227E-1 9.80279E-2 4.89164E-1 4.8388E-1 3.87868E-1
6.16134E-1 6.17036E-1 1.15148E-1 6.19755E-1 6.22034E-1 6.34546E-1 5.68988E-1 6.27545E-1 5.38007E-1 4.96101E-1 4.94162E-1 5.08367E-1 5.33394E-1 5.04511E-1 6.00993E-1 3.5806E-1 6.34399E-1 6.23081E-1 6.75627E-1 7.24909E-1 4.40052E-1 8.03539E-1 4.00028E-1 5.71501E-1 7.26468E-1 6.16957E-1 5.69199E-1 5.90286E-1 6.37605E-1 6.05527E-1 5.26367E-1 4.90723E-1 4.38588E-1 3.76122E-1 3.41116E-1 4.52093E-1 -9999 -9999 6.49528E-1 6.3151E-1 5.37042E-1 4.79466E-1 4.40687E-1 3.62855E-1 2.90731E-1 1.81429E-1 1.88728E-1 2.25168E-1 2.76182E-1 3.46178E-1 4.32322E-1 5.07923E-1 5.45653E-1 4.00433E-1 4.2647E-1 4.59909E-1 5.01818E-1 5.3583E-1 5.37694E-1 4.06775E-1
5.76712E-1 5.79817E-1 6.11532E-1 6.34736E-1 5.60698E-1 6.78302E-1 6.05658E-1 5.82579E-1 5.15124E-1 5.31299E-1 5.44517E-1 5.67868E-1 3.27038E-1 5.67623E-1 5.35354E-1 5.87936E-1 2.69441E-1 6.46247E-1 6.71533E-1 4.59623E-1 7.56437E-1 7.80477E-1 7.79222E-1 7.54524E-1 7.15373E-1 6.19282E-1 6.34852E-1 6.20446E-1 6.39856E-1 6.0705E-1 5.22687E-1 4.87538E-1 4.45866E-1 3.72472E-1 3.43773E-1 4.76761E-1 6.19459E-1 1.74932E-1 7.60377E-1 6.8847E-1 6.12943E-1 5.45999E-1 4.90389E-1 3.85E-1 2.68282E-1 1.6363E-1 1.83538E-1 2.78367E-1 3.42122E-1 4.17771E-1 4.88497E-1 5.62535E-1 6.38372E-1 6.19171E-1 5.10993E-1 4.56552E-1 5.06229E-1 4.64909E-1 5.69346E-1 5.19512E-1
5.59107E-1 5.49646E-1 5.66782E-1 6.57638E-1 3.09423E-1 7.46519E-1 6.61322E-1 5.10739E-1 5.43797E-1 6.05601E-1 6.16141E-1 2.56342E-1 5.96914E-1 5.66244E-1 5.13425E-1 5.70298E-1 6.32617E-1 6.59447E-1 4.95045E-1 7.42161E-1 7.53844E-1 7.73324E-1 6.33448E-1 7.52071E-1 6.62164E-1 5.75059E-1 6.46366E-1 6.54946E-1 4.18852E-1 6.03435E-1 5.29222E-1 5.26836E-1 4.70872E-1 4.41278E-1 4.39733E-1 5.85312E-1 6.54422E-1 2.8467E-1 7.8201E-1 7.34762E-1 6.48116E-1 5.70042E-1 5.1175E-1 3.92783E-1 2.8885E-1 1.68676E-1 2.05286E-1 2.77823E-1 3.35165E-1 4.46132E-1 5.2132E-1 5.7096E-1 5.04831E-1 5.97901E-1 4.87534E-1 4.21313E-1 4.88326E-1 2.33002E-1 5.36855E-1 5.24262E-1
5.14895E-1 5.07253E-1 5.66096E-1 6.78226E-1 7.93447E-1 6.09514E-1 6.22378E-1 5.14996E-1 5.88151E-1 6.7412E-1 6.42202E-1 6.53026E-1 5.76907E-1 5.39699E-1 5.01327E-1 5.45462E-1 5.9414E-1 6.37881E-1 6.90273E-1 7.27763E-1 7.98569E-1 7.54772E-1 5.29386E-1 6.5779E-1 6.1984E-1 5.91898E-1 6.83396E-1 6.76062E-1 7.02934E-1 6.4287E-1 5.68542E-1 5.60994E-1 4.84959E-1 4.54079E-1 4.52049E-1 5.83098E-1 6.6254E-1 7.62216E-1 8.21297E-1 4.38251E-1 6.75671E-1 5.85057E-1 5.43342E-1 4.1882E-1 3.09481E-1 1.80616E-1 2.3527E-1 3.28635E-1 3.98103E-1 4.83453E-1 5.74773E-1 6.40057E-1 2.02617E-1 5.05102E-1 4.24842E-1 4.04822E-1 4.7505E-1 3.08429E-1 4.22435E-1 4.93409E-1
4.49561E-1 4.71954E-1 5.54915E-1 7.29755E-1 7.4489E-1 6.83166E-1 5.9463E-1 5.81417E-1 6.45527E-1 7.17769E-1 6.68874E-1 6.48495E-1 5.76073E-1 5.26876E-1 4.89726E-1 5.78327E-1 6.22764E-1 6.31503E-1 6.73818E-1 7.13897E-1 7.25267E-1 7.12516E-1 6.62504E-1 5.90114E-1 6.3615E-1 6.50212E-1 6.78021E-1 6.54159E-1 6.37614E-1 6.39493E-1 3.62788E-1 5.48185E-1 4.89089E-1 4.68774E-1 4.22344E-1 5.17107E-1 5.96625E-1 7.31989E-1 7.63928E-1 3.7319E-1 6.30411E-1 5.48502E-1 5.09149E-1 3.79689E-1 2.96235E-1 2.2358E-1 2.75768E-1 3.41593E-1 4.08026E-1 5.12535E-1 6.01475E-1 6.56568E-1 2.13215E-1 5.21331E-1 4.5137E-1 4.33368E-1 4.90837E-1 1.44833E-1 4.42044E-1 3.84295E-1
4.58018E-1 4.60423E-1 5.04182E-1 6.08586E-1 6.69677E-1 6.09715E-1 6.45546E-1 5.27111E-1 7.24126E-1 3.04103E-1 6.82122E-1 6.24195E-1 5.60537E-1 5.253E-1 4.74921E-1 5.4303E-1 5.88567E-1 6.08802E-1 6.72945E-1 6.39482E-1 5.49303E-1 5.44991E-1 5.47973E-1 3.65191E-1 6.55235E-1 6.08425E-1 6.28449E-1 6.1214E-1 6.14171E-1 6.31153E-1 1.92433E-1 4.74532E-1 4.29224E-1 4.44072E-1 4.24533E-1 5.41559E-1 6.24176E-1 7.29846E-1 7.46193E-1 6.73851E-1 6.13125E-1 5.74997E-1 4.94677E-1 3.72538E-1 2.9753E-1 2.81771E-1 3.20263E-1 3.80072E-1 4.29186E-1 5.17304E-1 6.31055E-1 2.98052E-1 4.1068E-1 5.62212E-1 4.48943E-1 4.54084E-1 5.02949E-1 1.7972E-1 4.69233E-1 4.24607E-1
5.23966E-1 5.12703E-1 4.91184E-1 5.21048E-1 6.1104E-1 6.59437E-1 6.85683E-1 7.50794E-1 5.09488E-1 7.64115E-1 6.66688E-1 6.38401E-1 5.55368E-1 5.09208E-1 4.64329E-1 5.17471E-1 5.61946E-1 5.68202E-1 4.59769E-1 4.35223E-1 4.49095E-1 4.65983E-1 4.62737E-1 3.34855E-1 6.44734E-1 6.21283E-1 6.62658E-1 6.58866E-1 6.41917E-1 6.4538E-1 4.9065E-1 4.40354E-1 3.89057E-1 4.22878E-1 4.73586E-1 6.23253E-1 6.84346E-1 6.70721E-1 7.27555E-1 6.33432E-1 5.8645E-1 5.50895E-1 4.53261E-1 3.63079E-1 3.41177E-1 3.55322E-1 3.74733E-1 4.37157E-1 4.35315E-1 5.26572E-1 5.90631E-1 6.3036E-1 4.61294E-1 5.84449E-1 4.53977E-1 4.88282E-1 5.1281E-1 1.37295E-1 4.88968E-1 4.39077E-1
5.87989E-1 5.84442E-1 6.04467E-1 5.70649E-1 6.39118E-1 2.80377E-1 7.50133E-1 2.33924E-1 7.65927E-1 7.40553E-1 6.53672E-1 5.86717E-1 5.43073E-1 4.96221E-1 4.43384E-1 4.68354E-1 4.88893E-1 4.35162E-1 2.80235E-1 3.41795E-1 4.00747E-1 4.17627E-1 4.58144E-1 4.83698E-1 6.71363E-1 6.76725E-1 6.77986E-1 6.24464E-1 6.41659E-1 5.12161E-1 5.41377E-1 4.5229E-1 4.64701E-1 4.73347E-1 4.83781E-1 6.00895E-1 7.01894E-1 7.10691E-1 2.79054E-1 6.12971E-1 5.66156E-1 5.27444E-1 4.18823E-1 3.51839E-1 3.75149E-1 4.11822E-1 4.63824E-1 4.99716E-1 4.83985E-1 5.54334E-1 5.83599E-1 5.8873E-1 5.61616E-1 4.73104E-1 5.29727E-1 3.96684E-1 2.87138E-1 4.37076E-1 4.52995E-1 4.35701E-1
5.44893E-1 6.35162E-1 6.52513E-1 6.20191E-1 2.46724E-1 7.37283E-1 8.11909E-1 7.85908E-1 7.10755E-1 7.16494E-1 6.08603E-1 5.14397E-1 4.82664E-1 4.74089E-1 4.26386E-1 4.15429E-1 3.74609E-1 3.57497E-1 -9999 3.47485E-1 3.39907E-1 3.53803E-1 4.1715E-1 3.56848E-1 6.51621E-1 6.34105E-1 6.08278E-1 6.27769E-1 6.28364E-1 5.89019E-1 4.55109E-1 4.44979E-1 3.60072E-1 5.25123E-1 5.29379E-1 5.96464E-1 6.63993E-1 6.71039E-1 7.2494E-1 4.60986E-1 6.61382E-1 4.90193E-1 4.31863E-1 3.89563E-1 4.44838E-1 4.88195E-1 5.45694E-1 5.564E-1 3.76938E-1 1.73841E-1 5.7099E-1 5.45755E-1 4.86725E-1 2.39231E-1 5.87142E-1 5.50272E-1 1.94092E-1 4.24498E-1 4.46987E-1 4.27305E-1
4.57105E-1 6.32747E-1 6.40083E-1 6.35339E-1 6.51856E-1 7.39377E-1 7.45917E-1 6.4967E-1 6.51751E-1 6.50659E-1 5.44389E-1 4.78845E-1 3.96714E-1 3.41155E-1 3.07017E-1 2.92521E-1 -9999 -9999 2.57154E-1 2.61329E-1 2.73149E-1 3.28308E-1 3.94779E-1 1.56455E-1 6.10016E-1 6.0213E-1 6.08039E-1 6.23553E-1 5.58871E-1 5.03745E-1 4.52539E-1 5.4384E-1 5.86003E-1 6.10447E-1 5.78775E-1 4.9204E-1 5.41543E-1 5.41527E-1 5.1855E-1 3.84152E-1 5.71245E-1 3.8753E-1 4.06789E-1 3.17844E-1 3.37305E-1 4.14035E-1 5.69561E-1 6.22557E-1 4.56212E-1 4.65771E-1 4.12866E-1 4.2074E-1 3.94319E-1 2.09361E-1 4.26706E-1 3.99604E-1 3.90841E-1 3.27249E-1 3.6227E-1 3.45225E-1
5.28788E-1 1.35692E-1 6.69207E-1 6.22659E-1 6.95122E-1 7.1036E-1 6.77343E-1 5.67014E-1 6.47659E-1 6.28801E-1 5.1349E-1 4.79771E-1 4.32978E-1 4.12919E-1 3.78807E-1 3.51568E-1 3.09276E-1 2.72083E-1 2.56517E-1 2.72793E-1 3.30994E-1 3.84216E-1 3.74854E-1 6.02772E-1 6.39481E-1 5.76805E-1 5.76241E-1 5.84166E-1 5.25126E-1 4.88901E-1 4.76745E-1 5.42564E-1 6.25258E-1 2.98877E-1 6.63039E-1 5.64939E-1 5.74677E-1 6.09977E-1 2.79744E-1 6.46562E-1 5.96636E-1 4.13683E-1 4.48814E-1 3.95905E-1 3.72589E-1 4.14245E-1 4.80364E-1 6.07431E-1 4.99027E-1 5.9617E-1 3.94178E-1 3.776E-1 4.31086E-1 2.21106E-1 4.49322E-1 4.05511E-1 4.18274E-1 3.3512E-1 3.78898E-1 1.50477E-1
6.24257E-1 6.06439E-1 6.69341E-1 6.34914E-1 7.06365E-1 6.80283E-1 5.79453E-1 5.1162E-1 5.68078E-1 6.13956E-1 6.44017E-1 5.52642E-1 5.22797E-1 5.19106E-1 4.63919E-1 4.30811E-1 3.62954E-1 3.3791E-1 3.46577E-1 3.57579E-1 2.79057E-1 3.15215E-1 4.85117E-1 5.63923E-1 6.03858E-1 5.04896E-1 4.91338E-1 5.01458E-1 4.90096E-1 4.9801E-1 4.62951E-1 5.30433E-1 6.00471E-1 6.27827E-1 6.7371E-1 4.91706E-1 4.64671E-1 5.8156E-1 6.33091E-1 5.02684E-1 6.06569E-1 3.80067E-1 3.97442E-1 5.15777E-1 4.20896E-1 4.68631E-1 3.4697E-1 2.6048E-1 4.67974E-1 4.37802E-1 3.57426E-1 2.40323E-1 3.15432E-1 2.87993E-1 4.63184E-1 1.0589E-1 4.24573E-1 3.48235E-1 3.80123E-1 3.44088E-1
