Phytophthora/models/20240430_1155_37/Phytophthora_PA3_RUN9_MAXENT_outputs/Phytophthora_PA3_RUN9.asc
ncols         225
nrows         269
xllcorner     473000.0
yllcorner     4429100.0
cellsize      50.0
NODATA_value  -9999
[rows 216 to 242 of 269, columns 120 to 179 of 225]
4.67601E-1 4.09521E-1 3.41942E-1 2.79718E-1 2.39646E-1 2.32045E-1 1.80808E-1 1.36481E-1 1.16412E-1 6.69973E-2 5.65344E-2 4.5279E-2 7.51471E-2 1.09552E-1 1.20594E-1 1.98675E-1 3.85286E-1 3.69247E-1 3.9424E-1 4.2209E-1 5.17979E-1 5.75058E-1 2.0286E-1 5.34306E-1 5.88287E-1 4.15108E-1 4.43532E-1 4.08512E-1 3.49279E-1 2.78026E-1 2.9441E-1 2.89767E-1 4.68816E-1 2.97216E-1 5.77176E-1 1.8519E-1 5.57323E-1 4.5674E-1 3.79557E-1 3.88282E-1 3.50965E-1 4.28864E-1 4.58642E-1 4.42089E-1 4.70864E-1 3.71159E-1 2.26843E-1 2.44967E-1 2.5483E-1 2.08611E-1 1.56853E-1 9.58477E-2 8.05784E-2 6.54751E-2 9.92081E-2 9.24964E-2 2.14626E-1 2.17384E-1 2.25753E-1 2.40082E-1
4.32817E-1 3.70769E-1 3.08793E-1 2.8741E-1 2.52576E-1 2.50928E-1 2.10173E-1 1.56502E-1 1.17764E-1 9.81349E-2 9.70307E-2 9.95953E-2 5.9538E-2 1.08947E-1 1.08256E-1 1.94742E-1 2.55855E-1 2.91453E-1 3.73655E-1 3.83254E-1 4.01791E-1 5.14643E-1 7.95885E-2 5.63035E-1 5.8862E-1 4.48075E-1 1.24426E-1 4.25793E-1 2.92247E-1 2.78856E-1 3.08538E-1 3.6618E-1 3.46193E-1 3.59762E-1 2.14901E-1 5.74185E-1 5.00177E-1 3.86418E-1 3.7736E-1 4.19866E-1 4.13553E-1 5.19093E-1 2.29757E-1 4.42396E-1 5.01193E-1 3.77189E-1 2.66826E-1 1.96068E-1 2.39871E-1 2.14641E-1 1.35547E-1 9.43388E-2 8.7524E-2 7.99858E-2 3.64882E-2 1.9579E-1 1.81909E-1 2.51914E-1 2.49258E-1 3.11348E-1
5.84768E-1 4.60113E-1 3.85352E-1 3.51247E-1 3.07657E-1 2.988E-1 2.54989E-1 1.80178E-1 1.33974E-1 1.07349E-1 1.1937E-1 1.26774E-1 1.33337E-1 1.41221E-1 1.53643E-1 2.02992E-1 2.30291E-1 2.67955E-1 3.37708E-1 3.56988E-1 3.70899E-1 3.93052E-1 5.08738E-1 5.77244E-1 5.46975E-1 4.40879E-1 4.71775E-1 3.2065E-1 3.154E-1 2.81721E-1 3.56481E-1 4.99687E-1 1.65132E-1 5.47176E-1 5.44145E-1 5.06038E-1 4.24581E-1 4.08205E-1 4.17822E-1 4.15619E-1 3.86601E-1 4.79838E-1 5.17001E-1 9.27962E-2 4.81366E-1 3.19674E-1 3.0794E-1 1.54412E-1 1.8822E-1 1.86342E-1 1.14648E-1 9.09322E-2 8.90432E-2 3.14545E-2 1.32702E-1 1.5885E-1 1.95937E-1 2.14349E-1 3.13797E-1 3.53431E-1
5.56389E-1 5.13378E-1 4.82208E-1 3.95391E-1 3.33457E-1 3.15387E-1 2.64738E-1 1.84897E-1 1.59668E-1 1.34183E-1 1.51044E-1 1.66227E-1 1.75858E-1 1.98741E-1 2.04405E-1 2.58636E-1 3.23738E-1 3.28657E-1 3.46187E-1 3.40971E-1 3.36786E-1 3.83396E-1 5.08882E-1 5.28887E-1 4.73336E-1 4.36511E-1 4.17531E-1 3.52136E-1 6.5874E-2 2.68207E-1 3.94619E-1 4.28627E-1 2.66295E-1 5.25068E-1 4.53001E-1 4.74071E-1 4.77209E-1 4.86794E-1 4.83612E-1 4.70901E-1 3.71363E-1 3.86438E-1 4.53641E-1 5.94432E-1 5.80996E-1 3.71897E-1 3.21364E-1 1.38109E-1 1.18161E-1 1.2891E-1 9.31182E-2 5.64205E-2 7.41168E-2 8.74895E-2 1.28418E-1 1.73071E-1 1.953E-1 2.90727E-1 3.60914E-1 4.68887E-1
4.79424E-1 4.7737E-1 4.46285E-1 3.95993E-1 3.67936E-1 3.40186E-1 2.8999E-1 2.23403E-1 1.92941E-1 1.6315E-1 1.96617E-1 2.21579E-1 2.26696E-1 2.53452E-1 2.79708E-1 3.50779E-1 4.05942E-1 3.88551E-1 3.77017E-1 3.99446E-1 3.94976E-1 4.7017E-1 4.83499E-1 4.58852E-1 4.76207E-1 4.31766E-1 4.52309E-1 2.97867E-1 2.98731E-1 1.99725E-1 1.89014E-1 2.78026E-1 3.98881E-1 4.68549E-1 4.16169E-1 5.177E-1 5.45406E-1 5.65085E-1 5.47489E-1 5.31042E-1 4.00086E-1 4.12107E-1 4.61308E-1 5.27233E-1 5.36331E-1 3.4175E-1 2.7465E-1 1.46317E-1 5.29654E-2 1.15423E-1 3.28291E-2 1.02558E-1 8.03592E-2 7.29405E-2 1.25227E-1 2.23047E-1 2.14495E-1 2.62742E-1 3.77063E-1 4.54427E-1
6.32866E-2 3.63134E-1 3.26459E-1 3.2888E-1 3.27091E-1 3.67741E-1 3.28044E-1 2.5231E-1 2.15041E-1 2.12207E-1 3.43975E-1 3.72388E-1 3.62942E-1 3.89025E-1 4.03866E-1 4.33322E-1 4.42708E-1 4.06452E-1 4.0476E-1 4.37168E-1 5.03555E-1 4.93682E-1 5.61576E-1 4.80714E-1 5.44304E-1 5.25344E-1 5.02672E-1 3.11639E-1 3.222E-1 3.63946E-1 3.88946E-1 1.8364E-1 3.96289E-1 3.30918E-1 3.2626E-1 4.03506E-1 4.33219E-1 4.42102E-1 4.16284E-1 4.04936E-1 4.11419E-1 3.99506E-1 4.07453E-1 4.69145E-1 4.54871E-1 2.67251E-1 2.06618E-1 1.16873E-1 1.01011E-1 1.25147E-1 9.165E-2 9.65224E-2 1.52171E-1 1.59623E-1 1.66096E-1 2.44306E-1 3.03308E-1 3.36624E-1 3.63857E-1 4.93277E-1
3.97177E-1 3.95488E-1 4.08906E-1 3.79756E-1 3.80113E-1 4.23684E-1 3.79012E-1 2.99062E-1 2.54452E-1 2.63261E-1 4.18232E-1 4.63523E-1 4.3072E-1 4.59254E-1 4.72828E-1 5.11225E-1 4.8169E-1 4.52765E-1 4.81709E-1 4.77589E-1 6.45379E-1 5.42338E-1 5.95263E-1 5.80958E-1 6.8218E-1 5.20234E-1 4.14988E-1 3.01186E-1 3.19587E-1 3.63734E-1 2.63519E-1 1.84889E-1 3.9835E-1 2.92196E-1 3.61533E-1 3.94025E-1 4.06574E-1 4.2751E-1 4.14125E-1 3.38181E-1 4.07257E-1 3.69428E-1 3.69264E-1 3.04924E-1 3.02932E-1 1.74406E-1 1.32763E-1 1.31554E-1 3.39942E-2 1.09345E-1 1.28623E-1 1.17672E-1 1.79051E-1 2.39141E-1 2.28538E-1 2.46104E-1 3.42738E-1 4.09334E-1 4.27438E-1 4.75018E-1
3.73883E-1 3.87785E-1 4.43689E-1 4.45335E-1 4.38441E-1 5.01732E-1 3.95064E-1 3.06392E-1 2.872E-1 3.03227E-1 4.44325E-1 5.80142E-1 4.90633E-1 5.26314E-1 5.34079E-1 5.61797E-1 5.20744E-1 5.09459E-1 5.5757E-1 5.5413E-1 6.9176E-1 6.2282E-1 6.74158E-1 7.10001E-1 7.11648E-1 4.0753E-1 3.91565E-1 3.27711E-1 3.13162E-1 3.26629E-1 1.61883E-1 2.05232E-1 3.50329E-1 3.02786E-1 3.13097E-1 3.39814E-1 3.49073E-1 3.76056E-1 3.97457E-1 1.91185E-1 4.43308E-1 4.12583E-1 3.87405E-1 3.27492E-1 2.87171E-1 1.8156E-1 1.47062E-1 1.1497E-1 1.11428E-1 8.25071E-2 1.68657E-1 2.08103E-1 2.45655E-1 2.74084E-1 2.83163E-1 3.86505E-1 3.75219E-1 3.67523E-1 3.80356E-1 4.23003E-1
4.49449E-1 4.63977E-1 5.44243E-1 5.1298E-1 5.28072E-1 5.32981E-1 3.84127E-1 3.07929E-1 3.03495E-1 3.47508E-1 4.83138E-1 5.99942E-1 6.12257E-1 5.97777E-1 5.77282E-1 6.06892E-1 6.33034E-1 5.86844E-1 6.40603E-1 6.45709E-1 6.91497E-1 6.76218E-1 7.2649E-1 4.5663E-1 6.7301E-1 4.5878E-1 3.98903E-1 3.5762E-1 2.97522E-1 2.74972E-1 1.02819E-1 2.09342E-1 2.8579E-1 2.26047E-1 2.5541E-1 2.96425E-1 3.34245E-1 3.74805E-1 4.10244E-1 4.0665E-1 8.97167E-2 4.42074E-1 4.22275E-1 4.18345E-1 3.66644E-1 2.47681E-1 2.03096E-1 1.42934E-1 1.22171E-1 1.49599E-1 1.83086E-1 2.02464E-1 1.95681E-1 2.131E-1 2.58035E-1 3.32211E-1 3.62303E-1 3.69836E-1 3.69159E-1 3.96134E-1
5.57479E-1 5.91659E-1 6.22123E-1 1.38102E-1 6.01983E-1 5.01561E-1 3.97299E-1 3.22801E-1 2.7161E-1 3.5041E-1 5.3715E-1 6.34609E-1 6.82646E-1 6.76341E-1 6.44849E-1 6.40308E-1 7.03468E-1 6.66224E-1 3.31385E-1 7.31198E-1 5.80998E-1 6.23333E-1 6.89042E-1 6.70804E-1 6.23151E-1 4.33921E-1 3.99191E-1 3.36829E-1 2.81232E-1 3.51217E-1 7.10359E-2 2.22722E-1 2.24617E-1 1.91291E-1 2.49363E-1 3.0672E-1 3.46559E-1 4.24245E-1 4.33863E-1 4.29373E-1 4.07066E-1 4.82698E-1 4.72676E-1 4.81999E-1 4.69321E-1 3.15545E-1 2.92872E-1 1.97639E-1 7.31754E-2 1.42731E-1 1.75833E-1 2.18627E-1 2.42136E-1 2.41107E-1 2.63336E-1 3.11134E-1 3.4621E-1 3.86094E-1 4.00958E-1 1.21744E-1
6.22288E-1 6.39583E-1 2.74687E-1 5.93564E-1 4.93165E-1 3.5421E-1 3.03588E-1 2.48008E-1 1.96076E-1 2.51692E-1 4.50909E-1 5.68941E-1 6.29799E-1 6.79583E-1 6.36665E-1 2.56124E-1 4.54797E-1 7.19842E-1 7.15482E-1 4.96433E-1 5.79253E-1 6.44181E-1 4.27315E-1 6.39613E-1 5.94593E-1 5.05817E-1 4.73467E-1 4.32562E-1 4.2642E-1 3.68794E-1 5.21013E-2 1.73725E-1 2.02029E-1 1.94205E-1 2.46819E-1 2.94135E-1 3.59883E-1 3.96916E-1 3.80385E-1 3.63692E-1 4.12156E-1 4.52815E-1 4.91352E-1 4.95128E-1 4.88439E-1 4.57406E-1 4.14672E-1 3.76186E-1 7.17087E-2 1.44571E-1 1.15203E-1 1.35972E-1 1.64395E-1 1.97123E-1 2.48384E-1 3.984E-1 4.30797E-1 4.7931E-1 4.05313E-1 4.74674E-1
4.51753E-1 5.65416E-1 5.58906E-1 4.1961E-1 3.46697E-1 2.22394E-1 2.42131E-1 1.37118E-1 2.17552E-1 3.07128E-1 4.3987E-1 5.72361E-1 6.24336E-1 6.85974E-1 6.39954E-1 6.74749E-1 6.92674E-1 6.83944E-1 6.81166E-1 3.70763E-1 6.63028E-1 6.38508E-1 1.83504E-1 6.23023E-1 5.69512E-1 4.95319E-1 4.58154E-1 4.18181E-1 4.70562E-1 2.54194E-1 4.79404E-2 1.90526E-1 1.82059E-1 2.18461E-1 2.68949E-1 3.44345E-1 3.62585E-1 3.65734E-1 3.53104E-1 2.43808E-1 4.06703E-1 4.48795E-1 4.96845E-1 5.05592E-1 4.46837E-1 3.29283E-1 3.79702E-1 3.75175E-1 2.11312E-1 1.47886E-1 1.14034E-1 1.37007E-1 1.8966E-1 2.1989E-1 2.75901E-1 4.34756E-1 4.51564E-1 4.80756E-1 4.63442E-1 4.22846E-1
5.15518E-1 5.36459E-1 5.18313E-1 4.02317E-1 3.1401E-1 1.99514E-1 2.08389E-1 1.3982E-1 1.51039E-1 2.40849E-1 4.75627E-1 5.47646E-1 5.79562E-1 6.43984E-1 5.69798E-1 6.14377E-1 6.32516E-1 6.5875E-1 4.9323E-1 3.94858E-1 7.21467E-1 6.68103E-1 2.20663E-1 6.16861E-1 5.71383E-1 5.37676E-1 5.00584E-1 4.53677E-1 4.27813E-1 1.10129E-1 7.53492E-2 1.89814E-1 2.24802E-1 2.92949E-1 3.43545E-1 4.09016E-1 3.83578E-1 3.65202E-1 3.59029E-1 3.95294E-1 4.11575E-1 4.43201E-1 5.11072E-1 5.08085E-1 4.50222E-1 2.9468E-1 2.94427E-1 3.40917E-1 3.06487E-1 2.60925E-1 1.79567E-1 1.95862E-1 2.44703E-1 2.42351E-1 3.12575E-1 4.71731E-1 4.71534E-1 1.52662E-1 4.56318E-1 4.36586E-1
3.88111E-1 5.15693E-1 4.09001E-1 3.59276E-1 2.91466E-1 1.96114E-1 1.73447E-1 1.48956E-1 1.45679E-1 2.08826E-1 4.14519E-1 5.04867E-1 5.11191E-1 5.91118E-1 4.84486E-1 4.76084E-1 5.3451E-1 5.74026E-1 7.04136E-1 6.33063E-1 5.75939E-1 3.40381E-1 7.10083E-1 6.21918E-1 6.61391E-1 6.16074E-1 5.30687E-1 4.4708E-1 4.1863E-1 4.41655E-2 1.56439E-1 2.2544E-1 2.3887E-1 3.39885E-1 3.64488E-1 4.00042E-1 3.8606E-1 3.80864E-1 2.54235E-1 4.03167E-1 4.42709E-1 4.29528E-1 4.7173E-1 4.76639E-1 4.60714E-1 3.792E-1 3.63659E-1 1.90516E-1 3.5784E-1 2.86126E-1 2.40539E-1 2.99568E-1 3.53869E-1 3.34131E-1 3.41196E-1 4.97034E-1 4.84534E-1 5.07688E-1 4.717E-1 4.377E-1
3.55604E-1 4.35726E-1 2.8449E-1 2.65564E-1 2.49897E-1 1.78498E-1 1.50802E-1 1.3372E-1 1.32277E-1 1.96616E-1 3.32788E-1 4.22567E-1 4.40815E-1 5.03211E-1 3.7541E-1 4.34425E-1 5.1083E-1 6.06946E-1 6.74435E-1 4.94564E-1 7.35608E-1 7.16333E-1 7.06372E-1 6.6823E-1 6.31809E-1 4.45963E-1 5.04366E-1 4.29391E-1 1.49945E-1 8.34215E-2 2.01991E-1 2.32074E-1 2.77526E-1 3.31499E-1 3.26108E-1 3.84052E-1 3.99004E-1 7.35135E-2 4.3345E-1 3.89112E-1 4.76478E-1 4.61484E-1 4.76048E-1 4.74705E-1 5.20974E-1 4.85014E-1 4.94555E-1 1.44335E-1 3.02824E-1 2.36099E-1 1.98353E-1 2.20377E-1 2.45125E-1 2.63621E-1 3.41382E-1 5.00561E-1 4.74978E-1 5.0473E-1 4.61697E-1 4.22409E-1
1.5007E-1 1.47013E-1 1.44941E-1 1.37432E-1 1.33265E-1 1.75724E-1 1.46385E-1 1.34004E-1 1.43648E-1 1.88101E-1 2.71496E-1 2.35469E-1 3.21265E-1 3.14557E-1 3.08141E-1 3.81098E-1 4.26103E-1 5.42034E-1 4.7591E-1 5.5022E-1 5.77236E-1 5.65598E-1 5.4661E-1 5.32616E-1 3.72566E-1 2.2617E-1 2.27331E-1 2.84753E-1 2.07551E-2 1.43837E-1 2.01542E-1 2.28758E-1 2.42885E-1 2.41117E-1 2.89951E-1 3.40863E-1 3.72219E-1 3.01808E-1 4.02292E-1 4.00834E-1 2.5328E-1 7.15184E-2 3.42898E-1 3.48971E-1 3.57219E-1 2.18775E-1 1.86474E-1 4.21204E-2 1.4354E-1 1.18453E-1 2.00349E-1 2.27225E-1 2.42384E-1 3.2539E-1 4.18013E-1 2.82395E-1 5.62395E-1 5.65176E-1 5.50621E-1 4.88942E-1
1.10545E-1 1.0933E-1 1.22418E-1 1.1903E-1 1.07348E-1 1.64613E-1 1.61368E-1 1.67089E-1 1.75419E-1 1.78373E-1 2.4055E-1 2.07868E-1 3.65088E-1 3.00218E-1 3.22353E-1 4.11756E-1 4.42961E-1 5.25393E-1 6.0724E-1 4.7037E-1 4.70803E-1 5.49358E-1 4.20053E-1 3.486E-1 2.93328E-1 2.3648E-1 3.28685E-1 5.34232E-2 5.47503E-2 2.01118E-1 2.10488E-1 2.09506E-1 2.2283E-1 2.59317E-1 3.0075E-1 3.46342E-1 3.87126E-1 4.82642E-1 4.31634E-1 3.50491E-1 3.09802E-1 3.2244E-1 3.4916E-1 4.07006E-1 1.36233E-1 2.17244E-1 1.70704E-1 1.67231E-1 1.29748E-1 1.09158E-1 1.95483E-1 2.21652E-1 2.57101E-1 3.89567E-1 1.23841E-1 6.19485E-1 5.78506E-1 5.46239E-1 5.27723E-1 4.9038E-1
1.8316E-1 1.66488E-1 1.48766E-1 1.20903E-1 1.16546E-1 1.60308E-1 1.75806E-1 1.89689E-1 2.11289E-1 2.78702E-1 2.08501E-1 2.09846E-1 3.59265E-1 2.95225E-1 3.04909E-1 3.7628E-1 4.37998E-1 4.62512E-1 5.27089E-1 2.7332E-1 5.04344E-1 4.01001E-1 3.53461E-1 3.25314E-1 3.12458E-1 3.37689E-1 1.71978E-1 3.7309E-2 1.41469E-1 1.87207E-1 2.10563E-1 1.96904E-1 2.13002E-1 2.66579E-1 3.17487E-1 3.67032E-1 4.10754E-1 5.38582E-1 3.72093E-1 2.47055E-1 2.44495E-1 2.77491E-1 3.59759E-1 3.87118E-1 4.03909E-1 2.54402E-1 2.26157E-1 1.66706E-1 1.38544E-1 1.1181E-1 2.09658E-1 2.45457E-1 2.79398E-1 3.57964E-1 5.88373E-1 6.3456E-1 5.81422E-1 5.25175E-1 4.74594E-1 4.77423E-1
2.06143E-1 1.8656E-1 1.671E-1 1.46788E-1 1.47283E-1 2.2446E-1 2.12149E-1 2.1455E-1 2.29828E-1 3.10579E-1 1.7042E-1 2.07678E-1 3.38268E-1 2.98268E-1 3.13921E-1 3.90766E-1 4.32039E-1 4.44379E-1 4.76592E-1 1.68107E-1 4.41892E-1 4.75336E-1 3.62112E-1 2.65814E-1 1.6429E-1 9.55091E-2 5.96639E-2 4.85438E-2 1.85737E-1 2.25507E-1 2.13233E-1 1.85374E-1 2.26379E-1 2.99279E-1 3.52326E-1 4.24555E-1 5.23567E-1 5.4131E-1 3.35047E-1 2.82668E-1 2.65299E-1 3.20651E-1 9.46016E-2 4.12045E-1 6.56319E-2 1.89336E-1 1.38895E-1 1.36658E-1 1.36132E-1 1.48031E-1 2.75322E-1 3.08086E-1 2.73844E-1 3.20759E-1 3.28583E-1 6.66472E-1 6.13609E-1 5.43144E-1 5.08803E-1 4.69516E-1
1.98178E-1 2.08458E-1 1.9802E-1 1.82247E-1 1.93024E-1 2.78539E-1 2.60472E-1 2.49896E-1 2.4394E-1 3.03628E-1 2.40274E-1 3.38055E-1 2.5483E-1 2.61057E-1 2.78884E-1 3.53172E-1 3.53315E-1 3.87127E-1 4.14454E-1 1.12473E-1 4.62825E-1 3.84514E-1 3.1406E-1 2.36304E-1 1.64617E-1 1.6619E-1 2.03445E-1 2.37744E-1 2.59527E-1 2.35589E-1 1.80548E-1 1.82081E-1 2.1362E-1 2.78509E-1 3.36431E-1 4.65479E-1 5.12127E-1 1.66703E-1 3.46516E-1 3.0141E-1 3.05521E-1 3.26275E-1 8.95684E-2 3.96972E-1 1.17156E-1 1.66352E-1 1.50414E-1 1.1788E-1 1.04675E-1 1.08271E-1 2.25345E-1 2.30235E-1 2.58549E-1 3.16106E-1 4.31665E-1 6.34498E-1 6.03706E-1 5.06699E-1 4.75377E-1 4.41245E-1
3.10008E-1 3.61644E-1 3.57517E-1 3.03753E-1 3.05205E-1 3.33903E-1 3.31865E-1 3.32742E-1 3.07676E-1 3.61515E-1 3.11114E-1 3.91198E-1 3.49645E-1 2.72057E-1 2.60763E-1 3.17402E-1 3.40704E-1 3.6483E-1 4.13917E-1 3.33659E-1 2.74434E-1 2.86086E-1 2.58823E-1 2.75207E-1 3.247E-1 2.99219E-1 3.1058E-1 2.88459E-1 3.07932E-1 2.36896E-1 1.6371E-1 1.80368E-1 1.74175E-1 2.35905E-1 2.96297E-1 3.90404E-1 4.44886E-1 3.62037E-1 3.19735E-1 3.38945E-1 3.64206E-1 4.43485E-1 4.42242E-1 4.22275E-1 6.75202E-2 9.08437E-2 1.23199E-1 9.09769E-2 7.3028E-2 8.72428E-2 3.10338E-1 3.67094E-1 4.21816E-1 4.65023E-1 4.09869E-1 7.19445E-1 7.08009E-1 6.26714E-1 5.71664E-1 5.29341E-1
3.64439E-1 4.05065E-1 4.31472E-1 3.71984E-1 3.66639E-1 3.81747E-1 3.95582E-1 4.13015E-1 3.90962E-1 4.30397E-1 3.60767E-1 4.2201E-1 4.06994E-1 3.08825E-1 2.58481E-1 2.94378E-1 3.04155E-1 3.36182E-1 3.54678E-1 2.92101E-1 4.18483E-1 3.7838E-1 4.06646E-1 3.29021E-1 3.64767E-1 3.29583E-1 3.66118E-1 3.14662E-1 3.72158E-1 2.99095E-1 2.25463E-1 2.04637E-1 1.99578E-1 3.30427E-1 3.48092E-1 3.89087E-1 2.98467E-1 3.19078E-1 4.60517E-2 1.21719E-1 4.07449E-1 4.36611E-1 3.95367E-1 4.14873E-1 4.19153E-1 2.27932E-1 1.4169E-1 1.10894E-1 7.92808E-2 1.134E-1 4.08643E-1 4.68224E-1 4.55927E-1 5.04155E-1 2.74452E-1 7.6979E-1 7.16622E-1 6.42103E-1 5.91653E-1 5.46434E-1
4.00698E-1 4.56754E-1 3.81063E-1 1.06982E-1 7.3209E-2 1.34666E-1 3.97124E-1 4.46261E-1 4.66677E-1 5.21858E-1 3.675E-1 4.93977E-1 4.42424E-1 3.6348E-1 3.1259E-1 3.19783E-1 2.78923E-1 3.07665E-1 3.49395E-1 1.91548E-1 3.56278E-1 4.21498E-1 3.2894E-1 3.52584E-1 4.43577E-1 3.70071E-1 3.70322E-1 3.6818E-1 4.58376E-1 3.50971E-1 2.46273E-1 2.17691E-1 2.88235E-1 3.25559E-1 3.63535E-1 4.30058E-1 2.89636E-1 3.25962E-1 3.48536E-1 3.79145E-1 4.41911E-1 4.71072E-1 4.3044E-1 4.08975E-1 3.4464E-1 8.02956E-2 1.31204E-1 1.02028E-1 8.97624E-2 1.63921E-1 5.09686E-1 5.80743E-1 6.2841E-1 6.19953E-1 6.81117E-1 7.84656E-1 7.5E-1 7.02367E-1 6.50217E-1 5.55321E-1
5.33808E-1 5.08149E-1 4.26549E-1 3.7111E-1 3.61653E-1 3.70477E-1 4.15884E-1 2.98361E-1 3.84144E-1 5.81312E-1 3.50944E-1 5.61509E-1 4.85405E-1 4.08887E-1 3.7148E-1 3.71695E-1 3.46307E-1 3.13929E-1 3.15804E-1 2.05056E-1 3.19225E-1 3.41127E-1 3.20904E-1 3.73331E-1 4.58346E-1 4.19351E-1 3.7641E-1 4.31887E-1 5.15272E-1 3.95848E-1 2.74698E-1 2.69539E-1 3.71461E-1 3.19281E-1 4.32844E-1 1.69973E-1 3.10225E-1 1.1301E-1 3.36738E-1 3.72159E-1 4.68901E-1 4.52989E-1 4.2781E-1 3.74997E-1 1.15456E-1 1.07339E-1 1.05977E-1 9.94475E-2 1.1575E-1 2.17833E-1 6.19221E-1 6.57734E-1 5.01867E-1 6.26854E-1 6.33547E-1 7.59097E-1 7.49498E-1 7.12334E-1 6.60767E-1 5.36121E-1
4.7485E-1 3.62592E-1 2.96148E-1 2.83869E-1 2.94138E-1 3.54207E-1 4.1076E-1 4.99873E-1 4.77077E-1 5.31675E-1 1.60363E-1 5.91282E-1 4.9326E-1 4.4412E-1 4.02792E-1 4.07127E-1 3.7965E-1 3.44705E-1 3.24693E-1 1.88434E-1 3.05675E-1 3.05224E-1 3.55603E-1 3.95388E-1 4.6046E-1 4.03805E-1 3.51622E-1 5.06587E-1 4.69696E-1 3.97837E-1 2.75064E-1 3.43228E-1 4.95133E-2 3.83889E-1 3.15717E-1 3.14544E-1 2.81916E-1 3.10162E-1 3.09358E-1 3.34187E-1 4.3232E-1 4.27874E-1 3.92388E-1 2.38127E-1 2.27608E-1 1.10753E-1 1.14875E-1 1.30704E-1 1.50147E-1 2.32282E-1 6.14768E-1 6.37076E-1 2.01858E-1 6.64385E-1 9.71032E-2 7.40735E-1 7.37776E-1 7.02221E-1 6.6628E-1 5.68963E-1
4.70089E-1 3.94841E-1 3.40391E-1 3.90485E-1 4.31198E-1 4.74119E-1 4.10307E-1 5.77153E-1 6.18224E-1 4.96591E-1 5.73697E-1 7.19081E-1 6.47373E-1 6.11592E-1 5.2789E-1 4.65091E-1 4.55022E-1 4.15562E-1 4.37056E-1 3.01031E-1 2.30084E-1 2.46037E-1 3.01068E-1 3.78668E-1 3.62633E-1 3.52953E-1 4.4439E-1 5.19934E-1 4.78562E-1 2.46869E-1 2.2113E-1 5.38221E-1 3.69235E-1 4.26701E-1 3.68002E-1 3.53433E-1 3.81786E-1 2.68655E-1 3.65509E-1 3.40332E-1 3.21649E-1 3.19374E-1 3.20302E-1 1.25546E-1 2.33904E-1 1.62734E-1 1.72656E-1 2.09822E-1 2.54644E-1 2.95716E-1 2.40277E-1 2.6255E-1 4.37151E-2 2.02511E-1 2.31002E-1 5.34216E-1 6.2955E-1 6.02752E-1 5.78797E-1 5.69766E-1
4.13989E-1 3.90297E-1 3.90107E-1 4.34684E-1 4.70668E-1 4.0215E-1 5.21274E-1 5.27803E-1 5.73114E-1 3.77376E-1 6.2779E-1 6.7832E-1 6.19605E-1 5.55694E-1 5.02242E-1 4.28215E-1 4.0687E-1 3.88091E-1 3.79086E-1 3.49146E-1 8.776E-2 2.56427E-1 3.07513E-1 2.85133E-1 2.45133E-1 3.76999E-1 4.90232E-1 4.04389E-1 4.48115E-1 4.59214E-1 3.92526E-1 5.25115E-1 3.6493E-1 5.1752E-1 4.00567E-1 3.40377E-1 3.78031E-1 3.64902E-1 3.48782E-1 3.05547E-1 2.33839E-1 2.56872E-1 2.54565E-1 1.09327E-1 2.35208E-1 1.33108E-1 1.76762E-1 2.34965E-1 2.29439E-1 2.34976E-1 2.47841E-1 4.07916E-2 2.22365E-1 1.62219E-1 2.16304E-1 5.46399E-1 5.72893E-1 6.0586E-1 5.65775E-1 5.55922E-1
