Phytophthora/models/20240429_1812_56/Phytophthora_PA1_RUN3_MAXENT_outputs/Phytophthora_PA1_RUN3.asc
ncols         225
nrows         269
xllcorner     473000.0
yllcorner     4429100.0
cellsize      50.0
NODATA_value  -9999
[rows 135 to 161 of 269, columns 120 to 179 of 225]
1.50487E-1 1.53203E-1 2.15472E-1 2.26035E-1 3.04878E-1 5.06763E-1 5.25468E-1 5.69906E-1 5.27154E-1 5.93774E-1 6.23455E-1 5.62683E-1 5.60536E-1 5.6438E-1 5.26653E-1 -9999 -9999 -9999 -9999 -9999 -9999 -9999 -9999 -9999 -9999 -9999 -9999 -9999 -9999 -9999 -9999 -9999 -9999 -9999 2.65695E-1 2.38124E-1 2.8143E-1 2.24423E-1 2.05747E-1 2.29077E-1 2.35469E-1 2.03982E-1 2.31631E-1 2.43045E-1 2.24295E-1 1.24798E-1 1.13834E-1 6.55726E-2 7.06634E-2 7.50318E-2 9.57391E-2 1.12551E-1 1.35246E-1 1.11997E-1 2.0733E-1 3.10111E-1 4.05365E-1 3.90497E-1 3.3915E-1 3.0511E-1
3.18309E-1 3.77136E-1 3.99151E-1 4.26089E-1 4.19998E-1 3.79672E-1 3.52817E-1 4.46874E-1 5.31423E-1 4.60454E-1 3.54259E-1 3.01289E-1 3.33568E-1 3.30518E-1 -9999 -9999 -9999 -9999 -9999 -9999 -9999 -9999 -9999 -9999 -9999 -9999 -9999 -9999 -9999 -9999 -9999 -9999 -9999 -9999 2.45543E-1 3.6201E-1 2.82917E-1 2.9465E-1 3.60078E-1 4.02377E-1 3.88545E-1 3.93497E-1 3.15682E-1 3.28247E-1 3.70922E-1 3.47618E-1 3.18391E-1 2.74961E-1 2.46226E-1 2.30303E-1 2.02092E-1 2.11868E-1 2.81924E-1 2.08642E-1 3.87583E-1 3.96035E-1 4.25494E-1 3.90448E-1 4.08458E-1 3.97387E-1
3.2629E-1 3.35004E-1 3.20523E-1 4.60023E-1 4.23126E-1 4.12817E-1 3.41126E-1 4.11735E-1 4.90282E-1 4.71272E-1 -9999 -9999 -9999 -9999 -9999 -9999 -9999 -9999 -9999 -9999 -9999 -9999 -9999 -9999 -9999 -9999 -9999 -9999 -9999 -9999 -9999 -9999 -9999 -9999 2.2245E-1 3.12863E-1 2.16428E-1 2.70635E-1 4.09614E-1 5.06705E-1 4.15534E-1 3.90204E-1 3.09113E-1 3.0812E-1 3.46485E-1 3.26979E-1 3.29382E-1 3.21504E-1 2.80388E-1 2.63886E-1 2.2435E-1 2.17712E-1 2.67214E-1 1.98548E-1 3.61688E-1 3.53339E-1 3.51589E-1 3.96234E-1 4.26098E-1 3.74877E-1
2.93788E-1 3.16392E-1 3.71172E-1 1.81068E-1 2.68809E-1 3.74838E-1 3.20989E-1 3.83364E-1 4.37825E-1 4.24835E-1 -9999 -9999 -9999 -9999 -9999 -9999 -9999 -9999 -9999 -9999 -9999 -9999 -9999 -9999 -9999 -9999 -9999 -9999 -9999 -9999 -9999 -9999 -9999 -9999 -9999 3.41777E-1 3.01066E-1 2.87511E-1 3.74548E-1 4.68218E-1 3.63694E-1 4.28549E-1 3.34113E-1 2.99024E-1 3.35633E-1 2.96751E-1 3.31692E-1 3.12824E-1 3.09379E-1 3.05835E-1 2.6284E-1 2.22818E-1 2.34512E-1 1.86322E-1 3.66841E-1 2.9995E-1 3.10251E-1 3.44739E-1 3.83437E-1 4.11218E-1
2.90938E-1 2.98455E-1 4.66062E-1 4.03132E-1 4.36679E-1 4.25231E-1 3.3286E-1 3.81802E-1 3.6715E-1 4.13714E-1 4.39474E-1 -9999 -9999 -9999 -9999 -9999 -9999 -9999 -9999 -9999 -9999 -9999 -9999 -9999 -9999 -9999 -9999 -9999 -9999 -9999 -9999 -9999 -9999 -9999 -9999 3.75572E-1 3.73429E-1 3.36748E-1 3.50805E-1 4.51298E-1 3.58128E-1 4.79485E-1 4.28611E-1 3.53493E-1 3.61289E-1 3.14073E-1 3.30753E-1 3.25589E-1 3.42234E-1 3.58498E-1 2.6984E-1 2.23492E-1 2.66552E-1 2.7845E-1 3.29771E-1 2.62096E-1 3.12199E-1 3.91212E-1 3.36202E-1 3.2126E-1
3.02094E-1 3.53701E-1 2.97469E-1 3.74045E-1 3.37049E-1 4.00234E-1 3.25826E-1 3.78608E-1 4.15154E-1 4.09102E-1 -9999 -9999 -9999 -9999 -9999 -9999 -9999 -9999 -9999 -9999 -9999 -9999 -9999 -9999 -9999 -9999 -9999 -9999 -9999 -9999 -9999 -9999 -9999 -9999 -9999 3.33429E-1 3.13424E-1 2.92311E-1 3.31839E-1 4.21729E-1 3.32512E-1 4.88221E-1 4.33221E-1 4.08985E-1 3.7259E-1 3.26674E-1 3.29736E-1 3.34006E-1 3.63442E-1 3.84905E-1 1.21308E-1 2.23301E-1 2.42684E-1 2.40544E-1 2.03599E-1 2.42627E-1 3.14644E-1 3.10511E-1 3.80823E-1 4.75465E-1
4.22469E-1 5.23556E-1 4.66309E-1 4.15469E-1 4.71779E-1 2.72601E-1 2.59732E-1 2.25826E-1 2.91006E-1 1.83114E-1 -9999 -9999 -9999 -9999 -9999 -9999 -9999 -9999 -9999 -9999 -9999 -9999 -9999 -9999 -9999 -9999 -9999 -9999 -9999 -9999 -9999 -9999 -9999 -9999 -9999 -9999 3.16345E-1 3.70325E-1 4.17527E-1 2.40454E-1 3.44154E-1 3.47355E-1 3.11871E-1 2.92647E-1 2.86102E-1 3.34937E-1 3.44E-1 3.5412E-1 3.82484E-1 3.6578E-1 1.19131E-1 1.91377E-1 1.73798E-1 1.42528E-1 1.25462E-1 8.6436E-2 1.50952E-1 2.0989E-1 3.12065E-1 4.17878E-1
3.96688E-1 5.17084E-1 4.37831E-1 2.92567E-1 4.24061E-1 2.48853E-1 2.71953E-1 2.12803E-1 1.23094E-1 -9999 -9999 -9999 -9999 -9999 -9999 -9999 -9999 -9999 -9999 -9999 -9999 -9999 -9999 -9999 -9999 -9999 -9999 -9999 -9999 -9999 -9999 -9999 -9999 -9999 -9999 -9999 3.80258E-1 1.51163E-1 4.11694E-1 3.80716E-1 2.77307E-1 3.10423E-1 2.89999E-1 2.81313E-1 2.78503E-1 3.36672E-1 3.41512E-1 3.43792E-1 3.76822E-1 3.55286E-1 2.21503E-1 2.17431E-1 1.84577E-1 1.4028E-1 1.36527E-1 1.07775E-1 1.70873E-1 2.13148E-1 2.57786E-1 3.53086E-1
3.31538E-1 4.48739E-1 4.05428E-1 2.33262E-1 3.69846E-1 2.47317E-1 3.16912E-1 1.91655E-1 -9999 -9999 -9999 -9999 -9999 -9999 -9999 -9999 -9999 1.27447E-1 1.42273E-1 1.61195E-1 2.87353E-1 2.76874E-1 1.48209E-1 2.07999E-1 2.9958E-1 3.91038E-1 -9999 -9999 -9999 -9999 -9999 -9999 -9999 -9999 -9999 -9999 3.13444E-1 4.05428E-1 3.96711E-1 3.42669E-1 2.24649E-1 2.58577E-1 2.48877E-1 2.48421E-1 2.58489E-1 3.4462E-1 3.26572E-1 3.13541E-1 3.29074E-1 3.50869E-1 2.8548E-1 2.69799E-1 2.36674E-1 1.91372E-1 1.79241E-1 7.05714E-2 1.69189E-1 2.18289E-1 2.57209E-1 3.26664E-1
4.99105E-1 4.60208E-1 4.66875E-1 4.31749E-1 2.56762E-1 9.70091E-2 -9999 -9999 -9999 -9999 -9999 -9999 -9999 -9999 -9999 -9999 2.02674E-1 1.41608E-1 1.68025E-1 1.95398E-1 2.94532E-1 1.83467E-1 2.4671E-1 3.02109E-1 3.34238E-1 4.3153E-1 -9999 -9999 -9999 -9999 -9999 -9999 -9999 -9999 -9999 -9999 2.48953E-1 3.70851E-1 3.48152E-1 2.97376E-1 1.84643E-1 1.83016E-1 2.01368E-1 2.11247E-1 2.27925E-1 3.33119E-1 2.92848E-1 2.81046E-1 3.01227E-1 3.19881E-1 2.8513E-1 2.87732E-1 1.43648E-1 2.65049E-1 9.58275E-2 2.9161E-1 1.90204E-1 1.64419E-1 2.05297E-1 2.79667E-1
4.55378E-1 3.67012E-1 4.54322E-1 4.73516E-1 3.86679E-1 -9999 -9999 -9999 -9999 -9999 -9999 -9999 -9999 -9999 -9999 -9999 -9999 1.8526E-1 2.03624E-1 2.27817E-1 3.47752E-1 1.32731E-1 3.59622E-1 4.03898E-1 4.02633E-1 4.4759E-1 -9999 -9999 -9999 -9999 -9999 -9999 -9999 -9999 -9999 -9999 1.6114E-1 3.60471E-1 3.37662E-1 2.89442E-1 1.77228E-1 1.56315E-1 1.46382E-1 1.48413E-1 1.79164E-1 3.26968E-1 2.92926E-1 2.61071E-1 2.84878E-1 2.61447E-1 2.49114E-1 2.77014E-1 3.75454E-1 1.66948E-1 3.68413E-1 3.10628E-1 2.20124E-1 1.82962E-1 1.828E-1 2.37137E-1
4.15198E-1 3.67044E-1 4.05221E-1 -9999 -9999 -9999 -9999 -9999 -9999 -9999 -9999 -9999 -9999 -9999 -9999 -9999 -9999 2.35808E-1 2.61769E-1 2.92314E-1 3.43644E-1 3.20256E-1 -9999 -9999 -9999 -9999 -9999 -9999 -9999 -9999 -9999 -9999 -9999 -9999 -9999 -9999 6.76064E-1 6.4311E-1 6.10764E-1 4.82836E-1 2.21264E-1 1.95905E-1 1.82579E-1 1.6925E-1 1.02646E-1 2.91189E-1 2.23419E-1 2.22986E-1 2.81911E-1 2.62826E-1 3.14694E-1 3.33418E-1 3.62793E-1 1.98146E-1 3.44344E-1 1.80508E-1 1.49071E-1 1.16113E-1 1.03966E-1 1.35032E-1
4.34346E-1 2.78984E-1 3.05083E-1 -9999 -9999 -9999 -9999 -9999 -9999 -9999 -9999 -9999 -9999 -9999 -9999 -9999 -9999 2.95658E-1 3.19598E-1 3.3119E-1 4.16556E-1 3.36984E-1 -9999 -9999 -9999 -9999 -9999 -9999 -9999 -9999 -9999 -9999 -9999 -9999 -9999 -9999 -9999 5.02903E-1 7.02349E-1 5.63896E-1 2.79963E-1 2.60583E-1 2.14681E-1 1.92826E-1 6.65115E-2 2.66281E-1 1.71547E-1 2.50409E-1 2.26461E-1 1.73806E-1 7.83492E-2 2.05178E-1 1.53012E-1 1.74533E-1 6.97828E-2 1.44932E-1 1.35321E-1 1.05547E-1 7.95608E-2 9.34987E-2
2.41567E-1 2.23051E-1 2.09917E-1 2.57978E-1 -9999 -9999 -9999 -9999 -9999 -9999 -9999 -9999 -9999 -9999 -9999 -9999 2.62587E-1 3.38987E-1 3.87278E-1 4.02493E-1 4.68187E-1 4.33361E-1 4.6068E-1 5.1631E-1 -9999 -9999 -9999 -9999 -9999 -9999 -9999 -9999 -9999 -9999 -9999 -9999 -9999 6.30285E-1 7.08827E-1 6.20522E-1 3.27961E-1 1.67927E-1 1.46553E-1 2.56929E-1 1.24278E-1 2.81699E-1 1.99657E-1 1.46607E-1 2.66597E-1 1.2332E-1 9.53982E-2 1.28796E-1 1.13105E-1 1.50296E-1 1.59911E-1 1.24419E-1 1.26941E-1 1.12092E-1 9.5033E-2 1.45305E-1
1.53708E-1 3.26375E-1 2.07576E-1 2.82834E-1 2.10375E-1 -9999 -9999 -9999 -9999 -9999 -9999 -9999 -9999 -9999 -9999 4.50966E-1 3.38587E-1 4.06029E-1 4.51823E-1 4.48269E-1 4.81629E-1 5.16874E-1 5.44908E-1 -9999 -9999 -9999 -9999 6.07058E-1 6.12627E-1 6.32583E-1 -9999 -9999 -9999 -9999 -9999 -9999 -9999 6.22078E-1 4.54518E-1 5.96617E-1 3.17233E-1 3.03812E-1 2.78479E-1 2.71255E-1 1.93598E-1 2.89981E-1 2.71332E-1 2.90216E-1 1.78341E-1 1.30231E-1 1.25599E-1 1.58963E-1 2.20418E-1 2.39381E-1 2.47039E-1 1.74261E-1 1.67651E-1 1.74258E-1 1.4805E-1 1.67123E-1
1.54559E-1 3.60288E-1 1.97768E-1 2.58443E-1 2.47049E-1 2.43865E-1 2.44648E-1 3.41837E-1 2.69156E-1 -9999 2.02906E-1 1.68552E-1 1.94847E-1 1.52757E-1 2.61972E-1 3.79507E-1 3.51739E-1 4.97249E-1 5.37567E-1 5.38843E-1 5.49457E-1 2.76238E-1 5.95403E-1 -9999 -9999 -9999 4.54805E-1 5.8703E-1 6.15959E-1 6.55379E-1 7.28814E-1 6.77769E-1 6.80862E-1 -9999 -9999 -9999 5.87502E-1 5.32606E-1 5.54852E-1 3.9681E-1 3.01031E-1 2.7143E-1 2.45514E-1 2.35377E-1 2.65502E-1 3.19135E-1 2.39439E-1 1.3149E-1 2.0266E-1 1.94613E-1 2.15703E-1 2.52468E-1 2.57581E-1 2.77158E-1 2.9708E-1 2.15442E-1 2.24553E-1 1.79694E-1 1.5489E-1 1.71542E-1
4.62103E-1 2.4281E-1 4.07141E-1 3.21478E-1 3.02893E-1 2.25895E-1 2.00259E-1 2.11965E-1 2.7473E-1 3.64153E-1 5.00874E-1 2.37731E-1 2.14251E-1 2.9312E-1 3.47573E-1 2.67701E-1 3.36695E-1 3.97E-1 4.53955E-1 4.81423E-1 2.62757E-1 4.65374E-1 5.29831E-1 5.49898E-1 5.52682E-1 4.46257E-1 4.787E-1 4.99504E-1 4.76677E-1 4.99673E-1 5.86907E-1 6.02771E-1 5.71803E-1 5.09556E-1 4.61668E-1 3.65101E-1 3.3773E-1 2.76532E-1 2.93336E-1 3.38817E-1 1.46027E-1 3.57286E-1 3.38709E-1 3.18622E-1 2.83534E-1 1.41671E-1 1.04015E-1 2.15156E-1 1.44926E-1 1.70656E-1 1.44978E-1 1.67607E-1 1.90205E-1 1.79496E-1 1.98667E-1 1.97298E-1 2.02526E-1 1.46859E-1 1.36197E-1 1.81647E-1
4.53069E-1 3.16705E-1 2.34406E-1 5.14815E-1 2.99882E-1 2.23258E-1 1.92393E-1 2.16149E-1 2.99727E-1 3.57608E-1 3.18324E-1 4.79924E-1 4.72325E-1 2.53849E-1 2.33107E-1 2.38888E-1 2.83703E-1 3.11216E-1 3.70219E-1 4.30481E-1 4.57313E-1 4.58161E-1 4.91288E-1 3.20928E-1 5.33796E-1 4.27816E-1 4.29152E-1 4.68654E-1 4.7096E-1 4.68852E-1 6.21634E-1 5.91535E-1 5.87439E-1 6.18049E-1 5.31122E-1 2.67918E-1 4.19611E-1 2.36249E-1 2.55081E-1 2.89628E-1 3.13603E-1 3.4317E-1 3.29765E-1 2.88092E-1 2.4325E-1 1.52559E-1 2.01114E-1 1.16838E-1 1.47143E-1 1.77308E-1 1.62785E-1 1.77334E-1 2.03575E-1 2.00477E-1 1.5084E-1 9.9608E-2 2.08471E-1 1.4857E-1 1.95732E-1 2.07128E-1
5.34928E-1 4.71478E-1 3.85462E-1 2.65499E-1 3.43671E-1 2.53023E-1 2.21538E-1 2.56569E-1 2.89384E-1 3.21885E-1 2.52494E-1 2.81278E-1 2.37014E-1 2.06977E-1 2.23247E-1 2.17612E-1 2.58962E-1 2.90556E-1 3.3609E-1 3.64123E-1 3.86621E-1 4.24811E-1 4.59289E-1 2.38257E-1 4.24071E-1 1.55326E-1 2.17444E-1 4.45998E-1 4.29328E-1 4.26242E-1 5.9096E-1 5.54614E-1 5.95173E-1 6.2463E-1 5.54277E-1 2.62976E-1 1.35197E-1 2.68823E-1 2.25121E-1 2.64291E-1 2.79236E-1 3.32465E-1 3.51085E-1 3.21066E-1 2.52359E-1 2.164E-1 2.96852E-1 1.46773E-1 1.72682E-1 1.93648E-1 1.65582E-1 1.90649E-1 2.09392E-1 1.90366E-1 1.50847E-1 1.38219E-1 2.26462E-1 1.75427E-1 2.21657E-1 1.70169E-1
6.28046E-1 5.19103E-1 5.22842E-1 5.54199E-1 4.69638E-1 3.27639E-1 2.85087E-1 2.91973E-1 3.21198E-1 3.55534E-1 3.17813E-1 2.90392E-1 2.67731E-1 2.33768E-1 2.2694E-1 1.96665E-1 2.19389E-1 2.43329E-1 2.78517E-1 3.07951E-1 3.39559E-1 4.0751E-1 4.08149E-1 3.16298E-1 3.66694E-1 3.75505E-1 3.701E-1 3.94932E-1 4.35703E-1 4.1955E-1 5.90078E-1 5.98622E-1 6.2574E-1 6.1507E-1 5.17023E-1 3.20467E-1 3.31377E-1 2.58919E-1 1.98392E-1 2.3025E-1 2.6155E-1 3.23267E-1 3.52533E-1 3.34311E-1 2.91624E-1 2.1538E-1 1.82991E-1 1.81414E-1 1.88791E-1 1.97571E-1 1.6438E-1 1.81756E-1 1.94981E-1 1.86562E-1 1.76778E-1 2.00962E-1 2.21999E-1 2.33667E-1 2.41022E-1 1.59566E-1
6.23705E-1 6.28066E-1 5.10564E-1 5.79849E-1 3.39212E-1 4.35271E-1 2.83223E-1 2.74944E-1 3.18812E-1 3.29084E-1 2.42156E-1 3.06374E-1 2.80179E-1 2.58288E-1 2.3357E-1 1.6561E-1 1.78839E-1 1.81965E-1 2.10345E-1 2.44662E-1 2.92166E-1 3.70185E-1 3.811E-1 3.47835E-1 3.63617E-1 3.02365E-1 2.6496E-1 3.06483E-1 1.639E-1 4.29888E-1 5.98273E-1 6.21291E-1 6.42163E-1 6.47318E-1 5.28685E-1 3.65671E-1 3.3221E-1 2.96885E-1 1.84054E-1 1.78683E-1 2.26447E-1 3.0331E-1 1.90185E-1 3.55745E-1 3.06919E-1 2.13448E-1 2.34024E-1 2.23435E-1 1.95623E-1 1.98592E-1 1.51912E-1 1.67789E-1 1.85763E-1 1.9318E-1 1.78475E-1 1.90978E-1 1.96058E-1 2.32862E-1 2.34496E-1 1.61397E-1
5.21546E-1 5.21415E-1 5.14751E-1 4.82258E-1 4.60894E-1 2.54753E-1 3.29851E-1 2.74698E-1 3.25671E-1 3.56778E-1 2.76307E-1 2.66892E-1 2.55031E-1 2.25661E-1 2.09012E-1 2.12887E-1 2.22467E-1 2.44657E-1 2.4279E-1 2.60395E-1 3.07968E-1 2.36682E-1 4.3365E-1 3.77259E-1 3.99323E-1 3.24845E-1 2.57989E-1 2.33504E-1 1.64164E-1 3.84993E-1 4.4954E-1 4.60646E-1 4.93483E-1 5.04011E-1 4.36553E-1 3.66437E-1 3.41859E-1 3.0704E-1 2.29754E-1 2.04808E-1 2.97918E-1 3.69044E-1 4.53486E-1 4.49745E-1 3.84189E-1 3.96124E-2 1.3337E-1 1.1928E-1 1.00436E-1 1.2029E-1 1.69458E-1 1.88374E-1 2.21395E-1 2.25254E-1 9.0417E-2 2.02351E-1 2.28084E-1 2.63944E-1 2.91943E-1 1.84302E-1
5.3612E-1 3.98886E-1 3.8389E-1 5.08031E-1 4.41077E-1 4.40655E-1 3.27236E-1 3.06847E-1 3.45603E-1 3.56941E-1 2.65195E-1 2.56051E-1 2.49043E-1 2.44404E-1 2.27193E-1 2.23317E-1 2.5177E-1 3.04138E-1 3.36976E-1 3.17305E-1 3.48942E-1 3.0841E-1 4.35731E-1 4.05548E-1 3.81351E-1 3.00661E-1 2.90824E-1 2.85989E-1 1.20355E-1 4.24475E-1 4.5351E-1 4.56178E-1 4.99271E-1 5.21851E-1 5.21261E-1 4.21554E-1 2.16404E-1 2.91082E-1 2.3257E-1 2.3723E-1 3.27661E-1 3.93204E-1 4.52493E-1 4.57726E-1 3.54656E-1 8.75203E-2 8.0282E-2 1.30155E-1 1.02129E-1 1.06317E-1 1.5245E-1 1.82376E-1 2.0464E-1 1.97352E-1 7.87021E-2 1.8653E-1 2.0324E-1 2.86314E-1 1.54157E-1 1.4888E-1
5.76398E-1 5.92381E-1 5.41499E-1 4.37316E-1 3.79344E-1 3.39865E-1 3.00754E-1 2.915E-1 3.86314E-1 1.77541E-1 3.06954E-1 2.92153E-1 2.60528E-1 2.52738E-1 2.50699E-1 2.88895E-1 3.14682E-1 3.63345E-1 4.16564E-1 3.84594E-1 3.79198E-1 2.41568E-1 4.47553E-1 4.20469E-1 4.5307E-1 3.61961E-1 3.45518E-1 3.53845E-1 4.95313E-1 2.96953E-1 3.67997E-1 4.33886E-1 4.42916E-1 5.03233E-1 4.79955E-1 3.54422E-1 3.11337E-1 2.58454E-1 1.91562E-1 2.28512E-1 3.35391E-1 3.91341E-1 4.53152E-1 3.37885E-1 3.70938E-1 1.12183E-1 2.04082E-2 1.2162E-1 1.03978E-1 9.45088E-2 1.66632E-1 2.15643E-1 2.03074E-1 2.05354E-1 1.97367E-1 1.86783E-1 2.07149E-1 2.90443E-1 2.15767E-1 1.57979E-1
5.34075E-1 4.9214E-1 3.59212E-1 3.32824E-1 2.75722E-1 2.5482E-1 3.48626E-1 2.97786E-1 3.04567E-1 3.97531E-1 3.03084E-1 3.00116E-1 2.71474E-1 2.63998E-1 2.77573E-1 3.57061E-1 3.74559E-1 4.19548E-1 4.7263E-1 4.7693E-1 4.53767E-1 3.95161E-1 4.3819E-1 4.48702E-1 5.10433E-1 4.46856E-1 4.5717E-1 4.62488E-1 4.33924E-1 4.19444E-1 4.91391E-1 4.62742E-1 4.55601E-1 4.18042E-1 3.41564E-1 2.57071E-1 2.56977E-1 2.1333E-1 1.58546E-1 1.83433E-1 3.15663E-1 3.80987E-1 4.38922E-1 2.29661E-1 4.05962E-1 1.38846E-1 1.34381E-2 4.9479E-2 8.33731E-2 8.34699E-2 1.96689E-1 2.22595E-1 2.10714E-1 2.21739E-1 2.09016E-1 1.95106E-1 1.77377E-1 2.51807E-1 1.71731E-1 1.09833E-1
4.56289E-1 3.68428E-1 3.23966E-1 2.75577E-1 2.10371E-1 1.94649E-1 2.39919E-1 4.01397E-1 3.3451E-1 3.84987E-1 3.21362E-1 3.27192E-1 3.04527E-1 3.10539E-1 3.14055E-1 4.1721E-1 4.40523E-1 4.58419E-1 5.18275E-1 5.36502E-1 4.81069E-1 4.01079E-1 3.90532E-1 3.68261E-1 3.92555E-1 2.08252E-1 4.44385E-1 3.79193E-1 4.74485E-1 5.03493E-1 5.07872E-1 4.10657E-1 3.13077E-1 2.82413E-1 2.3608E-1 1.44117E-1 2.17E-1 1.9032E-1 1.33958E-1 1.54964E-1 2.88064E-1 3.54902E-1 4.24694E-1 4.73055E-1 2.55852E-1 1.73953E-1 1.97265E-2 9.38959E-2 8.44394E-2 7.28747E-2 9.10864E-2 2.61646E-1 2.36137E-1 2.36661E-1 2.00374E-1 2.0762E-1 1.59497E-1 1.5637E-1 1.37287E-1 1.03533E-1
4.23724E-1 2.88955E-1 1.94763E-1 1.51397E-1 1.10056E-1 2.14675E-1 3.50059E-1 3.62507E-1 2.38087E-1 3.02619E-1 3.19748E-1 3.58707E-1 3.10665E-1 3.07113E-1 2.95955E-1 3.84648E-1 4.47036E-1 4.45687E-1 5.08287E-1 2.65331E-1 2.05305E-1 2.72817E-1 2.53203E-1 2.51325E-1 2.77285E-1 9.63579E-2 2.37989E-1 2.7926E-1 1.9825E-1 3.62232E-1 2.7195E-1 1.83574E-1 1.26089E-1 1.00515E-1 9.42919E-2 1.10885E-1 1.99235E-1 1.87088E-1 1.40894E-1 1.48645E-1 1.57451E-1 2.02727E-1 2.48877E-1 2.89804E-1 2.97249E-1 1.8181E-1 3.80978E-2 1.18094E-1 1.10962E-1 1.23729E-1 1.25721E-1 1.93753E-1 3.33814E-1 2.67131E-1 2.01808E-1 1.841E-1 1.42337E-1 1.3603E-1 1.1408E-1 9.89945E-2
