Phytophthora/models/20240429_1812_56/Phytophthora_PA1_RUN3_MAXENT_outputs/Phytophthora_PA1_RUN3.asc
ncols         225
nrows         269
xllcorner     473000.0
yllcorner     4429100.0
cellsize      50.0
NODATA_value  -9999
[rows 162 to 188 of 269, columns 0 to 59 of 225]
-9999 -9999 -9999 -9999 -9999 -9999 -9999 -9999 2.43915E-1 5.59711E-1 5.87482E-1 6.11491E-1 6.91127E-1 7.27466E-1 7.84639E-1 8.00777E-1 8.18938E-1 8.17147E-1 8.05949E-1 7.5407E-1 6.48322E-1 5.66436E-1 5.14149E-1 5.57272E-1 6.12067E-1 6.54144E-1 7.59152E-1 6.26701E-1 6.96769E-1 6.6943E-1 3.4315E-1 5.79862E-1 5.87077E-1 4.85771E-1 6.52619E-1 6.24171E-1 5.89108E-1 6.27553E-1 6.32964E-1 5.74544E-1 5.75607E-1 5.40278E-1 4.70913E-1 4.49248E-1 4.98022E-1 5.52219E-1 5.22653E-1 4.66351E-1 4.86728E-1 3.38415E-1 4.02124E-1 4.92825E-1 5.90824E-1 7.31755E-1 6.02634E-1 6.24609E-1 5.08592E-1 5.33355E-1 5.62934E-1 6.55455E-1
-9999 -9999 -9999 -9999 -9999 -9999 -9999 2.77544E-1 2.98759E-1 2.57247E-1 5.02558E-1 5.20077E-1 6.2539E-1 7.35842E-1 7.95784E-1 8.45077E-1 6.34881E-1 6.78244E-1 7.90369E-1 7.05468E-1 6.46869E-1 6.1079E-1 5.58052E-1 5.70485E-1 6.2281E-1 6.65552E-1 7.58919E-1 7.50305E-1 6.64136E-1 5.63002E-1 7.15014E-1 7.02877E-1 7.02118E-1 7.36585E-1 7.01106E-1 4.69159E-1 6.53372E-1 6.9029E-1 6.29915E-1 6.13267E-1 6.16539E-1 5.49232E-1 4.89957E-1 4.74024E-1 5.44449E-1 6.14668E-1 5.48927E-1 4.69523E-1 4.3902E-1 4.0576E-1 4.35715E-1 4.75007E-1 5.50697E-1 6.21762E-1 6.95629E-1 4.9542E-1 6.22392E-1 5.4616E-1 6.36706E-1 3.19433E-1
-9999 -9999 -9999 -9999 -9999 -9999 -9999 2.91958E-1 3.90481E-1 2.70724E-1 2.90882E-1 5.08401E-1 6.27302E-1 6.56541E-1 7.66009E-1 8.24162E-1 6.53642E-1 8.33834E-1 5.82715E-1 7.375E-1 6.78992E-1 6.37639E-1 5.79215E-1 5.63012E-1 6.13641E-1 6.38889E-1 7.27678E-1 7.32631E-1 6.38188E-1 5.0313E-1 5.18797E-1 5.22924E-1 5.57478E-1 5.56255E-1 6.18032E-1 6.83792E-1 4.86455E-1 7.05293E-1 6.6929E-1 6.72502E-1 6.61437E-1 5.76822E-1 5.31332E-1 5.33166E-1 6.06465E-1 6.62793E-1 6.03139E-1 5.07026E-1 4.4534E-1 4.59702E-1 4.47188E-1 4.91454E-1 5.43949E-1 6.3962E-1 5.21185E-1 6.75048E-1 6.39599E-1 3.04809E-1 4.83138E-1 3.55621E-1
-9999 -9999 -9999 -9999 -9999 -9999 1.63951E-1 1.40818E-1 1.40825E-1 1.84894E-1 3.43702E-1 4.72597E-1 5.31184E-1 5.91553E-1 7.17213E-1 6.71626E-1 7.8474E-1 7.33721E-1 5.84915E-1 7.57051E-1 7.17094E-1 6.73228E-1 6.04748E-1 5.4625E-1 5.88426E-1 5.97355E-1 6.75747E-1 6.75759E-1 5.34293E-1 7.10012E-1 4.43468E-1 4.02423E-1 4.10957E-1 3.80634E-1 5.27615E-1 5.83459E-1 6.4341E-1 5.90081E-1 6.84442E-1 6.84593E-1 6.77212E-1 6.24843E-1 6.06997E-1 5.81901E-1 6.35954E-1 3.77401E-1 6.28875E-1 5.33454E-1 4.45776E-1 4.26503E-1 4.2675E-1 4.5825E-1 4.49623E-1 5.47403E-1 4.57178E-1 4.32973E-1 5.2888E-1 4.02909E-1 2.83892E-1 2.01287E-1
-9999 -9999 -9999 -9999 -9999 2.59788E-1 2.18042E-1 1.95739E-1 2.53653E-1 4.23068E-1 5.27745E-1 5.15592E-1 4.96524E-1 5.67468E-1 6.72693E-1 7.21541E-1 6.22768E-1 6.28823E-1 6.34915E-1 6.06368E-1 6.67492E-1 6.32702E-1 5.76451E-1 5.14963E-1 5.29532E-1 5.10082E-1 5.41853E-1 4.69079E-1 6.4202E-1 3.01779E-1 3.15904E-1 3.54018E-1 4.05932E-1 4.87211E-1 5.72143E-1 5.97023E-1 6.21868E-1 6.75026E-1 7.17065E-1 7.26169E-1 7.34261E-1 6.07154E-1 6.93857E-1 6.70036E-1 5.93625E-1 6.83629E-1 6.22139E-1 5.70185E-1 4.89776E-1 4.27789E-1 4.13945E-1 5.01627E-1 4.79617E-1 4.03533E-1 3.79047E-1 3.76722E-1 4.43136E-1 2.72771E-1 2.81602E-1 2.03838E-1
-9999 -9999 -9999 -9999 -9999 2.40408E-1 2.34184E-1 3.53555E-1 4.58671E-1 5.07075E-1 5.97357E-1 5.36685E-1 4.99889E-1 4.04016E-1 6.35842E-1 5.07324E-1 5.62658E-1 5.88938E-1 5.60852E-1 5.15395E-1 5.54074E-1 5.12857E-1 5.86534E-1 4.91686E-1 4.98032E-1 4.33989E-1 4.48505E-1 5.1217E-1 4.05343E-1 3.88367E-1 4.23569E-1 4.6931E-1 4.79691E-1 6.35084E-1 6.6153E-1 6.47126E-1 6.71851E-1 6.30877E-1 7.12084E-1 6.77505E-1 6.57291E-1 6.46265E-1 6.91714E-1 6.66965E-1 6.53814E-1 6.56875E-1 6.16097E-1 5.30287E-1 4.93098E-1 4.75648E-1 4.07234E-1 4.5751E-1 2.0236E-1 2.77695E-1 2.93283E-1 1.46115E-1 3.36766E-1 3.02113E-1 2.98535E-1 2.75845E-1
-9999 -9999 -9999 -9999 -9999 2.78811E-1 4.19646E-1 4.72325E-1 5.1206E-1 5.70214E-1 6.19244E-1 5.78838E-1 5.49789E-1 6.14116E-1 5.57328E-1 5.55667E-1 5.79818E-1 6.29079E-1 6.07063E-1 5.57079E-1 4.6788E-1 4.21776E-1 5.85523E-1 4.25359E-1 5.29574E-1 3.79756E-1 2.80723E-1 5.058E-1 4.09043E-1 4.50385E-1 4.80353E-1 5.4466E-1 6.21985E-1 7.04425E-1 7.17341E-1 5.82891E-1 7.13789E-1 7.18097E-1 6.90297E-1 6.39779E-1 5.94936E-1 6.26393E-1 6.55275E-1 6.24002E-1 6.08781E-1 6.265E-1 5.96746E-1 5.36664E-1 4.42313E-1 3.83487E-1 2.915E-1 3.13137E-1 3.91307E-1 4.15711E-1 3.4347E-1 2.45947E-1 3.87103E-1 4.18734E-1 4.04668E-1 3.54077E-1
-9999 -9999 -9999 -9999 -9999 3.93339E-1 4.94797E-1 5.26681E-1 5.82036E-1 6.19854E-1 6.63895E-1 6.28163E-1 4.51683E-1 6.40827E-1 6.0606E-1 6.15968E-1 5.71114E-1 5.9573E-1 5.47903E-1 4.87308E-1 4.41071E-1 4.14901E-1 5.15737E-1 3.18956E-1 4.07153E-1 1.90559E-1 5.70254E-1 4.50614E-1 4.69524E-1 5.33377E-1 5.84577E-1 6.66853E-1 6.90827E-1 7.36257E-1 5.60602E-1 6.70619E-1 6.9603E-1 6.71299E-1 6.62171E-1 5.86617E-1 5.39695E-1 5.08285E-1 5.36024E-1 5.31384E-1 5.54618E-1 6.07598E-1 5.75335E-1 4.63398E-1 4.54778E-1 3.86471E-1 3.33577E-1 3.62457E-1 4.00758E-1 3.54924E-1 3.52338E-1 3.56643E-1 3.65398E-1 3.84442E-1 4.02761E-1 4.09597E-1
-9999 -9999 -9999 -9999 4.45755E-2 4.69299E-1 5.45665E-1 5.67229E-1 5.99154E-1 6.39306E-1 7.12271E-1 6.85098E-1 4.32238E-1 6.94617E-1 6.77253E-1 6.42972E-1 5.49082E-1 4.75139E-1 4.92255E-1 4.60507E-1 4.34724E-1 4.13863E-1 3.83433E-1 4.08517E-1 2.48132E-1 3.05705E-1 4.25084E-1 4.76745E-1 5.20391E-1 5.64804E-1 6.18165E-1 6.71429E-1 6.57755E-1 6.29938E-1 6.59866E-1 6.91565E-1 6.61165E-1 6.43932E-1 5.94101E-1 5.26387E-1 4.76283E-1 4.61367E-1 4.3719E-1 4.40241E-1 4.87987E-1 6.03583E-1 5.41278E-1 4.60153E-1 4.37021E-1 4.01826E-1 3.61683E-1 4.36751E-1 4.4347E-1 4.27581E-1 5.67023E-1 2.40181E-1 2.89608E-1 3.10915E-1 3.64913E-1 3.6138E-1
-9999 -9999 -9999 -9999 4.9255E-2 2.44227E-1 2.57225E-1 2.90537E-1 3.30108E-1 3.51141E-1 1.55738E-1 2.58333E-1 2.81977E-1 3.45716E-1 3.17532E-1 3.60366E-1 2.49856E-1 1.81343E-1 9.31279E-2 2.08958E-1 1.36873E-1 1.64894E-1 1.67344E-1 2.00871E-1 2.08126E-1 3.15242E-1 4.20083E-1 5.19357E-1 5.6678E-1 5.80709E-1 6.53644E-1 3.20126E-1 6.87479E-1 7.317E-1 7.59206E-1 7.61576E-1 7.48743E-1 7.28208E-1 6.55863E-1 5.97382E-1 5.5325E-1 5.39335E-1 5.34954E-1 5.32431E-1 5.25486E-1 5.49414E-1 4.82602E-1 4.02231E-1 4.12526E-1 3.8995E-1 4.68842E-1 5.23516E-1 5.50877E-1 5.9177E-1 4.94368E-1 5.45619E-1 5.38573E-1 5.54525E-1 5.70262E-1 5.83618E-1
-9999 -9999 -9999 -9999 8.0758E-2 2.39798E-1 2.22896E-1 3.03707E-1 3.1875E-1 3.17444E-1 2.77771E-1 3.20852E-1 3.0232E-1 2.50109E-1 2.49874E-1 1.51712E-1 2.44381E-1 1.36423E-1 1.87175E-1 1.09566E-1 1.26185E-1 1.38907E-1 1.52156E-1 1.97619E-1 2.00074E-1 3.38174E-1 3.99909E-1 3.47341E-1 3.11772E-1 5.86793E-1 6.32451E-1 6.85765E-1 6.96979E-1 7.43386E-1 7.30553E-1 7.33255E-1 7.13692E-1 6.5823E-1 5.91104E-1 5.3208E-1 5.23552E-1 5.05645E-1 4.80817E-1 5.09962E-1 5.10786E-1 5.0224E-1 4.43974E-1 3.79627E-1 4.02098E-1 4.54008E-1 5.21334E-1 4.82797E-1 3.55439E-1 3.4753E-1 3.61692E-1 4.25572E-1 5.81242E-1 6.11715E-1 5.3126E-1 4.60117E-1
-9999 -9999 -9999 -9999 8.61397E-2 1.82037E-1 2.20016E-1 2.7807E-1 2.80853E-1 2.7919E-1 2.18529E-1 2.48599E-1 2.13179E-1 2.39148E-1 1.20306E-1 1.02377E-1 1.94336E-1 1.29344E-1 8.75837E-2 1.11424E-1 1.48811E-1 1.72995E-1 2.01393E-1 2.50727E-1 2.69802E-1 3.42081E-1 4.21101E-1 4.70869E-1 5.38298E-1 5.68686E-1 6.1556E-1 6.53169E-1 7.26498E-1 7.0273E-1 6.98544E-1 7.05667E-1 6.79097E-1 5.9769E-1 5.43829E-1 5.10896E-1 5.35616E-1 5.01578E-1 4.48229E-1 4.7869E-1 4.97749E-1 4.61505E-1 4.72096E-1 4.17912E-1 4.33881E-1 5.06412E-1 2.57032E-1 5.36259E-1 4.16826E-1 4.17293E-1 3.71959E-1 3.2459E-1 4.11184E-1 6.06298E-1 6.05136E-1 4.91845E-1
-9999 -9999 -9999 -9999 9.05941E-2 1.28631E-1 1.91041E-1 3.21346E-1 3.19364E-1 2.83737E-1 2.1382E-1 2.35996E-1 1.47187E-1 2.94223E-1 1.38866E-1 1.17259E-1 1.79976E-1 1.00584E-1 1.08935E-1 1.41537E-1 2.25505E-1 2.28198E-1 2.39471E-1 3.2615E-1 3.38004E-1 4.64996E-1 4.85168E-1 5.52189E-1 5.48364E-1 5.90862E-1 5.70722E-1 6.20583E-1 6.55008E-1 6.53926E-1 6.49075E-1 6.68969E-1 6.03599E-1 5.64412E-1 6.10107E-1 5.66262E-1 5.85359E-1 5.71228E-1 5.1394E-1 5.24193E-1 5.64855E-1 4.77726E-1 5.07708E-1 5.32348E-1 4.87849E-1 5.16074E-1 4.19538E-1 3.96277E-1 4.30382E-1 4.65641E-1 4.14894E-1 3.78939E-1 1.75576E-1 3.81501E-1 3.85568E-1 4.514E-1
-9999 -9999 -9999 7.15947E-2 6.86686E-2 1.17823E-1 1.37554E-1 2.83774E-1 3.07789E-1 3.27361E-1 2.40904E-1 2.8092E-1 4.18912E-1 1.56047E-1 1.45052E-1 1.88058E-1 1.56525E-1 1.48331E-1 1.74915E-1 2.15088E-1 3.97928E-1 4.54122E-1 4.88436E-1 4.44577E-1 5.50384E-1 4.73025E-1 6.66518E-1 6.53606E-1 6.03281E-1 5.81433E-1 5.20979E-1 4.71552E-1 5.92847E-1 6.0453E-1 6.02114E-1 6.29646E-1 6.07792E-1 6.27769E-1 6.80079E-1 6.17447E-1 6.28092E-1 6.36078E-1 5.97442E-1 5.86145E-1 6.19036E-1 5.56537E-1 5.77359E-1 3.94408E-1 3.27237E-1 4.23472E-1 4.40741E-1 4.59778E-1 4.97895E-1 5.01781E-1 4.35644E-1 3.99939E-1 3.49856E-1 2.75923E-1 3.93916E-1 4.69149E-1
1.40106E-2 2.33007E-2 4.18985E-2 8.27411E-2 1.24684E-1 2.47138E-1 3.11779E-1 3.02793E-1 2.46304E-1 2.62989E-1 3.22837E-1 2.04041E-1 1.93991E-1 2.72756E-1 2.95015E-1 3.49838E-1 2.95603E-1 3.50542E-1 3.49455E-1 3.87827E-1 6.29704E-1 6.37551E-1 6.74905E-1 3.77619E-1 7.09537E-1 4.89536E-1 6.87699E-1 6.47593E-1 6.08679E-1 5.20747E-1 4.64853E-1 4.25564E-1 5.22088E-1 5.81034E-1 5.75485E-1 6.13255E-1 6.17476E-1 6.45264E-1 6.92442E-1 6.65401E-1 6.77041E-1 6.77849E-1 6.43276E-1 6.35586E-1 3.80844E-1 6.80442E-1 5.21893E-1 2.9497E-1 3.00099E-1 3.61558E-1 3.39904E-1 3.8396E-1 4.77183E-1 4.91009E-1 4.7921E-1 4.3609E-1 4.01014E-1 4.75672E-1 4.08242E-1 5.64293E-1
-9999 3.17655E-2 4.56522E-2 7.1189E-2 1.04807E-1 2.86947E-1 3.02086E-1 3.08755E-1 3.3001E-1 2.30405E-1 3.69587E-1 1.08286E-1 3.0201E-1 3.40849E-1 3.69052E-1 4.74208E-1 4.22284E-1 4.37103E-1 3.88E-1 4.78218E-1 6.44504E-1 6.53842E-1 6.83292E-1 7.23306E-1 7.30153E-1 5.81362E-1 6.36524E-1 6.54677E-1 5.84113E-1 4.90672E-1 4.60661E-1 4.00696E-1 4.07791E-1 5.2929E-1 5.85838E-1 6.35564E-1 6.75875E-1 6.93336E-1 7.33815E-1 7.1752E-1 7.26676E-1 7.20198E-1 6.01368E-1 7.78265E-1 4.60025E-1 3.64044E-1 3.44786E-1 3.12019E-1 2.78878E-1 3.6132E-1 3.59727E-1 3.86531E-1 5.05383E-1 6.23925E-1 5.99553E-1 5.46442E-1 4.78957E-1 4.59583E-1 5.71712E-1 6.04214E-1
-9999 -9999 7.65475E-2 9.34848E-2 1.1178E-1 1.89199E-1 2.9604E-1 2.95743E-1 3.07531E-1 3.70165E-1 3.42214E-1 5.21615E-1 3.98049E-1 3.82521E-1 3.73082E-1 4.09345E-1 3.69958E-1 3.84557E-1 3.55504E-1 4.11694E-1 4.73374E-1 5.08106E-1 5.51319E-1 5.36079E-1 4.0743E-1 3.88589E-1 6.32919E-1 6.77869E-1 5.87034E-1 5.4795E-1 5.24793E-1 4.48055E-1 3.71547E-1 5.0565E-1 6.03774E-1 6.50824E-1 7.04601E-1 7.27997E-1 7.63722E-1 7.6515E-1 7.80894E-1 6.34072E-1 7.18437E-1 5.6036E-1 4.76759E-1 4.2207E-1 4.35069E-1 4.23166E-1 4.64689E-1 5.04953E-1 4.07764E-1 5.45086E-1 5.5636E-1 5.90475E-1 5.92049E-1 6.55455E-1 5.93732E-1 5.24404E-1 5.00953E-1 5.28536E-1
-9999 -9999 -9999 1.54945E-1 1.88656E-1 2.50149E-1 3.26605E-1 3.12014E-1 2.89012E-1 3.1483E-1 3.08651E-1 5.14279E-1 4.21214E-1 3.61961E-1 3.19115E-1 3.34041E-1 2.43097E-1 2.75588E-1 2.9114E-1 1.89867E-1 4.52831E-1 3.99572E-1 1.49492E-1 3.31418E-1 5.41831E-1 4.01534E-1 4.89257E-1 6.29415E-1 6.14193E-1 6.02386E-1 5.52767E-1 5.00482E-1 3.88625E-1 4.89129E-1 6.04595E-1 6.49144E-1 7.1057E-1 7.56655E-1 7.93612E-1 6.16908E-1 7.65273E-1 6.34445E-1 5.41638E-1 5.83655E-1 6.08986E-1 5.98091E-1 5.07037E-1 4.38386E-1 5.14352E-1 6.76748E-1 3.84211E-1 6.72402E-1 6.26886E-1 6.20958E-1 4.99912E-1 6.42323E-1 5.88923E-1 5.14344E-1 4.49167E-1 4.87997E-1
-9999 -9999 -9999 -9999 2.1559E-1 3.06603E-1 3.65841E-1 3.74814E-1 3.17706E-1 2.98496E-1 2.47106E-1 3.28157E-1 3.12808E-1 2.70629E-1 2.56554E-1 2.84825E-1 3.01187E-1 3.36086E-1 2.53058E-1 3.3798E-1 4.93096E-1 5.17999E-1 4.3357E-1 4.81117E-1 5.01188E-1 4.67145E-1 4.89487E-1 5.60768E-1 5.98693E-1 5.79978E-1 5.94423E-1 5.72643E-1 4.45267E-1 4.85354E-1 5.98757E-1 6.59709E-1 7.15202E-1 7.59194E-1 8.01465E-1 8.28481E-1 6.55939E-1 5.32026E-1 4.92776E-1 5.58734E-1 6.18649E-1 5.09393E-1 4.01586E-1 5.15177E-1 5.92892E-1 6.00018E-1 6.86575E-1 6.69342E-1 6.33577E-1 6.45082E-1 6.05564E-1 6.43634E-1 6.03898E-1 5.80959E-1 5.63732E-1 4.79003E-1
-9999 -9999 -9999 -9999 4.37447E-1 4.49943E-1 5.55601E-1 2.11152E-1 4.44414E-1 3.91636E-1 1.43972E-1 2.59625E-1 2.57673E-1 2.54094E-1 3.2133E-1 4.39843E-1 4.31388E-1 4.2718E-1 3.72977E-1 4.41272E-1 6.43848E-1 3.63101E-1 4.97479E-1 4.16289E-1 5.03086E-1 5.07954E-1 5.68332E-1 5.69574E-1 5.54527E-1 5.74043E-1 5.98405E-1 5.79668E-1 5.38475E-1 5.12636E-1 6.16376E-1 6.47384E-1 6.97818E-1 7.37744E-1 7.21847E-1 8.15979E-1 6.61843E-1 5.56219E-1 5.11372E-1 5.39237E-1 5.65144E-1 5.3995E-1 2.61512E-1 3.76963E-1 6.39285E-1 7.09502E-1 7.20796E-1 6.59223E-1 6.39193E-1 6.36051E-1 5.95337E-1 6.01081E-1 5.74594E-1 6.11861E-1 4.38107E-1 3.91982E-1
-9999 -9999 -9999 -9999 -9999 -9999 4.64E-1 3.66075E-1 3.77281E-1 3.87275E-1 2.94559E-1 2.09009E-1 2.37709E-1 2.76927E-1 3.07062E-1 4.50556E-1 4.6165E-1 4.32027E-1 3.68957E-1 3.66556E-1 5.33938E-1 5.70459E-1 2.89043E-1 2.68541E-1 4.08795E-1 4.22319E-1 4.88116E-1 4.87621E-1 4.68138E-1 5.18997E-1 5.31835E-1 5.60312E-1 5.66366E-1 6.03159E-1 6.55568E-1 6.70114E-1 7.16449E-1 7.50154E-1 7.95014E-1 7.93752E-1 6.32892E-1 4.58173E-1 4.23772E-1 4.57127E-1 5.16736E-1 5.06851E-1 4.98283E-1 5.65938E-1 5.34559E-1 5.0528E-1 3.20511E-1 4.61791E-1 5.65356E-1 6.14448E-1 5.65271E-1 5.21545E-1 5.67103E-1 4.27327E-1 4.1768E-1 4.40893E-1
-9999 -9999 -9999 -9999 -9999 -9999 -9999 -9999 -9999 2.44405E-1 2.02333E-1 1.88611E-1 2.7161E-1 3.2199E-1 3.29645E-1 4.79147E-1 4.45026E-1 3.94438E-1 2.64275E-1 1.43445E-1 2.97201E-1 3.39234E-1 2.76228E-1 3.39466E-1 3.09035E-1 3.616E-1 4.20813E-1 4.70452E-1 4.63808E-1 4.8007E-1 4.71778E-1 5.13258E-1 5.85492E-1 6.31665E-1 6.69161E-1 6.57746E-1 7.21786E-1 5.05505E-1 7.72353E-1 6.94694E-1 5.89342E-1 4.95758E-1 4.43695E-1 4.1987E-1 4.8438E-1 5.48078E-1 5.57735E-1 5.86746E-1 5.78441E-1 4.42479E-1 5.14779E-1 4.62361E-1 5.62186E-1 6.15467E-1 5.96739E-1 5.19568E-1 2.58313E-1 2.71667E-1 3.15354E-1 4.45642E-1
-9999 -9999 -9999 -9999 -9999 -9999 -9999 -9999 -9999 -9999 2.08405E-1 1.47141E-1 2.87461E-1 2.13265E-1 3.61327E-1 5.14313E-1 4.4755E-1 4.57593E-1 3.67684E-1 3.93148E-1 3.65088E-1 3.25551E-1 2.28818E-1 3.03966E-1 2.80048E-1 3.57622E-1 3.94889E-1 4.52599E-1 4.66181E-1 4.71444E-1 4.44909E-1 5.00886E-1 5.60962E-1 6.55743E-1 7.19999E-1 7.11179E-1 7.2836E-1 7.73047E-1 6.14477E-1 6.35804E-1 5.35823E-1 5.55912E-1 5.24231E-1 4.01639E-1 4.10891E-1 5.07793E-1 5.43052E-1 6.44774E-1 6.29249E-1 5.38698E-1 4.99264E-1 4.79401E-1 5.70019E-1 6.23094E-1 5.89302E-1 5.19748E-1 3.83446E-1 3.88764E-1 4.01638E-1 4.99723E-1
-9999 -9999 -9999 -9999 -9999 -9999 -9999 -9999 -9999 -9999 -9999 -9999 -9999 2.87579E-1 3.93554E-1 5.2259E-1 5.57103E-1 4.12494E-1 4.75488E-1 4.55698E-1 4.56394E-1 4.35977E-1 3.48199E-1 2.51632E-1 5.43417E-1 4.14382E-1 4.59839E-1 4.96521E-1 4.79305E-1 4.84516E-1 4.83059E-1 5.3549E-1 5.2299E-1 6.01547E-1 7.70456E-1 7.67496E-1 6.78836E-1 7.38171E-1 7.29796E-1 5.23063E-1 4.90971E-1 5.07716E-1 5.48504E-1 4.19909E-1 4.20652E-1 5.50442E-1 5.77503E-1 7.06576E-1 6.30553E-1 5.70066E-1 5.47938E-1 5.67514E-1 6.21987E-1 6.45917E-1 6.01106E-1 4.8319E-1 4.38047E-1 4.54567E-1 4.18708E-1 4.01194E-1
-9999 -9999 -9999 -9999 -9999 -9999 -9999 -9999 -9999 -9999 -9999 -9999 -9999 -9999 5.45617E-1 6.0351E-1 4.52628E-1 5.93305E-1 5.97147E-1 5.10185E-1 3.22249E-1 2.62055E-1 4.7742E-1 4.86925E-1 4.71663E-1 4.50649E-1 4.69979E-1 5.03627E-1 5.10004E-1 5.48126E-1 5.98823E-1 6.18392E-1 6.0038E-1 7.17507E-1 8.30082E-1 4.90449E-1 3.3242E-1 7.96697E-1 5.09565E-1 5.54492E-1 5.02229E-1 4.55776E-1 4.66643E-1 4.19784E-1 4.93271E-1 5.86822E-1 7.05188E-1 7.20451E-1 6.49792E-1 6.04625E-1 6.07715E-1 6.74667E-1 6.45309E-1 5.0944E-1 4.96059E-1 5.0892E-1 4.99967E-1 5.27296E-1 4.56115E-1 3.89328E-1
-9999 -9999 -9999 -9999 -9999 -9999 -9999 -9999 -9999 -9999 -9999 -9999 -9999 -9999 -9999 6.06661E-1 3.39639E-1 5.75807E-1 6.0499E-1 5.7316E-1 3.63845E-1 4.91002E-1 5.02528E-1 3.31122E-1 4.95065E-1 5.10555E-1 5.13112E-1 5.13654E-1 5.2192E-1 5.37683E-1 5.97395E-1 6.72499E-1 6.98025E-1 6.73949E-1 7.33299E-1 6.00079E-1 5.21683E-1 4.79737E-1 5.41176E-1 5.98331E-1 5.19192E-1 5.14508E-1 5.15328E-1 5.34329E-1 5.93517E-1 6.88133E-1 5.14253E-1 7.05994E-1 6.6793E-1 6.14227E-1 6.15332E-1 6.76583E-1 5.34549E-1 5.45454E-1 5.43891E-1 5.303E-1 4.90075E-1 5.18482E-1 3.69188E-1 4.77798E-1
-9999 -9999 -9999 -9999 -9999 -9999 -9999 -9999 -9999 -9999 -9999 -9999 -9999 -9999 -9999 5.92026E-1 4.5366E-1 5.69948E-1 6.06058E-1 4.92499E-1 5.84943E-1 5.03792E-1 4.79014E-1 4.75577E-1 5.17357E-1 5.76567E-1 5.59752E-1 5.22059E-1 4.92209E-1 4.59047E-1 5.42421E-1 6.16455E-1 6.98505E-1 7.56727E-1 7.48846E-1 7.39412E-1 4.37752E-1 7.0765E-1 7.14985E-1 7.17215E-1 6.04424E-1 5.53957E-1 5.3243E-1 5.26824E-1 5.28779E-1 6.24329E-1 7.17606E-1 7.19749E-1 6.87216E-1 5.94073E-1 6.78139E-1 6.72404E-1 5.73447E-1 5.92017E-1 5.28829E-1 5.10657E-1 4.96933E-1 4.17971E-1 5.89262E-1 6.564E-1
