Phytophthora/models/20240429_1812_56/Phytophthora_PA1_RUN3_MAXENT_outputs/Phytophthora_PA1_RUN3.asc
ncols         225
nrows         269
xllcorner     473000.0
yllcorner     4429100.0
cellsize      50.0
NODATA_value  -9999
[rows 189 to 215 of 269, columns 120 to 179 of 225]
2.33994E-1 1.81187E-1 1.49775E-1 1.61918E-1 1.76621E-1 1.96587E-1 3.76386E-1 3.94769E-1 3.79885E-1 4.07584E-1 4.1148E-1 4.42813E-1 5.14993E-1 4.89574E-1 4.46264E-1 5.13823E-1 4.91289E-1 5.50301E-1 6.3351E-1 4.97235E-1 2.40925E-1 2.02616E-1 1.78668E-1 1.15326E-1 6.11822E-2 5.0114E-2 6.71065E-2 5.87744E-2 7.2737E-2 1.06555E-1 2.44965E-1 2.46513E-1 2.45772E-1 2.80982E-1 3.12668E-1 3.50427E-1 3.90446E-1 4.01878E-1 3.81892E-1 3.26952E-1 1.65892E-1 1.34002E-1 1.38911E-1 -9999 6.54584E-2 6.93139E-2 6.48549E-2 7.02953E-2 7.8085E-2 9.76546E-2 8.79556E-2 9.79632E-2 1.01945E-1 1.1597E-1 1.5365E-1 1.65698E-1 1.63835E-1 1.52724E-1 1.58838E-1 1.46913E-1
1.27746E-1 2.29508E-1 1.924E-1 1.70454E-1 1.79671E-1 2.79455E-1 1.77771E-1 4.23695E-1 4.14001E-1 4.47859E-1 4.66825E-1 4.97481E-1 5.84649E-1 5.46412E-1 5.13987E-1 5.63212E-1 2.29912E-1 6.80161E-1 6.33532E-1 4.78263E-1 2.3395E-1 1.76138E-1 1.40624E-1 9.48813E-2 5.8743E-2 2.00047E-1 3.75048E-2 1.52951E-1 5.67787E-2 1.1813E-1 2.56827E-1 2.76703E-1 2.59746E-1 2.46142E-1 2.6902E-1 2.89324E-1 3.31742E-1 3.39506E-1 3.05109E-1 2.9765E-1 1.41875E-1 1.71352E-1 1.40083E-1 1.95104E-2 1.24367E-1 1.09486E-1 9.76848E-2 8.85653E-2 1.04095E-1 1.23801E-1 1.08932E-1 1.28376E-1 1.29686E-1 1.3224E-1 1.47044E-1 1.52703E-1 1.63681E-1 1.58224E-1 1.5181E-1 1.30394E-1
4.02067E-1 3.99658E-1 2.60127E-1 2.8475E-1 2.78906E-1 2.58874E-1 2.70495E-1 3.90995E-1 4.03828E-1 3.71694E-1 4.01141E-1 4.32835E-1 5.19692E-1 5.18595E-1 4.88007E-1 3.43437E-1 5.5678E-1 5.3025E-1 4.48479E-1 3.66498E-1 2.73307E-1 2.0184E-1 1.70368E-1 1.36977E-1 1.24387E-1 2.11672E-1 9.52847E-2 9.26963E-2 1.43332E-1 2.47484E-1 2.32672E-1 2.29544E-1 2.14217E-1 2.05678E-1 2.16271E-1 1.49811E-1 1.53365E-1 1.60232E-1 1.7302E-1 2.0006E-1 1.29627E-1 1.36127E-1 1.33489E-1 1.02745E-1 3.52098E-2 9.16961E-2 7.53552E-2 9.56945E-2 1.08775E-1 1.25004E-1 1.19289E-1 1.43597E-1 1.37547E-1 1.36109E-1 1.5701E-1 1.74977E-1 2.11221E-1 1.95139E-1 1.74417E-1 1.30542E-1
2.55276E-1 4.71219E-1 2.60427E-1 2.9218E-1 2.91256E-1 2.57935E-1 3.35061E-1 4.82327E-1 4.33111E-1 4.03538E-1 4.49351E-1 4.35539E-1 5.24439E-1 2.76053E-1 9.91487E-2 4.60195E-1 2.27023E-1 3.57073E-1 3.29963E-1 3.04437E-1 2.45628E-1 2.18142E-1 1.88016E-1 1.57927E-1 1.86706E-1 2.37125E-1 1.37353E-1 1.42752E-1 2.10991E-1 2.81664E-1 2.06696E-1 2.02165E-1 1.93814E-1 1.86692E-1 1.99633E-1 1.36529E-1 1.44675E-1 1.4509E-1 1.79714E-1 1.89216E-1 1.102E-1 1.21156E-1 1.19294E-1 1.09597E-1 6.22623E-2 -9999 -9999 6.77416E-2 1.05765E-1 1.36731E-1 1.33306E-1 1.61611E-1 1.63574E-1 1.58319E-1 1.52473E-1 2.03356E-1 2.25558E-1 1.71987E-1 1.64441E-1 1.34182E-1
4.18363E-1 4.56404E-1 3.47769E-1 3.01829E-1 2.93855E-1 2.71438E-1 2.96913E-1 4.51675E-1 4.83799E-1 4.52154E-1 3.81122E-1 1.51141E-1 2.37853E-1 1.80117E-1 3.9439E-1 5.48152E-1 4.92845E-1 4.00423E-1 4.04822E-1 3.69907E-1 2.96331E-1 2.6996E-1 2.34273E-1 2.3419E-1 2.23733E-1 2.76338E-1 2.18909E-1 2.73906E-1 2.7938E-1 3.31237E-1 2.44603E-1 2.37598E-1 2.20365E-1 2.16038E-1 2.23857E-1 1.49831E-1 1.58962E-1 1.52027E-1 1.77255E-1 1.74468E-1 9.71533E-2 1.07164E-1 1.08254E-1 9.44397E-2 9.03149E-2 4.23238E-2 -9999 -9999 7.79314E-2 6.35178E-2 6.36866E-2 5.76722E-2 3.79252E-2 7.64937E-2 2.25541E-1 2.5303E-1 2.21805E-1 1.83035E-1 1.6067E-1 1.45373E-1
4.4826E-1 4.55137E-1 3.79101E-1 3.41467E-1 3.16587E-1 2.90693E-1 3.23941E-1 4.42999E-1 3.84753E-1 2.46326E-1 2.85665E-1 2.06615E-1 1.9987E-1 1.55037E-1 2.21569E-1 2.15653E-1 5.14584E-1 5.15789E-1 5.36999E-1 4.61101E-1 3.91722E-1 3.68053E-1 3.30006E-1 2.61199E-1 2.27457E-1 2.98649E-1 3.19039E-1 3.42053E-1 3.29776E-1 3.14643E-1 2.42225E-1 2.35023E-1 2.48181E-1 2.57737E-1 2.5489E-1 1.71635E-1 1.86974E-1 1.78623E-1 1.7959E-1 1.52813E-1 8.26009E-2 8.26445E-2 7.4465E-2 7.89997E-2 7.97852E-2 8.79272E-2 6.25997E-2 7.45394E-2 9.77826E-2 1.31794E-1 1.43707E-1 1.93781E-1 2.09675E-1 9.65816E-2 2.33686E-1 2.45094E-1 1.70453E-1 1.41415E-1 1.43047E-1 1.84698E-1
4.54582E-1 4.62505E-1 4.56396E-1 3.91772E-1 3.39159E-1 3.09799E-1 3.4323E-1 4.76632E-1 4.98595E-1 3.92534E-1 2.27179E-1 1.62009E-1 1.48077E-1 1.19147E-1 2.43313E-1 2.19848E-1 5.08221E-1 3.18655E-1 1.91625E-1 4.47808E-1 4.18509E-1 3.45547E-1 2.50469E-1 2.07422E-1 2.07975E-1 3.49546E-1 3.39471E-1 4.02637E-1 4.0891E-1 3.84045E-1 2.35544E-1 2.0973E-1 2.86258E-1 3.08844E-1 3.08174E-1 1.9878E-1 2.1475E-1 2.16015E-1 2.27291E-1 1.96987E-1 1.03609E-1 9.81301E-2 9.51026E-2 8.78908E-2 7.76515E-2 6.86072E-2 7.91801E-2 9.982E-2 1.18705E-1 1.54167E-1 1.09791E-1 1.51705E-1 1.57229E-1 1.05305E-1 2.11525E-1 2.12845E-1 1.49785E-1 1.25003E-1 1.01396E-1 1.37329E-1
4.29125E-1 4.18358E-1 4.09421E-1 3.37246E-1 2.82798E-1 3.24762E-1 3.60031E-1 2.88715E-1 2.36066E-1 3.0212E-1 2.59949E-1 1.93155E-1 1.46603E-1 1.53298E-1 3.82352E-1 2.94424E-1 2.64045E-1 2.43206E-1 2.08663E-1 2.59953E-1 1.60374E-1 3.55627E-1 3.08322E-1 2.85963E-1 2.7435E-1 3.99183E-1 4.43558E-1 4.51446E-1 4.55066E-1 4.03524E-1 2.39351E-1 2.30367E-1 2.94554E-1 3.14265E-1 3.38842E-1 1.92234E-1 2.06195E-1 2.08289E-1 2.09757E-1 1.82747E-1 9.07155E-2 8.36898E-2 8.25815E-2 7.18542E-2 5.58464E-2 5.05669E-2 5.92958E-2 6.59996E-2 6.21133E-2 7.25864E-2 1.02861E-1 1.05131E-1 1.23892E-1 8.66152E-2 2.00655E-1 1.1448E-1 8.74989E-2 5.79726E-2 4.33302E-2 3.86808E-2
5.15013E-1 4.61564E-1 4.09118E-1 2.97673E-1 3.07733E-1 3.02516E-1 3.77289E-1 3.96559E-1 2.14174E-1 3.84937E-1 2.23462E-1 1.60591E-1 1.08323E-1 1.15006E-1 2.18975E-1 3.14741E-1 5.28822E-1 1.99967E-1 2.06834E-1 1.75546E-1 1.75645E-1 2.50136E-1 2.90797E-1 2.6332E-1 2.84885E-1 4.56455E-1 4.73661E-1 5.06391E-1 4.70831E-1 4.33048E-1 2.741E-1 2.75806E-1 3.14127E-1 3.28633E-1 2.21E-1 1.33252E-1 1.98956E-1 2.40458E-1 2.44295E-1 2.13853E-1 1.17137E-1 1.08321E-1 1.13741E-1 1.22518E-1 1.04956E-1 8.6401E-2 4.0447E-2 7.78368E-2 7.34613E-2 9.66779E-2 1.18394E-1 7.13886E-2 1.25042E-1 5.46563E-2 1.44696E-1 1.1392E-1 7.5525E-2 3.86116E-2 5.83853E-2 3.66545E-2
5.30087E-1 4.95945E-1 4.21567E-1 4.05037E-1 3.53447E-1 3.3922E-1 3.50309E-1 4.33354E-1 2.67161E-1 4.6675E-1 3.21241E-1 2.89024E-1 2.14108E-1 1.93081E-1 1.31254E-1 5.38713E-1 2.00143E-1 2.51644E-1 2.24162E-1 2.70624E-1 2.12589E-1 1.85633E-1 2.40009E-1 2.25686E-1 3.06559E-1 4.8669E-1 5.24435E-1 5.12102E-1 4.92858E-1 4.93072E-1 3.34066E-1 3.28387E-1 3.6154E-1 1.7038E-1 3.15322E-1 2.12736E-1 2.25614E-1 2.23026E-1 2.49674E-1 2.36057E-1 1.18494E-1 1.2609E-1 1.39926E-1 1.00402E-1 1.06278E-1 1.07742E-1 9.83479E-2 9.78839E-2 1.0892E-1 1.03917E-1 1.25687E-1 1.35834E-1 1.37684E-1 1.32944E-1 3.88403E-2 7.68593E-2 5.05631E-2 4.4879E-2 2.92029E-2 5.0012E-2
4.50317E-1 5.76352E-1 3.64139E-1 4.5168E-1 1.81767E-1 3.76275E-1 3.23E-1 4.11842E-1 6.18853E-1 4.68538E-1 4.04076E-1 3.17281E-1 2.28418E-1 2.07348E-1 1.52425E-1 1.47257E-1 1.73144E-1 1.77382E-1 1.7961E-1 1.63973E-1 1.63551E-1 1.11809E-1 1.28713E-1 1.35161E-1 2.98655E-1 5.34599E-1 5.16777E-1 5.53044E-1 5.3579E-1 5.42603E-1 3.83025E-1 2.47997E-1 3.54791E-1 2.98449E-1 3.05674E-1 2.01976E-1 1.97565E-1 1.85401E-1 1.96492E-1 2.03652E-1 1.18096E-1 1.49989E-1 1.15223E-1 1.20119E-1 5.19982E-2 1.03355E-1 1.17725E-1 3.89959E-2 1.10558E-1 1.15746E-1 1.27014E-1 1.18894E-1 1.19667E-1 1.44255E-1 8.63273E-2 5.84042E-2 6.47606E-2 6.69055E-2 4.4653E-2 5.43571E-2
2.33713E-1 3.55088E-1 4.7149E-1 4.52613E-1 3.73431E-1 3.7004E-1 3.11982E-1 1.35976E-1 3.23029E-1 3.52628E-1 2.67307E-1 2.26127E-1 1.81514E-1 1.70075E-1 1.32137E-1 1.43931E-1 1.38168E-1 1.3937E-1 3.18517E-1 1.39134E-1 1.8197E-1 1.16246E-1 1.13851E-1 1.87789E-1 4.08869E-1 5.60722E-1 5.75085E-1 5.68843E-1 5.89105E-1 5.66002E-1 4.25255E-1 3.46557E-1 3.63655E-1 1.65287E-1 3.16758E-1 1.51352E-1 2.28348E-1 1.91153E-1 2.09159E-1 1.84588E-1 8.94012E-2 1.20385E-1 1.48612E-1 1.46575E-1 1.26465E-1 1.07177E-1 8.79607E-2 7.50075E-2 8.04479E-2 7.62695E-2 8.90303E-2 7.32857E-2 6.83859E-2 9.96657E-2 1.42513E-1 6.75134E-2 8.07501E-2 6.44943E-2 5.54666E-2 6.19595E-2
1.62699E-1 1.82105E-1 2.51802E-1 2.97987E-1 1.09768E-1 2.79633E-1 3.02203E-1 1.79455E-1 1.19878E-1 2.79159E-1 2.19815E-1 1.90296E-1 1.62029E-1 1.57193E-1 1.59452E-1 2.08584E-1 1.59092E-1 1.3704E-1 1.49007E-1 3.67667E-1 2.71983E-1 4.19528E-1 3.59598E-1 4.25901E-1 5.14851E-1 5.57303E-1 6.01777E-1 6.4679E-1 6.56193E-1 6.34801E-1 5.592E-1 4.51253E-1 5.05363E-1 4.68407E-1 4.09568E-1 2.28495E-1 1.87351E-1 1.90188E-1 6.19205E-2 1.53013E-1 5.10888E-2 5.8512E-2 6.34048E-2 7.44761E-2 7.57949E-2 7.18413E-2 5.16612E-2 3.9343E-2 4.01008E-2 4.72586E-2 5.34161E-2 5.04866E-2 4.44779E-2 5.03372E-2 1.59494E-2 4.68286E-2 4.93962E-2 4.31839E-2 4.89319E-2 4.88785E-2
1.52718E-1 1.99338E-1 9.57544E-2 3.02682E-1 1.5144E-1 1.48355E-1 1.87466E-1 2.02311E-1 2.15902E-1 2.42054E-1 2.43629E-1 2.1401E-1 2.07484E-1 1.69306E-1 2.31176E-1 3.31781E-1 3.55927E-1 3.40922E-1 2.78221E-1 3.40251E-1 2.90857E-1 3.39054E-1 3.67105E-1 4.8983E-1 5.32724E-1 5.79056E-1 6.21919E-1 6.8318E-1 6.67062E-1 6.02477E-1 5.105E-1 4.10058E-1 4.52068E-1 4.29623E-1 3.77244E-1 2.05849E-1 2.55302E-1 2.34882E-1 1.96794E-1 1.26748E-1 4.36349E-2 4.43338E-2 4.21583E-2 4.37528E-2 5.22441E-2 3.82097E-2 6.72427E-2 3.07739E-2 2.73862E-2 3.18124E-2 3.85814E-2 3.956E-2 3.93491E-2 4.01319E-2 3.27244E-2 1.30648E-2 6.01042E-2 5.12309E-2 4.0514E-2 6.07405E-2
1.41648E-1 1.80517E-1 3.17089E-1 2.10318E-1 2.18313E-1 2.49021E-1 2.68211E-1 3.34302E-1 3.48147E-1 3.63155E-1 3.2808E-1 2.86725E-1 2.53981E-1 2.03837E-1 2.50864E-1 3.69128E-1 3.95767E-1 3.56754E-1 2.54095E-1 2.64722E-1 2.92138E-1 3.4793E-1 4.10383E-1 4.95004E-1 5.28189E-1 5.77978E-1 6.25451E-1 6.59709E-1 5.80503E-1 5.22794E-1 4.36273E-1 3.67558E-1 3.75758E-1 3.91854E-1 4.14272E-1 2.28911E-1 2.63707E-1 1.54708E-1 2.19351E-1 1.278E-1 3.64045E-2 4.22505E-2 4.60665E-2 4.76021E-2 4.10991E-2 2.57272E-2 4.66766E-2 4.54933E-2 3.35797E-2 3.9341E-2 4.69178E-2 4.73563E-2 4.92499E-2 4.30145E-2 3.15294E-2 3.45126E-2 4.27605E-2 2.62554E-2 2.57972E-2 4.10987E-2
1.31262E-1 1.6548E-1 7.53456E-2 5.3814E-2 1.5384E-1 4.07173E-1 4.94059E-1 5.725E-1 4.8349E-1 4.59988E-1 4.09144E-1 3.57629E-1 3.04475E-1 2.25909E-1 2.37245E-1 3.10563E-1 3.25219E-1 1.90328E-1 2.53086E-1 2.1151E-1 2.53931E-1 3.06228E-1 4.36549E-1 4.93495E-1 5.09315E-1 5.63216E-1 5.91785E-1 6.04342E-1 5.43396E-1 4.98229E-1 4.09507E-1 3.24428E-1 3.3829E-1 3.97691E-1 4.43354E-1 2.02404E-1 2.61094E-1 2.22599E-1 1.93316E-1 1.31747E-1 4.23134E-2 4.84774E-2 6.50514E-2 6.14885E-2 5.68209E-2 5.79889E-2 7.49734E-2 6.94902E-2 4.82467E-2 5.24231E-2 6.19561E-2 6.13029E-2 6.46439E-2 5.5955E-2 4.45456E-2 3.38512E-2 4.48346E-2 1.85435E-2 2.05173E-2 2.29322E-2
1.67269E-1 7.45201E-2 1.53185E-1 9.69229E-2 3.76457E-1 1.51397E-1 2.5356E-1 1.59122E-1 2.20695E-1 4.05527E-1 3.52256E-1 3.15008E-1 2.7965E-1 2.32036E-1 2.28815E-1 2.59822E-1 2.11573E-1 2.13692E-1 2.09439E-1 1.81455E-1 2.65926E-1 3.9912E-1 5.00724E-1 5.13522E-1 4.82348E-1 5.33785E-1 5.55189E-1 5.49628E-1 4.66521E-1 4.20125E-1 3.14311E-1 2.84119E-1 3.43517E-1 4.17377E-1 4.59987E-1 2.34244E-1 2.33033E-1 1.91091E-1 1.506E-1 1.18776E-1 5.24804E-2 5.6495E-2 6.64444E-2 6.87158E-2 7.79905E-2 7.99524E-2 8.64077E-2 3.95678E-2 6.67269E-2 6.9151E-2 7.83957E-2 7.38334E-2 7.51793E-2 6.61013E-2 5.56771E-2 4.90559E-2 3.61185E-2 1.41593E-2 1.87812E-2 2.99025E-2
2.24301E-1 1.39685E-1 1.28336E-1 9.8635E-2 9.17891E-2 3.81413E-1 3.14884E-1 2.13262E-1 2.06517E-1 2.66152E-1 2.53045E-1 2.67166E-1 2.8799E-1 2.43762E-1 2.19977E-1 2.03663E-1 1.4334E-1 1.83492E-1 1.67469E-1 2.02878E-1 2.71583E-1 4.48303E-1 5.03246E-1 5.1617E-1 5.01498E-1 5.29673E-1 5.03632E-1 4.62583E-1 4.31859E-1 3.66395E-1 2.8626E-1 2.45747E-1 3.11792E-1 3.50245E-1 4.4916E-1 2.92986E-1 2.53547E-1 2.09898E-1 1.69809E-1 1.34556E-1 6.41896E-2 7.1906E-2 4.68524E-2 1.57627E-1 1.33496E-1 1.18876E-1 1.29227E-1 1.22417E-1 9.90052E-2 1.13473E-1 9.08688E-2 1.02705E-1 9.56625E-2 8.19768E-2 8.15969E-2 3.2392E-2 3.25018E-2 4.13166E-2 5.62262E-2 7.34414E-2
1.32421E-1 1.35461E-1 1.41682E-1 1.2104E-1 3.48757E-1 2.0075E-1 2.25755E-1 2.61973E-1 3.69476E-1 3.00828E-1 3.39455E-1 2.89785E-1 2.44359E-1 2.09107E-1 1.77772E-1 1.68585E-1 1.44757E-1 1.78385E-1 1.8612E-1 2.57999E-1 3.53137E-1 4.84375E-1 5.29073E-1 5.59939E-1 5.58476E-1 5.58595E-1 5.30127E-1 4.04129E-1 3.54042E-1 3.53966E-1 2.90025E-1 2.48122E-1 2.97313E-1 3.38029E-1 4.35757E-1 2.98049E-1 2.70953E-1 2.03225E-1 1.90218E-1 1.74899E-1 1.90454E-2 8.1437E-2 9.36185E-2 1.24697E-1 1.42661E-1 1.16136E-1 1.19727E-1 1.216E-1 8.91139E-2 8.73758E-2 8.03818E-2 8.61251E-2 9.08899E-2 9.09593E-2 2.49715E-2 6.53502E-2 4.84082E-2 5.28975E-2 6.39257E-2 8.02876E-2
1.17305E-1 1.15148E-1 1.13102E-1 9.32771E-2 1.38306E-1 1.92578E-1 2.03767E-1 1.83333E-1 4.09416E-1 1.97802E-1 3.07859E-1 2.69015E-1 2.29904E-1 1.90009E-1 1.69185E-1 1.79378E-1 1.67928E-1 2.15949E-1 2.26935E-1 3.03196E-1 4.14029E-1 5.35929E-1 5.70737E-1 5.92808E-1 5.8296E-1 5.74785E-1 4.73656E-1 4.65788E-1 4.01756E-1 3.12805E-1 3.02074E-1 2.63798E-1 2.87432E-1 3.13399E-1 4.08087E-1 3.23779E-1 2.80279E-1 1.85522E-1 1.94018E-1 1.76856E-1 5.71195E-2 6.18103E-2 7.28334E-2 1.0146E-1 1.20382E-1 1.25433E-1 1.0844E-1 1.08407E-1 8.31406E-2 7.5669E-2 7.48312E-2 6.64589E-2 5.47981E-2 3.24684E-2 3.68687E-2 6.23867E-2 6.48468E-2 5.94374E-2 6.26838E-2 8.27027E-2
1.22944E-1 1.41249E-1 1.363E-1 1.3438E-1 1.52781E-1 1.8919E-1 1.97578E-1 1.73424E-1 2.65241E-1 1.23363E-1 2.48229E-1 2.26012E-1 1.82773E-1 1.58392E-1 1.60105E-1 1.6776E-1 1.96501E-1 2.72512E-1 2.52785E-1 3.28829E-1 4.68568E-1 5.70528E-1 6.08662E-1 6.59482E-1 6.41071E-1 6.22005E-1 5.51101E-1 4.67463E-1 4.0697E-1 3.52463E-1 3.02472E-1 2.75719E-1 3.0731E-1 3.03244E-1 4.10397E-1 3.01029E-1 2.51152E-1 1.93141E-1 2.06232E-1 9.43956E-2 4.87226E-2 5.14634E-2 6.08264E-2 8.65764E-2 1.11906E-1 1.11013E-1 9.68484E-2 9.19508E-2 7.7489E-2 6.98519E-2 7.06757E-2 5.74076E-2 4.15668E-2 3.60827E-2 4.0399E-2 3.94761E-2 3.78546E-2 5.59253E-2 5.28763E-2 8.02641E-2
2.49394E-1 3.34575E-1 1.12384E-1 2.44946E-1 1.36939E-1 1.57948E-1 1.51833E-1 1.34436E-1 1.23182E-1 1.64872E-1 3.85386E-1 2.36371E-1 2.13233E-1 1.88007E-1 2.13478E-1 2.23333E-1 2.96162E-1 3.05635E-1 2.77589E-1 3.48089E-1 5.04012E-1 5.95682E-1 6.3845E-1 6.8074E-1 6.59057E-1 6.09556E-1 5.61589E-1 4.57919E-1 4.21654E-1 3.868E-1 3.4986E-1 2.76441E-1 3.0844E-1 3.29456E-1 4.32429E-1 2.85467E-1 2.52123E-1 2.09415E-1 1.61497E-1 4.48194E-2 4.31866E-2 4.17875E-2 4.47527E-2 6.48006E-2 9.28626E-2 9.7646E-2 8.18645E-2 7.50567E-2 6.61071E-2 6.34839E-2 5.92213E-2 5.31338E-2 4.97817E-2 3.61614E-2 2.94382E-2 3.00452E-2 2.80529E-2 5.22277E-2 7.53608E-2 9.10558E-2
2.78309E-1 1.63156E-1 1.88251E-1 2.7239E-1 1.81032E-1 1.99054E-1 1.8792E-1 1.86024E-1 1.82724E-1 1.84832E-1 3.85098E-1 3.16715E-1 2.77655E-1 2.48196E-1 2.50002E-1 2.61528E-1 2.92121E-1 3.01606E-1 2.99844E-1 3.39236E-1 4.85895E-1 5.37213E-1 5.7959E-1 6.13876E-1 5.54315E-1 3.27854E-1 2.65467E-1 1.86871E-1 1.98672E-1 2.02449E-1 2.1959E-1 1.74135E-1 1.81021E-1 2.17234E-1 3.19311E-1 3.80359E-1 3.64358E-1 2.86172E-1 1.57164E-1 1.10022E-1 2.00469E-1 2.09812E-1 2.23323E-1 2.67967E-1 2.89892E-1 1.86244E-1 1.52507E-1 1.45011E-1 1.49758E-1 1.5092E-1 1.55634E-1 1.35803E-1 1.32177E-1 1.03482E-1 7.49777E-2 6.13267E-2 4.81975E-2 8.36773E-2 9.46132E-2 1.90409E-1
2.15202E-1 1.76698E-1 1.69561E-1 9.62746E-2 2.25049E-1 1.37061E-1 1.43964E-1 1.35668E-1 1.397E-1 1.43111E-1 2.39965E-1 1.52931E-1 3.54043E-1 2.81178E-1 3.3124E-1 2.90976E-1 2.6991E-1 3.20962E-1 3.29033E-1 3.68286E-1 5.45192E-1 5.80245E-1 5.89688E-1 5.95864E-1 5.4312E-1 2.97492E-1 2.41647E-1 2.17845E-1 2.09366E-1 1.9506E-1 1.62221E-1 2.00014E-1 2.1194E-1 2.35792E-1 1.63824E-1 4.23705E-1 4.368E-1 2.25623E-1 1.60754E-1 2.2619E-1 2.06491E-1 1.95567E-1 2.19942E-1 2.85543E-1 2.95447E-1 1.82823E-1 1.73708E-1 1.17648E-1 1.34421E-1 1.44796E-1 1.37025E-1 1.26197E-1 1.03782E-1 9.15825E-2 8.85628E-2 7.03605E-2 5.62772E-2 5.76983E-2 1.13211E-1 1.2966E-1
2.08446E-1 2.163E-1 1.94439E-1 1.19171E-1 7.26078E-2 2.44351E-1 1.1834E-1 1.16339E-1 1.25884E-1 1.22935E-1 1.36302E-1 2.10163E-1 1.44852E-1 2.14909E-1 2.53017E-1 1.94671E-1 1.97605E-1 3.29193E-1 3.43685E-1 3.65421E-1 5.64215E-1 6.07675E-1 3.61739E-1 5.10098E-1 5.67245E-1 3.44812E-1 2.64599E-1 2.41134E-1 2.28136E-1 1.93163E-1 2.17234E-1 2.033E-1 2.24586E-1 2.42435E-1 3.58049E-1 4.9032E-1 3.07086E-1 1.98876E-1 1.47583E-1 2.31373E-1 1.99424E-1 2.70031E-1 2.98584E-1 3.61227E-1 3.3136E-1 2.14726E-1 2.01542E-1 1.3484E-1 1.33666E-1 1.32046E-1 1.29051E-1 1.15074E-1 9.11113E-2 7.75347E-2 8.20161E-2 7.50265E-2 8.82579E-2 9.88287E-2 1.03717E-1 9.87518E-2
2.64607E-1 2.50923E-1 2.17053E-1 2.09772E-1 1.8424E-1 2.24465E-1 1.64106E-1 9.77373E-2 8.76962E-2 8.84673E-2 1.08702E-1 9.99786E-2 1.63795E-1 1.00111E-1 1.31612E-1 1.33252E-1 1.72328E-1 3.2852E-1 3.48941E-1 3.72387E-1 5.46306E-1 5.84171E-1 5.80385E-1 6.01653E-1 5.47277E-1 3.55625E-1 3.20509E-1 2.56372E-1 2.44687E-1 6.94807E-2 2.56481E-1 1.93135E-1 1.96782E-1 2.53241E-1 3.58303E-1 2.24134E-1 3.132E-1 2.37007E-1 1.89542E-1 2.30554E-1 2.16682E-1 3.04882E-1 3.51575E-1 4.75084E-1 3.71831E-1 2.50189E-1 2.30942E-1 2.00379E-1 1.65649E-1 1.5673E-1 1.23586E-1 8.91897E-2 8.07446E-2 7.08698E-2 7.74507E-2 8.77054E-2 3.33097E-2 6.17848E-2 1.1864E-1 9.11091E-2
3.06138E-1 2.63838E-1 2.22087E-1 2.00708E-1 1.86578E-1 2.04942E-1 1.78477E-1 1.07792E-1 6.65833E-2 7.22149E-2 9.12939E-2 8.2237E-2 1.86434E-1 7.76853E-2 1.11167E-1 1.30186E-1 2.2498E-1 3.37835E-1 3.47651E-1 3.39038E-1 4.69821E-1 5.24092E-1 5.19978E-1 5.6585E-1 5.56106E-1 3.68142E-1 2.56522E-1 2.71425E-1 2.51131E-1 1.937E-1 2.07633E-1 1.56305E-1 1.92385E-1 2.82014E-1 3.75881E-1 3.03594E-1 3.8161E-1 2.8002E-1 2.51622E-1 2.64857E-1 2.94425E-1 3.49968E-1 3.56544E-1 3.70047E-1 4.20901E-1 2.64643E-1 2.58859E-1 2.47853E-1 1.97955E-1 1.87155E-1 1.39806E-1 8.72146E-2 7.49175E-2 6.1142E-2 8.01529E-2 6.99761E-2 6.82611E-2 6.24955E-2 3.98221E-2 4.53087E-2
