Phytophthora/models/20240429_1812_56/Phytophthora_PA1_RUN3_MAXENT_outputs/Phytophthora_PA1_RUN3.asc
ncols         225
nrows         269
xllcorner     473000.0
yllcorner     4429100.0
cellsize      50.0
NODATA_value  -9999
[rows 216 to 242 of 269, columns 60 to 119 of 225]
4.12407E-1 3.45308E-1 2.79661E-1 2.36306E-1 2.69852E-1 4.21241E-1 3.90285E-1 3.15413E-1 3.43494E-1 2.90214E-1 2.3921E-1 2.56529E-1 2.76685E-1 2.86397E-1 2.22416E-1 2.7176E-1 4.30116E-1 3.34137E-1 4.80815E-1 4.9202E-1 6.02506E-1 6.32559E-1 7.11676E-1 7.56831E-1 7.81718E-1 8.53033E-1 7.95E-1 7.54336E-1 7.63195E-1 7.46121E-1 8.15427E-1 7.06106E-1 6.07072E-1 4.61913E-1 6.28868E-1 3.83799E-1 4.01437E-1 4.34808E-1 4.73584E-1 5.41086E-1 6.37994E-1 6.87138E-1 6.57451E-1 6.46209E-1 5.18148E-1 4.9431E-1 5.21818E-1 5.92893E-1 7.71237E-1 7.89227E-1 6.85333E-1 6.63345E-1 6.48809E-1 6.09792E-1 5.81865E-1 5.81239E-1 5.96352E-1 5.73601E-1 5.126E-1 4.52182E-1
2.33213E-1 2.08266E-1 2.19203E-1 2.38577E-1 3.0249E-1 3.78247E-1 3.0828E-1 2.98564E-1 3.46817E-1 2.84673E-1 2.75255E-1 3.01752E-1 2.32381E-1 2.24176E-1 2.34151E-1 2.63554E-1 3.90868E-1 3.41651E-1 5.23404E-1 5.42591E-1 6.53499E-1 7.17766E-1 7.34764E-1 7.8425E-1 8.54712E-1 7.31492E-1 8.10425E-1 7.59277E-1 6.63007E-1 7.8791E-1 7.87691E-1 7.60461E-1 7.39613E-1 6.89907E-1 6.69746E-1 3.72162E-1 3.63606E-1 4.15974E-1 4.99139E-1 6.04665E-1 6.54765E-1 6.72751E-1 7.03556E-1 6.53218E-1 5.7976E-1 5.57173E-1 5.90099E-1 6.03781E-1 3.62478E-1 7.58471E-1 6.98242E-1 6.59283E-1 6.42855E-1 6.27643E-1 5.65768E-1 5.60806E-1 6.24391E-1 6.54582E-1 5.89479E-1 4.66233E-1
2.22365E-1 2.40684E-1 2.46541E-1 2.51951E-1 2.71073E-1 1.68142E-1 2.81833E-1 2.64046E-1 3.72647E-1 3.64448E-1 3.85564E-1 4.04573E-1 2.73062E-1 1.74745E-1 1.89879E-1 2.3552E-1 2.60136E-1 1.5386E-1 3.99111E-1 4.66974E-1 6.76367E-1 7.01977E-1 7.2055E-1 7.96788E-1 8.39565E-1 8.24719E-1 8.05069E-1 7.32019E-1 8.36471E-1 7.87177E-1 8.48368E-1 8.16616E-1 7.77979E-1 7.36342E-1 6.47439E-1 4.3403E-1 3.83847E-1 4.092E-1 4.48681E-1 5.35753E-1 6.15532E-1 7.17296E-1 7.20309E-1 4.84561E-1 6.25259E-1 6.21401E-1 6.59312E-1 6.59278E-1 3.41568E-1 4.61418E-1 7.18909E-1 6.92672E-1 7.12777E-1 6.82318E-1 6.19258E-1 5.95582E-1 6.41434E-1 6.27369E-1 5.74809E-1 5.47854E-1
2.26144E-1 2.43066E-1 2.28369E-1 2.47265E-1 2.35263E-1 3.03159E-1 2.37881E-1 2.48446E-1 4.00366E-1 4.80912E-1 4.51999E-1 3.88362E-1 3.63301E-1 3.00138E-1 3.10638E-1 3.31806E-1 3.34419E-1 4.22442E-1 5.00726E-1 3.33738E-1 4.89471E-1 6.04284E-1 7.19204E-1 7.62655E-1 8.17629E-1 8.00206E-1 7.98172E-1 8.55149E-1 8.23713E-1 7.68447E-1 8.6284E-1 8.32583E-1 8.12302E-1 7.5983E-1 6.66683E-1 4.22574E-1 4.04588E-1 4.32733E-1 4.51842E-1 5.11795E-1 5.62471E-1 7.29322E-1 6.90551E-1 6.56043E-1 6.60842E-1 4.35379E-1 6.64996E-1 6.38738E-1 6.12754E-1 3.69658E-1 6.25824E-1 7.06854E-1 7.21992E-1 6.81064E-1 6.38729E-1 6.35458E-1 6.3676E-1 4.32014E-1 4.41039E-1 4.45853E-1
2.13741E-1 2.42942E-1 2.28033E-1 2.46334E-1 2.72737E-1 2.35672E-1 2.38258E-1 2.88041E-1 4.07058E-1 4.91157E-1 5.15224E-1 4.56426E-1 4.24135E-1 3.77137E-1 3.84175E-1 3.93591E-1 4.0547E-1 1.30274E-1 4.07691E-1 4.02438E-1 4.33048E-1 4.70885E-1 6.64859E-1 7.2528E-1 7.76678E-1 8.25452E-1 6.9526E-1 7.7093E-1 7.5884E-1 7.9299E-1 8.66488E-1 8.56892E-1 8.29713E-1 7.71497E-1 6.80535E-1 4.11149E-1 3.7729E-1 4.22023E-1 4.65859E-1 5.16639E-1 5.68419E-1 6.93758E-1 6.32927E-1 6.08186E-1 6.2302E-1 6.34917E-1 5.95564E-1 5.44432E-1 5.54532E-1 2.92635E-1 6.92091E-1 6.81068E-1 6.81964E-1 3.8897E-1 5.97276E-1 6.00482E-1 5.44689E-1 5.23701E-1 4.83367E-1 2.19726E-1
1.38973E-1 1.52294E-1 1.45232E-1 1.61554E-1 1.63399E-1 2.49214E-1 2.78048E-1 3.58651E-1 3.75486E-1 5.24613E-1 6.3439E-1 5.81169E-1 5.41882E-1 5.16191E-1 5.23576E-1 4.93446E-1 4.76833E-1 4.67764E-1 5.21106E-1 5.16355E-1 4.22209E-1 4.43588E-1 5.28955E-1 6.58446E-1 4.45259E-1 7.4918E-1 6.20656E-1 8.17176E-1 7.50807E-1 6.89585E-1 8.71555E-1 8.19713E-1 7.4958E-1 6.54415E-1 6.37641E-1 4.5404E-1 4.13791E-1 4.73062E-1 5.17228E-1 5.46E-1 4.10706E-1 6.15973E-1 5.23566E-1 5.09998E-1 5.1789E-1 5.69871E-1 5.51206E-1 4.61644E-1 3.81615E-1 4.37374E-1 6.91307E-1 6.97138E-1 6.38164E-1 6.16824E-1 6.14957E-1 3.28538E-1 2.99313E-1 5.71838E-1 5.31714E-1 4.84083E-1
1.10149E-1 1.32841E-1 1.11551E-1 7.7271E-2 1.08799E-1 6.5655E-2 2.21069E-1 3.19201E-1 3.31206E-1 5.14812E-1 6.60723E-1 6.60964E-1 6.01313E-1 6.06127E-1 6.06946E-1 5.88405E-1 5.48238E-1 5.63673E-1 5.65545E-1 5.64363E-1 4.68572E-1 4.30864E-1 4.20804E-1 7.8345E-2 3.84786E-1 5.18116E-1 4.76994E-1 6.18709E-1 5.73134E-1 7.5588E-1 5.98229E-1 6.13755E-1 5.21071E-1 4.68427E-1 5.18557E-1 4.35253E-1 4.26987E-1 4.60254E-1 3.87635E-1 3.07301E-1 3.71813E-1 3.6488E-1 5.25705E-1 3.58092E-1 3.47714E-1 4.47814E-1 4.09816E-1 3.96378E-1 3.60274E-1 4.49742E-1 4.2334E-1 4.46421E-1 6.24306E-1 5.74609E-1 5.87396E-1 5.93694E-1 5.77028E-1 5.4489E-1 5.13376E-1 5.25333E-1
3.588E-2 1.11853E-1 7.48416E-2 8.41543E-2 1.16294E-1 1.52495E-1 1.20432E-1 7.28083E-2 1.02711E-1 1.61309E-1 2.90705E-1 3.58091E-1 6.44559E-1 6.49879E-1 4.69055E-1 6.28151E-1 6.39353E-1 6.56799E-1 6.52169E-1 6.28095E-1 5.48671E-1 4.62576E-1 4.43541E-1 4.5237E-1 3.32463E-1 4.60833E-1 7.01356E-1 4.95348E-1 5.2792E-1 5.54931E-1 7.83023E-1 5.43302E-1 5.32674E-1 5.77288E-1 4.58208E-1 2.98149E-1 2.92806E-1 3.40221E-1 3.65464E-1 3.16534E-1 2.77162E-1 4.7544E-1 1.51175E-1 2.92757E-1 4.20234E-1 2.33167E-1 2.88652E-1 9.91652E-2 4.85802E-1 2.06641E-1 6.67375E-1 6.12889E-1 6.77885E-1 6.32927E-1 6.47998E-1 6.37331E-1 6.15389E-1 6.09549E-1 5.7324E-1 5.20495E-1
6.1662E-2 8.16607E-2 5.24167E-2 6.81642E-2 1.13051E-1 1.84293E-1 2.50007E-1 4.4062E-1 3.05972E-1 2.95842E-1 4.10798E-1 4.52669E-1 7.20593E-1 5.72941E-1 4.68246E-1 5.55006E-1 6.72865E-1 7.12918E-1 4.49489E-1 6.94015E-1 6.31501E-1 5.60856E-1 5.22476E-1 4.86055E-1 4.09836E-1 6.07567E-1 6.67504E-1 5.95825E-1 5.71554E-1 5.82553E-1 6.56892E-1 6.45212E-1 6.44957E-1 6.20848E-1 5.30926E-1 2.63261E-1 1.79763E-1 2.01168E-1 2.37857E-1 2.52685E-1 2.3823E-1 2.33285E-1 2.21592E-1 2.07457E-1 1.52857E-1 1.9494E-1 2.46809E-1 3.14795E-1 3.46341E-1 3.01722E-1 4.41411E-1 2.76574E-1 6.95173E-1 6.46408E-1 6.54837E-1 6.456E-1 6.43666E-1 5.63578E-1 6.07965E-1 5.94559E-1
1.12202E-1 5.30613E-2 5.71851E-2 6.32404E-2 1.01448E-1 1.72419E-1 2.04845E-1 3.6775E-1 3.93431E-1 2.84792E-1 4.31671E-1 5.20125E-1 7.04236E-1 7.04006E-1 5.73205E-1 5.96967E-1 5.03838E-1 7.40036E-1 7.53115E-1 5.24466E-1 6.85081E-1 6.20174E-1 5.72465E-1 5.18888E-1 4.72705E-1 6.30017E-1 6.28715E-1 6.38936E-1 6.09241E-1 5.95599E-1 6.19671E-1 6.64083E-1 6.27406E-1 6.41342E-1 4.71671E-1 3.2729E-1 1.63493E-1 1.84585E-1 2.26027E-1 2.38029E-1 2.08926E-1 2.24775E-1 3.32002E-1 2.30211E-1 1.77537E-1 2.305E-1 2.18253E-1 2.4952E-1 2.94268E-1 3.44956E-1 3.71224E-1 3.89087E-1 7.05858E-1 4.64498E-1 6.33862E-1 7.16148E-1 6.7076E-1 6.91857E-1 6.78865E-1 5.56347E-1
9.38441E-2 5.55305E-2 5.61325E-2 5.75165E-2 7.88727E-2 1.35051E-1 1.62386E-1 2.06169E-1 4.0856E-1 3.65949E-1 5.50145E-1 6.24166E-1 7.59689E-1 4.3936E-1 5.99099E-1 7.45164E-1 7.49031E-1 6.72211E-1 8.13563E-1 8.08068E-1 6.13802E-1 7.11472E-1 6.53564E-1 5.58769E-1 4.99625E-1 4.72282E-1 5.26462E-1 4.79696E-1 4.43488E-1 4.88258E-1 6.18696E-1 6.21293E-1 5.33836E-1 5.85192E-1 4.92119E-1 4.62313E-1 3.83478E-1 3.0373E-1 3.16047E-1 3.26073E-1 2.36827E-1 2.80121E-1 4.1803E-1 3.52856E-1 2.78813E-1 2.38104E-1 2.61528E-1 3.3313E-1 4.05313E-1 4.78518E-1 5.94437E-1 7.29405E-1 5.94268E-1 8.23664E-1 6.4743E-1 6.06472E-1 4.66516E-1 4.44606E-1 4.94054E-1 5.54911E-1
1.25583E-1 1.16672E-1 8.56397E-2 5.90147E-2 9.56382E-2 1.60558E-1 2.18474E-1 2.69135E-1 3.77057E-1 4.40471E-1 6.31323E-1 6.96347E-1 7.65305E-1 6.85971E-1 7.28412E-1 7.75916E-1 7.74972E-1 6.63721E-1 8.06598E-1 7.18401E-1 4.14054E-1 7.10871E-1 6.26136E-1 3.35924E-1 4.92959E-1 5.03935E-1 4.86668E-1 4.27199E-1 3.98649E-1 4.50355E-1 6.34643E-1 6.45109E-1 5.94315E-1 4.89339E-1 4.67784E-1 4.4753E-1 3.6836E-1 3.395E-1 3.39311E-1 3.61166E-1 2.68342E-1 2.87759E-1 4.02986E-1 3.82231E-1 3.80118E-1 2.97189E-1 3.1705E-1 4.03531E-1 4.77668E-1 5.62693E-1 6.62611E-1 5.11039E-1 6.0312E-1 6.54381E-1 5.98037E-1 3.78285E-1 3.05917E-1 2.4828E-1 2.20455E-1 5.65966E-1
1.0885E-1 1.37162E-1 1.22515E-1 9.96874E-2 1.3801E-1 2.13867E-1 2.5496E-1 3.43347E-1 4.06369E-1 4.9152E-1 6.53812E-1 7.38653E-1 7.98859E-1 8.12675E-1 7.16734E-1 7.50002E-1 7.62036E-1 7.81257E-1 6.41949E-1 7.14491E-1 7.08196E-1 6.92848E-1 6.14379E-1 3.1663E-1 5.13427E-1 5.12264E-1 5.03051E-1 4.59923E-1 3.79534E-1 4.54188E-1 4.24741E-1 5.71914E-1 4.82701E-1 4.70254E-1 4.37497E-1 3.81202E-1 3.48142E-1 3.4709E-1 3.61913E-1 3.72571E-1 2.79802E-1 2.51879E-1 2.98431E-1 4.59824E-1 4.29121E-1 3.14642E-1 3.36413E-1 4.26902E-1 5.17737E-1 5.92299E-1 7.03285E-1 7.86296E-1 6.40952E-1 5.58394E-1 4.78492E-1 3.78324E-1 3.49389E-1 3.20267E-1 2.57777E-1 3.40571E-1
8.79065E-2 1.20482E-1 1.603E-1 1.59298E-1 2.06446E-1 2.95594E-1 2.7212E-1 2.88904E-1 3.47889E-1 4.47531E-1 6.38551E-1 6.72208E-1 7.78281E-1 8.19026E-1 7.61913E-1 7.74492E-1 7.25743E-1 7.50183E-1 7.74532E-1 5.1466E-1 5.90959E-1 5.83023E-1 6.29176E-1 5.78679E-1 5.39912E-1 5.245E-1 2.58971E-1 3.43865E-1 4.86958E-1 4.5802E-1 5.29601E-1 4.27678E-1 4.4615E-1 4.36542E-1 4.01806E-1 3.46657E-1 3.52026E-1 3.55242E-1 3.58638E-1 3.75417E-1 2.86296E-1 2.64682E-1 2.98895E-1 3.9652E-1 4.49009E-1 3.29764E-1 3.23237E-1 4.04258E-1 5.06766E-1 6.20089E-1 7.50749E-1 6.38177E-1 6.85037E-1 7.21929E-1 6.08345E-1 4.83719E-1 3.65363E-1 3.70141E-1 3.95323E-1 4.30545E-1
1.06559E-1 1.39268E-1 2.02709E-1 2.16271E-1 2.45119E-1 4.13614E-1 3.80374E-1 3.50801E-1 3.89136E-1 4.71319E-1 6.77551E-1 7.26739E-1 6.42701E-1 8.05383E-1 7.98324E-1 8.25868E-1 6.7472E-1 7.10322E-1 7.49293E-1 7.11529E-1 6.58307E-1 4.54935E-1 6.42755E-1 6.12971E-1 5.86389E-1 5.52994E-1 5.65154E-1 2.42482E-1 6.33994E-1 6.10936E-1 5.64614E-1 5.37949E-1 5.00664E-1 4.72278E-1 4.10527E-1 3.59437E-1 3.78414E-1 3.7725E-1 3.76213E-1 4.22611E-1 3.65791E-1 3.40096E-1 3.13295E-1 2.87015E-1 4.55674E-1 3.64116E-1 3.34818E-1 3.60998E-1 4.34689E-1 5.48161E-1 7.2953E-1 7.31664E-1 7.53974E-1 7.383E-1 6.64673E-1 5.22594E-1 4.20809E-1 3.93082E-1 3.99526E-1 3.89826E-1
2.79389E-1 3.44562E-1 4.21781E-1 5.37094E-1 4.73234E-1 5.97476E-1 6.3867E-1 6.04539E-1 6.06943E-1 6.25525E-1 6.62672E-1 7.10338E-1 7.46187E-1 7.1125E-1 7.31072E-1 7.54542E-1 5.94144E-1 6.17131E-1 6.39443E-1 6.01827E-1 5.70206E-1 4.29432E-1 6.69341E-1 6.06838E-1 5.83738E-1 6.17933E-1 6.18862E-1 5.90419E-1 5.77818E-1 6.82624E-1 6.03168E-1 5.66514E-1 4.34618E-1 4.07115E-1 3.95956E-1 3.40482E-1 3.90461E-1 4.42893E-1 3.35468E-1 4.51689E-1 5.44945E-1 4.97597E-1 4.20505E-1 3.72254E-1 6.03249E-1 4.36372E-1 4.09346E-1 3.36828E-1 3.96729E-1 4.89869E-1 5.54931E-1 6.83811E-1 5.71984E-1 6.69656E-1 5.94018E-1 4.76194E-1 3.75353E-1 3.10037E-1 3.18666E-1 2.74968E-1
3.59568E-1 4.23588E-1 4.73561E-1 6.01238E-1 6.26901E-1 6.3864E-1 6.81508E-1 7.25902E-1 6.99407E-1 6.75185E-1 6.79879E-1 7.03789E-1 7.0978E-1 7.14576E-1 6.9369E-1 7.40052E-1 6.70374E-1 6.87874E-1 7.14579E-1 6.7342E-1 4.99349E-1 6.07759E-1 7.04229E-1 6.29415E-1 5.78107E-1 6.17669E-1 6.78762E-1 6.78514E-1 3.90399E-1 7.01492E-1 6.37225E-1 5.07362E-1 3.51653E-1 3.71165E-1 3.89277E-1 3.94901E-1 3.78705E-1 4.64244E-1 4.20132E-1 5.70619E-1 5.4048E-1 3.93452E-1 3.93765E-1 4.99585E-1 6.5509E-1 4.71465E-1 3.40311E-1 3.82389E-1 3.59588E-1 4.72728E-1 2.45878E-1 7.06772E-1 4.16328E-1 6.28388E-1 5.36344E-1 3.61515E-1 3.36424E-1 2.94427E-1 2.87271E-1 2.50221E-1
3.19898E-1 4.07838E-1 4.98581E-1 5.78459E-1 7.05054E-1 7.18537E-1 7.07691E-1 7.36223E-1 8.00519E-1 7.02421E-1 6.75269E-1 6.31668E-1 6.42524E-1 6.35246E-1 6.76305E-1 7.4887E-1 7.23454E-1 7.35529E-1 7.70483E-1 6.46258E-1 5.25615E-1 5.16355E-1 4.59917E-1 6.70256E-1 6.25686E-1 5.84409E-1 6.13023E-1 6.53848E-1 6.80275E-1 7.16246E-1 6.09418E-1 5.51778E-1 5.02933E-1 4.84334E-1 3.86748E-1 4.59461E-1 4.38115E-1 4.05853E-1 5.13657E-1 6.07096E-1 5.25577E-1 5.44324E-1 4.94851E-1 5.50306E-1 7.15501E-1 5.35548E-1 4.69491E-1 4.54568E-1 3.81485E-1 4.48924E-1 3.97264E-1 4.00243E-1 6.48182E-1 5.37042E-1 4.632E-1 3.3596E-1 3.60171E-1 3.60004E-1 3.76128E-1 3.31758E-1
3.66232E-1 4.19921E-1 5.02559E-1 6.37335E-1 7.33238E-1 8.20366E-1 7.6787E-1 7.52027E-1 7.29348E-1 7.4796E-1 6.7583E-1 6.45945E-1 6.94854E-1 6.99498E-1 7.33667E-1 6.62805E-1 7.33598E-1 7.58737E-1 7.98819E-1 6.85661E-1 6.52828E-1 5.97455E-1 4.05416E-1 6.91751E-1 7.03718E-1 5.63614E-1 5.20473E-1 6.12457E-1 6.87788E-1 6.7309E-1 6.92364E-1 6.1989E-1 5.85053E-1 5.25337E-1 4.76222E-1 5.13596E-1 5.12775E-1 4.36192E-1 5.34968E-1 6.16601E-1 5.64156E-1 5.72353E-1 5.62606E-1 6.41837E-1 7.79235E-1 5.98064E-1 5.62551E-1 5.35362E-1 4.68671E-1 5.18729E-1 4.67376E-1 4.70643E-1 2.7252E-1 3.37334E-1 2.84164E-1 2.23156E-1 2.59692E-1 2.76233E-1 2.5851E-1 2.32462E-1
3.85289E-1 4.52775E-1 4.82253E-1 5.77782E-1 7.20627E-1 8.05503E-1 7.96525E-1 7.46603E-1 7.17449E-1 5.83506E-1 5.48731E-1 5.8289E-1 4.30026E-1 6.28046E-1 5.76922E-1 6.08604E-1 6.34253E-1 7.09977E-1 7.01447E-1 6.55651E-1 6.84528E-1 6.43253E-1 6.79977E-1 7.46966E-1 7.3952E-1 7.20872E-1 5.85656E-1 5.4236E-1 5.88275E-1 4.66662E-1 7.28016E-1 6.40811E-1 6.32686E-1 5.76135E-1 5.12713E-1 5.04453E-1 5.30297E-1 5.04998E-1 5.60162E-1 5.74287E-1 5.82706E-1 5.89179E-1 5.82385E-1 6.49626E-1 7.51876E-1 6.35035E-1 6.29926E-1 5.86563E-1 5.31116E-1 5.50002E-1 5.12795E-1 5.00819E-1 5.1713E-1 4.23406E-1 3.17905E-1 2.47162E-1 2.75957E-1 2.62977E-1 2.29412E-1 2.03038E-1
4.04565E-1 5.12403E-1 5.41128E-1 6.04995E-1 6.82682E-1 7.58278E-1 7.47077E-1 5.50537E-1 5.61618E-1 4.49753E-1 4.68667E-1 5.54393E-1 5.67713E-1 6.22391E-1 4.60161E-1 5.99329E-1 4.6971E-1 6.59277E-1 6.91592E-1 6.89757E-1 7.2588E-1 7.02992E-1 6.30297E-1 7.8023E-1 8.19764E-1 7.72731E-1 7.15753E-1 6.19143E-1 5.81552E-1 5.67794E-1 7.04735E-1 7.20538E-1 6.96389E-1 6.4398E-1 5.70007E-1 5.5707E-1 5.5255E-1 5.46302E-1 5.8872E-1 5.74683E-1 5.30546E-1 5.53891E-1 5.87597E-1 6.72853E-1 6.81227E-1 6.98728E-1 6.99739E-1 6.79233E-1 5.95604E-1 5.54307E-1 4.96507E-1 5.99485E-1 5.9265E-1 5.97053E-1 5.24542E-1 4.25116E-1 4.01587E-1 3.49335E-1 3.65278E-1 3.67195E-1
4.34082E-1 5.08737E-1 5.35954E-1 5.0249E-1 4.9547E-1 3.52784E-1 5.94502E-1 5.02863E-1 3.37675E-1 3.67502E-1 3.57577E-1 4.87101E-1 6.00406E-1 5.24074E-1 4.47213E-1 3.56626E-1 5.13024E-1 6.76321E-1 7.01994E-1 6.75235E-1 7.33046E-1 7.23032E-1 6.08662E-1 7.61673E-1 5.42633E-1 8.20724E-1 7.70544E-1 7.06102E-1 6.12058E-1 5.70403E-1 2.84036E-1 7.35874E-1 7.08445E-1 6.51334E-1 5.79514E-1 6.30685E-1 5.9302E-1 5.45514E-1 6.07519E-1 5.82528E-1 5.28822E-1 6.14838E-1 6.92353E-1 7.39921E-1 7.62414E-1 7.42186E-1 6.75392E-1 6.25281E-1 5.98479E-1 5.48744E-1 4.44914E-1 4.96309E-1 6.43133E-1 4.44272E-1 6.14146E-1 5.3412E-1 4.67791E-1 5.184E-1 4.17654E-1 4.90775E-1
4.45712E-1 4.89535E-1 2.03985E-1 4.52699E-1 4.05186E-1 4.06349E-1 3.96514E-1 3.6337E-1 3.76674E-1 4.29445E-1 4.78573E-1 5.45795E-1 5.46739E-1 5.63683E-1 5.38259E-1 5.93828E-1 6.18271E-1 6.63605E-1 6.76343E-1 6.71759E-1 7.56283E-1 7.4839E-1 5.32012E-1 7.22113E-1 7.19716E-1 7.92823E-1 8.30998E-1 7.75604E-1 7.01187E-1 6.66909E-1 6.19422E-1 7.36154E-1 7.31246E-1 7.01102E-1 6.07739E-1 6.5518E-1 6.36187E-1 5.46527E-1 5.91455E-1 5.88105E-1 5.3159E-1 6.69536E-1 7.14159E-1 7.49024E-1 7.69704E-1 7.31172E-1 6.9347E-1 4.51755E-1 6.38704E-1 5.54686E-1 1.80338E-1 7.08648E-2 4.74849E-1 7.29497E-1 6.51074E-1 5.92267E-1 5.40052E-1 5.49393E-1 5.3088E-1 5.24297E-1
4.20508E-1 4.01494E-1 2.55131E-1 2.10963E-1 4.45221E-1 3.17648E-1 3.33722E-1 3.11591E-1 3.03973E-1 3.01155E-1 2.96239E-1 3.52327E-1 5.1923E-1 5.61164E-1 5.99865E-1 6.31721E-1 3.56449E-1 6.57867E-1 4.86038E-1 4.0571E-1 7.3374E-1 7.61009E-1 7.67895E-1 7.18751E-1 6.7892E-1 7.20204E-1 4.33838E-1 6.2343E-1 7.56343E-1 7.31731E-1 7.44998E-1 7.21369E-1 7.37003E-1 7.19775E-1 6.21858E-1 6.52062E-1 6.69886E-1 6.17239E-1 5.12627E-1 5.80105E-1 6.51313E-1 7.37099E-1 5.76285E-1 5.78775E-1 7.8298E-1 7.22677E-1 7.02127E-1 7.36319E-1 6.85898E-1 6.20864E-1 3.56819E-1 4.0275E-1 4.0773E-1 3.76787E-1 3.89249E-1 4.33516E-1 4.92023E-1 5.38032E-1 3.37459E-1 6.18673E-1
6.30048E-1 5.2062E-1 3.28314E-1 3.18786E-1 3.99929E-1 3.38626E-1 3.48724E-1 3.23003E-1 3.24832E-1 3.59307E-1 3.48642E-1 3.6453E-1 4.3142E-1 5.563E-1 5.44798E-1 3.17271E-1 5.47348E-1 5.50054E-1 5.44488E-1 5.68596E-1 6.18052E-1 4.76842E-1 6.42814E-1 6.95731E-1 6.48796E-1 7.45396E-1 6.84633E-1 8.01517E-1 6.414E-1 7.5303E-1 8.33186E-1 6.68648E-1 7.91685E-1 7.39457E-1 6.51906E-1 6.38757E-1 6.61681E-1 6.6665E-1 5.72933E-1 5.71185E-1 4.20661E-1 5.81379E-1 5.92191E-1 5.72729E-1 6.71699E-1 7.44457E-1 7.11161E-1 7.18107E-1 7.00856E-1 7.28616E-1 6.93424E-1 4.32808E-1 2.97416E-1 3.34764E-1 3.48497E-1 2.28146E-1 1.9836E-1 2.09045E-1 3.16881E-1 4.00519E-1
3.42158E-1 6.49031E-1 7.50599E-1 4.78443E-1 4.77032E-1 3.03451E-1 3.20563E-1 2.95122E-1 3.03736E-1 3.39247E-1 3.733E-1 3.92145E-1 4.07726E-1 4.64996E-1 4.49406E-1 6.14244E-1 6.62658E-1 5.46923E-1 5.83783E-1 6.05115E-1 6.03653E-1 6.43393E-1 3.22924E-1 -9999 2.30675E-1 3.37025E-1 6.11393E-1 7.19957E-1 7.39819E-1 7.28618E-1 6.79912E-1 5.13235E-1 5.85985E-1 4.97452E-1 4.11641E-1 4.35386E-1 4.48636E-1 4.60482E-1 4.1641E-1 3.47223E-1 6.00413E-1 4.7765E-1 4.3798E-1 5.61002E-1 5.51205E-1 7.10545E-1 7.06393E-1 6.60824E-1 6.47642E-1 4.28339E-1 6.08269E-1 5.01591E-1 3.92347E-1 3.60131E-1 4.30103E-1 3.4824E-1 3.20482E-1 2.53476E-1 2.86064E-1 3.62802E-1
5.32362E-1 5.66228E-1 6.67752E-1 6.68982E-1 5.20638E-1 3.20793E-1 3.16147E-1 3.10517E-1 3.07616E-1 3.54105E-1 4.12223E-1 3.6102E-1 3.03175E-1 4.27289E-1 4.26941E-1 4.49513E-1 5.10433E-1 6.48324E-1 6.24117E-1 6.65406E-1 6.82234E-1 6.91324E-1 6.56031E-1 4.91952E-1 4.32724E-1 4.83318E-1 4.57812E-1 7.6826E-1 7.3591E-1 7.04345E-1 6.54497E-1 6.59168E-1 4.46378E-1 3.83791E-1 4.13785E-1 4.74605E-1 4.17453E-1 4.54747E-1 2.71369E-1 5.518E-1 4.80045E-1 5.35349E-1 5.84245E-1 6.87227E-1 6.447E-1 6.52451E-1 6.25033E-1 6.83507E-1 6.42636E-1 6.40407E-1 4.57243E-1 3.39543E-1 2.88273E-1 2.58455E-1 3.06654E-1 3.13529E-1 2.93279E-1 2.6839E-1 5.87653E-1 4.16414E-1
