Phytophthora/models/20240430_1147_34/Phytophthora_PA3_RUN3_MAXENT_outputs/Phytophthora_PA3_RUN3.asc
ncols         225
nrows         269
xllcorner     473000.0
yllcorner     4429100.0
cellsize      50.0
NODATA_value  -9999
[rows 162 to 188 of 269, columns 0 to 59 of 225]
-9999 -9999 -9999 -9999 -9999 -9999 -9999 -9999 2.6596E-1 4.81317E-1 5.47008E-1 6.0592E-1 6.57558E-1 7.14888E-1 7.63353E-1 7.83589E-1 8.08552E-1 8.05238E-1 7.83127E-1 7.28507E-1 6.07494E-1 5.21122E-1 4.79225E-1 5.57655E-1 6.18278E-1 6.34108E-1 7.51971E-1 4.96298E-1 6.41321E-1 6.14247E-1 2.42895E-1 4.98517E-1 5.21135E-1 3.04375E-1 5.93748E-1 5.83235E-1 5.53228E-1 5.48658E-1 5.83948E-1 5.11646E-1 5.57239E-1 4.71668E-1 4.06544E-1 3.87603E-1 4.65881E-1 5.22486E-1 5.20574E-1 5.24574E-1 5.03239E-1 4.07554E-1 4.31423E-1 5.16644E-1 6.08196E-1 7.2686E-1 4.21402E-1 5.0322E-1 4.41501E-1 4.17026E-1 4.8755E-1 5.33652E-1
-9999 -9999 -9999 -9999 -9999 -9999 -9999 2.20148E-1 2.6478E-1 1.69051E-1 5.17298E-1 5.14763E-1 5.751E-1 7.24381E-1 7.8344E-1 8.00825E-1 5.21243E-1 5.64793E-1 7.82698E-1 7.03867E-1 6.11759E-1 5.5232E-1 5.203E-1 5.58628E-1 6.28091E-1 6.57068E-1 7.61394E-1 7.22253E-1 6.2251E-1 5.03238E-1 5.97537E-1 6.33006E-1 6.50568E-1 6.7619E-1 6.52792E-1 3.50891E-1 6.34831E-1 6.30594E-1 5.74129E-1 5.61906E-1 6.00908E-1 4.88649E-1 4.34575E-1 4.29768E-1 5.22142E-1 5.76623E-1 5.48897E-1 5.34573E-1 4.70046E-1 4.25746E-1 4.39029E-1 4.86344E-1 5.57778E-1 6.14789E-1 6.01785E-1 2.905E-1 4.86804E-1 4.33423E-1 5.62083E-1 1.85085E-1
-9999 -9999 -9999 -9999 -9999 -9999 -9999 2.40336E-1 2.66E-1 3.47686E-1 3.39152E-1 4.69856E-1 5.37487E-1 6.46412E-1 7.58525E-1 8.16862E-1 5.96549E-1 8.07803E-1 4.73831E-1 7.03332E-1 6.26034E-1 5.8454E-1 5.41279E-1 5.38764E-1 6.08765E-1 6.16822E-1 7.2705E-1 7.31649E-1 6.08222E-1 3.77175E-1 5.02722E-1 5.24937E-1 5.56715E-1 5.77335E-1 6.29866E-1 6.90488E-1 4.07095E-1 6.50598E-1 6.33788E-1 6.4324E-1 6.57287E-1 5.23281E-1 4.97785E-1 4.82476E-1 5.9038E-1 6.35702E-1 5.87871E-1 5.35842E-1 5.15596E-1 4.88665E-1 4.36733E-1 4.90668E-1 5.86863E-1 6.58808E-1 4.43185E-1 5.35029E-1 4.92937E-1 1.80846E-1 4.72362E-1 3.8059E-1
-9999 -9999 -9999 -9999 -9999 -9999 1.81448E-1 1.77473E-1 1.84615E-1 2.19243E-1 3.3708E-1 4.32087E-1 4.49471E-1 5.87431E-1 7.19452E-1 5.9704E-1 7.93366E-1 7.44904E-1 5.27323E-1 7.40672E-1 6.58662E-1 6.0659E-1 5.55209E-1 5.14225E-1 5.81233E-1 5.78674E-1 6.81855E-1 6.82674E-1 4.82963E-1 6.09863E-1 3.81469E-1 3.65422E-1 3.82881E-1 4.0528E-1 5.22753E-1 5.79504E-1 6.20683E-1 4.52048E-1 6.71704E-1 6.51563E-1 6.78547E-1 5.76026E-1 5.74906E-1 5.32395E-1 6.17538E-1 2.8718E-1 6.26938E-1 5.62862E-1 5.11366E-1 4.65673E-1 4.29302E-1 4.95675E-1 4.74786E-1 6.13603E-1 4.32814E-1 2.60731E-1 3.95051E-1 3.7515E-1 2.7906E-1 2.15447E-1
-9999 -9999 -9999 -9999 -9999 2.24961E-1 2.12645E-1 2.11743E-1 2.50262E-1 3.25837E-1 4.27994E-1 4.1859E-1 4.55581E-1 5.49396E-1 6.46225E-1 7.05107E-1 6.20738E-1 6.43214E-1 6.38128E-1 5.92299E-1 5.6181E-1 5.23149E-1 4.76714E-1 4.28394E-1 4.60328E-1 4.4044E-1 4.94838E-1 4.13539E-1 5.2718E-1 3.07155E-1 3.12484E-1 3.50059E-1 3.97925E-1 4.73541E-1 5.37363E-1 5.76505E-1 5.84984E-1 5.80374E-1 7.05636E-1 7.07186E-1 7.1668E-1 5.20729E-1 6.35757E-1 6.18764E-1 5.13636E-1 6.43371E-1 6.09611E-1 5.73569E-1 5.05334E-1 4.39971E-1 3.9924E-1 4.68089E-1 3.94655E-1 4.1966E-1 3.26879E-1 2.66793E-1 3.83521E-1 2.80099E-1 2.50562E-1 2.14602E-1
-9999 -9999 -9999 -9999 -9999 2.27332E-1 2.40122E-1 3.12154E-1 3.56254E-1 4.02696E-1 5.08467E-1 4.70375E-1 4.5646E-1 3.44457E-1 5.28506E-1 5.02496E-1 5.44666E-1 5.68342E-1 5.4858E-1 5.09626E-1 4.70814E-1 4.53545E-1 4.6336E-1 3.96044E-1 4.14226E-1 3.6472E-1 3.8735E-1 3.52761E-1 3.72943E-1 3.46979E-1 3.95296E-1 4.30231E-1 4.52922E-1 5.52455E-1 6.12847E-1 6.25007E-1 6.18228E-1 5.36884E-1 7.04181E-1 6.53979E-1 6.38336E-1 6.10515E-1 6.31419E-1 6.29575E-1 6.32615E-1 6.33211E-1 5.9694E-1 5.36689E-1 5.28335E-1 5.1035E-1 4.43544E-1 3.93762E-1 2.24602E-1 2.77898E-1 2.81354E-1 1.04864E-1 2.82265E-1 2.62576E-1 2.56999E-1 2.55984E-1
-9999 -9999 -9999 -9999 -9999 2.52715E-1 3.25021E-1 3.74954E-1 4.29261E-1 4.91669E-1 5.64299E-1 5.3928E-1 5.3302E-1 5.56226E-1 4.85775E-1 4.88403E-1 5.17557E-1 5.33456E-1 5.11408E-1 4.85882E-1 4.29403E-1 3.64283E-1 4.59831E-1 3.39591E-1 4.30893E-1 3.14483E-1 1.78568E-1 4.71465E-1 4.36269E-1 4.48201E-1 4.75013E-1 5.1973E-1 5.78149E-1 6.52893E-1 6.60566E-1 4.907E-1 6.73135E-1 7.03994E-1 6.73333E-1 6.06739E-1 5.42981E-1 5.71827E-1 6.1592E-1 5.84376E-1 5.81791E-1 5.96121E-1 5.69232E-1 5.35249E-1 4.71245E-1 4.17924E-1 2.93516E-1 2.61843E-1 2.76736E-1 3.01894E-1 3.04889E-1 1.79918E-1 3.44843E-1 3.71411E-1 3.4907E-1 3.16019E-1
-9999 -9999 -9999 -9999 -9999 3.09133E-1 3.6909E-1 4.3118E-1 5.06797E-1 5.53863E-1 6.23933E-1 6.02117E-1 4.31258E-1 5.54952E-1 5.22044E-1 4.98247E-1 4.81151E-1 4.843E-1 4.61546E-1 4.30212E-1 3.86254E-1 3.66521E-1 3.74621E-1 2.32935E-1 2.94724E-1 1.12025E-1 5.2614E-1 4.80954E-1 5.00762E-1 5.5301E-1 6.18809E-1 6.73416E-1 7.04207E-1 7.22925E-1 4.63347E-1 6.15531E-1 6.84161E-1 6.51178E-1 6.40301E-1 5.08596E-1 4.61736E-1 4.62886E-1 4.96525E-1 5.16867E-1 5.49871E-1 5.71136E-1 5.12791E-1 4.37749E-1 4.43828E-1 3.73838E-1 2.86732E-1 2.73077E-1 2.5946E-1 2.75281E-1 2.86881E-1 2.82246E-1 3.57737E-1 3.86532E-1 4.0972E-1 4.075E-1
-9999 -9999 -9999 -9999 6.69664E-3 3.53338E-1 4.17711E-1 4.65702E-1 5.46871E-1 6.17568E-1 6.94957E-1 6.65984E-1 3.82638E-1 6.1393E-1 5.8048E-1 5.27682E-1 4.21365E-1 4.11822E-1 4.36107E-1 3.87525E-1 3.41901E-1 3.43505E-1 3.82654E-1 3.9519E-1 3.19442E-1 4.05218E-1 4.91352E-1 5.02324E-1 5.55845E-1 5.9952E-1 6.70806E-1 7.08526E-1 6.398E-1 5.24143E-1 5.85236E-1 6.77656E-1 6.37846E-1 6.07346E-1 5.3947E-1 4.35023E-1 4.07736E-1 4.20031E-1 4.33567E-1 4.41083E-1 4.92879E-1 5.98672E-1 4.89476E-1 4.23784E-1 3.84593E-1 3.3525E-1 2.71115E-1 3.29554E-1 3.20049E-1 3.32112E-1 4.23131E-1 2.36006E-1 2.8857E-1 3.47988E-1 4.2551E-1 3.95362E-1
-9999 -9999 -9999 -9999 4.3246E-2 1.41561E-1 1.61969E-1 1.85718E-1 2.47698E-1 2.9027E-1 1.02427E-1 1.83006E-1 2.53577E-1 2.46294E-1 2.11586E-1 2.32019E-1 1.58599E-1 1.32962E-1 5.47909E-2 1.24763E-1 1.44418E-1 1.78801E-1 1.9187E-1 2.15503E-1 2.62753E-1 4.44487E-1 5.73465E-1 6.24084E-1 6.56167E-1 6.53069E-1 6.63893E-1 2.89192E-1 6.97926E-1 6.99437E-1 7.52271E-1 7.40409E-1 7.14161E-1 6.87355E-1 5.88378E-1 5.06279E-1 4.84614E-1 4.91863E-1 5.03894E-1 5.16886E-1 5.1681E-1 6.12826E-1 5.00241E-1 4.39124E-1 4.35839E-1 3.92208E-1 4.30841E-1 4.98492E-1 4.959E-1 5.78366E-1 5.89898E-1 6.68766E-1 6.16457E-1 6.58326E-1 7.23099E-1 7.43284E-1
-9999 -9999 -9999 -9999 7.7556E-2 1.32146E-1 1.49325E-1 1.83333E-1 2.28204E-1 2.52418E-1 2.60949E-1 3.2385E-1 3.04168E-1 1.79197E-1 1.74343E-1 8.0396E-2 1.51354E-1 7.65882E-2 1.33248E-1 1.05524E-1 1.44017E-1 1.70252E-1 1.8793E-1 2.23017E-1 2.57331E-1 4.58476E-1 5.43221E-1 3.85566E-1 3.2662E-1 6.21403E-1 6.81125E-1 6.84554E-1 6.61938E-1 7.29981E-1 7.19635E-1 7.14171E-1 6.87281E-1 5.9562E-1 5.154E-1 4.51561E-1 4.51103E-1 4.52357E-1 4.53455E-1 4.88796E-1 4.80869E-1 5.56749E-1 4.84086E-1 4.14238E-1 4.13561E-1 4.48369E-1 4.81564E-1 3.79818E-1 4.16712E-1 4.36383E-1 4.73022E-1 6.53395E-1 7.33073E-1 6.97345E-1 6.5036E-1 6.30086E-1
-9999 -9999 -9999 -9999 5.98567E-2 1.50237E-1 1.62486E-1 1.74534E-1 1.98682E-1 2.10741E-1 1.94961E-1 2.36023E-1 1.89471E-1 1.61339E-1 1.10364E-1 1.27135E-1 1.65024E-1 1.24993E-1 8.83632E-2 1.12512E-1 1.68348E-1 2.01754E-1 2.3723E-1 2.60679E-1 3.15877E-1 4.67544E-1 4.90117E-1 5.66692E-1 5.94002E-1 6.12571E-1 6.44279E-1 6.56342E-1 7.03985E-1 6.88212E-1 6.85933E-1 6.82184E-1 6.49382E-1 5.37084E-1 4.85505E-1 4.35769E-1 4.61017E-1 4.34538E-1 4.01093E-1 4.35825E-1 4.46113E-1 5.00421E-1 5.15992E-1 4.33022E-1 4.52606E-1 5.38709E-1 1.94293E-1 5.88663E-1 4.82913E-1 5.00129E-1 5.05942E-1 5.52646E-1 6.45658E-1 7.6314E-1 6.98266E-1 6.43599E-1
-9999 -9999 -9999 -9999 8.10484E-2 1.18946E-1 1.60494E-1 2.11227E-1 2.34012E-1 2.18153E-1 1.95627E-1 2.23162E-1 1.09483E-1 2.32211E-1 1.34163E-1 1.3166E-1 1.51333E-1 1.17569E-1 1.10475E-1 1.33794E-1 2.22864E-1 2.46998E-1 2.69514E-1 3.22515E-1 3.63262E-1 5.56928E-1 5.50479E-1 5.71463E-1 5.49614E-1 5.68512E-1 5.63093E-1 5.78117E-1 6.56073E-1 6.52684E-1 6.49784E-1 6.4589E-1 5.70081E-1 5.29781E-1 5.67287E-1 4.92939E-1 5.22934E-1 5.11709E-1 4.51807E-1 4.69701E-1 5.24387E-1 4.99826E-1 5.5597E-1 5.5196E-1 4.56362E-1 4.79841E-1 4.69811E-1 4.70206E-1 5.06286E-1 5.47757E-1 5.5446E-1 6.04702E-1 3.00248E-1 6.31321E-1 5.0892E-1 6.07578E-1
-9999 -9999 -9999 6.89851E-2 7.21439E-2 1.17298E-1 1.45495E-1 2.21694E-1 2.57698E-1 2.69022E-1 2.22726E-1 2.65142E-1 3.21828E-1 1.63736E-1 1.42049E-1 1.75094E-1 1.45167E-1 1.5716E-1 1.70265E-1 1.80827E-1 3.10343E-1 3.57991E-1 4.03868E-1 4.11311E-1 4.72911E-1 3.64088E-1 6.37102E-1 6.02469E-1 5.39565E-1 5.06398E-1 4.75048E-1 4.81966E-1 6.27701E-1 6.11718E-1 6.09093E-1 6.05951E-1 5.84086E-1 5.9967E-1 6.60953E-1 5.61723E-1 5.77537E-1 5.90873E-1 5.24271E-1 5.21169E-1 5.88383E-1 5.67101E-1 5.84995E-1 3.29267E-1 3.15826E-1 5.00186E-1 5.49081E-1 5.52795E-1 5.6791E-1 5.89765E-1 5.53266E-1 5.77963E-1 5.72211E-1 5.19879E-1 5.77646E-1 5.9717E-1
2.1463E-2 3.05885E-2 4.9163E-2 7.58103E-2 1.02979E-1 1.88901E-1 2.33594E-1 2.84326E-1 1.87932E-1 1.78682E-1 3.0201E-1 1.41656E-1 1.41361E-1 2.49787E-1 2.36331E-1 2.86041E-1 2.39093E-1 3.25669E-1 3.41724E-1 3.18517E-1 5.75957E-1 6.14173E-1 6.54416E-1 2.86605E-1 6.5201E-1 5.26725E-1 7.88833E-1 7.46095E-1 6.93746E-1 5.93018E-1 4.8452E-1 4.82078E-1 5.92581E-1 6.31869E-1 6.30633E-1 7.38466E-1 7.28262E-1 7.48519E-1 7.9344E-1 7.38439E-1 6.4467E-1 6.61669E-1 6.06946E-1 5.91106E-1 3.04847E-1 5.88027E-1 4.9233E-1 3.46495E-1 3.85593E-1 4.1914E-1 4.27024E-1 5.00972E-1 5.34813E-1 5.43194E-1 5.46902E-1 6.27628E-1 5.91768E-1 6.28954E-1 6.13419E-1 6.87582E-1
-9999 3.56579E-2 4.73384E-2 6.5935E-2 9.45754E-2 1.89653E-1 2.30518E-1 2.58522E-1 2.9028E-1 1.5012E-1 3.21112E-1 7.69262E-2 2.39914E-1 3.06517E-1 2.95871E-1 3.81439E-1 3.52711E-1 3.93376E-1 3.93026E-1 4.76712E-1 7.01363E-1 7.12849E-1 7.27817E-1 6.66941E-1 7.11293E-1 6.50177E-1 7.6563E-1 7.91089E-1 7.11867E-1 5.97131E-1 4.80298E-1 4.29987E-1 4.53003E-1 5.97403E-1 6.6089E-1 7.67248E-1 7.86088E-1 7.92652E-1 8.22761E-1 7.88207E-1 7.03945E-1 7.02443E-1 5.8742E-1 7.28638E-1 5.32519E-1 4.51248E-1 4.15756E-1 3.72648E-1 3.74494E-1 4.44463E-1 4.61971E-1 4.96219E-1 5.68525E-1 5.76474E-1 6.2548E-1 6.65902E-1 6.03686E-1 5.99117E-1 6.41822E-1 6.60347E-1
-9999 -9999 6.59734E-2 8.01065E-2 1.01889E-1 1.84631E-1 2.18607E-1 2.29194E-1 2.64529E-1 3.33065E-1 3.26732E-1 4.11828E-1 3.85563E-1 3.54965E-1 3.34481E-1 3.59229E-1 3.50188E-1 3.87721E-1 3.56719E-1 4.06319E-1 5.85331E-1 5.92675E-1 6.34076E-1 6.13826E-1 5.35657E-1 5.85178E-1 8.21351E-1 8.37563E-1 7.6563E-1 6.8015E-1 5.49038E-1 4.66061E-1 4.13525E-1 5.67337E-1 6.79105E-1 7.83714E-1 8.15655E-1 8.29071E-1 8.50893E-1 8.30839E-1 7.631E-1 5.29153E-1 6.39925E-1 6.02227E-1 5.79639E-1 4.95875E-1 5.02653E-1 4.59293E-1 4.97641E-1 5.31662E-1 5.00879E-1 5.45596E-1 5.23335E-1 6.14099E-1 5.46164E-1 6.97152E-1 6.34718E-1 5.72417E-1 5.91529E-1 5.97743E-1
-9999 -9999 -9999 1.06006E-1 1.37494E-1 2.12123E-1 2.66319E-1 2.47861E-1 2.36895E-1 2.62757E-1 2.79582E-1 4.05511E-1 3.96636E-1 3.48153E-1 3.11562E-1 3.12048E-1 2.37146E-1 2.79755E-1 3.25011E-1 1.49482E-1 5.76573E-1 5.13199E-1 2.03556E-1 4.86782E-1 5.87574E-1 6.21089E-1 7.27902E-1 8.12047E-1 8.06606E-1 7.66659E-1 6.1462E-1 5.24778E-1 4.37716E-1 5.33692E-1 6.89452E-1 7.91882E-1 8.24443E-1 8.52982E-1 8.76231E-1 5.81007E-1 7.93875E-1 7.15253E-1 6.18193E-1 6.61634E-1 6.67446E-1 6.1875E-1 5.61374E-1 5.00718E-1 5.53221E-1 6.261E-1 2.98398E-1 6.33487E-1 5.95473E-1 5.99903E-1 4.14452E-1 7.16814E-1 6.49439E-1 5.84265E-1 5.36194E-1 5.52624E-1
-9999 -9999 -9999 -9999 1.57353E-1 2.49041E-1 3.06408E-1 3.24335E-1 2.7871E-1 2.50014E-1 2.04124E-1 3.08286E-1 2.92957E-1 2.5703E-1 2.34804E-1 2.66183E-1 2.84917E-1 3.28561E-1 3.02076E-1 3.60752E-1 5.35723E-1 5.86012E-1 5.37797E-1 5.35443E-1 5.57579E-1 7.30255E-1 6.82897E-1 7.77048E-1 8.16171E-1 7.715E-1 6.88775E-1 6.36461E-1 4.8737E-1 5.24622E-1 6.70151E-1 7.94931E-1 8.26761E-1 8.55956E-1 8.77673E-1 8.58819E-1 6.77424E-1 6.09228E-1 5.70625E-1 6.45565E-1 6.65005E-1 5.62129E-1 4.18904E-1 5.77583E-1 5.11276E-1 5.0812E-1 6.3588E-1 6.077E-1 5.66821E-1 6.10704E-1 6.1283E-1 7.4057E-1 6.84472E-1 6.41395E-1 6.0254E-1 5.41166E-1
-9999 -9999 -9999 -9999 3.7307E-1 3.56566E-1 3.7455E-1 1.5156E-1 4.15355E-1 3.39731E-1 7.80255E-2 2.28764E-1 2.29324E-1 2.26137E-1 2.68645E-1 6.18667E-1 6.33961E-1 6.52196E-1 6.62368E-1 7.1865E-1 7.83146E-1 4.70267E-1 7.34518E-1 6.70752E-1 6.74217E-1 7.1702E-1 7.67991E-1 7.7571E-1 7.54482E-1 7.37702E-1 7.01034E-1 6.54523E-1 6.07825E-1 5.59576E-1 6.4723E-1 6.31276E-1 6.7672E-1 7.23004E-1 6.90238E-1 7.46288E-1 6.46934E-1 5.81052E-1 5.41965E-1 5.81449E-1 6.17116E-1 6.81812E-1 3.12331E-1 4.87041E-1 7.13158E-1 8.27167E-1 7.67067E-1 6.94968E-1 6.90807E-1 7.08701E-1 7.08109E-1 6.67645E-1 6.37052E-1 6.70327E-1 4.62567E-1 3.99869E-1
-9999 -9999 -9999 -9999 -9999 -9999 3.50624E-1 3.33786E-1 3.39658E-1 3.52198E-1 2.07695E-1 1.72462E-1 1.86306E-1 2.15013E-1 2.54025E-1 6.51475E-1 6.6524E-1 6.70091E-1 6.70098E-1 6.795E-1 6.03931E-1 7.62992E-1 5.18389E-1 6.04028E-1 6.85231E-1 6.02278E-1 6.91156E-1 6.94996E-1 6.54357E-1 6.61616E-1 6.23714E-1 6.45038E-1 6.42475E-1 6.76305E-1 6.89859E-1 6.3583E-1 6.80704E-1 7.24366E-1 7.62563E-1 7.59374E-1 6.08238E-1 4.85318E-1 4.67732E-1 5.21411E-1 5.67175E-1 6.52511E-1 6.56787E-1 6.87563E-1 6.69026E-1 6.7505E-1 5.40349E-1 5.87584E-1 6.61148E-1 6.80738E-1 6.59606E-1 5.96581E-1 6.58356E-1 5.71079E-1 4.88793E-1 4.33634E-1
-9999 -9999 -9999 -9999 -9999 -9999 -9999 -9999 -9999 2.30425E-1 1.58846E-1 1.41265E-1 1.66902E-1 2.17933E-1 2.68122E-1 6.77961E-1 6.63531E-1 6.49519E-1 6.11681E-1 3.80967E-1 6.36395E-1 6.36223E-1 6.07549E-1 6.27212E-1 4.55389E-1 5.2682E-1 6.24259E-1 6.38032E-1 6.20414E-1 6.01132E-1 5.47982E-1 6.03024E-1 6.79178E-1 7.11729E-1 7.22793E-1 6.20299E-1 6.93718E-1 4.05294E-1 6.62266E-1 6.57435E-1 5.67204E-1 4.8596E-1 4.4231E-1 4.6433E-1 5.34399E-1 6.6395E-1 6.72699E-1 6.89774E-1 6.6377E-1 6.26471E-1 6.05493E-1 5.76891E-1 6.41084E-1 6.74563E-1 6.35759E-1 5.25664E-1 3.99673E-1 4.02374E-1 4.26358E-1 4.68911E-1
-9999 -9999 -9999 -9999 -9999 -9999 -9999 -9999 -9999 -9999 1.47647E-1 1.12545E-1 1.76358E-1 2.00933E-1 2.93387E-1 7.07524E-1 6.84282E-1 6.99461E-1 6.703E-1 6.42442E-1 6.54233E-1 5.96358E-1 5.37842E-1 5.82585E-1 4.09801E-1 5.86486E-1 5.67441E-1 5.98178E-1 6.02974E-1 5.81822E-1 5.08212E-1 5.64268E-1 6.46239E-1 7.42862E-1 7.5358E-1 6.9077E-1 7.09337E-1 7.49622E-1 4.51833E-1 6.19831E-1 5.2852E-1 4.83768E-1 4.38881E-1 4.26855E-1 4.7988E-1 6.37488E-1 6.15704E-1 7.08382E-1 6.68425E-1 6.3017E-1 6.05271E-1 5.54384E-1 6.3825E-1 6.70156E-1 6.22149E-1 5.55064E-1 4.85972E-1 4.99755E-1 4.99854E-1 5.24931E-1
-9999 -9999 -9999 -9999 -9999 -9999 -9999 -9999 -9999 -9999 -9999 -9999 -9999 2.24502E-1 3.31391E-1 7.23332E-1 7.48355E-1 5.8331E-1 6.8965E-1 7.12565E-1 6.97029E-1 6.78117E-1 6.26344E-1 5.70171E-1 6.70591E-1 6.32953E-1 6.33503E-1 6.42347E-1 6.14417E-1 5.7384E-1 5.15237E-1 5.60607E-1 5.88869E-1 6.63863E-1 7.77289E-1 7.22993E-1 6.67565E-1 7.38198E-1 7.29357E-1 5.22492E-1 4.88806E-1 4.65198E-1 4.5385E-1 4.24895E-1 4.79167E-1 6.57334E-1 6.904E-1 7.21778E-1 6.79287E-1 6.42951E-1 6.32038E-1 6.21064E-1 6.7514E-1 6.88454E-1 7.10258E-1 5.85402E-1 5.47318E-1 5.64811E-1 5.35371E-1 5.24442E-1
-9999 -9999 -9999 -9999 -9999 -9999 -9999 -9999 -9999 -9999 -9999 -9999 -9999 -9999 4.67875E-1 7.92586E-1 5.92277E-1 7.77867E-1 7.65391E-1 7.13741E-1 3.94823E-1 3.32611E-1 5.81233E-1 6.00189E-1 5.94718E-1 6.08079E-1 5.98252E-1 6.18245E-1 6.22468E-1 6.49614E-1 6.75346E-1 6.43242E-1 6.38108E-1 7.94859E-1 8.00086E-1 4.05889E-1 2.53764E-1 7.09427E-1 5.45464E-1 5.29963E-1 4.28948E-1 3.73539E-1 3.64964E-1 3.93861E-1 4.85159E-1 7.22666E-1 7.5084E-1 7.76913E-1 7.32752E-1 6.85256E-1 6.23913E-1 6.82787E-1 6.45762E-1 6.04548E-1 5.76415E-1 6.34104E-1 6.41864E-1 6.71439E-1 6.27765E-1 5.78691E-1
-9999 -9999 -9999 -9999 -9999 -9999 -9999 -9999 -9999 -9999 -9999 -9999 -9999 -9999 -9999 8.08129E-1 4.91069E-1 7.78096E-1 7.66076E-1 7.37461E-1 3.67807E-1 5.89618E-1 6.06147E-1 3.82655E-1 6.40691E-1 6.53857E-1 6.46763E-1 6.53573E-1 6.63247E-1 6.82822E-1 7.02343E-1 7.43405E-1 7.58705E-1 7.35707E-1 7.33838E-1 3.97482E-1 5.49561E-1 5.26389E-1 5.4765E-1 5.39572E-1 4.27149E-1 4.18054E-1 4.24077E-1 4.79637E-1 5.62885E-1 7.78213E-1 4.91478E-1 7.6815E-1 7.29342E-1 6.78273E-1 6.33315E-1 6.68465E-1 5.44403E-1 5.78399E-1 6.12196E-1 6.5274E-1 6.45955E-1 6.69558E-1 5.09881E-1 6.12298E-1
-9999 -9999 -9999 -9999 -9999 -9999 -9999 -9999 -9999 -9999 -9999 -9999 -9999 -9999 -9999 7.96811E-1 6.18904E-1 7.56065E-1 7.62299E-1 5.91064E-1 6.24464E-1 5.85212E-1 5.78925E-1 6.0701E-1 6.22564E-1 6.97305E-1 7.00947E-1 6.63929E-1 6.36677E-1 5.74757E-1 6.63051E-1 7.44541E-1 7.88753E-1 8.21283E-1 7.58026E-1 5.77124E-1 2.91071E-1 6.32142E-1 6.24286E-1 6.11323E-1 5.26222E-1 4.8643E-1 4.71458E-1 4.89658E-1 5.16152E-1 7.34148E-1 7.6024E-1 7.69677E-1 7.25664E-1 6.49277E-1 7.02347E-1 6.48552E-1 5.85578E-1 6.25737E-1 6.1434E-1 6.49122E-1 6.5849E-1 5.37407E-1 7.00003E-1 7.06531E-1
