Phytophthora/models/20240430_1147_34/Phytophthora_PA3_RUN3_MAXENT_outputs/Phytophthora_PA3_RUN3.asc
ncols         225
nrows         269
xllcorner     473000.0
yllcorner     4429100.0
cellsize      50.0
NODATA_value  -9999
[rows 189 to 215 of 269, columns 120 to 179 of 225]
2.66836E-1 2.41771E-1 2.09171E-1 2.04197E-1 2.10151E-1 1.59187E-1 2.38844E-1 2.56251E-1 2.67244E-1 3.30364E-1 3.44008E-1 3.7806E-1 4.68446E-1 4.16456E-1 3.73066E-1 4.15999E-1 4.07086E-1 4.41921E-1 5.26556E-1 4.90505E-1 2.30029E-1 1.95729E-1 1.61612E-1 1.10288E-1 7.02076E-2 6.61983E-2 7.26376E-2 6.37876E-2 5.64043E-2 8.03215E-2 1.8088E-1 2.1607E-1 2.56596E-1 3.17104E-1 3.49719E-1 3.97067E-1 4.3441E-1 4.44839E-1 4.17662E-1 3.7063E-1 2.39007E-1 1.66325E-1 1.86821E-1 -9999 8.58534E-2 8.09513E-2 6.95524E-2 6.1387E-2 6.57777E-2 8.00001E-2 7.4371E-2 8.7109E-2 9.40394E-2 1.14502E-1 1.69721E-1 1.96798E-1 1.85874E-1 1.51866E-1 1.59096E-1 1.41132E-1
1.07232E-1 2.77459E-1 2.50246E-1 2.15117E-1 2.16411E-1 2.92339E-1 1.08817E-1 2.91373E-1 3.04085E-1 3.77183E-1 4.08234E-1 4.37145E-1 5.44631E-1 4.81808E-1 4.49664E-1 4.71947E-1 1.35448E-1 5.63889E-1 4.79539E-1 4.53856E-1 2.11904E-1 1.67005E-1 1.31399E-1 9.56681E-2 6.7143E-2 1.10777E-1 4.60765E-2 8.05726E-2 5.07724E-2 8.23417E-2 1.73899E-1 2.07479E-1 2.36844E-1 2.73079E-1 3.17616E-1 3.28232E-1 3.54557E-1 3.71901E-1 3.04078E-1 3.18523E-1 1.86233E-1 2.00343E-1 1.60831E-1 2.00713E-2 1.11571E-1 9.32539E-2 7.67359E-2 7.00522E-2 8.12957E-2 1.02548E-1 9.09317E-2 1.13369E-1 1.17049E-1 1.32598E-1 1.67252E-1 1.75684E-1 1.83133E-1 1.61974E-1 1.49493E-1 1.32237E-1
3.72538E-1 4.23437E-1 2.81692E-1 3.20513E-1 3.09184E-1 2.8715E-1 2.30177E-1 3.10224E-1 3.02171E-1 3.28921E-1 3.70304E-1 4.05943E-1 4.99013E-1 4.58017E-1 4.41362E-1 2.58334E-1 4.95624E-1 5.48138E-1 4.67589E-1 3.79079E-1 2.50291E-1 1.95417E-1 1.57723E-1 1.24965E-1 1.15965E-1 1.64028E-1 1.02587E-1 9.59572E-2 1.14504E-1 1.5744E-1 1.39424E-1 1.55346E-1 1.72605E-1 1.98164E-1 2.21103E-1 1.8411E-1 1.92426E-1 1.91855E-1 2.09976E-1 2.43226E-1 2.08073E-1 2.02883E-1 1.89146E-1 1.37991E-1 2.51045E-2 7.15771E-2 6.03876E-2 7.36207E-2 8.08405E-2 1.01676E-1 1.05195E-1 1.35576E-1 1.29392E-1 1.4039E-1 1.87748E-1 1.97866E-1 2.27048E-1 1.69467E-1 1.59341E-1 1.31225E-1
3.21322E-1 4.0302E-1 2.8515E-1 3.3333E-1 3.29511E-1 2.86679E-1 3.43732E-1 4.35511E-1 3.3944E-1 3.61437E-1 4.19312E-1 4.1821E-1 4.49357E-1 2.05099E-1 5.15731E-2 3.55671E-1 2.06179E-1 3.62238E-1 3.73448E-1 3.11056E-1 2.14899E-1 1.83973E-1 1.55179E-1 1.27397E-1 1.29645E-1 1.62538E-1 1.13253E-1 1.15154E-1 1.48113E-1 1.66944E-1 1.29079E-1 1.39459E-1 1.49727E-1 1.6825E-1 1.85677E-1 1.46936E-1 1.56647E-1 1.60418E-1 2.00159E-1 2.32401E-1 1.74497E-1 1.81509E-1 1.74443E-1 1.50991E-1 6.418E-2 -9999 -9999 5.18014E-2 8.24146E-2 1.08695E-1 1.20155E-1 1.57426E-1 1.57878E-1 1.53816E-1 1.81929E-1 2.28674E-1 2.24242E-1 1.26207E-1 1.58161E-1 1.32085E-1
3.87779E-1 4.14971E-1 4.25171E-1 3.49113E-1 3.43865E-1 3.04561E-1 3.15204E-1 4.44527E-1 4.00107E-1 3.95273E-1 2.58112E-1 1.10081E-1 2.82724E-1 2.4739E-1 3.54094E-1 5.67655E-1 5.17436E-1 3.65491E-1 4.08154E-1 3.44735E-1 2.35601E-1 2.01948E-1 1.68858E-1 1.45582E-1 1.31858E-1 1.6489E-1 1.45138E-1 1.6997E-1 1.80409E-1 1.99556E-1 1.58304E-1 1.6882E-1 1.74607E-1 1.90918E-1 2.03961E-1 1.58394E-1 1.66631E-1 1.65266E-1 1.95392E-1 2.14379E-1 1.60966E-1 1.64056E-1 1.65708E-1 1.30174E-1 1.28986E-1 5.36784E-2 -9999 -9999 9.8132E-2 6.44177E-2 6.65679E-2 5.42611E-2 2.58416E-2 5.52683E-2 2.43755E-1 2.31772E-1 1.75124E-1 1.72442E-1 1.54064E-1 1.45263E-1
3.67332E-1 4.17435E-1 3.52613E-1 4.10899E-1 3.62349E-1 3.25474E-1 3.47533E-1 4.46071E-1 2.861E-1 1.33093E-1 3.15139E-1 2.81317E-1 2.66265E-1 2.1445E-1 2.47221E-1 1.89278E-1 5.03112E-1 5.42582E-1 5.00979E-1 4.19234E-1 3.14288E-1 2.76007E-1 2.44349E-1 1.94289E-1 1.60036E-1 1.9093E-1 2.0239E-1 2.12733E-1 2.10498E-1 2.06058E-1 1.70415E-1 1.89941E-1 2.1205E-1 2.26721E-1 2.37889E-1 1.87839E-1 1.99702E-1 1.95651E-1 1.95974E-1 1.92068E-1 1.36001E-1 1.18806E-1 1.02648E-1 1.03594E-1 1.00521E-1 1.17172E-1 5.38719E-2 6.96964E-2 1.3129E-1 1.5509E-1 1.78639E-1 2.16784E-1 2.36115E-1 9.09288E-2 2.293E-1 2.46417E-1 1.50331E-1 1.26372E-1 1.36466E-1 1.88777E-1
3.45453E-1 3.90604E-1 4.06777E-1 4.35766E-1 3.86523E-1 3.42625E-1 3.65063E-1 5.44196E-1 5.20799E-1 3.82797E-1 2.65807E-1 2.21518E-1 2.10496E-1 1.72734E-1 2.51928E-1 2.03969E-1 5.80669E-1 3.83379E-1 2.00516E-1 4.16171E-1 3.60003E-1 3.00378E-1 1.98857E-1 1.48256E-1 1.36914E-1 2.08965E-1 2.09255E-1 2.75814E-1 2.71112E-1 2.51952E-1 1.81473E-1 2.01132E-1 2.66065E-1 2.98891E-1 3.05429E-1 2.33354E-1 2.4661E-1 2.54083E-1 2.71128E-1 2.60038E-1 1.86837E-1 1.62547E-1 1.52768E-1 1.20297E-1 9.74705E-2 6.63547E-2 8.07945E-2 1.06757E-1 1.53741E-1 2.07795E-1 1.47328E-1 2.45787E-1 2.19484E-1 1.05835E-1 2.05168E-1 2.0576E-1 1.31904E-1 1.10288E-1 9.2914E-2 1.61832E-1
3.47075E-1 3.35492E-1 3.72082E-1 3.73828E-1 3.55449E-1 3.7689E-1 4.03367E-1 2.97573E-1 1.87512E-1 3.32789E-1 2.66046E-1 2.1008E-1 1.77932E-1 1.85404E-1 2.9336E-1 3.0036E-1 2.51015E-1 3.54594E-1 3.18269E-1 3.6096E-1 1.36609E-1 3.30074E-1 2.78344E-1 2.22087E-1 1.9854E-1 2.89899E-1 3.22187E-1 3.52109E-1 3.45156E-1 3.11543E-1 2.08193E-1 2.23397E-1 2.82645E-1 3.1871E-1 3.45269E-1 2.32432E-1 2.52492E-1 2.68479E-1 2.86068E-1 2.67906E-1 1.62619E-1 1.41819E-1 1.36443E-1 9.69694E-2 7.74054E-2 5.55292E-2 6.73702E-2 6.37615E-2 7.25939E-2 9.12866E-2 1.29496E-1 1.28971E-1 1.68717E-1 1.12253E-1 1.90849E-1 1.09341E-1 8.592E-2 6.49885E-2 5.34898E-2 5.17833E-2
4.27897E-1 3.67663E-1 3.54547E-1 2.53173E-1 3.68003E-1 3.75501E-1 4.01044E-1 3.66687E-1 1.38205E-1 3.46375E-1 2.31524E-1 1.81465E-1 1.40618E-1 1.63692E-1 2.50132E-1 2.95755E-1 5.14563E-1 3.01816E-1 3.15541E-1 2.49719E-1 2.37154E-1 2.93266E-1 2.91703E-1 2.43041E-1 2.21623E-1 3.37883E-1 3.51506E-1 4.09434E-1 3.69697E-1 3.51472E-1 2.45764E-1 2.66807E-1 3.12284E-1 3.57883E-1 2.03358E-1 1.37069E-1 2.19739E-1 3.08111E-1 3.355E-1 3.06474E-1 2.02952E-1 1.85189E-1 1.91235E-1 1.93991E-1 1.79059E-1 1.48315E-1 5.20996E-2 1.14145E-1 1.1613E-1 1.53551E-1 1.4094E-1 7.26397E-2 1.53423E-1 5.88924E-2 1.92714E-1 1.23477E-1 8.49549E-2 5.23937E-2 5.30786E-2 4.57234E-2
4.1894E-1 3.62301E-1 3.59647E-1 3.76639E-1 3.77519E-1 3.7823E-1 3.90957E-1 4.14567E-1 1.64878E-1 3.97622E-1 2.7441E-1 2.36288E-1 1.93352E-1 2.09074E-1 2.01066E-1 4.6172E-1 2.92687E-1 3.25743E-1 2.81734E-1 3.44206E-1 2.47988E-1 2.3224E-1 2.64378E-1 2.30134E-1 2.68436E-1 4.09166E-1 4.25885E-1 4.22865E-1 4.1685E-1 4.23324E-1 2.98696E-1 3.10457E-1 3.3337E-1 1.38703E-1 3.42891E-1 2.64998E-1 2.88429E-1 3.11118E-1 3.18164E-1 2.98252E-1 1.69514E-1 2.09414E-1 2.30013E-1 1.35608E-1 1.59004E-1 1.75084E-1 1.81288E-1 1.75466E-1 2.07863E-1 1.58344E-1 1.6344E-1 2.27282E-1 2.00547E-1 1.92311E-1 4.10828E-2 9.39206E-2 6.76201E-2 5.91404E-2 5.65837E-2 4.7937E-2
5.22575E-1 5.09705E-1 2.37833E-1 3.42741E-1 1.29515E-1 3.70164E-1 3.58137E-1 4.18503E-1 5.16153E-1 4.89034E-1 3.97409E-1 2.96457E-1 2.19265E-1 2.15955E-1 2.09926E-1 2.52365E-1 2.91909E-1 2.89119E-1 2.88429E-1 2.55022E-1 2.1221E-1 1.55711E-1 1.57711E-1 1.56903E-1 2.52333E-1 4.20614E-1 4.13614E-1 4.77692E-1 4.71047E-1 4.76524E-1 3.28716E-1 1.87334E-1 3.42623E-1 3.19299E-1 3.34525E-1 2.49303E-1 2.44893E-1 2.52512E-1 2.7374E-1 2.98011E-1 1.83864E-1 2.60144E-1 1.69361E-1 1.75963E-1 7.54427E-2 1.54666E-1 2.00599E-1 5.89852E-2 1.88509E-1 1.92743E-1 2.06239E-1 1.96448E-1 1.79451E-1 2.0397E-1 8.21746E-2 7.73762E-2 7.45972E-2 6.3532E-2 5.37582E-2 5.74535E-2
2.51383E-1 3.82581E-1 3.75275E-1 3.74855E-1 3.53148E-1 3.36472E-1 3.0753E-1 8.6961E-2 2.87683E-1 3.66329E-1 2.69449E-1 2.20651E-1 1.77199E-1 1.80609E-1 1.79013E-1 2.27262E-1 2.3407E-1 2.3258E-1 3.37087E-1 2.14198E-1 2.10609E-1 1.52826E-1 1.37266E-1 1.81939E-1 3.25146E-1 4.53301E-1 4.76699E-1 5.15248E-1 5.42616E-1 4.47694E-1 3.30725E-1 3.2114E-1 3.34525E-1 1.35084E-1 3.13161E-1 1.48182E-1 2.65722E-1 2.406E-1 2.89773E-1 2.51973E-1 1.57875E-1 1.92126E-1 2.5556E-1 2.55444E-1 2.27497E-1 1.84432E-1 1.68266E-1 1.10104E-1 1.33831E-1 1.28282E-1 1.34463E-1 1.0014E-1 8.53192E-2 1.47676E-1 1.11769E-1 7.5606E-2 7.10445E-2 5.9834E-2 5.42512E-2 5.95058E-2
1.68338E-1 1.87793E-1 1.87583E-1 2.0154E-1 6.58312E-2 1.79181E-1 2.48701E-1 2.27962E-1 9.58248E-2 2.79345E-1 2.15449E-1 1.82708E-1 1.50035E-1 1.49516E-1 1.79299E-1 2.73174E-1 2.4607E-1 2.32407E-1 2.36313E-1 3.7062E-1 2.97306E-1 3.57371E-1 3.20745E-1 3.66575E-1 4.36621E-1 4.87135E-1 5.48743E-1 6.09346E-1 5.99667E-1 5.86279E-1 4.96659E-1 4.32223E-1 5.10743E-1 4.84699E-1 4.35847E-1 2.90579E-1 1.90818E-1 2.13422E-1 7.42441E-2 2.37059E-1 1.01592E-1 1.20262E-1 1.26816E-1 1.45384E-1 1.52962E-1 1.40624E-1 8.56019E-2 5.076E-2 6.8716E-2 8.26208E-2 8.53517E-2 7.74619E-2 6.45035E-2 7.50387E-2 1.46684E-2 4.91067E-2 4.7716E-2 4.23063E-2 5.2496E-2 4.92408E-2
1.44162E-1 1.64333E-1 5.78491E-2 1.7595E-1 1.33809E-1 1.62957E-1 2.03091E-1 2.08795E-1 2.37407E-1 2.43467E-1 2.22053E-1 1.84774E-1 1.64062E-1 1.39144E-1 1.81474E-1 2.95028E-1 3.02111E-1 2.97797E-1 2.81577E-1 3.2355E-1 3.59997E-1 3.37009E-1 3.3207E-1 4.31697E-1 4.62231E-1 5.13341E-1 5.72979E-1 6.66579E-1 6.16976E-1 5.38449E-1 4.47197E-1 3.9035E-1 4.56917E-1 4.57126E-1 4.08425E-1 2.6243E-1 3.17215E-1 2.54784E-1 2.70644E-1 2.10366E-1 8.87766E-2 8.75152E-2 8.09338E-2 8.88701E-2 1.03854E-1 5.68265E-2 6.96904E-2 5.77399E-2 4.52159E-2 5.56617E-2 6.06104E-2 5.8562E-2 5.55031E-2 5.76856E-2 4.12115E-2 1.22332E-2 6.68758E-2 5.93432E-2 5.22686E-2 7.20212E-2
1.21079E-1 1.44809E-1 2.35094E-1 1.43926E-1 1.49248E-1 2.08918E-1 2.41279E-1 2.78487E-1 2.93145E-1 2.68123E-1 2.391E-1 2.11696E-1 1.88431E-1 1.54495E-1 1.85766E-1 3.00526E-1 3.16544E-1 2.95249E-1 2.41701E-1 2.73449E-1 3.06707E-1 3.24449E-1 3.66397E-1 4.46209E-1 4.64966E-1 5.19293E-1 5.83023E-1 6.36316E-1 5.21491E-1 4.56096E-1 3.79932E-1 3.38427E-1 3.65348E-1 4.08045E-1 4.42164E-1 2.80017E-1 3.19197E-1 1.61305E-1 2.88362E-1 2.00122E-1 7.44829E-2 7.31606E-2 7.9746E-2 8.92293E-2 6.50712E-2 3.28305E-2 8.22346E-2 7.78228E-2 6.4516E-2 7.33096E-2 7.15419E-2 6.9532E-2 6.68084E-2 5.85963E-2 4.64587E-2 5.56158E-2 4.98315E-2 4.0582E-2 4.12105E-2 6.20812E-2
9.87558E-2 1.31478E-1 4.32664E-2 3.59747E-2 7.76931E-2 3.15552E-1 4.26471E-1 4.43464E-1 3.62724E-1 3.38116E-1 3.2372E-1 2.826E-1 2.47728E-1 1.87146E-1 1.90914E-1 2.6815E-1 2.64457E-1 1.91373E-1 2.01675E-1 2.26281E-1 2.571E-1 2.78995E-1 4.04302E-1 4.46438E-1 4.38209E-1 5.02767E-1 5.40517E-1 5.72626E-1 4.61192E-1 4.09789E-1 3.23173E-1 2.8668E-1 3.45546E-1 4.30246E-1 4.75438E-1 2.0968E-1 3.06512E-1 2.85458E-1 2.67052E-1 2.03017E-1 8.23725E-2 1.07826E-1 1.46352E-1 1.19736E-1 1.02903E-1 8.65384E-2 9.70412E-2 9.06803E-2 8.93457E-2 8.99293E-2 9.20648E-2 8.90919E-2 8.67613E-2 7.31206E-2 5.62581E-2 4.33058E-2 4.77172E-2 2.45928E-2 3.57321E-2 4.83822E-2
1.19704E-1 3.46805E-2 1.26987E-1 1.04356E-1 2.60985E-1 2.21143E-1 3.28457E-1 1.70279E-1 1.85034E-1 4.14599E-1 3.6159E-1 3.17022E-1 2.77478E-1 2.25985E-1 2.13481E-1 2.35379E-1 1.89805E-1 1.75972E-1 1.69703E-1 1.92681E-1 2.65596E-1 3.90492E-1 4.54397E-1 4.6345E-1 4.11443E-1 4.84247E-1 5.00959E-1 4.93751E-1 3.87615E-1 3.35191E-1 2.56871E-1 2.79343E-1 3.47774E-1 4.47662E-1 4.92164E-1 2.42646E-1 2.77154E-1 2.19104E-1 1.95511E-1 1.82739E-1 1.04964E-1 1.27959E-1 1.32338E-1 8.69233E-2 1.17546E-1 1.06669E-1 9.99493E-2 4.18946E-2 1.01975E-1 1.11085E-1 1.10967E-1 1.0322E-1 9.84588E-2 8.31655E-2 6.56509E-2 6.49365E-2 3.99155E-2 1.84472E-2 2.42768E-2 3.50018E-2
1.302E-1 1.29687E-1 1.25103E-1 1.17102E-1 1.16291E-1 2.83645E-1 1.8803E-1 2.52456E-1 2.27605E-1 2.47687E-1 2.79319E-1 3.04114E-1 2.98387E-1 2.3021E-1 1.94286E-1 1.89989E-1 1.35995E-1 1.40712E-1 1.65397E-1 2.11582E-1 2.706E-1 4.55904E-1 4.77222E-1 4.80809E-1 4.83142E-1 4.81985E-1 4.3324E-1 3.98408E-1 3.43771E-1 2.73942E-1 2.30637E-1 2.6007E-1 3.38167E-1 4.10144E-1 5.16502E-1 3.14602E-1 2.9473E-1 2.25183E-1 2.06658E-1 2.0836E-1 1.25802E-1 1.07066E-1 6.28852E-2 2.33298E-1 1.91006E-1 1.38363E-1 1.46096E-1 1.42526E-1 1.49587E-1 1.60777E-1 1.0127E-1 1.34339E-1 1.2692E-1 1.03161E-1 8.73207E-2 2.44442E-2 3.5953E-2 3.46189E-2 4.19328E-2 5.89465E-2
1.33969E-1 1.40341E-1 1.44908E-1 1.45636E-1 2.42021E-1 1.18925E-1 1.7682E-1 2.64563E-1 2.60758E-1 2.68696E-1 3.17098E-1 2.6724E-1 2.29315E-1 1.91248E-1 1.63619E-1 1.64741E-1 1.33474E-1 1.56879E-1 1.87936E-1 2.64822E-1 3.40776E-1 4.98064E-1 5.16846E-1 5.30213E-1 5.56594E-1 5.2324E-1 4.6998E-1 3.32832E-1 2.89242E-1 2.68083E-1 2.38086E-1 2.57751E-1 3.20254E-1 3.87848E-1 5.17191E-1 3.67583E-1 3.11453E-1 2.03534E-1 2.18638E-1 2.32321E-1 2.72533E-2 1.472E-1 1.54877E-1 1.81427E-1 2.05691E-1 1.34021E-1 1.30868E-1 1.30061E-1 1.20892E-1 1.20631E-1 1.05399E-1 1.14742E-1 1.20111E-1 1.15887E-1 1.96669E-2 6.26407E-2 4.36158E-2 3.80922E-2 4.669E-2 6.51979E-2
1.3436E-1 1.4143E-1 1.38002E-1 1.31097E-1 9.81529E-2 1.33154E-1 1.53559E-1 1.32216E-1 2.94004E-1 1.99835E-1 2.81897E-1 2.46617E-1 2.11056E-1 1.71146E-1 1.57083E-1 1.68466E-1 1.45121E-1 1.73811E-1 2.06186E-1 2.97141E-1 3.8805E-1 5.44655E-1 5.71742E-1 5.85831E-1 6.02567E-1 5.60281E-1 4.20906E-1 4.1769E-1 3.40597E-1 2.7834E-1 2.4698E-1 2.72407E-1 3.23672E-1 3.81766E-1 4.93959E-1 3.616E-1 2.97187E-1 1.72E-1 2.15889E-1 2.33525E-1 1.20148E-1 1.15179E-1 1.20176E-1 1.50288E-1 1.78324E-1 1.52183E-1 1.16273E-1 1.13388E-1 1.01036E-1 9.87778E-2 8.97775E-2 8.57656E-2 7.21294E-2 4.1394E-2 3.43193E-2 4.7615E-2 4.69609E-2 3.96463E-2 4.80814E-2 6.99302E-2
1.46252E-1 1.78353E-1 1.5363E-1 1.41914E-1 1.13263E-1 1.47045E-1 1.62454E-1 1.33776E-1 2.42752E-1 1.28543E-1 2.00419E-1 1.87333E-1 1.59711E-1 1.35108E-1 1.31738E-1 1.47944E-1 1.69298E-1 2.02043E-1 2.23531E-1 3.26909E-1 4.52049E-1 5.81278E-1 6.1627E-1 6.38509E-1 6.56836E-1 5.94525E-1 5.04401E-1 4.06461E-1 3.39418E-1 2.93055E-1 2.73024E-1 2.82315E-1 3.34593E-1 3.67827E-1 4.67994E-1 3.54517E-1 2.58857E-1 1.76708E-1 1.91836E-1 1.42621E-1 9.80326E-2 9.93218E-2 1.00405E-1 1.1894E-1 1.49345E-1 1.30127E-1 1.01241E-1 9.44476E-2 8.6803E-2 8.25862E-2 7.4074E-2 6.69335E-2 5.93327E-2 3.98053E-2 3.9444E-2 4.42432E-2 3.81144E-2 3.70205E-2 4.47551E-2 7.11234E-2
1.99349E-1 2.6563E-1 1.44199E-1 2.27947E-1 1.07851E-1 1.19311E-1 1.10919E-1 9.10487E-2 8.09147E-2 1.59144E-1 2.90585E-1 1.72087E-1 1.56905E-1 1.36909E-1 1.34688E-1 1.60844E-1 2.07852E-1 2.34808E-1 2.55904E-1 3.48706E-1 4.97523E-1 5.99337E-1 6.41119E-1 6.52864E-1 6.83422E-1 5.70791E-1 5.24476E-1 3.95282E-1 3.51193E-1 3.31261E-1 3.18564E-1 2.87462E-1 3.36097E-1 3.7331E-1 5.1456E-1 3.3895E-1 2.49449E-1 1.8996E-1 1.67187E-1 9.14968E-2 7.93984E-2 7.94787E-2 7.59105E-2 9.53031E-2 1.235E-1 1.08506E-1 7.59923E-2 7.56824E-2 7.50928E-2 7.51073E-2 6.54342E-2 6.19937E-2 5.98669E-2 4.72113E-2 2.98225E-2 3.41403E-2 3.15377E-2 3.64033E-2 6.63874E-2 7.82324E-2
2.47663E-1 2.12856E-1 2.21754E-1 2.64964E-1 1.73102E-1 1.89375E-1 1.80346E-1 1.66615E-1 1.66371E-1 1.67929E-1 3.60414E-1 3.0371E-1 2.37465E-1 2.0817E-1 1.92241E-1 1.8722E-1 2.19475E-1 2.27232E-1 2.55371E-1 3.27712E-1 5.2728E-1 5.61753E-1 5.98909E-1 6.26041E-1 5.53365E-1 3.14079E-1 2.4605E-1 1.60886E-1 1.7669E-1 1.89493E-1 2.12132E-1 1.8879E-1 2.07906E-1 2.27374E-1 3.82792E-1 4.1909E-1 3.59196E-1 2.58656E-1 1.69117E-1 1.54376E-1 2.4865E-1 2.50612E-1 2.47219E-1 2.54764E-1 2.97096E-1 1.76451E-1 1.2161E-1 1.22175E-1 1.28338E-1 1.32099E-1 1.4238E-1 1.30833E-1 1.34049E-1 1.21962E-1 8.42267E-2 5.87503E-2 3.7804E-2 8.27505E-2 6.7286E-2 1.2669E-1
2.03552E-1 1.9411E-1 1.90633E-1 1.38302E-1 2.25011E-1 1.30494E-1 1.40999E-1 1.18274E-1 1.13509E-1 1.12948E-1 2.72912E-1 1.17037E-1 2.86856E-1 1.90855E-1 2.4442E-1 2.24844E-1 2.20792E-1 2.37469E-1 2.78565E-1 3.48537E-1 5.92851E-1 6.12438E-1 6.20007E-1 5.71208E-1 5.57383E-1 2.96785E-1 2.22693E-1 1.92807E-1 1.92327E-1 1.8923E-1 1.2446E-1 1.95095E-1 2.32154E-1 2.54449E-1 1.53694E-1 4.59678E-1 4.2537E-1 2.62468E-1 1.86484E-1 1.83898E-1 2.19935E-1 2.24746E-1 2.36791E-1 2.72177E-1 3.09199E-1 1.80519E-1 1.62362E-1 9.97044E-2 1.20737E-1 1.19325E-1 1.2033E-1 1.10912E-1 1.03388E-1 9.63847E-2 8.80931E-2 6.61066E-2 5.95666E-2 6.00609E-2 1.10876E-1 1.27746E-1
1.87668E-1 1.91784E-1 1.8291E-1 1.38189E-1 1.09773E-1 2.17035E-1 1.18196E-1 1.05622E-1 1.02798E-1 9.50343E-2 1.08159E-1 2.48373E-1 1.76364E-1 2.11479E-1 2.54727E-1 1.8031E-1 1.93258E-1 2.57158E-1 2.86502E-1 3.56811E-1 6.18376E-1 6.49774E-1 3.17489E-1 4.5756E-1 5.65165E-1 3.42831E-1 2.57557E-1 2.25518E-1 2.26492E-1 2.06789E-1 1.71767E-1 2.16803E-1 2.5095E-1 2.78079E-1 3.83602E-1 4.57233E-1 3.4774E-1 2.29356E-1 1.8265E-1 2.0077E-1 2.48845E-1 2.92795E-1 3.14124E-1 3.35142E-1 3.33505E-1 2.20955E-1 2.02266E-1 1.21698E-1 1.25627E-1 1.13974E-1 1.05351E-1 8.64778E-2 7.62983E-2 7.13236E-2 6.97799E-2 5.90012E-2 6.54668E-2 7.47888E-2 8.94369E-2 1.08261E-1
2.34967E-1 2.02975E-1 1.74467E-1 1.58901E-1 1.51263E-1 1.81642E-1 1.7097E-1 1.06252E-1 7.26521E-2 6.73257E-2 8.3384E-2 7.01727E-2 1.6019E-1 1.24934E-1 1.44035E-1 1.33094E-1 1.69315E-1 2.46261E-1 2.88112E-1 3.4917E-1 5.87629E-1 6.35034E-1 6.17979E-1 6.16395E-1 4.86944E-1 3.09498E-1 3.18587E-1 2.44599E-1 2.31616E-1 5.25576E-2 2.14406E-1 2.09644E-1 2.1856E-1 3.03435E-1 3.78138E-1 1.77129E-1 3.26478E-1 2.56371E-1 2.128E-1 2.10773E-1 2.89364E-1 3.3866E-1 3.89885E-1 5.00488E-1 3.70974E-1 2.64663E-1 2.38087E-1 2.07111E-1 1.58891E-1 1.4355E-1 1.05958E-1 6.80508E-2 6.4521E-2 6.04586E-2 6.0001E-2 6.70384E-2 1.88165E-2 3.05041E-2 6.93634E-2 4.66677E-2
3.01141E-1 2.39877E-1 1.85149E-1 1.47546E-1 1.29932E-1 1.56663E-1 1.40867E-1 1.32135E-1 5.58774E-2 5.5482E-2 7.03115E-2 5.62126E-2 1.44377E-1 1.0953E-1 1.32865E-1 1.29146E-1 1.90494E-1 2.48636E-1 2.79988E-1 3.14914E-1 5.00618E-1 5.8382E-1 5.58751E-1 5.65043E-1 5.35042E-1 3.61831E-1 2.31029E-1 2.69724E-1 2.24546E-1 2.06354E-1 2.00882E-1 1.8435E-1 2.15321E-1 3.05507E-1 3.80283E-1 2.36273E-1 3.74348E-1 2.90112E-1 2.48448E-1 2.47128E-1 3.35953E-1 3.8894E-1 4.19327E-1 4.35414E-1 4.90803E-1 3.09933E-1 2.72756E-1 2.37307E-1 1.78851E-1 1.67891E-1 1.20474E-1 6.92377E-2 5.69911E-2 5.05635E-2 6.48112E-2 5.28438E-2 6.1452E-2 6.67415E-2 5.99861E-2 6.89415E-2
