Phytophthora/models/20240430_1147_34/Phytophthora_PA3_RUN3_MAXENT_outputs/Phytophthora_PA3_RUN3.asc
ncols         225
nrows         269
xllcorner     473000.0
yllcorner     4429100.0
cellsize      50.0
NODATA_value  -9999
[rows 81 to 107 of 269, columns 60 to 119 of 225]
5.30564E-2 1.33669E-2 4.51156E-2 4.06495E-2 1.70897E-2 2.01803E-2 2.3722E-2 3.70073E-2 3.6123E-2 5.3336E-2 3.24412E-2 8.60202E-2 2.20515E-2 8.33349E-2 1.09034E-1 2.08654E-1 2.04463E-1 1.96165E-1 1.79652E-1 1.56032E-1 5.84043E-2 -9999 4.17292E-2 3.66224E-2 3.63543E-2 4.4368E-2 6.06442E-2 8.49025E-2 1.13114E-1 1.53726E-1 2.05689E-1 1.69281E-1 1.32198E-1 1.46181E-1 1.83282E-1 3.78454E-1 4.03818E-1 4.02286E-1 3.84394E-1 4.03591E-1 4.29158E-1 4.42999E-1 4.59383E-1 2.71672E-1 3.74719E-1 3.25793E-1 1.27348E-1 5.52556E-1 4.9892E-1 3.91837E-1 3.6008E-1 1.99836E-1 2.9365E-1 2.88514E-1 3.31213E-1 -9999 -9999 -9999 -9999 -9999
6.63941E-2 5.91532E-2 4.69094E-2 3.2269E-2 3.40681E-2 3.08773E-2 2.53304E-2 3.74182E-2 3.65876E-2 4.51726E-2 7.42969E-2 8.65313E-2 8.60072E-2 7.10256E-2 8.04613E-2 1.22405E-1 1.27533E-1 1.79751E-1 1.7577E-1 1.45976E-1 5.41595E-2 -9999 4.40209E-2 4.07758E-2 3.71131E-2 4.36323E-2 5.8191E-2 7.77652E-2 9.77861E-2 1.32505E-1 1.89144E-1 1.70448E-1 1.459E-1 1.45456E-1 1.75128E-1 4.2368E-1 4.48961E-1 4.04657E-1 4.26821E-1 3.96213E-1 4.51596E-1 3.89548E-1 4.41295E-1 4.3817E-1 4.24026E-1 4.67682E-1 4.314E-1 1.79457E-1 2.19403E-1 1.50046E-1 3.5323E-1 1.06486E-1 4.41245E-1 2.60004E-1 2.66717E-1 9.84783E-2 2.49358E-1 -9999 -9999 -9999
5.75507E-2 4.81207E-2 5.33072E-2 3.92475E-2 3.53903E-2 3.52254E-2 3.76062E-2 4.24633E-2 4.30924E-2 5.18E-2 6.51639E-2 6.91961E-2 6.88888E-2 6.74297E-2 7.08522E-2 1.1088E-1 1.3331E-1 1.68167E-1 1.82633E-1 1.55896E-1 1.16503E-2 5.8474E-2 -9999 5.05322E-2 4.60837E-2 4.27988E-2 5.2565E-2 6.92019E-2 8.8157E-2 1.20974E-1 1.84085E-1 2.08861E-1 1.96833E-1 9.82996E-2 2.00139E-1 1.6849E-1 4.75102E-1 4.14148E-1 4.30029E-1 4.27082E-1 4.70682E-1 4.49861E-1 4.32013E-1 4.04939E-1 3.92936E-1 4.29305E-1 3.27233E-1 1.25944E-1 3.25017E-1 3.33462E-1 4.17633E-1 2.12138E-1 3.73498E-1 9.6228E-2 3.67263E-1 2.9144E-1 2.51974E-1 2.16789E-1 -9999 -9999
6.20121E-2 7.11466E-2 6.79532E-2 5.25932E-2 3.60954E-2 3.46444E-2 4.18797E-2 2.0393E-2 2.41437E-2 1.52192E-2 8.02884E-2 7.45901E-2 6.63926E-2 5.91565E-2 6.38648E-2 1.36324E-1 1.63956E-1 1.80061E-1 1.95183E-1 1.69489E-1 6.24999E-2 7.12015E-2 -9999 5.3545E-2 5.26235E-2 5.21612E-2 5.8843E-2 5.94998E-2 7.31913E-2 9.96594E-2 1.56599E-1 2.13898E-1 1.79918E-1 1.4826E-1 8.84613E-2 4.96507E-1 4.38234E-1 3.26212E-1 3.51122E-1 3.65326E-1 4.077E-1 3.79392E-1 3.66519E-1 3.38606E-1 3.29036E-1 3.85485E-1 2.17402E-1 1.46282E-1 3.28998E-1 3.74829E-1 4.08932E-1 3.65665E-1 3.96743E-1 3.78858E-1 3.35258E-1 2.54774E-1 2.41626E-1 2.1837E-1 -9999 -9999
6.97066E-2 7.92074E-2 7.92757E-2 6.54669E-2 4.54432E-2 3.16148E-2 3.6235E-2 4.11989E-2 4.35131E-2 5.37686E-2 3.05183E-2 8.27976E-2 7.45924E-2 6.76335E-2 6.86373E-2 1.31398E-1 1.65939E-1 1.95356E-1 1.87215E-1 2.22626E-1 1.51874E-1 8.34294E-2 7.15005E-2 -9999 5.26529E-2 5.82105E-2 7.70851E-2 7.27734E-2 8.37406E-2 1.00334E-1 1.61508E-1 1.82169E-1 1.73863E-1 1.87274E-1 2.15243E-1 5.07193E-1 3.96527E-1 3.24886E-1 3.01676E-1 3.1452E-1 3.68545E-1 3.47139E-1 3.39276E-1 3.11013E-1 3.51982E-1 2.1288E-1 3.82182E-1 2.84196E-1 3.78957E-1 3.89723E-1 3.82991E-1 3.45039E-1 3.47695E-1 3.36155E-1 3.09506E-1 2.54717E-1 2.62452E-1 2.5565E-1 2.15857E-1 -9999
3.70026E-2 4.61761E-2 4.64571E-2 3.43723E-2 3.39312E-2 2.88383E-2 2.47851E-2 2.77392E-2 2.83728E-2 3.63958E-2 5.52115E-2 1.33306E-2 6.1477E-2 5.43384E-2 6.08814E-2 1.13152E-1 1.30334E-1 1.57796E-1 1.75828E-1 1.9846E-1 2.42385E-2 1.31563E-1 1.15921E-1 9.85027E-2 1.00851E-1 1.49987E-1 2.02369E-1 2.16717E-1 2.07745E-1 2.16957E-1 1.31769E-1 2.08707E-1 2.36306E-1 2.36581E-1 3.29282E-1 1.95093E-1 4.92778E-1 4.675E-1 4.14161E-1 3.8542E-1 3.6386E-1 3.31072E-1 3.17486E-1 3.67321E-1 5.16977E-1 5.39606E-1 4.55075E-1 2.30545E-1 4.05707E-1 1.67427E-1 4.61104E-1 4.10164E-1 3.6881E-1 3.73093E-1 3.71532E-1 3.97019E-1 3.987E-1 3.77929E-1 3.46083E-1 -9999
3.37966E-2 4.28531E-2 4.56148E-2 3.39115E-2 4.35733E-2 3.51415E-2 2.55874E-2 2.37426E-2 2.39376E-2 2.86401E-2 4.44501E-2 6.15784E-2 5.81884E-2 6.32076E-2 6.82263E-2 1.22623E-1 1.18448E-1 1.23461E-1 1.49323E-1 1.64312E-1 1.20397E-1 5.26316E-2 1.335E-1 1.1753E-1 1.23688E-1 1.8454E-1 2.4369E-1 2.56606E-1 2.13251E-1 2.15607E-1 2.11184E-1 2.06566E-1 2.31415E-1 2.21436E-1 2.52453E-1 5.00448E-1 3.37037E-1 5.05269E-1 4.59358E-1 4.30913E-1 3.98291E-1 4.20049E-1 3.67924E-1 3.72833E-1 3.0788E-1 4.44817E-1 2.41182E-1 5.63166E-1 4.83923E-1 5.04853E-1 4.72031E-1 5.17792E-1 4.60457E-1 4.72068E-1 4.46455E-1 4.84024E-1 4.94688E-1 4.84719E-1 4.37947E-1 3.0935E-1
3.83309E-2 3.65445E-2 4.55865E-2 4.70168E-2 4.50772E-2 4.28685E-2 3.1079E-2 2.74551E-2 2.41365E-2 2.7397E-2 3.94397E-2 5.45144E-2 5.12486E-2 3.75171E-2 8.71074E-2 1.53921E-1 1.35867E-1 1.17798E-1 1.12326E-1 1.38497E-1 5.24019E-2 1.59962E-1 1.41133E-1 1.48362E-1 1.52465E-1 2.35702E-1 2.61802E-1 2.28526E-1 2.14685E-1 2.0373E-1 1.76175E-1 1.93102E-1 2.65728E-1 2.32519E-1 1.8709E-1 5.10557E-1 5.22996E-1 3.41994E-1 4.79034E-1 4.41624E-1 4.14345E-1 4.4313E-1 4.42422E-1 3.75324E-1 1.74578E-1 3.92628E-1 3.38879E-1 3.47374E-1 3.42873E-1 4.72617E-1 5.14204E-1 3.18223E-1 3.34399E-1 4.77956E-1 4.56176E-1 3.1063E-1 5.33839E-1 5.29201E-1 4.01816E-1 2.87772E-1
4.17396E-2 3.67973E-2 4.9149E-2 5.43357E-2 2.0427E-2 5.00994E-2 4.16075E-2 3.71016E-2 2.99731E-2 2.76796E-2 4.01411E-2 4.63897E-2 4.79251E-2 6.07601E-2 8.05202E-2 9.27223E-2 1.39926E-1 1.1492E-1 9.5668E-2 9.74434E-2 1.56833E-1 5.2617E-2 1.7405E-1 1.49336E-1 1.26905E-1 2.82288E-1 2.16346E-1 2.16455E-1 1.78119E-1 1.38273E-1 1.57859E-1 2.24612E-1 3.12674E-1 -9999 1.79066E-1 5.40891E-1 4.7226E-1 4.12463E-1 3.16706E-1 4.68086E-1 4.8281E-1 4.93301E-1 5.1881E-1 5.29452E-1 4.92307E-1 4.47047E-1 4.45697E-1 3.78974E-1 3.61406E-1 5.12198E-1 4.9808E-1 3.35761E-1 4.48249E-1 4.99801E-1 4.86529E-1 5.56379E-1 5.41594E-1 5.0157E-1 3.65054E-1 2.82283E-1
4.00731E-2 4.01984E-2 5.20756E-2 5.94599E-2 5.60536E-2 6.42895E-2 5.54921E-2 4.76713E-2 3.8653E-2 3.5437E-2 3.59366E-2 4.27328E-2 3.86651E-2 4.96981E-2 6.67877E-2 1.61292E-1 1.40708E-1 1.36704E-1 1.14012E-1 8.81172E-2 1.43787E-1 4.93388E-2 1.68543E-1 1.56264E-1 1.12165E-1 2.76252E-1 1.9471E-1 1.70524E-1 1.7259E-1 1.82173E-1 1.68257E-1 -9999 -9999 -9999 -9999 4.53009E-1 4.07433E-1 3.79498E-1 4.4871E-1 4.93318E-1 4.15662E-1 5.42066E-1 5.40222E-1 5.80351E-1 6.13381E-1 2.51187E-1 3.64234E-1 4.06621E-1 4.09437E-1 5.5459E-1 4.45406E-1 4.45209E-1 4.06576E-1 4.88868E-1 4.627E-1 4.95564E-1 4.83654E-1 4.05365E-1 3.24806E-1 3.22196E-1
6.36595E-2 7.33578E-2 9.18158E-2 8.3782E-2 9.02936E-2 9.42949E-2 5.55968E-2 5.92651E-2 4.5324E-2 5.02763E-2 5.27222E-2 5.62558E-2 5.51349E-2 6.21295E-2 7.69096E-2 1.37741E-1 1.23985E-1 1.15352E-1 1.25356E-1 9.12356E-2 1.373E-1 6.1537E-2 1.79927E-1 2.68647E-1 2.82794E-1 1.82904E-1 1.55124E-1 1.36218E-1 1.52355E-1 -9999 -9999 -9999 -9999 -9999 -9999 3.40642E-1 3.17955E-1 3.31422E-1 3.75256E-1 4.03219E-1 4.56706E-1 5.02424E-1 5.62835E-1 6.29047E-1 3.01959E-1 4.59145E-1 3.35567E-1 3.44656E-1 1.30031E-1 4.52329E-1 3.11863E-1 3.01197E-1 1.72628E-1 3.29252E-1 4.15273E-1 4.26993E-1 3.96506E-1 2.56324E-1 2.83113E-1 3.29007E-1
7.66011E-2 9.99872E-2 1.09032E-1 8.51867E-2 8.14975E-2 4.59851E-2 6.68742E-2 2.84658E-2 5.42934E-2 5.6007E-2 6.96179E-2 9.02045E-2 8.54318E-2 9.489E-2 1.03889E-1 1.42463E-1 3.79555E-2 1.69709E-1 1.62272E-1 1.35824E-1 1.70228E-1 2.49869E-1 2.74073E-1 6.25299E-2 2.01568E-1 1.70103E-1 1.57075E-1 1.34987E-1 -9999 -9999 -9999 -9999 -9999 -9999 -9999 3.50422E-1 3.05273E-1 3.04006E-1 3.25618E-1 3.53876E-1 4.0627E-1 4.637E-1 5.55469E-1 4.75994E-1 2.44686E-1 5.76336E-2 2.35627E-1 3.28673E-1 4.36064E-1 4.37455E-1 9.08941E-2 2.11218E-1 2.52716E-1 2.37553E-1 2.857E-1 4.73423E-1 3.17673E-1 2.63883E-1 2.94962E-1 3.57333E-1
7.72879E-2 1.06453E-1 4.66374E-2 4.91396E-2 6.66E-2 4.76717E-2 5.80914E-2 8.0403E-2 6.37481E-2 5.56246E-2 7.13784E-2 1.092E-1 1.27347E-1 1.22295E-1 4.04883E-2 9.1837E-2 1.77484E-1 1.74768E-1 1.70389E-1 1.64852E-1 2.3624E-1 2.75949E-1 1.10055E-1 1.84585E-1 1.6077E-1 1.98628E-1 1.80058E-1 1.48559E-1 -9999 -9999 -9999 -9999 -9999 -9999 -9999 -9999 3.68244E-1 3.60033E-1 3.51132E-1 3.47171E-1 3.9539E-1 -9999 -9999 5.07944E-1 4.15463E-1 1.95822E-1 2.31419E-1 2.78383E-1 4.40226E-1 3.54746E-1 2.52709E-1 2.26861E-1 2.21578E-1 9.50121E-2 4.08249E-1 2.61292E-1 3.50664E-1 2.94708E-1 3.3788E-1 3.70091E-1
6.20568E-2 9.03947E-2 1.05706E-1 8.44193E-2 7.779E-2 4.72261E-2 2.00433E-2 8.66785E-2 4.32874E-2 7.40709E-2 8.49781E-2 1.05126E-1 8.23176E-2 1.44498E-1 1.40799E-1 7.86186E-2 1.70604E-1 1.69683E-1 1.57856E-1 1.53342E-1 1.67361E-1 2.17352E-1 2.49111E-1 1.77816E-1 1.68964E-1 5.28163E-2 1.84557E-1 1.53057E-1 -9999 -9999 -9999 -9999 -9999 -9999 -9999 -9999 4.41039E-1 4.24659E-1 4.14268E-1 -9999 -9999 -9999 -9999 3.29419E-1 3.26663E-1 1.60298E-1 2.04632E-1 2.34478E-1 2.92343E-1 3.22608E-1 2.61225E-1 2.20696E-1 1.9201E-1 9.42111E-2 4.07466E-1 1.98864E-1 3.67376E-1 3.18518E-1 3.44527E-1 1.54589E-1
5.05438E-2 4.46459E-2 8.48412E-2 8.25421E-2 6.52934E-2 4.21113E-2 5.4518E-2 8.86112E-2 8.85454E-2 7.45369E-2 5.26081E-2 1.87843E-2 8.67586E-2 1.13978E-1 1.24145E-1 1.41841E-1 5.78836E-2 4.92827E-2 1.60576E-1 1.46947E-1 1.23526E-1 1.37284E-1 1.76306E-1 1.34148E-1 1.34131E-1 9.96627E-2 2.03622E-1 1.13264E-1 1.80436E-1 -9999 -9999 -9999 -9999 -9999 -9999 5.58755E-1 -9999 -9999 -9999 -9999 -9999 -9999 -9999 3.37967E-1 2.48355E-1 1.7027E-1 1.87764E-1 2.26048E-1 7.58096E-2 8.77352E-2 1.37627E-1 2.3301E-1 2.01252E-1 1.64098E-1 1.87888E-1 4.42645E-1 2.83696E-1 3.65408E-1 1.37594E-1 3.96578E-1
1.07029E-1 1.35575E-1 1.21693E-1 1.82586E-1 1.2402E-1 9.80028E-2 1.15262E-1 1.28946E-1 1.44195E-1 2.15619E-1 2.31262E-1 2.49198E-1 5.09833E-2 1.65564E-1 1.43802E-1 1.23924E-1 1.33473E-1 1.49088E-1 1.7244E-1 6.99872E-2 7.49125E-2 1.08159E-1 1.10699E-1 1.14134E-1 1.15212E-1 1.66046E-1 8.87707E-2 1.04689E-1 1.14984E-1 -9999 -9999 -9999 -9999 -9999 -9999 -9999 -9999 -9999 -9999 -9999 -9999 -9999 -9999 2.09501E-1 2.24558E-1 2.84397E-1 2.56815E-1 2.86561E-1 1.72935E-1 1.08009E-1 4.79884E-1 4.37406E-1 4.39978E-1 5.6671E-1 2.24588E-1 3.98378E-1 3.90617E-1 3.86711E-1 3.5642E-1 3.22278E-1
7.50922E-2 8.76179E-2 8.24657E-2 9.60604E-2 8.59331E-2 8.18412E-2 9.16564E-2 9.90815E-2 1.04514E-1 1.19199E-1 1.77882E-1 2.22669E-1 2.61785E-1 1.8768E-1 1.46856E-1 9.37807E-2 1.03102E-1 1.01289E-1 8.71566E-2 9.16122E-2 9.13855E-2 7.90142E-2 8.50859E-2 9.49966E-2 1.01969E-1 1.56422E-1 9.02214E-2 1.24492E-1 1.00024E-1 -9999 -9999 -9999 -9999 -9999 -9999 -9999 -9999 -9999 -9999 -9999 -9999 -9999 -9999 1.1153E-1 2.51061E-1 3.19252E-1 3.07597E-1 3.05056E-1 3.28333E-1 3.77252E-1 5.14605E-1 4.78955E-1 2.20732E-1 6.69905E-1 6.13825E-1 3.20688E-1 2.78717E-1 1.60627E-1 1.14804E-1 2.80788E-1
7.8933E-2 7.70577E-2 6.99942E-2 2.9604E-2 6.81907E-2 6.58605E-2 7.28031E-2 7.82032E-2 8.4528E-2 9.84747E-2 1.20541E-1 1.89777E-1 2.60801E-1 1.71378E-1 2.28641E-1 1.15034E-1 9.05455E-2 1.25632E-1 1.16829E-1 8.75286E-2 9.65157E-2 1.05843E-1 1.14343E-1 1.36764E-1 1.34809E-1 5.7271E-2 1.23907E-1 1.27329E-1 1.4472E-1 9.9032E-2 -9999 -9999 -9999 -9999 -9999 -9999 -9999 -9999 -9999 -9999 -9999 -9999 -9999 2.19414E-1 1.57862E-1 3.38722E-1 3.63274E-1 3.76568E-1 3.7125E-1 2.57151E-1 3.06236E-1 6.46815E-1 6.22109E-1 6.37457E-1 5.61734E-1 2.39528E-1 2.32752E-1 1.44147E-1 2.28819E-1 2.59516E-1
1.05219E-1 1.0379E-1 9.7943E-2 8.93925E-2 7.23041E-2 5.72456E-2 5.80161E-2 6.25412E-2 6.72094E-2 8.57613E-2 1.09417E-1 1.38297E-1 2.43447E-1 2.66738E-1 2.21163E-1 1.50914E-1 1.36799E-1 2.69634E-2 2.39337E-2 5.8877E-2 7.65713E-2 8.70655E-2 9.91989E-2 1.22454E-1 1.31958E-1 1.31159E-1 3.7552E-2 8.89055E-2 2.02596E-1 8.25369E-2 9.78687E-2 -9999 -9999 -9999 -9999 -9999 -9999 -9999 -9999 -9999 -9999 -9999 -9999 2.11337E-1 2.38112E-1 3.54531E-1 3.3307E-1 2.36089E-1 2.72378E-1 1.33761E-1 3.35117E-1 3.82069E-1 5.81281E-1 3.13578E-1 4.58378E-1 2.26075E-1 2.51986E-1 1.77026E-1 2.84205E-1 2.52191E-1
1.26567E-1 1.18295E-1 1.11284E-1 1.11112E-1 6.29355E-2 8.10631E-2 6.32622E-2 6.50355E-2 7.01106E-2 8.85395E-2 1.12186E-1 1.40977E-1 7.58162E-2 2.0612E-1 2.07505E-1 1.6132E-1 9.8511E-2 8.71851E-2 5.70082E-2 5.60853E-2 7.5493E-2 8.56287E-2 9.97066E-2 1.36145E-1 1.475E-1 1.26578E-1 1.57829E-1 9.23492E-2 1.82765E-1 9.30603E-2 1.40622E-1 -9999 -9999 -9999 -9999 -9999 -9999 -9999 -9999 -9999 -9999 -9999 2.56746E-1 9.04276E-2 2.4649E-1 3.245E-1 3.24473E-1 3.53622E-1 3.45359E-1 2.95873E-1 2.16136E-1 3.65659E-1 4.1006E-1 4.01532E-1 3.70768E-1 2.07263E-1 2.47774E-1 8.66565E-2 2.91149E-1 2.26403E-1
9.55357E-2 9.26069E-2 8.26415E-2 7.92786E-2 9.02847E-2 4.2538E-2 1.08666E-1 8.17554E-2 8.21952E-2 9.95232E-2 1.29756E-1 1.6916E-1 9.78948E-2 1.97766E-1 1.64512E-1 8.48581E-2 5.61564E-2 2.23579E-2 4.55697E-2 5.7787E-2 1.26188E-1 1.05745E-1 1.39475E-1 1.70498E-1 1.78803E-1 1.28216E-1 1.32884E-1 1.013E-1 9.79327E-2 9.85112E-2 1.6753E-1 1.37557E-1 -9999 -9999 -9999 -9999 -9999 -9999 -9999 -9999 -9999 1.99195E-1 2.13748E-1 2.53885E-1 3.27884E-1 3.82448E-1 4.10554E-1 5.29212E-1 2.94354E-1 3.83179E-1 2.32891E-1 2.46019E-1 4.06506E-1 3.42362E-1 3.36399E-1 3.89736E-1 4.0305E-1 3.97042E-1 4.69794E-1 3.88081E-1
1.14918E-1 1.13421E-1 1.09092E-1 9.3124E-2 8.75084E-2 1.76474E-1 1.00834E-1 9.91481E-2 9.75806E-2 1.18184E-1 1.42128E-1 1.75344E-1 1.93083E-1 1.73354E-1 2.11759E-1 7.30814E-2 2.54612E-2 9.65366E-3 4.5426E-2 6.37821E-2 1.32588E-1 1.61138E-1 1.96325E-1 2.29594E-1 1.97809E-1 1.40948E-1 1.518E-1 8.91537E-2 1.09678E-1 9.16353E-2 1.57877E-1 1.383E-1 -9999 -9999 -9999 -9999 -9999 -9999 -9999 -9999 1.44392E-1 1.84081E-1 1.8109E-1 2.17858E-1 1.03022E-1 2.04224E-1 1.30392E-1 4.01854E-1 9.21551E-2 2.47539E-1 3.71224E-1 3.0913E-1 4.6924E-1 4.37633E-1 4.32122E-1 4.14913E-1 2.44909E-1 1.87856E-1 2.26856E-1 4.46822E-1
1.20465E-1 1.1112E-1 1.22069E-1 1.21875E-1 1.27211E-1 1.82366E-1 1.01242E-1 1.49373E-1 1.18148E-1 1.36923E-1 1.62767E-1 1.30916E-1 8.56435E-2 1.41885E-1 3.1548E-2 7.69454E-2 3.01935E-2 1.48054E-2 6.45103E-2 7.63801E-2 2.26924E-1 2.47567E-1 2.11839E-1 1.5159E-1 1.50155E-1 1.2854E-1 1.42781E-1 1.23983E-1 1.01685E-1 1.15444E-1 7.01782E-2 9.67299E-2 1.31989E-1 -9999 -9999 -9999 -9999 -9999 -9999 5.02236E-2 1.25278E-1 1.67549E-1 1.60828E-1 1.86714E-1 1.94975E-1 2.72067E-1 1.88151E-1 1.65211E-1 3.63262E-1 2.45781E-1 1.25129E-1 4.8183E-1 2.18863E-1 4.99015E-1 4.64682E-1 3.80404E-1 4.09922E-1 4.80123E-1 5.43852E-1 3.44839E-1
1.01131E-1 1.15086E-1 8.3066E-2 9.308E-2 1.19674E-1 1.75912E-1 2.14851E-1 2.44219E-1 1.36955E-1 5.70017E-2 1.63277E-1 1.60836E-1 1.57927E-1 1.36647E-1 9.15806E-2 6.33151E-2 2.83538E-2 8.44213E-2 7.8908E-2 1.18686E-1 3.10233E-1 2.71059E-1 1.6333E-1 1.51487E-1 1.61432E-1 1.29051E-1 1.38653E-1 1.22686E-1 8.99622E-2 1.16675E-1 6.83529E-2 9.88119E-2 1.0575E-1 -9999 -9999 -9999 -9999 -9999 -9999 9.12345E-2 2.49111E-1 2.52989E-1 2.43868E-1 2.38777E-1 2.49718E-1 3.94987E-1 2.95351E-1 1.27159E-1 4.13888E-1 3.16356E-1 4.03187E-1 3.82577E-1 3.58657E-1 1.99092E-1 3.35933E-1 4.76148E-1 4.25528E-1 4.56365E-1 5.3122E-1 3.32324E-1
8.62482E-2 1.17045E-1 1.19981E-1 9.50503E-2 9.9907E-2 1.61069E-1 1.80608E-1 2.72074E-2 1.78359E-1 1.66327E-1 1.48961E-1 1.30578E-1 1.37903E-1 1.36071E-1 8.88629E-2 6.90853E-2 9.17335E-2 8.30451E-2 2.29694E-2 1.83117E-1 3.33358E-1 2.88444E-1 2.24743E-1 1.50951E-1 1.46317E-1 1.05806E-1 9.6703E-2 8.3928E-2 6.42362E-2 4.29969E-2 7.70476E-2 8.02525E-2 9.18018E-2 7.24041E-2 -9999 -9999 -9999 8.74977E-2 9.85603E-2 1.55117E-1 1.53726E-1 1.74967E-1 2.60818E-1 1.15235E-1 3.76585E-1 3.76018E-1 5.61356E-1 3.66751E-1 4.19435E-1 4.03162E-1 3.96131E-1 3.97513E-1 3.82717E-1 1.84091E-1 5.04859E-1 2.92028E-1 3.41829E-1 4.67064E-1 5.77407E-1 4.73079E-1
8.72473E-2 1.26546E-1 1.69579E-1 1.21915E-1 1.1271E-1 1.98289E-1 8.01564E-2 1.30984E-1 2.69918E-1 1.484E-1 7.92342E-2 7.71694E-2 7.69171E-2 7.38831E-2 7.25835E-2 1.24179E-1 1.26923E-1 1.90688E-1 2.38811E-1 1.16207E-1 2.71607E-1 2.12319E-1 1.21179E-1 8.76299E-2 7.68995E-2 7.55085E-2 7.4453E-2 6.37793E-2 6.18085E-2 9.85686E-2 1.38507E-1 5.28864E-2 4.44326E-2 5.47615E-2 5.74757E-2 1.79879E-1 2.44167E-1 3.48769E-1 1.8571E-1 4.34351E-1 4.55217E-1 4.49866E-1 4.43575E-1 5.83671E-1 2.22467E-1 6.11196E-1 3.03245E-1 3.50514E-1 4.19786E-1 3.56304E-1 3.57788E-1 3.57131E-1 3.86979E-1 2.99274E-1 4.05607E-1 3.74919E-1 4.26971E-1 4.92318E-1 3.3138E-1 4.08988E-1
8.35738E-2 1.13588E-1 1.71166E-1 1.73434E-1 1.60643E-1 2.17565E-1 2.321E-1 1.31395E-1 2.34057E-1 1.24989E-1 6.53796E-2 7.53734E-2 6.17148E-2 5.7217E-2 6.63318E-2 1.10768E-1 1.27912E-1 1.46743E-1 1.92623E-1 2.01541E-1 2.4217E-1 1.30312E-1 9.95739E-2 7.80406E-2 7.30636E-2 7.51101E-2 6.20139E-2 9.39749E-2 9.253E-2 6.65335E-2 1.20857E-1 6.35965E-2 5.45557E-2 7.88002E-2 7.45824E-2 2.33013E-1 3.33209E-1 3.78769E-1 4.24302E-1 4.93679E-1 3.31664E-1 5.12636E-1 4.68848E-1 5.51947E-1 2.84384E-1 1.53438E-1 2.79083E-1 2.84196E-1 4.34859E-1 2.91381E-1 3.22503E-1 2.9947E-1 3.40086E-1 4.38903E-1 1.26709E-1 1.85469E-1 4.14544E-1 5.48431E-1 4.58192E-1 1.89383E-1
