Phytophthora/models/20240430_1147_34/Phytophthora_PA3_RUN3_MAXENT_outputs/Phytophthora_PA3_RUN3.asc
ncols         225
nrows         269
xllcorner     473000.0
yllcorner     4429100.0
cellsize      50.0
NODATA_value  -9999
[rows 54 to 80 of 269, columns 0 to 59 of 225]
-9999 -9999 -9999 -9999 -9999 -9999 -9999 -9999 -9999 -9999 -9999 -9999 -9999 -9999 -9999 -9999 -9999 -9999 -9999 -9999 -9999 -9999 4.92336E-3 3.05515E-3 7.92798E-3 7.85022E-3 6.72588E-3 6.50709E-3 1.04469E-2 1.00913E-2 1.14652E-2 1.17436E-2 1.55063E-2 1.65944E-2 2.24195E-2 3.41936E-2 1.51422E-2 4.2061E-2 1.71551E-2 3.31897E-2 3.51458E-2 3.50245E-2 2.54233E-2 3.43317E-2 4.11776E-2 9.94942E-3 9.80909E-3 6.78172E-3 9.3185E-3 1.34037E-2 1.75279E-2 1.57238E-2 1.61513E-2 1.51048E-2 1.40483E-2 1.85166E-2 1.45697E-2 1.0615E-2 1.06146E-2 1.15918E-2
-9999 -9999 -9999 -9999 -9999 -9999 -9999 -9999 -9999 -9999 -9999 -9999 -9999 -9999 -9999 -9999 -9999 -9999 -9999 -9999 -9999 -9999 7.06597E-3 6.87985E-3 5.01926E-3 4.88901E-3 8.64177E-3 7.75553E-3 1.04596E-2 8.29592E-3 1.06985E-2 1.24984E-2 1.85064E-2 2.08879E-2 3.81082E-3 3.72732E-2 4.00248E-2 3.64452E-2 2.96958E-2 1.13468E-2 4.09803E-2 1.82507E-2 2.5053E-2 3.57923E-2 5.80556E-2 1.70568E-2 1.61498E-2 1.70223E-2 6.15606E-3 1.59469E-2 1.58504E-2 1.28849E-2 1.43478E-2 7.00116E-3 9.78509E-3 1.26198E-2 9.75323E-3 7.25019E-3 6.67026E-3 9.33824E-3
-9999 -9999 -9999 -9999 -9999 -9999 -9999 -9999 -9999 -9999 -9999 -9999 -9999 -9999 -9999 -9999 -9999 -9999 -9999 -9999 -9999 -9999 3.07187E-3 3.6422E-3 4.31941E-3 4.6092E-3 1.16669E-3 6.39194E-3 7.60717E-3 1.0234E-2 1.76093E-2 2.00786E-2 1.83596E-2 1.36673E-2 4.70118E-2 5.09257E-2 5.56837E-2 6.4324E-2 3.34061E-2 5.45553E-2 3.99406E-2 4.04075E-2 2.75219E-2 3.29969E-2 3.34262E-2 9.82127E-3 1.14484E-2 9.50137E-3 1.14891E-2 1.02304E-2 1.13862E-2 1.26764E-2 3.78021E-3 9.32621E-3 7.47469E-3 1.01537E-2 9.47083E-3 7.15368E-3 6.79251E-3 8.20381E-3
-9999 -9999 -9999 -9999 -9999 -9999 -9999 -9999 -9999 -9999 -9999 -9999 -9999 -9999 -9999 -9999 -9999 -9999 -9999 -9999 -9999 4.21177E-3 3.01156E-3 2.38644E-3 2.05961E-3 2.83291E-3 3.11318E-3 4.86197E-3 6.43021E-3 1.83094E-3 4.18277E-3 9.88826E-3 4.29001E-2 3.92097E-2 4.83446E-2 5.45665E-2 4.9814E-2 4.95449E-2 1.662E-2 5.2436E-2 1.09436E-2 4.11933E-2 1.85202E-2 2.79021E-2 1.74281E-2 7.29612E-3 8.62697E-3 9.59678E-3 7.87097E-3 8.34769E-3 9.59574E-3 5.58114E-3 7.03703E-3 5.6022E-3 5.10151E-3 9.07165E-3 7.1643E-3 8.50161E-3 7.78295E-3 9.23489E-3
-9999 -9999 -9999 -9999 -9999 -9999 -9999 -9999 -9999 -9999 -9999 -9999 -9999 -9999 -9999 -9999 -9999 -9999 3.97753E-4 7.85873E-4 1.7827E-3 2.88273E-3 3.79336E-3 2.5026E-3 1.96868E-3 3.42976E-3 7.69259E-3 5.59471E-3 7.03508E-3 1.10755E-2 2.11693E-2 1.91312E-2 3.32249E-2 3.10385E-2 4.78117E-2 5.45345E-2 5.88739E-2 4.71772E-2 1.91732E-2 5.13614E-2 1.33367E-2 3.80011E-2 9.43582E-3 3.89179E-2 2.32541E-2 6.48181E-3 6.2357E-3 4.86072E-3 6.32591E-3 7.81592E-3 9.99603E-3 6.98393E-3 5.55735E-3 4.90173E-3 5.64103E-3 1.04098E-2 7.53546E-3 7.57149E-3 5.39491E-3 8.72968E-3
-9999 -9999 -9999 -9999 -9999 -9999 -9999 -9999 -9999 -9999 -9999 -9999 -9999 -9999 -9999 -9999 1.05837E-4 1.95041E-4 3.18866E-4 8.76556E-4 1.6435E-3 2.04799E-3 3.96285E-3 4.93675E-3 3.50384E-3 3.84527E-3 9.7973E-3 6.26342E-3 8.1027E-3 1.24306E-2 2.3552E-2 2.34945E-2 2.49681E-2 2.66923E-2 3.72049E-2 4.98655E-2 4.05308E-2 4.68691E-2 4.03977E-2 3.33296E-2 2.73781E-2 2.82809E-2 3.3076E-2 3.38091E-2 5.02023E-3 6.24636E-3 6.00814E-3 6.85441E-3 5.54493E-3 6.35897E-3 8.34543E-3 6.46216E-3 5.0857E-3 4.36538E-3 4.95332E-3 8.33696E-3 8.16456E-3 5.8668E-3 8.04015E-3 9.76042E-3
-9999 -9999 -9999 -9999 -9999 -9999 -9999 -9999 -9999 -9999 -9999 -9999 -9999 -9999 -9999 2.31755E-4 1.93272E-4 1.74754E-4 1.73185E-4 6.25303E-4 2.58097E-3 3.05879E-3 4.0069E-3 5.3592E-3 6.48291E-3 4.90929E-3 4.06942E-3 7.29521E-3 9.56077E-3 1.30203E-2 2.67737E-2 3.01516E-2 3.21545E-2 3.1611E-2 3.92962E-2 4.61106E-2 4.85904E-2 4.41717E-2 3.84269E-2 3.12744E-2 2.47115E-2 2.83324E-2 2.44039E-2 3.14589E-2 2.65055E-2 7.32592E-3 4.38665E-3 4.11925E-3 4.91947E-3 5.65914E-3 6.54385E-3 7.06162E-3 6.66081E-3 4.8493E-3 3.25487E-3 5.23075E-3 9.08019E-3 7.76253E-3 2.21091E-3 9.3186E-3
-9999 -9999 -9999 -9999 -9999 -9999 -9999 -9999 -9999 -9999 -9999 -9999 -9999 -9999 1.93887E-3 1.63099E-3 2.01472E-3 2.11217E-3 1.87773E-3 2.02471E-3 2.87239E-3 4.86403E-3 5.6714E-3 8.35574E-3 1.30943E-2 1.23467E-2 2.45826E-2 1.87375E-2 2.15324E-2 2.31682E-2 2.37639E-2 3.36184E-2 3.44978E-2 3.18752E-2 4.28517E-2 4.29262E-2 4.46728E-2 3.3748E-2 3.04211E-2 2.67773E-2 1.56346E-2 2.01149E-2 1.53939E-2 1.36948E-2 1.64205E-2 1.7384E-2 1.6478E-2 1.57273E-2 1.65313E-2 1.2719E-2 4.25429E-3 4.2722E-3 2.53024E-3 4.32024E-3 5.08954E-3 6.91786E-3 6.4839E-3 5.82296E-3 5.81329E-3 5.58984E-3
-9999 -9999 -9999 -9999 -9999 -9999 -9999 -9999 -9999 -9999 -9999 -9999 -9999 4.24471E-4 1.79769E-3 1.62941E-3 1.95293E-3 2.18417E-3 2.17037E-3 2.26425E-3 2.65706E-3 3.56901E-3 6.95106E-3 6.93001E-3 7.14946E-3 1.12134E-2 1.3682E-2 2.28729E-2 2.82943E-2 3.26485E-2 3.39195E-2 3.25724E-2 4.70028E-2 4.80434E-2 4.61919E-2 3.28881E-2 4.17043E-2 3.10534E-2 2.3507E-2 2.34621E-2 1.40803E-2 1.47879E-2 1.38391E-2 1.29019E-2 1.40376E-2 1.35839E-2 1.2822E-2 1.25165E-2 1.24212E-2 2.84021E-3 8.73357E-4 7.44664E-4 2.95683E-3 4.33576E-3 4.29987E-3 7.29058E-3 1.95873E-3 6.28191E-3 5.57013E-3 6.70962E-3
-9999 -9999 -9999 -9999 -9999 -9999 -9999 -9999 -9999 -9999 -9999 -9999 -9999 1.96797E-3 2.38329E-3 2.15108E-3 2.59585E-3 2.98916E-3 3.11837E-3 3.35851E-3 3.9607E-3 7.24686E-3 4.40595E-3 5.06701E-3 5.76033E-3 1.61022E-2 1.86321E-2 2.86314E-2 3.36988E-2 3.26116E-2 3.27513E-2 3.318E-2 3.91469E-2 4.30264E-2 2.85876E-2 4.16265E-2 3.22588E-2 2.51386E-2 1.92167E-2 1.94903E-2 1.39844E-2 1.52391E-2 1.35618E-2 1.31784E-2 1.22816E-2 1.20892E-2 1.09578E-2 1.27859E-2 1.43261E-2 8.39135E-3 2.68053E-3 2.68957E-3 3.78113E-3 4.66855E-3 4.87143E-3 3.19873E-3 6.96139E-3 3.14094E-3 1.20862E-3 7.55416E-3
-9999 -9999 -9999 -9999 -9999 -9999 -9999 -9999 -9999 -9999 -9999 -9999 -9999 1.87399E-3 2.7647E-3 2.58343E-3 2.97438E-3 3.24668E-3 3.6376E-3 3.96343E-3 5.0008E-3 5.75578E-3 7.07382E-3 9.69805E-3 1.37495E-2 1.62943E-2 2.04877E-2 2.59233E-2 3.64132E-2 4.26094E-2 4.14583E-2 4.14321E-2 4.39492E-2 3.42792E-2 3.80028E-2 3.37524E-2 2.77675E-2 2.22941E-2 2.40125E-2 2.47379E-2 1.56629E-2 1.81992E-2 1.73526E-2 1.50493E-2 1.37907E-2 1.70933E-2 1.59192E-2 1.14564E-2 1.13894E-2 8.85069E-3 2.43166E-3 2.08719E-3 3.93497E-3 1.53075E-3 8.07637E-4 9.17825E-3 2.85693E-3 3.50041E-3 5.66626E-3 6.17538E-3
-9999 -9999 -9999 -9999 -9999 -9999 -9999 -9999 -9999 -9999 -9999 -9999 2.00123E-3 2.36783E-3 3.43926E-3 3.28604E-3 3.8574E-3 4.39978E-3 4.45749E-3 4.80617E-3 6.18828E-3 6.06929E-3 8.41075E-3 1.28208E-2 2.07854E-2 2.87815E-2 2.16773E-2 2.9127E-2 3.6173E-2 3.89482E-2 4.03733E-2 4.39554E-2 5.05176E-2 4.67591E-2 3.31553E-2 2.9313E-2 2.47854E-2 2.22802E-2 2.41849E-2 2.7154E-2 1.5293E-2 5.75056E-3 1.32272E-2 1.44786E-2 1.27748E-2 1.48945E-2 1.59095E-2 1.44493E-2 1.35408E-2 9.40127E-3 3.24536E-3 3.01636E-3 8.07182E-4 3.07081E-3 3.05469E-3 5.73949E-3 7.81943E-3 9.89941E-3 7.46536E-3 6.2855E-3
-9999 -9999 -9999 -9999 -9999 -9999 -9999 -9999 -9999 -9999 -9999 -9999 3.04355E-3 7.52241E-3 6.35978E-3 5.42879E-3 5.76926E-3 6.18583E-3 6.96086E-3 6.76368E-3 5.83439E-3 3.51961E-3 9.22759E-3 1.07551E-2 1.04263E-2 2.55651E-2 4.01433E-2 3.35587E-2 3.37244E-2 3.51355E-2 3.09798E-2 2.54268E-2 3.02523E-2 2.80245E-2 2.36096E-2 1.28357E-2 1.44581E-2 1.43693E-2 1.30474E-2 1.60669E-2 1.42658E-2 1.44828E-2 1.50659E-2 1.54588E-2 1.37163E-2 1.36886E-2 1.26583E-2 1.4368E-2 1.39987E-2 1.03882E-2 1.20829E-3 3.56639E-3 5.00794E-3 1.98503E-3 5.28516E-3 7.26207E-3 6.33077E-3 7.09604E-3 8.2473E-3 1.07544E-2
-9999 -9999 -9999 -9999 -9999 -9999 -9999 -9999 -9999 -9999 3.70081E-4 2.51354E-3 1.52383E-3 6.85853E-3 6.25747E-3 5.78811E-3 7.13894E-3 8.06854E-3 9.1156E-3 9.83573E-3 6.76408E-3 4.46139E-3 1.1554E-2 1.5177E-2 1.15373E-2 1.47331E-2 4.17516E-2 3.69822E-2 4.01553E-2 4.14993E-2 3.62447E-2 3.20455E-2 2.94459E-2 2.29219E-2 1.92467E-2 1.35564E-2 1.61151E-2 1.68341E-2 1.63389E-2 1.54154E-2 1.44836E-2 1.39127E-2 1.76113E-2 1.68818E-2 1.50262E-2 1.44056E-2 1.47542E-2 1.60301E-2 1.4218E-2 5.52242E-3 5.90829E-3 5.14351E-3 4.42404E-3 4.76822E-3 5.30879E-3 7.13972E-3 5.90608E-3 6.41824E-3 8.51211E-3 9.77194E-3
-9999 -9999 -9999 -9999 -9999 -9999 -9999 -9999 -9999 2.7419E-4 1.1305E-3 1.24845E-3 4.19435E-3 3.56517E-3 4.4534E-3 4.59032E-3 5.97672E-3 7.94953E-3 9.95598E-3 1.03546E-2 7.6408E-3 5.95237E-3 1.09092E-2 9.96519E-3 8.05682E-3 1.22801E-2 4.80636E-2 2.59059E-2 3.68287E-2 4.25716E-2 3.353E-2 2.81694E-2 2.65891E-2 2.05893E-2 1.64995E-2 1.35208E-2 1.60533E-2 9.6958E-3 2.15689E-2 1.90158E-2 1.61564E-2 1.4992E-2 1.52695E-2 1.46527E-2 1.43345E-2 1.31872E-2 1.324E-2 1.2548E-2 1.57748E-2 1.22799E-2 4.30406E-3 4.86202E-3 4.38602E-3 2.18138E-3 5.01972E-3 7.62854E-3 6.8088E-3 5.98271E-3 6.84972E-3 9.23489E-3
-9999 -9999 -9999 -9999 -9999 -9999 -9999 -9999 -9999 -9999 2.38161E-3 1.87389E-3 1.94221E-3 2.6483E-3 4.56987E-3 5.11265E-3 6.39985E-3 9.29223E-3 1.08153E-2 1.15773E-2 9.2438E-3 1.15636E-2 1.36857E-2 1.60246E-2 8.86312E-3 1.76548E-2 2.28623E-2 2.45465E-2 2.49425E-2 3.15859E-2 3.08006E-2 3.06436E-2 2.80829E-2 2.28126E-2 1.67059E-2 1.48711E-2 1.77594E-2 2.23209E-2 6.67336E-3 2.67178E-2 2.30511E-2 1.85514E-2 1.61226E-2 1.38502E-2 1.4074E-2 1.33663E-2 1.44448E-2 1.51609E-2 1.7019E-2 2.48562E-3 5.68983E-3 4.37041E-3 4.66463E-3 4.15566E-3 4.73865E-3 3.43099E-3 8.215E-3 7.22302E-3 6.04967E-3 7.56057E-3
-9999 -9999 -9999 -9999 -9999 -9999 -9999 -9999 -9999 -9999 -9999 -9999 -9999 -9999 5.70016E-3 6.11139E-3 8.27875E-3 1.15143E-2 1.2286E-2 1.12323E-2 9.99126E-3 1.24494E-2 1.46472E-2 1.69746E-2 2.04131E-2 2.34987E-2 2.44819E-2 3.12315E-2 3.22498E-2 3.12619E-2 3.2533E-2 3.77799E-2 3.19902E-2 2.61193E-2 1.83889E-2 1.41217E-2 1.60937E-2 1.80295E-2 3.31865E-2 2.48738E-2 1.42037E-2 1.94276E-2 1.9083E-2 1.59124E-2 1.67012E-2 1.6516E-2 1.82108E-2 1.43986E-2 1.58178E-2 1.25391E-2 4.73284E-3 4.68568E-3 1.64107E-3 3.99992E-3 4.38205E-3 7.62809E-3 6.88636E-3 6.75445E-3 5.94071E-3 7.40911E-3
-9999 -9999 -9999 -9999 -9999 -9999 -9999 -9999 -9999 -9999 -9999 -9999 -9999 -9999 -9999 -9999 -9999 -9999 -9999 1.23651E-2 1.0299E-2 1.54913E-2 1.77395E-2 1.97074E-2 2.33531E-2 3.12754E-2 3.16608E-2 3.65383E-2 4.34161E-2 4.09167E-2 3.80134E-2 2.36943E-2 3.61662E-2 2.92544E-2 2.01519E-2 1.18586E-2 1.2311E-2 1.27942E-2 1.50362E-2 1.71675E-2 1.92927E-2 1.90292E-2 1.47685E-2 8.77984E-3 1.07755E-2 1.44716E-2 1.02352E-2 6.36957E-3 1.71229E-2 9.90913E-3 3.68706E-3 4.12995E-3 3.77643E-3 1.85154E-3 4.65457E-3 6.16132E-3 6.36276E-3 6.27354E-3 5.87394E-3 7.18759E-3
-9999 -9999 -9999 -9999 -9999 -9999 -9999 -9999 -9999 -9999 -9999 -9999 -9999 -9999 -9999 -9999 -9999 -9999 -9999 -9999 1.06089E-2 1.76388E-2 1.98282E-2 2.18616E-2 2.65954E-2 3.26684E-2 3.34698E-2 3.74552E-2 3.23661E-2 6.24335E-2 4.42688E-2 4.31491E-2 3.70042E-2 3.118E-2 2.16213E-2 1.34915E-2 1.17533E-2 1.35302E-2 1.34464E-2 1.38779E-2 1.49429E-2 1.4269E-2 1.70521E-2 1.54816E-2 1.69011E-2 1.65711E-2 1.46228E-2 1.69017E-2 1.22745E-2 7.56211E-3 3.16911E-3 3.35188E-3 3.29042E-3 3.70373E-3 4.1648E-3 7.51166E-3 6.99146E-3 7.26763E-3 7.53947E-3 8.47471E-3
-9999 -9999 -9999 -9999 -9999 -9999 -9999 -9999 -9999 -9999 -9999 -9999 -9999 -9999 -9999 -9999 -9999 -9999 -9999 -9999 -9999 1.94304E-2 1.95959E-2 1.98037E-2 2.49505E-2 2.66744E-2 3.29309E-2 4.74936E-2 6.62462E-2 1.49536E-2 1.05517E-2 3.0495E-2 3.2226E-2 3.33439E-2 2.54332E-2 1.77977E-2 1.43861E-2 1.1936E-2 1.1733E-2 1.39013E-2 1.53191E-2 1.67139E-2 3.95855E-3 1.78069E-2 1.91085E-2 1.85166E-2 1.92897E-2 1.52364E-2 1.09486E-2 7.50929E-3 3.54262E-3 3.14788E-3 2.96949E-3 3.58326E-3 4.47288E-3 7.95559E-3 6.6377E-3 5.662E-3 8.3518E-3 1.2016E-2
-9999 -9999 -9999 -9999 -9999 -9999 -9999 -9999 -9999 -9999 -9999 -9999 -9999 -9999 -9999 -9999 -9999 -9999 -9999 -9999 -9999 -9999 1.93285E-2 1.86293E-2 2.07254E-2 2.35415E-2 3.35822E-2 4.82315E-2 5.40746E-2 3.50646E-2 2.40621E-2 2.88357E-2 2.3186E-2 1.65233E-2 2.76504E-2 1.87749E-2 1.39812E-2 1.47812E-2 1.338E-2 1.49675E-2 1.58908E-2 1.16701E-2 1.69374E-2 1.63533E-2 2.1937E-2 1.84734E-2 1.47696E-2 4.31111E-3 1.24936E-2 1.01452E-2 4.87241E-3 4.02711E-3 4.64291E-3 5.17989E-3 5.95933E-3 1.00141E-2 8.07779E-3 6.39247E-3 8.3185E-3 1.34029E-2
-9999 -9999 -9999 -9999 -9999 -9999 -9999 -9999 -9999 -9999 -9999 -9999 -9999 -9999 -9999 -9999 -9999 -9999 -9999 -9999 -9999 -9999 -9999 1.389E-2 1.62324E-2 2.06051E-2 3.12532E-2 4.10093E-2 3.5831E-2 2.39469E-2 1.96053E-2 2.28982E-2 2.31921E-2 2.93515E-2 3.41282E-2 1.59238E-2 2.24321E-2 2.1731E-2 1.80504E-2 1.73209E-2 7.54675E-3 1.77849E-2 1.59393E-2 1.46853E-2 1.62863E-2 1.19898E-2 1.08671E-2 1.31273E-2 1.38948E-2 8.23784E-3 4.77528E-3 2.44458E-3 9.91265E-4 5.3493E-3 6.53285E-3 1.02124E-2 8.39815E-3 7.75107E-3 8.65298E-3 1.4711E-2
-9999 -9999 -9999 -9999 -9999 -9999 -9999 -9999 -9999 -9999 -9999 -9999 -9999 -9999 -9999 -9999 -9999 -9999 -9999 -9999 -9999 -9999 -9999 -9999 -9999 2.37299E-2 3.4703E-2 4.46499E-2 4.22259E-2 3.39779E-2 2.46511E-2 2.73247E-2 3.03325E-2 4.58633E-2 4.20046E-2 2.49425E-2 2.2149E-2 2.47337E-2 2.22736E-2 1.67097E-2 1.76775E-2 1.77705E-2 1.53187E-2 1.24806E-2 1.19308E-2 1.47384E-2 1.45891E-2 1.57221E-2 2.18661E-2 2.15837E-2 1.60261E-2 1.51649E-2 1.39752E-2 1.46463E-2 2.03695E-2 3.6722E-2 3.40147E-2 4.05154E-2 4.14284E-2 1.24343E-2
-9999 -9999 -9999 -9999 -9999 -9999 -9999 -9999 -9999 -9999 -9999 -9999 -9999 -9999 -9999 -9999 -9999 -9999 -9999 -9999 -9999 -9999 -9999 -9999 -9999 -9999 -9999 3.19042E-2 3.07347E-2 3.49155E-2 2.72264E-2 2.03649E-2 2.94094E-2 2.39464E-2 2.91443E-2 1.98625E-2 2.26221E-2 1.69039E-2 1.79291E-2 1.61871E-2 1.74674E-2 5.60647E-3 1.81899E-2 1.65821E-2 1.64002E-2 2.09542E-2 1.99122E-2 2.00163E-2 2.24545E-2 2.39097E-2 1.88223E-2 1.64142E-2 1.1145E-2 1.7236E-2 1.81195E-2 2.8676E-2 3.39039E-2 4.83753E-2 3.67187E-2 2.05581E-2
-9999 -9999 -9999 -9999 -9999 -9999 -9999 -9999 -9999 -9999 -9999 -9999 -9999 -9999 -9999 -9999 -9999 -9999 -9999 -9999 -9999 -9999 -9999 -9999 -9999 -9999 -9999 -9999 -9999 2.64868E-2 2.01061E-2 1.86066E-2 1.07759E-2 1.43435E-2 1.57978E-2 1.1037E-2 1.72789E-2 2.31697E-2 1.44484E-2 2.41442E-2 6.70454E-3 1.64428E-2 2.03449E-2 1.48522E-2 1.69565E-2 5.01186E-3 2.24551E-2 2.03706E-2 2.34638E-2 2.2638E-2 1.79353E-2 1.93329E-2 1.66621E-2 1.85381E-2 1.82592E-2 3.08193E-2 3.18905E-2 3.48352E-2 3.02802E-2 2.07846E-2
-9999 -9999 -9999 -9999 -9999 -9999 -9999 -9999 -9999 -9999 -9999 -9999 -9999 -9999 -9999 -9999 -9999 -9999 -9999 -9999 -9999 -9999 -9999 -9999 -9999 -9999 -9999 -9999 -9999 -9999 -9999 4.81865E-3 5.04079E-3 5.60858E-3 1.02551E-2 8.33711E-3 1.29077E-2 1.80341E-2 1.24647E-2 1.3773E-2 1.81412E-2 1.59191E-2 1.84046E-2 1.85563E-2 1.8429E-2 2.35154E-2 1.9561E-2 2.26948E-2 2.7085E-2 3.11465E-2 2.59687E-2 2.64025E-2 2.07649E-2 1.99794E-2 2.14114E-2 3.36803E-2 2.86507E-2 2.66672E-2 2.55098E-2 2.27894E-2
-9999 -9999 -9999 -9999 -9999 -9999 -9999 -9999 -9999 -9999 -9999 -9999 -9999 -9999 -9999 -9999 -9999 -9999 -9999 -9999 -9999 -9999 -9999 -9999 -9999 -9999 -9999 -9999 -9999 -9999 -9999 4.20077E-3 4.63726E-3 4.4074E-3 1.28055E-2 5.51319E-3 8.52413E-3 1.47365E-2 1.98005E-2 1.92565E-2 1.27904E-2 1.02088E-2 1.30949E-2 1.29804E-2 1.02031E-2 1.80938E-2 2.02961E-2 2.04606E-2 2.89894E-2 4.68882E-2 1.07284E-2 1.67968E-2 3.05243E-2 2.61189E-2 2.98203E-2 4.36335E-2 3.54703E-2 3.56649E-2 5.32617E-2 3.11879E-2
