Phytophthora/models/20240506_1522_03/Phytophthora_PA3_RUN10_MAXENT_outputs/Phytophthora_PA3_RUN10.asc
ncols         225
nrows         269
xllcorner     473009.9838
yllcorner     4429051.1748
cellsize      50.0
NODATA_value  -9999
[rows 156 to 181 of 269, columns 120 to 179 of 225]
3.61337E-1 2.78731E-1 2.76345E-1 3.50111E-1 3.09226E-1 2.67334E-1 2.56423E-1 2.96506E-1 3.11657E-1 3.33457E-1 3.85747E-1 4.26285E-1 4.28021E-1 3.86288E-1 3.31719E-1 2.62551E-1 2.86873E-1 3.29242E-1 3.51583E-1 3.46385E-1 3.49784E-1 3.23617E-1 4.56766E-1 4.50893E-1 4.17833E-1 4.0747E-1 3.85572E-1 3.69458E-1 1.65121E-1 3.88141E-1 3.68975E-1 4.09266E-1 4.69011E-1 4.66519E-1 4.5793E-1 4.55295E-1 3.03816E-1 3.24059E-1 3.35156E-1 3.56391E-1 3.82123E-1 4.40676E-1 4.31185E-1 3.98104E-1 3.54818E-1 2.92252E-1 1.1485E-1 1.78893E-1 1.7082E-1 2.19442E-1 2.98035E-1 3.92749E-1 4.60498E-1 3.55731E-1 2.13301E-1 3.2096E-1 4.01508E-1 3.96129E-1 2.53726E-1 2.61472E-1
3.489E-1 3.56067E-1 2.95638E-1 2.79309E-1 2.64575E-1 2.02623E-1 2.60173E-1 2.70565E-1 3.43543E-1 2.31749E-1 4.22989E-1 4.66587E-1 4.34193E-1 3.91106E-1 3.4275E-1 3.19501E-1 3.43706E-1 3.81396E-1 4.25391E-1 3.74957E-1 3.48695E-1 2.78414E-1 4.57913E-1 4.67062E-1 4.82119E-1 4.714E-1 4.46693E-1 4.12439E-1 4.60265E-1 3.55747E-1 3.26772E-1 3.76904E-1 4.23715E-1 4.49588E-1 4.26148E-1 3.97101E-1 3.36103E-1 3.23534E-1 3.13482E-1 3.61913E-1 4.03141E-1 4.56809E-1 4.51895E-1 3.22366E-1 3.5591E-1 3.05839E-1 5.1521E-2 1.5219E-1 1.78192E-1 2.19592E-1 3.38776E-1 4.47122E-1 4.72861E-1 3.93929E-1 3.424E-1 3.47022E-1 4.05129E-1 3.99249E-1 4.02195E-1 3.26878E-1
3.29013E-1 2.95993E-1 2.38122E-1 2.40158E-1 2.23469E-1 1.57715E-1 2.5752E-1 2.77633E-1 2.56247E-1 3.70059E-1 4.18944E-1 4.60818E-1 4.27649E-1 3.85431E-1 3.67787E-1 3.73272E-1 3.90309E-1 4.28624E-1 4.7116E-1 4.26401E-1 3.37947E-1 3.38975E-1 4.38659E-1 4.51514E-1 4.78667E-1 4.94945E-1 4.86674E-1 3.90933E-1 3.86952E-1 3.72291E-1 3.82959E-1 3.69488E-1 3.89341E-1 3.76161E-1 3.41218E-1 3.26224E-1 2.84415E-1 3.04337E-1 2.60973E-1 2.87856E-1 3.72375E-1 4.40849E-1 4.40771E-1 2.50122E-1 3.69343E-1 3.22403E-1 5.42897E-2 8.67631E-2 1.42994E-1 2.39829E-1 3.97892E-1 4.67708E-1 4.5874E-1 3.9716E-1 3.58017E-1 3.52307E-1 3.24142E-1 4.47639E-1 3.60443E-1 2.66053E-1
3.03854E-1 2.1947E-1 2.08202E-1 2.13229E-1 1.7772E-1 1.35161E-1 1.98936E-1 3.69929E-1 2.9345E-1 3.69497E-1 4.53565E-1 4.73348E-1 4.62788E-1 4.38403E-1 4.21861E-1 4.40663E-1 4.54502E-1 4.74933E-1 4.91202E-1 4.53921E-1 3.65719E-1 3.23113E-1 3.42486E-1 3.56321E-1 3.73283E-1 3.06832E-1 4.32563E-1 2.87189E-1 4.27344E-1 4.59697E-1 3.72912E-1 3.05382E-1 2.57279E-1 2.4012E-1 2.27614E-1 1.89368E-1 2.19815E-1 2.38832E-1 2.32141E-1 2.31908E-1 3.27656E-1 4.0814E-1 4.30424E-1 3.96398E-1 2.61912E-1 3.21786E-1 4.72162E-2 1.45882E-1 1.5779E-1 2.31125E-1 3.35276E-1 5.15465E-1 4.90917E-1 4.34591E-1 3.63437E-1 3.63508E-1 3.40087E-1 3.91063E-1 3.31713E-1 2.66669E-1
2.94118E-1 1.99302E-1 1.58413E-1 1.37007E-1 1.20529E-1 1.85585E-1 3.04214E-1 3.36193E-1 2.81274E-1 3.66436E-1 4.41141E-1 4.82259E-1 4.93255E-1 4.67632E-1 4.54518E-1 4.73537E-1 5.2452E-1 5.22975E-1 5.0593E-1 3.25265E-1 3.18774E-1 3.35808E-1 3.28268E-1 3.39976E-1 3.69702E-1 1.68829E-1 2.92422E-1 3.74647E-1 2.41107E-1 3.54442E-1 3.1036E-1 2.1344E-1 1.66477E-1 1.38824E-1 1.19433E-1 1.15345E-1 1.76477E-1 2.17496E-1 2.17999E-1 2.07097E-1 3.04019E-1 3.752E-1 4.23716E-1 4.05626E-1 3.78289E-1 3.28548E-1 8.08956E-2 1.92824E-1 2.00526E-1 2.22353E-1 3.06967E-1 4.63117E-1 5.41382E-1 4.57148E-1 3.81529E-1 3.81914E-1 3.40649E-1 3.37763E-1 3.06327E-1 2.66983E-1
1.55513E-1 2.20385E-1 1.4557E-1 1.77209E-1 2.03566E-1 2.73437E-1 3.52901E-1 3.43371E-1 2.24625E-1 2.93058E-1 2.50305E-1 4.82053E-1 4.86887E-1 4.7664E-1 4.55274E-1 4.89705E-1 5.24011E-1 5.55701E-1 5.3678E-1 4.77098E-1 4.21744E-1 3.64329E-1 3.90301E-1 2.84546E-1 3.58273E-1 1.9937E-1 1.77146E-1 2.67189E-1 3.5284E-1 2.76788E-1 2.10364E-1 1.59774E-1 1.01715E-1 8.72245E-2 1.03734E-1 1.62462E-1 2.0444E-1 2.07752E-1 1.98398E-1 2.14343E-1 2.95272E-1 3.74358E-1 3.97057E-1 3.89069E-1 3.69E-1 2.75117E-1 2.32287E-1 2.7334E-1 2.67726E-1 2.23299E-1 3.01682E-1 2.88707E-1 5.07544E-1 4.94837E-1 4.63431E-1 2.60809E-1 3.41108E-1 3.37878E-1 3.44087E-1 2.9658E-1
3.56921E-1 2.85991E-1 2.70462E-1 3.16604E-1 2.66526E-1 2.68018E-1 3.45136E-1 3.64653E-1 3.98617E-1 4.65688E-1 4.50951E-1 4.31686E-1 4.71745E-1 4.70437E-1 4.31827E-1 4.81999E-1 5.32601E-1 4.70774E-1 8.07251E-2 2.61429E-1 3.84712E-1 2.22538E-1 3.39709E-1 2.03333E-1 1.46593E-1 1.72252E-1 1.58385E-1 1.81053E-1 2.10491E-1 2.08551E-1 1.66296E-1 1.09578E-1 8.1068E-2 1.29543E-1 1.5226E-1 1.80181E-1 1.90002E-1 2.03566E-1 1.94215E-1 2.13361E-1 2.84416E-1 3.7102E-1 3.83275E-1 3.03602E-1 3.68061E-1 3.70213E-1 1.57625E-1 3.15414E-1 2.40246E-1 6.62931E-2 9.91342E-2 1.94541E-1 1.84257E-1 2.63043E-1 1.8078E-1 3.70501E-1 3.18583E-1 3.13338E-1 3.50196E-1 3.76345E-1
3.70106E-1 3.53847E-1 2.68481E-1 2.9048E-1 2.19633E-1 3.13248E-1 3.54156E-1 3.41563E-1 4.06785E-1 4.94012E-1 4.98093E-1 3.35583E-1 4.9213E-1 4.82878E-1 4.28656E-1 4.20968E-1 3.12478E-1 4.43631E-1 5.1287E-1 4.73492E-1 1.89569E-1 2.12864E-1 3.82126E-1 1.65566E-1 2.5592E-1 2.19097E-1 1.91125E-1 1.90888E-1 1.91222E-1 1.02889E-1 1.49666E-1 1.19051E-1 1.37301E-1 1.62662E-1 2.16576E-1 2.65133E-1 2.71426E-1 2.61607E-1 2.18677E-1 1.93772E-1 2.55916E-1 3.37362E-1 3.79707E-1 3.6611E-1 3.68855E-1 1.20865E-1 1.75357E-1 2.31407E-1 2.65539E-1 1.7482E-1 1.45591E-1 3.24378E-1 4.59749E-1 3.55902E-1 3.15947E-1 3.41751E-1 3.96632E-1 4.02963E-1 3.85473E-1 4.2171E-1
4.24918E-1 3.95917E-1 2.76554E-1 3.02564E-1 2.13285E-1 2.84142E-1 3.38077E-1 3.7626E-1 3.76606E-1 5.00278E-1 5.21957E-1 3.8186E-1 5.44682E-1 5.19028E-1 2.91686E-1 2.68725E-1 2.3153E-1 4.13733E-1 2.12648E-1 2.20976E-1 2.58353E-1 2.70056E-1 2.72028E-1 3.3795E-1 3.10298E-1 2.73615E-1 2.75159E-1 2.6699E-1 2.47412E-1 1.2308E-1 1.67134E-1 1.66885E-1 1.85017E-1 2.33707E-1 3.25394E-1 3.5855E-1 3.79433E-1 3.38846E-1 2.50137E-1 2.22086E-1 2.25545E-1 2.92339E-1 3.54006E-1 3.55336E-1 3.37411E-1 2.5093E-1 2.91698E-1 2.91524E-1 2.70969E-1 1.97483E-1 2.11794E-1 3.41701E-1 4.39574E-1 4.68621E-1 2.7431E-1 3.48221E-1 4.15849E-1 4.89276E-1 5.1443E-1 5.06883E-1
3.70613E-1 3.28437E-1 2.59667E-1 2.62882E-1 2.14179E-1 2.62603E-1 3.40674E-1 4.04248E-1 4.6231E-1 5.17028E-1 5.2053E-1 4.41312E-1 5.369E-1 4.44712E-1 3.97565E-1 3.18345E-1 3.37921E-1 4.14048E-1 2.66952E-1 2.86228E-1 3.51349E-1 3.44224E-1 3.60058E-1 4.46791E-1 4.60346E-1 4.19338E-1 3.75555E-1 3.19555E-1 3.26523E-1 1.52558E-1 2.7049E-1 2.10833E-1 2.3976E-1 3.345E-1 3.98136E-1 4.15094E-1 4.10752E-1 3.6183E-1 2.9759E-1 2.57793E-1 2.53065E-1 2.62139E-1 3.08345E-1 3.31744E-1 3.09165E-1 3.33097E-1 3.22204E-1 2.59518E-1 2.75707E-1 2.74181E-1 2.82715E-1 2.58572E-1 2.69789E-1 1.92302E-1 2.51658E-1 3.16899E-1 3.75069E-1 4.73239E-1 5.13575E-1 5.4769E-1
2.82083E-1 3.53829E-1 2.3699E-1 2.32351E-1 2.22446E-1 2.68401E-1 3.25647E-1 3.78512E-1 4.60033E-1 5.35621E-1 5.46023E-1 4.24918E-1 4.96868E-1 3.79132E-1 3.36038E-1 3.21753E-1 3.70854E-1 4.31517E-1 3.22294E-1 4.20465E-1 4.76641E-1 4.16872E-1 4.15385E-1 4.4527E-1 4.99338E-1 4.87359E-1 4.49635E-1 3.63772E-1 3.51996E-1 3.4711E-1 2.01802E-1 2.88908E-1 3.13106E-1 4.12317E-1 4.34537E-1 4.23319E-1 3.90527E-1 3.57059E-1 3.04262E-1 2.85439E-1 3.284E-1 3.29928E-1 3.22659E-1 3.12944E-1 1.4475E-1 3.98152E-1 3.73632E-1 2.69261E-1 1.23664E-1 2.53187E-1 2.49373E-1 1.75694E-1 1.76224E-1 2.16762E-1 2.60062E-1 2.65671E-1 1.93655E-1 3.94085E-1 3.84408E-1 5.37635E-1
3.26968E-1 2.2759E-1 2.76437E-1 2.62867E-1 2.61895E-1 2.87675E-1 3.4398E-1 3.22682E-1 3.65908E-1 5.03968E-1 5.36933E-1 5.45952E-1 5.21155E-1 4.00797E-1 3.22298E-1 3.23177E-1 4.45835E-1 4.29928E-1 4.46858E-1 4.40324E-1 4.50409E-1 4.50171E-1 4.66007E-1 4.45106E-1 4.72797E-1 5.00424E-1 4.87811E-1 3.95181E-1 3.93981E-1 3.15364E-1 2.8623E-1 3.13062E-1 1.75787E-1 4.45234E-1 4.2585E-1 2.50924E-1 3.10106E-1 3.30882E-1 3.06155E-1 2.72725E-1 3.10578E-1 3.74858E-1 3.56778E-1 2.84458E-1 2.27241E-1 3.95019E-1 4.25471E-1 3.23682E-1 3.02951E-1 3.25352E-1 1.90422E-1 1.79501E-1 1.64225E-1 1.87583E-1 2.19155E-1 2.7145E-1 2.9605E-1 5.99429E-1 5.84723E-1 5.4967E-1
2.79121E-1 2.07763E-1 1.88003E-1 2.56841E-1 2.71231E-1 3.14081E-1 3.75445E-1 3.73111E-1 3.28348E-1 4.45705E-1 5.32123E-1 5.74455E-1 3.73195E-1 2.77322E-1 4.58758E-1 4.18293E-1 4.71679E-1 4.91599E-1 5.02281E-1 4.93765E-1 4.64089E-1 4.90228E-1 4.76945E-1 4.24496E-1 3.05006E-1 4.14338E-1 2.16123E-1 2.58424E-1 2.85722E-1 2.56278E-1 2.36811E-1 1.77352E-1 2.97253E-1 1.72454E-1 4.44637E-1 4.07481E-1 3.76035E-1 3.24968E-1 2.76444E-1 2.7451E-1 2.8781E-1 3.55849E-1 3.5401E-1 2.77205E-1 3.1683E-1 2.70433E-1 3.09648E-1 3.2771E-1 3.17171E-1 2.94497E-1 2.66163E-1 2.43998E-1 2.16319E-1 1.64917E-1 2.40128E-1 2.87279E-1 4.49715E-1 5.57868E-1 6.90557E-1 5.84482E-1
2.99167E-1 2.46792E-1 1.64153E-1 1.43285E-1 1.48524E-1 2.08063E-1 3.12377E-1 1.71043E-1 4.07247E-1 4.77054E-1 5.19656E-1 6.01804E-1 5.84608E-1 4.81551E-1 4.52397E-1 4.59569E-1 5.1908E-1 5.13375E-1 5.04115E-1 4.90133E-1 4.70003E-1 4.93866E-1 4.8714E-1 4.42085E-1 2.78819E-1 4.33871E-1 3.85293E-1 3.72994E-1 3.36734E-1 3.02346E-1 2.62772E-1 2.07713E-1 2.4635E-1 4.16572E-1 4.48559E-1 3.97149E-1 3.22898E-1 2.55906E-1 2.72173E-1 2.91718E-1 2.83139E-1 3.20772E-1 3.25838E-1 2.91711E-1 2.262E-1 2.83414E-1 1.70923E-1 2.88461E-1 3.17975E-1 2.98907E-1 2.30316E-1 2.74428E-1 1.9647E-1 2.84462E-1 3.08554E-1 3.73152E-1 4.62529E-1 5.37893E-1 6.68309E-1 6.05091E-1
3.14289E-1 2.42885E-1 1.80061E-1 1.35024E-1 8.75867E-2 1.04628E-1 1.65358E-1 2.79129E-1 3.62968E-1 3.15217E-1 4.15999E-1 5.94318E-1 6.13178E-1 5.49543E-1 4.80231E-1 4.20317E-1 4.80696E-1 4.24244E-1 4.58875E-1 4.41271E-1 4.57043E-1 5.02139E-1 5.04766E-1 4.65147E-1 4.32728E-1 5.00504E-1 4.18881E-1 3.71728E-1 3.5903E-1 3.72988E-1 3.85698E-1 3.45862E-1 3.72409E-1 3.2507E-1 3.38198E-1 3.11546E-1 2.57201E-1 2.02344E-1 2.9536E-1 2.84113E-1 2.79414E-1 2.98316E-1 3.03625E-1 2.6763E-1 1.53334E-1 3.21909E-1 1.86626E-1 2.55379E-1 3.25565E-1 3.18717E-1 3.08251E-1 2.90333E-1 3.10272E-1 3.40309E-1 3.79545E-1 4.14682E-1 4.80399E-1 5.84873E-1 6.5681E-1 5.87798E-1
3.09353E-1 2.50082E-1 1.9083E-1 1.80321E-1 1.49079E-1 7.48873E-2 1.00953E-1 1.64751E-1 2.58363E-1 3.80767E-1 4.33805E-1 4.2667E-1 3.56772E-1 5.65795E-1 4.71849E-1 3.81677E-1 3.10216E-1 3.92832E-1 4.22643E-1 3.17395E-1 4.92796E-1 4.99132E-1 5.01043E-1 4.87423E-1 4.5926E-1 5.06362E-1 4.98376E-1 4.08386E-1 3.84142E-1 3.33045E-1 4.13938E-1 4.02248E-1 3.77265E-1 2.58967E-1 3.66387E-1 3.04788E-1 2.08109E-1 1.81739E-1 2.28455E-1 2.99977E-1 2.98147E-1 2.69822E-1 3.15234E-1 2.47077E-1 9.64161E-2 2.10516E-1 1.89686E-1 1.95994E-1 3.21072E-1 3.37121E-1 2.55996E-1 2.94514E-1 3.21242E-1 3.79786E-1 4.04258E-1 4.52238E-1 5.08869E-1 5.65206E-1 5.91545E-1 4.95551E-1
3.3162E-1 3.30761E-1 2.29621E-1 1.55351E-1 1.35102E-1 1.45181E-1 9.14309E-2 1.28117E-1 1.89642E-1 2.66217E-1 3.53391E-1 4.37471E-1 4.51342E-1 2.46536E-1 5.33066E-1 3.8095E-1 2.89266E-1 2.49026E-1 3.64626E-1 2.08368E-1 5.07283E-1 4.67314E-1 4.94064E-1 4.29822E-1 4.82804E-1 5.14978E-1 4.2383E-1 3.24577E-1 3.74345E-1 4.59668E-1 4.75586E-1 5.00488E-1 4.49662E-1 2.30478E-1 3.26983E-1 3.04469E-1 2.14455E-1 1.59225E-1 3.1222E-1 3.03655E-1 3.17528E-1 3.3099E-1 3.86406E-1 3.58845E-1 1.37009E-1 1.85381E-1 2.27387E-1 3.14523E-1 4.64363E-1 4.32745E-1 3.91564E-1 3.91396E-1 4.02733E-1 4.12125E-1 4.52716E-1 5.17671E-1 4.82035E-1 4.47188E-1 4.55851E-1 4.05598E-1
3.43631E-1 3.5142E-1 2.84664E-1 1.84778E-1 1.40848E-1 1.2379E-1 1.56559E-1 1.17393E-1 1.36976E-1 2.01843E-1 2.83402E-1 3.06472E-1 3.90987E-1 3.70154E-1 1.69003E-1 4.33797E-1 2.82122E-1 2.48843E-1 2.52926E-1 4.512E-1 3.14625E-1 4.71336E-1 4.86158E-1 3.99681E-1 4.62931E-1 5.10823E-1 5.01826E-1 4.20749E-1 4.21272E-1 4.89346E-1 4.81189E-1 5.01359E-1 4.10928E-1 4.53312E-1 3.30805E-1 2.50165E-1 1.88823E-1 1.60646E-1 3.18813E-1 2.07337E-1 3.3163E-1 4.12084E-1 4.31888E-1 3.41531E-1 4.75167E-2 1.924E-1 2.80014E-1 2.42025E-1 5.70051E-1 4.63025E-1 4.3923E-1 4.49066E-1 4.16509E-1 4.07355E-1 5.25895E-1 5.05278E-1 4.43924E-1 3.93236E-1 3.30355E-1 3.36417E-1
3.81657E-1 3.52916E-1 2.7297E-1 1.98235E-1 1.65629E-1 1.24497E-1 1.35537E-1 1.72955E-1 1.50511E-1 1.66862E-1 2.30492E-1 2.569E-1 3.04444E-1 3.25778E-1 3.47448E-1 2.24921E-1 3.94062E-1 2.71064E-1 3.1231E-1 3.2963E-1 4.83494E-1 3.64878E-1 4.83373E-1 3.78578E-1 4.3435E-1 4.88405E-1 4.59187E-1 4.08693E-1 4.03219E-1 4.69505E-1 4.66071E-1 4.85898E-1 3.27504E-1 4.48994E-1 3.22341E-1 2.38498E-1 2.05942E-1 1.9746E-1 2.54011E-1 1.38798E-1 3.48524E-1 4.06026E-1 4.32795E-1 3.4575E-1 1.04974E-1 1.00871E-1 2.85453E-1 2.37198E-1 5.65589E-1 4.63844E-1 3.29463E-1 4.16344E-1 3.94177E-1 3.49579E-1 3.42493E-1 4.7285E-1 4.11184E-1 3.30986E-1 2.56184E-1 2.69828E-1
3.76855E-1 3.60616E-1 2.71488E-1 2.2216E-1 1.9356E-1 1.50516E-1 1.15092E-1 1.29371E-1 1.52432E-1 1.331E-1 1.49936E-1 1.75918E-1 2.35576E-1 2.72283E-1 3.77854E-1 1.85552E-1 3.41905E-1 3.14409E-1 3.11354E-1 3.13875E-1 3.83072E-1 4.08644E-1 4.65592E-1 3.03173E-1 3.17725E-1 4.03534E-1 3.38166E-1 4.0224E-1 3.87186E-1 4.39678E-1 4.34711E-1 3.02923E-1 4.67352E-1 3.77576E-1 2.75666E-1 2.46396E-1 2.20342E-1 2.48981E-1 2.38586E-1 3.03417E-1 3.86984E-1 4.39106E-1 4.43247E-1 3.87239E-1 8.08498E-2 1.76786E-1 3.59246E-1 3.60039E-1 5.49187E-1 3.90588E-1 3.6836E-1 3.71007E-1 3.71258E-1 3.23095E-1 2.97232E-1 3.43947E-1 3.32342E-1 3.15401E-1 2.53249E-1 2.31539E-1
4.00934E-1 3.70207E-1 2.66873E-1 2.33239E-1 2.1798E-1 1.85733E-1 1.388E-1 1.28052E-1 1.38869E-1 1.76079E-1 1.37255E-1 1.75328E-1 2.35102E-1 2.7356E-1 3.00842E-1 2.91176E-1 1.84148E-1 4.03683E-1 3.68953E-1 3.24438E-1 3.39602E-1 4.39746E-1 3.1101E-1 4.16996E-1 2.99713E-1 1.82107E-1 3.29695E-1 3.88451E-1 3.19533E-1 1.70579E-1 1.30226E-1 2.35943E-1 3.00322E-1 2.71105E-1 2.79246E-1 2.6079E-1 2.40931E-1 2.98969E-1 3.46184E-1 3.37273E-1 3.75057E-1 4.05059E-1 4.11141E-1 3.79279E-1 1.77842E-1 2.54234E-1 3.33004E-1 3.95158E-1 4.44842E-1 3.69748E-1 3.89551E-1 4.20453E-1 3.68329E-1 3.14514E-1 2.80315E-1 3.16205E-1 2.88342E-1 2.60281E-1 2.40519E-1 2.11927E-1
3.82308E-1 3.6012E-1 2.51837E-1 2.38257E-1 2.33344E-1 2.12525E-1 1.72386E-1 1.46669E-1 1.29539E-1 1.52704E-1 1.73288E-1 1.44151E-1 1.91625E-1 2.30243E-1 2.74304E-1 3.92577E-1 3.57122E-1 5.10681E-1 4.91081E-1 3.76461E-1 3.79459E-1 4.72004E-1 3.66098E-1 3.69983E-1 2.91722E-1 3.70802E-1 2.74194E-1 3.07537E-1 7.83827E-2 2.4796E-1 2.78751E-1 3.57537E-1 1.99225E-1 2.61944E-1 2.94266E-1 2.81704E-1 1.363E-1 2.95047E-1 3.28788E-1 3.60738E-1 3.81804E-1 3.91946E-1 3.97718E-1 3.73145E-1 3.29333E-1 1.49965E-1 4.29658E-1 5.50078E-1 5.03392E-1 5.07124E-1 5.17757E-1 4.9781E-1 3.804E-1 3.3556E-1 2.82502E-1 2.67404E-1 2.36476E-1 2.24661E-1 2.02523E-1 1.89527E-1
2.94909E-1 3.32823E-1 2.52007E-1 2.47765E-1 2.33688E-1 2.10396E-1 1.84242E-1 1.61664E-1 1.12973E-1 1.20587E-1 1.59267E-1 1.48238E-1 1.63593E-1 2.27055E-1 2.68354E-1 3.40621E-1 4.48125E-1 4.01368E-1 4.81651E-1 4.46868E-1 4.23496E-1 4.90458E-1 3.00712E-1 4.19705E-1 3.001E-1 3.99563E-1 2.53792E-1 2.64545E-1 1.84463E-1 3.78175E-1 2.3494E-1 2.36052E-1 1.834E-1 2.19567E-1 2.72153E-1 2.67255E-1 2.54426E-1 2.95387E-1 3.28411E-1 3.57946E-1 3.60914E-1 3.23767E-1 3.30164E-1 3.18984E-1 3.29745E-1 1.4778E-1 3.72697E-1 4.04978E-1 4.25271E-1 4.19478E-1 4.18638E-1 4.28114E-1 3.96283E-1 3.18035E-1 2.21057E-1 1.73248E-1 1.71424E-1 1.86943E-1 1.93199E-1 1.83954E-1
1.60433E-1 3.3244E-1 2.56944E-1 2.46577E-1 2.50959E-1 2.26379E-1 1.95839E-1 1.88946E-1 1.27457E-1 1.067E-1 1.10605E-1 1.52217E-1 1.7279E-1 2.11283E-1 2.71425E-1 3.52748E-1 3.82977E-1 4.87742E-1 4.31722E-1 5.33227E-1 4.87777E-1 5.19893E-1 2.28786E-1 4.33849E-1 3.16416E-1 1.19922E-1 3.56827E-1 2.27246E-1 1.73148E-1 2.73999E-1 1.56053E-1 1.54935E-1 2.95612E-1 2.71322E-1 2.97111E-1 2.54794E-1 2.8311E-1 2.94604E-1 3.09043E-1 3.46426E-1 3.72449E-1 3.49081E-1 3.1798E-1 2.60487E-1 1.67884E-1 1.93146E-1 3.67946E-1 3.17615E-1 3.27218E-1 2.88491E-1 3.13282E-1 3.454E-1 3.54134E-1 2.3014E-1 1.53044E-1 2.32329E-1 2.32011E-1 2.50923E-1 2.48463E-1 1.82777E-1
2.50981E-1 3.45366E-1 2.70311E-1 2.68359E-1 2.93082E-1 2.44419E-1 1.99406E-1 1.94643E-1 1.42738E-1 1.3544E-1 1.36266E-1 1.59645E-1 2.02501E-1 2.38988E-1 3.20602E-1 3.96769E-1 4.43141E-1 4.90821E-1 5.47814E-1 4.08935E-1 5.67448E-1 4.76282E-1 3.87809E-1 4.6516E-1 1.93421E-1 2.35767E-1 1.53866E-1 1.42739E-1 1.15611E-1 1.09301E-1 8.6133E-2 8.92619E-2 2.9655E-1 3.85547E-1 2.55814E-1 2.62636E-1 2.9165E-1 2.75196E-1 2.6712E-1 3.23377E-1 3.139E-1 3.33502E-1 2.71537E-1 1.69093E-1 4.5267E-2 1.28819E-1 3.50806E-1 2.02703E-1 2.66172E-1 2.17861E-1 2.64667E-1 2.63398E-1 2.14759E-1 2.09035E-1 2.88688E-1 2.0481E-1 2.68922E-1 2.5585E-1 2.47379E-1 1.46625E-1
3.89402E-1 3.15017E-1 2.79616E-1 3.10019E-1 2.90134E-1 2.22449E-1 2.02848E-1 2.01816E-1 1.68869E-1 1.69059E-1 1.63709E-1 1.89987E-1 2.2594E-1 2.65965E-1 2.82894E-1 3.50886E-1 4.38114E-1 5.31695E-1 5.47382E-1 5.60392E-1 4.03137E-1 3.0754E-1 2.15044E-1 2.45454E-1 2.49868E-1 1.6622E-1 1.23499E-1 9.5219E-2 8.0759E-2 8.48879E-2 6.97965E-2 1.44678E-1 1.55929E-1 1.56857E-1 4.14985E-1 2.12002E-1 2.04947E-1 1.78954E-1 2.24095E-1 2.93461E-1 3.2422E-1 3.85198E-1 2.33598E-1 1.23342E-1 7.20367E-2 1.11128E-1 1.60262E-1 3.01395E-1 2.48026E-1 2.8266E-1 2.65566E-1 2.03361E-1 1.6382E-1 2.29891E-1 1.97296E-1 1.9164E-1 2.56624E-1 2.47877E-1 2.57253E-1 1.69763E-1
