Phytophthora/models/20240506_1522_03/Phytophthora_PA3_RUN10_MAXENT_outputs/Phytophthora_PA3_RUN10.asc
ncols         225
nrows         269
xllcorner     473009.9838
yllcorner     4429051.1748
cellsize      50.0
NODATA_value  -9999
[rows 156 to 181 of 269, columns 60 to 119 of 225]
4.12548E-1 3.63962E-1 4.51477E-1 4.68094E-1 3.8935E-1 3.46088E-1 3.1533E-1 3.78439E-1 4.65009E-1 4.80297E-1 5.60269E-1 5.29779E-1 3.93407E-1 5.34332E-1 5.44893E-1 5.70156E-1 5.89666E-1 6.76096E-1 6.39781E-1 4.95545E-1 6.07568E-1 6.90005E-1 6.65182E-1 6.12192E-1 6.01817E-1 6.31473E-1 5.64576E-1 5.52632E-1 5.54167E-1 5.39438E-1 5.08985E-1 4.86798E-1 4.77706E-1 4.99224E-1 5.6069E-1 4.70625E-1 3.81817E-1 3.44785E-1 4.49547E-1 4.10521E-1 3.70165E-1 3.90211E-1 3.8289E-1 3.62324E-1 3.23026E-1 3.12071E-1 3.13639E-1 3.21314E-1 4.00586E-1 4.56068E-1 4.67835E-1 4.30723E-1 3.94322E-1 3.56582E-1 3.32399E-1 3.90416E-1 3.89428E-1 3.6471E-1 3.27007E-1 2.85652E-1
2.58225E-1 4.77247E-1 4.60193E-1 4.61738E-1 3.84333E-1 3.40226E-1 3.22524E-1 2.9899E-1 4.44177E-1 4.31649E-1 5.15419E-1 4.93984E-1 3.16859E-1 4.59181E-1 5.39279E-1 5.72238E-1 6.03265E-1 6.59522E-1 5.3361E-1 5.52108E-1 6.88394E-1 6.70563E-1 6.63077E-1 6.20533E-1 6.23594E-1 6.34007E-1 5.6589E-1 5.5242E-1 5.50314E-1 5.40869E-1 5.27444E-1 4.94011E-1 4.72743E-1 4.69105E-1 1.60554E-1 2.822E-1 3.18096E-1 2.57651E-1 3.92259E-1 4.54384E-1 5.04233E-1 4.91468E-1 4.54056E-1 4.21859E-1 3.78497E-1 3.5728E-1 3.19213E-1 2.75191E-1 2.54129E-1 2.4055E-1 4.00197E-1 4.53005E-1 4.18066E-1 3.85962E-1 3.9227E-1 4.16243E-1 3.66201E-1 3.1233E-1 3.13562E-1 3.28015E-1
4.65749E-1 5.08328E-1 4.98072E-1 4.72703E-1 3.6436E-1 3.27334E-1 1.70621E-1 3.6988E-1 3.44893E-1 3.96081E-1 4.8535E-1 4.65145E-1 4.33562E-1 4.19672E-1 5.34899E-1 5.60164E-1 5.49504E-1 5.0959E-1 5.14501E-1 6.82918E-1 6.74366E-1 5.45684E-1 6.083E-1 6.19035E-1 6.22571E-1 6.3035E-1 5.59593E-1 5.43485E-1 3.67222E-1 5.31656E-1 5.38083E-1 5.17023E-1 4.71493E-1 1.76811E-1 2.75695E-1 3.17699E-1 2.91572E-1 3.83935E-1 5.13266E-1 3.55977E-1 3.81232E-1 4.31518E-1 4.50585E-1 4.21946E-1 4.03237E-1 3.74299E-1 3.34976E-1 2.80245E-1 1.988E-1 2.19774E-1 2.66161E-1 3.87155E-1 4.7476E-1 4.68721E-1 3.63255E-1 3.21604E-1 3.03013E-1 3.11301E-1 3.49944E-1 3.47297E-1
5.17798E-1 4.90822E-1 4.88109E-1 4.49082E-1 3.30625E-1 3.85698E-1 3.2664E-1 4.56439E-1 3.91995E-1 4.14149E-1 4.67337E-1 4.27798E-1 4.04627E-1 4.84512E-1 5.16162E-1 4.07238E-1 5.31705E-1 4.41323E-1 5.66275E-1 6.92268E-1 6.8264E-1 6.52983E-1 6.56668E-1 6.01859E-1 6.15392E-1 5.59163E-1 5.57387E-1 3.98319E-1 5.27819E-1 5.10428E-1 5.16115E-1 5.11367E-1 4.56516E-1 2.45365E-1 3.93587E-1 4.01742E-1 3.51108E-1 2.99355E-1 1.80196E-1 2.23302E-1 2.03348E-1 3.29893E-1 3.81568E-1 4.18437E-1 3.8598E-1 3.50309E-1 3.09313E-1 2.68252E-1 2.28769E-1 1.37592E-1 2.23054E-1 2.98539E-1 4.42654E-1 2.75333E-1 2.50712E-1 2.57224E-1 2.5359E-1 2.56078E-1 3.64743E-1 3.93733E-1
4.5105E-1 4.30802E-1 4.44285E-1 4.48988E-1 3.86744E-1 2.9472E-1 4.53683E-1 4.66007E-1 4.38441E-1 3.49481E-1 3.56701E-1 3.70813E-1 3.90477E-1 3.66036E-1 5.35016E-1 2.74877E-1 4.91139E-1 4.81594E-1 5.96612E-1 6.44758E-1 6.42919E-1 6.513E-1 6.7447E-1 4.42518E-1 6.18183E-1 6.04613E-1 5.47003E-1 5.20639E-1 4.38546E-1 4.67457E-1 4.46076E-1 4.73191E-1 4.55244E-1 3.83441E-1 4.33061E-1 4.35174E-1 4.31743E-1 4.0472E-1 3.48515E-1 3.15121E-1 2.97273E-1 2.93427E-1 3.11648E-1 3.26147E-1 2.05289E-1 2.88512E-1 2.37343E-1 2.06929E-1 1.86599E-1 1.42164E-1 1.44212E-1 1.83708E-1 4.10676E-1 2.0519E-1 1.87211E-1 1.8578E-1 1.82034E-1 2.11959E-1 4.08603E-1 4.29949E-1
3.63107E-1 1.77995E-1 2.77665E-1 2.19629E-1 3.08427E-1 3.12241E-1 3.60927E-1 3.63638E-1 3.22658E-1 2.72682E-1 3.24023E-1 3.61706E-1 4.36359E-1 4.097E-1 5.66093E-1 3.52556E-1 5.1618E-1 5.30049E-1 5.41603E-1 5.82077E-1 5.88733E-1 5.98147E-1 6.05695E-1 3.53681E-1 6.3736E-1 5.5279E-1 4.61545E-1 4.05813E-1 5.18497E-1 4.9806E-1 4.49276E-1 4.32727E-1 4.61561E-1 4.34674E-1 4.13169E-1 3.92462E-1 3.94453E-1 3.9922E-1 3.44366E-1 3.18341E-1 2.85639E-1 2.4642E-1 1.71323E-1 2.50427E-1 2.41008E-1 2.35551E-1 2.02106E-1 1.78887E-1 1.60705E-1 1.30666E-1 1.17657E-1 1.96522E-1 2.39554E-1 1.34557E-1 1.08296E-1 1.91012E-1 2.3717E-1 3.00647E-1 3.87912E-1 4.64654E-1
1.67947E-1 3.92455E-1 3.85882E-1 2.75503E-1 2.5561E-1 2.30688E-1 1.8575E-1 2.28575E-1 2.78918E-1 3.86814E-1 3.9149E-1 3.93176E-1 4.95766E-1 5.30752E-1 5.57546E-1 3.83865E-1 4.92318E-1 5.02141E-1 4.95615E-1 5.34097E-1 5.383E-1 5.44318E-1 5.27119E-1 5.61003E-1 6.13562E-1 5.53776E-1 3.66441E-1 4.48078E-1 5.02645E-1 5.00435E-1 4.54976E-1 4.20045E-1 4.37047E-1 2.72139E-1 3.247E-1 3.42347E-1 3.69862E-1 4.11353E-1 4.08229E-1 3.62375E-1 1.80483E-1 2.88178E-1 2.7041E-1 2.74632E-1 2.68223E-1 2.73752E-1 2.62695E-1 2.43889E-1 2.01497E-1 1.51653E-1 1.05641E-1 1.83632E-1 1.90029E-1 1.17125E-1 1.60869E-1 2.63337E-1 2.92606E-1 3.95333E-1 4.93707E-1 4.64773E-1
3.70357E-1 3.96095E-1 3.08325E-1 2.60921E-1 2.92735E-1 2.7951E-1 2.75888E-1 2.92001E-1 4.4082E-1 2.62458E-1 4.04754E-1 3.98546E-1 4.27475E-1 5.15905E-1 5.3327E-1 1.39622E-1 4.57644E-1 4.50162E-1 5.13977E-1 5.26053E-1 4.98744E-1 5.16116E-1 4.05832E-1 6.04193E-1 5.919E-1 5.37764E-1 5.11689E-1 4.20735E-1 4.94954E-1 5.05564E-1 4.54384E-1 4.07659E-1 3.98111E-1 3.25888E-1 3.49343E-1 3.93794E-1 4.39368E-1 4.60387E-1 4.50484E-1 4.15216E-1 3.68598E-1 3.13679E-1 2.72239E-1 2.54348E-1 2.43039E-1 2.51806E-1 2.52593E-1 2.38344E-1 1.97146E-1 1.45081E-1 1.07756E-1 1.11543E-1 2.21671E-1 2.34689E-1 3.04844E-1 3.0354E-1 4.05855E-1 5.2001E-1 4.95247E-1 3.45685E-1
3.27716E-1 3.52744E-1 4.22777E-1 4.47349E-1 3.57685E-1 3.50086E-1 3.53951E-1 3.49906E-1 3.9376E-1 4.13769E-1 4.63018E-1 4.53504E-1 4.06806E-1 4.08074E-1 4.35316E-1 3.22406E-1 3.83178E-1 4.95728E-1 5.98504E-1 6.04744E-1 5.55286E-1 5.33545E-1 6.16995E-1 6.19348E-1 5.76325E-1 5.24661E-1 5.00984E-1 3.61871E-1 4.91775E-1 5.10136E-1 4.84802E-1 4.76953E-1 3.43806E-1 3.66171E-1 3.45189E-1 4.04366E-1 4.64206E-1 4.70802E-1 3.88625E-1 4.30434E-1 3.80585E-1 3.59145E-1 2.94332E-1 2.6279E-1 2.49085E-1 2.47378E-1 2.41682E-1 2.22804E-1 1.87987E-1 1.54903E-1 1.5105E-1 2.42909E-1 2.70555E-1 2.79298E-1 3.39438E-1 4.00145E-1 5.37269E-1 3.62513E-1 4.40167E-1 4.29948E-1
3.22463E-1 3.63562E-1 4.11583E-1 4.35931E-1 4.1819E-1 3.96299E-1 3.86375E-1 3.67138E-1 4.06868E-1 4.37158E-1 5.08977E-1 5.28749E-1 5.29903E-1 5.33719E-1 5.68397E-1 4.58421E-1 3.61958E-1 6.47563E-1 6.96617E-1 6.78885E-1 6.19825E-1 4.29942E-1 4.83667E-1 3.71912E-1 5.85417E-1 4.63258E-1 4.94985E-1 4.7828E-1 4.93376E-1 5.06812E-1 5.24271E-1 4.89932E-1 4.72445E-1 3.63588E-1 3.59929E-1 3.96456E-1 4.18032E-1 4.18179E-1 3.79781E-1 3.50538E-1 3.42228E-1 3.49745E-1 3.05378E-1 2.53599E-1 2.3201E-1 2.3732E-1 2.30304E-1 2.06915E-1 1.89767E-1 1.84238E-1 2.0473E-1 2.40689E-1 2.89894E-1 3.5176E-1 4.71578E-1 5.47115E-1 4.51422E-1 4.22057E-1 3.32276E-1 3.75568E-1
3.65975E-1 4.08503E-1 4.35274E-1 4.29788E-1 4.64139E-1 4.75352E-1 4.65072E-1 4.39992E-1 4.25012E-1 4.63143E-1 4.10485E-1 5.44999E-1 5.59956E-1 5.76126E-1 6.08785E-1 6.803E-1 6.76925E-1 7.21772E-1 7.47594E-1 7.4031E-1 6.45777E-1 4.76659E-1 4.73613E-1 5.38453E-1 6.05992E-1 5.01879E-1 4.87163E-1 4.96394E-1 4.32104E-1 5.22941E-1 4.16214E-1 4.49158E-1 3.91478E-1 3.53734E-1 3.60296E-1 3.52891E-1 3.38987E-1 2.27185E-1 3.27335E-1 3.54874E-1 3.62369E-1 3.57974E-1 3.29167E-1 2.75742E-1 2.41022E-1 2.21693E-1 1.99574E-1 1.85269E-1 2.08957E-1 1.99596E-1 2.36094E-1 3.24246E-1 3.86201E-1 4.56208E-1 5.852E-1 3.57724E-1 4.86258E-1 2.97769E-1 2.46756E-1 2.12208E-1
4.36286E-1 4.93171E-1 5.09969E-1 4.8239E-1 4.91224E-1 5.02275E-1 4.96119E-1 4.41476E-1 4.26078E-1 4.95344E-1 5.39541E-1 5.63388E-1 5.7793E-1 5.12548E-1 6.07836E-1 6.93577E-1 7.6329E-1 5.46482E-1 6.96562E-1 7.26814E-1 6.79167E-1 5.38555E-1 4.77572E-1 4.92602E-1 5.93996E-1 4.55763E-1 4.88387E-1 5.32515E-1 5.25272E-1 4.58292E-1 4.74898E-1 2.51983E-1 3.41826E-1 3.21837E-1 3.22788E-1 3.07496E-1 1.7475E-1 2.72956E-1 3.06758E-1 3.42505E-1 3.82405E-1 3.58042E-1 3.39288E-1 2.7585E-1 2.29727E-1 2.0374E-1 2.13333E-1 2.14465E-1 2.06647E-1 2.48941E-1 2.97641E-1 4.08096E-1 4.66625E-1 5.34044E-1 2.83215E-1 5.09364E-1 3.02837E-1 3.38473E-1 2.56238E-1 2.6614E-1
5.26146E-1 5.85544E-1 5.39109E-1 5.0264E-1 5.37604E-1 3.63778E-1 3.79354E-1 3.21861E-1 4.54759E-1 5.43234E-1 5.6881E-1 5.8499E-1 6.00209E-1 5.39246E-1 4.92411E-1 4.944E-1 6.20508E-1 7.30545E-1 5.9568E-1 6.9754E-1 5.70562E-1 5.56079E-1 5.24849E-1 4.04563E-1 5.27209E-1 4.26144E-1 4.59647E-1 5.21549E-1 4.92288E-1 4.27598E-1 4.47144E-1 3.80857E-1 3.03951E-1 1.87454E-1 3.26339E-1 3.29933E-1 2.15271E-1 3.09621E-1 3.44947E-1 4.49089E-1 4.57325E-1 4.16133E-1 3.72385E-1 2.95238E-1 2.67092E-1 2.33712E-1 2.09673E-1 2.00007E-1 2.6151E-1 3.44013E-1 3.89724E-1 4.47053E-1 5.05328E-1 3.7531E-1 5.74663E-1 4.68687E-1 3.42807E-1 3.78158E-1 3.04987E-1 4.30709E-1
5.65476E-1 5.82346E-1 5.36862E-1 5.1785E-1 4.78734E-1 5.89666E-1 5.41175E-1 4.90503E-1 4.94408E-1 5.57427E-1 5.96288E-1 6.08026E-1 6.01162E-1 4.05857E-1 5.29863E-1 5.85694E-1 5.88853E-1 5.85749E-1 5.77401E-1 4.7879E-1 5.12122E-1 3.93812E-1 3.64975E-1 4.60228E-1 5.92986E-1 4.40008E-1 5.34218E-1 5.58861E-1 2.37501E-1 4.16163E-1 3.66886E-1 3.59108E-1 4.06924E-1 4.0193E-1 2.70201E-1 2.6184E-1 4.05682E-1 4.22746E-1 4.62169E-1 4.8848E-1 5.44866E-1 4.92372E-1 4.38557E-1 3.72686E-1 3.38266E-1 2.71019E-1 2.34445E-1 2.04802E-1 2.6348E-1 3.6486E-1 4.39061E-1 4.9715E-1 5.65622E-1 4.07187E-1 6.10812E-1 5.30325E-1 4.6755E-1 4.29142E-1 3.69187E-1 3.78429E-1
6.10965E-1 6.13702E-1 6.26931E-1 5.03206E-1 4.51605E-1 6.02651E-1 5.68444E-1 5.62522E-1 5.76975E-1 6.22654E-1 6.32605E-1 5.62991E-1 4.82838E-1 5.27355E-1 5.9247E-1 6.40631E-1 5.67649E-1 3.93333E-1 4.03793E-1 5.09593E-1 3.60509E-1 6.21047E-1 6.58722E-1 5.1221E-1 6.02997E-1 3.38214E-1 4.17887E-1 4.39056E-1 4.14717E-1 3.26724E-1 2.9323E-1 3.63864E-1 4.58219E-1 4.69501E-1 4.68891E-1 4.62396E-1 4.56375E-1 4.51956E-1 4.54063E-1 4.81897E-1 5.66792E-1 5.24777E-1 4.64292E-1 4.10836E-1 3.68303E-1 2.77709E-1 2.32448E-1 1.99091E-1 2.07414E-1 3.17998E-1 4.2082E-1 5.13883E-1 5.41595E-1 5.0569E-1 5.77629E-1 5.59239E-1 5.13891E-1 4.61199E-1 4.60547E-1 4.25983E-1
3.30747E-1 4.43871E-1 5.66425E-1 3.47797E-1 6.2066E-1 5.83554E-1 6.04809E-1 5.88648E-1 5.9954E-1 6.28943E-1 6.20654E-1 5.20144E-1 5.21814E-1 3.49922E-1 5.20905E-1 5.00921E-1 5.75712E-1 2.49546E-1 3.93348E-1 4.92208E-1 5.84865E-1 6.28941E-1 6.76608E-1 5.10148E-1 4.74688E-1 4.44513E-1 4.60691E-1 3.90608E-1 4.43538E-1 4.17354E-1 4.32188E-1 4.9666E-1 4.81878E-1 4.87317E-1 4.68489E-1 4.4795E-1 4.48451E-1 4.41841E-1 4.82098E-1 5.50629E-1 6.07136E-1 5.1271E-1 4.80861E-1 4.18353E-1 3.89134E-1 2.84002E-1 1.86917E-1 2.56558E-1 2.0944E-1 2.75658E-1 4.02256E-1 4.80657E-1 5.62224E-1 4.52065E-1 5.84136E-1 5.7438E-1 4.9517E-1 5.58078E-1 5.40212E-1 4.14024E-1
3.06907E-1 3.35056E-1 3.61564E-1 5.1079E-1 5.90596E-1 6.12324E-1 6.23837E-1 5.82773E-1 6.07505E-1 6.21753E-1 6.19036E-1 5.39583E-1 4.96223E-1 3.05965E-1 4.36647E-1 3.76172E-1 4.60115E-1 3.0405E-1 3.80982E-1 4.72667E-1 5.82969E-1 5.9697E-1 6.35012E-1 6.34939E-1 2.61893E-1 4.52439E-1 2.17684E-1 3.82234E-1 4.48313E-1 4.17039E-1 4.32655E-1 4.25639E-1 4.33742E-1 4.39634E-1 4.15567E-1 4.67326E-1 4.44486E-1 4.14623E-1 5.51593E-1 5.96866E-1 5.84111E-1 5.01552E-1 4.8565E-1 4.26905E-1 3.82766E-1 2.65944E-1 2.00298E-1 1.55421E-1 2.70072E-1 2.55533E-1 3.5578E-1 4.62477E-1 5.29391E-1 4.55851E-1 6.14267E-1 6.01556E-1 4.00773E-1 5.42667E-1 4.98568E-1 3.59895E-1
2.12337E-1 2.36367E-1 4.85769E-1 5.21627E-1 5.59416E-1 5.9608E-1 5.99487E-1 5.97591E-1 5.97917E-1 6.10681E-1 5.8353E-1 5.85203E-1 5.51747E-1 3.43682E-1 4.15558E-1 5.89975E-1 5.73091E-1 4.52948E-1 4.72011E-1 5.38638E-1 5.83424E-1 6.66099E-1 6.66144E-1 5.60782E-1 5.7619E-1 5.06018E-1 4.57821E-1 4.1937E-1 4.175E-1 3.95912E-1 3.94474E-1 3.7584E-1 3.56684E-1 3.42001E-1 4.00998E-1 4.27916E-1 3.78085E-1 3.57712E-1 5.62797E-1 5.74537E-1 5.52812E-1 4.79141E-1 4.55748E-1 3.66153E-1 3.31605E-1 2.81952E-1 2.17214E-1 2.19821E-1 3.21254E-1 2.98073E-1 3.70891E-1 4.57672E-1 4.9886E-1 3.56499E-1 5.21383E-1 3.7428E-1 5.25231E-1 4.87447E-1 4.12323E-1 3.70048E-1
2.47379E-1 4.28085E-1 4.72641E-1 5.2588E-1 6.00495E-1 6.42251E-1 6.27441E-1 5.87394E-1 5.5911E-1 5.45568E-1 5.87176E-1 6.25841E-1 6.1998E-1 5.08756E-1 6.12208E-1 6.27357E-1 5.47069E-1 4.87681E-1 5.37853E-1 5.83529E-1 6.53701E-1 6.74648E-1 6.92452E-1 3.20571E-1 6.40508E-1 5.54365E-1 5.08845E-1 3.50758E-1 4.46375E-1 4.12277E-1 3.94007E-1 3.50821E-1 3.29013E-1 2.94645E-1 2.67224E-1 2.54865E-1 2.12183E-1 2.62857E-1 4.35178E-1 4.7528E-1 4.59198E-1 4.25209E-1 3.7976E-1 3.02289E-1 2.95463E-1 2.65516E-1 2.43883E-1 2.48181E-1 2.95936E-1 3.41583E-1 4.01531E-1 4.75854E-1 5.27591E-1 2.0392E-1 4.3315E-1 3.83424E-1 3.89178E-1 3.87582E-1 4.21999E-1 3.57561E-1
3.39597E-1 4.81958E-1 4.94991E-1 5.20898E-1 6.36179E-1 6.76302E-1 6.34887E-1 6.17916E-1 5.52003E-1 5.26797E-1 5.78181E-1 5.99951E-1 5.8327E-1 5.19494E-1 6.22665E-1 6.41677E-1 6.00117E-1 5.67995E-1 5.91765E-1 6.5303E-1 6.57098E-1 5.41057E-1 6.08567E-1 4.36409E-1 7.11686E-1 6.00605E-1 5.76102E-1 5.41442E-1 4.65316E-1 5.05086E-1 4.86696E-1 3.6329E-1 4.05853E-1 3.7721E-1 2.99265E-1 3.03239E-1 4.58004E-1 4.87606E-1 4.86759E-1 4.9847E-1 4.79853E-1 4.18699E-1 3.63543E-1 3.10836E-1 3.14986E-1 2.69005E-1 2.57522E-1 2.74918E-1 3.39135E-1 4.43727E-1 5.19082E-1 5.67591E-1 5.77861E-1 2.58026E-1 3.39349E-1 3.03904E-1 2.22547E-1 4.11832E-1 4.48945E-1 3.59286E-1
4.16177E-1 4.34041E-1 2.99217E-1 5.15698E-1 5.78773E-1 6.72611E-1 6.44652E-1 6.58244E-1 5.42187E-1 4.98451E-1 5.39774E-1 5.15649E-1 4.62729E-1 5.19044E-1 5.44887E-1 5.47695E-1 6.26248E-1 6.37829E-1 6.68021E-1 6.65287E-1 5.45422E-1 6.34266E-1 4.05296E-1 3.9472E-1 6.30336E-1 5.29322E-1 5.36152E-1 5.15428E-1 5.18371E-1 5.06671E-1 4.86061E-1 4.20865E-1 3.56368E-1 3.21445E-1 2.71128E-1 4.54665E-1 5.50298E-1 5.50235E-1 5.8833E-1 5.84213E-1 5.41084E-1 4.738E-1 4.27322E-1 3.52653E-1 3.1346E-1 2.71371E-1 2.62355E-1 3.04178E-1 3.79214E-1 4.66801E-1 5.40279E-1 5.99834E-1 5.8151E-1 4.07271E-1 4.11716E-1 4.11441E-1 4.10687E-1 4.50808E-1 4.84912E-1 3.77438E-1
4.24791E-1 4.58746E-1 5.07866E-1 5.45181E-1 5.66945E-1 6.60916E-1 6.46683E-1 6.12946E-1 4.67192E-1 4.66433E-1 4.66275E-1 4.3831E-1 3.3596E-1 5.14658E-1 5.66967E-1 6.22771E-1 5.60068E-1 6.24587E-1 6.77492E-1 5.84731E-1 6.3727E-1 6.14417E-1 5.27614E-1 5.05921E-1 4.26427E-1 4.0206E-1 4.28601E-1 4.19983E-1 5.2654E-1 5.61068E-1 4.99783E-1 4.35989E-1 3.95222E-1 3.54902E-1 4.2508E-1 5.74065E-1 6.43633E-1 4.64661E-1 7.21485E-1 6.53421E-1 6.1872E-1 5.3526E-1 4.70568E-1 3.56086E-1 2.4616E-1 2.42106E-1 2.4499E-1 3.70666E-1 4.49173E-1 5.14113E-1 5.66272E-1 6.15103E-1 5.79407E-1 5.65053E-1 4.78351E-1 4.16532E-1 4.27968E-1 4.18985E-1 4.74256E-1 4.38745E-1
4.19221E-1 4.61022E-1 5.02227E-1 5.89059E-1 4.95364E-1 6.65673E-1 6.82127E-1 5.09516E-1 4.61345E-1 5.34662E-1 5.23267E-1 3.97781E-1 4.77988E-1 5.17059E-1 6.07447E-1 6.37822E-1 6.03758E-1 6.57894E-1 6.09226E-1 6.33073E-1 5.90101E-1 5.61174E-1 3.59408E-1 4.62128E-1 3.68565E-1 3.46797E-1 3.61656E-1 3.98147E-1 4.59532E-1 5.8681E-1 5.22056E-1 4.82486E-1 4.58935E-1 4.81798E-1 5.61504E-1 6.37053E-1 5.79234E-1 5.82697E-1 7.25251E-1 6.90375E-1 6.55199E-1 5.79682E-1 5.13922E-1 3.57638E-1 2.62026E-1 2.83033E-1 2.62699E-1 3.61761E-1 4.68707E-1 5.47146E-1 5.95026E-1 6.13347E-1 4.79309E-1 5.10533E-1 4.48525E-1 3.6608E-1 4.06727E-1 2.94966E-1 4.52156E-1 4.4299E-1
3.91322E-1 4.17588E-1 5.04462E-1 5.95146E-1 6.6297E-1 6.02951E-1 5.06675E-1 3.56525E-1 4.94015E-1 5.94641E-1 5.78786E-1 5.68913E-1 5.37534E-1 5.29836E-1 4.85411E-1 5.21095E-1 5.73424E-1 6.13061E-1 6.16822E-1 5.76931E-1 5.39486E-1 4.49117E-1 2.41694E-1 3.13748E-1 2.86189E-1 3.56532E-1 3.78994E-1 3.97277E-1 5.55389E-1 6.14452E-1 5.78752E-1 5.53548E-1 5.04038E-1 5.16042E-1 4.85132E-1 5.62368E-1 6.10851E-1 7.21132E-1 7.4285E-1 5.88532E-1 6.44826E-1 5.9067E-1 5.37926E-1 3.85204E-1 2.94102E-1 2.39684E-1 3.05261E-1 4.27974E-1 5.02545E-1 5.78269E-1 6.22417E-1 6.30794E-1 3.43463E-1 4.48842E-1 3.89855E-1 3.47219E-1 3.96444E-1 3.47134E-1 3.03537E-1 4.38195E-1
3.45413E-1 3.95631E-1 5.07353E-1 6.29312E-1 6.44944E-1 5.57647E-1 4.19441E-1 4.52179E-1 5.76598E-1 6.29156E-1 6.07346E-1 6.00839E-1 5.71525E-1 5.1404E-1 4.57451E-1 4.84899E-1 5.318E-1 5.37652E-1 5.20985E-1 4.53737E-1 3.73078E-1 3.04962E-1 2.44769E-1 2.27276E-1 2.76375E-1 3.46212E-1 3.70192E-1 3.7268E-1 5.32868E-1 6.04289E-1 4.95274E-1 5.13768E-1 5.13879E-1 5.26656E-1 4.61199E-1 5.10339E-1 6.18734E-1 7.193E-1 7.13825E-1 5.7154E-1 6.37644E-1 6.10582E-1 5.4301E-1 3.77742E-1 2.92763E-1 2.80347E-1 3.4236E-1 4.26625E-1 5.15254E-1 5.98137E-1 6.2144E-1 6.36386E-1 2.72699E-1 4.98102E-1 4.43859E-1 4.11228E-1 4.09003E-1 2.62856E-1 3.70767E-1 3.62494E-1
3.58672E-1 3.74816E-1 4.12691E-1 5.21914E-1 5.5406E-1 4.662E-1 4.6477E-1 4.87301E-1 6.09412E-1 4.90461E-1 6.23746E-1 6.13272E-1 5.68435E-1 5.13283E-1 4.36198E-1 4.3024E-1 4.65508E-1 4.84486E-1 3.93686E-1 2.96276E-1 2.0799E-1 1.60728E-1 1.44707E-1 1.06426E-1 2.3666E-1 2.67847E-1 3.02232E-1 3.36534E-1 5.14646E-1 5.9293E-1 3.88959E-1 4.10369E-1 4.01663E-1 4.81929E-1 4.55358E-1 5.43618E-1 6.25414E-1 7.11732E-1 6.84246E-1 6.50815E-1 6.33387E-1 6.02955E-1 5.23621E-1 3.66289E-1 3.02556E-1 3.46294E-1 3.94983E-1 4.60136E-1 5.33982E-1 6.02052E-1 6.20253E-1 5.29553E-1 4.3693E-1 5.91138E-1 4.59493E-1 4.40368E-1 4.16847E-1 2.51694E-1 3.22051E-1 3.33358E-1
