Phytophthora/models/20240506_1522_03/Phytophthora_PA3_RUN10_MAXENT_outputs/Phytophthora_PA3_RUN10.asc
ncols         225
nrows         269
xllcorner     473009.9838
yllcorner     4429051.1748
cellsize      50.0
NODATA_value  -9999
[rows 104 to 129 of 269, columns 0 to 59 of 225]
-9999 -9999 -9999 -9999 -9999 -9999 -9999 -9999 -9999 -9999 -9999 5.15617E-3 1.45412E-2 1.34902E-2 1.48461E-2 2.11491E-2 3.45343E-2 3.87389E-2 4.40094E-2 4.8199E-2 4.65754E-2 4.52103E-2 4.74042E-2 5.18244E-2 4.17409E-2 4.7303E-2 5.43266E-2 4.69997E-2 4.63375E-2 4.7195E-2 2.68703E-2 4.9874E-2 5.09616E-2 4.50499E-2 3.65738E-2 3.22732E-2 3.96807E-2 4.12704E-2 3.23972E-2 3.67497E-2 3.85104E-2 3.26975E-2 2.8134E-2 3.09109E-2 3.36937E-2 2.19076E-2 7.74781E-3 2.89703E-2 3.98644E-2 3.06377E-2 2.33185E-2 1.91211E-2 1.9616E-2 2.08404E-2 5.14779E-2 6.18361E-2 5.67026E-2 5.81496E-2 6.75477E-2 7.72926E-2
-9999 -9999 -9999 -9999 -9999 -9999 -9999 -9999 -9999 -9999 -9999 5.43076E-3 2.03296E-2 1.9344E-2 2.32639E-2 3.38638E-2 3.86262E-2 4.15058E-2 3.83744E-2 3.44545E-2 4.00141E-2 5.09719E-2 5.43472E-2 5.26251E-2 3.59514E-2 5.55475E-2 4.50702E-2 4.64103E-2 4.83807E-2 4.9506E-2 5.36316E-2 5.4662E-2 5.0776E-2 3.63058E-2 3.21023E-2 3.10239E-2 4.70578E-2 4.60878E-2 3.34379E-2 3.3814E-2 3.44749E-2 3.0504E-2 2.63347E-2 3.31646E-2 2.62824E-2 2.36494E-2 2.16572E-2 2.67755E-2 2.1036E-2 3.76614E-2 2.74285E-2 2.41107E-2 2.07871E-2 3.70008E-2 4.19099E-2 5.03678E-2 4.34245E-2 5.75618E-2 6.60525E-2 6.70734E-2
-9999 -9999 -9999 -9999 -9999 -9999 -9999 -9999 -9999 -9999 4.72256E-3 6.79815E-3 2.52662E-2 2.61901E-2 3.36832E-2 3.46036E-2 3.62943E-2 3.105E-2 2.82811E-2 3.03066E-2 4.26363E-2 5.62896E-2 6.58725E-2 1.38754E-2 5.19227E-2 4.4148E-2 2.3722E-2 4.50475E-2 4.70967E-2 5.01125E-2 5.35222E-2 4.85661E-2 3.97262E-2 3.22734E-2 3.51423E-2 3.87521E-2 5.11734E-2 4.37845E-2 3.01157E-2 3.35425E-2 3.33405E-2 3.21644E-2 2.93602E-2 3.34355E-2 3.34809E-2 2.96049E-2 2.11221E-2 2.56106E-2 1.14541E-2 3.5521E-2 3.51613E-2 3.17016E-2 2.94901E-2 5.09241E-2 5.23376E-2 3.31465E-2 3.76019E-2 7.04455E-2 8.54227E-2 1.02816E-1
-9999 -9999 -9999 -9999 -9999 -9999 -9999 -9999 -9999 -9999 8.18006E-3 8.54994E-3 2.83181E-2 3.28506E-2 3.50677E-2 3.48864E-2 2.81822E-2 2.21713E-2 2.24758E-2 2.97544E-2 4.48961E-2 5.24206E-2 3.06687E-2 3.33114E-2 4.47864E-2 4.37282E-2 4.32948E-2 4.35635E-2 4.88967E-2 4.67514E-2 4.09868E-2 3.67852E-2 3.36857E-2 3.43931E-2 3.90151E-2 4.45336E-2 5.24586E-2 4.68975E-2 2.23227E-2 3.40173E-2 3.19943E-2 3.09137E-2 3.32982E-2 4.03251E-2 4.73621E-2 4.20675E-2 3.69403E-2 2.84528E-2 2.66517E-2 4.75522E-2 4.22862E-2 4.2828E-2 4.86347E-2 5.44619E-2 6.67227E-2 3.65604E-2 4.41318E-2 9.06456E-2 1.13017E-1 1.16489E-1
-9999 -9999 -9999 -9999 -9999 -9999 -9999 -9999 -9999 -9999 8.86716E-3 1.25532E-2 4.32763E-2 5.05678E-2 5.22142E-2 3.98792E-2 3.06113E-2 2.49782E-2 3.29253E-2 4.38234E-2 5.97534E-2 4.11617E-2 1.45693E-2 5.71698E-2 4.71766E-2 4.69935E-2 4.92101E-2 4.93522E-2 5.16328E-2 4.51822E-2 3.91837E-2 4.60158E-2 5.36472E-2 5.70785E-2 6.15692E-2 6.69442E-2 6.7217E-2 6.35723E-2 2.95554E-2 2.65898E-2 3.82836E-2 2.7898E-2 3.32137E-2 4.46493E-2 5.71017E-2 6.65912E-2 6.22733E-2 4.71484E-2 1.85883E-2 5.34829E-2 5.19882E-2 5.34248E-2 7.42188E-2 6.42728E-2 6.07423E-2 3.78913E-2 5.11239E-2 1.01362E-1 1.10325E-1 7.56845E-2
-9999 -9999 -9999 -9999 -9999 -9999 -9999 -9999 -9999 1.47183E-2 1.37434E-2 2.20252E-2 7.62601E-2 7.63791E-2 7.07283E-2 5.05037E-2 3.59116E-2 3.82685E-2 4.88613E-2 5.87794E-2 6.72766E-2 1.80228E-2 5.40163E-2 6.21839E-2 6.01631E-2 5.98324E-2 5.50472E-2 4.81882E-2 4.86383E-2 4.45924E-2 5.50945E-2 7.08807E-2 8.8243E-2 8.73046E-2 9.04335E-2 9.12601E-2 8.73777E-2 8.332E-2 7.43182E-2 6.71808E-2 3.02755E-2 3.37933E-2 1.62921E-2 2.83863E-2 5.5223E-2 6.91239E-2 7.46817E-2 6.57135E-2 4.44396E-2 6.14822E-2 5.22721E-2 6.05793E-2 7.44939E-2 7.57667E-2 6.69191E-2 5.91377E-2 7.35373E-2 8.63091E-2 7.15582E-2 5.5787E-2
-9999 -9999 -9999 -9999 -9999 -9999 -9999 2.58431E-2 1.46733E-2 1.91019E-2 2.33949E-2 4.42567E-2 6.99155E-2 1.03047E-1 9.04071E-2 6.37663E-2 5.41532E-2 6.16278E-2 7.29864E-2 9.25849E-2 3.04395E-2 3.50181E-2 7.4912E-2 6.68334E-2 6.2286E-2 5.69141E-2 5.28932E-2 5.32637E-2 6.50526E-2 6.95895E-2 8.17162E-2 1.06848E-1 1.14726E-1 1.13972E-1 1.20226E-1 8.80746E-2 1.13992E-1 1.08188E-1 9.62468E-2 8.55471E-2 5.19225E-2 3.04384E-2 4.25688E-2 5.39406E-2 3.10519E-2 6.36242E-2 8.40587E-2 7.53919E-2 6.45588E-2 7.17433E-2 6.80084E-2 5.66959E-2 7.77552E-2 8.155E-2 8.07067E-2 7.89409E-2 6.79563E-2 6.40836E-2 5.49725E-2 4.87811E-2
-9999 -9999 -9999 -9999 -9999 -9999 -9999 2.62744E-2 2.20823E-2 3.02636E-2 4.72907E-2 6.75534E-2 1.4697E-1 1.29412E-1 1.06394E-1 6.69962E-2 7.43176E-2 9.6228E-2 9.8444E-2 5.831E-2 2.98756E-2 7.65785E-2 8.01363E-2 7.43949E-2 7.45184E-2 7.26139E-2 7.26687E-2 7.66486E-2 9.87996E-2 1.0501E-1 1.12169E-1 1.43073E-1 1.50347E-1 1.01999E-1 1.65179E-1 1.65925E-1 1.51009E-1 1.3604E-1 1.11663E-1 1.1058E-1 9.57371E-2 5.62725E-2 6.21029E-2 6.9967E-2 7.50582E-2 7.21068E-2 8.37842E-2 7.95517E-2 6.06674E-2 5.88365E-2 8.20868E-2 7.35225E-2 8.18101E-2 8.07263E-2 9.06909E-2 7.1694E-2 5.74446E-2 4.96318E-2 5.38808E-2 6.02746E-2
-9999 -9999 -9999 -9999 -9999 -9999 -9999 1.31197E-1 1.24745E-1 1.23179E-1 1.41477E-1 1.77269E-1 1.98281E-1 1.62652E-1 1.2045E-1 8.42307E-2 1.00195E-1 1.24363E-1 1.01777E-1 1.95285E-2 7.94626E-2 8.4889E-2 8.82676E-2 9.0072E-2 9.50813E-2 9.42512E-2 9.79665E-2 1.00758E-1 1.25762E-1 1.34385E-1 1.59772E-1 1.7616E-1 1.93899E-1 1.9194E-1 2.18417E-1 2.10392E-1 1.97558E-1 1.78869E-1 1.52741E-1 1.41233E-1 1.25479E-1 1.01625E-1 8.82768E-2 8.33763E-2 8.8515E-2 8.32686E-2 8.35419E-2 8.88902E-2 8.25467E-2 5.79945E-2 8.89352E-2 8.28479E-2 8.40483E-2 8.06457E-2 8.22688E-2 7.30641E-2 4.99453E-2 4.76308E-2 5.32034E-2 5.65458E-2
-9999 -9999 -9999 -9999 -9999 -9999 -9999 1.33888E-1 1.34022E-1 1.29393E-1 8.3304E-2 1.80622E-1 1.91515E-1 1.44826E-1 1.08122E-1 8.94171E-2 1.01037E-1 1.411E-1 3.54445E-2 7.00942E-2 9.03961E-2 8.61729E-2 9.60273E-2 9.67657E-2 9.46155E-2 9.97828E-2 1.16787E-1 7.28966E-2 8.41405E-2 1.32245E-1 1.56693E-1 1.68469E-1 1.20109E-1 1.90103E-1 1.9819E-1 2.0846E-1 1.9411E-1 1.74455E-1 1.38531E-1 1.39119E-1 1.32457E-1 1.09513E-1 9.48354E-2 9.48913E-2 9.75545E-2 7.14592E-2 8.60926E-2 8.56513E-2 9.57932E-2 3.58118E-2 1.04238E-1 1.07792E-1 9.44045E-2 9.81698E-2 1.06035E-1 9.42908E-2 6.85782E-2 6.50892E-2 6.74688E-2 7.23794E-2
-9999 -9999 -9999 -9999 -9999 -9999 8.8463E-2 1.10549E-1 1.19015E-1 1.27887E-1 1.57364E-1 1.87719E-1 1.77771E-1 1.1521E-1 1.07494E-1 1.21111E-1 1.29315E-1 3.83635E-2 5.22883E-2 8.20221E-2 8.38884E-2 9.2402E-2 1.04496E-1 5.72088E-2 1.22546E-1 1.27912E-1 1.33516E-1 1.26049E-1 1.39691E-1 1.41446E-1 1.55305E-1 1.63712E-1 1.78412E-1 1.97256E-1 1.95949E-1 2.08731E-1 1.91252E-1 1.66002E-1 9.74987E-2 8.85321E-2 9.28743E-2 1.16551E-1 1.00578E-1 1.06836E-1 1.13629E-1 9.98964E-2 9.54686E-2 9.52225E-2 1.04787E-1 7.66425E-2 1.25921E-1 1.16717E-1 7.91314E-2 1.28579E-1 1.54187E-1 1.20909E-1 9.1989E-2 9.34442E-2 1.11976E-1 1.21355E-1
-9999 -9999 -9999 -9999 -9999 -9999 8.12376E-2 8.25877E-2 9.99235E-2 7.05236E-2 1.5644E-1 1.85473E-1 1.58825E-1 9.6552E-2 9.60063E-2 1.21319E-1 9.21127E-2 8.92672E-2 7.88112E-2 8.09695E-2 8.995E-2 1.00396E-1 1.06296E-1 1.22289E-1 1.29339E-1 1.52193E-1 1.49457E-1 1.3858E-1 1.52028E-1 1.53291E-1 1.59866E-1 1.63296E-1 1.7556E-1 1.88204E-1 1.77933E-1 1.98602E-1 1.75515E-1 1.44784E-1 1.07093E-1 1.38383E-1 1.50607E-1 1.30429E-1 1.1428E-1 1.2289E-1 1.30659E-1 1.14801E-1 1.12154E-1 1.22352E-1 1.08363E-1 9.2398E-2 1.36624E-1 1.25728E-1 1.37908E-1 1.55786E-1 1.70207E-1 1.46695E-1 1.21379E-1 1.15831E-1 1.20408E-1 1.37966E-1
-9999 -9999 -9999 -9999 -9999 -9999 7.84878E-2 9.83569E-2 1.02086E-1 1.36183E-1 1.83894E-1 1.72466E-1 1.29573E-1 1.15541E-1 1.03755E-1 8.88611E-2 1.02288E-1 6.94045E-2 7.16766E-2 6.09768E-2 6.94195E-2 9.16052E-2 1.24416E-1 1.26045E-1 1.39732E-1 1.42558E-1 1.378E-1 1.36648E-1 1.47354E-1 1.44441E-1 1.50515E-1 1.52404E-1 1.71179E-1 1.52799E-1 1.4572E-1 1.63709E-1 1.36411E-1 1.07324E-1 1.07901E-1 1.40505E-1 1.57488E-1 1.43423E-1 1.31781E-1 1.46599E-1 1.48642E-1 1.2878E-1 9.20366E-2 1.50188E-1 3.33975E-2 9.49245E-2 1.4579E-1 1.4297E-1 1.73186E-1 1.83278E-1 1.87956E-1 1.72472E-1 1.38806E-1 1.06323E-1 1.02012E-1 1.19227E-1
-9999 -9999 -9999 -9999 -9999 -9999 -9999 1.2599E-1 1.6714E-1 1.7689E-1 1.86944E-1 1.26441E-1 1.02998E-1 1.13902E-1 9.29687E-2 8.78899E-2 6.3231E-2 6.4414E-2 7.0996E-2 8.65545E-2 9.64317E-2 1.2255E-1 1.36154E-1 1.21474E-1 1.33073E-1 1.25375E-1 1.16663E-1 1.2097E-1 1.41531E-1 1.36057E-1 1.52349E-1 1.58375E-1 1.57278E-1 1.24285E-1 1.18916E-1 1.06799E-1 1.09951E-1 1.07304E-1 1.19946E-1 1.42008E-1 1.66625E-1 1.52681E-1 8.0949E-2 1.71856E-1 1.93882E-1 1.63357E-1 1.51531E-1 2.00971E-1 5.83949E-2 1.0532E-1 1.05883E-1 9.71813E-2 1.5597E-1 1.20022E-1 1.71876E-1 1.4828E-1 1.36516E-1 1.30523E-1 1.51474E-1 1.84005E-1
-9999 -9999 -9999 -9999 -9999 -9999 -9999 1.33843E-1 1.2303E-1 1.68523E-1 1.6508E-1 1.15588E-1 1.17294E-1 1.6123E-1 1.34145E-1 6.30219E-2 7.66042E-2 9.80098E-2 1.12727E-1 1.25405E-1 1.22386E-1 1.37662E-1 1.15631E-1 9.8736E-2 1.21174E-1 1.276E-1 1.08481E-1 1.13314E-1 1.43013E-1 1.49465E-1 1.59324E-1 1.39088E-1 1.11128E-1 1.23062E-1 1.21409E-1 1.17155E-1 1.07816E-1 1.23598E-1 1.32796E-1 1.04511E-1 1.84945E-1 1.64923E-1 1.72237E-1 1.82805E-1 2.11979E-1 1.72549E-1 1.69658E-1 1.30687E-1 5.29325E-2 9.22571E-2 1.20849E-1 1.37745E-1 1.06006E-1 9.84526E-2 9.55982E-2 6.7786E-2 4.17004E-2 1.04892E-1 1.0463E-1 1.80797E-1
-9999 -9999 -9999 -9999 -9999 -9999 -9999 -9999 1.14114E-1 1.3423E-1 1.51602E-1 1.33764E-1 1.97904E-1 1.05008E-1 1.13542E-1 7.08666E-2 7.66141E-2 9.41739E-2 1.07538E-1 1.21931E-1 1.26385E-1 1.18302E-1 9.22701E-2 7.56068E-2 9.87837E-2 1.33057E-1 1.19317E-1 1.18729E-1 1.21564E-1 1.26908E-1 1.09199E-1 1.13747E-1 1.34813E-1 1.42861E-1 1.32196E-1 1.45556E-1 1.25713E-1 1.4986E-1 1.51117E-1 1.22825E-1 2.02952E-1 1.72043E-1 1.97603E-1 1.73866E-1 1.82577E-1 1.47131E-1 1.76357E-1 4.12245E-2 5.1465E-2 1.1508E-1 9.92266E-2 8.28038E-2 7.18251E-2 6.66438E-2 6.32472E-2 7.44401E-2 9.89488E-2 1.37662E-1 1.89471E-1 2.11079E-1
-9999 -9999 -9999 -9999 -9999 -9999 -9999 -9999 -9999 1.29108E-1 1.21147E-1 1.13438E-1 1.46748E-1 2.16683E-1 1.32935E-1 1.09938E-1 8.79553E-2 1.00954E-1 1.1992E-1 1.452E-1 1.60021E-1 1.36607E-1 1.02704E-1 9.81044E-2 1.35157E-1 1.70976E-1 1.52847E-1 1.31732E-1 1.37453E-1 9.82128E-2 1.06113E-1 1.41541E-1 1.66923E-1 1.55909E-1 1.68504E-1 1.8162E-1 1.4557E-1 1.69545E-1 1.887E-1 2.14484E-1 2.04932E-1 1.64298E-1 1.84248E-1 1.54356E-1 1.46658E-1 1.68997E-1 1.98319E-2 3.01649E-2 9.48464E-2 5.9506E-2 5.99455E-2 6.77949E-2 6.34969E-2 6.75234E-2 1.35088E-1 1.40232E-1 1.20577E-1 1.52397E-1 2.11296E-1 2.46875E-1
-9999 -9999 -9999 -9999 -9999 -9999 -9999 -9999 -9999 -9999 -9999 2.06964E-1 8.07289E-2 2.44307E-1 1.71651E-1 1.28473E-1 9.38726E-2 1.03214E-1 1.23751E-1 1.38123E-1 1.51142E-1 1.46146E-1 1.29938E-1 1.34637E-1 1.56894E-1 1.8095E-1 2.05861E-1 1.23805E-1 1.33822E-1 1.0273E-1 1.31339E-1 1.46085E-1 1.52894E-1 1.75029E-1 1.56255E-1 1.85412E-1 1.67343E-1 1.93591E-1 1.56781E-1 2.3417E-1 1.93678E-1 1.56296E-1 1.66159E-1 1.30792E-1 6.99978E-2 1.75683E-2 2.42532E-2 1.05442E-1 7.44543E-2 8.10565E-2 9.18246E-2 1.03771E-1 9.08312E-2 9.7402E-2 1.56667E-1 1.26821E-1 1.28692E-1 1.69893E-1 2.24265E-1 2.63325E-1
-9999 -9999 -9999 -9999 -9999 -9999 -9999 -9999 -9999 -9999 -9999 8.61575E-2 2.33198E-1 1.07729E-1 1.59269E-1 1.05849E-1 8.40985E-2 9.2611E-2 1.16585E-1 1.42781E-1 1.29339E-1 1.55408E-1 1.60761E-1 1.68009E-1 1.86074E-1 1.87597E-1 2.51965E-1 1.01942E-1 1.54204E-1 1.36858E-1 1.22198E-1 1.26452E-1 1.45491E-1 1.64585E-1 1.39474E-1 1.30817E-1 1.89167E-1 2.29909E-1 2.14765E-1 2.31005E-1 1.74006E-1 1.54106E-1 1.67073E-1 7.83807E-2 2.95767E-2 2.42511E-2 8.29527E-2 8.17578E-2 9.35566E-2 1.12682E-1 1.36898E-1 1.43533E-1 1.18226E-1 7.08531E-2 1.31552E-1 1.27324E-1 1.51885E-1 1.94846E-1 2.16817E-1 2.98994E-1
-9999 -9999 -9999 -9999 -9999 -9999 -9999 -9999 -9999 -9999 -9999 -9999 1.34574E-1 1.58882E-1 1.24002E-1 8.95577E-2 7.11973E-2 9.82E-2 1.538E-1 1.60187E-1 1.21952E-1 1.70038E-1 1.92979E-1 1.80465E-1 1.97562E-1 1.99751E-1 2.13672E-1 9.74352E-2 1.93503E-1 8.74326E-2 8.29297E-2 9.39081E-2 1.02094E-1 1.0856E-1 1.45292E-1 2.03999E-1 1.11398E-1 1.30831E-1 2.06951E-1 1.95652E-1 1.32753E-1 1.45974E-1 8.86645E-2 1.27463E-2 1.66093E-2 6.7008E-2 6.34642E-2 6.4515E-2 9.18419E-2 1.18621E-1 1.4671E-1 1.52686E-1 1.285E-1 1.11582E-1 1.14259E-1 1.31008E-1 1.52282E-1 1.63811E-1 2.0426E-1 2.30725E-1
-9999 -9999 -9999 -9999 -9999 -9999 -9999 -9999 -9999 -9999 -9999 -9999 -9999 8.20283E-2 9.97328E-2 8.31912E-2 7.97963E-2 1.2984E-1 1.63102E-1 1.66437E-1 1.78382E-1 2.05244E-1 2.24248E-1 2.35154E-1 1.64241E-1 2.33352E-1 2.12222E-1 1.52959E-1 1.45553E-1 7.31821E-2 5.85351E-2 6.58984E-2 8.98993E-2 1.15568E-1 1.53017E-1 2.08245E-1 1.92179E-1 2.14636E-1 2.02503E-1 1.69605E-1 1.178E-1 1.06331E-1 1.75002E-2 1.53091E-2 4.38139E-2 4.04014E-2 4.99526E-2 7.23402E-2 9.70533E-2 1.23355E-1 1.63142E-1 1.71573E-1 1.24387E-1 1.17634E-1 1.27079E-1 1.24091E-1 1.33616E-1 1.33452E-1 1.58385E-1 1.62233E-1
-9999 -9999 -9999 -9999 -9999 -9999 -9999 -9999 -9999 -9999 -9999 -9999 -9999 9.60052E-2 1.01739E-1 9.01225E-2 9.88233E-2 1.46979E-1 1.50447E-1 1.78684E-1 2.09673E-1 2.2544E-1 1.71313E-1 2.6251E-1 2.67081E-1 2.2832E-1 1.73916E-1 1.47835E-1 1.12507E-1 6.35136E-2 5.16209E-2 7.21362E-2 1.1277E-1 1.33036E-1 1.47301E-1 1.99027E-1 1.96346E-1 2.02658E-1 1.84397E-1 1.35123E-1 7.77885E-2 9.99211E-2 6.45226E-2 4.81564E-2 3.361E-2 3.41677E-2 4.49945E-2 7.2065E-2 1.00811E-1 1.20976E-1 1.59968E-1 1.63961E-1 1.23888E-1 1.28819E-1 1.36148E-1 1.16713E-1 1.12423E-1 1.04741E-1 1.29437E-1 1.38684E-1
-9999 -9999 -9999 -9999 -9999 -9999 -9999 -9999 -9999 -9999 -9999 -9999 -9999 1.24901E-1 1.157E-1 9.70632E-2 1.07014E-1 1.43853E-1 1.51424E-1 1.82033E-1 2.22051E-1 1.83058E-1 2.90102E-1 2.91032E-1 1.30558E-1 8.76585E-2 1.87611E-1 1.40319E-1 1.11071E-1 9.13098E-2 8.44143E-2 1.21691E-1 1.27205E-1 1.38129E-1 1.54134E-1 1.67171E-1 1.64029E-1 1.66429E-1 1.39355E-1 8.17549E-2 1.07763E-1 6.52583E-2 3.93997E-2 3.27715E-2 2.91814E-2 3.97326E-2 6.23515E-2 8.78239E-2 1.03877E-1 1.3389E-1 1.63163E-1 1.58062E-1 8.98804E-2 1.5827E-1 1.49994E-1 1.09118E-1 1.04979E-1 9.87901E-2 1.28843E-1 8.44608E-2
-9999 -9999 -9999 -9999 -9999 -9999 -9999 -9999 -9999 -9999 -9999 -9999 -9999 1.15009E-1 1.01954E-1 1.01754E-1 1.30603E-1 1.54564E-1 1.72676E-1 1.92146E-1 1.79071E-1 2.52085E-1 5.92329E-2 2.01012E-1 2.17473E-1 1.68179E-1 1.34229E-1 1.23199E-1 1.02277E-1 9.13064E-2 9.65315E-2 1.20589E-1 1.27181E-1 1.34093E-1 1.17061E-1 1.36521E-1 1.35585E-1 1.23112E-1 9.28222E-2 8.94182E-2 5.18753E-2 3.79289E-2 2.9386E-2 2.77552E-2 3.46616E-2 5.39864E-2 8.14987E-2 1.01817E-1 1.19992E-1 1.40957E-1 1.59826E-1 1.49598E-1 7.53913E-2 1.60368E-1 1.57526E-1 1.03912E-1 8.03865E-2 7.50713E-2 9.69511E-2 2.63235E-2
-9999 -9999 -9999 -9999 -9999 -9999 -9999 -9999 -9999 -9999 -9999 -9999 1.28308E-1 1.72184E-1 1.97165E-1 2.24574E-1 2.03755E-1 2.5066E-1 2.36142E-1 1.91196E-1 1.70612E-1 2.75045E-1 1.70058E-1 1.51383E-1 1.41547E-1 1.22139E-1 9.34735E-2 1.40804E-1 1.2734E-1 1.18743E-1 1.19806E-1 1.35772E-1 1.06247E-1 9.94398E-2 7.8092E-2 1.11017E-1 1.19639E-1 3.42562E-2 7.6885E-2 6.06135E-2 4.33321E-2 4.5366E-2 5.18856E-2 4.82624E-2 5.54587E-2 6.9005E-2 9.59436E-2 1.13272E-1 1.39182E-1 1.64498E-1 1.51807E-1 1.45512E-1 1.51023E-1 1.63222E-1 1.44405E-1 1.09091E-1 8.97931E-2 8.06614E-2 6.2751E-2 3.67916E-2
-9999 -9999 -9999 -9999 -9999 -9999 -9999 -9999 -9999 -9999 -9999 3.27657E-2 2.55166E-1 1.13051E-1 1.36156E-1 1.27416E-1 2.41368E-1 3.01056E-1 1.6308E-1 1.53011E-1 1.42471E-1 1.44706E-1 1.41742E-1 8.60218E-2 8.42282E-2 2.33442E-1 3.2294E-1 9.11362E-2 1.35728E-1 1.69954E-1 1.73934E-1 1.63254E-1 1.27903E-1 9.11738E-2 6.49009E-2 7.94919E-2 9.25205E-2 4.75793E-2 7.92181E-2 5.55654E-2 5.28488E-2 6.86982E-2 9.56622E-2 8.07008E-2 7.99549E-2 8.45624E-2 1.01675E-1 1.19367E-1 1.56959E-1 1.68777E-1 1.49167E-1 1.28517E-1 1.60607E-1 1.62182E-1 1.24789E-1 9.57508E-2 8.14833E-2 8.00992E-2 6.26327E-2 4.22282E-2
