Phytophthora/models/20240506_1522_03/Phytophthora_PA3_RUN10_MAXENT_outputs/Phytophthora_PA3_RUN10.asc
ncols         225
nrows         269
xllcorner     473009.9838
yllcorner     4429051.1748
cellsize      50.0
NODATA_value  -9999
[rows 182 to 207 of 269, columns 0 to 59 of 225]
-9999 -9999 -9999 -9999 -9999 -9999 2.56786E-1 2.46175E-1 2.58082E-1 2.09607E-1 1.79308E-1 1.7433E-1 2.98086E-1 3.95465E-1 4.26479E-1 5.19267E-1 4.32501E-1 1.73865E-1 1.32304E-1 9.51897E-2 1.89525E-1 1.95729E-1 1.71506E-1 2.84372E-1 2.54544E-1 2.94452E-1 4.04035E-1 4.75726E-1 4.71307E-1 4.83483E-1 4.63657E-1 4.96609E-1 5.2393E-1 6.01395E-1 6.75768E-1 7.20514E-1 6.97958E-1 4.03007E-1 6.9602E-1 6.72198E-1 6.30559E-1 5.08174E-1 4.26332E-1 4.04318E-1 4.2149E-1 4.13965E-1 3.43006E-1 3.20089E-1 4.31993E-1 3.76423E-1 3.31494E-1 2.6619E-1 3.51444E-1 4.18495E-1 4.14163E-1 3.6782E-1 2.57576E-1 2.32613E-1 2.60302E-1 3.20129E-1
-9999 -9999 -9999 -9999 -9999 -9999 -9999 -9999 -9999 1.46377E-1 1.65694E-1 1.38787E-1 2.94426E-1 3.67192E-1 4.78453E-1 5.6032E-1 3.59418E-1 1.49164E-1 1.69498E-1 1.75239E-1 1.95784E-1 1.91919E-1 1.68547E-1 2.80059E-1 2.60598E-1 3.10938E-1 3.82855E-1 4.76872E-1 4.87232E-1 4.64505E-1 4.2386E-1 4.64773E-1 5.56579E-1 6.68124E-1 6.97144E-1 7.49071E-1 6.48474E-1 5.89107E-1 5.75431E-1 6.28643E-1 5.76774E-1 5.20921E-1 5.23985E-1 4.31123E-1 3.81117E-1 3.55374E-1 2.82265E-1 2.97414E-1 3.60224E-1 3.30068E-1 2.88917E-1 2.75028E-1 3.66841E-1 4.22973E-1 3.98869E-1 3.57142E-1 3.04585E-1 3.18841E-1 3.14441E-1 3.5237E-1
-9999 -9999 -9999 -9999 -9999 -9999 -9999 -9999 -9999 2.80933E-1 1.56652E-1 1.35451E-1 2.09874E-1 4.06828E-1 5.34645E-1 5.77436E-1 3.44147E-1 1.14889E-1 1.64249E-1 1.84003E-1 2.00722E-1 2.12429E-1 2.01068E-1 2.17568E-1 4.62787E-1 4.0106E-1 4.9445E-1 5.49319E-1 5.18894E-1 4.72247E-1 4.46137E-1 4.59922E-1 4.90725E-1 7.10194E-1 7.13556E-1 7.35484E-1 6.28891E-1 6.13609E-1 6.21009E-1 5.24997E-1 4.92316E-1 4.68386E-1 5.39114E-1 4.73821E-1 3.80513E-1 3.76663E-1 3.13763E-1 3.20675E-1 3.479E-1 3.40572E-1 3.43785E-1 3.72269E-1 3.97022E-1 4.02143E-1 4.03715E-1 3.71189E-1 3.60972E-1 3.8306E-1 3.33161E-1 3.26099E-1
-9999 -9999 -9999 -9999 -9999 -9999 -9999 -9999 -9999 -9999 -9999 -9999 -9999 4.5624E-1 5.81202E-1 6.38966E-1 2.72169E-1 1.79704E-1 2.08452E-1 2.04553E-1 1.69327E-1 1.75684E-1 3.11651E-1 4.06761E-1 5.13801E-1 4.77682E-1 5.49981E-1 6.15105E-1 5.93739E-1 5.68939E-1 5.49694E-1 5.31543E-1 5.24505E-1 7.21366E-1 7.53035E-1 3.98868E-1 3.9157E-1 6.71171E-1 5.029E-1 4.9856E-1 5.01795E-1 4.56507E-1 4.96042E-1 5.01159E-1 4.82552E-1 3.67232E-1 3.16388E-1 3.24603E-1 3.37561E-1 3.45795E-1 3.88688E-1 4.1035E-1 3.4699E-1 3.5076E-1 3.38426E-1 3.81013E-1 3.99598E-1 3.95937E-1 3.18604E-1 2.70158E-1
-9999 -9999 -9999 -9999 -9999 -9999 -9999 -9999 -9999 -9999 -9999 -9999 -9999 -9999 6.21299E-1 6.09346E-1 1.89184E-1 1.68004E-1 2.23088E-1 2.34591E-1 2.05036E-1 3.33137E-1 4.17505E-1 3.27603E-1 4.6816E-1 5.28948E-1 6.25442E-1 6.43132E-1 6.2293E-1 5.79471E-1 5.45985E-1 5.70003E-1 6.43455E-1 7.02069E-1 7.06796E-1 3.83265E-1 3.9627E-1 4.28494E-1 4.94092E-1 5.20335E-1 5.56556E-1 5.49057E-1 5.57444E-1 6.0193E-1 6.32161E-1 4.80224E-1 2.3019E-1 2.96674E-1 3.4587E-1 3.36153E-1 4.11064E-1 3.72616E-1 3.75919E-1 3.47488E-1 3.79044E-1 4.1268E-1 3.50427E-1 3.24689E-1 2.33319E-1 2.67966E-1
-9999 -9999 -9999 -9999 -9999 -9999 -9999 -9999 -9999 -9999 -9999 -9999 -9999 -9999 -9999 5.37491E-1 1.99592E-1 1.36996E-1 2.20119E-1 2.22693E-1 3.47724E-1 3.89346E-1 4.65187E-1 4.6777E-1 5.17166E-1 6.06196E-1 6.70632E-1 6.42889E-1 5.87238E-1 5.02473E-1 5.0224E-1 5.17906E-1 5.96785E-1 7.23768E-1 6.58586E-1 6.44408E-1 3.12813E-1 5.30915E-1 6.0433E-1 6.62828E-1 6.3314E-1 5.55572E-1 5.38895E-1 5.81538E-1 6.02407E-1 4.37929E-1 3.57576E-1 3.0314E-1 3.3532E-1 3.30927E-1 3.88378E-1 3.64013E-1 3.76685E-1 4.05083E-1 3.92571E-1 3.93432E-1 3.19047E-1 2.44932E-1 3.52247E-1 3.98249E-1
-9999 -9999 -9999 -9999 -9999 -9999 -9999 -9999 -9999 -9999 -9999 -9999 -9999 -9999 -9999 6.20918E-1 3.0879E-1 3.57993E-1 4.72294E-1 5.17746E-1 5.5388E-1 5.6455E-1 5.94364E-1 5.85801E-1 5.6474E-1 5.76896E-1 5.89254E-1 5.35291E-1 5.11601E-1 4.59128E-1 4.84857E-1 5.232E-1 6.46876E-1 7.44886E-1 4.78941E-1 5.42547E-1 5.061E-1 5.82664E-1 6.61559E-1 7.17513E-1 6.75593E-1 5.57139E-1 4.78887E-1 5.16218E-1 5.18372E-1 4.75016E-1 4.4864E-1 3.82292E-1 3.81845E-1 3.97177E-1 3.05604E-1 3.33546E-1 3.5913E-1 3.7975E-1 3.22086E-1 3.26309E-1 3.09828E-1 3.86682E-1 4.91286E-1 4.2409E-1
-9999 -9999 -9999 -9999 -9999 -9999 -9999 -9999 -9999 -9999 -9999 -9999 -9999 -9999 -9999 5.62256E-1 6.11191E-1 6.62355E-1 7.0382E-1 6.52659E-1 6.10786E-1 5.62356E-1 5.69337E-1 5.55658E-1 4.50233E-1 5.70688E-1 4.0057E-1 4.03977E-1 4.35098E-1 3.89201E-1 4.57798E-1 5.38051E-1 6.11655E-1 6.45969E-1 6.20889E-1 6.43352E-1 4.65106E-1 5.35411E-1 6.70705E-1 6.99022E-1 6.43897E-1 4.9003E-1 4.35967E-1 5.08788E-1 5.35154E-1 5.30933E-1 4.73578E-1 4.78823E-1 5.0406E-1 3.66348E-1 3.25795E-1 3.05938E-1 3.60124E-1 3.97522E-1 3.57678E-1 3.69804E-1 4.17975E-1 4.14649E-1 4.1621E-1 3.72774E-1
-9999 -9999 -9999 -9999 -9999 -9999 -9999 -9999 -9999 -9999 -9999 -9999 -9999 -9999 -9999 5.647E-1 5.85233E-1 6.27255E-1 6.46497E-1 5.48193E-1 4.82611E-1 5.12337E-1 5.16685E-1 4.78578E-1 4.35519E-1 4.48831E-1 4.05863E-1 3.29232E-1 3.43047E-1 3.71961E-1 4.36158E-1 4.94766E-1 5.22339E-1 4.62593E-1 4.9231E-1 5.08127E-1 5.0332E-1 5.03622E-1 6.5207E-1 6.49785E-1 6.02409E-1 4.56311E-1 4.15266E-1 5.237E-1 4.73318E-1 4.78319E-1 5.93682E-1 3.47785E-1 4.62899E-1 3.51574E-1 2.81397E-1 2.82776E-1 3.42486E-1 3.83188E-1 4.12462E-1 4.07901E-1 4.33687E-1 4.49731E-1 4.30834E-1 3.86162E-1
-9999 -9999 -9999 -9999 -9999 -9999 -9999 -9999 -9999 -9999 -9999 -9999 -9999 -9999 -9999 5.43802E-1 5.77921E-1 5.50787E-1 5.53977E-1 4.69679E-1 4.59956E-1 4.78464E-1 4.70328E-1 4.09207E-1 3.38727E-1 3.449E-1 3.57237E-1 3.03279E-1 3.35086E-1 3.68688E-1 4.13367E-1 4.15039E-1 4.51275E-1 4.72161E-1 4.81502E-1 2.37828E-1 5.79499E-1 6.70059E-1 6.48667E-1 5.75404E-1 4.39897E-1 4.30162E-1 4.42006E-1 4.75574E-1 4.13179E-1 5.37798E-1 3.53736E-1 4.83116E-1 3.56074E-1 3.04482E-1 2.73175E-1 2.95519E-1 3.33434E-1 3.33385E-1 3.07673E-1 3.81082E-1 4.03906E-1 5.03939E-1 4.96914E-1 4.13726E-1
-9999 -9999 -9999 -9999 -9999 -9999 -9999 -9999 -9999 -9999 -9999 -9999 -9999 -9999 -9999 4.88573E-1 4.52943E-1 4.19101E-1 4.37635E-1 4.33307E-1 4.51267E-1 4.401E-1 3.97701E-1 3.37781E-1 2.96155E-1 2.8667E-1 3.23098E-1 3.44403E-1 3.64977E-1 4.21928E-1 4.4973E-1 4.64464E-1 4.96201E-1 5.1569E-1 5.36735E-1 2.08512E-1 6.58394E-1 6.28662E-1 6.40748E-1 4.96528E-1 4.38007E-1 5.03649E-1 4.50648E-1 1.97878E-1 4.12028E-1 3.64717E-1 3.83667E-1 3.2322E-1 2.88094E-1 2.63814E-1 3.50402E-1 3.61991E-1 3.48862E-1 3.29786E-1 3.29245E-1 4.03481E-1 2.65222E-1 3.9093E-1 4.85202E-1 4.0185E-1
-9999 -9999 -9999 -9999 -9999 -9999 -9999 -9999 -9999 -9999 -9999 -9999 -9999 -9999 -9999 -9999 3.57288E-1 3.6115E-1 4.15184E-1 4.31358E-1 4.60693E-1 4.20091E-1 3.69404E-1 3.00196E-1 2.80731E-1 3.32699E-1 3.73713E-1 4.11231E-1 4.53234E-1 5.12006E-1 5.42234E-1 5.39385E-1 5.47821E-1 5.62557E-1 5.26413E-1 3.23437E-1 4.81595E-1 6.19197E-1 5.57862E-1 4.97387E-1 5.55807E-1 3.05481E-1 4.44669E-1 3.41479E-1 2.8698E-1 2.981E-1 3.09008E-1 2.98588E-1 2.99167E-1 3.54192E-1 4.01755E-1 3.38103E-1 2.90046E-1 3.06425E-1 3.63873E-1 4.11044E-1 3.66228E-1 3.73953E-1 4.1974E-1 3.54766E-1
-9999 -9999 -9999 -9999 -9999 -9999 -9999 -9999 -9999 -9999 -9999 -9999 -9999 -9999 -9999 -9999 2.91718E-1 3.11068E-1 3.92144E-1 -9999 4.40227E-1 4.00734E-1 3.45945E-1 3.08516E-1 3.36218E-1 4.0822E-1 4.25136E-1 4.53181E-1 5.35704E-1 5.72121E-1 5.76018E-1 5.09676E-1 4.74923E-1 4.92072E-1 4.20423E-1 6.33474E-1 6.55811E-1 6.17205E-1 6.1415E-1 6.419E-1 5.17006E-1 5.44681E-1 3.63686E-1 2.38899E-1 1.71817E-1 1.97913E-1 2.44537E-1 2.74982E-1 2.9796E-1 3.7587E-1 3.65639E-1 3.42667E-1 2.88722E-1 3.07804E-1 3.68639E-1 3.61487E-1 3.83016E-1 3.69156E-1 3.59408E-1 2.84923E-1
-9999 -9999 -9999 -9999 -9999 -9999 -9999 -9999 -9999 -9999 -9999 -9999 -9999 -9999 -9999 -9999 -9999 -9999 -9999 -9999 -9999 -9999 2.94201E-1 3.30834E-1 4.0333E-1 4.60328E-1 4.3967E-1 4.42145E-1 5.77776E-1 6.11414E-1 6.21411E-1 6.04968E-1 6.1599E-1 5.99851E-1 5.26309E-1 4.64751E-1 6.07622E-1 4.73994E-1 3.59701E-1 4.33296E-1 5.19081E-1 4.4945E-1 3.45289E-1 2.45758E-1 1.57764E-1 1.47647E-1 1.73681E-1 2.31168E-1 3.12179E-1 3.717E-1 3.21887E-1 2.89497E-1 2.3479E-1 2.65322E-1 3.1502E-1 3.06356E-1 3.36798E-1 3.23414E-1 2.67757E-1 2.2445E-1
-9999 -9999 -9999 -9999 -9999 -9999 -9999 -9999 -9999 -9999 -9999 -9999 -9999 -9999 -9999 -9999 -9999 -9999 -9999 -9999 -9999 -9999 -9999 -9999 4.22048E-1 4.60093E-1 4.25121E-1 4.33554E-1 5.23434E-1 5.64366E-1 6.34951E-1 6.46566E-1 4.84175E-1 3.19875E-1 5.48316E-1 4.31225E-1 3.98786E-1 3.49351E-1 4.1358E-1 5.3887E-1 4.47574E-1 3.76333E-1 3.5311E-1 3.02758E-1 2.14142E-1 1.8873E-1 1.91094E-1 3.07354E-1 3.8119E-1 3.48395E-1 2.69423E-1 2.18651E-1 1.75199E-1 2.69946E-1 2.69559E-1 3.04345E-1 3.25359E-1 2.96196E-1 2.4126E-1 1.67963E-1
-9999 -9999 -9999 -9999 -9999 -9999 -9999 -9999 -9999 -9999 -9999 -9999 -9999 -9999 -9999 -9999 -9999 -9999 -9999 -9999 -9999 -9999 -9999 -9999 -9999 -9999 3.59133E-1 3.84072E-1 4.46496E-1 5.08477E-1 5.59366E-1 6.23214E-1 4.63081E-1 5.39186E-1 5.10147E-1 6.50096E-1 3.79234E-1 4.95936E-1 4.96575E-1 2.35823E-1 4.27964E-1 4.71444E-1 4.08911E-1 3.36382E-1 3.06304E-1 3.04879E-1 3.47686E-1 4.34613E-1 4.4593E-1 3.62013E-1 2.51972E-1 1.86838E-1 1.8009E-1 2.00066E-1 2.06924E-1 2.7272E-1 2.86987E-1 2.53574E-1 1.69002E-1 1.34772E-1
-9999 -9999 -9999 -9999 -9999 -9999 -9999 -9999 -9999 -9999 -9999 -9999 -9999 -9999 -9999 -9999 -9999 -9999 -9999 -9999 -9999 -9999 -9999 -9999 -9999 -9999 3.97456E-1 4.1606E-1 4.4533E-1 5.31609E-1 5.82603E-1 5.88496E-1 5.28078E-1 4.97142E-1 5.28065E-1 6.8939E-1 3.28419E-1 3.97199E-1 4.55004E-1 3.50982E-1 2.12329E-1 5.95465E-1 4.20455E-1 3.78303E-1 4.03452E-1 4.01676E-1 5.10977E-1 5.49588E-1 3.91195E-1 2.83664E-1 2.28682E-1 1.85469E-1 1.4889E-1 1.67146E-1 1.82795E-1 2.00614E-1 2.47249E-1 2.86547E-1 1.71455E-1 1.45285E-1
-9999 -9999 -9999 -9999 -9999 -9999 -9999 -9999 -9999 -9999 -9999 -9999 -9999 -9999 -9999 -9999 -9999 -9999 -9999 -9999 -9999 -9999 -9999 -9999 -9999 -9999 4.27587E-1 4.6388E-1 4.89619E-1 5.71E-1 4.26683E-1 6.109E-1 5.03955E-1 5.78342E-1 6.64309E-1 4.22535E-1 3.66706E-1 2.7882E-1 4.94618E-1 6.38698E-1 6.22528E-1 6.14007E-1 5.16206E-1 4.96255E-1 4.45593E-1 4.75043E-1 5.409E-1 4.69526E-1 3.23301E-1 2.54444E-1 2.30054E-1 1.8249E-1 1.60792E-1 1.66147E-1 1.8912E-1 1.6497E-1 1.62376E-1 8.63091E-2 1.04292E-1 9.3719E-2
-9999 -9999 -9999 -9999 -9999 -9999 -9999 -9999 -9999 -9999 -9999 -9999 -9999 -9999 -9999 -9999 -9999 -9999 -9999 -9999 -9999 -9999 -9999 -9999 -9999 -9999 4.66299E-1 5.28058E-1 4.91685E-1 5.48727E-1 6.6357E-1 5.51198E-1 5.50581E-1 6.78767E-1 5.62242E-1 4.2337E-1 4.33948E-1 3.93822E-1 5.45743E-1 6.5998E-1 7.25285E-1 2.80068E-1 4.89233E-1 4.77967E-1 4.31728E-1 4.95132E-1 4.9334E-1 4.20024E-1 2.95901E-1 2.4585E-1 2.51665E-1 1.99798E-1 1.99627E-1 1.6943E-1 1.0215E-1 2.89341E-2 1.06361E-1 1.1731E-1 9.86709E-2 8.00973E-2
-9999 -9999 -9999 -9999 -9999 -9999 -9999 -9999 -9999 -9999 -9999 -9999 -9999 -9999 -9999 -9999 -9999 -9999 -9999 -9999 -9999 -9999 -9999 -9999 -9999 3.90497E-1 4.52737E-1 4.37258E-1 2.68833E-1 5.44674E-1 -9999 2.51267E-1 4.76374E-1 5.15578E-1 3.74079E-1 3.56742E-1 2.71263E-1 4.14083E-1 6.72614E-1 7.21079E-1 6.88205E-1 6.81077E-1 3.80948E-1 1.79543E-1 3.61465E-1 4.25101E-1 4.1214E-1 3.61978E-1 2.64756E-1 2.56336E-1 2.88025E-1 2.35198E-1 2.2042E-1 9.26405E-2 8.97483E-2 9.82771E-2 1.04432E-1 1.00316E-1 7.8164E-2 6.80541E-2
-9999 -9999 -9999 -9999 -9999 -9999 -9999 -9999 -9999 -9999 -9999 -9999 -9999 -9999 -9999 -9999 -9999 -9999 -9999 -9999 -9999 -9999 -9999 -9999 -9999 -9999 4.06231E-1 4.83531E-1 4.77418E-1 -9999 -9999 -9999 2.47394E-1 3.26435E-1 3.58507E-1 3.4546E-1 3.00006E-1 3.08074E-1 3.78324E-1 4.03624E-1 6.97559E-1 3.94586E-1 4.18501E-1 2.87754E-1 1.32092E-1 3.23162E-1 3.16496E-1 3.14208E-1 2.66715E-1 2.97106E-1 2.65026E-1 2.52233E-1 9.01311E-2 1.21156E-1 7.99884E-2 9.65985E-2 9.85114E-2 9.63312E-2 8.22069E-2 8.67259E-2
-9999 -9999 -9999 -9999 -9999 -9999 -9999 -9999 -9999 -9999 -9999 -9999 -9999 -9999 -9999 -9999 -9999 -9999 -9999 -9999 -9999 -9999 -9999 -9999 -9999 -9999 -9999 -9999 -9999 -9999 -9999 -9999 2.17749E-1 3.433E-1 3.79749E-1 3.2973E-1 2.71009E-1 3.03132E-1 5.57063E-1 6.40062E-1 6.41266E-1 4.60241E-1 5.38548E-1 3.94932E-1 2.79366E-1 3.58613E-1 2.45215E-1 2.87294E-1 3.30576E-1 1.75013E-1 2.46413E-1 1.35177E-1 1.03483E-1 9.18241E-2 8.20244E-2 9.30686E-2 9.5897E-2 1.2913E-1 2.48551E-1 1.5806E-1
-9999 -9999 -9999 -9999 -9999 -9999 -9999 -9999 -9999 -9999 -9999 -9999 -9999 -9999 -9999 -9999 -9999 -9999 -9999 -9999 -9999 -9999 -9999 -9999 -9999 -9999 -9999 -9999 -9999 -9999 -9999 -9999 -9999 3.21991E-1 4.13215E-1 2.753E-1 2.7787E-1 4.48822E-1 4.82192E-1 6.124E-1 6.34372E-1 5.91825E-1 3.94951E-1 4.09337E-1 4.13894E-1 4.55941E-1 3.96441E-1 3.83037E-1 2.34919E-1 1.50438E-1 1.90092E-1 1.80207E-1 1.28173E-1 1.06912E-1 9.09349E-2 1.13438E-1 1.31712E-1 3.08529E-1 1.79485E-1 2.57385E-1
-9999 -9999 -9999 -9999 -9999 -9999 -9999 -9999 -9999 -9999 -9999 -9999 -9999 -9999 -9999 -9999 -9999 -9999 -9999 -9999 -9999 -9999 -9999 -9999 -9999 -9999 -9999 -9999 -9999 -9999 -9999 -9999 -9999 5.71185E-1 4.42563E-1 3.53352E-1 2.96545E-1 5.5504E-1 6.2641E-1 6.08871E-1 6.10182E-1 5.7778E-1 3.61995E-1 3.66894E-1 4.89564E-1 1.8047E-1 5.64118E-1 3.031E-1 1.77664E-1 2.00435E-1 1.27314E-1 1.68103E-1 1.37862E-1 1.26871E-1 9.36614E-2 1.12285E-1 2.57485E-1 2.89845E-1 3.78496E-1 3.898E-1
-9999 -9999 -9999 -9999 -9999 -9999 -9999 -9999 -9999 -9999 -9999 -9999 -9999 -9999 -9999 -9999 -9999 -9999 -9999 -9999 -9999 -9999 -9999 -9999 -9999 -9999 -9999 -9999 -9999 -9999 -9999 -9999 -9999 -9999 3.9131E-1 3.91761E-1 3.57986E-1 3.68497E-1 5.75861E-1 3.74531E-1 3.62903E-1 3.71128E-1 3.46672E-1 3.70349E-1 3.58185E-1 4.6708E-1 4.12834E-1 5.91463E-1 8.74191E-2 2.42951E-1 1.94731E-1 1.72623E-1 1.44562E-1 1.48781E-1 1.86025E-1 1.97105E-1 2.98454E-1 3.9345E-1 2.29389E-1 4.86565E-1
-9999 -9999 -9999 -9999 -9999 -9999 -9999 -9999 -9999 -9999 -9999 -9999 -9999 -9999 -9999 -9999 -9999 -9999 -9999 -9999 -9999 -9999 -9999 -9999 -9999 -9999 -9999 -9999 -9999 -9999 -9999 -9999 -9999 -9999 -9999 3.44093E-1 3.62994E-1 3.54167E-1 5.7945E-1 2.99569E-1 3.10567E-1 3.13991E-1 2.96163E-1 3.61761E-1 2.95898E-1 5.40115E-1 4.28412E-1 6.05927E-1 1.60413E-1 1.7989E-1 1.04257E-1 1.51449E-1 1.31918E-1 1.30612E-1 1.70637E-1 1.85738E-1 3.26934E-1 2.62262E-1 1.37946E-1 3.47479E-1
