Phytophthora/models/20240429_1812_56/Phytophthora_PA2_RUN6_MAXENT_outputs/Phytophthora_PA2_RUN6.asc
ncols         225
nrows         269
xllcorner     473000.0
yllcorner     4429100.0
cellsize      50.0
NODATA_value  -9999
[rows 27 to 53 of 269, columns 0 to 59 of 225]
-9999 -9999 -9999 -9999 -9999 -9999 -9999 -9999 -9999 -9999 -9999 -9999 -9999 -9999 -9999 -9999 -9999 -9999 -9999 -9999 -9999 -9999 -9999 -9999 -9999 -9999 -9999 -9999 -9999 -9999 -9999 -9999 -9999 -9999 -9999 -9999 -9999 -9999 5.18366E-3 5.06374E-3 5.25509E-3 2.74932E-3 1.15677E-2 1.25617E-2 1.21342E-2 1.41604E-2 1.42247E-2 1.37434E-2 1.26048E-2 9.57355E-3 5.52805E-3 6.97707E-3 4.98489E-3 3.23496E-3 3.75447E-3 2.17691E-3 1.95514E-3 1.49022E-3 1.21957E-3 1.24976E-3
-9999 -9999 -9999 -9999 -9999 -9999 -9999 -9999 -9999 -9999 -9999 -9999 -9999 -9999 -9999 -9999 -9999 -9999 -9999 -9999 -9999 -9999 -9999 -9999 -9999 -9999 -9999 -9999 -9999 -9999 -9999 -9999 -9999 -9999 -9999 -9999 -9999 -9999 9.67308E-3 5.14335E-3 4.40992E-3 5.38876E-3 7.93203E-3 1.06903E-2 1.40381E-2 1.44058E-2 6.56934E-3 1.21229E-2 7.61286E-3 4.31653E-3 4.80074E-3 3.80693E-3 2.57142E-3 1.6815E-3 1.47401E-3 1.03858E-3 1.03191E-3 1.04753E-3 9.28826E-4 1.02925E-3
-9999 -9999 -9999 -9999 -9999 -9999 -9999 -9999 -9999 -9999 -9999 -9999 -9999 -9999 -9999 -9999 -9999 -9999 -9999 -9999 -9999 -9999 -9999 -9999 -9999 -9999 -9999 -9999 -9999 -9999 -9999 -9999 -9999 -9999 -9999 -9999 -9999 -9999 6.05943E-3 5.18763E-3 4.89624E-3 5.75751E-3 9.5815E-3 1.01372E-2 1.26147E-2 6.98605E-3 1.10876E-2 5.15122E-3 3.87091E-3 1.40652E-3 4.14867E-3 3.46676E-3 2.43304E-3 2.01017E-3 1.69474E-3 1.19633E-3 4.33491E-3 3.67424E-3 2.72399E-3 3.59662E-3
-9999 -9999 -9999 -9999 -9999 -9999 -9999 -9999 -9999 -9999 -9999 -9999 -9999 -9999 -9999 -9999 -9999 -9999 -9999 -9999 -9999 -9999 -9999 -9999 -9999 -9999 -9999 -9999 -9999 -9999 -9999 -9999 -9999 -9999 -9999 -9999 4.89402E-3 2.58974E-3 4.04789E-3 3.25842E-3 2.5681E-3 9.16342E-3 7.71614E-3 9.81351E-3 1.08025E-2 7.36666E-3 3.47087E-3 3.36667E-3 2.67762E-3 2.25385E-3 2.77736E-3 2.08049E-3 1.60329E-3 1.81396E-3 2.32617E-3 1.48246E-3 1.93891E-3 3.55347E-3 3.34158E-3 3.45283E-3
-9999 -9999 -9999 -9999 -9999 -9999 -9999 -9999 -9999 -9999 -9999 -9999 -9999 -9999 -9999 -9999 -9999 -9999 -9999 -9999 -9999 -9999 -9999 -9999 -9999 -9999 -9999 -9999 -9999 -9999 -9999 -9999 -9999 -9999 -9999 3.76873E-3 4.17989E-3 5.64299E-3 1.19498E-2 1.2728E-2 4.10939E-3 1.03442E-2 1.14297E-2 9.55515E-3 7.46239E-3 8.40346E-3 5.29302E-3 4.3506E-3 3.83755E-3 3.34961E-3 2.72478E-3 2.09726E-3 1.96615E-3 3.39296E-3 5.44062E-3 1.06035E-2 4.11462E-3 8.44401E-3 7.25216E-3 7.42537E-3
-9999 -9999 -9999 -9999 -9999 -9999 -9999 -9999 -9999 -9999 -9999 -9999 -9999 -9999 -9999 -9999 -9999 -9999 -9999 -9999 -9999 -9999 -9999 -9999 -9999 -9999 -9999 -9999 -9999 -9999 -9999 -9999 -9999 -9999 6.19268E-3 6.6416E-3 9.62443E-3 1.44996E-2 1.45033E-2 1.72494E-2 1.53404E-2 1.52379E-2 9.70812E-3 5.92644E-3 4.08681E-3 5.93098E-3 4.52491E-3 2.62343E-3 4.46445E-3 3.21486E-3 3.50878E-3 2.41641E-3 4.15672E-3 4.5305E-3 5.7435E-3 1.03515E-2 9.11219E-3 8.28634E-3 8.12969E-3 8.38195E-3
-9999 -9999 -9999 -9999 -9999 -9999 -9999 -9999 -9999 -9999 -9999 -9999 -9999 -9999 -9999 -9999 -9999 -9999 -9999 -9999 -9999 -9999 -9999 -9999 -9999 -9999 -9999 -9999 -9999 -9999 -9999 -9999 4.64619E-3 5.0946E-3 5.56965E-3 6.62742E-3 1.93879E-2 2.06784E-2 1.0162E-2 2.65989E-2 1.48529E-2 7.65422E-3 3.43577E-3 2.5933E-3 2.26519E-3 3.35335E-3 3.14757E-3 2.77135E-3 3.44154E-3 2.85943E-3 4.77296E-3 6.41569E-3 5.00665E-3 4.1484E-3 5.13747E-3 9.53415E-3 8.84909E-3 7.91814E-3 8.00352E-3 4.412E-3
-9999 -9999 -9999 -9999 -9999 -9999 -9999 -9999 -9999 -9999 -9999 -9999 -9999 -9999 -9999 -9999 -9999 -9999 -9999 -9999 -9999 -9999 -9999 -9999 -9999 -9999 -9999 -9999 -9999 -9999 -9999 5.24001E-3 6.01976E-3 6.29927E-3 9.61277E-3 1.72944E-2 1.9665E-2 2.07807E-2 2.36995E-2 3.37121E-2 1.57058E-2 4.76062E-3 3.83609E-3 3.2627E-3 2.93042E-3 3.43279E-3 3.50581E-3 3.61687E-3 5.05557E-3 8.03009E-3 6.6679E-3 6.10364E-3 4.94963E-3 4.54485E-3 5.45495E-3 9.033E-3 8.71422E-3 5.43648E-3 6.92838E-3 7.19723E-3
-9999 -9999 -9999 -9999 -9999 -9999 -9999 -9999 -9999 -9999 -9999 -9999 -9999 -9999 -9999 -9999 -9999 -9999 -9999 -9999 -9999 -9999 -9999 -9999 -9999 -9999 -9999 -9999 -9999 -9999 8.68089E-3 7.75966E-3 8.10749E-3 1.22432E-2 1.97571E-2 1.99326E-2 1.9925E-2 1.578E-2 2.22517E-2 1.39932E-2 4.78158E-3 4.022E-3 3.17467E-3 3.08293E-3 3.16953E-3 4.27234E-3 3.76914E-3 4.62375E-3 9.54223E-3 8.5541E-3 5.14775E-3 5.87089E-3 5.06458E-3 4.81404E-3 5.97921E-3 9.64565E-3 9.30075E-3 8.02893E-3 6.33005E-3 7.2571E-3
-9999 -9999 -9999 -9999 -9999 -9999 -9999 -9999 -9999 -9999 -9999 -9999 -9999 -9999 -9999 -9999 -9999 -9999 -9999 -9999 -9999 -9999 -9999 -9999 -9999 -9999 -9999 -9999 -9999 -9999 1.15826E-2 7.8515E-3 8.92518E-3 1.44644E-2 1.38327E-2 1.04673E-2 6.66612E-3 1.30808E-2 5.63747E-3 7.45743E-3 4.026E-3 3.41596E-3 3.13131E-3 3.10234E-3 3.62938E-3 6.93432E-3 7.33237E-3 6.96572E-3 7.77051E-3 7.9316E-3 6.228E-3 6.57338E-3 5.81321E-3 5.59086E-3 6.0625E-3 7.27529E-3 7.17697E-3 6.07358E-3 5.64538E-3 2.62962E-3
-9999 -9999 -9999 -9999 -9999 -9999 -9999 -9999 -9999 -9999 -9999 -9999 -9999 -9999 -9999 -9999 -9999 -9999 -9999 -9999 -9999 -9999 -9999 -9999 -9999 -9999 -9999 -9999 -9999 1.0461E-3 1.23581E-2 1.17318E-2 1.47345E-2 9.48464E-3 6.46484E-3 1.04311E-2 8.84424E-3 2.04194E-2 1.2514E-2 5.44969E-3 3.41347E-3 2.8456E-3 3.73307E-3 4.13515E-3 5.28847E-3 9.39511E-3 8.1024E-3 7.29842E-3 7.52583E-3 8.28107E-3 4.48185E-3 7.0747E-3 6.25518E-3 6.34587E-3 5.99439E-3 7.38603E-3 7.46643E-3 5.42538E-3 5.51531E-3 5.81654E-3
-9999 -9999 -9999 -9999 -9999 -9999 -9999 -9999 -9999 -9999 -9999 -9999 -9999 -9999 -9999 -9999 -9999 -9999 -9999 -9999 -9999 -9999 -9999 -9999 -9999 -9999 -9999 -9999 -9999 -9999 1.32011E-2 1.49475E-2 6.09842E-3 1.35013E-2 1.34581E-2 5.78437E-3 1.65898E-2 8.35198E-3 6.9401E-3 6.5379E-3 3.00009E-3 3.78342E-3 3.91304E-3 4.39499E-3 6.51558E-3 9.71497E-3 9.09576E-3 8.28949E-3 7.44144E-3 8.46737E-3 8.24778E-3 7.37155E-3 6.73567E-3 6.81242E-3 6.13446E-3 8.69475E-3 7.31593E-3 4.2791E-3 4.68314E-3 5.07951E-3
-9999 -9999 -9999 -9999 -9999 -9999 -9999 -9999 -9999 -9999 -9999 -9999 -9999 -9999 -9999 -9999 -9999 -9999 -9999 -9999 -9999 -9999 -9999 -9999 -9999 -9999 -9999 -9999 -9999 -9999 1.52163E-2 1.19887E-2 1.19916E-2 9.49429E-3 5.60157E-3 1.19614E-2 8.44863E-3 3.64154E-3 6.84601E-3 7.04961E-3 4.14805E-3 4.02335E-3 3.9968E-3 5.22981E-3 6.24997E-3 9.17156E-3 8.75679E-3 8.42945E-3 8.06477E-3 8.92204E-3 9.99534E-3 8.33696E-3 6.59913E-3 4.11732E-3 7.45965E-3 1.2561E-2 5.94495E-3 4.3546E-3 4.40704E-3 4.64042E-3
-9999 -9999 -9999 -9999 -9999 -9999 -9999 -9999 -9999 -9999 -9999 -9999 -9999 -9999 -9999 -9999 -9999 -9999 -9999 -9999 -9999 -9999 -9999 -9999 -9999 -9999 -9999 -9999 -9999 -9999 1.14604E-2 2.22253E-2 2.5856E-2 1.8243E-2 8.70441E-3 7.00592E-3 8.72073E-3 8.99242E-3 8.55576E-3 2.9101E-3 3.87609E-3 3.86655E-3 5.23441E-3 5.7219E-3 6.01471E-3 8.99591E-3 8.67523E-3 5.07223E-3 7.95392E-3 8.3803E-3 6.04604E-3 9.18414E-3 6.4824E-3 7.93494E-3 8.86385E-3 1.10118E-2 4.79798E-3 3.72498E-3 4.02435E-3 4.49763E-3
-9999 -9999 -9999 -9999 -9999 -9999 -9999 -9999 -9999 -9999 -9999 -9999 -9999 -9999 -9999 -9999 -9999 -9999 -9999 -9999 -9999 -9999 -9999 -9999 -9999 -9999 -9999 -9999 -9999 -9999 2.24762E-2 1.75081E-2 1.74139E-2 1.51489E-2 1.11467E-2 9.60233E-3 1.01714E-2 1.06548E-2 1.14358E-2 8.82682E-3 5.35949E-3 5.73433E-3 6.87154E-3 7.35683E-3 7.04164E-3 6.56068E-3 6.82379E-3 6.98138E-3 6.02648E-3 6.19074E-3 6.71245E-3 4.34468E-3 4.26871E-3 5.99908E-3 8.04016E-3 1.50115E-2 7.80772E-3 5.84323E-3 6.13692E-3 5.6564E-3
-9999 -9999 -9999 -9999 -9999 -9999 -9999 -9999 -9999 -9999 -9999 -9999 -9999 -9999 -9999 -9999 -9999 -9999 -9999 -9999 -9999 -9999 -9999 -9999 -9999 -9999 -9999 -9999 -9999 1.26173E-2 1.30391E-2 1.08393E-2 1.08036E-2 9.11878E-3 9.52966E-3 8.00382E-3 7.38121E-3 6.47129E-3 9.72647E-3 8.73424E-3 7.86426E-3 7.79762E-3 7.30664E-3 6.88892E-3 6.4544E-3 5.8382E-3 6.71027E-3 6.33851E-3 7.11659E-3 6.72527E-3 7.65719E-3 8.53285E-3 5.06323E-3 7.23823E-3 8.15351E-3 1.14108E-2 8.64846E-3 7.58433E-3 6.32206E-3 5.1583E-3
-9999 -9999 -9999 -9999 -9999 -9999 -9999 -9999 -9999 -9999 -9999 -9999 -9999 -9999 -9999 -9999 -9999 -9999 -9999 -9999 -9999 -9999 -9999 -9999 -9999 -9999 1.56225E-2 6.98045E-3 9.80465E-3 1.05385E-2 1.57182E-2 1.75902E-2 1.61293E-2 1.79662E-2 1.66688E-2 1.24072E-2 1.15092E-2 9.89607E-3 1.23086E-2 1.53232E-2 7.80069E-3 7.51311E-3 7.60156E-3 7.6255E-3 7.06306E-3 6.44336E-3 7.80374E-3 6.64567E-3 5.8184E-3 6.89395E-3 7.32795E-3 8.13083E-3 7.52015E-3 5.24966E-3 7.0251E-3 1.1002E-2 1.18202E-2 1.03991E-2 6.977E-3 5.94218E-3
-9999 -9999 -9999 -9999 -9999 -9999 -9999 -9999 -9999 -9999 -9999 -9999 -9999 -9999 -9999 -9999 -9999 -9999 -9999 -9999 -9999 -9999 -9999 -9999 -9999 1.85604E-2 9.66724E-3 5.96997E-3 5.80517E-3 6.17369E-3 7.62994E-3 9.63809E-3 1.30913E-2 2.74988E-2 2.21731E-2 1.4795E-2 1.52202E-2 1.60536E-2 1.71498E-2 1.48982E-2 5.2197E-3 7.02542E-3 4.08509E-3 3.73733E-3 4.66153E-3 5.6077E-3 6.1547E-3 4.56787E-3 3.45196E-3 6.73963E-3 8.52217E-3 7.60913E-3 7.5299E-3 6.93829E-3 7.4581E-3 9.38887E-3 9.14427E-3 9.54217E-3 7.50109E-3 6.5532E-3
-9999 -9999 -9999 -9999 -9999 -9999 -9999 -9999 -9999 -9999 -9999 -9999 -9999 -9999 -9999 -9999 -9999 -9999 -9999 -9999 -9999 -9999 -9999 -9999 1.21196E-3 1.0969E-2 9.91749E-3 8.27621E-3 7.47275E-3 7.09627E-3 1.00871E-2 8.62893E-3 1.04117E-2 1.72619E-2 2.19779E-2 1.67028E-2 1.79103E-2 1.80238E-2 1.82057E-2 1.56814E-2 7.43924E-3 7.1587E-3 8.40148E-3 8.477E-3 6.40069E-3 2.54861E-3 3.88421E-3 8.1421E-3 7.48339E-3 4.18702E-3 9.16691E-3 8.19988E-3 7.38551E-3 7.30033E-3 8.8152E-3 2.04843E-2 1.3121E-2 5.93898E-3 7.38856E-3 6.83107E-3
-9999 -9999 -9999 -9999 -9999 -9999 -9999 -9999 -9999 -9999 -9999 -9999 -9999 -9999 -9999 -9999 -9999 -9999 -9999 -9999 -9999 -9999 -9999 -9999 2.74371E-3 2.41781E-2 1.24773E-2 1.11194E-2 1.08775E-2 8.55759E-3 1.03142E-2 1.12151E-2 1.08849E-2 1.05868E-2 1.8327E-2 3.05586E-2 3.02953E-2 2.98089E-2 2.98891E-2 2.16108E-2 2.0123E-2 1.96596E-2 2.31214E-2 2.00907E-2 1.44003E-2 6.40223E-3 7.67402E-3 8.43459E-3 1.03062E-2 1.05842E-2 1.01738E-2 8.50913E-3 6.76854E-3 6.98239E-3 7.95153E-3 1.59858E-2 1.64235E-2 1.4905E-2 6.2599E-3 8.96162E-3
-9999 -9999 -9999 -9999 -9999 -9999 -9999 -9999 -9999 -9999 -9999 -9999 -9999 -9999 -9999 -9999 -9999 -9999 -9999 -9999 -9999 -9999 -9999 -9999 4.45972E-3 2.83538E-2 7.5555E-3 1.20719E-2 1.64339E-2 2.10811E-2 9.08663E-3 1.65999E-2 1.81265E-2 1.79433E-2 2.2929E-2 3.22992E-2 3.40692E-2 1.84399E-2 3.47151E-2 3.39798E-2 2.28561E-2 2.40206E-2 2.28309E-2 1.89659E-2 1.46282E-2 7.01874E-3 7.98598E-3 8.8557E-3 8.05905E-3 1.13892E-2 1.02259E-2 8.21745E-3 5.57828E-3 4.72265E-3 4.54463E-3 1.16267E-2 1.06376E-2 8.01151E-3 4.52986E-3 4.85795E-3
-9999 -9999 -9999 -9999 -9999 -9999 -9999 -9999 -9999 -9999 -9999 -9999 -9999 -9999 -9999 -9999 -9999 -9999 -9999 -9999 -9999 -9999 -9999 9.18818E-3 2.64731E-2 1.64515E-2 1.34076E-2 1.66308E-2 2.42276E-2 2.34457E-2 2.15872E-2 2.09503E-2 2.23141E-2 2.19275E-2 2.4544E-2 3.63485E-2 3.62053E-2 3.85038E-2 3.51761E-2 3.50046E-2 2.17429E-2 2.69815E-2 1.98737E-2 1.66431E-2 1.3223E-2 7.39352E-3 9.57541E-3 8.42773E-3 7.07457E-3 1.13891E-2 1.0419E-2 8.30955E-3 4.99621E-3 4.43132E-3 4.04263E-3 8.18628E-3 6.56213E-3 6.15591E-3 3.84493E-3 4.41198E-3
-9999 -9999 -9999 -9999 -9999 -9999 -9999 -9999 -9999 -9999 -9999 -9999 -9999 -9999 -9999 -9999 -9999 -9999 -9999 -9999 -9999 -9999 -9999 8.07757E-3 1.2418E-2 1.19701E-2 1.20078E-2 2.00982E-2 2.46221E-2 2.14437E-2 2.20866E-2 1.93885E-2 1.97956E-2 1.93585E-2 2.35412E-2 3.35845E-2 3.68382E-2 3.98377E-2 3.42231E-2 3.26349E-2 2.25928E-2 3.40268E-2 2.58685E-2 2.27871E-2 2.11588E-2 1.03538E-2 1.05913E-2 6.86628E-3 4.37629E-3 7.18332E-3 6.57495E-3 4.02798E-3 5.05687E-3 3.51906E-3 2.56558E-3 6.0904E-3 4.73399E-3 5.04082E-3 3.79196E-3 3.37767E-3
-9999 -9999 -9999 -9999 -9999 -9999 -9999 -9999 -9999 -9999 -9999 -9999 -9999 -9999 -9999 -9999 -9999 -9999 -9999 -9999 -9999 -9999 -9999 4.52098E-3 5.91503E-3 1.056E-2 1.51033E-2 2.09307E-2 2.24518E-2 1.96804E-2 1.90315E-2 1.73136E-2 1.73991E-2 1.85583E-2 2.29028E-2 2.95639E-2 3.34271E-2 3.52132E-2 3.01671E-2 3.51729E-2 2.96299E-2 4.09E-2 3.07343E-2 3.97721E-2 3.13062E-2 1.16926E-2 1.01142E-2 6.90219E-3 2.64679E-3 2.42557E-3 2.42625E-3 2.44113E-3 4.14295E-3 3.85806E-3 3.05889E-3 7.01957E-3 5.65174E-3 5.40845E-3 4.35277E-3 3.689E-3
-9999 -9999 -9999 -9999 -9999 -9999 -9999 -9999 -9999 -9999 -9999 -9999 -9999 -9999 -9999 -9999 -9999 -9999 -9999 -9999 -9999 -9999 7.95793E-3 1.73159E-2 1.24063E-2 1.71686E-2 2.44589E-2 2.41151E-2 2.22552E-2 2.02415E-2 2.28611E-2 2.06515E-2 2.3548E-2 2.46152E-2 2.5148E-2 2.97887E-2 3.22088E-2 3.89543E-2 4.17838E-2 5.80825E-2 6.84326E-2 8.44106E-2 8.30901E-2 8.41303E-2 6.08084E-2 1.30947E-2 1.22187E-2 7.15282E-3 5.09047E-3 5.42797E-3 7.16791E-3 6.84911E-3 7.22416E-3 5.97419E-3 4.19226E-3 1.18667E-2 8.51402E-3 4.6205E-3 2.95134E-3 3.32944E-3
-9999 -9999 -9999 -9999 -9999 -9999 -9999 -9999 -9999 -9999 -9999 -9999 -9999 -9999 -9999 -9999 -9999 -9999 -9999 -9999 -9999 -9999 6.44033E-3 8.76047E-3 1.3571E-2 2.02498E-2 2.25778E-2 1.94338E-2 2.13625E-2 1.98699E-2 2.12457E-2 2.08043E-2 2.70006E-2 2.2815E-2 2.2448E-2 2.6342E-2 3.65504E-2 5.06908E-2 4.97121E-2 6.60284E-2 7.36823E-2 8.54787E-2 7.56056E-2 6.17542E-2 4.90479E-2 1.55936E-2 1.37858E-2 1.12297E-2 9.59217E-3 5.5661E-3 1.0028E-2 1.0351E-2 8.69656E-3 3.90319E-3 1.03139E-2 1.37128E-2 1.08524E-2 6.39255E-3 3.48368E-3 4.10007E-3
-9999 -9999 -9999 -9999 -9999 -9999 -9999 -9999 -9999 -9999 -9999 -9999 -9999 -9999 -9999 -9999 -9999 -9999 -9999 -9999 -9999 -9999 9.18706E-3 1.3927E-2 1.8414E-2 1.86422E-2 1.66005E-2 1.28145E-2 1.57815E-2 1.5817E-2 1.89604E-2 1.99213E-2 2.58489E-2 1.99268E-2 2.50595E-2 3.80293E-2 5.78175E-2 5.90095E-2 4.98903E-2 6.17202E-2 8.64483E-2 8.85868E-2 3.49255E-2 4.07887E-2 3.97098E-2 1.26674E-2 1.1776E-2 9.14881E-3 1.21807E-2 9.68052E-3 1.10529E-2 1.41561E-2 1.26258E-2 1.19796E-2 1.4495E-2 1.72867E-2 5.41297E-3 5.38861E-3 3.78016E-3 5.23976E-3
