Phytophthora/models/20240429_1812_56/Phytophthora_PA2_RUN6_MAXENT_outputs/Phytophthora_PA2_RUN6.asc
ncols         225
nrows         269
xllcorner     473000.0
yllcorner     4429100.0
cellsize      50.0
NODATA_value  -9999
[rows 135 to 161 of 269, columns 60 to 119 of 225]
2.50288E-1 1.5086E-1 2.69795E-1 2.84243E-1 2.71058E-1 3.79797E-1 3.78277E-1 3.70983E-1 4.13575E-1 4.45271E-1 5.18763E-1 5.73069E-1 4.49257E-1 4.87599E-1 5.29412E-1 6.24743E-1 6.2426E-1 5.98228E-1 5.70301E-1 4.4703E-1 3.93724E-1 4.28338E-1 5.53734E-1 4.54423E-1 4.26634E-1 4.15176E-1 4.14707E-1 2.98051E-1 2.313E-1 2.28629E-1 2.4074E-1 2.08439E-1 1.96395E-1 2.27711E-1 2.62454E-1 2.57407E-1 3.73778E-1 3.92415E-1 4.02019E-1 2.78169E-1 3.40396E-1 3.665E-1 3.36346E-1 3.06224E-1 3.21214E-1 1.94954E-1 2.35636E-1 3.74197E-1 4.04075E-1 4.14458E-1 3.92349E-1 3.57814E-1 2.47856E-1 3.91845E-1 3.8261E-1 4.08133E-1 2.65611E-1 1.98583E-1 1.72553E-1 1.54402E-1
2.46855E-1 3.83128E-1 3.61281E-1 3.28919E-1 3.2438E-1 2.43072E-1 4.11702E-1 4.25212E-1 4.30848E-1 4.28421E-1 4.91055E-1 5.14784E-1 3.57945E-1 1.49767E-1 4.10876E-1 6.48927E-1 6.97521E-1 6.58615E-1 5.97843E-1 4.88447E-1 5.01905E-1 5.26788E-1 4.70352E-1 5.33046E-1 5.27604E-1 4.9621E-1 5.50359E-1 4.79588E-1 4.32715E-1 3.94474E-1 3.00045E-1 2.631E-1 2.59128E-1 2.66426E-1 3.55787E-1 4.17657E-1 5.25094E-1 6.03775E-1 5.79213E-1 5.69691E-1 5.53851E-1 6.22096E-1 5.87255E-1 5.8071E-1 5.65117E-1 3.55066E-1 3.9242E-1 5.09914E-1 6.10901E-1 6.30631E-1 5.83264E-1 5.53238E-1 5.64437E-1 6.01353E-1 6.43624E-1 3.53112E-1 3.69264E-1 2.81714E-1 2.4991E-1 2.54096E-1
2.67176E-1 4.18887E-1 2.02475E-1 2.32088E-1 1.91316E-1 3.91879E-1 4.39275E-1 4.33368E-1 4.36587E-1 4.13562E-1 4.99957E-1 4.78766E-1 2.14696E-1 3.06353E-1 2.939E-1 5.73051E-1 6.18383E-1 5.49771E-1 5.33879E-1 5.07539E-1 5.38875E-1 5.76054E-1 6.06639E-1 5.95466E-1 4.97981E-1 4.78614E-1 2.54522E-1 4.55349E-1 4.19212E-1 3.64241E-1 2.82288E-1 2.57019E-1 2.56829E-1 3.03265E-1 3.72838E-1 4.65503E-1 5.04133E-1 5.3112E-1 6.35457E-1 6.39661E-1 6.45781E-1 6.39171E-1 6.36534E-1 6.34448E-1 6.16736E-1 3.92701E-1 3.5404E-1 5.47318E-1 5.49293E-1 5.91716E-1 6.2765E-1 5.21222E-1 5.63234E-1 5.73998E-1 6.24587E-1 2.93699E-1 3.01733E-1 2.68986E-1 2.4489E-1 2.50925E-1
1.99891E-1 2.52308E-1 3.16769E-1 3.11023E-1 3.17709E-1 3.85667E-1 3.79989E-1 3.75E-1 3.61787E-1 5.19548E-1 1.83277E-1 3.03246E-1 3.15347E-1 3.0089E-1 3.19543E-1 5.4797E-1 6.19083E-1 6.00089E-1 6.54681E-1 6.71965E-1 6.52538E-1 6.61575E-1 5.65473E-1 5.36194E-1 4.43793E-1 2.85999E-1 4.45379E-1 4.60875E-1 4.03367E-1 3.46247E-1 2.65666E-1 2.4953E-1 2.82818E-1 3.41693E-1 4.31564E-1 5.04478E-1 5.65926E-1 5.41859E-1 5.95446E-1 6.57795E-1 6.74612E-1 5.63589E-1 5.74935E-1 5.40281E-1 4.95525E-1 4.97369E-1 4.32662E-1 5.09055E-1 4.96432E-1 5.71761E-1 6.02746E-1 4.98394E-1 5.01975E-1 5.78075E-1 5.18422E-1 1.17299E-1 3.01461E-1 2.27497E-1 2.13189E-1 2.10324E-1
4.80322E-1 4.77788E-1 3.33678E-1 3.13393E-1 3.21207E-1 3.86673E-1 3.90527E-1 3.65655E-1 3.04947E-1 4.77471E-1 4.09873E-1 2.50019E-1 1.42204E-1 1.45835E-1 1.91941E-1 5.02035E-1 6.01165E-1 6.4651E-1 7.10598E-1 7.09526E-1 6.07995E-1 5.38619E-1 5.19598E-1 2.9558E-1 4.83761E-1 4.6432E-1 4.44785E-1 4.20479E-1 3.6105E-1 3.07953E-1 2.60268E-1 2.41197E-1 2.90489E-1 3.45948E-1 4.47782E-1 5.01099E-1 5.85322E-1 6.29849E-1 5.69981E-1 6.64893E-1 3.65482E-1 5.11851E-1 5.1702E-1 5.24559E-1 5.15837E-1 5.01455E-1 5.47264E-1 5.21063E-1 5.00014E-1 5.45242E-1 5.83791E-1 5.3149E-1 3.04296E-1 4.76544E-1 4.21623E-1 2.91892E-1 2.81542E-1 2.44987E-1 2.39805E-1 2.5018E-1
2.19364E-1 1.69629E-1 3.10355E-1 3.13834E-1 2.8865E-1 3.95773E-1 3.86302E-1 3.59271E-1 3.16674E-1 2.54136E-1 1.78254E-1 1.3906E-1 1.70522E-1 2.11072E-1 3.03516E-1 5.14771E-1 6.5168E-1 7.16739E-1 7.36865E-1 6.60657E-1 5.78513E-1 5.44013E-1 5.08904E-1 4.86677E-1 4.70075E-1 4.47962E-1 4.41395E-1 3.90934E-1 3.14592E-1 2.79566E-1 2.63172E-1 2.92867E-1 3.50701E-1 3.52836E-1 4.59455E-1 5.35123E-1 6.05977E-1 6.65372E-1 6.74459E-1 6.86277E-1 5.27755E-1 5.31076E-1 5.32505E-1 5.35254E-1 5.23162E-1 4.71082E-1 4.99887E-1 5.23574E-1 4.9453E-1 5.43897E-1 5.04732E-1 5.28598E-1 6.69986E-1 6.33253E-1 2.98319E-1 2.64074E-1 3.0098E-1 2.8196E-1 2.71542E-1 2.67421E-1
3.30716E-1 1.97397E-1 3.609E-1 3.46358E-1 2.47054E-1 3.87738E-1 3.75939E-1 3.35212E-1 2.9195E-1 2.10185E-1 1.97794E-1 1.86899E-1 2.44819E-1 2.93479E-1 3.21681E-1 4.0845E-1 5.68739E-1 6.05315E-1 5.88862E-1 5.03754E-1 5.66572E-1 5.17498E-1 2.88838E-1 4.53226E-1 4.31397E-1 4.01573E-1 3.86524E-1 3.35349E-1 2.73507E-1 2.60175E-1 3.40442E-1 3.77718E-1 4.45024E-1 4.48157E-1 4.90192E-1 5.63995E-1 6.18029E-1 6.86473E-1 7.19958E-1 7.33857E-1 6.07185E-1 3.98226E-1 6.13236E-1 6.09293E-1 5.67509E-1 4.52276E-1 4.23979E-1 3.97634E-1 4.15515E-1 4.29748E-1 4.15643E-1 4.71511E-1 6.4052E-1 4.28143E-1 3.15864E-1 4.00076E-1 4.12466E-1 3.70451E-1 3.44526E-1 3.43839E-1
3.34814E-1 4.18158E-1 4.14373E-1 3.3855E-1 3.42892E-1 4.02944E-1 3.81385E-1 3.28565E-1 2.88108E-1 2.852E-1 2.67596E-1 2.60382E-1 2.84496E-1 3.18067E-1 3.53097E-1 4.06311E-1 5.02429E-1 6.02113E-1 6.03201E-1 4.93453E-1 4.11708E-1 4.09529E-1 4.61617E-1 4.4673E-1 4.19045E-1 4.00358E-1 3.319E-1 3.01134E-1 2.58586E-1 2.87668E-1 3.89763E-1 4.36237E-1 4.95618E-1 5.07008E-1 5.49656E-1 5.6168E-1 6.50617E-1 6.09339E-1 7.27796E-1 7.41762E-1 6.27797E-1 6.2203E-1 6.20441E-1 6.01427E-1 5.4148E-1 4.38705E-1 4.11642E-1 3.84868E-1 4.33808E-1 4.63942E-1 5.18577E-1 4.78499E-1 4.70082E-1 4.31159E-1 3.81712E-1 3.6319E-1 3.71056E-1 3.5026E-1 3.18431E-1 3.28428E-1
1.82241E-1 4.23041E-1 5.17142E-1 3.39216E-1 3.53543E-1 4.29588E-1 3.50395E-1 3.26248E-1 3.06395E-1 2.45218E-1 1.05304E-1 2.80818E-1 3.18761E-1 3.49995E-1 3.90453E-1 4.3931E-1 4.36218E-1 6.04051E-1 5.90087E-1 5.97026E-1 5.74109E-1 4.99375E-1 4.55012E-1 4.40582E-1 3.92587E-1 3.91338E-1 3.05111E-1 2.57605E-1 2.6844E-1 3.20102E-1 4.42512E-1 5.01753E-1 5.24098E-1 5.18761E-1 5.44825E-1 5.95128E-1 6.31281E-1 7.25088E-1 7.32667E-1 7.48759E-1 6.1265E-1 6.12121E-1 6.0225E-1 5.81718E-1 5.45313E-1 4.0292E-1 3.78993E-1 4.1614E-1 4.68049E-1 4.60983E-1 5.29468E-1 3.30359E-1 5.15201E-1 4.63788E-1 4.29514E-1 3.94702E-1 3.56574E-1 2.99617E-1 3.16941E-1 3.48983E-1
1.90918E-1 2.64967E-1 3.30475E-1 3.49594E-1 3.76484E-1 4.2733E-1 3.7954E-1 3.64291E-1 3.35501E-1 3.03064E-1 1.73937E-1 3.09152E-1 3.52091E-1 3.71372E-1 4.1593E-1 4.48517E-1 4.38219E-1 4.23474E-1 5.95735E-1 6.00151E-1 5.26227E-1 4.70284E-1 4.20707E-1 4.03996E-1 3.59807E-1 3.78248E-1 2.63486E-1 2.50196E-1 3.08225E-1 3.58782E-1 5.32688E-1 5.48774E-1 5.2963E-1 5.09921E-1 5.36482E-1 4.20764E-1 6.16073E-1 7.10602E-1 6.00605E-1 7.52138E-1 6.87551E-1 6.02242E-1 5.67745E-1 5.67746E-1 5.53047E-1 3.89056E-1 3.55994E-1 4.38095E-1 4.44331E-1 3.91612E-1 4.9016E-1 2.62074E-1 5.16924E-1 4.31059E-1 3.71899E-1 3.26512E-1 2.87156E-1 2.85773E-1 3.05083E-1 4.26532E-1
3.64329E-1 1.57524E-1 3.95282E-1 4.12883E-1 4.01445E-1 4.19346E-1 3.87052E-1 3.87651E-1 3.54476E-1 3.37798E-1 2.40157E-1 3.66001E-1 3.74343E-1 3.92118E-1 4.32835E-1 4.53495E-1 2.68122E-1 4.31504E-1 4.44571E-1 5.88729E-1 5.00952E-1 4.12855E-1 3.77361E-1 3.65972E-1 3.45589E-1 3.55591E-1 2.59793E-1 2.52414E-1 3.09976E-1 3.98267E-1 5.42116E-1 5.23511E-1 5.08707E-1 5.07144E-1 5.41612E-1 5.64675E-1 5.82935E-1 4.9549E-1 7.40623E-1 7.50414E-1 7.75229E-1 6.52886E-1 5.64384E-1 5.59866E-1 5.25288E-1 3.9289E-1 3.67028E-1 4.1302E-1 6.38817E-1 3.95815E-1 6.54009E-1 6.27953E-1 4.45759E-1 4.61438E-1 4.21475E-1 3.78964E-1 3.37534E-1 3.20815E-1 3.35732E-1 4.0924E-1
5.31834E-1 5.72333E-1 4.98107E-1 4.94074E-1 4.39452E-1 2.985E-1 3.82126E-1 4.06999E-1 4.07032E-1 3.69677E-1 4.73601E-1 4.03083E-1 4.06617E-1 3.82979E-1 4.3923E-1 5.39984E-1 5.29421E-1 5.24274E-1 5.16211E-1 6.37735E-1 4.62174E-1 4.16991E-1 3.68842E-1 3.64788E-1 3.63616E-1 2.78987E-1 2.06165E-1 2.09156E-1 2.42755E-1 3.03539E-1 4.87803E-1 4.45367E-1 4.2906E-1 4.38637E-1 4.82339E-1 5.47048E-1 5.5827E-1 5.48257E-1 5.55233E-1 7.39985E-1 7.87826E-1 7.73925E-1 6.54066E-1 6.32059E-1 5.71701E-1 1.72048E-1 3.1762E-1 2.90246E-1 5.263E-1 5.36098E-1 5.96247E-1 5.2812E-1 4.38122E-1 2.94063E-1 4.02401E-1 3.26404E-1 2.94799E-1 2.58528E-1 1.708E-1 3.80564E-1
2.86686E-1 4.94765E-1 3.69769E-1 4.68869E-1 4.22771E-1 3.89984E-1 2.73201E-1 4.16308E-1 4.35202E-1 3.94688E-1 3.85473E-1 5.44914E-1 4.30543E-1 4.21403E-1 4.4809E-1 5.48613E-1 5.37614E-1 5.25238E-1 5.17456E-1 4.62285E-1 4.67768E-1 3.91427E-1 3.28438E-1 3.28159E-1 3.66278E-1 2.82129E-1 2.16608E-1 2.3259E-1 2.40013E-1 3.0936E-1 4.69542E-1 4.60779E-1 4.11241E-1 4.11704E-1 4.62007E-1 5.54824E-1 5.71502E-1 5.60789E-1 5.63051E-1 5.78195E-1 7.97536E-1 7.75127E-1 7.45167E-1 3.37277E-1 2.72915E-1 1.4126E-1 4.69012E-1 2.79272E-1 4.09121E-1 4.38719E-1 3.46995E-1 3.61556E-1 4.00247E-1 3.96959E-1 3.73913E-1 2.30793E-1 3.13943E-1 2.85986E-1 2.55416E-1 1.28051E-1
4.01884E-1 3.08447E-1 3.64373E-1 4.00322E-1 3.89756E-1 3.89422E-1 4.15302E-1 4.4652E-1 4.4206E-1 4.07439E-1 2.24269E-1 3.01809E-1 4.62074E-1 4.49786E-1 4.69687E-1 5.61878E-1 4.64004E-1 5.23978E-1 5.36266E-1 5.25777E-1 4.87703E-1 3.9712E-1 3.54665E-1 3.6232E-1 4.4184E-1 3.04756E-1 2.4158E-1 2.60313E-1 2.40999E-1 3.35298E-1 4.49363E-1 4.74495E-1 4.09117E-1 3.99475E-1 4.8584E-1 5.44879E-1 5.67344E-1 5.56996E-1 5.62644E-1 5.83014E-1 6.4542E-1 7.67856E-1 5.73826E-1 6.21827E-1 2.83114E-1 1.86033E-1 1.80941E-1 1.54802E-1 2.18881E-1 2.87415E-1 2.96735E-1 3.21748E-1 3.69382E-1 3.92339E-1 3.65419E-1 2.92196E-1 2.89291E-1 3.06262E-1 2.43334E-1 1.64194E-1
4.00971E-1 3.02717E-1 3.26598E-1 3.39409E-1 3.51614E-1 3.7418E-1 4.41052E-1 5.5611E-1 1.5951E-1 4.37107E-1 3.50322E-1 3.62661E-1 4.49153E-1 4.38366E-1 3.30394E-1 5.74152E-1 3.72422E-1 5.30135E-1 5.51615E-1 6.06649E-1 5.27997E-1 4.37964E-1 3.98923E-1 4.16693E-1 5.0146E-1 3.46177E-1 2.94071E-1 3.25067E-1 2.83937E-1 3.74863E-1 4.39303E-1 4.60597E-1 4.26788E-1 4.09563E-1 5.1076E-1 5.30187E-1 5.30703E-1 5.16458E-1 5.28826E-1 5.55657E-1 6.22588E-1 6.61968E-1 6.83052E-1 3.2734E-1 2.51472E-1 1.65844E-1 1.34302E-1 1.73561E-1 1.94278E-1 4.10558E-1 1.67497E-1 2.44805E-1 2.94483E-1 2.8659E-1 3.39817E-1 2.87609E-1 2.97634E-1 2.77992E-1 2.12467E-1 1.5061E-1
4.95557E-1 3.44273E-1 3.55802E-1 3.59267E-1 3.63079E-1 3.8134E-1 4.42167E-1 3.56547E-1 4.76504E-1 3.37809E-1 4.48286E-1 4.24434E-1 4.48175E-1 2.78159E-1 4.7511E-1 5.75961E-1 5.49291E-1 5.29013E-1 5.1354E-1 6.1151E-1 5.46933E-1 4.82679E-1 4.58008E-1 4.86234E-1 5.5516E-1 3.95036E-1 3.8085E-1 3.68588E-1 3.18776E-1 4.04731E-1 4.24124E-1 4.46475E-1 4.56709E-1 4.4531E-1 5.24555E-1 5.08242E-1 4.98249E-1 4.74687E-1 4.83316E-1 5.13227E-1 5.92003E-1 3.13716E-1 3.84222E-1 3.2273E-1 2.76175E-1 1.7879E-1 1.47619E-1 3.90972E-1 3.92797E-1 2.96087E-1 3.91263E-1 1.67048E-1 2.7159E-1 3.38388E-1 3.1874E-1 2.62449E-1 2.67859E-1 2.31587E-1 1.92045E-1 1.72855E-1
5.81105E-1 4.30072E-1 4.50623E-1 4.62207E-1 4.64651E-1 4.80403E-1 4.95593E-1 4.55379E-1 5.18457E-1 5.28675E-1 6.97911E-1 6.85338E-1 6.45119E-1 6.70323E-1 6.88105E-1 6.80361E-1 6.54502E-1 6.35996E-1 5.96038E-1 6.00216E-1 6.78562E-1 6.51323E-1 6.24652E-1 7.27388E-1 7.06631E-1 5.9709E-1 5.84954E-1 5.08314E-1 5.09227E-1 5.38797E-1 6.10336E-1 6.02014E-1 5.91583E-1 6.17196E-1 6.4456E-1 6.37451E-1 6.1883E-1 5.86821E-1 5.83715E-1 5.71244E-1 5.0773E-1 2.84583E-1 3.58758E-1 3.25132E-1 3.33674E-1 3.27631E-1 2.09282E-1 1.58922E-1 4.26281E-1 2.99573E-1 1.76087E-1 1.67601E-1 1.88589E-1 2.15655E-1 2.66626E-1 3.64182E-1 3.47727E-1 3.43558E-1 4.26589E-1 4.01117E-1
4.78565E-1 5.11383E-1 5.13052E-1 5.04127E-1 4.90389E-1 4.88043E-1 3.92112E-1 4.06828E-1 4.91739E-1 5.46468E-1 5.13482E-1 6.23977E-1 6.81006E-1 6.78714E-1 6.86246E-1 6.42344E-1 6.0604E-1 5.91626E-1 6.11257E-1 6.07972E-1 6.63826E-1 6.3994E-1 6.67665E-1 7.84077E-1 7.31569E-1 6.37659E-1 6.06076E-1 5.56334E-1 5.50943E-1 5.48453E-1 6.36211E-1 6.29343E-1 5.77529E-1 6.48131E-1 6.87782E-1 7.26032E-1 6.93059E-1 6.31176E-1 5.88593E-1 5.63607E-1 3.11513E-1 3.67109E-1 3.70218E-1 3.43714E-1 3.51755E-1 3.85139E-1 3.07161E-1 2.27456E-1 4.52291E-1 3.36996E-1 1.87324E-1 3.85296E-1 1.60602E-1 1.90033E-1 2.35514E-1 3.10014E-1 3.30769E-1 3.59502E-1 4.05957E-1 3.83574E-1
5.07335E-1 5.43254E-1 5.10213E-1 3.76711E-1 3.02211E-1 4.86888E-1 4.82326E-1 5.00422E-1 5.00175E-1 5.52239E-1 7.13829E-1 6.9214E-1 7.07636E-1 6.71258E-1 6.6515E-1 6.11136E-1 6.22157E-1 6.42922E-1 6.90804E-1 6.77431E-1 6.79652E-1 5.41379E-1 7.26913E-1 7.96452E-1 7.46098E-1 6.90739E-1 6.54854E-1 6.01817E-1 5.96824E-1 5.95931E-1 6.88486E-1 6.57837E-1 5.39601E-1 6.84271E-1 7.25324E-1 7.75028E-1 7.86494E-1 7.78362E-1 6.56783E-1 4.44926E-1 3.22464E-1 3.57464E-1 3.39051E-1 3.17045E-1 3.25466E-1 3.8306E-1 4.33022E-1 4.43775E-1 4.77799E-1 4.50785E-1 2.75687E-1 1.53773E-1 1.3396E-1 1.335E-1 1.6571E-1 2.55714E-1 3.04453E-1 3.03013E-1 3.27609E-1 3.25749E-1
5.19194E-1 5.59175E-1 4.00858E-1 5.3226E-1 5.0425E-1 4.88919E-1 4.97387E-1 5.03721E-1 4.8875E-1 5.57068E-1 7.32817E-1 7.23342E-1 7.03159E-1 6.7978E-1 6.78588E-1 6.58933E-1 6.73394E-1 6.96761E-1 7.5101E-1 7.39481E-1 7.03422E-1 7.11036E-1 7.69589E-1 8.00195E-1 7.58079E-1 7.32904E-1 6.75795E-1 6.37554E-1 6.35742E-1 6.36456E-1 7.12161E-1 6.77888E-1 5.22895E-1 7.15257E-1 7.57291E-1 7.65626E-1 8.18846E-1 8.19364E-1 5.26949E-1 6.38441E-1 4.63266E-1 4.42798E-1 3.7837E-1 3.49449E-1 3.60335E-1 4.00561E-1 4.5067E-1 4.81694E-1 5.04601E-1 4.82378E-1 2.17908E-1 1.80823E-1 1.91374E-1 1.92881E-1 2.11377E-1 2.94206E-1 2.83626E-1 3.5087E-1 3.9404E-1 4.50589E-1
5.24688E-1 5.42969E-1 4.2166E-1 5.03149E-1 4.63775E-1 4.50389E-1 4.99328E-1 5.23696E-1 4.45002E-1 5.6763E-1 7.43911E-1 7.17218E-1 6.53899E-1 6.91584E-1 6.94164E-1 6.91314E-1 6.89074E-1 6.79417E-1 7.59384E-1 7.28889E-1 6.97561E-1 7.36939E-1 7.69496E-1 7.88814E-1 7.76843E-1 7.50837E-1 6.73832E-1 6.46511E-1 6.50393E-1 6.4348E-1 7.14624E-1 6.90114E-1 6.90727E-1 7.34469E-1 7.78889E-1 7.93335E-1 8.36111E-1 6.56018E-1 8.33675E-1 7.34006E-1 5.04915E-1 4.15631E-1 3.91561E-1 4.23479E-1 4.38684E-1 4.3756E-1 4.84046E-1 5.10619E-1 5.52012E-1 5.13475E-1 3.12893E-1 3.18551E-1 2.55976E-1 1.97915E-1 2.42058E-1 3.46465E-1 3.97288E-1 4.51222E-1 4.64424E-1 4.72374E-1
4.73384E-1 3.0371E-1 4.48395E-1 4.31858E-1 3.92444E-1 3.76087E-1 3.83805E-1 5.13804E-1 4.97069E-1 5.25329E-1 5.33289E-1 4.9632E-1 3.19376E-1 4.69204E-1 5.2693E-1 6.77041E-1 5.0549E-1 7.33887E-1 6.86044E-1 6.17679E-1 4.60491E-1 7.1339E-1 7.68447E-1 7.37747E-1 7.53001E-1 7.96577E-1 7.08753E-1 7.02093E-1 7.08414E-1 6.76368E-1 6.68885E-1 7.08974E-1 7.0046E-1 7.43395E-1 7.80909E-1 6.96225E-1 7.29748E-1 6.39279E-1 6.61942E-1 6.03563E-1 5.83975E-1 5.88845E-1 5.81821E-1 5.73362E-1 4.99817E-1 3.84726E-1 3.6222E-1 4.53186E-1 5.09235E-1 5.30003E-1 5.92767E-1 4.92884E-1 5.42742E-1 5.2471E-1 4.63827E-1 2.95449E-1 3.2384E-1 2.77788E-1 3.34566E-1 3.38646E-1
3.86858E-1 3.52019E-1 4.27652E-1 4.02091E-1 3.62126E-1 3.45903E-1 3.17461E-1 3.13326E-1 5.34641E-1 4.87462E-1 5.06793E-1 4.6739E-1 3.28633E-1 4.56503E-1 5.18738E-1 6.83589E-1 6.72322E-1 7.90774E-1 6.84707E-1 6.34885E-1 6.43488E-1 7.80533E-1 7.72025E-1 7.67796E-1 7.6665E-1 8.06578E-1 7.10242E-1 7.17288E-1 7.09811E-1 6.79084E-1 6.71296E-1 6.56093E-1 6.97178E-1 7.43437E-1 7.79441E-1 6.40154E-1 6.05483E-1 5.93886E-1 6.43501E-1 5.31918E-1 4.98876E-1 5.54676E-1 5.73314E-1 5.71544E-1 5.19474E-1 4.57597E-1 4.89161E-1 5.00805E-1 5.06862E-1 5.38734E-1 6.37541E-1 6.1487E-1 5.80334E-1 5.75806E-1 4.87036E-1 2.98176E-1 3.55697E-1 3.816E-1 3.2972E-1 2.83123E-1
2.40892E-1 4.53162E-1 4.24658E-1 3.98238E-1 3.48913E-1 3.26758E-1 3.02403E-1 2.26841E-1 4.70043E-1 4.74731E-1 4.91906E-1 4.59328E-1 2.86912E-1 4.29251E-1 5.43516E-1 7.20009E-1 6.83858E-1 7.75742E-1 6.18763E-1 6.31006E-1 7.89582E-1 7.9449E-1 7.95971E-1 7.9297E-1 7.91008E-1 8.08426E-1 7.21282E-1 7.16357E-1 7.11438E-1 6.92733E-1 6.78056E-1 6.59979E-1 6.72488E-1 6.83601E-1 2.04562E-1 3.9E-1 3.53546E-1 4.22268E-1 6.53094E-1 6.66613E-1 7.14115E-1 6.59109E-1 6.12264E-1 6.16044E-1 5.81949E-1 5.13584E-1 4.735E-1 4.16117E-1 3.95028E-1 4.87328E-1 5.60939E-1 5.88454E-1 5.72184E-1 5.41734E-1 5.15631E-1 4.25429E-1 4.52173E-1 3.83532E-1 3.91072E-1 4.18339E-1
4.42395E-1 4.46986E-1 4.22804E-1 3.92008E-1 3.36759E-1 3.33781E-1 1.39969E-1 3.49085E-1 3.14086E-1 4.25835E-1 4.40721E-1 4.41871E-1 4.40218E-1 3.88985E-1 5.53738E-1 7.07529E-1 6.68458E-1 6.19833E-1 6.29781E-1 7.6749E-1 7.9128E-1 6.27195E-1 7.52561E-1 7.93644E-1 7.9478E-1 8.09543E-1 7.18543E-1 7.17123E-1 5.38603E-1 7.02166E-1 7.00746E-1 7.09175E-1 6.96203E-1 2.90766E-1 4.63416E-1 4.5627E-1 4.28572E-1 4.17074E-1 7.81647E-1 5.78847E-1 6.26783E-1 6.68478E-1 6.47387E-1 6.43211E-1 6.15668E-1 5.36516E-1 4.85885E-1 4.05556E-1 3.19074E-1 3.62854E-1 5.25709E-1 5.36812E-1 5.76515E-1 6.85901E-1 6.09343E-1 4.04556E-1 3.89443E-1 4.06226E-1 4.8214E-1 5.01382E-1
4.65339E-1 4.43999E-1 4.10783E-1 3.78694E-1 3.37912E-1 3.75148E-1 3.10803E-1 4.86087E-1 4.35362E-1 4.63144E-1 4.58759E-1 4.2802E-1 4.32192E-1 4.56805E-1 5.1451E-1 5.25022E-1 7.44041E-1 5.80398E-1 7.26543E-1 7.82886E-1 7.53718E-1 7.2696E-1 7.9539E-1 7.97147E-1 7.94715E-1 7.63241E-1 7.24493E-1 5.79169E-1 7.01158E-1 6.81037E-1 6.93432E-1 6.89984E-1 6.62557E-1 4.8737E-1 5.6838E-1 5.69488E-1 5.06668E-1 4.00707E-1 1.80416E-1 2.73725E-1 2.76842E-1 5.46225E-1 6.32646E-1 6.9362E-1 6.25111E-1 5.14507E-1 4.66996E-1 3.887E-1 3.08528E-1 2.41935E-1 1.7278E-1 3.51309E-1 6.6991E-1 6.47893E-1 5.37321E-1 3.10174E-1 3.09603E-1 3.05677E-1 4.66912E-1 4.82782E-1
4.09168E-1 4.1183E-1 4.12964E-1 4.31533E-1 4.06867E-1 3.04005E-1 5.44949E-1 5.18476E-1 4.76935E-1 3.24719E-1 3.56925E-1 4.54017E-1 4.56394E-1 3.65437E-1 5.77166E-1 4.12173E-1 6.66315E-1 6.51112E-1 7.05203E-1 7.18068E-1 7.14051E-1 7.3103E-1 8.09844E-1 6.69126E-1 8.14031E-1 7.21013E-1 6.64341E-1 6.37176E-1 5.74306E-1 6.08784E-1 6.17614E-1 5.92767E-1 6.40858E-1 5.53331E-1 6.29146E-1 6.08287E-1 5.89129E-1 5.51849E-1 4.90416E-1 4.33402E-1 3.57382E-1 3.73186E-1 4.04345E-1 4.4283E-1 2.96927E-1 4.35609E-1 3.40301E-1 2.71896E-1 2.3722E-1 1.93984E-1 8.45359E-2 1.81237E-1 2.98601E-1 1.52425E-1 1.86983E-1 1.76815E-1 2.07509E-1 2.22887E-1 4.05595E-1 4.6978E-1
