Phytophthora/models/20240429_1812_56/Phytophthora_PA2_RUN6_MAXENT_outputs/Phytophthora_PA2_RUN6.asc
ncols         225
nrows         269
xllcorner     473000.0
yllcorner     4429100.0
cellsize      50.0
NODATA_value  -9999
[rows 162 to 188 of 269, columns 60 to 119 of 225]
3.45916E-1 1.4923E-1 3.32812E-1 2.76402E-1 2.98396E-1 2.82994E-1 3.85195E-1 3.62963E-1 3.30343E-1 3.59022E-1 3.4855E-1 4.49221E-1 4.68626E-1 3.90814E-1 6.00851E-1 5.50965E-1 6.73872E-1 6.30362E-1 6.37603E-1 6.61909E-1 6.65171E-1 6.81136E-1 7.00465E-1 5.22329E-1 8.09969E-1 6.51301E-1 5.79832E-1 5.2821E-1 6.56319E-1 6.31799E-1 6.04907E-1 5.7814E-1 6.34249E-1 6.78017E-1 6.25738E-1 5.7614E-1 5.39275E-1 5.21679E-1 4.62279E-1 4.20417E-1 3.52524E-1 2.96388E-1 2.17537E-1 3.19045E-1 3.04017E-1 3.14958E-1 2.81049E-1 2.34048E-1 2.06266E-1 1.77826E-1 8.05069E-2 2.16565E-1 1.66766E-1 6.51699E-2 8.51883E-2 2.11662E-1 2.96878E-1 3.37401E-1 3.72518E-1 5.28204E-1
1.17358E-1 4.07513E-1 4.53779E-1 3.2683E-1 2.63716E-1 1.92147E-1 1.64705E-1 2.63515E-1 3.5883E-1 4.14757E-1 4.49533E-1 4.4982E-1 4.88584E-1 5.38075E-1 5.77886E-1 5.43005E-1 7.05294E-1 6.44179E-1 5.96776E-1 6.213E-1 6.20248E-1 6.24392E-1 7.00077E-1 7.80885E-1 7.18802E-1 6.34762E-1 4.70827E-1 5.76032E-1 6.35275E-1 6.45973E-1 5.98521E-1 5.61891E-1 5.29952E-1 5.17811E-1 5.09723E-1 5.27383E-1 5.35641E-1 5.83599E-1 5.96819E-1 5.58331E-1 2.66439E-1 4.25434E-1 4.16606E-1 4.23656E-1 3.9191E-1 4.18864E-1 3.83321E-1 3.49235E-1 3.19097E-1 2.55387E-1 1.21901E-1 2.27358E-1 1.65242E-1 7.63465E-2 1.26255E-1 2.46821E-1 3.13749E-1 3.61682E-1 5.23995E-1 5.2476E-1
3.5604E-1 3.417E-1 3.05927E-1 2.98634E-1 2.91999E-1 2.74972E-1 3.24094E-1 3.75445E-1 4.12526E-1 2.79608E-1 4.47303E-1 4.43003E-1 4.40291E-1 4.84229E-1 4.99655E-1 -9999 6.16061E-1 5.50885E-1 5.89797E-1 6.02855E-1 5.78817E-1 6.01055E-1 5.79696E-1 7.91033E-1 6.97407E-1 6.29895E-1 6.32164E-1 5.6799E-1 6.62802E-1 6.61304E-1 6.11451E-1 5.57727E-1 5.32947E-1 5.77469E-1 5.75552E-1 6.21048E-1 6.4663E-1 6.70426E-1 6.7441E-1 6.35481E-1 5.06888E-1 4.08238E-1 3.24515E-1 3.10341E-1 3.00681E-1 3.36926E-1 3.36096E-1 3.20367E-1 2.97448E-1 2.37018E-1 1.22564E-1 7.16818E-2 2.39327E-1 2.70317E-1 3.0682E-1 3.11198E-1 3.44663E-1 5.32016E-1 5.69204E-1 3.45151E-1
2.7047E-1 2.91942E-1 3.85033E-1 4.56018E-1 3.63089E-1 3.48331E-1 3.86793E-1 3.90258E-1 4.0224E-1 3.97893E-1 4.5457E-1 4.54078E-1 4.20307E-1 4.0733E-1 4.32105E-1 4.32055E-1 5.74783E-1 5.83488E-1 6.62771E-1 6.59391E-1 6.07488E-1 5.91714E-1 7.6101E-1 7.43842E-1 6.95873E-1 6.2703E-1 6.29948E-1 4.99567E-1 6.57411E-1 6.67212E-1 6.49556E-1 6.31354E-1 4.44423E-1 5.83157E-1 6.28803E-1 6.8368E-1 7.22207E-1 7.35658E-1 6.64397E-1 6.64526E-1 5.2335E-1 4.76714E-1 3.77634E-1 3.38483E-1 3.1688E-1 3.38665E-1 3.20585E-1 3.28479E-1 3.13953E-1 2.87577E-1 2.13486E-1 2.36709E-1 2.57358E-1 2.94658E-1 3.28035E-1 3.4068E-1 5.48929E-1 4.53958E-1 5.1002E-1 4.42359E-1
2.97434E-1 3.38512E-1 3.97635E-1 4.20885E-1 4.34162E-1 4.31309E-1 4.35471E-1 4.19077E-1 4.52451E-1 4.67382E-1 5.66742E-1 5.81109E-1 5.70412E-1 5.70554E-1 6.01323E-1 7.10764E-1 5.25047E-1 7.44258E-1 8.26948E-1 7.86711E-1 6.97201E-1 6.21426E-1 6.56053E-1 5.16427E-1 7.52082E-1 5.52917E-1 6.1648E-1 6.17902E-1 6.5099E-1 6.6482E-1 6.64358E-1 6.57919E-1 5.58132E-1 5.59208E-1 5.71895E-1 5.45607E-1 5.88851E-1 5.76216E-1 4.5832E-1 4.16656E-1 4.79929E-1 5.0373E-1 4.39265E-1 3.72679E-1 3.31319E-1 3.30657E-1 3.19556E-1 3.2527E-1 3.70046E-1 3.91266E-1 2.92943E-1 3.15618E-1 3.57588E-1 4.01188E-1 4.47847E-1 5.87469E-1 6.13178E-1 4.5325E-1 2.70205E-1 3.83504E-1
3.17649E-1 3.65057E-1 3.96658E-1 3.91091E-1 4.45606E-1 4.75088E-1 4.60189E-1 4.49764E-1 4.41932E-1 4.72161E-1 4.44704E-1 5.86049E-1 5.99293E-1 5.94245E-1 6.75431E-1 8.15694E-1 7.94882E-1 8.07692E-1 8.63125E-1 8.26806E-1 6.96117E-1 6.48784E-1 6.51148E-1 7.26017E-1 7.90599E-1 6.06857E-1 6.08117E-1 6.30394E-1 5.7354E-1 6.78886E-1 5.62294E-1 6.00294E-1 4.54082E-1 5.01133E-1 5.02741E-1 4.50578E-1 4.45964E-1 3.02711E-1 4.10796E-1 4.27691E-1 5.38895E-1 5.13675E-1 4.67464E-1 3.94593E-1 3.44922E-1 3.32485E-1 3.27958E-1 3.29131E-1 4.03793E-1 3.7411E-1 2.99603E-1 3.3705E-1 3.85576E-1 4.44793E-1 5.21221E-1 4.10331E-1 3.3569E-1 2.59892E-1 2.12197E-1 1.66887E-1
3.67924E-1 4.31489E-1 4.44716E-1 4.17335E-1 4.53144E-1 4.80233E-1 4.66262E-1 4.53559E-1 4.41913E-1 4.70148E-1 5.6033E-1 5.95169E-1 5.95584E-1 5.39553E-1 6.63E-1 8.06664E-1 8.64397E-1 6.51443E-1 8.58996E-1 8.65203E-1 7.26699E-1 6.77584E-1 6.46577E-1 6.88286E-1 7.8208E-1 5.82512E-1 5.79365E-1 6.49653E-1 6.59771E-1 6.74433E-1 6.48876E-1 3.78594E-1 4.63538E-1 4.49612E-1 4.60248E-1 3.84413E-1 2.32047E-1 3.53271E-1 3.48204E-1 3.9179E-1 5.68315E-1 5.0341E-1 4.66086E-1 3.90483E-1 3.61493E-1 3.64443E-1 3.80156E-1 3.77952E-1 3.75812E-1 3.79571E-1 3.0907E-1 3.65682E-1 4.14333E-1 4.67012E-1 2.77018E-1 5.46514E-1 2.38022E-1 2.86527E-1 2.15242E-1 1.70586E-1
4.47156E-1 5.26374E-1 4.53333E-1 4.09593E-1 4.82525E-1 2.85845E-1 3.0414E-1 2.99761E-1 4.30873E-1 4.79804E-1 5.59443E-1 5.87607E-1 6.02004E-1 5.57655E-1 6.02959E-1 6.3075E-1 7.49258E-1 8.55947E-1 8.09706E-1 8.29854E-1 7.27287E-1 7.11798E-1 6.79273E-1 5.32318E-1 6.83473E-1 5.79373E-1 5.69595E-1 6.41343E-1 6.31187E-1 6.48587E-1 6.78533E-1 5.42265E-1 4.11491E-1 2.59441E-1 4.24166E-1 3.82282E-1 2.87006E-1 4.26381E-1 4.46633E-1 5.36331E-1 6.11336E-1 5.41008E-1 4.90784E-1 4.30725E-1 4.14979E-1 3.84356E-1 3.65461E-1 3.5132E-1 3.8542E-1 4.14946E-1 3.30571E-1 3.98398E-1 4.61477E-1 4.15996E-1 6.53241E-1 3.90759E-1 2.9577E-1 3.52671E-1 2.97542E-1 3.45585E-1
4.16659E-1 4.2993E-1 4.06333E-1 3.8594E-1 3.58124E-1 4.44151E-1 4.30686E-1 4.2417E-1 4.26125E-1 4.64441E-1 5.61403E-1 5.87142E-1 5.61583E-1 3.44211E-1 5.8819E-1 7.37335E-1 7.19808E-1 6.81823E-1 7.05243E-1 6.42163E-1 6.5741E-1 5.64523E-1 4.20525E-1 6.0062E-1 7.20473E-1 6.0331E-1 6.23133E-1 7.25705E-1 3.44837E-1 5.26628E-1 4.31301E-1 5.06854E-1 5.82563E-1 5.64234E-1 3.87857E-1 3.17986E-1 4.90819E-1 5.24695E-1 5.4256E-1 5.49416E-1 6.21682E-1 5.91051E-1 5.25385E-1 4.79545E-1 4.39513E-1 3.913E-1 3.72546E-1 3.52882E-1 3.8215E-1 4.41337E-1 4.15554E-1 4.68026E-1 5.13925E-1 4.89236E-1 5.19703E-1 4.45875E-1 4.24209E-1 4.19676E-1 3.81025E-1 3.2072E-1
6.66779E-1 6.45892E-1 6.69727E-1 6.04254E-1 5.30912E-1 6.51002E-1 6.23274E-1 6.22021E-1 6.35267E-1 6.46806E-1 5.99443E-1 5.67462E-1 5.79453E-1 3.43605E-1 5.96386E-1 7.28375E-1 7.09201E-1 6.68853E-1 6.32452E-1 6.77214E-1 4.01291E-1 6.4367E-1 6.70034E-1 5.76917E-1 6.75264E-1 3.96358E-1 4.90912E-1 6.47329E-1 5.0817E-1 3.36527E-1 3.67425E-1 3.90193E-1 5.94097E-1 6.14173E-1 6.19796E-1 6.29318E-1 5.91468E-1 5.81561E-1 5.45837E-1 5.28223E-1 5.86346E-1 5.33066E-1 4.60159E-1 4.14033E-1 3.6663E-1 3.10633E-1 2.96594E-1 2.76581E-1 2.94749E-1 3.19072E-1 3.47164E-1 4.85764E-1 5.94442E-1 6.437E-1 5.26933E-1 4.60633E-1 4.3667E-1 4.22906E-1 3.87778E-1 3.35913E-1
3.69308E-1 4.60787E-1 5.64241E-1 4.1944E-1 6.22576E-1 6.22506E-1 6.02335E-1 5.91109E-1 6.15876E-1 6.53131E-1 5.46907E-1 5.57728E-1 5.87623E-1 3.09965E-1 4.94506E-1 5.59572E-1 7.53535E-1 6.12653E-1 7.04538E-1 7.11358E-1 6.23797E-1 6.33569E-1 6.74221E-1 5.87354E-1 5.41703E-1 4.21453E-1 4.71425E-1 5.12195E-1 5.58465E-1 5.32758E-1 5.81212E-1 6.48361E-1 6.03704E-1 6.08875E-1 5.55962E-1 5.26564E-1 5.13312E-1 4.93848E-1 5.55118E-1 6.07287E-1 6.52755E-1 5.28998E-1 4.88059E-1 4.30193E-1 3.85552E-1 3.15875E-1 2.97081E-1 2.72587E-1 2.88803E-1 3.10742E-1 3.35414E-1 4.13929E-1 5.16896E-1 5.33711E-1 5.43399E-1 4.69347E-1 3.80772E-1 4.6834E-1 4.53652E-1 3.55837E-1
4.18542E-1 4.21775E-1 4.92585E-1 6.31747E-1 6.09258E-1 5.90829E-1 5.88982E-1 5.68708E-1 6.29332E-1 6.33932E-1 5.23373E-1 5.56855E-1 5.7661E-1 2.88053E-1 4.24466E-1 5.02472E-1 6.81303E-1 7.22434E-1 7.49542E-1 7.2934E-1 6.23106E-1 5.89552E-1 6.31957E-1 6.5813E-1 3.12912E-1 3.60963E-1 1.91454E-1 3.65121E-1 4.80846E-1 4.31019E-1 4.82389E-1 4.14811E-1 4.23005E-1 4.81491E-1 4.52151E-1 5.20516E-1 4.67782E-1 4.20677E-1 5.65076E-1 6.03476E-1 5.68097E-1 4.83682E-1 4.38021E-1 3.99996E-1 3.63006E-1 3.00433E-1 2.89917E-1 1.63861E-1 3.10735E-1 3.19325E-1 3.14675E-1 3.67306E-1 4.3292E-1 4.3263E-1 5.17701E-1 5.0555E-1 3.33998E-1 5.10992E-1 4.42502E-1 3.59071E-1
3.48638E-1 3.52807E-1 6.13039E-1 6.02361E-1 5.73647E-1 5.52172E-1 5.74392E-1 6.01285E-1 6.54297E-1 6.37011E-1 5.2572E-1 5.57927E-1 5.69584E-1 3.6741E-1 4.50974E-1 7.48955E-1 7.46697E-1 7.44764E-1 7.4391E-1 7.22687E-1 5.89099E-1 6.41318E-1 6.4635E-1 6.29345E-1 4.55538E-1 4.83051E-1 4.437E-1 3.93547E-1 3.72797E-1 3.2317E-1 3.62173E-1 3.47489E-1 3.11594E-1 2.71442E-1 3.62392E-1 3.9928E-1 3.31668E-1 3.15727E-1 5.91269E-1 6.38077E-1 6.12905E-1 5.31978E-1 5.08196E-1 3.96784E-1 3.55427E-1 2.99934E-1 2.80735E-1 3.10117E-1 3.2747E-1 3.39695E-1 3.43006E-1 3.82539E-1 4.22333E-1 3.15354E-1 5.66987E-1 3.56321E-1 5.33348E-1 4.69746E-1 4.20795E-1 3.62769E-1
4.67716E-1 6.25219E-1 5.78473E-1 5.7344E-1 5.58155E-1 6.16628E-1 6.61864E-1 6.38601E-1 6.6173E-1 5.71292E-1 5.17706E-1 5.89932E-1 5.68646E-1 4.63499E-1 5.96901E-1 7.35609E-1 7.27993E-1 7.40322E-1 7.4683E-1 7.32252E-1 6.5105E-1 6.65643E-1 6.68979E-1 3.50335E-1 4.97194E-1 4.78636E-1 4.24037E-1 2.61223E-1 3.49103E-1 2.94966E-1 3.36833E-1 2.82921E-1 2.67588E-1 2.36932E-1 2.16535E-1 2.20049E-1 1.7819E-1 2.22749E-1 3.39945E-1 5.20298E-1 5.26217E-1 4.83311E-1 4.29877E-1 3.10069E-1 3.22432E-1 2.80626E-1 2.86943E-1 3.16162E-1 3.39177E-1 3.72597E-1 3.8066E-1 4.17113E-1 4.49122E-1 1.50279E-1 3.49111E-1 2.78653E-1 3.13653E-1 4.0365E-1 4.17085E-1 3.59598E-1
6.60454E-1 6.46771E-1 6.3258E-1 6.14025E-1 6.18541E-1 6.31513E-1 6.94717E-1 6.70369E-1 6.52344E-1 5.52083E-1 5.53739E-1 5.85233E-1 5.57688E-1 4.61188E-1 6.13268E-1 6.32035E-1 6.359E-1 6.2832E-1 6.45401E-1 6.85631E-1 7.24443E-1 6.25773E-1 7.04762E-1 -9999 6.12873E-1 6.05513E-1 5.94253E-1 5.58253E-1 4.7811E-1 4.89518E-1 4.06764E-1 2.86368E-1 3.31421E-1 2.73857E-1 2.75763E-1 3.40644E-1 3.44446E-1 3.05784E-1 4.61666E-1 5.57519E-1 5.09815E-1 4.44124E-1 3.98701E-1 3.31118E-1 3.18319E-1 2.12181E-1 2.20068E-1 2.4127E-1 2.71196E-1 3.36114E-1 4.12799E-1 4.65825E-1 4.94191E-1 2.6852E-1 3.776E-1 3.55557E-1 3.00821E-1 4.49679E-1 4.44134E-1 3.77466E-1
6.54068E-1 6.38352E-1 4.2474E-1 6.05338E-1 6.06038E-1 6.41797E-1 7.33226E-1 7.07753E-1 5.48815E-1 4.44104E-1 4.62598E-1 4.87959E-1 4.9861E-1 4.78999E-1 6.20568E-1 5.40903E-1 6.41158E-1 6.44361E-1 6.70781E-1 6.87215E-1 6.36293E-1 7.62069E-1 6.07349E-1 6.06788E-1 6.15044E-1 5.10329E-1 4.4551E-1 3.95419E-1 4.37608E-1 4.09908E-1 3.64758E-1 3.30843E-1 3.09971E-1 2.37093E-1 2.4247E-1 3.84656E-1 -9999 -9999 6.18749E-1 6.18169E-1 5.46602E-1 4.87249E-1 4.52652E-1 3.84272E-1 3.18058E-1 2.1815E-1 2.24594E-1 2.46261E-1 2.88292E-1 3.48965E-1 4.30105E-1 4.94054E-1 5.13714E-1 4.06075E-1 4.5915E-1 4.50849E-1 4.46847E-1 4.44791E-1 4.74762E-1 3.93894E-1
6.24732E-1 6.22899E-1 6.10212E-1 6.01663E-1 5.93999E-1 6.73595E-1 7.59153E-1 7.37538E-1 4.81837E-1 5.37416E-1 5.34947E-1 5.6146E-1 4.93233E-1 6.10604E-1 6.23823E-1 6.32276E-1 5.28305E-1 6.48019E-1 6.60699E-1 6.05284E-1 7.19131E-1 7.64728E-1 7.47957E-1 7.22804E-1 6.07727E-1 4.9689E-1 5.2383E-1 4.57218E-1 4.73484E-1 4.74276E-1 3.93666E-1 3.67616E-1 3.81242E-1 3.10265E-1 2.74209E-1 3.86201E-1 6.48646E-1 4.79738E-1 7.1878E-1 6.93244E-1 6.21301E-1 5.50183E-1 5.04002E-1 4.04813E-1 3.29551E-1 2.24149E-1 2.34002E-1 2.78322E-1 3.37492E-1 4.10342E-1 4.78239E-1 5.45776E-1 5.90204E-1 5.76161E-1 4.7822E-1 4.33404E-1 4.46438E-1 4.28096E-1 5.03469E-1 4.78592E-1
5.86384E-1 5.88896E-1 5.91651E-1 6.40999E-1 5.37919E-1 7.3703E-1 6.86176E-1 4.36037E-1 5.24665E-1 6.42261E-1 5.99742E-1 4.93996E-1 6.04834E-1 6.09722E-1 6.01298E-1 6.31033E-1 6.41433E-1 6.45457E-1 6.20886E-1 7.0835E-1 7.38441E-1 7.75154E-1 6.73659E-1 7.62736E-1 6.0239E-1 4.71049E-1 4.86591E-1 4.79483E-1 4.32599E-1 4.88409E-1 4.26346E-1 4.60399E-1 4.89823E-1 4.66964E-1 4.864E-1 6.42206E-1 6.54177E-1 5.25831E-1 7.45588E-1 6.93036E-1 6.22931E-1 5.67587E-1 5.06265E-1 4.31266E-1 3.49461E-1 2.27733E-1 2.42817E-1 2.86871E-1 3.37129E-1 4.34781E-1 5.09955E-1 5.44705E-1 4.49806E-1 5.33151E-1 4.31576E-1 3.85995E-1 4.46315E-1 3.52811E-1 4.67427E-1 4.8555E-1
5.40552E-1 5.4265E-1 5.93882E-1 6.76477E-1 7.76239E-1 7.31918E-1 6.11185E-1 5.26737E-1 6.43739E-1 6.89053E-1 6.3463E-1 6.32936E-1 6.14702E-1 5.92126E-1 5.68493E-1 6.04259E-1 6.33011E-1 6.491E-1 6.83759E-1 7.30524E-1 8.02493E-1 7.92353E-1 6.77332E-1 6.42611E-1 5.80276E-1 5.58775E-1 6.04812E-1 5.81617E-1 5.96263E-1 5.52231E-1 4.5646E-1 4.91392E-1 4.97093E-1 4.59701E-1 4.80095E-1 6.38184E-1 6.57852E-1 7.28024E-1 8.06897E-1 6.34333E-1 6.4856E-1 5.8726E-1 5.34231E-1 4.47804E-1 3.60868E-1 2.28929E-1 2.53591E-1 3.19725E-1 3.87797E-1 4.71345E-1 5.5546E-1 5.95572E-1 2.65215E-1 4.18624E-1 4.17407E-1 3.96944E-1 4.45928E-1 3.93443E-1 4.15051E-1 4.56033E-1
4.90063E-1 5.19057E-1 5.83708E-1 7.56503E-1 7.92738E-1 6.80102E-1 6.34517E-1 6.68271E-1 6.73229E-1 6.94884E-1 6.40132E-1 6.33172E-1 6.01993E-1 5.50454E-1 5.35242E-1 6.44848E-1 6.7869E-1 6.93747E-1 7.19862E-1 7.62205E-1 7.93276E-1 7.82107E-1 7.7679E-1 6.79842E-1 7.20913E-1 6.99374E-1 6.99408E-1 6.15311E-1 6.01154E-1 5.48321E-1 3.61485E-1 4.09402E-1 4.85781E-1 4.43909E-1 4.31194E-1 5.46614E-1 5.95101E-1 6.94344E-1 7.61827E-1 5.62011E-1 5.88965E-1 5.39976E-1 4.934E-1 4.10578E-1 3.35525E-1 2.53907E-1 2.84187E-1 3.35023E-1 3.88999E-1 4.94258E-1 5.68984E-1 6.06263E-1 1.8038E-1 5.20965E-1 4.72433E-1 4.34908E-1 4.48545E-1 3.21696E-1 4.4324E-1 4.09615E-1
5.02577E-1 5.15374E-1 5.51085E-1 6.40915E-1 7.10655E-1 6.65804E-1 6.66906E-1 6.33011E-1 7.19861E-1 5.84363E-1 6.55696E-1 6.30637E-1 5.8471E-1 5.45678E-1 5.11515E-1 6.08949E-1 6.45258E-1 6.64386E-1 7.27179E-1 7.11302E-1 6.46872E-1 6.36555E-1 6.42903E-1 4.81608E-1 7.39029E-1 6.66652E-1 6.67366E-1 6.23222E-1 5.97355E-1 5.29744E-1 2.7322E-1 3.53903E-1 4.03891E-1 4.31127E-1 4.36333E-1 5.57402E-1 6.08571E-1 6.72634E-1 7.63703E-1 6.35918E-1 5.92016E-1 5.64887E-1 4.84459E-1 4.04849E-1 3.30615E-1 2.8707E-1 3.20376E-1 3.66488E-1 4.13322E-1 4.93399E-1 5.84254E-1 5.10601E-1 4.19641E-1 5.54614E-1 4.58715E-1 4.44319E-1 4.58171E-1 3.41865E-1 4.43879E-1 4.15361E-1
5.6275E-1 5.72099E-1 5.96767E-1 6.38179E-1 6.67777E-1 6.81786E-1 7.01797E-1 7.45873E-1 6.88456E-1 7.52425E-1 6.71775E-1 6.44626E-1 5.76588E-1 5.30463E-1 5.00277E-1 5.79958E-1 6.14553E-1 6.2613E-1 5.56084E-1 5.60028E-1 5.70436E-1 5.84175E-1 5.74441E-1 4.39149E-1 7.38497E-1 6.88289E-1 7.12805E-1 6.69134E-1 6.13115E-1 5.28828E-1 3.90365E-1 4.05664E-1 3.95956E-1 4.64541E-1 4.64246E-1 6.0955E-1 6.51897E-1 7.19661E-1 7.65391E-1 6.20168E-1 5.78759E-1 5.45721E-1 4.53282E-1 3.88173E-1 3.58406E-1 3.3837E-1 3.65945E-1 4.10916E-1 4.28286E-1 4.75626E-1 5.25185E-1 5.62659E-1 5.33224E-1 5.86378E-1 4.5136E-1 4.60774E-1 4.61381E-1 3.19042E-1 4.39812E-1 4.23486E-1
6.24734E-1 6.33225E-1 6.53134E-1 6.63107E-1 6.71815E-1 5.60597E-1 7.44359E-1 6.33559E-1 7.65784E-1 7.56184E-1 6.75921E-1 6.20291E-1 5.66767E-1 5.1866E-1 4.83208E-1 5.46811E-1 5.62701E-1 5.59316E-1 4.53955E-1 5.06741E-1 5.41495E-1 5.49765E-1 5.74592E-1 5.84384E-1 7.81204E-1 7.37652E-1 7.00499E-1 5.63871E-1 5.50127E-1 4.12375E-1 3.82004E-1 4.15592E-1 4.99931E-1 4.9192E-1 4.94385E-1 5.95178E-1 6.46847E-1 6.66119E-1 4.13609E-1 6.06994E-1 5.64878E-1 5.31862E-1 4.24346E-1 3.69656E-1 3.83457E-1 3.8602E-1 4.34784E-1 4.60757E-1 4.50184E-1 4.73451E-1 5.17335E-1 5.4961E-1 5.5403E-1 4.82985E-1 5.2263E-1 3.71326E-1 2.41704E-1 4.12033E-1 4.41633E-1 4.18139E-1
6.37037E-1 6.80185E-1 6.84585E-1 6.74749E-1 5.52037E-1 7.30841E-1 8.19908E-1 7.95363E-1 7.39417E-1 7.54234E-1 6.31961E-1 5.75432E-1 5.33628E-1 5.04163E-1 4.72987E-1 5.28783E-1 5.26727E-1 5.36574E-1 -9999 5.36483E-1 5.22282E-1 5.25242E-1 5.53833E-1 5.03084E-1 7.25634E-1 6.5112E-1 5.96265E-1 5.66968E-1 5.2882E-1 4.29046E-1 3.42728E-1 3.97358E-1 4.43608E-1 4.91925E-1 5.0782E-1 5.91346E-1 6.32984E-1 6.41378E-1 6.97399E-1 4.80319E-1 6.86096E-1 4.88215E-1 4.31923E-1 4.0299E-1 4.33897E-1 4.67789E-1 5.22934E-1 5.00792E-1 4.12716E-1 3.40923E-1 5.13662E-1 5.2654E-1 4.78425E-1 2.98158E-1 5.8844E-1 4.70657E-1 3.04668E-1 4.00634E-1 4.54826E-1 4.15726E-1
3.04766E-1 5.2252E-1 6.49997E-1 6.47122E-1 6.39622E-1 7.34994E-1 7.67676E-1 6.47556E-1 6.61974E-1 6.68388E-1 5.68953E-1 5.23961E-1 4.84609E-1 4.433E-1 4.37121E-1 4.91282E-1 -9999 -9999 4.76513E-1 4.75987E-1 4.74913E-1 4.97136E-1 5.25329E-1 2.53386E-1 6.86682E-1 5.69942E-1 5.51469E-1 5.22461E-1 4.61603E-1 3.82357E-1 3.81072E-1 5.62237E-1 5.59994E-1 5.64144E-1 5.46232E-1 4.3984E-1 4.75276E-1 4.48601E-1 4.43181E-1 3.84742E-1 5.3365E-1 3.65022E-1 3.66855E-1 3.25359E-1 3.31725E-1 3.71267E-1 5.30174E-1 5.6512E-1 3.82663E-1 3.93439E-1 3.81088E-1 3.87788E-1 3.69741E-1 1.97068E-1 4.1091E-1 3.3205E-1 3.66615E-1 3.57407E-1 3.63281E-1 3.31459E-1
4.3837E-1 4.59422E-1 6.54615E-1 6.54509E-1 7.04323E-1 7.44756E-1 6.8865E-1 5.84078E-1 6.64918E-1 6.54395E-1 5.43907E-1 5.18711E-1 5.006E-1 4.83031E-1 4.76083E-1 5.1654E-1 4.97386E-1 4.78674E-1 4.6834E-1 4.69357E-1 4.88801E-1 5.114E-1 5.17437E-1 7.48428E-1 6.91224E-1 5.03395E-1 5.08911E-1 4.76907E-1 4.87964E-1 5.17861E-1 5.2864E-1 5.57992E-1 5.72252E-1 4.7254E-1 5.89136E-1 4.61435E-1 5.02887E-1 5.1838E-1 3.97625E-1 6.23545E-1 5.51504E-1 3.86457E-1 4.06082E-1 3.65179E-1 3.72828E-1 3.73641E-1 4.11964E-1 5.33194E-1 5.35636E-1 5.53233E-1 3.69868E-1 3.50514E-1 4.09346E-1 2.13455E-1 4.21067E-1 3.5234E-1 3.71465E-1 3.55538E-1 3.58274E-1 2.56489E-1
6.54726E-1 6.53506E-1 6.72647E-1 6.59619E-1 7.63639E-1 7.1992E-1 5.94821E-1 5.36613E-1 5.92908E-1 6.80075E-1 6.75338E-1 5.75671E-1 5.56207E-1 5.47201E-1 5.23926E-1 5.54204E-1 5.15988E-1 4.94133E-1 5.00663E-1 5.06128E-1 3.84294E-1 4.66321E-1 4.95125E-1 4.84661E-1 5.06487E-1 3.37806E-1 3.65879E-1 3.58204E-1 4.93176E-1 5.43823E-1 5.0648E-1 5.51717E-1 5.77488E-1 5.7836E-1 6.02913E-1 4.64874E-1 4.48829E-1 4.9855E-1 6.22673E-1 6.16414E-1 5.55795E-1 3.89769E-1 3.66323E-1 4.63231E-1 4.04959E-1 3.88284E-1 3.69274E-1 2.75259E-1 3.95015E-1 4.73217E-1 3.44708E-1 2.37582E-1 3.43249E-1 3.15573E-1 4.12289E-1 2.55631E-1 3.76324E-1 3.50008E-1 3.53584E-1 3.24183E-1
