Phytophthora/models/20240429_1812_56/Phytophthora_PA2_RUN6_MAXENT_outputs/Phytophthora_PA2_RUN6.asc
ncols         225
nrows         269
xllcorner     473000.0
yllcorner     4429100.0
cellsize      50.0
NODATA_value  -9999
[rows 81 to 107 of 269, columns 60 to 119 of 225]
3.77925E-2 1.76402E-2 3.56695E-2 3.33185E-2 1.88782E-2 1.87597E-2 1.95106E-2 2.73227E-2 2.75602E-2 3.52439E-2 3.16514E-2 5.66529E-2 2.97206E-2 6.28794E-2 7.46857E-2 1.84441E-1 2.11626E-1 2.13486E-1 2.04698E-1 1.87537E-1 8.04279E-2 -9999 6.54685E-2 5.64588E-2 5.3243E-2 6.10131E-2 7.27648E-2 9.34443E-2 1.13643E-1 1.4639E-1 1.75181E-1 1.42833E-1 1.23269E-1 1.46594E-1 1.83057E-1 3.594E-1 3.76644E-1 3.68709E-1 3.52163E-1 3.66242E-1 3.84286E-1 3.81684E-1 3.79362E-1 2.9427E-1 3.55626E-1 3.5855E-1 1.51472E-1 5.42859E-1 5.03803E-1 3.56034E-1 3.43474E-1 2.51015E-1 2.22956E-1 1.64055E-1 2.26595E-1 -9999 -9999 -9999 -9999 -9999
4.31629E-2 4.02146E-2 3.84421E-2 2.52827E-2 2.90365E-2 2.49582E-2 2.05049E-2 2.64789E-2 2.90876E-2 3.3785E-2 4.88405E-2 5.41144E-2 5.99846E-2 5.91992E-2 6.6436E-2 1.16484E-1 1.28578E-1 1.94336E-1 2.01819E-1 1.68009E-1 7.54668E-2 -9999 6.75683E-2 5.97535E-2 5.21661E-2 5.94912E-2 7.07187E-2 8.60315E-2 9.9633E-2 1.17166E-1 1.74691E-1 1.76808E-1 1.26205E-1 1.37767E-1 1.70979E-1 3.63388E-1 3.72171E-1 3.4925E-1 3.449E-1 3.33831E-1 3.61261E-1 3.44813E-1 3.6714E-1 3.75824E-1 3.88265E-1 4.17046E-1 3.9864E-1 2.38874E-1 2.37176E-1 1.45311E-1 3.66815E-1 1.78139E-1 3.80999E-1 1.2724E-1 1.5094E-1 8.59922E-2 1.79289E-1 -9999 -9999 -9999
4.2691E-2 3.85211E-2 4.12873E-2 3.60435E-2 3.21352E-2 2.81372E-2 2.66948E-2 2.77904E-2 3.00486E-2 3.56549E-2 4.78131E-2 5.23116E-2 5.49158E-2 5.54099E-2 6.17398E-2 1.08252E-1 1.30192E-1 1.618E-1 1.86455E-1 1.77886E-1 2.09201E-2 8.67025E-2 -9999 6.94946E-2 6.05526E-2 5.77573E-2 6.53281E-2 7.74283E-2 9.44647E-2 1.18148E-1 1.72349E-1 1.97153E-1 1.88575E-1 1.08877E-1 1.7079E-1 2.37384E-1 4.06708E-1 3.46044E-1 3.48597E-1 3.45973E-1 3.73791E-1 3.76581E-1 3.8977E-1 3.84386E-1 3.89303E-1 4.32848E-1 2.93092E-1 1.51288E-1 2.80127E-1 2.82622E-1 3.69218E-1 2.45134E-1 3.43789E-1 8.34038E-2 3.14925E-1 2.34689E-1 2.24316E-1 2.01982E-1 -9999 -9999
4.53997E-2 4.95815E-2 4.90818E-2 4.39637E-2 3.36854E-2 2.99733E-2 2.9321E-2 1.95035E-2 2.20614E-2 1.79871E-2 4.93692E-2 5.47877E-2 5.38694E-2 4.98833E-2 5.72611E-2 1.36234E-1 1.55232E-1 1.59357E-1 1.78366E-1 1.9189E-1 6.96376E-2 1.01933E-1 -9999 7.61985E-2 6.6884E-2 6.74561E-2 7.25985E-2 7.16206E-2 7.95371E-2 9.81303E-2 1.30167E-1 1.94765E-1 1.86334E-1 1.24434E-1 1.0742E-1 4.51787E-1 4.1295E-1 3.07928E-1 3.24622E-1 3.36469E-1 3.67054E-1 3.55361E-1 3.53412E-1 3.33044E-1 3.37079E-1 4.04456E-1 2.36232E-1 1.63705E-1 2.67543E-1 3.93542E-1 3.72738E-1 3.591E-1 3.54675E-1 3.47777E-1 3.11128E-1 2.30792E-1 2.15417E-1 1.95088E-1 -9999 -9999
5.26332E-2 5.81072E-2 5.90851E-2 5.02069E-2 4.05254E-2 2.96011E-2 3.0803E-2 3.00708E-2 3.05642E-2 3.59237E-2 3.05468E-2 5.33897E-2 5.63824E-2 5.64645E-2 6.13536E-2 1.30705E-1 1.58498E-1 1.6842E-1 1.77564E-1 2.24008E-1 1.33464E-1 1.1025E-1 9.91377E-2 -9999 7.03393E-2 7.27614E-2 8.69164E-2 8.42539E-2 8.75795E-2 9.9069E-2 1.30437E-1 1.48997E-1 1.84842E-1 1.94204E-1 2.07294E-1 4.56725E-1 3.74355E-1 3.15918E-1 2.95195E-1 3.02997E-1 3.50367E-1 3.33592E-1 3.39372E-1 3.18096E-1 3.67843E-1 2.462E-1 3.90009E-1 2.70205E-1 3.36205E-1 3.92858E-1 3.6855E-1 3.45321E-1 3.40233E-1 3.26323E-1 2.93637E-1 2.25123E-1 2.30408E-1 2.27373E-1 1.92088E-1 -9999
3.38099E-2 3.90088E-2 3.82581E-2 2.68888E-2 2.77304E-2 2.68102E-2 2.3945E-2 2.42197E-2 2.37302E-2 2.95976E-2 4.51874E-2 2.25319E-2 5.30838E-2 5.5343E-2 6.55382E-2 1.25928E-1 1.44784E-1 1.64675E-1 1.70201E-1 2.05375E-1 4.88345E-2 1.42612E-1 1.37857E-1 1.21804E-1 1.19152E-1 1.684E-1 2.06397E-1 1.99493E-1 1.819E-1 1.78708E-1 1.25847E-1 1.6404E-1 2.37423E-1 2.42813E-1 3.07947E-1 2.6637E-1 4.26129E-1 4.37429E-1 4.0845E-1 3.85046E-1 3.72851E-1 3.47174E-1 3.42715E-1 3.9262E-1 5.57497E-1 5.52156E-1 4.10659E-1 3.24912E-1 4.09442E-1 2.47921E-1 3.78661E-1 3.65076E-1 3.45847E-1 3.42819E-1 3.42306E-1 3.61853E-1 3.57623E-1 3.49839E-1 3.24146E-1 -9999
3.27187E-2 3.96942E-2 3.69727E-2 2.79197E-2 3.13963E-2 3.03457E-2 2.44781E-2 2.16105E-2 2.12815E-2 2.59371E-2 4.28924E-2 4.9742E-2 4.98312E-2 5.86351E-2 6.68704E-2 1.26603E-1 1.31513E-1 1.41607E-1 1.6926E-1 1.85277E-1 1.21206E-1 8.86723E-2 1.40531E-1 1.36288E-1 1.41072E-1 1.97345E-1 2.31787E-1 2.26939E-1 1.92118E-1 1.86461E-1 1.60425E-1 1.78046E-1 2.39379E-1 2.39982E-1 2.45127E-1 4.30806E-1 3.67029E-1 4.4376E-1 4.35415E-1 4.22985E-1 3.98249E-1 4.38574E-1 3.94464E-1 3.96118E-1 3.77589E-1 4.54788E-1 2.8164E-1 5.22032E-1 4.84964E-1 4.76406E-1 4.18623E-1 4.35014E-1 4.13444E-1 4.29862E-1 3.98736E-1 4.21515E-1 4.11637E-1 4.48409E-1 4.25161E-1 3.02319E-1
3.67233E-2 3.4849E-2 4.07887E-2 3.46547E-2 3.50255E-2 3.47641E-2 2.82594E-2 2.46845E-2 2.1619E-2 2.45947E-2 4.16298E-2 4.92934E-2 4.8071E-2 4.41553E-2 7.37403E-2 1.35982E-1 1.37543E-1 1.34884E-1 1.34881E-1 1.66448E-1 6.93227E-2 1.59124E-1 1.4325E-1 1.38615E-1 1.49017E-1 2.26877E-1 2.48696E-1 2.23151E-1 1.97588E-1 1.87174E-1 1.5504E-1 1.71267E-1 2.63004E-1 2.54862E-1 1.88105E-1 4.82305E-1 4.59096E-1 3.67819E-1 4.22339E-1 4.26785E-1 4.13517E-1 4.52207E-1 4.70979E-1 4.02281E-1 2.13477E-1 4.18926E-1 3.88134E-1 2.79977E-1 2.87406E-1 4.80295E-1 4.54687E-1 3.46606E-1 3.43106E-1 4.17867E-1 4.02065E-1 3.54165E-1 4.60245E-1 5.01812E-1 3.8528E-1 2.79361E-1
3.76031E-2 3.50282E-2 4.69746E-2 4.32941E-2 2.45114E-2 3.93767E-2 3.50968E-2 3.23836E-2 2.65838E-2 2.49263E-2 4.19844E-2 4.6999E-2 4.696E-2 5.47118E-2 6.83264E-2 1.06935E-1 1.28651E-1 1.25517E-1 1.13674E-1 1.14767E-1 1.69498E-1 6.18316E-2 1.62031E-1 1.4239E-1 1.37582E-1 2.87431E-1 2.06247E-1 2.08423E-1 1.84464E-1 1.55685E-1 1.45831E-1 1.71658E-1 2.77096E-1 -9999 1.83433E-1 5.49481E-1 4.55586E-1 3.56966E-1 3.55284E-1 4.2197E-1 4.25873E-1 4.70047E-1 5.39567E-1 5.64328E-1 4.94254E-1 4.40805E-1 4.29268E-1 4.2062E-1 4.04839E-1 5.28018E-1 4.67905E-1 3.55017E-1 3.98369E-1 4.33994E-1 4.2312E-1 5.25009E-1 5.24226E-1 5.08803E-1 3.53922E-1 2.76245E-1
3.56806E-2 3.94195E-2 5.20136E-2 5.22658E-2 4.58992E-2 4.91647E-2 4.01724E-2 3.7353E-2 3.25656E-2 3.22728E-2 3.84086E-2 4.5891E-2 4.21881E-2 5.22922E-2 6.8506E-2 1.42868E-1 1.3436E-1 1.42101E-1 1.34922E-1 1.05246E-1 1.62487E-1 6.85602E-2 1.91023E-1 1.49116E-1 1.73207E-1 2.67856E-1 2.03544E-1 1.86467E-1 1.76192E-1 1.81086E-1 1.54924E-1 -9999 -9999 -9999 -9999 4.66624E-1 4.04997E-1 3.58867E-1 4.19677E-1 4.22296E-1 4.04586E-1 4.89427E-1 5.25774E-1 5.91322E-1 6.10921E-1 3.23464E-1 4.08744E-1 4.15144E-1 4.14968E-1 5.1512E-1 4.17924E-1 3.86779E-1 3.80199E-1 4.43604E-1 4.54129E-1 5.16594E-1 5.05712E-1 4.06369E-1 3.09748E-1 3.17854E-1
5.10044E-2 6.10029E-2 8.14534E-2 7.08887E-2 6.77405E-2 7.49187E-2 5.14983E-2 4.2212E-2 3.6555E-2 4.5688E-2 5.2775E-2 5.79294E-2 5.47001E-2 6.2075E-2 7.74975E-2 1.36822E-1 1.29803E-1 1.32149E-1 1.64129E-1 1.1874E-1 1.62291E-1 8.15092E-2 2.01093E-1 2.6167E-1 2.84286E-1 1.94493E-1 1.76815E-1 1.53403E-1 1.54932E-1 -9999 -9999 -9999 -9999 -9999 -9999 3.59169E-1 3.33391E-1 3.42782E-1 3.86543E-1 3.98045E-1 4.15055E-1 4.45295E-1 5.12541E-1 6.14277E-1 4.27034E-1 4.82543E-1 3.48635E-1 3.51119E-1 2.19581E-1 4.56381E-1 3.08577E-1 2.88534E-1 2.25057E-1 3.2283E-1 4.46132E-1 4.90962E-1 4.78513E-1 2.71298E-1 3.11286E-1 3.31151E-1
5.32807E-2 7.15094E-2 8.6449E-2 6.79151E-2 6.74359E-2 3.99754E-2 5.30229E-2 3.40808E-2 3.96523E-2 4.9658E-2 6.99459E-2 9.33474E-2 8.33425E-2 8.73269E-2 9.45467E-2 1.41977E-1 7.72057E-2 1.77055E-1 1.99521E-1 1.7516E-1 2.03776E-1 3.07914E-1 2.8156E-1 1.26694E-1 2.00169E-1 1.88917E-1 1.70959E-1 1.47429E-1 -9999 -9999 -9999 -9999 -9999 -9999 -9999 3.69379E-1 3.44412E-1 3.51129E-1 3.55656E-1 3.69138E-1 4.03033E-1 4.20519E-1 5.02556E-1 5.33239E-1 3.16037E-1 1.35673E-1 2.07394E-1 3.55332E-1 4.5364E-1 4.75153E-1 1.40255E-1 2.43435E-1 2.62554E-1 2.37628E-1 3.76915E-1 4.90805E-1 3.4312E-1 3.04048E-1 3.1769E-1 3.33339E-1
5.48378E-2 8.00887E-2 5.40636E-2 4.76204E-2 4.85388E-2 3.96666E-2 4.61752E-2 6.2927E-2 4.4402E-2 4.67372E-2 6.84068E-2 1.08113E-1 1.14172E-1 1.08961E-1 6.32282E-2 1.18812E-1 1.86905E-1 1.94215E-1 1.98175E-1 2.17491E-1 2.73222E-1 3.1401E-1 1.81438E-1 1.85344E-1 1.77197E-1 1.90039E-1 1.82397E-1 1.60988E-1 -9999 -9999 -9999 -9999 -9999 -9999 -9999 -9999 3.9637E-1 4.01375E-1 3.84337E-1 3.65388E-1 3.90799E-1 -9999 -9999 4.83398E-1 4.11521E-1 2.59553E-1 2.84872E-1 2.66689E-1 4.939E-1 3.69099E-1 2.50138E-1 2.66085E-1 2.54652E-1 1.30847E-1 4.45244E-1 3.81234E-1 3.61744E-1 3.27762E-1 3.41716E-1 3.38613E-1
5.44981E-2 8.24301E-2 9.69115E-2 6.50403E-2 5.66205E-2 3.99787E-2 2.50984E-2 6.71186E-2 4.23369E-2 5.61401E-2 6.89861E-2 8.80791E-2 9.58087E-2 1.25676E-1 1.40016E-1 1.27099E-1 1.9297E-1 1.96009E-1 1.98696E-1 2.09462E-1 1.6459E-1 2.46753E-1 2.56989E-1 1.78638E-1 1.77224E-1 9.85113E-2 1.82315E-1 1.64722E-1 -9999 -9999 -9999 -9999 -9999 -9999 -9999 -9999 4.46082E-1 4.29745E-1 4.19476E-1 -9999 -9999 -9999 -9999 1.94791E-1 3.20742E-1 2.41289E-1 2.66886E-1 2.96661E-1 3.46952E-1 3.24728E-1 2.50329E-1 2.6196E-1 2.36482E-1 1.074E-1 4.38047E-1 3.38923E-1 3.64472E-1 3.33063E-1 3.32458E-1 2.19354E-1
4.72237E-2 3.98614E-2 8.98364E-2 7.9946E-2 5.96003E-2 4.05527E-2 4.20039E-2 6.51809E-2 6.53673E-2 7.26942E-2 6.38429E-2 3.02115E-2 6.94869E-2 1.00619E-1 1.24576E-1 1.36306E-1 1.0267E-1 1.05763E-1 2.00058E-1 2.05322E-1 1.48724E-1 1.16965E-1 1.53661E-1 1.18167E-1 1.09978E-1 5.57713E-2 1.76089E-1 1.35959E-1 1.7179E-1 -9999 -9999 -9999 -9999 -9999 -9999 5.27018E-1 -9999 -9999 -9999 -9999 -9999 -9999 -9999 2.78889E-1 2.05159E-1 2.38168E-1 2.4804E-1 2.89168E-1 1.04399E-1 1.74946E-1 2.00754E-1 2.62673E-1 2.41311E-1 1.794E-1 3.06135E-1 4.66516E-1 3.54961E-1 3.80162E-1 2.28744E-1 3.89903E-1
9.43822E-2 1.25329E-1 1.13732E-1 1.94165E-1 1.19344E-1 1.07703E-1 1.07818E-1 1.12691E-1 1.14183E-1 1.79151E-1 2.03487E-1 2.05659E-1 6.36206E-2 1.18638E-1 1.2371E-1 1.16059E-1 1.26615E-1 1.46987E-1 1.9858E-1 9.08872E-2 7.08893E-2 8.85727E-2 7.78493E-2 8.59127E-2 8.14847E-2 1.92898E-1 1.2484E-1 1.44E-1 1.51334E-1 -9999 -9999 -9999 -9999 -9999 -9999 -9999 -9999 -9999 -9999 -9999 -9999 -9999 -9999 2.89756E-1 3.16762E-1 3.86915E-1 3.5707E-1 3.89989E-1 2.30208E-1 2.52191E-1 5.23972E-1 5.15524E-1 5.13164E-1 5.94202E-1 4.52175E-1 5.03653E-1 4.44473E-1 4.37826E-1 4.00082E-1 3.40771E-1
7.12811E-2 7.9967E-2 8.22884E-2 9.61553E-2 9.07061E-2 9.49422E-2 9.59064E-2 9.72454E-2 9.76776E-2 1.03513E-1 1.59282E-1 2.0535E-1 2.1544E-1 1.44302E-1 1.27407E-1 1.00461E-1 1.10996E-1 1.12761E-1 9.55027E-2 1.14802E-1 7.73937E-2 6.77226E-2 5.36239E-2 6.35914E-2 6.36754E-2 1.82293E-1 1.29646E-1 1.57611E-1 1.40963E-1 -9999 -9999 -9999 -9999 -9999 -9999 -9999 -9999 -9999 -9999 -9999 -9999 -9999 -9999 2.22148E-1 3.1493E-1 4.04251E-1 3.9657E-1 4.02495E-1 4.01028E-1 4.34185E-1 5.35635E-1 5.36826E-1 2.92208E-1 6.9966E-1 6.57277E-1 3.83307E-1 2.92633E-1 2.13716E-1 1.63845E-1 3.21405E-1
7.23521E-2 7.17412E-2 6.99936E-2 3.17195E-2 7.66185E-2 8.09802E-2 8.23473E-2 8.29318E-2 8.32833E-2 8.83339E-2 1.04148E-1 1.66211E-1 2.16661E-1 1.82288E-1 2.12873E-1 1.25313E-1 1.03393E-1 1.61868E-1 1.61554E-1 1.01804E-1 9.19E-2 1.00235E-1 8.90171E-2 1.065E-1 9.52737E-2 1.09463E-1 1.46597E-1 1.64127E-1 1.81755E-1 1.11335E-1 -9999 -9999 -9999 -9999 -9999 -9999 -9999 -9999 -9999 -9999 -9999 -9999 -9999 2.98943E-1 2.63316E-1 4.01762E-1 4.02652E-1 4.18318E-1 4.33279E-1 2.98224E-1 4.8813E-1 7.0895E-1 7.10044E-1 6.80234E-1 5.49786E-1 2.78706E-1 2.61041E-1 2.03341E-1 2.99673E-1 3.12089E-1
9.07518E-2 9.04862E-2 8.73972E-2 8.41238E-2 7.36052E-2 6.78002E-2 7.00297E-2 7.06872E-2 7.28197E-2 8.52841E-2 1.01659E-1 1.13545E-1 1.79748E-1 2.21721E-1 2.193E-1 1.80307E-1 1.67243E-1 4.11346E-2 3.18567E-2 5.74539E-2 7.31051E-2 8.05559E-2 7.37011E-2 9.56348E-2 9.9685E-2 1.34301E-1 8.3379E-2 1.24499E-1 2.27985E-1 5.02683E-2 1.12116E-1 -9999 -9999 -9999 -9999 -9999 -9999 -9999 -9999 -9999 -9999 -9999 -9999 3.06273E-1 3.19429E-1 4.068E-1 4.00029E-1 3.39372E-1 3.67511E-1 2.75576E-1 4.00969E-1 4.2621E-1 5.79763E-1 3.29872E-1 3.96351E-1 2.47373E-1 2.5371E-1 2.29081E-1 3.21688E-1 3.10469E-1
1.06821E-1 1.02807E-1 9.95758E-2 1.00761E-1 5.64689E-2 9.00889E-2 7.31498E-2 7.28986E-2 7.8252E-2 9.11889E-2 1.07819E-1 1.14316E-1 8.13418E-2 1.61894E-1 2.14109E-1 1.87633E-1 1.50097E-1 1.01926E-1 4.36391E-2 5.42261E-2 7.54582E-2 9.90127E-2 9.15081E-2 1.27374E-1 1.3559E-1 1.09082E-1 1.69599E-1 1.28178E-1 1.93706E-1 4.89165E-2 1.62494E-1 -9999 -9999 -9999 -9999 -9999 -9999 -9999 -9999 -9999 -9999 -9999 3.96668E-1 1.74189E-1 3.47186E-1 4.07192E-1 4.06222E-1 4.17372E-1 4.0914E-1 3.40329E-1 2.61687E-1 2.47197E-1 3.44693E-1 3.30652E-1 3.26397E-1 2.22554E-1 2.96307E-1 1.83562E-1 3.23022E-1 2.93715E-1
8.58388E-2 8.80957E-2 8.2762E-2 8.16613E-2 9.93035E-2 5.65474E-2 1.25974E-1 9.41575E-2 9.39217E-2 1.02402E-1 1.19859E-1 1.25993E-1 9.56187E-2 1.41034E-1 1.47072E-1 9.83075E-2 7.62915E-2 2.82398E-2 3.67971E-2 6.79633E-2 1.7299E-1 1.42061E-1 1.63203E-1 1.92991E-1 1.71864E-1 9.48652E-2 7.45699E-2 5.13695E-2 5.22028E-2 4.73975E-2 1.90683E-1 1.66859E-1 -9999 -9999 -9999 -9999 -9999 -9999 -9999 -9999 -9999 3.06519E-1 3.17874E-1 3.5596E-1 4.83545E-1 4.66465E-1 4.84889E-1 5.5865E-1 3.449E-1 4.69672E-1 3.60753E-1 2.9058E-1 4.77505E-1 3.97461E-1 3.93268E-1 3.86435E-1 3.96576E-1 3.85268E-1 4.14217E-1 3.84031E-1
8.52179E-2 9.09484E-2 9.85849E-2 9.09838E-2 9.07724E-2 2.00085E-1 1.15311E-1 1.12636E-1 1.12248E-1 1.19645E-1 1.26189E-1 1.25691E-1 1.32127E-1 1.45518E-1 1.66235E-1 7.61727E-2 4.56494E-2 7.06607E-3 4.22784E-2 8.75057E-2 1.7332E-1 1.84576E-1 2.36198E-1 2.52775E-1 1.84567E-1 1.06285E-1 9.28514E-2 5.64044E-2 6.58847E-2 5.566E-2 1.89306E-1 1.73609E-1 -9999 -9999 -9999 -9999 -9999 -9999 -9999 -9999 2.31541E-1 2.88684E-1 2.85805E-1 3.28105E-1 1.91818E-1 2.64796E-1 1.91481E-1 4.01952E-1 1.07299E-1 3.70057E-1 4.3262E-1 3.27053E-1 5.02618E-1 4.84415E-1 4.76573E-1 4.08044E-1 3.21343E-1 2.64711E-1 3.06219E-1 4.18088E-1
8.87152E-2 9.21835E-2 1.01181E-1 1.10422E-1 1.25698E-1 1.77918E-1 1.00605E-1 1.56524E-1 1.26722E-1 1.25993E-1 1.29926E-1 1.16951E-1 8.92146E-2 1.18003E-1 5.45271E-2 7.8079E-2 5.12892E-2 2.1712E-2 8.32054E-2 9.25834E-2 2.61296E-1 3.09464E-1 2.74687E-1 1.38631E-1 1.19661E-1 9.71158E-2 9.61209E-2 6.97873E-2 7.1318E-2 1.26541E-1 1.19151E-1 1.4217E-1 1.60007E-1 -9999 -9999 -9999 -9999 -9999 -9999 1.15156E-1 2.28669E-1 2.76557E-1 2.72156E-1 2.98577E-1 3.14802E-1 4.08532E-1 2.69682E-1 2.9721E-1 3.7389E-1 3.63579E-1 2.64506E-1 5.01028E-1 3.04033E-1 5.24117E-1 4.90927E-1 4.14865E-1 4.13614E-1 4.42005E-1 5.06796E-1 3.74526E-1
8.76848E-2 9.57964E-2 7.76912E-2 8.06367E-2 9.55001E-2 1.41651E-1 1.84863E-1 2.12373E-1 1.28159E-1 7.96282E-2 1.33373E-1 1.32017E-1 1.22466E-1 1.15565E-1 9.56336E-2 6.84148E-2 4.80677E-2 6.95172E-2 8.74944E-2 1.33104E-1 3.76975E-1 3.33748E-1 1.9598E-1 1.63607E-1 1.54461E-1 1.06209E-1 1.09991E-1 8.36864E-2 6.81289E-2 1.36359E-1 1.07055E-1 1.34061E-1 1.40511E-1 -9999 -9999 -9999 -9999 -9999 -9999 6.92923E-2 3.13153E-1 3.12705E-1 3.13844E-1 3.1541E-1 3.46218E-1 5.0947E-1 3.19501E-1 1.79106E-1 4.90648E-1 4.24296E-1 4.4756E-1 4.50318E-1 4.51265E-1 2.36134E-1 4.36362E-1 4.71581E-1 4.44742E-1 4.73065E-1 5.29676E-1 3.66613E-1
8.01298E-2 1.07118E-1 1.03891E-1 8.10457E-2 8.7593E-2 1.28306E-1 1.47175E-1 4.40124E-2 1.63659E-1 1.55714E-1 1.40349E-1 1.2502E-1 1.2064E-1 1.21871E-1 1.02469E-1 7.92141E-2 8.77657E-2 8.7474E-2 2.60382E-2 2.07906E-1 4.0725E-1 3.6631E-1 2.56595E-1 1.57498E-1 1.39233E-1 9.05396E-2 7.91126E-2 5.07796E-2 4.43918E-2 7.61159E-2 1.05957E-1 1.0779E-1 1.22333E-1 9.47322E-2 -9999 -9999 -9999 1.20692E-1 1.29335E-1 1.89264E-1 2.52615E-1 2.69745E-1 3.19395E-1 2.21444E-1 4.38456E-1 4.79197E-1 6.57401E-1 3.17681E-1 4.84916E-1 4.67158E-1 4.56187E-1 4.60765E-1 4.60721E-1 2.28537E-1 5.45898E-1 3.59604E-1 3.81115E-1 4.37877E-1 5.57453E-1 4.61884E-1
8.32966E-2 1.22546E-1 1.77487E-1 1.15181E-1 1.12084E-1 1.61594E-1 1.03617E-1 1.27708E-1 2.87657E-1 1.5457E-1 9.44912E-2 8.38643E-2 8.17612E-2 8.28484E-2 8.83268E-2 1.5816E-1 1.61781E-1 1.97455E-1 2.48614E-1 1.41095E-1 3.67972E-1 2.72486E-1 1.34376E-1 9.51248E-2 8.44913E-2 6.80041E-2 6.55612E-2 4.47508E-2 4.90069E-2 1.37264E-1 1.74412E-1 4.43068E-2 3.42587E-2 4.26313E-2 1.18122E-1 2.67787E-1 3.23427E-1 3.80029E-1 2.85734E-1 4.33247E-1 4.57792E-1 4.65865E-1 4.79565E-1 6.18359E-1 4.34243E-1 6.50546E-1 2.246E-1 2.88457E-1 4.84997E-1 4.34239E-1 4.01891E-1 4.11714E-1 4.51232E-1 3.3311E-1 4.35474E-1 3.9746E-1 4.25664E-1 5.20259E-1 4.66761E-1 4.08873E-1
8.41559E-2 1.00246E-1 1.7306E-1 1.83949E-1 1.4054E-1 1.80467E-1 1.85147E-1 1.2991E-1 2.62441E-1 1.33854E-1 7.88752E-2 8.13376E-2 6.96521E-2 6.89471E-2 7.66428E-2 1.3934E-1 1.55996E-1 1.75282E-1 2.04318E-1 2.35412E-1 3.07088E-1 1.45021E-1 1.0432E-1 8.54144E-2 8.621E-2 9.2514E-2 6.57272E-2 1.42067E-1 1.33827E-1 1.09471E-1 1.57688E-1 6.29049E-2 4.97818E-2 1.02476E-1 1.33706E-1 3.04812E-1 3.8064E-1 4.15725E-1 4.33341E-1 4.66456E-1 4.10893E-1 5.23181E-1 5.20857E-1 6.3158E-1 2.40755E-1 1.29649E-1 1.7871E-1 1.87572E-1 4.79959E-1 3.89502E-1 3.89572E-1 3.81578E-1 4.23321E-1 5.40391E-1 1.54944E-1 2.96427E-1 4.45433E-1 5.87512E-1 4.70752E-1 2.81711E-1
