Phytophthora/models/20240506_1646_46/Phytophthora_PA3_RUN2_MAXENT_outputs/Phytophthora_PA3_RUN2.asc
ncols         225
nrows         269
xllcorner     473009.9838
yllcorner     4429051.1748
cellsize      50.0
NODATA_value  -9999
[rows 208 to 233 of 269, columns 60 to 119 of 225]
2.49436E-1 5.77209E-1 5.3142E-1 3.78076E-1 4.52422E-1 3.92526E-1 1.74438E-1 1.18164E-1 1.81293E-1 2.96316E-1 2.40906E-1 2.94667E-1 4.00612E-1 4.63113E-1 4.88676E-1 4.59904E-1 5.12424E-1 3.80176E-1 2.78982E-1 2.66507E-1 1.10684E-1 3.06246E-1 4.03097E-1 4.12873E-1 4.48883E-1 6.38381E-1 6.61766E-1 6.61244E-1 6.87818E-1 5.78131E-1 3.92216E-1 3.01004E-1 2.44541E-1 3.46011E-1 3.08059E-1 2.43409E-1 1.63254E-1 1.26803E-1 1.10741E-1 1.15017E-1 1.10604E-1 1.04478E-1 9.14882E-2 7.3799E-2 8.10621E-2 1.41997E-1 3.85975E-1 3.00947E-1 3.18723E-1 3.06003E-1 1.79415E-1 2.34845E-1 1.94257E-1 1.83191E-1 2.57511E-1 1.75136E-1 2.16064E-1 1.74181E-1 1.22612E-1 1.13744E-1
4.71244E-1 3.73064E-1 5.80126E-1 6.02515E-1 3.81561E-1 5.55286E-1 3.25154E-1 1.87119E-1 1.62545E-1 2.05067E-1 2.40529E-1 3.94599E-1 3.76763E-1 2.42344E-1 3.9774E-1 3.30006E-1 4.10514E-1 2.97564E-1 2.33974E-1 1.80559E-1 1.70486E-1 3.23119E-1 2.94997E-1 2.75315E-1 3.96808E-1 6.25441E-1 5.84937E-1 6.6079E-1 6.02227E-1 5.38498E-1 4.53891E-1 5.568E-1 4.16063E-1 2.64504E-1 2.88094E-1 2.4612E-1 1.77444E-1 1.38293E-1 1.31474E-1 1.4639E-1 1.39823E-1 1.3458E-1 1.23999E-1 1.14273E-1 1.32759E-1 1.59736E-1 1.98685E-1 2.62015E-1 2.45797E-1 3.03275E-1 1.6683E-1 2.28461E-1 2.03648E-1 1.78503E-1 1.50585E-1 2.27969E-1 2.54839E-1 2.12168E-1 1.75682E-1 1.53237E-1
4.71854E-1 6.63132E-1 6.34968E-1 6.10011E-1 5.5468E-1 7.0612E-1 4.81529E-1 4.25207E-1 3.19989E-1 2.75698E-1 2.88812E-1 3.22849E-1 2.97137E-1 3.06372E-1 3.50713E-1 2.43943E-1 2.81526E-1 2.61364E-1 1.72982E-1 1.63299E-1 1.7771E-1 1.67295E-1 2.70382E-1 3.05111E-1 3.79292E-1 5.52616E-1 6.08248E-1 5.88504E-1 5.00546E-1 4.99246E-1 4.80771E-1 5.19671E-1 5.23097E-1 2.25384E-1 4.18145E-1 3.33154E-1 2.38813E-1 1.78528E-1 1.74198E-1 1.92782E-1 1.9411E-1 1.85331E-1 1.70475E-1 1.63625E-1 1.43448E-1 1.61269E-1 2.30027E-1 4.07401E-1 5.50797E-1 3.07683E-1 3.1881E-1 2.33323E-1 2.12351E-1 1.87288E-1 1.71653E-1 3.47053E-1 3.29028E-1 2.20294E-1 2.09876E-1 2.15266E-1
4.06257E-1 6.71591E-1 6.35305E-1 5.90023E-1 4.74389E-1 6.6651E-1 4.50202E-1 4.00578E-1 3.41676E-1 2.99449E-1 2.9974E-1 2.75455E-1 2.35039E-1 2.09374E-1 3.01761E-1 2.87219E-1 1.71597E-1 1.51453E-1 1.40311E-1 1.67103E-1 1.67558E-1 1.6133E-1 2.52044E-1 2.88769E-1 3.46171E-1 5.51828E-1 5.73495E-1 4.29508E-1 4.18037E-1 4.14558E-1 4.18703E-1 4.72355E-1 5.0098E-1 4.55287E-1 1.64806E-1 3.33914E-1 2.72121E-1 2.36423E-1 2.3812E-1 2.5172E-1 2.40299E-1 2.14374E-1 9.961E-2 1.64848E-1 1.01638E-1 1.52464E-1 2.95055E-1 4.50111E-1 3.40163E-1 2.36316E-1 3.01781E-1 2.37572E-1 1.21402E-1 9.96069E-2 1.35248E-1 3.03958E-1 3.38554E-1 2.38803E-1 2.30563E-1 2.18815E-1
6.56031E-1 6.26687E-1 5.85526E-1 5.61387E-1 3.63691E-1 4.96727E-1 3.42215E-1 3.32221E-1 3.27037E-1 2.79592E-1 2.63908E-1 2.42886E-1 2.1125E-1 1.7266E-1 1.72775E-1 2.37448E-1 1.03001E-1 7.98757E-2 1.48826E-1 1.63586E-1 1.69299E-1 1.61756E-1 2.21022E-1 3.10589E-1 3.53847E-1 5.76325E-1 5.58162E-1 3.85238E-1 3.27668E-1 3.24337E-1 3.61788E-1 4.02817E-1 4.40649E-1 3.92949E-1 3.71204E-1 1.42819E-1 2.2139E-1 2.42096E-1 2.53935E-1 2.66659E-1 4.13417E-1 2.87511E-1 2.3584E-1 2.27524E-1 1.44435E-1 1.78672E-1 3.06637E-1 3.87038E-1 1.73736E-1 1.55954E-1 3.09686E-1 1.3765E-1 3.16974E-1 3.05533E-1 2.63333E-1 1.85148E-1 4.05714E-1 2.67478E-1 2.70026E-1 2.76132E-1
6.60669E-1 6.336E-1 5.92242E-1 6.35682E-1 3.82256E-1 3.01171E-1 3.04444E-1 3.23253E-1 3.02117E-1 2.62584E-1 2.29349E-1 2.20868E-1 1.92754E-1 1.61467E-1 1.64166E-1 2.19037E-1 1.29098E-1 1.15131E-1 2.07798E-1 2.00323E-1 2.20924E-1 1.77937E-1 2.97563E-1 3.85965E-1 4.38488E-1 6.61126E-1 6.24711E-1 4.58465E-1 3.82621E-1 3.59839E-1 3.71752E-1 4.08985E-1 4.4353E-1 4.16965E-1 3.839E-1 3.85236E-1 2.96804E-1 2.46785E-1 2.32351E-1 1.52926E-1 1.65615E-1 4.39936E-1 2.15588E-1 2.62008E-1 2.68474E-1 2.63977E-1 3.47572E-1 4.35588E-1 4.794E-1 2.37704E-1 4.30277E-1 1.81183E-1 4.03091E-1 3.76357E-1 3.68811E-1 3.87789E-1 1.86607E-1 4.27232E-1 3.89354E-1 3.69475E-1
6.93242E-1 7.25717E-1 6.10488E-1 5.32904E-1 2.85264E-1 2.40785E-1 2.7796E-1 2.92883E-1 2.86775E-1 2.38411E-1 1.87012E-1 1.83383E-1 1.69074E-1 1.58443E-1 1.55502E-1 1.15131E-1 2.21135E-1 2.233E-1 2.30859E-1 2.52187E-1 2.90841E-1 1.8973E-1 3.63216E-1 4.87984E-1 5.5184E-1 7.37528E-1 7.07792E-1 5.21067E-1 4.8169E-1 4.87739E-1 4.68837E-1 4.39025E-1 4.21826E-1 4.59666E-1 4.0674E-1 3.63294E-1 2.9612E-1 2.66918E-1 2.65216E-1 2.67905E-1 1.92928E-1 2.13292E-1 3.05313E-1 4.09017E-1 3.97175E-1 3.84695E-1 4.27532E-1 3.08068E-1 6.54127E-1 3.58545E-1 5.43665E-1 3.33457E-1 4.77071E-1 4.36478E-1 4.79991E-1 4.72869E-1 4.24881E-1 1.76939E-1 4.79846E-1 4.86463E-1
6.72119E-1 5.55592E-1 3.99737E-1 3.01472E-1 2.97042E-1 2.21982E-1 2.52005E-1 2.67069E-1 2.83838E-1 2.16373E-1 1.78286E-1 1.81646E-1 2.00864E-1 2.21621E-1 1.95002E-1 1.86647E-1 2.90456E-1 2.79398E-1 2.83365E-1 3.16829E-1 3.65094E-1 3.88552E-1 4.66343E-1 6.04501E-1 6.85236E-1 7.95473E-1 6.66862E-1 6.08562E-1 6.71338E-1 6.30726E-1 5.84342E-1 4.98093E-1 4.47047E-1 4.44005E-1 4.94446E-1 3.31364E-1 3.14856E-1 3.31765E-1 3.83203E-1 4.40275E-1 4.54258E-1 4.1569E-1 3.41803E-1 5.25318E-1 5.21218E-1 4.96599E-1 5.0254E-1 5.76474E-1 7.08394E-1 5.30301E-1 4.58605E-1 5.83017E-1 5.65556E-1 5.10497E-1 5.05447E-1 4.9375E-1 4.59839E-1 4.33737E-1 4.50222E-1 4.60992E-1
3.97022E-1 3.40191E-1 3.24992E-1 3.13947E-1 2.88895E-1 2.20547E-1 2.30961E-1 2.59331E-1 3.05449E-1 2.28314E-1 2.06625E-1 1.9236E-1 1.73656E-1 1.43938E-1 1.70309E-1 2.15032E-1 3.25707E-1 2.36889E-1 3.86107E-1 3.65448E-1 4.49007E-1 5.38075E-1 5.87994E-1 7.2811E-1 8.07262E-1 5.54603E-1 6.93903E-1 6.88154E-1 6.46339E-1 7.36697E-1 6.65421E-1 6.55978E-1 6.40787E-1 5.71761E-1 5.75167E-1 4.91174E-1 4.22965E-1 4.60459E-1 5.06029E-1 5.37242E-1 5.32221E-1 5.3423E-1 3.88797E-1 5.97842E-1 6.13653E-1 6.11763E-1 6.2193E-1 5.88664E-1 3.61804E-1 6.29381E-1 6.38282E-1 6.3816E-1 6.37086E-1 5.73822E-1 5.21632E-1 5.02551E-1 5.56006E-1 5.72754E-1 4.28283E-1 4.74252E-1
3.81568E-1 3.79739E-1 3.48109E-1 3.09036E-1 2.73425E-1 1.19043E-1 2.08272E-1 2.35545E-1 3.76564E-1 3.2416E-1 2.98384E-1 2.44022E-1 2.05632E-1 1.62332E-1 1.74709E-1 2.09995E-1 2.60185E-1 1.94792E-1 4.05092E-1 3.86487E-1 5.3339E-1 6.36026E-1 6.9465E-1 8.46025E-1 8.64472E-1 7.77461E-1 6.79938E-1 5.30569E-1 7.75648E-1 7.73208E-1 8.05013E-1 8.12034E-1 7.99659E-1 7.48551E-1 6.71217E-1 6.38054E-1 6.02756E-1 5.69326E-1 5.63607E-1 5.77115E-1 6.09394E-1 6.54128E-1 6.41675E-1 4.03154E-1 6.94497E-1 6.99068E-1 6.3523E-1 5.57913E-1 4.41093E-1 3.82324E-1 6.59695E-1 7.60573E-1 7.10075E-1 6.24819E-1 5.65032E-1 5.38173E-1 5.32613E-1 3.76021E-1 5.37624E-1 5.33413E-1
3.60314E-1 3.36496E-1 2.93343E-1 2.61516E-1 2.04353E-1 1.80481E-1 1.83215E-1 2.2268E-1 4.13633E-1 4.98957E-1 3.89331E-1 2.87839E-1 2.73439E-1 2.89866E-1 3.19238E-1 3.13564E-1 3.07748E-1 3.13384E-1 4.53403E-1 3.79317E-1 4.74351E-1 6.24936E-1 8.02933E-1 8.25673E-1 8.66028E-1 7.9673E-1 8.00977E-1 8.46547E-1 6.95675E-1 6.52858E-1 8.37912E-1 8.3163E-1 8.14944E-1 7.60088E-1 6.79361E-1 6.03657E-1 5.8008E-1 5.79789E-1 5.62873E-1 5.7409E-1 6.44277E-1 7.07848E-1 6.44657E-1 6.83286E-1 5.72152E-1 4.42796E-1 7.26403E-1 7.26847E-1 6.62784E-1 3.63272E-1 4.73882E-1 5.48239E-1 5.82192E-1 6.07349E-1 5.92622E-1 5.80106E-1 5.96718E-1 2.86269E-1 4.87452E-1 4.10762E-1
3.08846E-1 3.13992E-1 2.74453E-1 2.45898E-1 2.01777E-1 1.5907E-1 1.90769E-1 2.50237E-1 3.95574E-1 5.06719E-1 5.43616E-1 3.65133E-1 3.49819E-1 3.7068E-1 3.95733E-1 3.92244E-1 3.90753E-1 1.92679E-1 3.72016E-1 4.09992E-1 4.97873E-1 5.71593E-1 7.72794E-1 7.80357E-1 8.34346E-1 8.67475E-1 8.01656E-1 7.9571E-1 8.09851E-1 8.30372E-1 8.56955E-1 8.48643E-1 8.1649E-1 7.4446E-1 6.64735E-1 5.77305E-1 5.34194E-1 5.59335E-1 5.88452E-1 5.97983E-1 6.80077E-1 7.14733E-1 6.46426E-1 6.7407E-1 6.9075E-1 7.05355E-1 7.02459E-1 6.99567E-1 6.27496E-1 4.98233E-1 6.93652E-1 7.17777E-1 5.84748E-1 3.85792E-1 4.88934E-1 5.86763E-1 3.27748E-1 4.31803E-1 4.44389E-1 1.9482E-1
2.41495E-1 2.42515E-1 2.36766E-1 2.44846E-1 1.69934E-1 1.47636E-1 1.99656E-1 2.57871E-1 3.07994E-1 5.08508E-1 5.31849E-1 4.02278E-1 3.74858E-1 4.04028E-1 4.39944E-1 4.50655E-1 4.41602E-1 4.06862E-1 4.21912E-1 4.63316E-1 5.14527E-1 5.56219E-1 6.37109E-1 7.87072E-1 6.94488E-1 7.75604E-1 7.23788E-1 8.07319E-1 8.07265E-1 7.93022E-1 8.74894E-1 8.40302E-1 7.59008E-1 6.66621E-1 6.21748E-1 5.54796E-1 5.00321E-1 5.52205E-1 6.07642E-1 6.73042E-1 6.40006E-1 7.75963E-1 6.33457E-1 6.4101E-1 6.64669E-1 7.07651E-1 6.76426E-1 6.4723E-1 5.91404E-1 6.00552E-1 7.7127E-1 7.18044E-1 7.23291E-1 6.6238E-1 5.99596E-1 2.58554E-1 2.21558E-1 4.93578E-1 4.75632E-1 3.79444E-1
1.72966E-1 1.94122E-1 1.88467E-1 1.71424E-1 1.58569E-1 6.10644E-2 1.7837E-1 2.1833E-1 2.55564E-1 4.88076E-1 4.79655E-1 5.16297E-1 4.0117E-1 4.44776E-1 4.79977E-1 5.09822E-1 5.36155E-1 5.30573E-1 5.25692E-1 5.60725E-1 5.77705E-1 5.48959E-1 5.48586E-1 3.52993E-1 6.23899E-1 6.56199E-1 7.27046E-1 7.74247E-1 6.32636E-1 8.49602E-1 7.82037E-1 6.74313E-1 6.18231E-1 5.87849E-1 5.69503E-1 5.31393E-1 5.20384E-1 5.66546E-1 5.9305E-1 5.27629E-1 5.96992E-1 5.02219E-1 6.28129E-1 4.77686E-1 5.44993E-1 6.24641E-1 5.72662E-1 5.80094E-1 5.98158E-1 6.58921E-1 6.58452E-1 4.45023E-1 6.49441E-1 6.22588E-1 6.16298E-1 5.8644E-1 5.37474E-1 4.94544E-1 4.73219E-1 4.72793E-1
1.14525E-1 1.46585E-1 1.19943E-1 1.42042E-1 1.42656E-1 1.1492E-1 1.04473E-1 8.18846E-2 9.05375E-2 1.59294E-1 2.54733E-1 3.63585E-1 4.16721E-1 4.36037E-1 3.69025E-1 5.37864E-1 6.19901E-1 6.5137E-1 6.27678E-1 6.62808E-1 6.61326E-1 6.00868E-1 5.4029E-1 5.71318E-1 5.96974E-1 6.70198E-1 8.0081E-1 6.99649E-1 6.76755E-1 6.86045E-1 7.72319E-1 6.26818E-1 5.88642E-1 5.82665E-1 5.36695E-1 4.17007E-1 4.01521E-1 4.59527E-1 4.89163E-1 4.70044E-1 5.4053E-1 7.17047E-1 3.84136E-1 5.05251E-1 5.98417E-1 4.73234E-1 4.70916E-1 3.1813E-1 6.32182E-1 4.54504E-1 8.00677E-1 6.37128E-1 6.85076E-1 6.67966E-1 6.5211E-1 6.14469E-1 5.61323E-1 5.37355E-1 5.02358E-1 4.75082E-1
1.34603E-1 1.23692E-1 8.27759E-2 1.00812E-1 1.21238E-1 1.12595E-1 1.62207E-1 2.67556E-1 2.43227E-1 1.89514E-1 2.57626E-1 3.10701E-1 4.71402E-1 4.82671E-1 4.43617E-1 4.83306E-1 6.28056E-1 7.36787E-1 5.59649E-1 7.33566E-1 6.97966E-1 6.49127E-1 5.56609E-1 5.6154E-1 5.75228E-1 6.59173E-1 7.58714E-1 7.78054E-1 7.55364E-1 7.40107E-1 7.39241E-1 6.65696E-1 6.22432E-1 6.07909E-1 5.81581E-1 4.96042E-1 3.13968E-1 3.45473E-1 3.84052E-1 4.26399E-1 4.75281E-1 5.05612E-1 4.82892E-1 4.57023E-1 5.08688E-1 4.86263E-1 4.47564E-1 4.85733E-1 4.91984E-1 4.96523E-1 6.59333E-1 4.25063E-1 6.73511E-1 6.9536E-1 6.54984E-1 4.73028E-1 4.52087E-1 3.54007E-1 5.18531E-1 5.06413E-1
1.34838E-1 7.48686E-2 8.8867E-2 1.01881E-1 1.10445E-1 1.16632E-1 1.31848E-1 2.79329E-1 3.04042E-1 2.4817E-1 3.16156E-1 4.148E-1 5.09985E-1 5.4563E-1 5.0726E-1 5.26058E-1 4.89474E-1 7.29397E-1 7.92949E-1 6.95695E-1 7.50824E-1 6.95329E-1 6.22764E-1 5.82929E-1 5.61657E-1 6.38148E-1 6.97302E-1 7.27174E-1 7.21588E-1 7.21301E-1 7.2178E-1 6.87412E-1 6.35515E-1 6.10983E-1 5.2923E-1 5.53575E-1 4.21137E-1 4.01282E-1 4.39883E-1 4.65851E-1 4.75699E-1 5.14819E-1 5.07302E-1 4.65604E-1 4.79943E-1 5.29136E-1 4.35702E-1 4.71244E-1 5.22331E-1 6.02351E-1 6.38458E-1 5.46335E-1 6.83708E-1 5.27754E-1 5.68922E-1 6.13363E-1 6.20238E-1 6.40843E-1 5.55048E-1 3.75963E-1
1.63815E-1 9.27595E-2 1.06348E-1 1.16981E-1 1.2158E-1 1.3459E-1 1.57808E-1 2.42562E-1 3.52186E-1 3.92016E-1 4.57E-1 5.41359E-1 5.83531E-1 2.82713E-1 3.79951E-1 5.49775E-1 6.33687E-1 5.7828E-1 7.88082E-1 8.37409E-1 6.14521E-1 7.10889E-1 6.52364E-1 5.36653E-1 5.60141E-1 5.86563E-1 6.28656E-1 6.32918E-1 6.49743E-1 6.7551E-1 7.27481E-1 6.95019E-1 5.96436E-1 5.95831E-1 5.52613E-1 5.48617E-1 5.55065E-1 5.30033E-1 4.9448E-1 4.62138E-1 4.187E-1 4.21497E-1 5.06104E-1 4.25119E-1 4.33819E-1 5.07307E-1 5.19183E-1 6.12418E-1 6.57762E-1 6.87631E-1 6.77015E-1 7.21401E-1 4.27214E-1 6.67246E-1 4.48716E-1 5.28868E-1 5.3455E-1 4.81288E-1 4.29995E-1 3.27697E-1
1.91707E-1 2.30498E-1 2.37609E-1 1.38086E-1 1.7391E-1 1.89449E-1 2.55297E-1 3.31462E-1 4.13922E-1 4.83477E-1 5.68783E-1 6.54087E-1 6.87582E-1 4.44872E-1 6.35521E-1 6.44377E-1 5.08925E-1 4.1438E-1 7.00867E-1 6.91064E-1 4.68756E-1 6.92915E-1 6.5124E-1 4.13376E-1 5.485E-1 5.64359E-1 5.20132E-1 5.03963E-1 5.53672E-1 6.1941E-1 7.64187E-1 7.31115E-1 5.74355E-1 5.05942E-1 5.00779E-1 5.14693E-1 5.14315E-1 5.60354E-1 5.68304E-1 5.31706E-1 4.67162E-1 4.06981E-1 4.40398E-1 3.84318E-1 4.25124E-1 5.27476E-1 6.10918E-1 6.86894E-1 7.18433E-1 7.35353E-1 7.48516E-1 5.63585E-1 5.28337E-1 7.45357E-1 7.25513E-1 6.33749E-1 5.1217E-1 4.63678E-1 4.71458E-1 6.3286E-1
2.1847E-1 2.62056E-1 2.88327E-1 2.72073E-1 2.91791E-1 2.95724E-1 3.29576E-1 4.01614E-1 4.99074E-1 5.93268E-1 6.63763E-1 7.56779E-1 8.1464E-1 6.93771E-1 6.52832E-1 6.41472E-1 6.44884E-1 6.51013E-1 5.51616E-1 6.54406E-1 6.70378E-1 6.79458E-1 6.35437E-1 3.99832E-1 5.17274E-1 5.37701E-1 5.12238E-1 4.30969E-1 4.67659E-1 6.60561E-1 5.94544E-1 6.07568E-1 4.38915E-1 4.30787E-1 4.17262E-1 3.83722E-1 3.68653E-1 3.99414E-1 5.32127E-1 5.31093E-1 4.69181E-1 3.90169E-1 3.53898E-1 4.10647E-1 4.49255E-1 5.40323E-1 6.30408E-1 7.04757E-1 7.53623E-1 7.57815E-1 7.75919E-1 8.07096E-1 5.50228E-1 6.46646E-1 6.23186E-1 5.9376E-1 5.65324E-1 5.2583E-1 4.73194E-1 5.33436E-1
2.26753E-1 2.8361E-1 3.38054E-1 3.49375E-1 3.67088E-1 3.80028E-1 3.78955E-1 3.97712E-1 4.7338E-1 5.57889E-1 6.40248E-1 6.92914E-1 8.12003E-1 7.32703E-1 8.06137E-1 6.91236E-1 6.62041E-1 6.89539E-1 7.13203E-1 5.1656E-1 5.99534E-1 6.21525E-1 6.56543E-1 5.81949E-1 5.63016E-1 5.85557E-1 4.42259E-1 3.97509E-1 6.01659E-1 6.00839E-1 7.39923E-1 4.75722E-1 3.95341E-1 4.04813E-1 3.94032E-1 3.75359E-1 3.8415E-1 4.11986E-1 5.09638E-1 5.47504E-1 4.91288E-1 4.30714E-1 4.30725E-1 4.32901E-1 5.10362E-1 5.90545E-1 6.69647E-1 7.25879E-1 7.81434E-1 8.1239E-1 7.46583E-1 6.42259E-1 7.0564E-1 7.35068E-1 7.05363E-1 6.62161E-1 5.64315E-1 5.48571E-1 5.04606E-1 5.05678E-1
2.45431E-1 3.13149E-1 3.90316E-1 4.19987E-1 4.23069E-1 4.72323E-1 4.65692E-1 4.68052E-1 5.21146E-1 5.94229E-1 6.77306E-1 7.38925E-1 5.53003E-1 8.29956E-1 8.53902E-1 8.39936E-1 6.6524E-1 6.95129E-1 7.34998E-1 7.07456E-1 7.0784E-1 6.14723E-1 6.7505E-1 6.57181E-1 6.64296E-1 6.61668E-1 6.78615E-1 3.89042E-1 7.24664E-1 6.98696E-1 6.62705E-1 5.63356E-1 4.66089E-1 4.42214E-1 4.27009E-1 4.23657E-1 4.75433E-1 4.82524E-1 5.35664E-1 6.45924E-1 6.17559E-1 5.41212E-1 5.03443E-1 4.49099E-1 5.89686E-1 6.4544E-1 7.08559E-1 7.16783E-1 7.27936E-1 7.44166E-1 7.51857E-1 7.36145E-1 6.74792E-1 7.61036E-1 7.72628E-1 7.09771E-1 5.94058E-1 5.27618E-1 4.83799E-1 4.15132E-1
2.90946E-1 3.44552E-1 4.2723E-1 5.60933E-1 4.87079E-1 5.26817E-1 5.9232E-1 5.75564E-1 5.95869E-1 6.49477E-1 7.06178E-1 7.54734E-1 8.13958E-1 8.44447E-1 8.74062E-1 8.52364E-1 7.17709E-1 7.48627E-1 7.71803E-1 7.28427E-1 6.88308E-1 6.20072E-1 7.16212E-1 6.90839E-1 7.1808E-1 7.42031E-1 7.2791E-1 7.1011E-1 6.61123E-1 7.92549E-1 7.44708E-1 6.4934E-1 4.89396E-1 4.54794E-1 4.77172E-1 4.83086E-1 5.97394E-1 6.1667E-1 5.58977E-1 7.29198E-1 7.35438E-1 6.45351E-1 6.15389E-1 5.76562E-1 6.89599E-1 6.84298E-1 7.42658E-1 6.94134E-1 6.92652E-1 6.96493E-1 7.5345E-1 8.02667E-1 6.72464E-1 7.57512E-1 7.25537E-1 7.69613E-1 6.43781E-1 5.19901E-1 4.27584E-1 3.53102E-1
3.32328E-1 3.91634E-1 4.5243E-1 6.24158E-1 6.72842E-1 5.7472E-1 6.46608E-1 7.23327E-1 6.86816E-1 6.75244E-1 6.83832E-1 6.40109E-1 8.26298E-1 8.79164E-1 8.7723E-1 8.29009E-1 8.08851E-1 8.0162E-1 8.48203E-1 7.68667E-1 6.63434E-1 6.96909E-1 6.77645E-1 6.94486E-1 7.25219E-1 7.52422E-1 8.05839E-1 7.83545E-1 5.39969E-1 8.02088E-1 7.47732E-1 5.79291E-1 4.2864E-1 4.69762E-1 5.31602E-1 5.6428E-1 6.11591E-1 7.59311E-1 7.04948E-1 8.23761E-1 7.4313E-1 7.14045E-1 7.01349E-1 6.86819E-1 7.4991E-1 6.86855E-1 6.36722E-1 6.70786E-1 6.88187E-1 7.36893E-1 6.18184E-1 8.81192E-1 4.30446E-1 7.64848E-1 7.63751E-1 6.94842E-1 7.11401E-1 6.15498E-1 4.55848E-1 3.14608E-1
3.21853E-1 3.74282E-1 4.58465E-1 5.77295E-1 7.41336E-1 6.80381E-1 6.38488E-1 7.27105E-1 7.94628E-1 5.7759E-1 5.44898E-1 7.44219E-1 7.77229E-1 8.08663E-1 8.64482E-1 9.05329E-1 8.34038E-1 8.42806E-1 8.83687E-1 7.86585E-1 7.00223E-1 6.88206E-1 4.95945E-1 7.26728E-1 7.60075E-1 7.63784E-1 7.5675E-1 8.17181E-1 7.08308E-1 7.76625E-1 6.42676E-1 5.50147E-1 4.72503E-1 5.32569E-1 5.6264E-1 6.38096E-1 6.35361E-1 6.93515E-1 7.67954E-1 8.2007E-1 6.95064E-1 7.1734E-1 7.1023E-1 6.82024E-1 7.63545E-1 6.45607E-1 5.78635E-1 5.98142E-1 6.49068E-1 7.46459E-1 7.36506E-1 7.8175E-1 7.68015E-1 8.35437E-1 8.15768E-1 7.51599E-1 7.09184E-1 6.8743E-1 6.03572E-1 4.86616E-1
3.44408E-1 3.79341E-1 4.41888E-1 6.14771E-1 7.49443E-1 7.85612E-1 6.3789E-1 5.55669E-1 6.42647E-1 6.8487E-1 6.79369E-1 7.28731E-1 7.86921E-1 8.18405E-1 8.447E-1 8.09764E-1 7.49082E-1 8.57927E-1 8.56934E-1 7.66808E-1 7.40258E-1 7.04307E-1 5.60475E-1 7.44241E-1 7.75863E-1 7.79225E-1 7.2996E-1 7.57497E-1 7.8243E-1 6.85716E-1 7.19351E-1 6.04145E-1 5.55998E-1 5.99041E-1 6.27729E-1 6.67773E-1 7.06111E-1 6.65415E-1 7.50919E-1 8.05961E-1 6.85411E-1 6.98667E-1 6.84351E-1 6.69009E-1 7.91999E-1 6.90087E-1 6.5307E-1 6.66251E-1 7.26041E-1 7.92948E-1 7.91779E-1 7.04717E-1 4.62177E-1 6.8667E-1 6.37942E-1 5.70095E-1 5.62077E-1 5.24387E-1 4.35469E-1 3.69511E-1
