Phytophthora/models/20240506_1646_46/Phytophthora_PA3_RUN2_MAXENT_outputs/Phytophthora_PA3_RUN2.asc
ncols         225
nrows         269
xllcorner     473009.9838
yllcorner     4429051.1748
cellsize      50.0
NODATA_value  -9999
[rows 104 to 129 of 269, columns 0 to 59 of 225]
-9999 -9999 -9999 -9999 -9999 -9999 -9999 -9999 -9999 -9999 -9999 4.65046E-3 1.59355E-2 1.82517E-2 2.24173E-2 2.35272E-2 2.86666E-2 4.31322E-2 4.32036E-2 4.68973E-2 4.58786E-2 4.5422E-2 3.98143E-2 4.03339E-2 3.88311E-2 4.60341E-2 6.43211E-2 5.14409E-2 5.49201E-2 3.04536E-2 1.92056E-2 6.27553E-2 6.06587E-2 5.44451E-2 4.62731E-2 4.45587E-2 5.53114E-2 6.2091E-2 2.84799E-2 5.34251E-2 4.68821E-2 3.64365E-2 2.96642E-2 3.32585E-2 2.91658E-2 2.33991E-2 9.48056E-3 2.56934E-2 3.62351E-2 3.03081E-2 2.51127E-2 2.4874E-2 2.41302E-2 2.96651E-2 8.50621E-2 9.38431E-2 6.43178E-2 7.03272E-2 8.40038E-2 9.40777E-2
-9999 -9999 -9999 -9999 -9999 -9999 -9999 -9999 -9999 -9999 -9999 4.64561E-3 2.10586E-2 2.36979E-2 1.63087E-2 2.59046E-2 3.90325E-2 3.98742E-2 3.65059E-2 3.2658E-2 3.81203E-2 4.91191E-2 4.345E-2 5.04365E-2 2.86626E-2 7.30048E-2 4.80661E-2 3.26507E-2 3.42106E-2 5.75365E-2 6.09308E-2 6.00448E-2 5.62221E-2 4.44673E-2 3.78776E-2 3.74433E-2 5.36476E-2 6.05117E-2 3.0406E-2 5.15909E-2 4.48653E-2 3.56172E-2 2.80346E-2 3.43725E-2 2.88848E-2 2.57079E-2 2.0441E-2 1.76079E-2 2.03949E-2 3.02734E-2 2.89017E-2 2.9611E-2 2.88334E-2 4.52471E-2 6.66263E-2 8.05607E-2 5.48722E-2 6.5768E-2 7.56908E-2 8.33156E-2
-9999 -9999 -9999 -9999 -9999 -9999 -9999 -9999 -9999 -9999 4.21867E-3 5.92878E-3 2.63508E-2 2.84738E-2 3.24883E-2 3.45951E-2 3.6703E-2 2.87912E-2 2.49715E-2 2.59805E-2 3.90361E-2 5.15777E-2 6.6334E-2 1.15893E-2 5.94249E-2 3.13033E-2 1.56294E-2 5.30175E-2 5.33384E-2 5.30624E-2 5.82839E-2 5.17415E-2 4.48391E-2 3.76715E-2 3.71934E-2 3.89005E-2 5.63507E-2 5.61018E-2 2.48269E-2 4.89251E-2 4.24252E-2 3.57305E-2 3.18055E-2 3.82953E-2 3.45179E-2 2.6899E-2 2.22302E-2 1.92723E-2 1.3405E-2 3.08085E-2 3.49125E-2 3.5619E-2 3.51692E-2 8.0375E-2 8.41144E-2 4.19934E-2 5.01549E-2 7.69402E-2 8.98322E-2 1.08887E-1
-9999 -9999 -9999 -9999 -9999 -9999 -9999 -9999 -9999 -9999 8.22674E-3 8.04125E-3 1.70703E-2 3.29611E-2 3.67134E-2 3.60963E-2 2.84226E-2 1.97137E-2 1.89723E-2 2.3576E-2 3.91797E-2 5.37843E-2 2.24847E-2 2.24192E-2 2.91155E-2 3.74378E-2 5.25931E-2 5.11283E-2 5.62657E-2 5.69182E-2 4.95229E-2 4.01399E-2 3.65528E-2 3.79345E-2 4.36801E-2 4.74955E-2 5.76342E-2 5.47823E-2 1.70451E-2 4.54453E-2 4.16284E-2 3.63276E-2 3.50215E-2 4.7324E-2 6.16904E-2 4.64554E-2 3.20752E-2 2.63895E-2 2.43133E-2 3.66964E-2 3.98726E-2 4.21157E-2 5.2486E-2 7.80312E-2 1.01835E-1 4.94197E-2 5.74776E-2 1.09482E-1 1.36117E-1 1.2923E-1
-9999 -9999 -9999 -9999 -9999 -9999 -9999 -9999 -9999 -9999 8.89564E-3 1.15645E-2 2.34301E-2 5.72031E-2 5.96761E-2 4.17259E-2 2.91558E-2 2.13925E-2 2.68579E-2 3.43027E-2 5.90058E-2 3.25918E-2 6.64943E-3 7.3512E-2 5.41941E-2 5.6197E-2 5.75065E-2 6.16399E-2 6.80583E-2 5.66037E-2 4.68757E-2 5.15721E-2 6.18421E-2 6.57186E-2 7.16778E-2 7.66016E-2 7.87475E-2 4.90837E-2 2.10233E-2 1.97832E-2 3.06382E-2 4.22328E-2 4.15043E-2 4.97933E-2 7.40563E-2 9.25147E-2 7.48062E-2 3.81769E-2 1.74733E-2 4.65116E-2 2.8471E-2 5.07539E-2 1.07842E-1 8.97622E-2 7.04547E-2 5.16291E-2 5.75396E-2 1.52498E-1 1.38421E-1 9.81008E-2
-9999 -9999 -9999 -9999 -9999 -9999 -9999 -9999 -9999 1.662E-2 1.35911E-2 2.19407E-2 5.55358E-2 9.84331E-2 7.99854E-2 5.12213E-2 3.29059E-2 3.16656E-2 3.8974E-2 4.56974E-2 6.89725E-2 5.92597E-3 5.84122E-2 7.37993E-2 7.23587E-2 7.96154E-2 7.86764E-2 7.0233E-2 6.70346E-2 5.766E-2 6.9484E-2 8.46314E-2 1.02737E-1 1.04908E-1 1.11761E-1 1.17561E-1 8.2562E-2 9.75521E-2 8.42315E-2 8.00904E-2 2.30859E-2 5.37752E-2 1.38142E-2 1.91209E-2 6.09053E-2 9.04119E-2 9.73395E-2 7.12856E-2 4.30396E-2 6.13707E-2 2.6246E-2 4.49252E-2 1.0829E-1 1.05639E-1 7.59011E-2 6.39639E-2 1.13638E-1 1.2905E-1 8.49221E-2 7.85453E-2
-9999 -9999 -9999 -9999 -9999 -9999 -9999 4.47708E-2 1.49752E-2 3.1826E-2 3.03988E-2 5.8327E-2 6.00469E-2 1.28928E-1 9.49691E-2 6.00916E-2 4.75373E-2 5.28715E-2 5.7792E-2 9.77349E-2 1.16619E-2 2.63839E-2 9.89961E-2 8.62682E-2 8.11379E-2 7.79879E-2 7.09936E-2 6.81093E-2 7.98786E-2 8.52835E-2 1.00956E-1 1.24016E-1 1.35458E-1 1.40078E-1 1.48177E-1 6.91756E-2 1.36005E-1 1.18295E-1 1.0241E-1 1.0099E-1 3.54425E-2 2.50075E-2 6.16857E-2 6.65064E-2 1.99042E-2 3.58889E-2 1.15508E-1 8.98878E-2 7.53082E-2 8.34244E-2 6.693E-2 3.49904E-2 1.15068E-1 1.137E-1 1.04151E-1 1.16375E-1 1.04113E-1 8.95284E-2 6.11834E-2 6.8768E-2
-9999 -9999 -9999 -9999 -9999 -9999 -9999 3.15821E-2 1.8913E-2 4.83766E-2 6.86127E-2 5.46866E-2 2.0237E-1 1.39272E-1 1.02732E-1 6.45356E-2 6.45799E-2 8.47605E-2 8.63536E-2 3.51853E-2 1.48627E-2 9.92464E-2 9.79932E-2 9.65756E-2 9.69678E-2 9.48446E-2 9.32853E-2 9.70774E-2 1.2863E-1 1.41118E-1 1.45786E-1 1.6318E-1 1.74987E-1 7.129E-2 2.30275E-1 2.32672E-1 1.6862E-1 1.40464E-1 1.20662E-1 1.29283E-1 1.0782E-1 3.99337E-2 5.51732E-2 8.14084E-2 8.4507E-2 7.3613E-2 9.44641E-2 9.74591E-2 6.78489E-2 6.6378E-2 8.89234E-2 8.20504E-2 1.02559E-1 1.09813E-1 1.35489E-1 1.06402E-1 9.48865E-2 6.35929E-2 6.17778E-2 7.38571E-2
-9999 -9999 -9999 -9999 -9999 -9999 -9999 1.65353E-1 1.05152E-1 1.84879E-1 2.05595E-1 1.34619E-1 2.34981E-1 1.58928E-1 1.09225E-1 8.43163E-2 8.75049E-2 1.10855E-1 6.92277E-2 5.6671E-3 9.29307E-2 9.33784E-2 1.00159E-1 1.05587E-1 1.13359E-1 1.14916E-1 1.24758E-1 1.38E-1 1.83805E-1 1.77794E-1 1.93118E-1 1.9715E-1 2.23453E-1 1.73451E-1 3.03589E-1 2.84055E-1 2.34611E-1 1.93037E-1 1.65408E-1 1.63796E-1 1.60257E-1 1.227E-1 1.0533E-1 5.23918E-2 8.13414E-2 8.99793E-2 8.57581E-2 9.34151E-2 8.99958E-2 6.32673E-2 1.03542E-1 7.31928E-2 1.18214E-1 1.0545E-1 1.15974E-1 1.08897E-1 6.49926E-2 5.62446E-2 5.94742E-2 6.98996E-2
-9999 -9999 -9999 -9999 -9999 -9999 -9999 1.91208E-1 1.35817E-1 1.8755E-1 7.09065E-2 2.17193E-1 1.96755E-1 1.27562E-1 9.32592E-2 8.38742E-2 8.4999E-2 1.54084E-1 1.58282E-2 7.82766E-2 1.04178E-1 9.70496E-2 1.14338E-1 1.26765E-1 6.688E-2 7.01823E-2 1.02984E-1 6.39028E-2 7.74418E-2 1.02539E-1 1.96764E-1 1.62223E-1 7.98834E-2 1.48795E-1 1.67091E-1 2.03485E-1 1.47687E-1 1.17432E-1 1.67447E-1 1.76621E-1 1.84453E-1 1.36815E-1 1.1276E-1 1.17155E-1 1.22922E-1 4.36122E-2 6.32429E-2 8.43732E-2 1.11113E-1 4.13839E-2 1.18542E-1 1.43491E-1 6.84391E-2 1.27645E-1 1.46007E-1 1.5164E-1 9.18547E-2 7.74304E-2 8.09718E-2 9.35487E-2
-9999 -9999 -9999 -9999 -9999 -9999 1.17692E-1 1.54412E-1 1.67567E-1 1.79375E-1 1.58988E-1 1.95034E-1 1.64642E-1 1.06676E-1 8.42447E-2 8.78039E-2 8.91809E-2 4.33786E-2 3.41802E-2 9.71452E-2 9.49123E-2 1.10188E-1 1.28577E-1 4.05689E-2 1.39527E-1 1.65447E-1 1.97112E-1 1.77377E-1 1.90552E-1 1.74309E-1 1.5916E-1 1.81621E-1 1.88991E-1 2.36401E-1 2.58321E-1 2.9664E-1 2.47522E-1 1.97208E-1 7.85976E-2 7.08907E-2 8.61029E-2 1.02102E-1 1.30119E-1 1.39282E-1 1.46505E-1 1.08363E-1 9.8656E-2 6.37204E-2 1.26913E-1 7.31183E-2 1.44391E-1 1.44912E-1 5.95381E-2 1.77411E-1 2.2016E-1 1.77898E-1 1.28681E-1 1.18673E-1 1.23296E-1 1.34656E-1
-9999 -9999 -9999 -9999 -9999 -9999 9.75314E-2 1.036E-1 7.18222E-2 4.93783E-2 1.65374E-1 1.687E-1 1.36222E-1 9.00325E-2 7.32498E-2 9.95379E-2 9.07353E-2 1.01925E-1 5.67381E-2 1.06358E-1 1.08589E-1 1.23702E-1 7.11863E-2 1.46204E-1 1.42601E-1 2.07427E-1 2.12681E-1 1.87995E-1 1.97288E-1 1.75121E-1 1.73487E-1 1.60043E-1 1.68551E-1 2.39512E-1 2.31982E-1 2.84781E-1 2.12249E-1 1.74762E-1 1.56667E-1 1.8252E-1 2.42275E-1 2.00068E-1 1.27466E-1 1.34264E-1 1.21527E-1 1.31788E-1 1.14645E-1 1.32134E-1 1.23123E-1 9.27951E-2 1.60285E-1 1.4278E-1 1.37451E-1 2.37822E-1 2.66909E-1 2.53055E-1 2.00834E-1 1.73497E-1 1.68054E-1 1.01304E-1
-9999 -9999 -9999 -9999 -9999 -9999 9.29488E-2 1.06601E-1 1.13891E-1 1.3291E-1 1.65144E-1 1.48095E-1 1.11435E-1 8.50595E-2 7.687E-2 8.14802E-2 9.8961E-2 7.71118E-2 8.66075E-2 4.58808E-2 5.15949E-2 6.77879E-2 1.57176E-1 1.51688E-1 1.51595E-1 1.95926E-1 2.07773E-1 2.03204E-1 1.98378E-1 1.58735E-1 1.54675E-1 1.48908E-1 1.93687E-1 1.99833E-1 1.97592E-1 2.33031E-1 1.52796E-1 1.4591E-1 1.49347E-1 1.74595E-1 2.4117E-1 2.17232E-1 1.97502E-1 1.70808E-1 1.31918E-1 8.25513E-2 5.46995E-2 1.18208E-1 2.234E-2 5.59559E-2 1.72218E-1 1.69086E-1 2.42028E-1 1.80439E-1 3.16876E-1 2.82136E-1 2.02177E-1 1.60667E-1 1.64846E-1 9.36688E-2
-9999 -9999 -9999 -9999 -9999 -9999 -9999 1.03765E-1 1.1626E-1 1.33094E-1 1.54332E-1 1.16345E-1 9.12445E-2 7.69844E-2 1.01857E-1 8.57015E-2 7.28704E-2 8.98019E-2 1.05387E-1 1.25014E-1 1.38055E-1 1.58032E-1 1.66673E-1 1.49984E-1 1.472E-1 1.53843E-1 1.66562E-1 1.70836E-1 1.9048E-1 1.47453E-1 1.75239E-1 1.87977E-1 2.08376E-1 1.62385E-1 1.87105E-1 1.34776E-1 1.3195E-1 1.47691E-1 1.61623E-1 1.92804E-1 2.79336E-1 2.27345E-1 8.1037E-2 2.84478E-1 2.99707E-1 1.84185E-1 1.6346E-1 2.56241E-1 5.41394E-2 9.83156E-2 1.14501E-1 7.79904E-2 1.60854E-1 1.50043E-1 3.20616E-1 2.42775E-1 2.20548E-1 2.08946E-1 1.96072E-1 2.69375E-1
-9999 -9999 -9999 -9999 -9999 -9999 -9999 9.23413E-2 9.22663E-2 1.25357E-1 1.21764E-1 1.02771E-1 9.54114E-2 1.66413E-1 1.47731E-1 7.10451E-2 8.37407E-2 1.08314E-1 1.31465E-1 1.44864E-1 1.4989E-1 1.59763E-1 1.49824E-1 1.29783E-1 1.32275E-1 1.69538E-1 1.54852E-1 1.62048E-1 2.1037E-1 1.94903E-1 2.23324E-1 1.95383E-1 1.45819E-1 1.82133E-1 1.73344E-1 1.32427E-1 1.39113E-1 1.61577E-1 1.75155E-1 8.75426E-2 1.99546E-1 2.352E-1 2.61538E-1 2.66853E-1 2.91345E-1 1.6508E-1 1.58034E-1 1.29461E-1 2.79226E-2 8.62817E-2 1.78601E-1 2.68702E-1 2.03267E-1 1.76189E-1 1.16583E-1 8.13471E-2 5.60762E-2 1.29598E-1 9.87576E-2 1.56665E-1
-9999 -9999 -9999 -9999 -9999 -9999 -9999 -9999 7.88522E-2 8.76789E-2 1.0221E-1 1.10324E-1 1.55879E-1 1.14203E-1 1.17748E-1 7.48241E-2 9.22201E-2 1.1459E-1 1.26491E-1 1.40617E-1 1.47344E-1 1.43864E-1 1.20305E-1 1.11227E-1 1.15912E-1 1.69776E-1 1.65838E-1 1.66943E-1 1.90604E-1 1.96215E-1 1.515E-1 1.65289E-1 2.11201E-1 2.1627E-1 1.64699E-1 1.63284E-1 1.5889E-1 1.78969E-1 1.89353E-1 1.19181E-1 3.24227E-1 2.16762E-1 2.87462E-1 2.25208E-1 2.15491E-1 1.37379E-1 2.16359E-1 2.07401E-2 3.64731E-2 1.91507E-1 1.29254E-1 1.30984E-1 1.28383E-1 1.33625E-1 1.36849E-1 1.54746E-1 1.55481E-1 1.50885E-1 2.66777E-1 2.01407E-1
-9999 -9999 -9999 -9999 -9999 -9999 -9999 -9999 -9999 8.72824E-2 1.01973E-1 9.30501E-2 1.63633E-1 2.19122E-1 1.2425E-1 1.22318E-1 1.15979E-1 1.33764E-1 1.50755E-1 1.69705E-1 1.79039E-1 1.69533E-1 1.44989E-1 1.35148E-1 1.5124E-1 2.02327E-1 2.02656E-1 1.64517E-1 1.97692E-1 1.32407E-1 1.52047E-1 2.39111E-1 2.71836E-1 2.06249E-1 2.03451E-1 2.04053E-1 1.77182E-1 1.98952E-1 2.2256E-1 3.43587E-1 2.73175E-1 1.83738E-1 2.5714E-1 1.85772E-1 1.43746E-1 2.15884E-1 1.20932E-2 1.57065E-2 1.47941E-1 9.29893E-2 1.01745E-1 1.17887E-1 1.23847E-1 1.27712E-1 1.71538E-1 2.0376E-1 1.09692E-1 2.33562E-1 2.62345E-1 3.07125E-1
-9999 -9999 -9999 -9999 -9999 -9999 -9999 -9999 -9999 -9999 -9999 1.53634E-1 8.60774E-2 2.44885E-1 1.81059E-1 1.49799E-1 1.16946E-1 1.30706E-1 1.49645E-1 1.70983E-1 1.89381E-1 1.83376E-1 1.67935E-1 1.71541E-1 1.79844E-1 1.8499E-1 2.63353E-1 1.25038E-1 1.5698E-1 1.52295E-1 2.39994E-1 2.66333E-1 2.30983E-1 2.30908E-1 2.1097E-1 2.24013E-1 2.01856E-1 2.54076E-1 1.60184E-1 3.5515E-1 2.06173E-1 1.56617E-1 2.23606E-1 1.50144E-1 1.02358E-1 1.02622E-2 1.11901E-2 1.66729E-1 9.6349E-2 1.13641E-1 1.35019E-1 1.55967E-1 1.5525E-1 1.62786E-1 1.46322E-1 9.47475E-2 2.09739E-1 2.25778E-1 2.55026E-1 3.47175E-1
-9999 -9999 -9999 -9999 -9999 -9999 -9999 -9999 -9999 -9999 -9999 8.78038E-2 2.36622E-1 1.27699E-1 1.71134E-1 1.11093E-1 9.13656E-2 1.091E-1 1.43635E-1 1.76885E-1 8.99212E-2 1.89043E-1 1.91414E-1 1.98236E-1 2.09441E-1 2.08925E-1 3.03565E-1 7.56729E-2 1.89077E-1 2.52645E-1 1.97202E-1 1.98464E-1 2.2254E-1 2.21483E-1 2.17968E-1 9.78622E-2 2.25167E-1 3.44816E-1 1.94413E-1 2.90698E-1 1.7826E-1 1.53145E-1 2.11203E-1 8.46458E-2 1.46942E-2 1.23062E-2 1.20315E-1 1.15077E-1 1.24419E-1 1.45095E-1 1.68624E-1 1.83668E-1 1.78947E-1 7.0619E-2 1.17717E-1 1.956E-1 2.03492E-1 2.14791E-1 2.59236E-1 4.19845E-1
-9999 -9999 -9999 -9999 -9999 -9999 -9999 -9999 -9999 -9999 -9999 -9999 9.63358E-2 1.11775E-1 1.06031E-1 8.13321E-2 8.22078E-2 1.16657E-1 1.69127E-1 1.89053E-1 8.39359E-2 1.97216E-1 1.31772E-1 1.09977E-1 1.37721E-1 2.17395E-1 2.12272E-1 6.26472E-2 2.89225E-1 1.2768E-1 1.35088E-1 1.48953E-1 1.71399E-1 1.8739E-1 2.1545E-1 2.42136E-1 8.0227E-2 1.35443E-1 2.88706E-1 1.97895E-1 1.39125E-1 1.33049E-1 8.38384E-2 6.05122E-3 7.72366E-3 1.03706E-1 8.49336E-2 8.82619E-2 1.1531E-1 1.43893E-1 1.729E-1 1.87124E-1 1.83153E-1 1.24364E-1 1.77978E-1 1.80482E-1 1.77363E-1 1.7998E-1 2.8113E-1 3.19026E-1
-9999 -9999 -9999 -9999 -9999 -9999 -9999 -9999 -9999 -9999 -9999 -9999 -9999 7.53886E-2 8.37467E-2 7.61111E-2 8.81932E-2 1.33874E-1 1.76222E-1 1.88311E-1 1.41618E-1 1.36013E-1 2.20009E-1 2.00287E-1 8.89835E-2 2.13742E-1 1.89066E-1 1.76089E-1 1.73893E-1 1.15082E-1 1.06564E-1 1.27026E-1 1.60504E-1 1.8515E-1 2.0659E-1 2.38867E-1 2.23594E-1 3.07498E-1 2.57595E-1 1.47382E-1 1.10507E-1 1.05691E-1 9.43781E-3 8.49384E-3 6.64853E-2 6.29343E-2 7.89269E-2 1.01431E-1 1.28908E-1 1.51685E-1 1.83668E-1 1.927E-1 1.77151E-1 1.64658E-1 1.75467E-1 1.583E-1 1.44376E-1 1.45073E-1 2.20085E-1 2.03473E-1
-9999 -9999 -9999 -9999 -9999 -9999 -9999 -9999 -9999 -9999 -9999 -9999 -9999 8.30751E-2 9.39533E-2 9.07941E-2 9.8513E-2 1.41389E-1 1.6205E-1 1.812E-1 1.9133E-1 2.06295E-1 9.70818E-2 1.72052E-1 2.38741E-1 1.84743E-1 1.64891E-1 1.61102E-1 1.33359E-1 1.05284E-1 9.82176E-2 1.27925E-1 1.68065E-1 1.81016E-1 1.83416E-1 2.19495E-1 2.1203E-1 2.59368E-1 2.21615E-1 1.09604E-1 7.72606E-2 9.26904E-2 1.11824E-1 7.25455E-2 4.61306E-2 4.90149E-2 6.46603E-2 9.55664E-2 1.28607E-1 1.42428E-1 1.83631E-1 1.83678E-1 1.74622E-1 1.59969E-1 1.73185E-1 1.4652E-1 1.21289E-1 1.02747E-1 1.65942E-1 1.51837E-1
-9999 -9999 -9999 -9999 -9999 -9999 -9999 -9999 -9999 -9999 -9999 -9999 -9999 1.11642E-1 1.08999E-1 1.01373E-1 1.08167E-1 1.40487E-1 1.61754E-1 1.76803E-1 1.91056E-1 9.15297E-2 2.91663E-1 3.1388E-1 1.69386E-1 1.15833E-1 1.88893E-1 1.48332E-1 1.30363E-1 1.13011E-1 1.09526E-1 1.42931E-1 1.56782E-1 1.63403E-1 1.6592E-1 1.7742E-1 1.72189E-1 2.07197E-1 1.53468E-1 1.08423E-1 1.42748E-1 7.4065E-2 4.95339E-2 4.44157E-2 4.06559E-2 5.51828E-2 7.78577E-2 1.13802E-1 1.29193E-1 1.50945E-1 1.93167E-1 1.78274E-1 7.22062E-2 1.87371E-1 1.71068E-1 1.34701E-1 1.09172E-1 9.55019E-2 1.57078E-1 1.04663E-1
-9999 -9999 -9999 -9999 -9999 -9999 -9999 -9999 -9999 -9999 -9999 -9999 -9999 1.15757E-1 1.10814E-1 1.07813E-1 1.15729E-1 1.42797E-1 1.64203E-1 1.76271E-1 8.19959E-2 2.36582E-1 3.79832E-2 2.28131E-1 2.56942E-1 2.28747E-1 1.98297E-1 1.27274E-1 1.11316E-1 1.05453E-1 1.08891E-1 1.28704E-1 1.44595E-1 1.4981E-1 1.32356E-1 1.38628E-1 1.36827E-1 1.40422E-1 9.63305E-2 1.17792E-1 6.36452E-2 4.72099E-2 4.2499E-2 4.07483E-2 4.75221E-2 6.52579E-2 9.52307E-2 1.1479E-1 1.36772E-1 1.64289E-1 1.85793E-1 1.70853E-1 6.02945E-2 1.93664E-1 1.6667E-1 1.23818E-1 9.23107E-2 7.14065E-2 7.88546E-2 3.40725E-2
-9999 -9999 -9999 -9999 -9999 -9999 -9999 -9999 -9999 -9999 -9999 -9999 1.9212E-1 2.19377E-1 1.71862E-1 1.6195E-1 1.7307E-1 2.1401E-1 1.8357E-1 1.35198E-1 1.28938E-1 2.27257E-1 2.21902E-1 2.08262E-1 1.86372E-1 1.5511E-1 1.51771E-1 1.98398E-1 1.23427E-1 1.16493E-1 1.21883E-1 1.46355E-1 1.2282E-1 1.11627E-1 1.02025E-1 1.06008E-1 1.23902E-1 4.22009E-2 9.62545E-2 7.26534E-2 5.18899E-2 5.76384E-2 6.41086E-2 6.12296E-2 6.93579E-2 8.5369E-2 1.08953E-1 1.301E-1 1.6758E-1 1.99359E-1 1.76909E-1 1.10873E-1 1.82422E-1 1.94004E-1 1.52959E-1 1.19036E-1 9.14534E-2 7.00776E-2 6.36016E-2 3.94819E-2
-9999 -9999 -9999 -9999 -9999 -9999 -9999 -9999 -9999 -9999 -9999 2.75749E-2 2.21959E-1 8.65477E-2 1.58083E-1 1.35946E-1 2.09476E-1 3.2787E-1 1.74131E-1 1.63056E-1 1.63315E-1 2.00583E-1 2.13323E-1 7.36043E-2 1.45713E-1 2.1623E-1 3.31123E-1 1.52563E-1 1.97029E-1 1.49675E-1 1.53056E-1 1.65013E-1 1.23501E-1 1.03405E-1 8.38176E-2 8.12875E-2 8.29408E-2 5.90354E-2 8.39356E-2 6.97846E-2 7.37135E-2 8.63965E-2 1.01328E-1 9.50915E-2 9.57034E-2 9.6955E-2 1.16487E-1 1.37394E-1 2.04229E-1 2.18316E-1 1.56571E-1 8.31172E-2 2.06078E-1 1.8541E-1 1.33823E-1 1.06648E-1 8.40316E-2 7.01028E-2 6.31285E-2 4.37516E-2
