Phytophthora/models/20240506_1646_46/Phytophthora_PA3_RUN2_MAXENT_outputs/Phytophthora_PA3_RUN2.asc
ncols         225
nrows         269
xllcorner     473009.9838
yllcorner     4429051.1748
cellsize      50.0
NODATA_value  -9999
[rows 156 to 181 of 269, columns 120 to 179 of 225]
3.23093E-1 1.79088E-1 1.78629E-1 3.51798E-1 3.13329E-1 2.9827E-1 2.77641E-1 2.94147E-1 3.13627E-1 2.53107E-1 3.85968E-1 4.1745E-1 4.26294E-1 3.9414E-1 3.33493E-1 2.76619E-1 3.0132E-1 3.36925E-1 3.72548E-1 3.9222E-1 4.03961E-1 2.27698E-1 4.41289E-1 4.20546E-1 3.78501E-1 3.49936E-1 2.99829E-1 2.63665E-1 1.87706E-1 3.88014E-1 4.02667E-1 4.15837E-1 4.66926E-1 4.58983E-1 3.45402E-1 2.98641E-1 2.02982E-1 3.94044E-1 3.84361E-1 3.65731E-1 3.59532E-1 3.85409E-1 3.84676E-1 3.36818E-1 2.81798E-1 1.94188E-1 8.33577E-2 1.25268E-1 1.27654E-1 1.65598E-1 2.54095E-1 3.63489E-1 4.00208E-1 3.52783E-1 1.24595E-1 2.69597E-1 2.94365E-1 3.36111E-1 2.40566E-1 2.35657E-1
4.36125E-1 4.85281E-1 2.74346E-1 3.39514E-1 2.75337E-1 2.46217E-1 2.54424E-1 2.78514E-1 3.42115E-1 1.53199E-1 4.25481E-1 4.55926E-1 4.3793E-1 4.20051E-1 3.84064E-1 3.36712E-1 3.42073E-1 3.75521E-1 4.10412E-1 3.99741E-1 3.98131E-1 1.88713E-1 4.37562E-1 4.42231E-1 4.60727E-1 4.23106E-1 3.55051E-1 3.09429E-1 4.43355E-1 3.95782E-1 3.45407E-1 4.0056E-1 4.58772E-1 4.92722E-1 4.81553E-1 4.23211E-1 3.67272E-1 3.48072E-1 3.47443E-1 3.43844E-1 3.68597E-1 4.14195E-1 4.22784E-1 1.79167E-1 2.84654E-1 1.99487E-1 4.6693E-2 9.58791E-2 1.16887E-1 1.58631E-1 3.18333E-1 4.48576E-1 4.13707E-1 3.74147E-1 2.22896E-1 3.11926E-1 2.49192E-1 3.87794E-1 4.17771E-1 2.84615E-1
4.41449E-1 4.57881E-1 2.9857E-1 3.17864E-1 2.64573E-1 2.12427E-1 2.72092E-1 3.16947E-1 3.13971E-1 3.00348E-1 4.40479E-1 4.53821E-1 4.30673E-1 4.01098E-1 4.13102E-1 4.09677E-1 3.88676E-1 4.19097E-1 4.5548E-1 4.12896E-1 2.55359E-1 3.78825E-1 3.90535E-1 4.10707E-1 4.81446E-1 5.20089E-1 4.86251E-1 4.0489E-1 3.11838E-1 3.19897E-1 4.03362E-1 4.40744E-1 4.91641E-1 4.59501E-1 3.91448E-1 3.40904E-1 3.24231E-1 3.12994E-1 2.96495E-1 2.88811E-1 3.33941E-1 3.98893E-1 4.06043E-1 1.37817E-1 3.06855E-1 2.25525E-1 5.27379E-2 7.66324E-2 1.13178E-1 1.79646E-1 4.36865E-1 4.55816E-1 4.02338E-1 3.87637E-1 2.71896E-1 1.91667E-1 2.71815E-1 3.5266E-1 3.31664E-1 2.39861E-1
3.85824E-1 1.71047E-1 2.82872E-1 2.72243E-1 2.37933E-1 2.08744E-1 2.54587E-1 3.6374E-1 2.74575E-1 4.27916E-1 4.54916E-1 4.7465E-1 4.70526E-1 4.65463E-1 4.85273E-1 5.12558E-1 4.75848E-1 4.58553E-1 4.79071E-1 4.22216E-1 2.40268E-1 3.47985E-1 1.92548E-1 1.78732E-1 1.92337E-1 1.71649E-1 3.54088E-1 1.90155E-1 3.63755E-1 4.39053E-1 3.96145E-1 3.72653E-1 2.98431E-1 2.75274E-1 2.6089E-1 2.41215E-1 2.66896E-1 2.7139E-1 2.51228E-1 2.4517E-1 3.01779E-1 3.56262E-1 3.86012E-1 3.55711E-1 1.30791E-1 2.34435E-1 5.01268E-2 9.61351E-2 1.1517E-1 1.72535E-1 2.54101E-1 5.24065E-1 4.18389E-1 3.88595E-1 2.18501E-1 2.19742E-1 2.91092E-1 3.36276E-1 3.3103E-1 2.83253E-1
2.65789E-1 2.46665E-1 2.4559E-1 2.32919E-1 2.10473E-1 2.61754E-1 3.53242E-1 3.99842E-1 2.15744E-1 4.24268E-1 4.59979E-1 4.84948E-1 4.82681E-1 4.84334E-1 5.1392E-1 5.46079E-1 5.84827E-1 5.09176E-1 5.01215E-1 1.82814E-1 1.67269E-1 2.49027E-1 3.0382E-1 2.78146E-1 2.73149E-1 1.33602E-1 2.24397E-1 3.22525E-1 2.45201E-1 3.29964E-1 3.35063E-1 2.04378E-1 1.65691E-1 1.70477E-1 1.73739E-1 1.71595E-1 1.95741E-1 2.18683E-1 2.1746E-1 2.23486E-1 2.74636E-1 3.30539E-1 3.76483E-1 3.63972E-1 3.38722E-1 2.21473E-1 6.75173E-2 1.33329E-1 1.5037E-1 1.84779E-1 2.35159E-1 4.14075E-1 4.99239E-1 2.31752E-1 3.45287E-1 3.23071E-1 2.80886E-1 3.07661E-1 2.9041E-1 2.72801E-1
1.11872E-1 2.98462E-1 2.39494E-1 2.33289E-1 2.46011E-1 3.23084E-1 3.93732E-1 4.24241E-1 1.89289E-1 2.30612E-1 1.81957E-1 4.94452E-1 4.65857E-1 4.62202E-1 4.70635E-1 5.36921E-1 5.44724E-1 5.85177E-1 4.54728E-1 4.38804E-1 3.40764E-1 2.9063E-1 2.82274E-1 2.15809E-1 2.53952E-1 1.34962E-1 1.46035E-1 1.89953E-1 2.7996E-1 2.44822E-1 1.70707E-1 1.3779E-1 1.13468E-1 1.2113E-1 1.47302E-1 1.68241E-1 1.80937E-1 1.79049E-1 1.91302E-1 2.28429E-1 2.70078E-1 3.14019E-1 3.40362E-1 3.42488E-1 3.12136E-1 1.25296E-1 1.76555E-1 1.6775E-1 1.62735E-1 1.67902E-1 2.23732E-1 2.33765E-1 4.13437E-1 4.1845E-1 3.36712E-1 2.11082E-1 3.98221E-1 3.8127E-1 3.95002E-1 3.24801E-1
2.93967E-1 3.39031E-1 2.95767E-1 3.17224E-1 2.85307E-1 3.22187E-1 4.00016E-1 4.32523E-1 4.49544E-1 4.72498E-1 4.60192E-1 2.80282E-1 4.33009E-1 4.10253E-1 3.77879E-1 4.68339E-1 5.22521E-1 4.5185E-1 5.10175E-2 2.5348E-1 2.94437E-1 1.66708E-1 3.13903E-1 1.79559E-1 1.54022E-1 1.56176E-1 1.45552E-1 1.42484E-1 1.50895E-1 1.40749E-1 1.22928E-1 1.0434E-1 9.61688E-2 1.26436E-1 1.74518E-1 2.02894E-1 2.22162E-1 2.27267E-1 2.05336E-1 2.25998E-1 2.5936E-1 3.01824E-1 3.16905E-1 1.49117E-1 2.12397E-1 2.57918E-1 1.55651E-1 2.21896E-1 1.64934E-1 6.08787E-2 1.09937E-1 1.58954E-1 9.81491E-2 2.72135E-1 2.11631E-1 4.02785E-1 3.8108E-1 3.78713E-1 4.3191E-1 4.64987E-1
3.69463E-1 3.68879E-1 3.23949E-1 3.05514E-1 2.53847E-1 3.21541E-1 3.68042E-1 4.12028E-1 4.41133E-1 4.77872E-1 5.0065E-1 2.21142E-1 4.55332E-1 4.08045E-1 3.43408E-1 3.45683E-1 3.05541E-1 4.70767E-1 4.5116E-1 3.35678E-1 1.85314E-1 1.78201E-1 2.80692E-1 1.76173E-1 1.99492E-1 1.84773E-1 1.83403E-1 1.56108E-1 1.40436E-1 8.21771E-2 1.11036E-1 1.0627E-1 1.34104E-1 1.70365E-1 2.11721E-1 2.49573E-1 2.70245E-1 2.73073E-1 2.37226E-1 2.14441E-1 2.42091E-1 2.73998E-1 2.91487E-1 2.76867E-1 2.81315E-1 1.28144E-1 1.79235E-1 1.84912E-1 1.78706E-1 1.43898E-1 1.48732E-1 2.39763E-1 2.76574E-1 3.7555E-1 3.55172E-1 3.94031E-1 4.8689E-1 5.06497E-1 4.91763E-1 5.28532E-1
4.3131E-1 3.83559E-1 3.25783E-1 3.00268E-1 2.68033E-1 3.16474E-1 3.61184E-1 3.97546E-1 4.05881E-1 4.72066E-1 5.3649E-1 2.76769E-1 5.5226E-1 5.30456E-1 3.2642E-1 2.25582E-1 2.1502E-1 3.76449E-1 2.82955E-1 1.62812E-1 2.71945E-1 2.68552E-1 2.48342E-1 3.19082E-1 2.94142E-1 2.74318E-1 2.38711E-1 1.89885E-1 1.62901E-1 8.82839E-2 1.14603E-1 1.32238E-1 1.58934E-1 2.02411E-1 2.63819E-1 3.1049E-1 3.3265E-1 3.14979E-1 2.73246E-1 2.44208E-1 2.18392E-1 2.40401E-1 2.59059E-1 2.4612E-1 2.34684E-1 2.45649E-1 1.72559E-1 2.27458E-1 1.99461E-1 1.84793E-1 1.81683E-1 2.55086E-1 3.0484E-1 5.21864E-1 3.39048E-1 4.85425E-1 5.4234E-1 6.18288E-1 6.4141E-1 6.30879E-1
4.88007E-1 3.74922E-1 3.11885E-1 2.93861E-1 2.6169E-1 2.84458E-1 3.30767E-1 3.86219E-1 4.43508E-1 4.97296E-1 5.18395E-1 3.27209E-1 5.66287E-1 4.61884E-1 4.18964E-1 2.57031E-1 3.26179E-1 4.18493E-1 3.48763E-1 3.62208E-1 2.29301E-1 3.73776E-1 3.65486E-1 4.10295E-1 4.08679E-1 3.67146E-1 3.0689E-1 2.67007E-1 2.7345E-1 1.61361E-1 2.39734E-1 1.4514E-1 1.77555E-1 2.44315E-1 3.39099E-1 3.60971E-1 3.5802E-1 3.30016E-1 3.08152E-1 2.76127E-1 2.47607E-1 2.21546E-1 2.1501E-1 2.24545E-1 2.10768E-1 2.1887E-1 2.86191E-1 1.50197E-1 2.64795E-1 2.56794E-1 2.49274E-1 2.37052E-1 2.88499E-1 1.55302E-1 1.84381E-1 2.61827E-1 3.99784E-1 6.46741E-1 6.76756E-1 7.03813E-1
3.46919E-1 3.90004E-1 2.94187E-1 2.8064E-1 2.49631E-1 2.58937E-1 3.02246E-1 3.50022E-1 4.32724E-1 5.32743E-1 5.59615E-1 2.93958E-1 4.72231E-1 3.37286E-1 3.13555E-1 3.35462E-1 3.85606E-1 4.11401E-1 2.4991E-1 3.08729E-1 4.72802E-1 3.79398E-1 3.1499E-1 3.35058E-1 4.78344E-1 4.69246E-1 3.82858E-1 3.01711E-1 2.87362E-1 3.22733E-1 1.85954E-1 2.30138E-1 2.04544E-1 3.43817E-1 3.91078E-1 3.91489E-1 3.53711E-1 3.25151E-1 3.1372E-1 2.97255E-1 2.94799E-1 2.61782E-1 2.23007E-1 2.10174E-1 1.17533E-1 3.11666E-1 2.88484E-1 1.97515E-1 8.44696E-2 1.37668E-1 1.85857E-1 2.03977E-1 2.08044E-1 2.66933E-1 3.10761E-1 2.97522E-1 1.86051E-1 4.7748E-1 4.14889E-1 5.95637E-1
3.79492E-1 2.71582E-1 3.10018E-1 2.80109E-1 2.49032E-1 2.64496E-1 3.08044E-1 3.06307E-1 3.56597E-1 4.49181E-1 5.11676E-1 3.88961E-1 4.9836E-1 4.4621E-1 2.17637E-1 2.34143E-1 3.57264E-1 4.79892E-1 4.85062E-1 4.8458E-1 4.89811E-1 5.05969E-1 5.21386E-1 4.01611E-1 3.26487E-1 3.809E-1 4.87381E-1 3.93252E-1 3.5107E-1 2.69053E-1 2.66817E-1 2.52641E-1 1.30504E-1 4.0144E-1 3.78295E-1 1.32278E-1 1.52527E-1 1.73063E-1 1.85355E-1 3.04001E-1 3.01887E-1 2.95712E-1 2.51539E-1 1.91793E-1 1.9077E-1 3.54097E-1 3.48297E-1 2.82036E-1 2.74675E-1 3.00491E-1 1.28205E-1 2.15491E-1 2.12035E-1 2.54678E-1 2.1621E-1 3.21025E-1 4.49218E-1 6.34187E-1 6.60567E-1 5.03315E-1
3.05438E-1 2.59138E-1 2.17417E-1 2.41002E-1 2.69189E-1 3.36475E-1 4.05175E-1 3.14586E-1 3.10532E-1 3.94144E-1 4.65335E-1 5.79495E-1 2.35564E-1 2.14644E-1 4.77638E-1 4.62675E-1 4.61284E-1 4.53614E-1 4.54881E-1 4.56531E-1 4.43362E-1 4.78075E-1 4.87297E-1 4.6999E-1 2.29908E-1 4.28356E-1 1.50969E-1 2.83425E-1 2.70319E-1 2.01713E-1 1.7133E-1 1.22011E-1 1.92031E-1 1.79727E-1 3.83647E-1 2.83618E-1 3.43579E-1 2.94373E-1 2.78304E-1 1.71084E-1 3.00121E-1 2.92188E-1 2.55078E-1 1.85985E-1 2.85608E-1 1.98831E-1 3.08708E-1 3.48446E-1 3.31197E-1 3.2423E-1 1.85208E-1 2.60499E-1 2.6796E-1 1.36342E-1 3.43248E-1 3.9932E-1 5.00839E-1 5.895E-1 6.72784E-1 6.4558E-1
3.41555E-1 2.74499E-1 2.05966E-1 1.54363E-1 1.37658E-1 1.97752E-1 3.30401E-1 2.01982E-1 4.34738E-1 4.16486E-1 4.18999E-1 5.81014E-1 5.43725E-1 4.79427E-1 4.73399E-1 4.49721E-1 4.31004E-1 4.06392E-1 4.02172E-1 3.98396E-1 3.9073E-1 4.28748E-1 4.58113E-1 4.60907E-1 1.9448E-1 4.3786E-1 3.95772E-1 3.66856E-1 3.27566E-1 2.73254E-1 2.29344E-1 1.87834E-1 2.01794E-1 3.81685E-1 2.97715E-1 3.1305E-1 3.01117E-1 2.44792E-1 2.83482E-1 3.05601E-1 2.9413E-1 2.77431E-1 2.38277E-1 1.9579E-1 2.12126E-1 2.31376E-1 2.18246E-1 3.58669E-1 3.3893E-1 3.39344E-1 1.61437E-1 3.03231E-1 1.31907E-1 3.37423E-1 3.75292E-1 4.34787E-1 5.01231E-1 5.46704E-1 6.85204E-1 6.46948E-1
3.54251E-1 2.79089E-1 2.23063E-1 1.65092E-1 1.06155E-1 1.04676E-1 1.36726E-1 2.79252E-1 3.62708E-1 3.17271E-1 4.34997E-1 6.01423E-1 5.45845E-1 4.65351E-1 4.49173E-1 4.0493E-1 3.79477E-1 3.82532E-1 4.19547E-1 3.49116E-1 3.81223E-1 4.28361E-1 4.42424E-1 4.54057E-1 2.69517E-1 4.47631E-1 3.96042E-1 3.78772E-1 3.76653E-1 3.77972E-1 3.61581E-1 3.21257E-1 2.87207E-1 2.12484E-1 2.65846E-1 2.6387E-1 2.35647E-1 2.19969E-1 2.83389E-1 2.96087E-1 2.78102E-1 2.53852E-1 2.21614E-1 1.85193E-1 1.31351E-1 2.85244E-1 2.56418E-1 3.27162E-1 3.57418E-1 3.38895E-1 2.47226E-1 2.02864E-1 2.89697E-1 3.5569E-1 3.90781E-1 4.22565E-1 4.63677E-1 6.01172E-1 7.05472E-1 6.09553E-1
3.52962E-1 2.97163E-1 2.38442E-1 1.82505E-1 1.56348E-1 9.30415E-2 1.12612E-1 1.52259E-1 2.09753E-1 4.01266E-1 4.03361E-1 3.62091E-1 3.51004E-1 5.08671E-1 3.99957E-1 3.63591E-1 2.95174E-1 2.83779E-1 4.21343E-1 3.40337E-1 4.36156E-1 4.0145E-1 4.25757E-1 4.3974E-1 2.63274E-1 4.47361E-1 4.30979E-1 4.0309E-1 4.09751E-1 2.17712E-1 3.94085E-1 3.54675E-1 3.30317E-1 1.2652E-1 2.9229E-1 2.49325E-1 2.15738E-1 1.94211E-1 2.30078E-1 2.73469E-1 2.61556E-1 2.38802E-1 2.2434E-1 1.72741E-1 7.09404E-2 1.43852E-1 1.88016E-1 2.30909E-1 3.23209E-1 3.42138E-1 1.76625E-1 2.44231E-1 3.39839E-1 3.67271E-1 3.78823E-1 3.96817E-1 5.12649E-1 6.21535E-1 6.27088E-1 4.95222E-1
3.65706E-1 3.31503E-1 2.59134E-1 1.9887E-1 1.50271E-1 1.41037E-1 1.14846E-1 1.36139E-1 1.80033E-1 2.20642E-1 2.95876E-1 4.4365E-1 3.96394E-1 2.19629E-1 5.34709E-1 3.11551E-1 2.73531E-1 2.37167E-1 2.80352E-1 2.19071E-1 4.84875E-1 3.56118E-1 4.05519E-1 2.27746E-1 3.8916E-1 3.79345E-1 2.33509E-1 1.88874E-1 2.41817E-1 4.37175E-1 4.1058E-1 3.97185E-1 3.65837E-1 1.36035E-1 2.73014E-1 2.59369E-1 2.12988E-1 2.02401E-1 3.13929E-1 3.10243E-1 3.12753E-1 2.84788E-1 2.99905E-1 2.78487E-1 1.05332E-1 1.27067E-1 2.01633E-1 2.823E-1 4.28855E-1 4.4638E-1 3.55245E-1 4.30381E-1 4.09793E-1 3.80012E-1 4.0072E-1 5.57518E-1 5.17421E-1 4.97084E-1 5.19539E-1 4.03895E-1
3.49943E-1 3.40756E-1 2.65254E-1 2.07832E-1 1.73036E-1 1.42725E-1 1.58865E-1 1.36759E-1 1.60471E-1 1.96668E-1 2.48113E-1 2.69753E-1 3.57502E-1 3.26602E-1 1.40801E-1 4.3958E-1 2.39132E-1 2.32874E-1 2.24859E-1 4.13853E-1 3.17902E-1 3.33577E-1 3.89622E-1 2.00472E-1 3.3906E-1 4.49642E-1 4.15782E-1 3.66059E-1 3.87677E-1 4.00224E-1 3.74461E-1 3.90426E-1 2.03546E-1 3.43011E-1 2.64701E-1 2.30429E-1 2.08229E-1 2.1589E-1 3.31992E-1 2.32971E-1 3.17264E-1 3.25906E-1 3.42534E-1 2.75872E-1 5.77431E-2 1.65129E-1 2.42077E-1 2.27019E-1 6.08829E-1 5.77517E-1 4.03452E-1 5.39264E-1 4.59408E-1 4.18583E-1 5.29971E-1 5.09067E-1 4.60776E-1 4.37791E-1 3.52874E-1 3.26054E-1
3.30911E-1 3.52185E-1 2.48335E-1 1.98111E-1 1.78766E-1 1.5137E-1 1.54709E-1 1.75925E-1 1.86955E-1 1.79556E-1 2.15421E-1 2.29029E-1 2.53351E-1 2.7166E-1 2.91621E-1 1.71452E-1 3.85796E-1 2.49753E-1 2.68614E-1 2.65315E-1 4.29091E-1 3.32196E-1 3.84355E-1 1.82251E-1 3.16699E-1 4.44129E-1 3.28682E-1 3.29749E-1 3.45497E-1 3.59148E-1 3.44611E-1 3.92566E-1 1.94522E-1 3.74141E-1 2.69196E-1 2.24634E-1 2.33203E-1 2.4699E-1 2.92137E-1 9.83984E-2 3.45018E-1 3.35029E-1 3.14448E-1 2.36917E-1 1.18233E-1 1.27745E-1 2.6299E-1 2.36913E-1 5.50414E-1 6.00264E-1 3.2082E-1 5.21155E-1 4.45531E-1 3.81589E-1 3.66973E-1 5.29145E-1 4.52714E-1 3.23739E-1 2.1675E-1 2.15679E-1
3.14647E-1 3.63712E-1 2.38298E-1 1.94139E-1 1.84239E-1 1.64446E-1 1.46171E-1 1.72529E-1 1.95158E-1 1.65879E-1 1.73488E-1 1.8451E-1 2.23284E-1 2.29159E-1 3.3593E-1 1.37736E-1 2.98291E-1 2.80748E-1 3.02584E-1 2.8839E-1 2.88216E-1 2.98462E-1 3.78301E-1 1.35676E-1 2.56177E-1 2.69075E-1 2.62516E-1 3.14923E-1 1.72655E-1 3.31636E-1 3.2242E-1 1.54093E-1 4.48511E-1 3.28118E-1 2.31742E-1 2.4329E-1 2.54725E-1 2.72683E-1 1.34842E-1 3.22568E-1 3.59912E-1 3.55147E-1 3.33202E-1 2.66836E-1 8.89068E-2 1.5426E-1 2.67682E-1 3.34921E-1 4.79802E-1 4.32886E-1 2.9989E-1 4.12418E-1 3.84562E-1 2.53029E-1 3.60549E-1 4.59853E-1 4.02591E-1 3.6554E-1 2.22257E-1 1.57301E-1
3.36507E-1 3.68007E-1 2.12863E-1 1.87065E-1 1.92951E-1 1.77102E-1 1.57231E-1 1.6277E-1 1.84328E-1 1.99717E-1 1.72183E-1 1.93442E-1 2.22381E-1 2.2772E-1 2.36463E-1 2.46169E-1 1.48345E-1 3.10807E-1 3.1589E-1 3.12327E-1 2.87761E-1 3.01402E-1 2.8289E-1 2.31677E-1 2.50021E-1 1.38698E-1 2.45612E-1 2.70605E-1 2.20208E-1 7.41968E-2 6.41992E-2 1.94543E-1 2.45783E-1 2.27285E-1 2.38846E-1 2.5962E-1 2.75892E-1 1.91028E-1 2.62603E-1 3.55065E-1 3.54804E-1 3.42109E-1 3.07993E-1 2.64263E-1 1.5743E-1 2.0054E-1 2.69015E-1 3.57373E-1 4.12852E-1 4.20088E-1 4.51032E-1 4.57187E-1 4.39612E-1 3.91362E-1 3.66144E-1 4.65676E-1 3.78797E-1 3.10957E-1 2.65394E-1 1.85069E-1
3.61795E-1 3.32777E-1 1.82579E-1 1.92484E-1 2.13232E-1 1.94068E-1 1.7292E-1 1.61798E-1 1.65517E-1 1.69891E-1 1.94631E-1 1.76816E-1 1.99244E-1 2.0221E-1 2.26106E-1 3.73079E-1 3.65253E-1 4.53197E-1 3.73669E-1 3.28288E-1 3.29768E-1 3.36046E-1 3.69417E-1 1.50141E-1 1.50671E-1 1.6268E-1 1.27029E-1 1.62286E-1 4.69468E-2 1.91249E-1 2.08025E-1 3.35613E-1 2.1373E-1 2.26527E-1 2.29647E-1 2.59E-1 9.1448E-2 3.18968E-1 3.55875E-1 3.68641E-1 3.61813E-1 3.37966E-1 3.1215E-1 2.77436E-1 2.31339E-1 1.13367E-1 3.10442E-1 5.12976E-1 5.38984E-1 5.37943E-1 5.31992E-1 5.02828E-1 4.46422E-1 3.98212E-1 3.37678E-1 3.01801E-1 2.92811E-1 2.87245E-1 2.35709E-1 1.76762E-1
2.86834E-1 2.6252E-1 1.83388E-1 2.11837E-1 2.15877E-1 1.92221E-1 1.70002E-1 1.63213E-1 1.36044E-1 1.49974E-1 1.66528E-1 1.77771E-1 1.80649E-1 2.05304E-1 2.26995E-1 2.67753E-1 3.69769E-1 4.16355E-1 4.83323E-1 3.36573E-1 3.46304E-1 3.6297E-1 3.11648E-1 1.79892E-1 2.45923E-1 2.86983E-1 2.51445E-1 2.18674E-1 1.543E-1 2.53221E-1 2.02664E-1 2.09407E-1 1.91121E-1 2.48575E-1 2.17061E-1 2.45528E-1 1.66076E-1 3.02254E-1 3.32824E-1 3.43056E-1 3.32236E-1 2.94147E-1 2.65913E-1 2.2812E-1 2.75596E-1 1.57706E-1 3.06903E-1 4.43185E-1 4.96331E-1 5.05328E-1 4.71731E-1 4.44707E-1 4.26374E-1 3.67375E-1 2.85107E-1 2.22561E-1 1.79286E-1 1.72273E-1 1.86444E-1 1.79251E-1
1.60872E-1 2.67171E-1 1.9023E-1 2.07195E-1 2.44471E-1 2.06946E-1 1.79939E-1 1.72747E-1 1.43552E-1 1.30298E-1 1.4693E-1 1.83303E-1 2.04125E-1 2.21532E-1 2.53198E-1 2.82658E-1 3.06746E-1 4.1741E-1 4.18688E-1 5.00061E-1 3.47093E-1 4.22505E-1 1.98996E-1 3.02814E-1 2.30694E-1 9.92498E-2 2.32853E-1 1.87488E-1 1.5413E-1 2.11459E-1 1.51936E-1 1.34947E-1 2.90783E-1 2.58916E-1 3.4444E-1 1.34814E-1 2.75146E-1 2.92937E-1 3.03671E-1 3.03163E-1 3.16932E-1 2.76463E-1 2.33104E-1 1.8895E-1 1.58643E-1 1.93634E-1 3.3452E-1 3.90126E-1 3.15051E-1 3.26149E-1 3.60293E-1 3.79342E-1 3.68767E-1 2.9072E-1 2.20835E-1 2.19447E-1 2.00167E-1 1.69583E-1 1.93715E-1 1.56454E-1
2.30208E-1 3.05788E-1 1.95377E-1 2.23847E-1 3.0808E-1 2.2105E-1 1.77384E-1 1.70288E-1 1.48702E-1 1.43795E-1 1.60213E-1 2.03497E-1 2.463E-1 2.64325E-1 2.96305E-1 3.38522E-1 3.74495E-1 3.97107E-1 4.71579E-1 3.71803E-1 5.30456E-1 3.52904E-1 2.23296E-1 3.67123E-1 1.57203E-1 1.74924E-1 1.38991E-1 1.38848E-1 1.28045E-1 1.23171E-1 1.07403E-1 1.02382E-1 1.92254E-1 3.31606E-1 3.15292E-1 3.02909E-1 2.6238E-1 2.72616E-1 2.70015E-1 2.72249E-1 2.55521E-1 3.03843E-1 1.9218E-1 1.11138E-1 3.81163E-2 9.72766E-2 3.28356E-1 2.97643E-1 2.63199E-1 2.52046E-1 2.85384E-1 2.93399E-1 2.68746E-1 2.43136E-1 2.46095E-1 2.04321E-1 2.06996E-1 2.10048E-1 2.0553E-1 1.00107E-1
3.35051E-1 2.65671E-1 1.80628E-1 2.79377E-1 2.78498E-1 1.90325E-1 1.67922E-1 1.71609E-1 1.53467E-1 1.591E-1 1.72262E-1 2.20682E-1 2.74295E-1 3.02854E-1 2.97503E-1 3.3378E-1 3.7112E-1 4.26954E-1 4.22299E-1 4.99158E-1 3.7364E-1 2.24969E-1 1.02306E-1 1.86348E-1 1.92723E-1 1.55438E-1 1.34104E-1 1.16965E-1 1.11089E-1 1.08916E-1 9.51525E-2 1.41571E-1 1.13092E-1 1.23757E-1 3.98771E-1 2.64739E-1 2.07421E-1 2.09E-1 2.29917E-1 2.33222E-1 2.7965E-1 3.83884E-1 1.92002E-1 8.58538E-2 5.23098E-2 7.63312E-2 1.17829E-1 3.60746E-1 3.10038E-1 2.77434E-1 2.61998E-1 2.37309E-1 2.14379E-1 2.29555E-1 1.9851E-1 1.69332E-1 2.35973E-1 2.23692E-1 2.16341E-1 1.1379E-1
