Phytophthora/models/20240506_1646_46/Phytophthora_PA3_RUN2_MAXENT_outputs/Phytophthora_PA3_RUN2.asc
ncols         225
nrows         269
xllcorner     473009.9838
yllcorner     4429051.1748
cellsize      50.0
NODATA_value  -9999
[rows 156 to 181 of 269, columns 0 to 59 of 225]
-9999 -9999 -9999 -9999 -9999 -9999 -9999 1.95587E-1 2.40554E-1 3.58321E-1 4.0128E-1 4.85775E-1 5.93314E-1 7.02662E-1 8.02593E-1 8.00628E-1 7.78631E-1 8.06913E-1 7.88914E-1 6.98575E-1 5.09355E-1 4.04496E-1 3.21103E-1 3.05237E-1 3.44166E-1 3.72306E-1 4.06593E-1 4.63358E-1 5.39444E-1 6.0046E-1 6.30002E-1 6.17179E-1 5.42708E-1 5.21843E-1 3.94741E-1 4.76077E-1 5.12782E-1 5.90384E-1 4.9724E-1 7.00274E-1 6.51314E-1 5.90024E-1 5.3047E-1 4.9488E-1 5.25653E-1 5.04856E-1 6.31053E-1 6.13218E-1 5.3589E-1 4.72647E-1 4.42921E-1 4.47304E-1 5.0637E-1 4.40849E-1 4.62851E-1 4.4217E-1 3.68928E-1 2.66318E-1 5.29055E-1 4.52073E-1
-9999 -9999 -9999 -9999 -9999 -9999 -9999 1.7016E-1 1.22716E-1 2.32902E-1 3.38952E-1 4.60408E-1 5.80641E-1 7.51491E-1 7.72855E-1 8.01582E-1 8.12727E-1 8.21287E-1 7.90034E-1 6.45732E-1 5.01405E-1 4.1419E-1 3.35538E-1 3.55618E-1 3.99486E-1 4.30118E-1 4.60415E-1 5.03243E-1 5.81577E-1 6.55139E-1 6.14236E-1 3.59769E-1 6.23394E-1 4.20691E-1 4.08418E-1 5.18369E-1 6.36969E-1 5.28259E-1 6.47608E-1 6.55611E-1 6.27245E-1 5.75482E-1 5.36165E-1 3.94044E-1 4.46424E-1 4.27991E-1 5.3555E-1 5.63229E-1 5.68425E-1 5.75356E-1 5.5231E-1 4.97751E-1 6.21773E-1 5.75739E-1 5.60718E-1 2.89043E-1 4.06907E-1 4.28643E-1 3.96854E-1 2.19553E-1
-9999 -9999 -9999 -9999 -9999 -9999 -9999 -9999 1.67424E-1 2.53786E-1 3.76333E-1 4.78555E-1 6.53585E-1 6.9739E-1 7.30012E-1 7.63858E-1 7.8026E-1 7.77711E-1 6.90007E-1 5.85293E-1 4.7323E-1 4.00355E-1 3.58862E-1 4.02261E-1 4.52897E-1 4.93747E-1 5.27885E-1 5.5816E-1 5.84078E-1 6.69978E-1 5.43934E-1 3.12651E-1 6.40354E-1 4.58685E-1 4.69846E-1 6.84062E-1 6.12822E-1 5.74542E-1 6.19709E-1 6.46372E-1 6.28925E-1 5.99838E-1 4.33616E-1 3.33785E-1 3.66007E-1 3.62666E-1 4.26477E-1 4.75999E-1 5.24589E-1 5.5196E-1 5.76318E-1 6.39122E-1 6.86452E-1 6.62503E-1 6.33963E-1 4.78727E-1 4.28095E-1 3.81064E-1 2.1306E-1 4.09713E-1
-9999 -9999 -9999 -9999 -9999 -9999 -9999 -9999 2.24214E-1 3.43227E-1 5.02903E-1 6.55327E-1 6.9805E-1 7.38792E-1 7.68614E-1 7.61861E-1 7.61227E-1 7.56979E-1 6.48886E-1 5.632E-1 4.94289E-1 4.30603E-1 3.89761E-1 4.33753E-1 4.9319E-1 5.44629E-1 5.7747E-1 5.93337E-1 5.80246E-1 4.45984E-1 6.45203E-1 3.18164E-1 5.19638E-1 5.58684E-1 5.42281E-1 4.5889E-1 5.27127E-1 6.12658E-1 6.46554E-1 6.48029E-1 6.30609E-1 4.99729E-1 3.96035E-1 3.14338E-1 3.50359E-1 3.67052E-1 4.02019E-1 3.90036E-1 4.71037E-1 5.72801E-1 5.74977E-1 5.82813E-1 6.11619E-1 6.18057E-1 3.65016E-1 2.30124E-1 2.10724E-1 2.34753E-1 4.73345E-1 5.25751E-1
-9999 -9999 -9999 -9999 -9999 -9999 -9999 -9999 2.98371E-1 4.89691E-1 5.24702E-1 6.13705E-1 7.12079E-1 7.74475E-1 7.85645E-1 7.80451E-1 7.67455E-1 7.63536E-1 6.7723E-1 6.25668E-1 5.51238E-1 4.45629E-1 3.98481E-1 4.61725E-1 5.2514E-1 5.85046E-1 6.23997E-1 3.53193E-1 5.36689E-1 6.04758E-1 5.73318E-1 6.42545E-1 4.90738E-1 4.95892E-1 5.63094E-1 6.57366E-1 4.92136E-1 4.53944E-1 5.38118E-1 5.86924E-1 5.28401E-1 4.48893E-1 3.69216E-1 3.33868E-1 4.02527E-1 4.27362E-1 4.45593E-1 4.52153E-1 4.77623E-1 5.15272E-1 5.49877E-1 6.87327E-1 6.38328E-1 3.21347E-1 3.60676E-1 4.62525E-1 4.40809E-1 4.54736E-1 4.97905E-1 5.96671E-1
-9999 -9999 -9999 -9999 -9999 -9999 -9999 2.09364E-1 2.94741E-1 4.14899E-1 5.38935E-1 6.5811E-1 7.51691E-1 7.97283E-1 7.9463E-1 7.41873E-1 7.52608E-1 7.36775E-1 7.0507E-1 6.29993E-1 5.23384E-1 4.41705E-1 4.09738E-1 4.81479E-1 5.61043E-1 6.21197E-1 7.09256E-1 3.83288E-1 5.58492E-1 5.62675E-1 3.86238E-1 4.92706E-1 5.0438E-1 3.22907E-1 5.64896E-1 5.67957E-1 5.47867E-1 5.88822E-1 6.56692E-1 6.11816E-1 6.13688E-1 5.19702E-1 3.92957E-1 3.80879E-1 4.63362E-1 4.97778E-1 5.0016E-1 5.00148E-1 5.10228E-1 4.09086E-1 4.59304E-1 5.18827E-1 6.26449E-1 5.82555E-1 4.2326E-1 4.83813E-1 4.69746E-1 4.74461E-1 5.14215E-1 5.98678E-1
-9999 -9999 -9999 -9999 -9999 -9999 -9999 2.10105E-1 3.12467E-1 1.94429E-1 5.57101E-1 5.7317E-1 6.66199E-1 7.94545E-1 7.87551E-1 6.13296E-1 4.03547E-1 4.04603E-1 5.72391E-1 5.4154E-1 5.0876E-1 4.64005E-1 4.29051E-1 4.80968E-1 5.72845E-1 6.55474E-1 7.46482E-1 6.02883E-1 5.47675E-1 5.81416E-1 6.08984E-1 6.9839E-1 7.39145E-1 7.40374E-1 6.42754E-1 3.75909E-1 6.44716E-1 6.7538E-1 6.58157E-1 6.44206E-1 6.39525E-1 5.08187E-1 3.96342E-1 4.20513E-1 5.22103E-1 5.66395E-1 5.53641E-1 5.2881E-1 4.85048E-1 4.41666E-1 4.79528E-1 5.11477E-1 5.50023E-1 5.51561E-1 5.42643E-1 2.82821E-1 5.00858E-1 4.77125E-1 6.38698E-1 3.48604E-1
-9999 -9999 -9999 -9999 -9999 -9999 7.63086E-2 2.32507E-1 2.74317E-1 3.89951E-1 3.67762E-1 4.87721E-1 5.86271E-1 7.17998E-1 7.4498E-1 7.23807E-1 5.15813E-1 6.97695E-1 2.76274E-1 5.33763E-1 5.3532E-1 4.85171E-1 4.4189E-1 4.60409E-1 5.54332E-1 6.32202E-1 7.27569E-1 7.11733E-1 5.5135E-1 5.27105E-1 5.55795E-1 6.14016E-1 6.70368E-1 6.90317E-1 7.23365E-1 7.16183E-1 4.17403E-1 6.64452E-1 6.81076E-1 7.07376E-1 6.76342E-1 5.2693E-1 4.59005E-1 4.87799E-1 5.88281E-1 6.12088E-1 5.86076E-1 5.64313E-1 5.20752E-1 5.06566E-1 5.03016E-1 5.4035E-1 5.93427E-1 6.77729E-1 5.62089E-1 5.59646E-1 4.83014E-1 2.89592E-1 5.30848E-1 4.7305E-1
-9999 -9999 -9999 -9999 -9999 1.28311E-2 6.03768E-2 2.10827E-1 2.17484E-1 2.45662E-1 3.62246E-1 4.65658E-1 4.97239E-1 6.25835E-1 6.43452E-1 4.49916E-1 6.20944E-1 4.95357E-1 3.18948E-1 5.39586E-1 5.41022E-1 4.83863E-1 4.38399E-1 4.31965E-1 5.23386E-1 5.75524E-1 6.77694E-1 6.62976E-1 5.39343E-1 6.02246E-1 4.50456E-1 4.76333E-1 5.30881E-1 5.65044E-1 6.40831E-1 6.43983E-1 6.23653E-1 3.69828E-1 6.86196E-1 6.31291E-1 6.61373E-1 5.42168E-1 5.45746E-1 5.34252E-1 6.15565E-1 3.14978E-1 6.2213E-1 6.01765E-1 5.4301E-1 5.12075E-1 5.1255E-1 5.52707E-1 5.20415E-1 6.15357E-1 5.00077E-1 5.14397E-1 4.30594E-1 3.99586E-1 3.04821E-1 3.13297E-1
-9999 -9999 -9999 -9999 -9999 1.13975E-2 5.52706E-2 2.97456E-1 3.35407E-1 4.0669E-1 4.48297E-1 4.33563E-1 4.27934E-1 4.84396E-1 5.43269E-1 6.0241E-1 5.5063E-1 5.4041E-1 5.48218E-1 5.06217E-1 5.15984E-1 4.46813E-1 4.13926E-1 4.09705E-1 4.72661E-1 4.86999E-1 5.44996E-1 5.15912E-1 6.08609E-1 4.00391E-1 3.54469E-1 4.19496E-1 4.82999E-1 5.39954E-1 5.88892E-1 5.90954E-1 5.60698E-1 4.36849E-1 6.3296E-1 7.03307E-1 6.63608E-1 3.92958E-1 5.0346E-1 5.42197E-1 4.21501E-1 5.48749E-1 6.44489E-1 6.32502E-1 5.8244E-1 5.30781E-1 5.25299E-1 5.83779E-1 5.0155E-1 4.7187E-1 4.3455E-1 4.63854E-1 4.99007E-1 3.88017E-1 3.46367E-1 3.41034E-1
-9999 -9999 -9999 -9999 1.1491E-2 9.77418E-3 4.55895E-2 4.36108E-1 4.89587E-1 5.32476E-1 5.16923E-1 4.61267E-1 4.12853E-1 3.19576E-1 4.50317E-1 4.60764E-1 4.93718E-1 5.13609E-1 5.1057E-1 4.6086E-1 4.34722E-1 3.71562E-1 4.2308E-1 4.0106E-1 4.26306E-1 4.05792E-1 4.10253E-1 4.48582E-1 4.28364E-1 4.06921E-1 4.44654E-1 4.99784E-1 5.50324E-1 6.35942E-1 6.43321E-1 6.06242E-1 5.17655E-1 4.82376E-1 6.81956E-1 6.64833E-1 6.57775E-1 5.90689E-1 5.42116E-1 6.34657E-1 6.52175E-1 6.6447E-1 6.69077E-1 6.28784E-1 6.05392E-1 6.09354E-1 5.69188E-1 5.83124E-1 3.3635E-1 3.77116E-1 3.66114E-1 2.28548E-1 3.85865E-1 3.61577E-1 3.71734E-1 3.83593E-1
-9999 -9999 -9999 -9999 1.54395E-2 9.03582E-3 4.13372E-2 5.55458E-1 5.95489E-1 6.02507E-1 5.59664E-1 5.04283E-1 4.59376E-1 4.61095E-1 4.12626E-1 4.38202E-1 4.9348E-1 5.22086E-1 4.9512E-1 4.53455E-1 4.04258E-1 3.58109E-1 4.34657E-1 3.6054E-1 4.30098E-1 3.88227E-1 3.43295E-1 5.42198E-1 5.80821E-1 5.68668E-1 5.66406E-1 6.18868E-1 6.87156E-1 7.38173E-1 6.83398E-1 4.0909E-1 6.89697E-1 6.79832E-1 6.61969E-1 6.9802E-1 5.65584E-1 5.89032E-1 6.62653E-1 6.47395E-1 6.60129E-1 6.77703E-1 6.71692E-1 6.34682E-1 5.69714E-1 4.93286E-1 4.16222E-1 3.91671E-1 3.73391E-1 3.90324E-1 3.53647E-1 3.24519E-1 4.76519E-1 5.2532E-1 4.93486E-1 4.69006E-1
-9999 -9999 -9999 -9999 9.10308E-3 1.1061E-2 6.12983E-2 5.11368E-1 5.77677E-1 5.74957E-1 5.24924E-1 4.69247E-1 3.27249E-1 4.1823E-1 3.99742E-1 4.11675E-1 4.08777E-1 4.14411E-1 3.90894E-1 3.55061E-1 3.34472E-1 3.63599E-1 3.81477E-1 2.71009E-1 3.25708E-1 3.08583E-1 5.5032E-1 5.77558E-1 6.28521E-1 6.9199E-1 7.22567E-1 7.60674E-1 7.75243E-1 7.58887E-1 4.18994E-1 6.64069E-1 7.25137E-1 6.64773E-1 7.1916E-1 6.03081E-1 5.30685E-1 5.39405E-1 5.92993E-1 6.14783E-1 6.56E-1 6.91617E-1 6.47479E-1 5.56561E-1 5.14311E-1 4.43132E-1 3.70983E-1 3.35297E-1 3.3307E-1 3.4324E-1 3.48591E-1 4.61955E-1 5.0886E-1 5.53313E-1 6.20097E-1 6.18241E-1
-9999 -9999 -9999 -9999 8.14555E-3 1.47983E-2 8.21582E-2 4.42983E-1 5.20891E-1 5.20475E-1 4.86508E-1 4.18256E-1 2.51392E-1 4.0921E-1 4.1315E-1 3.79811E-1 3.05601E-1 2.82167E-1 2.90932E-1 2.6789E-1 2.86055E-1 3.3221E-1 3.67029E-1 3.60794E-1 3.49758E-1 5.29996E-1 5.93026E-1 6.41257E-1 6.93205E-1 7.25976E-1 7.51891E-1 7.5649E-1 5.92371E-1 4.59424E-1 6.30735E-1 7.6175E-1 6.95192E-1 6.95515E-1 6.63975E-1 5.53126E-1 5.0592E-1 5.21276E-1 5.36202E-1 5.57617E-1 6.08735E-1 7.26036E-1 6.16274E-1 4.72093E-1 4.25094E-1 3.6911E-1 3.12043E-1 3.51393E-1 3.34658E-1 3.71012E-1 4.84488E-1 4.25252E-1 5.05163E-1 6.2E-1 6.90209E-1 6.75513E-1
-9999 -9999 -9999 4.49563E-3 5.78951E-3 2.24204E-2 9.45905E-2 3.53869E-1 4.32312E-1 4.48201E-1 1.93429E-1 2.09551E-1 3.46923E-1 4.07491E-1 3.57556E-1 2.93051E-1 2.29417E-1 1.88257E-1 1.22127E-1 2.10146E-1 2.25185E-1 2.80184E-1 3.20896E-1 3.36996E-1 3.77833E-1 4.65011E-1 6.07203E-1 6.42859E-1 6.55638E-1 6.41148E-1 5.03842E-1 3.01949E-1 6.37989E-1 6.87282E-1 7.67908E-1 7.09358E-1 7.07093E-1 7.2318E-1 5.95421E-1 5.22144E-1 4.86862E-1 5.00807E-1 5.1262E-1 5.30983E-1 5.4844E-1 6.74425E-1 5.42033E-1 3.79812E-1 3.58808E-1 3.08998E-1 3.17968E-1 3.57651E-1 3.45849E-1 4.0115E-1 4.77691E-1 5.71313E-1 5.43577E-1 5.88882E-1 6.99897E-1 7.68566E-1
-9999 -9999 -9999 1.0494E-2 1.65129E-2 4.74764E-2 1.10065E-1 2.7967E-1 3.51051E-1 3.60681E-1 3.57181E-1 3.905E-1 3.84772E-1 2.5802E-1 2.34098E-1 1.28554E-1 1.76307E-1 1.19193E-1 1.7624E-1 1.66696E-1 2.06938E-1 2.94062E-1 3.6066E-1 3.90416E-1 4.12905E-1 4.60301E-1 5.35493E-1 3.41218E-1 3.33534E-1 4.6671E-1 6.15563E-1 6.12445E-1 6.43266E-1 7.70291E-1 7.34538E-1 7.10873E-1 7.32092E-1 6.46168E-1 5.45161E-1 4.88842E-1 4.63278E-1 4.71456E-1 4.75029E-1 5.00908E-1 4.64249E-1 5.66499E-1 4.69594E-1 3.12653E-1 2.98561E-1 3.14965E-1 3.33044E-1 3.28009E-1 2.72358E-1 2.75373E-1 3.50466E-1 5.41521E-1 6.20299E-1 5.41693E-1 4.3918E-1 4.3561E-1
-9999 -9999 -9999 6.88285E-2 6.74598E-2 1.27751E-1 1.61077E-1 2.19829E-1 2.54604E-1 2.59078E-1 2.41139E-1 2.60233E-1 2.28975E-1 1.80192E-1 1.23866E-1 1.2474E-1 1.45256E-1 1.30014E-1 1.21116E-1 1.74325E-1 2.44385E-1 3.52028E-1 4.55764E-1 4.67035E-1 4.8772E-1 4.82965E-1 3.49151E-1 5.64753E-1 5.88634E-1 6.05154E-1 6.04765E-1 6.36434E-1 7.34528E-1 7.12998E-1 7.03155E-1 7.07097E-1 7.15154E-1 6.08533E-1 5.29135E-1 4.89514E-1 4.80834E-1 4.57597E-1 4.20239E-1 3.89596E-1 3.73003E-1 4.24631E-1 4.27364E-1 2.9679E-1 2.78452E-1 3.2725E-1 1.86742E-1 4.10859E-1 2.75297E-1 2.99783E-1 3.09572E-1 3.17953E-1 4.3089E-1 4.90717E-1 3.76036E-1 4.54242E-1
-9999 -9999 -9999 6.59588E-2 8.46198E-2 1.12897E-1 1.7338E-1 2.69851E-1 2.93504E-1 2.62506E-1 2.27801E-1 2.29248E-1 1.96053E-1 2.50928E-1 1.49161E-1 1.23909E-1 1.36541E-1 1.25911E-1 1.5122E-1 2.11057E-1 3.04209E-1 4.05995E-1 5.09561E-1 5.32993E-1 5.31462E-1 5.38689E-1 4.82777E-1 5.87077E-1 5.83119E-1 5.81744E-1 5.5074E-1 5.9821E-1 7.04876E-1 7.09702E-1 7.00446E-1 7.14372E-1 6.48161E-1 6.05558E-1 6.21711E-1 5.58931E-1 5.31101E-1 5.06313E-1 4.41929E-1 4.03355E-1 4.28925E-1 4.1572E-1 4.59942E-1 4.20048E-1 3.10581E-1 2.92909E-1 3.21562E-1 2.94704E-1 3.19672E-1 3.52045E-1 3.44035E-1 3.38487E-1 1.32661E-1 3.60518E-1 2.40161E-1 4.25877E-1
-9999 -9999 -9999 7.45371E-2 8.74893E-2 1.21945E-1 1.73325E-1 2.64719E-1 2.87498E-1 2.83002E-1 2.32186E-1 2.33785E-1 3.22242E-1 1.8612E-1 1.78066E-1 1.67874E-1 1.47462E-1 1.77481E-1 2.33844E-1 2.85074E-1 4.00377E-1 5.25464E-1 6.03439E-1 5.94899E-1 6.17331E-1 3.81448E-1 6.67739E-1 6.67538E-1 6.15278E-1 5.60986E-1 5.07953E-1 5.093E-1 6.80014E-1 6.83973E-1 6.66843E-1 6.80417E-1 6.31883E-1 5.96263E-1 6.43985E-1 5.6264E-1 5.34816E-1 5.44405E-1 4.74614E-1 4.26646E-1 4.65987E-1 4.78315E-1 4.44876E-1 3.05136E-1 2.7045E-1 3.50639E-1 3.72237E-1 3.9495E-1 3.92785E-1 3.87592E-1 2.53125E-1 2.20882E-1 3.22614E-1 3.0186E-1 2.35802E-1 2.90077E-1
3.54256E-2 4.67963E-2 6.73208E-2 9.35582E-2 1.23616E-1 1.76994E-1 2.43354E-1 2.71044E-1 1.3247E-1 1.34299E-1 2.26122E-1 7.94254E-2 8.64698E-2 2.15438E-1 2.33935E-1 2.58245E-1 2.53564E-1 3.81446E-1 4.67115E-1 4.33045E-1 4.90172E-1 5.86517E-1 6.37724E-1 3.20904E-1 5.1079E-1 3.97939E-1 6.92271E-1 6.93606E-1 6.21896E-1 5.23528E-1 4.53493E-1 4.42696E-1 6.42962E-1 6.39501E-1 6.38049E-1 6.91285E-1 5.91726E-1 5.55997E-1 6.21327E-1 5.79446E-1 5.31387E-1 5.57819E-1 5.11027E-1 4.55665E-1 3.42676E-1 5.32477E-1 4.48772E-1 2.96147E-1 3.29233E-1 3.25158E-1 3.47692E-1 4.18668E-1 4.25783E-1 3.46749E-1 2.66541E-1 3.63363E-1 3.34251E-1 3.40437E-1 3.74586E-1 4.30295E-1
4.15682E-2 5.99536E-2 7.59377E-2 1.01118E-1 1.38226E-1 2.18991E-1 2.69324E-1 2.7273E-1 2.64491E-1 1.19437E-1 1.98311E-1 1.11343E-1 1.40745E-1 3.08373E-1 3.51192E-1 4.05688E-1 3.8621E-1 4.3922E-1 5.0655E-1 5.71687E-1 6.392E-1 7.24966E-1 7.13815E-1 5.11082E-1 6.61379E-1 4.56776E-1 6.86877E-1 7.43442E-1 6.41274E-1 5.2936E-1 4.5809E-1 4.09855E-1 4.90649E-1 6.24921E-1 6.04685E-1 6.33937E-1 5.94339E-1 5.20746E-1 5.83407E-1 5.55533E-1 5.37451E-1 5.68545E-1 4.90107E-1 6.58058E-1 4.8101E-1 5.04423E-1 3.98583E-1 3.45381E-1 3.58587E-1 4.01679E-1 3.97191E-1 4.15657E-1 3.82156E-1 3.04197E-1 3.89746E-1 4.01379E-1 3.41981E-1 3.21249E-1 3.62996E-1 4.40012E-1
-9999 9.74331E-2 1.11639E-1 1.32216E-1 1.6944E-1 2.22996E-1 2.66702E-1 2.69882E-1 2.54957E-1 2.65438E-1 2.71332E-1 3.16055E-1 3.50179E-1 3.4517E-1 3.42044E-1 3.31803E-1 3.68064E-1 4.58637E-1 4.38865E-1 4.7907E-1 4.9215E-1 5.50783E-1 5.64962E-1 5.74071E-1 5.86751E-1 3.99063E-1 7.28666E-1 7.9131E-1 7.12163E-1 6.1406E-1 5.2618E-1 4.55959E-1 4.31163E-1 6.41723E-1 5.671E-1 5.43786E-1 5.45924E-1 4.94576E-1 5.35824E-1 5.19064E-1 5.78729E-1 5.09004E-1 5.02245E-1 5.18981E-1 4.81755E-1 4.83257E-1 4.96294E-1 4.75542E-1 4.8357E-1 4.96818E-1 4.53354E-1 3.2395E-1 3.15441E-1 4.89887E-1 2.79666E-1 4.49331E-1 3.87286E-1 3.16716E-1 3.51745E-1 4.0651E-1
-9999 -9999 1.39059E-1 1.81753E-1 2.26791E-1 2.62045E-1 3.00432E-1 2.78349E-1 2.46529E-1 2.32801E-1 2.67289E-1 2.73974E-1 3.39499E-1 3.89526E-1 4.17637E-1 4.12447E-1 3.52304E-1 4.1171E-1 4.65993E-1 2.20875E-1 4.53795E-1 4.0595E-1 2.29151E-1 4.82885E-1 5.93441E-1 4.88769E-1 4.58194E-1 7.49288E-1 7.90168E-1 7.62621E-1 6.43808E-1 5.22044E-1 4.46584E-1 5.51103E-1 6.25804E-1 5.43359E-1 5.5611E-1 5.92778E-1 5.93851E-1 2.2936E-1 5.73047E-1 6.08843E-1 5.2215E-1 5.45103E-1 5.53196E-1 4.88319E-1 5.29048E-1 5.03363E-1 5.1566E-1 5.63961E-1 2.50649E-1 5.18094E-1 5.15151E-1 4.89191E-1 2.60283E-1 4.81806E-1 4.24509E-1 3.4376E-1 3.24423E-1 3.63313E-1
-9999 -9999 -9999 2.22237E-1 2.63692E-1 2.88729E-1 3.09528E-1 3.03057E-1 2.61876E-1 2.2602E-1 2.46163E-1 3.19708E-1 3.43031E-1 3.65144E-1 3.67738E-1 3.91892E-1 4.58017E-1 5.37381E-1 5.32464E-1 5.22016E-1 3.5894E-1 4.6586E-1 5.46281E-1 5.44605E-1 5.56451E-1 5.44915E-1 3.73204E-1 6.60901E-1 7.76673E-1 7.39605E-1 7.16995E-1 6.84715E-1 5.00052E-1 5.21408E-1 6.7768E-1 5.86462E-1 5.60576E-1 6.39442E-1 5.79098E-1 4.93602E-1 5.25244E-1 4.7925E-1 4.7407E-1 5.18358E-1 4.52218E-1 4.16311E-1 3.05591E-1 4.99243E-1 3.41615E-1 3.78549E-1 5.72436E-1 5.49255E-1 5.21835E-1 5.14618E-1 3.47077E-1 5.00768E-1 4.62715E-1 4.09983E-1 3.82975E-1 3.16455E-1
-9999 -9999 -9999 2.34458E-1 2.8281E-1 3.10913E-1 1.82461E-1 1.0333E-1 2.92985E-1 2.56682E-1 1.1881E-1 2.17409E-1 2.48678E-1 3.09481E-1 3.52841E-1 3.85104E-1 4.72964E-1 5.45119E-1 5.8365E-1 5.92801E-1 6.13926E-1 3.16128E-1 5.22272E-1 4.51215E-1 4.85482E-1 4.95608E-1 5.68136E-1 6.2309E-1 6.55263E-1 7.24056E-1 6.74535E-1 6.32666E-1 6.3893E-1 5.39851E-1 6.4929E-1 6.56321E-1 5.83146E-1 6.4464E-1 5.24616E-1 5.24116E-1 5.72268E-1 5.6746E-1 5.57747E-1 5.59415E-1 5.38758E-1 5.24508E-1 2.1624E-1 2.72054E-1 5.52834E-1 6.69248E-1 6.38273E-1 5.34374E-1 5.13397E-1 4.97371E-1 4.81119E-1 5.02406E-1 5.06054E-1 5.58865E-1 3.15886E-1 2.41152E-1
-9999 -9999 -9999 -9999 2.84564E-1 3.29094E-1 2.6922E-1 2.30076E-1 2.37671E-1 2.45319E-1 1.71516E-1 1.65742E-1 2.14726E-1 3.23839E-1 3.81325E-1 4.64701E-1 5.51838E-1 5.66802E-1 5.33468E-1 4.18323E-1 3.27404E-1 3.93213E-1 1.96038E-1 3.52931E-1 4.17429E-1 3.93025E-1 4.88658E-1 5.15801E-1 5.28636E-1 5.55351E-1 6.48757E-1 5.73221E-1 5.503E-1 6.4375E-1 6.75905E-1 6.9109E-1 6.56765E-1 6.52076E-1 6.73349E-1 7.2188E-1 5.80359E-1 4.98618E-1 4.88852E-1 5.34373E-1 5.25712E-1 5.06547E-1 4.85285E-1 4.70187E-1 5.0666E-1 4.92126E-1 4.1142E-1 3.97494E-1 4.58444E-1 4.8289E-1 4.58146E-1 4.41813E-1 5.25858E-1 4.52423E-1 3.17031E-1 2.92309E-1
