Phytophthora/models/20240429_1812_56/Phytophthora_PA1_RUN8_MAXENT_outputs/Phytophthora_PA1_RUN8.asc
ncols         225
nrows         269
xllcorner     473000.0
yllcorner     4429100.0
cellsize      50.0
NODATA_value  -9999
[rows 162 to 188 of 269, columns 60 to 119 of 225]
3.1529E-1 1.49841E-1 2.89992E-1 2.39425E-1 2.82015E-1 2.69751E-1 3.8582E-1 3.73459E-1 3.32575E-1 3.13007E-1 2.84078E-1 4.19422E-1 4.74314E-1 3.58005E-1 5.90982E-1 5.3773E-1 6.73491E-1 6.5069E-1 6.54553E-1 6.763E-1 6.35705E-1 6.34128E-1 6.46788E-1 4.59975E-1 8.01495E-1 7.04487E-1 6.17143E-1 5.54585E-1 7.00909E-1 6.36027E-1 5.38363E-1 5.01134E-1 5.77228E-1 6.37471E-1 6.10376E-1 5.72666E-1 5.43035E-1 5.29033E-1 4.7327E-1 4.57075E-1 4.08374E-1 3.65998E-1 2.43265E-1 3.8566E-1 3.52512E-1 3.30592E-1 2.91073E-1 2.35027E-1 2.1031E-1 1.8293E-1 7.95295E-2 1.6935E-1 1.88417E-1 7.0614E-2 8.49982E-2 1.95078E-1 2.6391E-1 2.80201E-1 3.02352E-1 5.71034E-1
1.19767E-1 3.84276E-1 3.7018E-1 3.16235E-1 2.77798E-1 1.8803E-1 1.46671E-1 2.41572E-1 3.30828E-1 3.95792E-1 4.02024E-1 3.90364E-1 4.56552E-1 5.23311E-1 5.46663E-1 5.44527E-1 7.05587E-1 6.58824E-1 6.16352E-1 6.31388E-1 5.84297E-1 5.72973E-1 6.46327E-1 7.14794E-1 7.12317E-1 6.79045E-1 4.73981E-1 6.15973E-1 6.68905E-1 6.32328E-1 5.50262E-1 4.97025E-1 4.47603E-1 4.48588E-1 4.92515E-1 5.24278E-1 5.39931E-1 5.94112E-1 6.16461E-1 6.13025E-1 2.71752E-1 5.02273E-1 4.70175E-1 4.61222E-1 4.15927E-1 4.33083E-1 3.99501E-1 3.67185E-1 3.32758E-1 2.65674E-1 1.19875E-1 2.05446E-1 1.53234E-1 7.64243E-2 1.02311E-1 1.692E-1 2.61781E-1 3.30489E-1 5.38103E-1 5.89643E-1
3.56302E-1 3.39445E-1 2.63491E-1 2.73881E-1 3.29123E-1 2.84075E-1 3.05644E-1 3.21282E-1 3.63398E-1 2.15015E-1 4.39098E-1 3.66192E-1 3.63523E-1 4.19309E-1 4.16169E-1 -9999 6.09128E-1 5.28372E-1 5.94949E-1 6.10865E-1 5.36636E-1 5.40123E-1 4.83507E-1 7.47321E-1 6.95712E-1 6.84725E-1 6.90033E-1 5.9779E-1 6.94638E-1 6.49696E-1 5.75555E-1 5.06891E-1 4.623E-1 5.62982E-1 5.63981E-1 6.2123E-1 6.51851E-1 6.87999E-1 7.13251E-1 7.01872E-1 5.81567E-1 4.44686E-1 3.46739E-1 3.28451E-1 3.1858E-1 3.53675E-1 3.53689E-1 3.3492E-1 3.04423E-1 2.33818E-1 1.1081E-1 5.64441E-2 1.93399E-1 2.19108E-1 2.48996E-1 2.30884E-1 2.99333E-1 5.28396E-1 5.92378E-1 3.62233E-1
2.77085E-1 2.97304E-1 3.9202E-1 4.69065E-1 3.70073E-1 3.35057E-1 3.60536E-1 3.39987E-1 3.54622E-1 3.82415E-1 4.87201E-1 4.26089E-1 3.27881E-1 3.22624E-1 3.33411E-1 3.25215E-1 4.95782E-1 5.58822E-1 6.72902E-1 6.70451E-1 5.71812E-1 5.21221E-1 6.83831E-1 7.14445E-1 6.89168E-1 6.78636E-1 6.81058E-1 5.03184E-1 6.77519E-1 6.44664E-1 6.05649E-1 5.75845E-1 3.72145E-1 5.22265E-1 5.82784E-1 6.61814E-1 7.16087E-1 7.59738E-1 6.86431E-1 7.34433E-1 5.90537E-1 5.08963E-1 4.02583E-1 3.58757E-1 3.36304E-1 3.5664E-1 3.3997E-1 3.39597E-1 3.15221E-1 2.71321E-1 1.82315E-1 2.06283E-1 1.96652E-1 2.38073E-1 2.82187E-1 2.86795E-1 5.35114E-1 4.08541E-1 5.26337E-1 4.92378E-1
2.87152E-1 3.25441E-1 3.825E-1 4.0555E-1 4.10177E-1 3.90788E-1 3.93756E-1 3.70977E-1 3.84176E-1 4.44542E-1 6.05433E-1 5.72708E-1 5.3496E-1 5.02354E-1 5.30121E-1 6.31447E-1 4.85534E-1 7.33617E-1 8.38796E-1 8.05548E-1 7.16023E-1 5.39264E-1 5.64246E-1 5.03062E-1 7.57277E-1 5.6222E-1 6.27474E-1 6.38455E-1 6.66833E-1 6.29666E-1 6.19709E-1 6.0452E-1 5.25248E-1 5.24551E-1 5.46549E-1 5.23903E-1 5.88387E-1 6.29948E-1 5.22614E-1 4.51343E-1 5.07955E-1 5.21934E-1 4.55037E-1 3.85619E-1 3.48151E-1 3.50708E-1 3.41914E-1 3.36337E-1 3.50674E-1 3.36432E-1 2.42202E-1 2.60996E-1 2.93021E-1 3.38181E-1 4.15142E-1 5.45281E-1 5.13701E-1 4.82579E-1 3.0135E-1 4.21304E-1
3.07664E-1 3.55051E-1 3.87444E-1 3.84102E-1 4.35533E-1 4.5114E-1 4.41832E-1 4.12764E-1 3.80678E-1 4.59214E-1 4.3902E-1 6.14671E-1 6.04142E-1 5.65097E-1 6.27694E-1 7.92855E-1 7.69052E-1 7.9291E-1 8.53953E-1 8.36339E-1 6.90268E-1 5.89496E-1 5.66033E-1 7.05829E-1 7.89351E-1 5.91603E-1 5.83304E-1 6.20936E-1 5.55878E-1 6.65638E-1 5.58779E-1 5.75718E-1 4.44658E-1 4.92234E-1 4.96257E-1 4.5916E-1 4.91695E-1 3.15004E-1 4.5836E-1 4.50874E-1 5.5928E-1 5.31377E-1 4.82238E-1 4.07641E-1 3.62323E-1 3.41916E-1 3.24482E-1 3.07442E-1 3.61852E-1 3.03361E-1 2.27261E-1 3.00835E-1 3.37837E-1 4.01742E-1 4.77219E-1 3.07573E-1 3.59723E-1 2.66952E-1 2.09096E-1 1.56064E-1
3.61434E-1 4.25559E-1 4.41541E-1 4.19105E-1 4.60565E-1 4.94007E-1 4.86394E-1 4.41883E-1 3.83249E-1 4.43621E-1 5.75352E-1 6.29013E-1 6.13577E-1 4.94738E-1 6.44498E-1 7.90552E-1 8.52911E-1 6.42087E-1 8.35608E-1 8.58529E-1 7.19466E-1 6.3171E-1 5.72239E-1 6.6566E-1 7.86561E-1 5.13066E-1 5.3519E-1 6.23024E-1 6.50713E-1 6.21012E-1 6.82222E-1 3.41809E-1 4.90817E-1 4.73592E-1 4.82738E-1 4.12752E-1 2.2253E-1 3.86711E-1 3.72031E-1 4.11083E-1 5.87199E-1 5.20578E-1 4.79564E-1 3.9767E-1 3.55919E-1 3.29058E-1 3.33516E-1 3.18149E-1 2.92072E-1 3.11205E-1 2.53551E-1 3.40517E-1 3.8116E-1 4.30134E-1 2.40656E-1 5.08803E-1 2.23529E-1 2.86901E-1 1.88895E-1 1.41753E-1
4.43323E-1 5.31974E-1 4.85699E-1 4.52317E-1 5.21935E-1 2.61892E-1 2.92071E-1 2.5116E-1 4.01773E-1 4.82722E-1 6.03991E-1 6.25138E-1 6.21403E-1 4.66422E-1 5.33747E-1 5.78134E-1 7.20534E-1 8.45136E-1 7.69923E-1 8.17666E-1 6.81102E-1 6.53648E-1 6.09258E-1 5.00546E-1 6.64329E-1 4.94117E-1 4.98444E-1 6.11329E-1 6.03375E-1 5.86509E-1 6.50868E-1 5.81566E-1 4.27294E-1 2.39056E-1 4.70895E-1 4.31597E-1 2.87112E-1 4.66399E-1 4.67027E-1 5.54622E-1 6.26067E-1 5.54033E-1 4.93915E-1 4.24502E-1 4.06844E-1 3.451E-1 2.97615E-1 2.70907E-1 3.09226E-1 3.66591E-1 2.97362E-1 3.64313E-1 4.14936E-1 3.45267E-1 6.27409E-1 3.99993E-1 2.89827E-1 3.41761E-1 2.59048E-1 2.95702E-1
4.12608E-1 4.35959E-1 4.25837E-1 4.26564E-1 3.68752E-1 4.64159E-1 4.2796E-1 3.89949E-1 3.89589E-1 4.58275E-1 6.04918E-1 6.27198E-1 5.84078E-1 2.26608E-1 5.12276E-1 7.49717E-1 7.38672E-1 6.92328E-1 7.25196E-1 6.28935E-1 6.49768E-1 4.56379E-1 3.80671E-1 5.87857E-1 7.20531E-1 5.2292E-1 5.84862E-1 7.14203E-1 3.32887E-1 4.99244E-1 4.30337E-1 4.96667E-1 6.1187E-1 6.02497E-1 3.88569E-1 3.17199E-1 5.38905E-1 5.8975E-1 6.03134E-1 5.92476E-1 6.52196E-1 6.12817E-1 5.4856E-1 4.94917E-1 4.69462E-1 3.76659E-1 3.17378E-1 2.58964E-1 2.84931E-1 3.78387E-1 3.78546E-1 4.32085E-1 4.64361E-1 3.86838E-1 5.12787E-1 4.84521E-1 4.44734E-1 4.00035E-1 3.42743E-1 2.82491E-1
6.99934E-1 6.97899E-1 7.14194E-1 6.10397E-1 5.30543E-1 6.47471E-1 5.82907E-1 5.80106E-1 6.02205E-1 6.36235E-1 6.08396E-1 5.34183E-1 4.70919E-1 2.97288E-1 5.15239E-1 7.16661E-1 6.65505E-1 6.80895E-1 6.45681E-1 6.81963E-1 3.37207E-1 5.83531E-1 6.21752E-1 5.81325E-1 6.79587E-1 3.1548E-1 4.94877E-1 5.98573E-1 4.79887E-1 3.15004E-1 3.06525E-1 3.77498E-1 5.80419E-1 6.16403E-1 6.53983E-1 6.75279E-1 6.1451E-1 6.074E-1 5.92061E-1 5.68633E-1 6.23476E-1 5.53887E-1 4.82426E-1 4.30514E-1 3.90259E-1 3.07785E-1 2.54901E-1 1.79329E-1 1.86181E-1 2.41852E-1 2.76493E-1 4.09842E-1 4.97595E-1 4.81981E-1 4.87054E-1 4.70436E-1 4.49258E-1 3.90563E-1 3.53281E-1 3.27701E-1
3.73658E-1 4.94175E-1 6.1703E-1 3.62142E-1 5.67195E-1 5.67441E-1 5.66123E-1 5.64395E-1 5.99466E-1 6.50516E-1 5.5768E-1 5.06166E-1 5.40824E-1 2.9365E-1 4.87751E-1 5.55693E-1 7.09141E-1 5.87089E-1 7.08968E-1 6.73256E-1 5.90241E-1 5.9523E-1 6.5276E-1 5.05691E-1 5.27319E-1 3.83904E-1 4.80271E-1 4.95634E-1 5.1879E-1 5.00624E-1 5.60136E-1 6.31891E-1 5.82656E-1 6.20117E-1 6.15845E-1 5.7822E-1 5.27245E-1 4.99554E-1 5.72169E-1 6.4652E-1 6.9329E-1 5.42358E-1 5.13216E-1 4.45948E-1 4.1694E-1 3.15044E-1 2.41743E-1 1.55895E-1 1.69904E-1 2.25694E-1 2.61162E-1 3.34156E-1 4.26019E-1 3.99322E-1 5.01442E-1 4.80964E-1 3.81114E-1 4.80612E-1 4.58521E-1 3.34483E-1
4.67309E-1 4.61876E-1 5.02297E-1 6.08582E-1 5.38098E-1 5.28931E-1 5.53917E-1 5.42938E-1 6.22631E-1 6.40788E-1 5.36614E-1 5.2142E-1 5.30185E-1 2.54837E-1 3.95926E-1 5.02087E-1 6.49954E-1 6.88971E-1 6.89068E-1 6.70937E-1 5.7434E-1 5.30126E-1 5.95242E-1 6.36452E-1 2.806E-1 3.74975E-1 1.61972E-1 3.78188E-1 4.76824E-1 4.28713E-1 4.81795E-1 4.22261E-1 4.53122E-1 5.28991E-1 4.93908E-1 5.51839E-1 4.7535E-1 4.23567E-1 5.79636E-1 6.26328E-1 5.99031E-1 5.07993E-1 4.6668E-1 4.31873E-1 4.00726E-1 2.86869E-1 2.47768E-1 1.20346E-1 2.249E-1 2.24553E-1 2.31156E-1 2.9054E-1 3.43829E-1 3.83569E-1 4.84823E-1 5.1574E-1 2.98027E-1 5.17015E-1 4.21852E-1 2.92805E-1
3.27162E-1 3.15202E-1 5.84594E-1 5.45397E-1 5.10094E-1 4.9825E-1 5.46242E-1 5.91127E-1 6.42228E-1 6.47854E-1 5.18347E-1 5.44017E-1 5.67072E-1 3.04865E-1 3.98376E-1 7.61766E-1 7.39524E-1 6.93852E-1 7.26399E-1 7.11697E-1 5.57998E-1 6.19637E-1 5.94654E-1 5.44066E-1 4.12616E-1 4.75458E-1 4.72552E-1 4.25375E-1 3.74335E-1 3.20457E-1 3.62867E-1 3.72332E-1 3.6128E-1 3.24331E-1 4.03217E-1 4.09091E-1 3.32617E-1 3.1624E-1 6.16512E-1 6.40326E-1 6.43095E-1 5.52511E-1 5.35901E-1 4.1476E-1 3.63798E-1 2.99281E-1 2.57047E-1 2.4871E-1 2.47693E-1 2.48149E-1 2.48262E-1 3.0035E-1 3.35127E-1 2.79905E-1 5.16736E-1 3.38773E-1 5.42296E-1 4.78866E-1 3.86522E-1 3.0468E-1
4.55309E-1 5.73673E-1 4.64728E-1 5.07743E-1 5.21844E-1 5.68197E-1 6.40783E-1 6.18208E-1 6.32694E-1 5.64594E-1 5.11317E-1 5.90567E-1 5.95677E-1 4.52975E-1 6.06437E-1 7.46868E-1 7.12532E-1 7.05988E-1 7.45763E-1 7.24435E-1 6.29559E-1 6.35899E-1 6.26509E-1 2.46026E-1 4.61236E-1 4.64781E-1 4.54492E-1 2.57265E-1 3.88542E-1 3.0908E-1 3.43298E-1 3.20253E-1 3.10059E-1 2.49289E-1 2.0036E-1 1.90518E-1 1.44592E-1 1.79406E-1 3.2111E-1 5.1393E-1 5.5656E-1 5.07882E-1 4.46771E-1 3.16939E-1 3.26587E-1 2.67703E-1 2.64862E-1 2.75561E-1 2.70177E-1 3.003E-1 2.81181E-1 3.29107E-1 3.57823E-1 1.1356E-1 3.10867E-1 2.66487E-1 3.20886E-1 3.87562E-1 3.79989E-1 2.95333E-1
6.51899E-1 6.25558E-1 5.56805E-1 5.32728E-1 5.68293E-1 5.80239E-1 6.34129E-1 6.55968E-1 6.31364E-1 5.51118E-1 5.60284E-1 6.03623E-1 6.09645E-1 4.92662E-1 6.50342E-1 6.56134E-1 6.15043E-1 5.70976E-1 5.85136E-1 6.49875E-1 6.88445E-1 5.51718E-1 6.52333E-1 -9999 5.75487E-1 5.96205E-1 6.07456E-1 6.00046E-1 5.09798E-1 5.30837E-1 4.2905E-1 3.01453E-1 3.6097E-1 2.73549E-1 2.45648E-1 2.8317E-1 2.74276E-1 2.41182E-1 4.68476E-1 5.65859E-1 5.17319E-1 4.49838E-1 4.01445E-1 3.27456E-1 3.19038E-1 2.10051E-1 2.11218E-1 2.13307E-1 2.34612E-1 3.08704E-1 3.53553E-1 3.98443E-1 4.1254E-1 1.96128E-1 3.02284E-1 3.31995E-1 2.43218E-1 4.51838E-1 4.57357E-1 3.61956E-1
6.44949E-1 6.15806E-1 3.1933E-1 5.75381E-1 5.79014E-1 6.05039E-1 6.43054E-1 6.97121E-1 5.4274E-1 4.36191E-1 4.55118E-1 4.70905E-1 4.86236E-1 4.49307E-1 6.21547E-1 5.41341E-1 6.30086E-1 5.94908E-1 6.47877E-1 6.76151E-1 5.63949E-1 7.36865E-1 5.13365E-1 5.39674E-1 5.98585E-1 5.02071E-1 4.41616E-1 4.10561E-1 4.95792E-1 4.67944E-1 3.98693E-1 3.62757E-1 2.93781E-1 2.13892E-1 2.05475E-1 3.12202E-1 -9999 -9999 6.2728E-1 6.20862E-1 5.49341E-1 4.90609E-1 4.58064E-1 3.83972E-1 3.19544E-1 2.14518E-1 2.09479E-1 2.27779E-1 2.62594E-1 3.19067E-1 3.65768E-1 4.31094E-1 4.60625E-1 3.70231E-1 3.89248E-1 4.46415E-1 4.66245E-1 4.84514E-1 4.96202E-1 3.686E-1
5.86302E-1 5.70339E-1 5.78661E-1 5.99508E-1 5.94061E-1 6.63682E-1 6.67616E-1 6.88686E-1 4.75303E-1 5.17514E-1 5.30478E-1 5.6833E-1 4.60768E-1 5.92139E-1 5.72012E-1 5.66462E-1 4.41457E-1 6.14756E-1 6.46341E-1 5.52851E-1 6.70437E-1 7.15874E-1 7.32693E-1 7.26139E-1 5.9085E-1 4.91071E-1 5.25256E-1 4.7744E-1 5.33965E-1 5.25635E-1 4.21953E-1 3.87741E-1 3.50199E-1 2.63087E-1 2.15384E-1 3.08599E-1 5.65897E-1 3.64323E-1 7.5227E-1 6.94508E-1 6.20227E-1 5.52381E-1 5.08385E-1 3.99205E-1 2.92668E-1 1.8957E-1 1.83108E-1 2.67716E-1 3.14931E-1 3.84012E-1 4.14264E-1 4.8204E-1 5.759E-1 6.08531E-1 4.57752E-1 4.36528E-1 4.82434E-1 4.53616E-1 4.96666E-1 4.57943E-1
5.72879E-1 5.48417E-1 5.44192E-1 6.35976E-1 5.24581E-1 7.61303E-1 7.00506E-1 4.23616E-1 5.20133E-1 6.39916E-1 6.30707E-1 4.88438E-1 6.18893E-1 5.97705E-1 5.3972E-1 5.60576E-1 6.11277E-1 6.3758E-1 6.04259E-1 6.98184E-1 6.78476E-1 7.1861E-1 6.28173E-1 7.3524E-1 5.70618E-1 4.61967E-1 5.0585E-1 5.28646E-1 4.65332E-1 5.29427E-1 4.55863E-1 4.79148E-1 4.49452E-1 4.29696E-1 4.17396E-1 5.35669E-1 5.99196E-1 4.82782E-1 7.75241E-1 7.26078E-1 6.39447E-1 5.70498E-1 5.25207E-1 4.1236E-1 3.14472E-1 1.777E-1 2.02305E-1 2.67717E-1 3.06741E-1 4.06946E-1 4.48003E-1 4.8584E-1 4.51011E-1 5.51698E-1 4.10799E-1 3.79261E-1 4.70973E-1 3.11363E-1 4.49122E-1 4.53083E-1
5.42327E-1 5.13999E-1 5.623E-1 6.75943E-1 8.13163E-1 7.65376E-1 6.21255E-1 4.67603E-1 6.28963E-1 7.13102E-1 6.79267E-1 6.83511E-1 6.13536E-1 5.61044E-1 5.16154E-1 5.50184E-1 5.78037E-1 6.03168E-1 6.5115E-1 6.86738E-1 7.40955E-1 7.06867E-1 5.63334E-1 5.98427E-1 5.47304E-1 5.46098E-1 6.32758E-1 6.31847E-1 6.49789E-1 5.84907E-1 5.07114E-1 5.25113E-1 4.68374E-1 4.33484E-1 4.23087E-1 5.3244E-1 6.01309E-1 7.19703E-1 8.17519E-1 6.44433E-1 6.67595E-1 5.80554E-1 5.49561E-1 4.36632E-1 3.20751E-1 1.77886E-1 2.22596E-1 3.02468E-1 3.58881E-1 4.36973E-1 4.9691E-1 5.60139E-1 2.51433E-1 4.17356E-1 3.66898E-1 3.70462E-1 4.55227E-1 3.48378E-1 3.44166E-1 4.0412E-1
5.13362E-1 5.16439E-1 5.85151E-1 7.73575E-1 8.13631E-1 7.37063E-1 6.60133E-1 6.51852E-1 7.04077E-1 7.6422E-1 7.0747E-1 6.80429E-1 6.02967E-1 5.44227E-1 5.01083E-1 6.02815E-1 6.3682E-1 6.22769E-1 6.54585E-1 7.01512E-1 7.64043E-1 7.32837E-1 7.32417E-1 6.7002E-1 7.03809E-1 6.90094E-1 7.04167E-1 6.33402E-1 6.19747E-1 5.82403E-1 3.91221E-1 4.49141E-1 4.69027E-1 4.35362E-1 3.756E-1 4.48016E-1 5.1723E-1 6.61008E-1 7.49607E-1 5.57354E-1 6.13655E-1 5.47007E-1 5.1034E-1 3.88056E-1 2.95876E-1 2.06639E-1 2.50106E-1 3.03136E-1 3.4946E-1 4.49739E-1 5.09649E-1 5.8233E-1 1.91294E-1 4.90465E-1 4.18269E-1 4.40843E-1 4.81603E-1 3.03752E-1 3.64474E-1 3.0852E-1
5.32546E-1 5.17558E-1 5.36212E-1 6.67211E-1 7.33635E-1 6.80672E-1 7.17872E-1 6.75874E-1 7.76014E-1 6.14006E-1 7.12003E-1 6.55871E-1 5.91401E-1 5.48787E-1 4.95667E-1 5.78604E-1 6.15972E-1 6.11776E-1 6.70553E-1 6.69005E-1 6.22921E-1 5.76792E-1 5.67914E-1 4.96103E-1 7.31666E-1 6.5295E-1 6.62212E-1 6.24794E-1 6.06473E-1 5.72096E-1 2.73538E-1 3.59652E-1 3.63256E-1 4.08954E-1 3.58745E-1 4.63044E-1 5.39118E-1 6.4735E-1 7.32843E-1 6.44642E-1 5.94895E-1 5.77471E-1 5.03276E-1 3.76871E-1 2.90285E-1 2.63705E-1 2.87869E-1 3.40641E-1 3.67253E-1 4.42898E-1 5.37437E-1 4.32901E-1 3.90889E-1 5.38712E-1 4.19759E-1 4.6044E-1 4.95925E-1 3.16018E-1 4.10207E-1 3.51017E-1
5.93246E-1 5.80257E-1 5.56048E-1 6.00164E-1 6.86273E-1 7.29864E-1 7.52624E-1 8.01672E-1 7.38154E-1 8.1146E-1 6.94881E-1 6.7297E-1 5.90226E-1 5.40276E-1 4.91765E-1 5.60266E-1 5.89794E-1 5.64647E-1 5.26674E-1 4.87009E-1 5.12467E-1 4.97897E-1 4.98989E-1 4.55958E-1 7.27298E-1 6.7883E-1 7.13783E-1 6.75146E-1 6.28242E-1 5.82236E-1 4.09274E-1 3.64831E-1 3.1734E-1 3.28608E-1 3.85138E-1 5.35826E-1 5.99216E-1 6.76467E-1 7.09924E-1 5.87727E-1 5.61974E-1 5.45603E-1 4.49376E-1 3.59531E-1 3.28459E-1 3.34713E-1 3.4554E-1 4.02731E-1 3.7679E-1 4.5288E-1 4.95508E-1 5.2855E-1 4.36782E-1 5.73383E-1 4.2489E-1 4.88426E-1 4.97126E-1 2.90345E-1 4.44977E-1 3.49888E-1
6.53991E-1 6.57109E-1 6.76013E-1 6.44224E-1 7.07336E-1 5.9225E-1 8.03666E-1 6.45276E-1 8.17604E-1 7.86476E-1 6.8692E-1 6.28293E-1 5.7709E-1 5.2735E-1 4.80125E-1 5.26191E-1 5.30214E-1 4.55458E-1 3.78265E-1 4.02844E-1 4.52446E-1 4.61715E-1 4.95786E-1 5.38368E-1 7.60956E-1 7.29743E-1 6.99309E-1 5.67647E-1 5.79368E-1 4.59001E-1 4.30959E-1 3.90581E-1 4.31964E-1 3.73642E-1 3.91313E-1 5.10665E-1 6.09888E-1 6.22528E-1 3.05079E-1 5.65137E-1 5.41452E-1 5.32608E-1 4.16604E-1 3.44608E-1 3.52987E-1 3.7805E-1 4.25067E-1 4.54592E-1 4.1864E-1 4.78633E-1 4.8894E-1 4.87783E-1 4.60435E-1 4.48987E-1 4.92175E-1 3.97432E-1 2.93963E-1 4.07761E-1 3.97549E-1 3.41803E-1
6.08893E-1 7.06506E-1 7.21782E-1 6.8892E-1 4.95667E-1 7.71866E-1 8.60371E-1 8.36256E-1 7.63342E-1 7.65508E-1 6.42749E-1 5.57143E-1 5.30822E-1 5.16296E-1 4.64676E-1 4.74722E-1 4.15564E-1 3.95862E-1 -9999 3.62342E-1 3.94028E-1 4.08551E-1 4.53672E-1 3.90443E-1 7.1139E-1 6.3989E-1 5.876E-1 5.87508E-1 5.75005E-1 4.81535E-1 3.32609E-1 3.52686E-1 3.86641E-1 4.24858E-1 4.36897E-1 5.11398E-1 5.73425E-1 5.63286E-1 6.27294E-1 4.3441E-1 6.74522E-1 4.77087E-1 4.19852E-1 3.65102E-1 3.98842E-1 4.50707E-1 5.05871E-1 5.17501E-1 3.91276E-1 3.04603E-1 4.75282E-1 4.55146E-1 3.91203E-1 2.16577E-1 5.52412E-1 5.16011E-1 3.01638E-1 3.76087E-1 4.37192E-1 3.52174E-1
2.8086E-1 5.72751E-1 6.94766E-1 6.67226E-1 6.67004E-1 7.65311E-1 7.86728E-1 6.62454E-1 6.63467E-1 6.7119E-1 5.67142E-1 5.07622E-1 4.33433E-1 3.89312E-1 3.65658E-1 4.44117E-1 -9999 -9999 3.71032E-1 3.50125E-1 3.07981E-1 3.57218E-1 4.16139E-1 1.94647E-1 6.6293E-1 5.5383E-1 5.44152E-1 5.55072E-1 4.8197E-1 3.63593E-1 3.4175E-1 5.12279E-1 5.3058E-1 5.38851E-1 5.12431E-1 4.07145E-1 4.59218E-1 4.40135E-1 4.25052E-1 3.5485E-1 5.3766E-1 3.4086E-1 3.70125E-1 2.7716E-1 2.72681E-1 3.52605E-1 5.19141E-1 5.97658E-1 4.05154E-1 4.07224E-1 3.61961E-1 3.7626E-1 3.62908E-1 2.15591E-1 4.3233E-1 3.84726E-1 4.02222E-1 3.41424E-1 3.84537E-1 2.82957E-1
4.24037E-1 3.80999E-1 6.96613E-1 6.44907E-1 7.18411E-1 7.56079E-1 7.11873E-1 5.74502E-1 6.553E-1 6.46464E-1 5.31763E-1 5.05185E-1 4.61313E-1 4.45068E-1 4.24092E-1 4.94018E-1 4.34901E-1 3.92238E-1 3.71775E-1 3.69865E-1 3.74036E-1 4.12481E-1 4.76395E-1 7.01974E-1 6.64093E-1 4.91616E-1 4.99066E-1 4.84965E-1 4.57715E-1 4.53905E-1 4.5977E-1 4.81085E-1 5.51851E-1 4.26133E-1 5.97022E-1 4.5983E-1 4.75286E-1 5.07403E-1 3.66347E-1 5.94361E-1 5.6253E-1 3.68498E-1 4.04541E-1 3.5067E-1 3.01738E-1 3.46696E-1 3.93551E-1 5.3514E-1 5.07093E-1 5.58404E-1 3.59833E-1 3.37501E-1 4.14235E-1 2.41585E-1 4.58766E-1 4.15778E-1 4.3819E-1 3.61088E-1 3.92245E-1 2.25522E-1
6.51047E-1 5.93693E-1 6.66362E-1 6.34578E-1 7.54582E-1 7.36394E-1 6.16128E-1 5.23474E-1 5.66235E-1 6.28327E-1 6.58879E-1 5.57973E-1 5.2627E-1 5.38119E-1 5.03546E-1 5.6863E-1 4.78286E-1 4.51847E-1 4.58528E-1 4.50573E-1 3.25341E-1 4.40301E-1 4.26607E-1 4.45543E-1 4.95857E-1 3.28461E-1 3.57049E-1 3.58826E-1 4.61296E-1 4.95574E-1 4.33642E-1 4.81671E-1 5.39385E-1 5.5101E-1 6.03344E-1 4.56181E-1 4.3569E-1 4.68477E-1 5.62751E-1 5.0407E-1 5.6934E-1 3.38669E-1 3.38449E-1 4.59087E-1 3.43503E-1 3.76814E-1 3.66533E-1 2.88109E-1 3.84895E-1 3.92321E-1 3.19025E-1 2.26382E-1 3.17982E-1 3.23317E-1 4.70277E-1 2.74205E-1 4.4707E-1 3.79193E-1 4.09204E-1 3.42831E-1
