Phytophthora/models/20240429_1812_56/Phytophthora_PA1_RUN8_MAXENT_outputs/Phytophthora_PA1_RUN8.asc
ncols         225
nrows         269
xllcorner     473000.0
yllcorner     4429100.0
cellsize      50.0
NODATA_value  -9999
[rows 135 to 161 of 269, columns 60 to 119 of 225]
2.45056E-1 1.48924E-1 2.76049E-1 3.21214E-1 3.12074E-1 3.80523E-1 4.10309E-1 4.19169E-1 4.69387E-1 4.74748E-1 5.19233E-1 5.8469E-1 4.32693E-1 4.63713E-1 4.4652E-1 5.99423E-1 6.19096E-1 5.99073E-1 5.85557E-1 4.73039E-1 4.29558E-1 4.78134E-1 5.87663E-1 4.94651E-1 4.63742E-1 4.1442E-1 4.27938E-1 3.50125E-1 2.65343E-1 2.23757E-1 1.96476E-1 1.75459E-1 1.63446E-1 1.84492E-1 2.22124E-1 2.25757E-1 3.41194E-1 3.57928E-1 4.08184E-1 2.68096E-1 3.46179E-1 3.25294E-1 3.04993E-1 2.62609E-1 3.05172E-1 2.20811E-1 2.59204E-1 4.04609E-1 3.99444E-1 4.25052E-1 4.22822E-1 4.07905E-1 2.38427E-1 4.26362E-1 3.8104E-1 3.7497E-1 2.15197E-1 1.98901E-1 1.76318E-1 1.57918E-1
2.32761E-1 3.86313E-1 3.80264E-1 3.45765E-1 3.32686E-1 2.00581E-1 4.54822E-1 4.77232E-1 4.43032E-1 4.15057E-1 4.84255E-1 5.27296E-1 3.36111E-1 1.63759E-1 3.86028E-1 6.36022E-1 6.96411E-1 6.81514E-1 6.33595E-1 5.16988E-1 5.42819E-1 5.79839E-1 5.11028E-1 5.72896E-1 5.70779E-1 5.37591E-1 6.15353E-1 5.53482E-1 4.77968E-1 4.07157E-1 2.84903E-1 2.50684E-1 2.4876E-1 2.45892E-1 3.39267E-1 3.72889E-1 4.98379E-1 5.93235E-1 5.66197E-1 5.86837E-1 5.31246E-1 5.73529E-1 5.33455E-1 5.15916E-1 5.2486E-1 3.65604E-1 3.91444E-1 5.17263E-1 5.88859E-1 5.91213E-1 5.7143E-1 5.33863E-1 5.542E-1 5.7401E-1 5.68727E-1 2.91322E-1 3.38468E-1 2.65068E-1 2.40177E-1 2.49733E-1
2.46922E-1 4.6039E-1 1.89423E-1 2.16169E-1 1.44902E-1 3.82951E-1 4.45242E-1 4.56214E-1 4.23604E-1 4.06052E-1 5.04683E-1 4.80307E-1 2.24809E-1 3.09517E-1 3.01899E-1 5.74603E-1 6.46305E-1 5.84027E-1 5.72107E-1 5.53037E-1 5.89135E-1 6.23121E-1 6.45428E-1 6.42983E-1 4.94918E-1 4.57681E-1 2.53423E-1 5.24462E-1 4.41056E-1 3.74216E-1 2.77421E-1 2.48528E-1 2.52205E-1 2.88094E-1 3.62121E-1 4.29586E-1 4.99491E-1 5.46915E-1 6.23524E-1 5.98221E-1 6.02363E-1 5.7076E-1 5.44107E-1 4.93072E-1 5.77449E-1 4.03897E-1 3.477E-1 5.39852E-1 5.59276E-1 5.20372E-1 5.92993E-1 4.90086E-1 5.241E-1 5.19795E-1 5.54922E-1 2.51263E-1 2.77974E-1 2.53422E-1 2.36206E-1 2.48649E-1
2.0823E-1 2.60005E-1 3.08309E-1 2.95782E-1 2.91313E-1 3.6514E-1 3.07017E-1 2.52124E-1 2.94873E-1 4.88052E-1 1.86788E-1 2.98177E-1 3.15507E-1 3.14637E-1 3.36107E-1 5.58003E-1 6.5635E-1 6.36038E-1 6.97256E-1 6.971E-1 6.66635E-1 6.79645E-1 6.01881E-1 5.86051E-1 4.62025E-1 2.30355E-1 4.85939E-1 5.07307E-1 4.28618E-1 3.59048E-1 2.657E-1 2.44069E-1 2.72745E-1 3.22183E-1 4.20611E-1 4.73684E-1 5.92093E-1 5.68887E-1 6.00617E-1 6.22133E-1 6.5234E-1 5.20868E-1 5.28117E-1 4.99916E-1 4.46661E-1 4.91642E-1 4.20861E-1 4.8557E-1 4.95828E-1 5.15913E-1 5.42675E-1 4.44612E-1 4.25772E-1 5.2637E-1 4.70891E-1 1.05468E-1 2.76817E-1 2.11843E-1 2.04462E-1 2.08532E-1
4.4334E-1 4.90499E-1 3.37708E-1 3.18981E-1 3.05575E-1 3.62303E-1 3.26842E-1 2.41615E-1 2.02655E-1 4.06722E-1 3.69074E-1 2.56746E-1 1.37823E-1 1.49779E-1 2.05519E-1 5.334E-1 6.24994E-1 6.80546E-1 7.32536E-1 7.40815E-1 6.54016E-1 5.79278E-1 5.58337E-1 2.75667E-1 5.07002E-1 4.57585E-1 4.64615E-1 4.45237E-1 3.74363E-1 3.09019E-1 2.58118E-1 2.36983E-1 2.88532E-1 3.34616E-1 4.45745E-1 4.76955E-1 6.15251E-1 6.62007E-1 5.82452E-1 6.97449E-1 3.39564E-1 4.27849E-1 4.50961E-1 4.64257E-1 4.61048E-1 4.77909E-1 5.29501E-1 4.83255E-1 4.23456E-1 4.82295E-1 5.25798E-1 4.62122E-1 2.59288E-1 4.76092E-1 4.22368E-1 2.71667E-1 2.58887E-1 2.29997E-1 2.29951E-1 2.47506E-1
2.02642E-1 1.45784E-1 2.84747E-1 3.08857E-1 2.62663E-1 3.65336E-1 3.23263E-1 2.7948E-1 2.21083E-1 1.98616E-1 1.74826E-1 1.3525E-1 1.52557E-1 1.81184E-1 2.51793E-1 5.22497E-1 6.71385E-1 7.23166E-1 7.68E-1 7.18779E-1 6.32893E-1 5.97464E-1 5.64386E-1 5.44987E-1 4.86967E-1 4.5922E-1 4.65813E-1 4.10525E-1 3.16907E-1 2.75557E-1 2.60921E-1 2.8933E-1 3.51285E-1 3.43408E-1 4.56091E-1 5.09472E-1 6.28083E-1 6.75289E-1 7.00587E-1 7.31482E-1 5.36892E-1 5.03642E-1 4.89868E-1 4.77668E-1 4.58093E-1 4.24651E-1 4.56043E-1 4.59294E-1 3.99734E-1 3.56943E-1 4.72403E-1 4.48853E-1 6.06025E-1 6.12882E-1 3.04226E-1 2.49842E-1 2.79757E-1 2.66295E-1 2.52445E-1 2.52255E-1
2.94975E-1 1.84136E-1 3.52563E-1 3.56388E-1 2.07468E-1 3.89133E-1 3.47779E-1 2.74858E-1 2.22191E-1 1.69368E-1 1.71468E-1 1.55845E-1 2.09657E-1 2.45591E-1 2.49299E-1 4.02905E-1 5.80619E-1 5.69861E-1 6.60862E-1 6.00483E-1 6.52306E-1 5.93159E-1 2.8223E-1 4.90128E-1 4.40718E-1 4.15245E-1 4.01086E-1 3.40231E-1 2.75466E-1 2.60848E-1 3.44616E-1 3.83304E-1 4.52655E-1 4.45648E-1 4.90852E-1 5.62368E-1 6.58506E-1 7.35756E-1 7.37927E-1 7.78413E-1 6.57903E-1 3.42769E-1 5.85951E-1 5.53213E-1 4.75588E-1 4.04157E-1 3.83097E-1 3.56954E-1 3.64522E-1 3.59828E-1 4.03757E-1 4.15313E-1 5.52406E-1 4.68509E-1 3.36873E-1 4.63926E-1 4.45598E-1 3.93493E-1 3.72044E-1 3.7482E-1
3.02986E-1 3.95756E-1 4.08194E-1 3.4365E-1 3.28236E-1 4.11499E-1 3.73814E-1 2.92982E-1 2.28018E-1 2.50268E-1 2.45466E-1 2.19253E-1 2.60099E-1 2.82236E-1 3.19813E-1 3.71657E-1 5.14978E-1 5.85066E-1 6.18931E-1 5.77301E-1 4.55831E-1 4.62623E-1 5.20999E-1 4.72249E-1 4.35206E-1 4.14551E-1 3.43548E-1 3.02272E-1 2.60697E-1 2.88897E-1 3.98628E-1 4.48791E-1 5.07017E-1 5.11342E-1 5.56302E-1 5.50369E-1 6.74663E-1 6.06143E-1 7.44356E-1 7.54603E-1 6.59032E-1 6.26925E-1 5.86962E-1 5.56751E-1 4.74708E-1 4.05904E-1 3.80001E-1 3.4843E-1 3.90037E-1 3.8986E-1 4.99083E-1 4.32534E-1 4.57757E-1 4.39234E-1 4.20671E-1 4.33371E-1 4.13047E-1 3.7886E-1 3.3898E-1 3.44828E-1
1.25506E-1 3.93504E-1 5.10885E-1 3.57698E-1 3.92129E-1 4.50574E-1 3.4466E-1 2.79012E-1 2.36909E-1 1.71238E-1 1.06319E-1 2.81368E-1 3.32692E-1 3.63363E-1 4.13033E-1 4.3458E-1 4.2157E-1 6.40992E-1 5.52744E-1 6.50148E-1 6.35656E-1 5.57433E-1 4.89486E-1 4.60613E-1 4.08614E-1 4.06286E-1 3.12672E-1 2.56677E-1 2.67099E-1 3.23572E-1 4.57827E-1 5.28104E-1 5.51199E-1 5.63027E-1 5.88939E-1 6.11973E-1 6.4164E-1 7.54622E-1 7.49888E-1 7.53007E-1 6.16225E-1 5.94539E-1 5.57835E-1 5.39662E-1 5.13864E-1 3.77698E-1 3.43131E-1 3.77922E-1 4.30164E-1 3.69697E-1 5.18274E-1 3.55543E-1 5.28858E-1 4.65514E-1 4.44487E-1 4.30892E-1 3.89034E-1 3.32367E-1 3.38063E-1 3.71609E-1
1.44334E-1 2.31086E-1 3.06277E-1 3.95737E-1 4.26303E-1 4.47416E-1 3.4052E-1 3.14111E-1 2.75339E-1 2.17924E-1 1.62793E-1 3.15688E-1 3.74402E-1 3.86219E-1 4.35506E-1 4.32191E-1 4.43402E-1 4.52327E-1 6.24208E-1 5.24285E-1 5.6219E-1 5.04068E-1 4.4418E-1 4.21152E-1 3.72247E-1 3.93771E-1 2.67817E-1 2.45687E-1 3.08823E-1 3.64089E-1 5.56249E-1 5.87755E-1 5.69085E-1 5.46075E-1 5.85368E-1 4.07088E-1 6.55614E-1 7.36932E-1 5.40544E-1 7.36747E-1 6.81321E-1 5.86654E-1 5.24309E-1 5.39878E-1 5.21739E-1 3.78109E-1 3.0472E-1 3.8479E-1 4.33749E-1 3.34592E-1 5.09651E-1 2.93744E-1 5.59801E-1 4.40927E-1 3.80925E-1 3.51204E-1 3.16925E-1 3.06896E-1 3.19899E-1 4.66831E-1
3.54293E-1 1.61503E-1 3.86749E-1 4.65827E-1 4.61548E-1 4.80037E-1 3.77483E-1 3.6581E-1 3.19052E-1 2.74698E-1 2.41337E-1 3.68531E-1 3.92433E-1 4.03421E-1 4.5301E-1 4.58792E-1 2.36802E-1 4.50363E-1 4.57031E-1 4.52799E-1 5.27742E-1 4.4152E-1 3.98757E-1 3.75278E-1 3.55527E-1 3.68723E-1 2.68055E-1 2.45622E-1 3.15919E-1 4.08646E-1 5.44373E-1 5.60038E-1 5.37706E-1 5.07492E-1 5.61555E-1 5.92485E-1 6.27256E-1 4.74952E-1 7.33609E-1 6.50918E-1 7.3418E-1 6.2698E-1 5.23102E-1 5.28012E-1 4.89562E-1 3.74333E-1 3.01039E-1 3.37829E-1 5.84438E-1 3.66762E-1 5.81344E-1 5.89999E-1 4.76951E-1 5.0589E-1 4.48732E-1 4.11812E-1 3.70704E-1 3.65248E-1 3.64811E-1 4.46791E-1
5.07247E-1 5.68387E-1 4.83499E-1 5.31322E-1 5.02416E-1 3.07535E-1 3.92325E-1 4.11718E-1 3.97887E-1 3.22827E-1 4.57991E-1 4.13128E-1 4.23759E-1 3.90039E-1 4.4131E-1 5.30106E-1 5.64178E-1 5.50933E-1 5.12633E-1 6.71427E-1 4.6388E-1 4.42241E-1 3.64335E-1 3.62257E-1 3.66001E-1 2.88738E-1 2.04026E-1 1.97214E-1 2.45352E-1 3.16113E-1 4.83702E-1 4.8194E-1 4.60371E-1 4.53672E-1 5.07081E-1 5.73806E-1 5.98549E-1 5.54139E-1 4.92688E-1 7.25925E-1 6.28859E-1 6.91576E-1 6.00916E-1 5.78752E-1 5.21557E-1 1.52833E-1 3.10703E-1 2.72881E-1 4.79858E-1 5.00781E-1 5.70628E-1 5.30031E-1 4.65122E-1 2.85425E-1 4.49184E-1 3.60193E-1 3.11894E-1 2.70607E-1 1.51232E-1 3.74444E-1
2.39229E-1 4.82679E-1 3.57712E-1 4.84003E-1 4.38567E-1 3.94416E-1 2.42788E-1 4.41627E-1 4.49841E-1 3.5025E-1 2.55547E-1 5.43459E-1 4.23741E-1 4.12764E-1 4.56082E-1 5.5285E-1 5.76442E-1 5.38333E-1 5.13843E-1 4.64005E-1 4.95613E-1 4.23256E-1 3.31388E-1 3.28914E-1 3.71313E-1 2.84956E-1 2.07086E-1 2.17167E-1 2.38245E-1 3.2957E-1 4.71475E-1 4.96604E-1 4.41234E-1 4.38341E-1 4.94463E-1 5.92741E-1 6.07321E-1 5.92241E-1 5.58491E-1 5.10632E-1 7.60449E-1 6.06909E-1 6.78267E-1 3.09843E-1 2.14286E-1 1.14866E-1 4.01739E-1 2.63217E-1 3.95974E-1 4.31889E-1 3.25568E-1 3.42661E-1 4.07031E-1 4.28395E-1 4.2167E-1 2.41176E-1 3.63566E-1 3.39682E-1 2.87576E-1 1.45878E-1
3.93479E-1 2.57496E-1 3.16835E-1 4.01914E-1 3.54671E-1 3.6552E-1 4.17966E-1 4.79753E-1 4.82864E-1 3.84211E-1 1.89799E-1 2.94823E-1 4.57975E-1 4.6284E-1 4.89731E-1 5.97252E-1 4.83454E-1 5.55507E-1 5.55384E-1 5.47798E-1 5.21097E-1 4.28542E-1 3.43056E-1 3.58952E-1 4.39499E-1 3.18039E-1 2.3757E-1 2.47823E-1 2.31969E-1 3.51191E-1 4.57944E-1 5.07827E-1 4.40956E-1 4.27984E-1 5.27387E-1 5.90688E-1 5.99693E-1 5.63239E-1 5.28701E-1 5.17512E-1 5.63762E-1 6.6252E-1 3.71304E-1 5.89593E-1 2.62063E-1 1.61404E-1 1.59718E-1 1.46083E-1 2.09809E-1 2.84278E-1 2.8605E-1 3.04118E-1 3.60612E-1 4.07849E-1 3.81925E-1 3.31291E-1 3.43364E-1 3.52695E-1 2.61915E-1 1.85395E-1
3.9747E-1 2.65798E-1 2.82605E-1 2.71345E-1 2.91258E-1 3.46591E-1 4.10067E-1 5.79728E-1 1.7033E-1 4.70714E-1 3.51779E-1 3.58849E-1 4.59856E-1 4.65423E-1 3.3101E-1 6.30819E-1 3.61789E-1 5.46111E-1 5.56175E-1 6.32201E-1 5.68537E-1 4.49253E-1 3.90538E-1 4.14906E-1 4.93748E-1 3.67289E-1 3.06941E-1 3.4069E-1 2.9383E-1 3.73984E-1 4.42934E-1 4.6755E-1 4.6105E-1 4.45146E-1 5.59524E-1 5.68455E-1 5.61015E-1 5.09638E-1 4.87629E-1 4.94482E-1 5.45171E-1 5.91635E-1 5.69637E-1 3.03301E-1 2.26312E-1 1.39053E-1 1.10746E-1 1.57939E-1 1.79029E-1 4.03541E-1 1.73631E-1 2.4752E-1 2.97646E-1 3.02678E-1 3.57338E-1 3.06254E-1 3.18949E-1 2.93431E-1 2.12627E-1 1.64178E-1
4.73416E-1 3.2314E-1 3.21165E-1 3.13765E-1 3.20469E-1 3.58328E-1 4.0813E-1 3.40041E-1 5.3035E-1 3.40846E-1 4.51532E-1 4.19709E-1 4.79759E-1 2.52082E-1 5.22769E-1 6.34013E-1 5.98276E-1 5.39742E-1 5.12324E-1 5.94689E-1 5.82135E-1 5.02901E-1 4.49063E-1 4.9317E-1 5.50384E-1 4.21666E-1 3.94095E-1 4.12188E-1 3.50951E-1 4.29304E-1 4.46659E-1 4.39154E-1 4.6974E-1 4.7736E-1 5.66563E-1 5.35757E-1 5.18111E-1 4.6366E-1 4.46751E-1 4.55429E-1 5.14709E-1 2.85935E-1 3.45176E-1 2.86267E-1 2.34575E-1 1.46911E-1 1.1629E-1 3.41652E-1 3.1702E-1 2.86162E-1 3.97895E-1 1.81555E-1 2.80364E-1 3.6696E-1 3.41594E-1 2.77203E-1 2.77843E-1 2.19254E-1 1.68615E-1 1.7265E-1
5.44477E-1 3.99755E-1 4.22689E-1 4.39905E-1 4.23764E-1 4.48203E-1 4.73521E-1 4.42597E-1 5.48728E-1 5.59748E-1 7.3443E-1 6.97939E-1 6.72182E-1 6.96214E-1 6.97036E-1 6.80087E-1 6.43156E-1 6.04979E-1 5.57503E-1 5.56953E-1 6.9429E-1 6.71741E-1 6.25515E-1 7.44446E-1 6.89831E-1 5.95338E-1 5.99206E-1 5.4449E-1 5.40255E-1 5.59403E-1 5.97231E-1 5.76493E-1 5.55709E-1 5.79869E-1 6.24433E-1 6.21094E-1 5.96763E-1 5.48331E-1 5.17037E-1 4.81798E-1 4.22812E-1 2.68787E-1 3.25773E-1 2.79739E-1 2.48602E-1 2.55634E-1 1.71428E-1 1.31418E-1 3.21513E-1 2.7253E-1 1.84218E-1 1.79488E-1 2.07485E-1 2.35564E-1 2.82342E-1 3.86365E-1 3.65783E-1 3.53694E-1 4.1597E-1 4.2444E-1
4.5029E-1 5.10774E-1 5.26541E-1 5.40599E-1 4.93398E-1 4.98085E-1 3.39271E-1 4.28833E-1 5.21142E-1 5.79521E-1 4.93926E-1 6.52719E-1 7.25833E-1 6.98432E-1 6.92227E-1 6.40348E-1 5.88034E-1 5.65622E-1 5.84089E-1 5.61995E-1 6.81108E-1 6.61374E-1 7.06655E-1 7.88125E-1 7.17775E-1 6.27441E-1 6.34199E-1 5.80675E-1 5.73844E-1 5.65671E-1 6.43926E-1 6.1183E-1 5.5564E-1 6.1188E-1 6.52094E-1 7.0239E-1 6.60692E-1 5.91057E-1 5.17493E-1 4.87553E-1 2.58712E-1 3.33649E-1 3.3083E-1 2.99435E-1 3.0251E-1 3.47056E-1 2.69176E-1 1.99045E-1 3.50395E-1 3.04419E-1 2.03421E-1 4.05352E-1 1.72767E-1 2.02531E-1 2.44466E-1 3.26262E-1 3.43674E-1 3.84943E-1 4.54606E-1 4.39717E-1
4.81036E-1 5.53658E-1 5.54629E-1 3.87046E-1 2.68922E-1 5.06338E-1 4.44596E-1 5.00099E-1 4.98907E-1 5.7659E-1 7.5095E-1 7.44258E-1 7.40474E-1 6.95559E-1 6.78339E-1 6.07408E-1 6.05222E-1 6.28184E-1 6.82572E-1 6.79626E-1 7.14486E-1 5.68641E-1 7.72864E-1 7.97564E-1 7.30361E-1 6.87578E-1 6.84109E-1 6.2441E-1 6.17211E-1 6.11072E-1 6.79928E-1 6.41652E-1 5.14879E-1 6.39742E-1 6.74688E-1 7.27339E-1 7.35261E-1 7.4362E-1 5.99212E-1 3.51149E-1 2.87434E-1 3.3016E-1 3.00571E-1 2.71978E-1 2.83941E-1 3.53376E-1 3.90489E-1 3.99446E-1 3.82154E-1 3.4055E-1 2.5376E-1 1.61668E-1 1.40645E-1 1.41986E-1 1.7316E-1 2.749E-1 3.3194E-1 3.49498E-1 3.66081E-1 3.27463E-1
5.01359E-1 5.66947E-1 3.89647E-1 5.80894E-1 5.25188E-1 4.7214E-1 4.64954E-1 4.85417E-1 4.91629E-1 5.62868E-1 7.49814E-1 7.70358E-1 7.52099E-1 7.03928E-1 6.80972E-1 6.41189E-1 6.55969E-1 6.93603E-1 7.73941E-1 7.70581E-1 7.32682E-1 7.67603E-1 8.04733E-1 7.99367E-1 7.38514E-1 7.35788E-1 7.11151E-1 6.66737E-1 6.5331E-1 6.45904E-1 6.95353E-1 6.44696E-1 4.93806E-1 6.81616E-1 7.16425E-1 7.2464E-1 7.66791E-1 7.59376E-1 5.08157E-1 6.04787E-1 4.34519E-1 4.23177E-1 3.53394E-1 3.24367E-1 3.39398E-1 3.97687E-1 4.5374E-1 4.73557E-1 4.89928E-1 4.83366E-1 2.05796E-1 1.83459E-1 2.07826E-1 2.26275E-1 2.404E-1 3.42379E-1 3.1572E-1 3.92223E-1 4.11437E-1 4.63816E-1
5.19533E-1 5.74692E-1 4.26081E-1 5.32121E-1 4.32695E-1 3.76042E-1 4.58829E-1 5.03769E-1 4.38825E-1 5.68217E-1 7.47111E-1 7.49834E-1 6.8579E-1 7.10788E-1 6.88726E-1 6.76432E-1 6.81975E-1 6.71214E-1 7.49995E-1 7.6174E-1 7.36416E-1 7.68012E-1 7.88186E-1 7.80248E-1 7.50632E-1 7.60283E-1 7.39683E-1 7.0274E-1 6.70049E-1 6.44435E-1 6.99739E-1 6.32013E-1 6.33255E-1 6.86733E-1 7.33688E-1 7.5112E-1 7.90322E-1 5.21758E-1 7.78876E-1 6.8265E-1 4.84661E-1 3.97627E-1 3.81032E-1 4.16999E-1 4.39409E-1 4.64413E-1 5.15138E-1 5.38336E-1 5.91031E-1 5.2984E-1 3.03935E-1 3.33186E-1 2.90142E-1 2.1924E-1 2.73222E-1 3.8319E-1 4.27556E-1 4.72738E-1 4.8442E-1 4.96537E-1
4.98569E-1 2.90898E-1 4.77404E-1 4.523E-1 3.61836E-1 3.2415E-1 3.33046E-1 4.64734E-1 5.13434E-1 5.42527E-1 5.42595E-1 5.38825E-1 3.21335E-1 4.9398E-1 5.33383E-1 7.08378E-1 4.7157E-1 7.62353E-1 7.21422E-1 6.59689E-1 4.31495E-1 7.31012E-1 7.6717E-1 7.00522E-1 7.17679E-1 8.12941E-1 7.77341E-1 7.69956E-1 7.43935E-1 6.8649E-1 6.30665E-1 6.48571E-1 6.10411E-1 6.37364E-1 7.26201E-1 6.51373E-1 7.16549E-1 6.19943E-1 6.31459E-1 5.71116E-1 5.47279E-1 5.60548E-1 5.64973E-1 5.78994E-1 5.07633E-1 3.94925E-1 3.7146E-1 4.58411E-1 5.294E-1 5.43654E-1 6.37933E-1 5.09746E-1 5.84595E-1 5.40829E-1 4.71231E-1 3.26218E-1 3.7086E-1 3.31176E-1 4.22068E-1 4.2968E-1
4.01179E-1 3.59732E-1 4.45742E-1 3.97583E-1 3.3081E-1 3.07328E-1 2.55654E-1 2.62231E-1 5.29538E-1 4.9154E-1 5.12958E-1 5.06262E-1 3.32256E-1 4.77872E-1 5.36144E-1 7.10806E-1 6.77184E-1 7.87832E-1 7.03859E-1 6.11274E-1 6.47629E-1 7.83981E-1 7.55396E-1 7.19938E-1 7.30684E-1 8.25463E-1 7.74316E-1 7.80079E-1 7.42004E-1 6.81389E-1 6.25219E-1 5.95059E-1 6.39898E-1 6.44329E-1 7.1187E-1 6.0137E-1 5.6205E-1 5.06405E-1 6.2286E-1 5.21118E-1 4.92029E-1 5.55047E-1 5.80605E-1 5.81904E-1 5.34367E-1 4.75055E-1 5.03479E-1 5.10278E-1 5.29465E-1 5.48614E-1 6.84632E-1 6.68403E-1 5.95756E-1 5.7269E-1 4.92529E-1 3.49199E-1 4.23909E-1 4.77974E-1 4.19038E-1 3.55544E-1
2.22382E-1 5.08525E-1 4.37864E-1 3.97709E-1 3.20487E-1 2.88838E-1 2.53467E-1 1.81104E-1 4.41023E-1 4.7045E-1 4.96558E-1 4.99823E-1 2.69958E-1 4.30222E-1 5.52816E-1 7.12318E-1 6.61262E-1 7.6008E-1 6.13662E-1 6.03804E-1 7.90545E-1 7.90218E-1 7.85836E-1 7.50667E-1 7.64517E-1 8.23825E-1 7.78006E-1 7.70047E-1 7.60428E-1 6.97596E-1 6.22292E-1 5.92107E-1 6.08157E-1 6.1212E-1 1.46252E-1 3.53303E-1 3.46139E-1 3.82865E-1 5.55728E-1 6.22972E-1 7.01394E-1 6.63112E-1 6.22226E-1 6.30411E-1 5.99804E-1 5.28595E-1 4.83581E-1 4.21474E-1 3.77173E-1 4.01177E-1 5.61265E-1 6.04405E-1 5.59182E-1 5.49995E-1 5.51162E-1 4.84909E-1 4.97386E-1 4.35909E-1 4.48594E-1 4.94309E-1
4.59145E-1 4.74879E-1 4.22537E-1 3.9516E-1 3.1285E-1 2.94849E-1 1.28419E-1 3.0535E-1 3.10469E-1 4.23228E-1 4.46826E-1 4.49642E-1 4.54938E-1 3.68444E-1 5.27927E-1 6.74963E-1 6.46867E-1 6.08483E-1 6.24249E-1 7.91735E-1 8.00382E-1 6.07015E-1 7.36136E-1 7.74275E-1 7.91211E-1 8.33383E-1 7.6932E-1 7.70638E-1 5.3808E-1 7.17718E-1 6.38509E-1 6.40012E-1 6.2687E-1 2.00561E-1 3.91677E-1 4.25328E-1 4.3901E-1 4.28477E-1 8.1132E-1 5.47269E-1 5.9316E-1 6.64076E-1 6.74649E-1 6.71705E-1 6.34414E-1 5.57145E-1 4.98133E-1 4.08815E-1 3.01488E-1 2.9711E-1 4.63251E-1 5.34151E-1 5.98713E-1 6.94009E-1 6.02549E-1 4.06739E-1 4.04972E-1 4.29181E-1 4.93999E-1 4.99273E-1
4.56356E-1 4.38926E-1 4.18462E-1 3.78279E-1 2.86758E-1 3.19366E-1 3.09881E-1 4.87175E-1 4.37806E-1 4.67087E-1 4.71667E-1 4.24356E-1 4.19265E-1 4.36814E-1 4.65584E-1 5.02523E-1 7.18545E-1 5.74021E-1 7.29613E-1 7.86209E-1 7.53286E-1 7.20628E-1 7.6265E-1 7.61533E-1 7.87793E-1 7.88945E-1 7.66882E-1 5.95529E-1 7.53713E-1 7.11052E-1 6.29117E-1 6.05202E-1 5.90366E-1 3.67343E-1 5.25433E-1 5.48979E-1 5.17142E-1 4.26306E-1 1.73097E-1 2.92554E-1 2.7508E-1 5.82083E-1 6.65948E-1 7.33553E-1 6.6243E-1 5.71541E-1 5.06455E-1 3.97518E-1 3.13011E-1 2.05404E-1 1.37381E-1 3.1205E-1 6.4708E-1 5.53704E-1 5.03474E-1 3.23531E-1 3.26466E-1 3.19273E-1 4.84838E-1 5.20546E-1
4.04207E-1 4.13979E-1 4.10525E-1 4.20439E-1 3.54438E-1 2.79823E-1 4.9543E-1 4.98817E-1 4.62703E-1 3.22072E-1 3.8965E-1 4.36748E-1 4.44173E-1 3.26956E-1 5.74654E-1 4.37421E-1 6.61152E-1 6.54769E-1 7.34794E-1 7.3795E-1 6.89016E-1 6.92908E-1 7.51963E-1 5.94757E-1 7.9537E-1 7.76391E-1 7.2802E-1 6.98943E-1 6.11864E-1 6.28939E-1 5.56504E-1 5.07198E-1 5.885E-1 5.31455E-1 6.09659E-1 6.03334E-1 5.9942E-1 5.79852E-1 5.31174E-1 4.88643E-1 4.14119E-1 4.48042E-1 4.87338E-1 5.19759E-1 3.1605E-1 4.99119E-1 3.92359E-1 2.91351E-1 2.51998E-1 2.10999E-1 8.23446E-2 1.84749E-1 2.89742E-1 1.76135E-1 2.06426E-1 1.88409E-1 1.91719E-1 1.84536E-1 4.18328E-1 5.056E-1
