Phytophthora/models/20240429_1812_56/Phytophthora_PA1_RUN8_MAXENT_outputs/Phytophthora_PA1_RUN8.asc
ncols         225
nrows         269
xllcorner     473000.0
yllcorner     4429100.0
cellsize      50.0
NODATA_value  -9999
[rows 189 to 215 of 269, columns 60 to 119 of 225]
5.8245E-1 6.07388E-1 6.20401E-1 6.33304E-1 7.13392E-1 6.08429E-1 5.34129E-1 4.7582E-1 4.62634E-1 6.08914E-1 4.25369E-1 5.90077E-1 6.09914E-1 6.11112E-1 5.46989E-1 5.78239E-1 5.14695E-1 4.82261E-1 5.36063E-1 2.58657E-1 3.20468E-1 3.28234E-1 3.25961E-1 2.97973E-1 5.79724E-1 4.60536E-1 4.6511E-1 3.63956E-1 3.60835E-1 4.3684E-1 4.15146E-1 4.77247E-1 5.39281E-1 5.34642E-1 5.6423E-1 5.12318E-1 3.14368E-1 1.81917E-1 2.90369E-1 5.37378E-1 1.67269E-1 3.27691E-1 3.75582E-1 4.83174E-1 4.20642E-1 2.00619E-1 3.33114E-1 2.45684E-1 2.4948E-1 2.74278E-1 2.69572E-1 2.86299E-1 4.23868E-1 4.79575E-1 4.99861E-1 2.9519E-1 4.66971E-1 4.11474E-1 3.99046E-1 3.593E-1
5.57427E-1 6.05042E-1 6.00076E-1 6.47151E-1 6.66576E-1 5.58898E-1 5.17844E-1 4.90996E-1 4.79367E-1 5.73211E-1 6.96074E-1 7.32417E-1 6.89785E-1 6.71016E-1 5.80544E-1 6.20328E-1 5.34457E-1 5.17341E-1 4.51462E-1 3.69024E-1 3.29008E-1 3.47761E-1 3.55182E-1 2.99377E-1 4.07007E-1 4.02314E-1 4.384E-1 3.87259E-1 3.82781E-1 3.96834E-1 4.30645E-1 4.85186E-1 5.23424E-1 5.12501E-1 1.89454E-1 3.62793E-1 4.1056E-1 3.738E-1 3.4673E-1 3.19464E-1 3.16904E-1 1.6774E-1 4.60964E-1 4.49188E-1 4.2648E-1 4.43442E-1 3.65507E-1 2.83396E-1 2.71888E-1 2.13367E-1 2.18237E-1 2.28224E-1 2.9502E-1 3.41674E-1 1.67064E-1 4.75515E-1 4.71164E-1 3.81233E-1 3.75316E-1 3.53307E-1
5.79952E-1 5.85256E-1 5.9455E-1 6.84244E-1 6.5273E-1 6.6698E-1 6.37963E-1 6.16573E-1 5.8494E-1 6.03631E-1 5.08051E-1 7.40787E-1 6.96718E-1 7.51792E-1 5.02231E-1 5.42694E-1 4.36118E-1 3.90063E-1 4.77154E-1 4.45421E-1 3.80028E-1 4.17775E-1 4.28239E-1 3.92446E-1 4.38768E-1 4.76846E-1 5.31441E-1 4.31434E-1 6.25573E-1 5.06008E-1 4.7597E-1 5.41279E-1 5.71565E-1 2.29419E-1 5.58816E-1 4.42541E-1 3.44307E-1 3.47591E-1 3.66867E-1 3.73852E-1 4.32967E-1 4.16248E-1 4.15132E-1 5.19094E-1 4.51337E-1 4.93117E-1 3.76321E-1 3.3342E-1 1.51918E-1 2.39354E-1 1.70797E-1 1.91186E-1 2.47664E-1 2.72448E-1 2.64069E-1 1.80688E-1 4.11175E-1 3.19848E-1 3.68358E-1 4.19927E-1
5.94377E-1 5.5126E-1 6.2685E-1 3.78816E-1 4.17568E-1 4.51033E-1 3.77622E-1 4.92372E-1 6.09484E-1 6.13819E-1 3.84275E-1 6.99921E-1 5.68284E-1 4.88167E-1 6.06507E-1 6.34285E-1 3.51317E-1 4.04558E-1 4.50105E-1 4.4692E-1 3.6777E-1 3.61908E-1 3.70674E-1 3.91245E-1 4.18368E-1 3.47653E-1 4.09004E-1 3.42793E-1 6.32459E-1 5.0108E-1 4.65832E-1 4.63861E-1 5.12262E-1 5.10666E-1 1.37962E-1 1.14442E-1 4.0716E-1 2.93061E-1 3.07615E-1 3.24223E-1 4.18419E-1 4.25559E-1 4.46782E-1 4.03705E-1 3.44378E-1 4.88565E-1 3.68792E-1 3.23484E-1 2.55028E-1 2.09571E-1 1.61798E-1 1.67795E-1 1.95474E-1 2.15265E-1 2.42368E-1 7.21887E-2 3.79191E-1 3.68987E-1 3.76436E-1 3.08591E-1
6.05947E-1 5.6084E-1 6.18778E-1 5.46886E-1 2.75804E-1 2.37712E-1 7.08741E-1 7.31681E-1 7.40662E-1 4.27285E-1 4.77698E-1 7.87646E-1 7.18289E-1 5.89701E-1 7.16306E-1 7.09828E-1 3.43505E-1 7.6491E-1 4.40854E-1 4.38198E-1 3.40719E-1 4.90315E-1 6.27837E-1 5.66583E-1 5.71553E-1 4.75464E-1 4.71044E-1 3.87877E-1 6.36386E-1 5.15302E-1 4.7264E-1 4.848E-1 5.03963E-1 6.15884E-1 1.55691E-1 1.54326E-1 3.01467E-1 2.75031E-1 2.8531E-1 2.97867E-1 3.66167E-1 3.53171E-1 3.24747E-1 4.0463E-1 3.90916E-1 1.84243E-1 3.66454E-1 3.02471E-1 2.47363E-1 2.1726E-1 2.06786E-1 2.34187E-1 2.15279E-1 2.26403E-1 2.61016E-1 3.02055E-1 5.01042E-1 4.27292E-1 3.44753E-1 2.92776E-1
6.37955E-1 4.77737E-1 6.00432E-1 3.36466E-1 3.23428E-1 5.74337E-1 7.13111E-1 6.78376E-1 6.62724E-1 7.4139E-1 5.71418E-1 6.28121E-1 7.3392E-1 6.94995E-1 5.47564E-1 5.32834E-1 7.01936E-1 7.48911E-1 4.88471E-1 5.20241E-1 5.04679E-1 5.95321E-1 4.53873E-1 7.25165E-1 6.85948E-1 6.07333E-1 5.63019E-1 5.91145E-1 6.2067E-1 5.25205E-1 4.59273E-1 4.66105E-1 4.43858E-1 5.30791E-1 2.09581E-1 2.97415E-1 2.84126E-1 2.84334E-1 2.94817E-1 2.75698E-1 3.67605E-1 3.20088E-1 3.14469E-1 3.35054E-1 3.05312E-1 2.41792E-1 3.94374E-1 2.68487E-1 2.56373E-1 2.57492E-1 2.63134E-1 2.91897E-1 2.91879E-1 2.88089E-1 2.7029E-1 2.82235E-1 2.9386E-1 4.02944E-1 3.45934E-1 2.99773E-1
6.00969E-1 5.59345E-1 3.5311E-1 3.54715E-1 3.49745E-1 6.21802E-1 7.01435E-1 6.93761E-1 7.23743E-1 4.76282E-1 4.35059E-1 5.26963E-1 5.38144E-1 5.74396E-1 5.53921E-1 5.87862E-1 5.68359E-1 4.50724E-1 4.7679E-1 2.83069E-1 4.93916E-1 5.04344E-1 5.97671E-1 7.01785E-1 6.47075E-1 6.02838E-1 5.73373E-1 6.11513E-1 6.03507E-1 5.52688E-1 4.66823E-1 4.29562E-1 4.16113E-1 4.54281E-1 1.28687E-1 2.31843E-1 2.61555E-1 2.73289E-1 3.16177E-1 2.5202E-1 3.72903E-1 3.40472E-1 3.23131E-1 3.57418E-1 1.88418E-1 1.12573E-1 2.28679E-1 3.03076E-1 2.83195E-1 3.0412E-1 3.33732E-1 3.55519E-1 3.58874E-1 3.48621E-1 3.21239E-1 2.82803E-1 1.75623E-1 3.47072E-1 3.41291E-1 3.14954E-1
4.6567E-1 5.04016E-1 4.98849E-1 4.50427E-1 4.8478E-1 6.50238E-1 7.96143E-1 6.86168E-1 6.90975E-1 6.14418E-1 5.9963E-1 5.7776E-1 5.86121E-1 5.69488E-1 5.7392E-1 5.71913E-1 3.3896E-1 6.15175E-1 6.63319E-1 7.09673E-1 6.7326E-1 6.02619E-1 5.80921E-1 6.8028E-1 6.97376E-1 8.06521E-1 6.88729E-1 7.06026E-1 5.72349E-1 5.12049E-1 3.78717E-1 3.74383E-1 3.46258E-1 2.88644E-1 8.67495E-2 1.61638E-1 2.17667E-1 2.42375E-1 2.98984E-1 2.54254E-1 1.9812E-1 1.78083E-1 1.74792E-1 1.49472E-1 1.62206E-1 6.7366E-2 2.45257E-1 2.79182E-1 2.92992E-1 3.30255E-1 4.11431E-1 4.18128E-1 4.13235E-1 3.94703E-1 1.46253E-1 1.94764E-1 1.9056E-1 1.36767E-1 2.79523E-1 2.62852E-1
2.27153E-1 6.02527E-1 5.63925E-1 5.42111E-1 6.60675E-1 7.15586E-1 6.331E-1 8.18799E-1 8.10352E-1 7.72932E-1 7.98528E-1 7.28199E-1 5.1884E-1 4.77972E-1 4.59138E-1 4.97492E-1 6.93206E-1 7.64943E-1 7.35245E-1 7.03353E-1 6.13035E-1 6.07214E-1 5.71797E-1 6.94937E-1 7.53018E-1 5.28466E-1 4.66329E-1 4.9175E-1 5.14956E-1 5.4179E-1 3.59653E-1 3.45732E-1 3.1878E-1 3.30492E-1 2.01694E-1 1.59368E-1 1.60399E-1 1.8677E-1 2.17504E-1 2.73623E-1 1.01372E-1 1.85014E-1 1.69014E-1 2.26238E-1 1.60885E-1 1.82301E-1 2.3382E-1 2.49382E-1 3.75896E-1 3.81916E-1 4.51448E-1 5.01989E-1 5.28615E-1 2.8884E-1 3.19709E-1 1.10728E-1 1.10367E-1 1.42339E-1 8.80666E-2 2.99268E-1
7.06105E-1 6.78982E-1 7.36514E-1 6.95091E-1 6.96989E-1 7.44809E-1 7.45599E-1 7.79881E-1 6.19703E-1 6.137E-1 5.77381E-1 5.0814E-1 4.59273E-1 5.09751E-1 4.94711E-1 7.21913E-1 7.42041E-1 7.72827E-1 7.10595E-1 6.32538E-1 5.92331E-1 6.24135E-1 5.52512E-1 4.03236E-1 4.8545E-1 4.27163E-1 3.54691E-1 3.26818E-1 5.4785E-1 4.84691E-1 3.65234E-1 3.36104E-1 3.52911E-1 3.142E-1 1.97098E-1 1.61608E-1 1.66096E-1 1.70657E-1 1.83274E-1 1.68053E-1 1.52877E-1 2.11592E-1 6.79736E-2 1.89467E-1 2.09982E-1 2.46231E-1 2.57802E-1 3.06074E-1 4.13552E-1 4.39827E-1 2.50658E-1 3.02215E-1 3.35045E-1 4.06701E-1 3.06554E-1 1.64165E-1 1.79597E-1 1.6754E-1 1.77757E-1 8.63728E-2
5.44096E-1 5.47248E-1 6.16248E-1 6.34539E-1 5.7013E-1 4.79259E-1 6.01662E-1 5.40184E-1 4.77137E-1 4.30277E-1 4.22155E-1 3.81525E-1 3.61733E-1 6.3859E-1 7.20906E-1 6.96919E-1 7.6799E-1 7.74011E-1 7.4519E-1 6.445E-1 5.86566E-1 6.14875E-1 7.21825E-1 6.03954E-1 4.86035E-1 4.0959E-1 4.44388E-1 4.81282E-1 4.98403E-1 4.49679E-1 3.61127E-1 3.86179E-1 4.02667E-1 2.6928E-1 2.12183E-1 1.38923E-1 1.42445E-1 1.43051E-1 1.56185E-1 1.37493E-1 1.28615E-1 1.60154E-1 1.27538E-1 2.51597E-1 2.2307E-1 2.50314E-1 2.78664E-1 3.3659E-1 4.64411E-1 4.69259E-1 3.21305E-1 3.42593E-1 1.63632E-1 4.61525E-1 3.67801E-1 1.7708E-1 1.04283E-1 1.59408E-1 1.54789E-1 2.14355E-1
4.63814E-1 5.20754E-1 5.0289E-1 7.76627E-1 5.42925E-1 5.09732E-1 5.13795E-1 4.69134E-1 4.88209E-1 4.54304E-1 4.29064E-1 4.14806E-1 6.63032E-1 6.17227E-1 6.62556E-1 5.21385E-1 7.40553E-1 7.56335E-1 7.7461E-1 7.26543E-1 6.89756E-1 5.33425E-1 5.50225E-1 3.35501E-1 3.12167E-1 2.9858E-1 4.92868E-1 5.00321E-1 5.44726E-1 4.32619E-1 2.47912E-1 2.57253E-1 2.50495E-1 3.37217E-1 2.10348E-1 1.40729E-1 1.22397E-1 1.16615E-1 1.38838E-1 1.11978E-1 9.52552E-2 1.24872E-1 2.40116E-1 2.35622E-1 2.18545E-1 2.47093E-1 3.01736E-1 3.90421E-1 4.99758E-1 4.44228E-1 3.16542E-1 3.17391E-1 9.82582E-2 3.85187E-1 2.13363E-1 9.44325E-2 5.61385E-2 1.53873E-1 1.21561E-1 1.53005E-1
4.91134E-1 5.23049E-1 3.39193E-1 5.67877E-1 4.58106E-1 5.02003E-1 5.22848E-1 4.49947E-1 4.37127E-1 3.51247E-1 2.17245E-1 4.45283E-1 4.39178E-1 5.29916E-1 6.10892E-1 6.11431E-1 6.33079E-1 6.36623E-1 6.21483E-1 5.72962E-1 2.34364E-1 2.98154E-1 1.87459E-1 1.51631E-1 1.98092E-1 3.32163E-1 3.62026E-1 4.32069E-1 4.66333E-1 3.77727E-1 2.60557E-1 2.13333E-1 2.17973E-1 2.86245E-1 2.065E-1 1.3392E-1 1.10066E-1 9.90309E-2 1.28972E-1 1.24401E-1 1.94846E-1 2.17493E-1 4.28247E-1 3.52931E-1 3.45627E-1 3.13855E-1 4.16327E-1 5.89162E-1 5.18921E-1 4.57285E-1 3.24185E-1 3.63566E-1 1.82959E-1 3.42702E-1 2.13341E-1 1.37245E-1 8.97784E-2 1.7138E-1 1.4725E-1 1.49749E-1
4.49061E-1 2.63479E-1 4.5953E-1 3.91473E-1 3.94078E-1 4.42154E-1 5.51118E-1 5.93182E-1 5.68434E-1 4.6243E-1 4.33235E-1 4.47761E-1 4.80971E-1 5.36312E-1 6.43365E-1 6.58812E-1 6.67549E-1 6.40178E-1 6.30404E-1 6.35935E-1 5.30891E-1 3.6134E-1 2.96763E-1 2.99659E-1 2.55968E-1 3.13207E-1 4.25267E-1 5.08526E-1 5.53188E-1 4.39386E-1 3.38406E-1 2.86837E-1 2.11684E-1 1.95223E-1 3.09467E-1 9.2887E-2 1.82563E-1 1.0933E-1 1.54247E-1 1.66188E-1 2.32062E-1 2.5779E-1 2.83544E-1 3.70802E-1 2.823E-1 3.69365E-1 5.52095E-1 6.3223E-1 4.82059E-1 4.11716E-1 3.01779E-1 3.53935E-1 4.69948E-1 3.56454E-1 3.16138E-1 2.08729E-1 2.00675E-1 1.59402E-1 1.43928E-1 1.33781E-1
6.76311E-1 6.37531E-1 5.85862E-1 5.26956E-1 4.97281E-1 5.88007E-1 6.65477E-1 6.84411E-1 6.47545E-1 6.20669E-1 5.38106E-1 5.42445E-1 5.72448E-1 5.87224E-1 6.72006E-1 6.73588E-1 6.93595E-1 6.51575E-1 6.27857E-1 5.82721E-1 5.9236E-1 4.14099E-1 3.77608E-1 4.07178E-1 4.43425E-1 3.94299E-1 4.45637E-1 5.91313E-1 6.39965E-1 5.19734E-1 4.25616E-1 3.45747E-1 2.61255E-1 2.11342E-1 1.85007E-1 1.80135E-1 1.89926E-1 2.43557E-1 1.55031E-1 2.20862E-1 2.57041E-1 2.88722E-1 3.01612E-1 4.22685E-1 2.92468E-1 4.80256E-1 6.32472E-1 6.46001E-1 4.92567E-1 4.56724E-1 3.12557E-1 4.13963E-1 5.80002E-1 4.13578E-1 3.78125E-1 2.70732E-1 2.23756E-1 1.77661E-1 1.46117E-1 1.35228E-1
7.4049E-1 7.2703E-1 7.00857E-1 6.60398E-1 6.31692E-1 6.58297E-1 6.57026E-1 6.28337E-1 6.23956E-1 6.4325E-1 5.6053E-1 5.8156E-1 6.14331E-1 6.1245E-1 6.11728E-1 6.57086E-1 6.68792E-1 6.2475E-1 6.18983E-1 2.69312E-1 4.57618E-1 4.33304E-1 3.76468E-1 4.553E-1 4.84701E-1 4.49588E-1 4.51271E-1 5.79103E-1 7.04018E-1 6.45198E-1 4.9957E-1 3.83833E-1 3.07461E-1 2.58279E-1 2.2975E-1 1.7185E-1 1.86957E-1 1.74387E-1 1.09464E-1 2.56913E-1 3.22397E-1 3.1297E-1 3.325E-1 3.79727E-1 2.81568E-1 5.98337E-1 6.60467E-1 6.1141E-1 5.21275E-1 4.91349E-1 3.55394E-1 5.54425E-1 5.69511E-1 4.33521E-1 3.86822E-1 2.73692E-1 2.35206E-1 1.94611E-1 1.65068E-1 1.26786E-1
7.17313E-1 7.44554E-1 6.97885E-1 6.44142E-1 5.95568E-1 6.57471E-1 6.64553E-1 6.27217E-1 6.64853E-1 6.79778E-1 5.94309E-1 6.28261E-1 6.33525E-1 6.45569E-1 6.82805E-1 6.50082E-1 6.60797E-1 6.17791E-1 6.03952E-1 3.41161E-1 4.83399E-1 3.86694E-1 3.51227E-1 4.56047E-1 5.21383E-1 4.9874E-1 5.01148E-1 5.33022E-1 7.03098E-1 6.89563E-1 6.21872E-1 4.13272E-1 3.52527E-1 3.07969E-1 2.67627E-1 1.97776E-1 1.99728E-1 1.86814E-1 1.91536E-1 2.44673E-1 4.38223E-1 3.4075E-1 3.41602E-1 3.89086E-1 3.94147E-1 5.44267E-1 6.16919E-1 5.21065E-1 2.75247E-1 5.00225E-1 4.64022E-1 3.07057E-1 2.64779E-1 4.32844E-1 3.98685E-1 2.75308E-1 2.48648E-1 2.21097E-1 1.94122E-1 1.51121E-1
5.71425E-1 6.42671E-1 5.77174E-1 5.33578E-1 5.03483E-1 5.4872E-1 5.91413E-1 5.55943E-1 5.86155E-1 6.06385E-1 5.20466E-1 5.58691E-1 5.61642E-1 5.6009E-1 5.81887E-1 5.71815E-1 5.88769E-1 5.45885E-1 5.26058E-1 3.50417E-1 3.79266E-1 3.27185E-1 3.8853E-1 4.39095E-1 5.20595E-1 4.76592E-1 4.92346E-1 5.11842E-1 5.63619E-1 6.92828E-1 6.51645E-1 5.46273E-1 4.65985E-1 3.9932E-1 3.38684E-1 1.61283E-1 1.62912E-1 1.60247E-1 1.90389E-1 8.73216E-2 1.87662E-1 2.09003E-1 1.51792E-1 1.68241E-1 2.0147E-1 2.26766E-1 4.3273E-1 4.51377E-1 4.34821E-1 4.98327E-1 6.06153E-1 3.70025E-1 3.27115E-1 4.98488E-1 4.94484E-1 4.20526E-1 3.91002E-1 3.57236E-1 3.1164E-1 2.21125E-1
5.36995E-1 6.74608E-1 6.12249E-1 5.42893E-1 5.52436E-1 6.19655E-1 6.1094E-1 5.95979E-1 6.05931E-1 6.46286E-1 5.30317E-1 5.59905E-1 5.3737E-1 5.33863E-1 5.48862E-1 5.48774E-1 5.68157E-1 5.26799E-1 5.4674E-1 4.09581E-1 3.96037E-1 3.6015E-1 4.15516E-1 4.80335E-1 5.10274E-1 4.99439E-1 5.19734E-1 5.29044E-1 5.3718E-1 5.78778E-1 6.7073E-1 3.30512E-1 3.22771E-1 4.22065E-1 1.68039E-1 1.51662E-1 2.17154E-1 1.84658E-1 1.53496E-1 1.64049E-1 1.05162E-1 1.85391E-1 1.46681E-1 1.79524E-1 2.0784E-1 4.39003E-1 4.46604E-1 4.35613E-1 4.20901E-1 4.31984E-1 5.78801E-1 4.60851E-1 5.4571E-1 5.54439E-1 5.97111E-1 2.51046E-1 1.03526E-1 2.5148E-1 1.89545E-1 4.9812E-2
7.67674E-1 4.69207E-1 6.31767E-1 5.73846E-1 5.82062E-1 6.5258E-1 6.33554E-1 6.30389E-1 6.35362E-1 6.20084E-1 5.23176E-1 5.23364E-1 4.75495E-1 4.86015E-1 4.95818E-1 4.97853E-1 5.11145E-1 4.50464E-1 4.21742E-1 4.5723E-1 3.76668E-1 3.82763E-1 4.17445E-1 4.88588E-1 4.46195E-1 4.94818E-1 5.44354E-1 5.48935E-1 5.39329E-1 4.63013E-1 4.92314E-1 4.57536E-1 4.79419E-1 4.89328E-1 3.80329E-1 2.08753E-1 1.80886E-1 1.61491E-1 1.4784E-1 1.35379E-1 1.22075E-1 1.33691E-1 1.92076E-1 7.85568E-2 4.62109E-2 2.32042E-1 3.39481E-1 4.15248E-1 4.1976E-1 4.24881E-1 3.66815E-1 3.5153E-1 4.33898E-1 4.23477E-1 4.84329E-1 2.50454E-1 1.84831E-1 1.58088E-1 1.16758E-1 1.05469E-1
5.32061E-1 6.70128E-1 6.13606E-1 4.50461E-1 6.64614E-1 6.66903E-1 4.42785E-1 4.64708E-1 6.03756E-1 5.897E-1 3.97079E-1 3.85915E-1 4.11358E-1 4.4937E-1 4.79899E-1 4.08265E-1 5.39598E-1 3.82874E-1 2.79003E-1 2.53349E-1 9.06612E-2 4.03786E-1 4.79454E-1 4.64225E-1 3.9966E-1 5.33215E-1 5.55439E-1 5.42494E-1 6.3028E-1 4.94226E-1 4.01132E-1 2.96561E-1 4.35655E-1 4.34511E-1 3.91167E-1 2.03639E-1 1.67371E-1 1.64127E-1 1.46246E-1 1.4761E-1 1.34762E-1 1.26622E-1 1.19133E-1 9.74127E-2 1.08381E-1 2.79322E-1 5.07058E-1 4.25786E-1 4.45964E-1 4.44723E-1 4.27984E-1 2.56291E-1 1.77967E-1 1.62143E-1 2.11139E-1 1.33281E-1 2.01482E-1 1.72614E-1 1.57066E-1 1.00336E-1
5.63598E-1 5.79592E-1 5.75027E-1 6.34572E-1 3.61075E-1 7.57973E-1 4.14716E-1 2.18402E-1 1.69858E-1 1.97233E-1 1.55173E-1 3.52628E-1 3.39484E-1 2.05503E-1 4.5746E-1 3.47485E-1 5.25182E-1 3.83613E-1 2.87244E-1 2.2195E-1 1.97631E-1 4.18939E-1 3.9521E-1 3.27273E-1 3.95426E-1 5.79446E-1 4.97775E-1 5.9844E-1 5.4684E-1 4.92969E-1 3.04868E-1 4.78643E-1 4.35387E-1 4.49593E-1 3.72026E-1 1.82803E-1 1.68623E-1 1.67014E-1 1.51053E-1 1.60888E-1 1.40346E-1 1.38508E-1 1.24512E-1 1.12769E-1 1.24974E-1 2.59986E-1 2.93972E-1 3.04655E-1 3.06135E-1 4.56472E-1 3.46776E-1 2.6044E-1 1.77552E-1 1.42385E-1 1.26662E-1 1.68944E-1 2.49371E-1 2.00837E-1 1.82621E-1 1.19947E-1
4.1551E-1 4.61589E-1 4.42497E-1 4.41566E-1 3.64179E-1 4.24537E-1 3.03987E-1 2.32026E-1 1.48771E-1 1.41734E-1 1.87902E-1 2.31063E-1 2.49785E-1 3.07737E-1 3.65758E-1 1.99299E-1 3.09353E-1 3.0709E-1 1.84584E-1 1.5507E-1 1.47626E-1 1.15437E-1 2.81753E-1 3.23648E-1 3.63669E-1 5.22714E-1 5.60119E-1 5.84071E-1 4.70371E-1 4.73321E-1 4.3006E-1 4.06742E-1 4.3241E-1 2.7351E-1 4.22327E-1 2.80858E-1 2.48953E-1 2.28332E-1 2.24052E-1 2.4338E-1 3.01103E-1 2.90532E-1 2.73617E-1 2.53997E-1 2.35876E-1 1.90689E-1 2.23078E-1 3.78343E-1 5.65859E-1 3.31199E-1 2.26864E-1 1.6125E-1 1.1506E-1 9.36271E-2 8.0985E-2 3.41048E-1 1.99246E-1 1.42092E-1 1.56061E-1 2.01826E-1
3.08088E-1 5.05337E-1 4.71647E-1 4.4874E-1 3.57078E-1 4.42585E-1 3.19734E-1 2.34575E-1 2.27331E-1 2.03402E-1 2.17924E-1 2.25666E-1 1.95186E-1 2.0373E-1 3.70975E-1 3.24001E-1 2.05764E-1 1.61355E-1 1.83544E-1 1.94442E-1 1.72191E-1 1.51281E-1 2.89419E-1 3.22542E-1 3.3617E-1 5.33926E-1 5.54034E-1 4.35251E-1 4.42716E-1 4.34085E-1 4.11698E-1 4.31517E-1 4.57944E-1 4.7649E-1 2.81639E-1 3.46098E-1 3.21443E-1 3.11469E-1 2.99398E-1 3.15993E-1 3.76161E-1 3.78739E-1 1.59251E-1 2.84788E-1 2.25587E-1 2.16851E-1 3.08406E-1 4.65494E-1 3.95339E-1 2.72905E-1 2.48041E-1 2.50573E-1 1.47357E-1 9.82746E-2 1.2131E-1 2.78401E-1 3.66739E-1 1.60871E-1 1.55353E-1 1.74989E-1
4.58622E-1 4.5703E-1 4.44747E-1 4.63291E-1 2.18798E-1 3.94996E-1 2.55897E-1 2.37644E-1 2.29201E-1 1.87376E-1 2.15933E-1 2.19724E-1 1.93727E-1 1.92337E-1 1.92423E-1 3.12649E-1 1.32396E-1 8.6344E-2 2.21268E-1 2.24358E-1 2.14045E-1 2.09164E-1 2.6392E-1 3.46556E-1 3.58801E-1 5.76849E-1 5.88745E-1 4.68442E-1 4.172E-1 4.0331E-1 4.41228E-1 4.63237E-1 4.58857E-1 4.46325E-1 5.16944E-1 2.63276E-1 4.0961E-1 3.96862E-1 3.75679E-1 4.0019E-1 5.21143E-1 3.9006E-1 4.18198E-1 2.9002E-1 2.21182E-1 2.20343E-1 2.87417E-1 3.27626E-1 1.00745E-1 2.71677E-1 2.90251E-1 2.087E-1 3.30746E-1 3.06248E-1 2.09314E-1 2.97986E-1 4.32759E-1 1.90175E-1 1.70989E-1 1.95416E-1
4.64341E-1 4.67442E-1 4.2137E-1 4.84213E-1 3.09732E-1 3.42631E-1 2.71954E-1 2.39044E-1 2.08298E-1 1.90497E-1 2.07603E-1 2.04534E-1 1.8283E-1 1.82349E-1 2.04427E-1 2.64734E-1 1.36601E-1 1.14584E-1 2.70488E-1 2.46657E-1 2.73635E-1 1.88946E-1 3.36298E-1 3.92345E-1 4.08607E-1 6.3166E-1 6.19726E-1 4.95435E-1 4.35789E-1 4.24706E-1 4.35789E-1 4.35731E-1 4.60359E-1 4.2323E-1 4.47829E-1 4.1319E-1 2.81429E-1 2.67713E-1 2.45524E-1 2.75027E-1 3.66466E-1 5.29752E-1 2.38884E-1 1.58738E-1 2.53676E-1 2.34082E-1 2.88703E-1 3.37088E-1 4.72005E-1 3.55417E-1 3.80982E-1 2.25482E-1 3.8085E-1 3.23887E-1 3.45788E-1 3.91923E-1 2.13923E-1 3.78466E-1 3.1351E-1 2.72578E-1
4.53898E-1 5.45292E-1 4.87531E-1 4.35836E-1 1.39157E-1 2.79125E-1 2.65048E-1 2.16208E-1 2.18745E-1 1.965E-1 1.81307E-1 1.90335E-1 1.85438E-1 1.81639E-1 1.79849E-1 8.45541E-2 1.84076E-1 2.15367E-1 2.80011E-1 2.66582E-1 3.09044E-1 1.63854E-1 3.83798E-1 4.58167E-1 4.96555E-1 6.73405E-1 6.67449E-1 5.24291E-1 4.91903E-1 5.16398E-1 4.90472E-1 4.60388E-1 3.76829E-1 3.93192E-1 4.08368E-1 3.4445E-1 3.30809E-1 3.16789E-1 2.89515E-1 3.02211E-1 3.40305E-1 1.85259E-1 2.71515E-1 3.81901E-1 2.99206E-1 2.73607E-1 3.3127E-1 1.36642E-1 5.60783E-1 3.92686E-1 4.20239E-1 3.9542E-1 3.88107E-1 3.34675E-1 3.78538E-1 4.41159E-1 4.39885E-1 1.88313E-1 4.04204E-1 3.7287E-1
