Phytophthora/models/20240429_1812_56/Phytophthora_PA1_RUN8_MAXENT_outputs/Phytophthora_PA1_RUN8.asc
ncols         225
nrows         269
xllcorner     473000.0
yllcorner     4429100.0
cellsize      50.0
NODATA_value  -9999
[rows 216 to 242 of 269, columns 120 to 179 of 225]
3.60128E-1 3.09844E-1 2.66171E-1 2.24708E-1 2.28562E-1 2.52481E-1 2.08989E-1 1.61167E-1 1.23388E-1 8.39735E-2 8.19068E-2 7.53923E-2 9.38862E-2 5.64739E-2 6.39705E-2 1.9082E-1 3.81586E-1 3.4274E-1 3.48474E-1 3.5904E-1 4.60309E-1 5.47826E-1 3.10253E-1 5.51735E-1 5.76593E-1 3.62262E-1 3.77461E-1 3.45608E-1 2.64735E-1 2.1077E-1 2.43328E-1 2.33797E-1 4.46448E-1 3.78175E-1 5.88129E-1 3.62329E-1 5.54245E-1 4.48222E-1 4.03315E-1 3.58307E-1 2.60456E-1 3.20917E-1 3.46575E-1 3.32805E-1 3.92162E-1 3.54065E-1 2.71974E-1 2.91643E-1 2.82438E-1 2.56398E-1 1.89556E-1 1.09519E-1 9.80727E-2 7.70486E-2 1.05762E-1 1.17073E-1 1.47351E-1 1.19846E-1 1.16144E-1 1.10829E-1
3.01506E-1 2.41097E-1 2.28357E-1 2.57393E-1 2.45123E-1 2.6415E-1 2.31283E-1 1.81116E-1 1.42202E-1 1.06102E-1 1.13232E-1 9.93833E-2 8.21992E-2 1.30987E-1 6.90652E-2 1.68959E-1 2.4469E-1 2.66063E-1 3.26501E-1 3.28787E-1 3.48413E-1 4.49805E-1 1.84026E-1 5.68272E-1 5.51322E-1 3.87906E-1 2.1773E-1 3.50659E-1 2.14991E-1 2.11025E-1 2.50579E-1 3.02343E-1 3.93678E-1 4.63951E-1 4.42179E-1 5.66932E-1 4.4885E-1 3.48949E-1 3.87074E-1 3.66935E-1 3.09408E-1 4.0077E-1 3.02448E-1 3.96066E-1 4.05426E-1 3.49241E-1 2.99526E-1 2.50418E-1 2.85733E-1 2.70464E-1 1.59746E-1 1.05122E-1 1.04883E-1 9.1057E-2 5.27594E-2 1.60388E-1 1.12327E-1 1.45675E-1 1.58748E-1 2.12837E-1
4.9107E-1 3.77439E-1 3.30749E-1 3.31406E-1 2.91168E-1 3.03168E-1 2.69792E-1 2.0091E-1 1.59279E-1 1.3486E-1 1.46986E-1 1.38404E-1 1.26435E-1 1.38856E-1 1.56497E-1 1.81888E-1 2.08354E-1 2.4816E-1 2.95636E-1 3.01814E-1 3.21143E-1 3.21424E-1 4.94265E-1 5.69579E-1 4.99193E-1 3.76714E-1 4.07819E-1 2.89999E-1 2.33174E-1 2.01598E-1 2.74272E-1 4.41338E-1 2.98028E-1 5.64493E-1 5.46246E-1 5.0461E-1 4.26278E-1 4.30733E-1 4.22081E-1 3.62951E-1 2.83949E-1 3.60824E-1 4.0428E-1 2.43704E-1 3.86103E-1 2.77042E-1 3.17294E-1 2.12181E-1 2.49397E-1 2.21143E-1 1.31996E-1 9.85971E-2 1.05529E-1 4.72901E-2 1.16237E-1 9.91775E-2 1.30869E-1 1.14955E-1 2.3967E-1 2.97953E-1
4.12993E-1 4.07303E-1 3.99319E-1 3.38929E-1 3.11637E-1 3.0214E-1 2.62008E-1 2.00159E-1 1.77395E-1 1.49208E-1 1.57545E-1 1.6805E-1 1.71858E-1 1.94268E-1 1.95932E-1 2.30603E-1 2.91872E-1 3.02515E-1 2.97903E-1 2.84456E-1 2.91101E-1 3.19871E-1 4.89973E-1 4.95582E-1 4.15139E-1 3.60013E-1 3.59188E-1 2.66258E-1 1.13545E-1 1.78476E-1 3.05064E-1 4.37638E-1 3.72586E-1 5.26997E-1 4.59818E-1 4.82765E-1 4.88754E-1 5.06599E-1 4.8525E-1 4.1535E-1 2.70098E-1 2.93481E-1 3.45191E-1 4.93257E-1 5.02456E-1 3.30443E-1 3.09695E-1 1.85848E-1 1.92863E-1 1.52819E-1 1.01358E-1 6.37577E-2 1.02436E-1 6.03094E-2 8.38433E-2 1.11032E-1 1.21411E-1 3.03796E-1 3.04714E-1 4.23256E-1
3.2856E-1 3.34594E-1 3.28894E-1 3.10821E-1 3.41083E-1 3.35985E-1 2.85681E-1 2.3072E-1 1.9945E-1 1.66101E-1 1.91696E-1 2.14991E-1 2.16059E-1 2.37003E-1 2.51387E-1 3.07422E-1 3.72592E-1 3.50663E-1 3.18832E-1 3.22097E-1 3.31835E-1 4.40285E-1 4.902E-1 4.09992E-1 4.11011E-1 3.40371E-1 3.74491E-1 2.27381E-1 2.07882E-1 1.72123E-1 2.73946E-1 3.51747E-1 4.46678E-1 4.68698E-1 4.27039E-1 5.25074E-1 5.51763E-1 5.72387E-1 5.46627E-1 4.83545E-1 2.96566E-1 3.15665E-1 3.58028E-1 4.24276E-1 4.59458E-1 3.12139E-1 2.61354E-1 1.76457E-1 1.12025E-1 1.22197E-1 4.28724E-2 1.21189E-1 5.42487E-2 4.57198E-2 7.78475E-2 1.4473E-1 1.31167E-1 2.15635E-1 2.00726E-1 3.64024E-1
1.28569E-1 2.66317E-1 2.62355E-1 3.07927E-1 3.12218E-1 3.42324E-1 2.95928E-1 2.28737E-1 1.96328E-1 1.87895E-1 3.14826E-1 3.50089E-1 3.36143E-1 3.57006E-1 3.61837E-1 3.85703E-1 3.91263E-1 3.41298E-1 3.31266E-1 3.59124E-1 4.55992E-1 5.24301E-1 5.5345E-1 4.53905E-1 4.95175E-1 4.79498E-1 4.67918E-1 2.69068E-1 2.67452E-1 2.84177E-1 3.49914E-1 2.34771E-1 3.88468E-1 3.03723E-1 2.98131E-1 3.35346E-1 3.68232E-1 3.90067E-1 3.70982E-1 3.15615E-1 3.41848E-1 3.319E-1 3.38106E-1 3.96165E-1 3.8923E-1 2.26322E-1 1.92123E-1 9.72279E-2 1.70838E-1 1.13326E-1 5.79289E-2 5.81294E-2 9.51579E-2 1.03286E-1 1.03892E-1 1.85976E-1 2.49825E-1 2.92705E-1 2.75466E-1 4.15471E-1
3.50896E-1 3.52936E-1 3.63385E-1 3.54315E-1 3.49226E-1 3.85726E-1 3.38851E-1 2.55793E-1 2.07518E-1 2.14983E-1 3.68761E-1 4.30386E-1 3.91104E-1 4.13396E-1 4.23608E-1 4.51479E-1 4.13749E-1 3.6494E-1 3.85998E-1 3.87883E-1 6.08922E-1 5.82823E-1 5.8123E-1 5.62517E-1 6.69052E-1 5.21589E-1 3.67749E-1 2.40948E-1 2.8021E-1 3.00283E-1 2.75487E-1 2.27836E-1 3.79682E-1 2.70035E-1 3.41749E-1 3.35128E-1 3.45512E-1 3.69886E-1 3.5379E-1 3.09551E-1 3.54073E-1 3.03939E-1 2.9988E-1 2.80382E-1 2.4903E-1 1.42338E-1 1.17276E-1 1.09255E-1 3.50523E-2 1.20642E-1 1.51028E-1 1.35765E-1 1.53716E-1 1.91746E-1 1.72979E-1 2.33868E-1 3.38336E-1 3.83546E-1 3.794E-1 4.05685E-1
3.28071E-1 3.35122E-1 3.91388E-1 4.04489E-1 3.94919E-1 4.69321E-1 3.66691E-1 2.50537E-1 2.33592E-1 2.39589E-1 3.74919E-1 5.47765E-1 4.27266E-1 4.70222E-1 4.7582E-1 4.84067E-1 4.3278E-1 4.08626E-1 4.55596E-1 4.64351E-1 6.83617E-1 6.57306E-1 6.59376E-1 7.05695E-1 7.04762E-1 4.31691E-1 3.69919E-1 3.1003E-1 2.85565E-1 2.72396E-1 2.02272E-1 2.45172E-1 3.3153E-1 2.93223E-1 2.96026E-1 2.86824E-1 2.96793E-1 3.29136E-1 3.39176E-1 2.46036E-1 3.90474E-1 3.48992E-1 3.19226E-1 2.66624E-1 2.43387E-1 1.63539E-1 1.31551E-1 9.75582E-2 9.79237E-2 1.11547E-1 2.07922E-1 2.42685E-1 2.60784E-1 2.42914E-1 2.49039E-1 4.27088E-1 3.89579E-1 3.26967E-1 2.97873E-1 3.22003E-1
4.01664E-1 4.14697E-1 4.95882E-1 4.7201E-1 4.85968E-1 5.06741E-1 3.48812E-1 2.5402E-1 2.44291E-1 2.70504E-1 4.00908E-1 5.45249E-1 5.43978E-1 5.31651E-1 5.06986E-1 5.16552E-1 5.46687E-1 4.84465E-1 5.40282E-1 5.6402E-1 7.10692E-1 7.21527E-1 7.47939E-1 6.20033E-1 6.63111E-1 4.46566E-1 3.91023E-1 3.51503E-1 2.79219E-1 2.37413E-1 1.58475E-1 2.44421E-1 2.71943E-1 2.17006E-1 2.3984E-1 2.46434E-1 2.84268E-1 3.18382E-1 3.46602E-1 3.45482E-1 2.14323E-1 3.82394E-1 3.57669E-1 3.60981E-1 3.20795E-1 2.24374E-1 1.92143E-1 1.27891E-1 1.07518E-1 2.11153E-1 1.68784E-1 1.85797E-1 1.76307E-1 1.64745E-1 1.74665E-1 2.2926E-1 2.89758E-1 2.9135E-1 2.76885E-1 2.84483E-1
5.11567E-1 5.57556E-1 5.9229E-1 3.5593E-1 5.78399E-1 4.77418E-1 3.6339E-1 2.78509E-1 2.21275E-1 2.70023E-1 4.57737E-1 5.76795E-1 6.32804E-1 6.10251E-1 5.6648E-1 5.40609E-1 6.29755E-1 5.73759E-1 4.35056E-1 6.71737E-1 6.68452E-1 7.21744E-1 6.90681E-1 6.64067E-1 6.21046E-1 4.37907E-1 4.01881E-1 3.32409E-1 2.68935E-1 3.59107E-1 1.29599E-1 2.47611E-1 2.13643E-1 1.90163E-1 2.38713E-1 2.54957E-1 2.86996E-1 3.61686E-1 3.7631E-1 3.60866E-1 3.99344E-1 4.13759E-1 3.97859E-1 4.06211E-1 4.15096E-1 2.82783E-1 2.73397E-1 1.7399E-1 7.15801E-2 1.21629E-1 1.37907E-1 1.86115E-1 1.92737E-1 1.93066E-1 1.90976E-1 2.21845E-1 2.53046E-1 2.92051E-1 3.08482E-1 1.82407E-1
6.64969E-1 6.75932E-1 5.25427E-1 5.7868E-1 4.40328E-1 2.76806E-1 2.88426E-1 2.3301E-1 1.74785E-1 2.04792E-1 3.46826E-1 4.93278E-1 5.58316E-1 5.99861E-1 5.42996E-1 4.06108E-1 5.56665E-1 6.80739E-1 6.50712E-1 5.4132E-1 6.25223E-1 6.19533E-1 5.30009E-1 6.06014E-1 5.6877E-1 4.80256E-1 4.46467E-1 3.95276E-1 3.91719E-1 3.84955E-1 9.49408E-2 1.90832E-1 1.95681E-1 1.81777E-1 2.25795E-1 2.45173E-1 3.05443E-1 3.36015E-1 3.15504E-1 3.11238E-1 3.36088E-1 3.82285E-1 4.05459E-1 3.93708E-1 3.97977E-1 4.09624E-1 4.00911E-1 3.5735E-1 8.65238E-2 1.29203E-1 9.82144E-2 1.13665E-1 1.24012E-1 1.66944E-1 2.08478E-1 2.9465E-1 3.17501E-1 3.48038E-1 3.36017E-1 3.48539E-1
4.01818E-1 5.60971E-1 5.28702E-1 3.86849E-1 3.11722E-1 1.42575E-1 2.46498E-1 1.4479E-1 1.79553E-1 2.57334E-1 3.39253E-1 5.04702E-1 5.64501E-1 6.23047E-1 5.45384E-1 5.94807E-1 6.16465E-1 6.43723E-1 6.5219E-1 4.78867E-1 6.63842E-1 6.1288E-1 4.31287E-1 5.90264E-1 5.40999E-1 4.69231E-1 4.32247E-1 3.91289E-1 4.50659E-1 3.08517E-1 9.24483E-2 2.07464E-1 1.7041E-1 2.02448E-1 2.41328E-1 2.92549E-1 3.11262E-1 3.07665E-1 2.90983E-1 2.60359E-1 3.42823E-1 3.77681E-1 4.09655E-1 4.07554E-1 3.50695E-1 2.709E-1 3.3734E-1 3.57867E-1 2.16787E-1 1.36922E-1 1.18535E-1 1.34028E-1 1.82793E-1 2.00544E-1 2.46895E-1 3.55752E-1 3.60489E-1 3.73499E-1 3.57987E-1 3.09667E-1
4.82261E-1 4.51656E-1 4.12629E-1 3.59433E-1 3.03014E-1 1.53529E-1 2.15602E-1 1.28386E-1 1.24702E-1 1.96155E-1 3.84772E-1 4.89176E-1 5.38039E-1 5.98255E-1 4.86275E-1 5.30946E-1 5.45787E-1 5.9222E-1 5.17131E-1 5.07697E-1 6.94506E-1 6.3869E-1 4.46392E-1 5.85733E-1 5.38158E-1 5.11806E-1 4.88161E-1 4.51541E-1 4.3649E-1 1.93669E-1 1.24477E-1 1.89849E-1 2.14139E-1 2.81427E-1 3.24604E-1 3.64324E-1 3.30381E-1 2.892E-1 2.87375E-1 3.27832E-1 3.48065E-1 3.75802E-1 4.24256E-1 4.17572E-1 3.79248E-1 2.52471E-1 2.55398E-1 3.4485E-1 3.21297E-1 2.42875E-1 2.12422E-1 2.30774E-1 2.82107E-1 2.49659E-1 2.992E-1 3.92633E-1 3.83338E-1 2.48679E-1 4.15083E-1 4.12777E-1
3.38335E-1 4.57657E-1 2.45088E-1 2.9377E-1 2.85368E-1 2.11246E-1 1.7338E-1 1.30434E-1 1.27867E-1 1.73267E-1 3.31443E-1 4.62264E-1 4.99166E-1 5.68179E-1 4.3506E-1 3.9658E-1 4.35516E-1 4.67916E-1 6.485E-1 6.41111E-1 6.35504E-1 5.081E-1 6.73189E-1 5.94132E-1 6.56813E-1 6.34686E-1 5.38449E-1 4.45992E-1 4.29656E-1 1.20188E-1 1.96121E-1 2.29043E-1 2.2731E-1 3.40145E-1 3.44655E-1 3.43832E-1 3.20307E-1 3.14908E-1 2.65291E-1 3.23798E-1 3.82645E-1 3.61156E-1 3.92584E-1 3.95151E-1 3.92516E-1 3.32996E-1 3.14623E-1 2.21614E-1 3.20163E-1 2.62394E-1 2.49372E-1 3.34529E-1 3.91638E-1 3.49115E-1 3.22572E-1 4.0866E-1 4.10301E-1 4.81282E-1 4.5127E-1 3.96527E-1
3.37725E-1 4.33605E-1 1.43637E-1 2.01504E-1 2.61762E-1 1.98031E-1 1.49939E-1 1.26133E-1 1.21167E-1 1.71834E-1 2.66288E-1 4.094E-1 4.61507E-1 4.76214E-1 3.26336E-1 3.66644E-1 4.16996E-1 5.05337E-1 5.8252E-1 5.89002E-1 7.07939E-1 7.06508E-1 6.98435E-1 6.67963E-1 6.4317E-1 4.41314E-1 5.09162E-1 4.30988E-1 2.47496E-1 1.80957E-1 2.33923E-1 2.32768E-1 2.83817E-1 3.21122E-1 3.00254E-1 3.24548E-1 3.26954E-1 1.71143E-1 3.62938E-1 3.5653E-1 4.32734E-1 3.89538E-1 3.93844E-1 3.91559E-1 4.46219E-1 4.29837E-1 4.44476E-1 1.58532E-1 2.93629E-1 1.9427E-1 1.37914E-1 1.72532E-1 1.678E-1 1.76831E-1 3.09975E-1 4.21248E-1 3.95326E-1 4.8391E-1 4.28587E-1 3.74354E-1
1.62485E-1 8.60855E-2 9.70179E-2 1.35412E-1 1.47954E-1 1.89616E-1 1.37266E-1 1.20825E-1 1.28594E-1 1.59444E-1 2.50862E-1 2.78084E-1 3.6372E-1 3.07081E-1 2.79836E-1 3.4794E-1 3.60263E-1 4.6696E-1 5.11032E-1 5.68344E-1 5.99904E-1 6.00508E-1 5.83133E-1 5.50139E-1 3.798E-1 2.26588E-1 2.25128E-1 3.11526E-1 6.78451E-2 1.95579E-1 2.21044E-1 2.26418E-1 2.26579E-1 2.16051E-1 2.46154E-1 3.1505E-1 3.35175E-1 3.39255E-1 3.8646E-1 3.86339E-1 2.80415E-1 1.52823E-1 2.72538E-1 2.80038E-1 2.91924E-1 1.72645E-1 1.41014E-1 4.74219E-2 1.30796E-1 1.01655E-1 1.50692E-1 1.84667E-1 1.94651E-1 3.16728E-1 4.26924E-1 4.4142E-1 5.661E-1 5.66953E-1 5.39275E-1 4.6136E-1
1.11449E-1 9.51099E-2 1.08386E-1 1.13339E-1 1.06738E-1 1.76452E-1 1.41633E-1 1.40142E-1 1.50789E-1 1.6127E-1 2.54382E-1 2.54957E-1 3.91434E-1 2.92768E-1 2.923E-1 3.71737E-1 3.62961E-1 4.38042E-1 5.52693E-1 5.06512E-1 5.29097E-1 5.72016E-1 4.27573E-1 3.59117E-1 3.05191E-1 2.4329E-1 3.62828E-1 1.2398E-1 1.19362E-1 2.3897E-1 2.22074E-1 2.01546E-1 2.02035E-1 2.28638E-1 2.4719E-1 3.17848E-1 3.48333E-1 4.53247E-1 4.3685E-1 3.4562E-1 2.92817E-1 2.58262E-1 2.75839E-1 3.2311E-1 2.07458E-1 1.89787E-1 1.41001E-1 1.64614E-1 9.77025E-2 8.78641E-2 1.77807E-1 1.93202E-1 2.45935E-1 3.95564E-1 3.17739E-1 6.30451E-1 5.92168E-1 5.4234E-1 5.07244E-1 4.66153E-1
1.98085E-1 1.86852E-1 1.56092E-1 1.18872E-1 1.0554E-1 1.31941E-1 1.2966E-1 1.45401E-1 1.70582E-1 2.51124E-1 2.34978E-1 2.59432E-1 3.61986E-1 2.79654E-1 2.82322E-1 3.36004E-1 3.60146E-1 3.78023E-1 4.38782E-1 3.39534E-1 5.47676E-1 4.01177E-1 3.62084E-1 3.44652E-1 3.34347E-1 3.80529E-1 2.49564E-1 9.84092E-2 1.97058E-1 2.10679E-1 2.13734E-1 1.85476E-1 1.85719E-1 2.25147E-1 2.54836E-1 3.30797E-1 3.71253E-1 5.43685E-1 3.70143E-1 2.39808E-1 2.25975E-1 2.14997E-1 2.80382E-1 3.10466E-1 3.39725E-1 2.30248E-1 2.41141E-1 1.47402E-1 9.61031E-2 9.25326E-2 2.4877E-1 2.85274E-1 3.19089E-1 3.4327E-1 6.47622E-1 6.47654E-1 5.94305E-1 5.25034E-1 4.57227E-1 4.50446E-1
1.48442E-1 1.65907E-1 1.64174E-1 1.52924E-1 1.54817E-1 2.21213E-1 1.64901E-1 1.64578E-1 1.82318E-1 2.70018E-1 2.1806E-1 2.60089E-1 3.39526E-1 2.77319E-1 2.77991E-1 3.51987E-1 3.77825E-1 3.66219E-1 4.04279E-1 2.43335E-1 4.88251E-1 5.16537E-1 4.40984E-1 3.62176E-1 2.76811E-1 1.8025E-1 1.38919E-1 1.12818E-1 2.32812E-1 2.61942E-1 2.27757E-1 1.72933E-1 2.00561E-1 2.61162E-1 2.92362E-1 3.97322E-1 5.29772E-1 5.67568E-1 3.27925E-1 2.70377E-1 2.14837E-1 2.45504E-1 1.63024E-1 3.15341E-1 7.38024E-2 1.53897E-1 7.94622E-2 8.27439E-2 9.83389E-2 1.31436E-1 3.13594E-1 3.5406E-1 2.82848E-1 2.93093E-1 4.69527E-1 6.80032E-1 6.25819E-1 5.39811E-1 4.9396E-1 4.47797E-1
1.25239E-1 1.9818E-1 2.08196E-1 1.93122E-1 2.01568E-1 2.43968E-1 2.08266E-1 1.96841E-1 1.9323E-1 2.50468E-1 2.75241E-1 3.49991E-1 2.42245E-1 2.39603E-1 2.41529E-1 3.65128E-1 2.98161E-1 3.19809E-1 3.54257E-1 1.42818E-1 4.89267E-1 4.57833E-1 4.03267E-1 3.40814E-1 2.71476E-1 2.4245E-1 2.59174E-1 2.68202E-1 2.80005E-1 2.38427E-1 1.67786E-1 1.57938E-1 1.82456E-1 2.35034E-1 2.76753E-1 4.61566E-1 5.1934E-1 2.81599E-1 3.34624E-1 2.57012E-1 2.43491E-1 2.52345E-1 1.47687E-1 2.91377E-1 9.4467E-2 1.65673E-1 1.38792E-1 8.93191E-2 7.63427E-2 7.87687E-2 1.85194E-1 1.87694E-1 2.67263E-1 2.99346E-1 4.0742E-1 6.47086E-1 5.99971E-1 4.96124E-1 4.55564E-1 4.1732E-1
2.55289E-1 3.71081E-1 3.7173E-1 3.20057E-1 3.09304E-1 2.46817E-1 2.34903E-1 2.37537E-1 2.16823E-1 2.77709E-1 3.61117E-1 4.31466E-1 3.65569E-1 2.90067E-1 2.76607E-1 3.49387E-1 3.18119E-1 3.23051E-1 3.69277E-1 3.82234E-1 4.62407E-1 4.58211E-1 4.40292E-1 4.45439E-1 4.60574E-1 3.39556E-1 3.56576E-1 3.2872E-1 3.36469E-1 2.19609E-1 1.49911E-1 1.64459E-1 1.48688E-1 2.0372E-1 2.88907E-1 4.18441E-1 4.70366E-1 3.69606E-1 3.27625E-1 2.90992E-1 3.40513E-1 3.86677E-1 3.64689E-1 3.46447E-1 1.55143E-1 9.48008E-2 1.10977E-1 8.62376E-2 7.57473E-2 8.24005E-2 2.87665E-1 4.10494E-1 4.65718E-1 4.76128E-1 4.81994E-1 6.76981E-1 6.75502E-1 5.93095E-1 5.16763E-1 4.80695E-1
3.47243E-1 3.82408E-1 4.18137E-1 3.8092E-1 3.57626E-1 2.80871E-1 2.81572E-1 2.97899E-1 2.84209E-1 3.4365E-1 4.13208E-1 4.65406E-1 4.10626E-1 3.074E-1 2.58701E-1 3.04526E-1 2.86719E-1 3.0845E-1 3.34108E-1 3.11308E-1 5.52471E-1 5.24156E-1 5.42577E-1 4.34072E-1 4.43828E-1 3.69584E-1 3.97986E-1 3.61693E-1 4.00701E-1 2.79525E-1 2.13661E-1 1.78767E-1 1.63268E-1 3.06184E-1 3.55095E-1 4.32569E-1 3.09539E-1 3.07421E-1 1.3123E-1 1.95818E-1 3.66227E-1 3.86398E-1 3.43441E-1 3.50742E-1 3.73051E-1 2.19117E-1 1.48982E-1 1.19759E-1 8.8757E-2 1.30081E-1 4.51923E-1 5.02693E-1 4.93792E-1 5.17717E-1 4.79266E-1 7.40526E-1 6.87645E-1 6.02561E-1 5.3913E-1 4.99273E-1
3.87961E-1 4.43614E-1 4.39602E-1 2.52682E-1 2.03068E-1 1.80858E-1 2.85659E-1 3.17382E-1 3.46189E-1 4.28235E-1 4.32665E-1 5.2717E-1 4.3924E-1 3.5391E-1 2.9698E-1 3.14989E-1 2.62378E-1 2.8561E-1 3.39154E-1 2.45905E-1 4.91048E-1 5.46183E-1 4.29466E-1 4.44818E-1 5.35623E-1 4.06778E-1 4.10638E-1 4.22678E-1 4.63436E-1 3.27808E-1 2.26601E-1 1.84483E-1 2.40366E-1 3.32027E-1 3.93877E-1 4.45436E-1 2.9766E-1 3.0708E-1 2.85032E-1 3.23061E-1 3.95383E-1 4.09346E-1 3.70992E-1 3.51755E-1 3.09694E-1 1.04617E-1 9.90715E-2 9.69397E-2 9.56248E-2 1.83445E-1 5.52043E-1 6.23859E-1 6.72861E-1 6.62844E-1 7.14264E-1 7.76047E-1 7.29059E-1 6.69442E-1 6.11235E-1 5.02147E-1
5.6403E-1 5.40005E-1 3.82942E-1 3.45929E-1 3.66797E-1 2.74498E-1 2.9908E-1 2.85515E-1 3.30572E-1 4.98744E-1 4.37059E-1 5.81199E-1 4.73013E-1 3.86075E-1 3.42084E-1 3.57584E-1 3.2614E-1 2.99663E-1 3.22128E-1 2.71061E-1 4.47321E-1 4.37133E-1 4.0728E-1 4.49428E-1 5.41765E-1 4.35796E-1 4.22113E-1 4.80406E-1 5.43673E-1 3.76979E-1 2.46454E-1 2.21562E-1 3.47668E-1 3.53937E-1 4.36754E-1 2.76602E-1 3.03566E-1 1.92099E-1 2.77592E-1 3.21578E-1 4.12736E-1 3.90429E-1 3.70754E-1 3.24778E-1 1.32597E-1 7.70685E-2 7.92834E-2 1.10358E-1 1.3697E-1 2.53887E-1 6.84281E-1 7.13498E-1 6.23251E-1 6.75672E-1 6.68884E-1 7.4426E-1 7.18387E-1 6.68699E-1 6.12904E-1 4.81202E-1
3.72824E-1 2.64854E-1 2.1956E-1 2.69302E-1 3.01185E-1 2.5524E-1 2.97905E-1 3.79812E-1 3.66054E-1 4.76115E-1 3.45822E-1 5.883E-1 4.70928E-1 4.13399E-1 3.63041E-1 3.75939E-1 3.48468E-1 3.24452E-1 3.26622E-1 2.51294E-1 4.37766E-1 4.00225E-1 4.46153E-1 4.7414E-1 5.50499E-1 4.40811E-1 4.25732E-1 5.4338E-1 4.7046E-1 3.69388E-1 2.41996E-1 2.87066E-1 1.60524E-1 4.06419E-1 2.94715E-1 3.14912E-1 3.04583E-1 2.82637E-1 2.5018E-1 2.85164E-1 3.84339E-1 3.71287E-1 3.34889E-1 2.03198E-1 2.2916E-1 1.13043E-1 1.14876E-1 1.5761E-1 1.86433E-1 2.89781E-1 6.55777E-1 6.5554E-1 4.79435E-1 7.0936E-1 3.08778E-1 6.7032E-1 7.12671E-1 6.55482E-1 6.09357E-1 5.1725E-1
2.83534E-1 2.81613E-1 2.90477E-1 4.27244E-1 4.36296E-1 3.8876E-1 3.68601E-1 4.86196E-1 5.72891E-1 5.13498E-1 6.83999E-1 7.44143E-1 6.97573E-1 6.24229E-1 5.12991E-1 4.42596E-1 4.34339E-1 4.0582E-1 4.60404E-1 3.58291E-1 2.48053E-1 2.48247E-1 2.98255E-1 3.88529E-1 3.86193E-1 3.94098E-1 4.73409E-1 4.80404E-1 4.06294E-1 3.29115E-1 2.54134E-1 4.6197E-1 3.66181E-1 3.59362E-1 3.25549E-1 3.40657E-1 3.66214E-1 2.74777E-1 2.74369E-1 2.62881E-1 2.71408E-1 2.64457E-1 2.64901E-1 1.13502E-1 2.58845E-1 1.91776E-1 2.11309E-1 2.64077E-1 3.10337E-1 3.43116E-1 2.63003E-1 3.01434E-1 1.58804E-1 1.88913E-1 2.22538E-1 5.17376E-1 6.83731E-1 6.61114E-1 6.24541E-1 6.36815E-1
2.51723E-1 3.31132E-1 4.27153E-1 4.69275E-1 4.63539E-1 3.68323E-1 4.11733E-1 4.38121E-1 5.50833E-1 4.424E-1 7.07878E-1 6.95526E-1 6.42471E-1 5.77842E-1 5.00162E-1 4.1793E-1 3.97063E-1 3.8414E-1 3.91218E-1 3.92994E-1 1.14885E-1 2.63717E-1 3.2044E-1 3.28939E-1 3.15626E-1 4.06238E-1 4.51221E-1 3.58391E-1 3.97275E-1 4.09387E-1 3.2858E-1 4.32628E-1 3.54762E-1 4.46511E-1 3.49329E-1 3.3E-1 3.57347E-1 3.42716E-1 2.62952E-1 2.32835E-1 1.88368E-1 2.12632E-1 2.08459E-1 1.18368E-1 2.79792E-1 1.43302E-1 2.13187E-1 2.89095E-1 2.63699E-1 2.65413E-1 2.83468E-1 1.48098E-1 2.47759E-1 1.8566E-1 2.47067E-1 6.19577E-1 6.18738E-1 6.56687E-1 6.16556E-1 6.35288E-1
