Phytophthora/models/20240430_1155_37/Phytophthora_PA3_RUN3_MAXENT_outputs/Phytophthora_PA3_RUN3.asc
ncols         225
nrows         269
xllcorner     473000.0
yllcorner     4429100.0
cellsize      50.0
NODATA_value  -9999
[rows 27 to 53 of 269, columns 0 to 59 of 225]
-9999 -9999 -9999 -9999 -9999 -9999 -9999 -9999 -9999 -9999 -9999 -9999 -9999 -9999 -9999 -9999 -9999 -9999 -9999 -9999 -9999 -9999 -9999 -9999 -9999 -9999 -9999 -9999 -9999 -9999 -9999 -9999 -9999 -9999 -9999 -9999 -9999 -9999 3.25959E-3 3.52106E-3 3.39001E-3 1.98099E-3 7.48282E-3 8.83096E-3 1.21485E-2 1.14936E-2 1.26448E-2 8.67616E-3 7.55095E-3 1.28629E-2 3.27913E-3 1.10085E-2 6.12593E-3 3.94268E-3 4.49092E-3 2.36528E-3 2.02826E-3 1.64462E-3 1.38826E-3 1.26355E-3
-9999 -9999 -9999 -9999 -9999 -9999 -9999 -9999 -9999 -9999 -9999 -9999 -9999 -9999 -9999 -9999 -9999 -9999 -9999 -9999 -9999 -9999 -9999 -9999 -9999 -9999 -9999 -9999 -9999 -9999 -9999 -9999 -9999 -9999 -9999 -9999 -9999 -9999 7.92408E-3 2.85089E-3 1.06845E-3 2.03543E-3 5.88892E-3 1.01411E-2 1.21522E-2 1.15543E-2 9.64894E-4 1.2094E-2 9.96055E-3 7.47385E-3 8.60291E-3 5.80496E-3 3.51141E-3 2.05784E-3 1.84508E-3 1.34985E-3 1.39304E-3 1.32999E-3 1.59425E-3 1.63371E-3
-9999 -9999 -9999 -9999 -9999 -9999 -9999 -9999 -9999 -9999 -9999 -9999 -9999 -9999 -9999 -9999 -9999 -9999 -9999 -9999 -9999 -9999 -9999 -9999 -9999 -9999 -9999 -9999 -9999 -9999 -9999 -9999 -9999 -9999 -9999 -9999 -9999 -9999 6.08992E-3 6.0947E-3 4.51442E-3 3.9587E-3 6.82869E-3 6.03249E-3 5.76478E-3 1.18514E-3 1.12901E-2 4.92117E-3 5.67483E-3 4.5128E-4 7.16337E-3 4.8083E-3 3.07566E-3 2.30195E-3 2.11301E-3 1.64905E-3 4.26778E-3 3.12082E-3 1.84823E-3 3.8749E-3
-9999 -9999 -9999 -9999 -9999 -9999 -9999 -9999 -9999 -9999 -9999 -9999 -9999 -9999 -9999 -9999 -9999 -9999 -9999 -9999 -9999 -9999 -9999 -9999 -9999 -9999 -9999 -9999 -9999 -9999 -9999 -9999 -9999 -9999 -9999 -9999 4.52939E-3 3.42155E-3 4.90333E-3 4.60947E-3 3.27035E-3 8.37239E-3 3.45421E-3 9.80341E-3 1.19242E-2 1.09924E-2 5.21567E-3 5.50733E-3 4.73748E-3 3.93451E-3 4.04514E-3 2.81474E-3 1.94866E-3 2.03028E-3 2.49675E-3 2.29271E-3 7.44056E-4 3.32339E-3 3.34024E-3 2.66644E-3
-9999 -9999 -9999 -9999 -9999 -9999 -9999 -9999 -9999 -9999 -9999 -9999 -9999 -9999 -9999 -9999 -9999 -9999 -9999 -9999 -9999 -9999 -9999 -9999 -9999 -9999 -9999 -9999 -9999 -9999 -9999 -9999 -9999 -9999 -9999 4.09659E-3 5.12513E-3 7.74226E-3 1.49151E-2 1.42391E-2 1.33635E-3 5.11028E-3 1.43387E-2 1.25008E-2 9.43903E-3 1.17538E-2 7.32352E-3 7.49157E-3 5.61554E-3 4.77224E-3 3.22214E-3 2.288E-3 1.89297E-3 2.9681E-3 4.62102E-3 1.13184E-2 9.18081E-4 7.62579E-3 5.49217E-3 6.88803E-3
-9999 -9999 -9999 -9999 -9999 -9999 -9999 -9999 -9999 -9999 -9999 -9999 -9999 -9999 -9999 -9999 -9999 -9999 -9999 -9999 -9999 -9999 -9999 -9999 -9999 -9999 -9999 -9999 -9999 -9999 -9999 -9999 -9999 -9999 5.92779E-3 7.51233E-3 1.06558E-2 1.66182E-2 7.5093E-3 1.81127E-2 1.6222E-2 1.60646E-2 1.28236E-2 7.15123E-3 4.93173E-3 8.13777E-3 8.43865E-3 1.48729E-3 7.58864E-3 5.5407E-3 4.14837E-3 3.19588E-3 3.35879E-3 3.41779E-3 4.51666E-3 8.86675E-3 8.19681E-3 8.50725E-3 7.47204E-3 9.58911E-3
-9999 -9999 -9999 -9999 -9999 -9999 -9999 -9999 -9999 -9999 -9999 -9999 -9999 -9999 -9999 -9999 -9999 -9999 -9999 -9999 -9999 -9999 -9999 -9999 -9999 -9999 -9999 -9999 -9999 -9999 -9999 -9999 5.25925E-3 5.54705E-3 5.24831E-3 7.85201E-3 1.75594E-2 2.18874E-2 2.36404E-3 2.93056E-2 1.02848E-2 7.80831E-3 3.89007E-3 3.07895E-3 2.73383E-3 4.70827E-3 5.093E-3 5.34434E-3 5.58906E-3 1.95907E-3 6.25582E-3 6.46069E-3 4.39661E-3 3.08686E-3 3.78647E-3 7.64292E-3 9.33446E-3 7.86992E-3 8.49414E-3 1.42197E-3
-9999 -9999 -9999 -9999 -9999 -9999 -9999 -9999 -9999 -9999 -9999 -9999 -9999 -9999 -9999 -9999 -9999 -9999 -9999 -9999 -9999 -9999 -9999 -9999 -9999 -9999 -9999 -9999 -9999 -9999 -9999 5.83445E-3 7.0733E-3 6.95256E-3 9.79988E-3 1.53987E-2 1.88146E-2 2.00314E-2 2.599E-2 3.41738E-2 1.20326E-2 4.743E-3 4.0627E-3 3.61283E-3 3.51217E-3 4.13054E-3 4.59874E-3 4.88007E-3 5.84734E-3 8.29938E-3 7.32467E-3 5.14432E-3 4.14483E-3 3.44865E-3 4.58792E-3 7.35106E-3 8.9801E-3 2.34816E-3 7.2392E-3 7.16309E-3
-9999 -9999 -9999 -9999 -9999 -9999 -9999 -9999 -9999 -9999 -9999 -9999 -9999 -9999 -9999 -9999 -9999 -9999 -9999 -9999 -9999 -9999 -9999 -9999 -9999 -9999 -9999 -9999 -9999 -9999 1.09001E-2 8.94207E-3 9.05865E-3 1.26464E-2 1.55006E-2 1.85349E-2 2.14184E-2 8.24378E-3 2.13707E-2 1.32158E-2 5.17727E-3 4.69261E-3 3.99629E-3 4.07791E-3 4.33976E-3 5.20203E-3 3.95324E-3 4.60431E-3 9.59449E-3 1.0657E-2 3.55543E-3 5.77037E-3 3.80992E-3 4.03387E-3 6.31428E-3 1.11238E-2 9.30009E-3 7.89481E-3 4.58936E-3 7.8943E-3
-9999 -9999 -9999 -9999 -9999 -9999 -9999 -9999 -9999 -9999 -9999 -9999 -9999 -9999 -9999 -9999 -9999 -9999 -9999 -9999 -9999 -9999 -9999 -9999 -9999 -9999 -9999 -9999 -9999 -9999 1.29332E-2 7.36554E-3 9.51514E-3 1.54963E-2 1.25101E-2 1.06764E-2 2.14333E-3 1.36164E-2 5.22856E-3 7.38624E-3 4.53026E-3 4.94963E-3 4.31402E-3 4.20267E-3 4.95379E-3 7.30436E-3 6.04704E-3 5.90425E-3 6.22886E-3 8.27134E-3 4.85453E-3 7.71888E-3 5.14177E-3 5.21237E-3 7.47107E-3 7.89234E-3 8.71702E-3 6.97606E-3 6.55802E-3 5.88345E-4
-9999 -9999 -9999 -9999 -9999 -9999 -9999 -9999 -9999 -9999 -9999 -9999 -9999 -9999 -9999 -9999 -9999 -9999 -9999 -9999 -9999 -9999 -9999 -9999 -9999 -9999 -9999 -9999 -9999 4.44175E-3 1.39581E-2 1.08217E-2 1.48151E-2 3.51267E-3 1.31085E-3 1.04317E-2 8.10458E-3 1.58158E-2 1.12731E-2 5.78372E-3 4.63266E-3 2.75474E-3 4.80583E-3 5.47151E-3 6.91042E-3 9.09791E-3 6.07606E-3 5.35372E-3 6.18195E-3 9.0445E-3 1.83238E-3 8.74754E-3 6.00024E-3 7.13439E-3 7.01252E-3 9.10429E-3 7.13844E-3 4.72886E-3 5.16655E-3 6.41723E-3
-9999 -9999 -9999 -9999 -9999 -9999 -9999 -9999 -9999 -9999 -9999 -9999 -9999 -9999 -9999 -9999 -9999 -9999 -9999 -9999 -9999 -9999 -9999 -9999 -9999 -9999 -9999 -9999 -9999 -9999 9.05707E-3 1.39779E-2 9.39554E-4 9.58923E-3 1.26493E-2 1.42148E-3 1.64239E-2 1.0586E-2 8.01091E-3 8.13189E-3 1.91395E-3 5.44795E-3 4.34648E-3 5.67199E-3 7.80289E-3 9.51902E-3 7.98425E-3 6.99984E-3 6.3154E-3 8.7346E-3 1.10787E-2 8.49015E-3 7.11632E-3 7.5805E-3 7.38575E-3 9.74569E-3 6.58444E-3 3.22787E-3 4.14501E-3 5.54214E-3
-9999 -9999 -9999 -9999 -9999 -9999 -9999 -9999 -9999 -9999 -9999 -9999 -9999 -9999 -9999 -9999 -9999 -9999 -9999 -9999 -9999 -9999 -9999 -9999 -9999 -9999 -9999 -9999 -9999 -9999 1.43817E-2 6.14027E-3 1.06228E-2 8.08433E-3 5.36792E-3 1.44664E-2 9.97276E-3 1.25124E-3 9.36501E-3 9.48831E-3 5.0556E-3 4.51121E-3 4.22351E-3 6.72911E-3 7.05629E-3 9.19764E-3 9.21126E-3 9.35001E-3 7.86216E-3 9.24432E-3 1.3311E-2 9.58043E-3 8.54358E-3 1.39736E-3 9.39646E-3 1.21215E-2 4.95381E-3 3.36447E-3 3.76108E-3 4.73741E-3
-9999 -9999 -9999 -9999 -9999 -9999 -9999 -9999 -9999 -9999 -9999 -9999 -9999 -9999 -9999 -9999 -9999 -9999 -9999 -9999 -9999 -9999 -9999 -9999 -9999 -9999 -9999 -9999 -9999 -9999 1.01602E-2 2.02528E-2 2.54975E-2 1.63131E-2 8.38257E-3 8.05019E-3 1.12652E-2 1.23207E-2 1.13791E-2 7.12805E-4 5.31257E-3 4.00207E-3 4.48603E-3 6.20965E-3 6.61998E-3 1.04514E-2 1.05073E-2 1.89237E-3 8.61064E-3 9.44714E-3 2.19177E-3 1.06689E-2 7.05471E-3 9.30969E-3 9.29093E-3 1.02922E-2 3.76007E-3 2.68271E-3 3.15414E-3 3.77554E-3
-9999 -9999 -9999 -9999 -9999 -9999 -9999 -9999 -9999 -9999 -9999 -9999 -9999 -9999 -9999 -9999 -9999 -9999 -9999 -9999 -9999 -9999 -9999 -9999 -9999 -9999 -9999 -9999 -9999 -9999 2.17385E-2 1.65065E-2 1.6893E-2 1.42715E-2 9.80332E-3 9.1479E-3 1.07844E-2 1.23794E-2 1.46144E-2 1.20318E-2 5.98604E-3 5.38442E-3 5.94999E-3 6.9572E-3 6.68505E-3 5.83981E-3 6.76638E-3 8.53118E-3 7.06301E-3 7.21997E-3 8.76984E-3 1.19883E-3 3.11392E-3 6.49018E-3 5.8697E-3 1.29574E-2 6.12329E-3 4.27971E-3 4.58088E-3 4.1092E-3
-9999 -9999 -9999 -9999 -9999 -9999 -9999 -9999 -9999 -9999 -9999 -9999 -9999 -9999 -9999 -9999 -9999 -9999 -9999 -9999 -9999 -9999 -9999 -9999 -9999 -9999 -9999 -9999 -9999 1.15362E-2 1.26604E-2 1.04584E-2 9.6457E-3 8.01196E-3 8.40931E-3 6.67503E-3 6.27367E-3 7.08317E-3 9.90938E-3 8.85896E-3 7.3582E-3 7.38263E-3 6.79696E-3 6.18584E-3 5.66258E-3 4.83867E-3 6.34958E-3 7.5457E-3 8.70833E-3 6.38125E-3 8.17896E-3 9.53742E-3 4.53564E-3 7.2578E-3 5.91332E-3 1.00973E-2 7.31023E-3 6.10187E-3 4.77041E-3 3.59227E-3
-9999 -9999 -9999 -9999 -9999 -9999 -9999 -9999 -9999 -9999 -9999 -9999 -9999 -9999 -9999 -9999 -9999 -9999 -9999 -9999 -9999 -9999 -9999 -9999 -9999 -9999 9.76449E-3 4.23756E-3 7.09068E-3 9.50175E-3 1.43228E-2 1.70515E-2 1.4956E-2 1.56737E-2 1.53611E-2 1.15244E-2 9.92965E-3 8.67327E-3 1.1801E-2 1.57934E-2 9.78803E-3 9.43269E-3 9.14222E-3 8.88296E-3 7.50724E-3 6.32816E-3 8.05545E-3 7.89455E-3 6.33987E-3 6.6746E-3 7.06105E-3 7.59089E-3 8.80414E-3 2.30676E-3 8.6931E-3 1.19852E-2 1.28643E-2 9.87211E-3 5.66308E-3 4.76887E-3
-9999 -9999 -9999 -9999 -9999 -9999 -9999 -9999 -9999 -9999 -9999 -9999 -9999 -9999 -9999 -9999 -9999 -9999 -9999 -9999 -9999 -9999 -9999 -9999 -9999 1.09293E-2 6.16118E-3 5.88172E-3 5.47494E-3 6.53596E-3 7.95115E-3 1.11138E-2 1.51544E-2 2.7578E-2 2.34858E-2 1.5039E-2 1.33699E-2 1.36175E-2 1.53767E-2 1.67364E-2 2.85094E-3 7.779E-3 1.39567E-3 9.99915E-4 2.52515E-3 5.30223E-3 4.37631E-3 2.14112E-3 1.03571E-3 8.27802E-3 8.94314E-3 5.73719E-3 6.78972E-3 5.20846E-3 8.08798E-3 3.24058E-3 2.85455E-3 1.12876E-2 7.39683E-3 6.97892E-3
-9999 -9999 -9999 -9999 -9999 -9999 -9999 -9999 -9999 -9999 -9999 -9999 -9999 -9999 -9999 -9999 -9999 -9999 -9999 -9999 -9999 -9999 -9999 -9999 7.13717E-3 7.92999E-3 9.69742E-3 8.34141E-3 7.22095E-3 8.04807E-3 1.12221E-2 1.16896E-2 1.54052E-2 2.50671E-2 2.95549E-2 2.04213E-2 1.66924E-2 1.80377E-2 2.12021E-2 2.12649E-2 8.22912E-3 7.49897E-3 9.85983E-3 9.72868E-3 7.38362E-3 5.47926E-4 1.19354E-3 1.00935E-2 8.37571E-3 1.70687E-3 9.73284E-3 5.62892E-3 4.6137E-3 5.17888E-3 8.386E-3 2.12985E-2 1.48248E-2 2.66677E-3 8.22359E-3 6.50644E-3
-9999 -9999 -9999 -9999 -9999 -9999 -9999 -9999 -9999 -9999 -9999 -9999 -9999 -9999 -9999 -9999 -9999 -9999 -9999 -9999 -9999 -9999 -9999 -9999 2.02498E-3 2.2115E-2 1.70659E-2 1.26272E-2 1.1626E-2 1.21826E-2 1.36561E-2 1.67643E-2 1.16722E-2 7.8783E-3 2.42031E-2 3.39736E-2 3.15097E-2 3.63535E-2 3.23268E-2 1.34573E-2 2.34787E-2 1.83751E-2 2.10228E-2 1.78619E-2 1.40156E-2 6.20686E-3 7.60836E-3 7.85317E-3 1.09502E-2 1.05902E-2 5.96056E-3 2.58434E-3 1.98099E-3 2.88424E-3 4.57246E-3 1.29228E-2 1.61676E-2 1.90257E-2 1.57844E-3 9.58949E-3
-9999 -9999 -9999 -9999 -9999 -9999 -9999 -9999 -9999 -9999 -9999 -9999 -9999 -9999 -9999 -9999 -9999 -9999 -9999 -9999 -9999 -9999 -9999 -9999 3.94204E-3 3.46284E-2 4.00193E-3 1.7712E-2 2.05566E-2 2.25587E-2 2.9625E-3 2.30061E-2 2.42466E-2 2.25602E-2 2.56551E-2 3.41095E-2 4.33721E-2 6.2131E-3 4.58731E-2 3.83412E-2 2.28323E-2 2.18909E-2 1.95734E-2 1.62008E-2 1.25969E-2 5.67829E-3 6.54777E-3 8.72325E-3 3.44323E-3 6.68717E-3 3.60585E-3 1.84321E-3 2.43406E-3 2.92345E-3 3.43517E-3 1.08759E-2 1.19134E-2 1.05471E-2 5.09103E-3 5.45096E-3
-9999 -9999 -9999 -9999 -9999 -9999 -9999 -9999 -9999 -9999 -9999 -9999 -9999 -9999 -9999 -9999 -9999 -9999 -9999 -9999 -9999 -9999 -9999 6.26852E-3 1.95865E-2 1.88404E-2 1.82219E-2 2.41552E-2 3.17571E-2 3.30028E-2 2.59993E-2 2.30894E-2 2.23763E-2 2.07947E-2 2.262E-2 3.6928E-2 4.37557E-2 4.48074E-2 3.49843E-2 3.25972E-2 1.87819E-2 2.37334E-2 1.63076E-2 1.32903E-2 1.0601E-2 5.65774E-3 8.08757E-3 8.67302E-3 1.51026E-3 1.5045E-3 2.01354E-3 3.31267E-3 4.23952E-3 4.08759E-3 4.04125E-3 8.52497E-3 7.4228E-3 8.0487E-3 3.66565E-3 6.00277E-3
-9999 -9999 -9999 -9999 -9999 -9999 -9999 -9999 -9999 -9999 -9999 -9999 -9999 -9999 -9999 -9999 -9999 -9999 -9999 -9999 -9999 -9999 -9999 4.7698E-3 9.00173E-3 1.21067E-2 1.43324E-2 2.27544E-2 2.64611E-2 2.20896E-2 2.08E-2 1.74826E-2 1.71715E-2 1.61739E-2 1.98614E-2 2.93421E-2 3.38136E-2 3.60199E-2 2.91787E-2 2.70415E-2 1.77034E-2 2.89587E-2 2.27271E-2 1.99145E-2 1.82038E-2 8.26421E-3 8.96675E-3 5.72423E-3 2.0904E-3 4.51443E-3 5.34025E-3 3.79403E-3 4.41644E-3 3.55311E-3 3.21449E-3 7.65571E-3 5.48978E-3 5.84962E-3 5.17755E-3 4.25184E-3
-9999 -9999 -9999 -9999 -9999 -9999 -9999 -9999 -9999 -9999 -9999 -9999 -9999 -9999 -9999 -9999 -9999 -9999 -9999 -9999 -9999 -9999 -9999 2.87378E-3 4.93743E-3 8.28041E-3 1.25249E-2 1.98914E-2 2.12672E-2 1.87577E-2 1.64553E-2 1.40659E-2 1.33757E-2 1.38099E-2 1.75464E-2 2.2955E-2 2.64265E-2 2.7719E-2 2.27445E-2 2.76776E-2 2.42015E-2 3.63283E-2 2.99284E-2 3.95494E-2 2.54828E-2 9.73849E-3 9.09957E-3 7.8491E-3 1.38316E-3 3.27583E-3 2.64464E-3 2.33717E-3 3.71264E-3 3.95707E-3 2.45035E-3 8.40787E-3 6.28633E-3 5.47481E-3 4.8262E-3 4.3141E-3
-9999 -9999 -9999 -9999 -9999 -9999 -9999 -9999 -9999 -9999 -9999 -9999 -9999 -9999 -9999 -9999 -9999 -9999 -9999 -9999 -9999 -9999 5.42129E-3 1.51809E-2 1.18863E-2 1.31221E-2 1.83131E-2 1.90879E-2 1.83031E-2 1.64133E-2 1.67847E-2 1.44001E-2 1.65202E-2 1.76074E-2 1.66156E-2 1.94469E-2 2.1093E-2 2.58868E-2 2.96055E-2 4.642E-2 6.3317E-2 8.44938E-2 9.00379E-2 7.32451E-2 5.05904E-2 1.12905E-2 1.20396E-2 8.27636E-3 6.76509E-3 5.90438E-3 6.60517E-3 6.29232E-3 7.26212E-3 7.1705E-3 1.50534E-3 1.2495E-2 7.55192E-3 5.01585E-3 3.29123E-3 3.53667E-3
-9999 -9999 -9999 -9999 -9999 -9999 -9999 -9999 -9999 -9999 -9999 -9999 -9999 -9999 -9999 -9999 -9999 -9999 -9999 -9999 -9999 -9999 5.86483E-3 8.97456E-3 1.33551E-2 1.63523E-2 1.76759E-2 1.56176E-2 1.61667E-2 1.50748E-2 1.50434E-2 1.49713E-2 2.03887E-2 1.65495E-2 1.52502E-2 1.68595E-2 2.25646E-2 3.40359E-2 3.53787E-2 5.56636E-2 8.05131E-2 4.78266E-2 3.56173E-2 5.92824E-2 4.39268E-2 1.56881E-2 1.49605E-2 1.57201E-2 1.07356E-2 2.213E-3 1.32386E-2 1.1261E-2 1.08236E-2 1.19181E-3 1.17923E-2 1.40759E-2 1.24917E-2 8.55291E-3 4.24588E-3 4.08433E-3
-9999 -9999 -9999 -9999 -9999 -9999 -9999 -9999 -9999 -9999 -9999 -9999 -9999 -9999 -9999 -9999 -9999 -9999 -9999 -9999 -9999 -9999 7.53638E-3 1.02811E-2 1.3892E-2 1.35522E-2 1.24549E-2 1.00792E-2 1.22145E-2 1.23042E-2 1.37344E-2 1.4338E-2 1.89816E-2 1.36192E-2 1.6354E-2 2.3064E-2 3.52788E-2 4.00071E-2 3.46146E-2 5.31071E-2 4.23262E-2 3.54008E-2 4.33443E-2 4.35234E-2 4.14809E-2 1.59399E-2 1.42212E-2 1.05629E-2 1.54569E-2 1.09825E-2 1.39592E-2 1.59275E-2 1.37867E-2 1.59985E-2 1.5835E-2 2.26475E-2 2.01054E-3 7.35722E-3 5.8803E-3 5.72223E-3
