Phytophthora/models/20240430_1155_37/Phytophthora_PA3_RUN3_MAXENT_outputs/Phytophthora_PA3_RUN3.asc
ncols         225
nrows         269
xllcorner     473000.0
yllcorner     4429100.0
cellsize      50.0
NODATA_value  -9999
[rows 108 to 134 of 269, columns 0 to 59 of 225]
-9999 -9999 -9999 -9999 -9999 -9999 -9999 -9999 -9999 -9999 -9999 1.15879E-1 1.20445E-1 1.48713E-1 1.40662E-1 1.08752E-1 8.98191E-2 6.18728E-2 5.38858E-2 6.56991E-2 1.17962E-1 1.81011E-1 6.89733E-2 8.98795E-2 1.55895E-1 1.86156E-1 1.6888E-1 1.45543E-1 1.2959E-1 1.1868E-1 8.62592E-2 6.57717E-2 5.44737E-2 5.41388E-2 5.90175E-2 4.29158E-2 5.91658E-2 6.23006E-2 1.22718E-2 5.63429E-2 4.21253E-2 3.72635E-2 3.77897E-2 4.62994E-2 6.08721E-2 6.12331E-2 4.24063E-2 3.76535E-2 3.8948E-2 6.99972E-2 5.37113E-2 4.76992E-2 4.27093E-2 4.23144E-2 4.00936E-2 4.02123E-2 3.74444E-2 5.93605E-2 7.85958E-2 8.82925E-2
-9999 -9999 -9999 -9999 -9999 -9999 -9999 -9999 -9999 -9999 9.20604E-2 1.1894E-1 9.17748E-2 1.58494E-1 1.41837E-1 8.25158E-2 6.17489E-2 4.74886E-2 6.03415E-2 7.82379E-2 1.42638E-1 1.42327E-1 9.68444E-3 2.23714E-1 1.48838E-1 1.56144E-1 1.34369E-1 1.30662E-1 1.29037E-1 8.93975E-2 5.72445E-2 5.81062E-2 6.86277E-2 7.10663E-2 7.45948E-2 5.62931E-2 7.22568E-2 6.11174E-2 9.41387E-3 9.91624E-3 4.05878E-2 3.66879E-2 4.47909E-2 4.92096E-2 8.1033E-2 1.1804E-1 9.68017E-2 5.22567E-2 2.15466E-2 9.13269E-2 5.83972E-2 6.04755E-2 8.94762E-2 5.31786E-2 3.60744E-2 4.11486E-2 4.05694E-2 8.84684E-2 8.40461E-2 7.40888E-2
-9999 -9999 -9999 -9999 -9999 -9999 -9999 -9999 -9999 -9999 1.04445E-1 1.34245E-1 1.67829E-1 2.16869E-1 1.51558E-1 8.01823E-2 5.24344E-2 5.56228E-2 7.09656E-2 9.29071E-2 2.04945E-1 6.48641E-3 1.43342E-1 1.54946E-1 1.42532E-1 1.61478E-1 1.50237E-1 1.30613E-1 1.03355E-1 7.22136E-2 6.66397E-2 7.5094E-2 8.94382E-2 9.36881E-2 9.5508E-2 7.75004E-2 7.60917E-2 7.04721E-2 5.8802E-2 6.44853E-2 8.1568E-3 4.07508E-2 3.99884E-3 9.62824E-3 6.09554E-2 1.40717E-1 1.20725E-1 7.90085E-2 5.81554E-2 1.04794E-1 4.34772E-2 7.44587E-2 1.0108E-1 6.71684E-2 4.27126E-2 5.81526E-2 8.62608E-2 7.98856E-2 6.38854E-2 6.09113E-2
-9999 -9999 -9999 -9999 -9999 -9999 -9999 -9999 -9999 4.58538E-1 4.85229E-1 5.34904E-1 2.0961E-1 5.36433E-1 4.05938E-1 2.23539E-1 1.94975E-1 2.28925E-1 2.68279E-1 2.73919E-1 9.90583E-2 4.95607E-2 2.34294E-1 1.87575E-1 1.65155E-1 1.41007E-1 1.19651E-1 1.149E-1 1.09542E-1 1.18741E-1 2.77906E-1 3.12863E-1 3.50812E-1 3.93672E-1 4.2571E-1 1.70453E-1 3.97737E-1 3.11397E-1 2.74298E-1 2.80852E-1 3.02285E-2 1.78025E-2 8.78425E-2 9.54873E-2 1.12088E-2 8.76276E-2 1.48778E-1 1.09515E-1 1.09104E-1 1.35842E-1 1.31201E-1 8.51697E-2 2.02039E-1 1.45555E-1 9.63966E-2 1.00239E-1 7.73123E-2 5.8241E-2 5.48209E-2 5.71713E-2
-9999 -9999 -9999 -9999 -9999 -9999 -9999 -9999 2.56268E-1 4.48479E-1 4.88299E-1 3.26663E-1 5.75272E-1 4.41267E-1 3.37957E-1 1.75145E-1 1.99139E-1 3.09801E-1 3.55243E-1 3.61347E-1 1.17166E-2 2.40679E-1 1.77827E-1 1.85576E-1 1.73848E-1 1.57935E-1 1.47051E-1 1.5041E-1 1.57281E-1 1.76122E-1 3.33282E-1 3.33533E-1 3.66794E-1 1.27448E-1 4.6204E-1 4.66705E-1 3.63275E-1 2.69076E-1 2.53958E-1 2.65916E-1 1.03174E-1 3.67977E-2 9.12414E-2 9.5492E-2 1.04796E-1 9.23593E-2 1.19264E-1 1.07716E-1 8.17319E-2 9.14279E-2 1.39971E-1 1.7551E-1 2.02019E-1 1.4224E-1 1.34897E-1 9.66077E-2 8.50424E-2 5.88389E-2 6.33145E-2 7.23787E-2
-9999 -9999 -9999 -9999 -9999 -9999 -9999 -9999 3.65711E-1 4.14271E-1 5.21724E-1 5.08033E-1 5.22667E-1 3.85465E-1 2.81756E-1 1.81741E-1 2.19527E-1 3.41054E-1 4.43149E-1 6.83418E-3 2.15944E-1 1.45716E-1 1.47179E-1 1.81356E-1 1.88029E-1 1.68185E-1 1.72072E-1 1.90019E-1 2.14174E-1 2.00469E-1 3.66752E-1 3.24648E-1 3.68156E-1 3.47142E-1 4.71434E-1 4.49211E-1 3.92798E-1 3.11243E-1 2.91604E-1 2.47418E-1 9.90821E-2 9.68789E-2 1.08016E-1 7.67574E-2 1.12189E-1 1.03318E-1 1.00409E-1 1.15363E-1 1.05319E-1 7.90809E-2 1.80867E-1 1.65246E-1 1.97201E-1 1.36139E-1 1.29136E-1 1.14121E-1 6.29963E-2 6.44038E-2 6.87945E-2 8.2072E-2
-9999 -9999 -9999 -9999 -9999 -9999 -9999 -9999 4.13941E-1 4.15595E-1 1.11876E-1 5.10061E-1 4.42206E-1 3.11292E-1 2.40811E-1 1.76906E-1 2.19223E-1 3.33451E-1 5.6852E-2 2.09203E-1 1.53716E-1 1.38351E-1 1.7336E-1 2.3733E-1 1.51046E-1 1.30948E-1 2.15934E-1 5.70681E-2 5.29898E-2 1.85563E-1 4.2894E-1 3.60451E-1 9.47909E-2 3.43861E-1 4.13027E-1 4.34534E-1 3.864E-1 3.3108E-1 3.34489E-1 3.07674E-1 1.17823E-1 9.41731E-2 1.00208E-1 1.11422E-1 1.28447E-1 4.7828E-2 1.04305E-1 1.11481E-1 1.25603E-1 3.23849E-2 1.69659E-1 2.03557E-1 1.33013E-1 1.41707E-1 1.2576E-1 1.10797E-1 7.7566E-2 6.88527E-2 7.25908E-2 8.46779E-2
-9999 -9999 -9999 -9999 -9999 -9999 -9999 3.04594E-1 4.09307E-1 4.24989E-1 5.16284E-1 4.5037E-1 3.70207E-1 2.6127E-1 2.1877E-1 1.98559E-1 2.28315E-1 8.82956E-2 6.24844E-2 2.41927E-1 1.23629E-1 1.57456E-1 2.07396E-1 2.34947E-2 1.96288E-1 1.82442E-1 2.29723E-1 1.89367E-1 1.88411E-1 1.92461E-1 3.97433E-1 3.63997E-1 3.35932E-1 3.54614E-1 4.04291E-1 4.28817E-1 4.10806E-1 3.62068E-1 2.00077E-1 9.12009E-2 3.75804E-2 1.09207E-1 1.20982E-1 1.19261E-1 1.19463E-1 9.83023E-2 1.08214E-1 9.77908E-2 1.3297E-1 5.87493E-2 1.60791E-1 1.48523E-1 4.30823E-2 1.67513E-1 1.65087E-1 1.07738E-1 8.0369E-2 7.8728E-2 8.67015E-2 1.00724E-1
-9999 -9999 -9999 -9999 -9999 -9999 1.98118E-1 2.11573E-1 2.50776E-1 8.72488E-2 4.45676E-1 3.6779E-1 3.02292E-1 2.06413E-1 1.92404E-1 2.73713E-1 2.64654E-1 3.11536E-1 3.20048E-1 3.47206E-1 2.29307E-1 2.71634E-1 2.03059E-1 2.81107E-1 2.23759E-1 2.35552E-1 2.49211E-1 2.21675E-1 2.14289E-1 2.01681E-1 2.78283E-1 2.32684E-1 2.17811E-1 2.9646E-1 2.57516E-1 3.33517E-1 2.89287E-1 2.5825E-1 2.6509E-1 3.55787E-1 4.41989E-1 3.88864E-1 3.61745E-1 3.79627E-1 3.96071E-1 4.01394E-1 3.71645E-1 3.9936E-1 3.89945E-1 2.90109E-1 3.89122E-1 2.81232E-1 3.49876E-1 4.76173E-1 4.33399E-1 3.79072E-1 3.1227E-1 2.633E-1 2.77928E-1 2.7647E-1
-9999 -9999 -9999 -9999 -9999 -9999 -9999 2.63927E-1 3.10431E-1 3.53093E-1 4.04269E-1 3.28332E-1 2.49394E-1 2.03327E-1 2.01796E-1 2.17659E-1 2.9138E-1 2.53117E-1 3.09575E-1 1.37282E-1 9.49944E-2 1.67212E-1 2.61304E-1 2.34186E-1 2.06653E-1 1.84371E-1 1.99042E-1 1.9758E-1 1.97534E-1 1.59487E-1 2.14017E-1 1.84603E-1 1.94451E-1 2.34185E-1 2.00398E-1 3.00509E-1 2.0268E-1 2.03858E-1 2.30175E-1 3.04581E-1 3.99186E-1 3.65977E-1 4.0431E-1 4.24086E-1 3.7598E-1 3.22476E-1 1.42392E-1 2.96604E-1 3.95961E-2 1.88165E-1 3.99974E-1 3.06151E-1 4.09833E-1 4.37536E-1 4.61136E-1 3.59305E-1 2.53997E-1 1.96298E-1 2.23496E-1 1.57706E-1
-9999 -9999 -9999 -9999 -9999 -9999 -9999 -9999 2.83648E-1 3.15271E-1 3.64091E-1 2.5687E-1 2.01872E-1 1.78934E-1 2.30724E-1 2.34085E-1 1.8964E-1 2.1812E-1 2.7635E-1 3.14945E-1 2.32341E-1 2.3595E-1 2.19546E-1 1.85081E-1 1.74787E-1 1.16952E-1 1.3647E-1 1.38948E-1 1.63035E-1 1.19929E-1 2.05774E-1 1.83918E-1 2.16335E-1 1.60835E-1 1.8773E-1 1.87171E-1 1.83862E-1 2.24174E-1 2.92939E-1 3.81472E-1 4.79923E-1 4.27563E-1 7.9699E-2 4.59004E-1 4.64879E-1 3.84088E-1 3.5282E-1 4.90753E-1 9.34388E-2 2.01029E-1 2.19089E-1 1.33886E-1 3.27106E-1 1.43781E-1 4.01417E-1 3.04167E-1 2.5627E-1 2.28439E-1 2.6624E-1 2.79502E-1
-9999 -9999 -9999 -9999 -9999 -9999 -9999 -9999 -9999 2.97668E-1 3.04121E-1 2.32921E-1 2.23521E-1 2.90088E-1 3.28807E-1 1.71577E-1 2.09758E-1 2.71416E-1 3.28083E-1 3.28869E-1 2.12707E-1 2.0868E-1 1.75164E-1 1.42847E-1 1.38245E-1 1.15853E-1 1.17189E-1 1.16457E-1 1.47628E-1 1.2895E-1 2.22885E-1 1.98215E-1 1.25366E-1 1.64438E-1 2.1718E-1 1.6814E-1 1.87678E-1 2.46564E-1 3.23909E-1 1.24247E-1 4.36862E-1 4.15734E-1 4.34859E-1 3.75946E-1 3.76327E-1 2.94274E-1 2.7235E-1 2.16573E-1 4.87163E-2 1.34587E-1 2.5065E-1 3.71776E-1 2.21083E-1 2.2721E-1 2.01837E-1 1.13815E-1 2.69292E-2 2.19182E-1 5.30461E-2 1.98183E-1
-9999 -9999 -9999 -9999 -9999 -9999 -9999 -9999 -9999 -9999 2.90395E-1 2.70303E-1 2.67444E-1 2.16837E-1 3.03317E-1 1.71533E-1 2.09353E-1 2.65185E-1 2.88931E-1 2.90323E-1 1.79744E-1 1.64828E-1 1.37168E-1 1.16774E-1 1.01591E-1 1.05003E-1 1.10583E-1 1.0782E-1 1.33631E-1 1.51561E-1 1.50547E-1 1.50026E-1 1.80409E-1 2.24279E-1 2.08261E-1 2.13804E-1 2.16143E-1 2.88004E-1 3.4011E-1 1.48036E-1 4.49107E-1 3.20739E-1 3.8711E-1 2.77726E-1 2.73143E-1 2.28206E-1 3.53532E-1 1.18871E-2 1.29716E-1 3.03206E-1 1.83948E-1 1.84252E-1 1.71774E-1 1.70852E-1 1.7062E-1 1.90636E-1 2.63097E-1 2.70372E-1 2.96023E-1 2.93499E-1
-9999 -9999 -9999 -9999 -9999 -9999 -9999 -9999 -9999 -9999 -9999 2.24711E-1 3.54923E-1 4.52666E-1 2.93381E-1 2.36137E-1 1.88268E-1 2.28015E-1 2.59828E-1 3.24437E-1 3.82063E-1 3.36309E-1 2.66264E-1 2.35164E-1 2.58851E-1 2.57331E-1 2.6702E-1 1.75214E-1 2.71584E-1 1.79362E-1 1.41658E-1 2.33326E-1 3.24549E-1 2.73598E-1 2.99145E-1 2.76191E-1 2.49532E-1 3.2805E-1 4.04133E-1 5.26663E-1 4.35648E-1 3.0198E-1 3.89537E-1 2.76751E-1 2.31648E-1 2.31939E-1 1.08699E-2 1.34134E-2 1.81322E-1 1.62487E-1 1.45604E-1 1.79509E-1 1.82374E-1 1.88313E-1 1.76885E-1 3.34464E-1 1.90174E-1 3.18079E-1 3.13911E-1 3.73984E-1
-9999 -9999 -9999 -9999 -9999 -9999 -9999 -9999 -9999 -9999 -9999 -9999 1.76888E-1 4.15606E-1 3.88233E-1 2.80795E-1 1.93141E-1 2.28639E-1 2.58748E-1 3.52778E-1 4.35241E-1 3.79301E-1 3.06446E-1 2.98701E-1 3.05781E-1 2.89835E-1 3.91626E-1 1.01433E-1 1.67699E-1 1.69674E-1 2.33155E-1 2.57539E-1 2.46825E-1 3.122E-1 3.26726E-1 3.37693E-1 2.951E-1 3.95481E-1 1.95325E-1 5.25705E-1 3.33314E-1 2.45345E-1 3.07805E-1 2.0998E-1 8.02959E-2 1.05926E-2 1.17881E-2 1.89059E-1 1.76853E-1 2.04436E-1 2.18423E-1 2.60522E-1 3.01347E-1 3.32793E-1 3.67745E-1 2.27467E-1 3.26566E-1 2.99305E-1 3.01425E-1 4.0089E-1
-9999 -9999 -9999 -9999 -9999 -9999 -9999 -9999 -9999 -9999 -9999 -9999 5.15677E-1 2.15364E-1 3.97013E-1 2.1766E-1 1.6031E-1 1.94319E-1 2.55017E-1 3.70207E-1 2.44868E-1 3.97774E-1 3.81761E-1 3.74808E-1 3.74139E-1 2.97273E-1 2.93377E-1 4.2018E-2 1.52371E-1 2.65749E-1 1.89718E-1 1.81641E-1 2.33778E-1 2.94834E-1 3.50797E-1 1.09594E-1 3.66041E-1 4.98752E-1 4.06775E-1 4.28325E-1 2.77611E-1 2.1768E-1 2.73135E-1 1.36133E-1 1.34617E-2 1.74221E-2 2.29899E-1 1.93146E-1 2.09133E-1 2.53527E-1 2.67647E-1 3.13596E-1 3.65001E-1 1.04457E-1 3.26993E-1 3.14533E-1 2.92395E-1 2.87802E-1 3.01233E-1 4.63104E-1
-9999 -9999 -9999 -9999 -9999 -9999 -9999 -9999 -9999 -9999 -9999 -9999 -9999 2.41188E-1 2.47267E-1 1.52755E-1 1.3481E-1 1.96546E-1 2.49632E-1 3.35581E-1 1.79021E-1 4.24229E-1 4.04289E-1 3.08413E-1 3.78544E-1 3.39908E-1 4.68588E-1 2.51303E-2 3.09793E-1 1.25416E-1 1.14213E-1 1.25278E-1 1.61122E-1 2.16005E-1 3.07345E-1 3.63086E-1 7.22349E-2 7.97033E-2 4.32875E-1 3.24618E-1 2.38908E-1 2.11046E-1 1.64535E-1 4.73495E-3 5.93161E-3 2.80861E-1 1.69067E-1 1.64194E-1 2.11486E-1 2.59994E-1 2.66028E-1 3.03539E-1 3.59776E-1 3.14517E-1 2.92732E-1 2.69384E-1 2.60326E-1 2.4825E-1 3.44959E-1 3.70038E-1
-9999 -9999 -9999 -9999 -9999 -9999 -9999 -9999 -9999 -9999 -9999 -9999 -9999 -9999 1.81596E-1 1.39567E-1 1.39894E-1 2.06829E-1 2.50593E-1 3.17794E-1 4.07933E-1 4.17578E-1 4.66261E-1 4.5758E-1 1.35164E-1 3.60421E-1 1.95219E-1 1.64285E-1 1.97345E-1 1.32058E-1 9.43975E-2 1.04504E-1 1.54953E-1 2.35911E-1 2.52499E-1 3.32914E-1 3.73208E-1 4.8084E-1 4.06691E-1 2.4955E-1 2.1251E-1 1.91075E-1 2.9503E-3 1.36621E-2 1.4951E-1 1.4418E-1 1.62901E-1 2.17293E-1 2.54124E-1 2.84524E-1 2.84553E-1 3.30691E-1 3.54993E-1 3.39086E-1 2.9494E-1 2.41117E-1 2.26931E-1 2.29191E-1 2.84356E-1 2.51005E-1
-9999 -9999 -9999 -9999 -9999 -9999 -9999 -9999 -9999 -9999 -9999 -9999 -9999 -9999 2.08261E-1 1.80612E-1 1.93281E-1 2.48202E-1 2.72115E-1 3.39223E-1 4.68865E-1 5.21623E-1 2.32279E-1 5.4314E-1 5.39364E-1 3.0042E-1 2.32612E-1 1.95399E-1 1.37451E-1 1.02095E-1 7.51296E-2 1.03616E-1 1.47368E-1 1.66926E-1 1.87285E-1 2.68907E-1 2.8904E-1 3.50521E-1 3.40359E-1 1.74517E-1 1.1792E-1 1.5451E-1 1.0884E-1 9.63332E-2 7.84015E-2 7.98071E-2 9.45015E-2 1.47114E-1 1.66081E-1 1.80383E-1 2.65604E-1 2.83886E-1 3.20979E-1 3.15805E-1 2.70766E-1 2.02387E-1 1.71607E-1 1.44862E-1 2.20256E-1 2.03367E-1
-9999 -9999 -9999 -9999 -9999 -9999 -9999 -9999 -9999 -9999 -9999 -9999 -9999 -9999 2.24094E-1 1.90319E-1 2.10272E-1 2.48224E-1 2.70864E-1 3.51663E-1 5.17559E-1 2.73491E-1 6.22825E-1 6.38294E-1 2.62884E-1 1.18689E-1 2.79047E-1 1.82591E-1 1.46819E-1 1.27478E-1 1.17821E-1 1.36876E-1 1.51386E-1 1.50106E-1 1.74624E-1 2.17175E-1 2.30998E-1 2.97914E-1 2.34904E-1 1.38622E-1 2.39297E-1 1.27419E-1 8.34455E-2 7.98063E-2 7.61606E-2 9.50193E-2 1.3314E-1 1.80529E-1 1.73646E-1 2.11415E-1 2.9413E-1 3.04999E-1 1.20046E-1 3.46271E-1 2.67033E-1 1.96124E-1 1.67638E-1 1.57805E-1 2.25706E-1 1.29405E-1
-9999 -9999 -9999 -9999 -9999 -9999 -9999 -9999 -9999 -9999 -9999 -9999 -9999 -9999 2.29847E-1 2.1827E-1 2.06002E-1 2.57998E-1 3.04343E-1 3.94327E-1 2.70968E-1 5.29064E-1 3.68527E-2 5.27346E-1 4.62173E-1 2.93735E-1 2.3726E-1 1.52834E-1 1.39867E-1 1.27913E-1 1.298E-1 1.26961E-1 1.41545E-1 1.5395E-1 1.3597E-1 1.65323E-1 1.87068E-1 2.17979E-1 1.61513E-1 2.10608E-1 1.03893E-1 8.64006E-2 8.01587E-2 8.32565E-2 9.91606E-2 1.26362E-1 1.57659E-1 1.73345E-1 1.96968E-1 2.47298E-1 3.06533E-1 3.14158E-1 6.69856E-2 3.58172E-1 2.65884E-1 1.8925E-1 1.39034E-1 1.21975E-1 1.33896E-1 6.50603E-2
-9999 -9999 -9999 -9999 -9999 -9999 -9999 -9999 -9999 -9999 -9999 -9999 -9999 4.11044E-1 3.2803E-1 2.59551E-1 2.26399E-1 2.67465E-1 3.21361E-1 3.74384E-1 4.13561E-1 3.06109E-1 4.17541E-1 4.29728E-1 3.25823E-1 1.74273E-1 1.3635E-1 2.47226E-1 1.57237E-1 1.57795E-1 1.41673E-1 1.57856E-1 1.45848E-1 1.34307E-1 1.12246E-1 1.33688E-1 1.78995E-1 3.51731E-2 2.001E-1 1.18917E-1 9.42439E-2 1.0532E-1 1.2335E-1 1.16727E-1 1.34986E-1 1.4616E-1 1.60367E-1 2.0414E-1 2.42819E-1 3.19103E-1 3.29755E-1 3.05375E-1 3.67892E-1 3.3778E-1 2.45948E-1 1.87263E-1 1.41779E-1 1.28009E-1 1.06253E-1 -9999
-9999 -9999 -9999 -9999 -9999 -9999 -9999 -9999 -9999 -9999 -9999 -9999 3.91592E-1 1.57754E-1 3.03987E-1 2.11641E-1 3.53023E-1 4.07074E-1 2.71102E-1 2.49821E-1 2.93608E-1 3.46815E-1 3.80568E-1 1.23063E-1 2.23845E-1 2.33888E-1 3.4622E-1 1.21452E-1 2.2686E-1 1.66239E-1 1.49301E-1 1.77161E-1 1.39261E-1 1.16248E-1 9.90506E-2 1.06607E-1 1.27422E-1 5.42525E-2 1.32774E-1 1.00511E-1 1.08907E-1 1.32336E-1 1.40643E-1 1.42504E-1 1.48102E-1 1.40002E-1 1.61236E-1 1.99159E-1 2.84011E-1 3.50721E-1 3.58068E-1 2.31891E-1 3.9008E-1 2.99053E-1 2.1489E-1 1.6509E-1 1.32051E-1 1.3068E-1 1.11424E-1 1.06325E-1
-9999 -9999 -9999 -9999 -9999 -9999 -9999 -9999 -9999 -9999 -9999 2.37939E-1 4.49107E-1 2.61512E-1 2.3943E-1 1.95425E-1 3.05356E-1 2.65325E-1 2.92857E-1 2.28895E-1 2.09495E-1 3.99825E-1 4.1275E-1 3.97213E-1 2.6424E-1 3.37183E-1 2.14157E-1 1.40068E-1 2.24263E-1 2.82698E-1 1.27354E-1 2.4413E-1 1.71547E-1 1.53272E-1 1.27617E-1 1.13211E-1 1.68657E-1 1.92795E-1 1.42799E-1 1.53269E-1 1.77021E-1 1.75879E-1 2.09217E-1 1.69033E-1 1.53582E-1 1.0688E-1 1.20962E-1 1.68769E-1 2.88075E-1 2.91462E-1 2.17751E-1 2.68479E-1 3.08471E-1 1.83342E-1 1.36011E-1 1.13762E-1 9.72749E-2 1.08617E-1 1.14957E-1 1.42841E-1
-9999 -9999 -9999 -9999 -9999 -9999 -9999 -9999 -9999 -9999 2.60534E-1 3.01204E-1 8.80735E-2 3.35505E-1 2.97558E-1 2.77024E-1 3.53882E-1 2.61237E-1 3.13844E-1 2.25258E-1 2.54175E-1 4.86089E-1 1.44727E-1 4.22398E-1 2.77696E-1 2.91492E-1 3.85742E-1 1.92147E-1 1.46296E-1 2.58041E-1 2.28509E-1 2.40825E-1 2.67235E-1 1.86093E-1 1.38994E-1 1.36733E-1 1.35292E-1 2.38628E-1 2.20904E-1 2.34983E-1 2.88879E-1 2.88736E-1 2.56034E-1 1.83661E-1 1.53484E-1 1.07657E-1 1.28353E-1 2.00303E-1 2.52702E-1 2.67523E-1 2.53122E-1 3.37953E-1 3.38954E-1 1.85893E-1 1.23036E-1 1.1537E-1 9.61224E-2 9.76841E-2 9.0682E-2 2.06141E-1
-9999 -9999 -9999 -9999 -9999 -9999 -9999 -9999 -9999 -9999 4.24511E-1 2.74776E-1 3.17873E-1 2.4778E-1 3.83035E-1 3.73907E-1 2.24874E-1 1.94577E-1 1.66776E-1 2.10965E-1 2.96444E-1 3.80458E-1 3.64839E-1 4.13952E-1 4.12411E-1 2.76424E-2 6.97681E-2 2.44027E-1 2.20308E-1 1.44985E-1 2.57554E-1 2.90054E-1 8.3142E-2 1.368E-1 1.44357E-1 1.33525E-1 2.21608E-1 3.2527E-1 3.51545E-1 4.02967E-1 3.64044E-1 3.44698E-1 2.44271E-1 2.1279E-1 1.34841E-1 1.3205E-1 1.42087E-1 2.27011E-1 2.98405E-1 2.56375E-1 3.09767E-2 3.80529E-1 2.58394E-1 1.67512E-1 1.03153E-1 1.06264E-1 9.8552E-2 1.05326E-1 1.34768E-1 2.12397E-1
-9999 -9999 -9999 -9999 -9999 -9999 -9999 -9999 -9999 8.03803E-3 4.00698E-1 2.48781E-1 8.31756E-2 4.03616E-1 8.69113E-2 4.78952E-1 5.13828E-1 3.4356E-1 2.88691E-1 2.50102E-1 4.05197E-1 4.80107E-1 5.24872E-1 5.35374E-1 4.46042E-1 3.4187E-1 3.36481E-1 5.4297E-2 3.32532E-2 2.38897E-1 1.68561E-1 2.75393E-1 1.50294E-1 1.30646E-1 1.01706E-1 -9999 2.4038E-1 3.03456E-1 3.8876E-1 4.68659E-1 4.38176E-1 3.65721E-1 2.67438E-1 2.17728E-1 1.9365E-1 1.74157E-1 2.14396E-1 2.40064E-1 2.49024E-1 2.29291E-1 2.68575E-1 3.36929E-1 2.23078E-1 1.55693E-1 1.09853E-1 1.11042E-1 1.03428E-1 9.91771E-2 6.62343E-2 2.22155E-1
