Phytophthora/models/20240430_1155_37/Phytophthora_PA3_RUN3_MAXENT_outputs/Phytophthora_PA3_RUN3.asc
ncols         225
nrows         269
xllcorner     473000.0
yllcorner     4429100.0
cellsize      50.0
NODATA_value  -9999
[rows 135 to 161 of 269, columns 0 to 59 of 225]
-9999 -9999 -9999 -9999 -9999 -9999 -9999 -9999 -9999 -9999 3.28528E-1 5.24022E-1 3.6136E-1 4.90793E-1 4.98051E-1 5.56015E-1 5.25796E-1 5.00321E-1 3.82593E-1 4.24597E-1 3.74384E-1 4.66571E-1 5.3013E-1 4.96034E-1 4.39314E-1 3.32412E-1 3.41235E-1 3.66528E-1 3.39501E-1 4.6994E-2 5.80859E-2 3.51301E-1 2.72329E-1 1.12611E-1 1.22762E-1 7.87614E-2 1.6219E-1 2.41607E-1 2.98633E-1 3.57953E-1 3.36339E-1 3.31559E-1 2.89691E-1 3.0011E-1 3.38322E-1 2.18223E-1 2.40806E-1 2.89914E-1 2.66724E-1 4.52107E-2 3.79369E-1 3.78651E-1 2.70621E-1 1.69255E-1 1.27213E-1 1.31128E-1 1.21609E-1 1.21238E-1 1.82677E-1 2.45635E-1
-9999 -9999 -9999 -9999 -9999 -9999 -9999 -9999 -9999 -9999 2.74408E-1 6.7548E-1 2.39905E-1 6.0677E-1 5.10438E-1 5.16831E-1 2.64206E-1 4.56178E-1 4.78393E-1 4.5635E-1 4.9352E-1 6.07627E-1 6.08799E-1 5.54948E-1 4.33213E-1 2.62278E-1 2.51568E-1 2.41524E-1 2.70434E-1 3.00787E-1 2.74113E-1 9.78678E-2 -9999 -9999 1.13295E-1 1.2977E-1 1.57769E-1 1.88681E-1 2.85441E-1 1.00929E-1 3.73411E-1 3.406E-1 3.82882E-1 5.00048E-1 3.54283E-1 3.05614E-1 3.51238E-1 2.26342E-1 3.95842E-2 2.28019E-1 4.14208E-1 1.8352E-1 3.56863E-1 2.62068E-1 1.92569E-1 1.37949E-1 1.21699E-1 1.28851E-1 1.67016E-1 1.22425E-1
-9999 -9999 -9999 -9999 -9999 -9999 -9999 -9999 -9999 -9999 4.4195E-1 5.54936E-1 5.11443E-1 4.98097E-1 4.98812E-1 4.55904E-1 4.10744E-1 2.01158E-1 4.86867E-1 5.18368E-1 6.73158E-1 6.88969E-1 7.01381E-1 5.84659E-1 4.9308E-1 2.8497E-1 2.46716E-1 2.43161E-1 2.66211E-1 3.00625E-1 2.68451E-1 3.18279E-1 -9999 2.10267E-1 1.83503E-1 1.93749E-1 2.34334E-1 2.80261E-1 3.06058E-1 5.6032E-2 3.79382E-1 3.69427E-1 5.42144E-1 1.12388E-1 4.56252E-1 2.37674E-1 7.22996E-2 3.75215E-2 2.03883E-1 2.03017E-1 4.77533E-1 1.82942E-1 3.73247E-1 2.90925E-1 2.08894E-1 1.49019E-1 1.31005E-1 1.35564E-1 1.77168E-1 3.40191E-1
-9999 -9999 -9999 -9999 -9999 -9999 -9999 -9999 -9999 -9999 3.02995E-1 3.95038E-1 4.36979E-1 4.85215E-1 3.97701E-1 4.65657E-1 3.60835E-1 5.31783E-1 1.06028E-1 4.92721E-1 4.0827E-1 6.50407E-1 2.02621E-1 5.8024E-1 5.79825E-1 3.76205E-1 3.29029E-1 3.07538E-1 3.26899E-1 3.40399E-1 2.99423E-1 2.68659E-1 1.99385E-1 2.9202E-1 2.39924E-1 2.7833E-1 3.33956E-1 1.05862E-1 3.49756E-1 3.68261E-1 2.17443E-1 5.13298E-1 2.17474E-1 4.4523E-1 3.12362E-1 2.30781E-1 2.24196E-1 1.85528E-1 1.78223E-1 1.86928E-1 4.74231E-1 3.75537E-1 3.38685E-1 2.99987E-1 2.33607E-1 1.81341E-1 1.49425E-1 1.49564E-1 1.92353E-1 2.63505E-1
-9999 -9999 -9999 -9999 -9999 -9999 -9999 -9999 -9999 -9999 3.0656E-1 3.59487E-1 4.20182E-1 4.71732E-1 4.99811E-1 4.60375E-1 1.26373E-1 4.60379E-1 4.67192E-1 4.76715E-1 5.14585E-1 6.26955E-1 6.15631E-1 6.62369E-1 5.80262E-1 1.77844E-1 3.53226E-1 3.72242E-1 4.98324E-2 1.98781E-1 6.42817E-2 3.23159E-1 2.55395E-1 3.21454E-1 2.67671E-1 3.14233E-1 8.3667E-2 3.11995E-1 3.86937E-1 1.9489E-1 3.58946E-1 4.7677E-1 5.05214E-1 3.62789E-1 2.62948E-1 1.93754E-1 1.64099E-1 1.4731E-1 1.43133E-1 1.88974E-1 4.12777E-1 2.60144E-1 4.15135E-1 3.59332E-1 2.91432E-1 2.12702E-1 1.76234E-1 1.74413E-1 2.30258E-1 2.99887E-1
-9999 -9999 -9999 -9999 -9999 -9999 -9999 -9999 -9999 -9999 2.58075E-1 3.12057E-1 3.89584E-1 4.38001E-1 4.71197E-1 4.45459E-1 4.62667E-1 4.97098E-1 1.20992E-1 5.52435E-1 6.27079E-1 6.43796E-1 5.90523E-1 5.93488E-1 5.14956E-1 3.66138E-1 3.79452E-1 3.50694E-1 3.82645E-1 3.41865E-1 3.17438E-1 1.29447E-1 1.3835E-1 1.0861E-1 3.46219E-1 2.94842E-1 3.07897E-1 3.30943E-1 9.48191E-2 3.58692E-1 3.9185E-1 3.31588E-1 3.98217E-1 2.58304E-1 1.91781E-1 1.42867E-1 1.30655E-1 1.12556E-1 1.13404E-1 1.76352E-1 3.64424E-1 4.36493E-1 3.66148E-1 1.72373E-1 3.10601E-1 2.17077E-1 1.69168E-1 1.8545E-1 2.53048E-1 3.17978E-1
-9999 -9999 -9999 -9999 -9999 -9999 -9999 -9999 -9999 -9999 2.83397E-1 2.91871E-1 3.72607E-1 4.1464E-1 4.29244E-1 4.31027E-1 4.35023E-1 4.6593E-1 6.17622E-1 6.76704E-1 6.08948E-1 6.60043E-1 6.06909E-1 5.38606E-1 4.91721E-1 4.7532E-1 5.0435E-1 4.99548E-1 4.25319E-1 3.57118E-1 2.97359E-1 3.19361E-1 3.24142E-1 3.41733E-1 1.28688E-1 4.19799E-1 3.87265E-1 3.83662E-1 5.24493E-1 3.8754E-1 3.94076E-1 3.08588E-1 2.47268E-1 2.08951E-1 1.83811E-1 1.76173E-1 1.64399E-1 1.52234E-1 1.72343E-1 2.71214E-1 3.75921E-1 4.88002E-1 4.32344E-1 4.48835E-1 3.93369E-1 2.254E-1 1.79237E-1 1.90446E-1 2.67826E-1 3.58809E-1
-9999 -9999 -9999 -9999 -9999 -9999 -9999 -9999 -9999 -9999 2.49245E-1 2.78186E-1 3.41409E-1 3.47501E-1 3.38219E-1 3.51842E-1 3.79222E-1 4.19745E-1 2.989E-1 6.32168E-1 6.92075E-1 2.19474E-1 5.52802E-1 5.90349E-1 5.54688E-1 4.5566E-1 4.189E-1 3.66548E-1 3.19883E-1 2.71601E-1 2.31686E-1 2.4955E-1 2.63272E-1 3.09628E-1 4.04116E-1 4.48758E-1 4.0564E-1 1.80868E-1 4.92605E-1 4.64016E-1 2.8623E-1 3.04446E-1 1.93598E-1 1.83915E-1 1.65086E-1 1.43008E-1 1.41005E-1 1.39443E-1 1.61692E-1 3.41357E-1 3.03806E-1 4.54478E-1 3.34213E-1 3.86594E-1 3.33542E-1 1.97763E-1 1.64907E-1 2.07363E-1 2.42153E-1 3.22883E-1
-9999 -9999 -9999 -9999 -9999 -9999 -9999 -9999 -9999 5.05641E-3 2.25708E-1 2.9131E-1 3.12885E-1 2.8504E-1 2.86854E-1 3.02476E-1 3.32414E-1 2.71503E-1 4.88353E-1 6.13216E-1 6.33834E-1 6.30403E-1 6.3829E-1 5.09613E-1 6.57899E-1 5.75013E-1 4.49008E-1 3.4202E-1 2.67904E-1 2.15668E-1 1.95439E-1 2.02978E-1 2.24085E-1 2.93928E-1 4.43499E-1 1.5266E-1 3.95907E-1 4.08171E-1 4.54205E-1 3.6055E-1 2.24855E-1 3.15243E-1 2.3647E-1 2.25996E-1 1.96086E-1 1.89419E-1 1.8112E-1 1.82928E-1 2.57077E-1 2.06125E-1 2.79767E-1 3.12484E-1 3.43477E-1 3.49084E-1 2.77639E-1 1.75669E-1 1.637E-1 1.99475E-1 2.43131E-1 3.03135E-1
-9999 -9999 -9999 -9999 -9999 -9999 -9999 -9999 -9999 4.44906E-3 2.33345E-1 2.68532E-1 2.6651E-1 2.48302E-1 2.70149E-1 3.06088E-1 2.88296E-1 1.76996E-1 4.71389E-1 5.10365E-1 5.17012E-1 5.59869E-1 6.04567E-1 6.93711E-1 6.5017E-1 5.11253E-1 4.18939E-1 3.22408E-1 2.89185E-1 2.20939E-1 1.5851E-1 1.61438E-1 2.03114E-1 2.94063E-1 3.77608E-1 3.73715E-1 2.86599E-1 3.97093E-1 4.48608E-1 2.52303E-1 2.44217E-1 2.75182E-1 2.67639E-1 2.55962E-1 2.48353E-1 2.46256E-1 2.57612E-1 2.84852E-1 2.30097E-1 2.03042E-1 3.17354E-1 2.41362E-1 3.16427E-1 3.01115E-1 2.46366E-1 1.70049E-1 1.78901E-1 2.02984E-1 2.48456E-1 3.13338E-1
-9999 -9999 -9999 -9999 -9999 -9999 -9999 -9999 -9999 4.56323E-3 2.29475E-1 2.21225E-1 2.31047E-1 2.29835E-1 2.59885E-1 2.95122E-1 2.89835E-1 2.75969E-1 4.99368E-1 5.24327E-1 5.13329E-1 5.18652E-1 5.03831E-1 5.23336E-1 5.0975E-1 2.14462E-1 4.14583E-1 3.47967E-1 3.3685E-1 2.66075E-1 2.21156E-1 1.75738E-1 2.31441E-1 3.03366E-1 3.40306E-1 3.76624E-1 1.62342E-1 4.01801E-1 3.70851E-1 1.80215E-1 2.81076E-1 3.22643E-1 3.23644E-1 3.11156E-1 3.35372E-1 3.48659E-1 3.98161E-1 2.49579E-1 2.66346E-1 3.13564E-1 2.87237E-1 2.84147E-1 4.20655E-1 4.8047E-1 3.31827E-1 2.25348E-1 2.0093E-1 2.06472E-1 2.54964E-1 3.28423E-1
-9999 -9999 -9999 -9999 -9999 -9999 -9999 -9999 1.32513E-1 1.58912E-1 2.2291E-1 2.02324E-1 2.7453E-1 3.29182E-1 2.55097E-1 1.58516E-1 1.16436E-1 3.51458E-1 3.94E-1 4.02719E-1 4.14595E-1 4.12052E-1 3.60991E-1 3.43782E-1 3.77936E-1 4.35975E-1 8.08589E-2 4.19186E-1 4.07834E-1 3.47422E-1 3.22745E-1 2.41145E-1 3.26271E-1 3.26527E-1 3.38932E-1 1.95761E-1 3.72093E-1 4.28885E-1 2.65E-1 1.82813E-1 3.37926E-1 3.41553E-1 3.09634E-1 3.33108E-1 5.17685E-1 5.57878E-1 4.06146E-1 3.75209E-1 4.15112E-1 3.92072E-1 3.60785E-1 4.46858E-1 5.05145E-1 5.58153E-1 4.23227E-1 3.62569E-1 3.30535E-1 2.81982E-1 3.29437E-1 4.0227E-1
-9999 -9999 -9999 -9999 -9999 -9999 -9999 -9999 1.45151E-1 1.54098E-1 2.0085E-1 1.45121E-1 2.37569E-1 2.9811E-1 2.36814E-1 1.33265E-1 2.36728E-1 2.90707E-1 3.98058E-1 4.31354E-1 4.43139E-1 4.31665E-1 4.81323E-1 4.91505E-1 4.68501E-1 4.25835E-1 4.05971E-1 1.71352E-1 4.45791E-1 3.94172E-1 3.72225E-1 3.61019E-1 4.08477E-1 3.60501E-1 3.26842E-1 4.0607E-1 3.88614E-1 3.43318E-1 1.77163E-1 1.77871E-1 3.14825E-1 2.65024E-1 2.83569E-1 4.16411E-1 5.10743E-1 4.73407E-1 3.9903E-1 4.7913E-1 4.04622E-1 4.19839E-1 3.85678E-1 5.22966E-1 5.88992E-1 5.38221E-1 4.5936E-1 4.10286E-1 3.55487E-1 3.16782E-1 3.11363E-1 3.53146E-1
-9999 -9999 -9999 -9999 -9999 -9999 -9999 -9999 1.49871E-1 1.60391E-1 1.40014E-1 2.8494E-1 1.49764E-1 1.32806E-1 1.34244E-1 1.23729E-1 1.07818E-1 2.72993E-1 4.51006E-1 4.80211E-1 4.81028E-1 5.17473E-1 5.20116E-1 5.12889E-1 4.76267E-1 4.31429E-1 8.67996E-2 4.46311E-1 1.68969E-1 4.31282E-1 4.47668E-1 4.08983E-1 4.02658E-1 6.95269E-2 4.04089E-1 4.66188E-1 3.95804E-1 3.01287E-1 1.783E-1 2.31525E-1 2.52627E-1 2.84743E-1 3.86242E-1 4.80176E-1 5.02649E-1 5.20537E-1 5.53347E-1 4.43694E-1 4.6358E-1 5.48354E-1 5.96481E-1 5.53368E-1 6.31071E-1 1.75597E-1 2.81575E-1 3.66135E-1 4.0428E-1 3.3905E-1 2.89576E-1 2.96389E-1
-9999 -9999 -9999 -9999 -9999 -9999 -9999 1.42074E-1 1.57426E-1 2.63601E-1 2.68491E-1 1.83361E-1 1.82486E-1 1.81254E-1 1.49902E-1 1.16829E-1 1.68835E-1 3.31868E-1 3.57928E-1 4.52119E-1 4.61612E-1 4.91951E-1 4.56004E-1 4.26932E-1 3.90699E-1 3.8168E-1 4.28063E-1 4.22189E-1 4.40443E-1 9.66394E-2 3.68603E-1 4.73733E-1 2.3063E-1 4.06673E-1 4.5041E-1 4.57411E-1 3.84282E-1 2.36467E-1 1.59418E-1 2.71857E-1 2.84731E-1 4.64261E-1 4.30259E-1 4.44088E-1 5.4256E-1 6.3228E-1 5.77777E-1 4.92439E-1 5.97353E-1 6.22879E-1 5.99467E-1 5.75609E-1 5.80382E-1 4.73229E-1 4.65588E-1 4.25565E-1 3.83005E-1 3.26337E-1 2.81033E-1 2.76501E-1
-9999 -9999 -9999 -9999 -9999 -9999 -9999 1.10028E-1 1.4994E-1 1.71052E-1 1.93559E-1 2.36311E-1 2.8499E-1 2.71405E-1 2.54075E-1 2.30172E-1 2.78496E-1 2.85415E-1 3.0142E-1 3.64043E-1 3.60143E-1 3.65277E-1 3.31305E-1 3.61527E-1 3.40482E-1 3.40596E-1 3.75234E-1 4.63539E-1 8.33897E-2 4.89517E-1 3.90543E-1 4.02841E-1 4.13025E-1 4.53979E-1 4.22853E-1 4.1929E-1 3.43794E-1 1.4647E-1 2.15066E-1 3.08603E-1 3.19104E-1 3.07035E-1 4.68163E-1 4.38124E-1 5.27529E-1 1.10358E-1 1.69697E-1 1.97051E-1 4.36087E-1 1.393E-1 1.66841E-1 6.15169E-1 6.06622E-1 4.31365E-1 3.99113E-1 3.46091E-1 3.36997E-1 3.14466E-1 2.67038E-1 3.02732E-1
-9999 -9999 -9999 -9999 -9999 -9999 -9999 1.19053E-1 2.78371E-1 3.14788E-1 3.22029E-1 3.86036E-1 4.15561E-1 4.16584E-1 3.99936E-1 3.22723E-1 3.19504E-1 3.97229E-1 3.46821E-1 3.79009E-1 4.06433E-1 4.25375E-1 4.02035E-1 4.00056E-1 3.79539E-1 3.8706E-1 4.64726E-1 5.35347E-1 5.81391E-1 5.56311E-1 5.20477E-1 5.49669E-1 6.17924E-1 5.57307E-1 4.68476E-1 4.57421E-1 3.7779E-1 1.0072E-1 3.03138E-1 3.12886E-1 4.59809E-1 6.07102E-1 6.33639E-1 2.92281E-1 6.24893E-1 6.94021E-1 7.57753E-1 7.58898E-1 7.78165E-1 7.50174E-1 6.76581E-1 6.78214E-1 5.81296E-1 4.53681E-1 4.07407E-1 3.68821E-1 3.61094E-1 3.37394E-1 2.97542E-1 3.50312E-1
-9999 -9999 -9999 -9999 -9999 -9999 2.08835E-1 2.64167E-1 3.2683E-1 3.94132E-1 4.19884E-1 4.48714E-1 4.95438E-1 5.14584E-1 5.08846E-1 4.22226E-1 4.01643E-1 5.339E-1 4.22821E-1 3.83466E-1 3.79648E-1 3.77975E-1 3.64875E-1 3.48202E-1 3.37417E-1 3.66717E-1 4.35249E-1 4.88539E-1 5.72783E-1 6.10362E-1 5.21631E-1 2.81256E-1 6.04436E-1 5.58461E-1 4.00705E-1 3.96985E-1 3.1667E-1 2.45662E-1 3.79597E-1 5.22324E-1 5.97592E-1 5.49735E-1 2.46756E-1 5.94597E-1 6.36232E-1 6.75733E-1 7.22512E-1 7.45064E-1 7.74038E-1 7.44133E-1 7.07138E-1 6.48819E-1 5.76473E-1 4.74807E-1 3.38792E-1 3.29016E-1 3.10196E-1 2.89806E-1 3.01947E-1 1.72176E-1
-9999 -9999 -9999 -9999 -9999 -9999 1.16035E-1 3.67225E-1 4.03085E-1 4.51013E-1 4.43641E-1 4.9839E-1 5.61018E-1 5.90908E-1 5.80008E-1 5.06351E-1 5.2066E-1 6.2902E-1 4.40409E-1 3.95843E-1 3.62261E-1 3.5544E-1 3.41653E-1 3.28279E-1 3.18284E-1 3.11247E-1 3.85282E-1 4.02836E-1 4.76741E-1 6.05973E-1 4.53525E-1 3.2361E-1 6.26476E-1 4.9796E-1 3.75635E-1 4.33932E-1 3.82994E-1 4.24208E-1 5.00431E-1 5.10004E-1 5.71258E-1 4.14351E-1 6.00897E-1 6.09457E-1 6.64735E-1 7.33968E-1 7.57726E-1 7.76653E-1 4.12406E-1 7.17417E-1 6.94421E-1 5.42511E-1 5.63949E-1 4.97946E-1 2.97885E-1 3.21005E-1 2.74903E-1 2.55142E-1 2.88189E-1 3.16151E-1
-9999 -9999 -9999 -9999 -9999 -9999 -9999 3.97598E-1 4.61725E-1 5.28841E-1 4.98617E-1 5.6417E-1 6.19604E-1 6.60054E-1 6.78164E-1 6.16012E-1 6.77949E-1 6.57392E-1 5.04416E-1 4.8992E-1 4.69267E-1 4.35694E-1 3.43172E-1 2.72203E-1 3.06002E-1 2.80335E-1 3.52944E-1 3.76092E-1 4.64571E-1 5.57923E-1 5.54813E-1 4.90708E-1 6.4387E-1 4.87861E-1 4.55908E-1 4.50172E-1 3.87507E-1 4.39645E-1 4.82429E-1 5.3382E-1 5.59641E-1 5.87656E-1 6.02652E-1 6.2127E-1 6.84494E-1 6.73063E-1 6.96745E-1 7.90572E-1 7.67656E-1 6.12112E-1 6.0101E-1 5.67366E-1 5.30283E-1 1.79139E-1 3.6662E-1 3.62657E-1 3.01436E-1 2.58657E-1 3.03775E-1 3.47456E-1
-9999 -9999 -9999 -9999 -9999 -9999 -9999 3.88517E-1 5.76667E-1 5.97643E-1 5.3698E-1 5.74062E-1 6.25216E-1 6.84834E-1 4.49636E-1 6.08E-1 7.23183E-1 6.7645E-1 5.6904E-1 5.94075E-1 5.04419E-1 3.7796E-1 2.76317E-1 2.47531E-1 2.52514E-1 2.56246E-1 3.16611E-1 3.69716E-1 4.4762E-1 5.0585E-1 5.56867E-1 6.24212E-1 6.12984E-1 5.28631E-1 5.33174E-1 3.21311E-1 4.06334E-1 4.78669E-1 5.16214E-1 8.85663E-2 6.65202E-1 6.40873E-1 5.4866E-1 5.72256E-1 6.62198E-1 7.66003E-1 7.5299E-1 7.51615E-1 6.55426E-1 5.35732E-1 4.70552E-1 4.2949E-1 3.90423E-1 3.95775E-1 2.79014E-1 3.80212E-1 3.05663E-1 2.96645E-1 4.37985E-1 5.09382E-1
-9999 -9999 -9999 -9999 -9999 -9999 -9999 -9999 2.2509E-1 5.76282E-1 5.55257E-1 5.60648E-1 6.24055E-1 6.84376E-1 7.65223E-1 8.46284E-1 8.52642E-1 6.30413E-1 8.18693E-1 7.6287E-1 5.31898E-1 3.89795E-1 3.07136E-1 2.88531E-1 2.97736E-1 2.89287E-1 3.40449E-1 3.90574E-1 4.86942E-1 5.58397E-1 6.69999E-1 7.20716E-1 7.20548E-1 6.87583E-1 5.5032E-1 4.63127E-1 5.23268E-1 6.02873E-1 3.08978E-1 6.70602E-1 6.81467E-1 5.96323E-1 4.76659E-1 5.69718E-1 6.17206E-1 5.39446E-1 6.1917E-1 5.59416E-1 4.80396E-1 4.55211E-1 4.85418E-1 4.54895E-1 4.61104E-1 4.81452E-1 1.57579E-1 5.06582E-1 3.67019E-1 3.69508E-1 3.91885E-1 6.24063E-1
-9999 -9999 -9999 -9999 -9999 -9999 -9999 -9999 3.14598E-1 4.40968E-1 3.82911E-1 4.84814E-1 5.86997E-1 6.58895E-1 7.68212E-1 7.98447E-1 7.94107E-1 8.40791E-1 8.18723E-1 7.32718E-1 4.84545E-1 3.79844E-1 3.19272E-1 3.16496E-1 3.36752E-1 3.17383E-1 3.56952E-1 4.21658E-1 5.25207E-1 6.10585E-1 6.56071E-1 6.92362E-1 6.9342E-1 6.14944E-1 3.94166E-1 4.88113E-1 5.51759E-1 6.4863E-1 6.51707E-1 6.94226E-1 6.08297E-1 5.40569E-1 4.82867E-1 4.03081E-1 4.91304E-1 4.38824E-1 5.56555E-1 5.42543E-1 4.48736E-1 3.92336E-1 4.18852E-1 4.2423E-1 5.07868E-1 4.75782E-1 5.27963E-1 4.7168E-1 4.19145E-1 2.33345E-1 5.94743E-1 5.24865E-1
-9999 -9999 -9999 -9999 -9999 -9999 -9999 -9999 1.4413E-1 2.95612E-1 3.82723E-1 4.5216E-1 5.20753E-1 6.4998E-1 6.92931E-1 7.64858E-1 7.7064E-1 7.86477E-1 7.69596E-1 6.49352E-1 4.52014E-1 3.9678E-1 3.35511E-1 3.53311E-1 3.76285E-1 3.79074E-1 4.31283E-1 4.84461E-1 5.85036E-1 6.78825E-1 6.86965E-1 5.33934E-1 7.06887E-1 4.87835E-1 4.10593E-1 5.21622E-1 6.61661E-1 6.37293E-1 6.8685E-1 6.41337E-1 5.68078E-1 5.05041E-1 4.58141E-1 3.43393E-1 3.99862E-1 3.54422E-1 4.63365E-1 4.73644E-1 4.64506E-1 4.77837E-1 5.15397E-1 4.52479E-1 6.39659E-1 6.24797E-1 6.81825E-1 2.02624E-1 4.78663E-1 5.43995E-1 4.87835E-1 2.54537E-1
-9999 -9999 -9999 -9999 -9999 -9999 -9999 -9999 -9999 3.30908E-1 4.28098E-1 4.49345E-1 5.90533E-1 5.80026E-1 6.31564E-1 7.16643E-1 7.38062E-1 7.28271E-1 6.7274E-1 6.00975E-1 4.18405E-1 3.9283E-1 3.61346E-1 3.85454E-1 4.36259E-1 4.51331E-1 5.05829E-1 5.56017E-1 6.1155E-1 7.26424E-1 6.91427E-1 4.08883E-1 7.05688E-1 4.65084E-1 4.10229E-1 6.1534E-1 5.89481E-1 5.63599E-1 6.382E-1 6.21075E-1 5.73772E-1 4.67224E-1 3.71535E-1 3.02296E-1 3.13658E-1 2.84941E-1 3.42258E-1 4.06304E-1 4.29036E-1 4.40267E-1 4.88244E-1 5.8388E-1 6.7067E-1 7.03994E-1 7.1468E-1 5.33612E-1 4.96557E-1 4.2547E-1 3.03021E-1 4.52359E-1
-9999 -9999 -9999 -9999 -9999 -9999 -9999 -9999 -9999 4.06677E-1 4.8487E-1 6.00402E-1 6.13786E-1 6.51034E-1 6.94606E-1 7.37101E-1 7.40183E-1 7.3097E-1 6.51291E-1 5.85914E-1 4.40418E-1 4.17841E-1 3.89584E-1 4.04543E-1 4.73605E-1 5.00806E-1 5.79917E-1 6.31055E-1 6.48617E-1 5.03548E-1 6.98153E-1 3.43325E-1 5.86892E-1 5.63787E-1 5.02666E-1 3.48267E-1 4.58725E-1 5.73959E-1 6.20567E-1 6.00822E-1 5.57874E-1 4.11486E-1 3.60366E-1 2.86682E-1 3.07315E-1 2.87267E-1 3.21211E-1 3.12085E-1 3.62083E-1 4.65454E-1 5.31732E-1 5.25884E-1 5.94162E-1 6.66166E-1 3.82215E-1 2.83393E-1 2.16815E-1 2.64274E-1 5.46902E-1 5.27883E-1
-9999 -9999 -9999 -9999 -9999 -9999 -9999 -9999 -9999 5.14943E-1 5.06526E-1 5.6435E-1 6.60362E-1 7.14858E-1 7.60435E-1 7.78804E-1 7.54558E-1 7.66207E-1 7.19208E-1 6.96127E-1 5.84011E-1 4.85231E-1 4.17451E-1 4.68196E-1 5.42659E-1 6.05672E-1 6.94346E-1 3.17031E-1 6.88797E-1 7.10909E-1 6.55812E-1 7.06355E-1 5.48044E-1 5.15923E-1 5.886E-1 6.55334E-1 4.41727E-1 4.33515E-1 4.84071E-1 5.14092E-1 4.43723E-1 3.86476E-1 3.3054E-1 2.85817E-1 3.64153E-1 4.23357E-1 4.41289E-1 4.54608E-1 5.20517E-1 5.02326E-1 4.88891E-1 5.79553E-1 6.38477E-1 4.6188E-1 4.84541E-1 5.65102E-1 4.89238E-1 4.71774E-1 4.89829E-1 6.07285E-1
