Phytophthora/models/20240430_1155_37/Phytophthora_PA3_RUN3_MAXENT_outputs/Phytophthora_PA3_RUN3.asc
ncols         225
nrows         269
xllcorner     473000.0
yllcorner     4429100.0
cellsize      50.0
NODATA_value  -9999
[rows 189 to 215 of 269, columns 0 to 59 of 225]
-9999 -9999 -9999 -9999 -9999 -9999 -9999 -9999 -9999 -9999 -9999 -9999 -9999 -9999 -9999 -9999 2.40269E-1 7.20323E-1 7.00812E-1 6.98687E-1 6.43684E-1 5.38577E-1 5.14426E-1 5.52667E-1 6.00408E-1 6.58366E-1 6.11813E-1 5.41248E-1 5.01359E-1 4.51481E-1 5.56997E-1 5.49127E-1 6.62318E-1 8.19546E-1 5.74703E-1 2.4144E-1 6.69213E-1 7.22345E-1 7.08982E-1 7.55957E-1 6.28481E-1 5.38275E-1 4.05042E-1 4.19527E-1 4.89373E-1 6.49192E-1 6.67429E-1 6.76542E-1 6.45807E-1 5.69889E-1 4.7342E-1 6.02478E-1 5.24326E-1 5.58181E-1 5.40994E-1 5.9214E-1 6.65578E-1 7.07336E-1 7.0933E-1 6.42135E-1
-9999 -9999 -9999 -9999 -9999 -9999 -9999 -9999 -9999 -9999 -9999 -9999 -9999 -9999 -9999 6.17615E-1 6.15214E-1 7.52992E-1 7.05675E-1 6.44762E-1 5.71217E-1 4.78575E-1 4.67063E-1 5.24705E-1 4.64692E-1 6.04894E-1 5.1165E-1 4.65617E-1 4.56686E-1 4.28776E-1 5.52603E-1 6.23372E-1 7.27369E-1 7.93637E-1 7.89788E-1 6.97515E-1 6.5941E-1 6.34617E-1 6.8389E-1 7.2066E-1 6.30204E-1 4.1862E-1 3.60762E-1 4.04054E-1 4.79145E-1 6.01659E-1 5.87553E-1 6.18161E-1 7.06421E-1 6.23675E-1 5.82397E-1 5.39842E-1 5.28216E-1 5.71718E-1 6.09196E-1 6.67372E-1 7.13948E-1 7.20116E-1 6.70605E-1 5.79961E-1
-9999 -9999 -9999 -9999 -9999 -9999 -9999 -9999 -9999 -9999 -9999 -9999 -9999 -9999 -9999 6.92248E-1 6.30592E-1 7.26057E-1 6.88249E-1 5.46641E-1 5.0391E-1 4.65388E-1 4.84804E-1 4.71549E-1 4.87099E-1 4.90453E-1 4.57167E-1 3.93902E-1 4.00962E-1 4.06468E-1 4.75686E-1 5.44765E-1 5.89895E-1 5.98096E-1 2.49398E-1 6.05452E-1 5.99883E-1 5.49369E-1 6.48177E-1 6.64882E-1 6.43454E-1 4.96207E-1 4.50706E-1 4.96599E-1 4.62911E-1 3.94647E-1 3.90045E-1 2.43097E-1 5.18206E-1 4.40887E-1 4.44867E-1 4.59127E-1 5.10918E-1 5.79688E-1 6.49029E-1 7.2347E-1 7.43524E-1 7.66463E-1 7.0549E-1 6.28516E-1
-9999 -9999 -9999 -9999 -9999 -9999 -9999 -9999 -9999 -9999 -9999 -9999 -9999 -9999 -9999 -9999 7.18382E-1 6.76682E-1 5.52778E-1 4.45061E-1 4.48922E-1 4.54037E-1 4.75933E-1 4.33504E-1 4.10097E-1 4.08807E-1 4.05207E-1 4.04153E-1 4.43677E-1 4.7283E-1 5.36221E-1 5.26607E-1 5.87689E-1 6.39191E-1 6.39436E-1 3.46879E-1 6.27803E-1 6.94156E-1 6.64686E-1 6.59883E-1 4.73717E-1 4.85411E-1 4.5923E-1 4.71945E-1 4.18395E-1 3.43017E-1 2.2341E-1 4.58306E-1 2.9071E-1 2.96646E-1 3.72804E-1 4.24702E-1 4.73444E-1 5.33378E-1 5.6709E-1 7.44401E-1 6.71215E-1 7.99656E-1 7.50449E-1 6.41665E-1
-9999 -9999 -9999 -9999 -9999 -9999 -9999 -9999 -9999 -9999 -9999 -9999 -9999 -9999 -9999 -9999 6.12915E-1 5.3345E-1 4.71245E-1 4.23932E-1 5.12479E-1 5.14963E-1 4.5514E-1 4.16139E-1 4.00079E-1 3.85687E-1 4.0688E-1 4.46514E-1 4.96646E-1 5.42885E-1 5.83746E-1 5.98628E-1 6.35487E-1 6.63258E-1 6.82195E-1 3.10241E-1 7.50052E-1 7.25895E-1 7.50634E-1 5.1694E-1 4.58768E-1 5.42668E-1 5.53404E-1 2.63726E-1 5.05866E-1 3.34788E-1 3.86475E-1 3.03185E-1 2.74188E-1 2.89295E-1 4.2829E-1 4.64125E-1 4.95358E-1 5.42591E-1 6.33017E-1 7.56899E-1 2.24822E-1 7.31692E-1 7.69289E-1 6.71477E-1
-9999 -9999 -9999 -9999 -9999 -9999 -9999 -9999 -9999 -9999 -9999 -9999 -9999 -9999 -9999 -9999 -9999 4.02077E-1 3.96968E-1 4.13704E-1 5.57375E-1 4.6644E-1 4.16509E-1 3.84418E-1 3.77261E-1 4.05552E-1 4.4813E-1 5.23027E-1 5.65652E-1 6.25909E-1 6.78079E-1 6.91677E-1 7.06025E-1 6.82483E-1 5.87789E-1 2.02771E-1 2.54386E-1 7.71191E-1 6.04925E-1 5.4271E-1 6.11223E-1 3.12193E-1 5.7351E-1 4.35194E-1 4.1708E-1 3.74149E-1 3.39127E-1 2.99323E-1 3.05829E-1 3.82689E-1 4.99112E-1 4.69708E-1 4.67171E-1 5.42078E-1 6.53946E-1 7.13661E-1 7.19792E-1 7.00549E-1 7.04186E-1 6.77692E-1
-9999 -9999 -9999 -9999 -9999 -9999 -9999 -9999 -9999 -9999 -9999 -9999 -9999 -9999 -9999 -9999 -9999 -9999 -9999 -9999 -9999 -9999 4.16485E-1 3.98392E-1 4.15411E-1 4.52549E-1 4.9851E-1 5.59387E-1 6.35515E-1 7.05733E-1 7.33711E-1 4.99525E-1 4.00443E-1 4.68431E-1 5.29204E-1 7.5929E-1 7.98158E-1 6.63884E-1 5.81323E-1 6.66035E-1 5.58088E-1 6.37235E-1 3.71732E-1 2.83476E-1 2.13282E-1 2.47882E-1 3.0819E-1 3.17967E-1 3.41445E-1 4.17999E-1 4.87356E-1 5.04746E-1 4.95315E-1 5.61902E-1 6.03158E-1 6.52063E-1 6.73477E-1 6.57329E-1 6.63772E-1 5.94656E-1
-9999 -9999 -9999 -9999 -9999 -9999 -9999 -9999 -9999 -9999 -9999 -9999 -9999 -9999 -9999 -9999 -9999 -9999 -9999 -9999 -9999 -9999 -9999 -9999 4.88725E-1 4.43829E-1 4.58063E-1 4.94574E-1 6.05054E-1 7.38335E-1 7.68683E-1 7.28004E-1 7.60209E-1 7.12152E-1 6.4007E-1 5.21368E-1 7.48576E-1 5.95936E-1 3.86716E-1 4.34867E-1 4.59138E-1 3.38177E-1 2.49056E-1 1.89924E-1 1.37443E-1 2.06747E-1 2.51257E-1 3.386E-1 4.10226E-1 4.74812E-1 4.8787E-1 4.84471E-1 4.74978E-1 5.20765E-1 5.51673E-1 5.61043E-1 5.93878E-1 5.874E-1 5.51001E-1 5.26453E-1
-9999 -9999 -9999 -9999 -9999 -9999 -9999 -9999 -9999 -9999 -9999 -9999 -9999 -9999 -9999 -9999 -9999 -9999 -9999 -9999 -9999 -9999 -9999 -9999 -9999 -9999 4.31344E-1 4.75878E-1 5.49104E-1 6.26679E-1 7.40743E-1 7.9075E-1 3.4336E-1 4.83963E-1 6.77441E-1 4.04748E-1 4.65974E-1 4.20352E-1 4.90725E-1 6.09049E-1 3.1091E-1 2.34494E-1 2.29876E-1 2.18701E-1 1.83506E-1 2.69309E-1 2.70797E-1 3.85918E-1 4.31773E-1 4.39877E-1 4.53641E-1 4.62173E-1 4.53637E-1 5.17337E-1 5.08053E-1 5.21283E-1 5.46882E-1 5.28375E-1 5.33512E-1 4.90323E-1
-9999 -9999 -9999 -9999 -9999 -9999 -9999 -9999 -9999 -9999 -9999 -9999 -9999 -9999 -9999 -9999 -9999 -9999 -9999 -9999 -9999 -9999 -9999 -9999 -9999 -9999 -9999 4.3911E-1 4.70992E-1 5.30668E-1 5.78498E-1 7.06451E-1 5.09677E-1 7.68022E-1 6.50305E-1 7.08917E-1 4.32541E-1 6.33573E-1 5.6523E-1 2.15588E-1 2.75588E-1 3.10677E-1 2.72572E-1 2.44216E-1 2.65656E-1 3.75286E-1 4.24732E-1 4.95281E-1 5.03426E-1 4.72576E-1 4.61481E-1 4.37221E-1 4.4209E-1 4.64966E-1 4.60414E-1 5.05283E-1 5.30144E-1 5.04889E-1 5.20339E-1 5.65764E-1
-9999 -9999 -9999 -9999 -9999 -9999 -9999 -9999 -9999 -9999 -9999 -9999 -9999 -9999 -9999 -9999 -9999 -9999 -9999 -9999 -9999 -9999 -9999 -9999 -9999 -9999 -9999 4.52453E-1 4.67071E-1 5.22248E-1 6.08973E-1 6.74772E-1 6.35709E-1 6.33563E-1 6.06307E-1 7.55003E-1 3.49728E-1 4.8493E-1 4.93245E-1 4.43013E-1 1.02809E-1 3.70221E-1 2.72856E-1 2.72957E-1 2.87069E-1 3.79718E-1 4.75271E-1 5.9686E-1 4.69797E-1 4.14475E-1 4.66797E-1 4.39898E-1 4.22712E-1 4.40172E-1 4.51362E-1 4.54829E-1 5.4395E-1 6.44251E-1 5.67389E-1 6.26894E-1
-9999 -9999 -9999 -9999 -9999 -9999 -9999 -9999 -9999 -9999 -9999 -9999 -9999 -9999 -9999 -9999 -9999 -9999 -9999 -9999 -9999 -9999 -9999 -9999 -9999 -9999 -9999 4.90397E-1 5.23915E-1 5.75527E-1 4.68335E-1 6.77932E-1 6.35275E-1 6.32537E-1 7.10489E-1 5.9072E-1 4.57494E-1 3.98621E-1 5.70998E-1 5.65204E-1 3.67476E-1 3.83763E-1 3.0167E-1 2.82642E-1 2.91308E-1 4.50656E-1 6.08296E-1 5.02511E-1 4.50737E-1 4.42839E-1 4.72335E-1 4.5415E-1 4.5038E-1 4.4798E-1 4.76935E-1 4.36702E-1 4.48799E-1 2.70952E-1 4.15726E-1 4.57254E-1
-9999 -9999 -9999 -9999 -9999 -9999 -9999 -9999 -9999 -9999 -9999 -9999 -9999 -9999 -9999 -9999 -9999 -9999 -9999 -9999 -9999 -9999 -9999 -9999 -9999 -9999 4.99635E-1 5.85597E-1 6.23593E-1 6.31764E-1 7.68807E-1 -9999 4.56618E-1 7.05252E-1 7.36226E-1 5.37266E-1 5.91877E-1 4.75681E-1 5.543E-1 5.75601E-1 6.23894E-1 1.41289E-1 3.30293E-1 3.32609E-1 3.65079E-1 6.16066E-1 6.30432E-1 5.07211E-1 4.51016E-1 4.59599E-1 4.61424E-1 4.28695E-1 4.47386E-1 4.10431E-1 2.99258E-1 8.50563E-2 2.91355E-1 3.35752E-1 3.67556E-1 4.20114E-1
-9999 -9999 -9999 -9999 -9999 -9999 -9999 -9999 -9999 -9999 -9999 -9999 -9999 -9999 -9999 -9999 -9999 -9999 -9999 -9999 -9999 -9999 -9999 -9999 -9999 -9999 4.96188E-1 4.71058E-1 3.38677E-1 -9999 -9999 -9999 4.91887E-1 6.22E-1 4.83406E-1 4.23625E-1 1.58454E-1 5.29107E-1 6.44374E-1 6.60909E-1 5.05631E-1 4.36275E-1 3.12771E-1 1.21697E-1 4.37557E-1 6.35395E-1 5.7395E-1 5.07578E-1 5.03698E-1 5.21857E-1 5.54382E-1 4.87758E-1 4.96448E-1 2.4253E-1 3.11801E-1 2.96871E-1 3.17509E-1 3.50648E-1 3.58789E-1 4.19979E-1
-9999 -9999 -9999 -9999 -9999 -9999 -9999 -9999 -9999 -9999 -9999 -9999 -9999 -9999 -9999 -9999 -9999 -9999 -9999 -9999 -9999 -9999 -9999 -9999 -9999 -9999 -9999 5.22178E-1 -9999 -9999 -9999 -9999 2.83364E-1 3.90353E-1 4.57136E-1 4.47784E-1 3.42124E-1 3.83133E-1 3.36819E-1 3.00147E-1 5.04896E-1 2.92234E-1 4.05024E-1 2.99659E-1 1.98077E-1 5.13228E-1 5.28356E-1 5.90432E-1 5.80945E-1 6.23535E-1 5.92296E-1 5.82982E-1 3.40843E-1 4.35661E-1 2.96352E-1 3.23392E-1 3.53465E-1 3.96217E-1 4.27921E-1 5.51009E-1
-9999 -9999 -9999 -9999 -9999 -9999 -9999 -9999 -9999 -9999 -9999 -9999 -9999 -9999 -9999 -9999 -9999 -9999 -9999 -9999 -9999 -9999 -9999 -9999 -9999 -9999 -9999 -9999 -9999 -9999 -9999 -9999 -9999 3.66576E-1 5.00484E-1 3.66633E-1 3.68587E-1 3.24185E-1 5.52165E-1 4.94303E-1 4.17156E-1 2.42136E-1 3.55683E-1 2.94032E-1 2.84578E-1 4.56408E-1 2.99044E-1 5.49207E-1 7.27354E-1 5.27846E-1 6.71944E-1 4.53451E-1 3.80894E-1 3.35361E-1 2.87066E-1 3.30784E-1 3.57167E-1 4.68377E-1 7.02031E-1 6.2288E-1
-9999 -9999 -9999 -9999 -9999 -9999 -9999 -9999 -9999 -9999 -9999 -9999 -9999 -9999 -9999 -9999 -9999 -9999 -9999 -9999 -9999 -9999 -9999 -9999 -9999 -9999 -9999 -9999 -9999 -9999 -9999 -9999 -9999 -9999 5.3881E-1 1.74352E-1 4.02415E-1 5.25276E-1 3.92756E-1 4.23915E-1 4.85164E-1 3.6156E-1 2.37025E-1 2.68859E-1 3.47814E-1 5.14887E-1 5.06258E-1 6.87827E-1 6.20278E-1 2.657E-1 6.59063E-1 6.60637E-1 4.92656E-1 3.83135E-1 3.34111E-1 3.9845E-1 4.47294E-1 6.81774E-1 3.96788E-1 6.93752E-1
-9999 -9999 -9999 -9999 -9999 -9999 -9999 -9999 -9999 -9999 -9999 -9999 -9999 -9999 -9999 -9999 -9999 -9999 -9999 -9999 -9999 -9999 -9999 -9999 -9999 -9999 -9999 -9999 -9999 -9999 -9999 -9999 -9999 -9999 6.40512E-1 4.05927E-1 3.96728E-1 6.00406E-1 5.45001E-1 5.13735E-1 5.23058E-1 4.54527E-1 3.14854E-1 3.13493E-1 4.11121E-1 1.44024E-1 6.84201E-1 5.41496E-1 5.1268E-1 4.74603E-1 2.33993E-1 5.70673E-1 4.48269E-1 3.40823E-1 2.84996E-1 3.30132E-1 5.40597E-1 6.03507E-1 6.17552E-1 6.80986E-1
-9999 -9999 -9999 -9999 -9999 -9999 -9999 -9999 -9999 -9999 -9999 -9999 -9999 -9999 -9999 -9999 -9999 -9999 -9999 -9999 -9999 -9999 -9999 -9999 -9999 -9999 -9999 -9999 -9999 -9999 -9999 -9999 -9999 -9999 -9999 4.04008E-1 4.4818E-1 3.72286E-1 4.93685E-1 3.40558E-1 3.52002E-1 2.91355E-1 3.29617E-1 3.37512E-1 3.35847E-1 4.28827E-1 4.42762E-1 7.50838E-1 2.35611E-1 6.99467E-1 5.56482E-1 5.89649E-1 5.10128E-1 4.62378E-1 4.64902E-1 4.75296E-1 5.60702E-1 6.60537E-1 1.62703E-1 7.73975E-1
-9999 -9999 -9999 -9999 -9999 -9999 -9999 -9999 -9999 -9999 -9999 -9999 -9999 -9999 -9999 -9999 -9999 -9999 -9999 -9999 -9999 -9999 -9999 -9999 -9999 -9999 -9999 -9999 -9999 -9999 -9999 -9999 -9999 -9999 -9999 2.85131E-1 3.52798E-1 3.47391E-1 4.90984E-1 2.72155E-1 2.94778E-1 2.72235E-1 2.72164E-1 3.26419E-1 2.2593E-1 3.9032E-1 4.13237E-1 6.89898E-1 3.34068E-1 3.16679E-1 8.66908E-2 5.24111E-1 4.69705E-1 3.52426E-1 3.94958E-1 4.48594E-1 4.20865E-1 3.20206E-1 6.96305E-2 5.52083E-1
-9999 -9999 -9999 -9999 -9999 -9999 -9999 -9999 -9999 -9999 -9999 -9999 -9999 -9999 -9999 -9999 -9999 -9999 -9999 -9999 -9999 -9999 -9999 -9999 -9999 -9999 -9999 -9999 -9999 -9999 -9999 -9999 -9999 -9999 -9999 -9999 3.93115E-1 4.25428E-1 4.5804E-1 3.60394E-1 3.28045E-1 3.13318E-1 3.28803E-1 4.40691E-1 5.58438E-1 3.24001E-1 4.40578E-1 5.32134E-1 6.6655E-1 6.34025E-1 4.32546E-1 5.2495E-1 4.42621E-1 4.60494E-1 4.98408E-1 5.03836E-1 3.8917E-1 5.78844E-1 5.07286E-1 4.28463E-1
-9999 -9999 -9999 -9999 -9999 -9999 -9999 -9999 -9999 -9999 -9999 -9999 -9999 -9999 -9999 -9999 -9999 -9999 -9999 -9999 -9999 -9999 -9999 -9999 -9999 -9999 -9999 -9999 -9999 -9999 -9999 -9999 -9999 -9999 -9999 -9999 4.23399E-1 3.99403E-1 3.95209E-1 2.5438E-1 3.85636E-1 2.87624E-1 3.24847E-1 5.14781E-1 2.37328E-1 4.60576E-1 5.3991E-1 4.50196E-1 8.03234E-1 5.26496E-1 6.18237E-1 4.99912E-1 3.71129E-1 3.97427E-1 4.41961E-1 5.04529E-1 4.09184E-1 4.75796E-1 5.92126E-1 5.39937E-1
-9999 -9999 -9999 -9999 -9999 -9999 -9999 -9999 -9999 -9999 -9999 -9999 -9999 -9999 -9999 -9999 -9999 -9999 -9999 -9999 -9999 -9999 -9999 -9999 -9999 -9999 -9999 -9999 -9999 -9999 -9999 -9999 -9999 -9999 -9999 -9999 3.6082E-1 3.33608E-1 2.65652E-1 2.1904E-1 4.41427E-1 3.30744E-1 3.66281E-1 5.85789E-1 4.11593E-1 3.05416E-1 3.24459E-1 5.52454E-1 6.89812E-1 5.38923E-1 6.03156E-1 6.01715E-1 5.09521E-1 5.27007E-1 5.29589E-1 5.21943E-1 4.52712E-1 5.72816E-1 4.43682E-1 5.48837E-1
-9999 -9999 -9999 -9999 -9999 -9999 -9999 -9999 -9999 -9999 -9999 -9999 -9999 -9999 -9999 -9999 -9999 -9999 -9999 -9999 -9999 -9999 -9999 -9999 -9999 -9999 -9999 -9999 -9999 -9999 -9999 -9999 -9999 -9999 -9999 -9999 2.22505E-1 2.40803E-1 2.58132E-1 2.58668E-1 5.09974E-1 3.9411E-1 4.13104E-1 4.72257E-1 4.54591E-1 3.3704E-1 3.13666E-1 3.69601E-1 3.7875E-1 5.22679E-1 5.1082E-1 4.50491E-1 5.15404E-1 5.90938E-1 5.48327E-1 4.72003E-1 4.46915E-1 5.7264E-1 5.27944E-1 5.78276E-1
-9999 -9999 -9999 -9999 -9999 -9999 -9999 -9999 -9999 -9999 -9999 -9999 -9999 -9999 -9999 -9999 -9999 -9999 -9999 -9999 -9999 -9999 -9999 -9999 -9999 -9999 -9999 -9999 -9999 -9999 -9999 -9999 -9999 -9999 -9999 -9999 -9999 2.94527E-1 3.51777E-1 3.91384E-1 5.89128E-1 5.01015E-1 4.73655E-1 4.67864E-1 4.18536E-1 5.1218E-1 4.06558E-1 3.876E-1 3.27597E-1 3.30354E-1 4.02564E-1 4.25899E-1 4.67271E-1 5.70147E-1 4.05249E-1 5.14956E-1 4.93593E-1 5.11555E-1 5.05798E-1 5.44985E-1
-9999 -9999 -9999 -9999 -9999 -9999 -9999 -9999 -9999 -9999 -9999 -9999 -9999 -9999 -9999 -9999 -9999 -9999 -9999 -9999 -9999 -9999 -9999 -9999 -9999 -9999 -9999 -9999 -9999 -9999 -9999 -9999 -9999 -9999 -9999 -9999 -9999 -9999 3.55308E-1 4.28091E-1 5.45481E-1 6.55806E-1 4.96895E-1 4.56749E-1 5.83069E-1 5.30328E-1 4.61251E-1 4.61226E-1 3.90568E-1 3.26977E-1 3.87278E-1 4.96202E-1 5.42617E-1 1.69005E-1 5.17036E-1 4.61507E-1 5.06963E-1 4.21044E-1 4.71812E-1 5.31485E-1
-9999 -9999 -9999 -9999 -9999 -9999 -9999 -9999 -9999 -9999 -9999 -9999 -9999 -9999 -9999 -9999 -9999 -9999 -9999 -9999 -9999 -9999 -9999 -9999 -9999 -9999 -9999 -9999 -9999 -9999 -9999 -9999 -9999 -9999 -9999 -9999 -9999 -9999 -9999 -9999 4.25544E-1 4.84632E-1 6.8804E-1 5.81732E-1 6.07157E-1 7.6355E-1 5.99432E-1 5.23828E-1 4.49558E-1 3.91943E-1 3.73293E-1 4.71402E-1 4.14896E-1 5.6186E-1 4.86714E-1 5.33509E-1 4.292E-1 3.78491E-1 4.15112E-1 4.72289E-1
