Phytophthora/models/20240506_1646_46/Phytophthora_PA3_RUN5_MAXENT_outputs/Phytophthora_PA3_RUN5.asc
ncols         225
nrows         269
xllcorner     473009.9838
yllcorner     4429051.1748
cellsize      50.0
NODATA_value  -9999
[rows 182 to 207 of 269, columns 60 to 119 of 225]
3.93442E-1 3.98796E-1 4.17168E-1 4.88752E-1 4.67684E-1 5.02325E-1 5.1918E-1 5.9504E-1 4.17888E-1 6.39859E-1 5.95567E-1 5.80054E-1 5.4669E-1 4.96352E-1 4.37065E-1 4.06972E-1 4.06363E-1 3.4422E-1 2.09108E-1 1.47585E-1 1.20082E-1 9.65641E-2 7.89662E-2 8.73151E-2 2.34076E-1 2.75648E-1 3.32768E-1 3.72032E-1 5.34662E-1 6.44615E-1 5.16329E-1 4.76658E-1 4.80707E-1 5.40683E-1 4.47697E-1 5.30388E-1 5.91155E-1 6.04354E-1 6.79877E-1 5.61925E-1 5.48489E-1 5.22218E-1 4.41761E-1 3.81866E-1 3.71886E-1 4.15807E-1 4.32184E-1 4.614E-1 4.60968E-1 5.12702E-1 5.0484E-1 5.83172E-1 5.54181E-1 5.45833E-1 3.72133E-1 3.55948E-1 3.34373E-1 1.08473E-1 2.60545E-1 2.05436E-1
4.50035E-1 4.67593E-1 4.64318E-1 4.88425E-1 5.07608E-1 2.50247E-1 5.84846E-1 2.50599E-1 6.57786E-1 6.3694E-1 5.74761E-1 5.33118E-1 5.16152E-1 4.5354E-1 3.76409E-1 3.24471E-1 2.97746E-1 2.54281E-1 2.48663E-1 1.44695E-1 9.99453E-2 8.78412E-2 8.11045E-2 1.30056E-1 2.90971E-1 3.57914E-1 3.72773E-1 3.79736E-1 5.54889E-1 4.81941E-1 5.64743E-1 4.61718E-1 5.47999E-1 5.73981E-1 4.4051E-1 4.8944E-1 5.70588E-1 6.0702E-1 2.99369E-1 5.42207E-1 5.11782E-1 4.71213E-1 3.87753E-1 3.41572E-1 3.64161E-1 4.19159E-1 4.4687E-1 4.55675E-1 4.4145E-1 4.62871E-1 4.36988E-1 4.6825E-1 4.78802E-1 4.02493E-1 3.78134E-1 2.92303E-1 1.76993E-1 2.56156E-1 2.94431E-1 2.54685E-1
4.3565E-1 5.16568E-1 5.12467E-1 5.02228E-1 2.6381E-1 6.174E-1 7.11839E-1 6.73185E-1 6.10407E-1 6.10637E-1 5.32194E-1 4.70664E-1 4.46057E-1 3.93475E-1 3.13875E-1 2.43549E-1 1.90621E-1 1.90273E-1 1.75672E-1 1.80745E-1 8.13738E-2 7.74745E-2 8.14703E-2 9.88845E-2 3.06369E-1 3.44471E-1 3.48397E-1 4.17086E-1 5.52981E-1 5.1984E-1 4.99691E-1 4.92193E-1 4.25431E-1 4.96801E-1 4.56207E-1 4.58077E-1 4.96983E-1 4.77932E-1 6.01758E-1 3.85096E-1 5.66151E-1 4.08512E-1 3.64844E-1 3.28537E-1 3.51961E-1 4.40817E-1 4.87537E-1 4.6788E-1 2.9369E-1 1.69934E-1 4.21315E-1 3.9182E-1 3.27449E-1 2.13603E-1 3.88045E-1 3.39661E-1 1.17202E-1 2.96113E-1 3.35553E-1 2.44344E-1
3.99379E-1 4.86554E-1 4.67021E-1 5.2238E-1 5.60711E-1 6.96234E-1 7.17703E-1 5.78744E-1 5.81948E-1 5.80594E-1 4.83117E-1 4.35655E-1 3.94508E-1 3.35523E-1 2.77822E-1 2.13026E-1 1.63672E-1 1.33912E-1 1.40562E-1 1.20945E-1 9.0419E-2 8.62425E-2 1.06063E-1 6.02578E-2 3.03059E-1 3.59275E-1 4.18286E-1 5.0057E-1 5.48087E-1 5.22122E-1 4.9786E-1 5.77822E-1 4.78012E-1 4.89595E-1 4.68573E-1 4.56039E-1 4.71617E-1 4.52438E-1 3.74291E-1 3.83315E-1 5.29472E-1 3.55136E-1 3.73474E-1 3.14787E-1 3.01692E-1 3.69248E-1 5.12907E-1 5.80577E-1 3.72572E-1 3.7993E-1 3.49431E-1 3.46273E-1 3.31393E-1 2.00759E-1 3.14877E-1 2.92094E-1 2.86814E-1 2.62281E-1 3.27168E-1 2.83113E-1
4.58492E-1 1.73638E-1 5.48655E-1 5.34493E-1 6.18868E-1 7.01483E-1 6.41516E-1 5.14784E-1 5.8098E-1 5.74185E-1 4.50694E-1 4.18419E-1 3.87585E-1 3.10473E-1 2.38062E-1 1.89715E-1 1.41398E-1 9.4451E-2 7.86447E-2 7.64051E-2 8.55076E-2 1.25035E-1 1.3929E-1 2.80643E-1 3.80406E-1 3.81448E-1 4.52558E-1 5.26289E-1 5.76908E-1 5.71743E-1 6.01616E-1 5.00275E-1 5.16596E-1 2.36359E-1 4.75544E-1 4.65458E-1 4.43907E-1 4.53026E-1 2.13473E-1 5.31052E-1 5.15353E-1 3.34169E-1 3.72631E-1 3.34031E-1 2.92847E-1 3.20894E-1 3.56515E-1 4.93149E-1 3.76476E-1 5.08284E-1 3.20952E-1 2.89614E-1 3.67141E-1 2.08423E-1 3.22163E-1 2.7276E-1 3.0622E-1 2.51334E-1 2.73486E-1 1.45353E-1
5.69996E-1 5.56585E-1 5.50007E-1 5.49979E-1 6.90092E-1 6.81389E-1 5.61766E-1 4.76397E-1 5.12932E-1 5.77591E-1 5.65749E-1 4.50356E-1 4.23742E-1 3.36916E-1 2.3309E-1 1.53541E-1 9.58315E-2 6.693E-2 7.37785E-2 7.96477E-2 7.25589E-2 1.02429E-1 1.70782E-1 2.35064E-1 3.37562E-1 3.46146E-1 4.27413E-1 5.03615E-1 5.47519E-1 5.53615E-1 5.33736E-1 4.99808E-1 5.05729E-1 4.82712E-1 4.93603E-1 3.39617E-1 2.92954E-1 4.02053E-1 4.37707E-1 3.83746E-1 4.95681E-1 2.84386E-1 3.19111E-1 3.63484E-1 2.98005E-1 2.89387E-1 1.75751E-1 1.49784E-1 3.1001E-1 3.51373E-1 3.00663E-1 1.96086E-1 3.0933E-1 2.79673E-1 3.38061E-1 1.03409E-1 3.03203E-1 2.54983E-1 2.54135E-1 2.69243E-1
4.48964E-1 4.53702E-1 4.57335E-1 4.97889E-1 5.62046E-1 4.93718E-1 3.90705E-1 3.37538E-1 3.29179E-1 4.70669E-1 2.91733E-1 3.86972E-1 3.79765E-1 3.10717E-1 2.04348E-1 1.35759E-1 8.88186E-2 6.83585E-2 8.43993E-2 3.88717E-2 9.93546E-2 9.49618E-2 1.10174E-1 1.66431E-1 3.60409E-1 4.02699E-1 4.74731E-1 4.97338E-1 5.15207E-1 5.24668E-1 4.76427E-1 4.81595E-1 4.85203E-1 4.46893E-1 4.50766E-1 4.89325E-1 2.97288E-1 9.71339E-2 9.16673E-2 3.79021E-1 1.70562E-1 2.46067E-1 2.75855E-1 3.46007E-1 3.1704E-1 9.68897E-2 3.03756E-1 1.46902E-1 1.46654E-1 1.51332E-1 1.64911E-1 1.90518E-1 3.35744E-1 4.05736E-1 3.17193E-1 1.03743E-1 2.92853E-1 2.4518E-1 2.29979E-1 2.80311E-1
3.85423E-1 4.00009E-1 3.85809E-1 4.46425E-1 4.3175E-1 3.55248E-1 2.83693E-1 2.4734E-1 2.49738E-1 3.03216E-1 4.0444E-1 4.58362E-1 3.40873E-1 2.75171E-1 1.67711E-1 1.15865E-1 7.63916E-2 6.46432E-2 6.52835E-2 8.14601E-2 9.14155E-2 1.10881E-1 1.38508E-1 1.62233E-1 2.79963E-1 3.84903E-1 4.53198E-1 4.93522E-1 5.74065E-1 5.10121E-1 4.73787E-1 4.77254E-1 4.78374E-1 4.59087E-1 1.5221E-1 2.96576E-1 2.94035E-1 2.48363E-1 1.92624E-1 1.91532E-1 1.7527E-1 1.29774E-1 2.98062E-1 2.89104E-1 3.03337E-1 3.21394E-1 2.89129E-1 3.09004E-1 2.32851E-1 1.29871E-1 1.14061E-1 1.14459E-1 1.5156E-1 1.96676E-1 1.05408E-1 2.77434E-1 2.75593E-1 2.14715E-1 2.08347E-1 2.27567E-1
3.41049E-1 3.27984E-1 3.15611E-1 3.928E-1 3.11914E-1 2.84266E-1 2.15848E-1 1.78064E-1 1.68727E-1 1.76154E-1 1.0736E-1 2.64313E-1 1.97184E-1 1.72078E-1 9.81324E-2 8.21323E-2 8.21294E-2 8.57223E-2 8.39335E-2 8.70423E-2 1.07715E-1 1.37942E-1 1.7694E-1 2.05637E-1 2.70179E-1 3.72524E-1 4.2316E-1 4.46082E-1 6.28873E-1 4.78696E-1 4.857E-1 4.92706E-1 5.14253E-1 2.15593E-1 5.31493E-1 3.61958E-1 2.13066E-1 1.71288E-1 1.84811E-1 1.94636E-1 1.63957E-1 1.67235E-1 1.97601E-1 2.28007E-1 2.30319E-1 3.27553E-1 2.37633E-1 2.11452E-1 1.75821E-1 2.17432E-1 1.01616E-1 1.04415E-1 1.25255E-1 1.36119E-1 2.00893E-1 1.18689E-1 2.41916E-1 1.93873E-1 2.21984E-1 2.36488E-1
3.23457E-1 2.72811E-1 3.19885E-1 1.3588E-1 1.18094E-1 1.17474E-1 8.06471E-2 8.58565E-2 1.38412E-1 1.2625E-1 5.00835E-2 1.25887E-1 9.76656E-2 8.87931E-2 8.17529E-2 7.29389E-2 5.62787E-2 5.28381E-2 7.24979E-2 8.85518E-2 1.09068E-1 1.42086E-1 1.84934E-1 2.27205E-1 2.70674E-1 2.97832E-1 3.72648E-1 3.1224E-1 6.6318E-1 4.35402E-1 4.56509E-1 4.1061E-1 3.96237E-1 4.65593E-1 2.34639E-1 1.83012E-1 3.50358E-1 1.72417E-1 1.80412E-1 1.98171E-1 1.89926E-1 1.61707E-1 1.75175E-1 1.85376E-1 1.59782E-1 2.97948E-1 2.17354E-1 1.90919E-1 1.85581E-1 2.02003E-1 1.38396E-1 1.18696E-1 9.77108E-2 1.03943E-1 1.21376E-1 6.44097E-2 2.28848E-1 2.164E-1 2.18305E-1 1.83823E-1
3.10859E-1 2.61671E-1 2.72769E-1 2.14002E-1 7.71012E-2 6.04496E-2 1.59413E-1 1.59511E-1 1.23582E-1 5.22061E-2 5.26404E-2 1.36365E-1 9.89703E-2 6.68945E-2 8.70424E-2 8.55285E-2 4.99474E-2 1.00613E-1 7.47581E-2 9.56134E-2 1.14663E-1 2.17034E-1 3.00241E-1 2.79279E-1 3.38312E-1 3.37105E-1 3.65909E-1 4.14685E-1 6.23284E-1 4.76269E-1 4.54615E-1 4.03536E-1 3.73401E-1 5.26314E-1 2.07602E-1 2.72723E-1 4.01794E-1 2.94639E-1 2.7409E-1 2.17514E-1 1.91518E-1 1.51445E-1 1.23628E-1 1.40099E-1 1.51081E-1 1.58068E-1 1.99181E-1 1.63384E-1 1.42026E-1 1.46899E-1 1.4444E-1 1.56967E-1 1.6257E-1 1.29442E-1 1.22602E-1 1.77574E-1 3.10967E-1 2.39129E-1 1.91963E-1 1.80592E-1
2.83158E-1 1.90021E-1 2.28478E-1 9.97054E-2 7.33813E-2 9.74854E-2 1.40275E-1 1.66636E-1 9.59676E-2 1.1288E-1 8.27701E-2 5.01469E-2 1.06802E-1 8.47243E-2 6.07762E-2 5.96379E-2 8.34855E-2 1.02824E-1 8.34666E-2 1.13416E-1 1.93626E-1 2.32257E-1 1.12153E-1 3.79935E-1 3.66217E-1 3.55942E-1 3.52499E-1 4.48052E-1 6.99043E-1 6.15281E-1 4.62073E-1 3.92628E-1 3.6133E-1 4.36678E-1 2.34011E-1 3.36632E-1 3.18388E-1 2.78093E-1 2.50138E-1 2.07016E-1 1.88408E-1 1.50836E-1 1.40495E-1 1.49589E-1 1.64588E-1 1.73141E-1 1.94623E-1 1.41668E-1 1.49569E-1 1.5753E-1 1.67728E-1 1.71616E-1 1.66814E-1 1.87999E-1 1.5684E-1 1.73843E-1 1.76245E-1 2.2554E-1 1.82979E-1 1.69926E-1
2.24595E-1 1.55079E-1 9.14052E-2 8.42142E-2 7.31928E-2 1.25229E-1 8.54712E-2 1.50058E-1 7.1612E-2 2.25831E-2 5.17527E-2 5.67354E-2 6.0068E-2 6.18649E-2 6.24849E-2 7.07839E-2 6.46738E-2 3.68551E-2 7.69977E-2 2.92836E-2 1.11666E-1 1.39086E-1 2.90291E-1 3.61647E-1 3.30007E-1 3.44859E-1 3.37429E-1 4.07503E-1 5.8248E-1 6.12096E-1 4.68717E-1 3.96942E-1 3.48709E-1 4.08535E-1 1.96138E-1 3.15783E-1 2.65527E-1 2.56205E-1 2.44435E-1 1.85688E-1 1.69478E-1 1.43272E-1 1.2462E-1 1.2738E-1 8.10837E-2 7.27414E-2 1.39368E-1 1.58943E-1 1.66325E-1 1.79148E-1 1.98392E-1 1.96097E-1 1.87201E-1 1.8689E-1 1.68139E-1 1.31381E-1 1.33579E-1 1.83711E-1 1.767E-1 1.70412E-1
1.33223E-1 1.21474E-1 9.33454E-2 8.07213E-2 9.32848E-2 1.25661E-1 1.24404E-1 8.90196E-2 8.97322E-2 7.02487E-2 5.40246E-2 5.12772E-2 5.07935E-2 4.98816E-2 5.54526E-2 6.18953E-2 1.44864E-2 7.6769E-2 1.07111E-1 1.72078E-1 2.88664E-1 3.08579E-1 2.86865E-1 3.4678E-1 3.83353E-1 4.25704E-1 3.37036E-1 3.67529E-1 4.66607E-1 5.93422E-1 4.58619E-1 3.9338E-1 3.19206E-1 3.83231E-1 2.86009E-1 2.71942E-1 2.25908E-1 2.28908E-1 2.40978E-1 1.97692E-1 1.49816E-1 1.2033E-1 1.10892E-1 8.91013E-2 1.01382E-1 6.91524E-2 1.50412E-1 1.70813E-1 1.87688E-1 1.96624E-1 2.38925E-1 2.30009E-1 2.04588E-1 1.89313E-1 4.32015E-2 1.58505E-1 1.80526E-1 1.14259E-1 1.9586E-1 1.91763E-1
4.70886E-2 1.45346E-1 1.05221E-1 8.84675E-2 1.18559E-1 1.41989E-1 3.15025E-2 1.53035E-1 1.42061E-1 1.05327E-1 8.63602E-2 6.48698E-2 4.07529E-2 3.82964E-2 4.18298E-2 5.72321E-2 9.33618E-2 1.06359E-1 1.22399E-1 1.69493E-1 2.24763E-1 2.68597E-1 2.91025E-1 4.23504E-1 4.00951E-1 2.51206E-1 2.06762E-1 2.37633E-1 4.42155E-1 6.47597E-1 5.41376E-1 4.26076E-1 3.45315E-1 3.88183E-1 3.28466E-1 2.43492E-1 1.86267E-1 1.8034E-1 1.74336E-1 1.96155E-1 9.41267E-2 1.41026E-1 9.70709E-2 1.14157E-1 9.18752E-2 1.4101E-1 2.00775E-1 1.62611E-1 2.19987E-1 2.1482E-1 2.51154E-1 2.97782E-1 2.53848E-1 6.31422E-2 2.02311E-1 5.1592E-2 4.49059E-2 1.24908E-1 6.78786E-2 1.94716E-1
1.92447E-1 1.56298E-1 1.54619E-1 1.23774E-1 1.02468E-1 1.37429E-1 7.23326E-2 1.13257E-1 7.04734E-2 6.39742E-2 4.95716E-2 3.94455E-2 3.46191E-2 3.76444E-2 4.75747E-2 1.08342E-1 9.43662E-2 1.14695E-1 1.27252E-1 1.44839E-1 2.00901E-1 2.73712E-1 3.07713E-1 1.92302E-1 3.00286E-1 1.58931E-1 1.45663E-1 1.95689E-1 4.49296E-1 5.64128E-1 4.8855E-1 4.14608E-1 3.75497E-1 3.45643E-1 2.47147E-1 1.9656E-1 1.79321E-1 1.64184E-1 1.41291E-1 1.14627E-1 1.25853E-1 1.3582E-1 4.2368E-2 8.98252E-2 1.01185E-1 1.49299E-1 1.81516E-1 1.90784E-1 2.46807E-1 2.40199E-1 7.17025E-2 9.30841E-2 1.08846E-1 1.77009E-1 2.06127E-1 1.52554E-1 1.20421E-1 1.12418E-1 1.47045E-1 7.74609E-2
1.3959E-1 1.08052E-1 1.0936E-1 1.00209E-1 5.15407E-2 4.64824E-2 7.44787E-2 6.09365E-2 4.84411E-2 4.20166E-2 3.66414E-2 3.37064E-2 4.22597E-2 7.37572E-2 1.2258E-1 8.46506E-2 1.39096E-1 1.61281E-1 1.80827E-1 1.74967E-1 2.12754E-1 3.28604E-1 4.02863E-1 3.16203E-1 2.2297E-1 1.70688E-1 2.22497E-1 3.09089E-1 4.24725E-1 5.09742E-1 4.51326E-1 4.33514E-1 4.04271E-1 2.67667E-1 2.43732E-1 1.76898E-1 1.555E-1 1.41683E-1 1.27152E-1 9.57021E-2 8.90477E-2 1.05847E-1 8.84529E-2 1.38966E-1 1.19479E-1 1.56297E-1 1.86059E-1 2.23848E-1 2.95671E-1 2.54872E-1 1.94314E-1 1.91159E-1 5.39792E-2 2.13707E-1 1.84956E-1 1.65899E-1 1.58296E-1 1.42187E-1 9.40679E-2 1.42719E-1
1.10307E-1 9.79522E-2 8.28325E-2 1.35384E-1 9.00419E-2 6.09233E-2 5.27659E-2 4.38682E-2 4.52864E-2 4.43595E-2 4.07717E-2 4.95765E-2 9.59454E-2 1.37873E-1 2.00711E-1 5.2088E-2 1.70916E-1 1.96791E-1 2.36689E-1 2.46011E-1 3.10784E-1 2.2767E-1 2.83509E-1 2.20785E-1 1.61699E-1 1.76957E-1 2.9336E-1 3.29144E-1 4.95249E-1 4.83482E-1 3.29547E-1 2.9069E-1 2.80287E-1 3.3279E-1 2.07114E-1 1.67495E-1 1.36083E-1 1.17625E-1 1.20389E-1 9.52224E-2 8.15778E-2 8.40934E-2 1.73142E-1 2.21158E-1 1.33978E-1 1.67748E-1 2.06492E-1 2.73652E-1 3.22773E-1 2.67869E-1 2.0177E-1 1.95966E-1 4.3632E-2 1.99622E-1 1.519E-1 1.14659E-1 9.3693E-2 1.53735E-1 8.00129E-2 9.45481E-2
1.03685E-1 9.3914E-2 2.664E-2 8.23455E-2 5.54349E-2 4.76199E-2 4.56954E-2 3.85339E-2 4.05569E-2 4.1124E-2 5.04431E-2 1.07586E-1 6.64323E-2 1.11937E-1 1.88881E-1 2.00348E-1 2.25525E-1 2.64091E-1 2.70537E-1 3.20264E-1 9.9823E-2 2.76813E-1 1.34907E-1 1.29679E-1 1.88884E-1 3.62273E-1 3.51056E-1 4.62342E-1 6.14325E-1 5.24574E-1 4.89759E-1 3.90769E-1 2.93672E-1 3.80634E-1 2.73759E-1 2.10148E-1 1.45192E-1 1.26566E-1 1.39619E-1 1.23911E-1 1.03113E-1 9.5112E-2 2.13219E-1 1.99182E-1 1.46527E-1 1.77119E-1 2.44648E-1 3.5871E-1 2.87946E-1 2.41234E-1 2.19385E-1 2.43811E-1 7.74563E-2 1.98762E-1 1.48629E-1 1.22549E-1 1.09421E-1 1.72346E-1 9.98778E-2 9.4721E-2
9.58252E-2 1.96317E-2 6.53E-2 5.26689E-2 4.53267E-2 3.84335E-2 4.36408E-2 4.6231E-2 5.18689E-2 5.8277E-2 1.01839E-1 1.405E-1 1.29918E-1 1.60012E-1 2.43235E-1 3.00968E-1 3.21904E-1 3.4298E-1 3.26738E-1 3.73802E-1 2.55647E-1 1.77992E-1 1.60506E-1 1.99535E-1 3.18981E-1 3.82957E-1 4.49628E-1 5.98493E-1 6.82625E-1 5.73739E-1 4.88955E-1 4.20484E-1 3.09874E-1 2.36468E-1 3.38922E-1 1.55488E-1 2.55663E-1 1.34258E-1 1.63325E-1 1.54909E-1 1.31197E-1 1.28751E-1 1.3004E-1 1.69978E-1 1.39796E-1 2.25291E-1 3.69795E-1 4.29623E-1 2.73069E-1 2.39841E-1 2.29155E-1 2.94E-1 1.86102E-1 2.27662E-1 1.93426E-1 1.71116E-1 1.73892E-1 1.70284E-1 1.26006E-1 1.00232E-1
1.15146E-1 8.90329E-2 7.66173E-2 6.42921E-2 6.2371E-2 5.73508E-2 5.00672E-2 5.24013E-2 6.1148E-2 7.93898E-2 1.17492E-1 1.79358E-1 2.07686E-1 2.42686E-1 3.29306E-1 3.29972E-1 4.49666E-1 4.42077E-1 4.02351E-1 3.64819E-1 3.20077E-1 1.98753E-1 1.89077E-1 2.55185E-1 3.91093E-1 4.92663E-1 5.31967E-1 7.15229E-1 7.52688E-1 6.41374E-1 5.5262E-1 4.48192E-1 3.9092E-1 2.65887E-1 2.00701E-1 2.68289E-1 2.54692E-1 2.61494E-1 1.80908E-1 1.98927E-1 1.56639E-1 1.65655E-1 1.65815E-1 2.14795E-1 1.65857E-1 3.32799E-1 4.42131E-1 4.19962E-1 3.10854E-1 2.92871E-1 2.54111E-1 3.85872E-1 4.04946E-1 2.75558E-1 2.46738E-1 2.05298E-1 1.74775E-1 1.44209E-1 1.07647E-1 9.98431E-2
1.45794E-1 1.61512E-1 1.32165E-1 1.04374E-1 9.70811E-2 7.11808E-2 5.97962E-2 5.31079E-2 6.67453E-2 1.01324E-1 1.40774E-1 1.98571E-1 2.6969E-1 3.08292E-1 2.54996E-1 3.95989E-1 4.91076E-1 4.81986E-1 4.54945E-1 2.46378E-1 3.70972E-1 2.73675E-1 2.62089E-1 3.4592E-1 4.2676E-1 5.21713E-1 5.35216E-1 6.70754E-1 7.98594E-1 7.58329E-1 6.16536E-1 4.91636E-1 4.18692E-1 3.26673E-1 2.5978E-1 2.15246E-1 2.39357E-1 2.01507E-1 1.28407E-1 2.39738E-1 1.91655E-1 1.71866E-1 1.73862E-1 1.85044E-1 1.68943E-1 4.15212E-1 4.64254E-1 3.92558E-1 3.29535E-1 3.41491E-1 2.98328E-1 4.69796E-1 4.47072E-1 2.49878E-1 2.7966E-1 2.27567E-1 1.8743E-1 1.51032E-1 1.20583E-1 9.85827E-2
2.61317E-1 2.32555E-1 1.91621E-1 1.48146E-1 1.0793E-1 8.41781E-2 7.06986E-2 5.62708E-2 8.14119E-2 1.25565E-1 1.70895E-1 2.39895E-1 3.14223E-1 3.91209E-1 4.37434E-1 4.8239E-1 5.33005E-1 5.30923E-1 5.22107E-1 3.24625E-1 3.97447E-1 3.29484E-1 3.36607E-1 4.39201E-1 5.11061E-1 5.49644E-1 6.0509E-1 6.29795E-1 7.64298E-1 7.69559E-1 7.5253E-1 5.36611E-1 4.68565E-1 3.83865E-1 3.08999E-1 2.4694E-1 2.08794E-1 2.0855E-1 2.09123E-1 2.02667E-1 2.70055E-1 1.77739E-1 1.76242E-1 1.88744E-1 2.40804E-1 3.38362E-1 3.81437E-1 3.3396E-1 1.06793E-1 3.54549E-1 3.97247E-1 2.78916E-1 1.09421E-1 3.13056E-1 2.97367E-1 2.3296E-1 1.96163E-1 1.66006E-1 1.36059E-1 1.12098E-1
2.95307E-1 2.99523E-1 2.52159E-1 1.85316E-1 1.32104E-1 9.37008E-2 7.90803E-2 6.31422E-2 9.04588E-2 1.44688E-1 1.90401E-1 2.6641E-1 3.45366E-1 4.06015E-1 4.66321E-1 4.98868E-1 5.53164E-1 5.57602E-1 5.39811E-1 4.26213E-1 4.22991E-1 3.91763E-1 4.5767E-1 5.27473E-1 5.90742E-1 5.97028E-1 6.16602E-1 6.29703E-1 6.54157E-1 7.8328E-1 7.27442E-1 6.91918E-1 5.54658E-1 4.53016E-1 3.71657E-1 3.09998E-1 3.1106E-1 2.96527E-1 2.43473E-1 1.32297E-1 2.41876E-1 2.61289E-1 1.98695E-1 1.99039E-1 2.14755E-1 1.58771E-1 2.47949E-1 3.53574E-1 3.09611E-1 3.11489E-1 4.22112E-1 2.23182E-1 1.22596E-1 3.3599E-1 3.13615E-1 2.57221E-1 2.16147E-1 1.83413E-1 1.46757E-1 1.25864E-1
3.4159E-1 4.98443E-1 3.58046E-1 2.51362E-1 1.86063E-1 1.37375E-1 9.70845E-2 7.57056E-2 1.09348E-1 1.73177E-1 2.03475E-1 2.84788E-1 3.63706E-1 4.23055E-1 4.81173E-1 5.26229E-1 5.90471E-1 5.79028E-1 5.92815E-1 5.21555E-1 4.51999E-1 4.26707E-1 4.84743E-1 5.56856E-1 6.08899E-1 6.43099E-1 6.41272E-1 6.37573E-1 6.30247E-1 6.65129E-1 7.43437E-1 4.59923E-1 4.50484E-1 4.87478E-1 2.03723E-1 2.68593E-1 2.60826E-1 1.92342E-1 1.58744E-1 2.10512E-1 1.31776E-1 2.32232E-1 2.11125E-1 2.17961E-1 2.18347E-1 2.7661E-1 2.78615E-1 3.31632E-1 3.26648E-1 3.11046E-1 4.80839E-1 3.50003E-1 5.28836E-1 4.95274E-1 4.08129E-1 1.52511E-1 5.67902E-2 1.40218E-1 9.7277E-2 3.94828E-2
6.11787E-1 3.87705E-1 5.23126E-1 3.54156E-1 2.50932E-1 1.80755E-1 1.26141E-1 9.21087E-2 1.35611E-1 1.91086E-1 2.19273E-1 2.83239E-1 3.64689E-1 4.25954E-1 4.83225E-1 5.31807E-1 5.79755E-1 4.95232E-1 4.14066E-1 5.62737E-1 4.41347E-1 4.127E-1 4.58307E-1 5.38403E-1 5.53883E-1 6.44607E-1 6.8218E-1 6.40381E-1 6.51423E-1 4.71705E-1 5.90331E-1 4.91604E-1 5.07206E-1 4.80368E-1 3.84562E-1 3.04535E-1 1.89616E-1 1.3963E-1 1.24727E-1 1.05615E-1 1.04761E-1 1.33466E-1 1.98054E-1 1.46808E-1 5.99149E-2 1.56956E-1 2.6457E-1 2.9954E-1 3.13194E-1 3.13001E-1 3.20225E-1 2.25277E-1 3.78816E-1 3.69422E-1 3.67053E-1 2.07871E-1 1.93356E-1 1.38845E-1 8.81017E-2 9.34159E-2
