Phytophthora/models/20240506_1646_46/Phytophthora_PA3_RUN5_MAXENT_outputs/Phytophthora_PA3_RUN5.asc
ncols         225
nrows         269
xllcorner     473009.9838
yllcorner     4429051.1748
cellsize      50.0
NODATA_value  -9999
[rows 208 to 233 of 269, columns 120 to 179 of 225]
1.1852E-1 1.27807E-1 9.48602E-2 1.20207E-1 9.97695E-2 8.79425E-2 8.97395E-2 7.97833E-2 1.74997E-1 1.04914E-1 1.14956E-1 1.21326E-1 1.21217E-1 1.05003E-1 9.54337E-2 8.26567E-2 9.05698E-2 1.17117E-1 1.3462E-1 1.71415E-1 2.38109E-1 3.47215E-1 3.30376E-1 4.32489E-1 4.72481E-1 4.84375E-1 4.27145E-1 4.2189E-1 3.04942E-1 2.67754E-1 2.55708E-1 2.47669E-1 2.56366E-1 2.39764E-1 3.21951E-1 3.67838E-1 3.36613E-1 2.48833E-1 2.36033E-1 2.02935E-1 2.33969E-1 1.69897E-1 1.80078E-1 2.38064E-1 3.22292E-1 2.93407E-1 2.20142E-1 1.80082E-1 1.62116E-1 1.60947E-1 1.84367E-1 1.63573E-1 1.23509E-1 9.97804E-2 1.24511E-1 1.03468E-1 1.03756E-1 1.16758E-1 1.70699E-1 2.45893E-1
1.95878E-1 1.92156E-1 1.16155E-1 1.91042E-1 8.55214E-2 8.60571E-2 7.76744E-2 6.84441E-2 7.81124E-2 1.93849E-1 1.9761E-1 1.23509E-1 1.25591E-1 1.12361E-1 1.03619E-1 9.99356E-2 1.224E-1 1.37788E-1 1.50402E-1 1.81494E-1 2.72272E-1 3.36175E-1 3.19619E-1 4.09337E-1 4.55159E-1 4.70837E-1 4.05972E-1 3.326E-1 2.44567E-1 2.32161E-1 2.27739E-1 2.04826E-1 2.12307E-1 2.07973E-1 4.13988E-1 3.38209E-1 3.49034E-1 2.57004E-1 2.14869E-1 1.51031E-1 2.17878E-1 1.58237E-1 1.64284E-1 2.11369E-1 2.96542E-1 2.7044E-1 2.01628E-1 1.6746E-1 1.59338E-1 1.66177E-1 1.9156E-1 1.74762E-1 1.60729E-1 1.19187E-1 8.99252E-2 7.90234E-2 8.28696E-2 1.28429E-1 2.17732E-1 2.40884E-1
2.01934E-1 1.66701E-1 1.49093E-1 1.95779E-1 9.76804E-2 8.1911E-2 7.43156E-2 7.02798E-2 7.37293E-2 1.26812E-1 1.5864E-1 1.86115E-1 1.24724E-1 1.09492E-1 1.06139E-1 1.27421E-1 1.36806E-1 1.4406E-1 1.67052E-1 1.97894E-1 3.34218E-1 2.9295E-1 3.2578E-1 4.07453E-1 4.19369E-1 4.15529E-1 3.46287E-1 2.60558E-1 2.37578E-1 2.25974E-1 2.04422E-1 1.82807E-1 1.93634E-1 2.14184E-1 4.15595E-1 3.50212E-1 4.31013E-1 2.87022E-1 1.96567E-1 2.03735E-1 2.58299E-1 1.75106E-1 1.79742E-1 1.90998E-1 2.81291E-1 2.41369E-1 1.97877E-1 1.55297E-1 1.64728E-1 1.73056E-1 1.93944E-1 1.78268E-1 1.70713E-1 1.37165E-1 1.07072E-1 8.70245E-2 6.69311E-2 1.21199E-1 1.26844E-1 2.87967E-1
1.92944E-1 1.71035E-1 1.55948E-1 1.38057E-1 1.57626E-1 7.83673E-2 6.85316E-2 6.35578E-2 6.54729E-2 6.71916E-2 1.70141E-1 7.39921E-2 1.8267E-1 1.35209E-1 1.61426E-1 1.5653E-1 1.40475E-1 1.55725E-1 1.84113E-1 2.14475E-1 3.95494E-1 3.00521E-1 3.46496E-1 3.06125E-1 4.08186E-1 3.8558E-1 2.88424E-1 2.46605E-1 2.14902E-1 2.00877E-1 8.65443E-2 1.51356E-1 2.02174E-1 2.46743E-1 1.34683E-1 3.67852E-1 4.57332E-1 2.72284E-1 2.09333E-1 2.16366E-1 2.34021E-1 1.89013E-1 1.98374E-1 2.23376E-1 3.22183E-1 2.4322E-1 2.75041E-1 1.46116E-1 1.77035E-1 1.86988E-1 1.95984E-1 1.83886E-1 1.62777E-1 1.42422E-1 1.28751E-1 1.10767E-1 9.46406E-2 9.27896E-2 1.88428E-1 1.98748E-1
2.1137E-1 2.03515E-1 1.78626E-1 1.37526E-1 1.18807E-1 1.73624E-1 7.11482E-2 6.24731E-2 6.33769E-2 5.926E-2 5.70044E-2 1.57324E-1 1.11297E-1 1.35804E-1 1.57617E-1 1.27861E-1 1.28604E-1 1.62305E-1 1.93077E-1 2.22099E-1 4.10871E-1 3.07134E-1 9.31638E-2 2.00141E-1 3.80912E-1 3.54336E-1 2.53118E-1 2.25788E-1 2.00944E-1 1.70228E-1 1.04919E-1 1.57942E-1 2.17677E-1 2.8703E-1 3.14413E-1 3.23527E-1 3.52409E-1 2.31131E-1 2.03624E-1 2.49912E-1 2.05534E-1 2.58532E-1 2.85082E-1 3.06225E-1 3.7177E-1 3.08647E-1 2.84863E-1 2.10189E-1 2.03322E-1 2.17197E-1 2.12381E-1 1.81481E-1 1.58314E-1 1.41189E-1 1.31316E-1 1.24185E-1 1.42653E-1 1.52027E-1 1.84854E-1 1.8322E-1
2.8233E-1 2.47264E-1 2.15548E-1 1.82386E-1 1.50897E-1 1.67332E-1 1.63913E-1 6.90561E-2 5.51839E-2 5.17294E-2 5.04874E-2 6.66336E-2 1.1719E-1 8.60395E-2 9.12379E-2 1.0203E-1 1.23777E-1 1.75063E-1 2.10893E-1 2.40765E-1 4.02524E-1 3.43239E-1 3.02168E-1 3.90036E-1 3.06498E-1 3.80432E-1 3.28007E-1 2.54005E-1 2.14212E-1 3.60237E-2 1.46242E-1 1.70453E-1 2.17046E-1 3.75634E-1 2.77486E-1 2.09446E-1 3.1217E-1 2.78833E-1 2.53653E-1 3.28514E-1 2.86136E-1 2.94758E-1 3.40221E-1 4.51965E-1 4.47888E-1 3.84206E-1 3.075E-1 3.2407E-1 2.54029E-1 2.73738E-1 2.32636E-1 1.6279E-1 1.44902E-1 1.30073E-1 1.22281E-1 1.37069E-1 6.40138E-2 9.56342E-2 1.53262E-1 1.11979E-1
3.90942E-1 3.31608E-1 2.73112E-1 2.1378E-1 1.77493E-1 1.59849E-1 1.54262E-1 1.21374E-1 5.3309E-2 4.76714E-2 4.59679E-2 4.01342E-2 1.12024E-1 6.81449E-2 8.31785E-2 1.05092E-1 1.49685E-1 1.94657E-1 2.24118E-1 2.46602E-1 3.54949E-1 3.85376E-1 2.32952E-1 3.75811E-1 4.41762E-1 4.16862E-1 2.23087E-1 2.75645E-1 1.99502E-1 1.84903E-1 1.62103E-1 1.69688E-1 2.76473E-1 2.83921E-1 3.64993E-1 2.07236E-1 3.793E-1 3.34187E-1 3.00485E-1 3.61999E-1 3.41724E-1 3.39267E-1 3.32316E-1 3.40999E-1 4.64724E-1 4.11641E-1 3.15337E-1 3.45381E-1 3.00004E-1 3.21064E-1 2.64688E-1 1.63705E-1 1.36387E-1 1.17931E-1 1.29691E-1 1.28196E-1 1.60391E-1 1.35912E-1 1.46034E-1 1.38336E-1
4.06297E-1 3.72823E-1 3.24237E-1 2.60279E-1 2.19538E-1 1.90117E-1 1.49675E-1 1.2059E-1 1.34411E-1 5.66567E-2 3.75404E-2 3.07594E-2 7.09324E-2 6.63719E-2 6.6393E-2 1.42533E-1 2.02833E-1 2.06801E-1 2.33083E-1 2.54889E-1 3.23966E-1 4.33006E-1 1.73408E-1 3.58006E-1 4.54501E-1 3.75515E-1 3.34509E-1 2.61957E-1 2.2962E-1 1.756E-1 1.51291E-1 1.76895E-1 3.65206E-1 2.87842E-1 5.06876E-1 1.65267E-1 4.29792E-1 3.69901E-1 3.53989E-1 3.61926E-1 3.69304E-1 3.94981E-1 3.90923E-1 3.45551E-1 3.93863E-1 4.72471E-1 3.34777E-1 3.30758E-1 3.75082E-1 3.39956E-1 2.54882E-1 1.66142E-1 1.45674E-1 1.19646E-1 1.39329E-1 1.15627E-1 1.5599E-1 1.48743E-1 1.40341E-1 1.45493E-1
3.94683E-1 3.64859E-1 3.46089E-1 3.13118E-1 2.68409E-1 2.32134E-1 1.90653E-1 1.42032E-1 1.35431E-1 1.32881E-1 1.09446E-1 9.56154E-2 5.87318E-2 8.76398E-2 9.87191E-2 1.61969E-1 1.67318E-1 1.9345E-1 2.41463E-1 2.66275E-1 2.93933E-1 4.7085E-1 1.45031E-1 4.29724E-1 4.70114E-1 4.00089E-1 1.36423E-1 3.21989E-1 2.0789E-1 1.80144E-1 1.62251E-1 2.51031E-1 3.1237E-1 2.82704E-1 2.65336E-1 4.50393E-1 4.06712E-1 3.50852E-1 4.40992E-1 3.60393E-1 4.00286E-1 4.58767E-1 2.37362E-1 3.26293E-1 4.03234E-1 4.38336E-1 3.72827E-1 2.94114E-1 3.55934E-1 3.46087E-1 2.14626E-1 1.59665E-1 1.54462E-1 1.40021E-1 8.93753E-2 1.83453E-1 1.31281E-1 1.67289E-1 1.8244E-1 2.05973E-1
6.07806E-1 5.23848E-1 4.76405E-1 4.18092E-1 3.4912E-1 3.02426E-1 2.47849E-1 1.76543E-1 1.3605E-1 1.39862E-1 1.29196E-1 1.37593E-1 1.12875E-1 1.21829E-1 1.48159E-1 1.46659E-1 1.70085E-1 2.01317E-1 2.5026E-1 2.81137E-1 3.04907E-1 3.66149E-1 4.98123E-1 5.43999E-1 4.616E-1 4.28971E-1 4.01745E-1 2.36205E-1 2.3401E-1 1.81995E-1 2.00933E-1 4.06374E-1 1.7014E-1 4.81476E-1 4.99505E-1 4.24079E-1 3.93251E-1 4.00068E-1 4.66712E-1 3.73543E-1 3.75752E-1 4.06933E-1 4.55905E-1 1.44052E-1 4.18253E-1 3.78455E-1 4.07101E-1 2.49886E-1 2.94197E-1 3.16422E-1 1.80723E-1 1.51799E-1 1.62152E-1 8.53945E-2 2.09899E-1 1.25875E-1 1.38299E-1 1.54418E-1 2.68508E-1 2.85789E-1
5.65779E-1 5.69108E-1 5.3383E-1 4.37364E-1 3.70061E-1 3.12729E-1 2.62256E-1 1.97437E-1 1.71756E-1 1.59534E-1 1.51894E-1 1.52648E-1 1.52383E-1 1.71684E-1 1.81661E-1 2.06171E-1 2.5153E-1 2.67453E-1 2.86674E-1 3.06716E-1 3.18271E-1 3.968E-1 5.67796E-1 5.65015E-1 4.05627E-1 4.36202E-1 3.43725E-1 2.79224E-1 7.07626E-2 1.76066E-1 2.37962E-1 3.14899E-1 2.31722E-1 5.18439E-1 4.06843E-1 3.79479E-1 4.18841E-1 4.39795E-1 4.42617E-1 4.14052E-1 3.52386E-1 3.59128E-1 4.10711E-1 4.97283E-1 5.09729E-1 4.71328E-1 3.87122E-1 2.00999E-1 2.06067E-1 2.22087E-1 1.54111E-1 1.26532E-1 1.59505E-1 1.39558E-1 1.55893E-1 1.40949E-1 1.41844E-1 2.30166E-1 3.51914E-1 4.1194E-1
4.41072E-1 4.63528E-1 4.53703E-1 4.1402E-1 3.8769E-1 3.37851E-1 2.82003E-1 2.34575E-1 2.11618E-1 1.90855E-1 2.10384E-1 2.21862E-1 2.22903E-1 2.44116E-1 2.6681E-1 3.09345E-1 3.55512E-1 3.38254E-1 3.41194E-1 3.74363E-1 3.91712E-1 5.47996E-1 5.62713E-1 4.93221E-1 4.1499E-1 4.47455E-1 4.07338E-1 2.64555E-1 2.4886E-1 1.47754E-1 1.84304E-1 2.2128E-1 3.35449E-1 4.28225E-1 3.64533E-1 3.95578E-1 4.53132E-1 4.73269E-1 4.60976E-1 4.47464E-1 3.83162E-1 3.58284E-1 4.00374E-1 4.38786E-1 4.72989E-1 4.02459E-1 3.2709E-1 1.90661E-1 1.14345E-1 2.29221E-1 7.55642E-2 1.78768E-1 1.36586E-1 1.13502E-1 1.50028E-1 1.85878E-1 1.71355E-1 2.08793E-1 2.94309E-1 3.93222E-1
1.2931E-1 4.13564E-1 4.04433E-1 4.06006E-1 3.92674E-1 3.62707E-1 3.23418E-1 2.66006E-1 2.4639E-1 2.4181E-1 2.95652E-1 3.17055E-1 3.13655E-1 3.32967E-1 3.64654E-1 4.36892E-1 4.36393E-1 3.96207E-1 4.0505E-1 4.32022E-1 4.93335E-1 5.58019E-1 6.27251E-1 4.4409E-1 4.68631E-1 5.16844E-1 4.79432E-1 2.78845E-1 2.71706E-1 2.91472E-1 3.48687E-1 1.96336E-1 3.86342E-1 3.32826E-1 3.37115E-1 4.03161E-1 4.55863E-1 4.31604E-1 3.95568E-1 4.47176E-1 3.7581E-1 3.28127E-1 3.27715E-1 3.48385E-1 3.39407E-1 2.67409E-1 2.01719E-1 2.33626E-1 2.18258E-1 1.86283E-1 1.08204E-1 1.0574E-1 1.61701E-1 1.63524E-1 1.50359E-1 1.9713E-1 2.59669E-1 2.84602E-1 2.9719E-1 4.2266E-1
4.47999E-1 4.48728E-1 4.63049E-1 4.36424E-1 4.28194E-1 4.14284E-1 3.72381E-1 3.15494E-1 2.82842E-1 2.97111E-1 4.01326E-1 4.52595E-1 4.27611E-1 4.48526E-1 4.81463E-1 5.5596E-1 5.11712E-1 4.64307E-1 4.95961E-1 4.99432E-1 6.87322E-1 6.28618E-1 6.62584E-1 5.73721E-1 6.44922E-1 5.25236E-1 4.18256E-1 2.89773E-1 2.96396E-1 3.35879E-1 2.84878E-1 1.84935E-1 3.9156E-1 3.07837E-1 3.69688E-1 3.96875E-1 4.20159E-1 4.29622E-1 4.29199E-1 3.47178E-1 4.18377E-1 3.22815E-1 2.92546E-1 2.40852E-1 2.38813E-1 2.06539E-1 1.5231E-1 1.30875E-1 6.97814E-2 1.76609E-1 1.80076E-1 1.73024E-1 2.38203E-1 2.74744E-1 2.48028E-1 2.26501E-1 3.04604E-1 3.60535E-1 3.69488E-1 3.97747E-1
4.39524E-1 4.51095E-1 4.92648E-1 4.90609E-1 4.89163E-1 4.85491E-1 4.00339E-1 3.45239E-1 3.42335E-1 3.66581E-1 4.89282E-1 6.35632E-1 5.64397E-1 5.79687E-1 5.93662E-1 6.48992E-1 5.94266E-1 5.58902E-1 6.14412E-1 6.24132E-1 7.54314E-1 7.17956E-1 7.5531E-1 7.45388E-1 7.02118E-1 4.67704E-1 4.4271E-1 3.4932E-1 3.19368E-1 3.49735E-1 2.30155E-1 1.95665E-1 3.48072E-1 3.02335E-1 3.14991E-1 3.2961E-1 3.53517E-1 3.71598E-1 3.99396E-1 2.24522E-1 4.24326E-1 3.73763E-1 3.25965E-1 2.76587E-1 2.60658E-1 2.53172E-1 2.03902E-1 1.51128E-1 1.52629E-1 1.91022E-1 2.47144E-1 3.00691E-1 3.37735E-1 3.22174E-1 3.18932E-1 3.91501E-1 3.66499E-1 3.35642E-1 3.29395E-1 3.52816E-1
4.94613E-1 5.13594E-1 5.70269E-1 5.42181E-1 5.5399E-1 4.84986E-1 3.78469E-1 3.28291E-1 3.19086E-1 3.68141E-1 4.39354E-1 6.13354E-1 6.23249E-1 5.89136E-1 5.8582E-1 6.65364E-1 6.83086E-1 6.33079E-1 6.82057E-1 7.06348E-1 7.45347E-1 7.37255E-1 7.78801E-1 5.44315E-1 6.7222E-1 5.55004E-1 4.64796E-1 3.92499E-1 3.32656E-1 3.72163E-1 1.90407E-1 2.20162E-1 2.91868E-1 2.44891E-1 2.68782E-1 3.00864E-1 3.39744E-1 3.70559E-1 4.00822E-1 3.43665E-1 1.35213E-1 3.92086E-1 3.54167E-1 3.50614E-1 3.35207E-1 3.23521E-1 2.82497E-1 2.00286E-1 2.00049E-1 2.98815E-1 2.43534E-1 2.66309E-1 2.38934E-1 2.25878E-1 2.50388E-1 2.93166E-1 3.17952E-1 3.20911E-1 3.18268E-1 3.35034E-1
6.28276E-1 6.53143E-1 6.81277E-1 2.88692E-1 6.0673E-1 4.51896E-1 3.73437E-1 3.20367E-1 2.84057E-1 3.326E-1 4.50788E-1 5.83069E-1 6.53402E-1 6.32581E-1 6.13827E-1 6.66358E-1 7.47032E-1 7.23766E-1 4.52975E-1 7.78964E-1 6.71942E-1 6.58172E-1 7.16428E-1 6.72267E-1 6.32695E-1 5.47275E-1 4.80268E-1 4.02462E-1 3.51055E-1 4.52998E-1 1.64909E-1 2.56254E-1 2.63316E-1 2.29337E-1 2.73178E-1 3.10228E-1 3.52212E-1 4.02194E-1 4.09309E-1 3.70258E-1 3.20764E-1 3.93795E-1 3.70198E-1 3.65386E-1 3.9398E-1 4.03635E-1 3.90745E-1 2.64925E-1 1.41961E-1 2.12161E-1 2.02123E-1 2.446E-1 2.61911E-1 2.48822E-1 2.47848E-1 2.63277E-1 2.95814E-1 3.30691E-1 3.49227E-1 1.45287E-1
6.08191E-1 6.67592E-1 3.81875E-1 5.81911E-1 4.57661E-1 3.75575E-1 3.61929E-1 3.08297E-1 2.68686E-1 2.96688E-1 4.01202E-1 5.62533E-1 6.3365E-1 6.47467E-1 6.04429E-1 3.24916E-1 5.20019E-1 7.23859E-1 7.65483E-1 6.40965E-1 6.65995E-1 7.49766E-1 5.22546E-1 6.9193E-1 6.29149E-1 5.21698E-1 4.68775E-1 4.12463E-1 4.24168E-1 4.07694E-1 1.48603E-1 2.68467E-1 2.91734E-1 2.69082E-1 3.09657E-1 3.47141E-1 4.03611E-1 4.0971E-1 3.84138E-1 3.6765E-1 4.13468E-1 3.3393E-1 3.46395E-1 3.64429E-1 3.57404E-1 4.01605E-1 4.41928E-1 4.00848E-1 1.11564E-1 1.67991E-1 1.67909E-1 1.91405E-1 2.24881E-1 2.61517E-1 2.80555E-1 2.94899E-1 3.19695E-1 3.51308E-1 2.78693E-1 3.75344E-1
5.46583E-1 5.87844E-1 5.73979E-1 4.2281E-1 3.44171E-1 2.47699E-1 3.11847E-1 1.74997E-1 2.26736E-1 3.11314E-1 3.81768E-1 5.29138E-1 5.92009E-1 6.5534E-1 6.04624E-1 6.24287E-1 6.7878E-1 7.16519E-1 7.04358E-1 5.30845E-1 7.15168E-1 7.01767E-1 3.44025E-1 6.73201E-1 5.99759E-1 5.19167E-1 4.77136E-1 4.32608E-1 5.17384E-1 3.21497E-1 1.42825E-1 3.21738E-1 2.81392E-1 3.04612E-1 3.57034E-1 4.11685E-1 4.2699E-1 3.81472E-1 3.56734E-1 2.56754E-1 3.7698E-1 3.57928E-1 3.64316E-1 3.60477E-1 3.12567E-1 2.78705E-1 3.50228E-1 4.02168E-1 2.75584E-1 1.85894E-1 1.83262E-1 2.09449E-1 2.57476E-1 2.91362E-1 3.20312E-1 3.4042E-1 3.55878E-1 3.83973E-1 3.66174E-1 3.66373E-1
6.47515E-1 6.40942E-1 5.32349E-1 4.08426E-1 3.31295E-1 2.74436E-1 3.31264E-1 1.72434E-1 1.71873E-1 2.40082E-1 3.69E-1 4.7713E-1 5.20469E-1 6.1257E-1 5.09841E-1 5.26384E-1 5.67615E-1 6.68583E-1 5.81196E-1 5.04767E-1 7.70011E-1 7.08342E-1 3.67442E-1 6.51669E-1 6.042E-1 5.68514E-1 5.46064E-1 4.84563E-1 5.09214E-1 2.01332E-1 1.86463E-1 3.93643E-1 3.39187E-1 3.99447E-1 4.49196E-1 4.75668E-1 4.35775E-1 3.72431E-1 3.45033E-1 3.50057E-1 3.3937E-1 3.33207E-1 3.68352E-1 3.72075E-1 3.50121E-1 2.9883E-1 2.8601E-1 4.34775E-1 3.67467E-1 3.6539E-1 3.01268E-1 3.02588E-1 3.29709E-1 3.35571E-1 3.64567E-1 3.81455E-1 3.95306E-1 1.75809E-1 4.29364E-1 4.8302E-1
4.30655E-1 5.42009E-1 3.79662E-1 3.20998E-1 2.85876E-1 2.6787E-1 3.00965E-1 1.99329E-1 1.75232E-1 2.11527E-1 3.42932E-1 4.5118E-1 4.87002E-1 5.84458E-1 4.38965E-1 4.171E-1 4.528E-1 5.0964E-1 7.02457E-1 6.72427E-1 6.24089E-1 4.61702E-1 7.33031E-1 6.65922E-1 6.99134E-1 6.60835E-1 5.5889E-1 4.7793E-1 4.50093E-1 1.13654E-1 2.97337E-1 3.97291E-1 3.82474E-1 4.69051E-1 4.67566E-1 4.63904E-1 4.32458E-1 4.10747E-1 2.6497E-1 3.89165E-1 3.69002E-1 3.3329E-1 3.39505E-1 3.50262E-1 3.52202E-1 3.38205E-1 3.18116E-1 2.88206E-1 3.66068E-1 3.57271E-1 3.78345E-1 4.5559E-1 4.79407E-1 4.43058E-1 4.18764E-1 4.25736E-1 4.00934E-1 4.76005E-1 4.68864E-1 4.58501E-1
4.23182E-1 4.34532E-1 2.24846E-1 2.3213E-1 2.35926E-1 2.42455E-1 2.29735E-1 1.75782E-1 1.68251E-1 2.07878E-1 3.08568E-1 3.95241E-1 4.59777E-1 4.68308E-1 3.72829E-1 3.85156E-1 4.36556E-1 5.16834E-1 5.81589E-1 5.21868E-1 7.24288E-1 7.34026E-1 7.30919E-1 7.02487E-1 6.77002E-1 4.78813E-1 4.87951E-1 4.78473E-1 2.29854E-1 1.39004E-1 3.85684E-1 3.95902E-1 4.34767E-1 4.40079E-1 4.07165E-1 4.39451E-1 4.48191E-1 1.44315E-1 4.42188E-1 3.37572E-1 3.6289E-1 3.66075E-1 3.47351E-1 3.37505E-1 3.74621E-1 3.91607E-1 3.8718E-1 1.55126E-1 2.70338E-1 2.49441E-1 2.64421E-1 3.13781E-1 3.39787E-1 3.70655E-1 4.35777E-1 4.62448E-1 4.32022E-1 5.12095E-1 5.01011E-1 4.75624E-1
3.24825E-1 2.29983E-1 1.94737E-1 2.14653E-1 2.03802E-1 1.94836E-1 1.73687E-1 1.57707E-1 1.61735E-1 2.15018E-1 3.91209E-1 3.44291E-1 4.6264E-1 3.80863E-1 3.85496E-1 4.10354E-1 4.19003E-1 5.08775E-1 4.7036E-1 6.3446E-1 6.30859E-1 6.53067E-1 6.57742E-1 6.18854E-1 4.73328E-1 3.78226E-1 4.01764E-1 4.49637E-1 1.04574E-1 2.72537E-1 4.22424E-1 4.0101E-1 3.82533E-1 3.54507E-1 3.97384E-1 4.38837E-1 4.68244E-1 3.60606E-1 4.70022E-1 4.42322E-1 2.97273E-1 1.36198E-1 3.57535E-1 3.46639E-1 3.7051E-1 3.52992E-1 3.20538E-1 1.0484E-1 2.7872E-1 2.42039E-1 2.24254E-1 2.79242E-1 3.45128E-1 4.32339E-1 4.92282E-1 2.60317E-1 5.23549E-1 5.24784E-1 5.16526E-1 4.8757E-1
2.4613E-1 1.85399E-1 1.631E-1 1.67953E-1 1.53839E-1 1.70144E-1 1.66436E-1 1.70268E-1 1.8535E-1 2.47015E-1 3.29527E-1 3.3518E-1 5.09592E-1 3.6821E-1 3.91792E-1 4.09589E-1 4.01931E-1 4.51806E-1 5.25587E-1 5.33651E-1 5.05711E-1 6.15481E-1 4.86844E-1 4.22147E-1 3.88025E-1 3.93734E-1 5.16078E-1 1.83172E-1 1.57489E-1 3.93441E-1 3.98578E-1 3.61614E-1 3.42963E-1 3.66018E-1 4.11447E-1 4.49333E-1 4.85987E-1 5.5228E-1 5.23224E-1 4.02286E-1 3.92833E-1 3.67604E-1 3.53343E-1 3.77241E-1 1.776E-1 3.25457E-1 2.83022E-1 2.90673E-1 2.42261E-1 2.2962E-1 2.42748E-1 3.07142E-1 4.69867E-1 5.42787E-1 2.71361E-1 5.65232E-1 5.56854E-1 5.50477E-1 5.28486E-1 5.15795E-1
3.2156E-1 2.19747E-1 1.5534E-1 1.4256E-1 1.36074E-1 1.89569E-1 1.45281E-1 1.58308E-1 1.88367E-1 3.38894E-1 2.98766E-1 3.52799E-1 4.88169E-1 3.72486E-1 4.2328E-1 4.66001E-1 4.31765E-1 3.56046E-1 4.3048E-1 4.32994E-1 4.30518E-1 4.37704E-1 4.16286E-1 4.28364E-1 4.71927E-1 5.06584E-1 3.45516E-1 1.33955E-1 2.84268E-1 4.19014E-1 3.92178E-1 3.30835E-1 3.25938E-1 3.76104E-1 4.31391E-1 4.71866E-1 5.13778E-1 6.7236E-1 4.71281E-1 3.33997E-1 4.38707E-1 3.48256E-1 3.64622E-1 3.30571E-1 3.94778E-1 3.70062E-1 4.28732E-1 3.1297E-1 2.47929E-1 2.47816E-1 2.84912E-1 3.76729E-1 4.99226E-1 5.82099E-1 6.70468E-1 6.166E-1 6.00647E-1 5.79259E-1 5.35898E-1 5.25053E-1
2.85668E-1 2.19863E-1 1.71304E-1 1.69307E-1 1.72338E-1 2.41683E-1 2.06567E-1 1.80958E-1 2.02175E-1 3.83743E-1 2.75578E-1 3.65038E-1 4.38148E-1 3.73882E-1 3.83214E-1 4.14979E-1 4.17735E-1 3.95712E-1 4.18311E-1 3.28573E-1 4.40988E-1 5.59816E-1 4.94479E-1 4.09501E-1 3.16198E-1 2.41873E-1 1.9081E-1 1.78572E-1 3.7213E-1 4.27312E-1 3.7408E-1 2.95654E-1 3.30801E-1 3.99131E-1 4.52218E-1 5.32141E-1 6.31702E-1 6.22631E-1 4.06093E-1 3.78851E-1 3.75902E-1 3.5249E-1 1.32854E-1 3.60313E-1 7.49257E-2 3.35613E-1 2.7436E-1 2.16673E-1 2.6594E-1 3.09915E-1 3.50018E-1 4.24535E-1 4.57153E-1 5.19816E-1 5.05766E-1 6.31431E-1 6.13036E-1 5.79141E-1 5.45846E-1 5.29206E-1
