Phytophthora/models/20240506_1646_46/Phytophthora_PA3_RUN5_MAXENT_outputs/Phytophthora_PA3_RUN5.asc
ncols         225
nrows         269
xllcorner     473009.9838
yllcorner     4429051.1748
cellsize      50.0
NODATA_value  -9999
[rows 156 to 181 of 269, columns 120 to 179 of 225]
2.9329E-1 1.39651E-1 1.38257E-1 2.89281E-1 2.50988E-1 2.47941E-1 2.35099E-1 2.15409E-1 2.51237E-1 2.53537E-1 2.9716E-1 3.12087E-1 3.2671E-1 3.17898E-1 2.80071E-1 2.40651E-1 2.55492E-1 2.82257E-1 3.04944E-1 2.97607E-1 3.12537E-1 1.88158E-1 3.75042E-1 3.51113E-1 3.30602E-1 3.16691E-1 2.8677E-1 2.63611E-1 1.56302E-1 3.92204E-1 3.90134E-1 3.79945E-1 4.0445E-1 4.01614E-1 3.75721E-1 3.356E-1 1.50388E-1 3.62864E-1 3.03459E-1 2.75035E-1 2.67481E-1 2.98494E-1 3.21938E-1 2.83237E-1 2.31182E-1 1.63003E-1 8.65299E-2 1.23792E-1 1.26659E-1 1.59359E-1 2.25294E-1 3.03402E-1 3.27023E-1 3.09111E-1 1.03887E-1 2.74469E-1 2.94187E-1 3.54597E-1 2.26468E-1 2.36755E-1
3.56547E-1 3.91485E-1 2.45473E-1 2.67016E-1 2.12079E-1 1.91498E-1 2.38927E-1 2.02255E-1 2.68281E-1 8.21106E-2 3.26168E-1 3.38134E-1 3.37679E-1 3.40208E-1 3.26699E-1 2.93709E-1 2.92721E-1 3.16843E-1 3.44157E-1 3.29301E-1 3.29534E-1 1.24808E-1 3.73111E-1 3.65295E-1 3.96504E-1 3.73613E-1 3.30928E-1 3.08998E-1 4.41056E-1 3.74366E-1 3.26379E-1 3.64357E-1 3.98135E-1 4.1716E-1 4.12516E-1 3.57759E-1 3.09141E-1 3.21678E-1 2.47621E-1 2.50532E-1 2.72627E-1 3.14077E-1 3.46022E-1 1.3809E-1 2.31334E-1 1.63474E-1 3.87307E-2 9.44489E-2 1.15136E-1 1.51112E-1 2.77208E-1 3.77825E-1 3.48168E-1 3.33322E-1 2.91472E-1 3.05959E-1 2.94083E-1 4.25203E-1 4.12735E-1 2.98007E-1
3.57137E-1 3.79503E-1 2.76124E-1 2.46823E-1 2.0349E-1 1.69984E-1 2.47753E-1 2.24885E-1 2.42681E-1 2.91397E-1 3.37568E-1 3.48708E-1 3.41405E-1 3.3553E-1 3.59279E-1 3.61479E-1 3.39725E-1 3.60733E-1 3.87387E-1 3.67496E-1 3.05536E-1 3.24075E-1 3.3268E-1 3.50227E-1 4.27509E-1 4.72942E-1 4.60145E-1 4.31806E-1 3.15852E-1 2.98332E-1 3.65632E-1 3.97117E-1 4.26611E-1 3.8119E-1 3.14495E-1 2.73084E-1 2.54702E-1 2.85429E-1 2.1772E-1 2.06058E-1 2.45741E-1 2.95641E-1 3.25834E-1 7.58521E-2 2.53841E-1 1.95861E-1 4.33711E-2 6.97142E-2 1.07862E-1 1.6195E-1 3.75718E-1 3.91897E-1 3.52873E-1 3.63917E-1 3.20997E-1 2.67097E-1 2.98789E-1 3.65884E-1 3.28357E-1 2.45626E-1
3.31236E-1 1.79428E-1 2.34678E-1 2.11147E-1 1.80706E-1 1.64555E-1 2.36587E-1 3.78651E-1 2.83754E-1 3.33005E-1 3.50771E-1 3.70609E-1 3.72741E-1 3.85989E-1 4.17767E-1 4.51641E-1 4.20563E-1 4.02013E-1 4.29783E-1 4.00096E-1 3.04558E-1 3.08597E-1 2.00708E-1 1.70336E-1 1.94153E-1 1.22278E-1 3.70742E-1 2.65209E-1 3.57928E-1 4.00047E-1 3.62972E-1 3.38505E-1 2.61577E-1 2.30157E-1 2.11114E-1 1.9142E-1 2.14341E-1 2.33721E-1 2.07485E-1 1.76201E-1 2.2088E-1 2.62824E-1 3.01969E-1 2.93247E-1 9.40172E-2 2.24635E-1 4.35453E-2 1.16161E-1 1.36764E-1 1.88727E-1 1.98107E-1 4.66311E-1 3.9199E-1 3.76805E-1 2.86878E-1 3.03723E-1 3.0968E-1 3.50015E-1 3.31789E-1 2.81032E-1
2.85991E-1 2.39668E-1 2.0015E-1 1.73567E-1 1.6066E-1 2.12682E-1 2.89556E-1 3.75556E-1 2.0198E-1 3.25622E-1 3.74971E-1 4.08449E-1 3.87334E-1 4.01631E-1 4.41217E-1 4.86781E-1 5.26968E-1 4.63337E-1 4.7733E-1 1.49108E-1 1.59976E-1 2.84233E-1 2.83265E-1 2.60784E-1 2.61575E-1 1.03617E-1 2.16916E-1 2.89587E-1 2.20039E-1 3.16815E-1 3.10064E-1 1.92312E-1 1.52624E-1 1.45371E-1 1.41421E-1 1.56752E-1 2.08839E-1 2.23483E-1 2.14619E-1 1.63763E-1 2.0022E-1 2.41508E-1 2.77173E-1 2.82467E-1 2.80681E-1 2.21846E-1 5.46629E-2 1.20936E-1 1.37563E-1 1.67525E-1 2.47839E-1 3.6309E-1 5.40895E-1 3.26618E-1 3.58909E-1 3.40961E-1 3.12004E-1 3.26535E-1 3.0123E-1 2.79056E-1
6.65048E-2 2.8082E-1 1.99439E-1 2.4387E-1 2.61607E-1 2.69717E-1 3.19643E-1 3.63026E-1 1.16939E-1 1.86663E-1 9.63361E-2 4.39457E-1 3.87608E-1 3.8245E-1 4.02509E-1 4.80496E-1 5.00712E-1 5.60641E-1 5.23183E-1 4.63915E-1 3.48949E-1 2.85221E-1 2.71427E-1 2.20565E-1 2.26283E-1 1.20293E-1 1.24682E-1 1.57409E-1 2.51161E-1 2.41453E-1 1.67842E-1 1.33793E-1 1.07187E-1 1.06044E-1 1.35153E-1 1.87639E-1 2.22046E-1 2.27047E-1 2.00484E-1 1.63943E-1 1.93588E-1 2.26008E-1 2.56957E-1 2.72758E-1 2.59913E-1 1.20504E-1 1.80005E-1 1.55828E-1 1.55171E-1 1.62892E-1 2.56475E-1 2.31137E-1 4.87841E-1 4.4115E-1 3.56082E-1 2.23174E-1 4.13242E-1 3.97224E-1 4.02399E-1 3.3413E-1
3.56911E-1 3.3222E-1 3.42498E-1 3.52977E-1 3.07088E-1 3.03481E-1 3.28054E-1 3.58818E-1 3.70244E-1 4.08822E-1 4.11116E-1 2.92376E-1 3.89717E-1 3.57972E-1 3.37546E-1 4.27414E-1 4.78516E-1 4.51185E-1 2.55427E-2 2.54861E-1 2.78182E-1 1.39115E-1 3.13245E-1 1.80732E-1 1.47321E-1 1.38144E-1 1.16029E-1 1.18277E-1 1.36931E-1 1.4889E-1 1.25498E-1 1.02837E-1 9.10359E-2 1.45491E-1 1.58118E-1 1.73634E-1 1.95939E-1 2.17849E-1 1.9653E-1 1.62963E-1 1.85967E-1 2.16591E-1 2.45028E-1 1.27849E-1 2.44309E-1 3.09599E-1 1.23831E-1 1.99993E-1 1.68348E-1 4.88219E-2 1.19891E-1 1.92012E-1 1.36685E-1 3.06683E-1 1.91623E-1 4.2486E-1 3.86607E-1 3.86506E-1 4.30715E-1 4.51388E-1
3.8822E-1 3.56162E-1 3.05351E-1 3.22406E-1 2.32173E-1 3.455E-1 3.72726E-1 3.56325E-1 3.50372E-1 3.92934E-1 4.46361E-1 1.50621E-1 4.26175E-1 3.74366E-1 3.26887E-1 3.30473E-1 2.80728E-1 4.48765E-1 4.77959E-1 3.68329E-1 1.73904E-1 1.58505E-1 2.41273E-1 1.70285E-1 2.42031E-1 1.7715E-1 1.5033E-1 1.2899E-1 1.32874E-1 8.69247E-2 1.18151E-1 1.06995E-1 1.26869E-1 1.58505E-1 1.80697E-1 2.111E-1 2.25705E-1 2.27301E-1 2.20252E-1 1.62918E-1 1.74717E-1 2.00056E-1 2.23695E-1 2.25137E-1 2.42241E-1 1.00016E-1 1.56552E-1 1.88813E-1 1.73082E-1 1.41614E-1 1.43333E-1 3.03717E-1 3.7538E-1 4.09679E-1 3.64803E-1 3.97116E-1 4.62026E-1 4.79513E-1 4.63787E-1 4.98808E-1
4.39433E-1 3.70233E-1 3.0819E-1 3.48241E-1 2.48061E-1 2.75074E-1 3.1075E-1 3.38815E-1 3.33477E-1 3.87159E-1 4.76171E-1 1.98498E-1 5.07632E-1 4.87547E-1 2.8354E-1 1.92009E-1 2.01022E-1 3.6124E-1 2.69382E-1 1.67026E-1 2.74227E-1 2.2994E-1 2.05097E-1 2.78389E-1 2.89082E-1 2.17076E-1 1.93318E-1 1.62352E-1 1.54236E-1 9.44704E-2 1.24951E-1 1.30362E-1 1.45274E-1 1.78015E-1 2.26757E-1 2.59542E-1 2.74383E-1 2.55425E-1 2.20183E-1 1.97002E-1 1.65361E-1 1.82332E-1 2.0368E-1 1.99599E-1 2.05029E-1 2.35352E-1 2.04986E-1 2.31279E-1 1.87068E-1 1.64616E-1 2.01216E-1 3.00729E-1 3.20849E-1 5.20718E-1 3.31315E-1 4.69384E-1 5.18514E-1 5.79774E-1 5.92873E-1 5.77193E-1
4.64419E-1 3.59907E-1 2.97925E-1 3.16019E-1 2.4723E-1 2.62646E-1 3.01677E-1 3.40669E-1 3.71141E-1 4.0774E-1 4.49721E-1 2.62743E-1 5.08388E-1 4.19161E-1 3.79089E-1 2.3534E-1 2.83759E-1 3.95814E-1 3.24043E-1 3.84768E-1 2.58035E-1 3.18338E-1 3.0399E-1 3.39322E-1 3.46562E-1 2.8031E-1 2.39237E-1 2.21442E-1 2.36593E-1 1.38567E-1 2.52057E-1 1.49695E-1 1.68604E-1 2.20208E-1 2.87954E-1 3.02394E-1 3.01731E-1 2.70088E-1 2.43217E-1 2.21751E-1 1.94787E-1 1.76265E-1 1.8324E-1 1.97176E-1 1.98391E-1 1.99045E-1 2.7519E-1 1.72843E-1 2.41335E-1 2.33553E-1 2.27586E-1 2.12086E-1 2.70256E-1 1.42063E-1 2.25414E-1 3.22917E-1 4.01527E-1 6.12237E-1 6.37986E-1 6.54706E-1
3.27768E-1 3.76087E-1 2.82056E-1 2.79483E-1 2.46626E-1 2.59605E-1 2.97269E-1 3.22865E-1 3.66936E-1 4.41115E-1 4.77374E-1 2.31493E-1 4.21838E-1 3.04376E-1 2.83747E-1 3.03263E-1 3.43883E-1 4.29977E-1 2.46089E-1 4.31944E-1 5.19002E-1 4.05092E-1 3.5211E-1 3.53518E-1 4.1934E-1 3.84548E-1 2.97768E-1 2.426E-1 2.4091E-1 2.82154E-1 1.99905E-1 2.40421E-1 2.04246E-1 3.08785E-1 3.49314E-1 3.51428E-1 3.19429E-1 2.85156E-1 2.64412E-1 2.39343E-1 2.3201E-1 2.12572E-1 1.96392E-1 1.92008E-1 9.14844E-2 2.87511E-1 2.68891E-1 2.11517E-1 6.15084E-2 1.21605E-1 2.12039E-1 1.65694E-1 1.6561E-1 2.2626E-1 2.76833E-1 3.0945E-1 1.35793E-1 4.67905E-1 3.71949E-1 6.25539E-1
3.38024E-1 2.39413E-1 2.7497E-1 2.68766E-1 2.54409E-1 2.75374E-1 3.20538E-1 3.07901E-1 3.2475E-1 3.96218E-1 4.5876E-1 4.57352E-1 4.766E-1 4.31062E-1 2.32153E-1 2.12528E-1 3.86341E-1 4.5261E-1 4.60421E-1 4.4877E-1 4.39918E-1 4.55587E-1 4.7077E-1 3.96769E-1 3.52974E-1 3.85398E-1 4.02585E-1 3.26335E-1 2.84239E-1 2.30639E-1 2.43771E-1 2.2669E-1 1.2053E-1 3.74434E-1 3.58949E-1 9.03121E-2 1.46443E-1 1.92857E-1 2.1921E-1 2.82355E-1 2.56772E-1 2.4767E-1 2.26565E-1 1.83805E-1 1.85349E-1 3.456E-1 3.13676E-1 2.5433E-1 2.42311E-1 2.62823E-1 1.3937E-1 1.73006E-1 1.68049E-1 2.12893E-1 2.42665E-1 3.25589E-1 4.04079E-1 5.89551E-1 6.17794E-1 5.54706E-1
3.17369E-1 2.28083E-1 1.97066E-1 2.21885E-1 2.56405E-1 3.30861E-1 4.16864E-1 3.36632E-1 3.08882E-1 3.76822E-1 4.36595E-1 5.60959E-1 1.64367E-1 1.61892E-1 4.99905E-1 4.29151E-1 4.30003E-1 4.28428E-1 4.28702E-1 4.21316E-1 4.08147E-1 4.28605E-1 4.33406E-1 4.15022E-1 1.82394E-1 3.86765E-1 8.36939E-2 2.38085E-1 2.13005E-1 1.71455E-1 1.5236E-1 1.13557E-1 1.73908E-1 1.39065E-1 3.7911E-1 3.2131E-1 3.20457E-1 2.59159E-1 2.55928E-1 2.13332E-1 2.46283E-1 2.28262E-1 2.10892E-1 1.67373E-1 2.59165E-1 2.19991E-1 2.90733E-1 3.01111E-1 2.79318E-1 2.84361E-1 2.21652E-1 2.16635E-1 2.36124E-1 1.19184E-1 3.06212E-1 3.48636E-1 4.92014E-1 5.58962E-1 6.15052E-1 6.00886E-1
3.74129E-1 2.98478E-1 1.94906E-1 1.51699E-1 1.45048E-1 2.03074E-1 3.26432E-1 1.86367E-1 4.62983E-1 4.26616E-1 4.15729E-1 5.70265E-1 5.42442E-1 4.70149E-1 4.41769E-1 4.03656E-1 4.12094E-1 4.04384E-1 4.04916E-1 3.97324E-1 3.84551E-1 4.05563E-1 4.09593E-1 4.1789E-1 1.27456E-1 3.96704E-1 3.9694E-1 3.5586E-1 2.47474E-1 2.19625E-1 1.87557E-1 1.68686E-1 1.77741E-1 3.71864E-1 4.00792E-1 3.67309E-1 2.84794E-1 2.07022E-1 2.35678E-1 2.7687E-1 2.38667E-1 2.08E-1 1.92571E-1 1.70206E-1 2.04781E-1 2.5232E-1 1.99886E-1 3.10654E-1 2.91964E-1 3.00704E-1 1.4806E-1 2.63793E-1 1.06223E-1 2.98653E-1 3.23141E-1 3.67766E-1 4.51568E-1 4.91437E-1 6.22387E-1 5.92883E-1
3.42323E-1 3.14791E-1 2.14918E-1 1.68408E-1 1.11495E-1 1.12022E-1 1.4482E-1 2.76162E-1 3.55558E-1 3.32553E-1 4.54508E-1 6.04844E-1 5.43804E-1 4.57115E-1 4.26158E-1 3.74214E-1 3.58392E-1 4.09226E-1 4.44135E-1 3.73964E-1 3.89262E-1 4.09771E-1 4.05009E-1 4.25425E-1 3.09754E-1 4.17652E-1 3.51111E-1 3.26594E-1 3.2226E-1 3.14629E-1 2.95243E-1 2.99326E-1 3.04074E-1 2.51246E-1 3.27439E-1 2.64265E-1 2.1382E-1 1.83363E-1 2.29248E-1 2.34621E-1 2.10729E-1 1.9359E-1 1.85128E-1 1.67605E-1 1.37561E-1 2.80581E-1 2.28165E-1 2.80162E-1 3.17109E-1 3.2981E-1 2.89379E-1 2.41002E-1 2.85433E-1 3.06203E-1 3.289E-1 3.63873E-1 4.10023E-1 5.47944E-1 6.4139E-1 5.44925E-1
3.41862E-1 2.90138E-1 2.48952E-1 2.46986E-1 2.10898E-1 9.71634E-2 1.14652E-1 1.52488E-1 2.08905E-1 3.88337E-1 3.98575E-1 3.86359E-1 3.73966E-1 5.22658E-1 4.06185E-1 3.61848E-1 3.04229E-1 2.78031E-1 4.38221E-1 3.6562E-1 4.44687E-1 3.86645E-1 4.01773E-1 4.31043E-1 3.39795E-1 4.53012E-1 4.22796E-1 3.84735E-1 3.79335E-1 2.10936E-1 3.65961E-1 3.28158E-1 3.24911E-1 1.30751E-1 3.19862E-1 2.37831E-1 1.90883E-1 1.96626E-1 2.27196E-1 2.64621E-1 2.65508E-1 1.84341E-1 1.90623E-1 1.66354E-1 8.72212E-2 1.51246E-1 1.87389E-1 2.00667E-1 2.85128E-1 3.08025E-1 1.66884E-1 2.65504E-1 2.88715E-1 3.06177E-1 3.23955E-1 3.50844E-1 4.63151E-1 5.68879E-1 5.67219E-1 4.45171E-1
3.52927E-1 3.25491E-1 2.56977E-1 2.14994E-1 2.0474E-1 1.77601E-1 1.18261E-1 1.33205E-1 1.75843E-1 2.19715E-1 2.91998E-1 4.3268E-1 4.08249E-1 2.48368E-1 5.58227E-1 3.39688E-1 3.16797E-1 2.55772E-1 2.76974E-1 2.11419E-1 4.93648E-1 3.48701E-1 4.00504E-1 2.5537E-1 4.01201E-1 4.48698E-1 2.43561E-1 1.67E-1 2.67171E-1 4.21826E-1 3.91678E-1 3.93355E-1 3.93457E-1 1.98E-1 2.9129E-1 2.46473E-1 1.94466E-1 1.68076E-1 2.55022E-1 2.22214E-1 2.39426E-1 2.27023E-1 2.64033E-1 2.89158E-1 1.1635E-1 1.36415E-1 2.07395E-1 2.66864E-1 3.77664E-1 3.9124E-1 3.57666E-1 3.79848E-1 3.41771E-1 3.19954E-1 3.50133E-1 4.98453E-1 4.75597E-1 4.66281E-1 4.80489E-1 3.71292E-1
3.31781E-1 3.30256E-1 2.62148E-1 2.07255E-1 1.8006E-1 1.88116E-1 2.1054E-1 1.54103E-1 1.57895E-1 1.97462E-1 2.51188E-1 2.79356E-1 3.70588E-1 3.56331E-1 1.73532E-1 4.93424E-1 2.80279E-1 2.82462E-1 2.16166E-1 3.96702E-1 3.08756E-1 3.3725E-1 3.94923E-1 2.1527E-1 3.58765E-1 4.59049E-1 4.24273E-1 3.65648E-1 3.6372E-1 3.76355E-1 3.49043E-1 3.96535E-1 2.64546E-1 3.77734E-1 2.65795E-1 2.16528E-1 1.83753E-1 1.69921E-1 2.62074E-1 1.87888E-1 2.58771E-1 2.67149E-1 3.03079E-1 3.00643E-1 5.79794E-2 1.90769E-1 2.24347E-1 1.92789E-1 5.34505E-1 5.13462E-1 4.08724E-1 4.72034E-1 3.78411E-1 3.47726E-1 4.55009E-1 4.56883E-1 4.28079E-1 4.15249E-1 3.39835E-1 3.1327E-1
3.18608E-1 3.40027E-1 2.45869E-1 2.006E-1 1.86891E-1 1.65386E-1 2.04593E-1 2.39821E-1 1.95432E-1 1.86226E-1 2.27232E-1 2.50292E-1 2.82486E-1 3.01662E-1 3.42974E-1 2.67429E-1 4.55735E-1 2.90585E-1 3.19156E-1 2.47293E-1 4.1149E-1 3.22994E-1 3.99704E-1 1.90549E-1 3.32035E-1 4.4298E-1 3.22151E-1 3.15495E-1 3.28358E-1 3.43391E-1 3.45328E-1 4.19385E-1 2.84566E-1 3.88887E-1 2.56523E-1 2.07491E-1 1.97171E-1 2.27273E-1 2.42248E-1 6.12468E-2 2.86573E-1 2.79781E-1 2.85857E-1 2.70501E-1 1.37809E-1 1.33029E-1 2.42838E-1 1.97325E-1 4.82686E-1 5.37995E-1 2.40701E-1 4.46451E-1 3.70674E-1 3.19921E-1 3.0885E-1 4.61766E-1 4.10845E-1 3.12239E-1 2.26797E-1 2.27097E-1
3.08733E-1 3.53258E-1 2.37162E-1 2.00208E-1 1.97252E-1 1.83183E-1 1.70318E-1 2.15796E-1 2.1218E-1 1.79545E-1 1.94624E-1 2.14917E-1 2.62143E-1 2.71283E-1 3.82251E-1 2.34217E-1 4.0391E-1 3.36737E-1 3.29386E-1 2.95788E-1 2.6172E-1 3.10807E-1 3.94924E-1 1.16898E-1 2.68734E-1 2.82668E-1 2.55023E-1 3.06215E-1 2.11748E-1 3.36616E-1 3.38769E-1 2.21691E-1 4.66476E-1 3.2204E-1 2.17393E-1 2.13098E-1 2.14299E-1 2.80224E-1 1.10683E-1 2.83846E-1 2.94992E-1 2.97285E-1 3.05179E-1 3.03684E-1 1.14895E-1 2.18871E-1 3.27738E-1 2.94124E-1 4.37156E-1 3.93927E-1 3.42809E-1 3.84416E-1 3.70215E-1 2.87844E-1 2.9894E-1 3.80597E-1 3.49394E-1 3.3737E-1 2.31827E-1 1.84559E-1
3.34462E-1 3.62272E-1 2.13489E-1 1.95635E-1 2.09491E-1 2.02305E-1 1.89093E-1 2.06232E-1 2.30237E-1 2.86074E-1 2.05917E-1 2.3951E-1 2.83186E-1 2.97764E-1 3.16012E-1 3.50604E-1 2.48905E-1 4.06692E-1 3.65759E-1 3.36501E-1 2.78296E-1 2.96222E-1 2.75724E-1 2.96558E-1 2.61665E-1 1.3116E-1 2.5761E-1 2.77145E-1 2.40713E-1 5.13142E-2 6.16609E-2 2.2027E-1 2.4658E-1 2.14172E-1 2.16362E-1 2.31758E-1 2.46386E-1 2.66766E-1 3.34511E-1 3.13893E-1 2.87666E-1 2.94192E-1 2.86756E-1 2.93827E-1 2.20453E-1 2.70527E-1 3.19761E-1 3.39332E-1 3.80274E-1 3.85314E-1 4.06398E-1 4.15347E-1 3.76711E-1 3.26416E-1 2.99144E-1 3.6938E-1 3.14231E-1 2.81347E-1 2.64609E-1 2.11526E-1
3.75321E-1 3.30321E-1 1.85467E-1 2.00497E-1 2.28591E-1 2.22723E-1 2.17315E-1 2.21168E-1 2.26623E-1 2.99915E-1 2.93496E-1 2.43064E-1 2.85035E-1 2.98371E-1 3.349E-1 4.90185E-1 4.89094E-1 5.79428E-1 4.57543E-1 3.60289E-1 3.24899E-1 3.24404E-1 3.76279E-1 1.97761E-1 2.1632E-1 2.44723E-1 2.01341E-1 2.33689E-1 6.11312E-2 1.8304E-1 2.19375E-1 3.54801E-1 2.25647E-1 2.19802E-1 2.16177E-1 2.47526E-1 5.49477E-2 2.86467E-1 3.10454E-1 3.02455E-1 3.07676E-1 3.00006E-1 2.94885E-1 2.85892E-1 2.76369E-1 1.17237E-1 3.42318E-1 4.95868E-1 4.92737E-1 4.81056E-1 4.67452E-1 4.33246E-1 3.65943E-1 3.21304E-1 2.66185E-1 2.3184E-1 2.35399E-1 2.52622E-1 2.31121E-1 1.9927E-1
2.95692E-1 2.61797E-1 1.85531E-1 2.16447E-1 2.28842E-1 2.17375E-1 2.10463E-1 2.17424E-1 1.93597E-1 2.40757E-1 3.09338E-1 2.66384E-1 2.65332E-1 2.98941E-1 3.27504E-1 3.7263E-1 4.74346E-1 5.10021E-1 5.91498E-1 3.82521E-1 3.44416E-1 3.60223E-1 3.07431E-1 2.72842E-1 2.39833E-1 2.64814E-1 2.35268E-1 2.26313E-1 1.56699E-1 2.31072E-1 1.82668E-1 1.95316E-1 1.94945E-1 2.35703E-1 2.15538E-1 2.3892E-1 2.1449E-1 2.75263E-1 2.69243E-1 2.8258E-1 2.94868E-1 2.69871E-1 2.64497E-1 2.44731E-1 3.01639E-1 1.39391E-1 3.51104E-1 4.39318E-1 4.55577E-1 4.42011E-1 4.02144E-1 3.73731E-1 3.52485E-1 2.93818E-1 2.18434E-1 1.74554E-1 1.5215E-1 1.61761E-1 1.91137E-1 2.053E-1
1.3782E-1 2.71606E-1 1.93936E-1 2.12259E-1 2.52403E-1 2.27484E-1 2.15474E-1 2.22052E-1 1.97784E-1 1.95088E-1 2.3795E-1 3.04971E-1 2.84919E-1 3.04838E-1 3.3836E-1 3.7346E-1 4.00422E-1 4.95413E-1 4.98125E-1 5.47485E-1 3.63383E-1 4.28377E-1 2.09733E-1 3.22963E-1 2.37652E-1 8.35006E-2 2.31139E-1 1.74761E-1 1.35325E-1 1.95227E-1 1.28197E-1 1.25065E-1 2.74504E-1 2.52205E-1 3.29556E-1 1.59611E-1 2.50084E-1 2.51443E-1 2.47715E-1 2.54428E-1 2.86939E-1 2.67068E-1 2.44686E-1 2.05113E-1 2.00846E-1 2.14507E-1 3.49306E-1 3.82986E-1 3.00147E-1 2.8724E-1 3.08623E-1 3.23041E-1 3.13863E-1 2.36928E-1 1.77214E-1 2.31137E-1 1.80889E-1 1.6768E-1 2.05191E-1 1.85711E-1
2.29335E-1 3.09837E-1 1.98189E-1 2.24874E-1 3.11009E-1 2.38194E-1 2.09159E-1 2.14603E-1 1.98777E-1 2.10458E-1 2.39861E-1 3.14457E-1 3.58792E-1 3.38032E-1 3.73316E-1 4.14654E-1 4.45453E-1 4.58499E-1 4.99109E-1 4.3049E-1 5.45557E-1 3.82193E-1 3.33037E-1 3.82221E-1 1.49615E-1 1.78201E-1 1.34153E-1 1.23756E-1 1.06899E-1 9.72171E-2 8.40234E-2 8.93567E-2 1.57351E-1 2.60057E-1 2.76389E-1 2.62446E-1 2.25504E-1 2.1827E-1 2.19063E-1 2.32463E-1 2.36014E-1 2.98862E-1 1.99802E-1 1.31026E-1 3.90537E-2 1.122E-1 3.24079E-1 2.81791E-1 2.54051E-1 2.30817E-1 2.54879E-1 2.56772E-1 2.31562E-1 2.40122E-1 2.72275E-1 1.88025E-1 1.97676E-1 2.08978E-1 2.19492E-1 1.29021E-1
3.07127E-1 2.83684E-1 1.86704E-1 2.77431E-1 2.88793E-1 2.10343E-1 1.97677E-1 2.11929E-1 2.04473E-1 2.27774E-1 2.52845E-1 3.23288E-1 4.14158E-1 3.80186E-1 3.61684E-1 3.91919E-1 4.26037E-1 4.66259E-1 4.46373E-1 5.34468E-1 3.91478E-1 2.52019E-1 9.56372E-2 2.0943E-1 1.92829E-1 1.48354E-1 1.27385E-1 1.02618E-1 9.21375E-2 8.76339E-2 7.5188E-2 1.27647E-1 9.24462E-2 9.77823E-2 3.36031E-1 2.03812E-1 1.64585E-1 1.68793E-1 1.7478E-1 1.83018E-1 2.37686E-1 3.70581E-1 2.10735E-1 9.88473E-2 6.24835E-2 8.63086E-2 1.23765E-1 3.58194E-1 2.9394E-1 2.63121E-1 2.44078E-1 2.15199E-1 1.92653E-1 2.30834E-1 1.99522E-1 1.56834E-1 2.28539E-1 2.27129E-1 2.23124E-1 1.32779E-1
