Phytophthora/models/20240506_1646_46/Phytophthora_PA3_RUN5_MAXENT_outputs/Phytophthora_PA3_RUN5.asc
ncols         225
nrows         269
xllcorner     473009.9838
yllcorner     4429051.1748
cellsize      50.0
NODATA_value  -9999
[rows 26 to 51 of 269, columns 0 to 59 of 225]
-9999 -9999 -9999 -9999 -9999 -9999 -9999 -9999 -9999 -9999 -9999 -9999 -9999 -9999 -9999 -9999 -9999 -9999 -9999 -9999 -9999 -9999 -9999 -9999 -9999 -9999 -9999 -9999 -9999 -9999 -9999 -9999 -9999 -9999 -9999 -9999 -9999 6.93852E-4 1.21242E-3 1.99E-3 2.903E-3 2.34876E-3 8.80842E-3 1.07344E-2 1.32237E-2 1.31355E-2 1.90957E-2 1.65164E-2 1.53865E-2 1.83793E-2 4.63605E-3 1.05239E-2 6.36034E-3 3.48094E-3 2.59186E-3 1.42557E-3 8.54734E-4 5.61631E-4 5.45666E-4 5.16273E-4
-9999 -9999 -9999 -9999 -9999 -9999 -9999 -9999 -9999 -9999 -9999 -9999 -9999 -9999 -9999 -9999 -9999 -9999 -9999 -9999 -9999 -9999 -9999 -9999 -9999 -9999 -9999 -9999 -9999 -9999 -9999 -9999 -9999 -9999 -9999 -9999 -9999 1.58541E-3 1.7906E-3 2.50659E-3 2.46508E-3 5.59292E-3 1.55085E-2 1.97505E-2 2.17243E-2 2.04905E-2 3.48352E-3 1.88822E-2 1.77484E-2 1.0375E-2 8.37315E-3 6.01241E-3 3.73272E-3 1.68222E-3 1.02216E-3 6.45502E-4 4.29713E-4 3.50244E-4 7.35032E-4 1.28051E-3
-9999 -9999 -9999 -9999 -9999 -9999 -9999 -9999 -9999 -9999 -9999 -9999 -9999 -9999 -9999 -9999 -9999 -9999 -9999 -9999 -9999 -9999 -9999 -9999 -9999 -9999 -9999 -9999 -9999 -9999 -9999 -9999 -9999 -9999 -9999 -9999 -9999 1.57995E-3 1.93085E-3 2.74087E-3 5.42155E-3 6.80372E-3 1.29429E-2 1.21788E-2 1.20359E-2 4.05162E-3 1.95827E-2 1.01422E-2 9.0309E-3 1.27012E-3 6.27829E-3 4.3557E-3 2.80706E-3 1.58388E-3 1.02695E-3 7.22819E-4 9.99333E-4 6.80449E-4 5.53975E-4 1.09347E-3
-9999 -9999 -9999 -9999 -9999 -9999 -9999 -9999 -9999 -9999 -9999 -9999 -9999 -9999 -9999 -9999 -9999 -9999 -9999 -9999 -9999 -9999 -9999 -9999 -9999 -9999 -9999 -9999 -9999 -9999 -9999 -9999 -9999 -9999 1.29965E-3 1.1042E-3 1.66975E-3 1.44078E-3 2.1023E-3 2.54555E-3 4.17954E-3 1.148E-2 6.07665E-3 1.54629E-2 1.93824E-2 2.19569E-2 1.20745E-2 1.27275E-2 9.24183E-3 6.38306E-3 4.24899E-3 2.77634E-3 1.85022E-3 1.38063E-3 1.17195E-3 1.29914E-3 4.12965E-4 6.44217E-4 9.06512E-4 8.30425E-4
-9999 -9999 -9999 -9999 -9999 -9999 -9999 -9999 -9999 -9999 -9999 -9999 -9999 -9999 -9999 -9999 -9999 -9999 -9999 -9999 -9999 -9999 -9999 -9999 -9999 -9999 -9999 -9999 -9999 -9999 -9999 -9999 -9999 2.11602E-3 1.92801E-3 1.83518E-3 2.01072E-3 2.43175E-3 3.57124E-3 4.10376E-3 1.64338E-3 5.65037E-3 1.23883E-2 1.37486E-2 1.29985E-2 1.31305E-2 9.88656E-3 1.24809E-2 7.51919E-3 5.43284E-3 3.64075E-3 2.31016E-3 1.88665E-3 1.73014E-3 1.60725E-3 1.78404E-3 2.74996E-4 8.39741E-4 8.2394E-4 9.33322E-4
-9999 -9999 -9999 -9999 -9999 -9999 -9999 -9999 -9999 -9999 -9999 -9999 -9999 -9999 -9999 -9999 -9999 -9999 -9999 -9999 -9999 -9999 -9999 -9999 -9999 -9999 -9999 -9999 -9999 -9999 -9999 -9999 -9999 3.1018E-3 3.1355E-3 6.24539E-3 7.38143E-3 6.00289E-3 2.77991E-3 7.09415E-3 1.39116E-2 1.16274E-2 8.87885E-3 7.77623E-3 7.52448E-3 1.00928E-2 1.26878E-2 3.96859E-3 9.41546E-3 5.79537E-3 3.95256E-3 5.0752E-3 3.03632E-3 1.8919E-3 1.75607E-3 1.73668E-3 1.28862E-3 1.0473E-3 1.03333E-3 1.12803E-3
-9999 -9999 -9999 -9999 -9999 -9999 -9999 -9999 -9999 -9999 -9999 -9999 -9999 -9999 -9999 -9999 -9999 -9999 -9999 -9999 -9999 -9999 -9999 -9999 -9999 -9999 -9999 -9999 -9999 -9999 -9999 3.18917E-3 3.17566E-3 3.40274E-3 4.39069E-3 1.03012E-2 1.0204E-2 1.18308E-2 1.98887E-3 1.39998E-2 1.07999E-2 6.91284E-3 3.35116E-3 3.76486E-3 4.50052E-3 6.83039E-3 1.01428E-2 1.24548E-2 8.20697E-3 2.70103E-3 5.28275E-3 5.04986E-3 2.89136E-3 1.83771E-3 1.72526E-3 1.6236E-3 1.53774E-3 1.15056E-3 1.18161E-3 2.9739E-4
-9999 -9999 -9999 -9999 -9999 -9999 -9999 -9999 -9999 -9999 -9999 -9999 -9999 -9999 -9999 -9999 -9999 -9999 -9999 -9999 -9999 -9999 -9999 -9999 -9999 -9999 -9999 -9999 -9999 -9999 3.02484E-4 1.24913E-3 3.8572E-3 3.88822E-3 7.62145E-3 9.069E-3 9.45297E-3 9.94063E-3 1.00298E-2 1.46277E-2 1.1232E-2 4.42514E-3 3.48327E-3 4.17447E-3 4.98709E-3 5.84661E-3 8.25707E-3 1.00122E-2 8.21524E-3 7.28227E-3 6.11922E-3 3.83974E-3 2.88754E-3 1.88269E-3 1.75192E-3 1.39996E-3 1.29918E-3 3.94492E-4 8.5793E-4 7.82855E-4
-9999 -9999 -9999 -9999 -9999 -9999 -9999 -9999 -9999 -9999 -9999 -9999 -9999 -9999 -9999 -9999 -9999 -9999 -9999 -9999 -9999 -9999 -9999 -9999 -9999 -9999 -9999 -9999 -9999 2.54567E-5 6.39415E-5 6.22724E-4 5.03418E-3 6.24877E-3 7.12551E-3 1.04902E-2 1.0005E-2 4.04281E-3 7.36493E-3 6.90649E-3 5.73324E-3 4.28928E-3 3.64582E-3 4.55115E-3 5.53031E-3 6.26912E-3 6.82326E-3 9.17951E-3 1.0268E-2 9.28467E-3 3.35297E-3 4.32735E-3 2.67384E-3 2.0537E-3 1.86553E-3 1.48539E-3 9.81904E-4 7.45853E-4 4.63385E-4 6.99911E-4
-9999 -9999 -9999 -9999 -9999 -9999 -9999 -9999 -9999 -9999 -9999 -9999 -9999 -9999 -9999 -9999 -9999 -9999 -9999 -9999 -9999 -9999 -9999 -9999 -9999 -9999 -9999 -9999 -9999 4.01191E-6 2.49088E-5 3.11006E-4 9.08104E-3 1.05122E-2 8.71958E-3 9.15134E-3 2.38224E-3 9.10535E-3 4.0923E-3 5.7148E-3 5.33037E-3 5.2651E-3 4.71676E-3 5.44174E-3 6.39529E-3 7.39417E-3 8.20761E-3 1.1523E-2 8.59898E-3 8.21544E-3 3.93415E-3 4.96589E-3 3.09201E-3 2.10698E-3 1.73527E-3 1.02241E-3 8.76516E-4 6.3139E-4 5.97071E-4 9.30251E-5
-9999 -9999 -9999 -9999 -9999 -9999 -9999 -9999 -9999 -9999 -9999 -9999 -9999 -9999 -9999 -9999 -9999 -9999 -9999 -9999 -9999 -9999 -9999 -9999 -9999 -9999 -9999 -9999 -9999 8.1586E-6 1.22428E-5 1.79234E-4 1.42893E-2 4.07142E-3 1.69543E-3 9.39948E-3 7.47051E-3 1.04611E-2 7.7736E-3 4.89173E-3 5.22758E-3 3.3259E-3 5.68915E-3 6.5455E-3 7.89165E-3 7.83433E-3 7.72884E-3 8.95885E-3 7.80161E-3 8.45689E-3 2.12529E-3 6.02963E-3 3.86098E-3 2.58089E-3 1.49091E-3 1.00542E-3 6.49367E-4 4.05641E-4 4.23687E-4 4.11688E-4
-9999 -9999 -9999 -9999 -9999 -9999 -9999 -9999 -9999 -9999 -9999 -9999 -9999 -9999 -9999 -9999 -9999 -9999 -9999 -9999 -9999 -9999 -9999 -9999 -9999 -9999 -9999 -9999 -9999 3.09625E-5 4.58853E-6 1.06155E-4 2.16031E-3 7.9573E-3 9.42201E-3 2.42454E-3 9.75161E-3 7.25743E-3 5.24196E-3 5.49649E-3 2.60024E-3 6.56688E-3 6.37254E-3 7.43133E-3 8.67151E-3 8.40784E-3 8.38654E-3 8.09752E-3 7.31008E-3 8.37779E-3 8.68271E-3 6.39583E-3 4.93785E-3 2.62206E-3 1.50975E-3 9.70872E-4 5.36383E-4 2.46396E-4 2.90705E-4 3.16547E-4
-9999 -9999 -9999 -9999 -9999 -9999 -9999 -9999 -9999 -9999 -9999 -9999 -9999 -9999 -9999 -9999 -9999 -9999 -9999 -9999 -9999 -9999 -9999 -9999 -9999 -9999 -9999 -9999 -9999 1.62041E-5 1.64104E-5 1.32E-4 1.26574E-2 9.00934E-3 5.48374E-3 1.62872E-2 8.17373E-3 1.56941E-3 6.71311E-3 7.48334E-3 6.72288E-3 7.1754E-3 7.39743E-3 9.14015E-3 9.18207E-3 8.0934E-3 8.42711E-3 8.61119E-3 7.52111E-3 7.80005E-3 9.07171E-3 6.66179E-3 5.10152E-3 7.93439E-4 2.03052E-3 1.36632E-3 5.10383E-4 2.72245E-4 2.77398E-4 2.83243E-4
-9999 -9999 -9999 -9999 -9999 -9999 -9999 -9999 -9999 -9999 -9999 -9999 -9999 -9999 -9999 -9999 -9999 -9999 -9999 -9999 -9999 -9999 -9999 -9999 -9999 -9999 -9999 -9999 -9999 -9999 5.07383E-5 1.09565E-3 2.48553E-2 1.45325E-2 1.0151E-2 1.19998E-2 1.26229E-2 1.14913E-2 1.01225E-2 1.57019E-3 9.58255E-3 8.37183E-3 9.03555E-3 1.09978E-2 1.0026E-2 9.67448E-3 9.0476E-3 2.36594E-3 6.58263E-3 6.61605E-3 2.17232E-3 7.24559E-3 3.88817E-3 3.3608E-3 2.38336E-3 1.42032E-3 4.64821E-4 2.71298E-4 2.68313E-4 2.54295E-4
-9999 -9999 -9999 -9999 -9999 -9999 -9999 -9999 -9999 -9999 -9999 -9999 -9999 -9999 -9999 -9999 -9999 -9999 -9999 -9999 -9999 -9999 -9999 -9999 -9999 -9999 -9999 -9999 -9999 5.84269E-5 2.64984E-4 1.76315E-3 1.57369E-2 1.1832E-2 8.49691E-3 8.90355E-3 9.63029E-3 9.94814E-3 1.07584E-2 1.02621E-2 1.01418E-2 9.93705E-3 1.13451E-2 1.14697E-2 9.89525E-3 8.60427E-3 8.23274E-3 8.2657E-3 7.1902E-3 6.74221E-3 7.67612E-3 1.76184E-3 2.38338E-3 3.45916E-3 2.14165E-3 1.35211E-3 4.89805E-4 2.9804E-4 2.7838E-4 2.20146E-4
-9999 -9999 -9999 -9999 -9999 -9999 -9999 -9999 -9999 -9999 -9999 -9999 -9999 -9999 -9999 -9999 -9999 -9999 -9999 -9999 -9999 -9999 -9999 -9999 -9999 -9999 -9999 1.42366E-4 1.3167E-4 4.07901E-4 1.14552E-3 3.33873E-3 9.71658E-3 8.95088E-3 9.42739E-3 9.23976E-3 9.08621E-3 9.73348E-3 1.11406E-2 1.13204E-2 1.38636E-2 1.59484E-2 1.56283E-2 1.24712E-2 9.71609E-3 8.02576E-3 7.75937E-3 7.24437E-3 7.20843E-3 5.84273E-3 6.49633E-3 7.52683E-3 2.95599E-3 3.89874E-3 2.09942E-3 1.15007E-3 5.79225E-4 4.19345E-4 3.1006E-4 1.95407E-4
-9999 -9999 -9999 -9999 -9999 -9999 -9999 -9999 -9999 -9999 -9999 -9999 -9999 -9999 -9999 -9999 -9999 -9999 -9999 -9999 -9999 -9999 -9999 -9999 -9999 5.73112E-5 2.44158E-4 3.72614E-3 6.13773E-3 8.09669E-3 1.15916E-2 1.42256E-2 1.41902E-2 1.43782E-2 1.53787E-2 1.55323E-2 1.49132E-2 1.46237E-2 1.63253E-2 1.942E-2 2.30663E-2 2.35965E-2 2.22467E-2 1.72818E-2 1.20348E-2 9.09768E-3 8.24724E-3 6.64402E-3 5.45294E-3 5.64876E-3 5.79759E-3 5.88579E-3 5.21705E-3 1.44305E-3 2.51595E-3 1.12417E-3 8.7725E-4 6.16095E-4 3.39396E-4 2.22524E-4
-9999 -9999 -9999 -9999 -9999 -9999 -9999 -9999 -9999 -9999 -9999 -9999 -9999 -9999 -9999 -9999 -9999 -9999 -9999 -9999 -9999 -9999 -9999 -9999 5.13959E-5 4.83909E-5 2.46776E-4 6.20307E-3 5.4201E-3 6.06313E-3 7.08323E-3 9.31179E-3 1.2989E-2 1.68572E-2 1.67165E-2 1.61465E-2 1.60149E-2 1.8002E-2 1.97717E-2 2.35958E-2 1.01125E-2 2.21992E-2 6.46053E-3 4.18962E-3 5.78717E-3 7.82136E-3 5.45288E-3 2.96648E-3 1.59314E-3 6.74622E-3 7.51721E-3 5.23005E-3 4.714E-3 3.19268E-3 2.47698E-3 4.54937E-4 3.68322E-4 8.04581E-4 4.55558E-4 3.28331E-4
-9999 -9999 -9999 -9999 -9999 -9999 -9999 -9999 -9999 -9999 -9999 -9999 -9999 -9999 -9999 -9999 -9999 -9999 -9999 -9999 -9999 -9999 -9999 -9999 3.01831E-5 5.58315E-5 7.33984E-4 7.62531E-3 6.62845E-3 6.79885E-3 7.27734E-3 7.49432E-3 9.5463E-3 1.44209E-2 1.58171E-2 1.67803E-2 1.67294E-2 2.07399E-2 2.42667E-2 2.79852E-2 2.31619E-2 2.57794E-2 3.16162E-2 2.60297E-2 1.57529E-2 2.04072E-3 2.75952E-3 1.13935E-2 9.34641E-3 2.56642E-3 9.29532E-3 5.85186E-3 4.448E-3 3.40433E-3 3.09441E-3 2.34384E-3 1.55695E-3 2.9709E-4 5.93638E-4 3.74478E-4
-9999 -9999 -9999 -9999 -9999 -9999 -9999 -9999 -9999 -9999 -9999 -9999 -9999 -9999 -9999 -9999 -9999 -9999 -9999 -9999 -9999 -9999 -9999 2.40601E-5 1.60279E-5 2.92515E-4 1.82669E-3 1.19167E-2 1.06903E-2 1.25394E-2 1.03128E-2 9.14146E-3 5.91923E-3 5.19936E-3 1.25784E-2 1.55448E-2 1.798E-2 2.32513E-2 2.09402E-2 1.35969E-2 3.15221E-2 3.13259E-2 3.78608E-2 2.78193E-2 1.89964E-2 1.51213E-2 1.43349E-2 1.32E-2 1.37157E-2 1.35436E-2 8.71737E-3 4.55419E-3 3.02886E-3 2.83504E-3 2.52946E-3 2.12949E-3 2.00642E-3 1.60383E-3 2.088E-4 6.15954E-4
-9999 -9999 -9999 -9999 -9999 -9999 -9999 -9999 -9999 -9999 -9999 -9999 -9999 -9999 -9999 -9999 -9999 -9999 -9999 -9999 -9999 -9999 -9999 9.55767E-5 1.63233E-4 1.7975E-3 1.71316E-3 1.7716E-2 1.64052E-2 1.50061E-2 2.80363E-3 9.80563E-3 8.85036E-3 1.00232E-2 1.17655E-2 1.46052E-2 1.94579E-2 5.86914E-3 2.97282E-2 3.22068E-2 3.35482E-2 3.99167E-2 4.45109E-2 2.9907E-2 2.12901E-2 1.80544E-2 1.66021E-2 1.67093E-2 7.80926E-3 1.24761E-2 6.23455E-3 3.67451E-3 3.35039E-3 3.18977E-3 2.58779E-3 2.28263E-3 2.07355E-3 1.43997E-3 5.92702E-4 5.09965E-4
-9999 -9999 -9999 -9999 -9999 -9999 -9999 -9999 -9999 -9999 -9999 -9999 -9999 -9999 -9999 -9999 -9999 -9999 -9999 -9999 -9999 -9999 -9999 2.26485E-3 1.1595E-2 1.04281E-2 1.69014E-2 2.82235E-2 2.37654E-2 1.93099E-2 1.28097E-2 8.8985E-3 7.20616E-3 8.51656E-3 1.05288E-2 1.45457E-2 1.93444E-2 2.5191E-2 2.63984E-2 3.13106E-2 3.37404E-2 5.00097E-2 4.74977E-2 3.05636E-2 2.3612E-2 2.34323E-2 2.36865E-2 1.97191E-2 5.53337E-3 5.77845E-3 4.5043E-3 5.32664E-3 6.76574E-3 4.55394E-3 3.04201E-3 2.06422E-3 1.51418E-3 1.21526E-3 4.95509E-4 5.92688E-4
-9999 -9999 -9999 -9999 -9999 -9999 -9999 -9999 -9999 -9999 -9999 -9999 -9999 -9999 -9999 -9999 -9999 -9999 -9999 -9999 -9999 -9999 2.7637E-3 3.0643E-3 5.94342E-3 8.07294E-3 1.3739E-2 2.31439E-2 1.93886E-2 1.40664E-2 1.12622E-2 8.04437E-3 6.92171E-3 7.75828E-3 9.14948E-3 1.06995E-2 1.2839E-2 1.60025E-2 1.70474E-2 2.11004E-2 2.64446E-2 4.76494E-2 4.41548E-2 3.05956E-2 2.69948E-2 2.59083E-2 1.96393E-2 1.10177E-2 6.65858E-3 7.85066E-3 6.63096E-3 6.16115E-3 3.89077E-3 3.02565E-3 2.09428E-3 1.65897E-3 1.20707E-3 1.00848E-3 7.48345E-4 4.63732E-4
-9999 -9999 -9999 -9999 -9999 -9999 -9999 -9999 -9999 -9999 -9999 -9999 -9999 -9999 -9999 -9999 -9999 -9999 -9999 -9999 -9999 -9999 3.07563E-3 3.16249E-3 4.64506E-3 5.98051E-3 1.06152E-2 1.67432E-2 1.42668E-2 1.11821E-2 9.16637E-3 6.95768E-3 6.14987E-3 6.94397E-3 7.49558E-3 7.74034E-3 8.63908E-3 1.03151E-2 1.13335E-2 1.66527E-2 2.48842E-2 4.37538E-2 4.30078E-2 4.12927E-2 3.14756E-2 2.3071E-2 1.44531E-2 8.78678E-3 2.05007E-3 4.18705E-3 3.08281E-3 2.38847E-3 2.56019E-3 2.28689E-3 1.10687E-3 1.38612E-3 1.1197E-3 8.95889E-4 6.74614E-4 4.79172E-4
-9999 -9999 -9999 -9999 -9999 -9999 -9999 -9999 -9999 -9999 -9999 -9999 -9999 -9999 -9999 -9999 -9999 -9999 -9999 -9999 -9999 4.05899E-3 2.02247E-3 4.85468E-3 5.28809E-3 7.724E-3 1.17397E-2 1.27417E-2 1.05247E-2 8.61067E-3 7.53166E-3 6.03978E-3 6.15499E-3 6.40435E-3 5.7944E-3 5.78972E-3 6.01517E-3 7.42228E-3 9.58225E-3 1.55286E-2 2.29079E-2 3.91027E-2 4.44825E-2 3.24893E-2 2.38518E-2 1.61915E-2 1.02903E-2 5.93229E-3 4.59711E-3 3.6666E-3 3.03828E-3 2.57558E-3 2.41216E-3 2.27412E-3 6.32193E-4 1.90423E-3 1.26535E-3 9.32308E-4 5.92998E-4 4.56608E-4
-9999 -9999 -9999 -9999 -9999 -9999 -9999 -9999 -9999 -9999 -9999 -9999 -9999 -9999 -9999 -9999 -9999 -9999 -9999 -9999 -9999 3.2484E-3 3.25844E-3 3.99754E-3 6.15132E-3 8.98011E-3 9.92699E-3 8.81078E-3 8.03768E-3 7.0619E-3 6.31625E-3 5.73339E-3 6.68443E-3 5.27331E-3 4.48597E-3 4.48604E-3 5.44868E-3 7.22508E-3 8.66675E-3 1.38533E-2 2.2453E-2 2.20684E-2 1.82883E-2 2.01287E-2 1.72078E-2 1.53916E-2 1.02867E-2 7.81241E-3 4.82851E-3 1.38747E-3 4.1303E-3 3.26533E-3 2.64264E-3 5.56626E-4 2.59066E-3 2.00124E-3 1.66512E-3 1.16751E-3 6.50529E-4 4.84142E-4
