Phytophthora/models/20240604_1618_19/Phytophthora_PA3_RUN2_MAXENT_outputs/projMaxent.asc
ncols         225
nrows         269
xllcorner     473009.9838
yllcorner     4429051.1748
cellsize      50.0
NODATA_value  -9999
[rows 26 to 51 of 269, columns 0 to 58 of 225]
-9999 -9999 -9999 -9999 -9999 -9999 -9999 -9999 -9999 -9999 -9999 -9999 -9999 -9999 -9999 -9999 -9999 -9999 -9999 -9999 -9999 -9999 -9999 -9999 -9999 -9999 -9999 -9999 -9999 -9999 -9999 -9999 -9999 -9999 -9999 -9999 -9999 -9999 3.58829E-2 1.70598E-2 1.00729E-2 5.91813E-3 1.10502E-2 2.50273E-2 2.56239E-2 1.75989E-2 1.59489E-2 1.00318E-2 2.15553E-2 2.58683E-2 1.82485E-2 1.32257E-2 1.2326E-2 9.52402E-3 4.09213E-3 2.83324E-3 2.90644E-3 1.62035E-3 1.36004E-3
-9999 -9999 -9999 -9999 -9999 -9999 -9999 -9999 -9999 -9999 -9999 -9999 -9999 -9999 -9999 -9999 -9999 -9999 -9999 -9999 -9999 -9999 -9999 -9999 -9999 -9999 -9999 -9999 -9999 -9999 -9999 -9999 -9999 -9999 -9999 -9999 -9999 -9999 3.49348E-2 1.68986E-2 1.04512E-2 1.41373E-2 2.20439E-2 2.77626E-2 2.95865E-2 1.77801E-2 8.58481E-3 1.31156E-2 1.80475E-2 2.23249E-2 1.23028E-2 8.03233E-3 5.44611E-3 4.18608E-3 2.63032E-3 2.07368E-3 1.90728E-3 1.92024E-3 2.07251E-3
-9999 -9999 -9999 -9999 -9999 -9999 -9999 -9999 -9999 -9999 -9999 -9999 -9999 -9999 -9999 -9999 -9999 -9999 -9999 -9999 -9999 -9999 -9999 -9999 -9999 -9999 -9999 -9999 -9999 -9999 -9999 -9999 -9999 -9999 -9999 -9999 -9999 -9999 1.57701E-2 1.15136E-2 1.20333E-2 2.53179E-2 3.99219E-2 4.59072E-2 2.69381E-2 1.26958E-2 1.72094E-2 1.41267E-2 1.12905E-2 4.59893E-3 7.0082E-3 5.66333E-3 3.71049E-3 3.01577E-3 2.3113E-3 2.28436E-3 2.33163E-3 3.20704E-3 3.4488E-3
-9999 -9999 -9999 -9999 -9999 -9999 -9999 -9999 -9999 -9999 -9999 -9999 -9999 -9999 -9999 -9999 -9999 -9999 -9999 -9999 -9999 -9999 -9999 -9999 -9999 -9999 -9999 -9999 -9999 -9999 -9999 -9999 -9999 -9999 -9999 6.58231E-3 5.42971E-3 7.89773E-3 7.33158E-3 7.33779E-3 8.8314E-3 1.80367E-2 1.92803E-2 1.53681E-2 1.26763E-2 1.25044E-2 1.78197E-2 1.22594E-2 6.7961E-3 6.23006E-3 3.36105E-3 2.83356E-3 2.42056E-3 2.44772E-3 3.38344E-3 3.9314E-3 3.05467E-3 2.98765E-3 3.58534E-3
-9999 -9999 -9999 -9999 -9999 -9999 -9999 -9999 -9999 -9999 -9999 -9999 -9999 -9999 -9999 -9999 -9999 -9999 -9999 -9999 -9999 -9999 -9999 -9999 -9999 -9999 -9999 -9999 -9999 -9999 -9999 -9999 -9999 -9999 3.8526E-3 5.25497E-3 1.47682E-2 1.57014E-2 1.30674E-2 9.24617E-3 7.047E-3 1.73285E-2 1.36684E-2 9.74488E-3 1.0678E-2 1.59572E-2 1.82237E-2 7.45373E-3 3.58833E-3 5.04552E-3 2.33802E-3 1.48606E-3 1.98769E-3 2.18425E-3 2.36456E-3 2.45576E-3 2.83999E-3 3.81375E-3 4.85784E-3
-9999 -9999 -9999 -9999 -9999 -9999 -9999 -9999 -9999 -9999 -9999 -9999 -9999 -9999 -9999 -9999 -9999 -9999 -9999 -9999 -9999 -9999 -9999 -9999 -9999 -9999 -9999 -9999 -9999 -9999 -9999 -9999 -9999 4.70535E-3 3.43149E-3 9.99498E-3 1.44795E-2 1.44821E-2 1.15487E-2 1.70842E-2 2.21064E-2 2.1159E-2 1.30107E-2 8.82913E-3 9.93067E-3 9.47668E-3 5.30193E-3 4.22033E-3 3.86028E-3 3.64546E-3 2.39576E-3 2.36101E-3 3.21867E-3 2.05802E-3 1.42998E-3 1.92456E-3 5.52272E-3 6.61704E-3 1.14449E-2
-9999 -9999 -9999 -9999 -9999 -9999 -9999 -9999 -9999 -9999 -9999 -9999 -9999 -9999 -9999 -9999 -9999 -9999 -9999 -9999 -9999 -9999 -9999 -9999 -9999 -9999 -9999 -9999 -9999 -9999 -9999 -9999 5.20122E-3 3.97839E-3 6.09333E-3 1.60272E-2 1.43553E-2 1.23674E-2 6.90788E-3 1.70317E-2 1.95541E-2 1.33478E-2 8.00202E-3 6.18759E-3 5.95349E-3 4.73409E-3 2.98352E-3 2.98911E-3 2.48684E-3 3.25501E-3 4.33154E-3 2.99546E-3 2.73783E-3 2.40648E-3 1.72795E-3 3.88276E-3 6.44905E-3 7.6915E-3 1.36074E-2
-9999 -9999 -9999 -9999 -9999 -9999 -9999 -9999 -9999 -9999 -9999 -9999 -9999 -9999 -9999 -9999 -9999 -9999 -9999 -9999 -9999 -9999 -9999 -9999 -9999 -9999 -9999 -9999 -9999 -9999 -9999 8.0777E-3 9.08392E-3 5.94395E-3 1.63245E-2 1.79073E-2 1.51511E-2 9.40295E-3 1.30994E-2 1.75556E-2 1.43671E-2 7.76933E-3 6.23364E-3 4.58811E-3 3.84723E-3 3.33716E-3 2.59059E-3 2.06663E-3 2.01961E-3 4.08523E-3 3.88964E-3 3.0877E-3 3.03065E-3 3.20293E-3 2.29906E-3 3.2161E-3 9.58939E-3 7.08265E-3 9.99465E-3
-9999 -9999 -9999 -9999 -9999 -9999 -9999 -9999 -9999 -9999 -9999 -9999 -9999 -9999 -9999 -9999 -9999 -9999 -9999 -9999 -9999 -9999 -9999 -9999 -9999 -9999 -9999 -9999 -9999 -9999 2.41104E-2 8.56E-3 7.51189E-3 1.30226E-2 1.59251E-2 2.10838E-2 1.48659E-2 1.46225E-2 2.702E-2 2.26135E-2 1.87683E-2 8.60437E-3 6.02914E-3 5.48444E-3 3.18923E-3 3.15162E-3 1.98664E-3 1.54534E-3 4.66143E-3 1.18551E-2 8.44936E-3 3.25261E-3 3.38984E-3 3.63686E-3 4.66362E-3 1.00182E-2 1.13026E-2 9.54522E-3 8.96841E-3
-9999 -9999 -9999 -9999 -9999 -9999 -9999 -9999 -9999 -9999 -9999 -9999 -9999 -9999 -9999 -9999 -9999 -9999 -9999 -9999 -9999 -9999 -9999 -9999 -9999 -9999 -9999 -9999 -9999 -9999 4.27683E-2 1.00954E-2 1.27241E-2 1.78031E-2 1.72828E-2 2.28503E-2 1.85547E-2 4.40601E-2 2.52792E-2 2.77166E-2 3.14175E-2 2.14785E-2 7.32329E-3 4.25681E-3 2.41822E-3 2.81105E-3 3.33903E-3 3.1321E-3 4.14957E-3 8.81508E-3 9.32604E-3 4.37729E-3 4.35114E-3 5.37998E-3 7.53024E-3 7.94161E-3 4.75988E-3 5.17996E-3 6.7938E-3
-9999 -9999 -9999 -9999 -9999 -9999 -9999 -9999 -9999 -9999 -9999 -9999 -9999 -9999 -9999 -9999 -9999 -9999 -9999 -9999 -9999 -9999 -9999 -9999 -9999 -9999 -9999 -9999 -9999 9.45535E-2 4.69311E-2 2.82958E-2 2.4885E-2 2.22583E-2 1.17313E-2 4.29529E-2 3.6172E-2 4.86066E-2 4.00309E-2 3.37133E-2 2.18328E-2 1.38286E-2 1.82846E-2 1.36479E-2 3.70974E-3 3.3406E-3 3.75031E-3 5.29499E-3 4.38188E-3 1.00749E-2 8.65151E-3 1.15246E-2 1.02748E-2 1.62033E-2 1.68368E-2 1.54604E-2 3.62881E-3 3.82313E-3 6.13787E-3
-9999 -9999 -9999 -9999 -9999 -9999 -9999 -9999 -9999 -9999 -9999 -9999 -9999 -9999 -9999 -9999 -9999 -9999 -9999 -9999 -9999 -9999 -9999 -9999 -9999 -9999 -9999 -9999 -9999 -9999 5.19481E-2 3.14804E-2 1.08277E-2 2.40437E-2 3.58162E-2 4.10687E-2 5.99945E-2 3.06132E-2 2.44657E-2 1.84284E-2 1.61827E-2 8.99102E-3 1.87557E-2 1.45402E-2 5.00786E-3 4.43018E-3 5.28569E-3 4.89067E-3 5.33652E-3 1.3398E-2 1.32647E-2 1.96154E-2 1.48065E-2 2.06388E-2 1.78565E-2 1.12005E-2 4.09061E-3 3.39835E-3 3.78686E-3
-9999 -9999 -9999 -9999 -9999 -9999 -9999 -9999 -9999 -9999 -9999 -9999 -9999 -9999 -9999 -9999 -9999 -9999 -9999 -9999 -9999 -9999 -9999 -9999 -9999 -9999 -9999 -9999 -9999 -9999 7.41029E-2 7.3285E-2 5.1138E-2 2.69046E-2 2.15222E-2 5.19438E-2 4.48528E-2 2.66841E-2 3.48903E-2 1.43772E-2 1.02872E-2 5.66519E-3 1.00698E-2 9.30098E-3 6.88432E-3 7.3542E-3 8.07693E-3 6.76567E-3 5.15759E-3 1.36083E-2 1.92606E-2 1.68335E-2 1.63916E-2 1.44746E-2 1.32878E-2 6.35485E-3 7.30109E-3 4.83374E-3 3.36601E-3
-9999 -9999 -9999 -9999 -9999 -9999 -9999 -9999 -9999 -9999 -9999 -9999 -9999 -9999 -9999 -9999 -9999 -9999 -9999 -9999 -9999 -9999 -9999 -9999 -9999 -9999 -9999 -9999 -9999 -9999 2.95899E-2 4.43117E-2 5.45365E-2 2.30731E-2 1.48728E-2 3.43883E-2 4.31296E-2 3.91029E-2 3.61341E-2 4.94151E-3 7.80603E-3 5.61293E-3 8.65362E-3 1.1883E-2 6.37134E-3 6.84554E-3 1.07867E-2 1.01682E-2 1.13996E-2 2.82747E-2 3.09586E-2 3.05599E-2 2.51738E-2 2.86925E-2 2.17498E-2 1.45509E-2 9.57709E-3 3.46304E-3 4.40692E-3
-9999 -9999 -9999 -9999 -9999 -9999 -9999 -9999 -9999 -9999 -9999 -9999 -9999 -9999 -9999 -9999 -9999 -9999 -9999 -9999 -9999 -9999 -9999 -9999 -9999 -9999 -9999 -9999 -9999 -9999 1.93207E-2 4.63653E-2 2.99227E-2 2.54455E-2 1.69605E-2 2.36086E-2 2.25215E-2 3.04114E-2 3.41779E-2 1.41755E-2 6.81309E-3 6.05524E-3 9.7358E-3 1.45287E-2 1.04523E-2 1.11385E-2 2.71027E-2 2.82256E-2 2.14489E-2 4.91345E-2 1.2318E-1 6.89209E-2 9.25267E-2 1.08527E-1 9.73323E-2 4.09318E-2 2.61083E-2 1.36966E-2 1.63009E-2
-9999 -9999 -9999 -9999 -9999 -9999 -9999 -9999 -9999 -9999 -9999 -9999 -9999 -9999 -9999 -9999 -9999 -9999 -9999 -9999 -9999 -9999 -9999 -9999 -9999 -9999 -9999 -9999 1.37623E-2 3.16233E-2 5.05644E-2 4.07284E-2 3.67142E-2 4.12396E-2 3.15543E-2 1.54116E-2 1.2846E-2 3.6047E-2 2.95535E-2 2.22023E-2 2.66264E-2 3.28113E-2 4.68528E-2 3.79542E-2 2.20136E-2 1.90938E-2 4.16942E-2 7.2602E-2 4.84462E-2 1.01275E-1 1.2991E-1 1.41376E-1 1.05389E-1 1.42545E-1 1.37728E-1 6.36724E-2 6.16628E-2 3.94308E-2 2.80782E-2
-9999 -9999 -9999 -9999 -9999 -9999 -9999 -9999 -9999 -9999 -9999 -9999 -9999 -9999 -9999 -9999 -9999 -9999 -9999 -9999 -9999 -9999 -9999 -9999 -9999 -9999 5.80005E-2 1.62576E-2 2.22382E-2 6.8573E-2 1.53205E-1 1.162E-1 1.04616E-1 1.00417E-1 1.08894E-1 5.97405E-2 4.78953E-2 3.22574E-2 1.74346E-2 1.85136E-2 3.2759E-2 5.82901E-2 7.40651E-2 6.83412E-2 3.35996E-2 3.82528E-2 4.13294E-2 5.94512E-2 1.19385E-1 1.24308E-1 1.21539E-1 1.37108E-1 1.59396E-1 1.96582E-1 1.35638E-1 1.12554E-1 1.03085E-1 7.65126E-2 3.863E-2
-9999 -9999 -9999 -9999 -9999 -9999 -9999 -9999 -9999 -9999 -9999 -9999 -9999 -9999 -9999 -9999 -9999 -9999 -9999 -9999 -9999 -9999 -9999 -9999 5.85978E-2 5.34259E-2 2.75055E-2 3.42464E-2 6.69336E-2 1.07081E-1 1.36454E-1 1.51769E-1 1.60063E-1 1.60133E-1 1.48908E-1 1.02161E-1 7.14044E-2 4.03624E-2 2.50427E-2 2.74774E-2 5.02379E-2 4.1118E-2 5.91632E-2 4.96132E-2 4.51638E-2 4.88924E-2 7.10327E-2 6.11425E-2 8.60883E-2 1.24602E-1 1.28075E-1 1.28588E-1 1.48965E-1 1.72251E-1 9.05113E-2 3.53625E-2 7.62895E-2 7.52865E-2 3.67928E-2
-9999 -9999 -9999 -9999 -9999 -9999 -9999 -9999 -9999 -9999 -9999 -9999 -9999 -9999 -9999 -9999 -9999 -9999 -9999 -9999 -9999 -9999 -9999 -9999 3.20018E-2 3.4974E-2 3.58874E-2 5.47534E-2 5.87718E-2 7.28542E-2 1.24089E-1 1.59556E-1 1.63846E-1 1.7399E-1 1.75007E-1 1.23973E-1 6.80117E-2 6.3318E-2 8.69523E-2 1.23224E-1 1.07182E-1 8.63953E-2 1.29532E-1 1.21835E-1 8.29529E-2 3.92451E-2 7.35632E-2 1.20034E-1 1.16377E-1 1.08259E-1 1.24799E-1 1.36479E-1 1.36969E-1 1.51064E-1 8.17062E-2 4.65024E-2 5.66047E-2 6.73297E-2 4.00966E-2
-9999 -9999 -9999 -9999 -9999 -9999 -9999 -9999 -9999 -9999 -9999 -9999 -9999 -9999 -9999 -9999 -9999 -9999 -9999 -9999 -9999 -9999 -9999 -9999 1.34184E-2 4.4083E-2 6.69944E-2 5.95741E-2 9.61075E-2 6.66708E-2 1.07515E-1 1.15535E-1 1.5567E-1 1.62997E-1 1.60403E-1 1.33899E-1 7.53485E-2 1.33126E-1 1.59114E-1 1.47489E-1 1.13301E-1 1.05618E-1 1.14687E-1 1.00919E-1 7.92162E-2 8.6006E-2 1.11895E-1 1.15465E-1 1.35056E-1 1.44166E-1 1.43333E-1 9.99799E-2 1.30638E-1 1.36856E-1 9.20065E-2 6.05919E-2 3.65496E-2 4.05975E-2 4.18741E-2
-9999 -9999 -9999 -9999 -9999 -9999 -9999 -9999 -9999 -9999 -9999 -9999 -9999 -9999 -9999 -9999 -9999 -9999 -9999 -9999 -9999 -9999 -9999 -9999 2.86694E-2 5.46444E-2 1.79789E-1 1.52038E-1 8.1605E-2 8.94495E-2 8.56665E-2 1.42252E-1 1.3687E-1 1.24015E-1 1.3493E-1 1.51731E-1 1.74936E-1 1.04632E-1 1.40481E-1 1.29445E-1 1.19015E-1 1.07817E-1 1.04873E-1 9.56532E-2 8.92447E-2 1.03473E-1 1.1159E-1 1.25395E-1 1.54756E-1 1.70442E-1 1.43593E-1 1.03798E-1 1.20604E-1 1.10335E-1 8.89943E-2 9.73214E-2 8.82993E-2 7.31749E-2 8.86286E-2
-9999 -9999 -9999 -9999 -9999 -9999 -9999 -9999 -9999 -9999 -9999 -9999 -9999 -9999 -9999 -9999 -9999 -9999 -9999 -9999 -9999 -9999 -9999 1.8766E-2 3.94602E-2 4.79007E-2 1.77549E-1 1.71011E-1 1.53189E-1 1.4094E-1 1.2107E-1 1.18304E-1 1.15647E-1 1.13365E-1 1.24199E-1 1.58134E-1 1.70824E-1 1.71919E-1 1.52448E-1 1.39147E-1 1.24214E-1 1.20819E-1 9.80672E-2 9.07284E-2 9.36893E-2 9.83044E-2 1.2119E-1 1.35578E-1 1.34936E-1 1.56565E-1 1.31636E-1 1.27233E-1 8.45329E-2 8.92595E-2 9.29327E-2 8.47859E-2 8.48551E-2 9.94428E-2 6.97747E-2
-9999 -9999 -9999 -9999 -9999 -9999 -9999 -9999 -9999 -9999 -9999 -9999 -9999 -9999 -9999 -9999 -9999 -9999 -9999 -9999 -9999 -9999 -9999 2.26377E-2 3.04926E-2 5.07018E-2 1.19084E-1 1.35171E-1 1.15489E-1 1.0601E-1 1.08679E-1 1.09374E-1 1.04536E-1 1.19282E-1 1.3824E-1 1.53441E-1 1.62511E-1 1.6784E-1 1.60521E-1 1.38578E-1 1.32678E-1 1.28311E-1 1.19235E-1 1.14381E-1 1.14705E-1 1.2654E-1 1.3539E-1 1.30438E-1 1.58724E-1 1.59155E-1 1.40485E-1 9.29839E-2 8.82094E-2 9.25094E-2 9.99938E-2 9.3072E-2 8.07029E-2 8.44701E-2 4.35307E-2
-9999 -9999 -9999 -9999 -9999 -9999 -9999 -9999 -9999 -9999 -9999 -9999 -9999 -9999 -9999 -9999 -9999 -9999 -9999 -9999 -9999 -9999 3.87224E-2 2.98575E-2 3.82032E-2 4.40828E-2 9.89941E-2 1.31016E-1 1.21215E-1 1.08838E-1 1.1679E-1 1.2521E-1 1.24049E-1 1.27763E-1 1.34351E-1 1.49364E-1 1.59418E-1 1.62412E-1 1.5366E-1 1.55131E-1 1.4588E-1 1.49155E-1 1.44824E-1 1.51823E-1 1.47704E-1 1.43997E-1 1.50848E-1 1.45007E-1 9.69754E-2 1.2936E-1 1.12147E-1 9.57028E-2 7.80359E-2 5.33504E-2 5.83091E-2 4.09892E-2 8.20768E-2 7.2474E-2 3.45225E-2
-9999 -9999 -9999 -9999 -9999 -9999 -9999 -9999 -9999 -9999 -9999 -9999 -9999 -9999 -9999 -9999 -9999 -9999 -9999 -9999 -9999 -9999 1.67484E-2 2.59458E-2 6.57674E-2 1.19451E-1 1.11432E-1 8.38476E-2 6.07861E-2 8.37114E-2 5.92464E-2 5.35079E-2 1.09056E-1 1.17311E-1 1.32884E-1 9.47422E-2 1.40424E-1 1.556E-1 1.69165E-1 1.77176E-1 1.65527E-1 1.89065E-1 2.27487E-1 2.19381E-1 1.78324E-1 1.51267E-1 1.45124E-1 1.25547E-1 7.31156E-2 5.03536E-2 5.26148E-2 7.44405E-2 6.96717E-2 5.69676E-2 4.43989E-2 6.70579E-2 6.58083E-2 5.38079E-2 3.03086E-2
-9999 -9999 -9999 -9999 -9999 -9999 -9999 -9999 -9999 -9999 -9999 -9999 -9999 -9999 -9999 -9999 -9999 -9999 -9999 -9999 -9999 -9999 1.6816E-2 2.89515E-2 8.03532E-2 1.03109E-1 7.27456E-2 4.00215E-2 3.7623E-2 3.66417E-2 3.50884E-2 4.59297E-2 7.80099E-2 1.06283E-1 1.11884E-1 1.31908E-1 1.44553E-1 1.58036E-1 1.85164E-1 2.05542E-1 1.94525E-1 2.96363E-1 3.12572E-1 2.42483E-1 1.83048E-1 1.65612E-1 1.33397E-1 1.2371E-1 1.15557E-1 8.14968E-2 1.33707E-1 1.17553E-1 6.67985E-2 4.73421E-2 6.01262E-2 8.74237E-2 8.65258E-2 4.59821E-2 2.09657E-2
