Phytophthora/models/20240604_1618_19/Phytophthora_PA3_RUN2_MAXENT_outputs/projMaxent.asc
ncols         225
nrows         269
xllcorner     473009.9838
yllcorner     4429051.1748
cellsize      50.0
NODATA_value  -9999
[rows 156 to 181 of 269, columns 118 to 176 of 225]
4.23994E-1 4.10662E-1 3.86204E-1 3.91952E-1 3.96803E-1 3.2473E-1 2.08253E-1 1.95816E-1 1.55248E-1 1.45232E-1 2.69887E-1 4.23695E-1 4.06455E-1 2.83348E-1 3.53375E-1 3.55362E-1 3.00255E-1 2.47788E-1 2.45993E-1 2.00612E-1 1.81875E-1 2.19997E-1 3.9255E-1 6.09927E-1 5.60585E-1 3.40808E-1 2.81582E-1 2.82278E-1 4.09208E-1 4.22669E-1 2.36695E-1 4.46162E-1 2.65004E-1 3.22426E-1 4.86997E-1 5.60107E-1 6.43296E-1 6.76919E-1 4.87514E-1 4.44504E-1 2.58053E-1 1.52774E-1 2.02335E-1 3.20488E-1 3.11911E-1 3.73204E-1 4.57621E-1 4.15319E-1 2.09092E-1 2.66845E-1 2.79442E-1 3.31126E-1 3.88661E-1 4.09902E-1 4.62028E-1 4.26894E-1 4.40887E-1 3.14909E-1 4.10128E-1
4.29385E-1 3.82886E-1 3.78349E-1 3.88619E-1 4.67017E-1 3.85955E-1 3.42839E-1 1.41268E-1 1.99204E-1 1.8293E-1 3.05653E-1 2.85062E-1 2.7032E-1 2.8798E-1 2.44538E-1 2.37565E-1 2.20242E-1 2.70413E-1 3.22234E-1 3.17398E-1 3.46968E-1 2.3653E-1 3.10689E-1 5.24802E-1 5.63034E-1 3.77389E-1 3.45885E-1 3.92168E-1 5.76552E-1 5.33899E-1 3.89737E-1 3.67373E-1 2.62006E-1 3.3195E-1 5.62596E-1 6.45933E-1 5.04499E-1 3.54879E-1 3.36803E-1 3.48564E-1 2.00619E-1 1.83286E-1 2.85165E-1 3.69808E-1 3.81973E-1 4.682E-1 6.29515E-1 5.19411E-1 1.49663E-1 3.14353E-1 3.61074E-1 4.15538E-1 4.46253E-1 4.08568E-1 4.55292E-1 3.91149E-1 5.93479E-1 4.54562E-1 3.87009E-1
4.1294E-1 4.71498E-1 4.37314E-1 4.24791E-1 4.71301E-1 3.97077E-1 2.67529E-1 1.2273E-1 1.32671E-1 1.99717E-1 2.01812E-1 2.58008E-1 1.77201E-1 2.04509E-1 2.27468E-1 1.99068E-1 1.95912E-1 2.64636E-1 3.3093E-1 3.91974E-1 4.12959E-1 3.64592E-1 4.50168E-1 4.92463E-1 7.15301E-1 6.12183E-1 6.42172E-1 6.96319E-1 7.98074E-1 7.83148E-1 3.68195E-1 3.01416E-1 2.8241E-1 3.11404E-1 4.54006E-1 4.29865E-1 3.05966E-1 3.06902E-1 1.68547E-1 2.03653E-1 1.52805E-1 1.22174E-1 2.41188E-1 3.37123E-1 4.21322E-1 2.82219E-1 6.52499E-1 6.16838E-1 1.82612E-1 2.71351E-1 3.49603E-1 4.85027E-1 5.89201E-1 4.89987E-1 4.16024E-1 3.73392E-1 5.17292E-1 4.30907E-1 2.31098E-1
2.63073E-1 3.29583E-1 4.33795E-1 4.81964E-1 3.78389E-1 2.71072E-1 1.88006E-1 1.11174E-1 1.57735E-1 1.79676E-1 1.769E-1 1.86165E-1 2.4189E-1 2.45362E-1 2.1444E-1 1.86027E-1 1.64854E-1 4.02702E-1 6.3031E-1 4.97229E-1 5.24709E-1 6.02477E-1 5.79572E-1 5.12842E-1 7.04586E-1 8.3613E-1 7.31207E-1 5.84332E-1 8.60449E-1 7.62142E-1 3.88724E-1 3.11206E-1 2.69408E-1 2.80455E-1 2.86636E-1 2.08786E-1 2.19563E-1 1.97495E-1 1.72099E-1 1.63189E-1 1.52768E-1 1.0899E-1 1.85354E-1 3.28392E-1 3.38585E-1 4.54493E-1 5.58207E-1 6.0656E-1 2.10366E-1 3.15896E-1 3.86829E-1 4.50143E-1 5.01078E-1 6.20198E-1 6.8447E-1 4.94068E-1 4.08997E-1 3.33063E-1 2.06009E-1
1.39643E-1 1.83791E-1 3.20216E-1 2.09939E-1 1.55455E-1 1.45379E-1 1.22178E-1 1.34959E-1 1.4748E-1 1.58824E-1 2.03094E-1 1.79016E-1 2.63598E-1 2.72081E-1 2.10363E-1 2.45064E-1 2.34203E-1 3.96634E-1 7.03689E-1 6.24821E-1 5.73788E-1 6.10955E-1 6.98936E-1 5.45086E-1 4.80198E-1 4.01651E-1 3.84296E-1 2.78408E-1 5.75912E-1 6.98625E-1 3.46518E-1 3.54563E-1 2.19225E-1 2.00696E-1 1.86633E-1 1.06982E-1 1.1422E-1 1.47895E-1 1.61177E-1 1.26633E-1 1.39376E-1 1.46045E-1 1.85298E-1 3.02754E-1 3.39016E-1 4.97603E-1 7.02341E-1 6.50544E-1 2.29572E-1 3.03269E-1 3.67688E-1 4.73969E-1 5.09284E-1 7.79965E-1 8.66324E-1 6.055E-1 2.60857E-1 2.33678E-1 1.82884E-1
1.40591E-1 2.54661E-1 6.74695E-2 1.39021E-1 1.16451E-1 1.35518E-1 1.22959E-1 1.05104E-1 1.05974E-1 1.20688E-1 9.4534E-2 1.65755E-1 1.19654E-1 2.84585E-1 2.8994E-1 4.14209E-1 4.75417E-1 5.89625E-1 7.79169E-1 7.69548E-1 7.75523E-1 7.93272E-1 5.99974E-1 3.66847E-1 4.15848E-1 2.40472E-1 2.10527E-1 2.08327E-1 2.2285E-1 5.09686E-1 4.30663E-1 3.06318E-1 1.93493E-1 2.0032E-1 1.10641E-1 7.24944E-2 1.29404E-1 1.28273E-1 1.39102E-1 1.30804E-1 1.212E-1 2.62862E-1 3.53615E-1 4.3042E-1 5.8947E-1 7.39406E-1 7.99136E-1 8.06169E-1 6.6913E-1 6.1117E-1 6.07336E-1 5.00683E-1 5.68931E-1 5.67546E-1 8.05067E-1 5.47634E-1 3.7722E-1 1.9877E-1 3.40291E-1
2.57934E-1 3.18657E-1 1.68755E-1 1.57054E-1 1.41443E-1 1.26671E-1 1.06364E-1 1.14368E-1 1.18014E-1 1.19069E-1 1.31167E-1 2.41517E-1 3.56457E-1 3.82719E-1 4.39915E-1 4.92316E-1 4.57109E-1 5.0133E-1 7.55922E-1 8.69489E-1 3.95693E-1 6.61789E-1 3.87614E-1 2.00431E-1 2.86191E-1 2.55368E-1 1.4413E-1 1.92352E-1 1.98641E-1 2.39591E-1 1.9091E-1 2.43524E-1 1.81647E-1 1.25894E-1 8.34935E-2 8.22292E-2 9.25741E-2 9.58338E-2 1.00837E-1 1.04177E-1 9.13279E-2 2.03914E-1 3.38356E-1 5.15875E-1 6.53469E-1 7.84178E-1 8.54449E-1 8.68895E-1 4.92991E-1 5.44148E-1 5.17083E-1 2.87495E-1 3.42539E-1 4.21757E-1 6.27855E-1 6.81761E-1 3.61234E-1 4.30387E-1 4.98413E-1
3.15432E-1 3.70343E-1 1.25658E-1 1.28437E-1 1.08655E-1 1.1403E-1 9.58629E-2 1.1898E-1 9.31795E-2 9.19389E-2 1.09193E-1 2.40451E-1 3.54758E-1 3.51844E-1 5.97789E-1 5.8175E-1 4.89461E-1 4.78825E-1 5.63823E-1 6.30383E-1 7.60387E-1 7.03679E-1 2.87919E-1 3.02145E-1 5.11715E-1 2.28376E-1 3.52795E-1 4.34979E-1 2.65408E-1 1.39337E-1 1.66459E-1 1.03393E-1 1.42989E-1 1.05058E-1 1.10859E-1 1.20704E-1 1.12053E-1 1.4476E-1 1.45428E-1 1.37862E-1 1.35002E-1 2.4371E-1 2.60429E-1 2.40771E-1 4.53487E-1 5.81224E-1 7.52615E-1 6.93076E-1 6.65189E-1 7.67873E-1 7.70338E-1 5.29868E-1 3.89363E-1 5.4659E-1 8.70005E-1 7.93065E-1 7.21049E-1 7.12798E-1 7.60939E-1
2.76351E-1 2.77079E-1 2.11237E-1 1.39898E-1 8.37765E-2 9.07461E-2 1.08066E-1 1.46208E-1 1.4644E-1 1.05615E-1 1.20617E-1 2.76128E-1 3.06436E-1 3.05742E-1 6.40443E-1 5.7753E-1 3.69598E-1 3.11287E-1 2.56058E-1 2.84594E-1 2.93296E-1 5.45798E-1 5.86788E-1 4.88893E-1 5.30587E-1 4.48317E-1 4.94599E-1 4.50416E-1 3.18297E-1 2.1898E-1 2.59455E-1 1.81229E-1 1.90116E-1 1.52923E-1 1.23331E-1 1.8046E-1 2.5241E-1 2.6032E-1 3.14525E-1 3.61987E-1 3.06452E-1 3.38816E-1 3.79953E-1 3.14813E-1 4.20124E-1 4.93841E-1 8.01598E-1 8.6816E-1 9.16851E-1 8.52649E-1 7.6712E-1 5.0001E-1 3.85884E-1 4.34068E-1 6.64356E-1 6.79835E-1 7.67984E-1 8.59293E-1 8.75562E-1
3.13144E-1 2.07413E-1 1.94748E-1 1.77972E-1 6.27288E-2 6.59125E-2 9.34311E-2 1.41208E-1 2.16463E-1 1.89575E-1 2.35477E-1 4.06842E-1 4.03717E-1 5.39768E-1 6.18713E-1 4.31567E-1 3.77084E-1 3.94476E-1 2.10945E-1 2.45111E-1 3.5607E-1 5.43905E-1 6.41942E-1 5.0758E-1 5.03981E-1 6.34138E-1 7.16295E-1 5.88828E-1 4.37444E-1 3.55419E-1 2.80043E-1 2.12482E-1 4.20122E-1 3.97669E-1 2.51125E-1 3.11535E-1 2.82209E-1 2.64427E-1 3.47934E-1 3.61008E-1 4.44285E-1 4.45556E-1 4.13973E-1 4.24562E-1 3.77118E-1 4.22895E-1 7.84507E-1 8.04733E-1 8.48943E-1 8.83365E-1 7.01106E-1 5.12214E-1 4.23897E-1 4.09107E-1 5.5958E-1 6.86658E-1 8.12324E-1 8.42951E-1 8.38496E-1
9.70815E-2 5.50837E-2 9.46824E-2 1.69027E-1 9.03108E-2 6.90763E-2 6.49627E-2 1.09361E-1 1.4828E-1 1.85658E-1 2.59817E-1 3.65959E-1 4.31564E-1 5.42814E-1 5.66909E-1 3.47858E-1 2.05885E-1 2.35484E-1 3.2595E-1 3.89287E-1 5.5359E-1 6.17823E-1 6.03054E-1 6.0566E-1 5.82877E-1 6.39479E-1 7.95898E-1 7.78679E-1 6.73931E-1 6.1413E-1 3.94531E-1 5.66152E-1 6.72947E-1 3.38959E-1 3.38067E-1 3.22647E-1 3.60455E-1 3.92684E-1 4.407E-1 5.49313E-1 4.45795E-1 4.8818E-1 5.46019E-1 4.99435E-1 4.70016E-1 5.01616E-1 5.71313E-1 6.82077E-1 7.22656E-1 6.13106E-1 3.25296E-1 5.31065E-1 5.99733E-1 4.79867E-1 5.59892E-1 6.79543E-1 6.51434E-1 5.50909E-1 3.43698E-1
4.97618E-2 4.04546E-2 5.62469E-2 6.97869E-2 9.77725E-2 1.19548E-1 1.43511E-1 1.76161E-1 1.86969E-1 1.18784E-1 1.67719E-1 3.89821E-1 4.48487E-1 5.2715E-1 4.48974E-1 2.814E-1 4.43831E-1 4.75781E-1 5.10893E-1 5.32511E-1 5.08843E-1 4.93702E-1 4.86342E-1 4.64933E-1 4.38854E-1 5.50084E-1 7.11659E-1 7.99951E-1 7.78568E-1 7.91088E-1 7.68313E-1 6.87033E-1 7.22308E-1 4.0457E-1 2.43391E-1 5.04951E-1 8.44661E-1 6.60635E-1 7.61953E-1 7.13581E-1 6.0647E-1 5.76579E-1 5.42397E-1 5.22286E-1 4.4988E-1 4.90909E-1 6.61356E-1 7.1818E-1 5.97855E-1 4.46189E-1 5.78909E-1 6.81353E-1 6.76356E-1 5.74484E-1 5.3392E-1 6.48128E-1 4.45716E-1 3.40363E-1 3.23324E-1
3.39932E-2 4.78792E-2 5.80609E-2 4.92457E-2 7.74604E-2 1.85394E-1 2.38373E-1 2.77578E-1 2.65919E-1 1.65034E-1 1.53038E-1 3.45649E-1 5.64811E-1 6.26361E-1 4.63685E-1 3.181E-1 4.9105E-1 5.13655E-1 3.92711E-1 4.30195E-1 5.01078E-1 4.55982E-1 3.33007E-1 4.03515E-1 3.31512E-1 3.29265E-1 5.37751E-1 5.61841E-1 2.86978E-1 5.36864E-1 4.69119E-1 5.72894E-1 7.20422E-1 3.38842E-1 3.04582E-1 3.85069E-1 8.51096E-1 8.728E-1 7.77394E-1 5.43795E-1 6.20237E-1 6.47363E-1 5.43143E-1 4.84204E-1 5.03825E-1 4.92226E-1 6.74958E-1 8.41361E-1 7.06438E-1 6.30813E-1 6.41005E-1 6.09599E-1 6.59394E-1 5.8518E-1 5.38524E-1 5.20326E-1 3.07962E-1 2.38746E-1 2.43192E-1
3.50581E-2 3.00846E-2 3.42492E-2 3.75234E-2 5.16712E-2 1.00982E-1 1.6334E-1 2.03549E-1 2.83685E-1 2.50171E-1 3.72888E-1 4.51317E-1 6.54693E-1 7.66774E-1 7.74092E-1 5.34226E-1 4.95411E-1 3.56125E-1 3.93168E-1 4.09616E-1 5.12921E-1 4.96576E-1 4.57913E-1 5.55617E-1 4.12807E-1 4.3483E-1 4.29418E-1 6.07878E-1 5.54892E-1 5.41356E-1 5.06153E-1 4.97031E-1 4.12243E-1 2.3463E-1 2.2801E-1 6.02745E-1 8.92498E-1 8.81966E-1 6.83569E-1 2.71204E-1 4.0312E-1 5.69037E-1 5.5625E-1 3.16912E-1 3.99226E-1 4.55265E-1 5.82881E-1 8.01378E-1 5.55843E-1 6.90485E-1 7.97793E-1 8.24363E-1 7.30015E-1 6.73656E-1 4.65749E-1 2.53802E-1 2.07679E-1 1.85191E-1 1.79602E-1
1.06577E-1 6.84093E-2 3.4517E-2 3.27564E-2 2.7251E-2 4.49563E-2 3.846E-2 5.43265E-2 1.09274E-1 2.39561E-1 3.82735E-1 3.65373E-1 4.74604E-1 6.32771E-1 4.98912E-1 4.60031E-1 4.83222E-1 4.23235E-1 5.36891E-1 5.62228E-1 6.30199E-1 5.27092E-1 4.24463E-1 6.02491E-1 6.17429E-1 5.46796E-1 7.47309E-1 8.08455E-1 5.16581E-1 4.81267E-1 5.50987E-1 5.68496E-1 4.7519E-1 3.54782E-1 3.93047E-1 4.52781E-1 7.19423E-1 5.314E-1 2.55376E-1 1.82853E-1 4.2056E-1 5.0091E-1 4.60528E-1 3.82404E-1 4.12246E-1 3.77343E-1 6.55917E-1 7.28567E-1 7.48746E-1 7.73464E-1 8.31666E-1 8.55704E-1 8.71764E-1 8.0531E-1 4.99557E-1 2.96969E-1 2.13547E-1 1.8991E-1 2.14991E-1
3.26438E-1 1.95862E-1 6.17438E-2 3.15609E-2 2.66339E-2 4.71072E-2 3.93742E-2 2.32184E-2 2.98407E-2 9.13386E-2 2.71185E-1 4.77052E-1 6.15836E-1 6.80119E-1 4.61225E-1 5.09519E-1 4.77262E-1 3.69657E-1 3.91592E-1 5.55542E-1 6.55393E-1 5.76511E-1 4.97763E-1 5.95042E-1 6.69875E-1 6.51037E-1 6.62858E-1 8.57037E-1 8.19717E-1 5.66458E-1 5.91178E-1 6.3521E-1 5.64016E-1 5.2888E-1 6.19828E-1 5.42253E-1 6.11971E-1 4.56291E-1 1.86309E-1 2.66431E-1 4.93742E-1 5.11132E-1 5.21676E-1 3.43387E-1 5.64869E-1 4.54795E-1 6.37033E-1 6.94112E-1 7.34514E-1 6.731E-1 8.0761E-1 8.26255E-1 8.81363E-1 6.96024E-1 3.48268E-1 2.86497E-1 2.25405E-1 2.60101E-1 3.11403E-1
3.90911E-1 1.5292E-1 1.15764E-1 8.92029E-2 2.37497E-2 3.83717E-2 2.75436E-2 1.60451E-2 1.92562E-2 3.35138E-2 8.19367E-2 2.55352E-1 5.40706E-1 6.0947E-1 5.8863E-1 5.06882E-1 6.22373E-1 3.79818E-1 4.01946E-1 3.53594E-1 5.36236E-1 5.44224E-1 6.68368E-1 5.76338E-1 7.17959E-1 7.20304E-1 5.86654E-1 8.12527E-1 8.46351E-1 6.27834E-1 6.08123E-1 6.16807E-1 6.318E-1 7.10845E-1 6.89244E-1 5.64889E-1 5.14072E-1 4.59492E-1 2.71705E-1 2.94884E-1 4.18874E-1 5.06851E-1 5.12615E-1 3.59349E-1 5.04028E-1 6.32612E-1 3.24936E-1 4.58089E-1 5.47548E-1 6.10444E-1 7.15822E-1 7.97657E-1 8.2256E-1 6.7583E-1 4.63435E-1 3.58281E-1 3.14811E-1 2.91775E-1 3.27205E-1
2.75349E-1 1.9568E-1 1.89206E-1 2.39456E-1 8.58807E-2 2.99131E-2 2.43405E-2 1.29827E-2 1.46104E-2 2.67838E-2 3.35974E-2 6.9349E-2 1.99993E-1 3.05734E-1 3.56688E-1 5.27094E-1 5.04048E-1 5.0139E-1 2.84642E-1 2.98916E-1 2.72185E-1 5.93215E-1 5.50254E-1 6.61196E-1 6.94295E-1 7.21529E-1 5.8222E-1 6.07472E-1 6.76558E-1 5.90278E-1 6.05805E-1 7.24412E-1 7.29364E-1 8.18406E-1 8.97731E-1 8.67754E-1 7.67246E-1 4.49739E-1 2.74193E-1 4.39885E-1 4.83834E-1 5.03122E-1 4.86937E-1 4.62272E-1 5.17201E-1 6.76383E-1 2.22707E-1 3.52622E-1 3.65374E-1 4.49246E-1 7.6715E-1 7.73018E-1 7.25278E-1 6.80928E-1 5.49807E-1 4.34649E-1 3.68198E-1 3.95419E-1 4.12666E-1
3.38153E-1 2.63697E-1 4.38159E-1 3.18534E-1 2.01006E-1 5.17459E-2 3.63573E-2 1.74866E-2 1.61112E-2 3.35546E-2 3.70426E-2 6.07001E-2 1.02963E-1 1.48662E-1 2.31155E-1 2.13565E-1 5.35215E-1 6.22069E-1 5.01884E-1 2.76338E-1 3.45602E-1 3.26504E-1 6.5202E-1 5.34517E-1 6.58869E-1 8.21099E-1 5.92785E-1 6.06771E-1 8.12271E-1 6.99084E-1 6.88978E-1 8.00614E-1 7.84804E-1 8.49415E-1 8.35146E-1 8.2536E-1 7.87648E-1 5.94192E-1 4.14638E-1 5.53E-1 5.30492E-1 3.75752E-1 4.3397E-1 4.08126E-1 4.93282E-1 5.15603E-1 4.27648E-1 2.85996E-1 2.90064E-1 3.96383E-1 7.29837E-1 6.68248E-1 5.03049E-1 4.57922E-1 5.32094E-1 6.21614E-1 3.38619E-1 4.32881E-1 4.05947E-1
6.04291E-1 4.91061E-1 6.7198E-1 5.09798E-1 2.23089E-1 9.47121E-2 5.32862E-2 3.36061E-2 1.95516E-2 2.88E-2 3.46307E-2 4.3694E-2 5.487E-2 6.36473E-2 1.27334E-1 1.69723E-1 3.16507E-1 4.46795E-1 6.62798E-1 2.83366E-1 3.46859E-1 3.79913E-1 4.88968E-1 5.68949E-1 5.89819E-1 7.18201E-1 4.05878E-1 5.04765E-1 4.38626E-1 7.98231E-1 8.86771E-1 8.63258E-1 8.18907E-1 8.58606E-1 8.98754E-1 8.02292E-1 7.53068E-1 5.69832E-1 3.70673E-1 5.89032E-1 4.77913E-1 4.93718E-1 5.07171E-1 5.37076E-1 5.53986E-1 4.9337E-1 3.78288E-1 3.48191E-1 3.10398E-1 3.54861E-1 5.87252E-1 6.57292E-1 5.28801E-1 4.31931E-1 4.1152E-1 5.79859E-1 6.63805E-1 5.86572E-1 4.50883E-1
8.06146E-1 5.98802E-1 7.45041E-1 5.20534E-1 2.53986E-1 1.8161E-1 1.13325E-1 6.39744E-2 3.17E-2 2.80446E-2 3.486E-2 4.84388E-2 4.8458E-2 5.02881E-2 1.06675E-1 2.62687E-1 2.3373E-1 3.07481E-1 3.95935E-1 3.70651E-1 3.84592E-1 3.54202E-1 4.1041E-1 6.26752E-1 4.43636E-1 6.1819E-1 5.47811E-1 6.00574E-1 6.98702E-1 8.45745E-1 6.98379E-1 4.88375E-1 6.07681E-1 5.98786E-1 8.0909E-1 7.59198E-1 7.1454E-1 6.41104E-1 5.1648E-1 6.45409E-1 5.93265E-1 4.97371E-1 4.63088E-1 5.77327E-1 6.76643E-1 4.99149E-1 4.3311E-1 3.96443E-1 3.52513E-1 2.84837E-1 4.48225E-1 3.47436E-1 3.62888E-1 3.43668E-1 3.03983E-1 3.37538E-1 4.7243E-1 5.70647E-1 4.969E-1
8.31359E-1 8.04689E-1 7.95087E-1 4.3046E-1 2.36731E-1 2.02732E-1 1.92815E-1 1.62335E-1 1.33606E-1 6.51549E-2 3.14649E-2 3.63434E-2 3.98398E-2 3.49857E-2 7.51433E-2 1.75053E-1 1.94373E-1 2.62168E-1 2.85466E-1 3.15379E-1 4.96758E-1 3.20265E-1 4.16267E-1 6.92609E-1 5.57951E-1 6.66719E-1 6.83838E-1 9.01023E-1 8.60456E-1 8.76857E-1 4.94977E-1 6.22241E-1 6.2967E-1 8.67709E-1 8.70761E-1 7.64094E-1 7.946E-1 6.72462E-1 3.77584E-1 5.69648E-1 4.58594E-1 4.99948E-1 4.9349E-1 5.83522E-1 6.15747E-1 4.85631E-1 6.38658E-1 4.30775E-1 5.72105E-1 5.0706E-1 4.60868E-1 4.60756E-1 4.73257E-1 3.05742E-1 1.82542E-1 2.40379E-1 2.86087E-1 3.7932E-1 4.1625E-1
8.38557E-1 8.23068E-1 7.84243E-1 3.93915E-1 2.62566E-1 2.3175E-1 2.33853E-1 3.21858E-1 4.7366E-1 2.42918E-1 6.55782E-2 4.14853E-2 4.30073E-2 5.43933E-2 9.78579E-2 2.66221E-1 2.0405E-1 1.95326E-1 2.79546E-1 3.48026E-1 4.46319E-1 3.63964E-1 5.0474E-1 8.12226E-1 6.61248E-1 8.08009E-1 6.02676E-1 8.50109E-1 7.86679E-1 8.51618E-1 7.28652E-1 8.07903E-1 8.14812E-1 8.18351E-1 8.84597E-1 8.68702E-1 8.27776E-1 7.13875E-1 5.81551E-1 4.70491E-1 4.44156E-1 5.0282E-1 5.262E-1 4.79895E-1 5.53775E-1 6.35845E-1 6.38122E-1 5.37573E-1 8.4025E-1 5.54956E-1 6.73786E-1 4.92223E-1 3.54074E-1 3.5077E-1 2.38284E-1 2.19848E-1 1.69315E-1 1.70205E-1 2.60249E-1
6.07553E-1 8.20709E-1 6.58057E-1 3.46795E-1 3.14061E-1 2.91861E-1 2.7182E-1 4.47811E-1 5.13499E-1 4.63312E-1 1.78412E-1 7.2783E-2 4.86468E-2 9.10339E-2 8.88177E-2 1.45772E-1 1.59452E-1 2.36066E-1 3.51918E-1 3.9703E-1 4.13299E-1 4.48739E-1 6.74728E-1 8.56809E-1 7.83376E-1 8.70538E-1 3.20168E-1 1.77698E-1 6.76157E-1 7.95269E-1 7.17669E-1 5.93939E-1 7.38091E-1 6.73389E-1 6.77675E-1 7.64936E-1 8.78833E-1 8.75928E-1 5.74007E-1 5.51993E-1 4.74312E-1 6.1268E-1 6.99778E-1 6.59476E-1 5.84688E-1 5.8655E-1 6.25446E-1 6.52705E-1 7.43416E-1 6.16781E-1 5.58054E-1 3.59586E-1 3.39673E-1 3.9551E-1 4.06198E-1 1.80053E-1 1.60932E-1 1.82775E-1 1.467E-1
6.74406E-1 6.65288E-1 8.36782E-1 3.96856E-1 3.22861E-1 2.95372E-1 2.96841E-1 5.99668E-1 5.47138E-1 4.58985E-1 2.83958E-1 2.11491E-1 1.02696E-1 9.3838E-2 1.27883E-1 1.05143E-1 1.60692E-1 2.54734E-1 3.10391E-1 3.60478E-1 3.68814E-1 4.92893E-1 5.63099E-1 7.82579E-1 9.11915E-1 7.12718E-1 2.97716E-1 2.67837E-1 2.50386E-1 5.92335E-1 3.93922E-1 2.50133E-1 3.30309E-1 4.35659E-1 4.55548E-1 4.27927E-1 7.46948E-1 7.33682E-1 6.42311E-1 5.11105E-1 4.58741E-1 5.90516E-1 6.60265E-1 6.19296E-1 4.85195E-1 5.3892E-1 4.18699E-1 6.12441E-1 5.55068E-1 4.52418E-1 4.98756E-1 3.11213E-1 3.446E-1 4.80998E-1 4.04215E-1 3.24743E-1 3.07708E-1 1.9047E-1 2.66351E-1
6.09783E-1 5.57886E-1 8.82368E-1 7.58948E-1 4.4328E-1 4.57878E-1 4.58895E-1 6.37433E-1 5.92932E-1 5.53167E-1 4.16955E-1 3.13166E-1 1.77689E-1 1.16327E-1 1.73062E-1 1.5726E-1 1.37138E-1 1.61612E-1 2.38149E-1 3.04561E-1 3.49401E-1 4.71541E-1 3.8057E-1 4.6527E-1 5.76846E-1 5.09168E-1 3.16398E-1 1.84002E-1 1.17549E-1 1.57097E-1 1.21889E-1 1.27993E-1 1.00327E-1 1.02115E-1 2.48788E-1 3.58522E-1 6.47583E-1 5.34248E-1 4.64159E-1 3.86953E-1 4.24372E-1 4.94756E-1 6.80427E-1 6.54996E-1 3.35732E-1 4.70531E-1 5.50878E-1 6.16408E-1 3.15782E-1 3.06088E-1 3.1487E-1 3.54252E-1 3.05507E-1 2.46649E-1 2.84853E-1 2.60903E-1 3.74485E-1 2.81535E-1 3.38424E-1
