Phytophthora/models/20240604_1618_19/Phytophthora_PA3_RUN2_MAXENT_outputs/projMaxent.asc
ncols         225
nrows         269
xllcorner     473009.9838
yllcorner     4429051.1748
cellsize      50.0
NODATA_value  -9999
[rows 78 to 103 of 269, columns 0 to 58 of 225]
-9999 -9999 -9999 -9999 -9999 -9999 -9999 -9999 -9999 -9999 -9999 -9999 -9999 -9999 -9999 -9999 -9999 -9999 -9999 -9999 -9999 -9999 -9999 -9999 -9999 -9999 -9999 -9999 -9999 -9999 3.47595E-2 8.51439E-3 6.05627E-3 9.90085E-3 1.45666E-2 1.45358E-2 2.68583E-2 5.92214E-2 5.92731E-2 4.4907E-2 2.45498E-2 2.95018E-2 3.35621E-2 3.90398E-2 3.88799E-2 2.94512E-2 1.70979E-2 1.42346E-2 1.50737E-2 1.8562E-2 2.86637E-2 4.22315E-2 4.99712E-2 3.0683E-2 2.9706E-2 3.14634E-2 2.52097E-2 3.05928E-2 3.26265E-2
-9999 -9999 -9999 -9999 -9999 -9999 -9999 -9999 -9999 -9999 -9999 -9999 -9999 -9999 -9999 -9999 -9999 -9999 -9999 -9999 -9999 -9999 -9999 -9999 -9999 -9999 -9999 -9999 -9999 -9999 -9999 3.95533E-3 6.2142E-3 5.52467E-3 9.23331E-3 1.09734E-2 1.75212E-2 3.77989E-2 4.83349E-2 4.14782E-2 3.22001E-2 2.41177E-2 2.58227E-2 2.53856E-2 3.45016E-2 2.85114E-2 1.82393E-2 1.14275E-2 2.66905E-2 4.5627E-2 4.20632E-2 7.17699E-2 3.48131E-2 4.6122E-2 7.46694E-2 6.54676E-2 3.64431E-2 2.01787E-2 4.06583E-2
-9999 -9999 -9999 -9999 -9999 -9999 -9999 -9999 -9999 -9999 -9999 -9999 -9999 -9999 -9999 -9999 -9999 -9999 -9999 -9999 -9999 -9999 -9999 -9999 -9999 -9999 -9999 -9999 -9999 -9999 -9999 4.5368E-3 8.29131E-3 7.47215E-3 1.43169E-2 1.99278E-2 2.18281E-2 3.17203E-2 3.81611E-2 4.27527E-2 3.5776E-2 1.57179E-2 1.17081E-2 8.93911E-3 1.53446E-2 1.62417E-2 2.14969E-2 1.6295E-2 2.95922E-2 3.59819E-2 3.69601E-2 1.9059E-2 1.9342E-2 3.38518E-2 5.00224E-2 7.62217E-2 7.01008E-2 1.53721E-2 1.78749E-2
-9999 -9999 -9999 -9999 -9999 -9999 -9999 -9999 -9999 -9999 -9999 -9999 -9999 -9999 -9999 -9999 -9999 -9999 -9999 -9999 -9999 -9999 -9999 -9999 -9999 -9999 -9999 -9999 -9999 -9999 -9999 -9999 5.52545E-3 8.24307E-3 1.00655E-2 1.99565E-2 2.4589E-2 2.86989E-2 3.52402E-2 3.42528E-2 3.37706E-2 1.43936E-2 1.55784E-2 6.91597E-3 1.12079E-2 1.90249E-2 3.12321E-2 2.25621E-2 3.16172E-2 2.85999E-2 2.12599E-2 1.9957E-2 2.14731E-2 2.78243E-2 4.14199E-2 9.96751E-2 6.19616E-2 2.81695E-2 9.10766E-3
-9999 -9999 -9999 -9999 -9999 -9999 -9999 -9999 -9999 -9999 -9999 -9999 -9999 -9999 -9999 -9999 -9999 -9999 -9999 -9999 -9999 -9999 -9999 -9999 -9999 -9999 -9999 -9999 -9999 -9999 -9999 -9999 1.18375E-2 9.50733E-3 1.0243E-2 1.07612E-2 1.91376E-2 2.35782E-2 2.76289E-2 2.18169E-2 1.84438E-2 1.95334E-2 1.65057E-2 7.32881E-3 7.26753E-3 1.91744E-2 4.0085E-2 2.6429E-2 2.487E-2 2.26162E-2 2.1082E-2 2.70134E-2 3.29825E-2 2.65891E-2 2.19503E-2 5.11867E-2 4.22011E-2 4.63168E-2 9.86376E-3
-9999 -9999 -9999 -9999 -9999 -9999 -9999 -9999 -9999 -9999 -9999 -9999 -9999 -9999 -9999 -9999 -9999 -9999 -9999 -9999 -9999 -9999 -9999 -9999 -9999 -9999 -9999 -9999 -9999 -9999 -9999 -9999 -9999 1.06652E-2 1.15272E-2 1.15708E-2 1.37615E-2 1.83444E-2 1.98666E-2 1.69448E-2 1.50668E-2 1.20237E-2 1.2849E-2 1.27852E-2 1.04595E-2 1.4976E-2 2.15165E-2 3.85211E-2 3.78449E-2 1.99416E-2 1.68223E-2 2.98802E-2 3.61693E-2 3.49315E-2 3.38301E-2 4.74292E-2 6.06445E-2 3.18724E-2 9.77522E-3
-9999 -9999 -9999 -9999 -9999 -9999 -9999 -9999 -9999 -9999 -9999 -9999 -9999 -9999 -9999 -9999 -9999 -9999 -9999 -9999 -9999 -9999 -9999 -9999 -9999 -9999 -9999 -9999 -9999 -9999 -9999 -9999 -9999 1.78986E-2 2.56793E-2 2.86366E-2 3.23451E-2 3.57726E-2 3.17301E-2 1.80642E-2 1.46137E-2 7.92019E-3 1.02974E-2 1.41052E-2 1.18782E-2 6.63418E-3 2.70704E-2 4.91984E-2 6.80311E-2 3.7601E-2 3.57917E-2 4.18049E-2 2.40627E-2 2.78311E-2 5.26009E-2 5.9104E-2 5.203E-2 2.49763E-2 1.00068E-2
-9999 -9999 -9999 -9999 -9999 -9999 -9999 -9999 -9999 -9999 -9999 -9999 -9999 -9999 -9999 -9999 -9999 -9999 -9999 -9999 -9999 -9999 -9999 -9999 -9999 -9999 -9999 -9999 -9999 -9999 -9999 -9999 -9999 -9999 3.25154E-2 3.36455E-2 3.44971E-2 2.83525E-2 2.35811E-2 1.57679E-2 1.22906E-2 6.84498E-3 9.02885E-3 9.42719E-3 1.31757E-2 2.29754E-2 2.25605E-2 3.90723E-2 7.24156E-2 8.60337E-2 7.3001E-2 4.33387E-2 3.12232E-2 3.75846E-2 5.08892E-2 6.31503E-2 5.11476E-2 1.91718E-2 1.98614E-2
-9999 -9999 -9999 -9999 -9999 -9999 -9999 -9999 -9999 -9999 -9999 -9999 -9999 -9999 -9999 -9999 -9999 -9999 -9999 -9999 -9999 -9999 -9999 -9999 -9999 -9999 -9999 -9999 -9999 -9999 -9999 -9999 -9999 -9999 2.8847E-2 2.2339E-2 1.87066E-2 2.16097E-2 1.88807E-2 1.38664E-2 1.04969E-2 1.06249E-2 1.68025E-2 1.91183E-2 3.01918E-2 2.99081E-2 2.47284E-2 2.41382E-2 3.94793E-2 5.07071E-2 3.94143E-2 2.92373E-2 1.96151E-2 3.17911E-2 5.94463E-2 6.35482E-2 4.32469E-2 8.72367E-2 7.10946E-2
-9999 -9999 -9999 -9999 -9999 -9999 -9999 -9999 -9999 -9999 -9999 -9999 -9999 -9999 -9999 -9999 -9999 -9999 -9999 -9999 -9999 -9999 -9999 -9999 -9999 -9999 -9999 -9999 -9999 -9999 -9999 -9999 -9999 -9999 1.82717E-2 2.39767E-2 2.24703E-2 2.17173E-2 1.83336E-2 2.61883E-2 1.73121E-2 1.55609E-2 1.80867E-2 2.47942E-2 3.41394E-2 3.88861E-2 2.43628E-2 2.20501E-2 1.90051E-2 1.54408E-2 2.54282E-2 2.40282E-2 1.22888E-2 3.81528E-2 1.21593E-1 1.37142E-1 9.27495E-2 8.57164E-2 7.24199E-2
-9999 -9999 -9999 -9999 -9999 -9999 -9999 -9999 -9999 -9999 -9999 -9999 -9999 -9999 -9999 -9999 -9999 -9999 -9999 -9999 -9999 -9999 -9999 -9999 -9999 -9999 -9999 -9999 -9999 -9999 -9999 -9999 -9999 -9999 1.46433E-2 2.15434E-2 2.18067E-2 2.54181E-2 2.73976E-2 3.44773E-2 3.40455E-2 2.74194E-2 1.7329E-2 4.78681E-2 5.44159E-2 2.54767E-2 2.36179E-2 2.45336E-2 2.70073E-2 2.1146E-2 3.14986E-2 2.89552E-2 1.69801E-2 7.43176E-2 9.74216E-2 1.33064E-1 1.09333E-1 4.55024E-2 7.40909E-2
-9999 -9999 -9999 -9999 -9999 -9999 -9999 -9999 -9999 -9999 -9999 -9999 -9999 -9999 -9999 -9999 -9999 -9999 -9999 -9999 -9999 -9999 -9999 -9999 -9999 -9999 -9999 -9999 -9999 -9999 -9999 -9999 -9999 3.77354E-2 3.76157E-2 3.64655E-2 4.15583E-2 4.82404E-2 3.27032E-2 2.18334E-2 4.71455E-2 6.55788E-2 4.04032E-2 4.9428E-2 4.55687E-2 4.41926E-2 3.9911E-2 2.81495E-2 2.50364E-2 2.08948E-2 2.41354E-2 3.16799E-2 2.84658E-2 7.03354E-2 7.93025E-2 8.82417E-2 8.58906E-2 4.90274E-2 3.08941E-2
-9999 -9999 -9999 -9999 -9999 -9999 -9999 -9999 -9999 -9999 -9999 -9999 -9999 -9999 -9999 -9999 -9999 -9999 -9999 -9999 -9999 -9999 -9999 -9999 -9999 -9999 -9999 -9999 -9999 -9999 -9999 -9999 -9999 3.92601E-2 3.7793E-2 3.81863E-2 3.96471E-2 4.23499E-2 2.38497E-2 2.12216E-2 4.49963E-2 6.72786E-2 4.89681E-2 3.99301E-2 6.98426E-2 7.53688E-2 5.45323E-2 4.60045E-2 3.05975E-2 2.54046E-2 2.48705E-2 1.46883E-2 2.32189E-2 6.89068E-2 7.59533E-2 8.19518E-2 9.14492E-2 6.45198E-2 2.7823E-2
-9999 -9999 -9999 -9999 -9999 -9999 -9999 -9999 -9999 -9999 -9999 -9999 -9999 -9999 -9999 -9999 -9999 -9999 -9999 -9999 -9999 -9999 1.81231E-1 1.49448E-1 -9999 -9999 -9999 -9999 -9999 -9999 3.40262E-2 2.77154E-2 4.63352E-2 4.26274E-2 3.47845E-2 3.91631E-2 3.69734E-2 2.38709E-2 3.26716E-2 3.16059E-2 4.49539E-2 4.85679E-2 6.10429E-2 5.57517E-2 9.06232E-2 8.52011E-2 6.15823E-2 5.08442E-2 4.85829E-2 2.6908E-2 1.42207E-2 9.54752E-3 2.03768E-2 2.93202E-2 4.5712E-2 7.29435E-2 5.94897E-2 3.56656E-2 3.11127E-2
-9999 -9999 -9999 -9999 -9999 -9999 -9999 -9999 -9999 -9999 -9999 -9999 -9999 -9999 -9999 -9999 -9999 -9999 1.32224E-1 1.45117E-1 1.58648E-1 1.71718E-1 8.68539E-2 9.37132E-2 1.10411E-1 1.36919E-1 2.10614E-1 1.04691E-1 9.59448E-2 4.39814E-2 2.87834E-2 2.23201E-2 3.58165E-2 3.19122E-2 4.14661E-2 3.40277E-2 2.60507E-2 2.96817E-2 3.59731E-2 3.44789E-2 5.60598E-2 6.91878E-2 8.01548E-2 9.3897E-2 9.73751E-2 9.54925E-2 7.97218E-2 6.49357E-2 6.72355E-2 4.22202E-2 1.2926E-2 9.76318E-3 2.39869E-2 4.33107E-2 3.78742E-2 3.53322E-2 3.34227E-2 4.10923E-2 4.50541E-2
-9999 -9999 -9999 -9999 -9999 -9999 -9999 -9999 -9999 -9999 -9999 -9999 -9999 -9999 -9999 -9999 1.09178E-1 1.10656E-1 1.42714E-1 1.19175E-1 9.76723E-2 8.41803E-2 7.70004E-2 7.94942E-2 7.65515E-2 1.11389E-1 1.89778E-1 1.68173E-1 1.24728E-1 6.55683E-2 2.57273E-2 3.08111E-2 3.24046E-2 3.56165E-2 3.45127E-2 2.48097E-2 1.54713E-2 2.92008E-2 2.3682E-2 3.37779E-2 6.09269E-2 6.91214E-2 7.75153E-2 8.45813E-2 8.34052E-2 1.28947E-1 1.10396E-1 8.06564E-2 5.90543E-2 2.81038E-2 2.95916E-2 1.8328E-2 1.73688E-2 2.16318E-2 2.89623E-2 6.39989E-2 3.65663E-2 4.34443E-2 4.87104E-2
-9999 -9999 -9999 -9999 -9999 -9999 -9999 -9999 -9999 -9999 -9999 -9999 -9999 -9999 8.00707E-2 1.27903E-1 1.8261E-1 1.80417E-1 1.21526E-1 1.19922E-1 9.47794E-2 9.32442E-2 1.1751E-1 1.32975E-1 1.27271E-1 8.20755E-2 8.02702E-2 1.54876E-1 1.23387E-1 8.13933E-2 4.48767E-2 3.56713E-2 3.18924E-2 4.87051E-2 4.83024E-2 2.33368E-2 1.22614E-2 3.09348E-2 3.17609E-2 3.36178E-2 5.87997E-2 6.94561E-2 6.51071E-2 8.52841E-2 8.46945E-2 1.11383E-1 1.05492E-1 4.98746E-2 4.07322E-2 2.16561E-2 2.7705E-2 3.4703E-2 4.2171E-2 4.25106E-2 7.30164E-2 6.62901E-2 3.81584E-2 1.66441E-2 1.13102E-2
-9999 -9999 -9999 -9999 -9999 -9999 -9999 -9999 -9999 -9999 -9999 -9999 5.79015E-2 6.14804E-2 6.70438E-2 1.16996E-1 1.51736E-1 1.2034E-1 1.26924E-1 1.14596E-1 7.16196E-2 4.27063E-2 5.76102E-2 1.21804E-1 1.16772E-1 1.29159E-1 7.6513E-2 1.09533E-1 5.39739E-2 3.25284E-2 3.23858E-2 3.25333E-2 3.85152E-2 4.13439E-2 3.57711E-2 1.40411E-2 2.11267E-2 3.73689E-2 2.43693E-2 2.78301E-2 4.86407E-2 8.2689E-2 5.90064E-2 5.81849E-2 8.60647E-2 5.53262E-2 2.74802E-2 3.17288E-2 2.17544E-2 1.91485E-2 2.25004E-2 1.75211E-2 1.98319E-2 4.36478E-2 5.39356E-2 6.22357E-2 2.99449E-2 1.2333E-2 1.02744E-2
-9999 -9999 -9999 -9999 -9999 -9999 -9999 -9999 -9999 -9999 -9999 9.20334E-2 8.79202E-2 6.45232E-2 1.0858E-1 1.32615E-1 1.64582E-1 1.40788E-1 1.73574E-1 1.25285E-1 4.37989E-2 4.94636E-2 8.20209E-2 1.28563E-1 1.17131E-1 1.08316E-1 1.17271E-1 1.37183E-1 7.996E-2 5.00337E-2 4.79607E-2 4.21948E-2 6.32587E-2 5.39719E-2 3.31102E-2 1.51501E-2 1.85931E-2 2.02946E-2 1.86225E-2 5.68732E-2 7.01249E-2 4.53375E-2 6.81265E-2 6.92305E-2 4.01518E-2 4.10435E-2 5.15761E-2 3.91394E-2 1.93738E-2 1.28746E-2 1.78244E-2 1.43228E-2 1.02238E-2 1.71453E-2 2.01271E-2 1.84524E-2 2.00755E-2 1.84401E-2 1.51164E-2
-9999 -9999 -9999 -9999 -9999 -9999 -9999 -9999 -9999 -9999 -9999 1.01673E-1 1.10459E-1 1.34809E-1 1.32009E-1 1.42807E-1 2.14631E-1 2.52013E-1 1.53286E-1 6.34832E-2 5.83031E-2 8.70975E-2 1.15346E-1 1.36895E-1 1.04837E-1 1.09819E-1 1.42137E-1 2.21848E-1 2.54612E-1 1.95337E-1 1.28972E-1 7.8813E-2 7.24232E-2 5.20798E-2 3.25619E-2 2.07991E-2 2.11199E-2 3.32349E-2 3.49387E-2 5.12774E-2 5.99626E-2 5.3805E-2 4.62466E-2 4.63483E-2 3.84402E-2 3.22641E-2 6.49351E-2 4.48289E-2 3.20757E-2 2.35913E-2 1.94862E-2 1.75106E-2 1.38459E-2 1.66805E-2 2.0964E-2 1.98675E-2 3.62583E-2 3.97307E-2 2.19896E-2
-9999 -9999 -9999 -9999 -9999 -9999 -9999 -9999 -9999 -9999 8.41709E-2 1.32027E-1 1.64874E-1 1.81926E-1 1.65481E-1 2.04726E-1 2.28554E-1 2.57615E-1 2.44484E-1 1.42563E-1 1.35389E-1 1.06451E-1 1.76875E-1 1.70165E-1 1.52082E-1 1.63779E-1 2.06323E-1 1.9683E-1 1.9486E-1 2.09799E-1 1.98026E-1 1.27312E-1 7.93101E-2 6.3256E-2 4.88127E-2 4.56049E-2 3.17681E-2 2.8058E-2 7.23203E-2 6.89113E-2 4.53679E-2 4.35405E-2 4.0932E-2 2.80419E-2 3.19265E-2 4.11406E-2 5.13242E-2 3.76182E-2 3.16253E-2 2.37124E-2 2.41638E-2 3.74087E-2 2.18946E-2 3.9961E-2 5.01486E-2 5.08603E-2 3.61904E-2 3.68831E-2 2.13894E-2
-9999 -9999 -9999 -9999 -9999 -9999 -9999 -9999 -9999 -9999 -9999 1.08766E-1 1.13385E-1 2.01673E-1 2.20211E-1 2.29471E-1 2.42248E-1 2.37853E-1 2.35703E-1 2.52314E-1 2.58804E-1 2.33722E-1 1.91612E-1 1.77292E-1 1.86282E-1 1.96754E-1 2.25131E-1 1.90087E-1 8.11942E-2 6.98246E-2 7.04378E-2 1.33168E-1 1.61718E-1 8.10649E-2 6.59375E-2 3.69328E-2 3.0978E-2 4.18944E-2 5.01763E-2 4.40956E-2 5.23609E-2 3.66009E-2 4.44118E-2 3.75365E-2 7.62921E-2 2.85458E-2 2.09837E-2 2.8346E-2 2.12679E-2 9.38382E-3 2.72311E-2 3.62005E-2 3.67617E-2 4.51738E-2 7.76783E-2 8.49484E-2 4.48324E-2 4.0481E-2 3.69964E-2
-9999 -9999 -9999 -9999 -9999 -9999 -9999 -9999 -9999 -9999 -9999 1.00258E-1 9.77404E-2 1.30092E-1 2.41736E-1 2.52033E-1 2.52229E-1 2.19828E-1 2.41552E-1 2.26288E-1 2.60682E-1 2.5966E-1 2.27576E-1 1.93292E-1 1.95977E-1 2.16337E-1 2.26322E-1 2.458E-1 2.31544E-1 1.60531E-1 1.26518E-1 1.99905E-1 1.73176E-1 1.08119E-1 5.73263E-2 3.4745E-2 3.23507E-2 3.95843E-2 4.81431E-2 5.13407E-2 5.57432E-2 6.51723E-2 8.93235E-2 9.59179E-2 1.09639E-1 5.28975E-2 1.6606E-2 2.10591E-2 2.00295E-2 2.03383E-2 3.03032E-2 2.74897E-2 3.96362E-2 7.11086E-2 7.95179E-2 6.20116E-2 4.29223E-2 6.47442E-2 7.26865E-2
-9999 -9999 -9999 -9999 -9999 -9999 -9999 -9999 -9999 -9999 -9999 1.55435E-1 1.45564E-1 1.78574E-1 2.76666E-1 2.78071E-1 2.27778E-1 3.3339E-1 2.95125E-1 2.38135E-1 1.87324E-1 1.66932E-1 2.18348E-1 2.06618E-1 2.06089E-1 2.33698E-1 2.59699E-1 2.36444E-1 2.21024E-1 1.64601E-1 1.30168E-1 1.91485E-1 1.95407E-1 1.53405E-1 4.96196E-2 3.35107E-2 3.11919E-2 3.59652E-2 4.84036E-2 9.41548E-2 5.70678E-2 3.84534E-2 5.80848E-2 8.77663E-2 8.47667E-2 5.79943E-2 4.41501E-2 2.35365E-2 1.70168E-2 2.54463E-2 1.43085E-2 7.37571E-3 2.58202E-2 6.86271E-2 8.5754E-2 5.31003E-2 1.85187E-2 3.55766E-2 9.27593E-2
-9999 -9999 -9999 -9999 -9999 -9999 -9999 -9999 -9999 -9999 -9999 2.03602E-1 1.97976E-1 1.84213E-1 2.17438E-1 2.47012E-1 3.29176E-1 3.54519E-1 2.32722E-1 2.12215E-1 1.65929E-1 1.24495E-1 2.21944E-1 2.20554E-1 1.83614E-1 2.48877E-1 2.85239E-1 2.66068E-1 2.695E-1 2.47053E-1 2.00062E-1 1.77661E-1 1.21121E-1 9.84046E-2 6.76079E-2 6.53474E-2 4.91813E-2 4.63185E-2 4.69637E-2 4.69747E-2 4.52988E-2 2.32265E-2 3.07633E-2 3.70846E-2 4.46456E-2 6.21161E-2 7.74333E-2 4.51215E-2 2.02626E-2 2.09829E-2 1.42397E-2 5.79062E-3 1.79583E-2 5.14041E-2 8.57813E-2 6.77544E-2 2.5568E-2 2.74062E-2 8.50947E-2
-9999 -9999 -9999 -9999 -9999 -9999 -9999 -9999 -9999 -9999 -9999 2.07947E-1 1.71157E-1 1.64649E-1 2.17905E-1 2.79074E-1 2.27083E-1 1.9394E-1 1.05839E-1 1.2857E-1 1.38524E-1 1.05799E-1 8.43452E-2 9.54503E-2 1.76544E-1 2.70667E-1 3.06411E-1 2.38171E-1 2.74662E-1 2.3586E-1 2.24278E-1 1.21705E-1 1.07129E-1 8.35457E-2 7.03931E-2 7.54657E-2 6.2168E-2 4.48633E-2 5.20688E-2 2.8147E-2 2.70725E-2 2.04582E-2 2.12877E-2 1.36309E-2 1.88337E-2 6.16361E-2 6.45964E-2 6.09781E-2 2.88968E-2 2.46003E-2 2.30122E-2 9.57624E-3 9.99561E-3 2.33818E-2 7.51257E-2 4.78329E-2 2.2662E-2 1.94141E-2 4.46329E-2
