Phytophthora/models/20240604_1618_19/Phytophthora_PA3_RUN2_MAXENT_outputs/projMaxent.asc
ncols         225
nrows         269
xllcorner     473009.9838
yllcorner     4429051.1748
cellsize      50.0
NODATA_value  -9999
[rows 78 to 103 of 269, columns 118 to 176 of 225]
1.14649E-3 1.22989E-3 1.91285E-3 2.30471E-3 1.84795E-3 9.32227E-4 1.15012E-1 9.38677E-2 9.09119E-2 8.9107E-2 1.13698E-1 1.26601E-1 1.60403E-3 1.00566E-3 4.61376E-4 9.71507E-4 5.43374E-4 5.54808E-4 6.63599E-4 1.42114E-3 2.07574E-3 2.27695E-3 1.58727E-3 2.57305E-3 4.25679E-3 4.88401E-3 3.39538E-3 1.88243E-3 2.45627E-3 4.38305E-3 6.06095E-3 6.82922E-3 3.58256E-3 4.70867E-3 1.02355E-2 9.81771E-3 1.02377E-2 8.23935E-3 8.54086E-3 8.97545E-3 5.41683E-3 3.96383E-3 4.16488E-3 2.9295E-1 2.4263E-1 5.9342E-2 9.04067E-2 6.44163E-2 5.21425E-2 4.60737E-2 1.1917E-1 1.8876E-1 2.57765E-1 3.74518E-3 2.37282E-3 3.86815E-3 3.70691E-3 2.8488E-3 1.41328E-3
2.11773E-3 2.88306E-3 2.225E-3 1.71212E-3 1.15198E-3 4.03676E-2 1.12537E-1 1.06073E-1 1.2782E-1 1.58002E-1 1.15482E-1 1.04848E-1 1.63751E-3 2.17954E-3 5.98141E-4 8.17592E-4 6.11184E-4 7.92922E-4 6.00573E-4 9.89039E-4 2.00904E-3 2.33059E-3 1.3474E-3 2.13281E-3 3.4259E-3 5.07344E-3 2.72288E-3 1.82713E-3 2.06845E-3 4.67368E-3 9.42474E-3 1.23463E-2 4.14531E-3 2.82123E-3 3.14873E-3 2.72349E-3 9.60034E-3 9.83316E-3 9.1242E-3 1.00733E-2 5.44805E-3 2.78312E-3 3.09497E-3 1.06494E-1 1.48416E-1 6.33279E-2 6.15861E-2 4.28415E-2 5.9196E-2 4.69856E-2 6.34751E-2 8.84287E-2 1.37098E-1 2.44354E-3 4.26239E-3 5.64702E-3 1.73329E-3 2.56836E-3 2.39197E-3
2.35947E-3 1.90248E-3 1.55717E-3 3.00753E-3 1.26133E-3 5.45569E-2 1.33574E-1 1.43099E-1 1.67597E-1 1.74711E-1 1.23364E-1 8.40949E-2 1.37702E-3 1.74263E-3 9.42376E-4 8.67656E-4 1.36536E-3 1.09476E-3 6.48739E-4 1.21904E-3 1.99781E-3 1.85881E-3 2.06403E-3 2.48165E-3 3.74749E-3 3.15881E-3 2.33294E-3 1.314E-3 2.04391E-3 3.74502E-3 7.19709E-3 1.10417E-2 4.33548E-3 1.98751E-3 1.81935E-3 1.72254E-3 4.81215E-3 6.08538E-3 6.37118E-3 6.08442E-3 5.64687E-3 6.20999E-3 1.60752E-1 1.51959E-1 1.05814E-1 6.47504E-2 3.24866E-2 3.64899E-2 4.50397E-2 6.60085E-2 5.42885E-2 5.60621E-2 8.45458E-2 4.99369E-3 4.16398E-3 5.09376E-3 4.01413E-3 6.51016E-3 1.96009E-3
1.65263E-3 1.59111E-3 1.34089E-3 1.76435E-3 3.99051E-2 5.58934E-2 1.31756E-1 1.86988E-1 1.73313E-1 1.44619E-1 1.13061E-1 9.42851E-2 1.95427E-3 2.29575E-3 9.17935E-4 8.00713E-4 1.1943E-3 1.63368E-3 1.17565E-3 2.8799E-3 2.14647E-3 2.98699E-3 3.48261E-3 3.20014E-3 1.31627E-3 1.8534E-3 1.55505E-3 2.03156E-3 2.45334E-3 3.01637E-3 5.66415E-3 1.02825E-2 3.23018E-3 2.20176E-3 3.23206E-3 1.73301E-3 4.69643E-3 6.27838E-3 8.51843E-3 8.35082E-3 5.22424E-3 4.5583E-3 5.35039E-3 3.69073E-1 1.63315E-1 1.46159E-1 5.93364E-2 4.14218E-2 4.64498E-2 7.93511E-2 8.67149E-2 7.23249E-2 2.21265E-1 5.51363E-3 4.08311E-3 3.76966E-3 3.5888E-3 4.70393E-3 1.19206E-3
1.52952E-3 1.66618E-3 1.29143E-3 6.14031E-4 3.42585E-2 7.76349E-2 1.65055E-1 2.00332E-1 1.3567E-1 6.93421E-2 6.57102E-2 1.18783E-1 1.15496E-1 2.39952E-3 7.16636E-4 7.50679E-4 8.96355E-4 1.45699E-3 1.7783E-3 3.24311E-3 3.51298E-3 5.6872E-3 5.40806E-3 2.08703E-3 1.13676E-3 9.88277E-4 1.46632E-3 1.82645E-3 2.0563E-3 3.00544E-3 3.33384E-3 6.11141E-3 2.45926E-3 1.96168E-3 3.82731E-3 3.86917E-3 5.00041E-3 6.44357E-3 8.93678E-3 8.32553E-3 8.1256E-3 9.07052E-3 9.14923E-3 8.71069E-3 4.29375E-1 2.85554E-1 1.03258E-1 6.13293E-2 7.02325E-2 6.64611E-2 6.71786E-2 9.14565E-2 3.39566E-3 4.59686E-3 4.7887E-3 3.12452E-3 2.35721E-3 1.98498E-3 1.65454E-3
1.36777E-3 1.41722E-3 5.32181E-4 3.43927E-4 2.48718E-2 6.125E-2 2.20377E-1 1.61969E-1 7.23564E-2 7.61324E-2 7.10823E-2 1.06601E-1 2.12807E-3 2.51728E-3 7.71086E-4 6.52052E-4 8.56756E-4 1.26869E-3 1.58918E-3 1.80541E-3 1.86388E-3 3.09069E-3 1.99967E-3 1.62691E-3 1.67669E-3 8.79157E-4 1.81444E-3 1.80879E-3 2.98971E-3 3.43813E-3 4.68209E-3 4.91354E-3 2.61689E-3 2.59095E-3 2.41479E-3 2.13261E-3 2.44632E-3 6.92764E-3 7.15678E-3 7.31199E-3 8.37197E-3 8.19887E-3 8.74135E-3 9.27315E-3 5.672E-3 4.04619E-1 2.18782E-1 1.6906E-1 6.76602E-2 6.56368E-2 9.34414E-2 3.44232E-3 2.12673E-3 2.7261E-3 5.01351E-3 3.80406E-3 2.85098E-3 3.50363E-3 2.38505E-3
1.02871E-1 2.35936E-3 1.06217E-3 3.63149E-2 3.14034E-2 7.5357E-2 2.23619E-1 1.58715E-1 1.22678E-1 6.8561E-2 1.5268E-1 1.27684E-1 2.2543E-3 2.55258E-3 8.67534E-4 6.26095E-4 8.60734E-4 1.22241E-3 2.53571E-3 1.3312E-3 2.26352E-3 2.36877E-3 1.75409E-3 1.63961E-3 2.01889E-3 8.67953E-4 1.43425E-3 2.31155E-3 4.9958E-3 6.65472E-3 5.70014E-3 3.74781E-3 5.81052E-3 4.55966E-3 2.03698E-3 2.578E-3 2.54291E-3 3.78234E-3 3.88671E-3 5.22801E-3 7.84986E-3 6.82719E-3 5.07336E-3 6.83834E-3 9.18449E-3 7.7418E-3 4.475E-3 1.35777E-1 9.25419E-2 7.31472E-2 4.08749E-2 2.74578E-3 1.57142E-3 1.72081E-3 2.06331E-3 1.90138E-3 1.33965E-3 1.63165E-3 1.45276E-3
2.03115E-1 3.06733E-3 9.44997E-4 2.35384E-2 3.65108E-2 8.53504E-2 2.2127E-1 1.65065E-1 1.64803E-1 3.39163E-3 3.90223E-3 3.47827E-3 2.73492E-3 2.9959E-3 8.15124E-4 7.35868E-4 1.20852E-3 2.26003E-3 4.50823E-3 1.99191E-3 2.71307E-3 2.10919E-3 2.30343E-3 1.72808E-3 1.68958E-3 9.5322E-4 1.59546E-3 2.46837E-3 3.65391E-3 7.43888E-3 8.3568E-3 7.52953E-3 3.84546E-3 4.02066E-3 1.6614E-3 3.70941E-3 4.8695E-3 2.94067E-3 3.42093E-3 4.32366E-3 6.15513E-3 7.03741E-3 6.29907E-3 4.75329E-3 9.51169E-3 8.8853E-3 2.84568E-1 2.28452E-1 1.35846E-1 1.20271E-1 8.19421E-2 1.47064E-3 1.54174E-3 1.31144E-3 1.19061E-3 2.03265E-3 1.10514E-3 1.30669E-3 2.09916E-3
1.93554E-1 1.84316E-1 8.79205E-4 3.04065E-2 3.99029E-2 1.32687E-1 1.36153E-1 9.4048E-2 1.51766E-1 3.3414E-3 4.36351E-3 1.5349E-3 1.54791E-3 1.00296E-3 7.66483E-4 1.38405E-3 2.80686E-3 3.77933E-3 3.4283E-3 1.14549E-3 1.70795E-3 2.35563E-3 2.78775E-3 2.43855E-3 2.18783E-3 1.6745E-3 3.55032E-3 5.92511E-3 6.63795E-3 7.33886E-3 7.44388E-3 7.98577E-3 7.40079E-3 4.36516E-3 4.93649E-3 6.77099E-3 7.06301E-3 6.60089E-3 6.83497E-3 6.54923E-3 7.11021E-3 6.70999E-3 7.9778E-3 2.25127E-1 2.4073E-1 8.43352E-3 2.23273E-1 3.66782E-1 1.56985E-1 1.06981E-1 1.12111E-1 1.45403E-3 9.44322E-4 9.39917E-4 1.42057E-3 1.48968E-3 1.35481E-3 1.19962E-3 1.16732E-3
2.1298E-1 1.80149E-1 5.07695E-2 4.22782E-2 5.53559E-2 8.13223E-2 1.20046E-1 1.18804E-1 3.73905E-3 3.20471E-3 2.17274E-3 6.26572E-4 5.74715E-4 7.67732E-4 7.58816E-4 1.67799E-3 2.89635E-3 2.05696E-3 1.77454E-3 1.07097E-3 1.83912E-3 2.77233E-3 3.58525E-3 4.59061E-3 4.04485E-3 5.19797E-3 2.86183E-3 4.44987E-3 4.97219E-3 6.1596E-3 6.65232E-3 4.61036E-3 5.88408E-3 6.08574E-3 8.37385E-3 9.4791E-3 8.36632E-3 8.7184E-3 3.49903E-3 6.78974E-3 9.64766E-3 8.06914E-3 9.64622E-3 3.4153E-1 1.35772E-1 1.8674E-1 2.64174E-1 2.69196E-1 1.48499E-1 9.14457E-2 1.03421E-1 1.73731E-3 1.06948E-3 8.84712E-4 1.23297E-3 8.24745E-4 9.5531E-4 7.40969E-4 7.13415E-4
2.05495E-1 1.35202E-1 8.51975E-2 8.2968E-2 1.04754E-1 1.23969E-1 1.70911E-1 1.76887E-1 2.19635E-3 1.1279E-3 6.81364E-4 5.97589E-4 4.97921E-4 6.04247E-4 8.72701E-4 1.38269E-3 2.70393E-3 1.85468E-3 1.07714E-3 1.33427E-3 2.25814E-3 4.40857E-3 4.50858E-3 5.05651E-3 3.5533E-3 5.96088E-3 3.78694E-3 3.88318E-3 4.24393E-3 6.92737E-3 6.89646E-3 8.98717E-3 8.80388E-3 1.0245E-2 9.02759E-3 1.47086E-2 1.03082E-2 4.27937E-3 3.37476E-3 6.29868E-3 1.12552E-2 1.46575E-2 9.12055E-3 2.48596E-1 1.83501E-1 1.7728E-1 1.96162E-1 2.02896E-1 1.53649E-1 9.02288E-2 8.10257E-2 9.07603E-2 1.56317E-3 1.89544E-3 1.06626E-3 4.36214E-4 4.59256E-4 5.013E-4 5.40921E-4
1.96752E-1 1.23277E-1 1.31022E-1 1.11062E-1 1.22792E-1 1.65224E-1 1.69958E-1 1.71431E-1 2.09936E-3 9.59011E-4 8.35734E-4 5.1659E-4 4.05937E-4 5.46954E-4 7.01339E-4 1.46785E-3 2.36587E-3 2.02837E-3 1.19951E-3 2.0074E-3 4.93815E-3 4.68672E-3 3.84553E-3 4.48931E-3 4.12101E-3 6.33361E-3 4.53463E-3 3.49019E-3 4.33748E-3 7.35375E-3 4.49309E-3 8.22714E-3 9.23804E-3 8.35707E-3 8.58463E-3 1.05336E-2 6.97298E-3 2.93779E-3 2.58958E-3 5.93549E-3 1.14901E-2 1.53739E-2 1.26144E-2 7.07092E-3 2.95786E-1 1.53916E-1 2.91197E-1 2.19536E-1 1.0805E-1 8.64674E-2 7.37104E-2 6.6795E-2 6.37379E-2 1.7779E-3 1.54736E-3 7.67581E-4 7.25533E-4 8.21738E-4 5.92361E-4
1.60747E-1 1.90042E-1 1.96964E-1 1.51844E-1 1.59713E-1 2.1363E-1 1.83433E-1 1.8488E-1 2.31201E-3 1.29679E-3 1.0065E-3 2.77429E-4 6.16676E-4 1.03701E-3 1.3963E-3 1.87916E-3 2.36499E-3 1.89541E-3 1.45806E-3 2.21359E-3 4.84681E-3 4.71059E-3 4.50438E-3 2.51467E-3 2.14838E-3 6.04461E-3 4.42039E-3 4.147E-3 4.58301E-3 5.61033E-3 3.86283E-3 4.75839E-3 6.40184E-3 6.81962E-3 7.78613E-3 4.40275E-3 4.99624E-3 1.79435E-3 2.55872E-3 4.63747E-3 1.38437E-2 1.20188E-2 1.95768E-2 1.42504E-2 5.38287E-3 1.41721E-1 3.80818E-1 3.90351E-1 1.09447E-1 9.36711E-2 9.54805E-2 8.12433E-2 5.26388E-2 7.23673E-2 1.98388E-3 1.45523E-3 1.22382E-3 9.87275E-4 7.7425E-4
1.38895E-1 2.11189E-1 2.38965E-1 1.86445E-1 1.78047E-1 2.34591E-1 2.42194E-1 1.93155E-1 3.24598E-3 1.65642E-3 9.6002E-4 7.63636E-4 1.20026E-3 1.82287E-3 1.981E-3 2.48433E-3 2.04305E-3 1.76616E-3 2.27977E-3 3.71263E-3 4.75986E-3 4.8821E-3 4.00293E-3 4.27637E-3 3.82832E-3 6.65764E-3 5.76131E-3 5.41183E-3 5.10599E-3 6.67153E-3 7.46041E-3 5.88078E-3 4.63056E-3 3.82172E-3 4.77324E-3 3.87719E-3 2.27791E-3 2.09128E-3 2.76467E-3 4.97999E-3 1.10969E-2 1.35869E-2 2.06561E-2 1.33031E-2 6.73452E-3 1.83643E-1 1.65087E-1 1.4475E-1 9.91321E-2 7.30355E-2 5.32815E-2 6.34833E-2 5.6103E-2 6.46861E-2 9.43834E-2 1.37208E-3 1.03722E-3 8.33937E-4 6.83767E-4
1.05611E-1 2.02811E-1 2.45787E-1 1.9185E-1 1.73012E-1 2.49238E-1 2.78919E-1 2.13111E-1 1.57329E-1 1.69834E-3 9.08161E-4 1.0656E-3 2.0306E-3 3.38865E-3 3.16266E-3 2.67515E-3 2.27827E-3 2.03198E-3 3.81106E-3 4.07807E-3 4.3304E-3 4.49907E-3 4.48849E-3 4.17457E-3 6.05633E-3 4.95635E-3 6.10582E-3 6.26476E-3 6.53602E-3 8.22879E-3 1.04557E-2 5.25818E-3 5.6047E-3 5.94273E-3 5.60188E-3 5.33195E-3 3.48639E-3 2.89108E-3 2.84162E-3 4.85454E-3 1.0117E-2 6.9103E-3 1.1599E-2 1.10658E-2 1.07979E-2 2.0551E-1 2.33466E-1 1.37775E-1 8.85297E-2 1.09507E-1 9.52316E-2 9.75578E-2 5.98141E-2 5.07878E-2 5.68239E-2 1.50478E-3 1.38968E-3 7.07943E-4 7.34665E-4
1.18269E-1 1.07704E-1 1.99064E-1 1.60886E-1 1.49252E-1 1.98247E-1 3.45641E-1 2.60314E-1 3.65073E-3 2.44852E-3 1.45766E-3 1.47502E-3 2.61581E-3 3.49957E-3 4.22061E-3 3.18001E-3 3.9946E-3 4.0269E-3 3.34441E-3 2.40231E-3 1.79236E-3 3.66986E-3 4.16577E-3 4.39819E-3 6.3881E-3 7.9712E-3 6.65792E-3 5.63382E-3 7.39266E-3 8.57402E-3 8.88807E-3 4.32673E-3 4.11933E-3 2.20237E-3 4.1409E-3 4.92374E-3 3.46264E-3 1.77275E-3 1.76149E-3 4.08907E-3 1.07215E-2 1.07534E-2 1.03945E-2 1.03735E-2 1.02524E-2 5.2216E-3 2.2434E-1 2.28612E-1 1.31566E-1 2.45039E-1 1.97814E-1 1.162E-1 1.00188E-1 7.63569E-2 7.50687E-2 1.67302E-3 1.67662E-3 9.03495E-4 7.40836E-4
7.57955E-2 1.03397E-1 7.12409E-2 5.57228E-2 1.03716E-1 2.86575E-1 8.32085E-3 4.95866E-3 2.817E-3 1.8158E-3 2.01524E-3 2.64662E-3 1.4784E-3 3.94039E-3 4.5732E-3 4.9215E-3 5.93053E-3 4.03335E-3 3.26627E-3 2.2556E-3 1.83524E-3 2.02545E-3 3.79281E-3 3.54289E-3 5.13452E-3 7.28856E-3 8.26625E-3 8.80956E-3 8.83895E-3 8.61354E-3 8.48324E-3 6.22376E-3 3.78615E-3 3.03942E-3 3.2219E-3 1.71597E-3 1.9262E-3 1.63376E-3 1.77019E-3 4.69196E-3 1.12835E-2 1.09372E-2 9.71356E-3 9.18269E-3 5.32436E-3 5.38528E-3 2.74886E-1 3.79427E-1 2.77035E-1 2.60708E-1 2.65419E-1 2.50094E-1 1.50766E-1 9.23638E-2 9.17282E-2 1.60332E-3 1.60131E-3 1.41569E-3 1.15294E-3
1.35239E-1 1.03538E-1 8.64154E-2 9.17097E-2 1.5295E-1 2.46982E-1 6.06766E-3 2.62129E-3 2.24924E-3 2.19813E-3 1.97147E-3 2.57526E-3 2.88705E-3 3.38555E-3 5.08405E-3 5.43715E-3 5.15082E-3 4.56866E-3 4.05431E-3 2.95953E-3 2.14425E-3 1.92262E-3 3.55158E-3 3.12176E-3 3.38215E-3 5.41424E-3 6.7785E-3 7.297E-3 7.9856E-3 7.88477E-3 5.66458E-3 4.44823E-3 3.08645E-3 3.14608E-3 3.49802E-3 2.15836E-3 1.0185E-3 1.33126E-3 2.12149E-3 8.13259E-3 1.14969E-2 1.05248E-2 9.01235E-3 8.07075E-3 6.53904E-3 2.09887E-1 2.04908E-1 3.20069E-1 1.91135E-1 1.91187E-1 3.44174E-1 3.29063E-1 1.75317E-1 1.37242E-1 2.52358E-3 1.67274E-3 1.7248E-3 1.35241E-3 1.26659E-3
1.0385E-1 7.18516E-2 1.00106E-1 1.87296E-1 2.05277E-1 6.97013E-3 6.22995E-3 4.28724E-3 3.65799E-3 2.88148E-3 1.89876E-3 2.00651E-3 2.59575E-3 4.27579E-3 5.75268E-3 7.17992E-3 6.37477E-3 5.88724E-3 5.75221E-3 4.36093E-3 2.42432E-3 2.17173E-3 2.80274E-3 1.66386E-3 1.71024E-3 4.36021E-3 4.9351E-3 5.54722E-3 6.13619E-3 6.28061E-3 6.35114E-3 5.09074E-3 2.37602E-3 2.51101E-3 2.89336E-3 2.40947E-3 9.57119E-4 1.25412E-3 2.40545E-3 1.11453E-2 1.11288E-2 9.67417E-3 8.74855E-3 9.04879E-3 3.64063E-1 3.38225E-1 3.4439E-1 1.72886E-1 1.55677E-1 2.34793E-1 3.77261E-1 2.82918E-1 2.03243E-1 1.90086E-1 3.75725E-3 2.65525E-3 2.32814E-3 1.408E-3 1.03851E-3
1.38736E-1 7.15763E-2 1.09742E-1 1.836E-1 4.90404E-3 6.34726E-3 5.28686E-3 3.90678E-3 4.19356E-3 3.65964E-3 2.43665E-3 1.90059E-3 2.87875E-3 4.35282E-3 5.81908E-3 7.33395E-3 6.49551E-3 6.5509E-3 6.55955E-3 4.53651E-3 2.42081E-3 2.22559E-3 2.50913E-3 2.42463E-3 2.76116E-3 3.24373E-3 2.89733E-3 4.02621E-3 4.58361E-3 4.48339E-3 4.69575E-3 4.41178E-3 2.15954E-3 1.88757E-3 2.52389E-3 1.64025E-3 1.01809E-3 1.26541E-3 4.24101E-3 1.13205E-2 9.2951E-3 9.15032E-3 1.02706E-2 4.22421E-1 3.31305E-1 3.92729E-1 2.67532E-1 2.19937E-1 2.17094E-1 2.64084E-1 4.03575E-1 3.22463E-1 1.97791E-1 4.71537E-3 4.21201E-3 3.38398E-3 3.44836E-3 2.59458E-3 1.54537E-3
2.02363E-1 6.28164E-2 7.31359E-2 1.81571E-1 4.96854E-3 5.55878E-3 4.34959E-3 3.63778E-3 4.81365E-3 5.08618E-3 2.54368E-3 2.09622E-3 3.39037E-3 5.39441E-3 4.97691E-3 2.74358E-3 5.32495E-3 6.35351E-3 6.09668E-3 4.41413E-3 3.27109E-3 2.86748E-3 3.12554E-3 2.04446E-3 3.87141E-3 2.87944E-3 2.94448E-3 2.67253E-3 1.76315E-3 1.77118E-3 2.5264E-3 2.42702E-3 1.67559E-3 2.06325E-3 2.44487E-3 1.91146E-3 1.85299E-3 2.10665E-3 5.49357E-3 1.06698E-2 1.18448E-2 1.36128E-2 3.89363E-1 4.0338E-1 4.50747E-1 2.98142E-1 2.25727E-1 2.87251E-1 1.90872E-1 2.44606E-1 3.99505E-1 3.52451E-1 4.35576E-3 6.67299E-3 4.27711E-3 4.14312E-3 6.66487E-3 6.30854E-3 2.36152E-3
1.82557E-1 3.95358E-2 3.92608E-2 1.16898E-3 3.61233E-3 6.19067E-3 4.5132E-3 4.78724E-3 5.28219E-3 4.46959E-3 2.76317E-3 2.55872E-3 2.9842E-3 4.60907E-3 4.7205E-3 5.27721E-3 6.19178E-3 6.71053E-3 4.0678E-3 3.38644E-3 3.50839E-3 3.60496E-3 3.08346E-3 1.93468E-3 3.8494E-3 3.33113E-3 3.15114E-3 3.20292E-3 1.8858E-3 1.60465E-3 1.84355E-3 1.53741E-3 1.96777E-3 4.18642E-3 4.47592E-3 3.84486E-3 3.88151E-3 4.19375E-3 2.07012E-1 1.9446E-1 3.91368E-1 4.96791E-1 3.443E-1 2.58999E-1 3.3376E-1 2.70339E-1 2.39552E-1 2.14631E-1 2.2574E-1 2.7709E-1 3.20802E-1 4.95393E-3 3.9941E-3 5.76834E-3 3.54279E-3 2.87455E-3 3.5415E-3 3.14021E-3 2.04479E-3
2.094E-1 1.32366E-1 6.64394E-2 1.04313E-3 2.66007E-3 3.8232E-3 3.79488E-3 4.53752E-3 5.3631E-3 5.2431E-3 2.55256E-3 2.82833E-3 3.63345E-3 4.61395E-3 4.81681E-3 6.19423E-3 7.04428E-3 5.10774E-3 2.53178E-3 2.58677E-3 3.94311E-3 3.70343E-3 3.33197E-3 4.32806E-3 3.63783E-3 3.3288E-3 3.25334E-3 1.81429E-3 1.54218E-3 1.75371E-3 1.97779E-3 2.04645E-3 1.83258E-3 4.54919E-3 5.55089E-3 4.04225E-3 4.53279E-3 4.87979E-3 1.75582E-1 1.48034E-1 4.55953E-1 4.82502E-1 3.36875E-1 3.02935E-1 2.92371E-1 2.88905E-1 1.4241E-1 1.77383E-1 2.88489E-1 2.19555E-1 2.32307E-1 4.26654E-3 4.65463E-3 3.51449E-3 2.61679E-3 2.33477E-3 1.71162E-3 2.08184E-3 1.23929E-3
1.80362E-1 1.87212E-1 9.72021E-2 1.12382E-3 2.11834E-3 4.92783E-3 3.57519E-3 1.61763E-3 2.61112E-3 5.52551E-3 3.55293E-3 3.88274E-3 4.24075E-3 5.35589E-3 5.0685E-3 6.47756E-3 6.43374E-3 3.39995E-3 3.34223E-3 3.40798E-3 3.1603E-3 2.41159E-3 2.76007E-3 4.18236E-3 3.6867E-3 3.36136E-3 2.54349E-3 2.20362E-3 1.56206E-3 1.86041E-3 2.14056E-3 2.26219E-3 2.24453E-3 3.42826E-3 7.10442E-3 6.17603E-3 4.34558E-3 2.70276E-1 2.43017E-1 2.41002E-1 5.4518E-1 4.26344E-1 2.59842E-1 3.84201E-1 4.12915E-1 3.21214E-1 2.49584E-1 4.80721E-1 4.86172E-1 2.64104E-1 1.80697E-1 1.93156E-1 7.0989E-3 4.30617E-3 3.74364E-3 3.60836E-3 1.25373E-3 1.33984E-3 1.74826E-3
3.63011E-1 2.82218E-1 1.22384E-1 1.24024E-3 3.20976E-3 7.82207E-3 4.19704E-3 1.80748E-3 4.05019E-3 5.70357E-3 5.56692E-3 5.07833E-3 4.37827E-3 5.58258E-3 6.07294E-3 5.43154E-3 5.7848E-3 4.63606E-3 4.76432E-3 4.70012E-3 5.55483E-3 3.91913E-3 3.59136E-3 4.04686E-3 3.45607E-3 3.49478E-3 2.17651E-3 2.18425E-3 1.48161E-3 1.8813E-3 2.03286E-3 2.5205E-3 3.67897E-3 3.15434E-3 5.48166E-3 3.12466E-3 2.93017E-3 2.7746E-1 2.98451E-1 5.35325E-1 4.93626E-1 4.9736E-1 2.27583E-1 1.87601E-1 2.07058E-1 2.90094E-1 4.558E-1 3.2094E-1 2.1949E-1 1.70143E-1 2.11235E-1 2.80833E-1 6.04559E-3 4.32875E-3 4.08489E-3 3.83044E-3 1.61668E-3 1.54711E-3 1.8585E-3
3.11347E-1 3.48751E-1 1.21324E-1 1.9512E-3 4.36243E-3 6.60573E-3 4.63826E-3 3.5775E-3 7.02947E-3 7.19157E-3 6.55858E-3 5.46871E-3 6.03169E-3 6.33607E-3 5.83108E-3 5.58028E-3 5.65259E-3 7.00324E-3 7.61485E-3 6.52398E-3 5.02058E-3 6.29762E-3 4.59891E-3 2.71548E-3 2.22132E-3 1.69841E-3 3.01956E-3 2.04551E-3 1.64916E-3 2.05821E-3 2.24088E-3 4.23602E-3 4.83604E-3 4.02517E-3 3.10673E-3 2.29725E-3 3.87648E-3 1.98837E-1 2.77276E-1 2.43787E-1 1.64627E-1 1.93543E-1 1.33224E-1 1.25944E-1 1.79746E-1 3.75967E-1 2.5182E-1 2.93676E-1 1.21375E-1 1.91809E-1 2.24393E-1 4.31758E-1 2.06143E-1 3.74912E-3 2.90918E-3 2.53063E-3 2.34729E-3 1.91697E-3 2.08448E-3
