Phytophthora/models/20240430_1147_34/Phytophthora_PA3_RUN2_MAXENT_outputs/Phytophthora_PA3_RUN2.asc
ncols         225
nrows         269
xllcorner     473000.0
yllcorner     4429100.0
cellsize      50.0
NODATA_value  -9999
[rows 162 to 188 of 269, columns 0 to 59 of 225]
-9999 -9999 -9999 -9999 -9999 -9999 -9999 -9999 1.73418E-1 3.5909E-1 4.98445E-1 5.89242E-1 6.84803E-1 7.34852E-1 7.88565E-1 7.58542E-1 7.74215E-1 7.64913E-1 7.62904E-1 7.06096E-1 5.68812E-1 4.74474E-1 4.33406E-1 5.32905E-1 6.05791E-1 6.49705E-1 7.72289E-1 5.57366E-1 6.03911E-1 5.87507E-1 2.68165E-1 4.21281E-1 4.52047E-1 4.46493E-1 6.03014E-1 6.11887E-1 6.02843E-1 6.23344E-1 6.66098E-1 5.89157E-1 6.0321E-1 5.1924E-1 4.28094E-1 3.94673E-1 4.86235E-1 5.73482E-1 5.62693E-1 5.55591E-1 5.52878E-1 3.54061E-1 3.796E-1 4.76879E-1 5.66496E-1 6.23426E-1 3.85793E-1 4.44742E-1 3.52135E-1 3.78529E-1 4.4789E-1 5.54641E-1
-9999 -9999 -9999 -9999 -9999 -9999 -9999 1.76277E-1 1.87949E-1 1.15629E-1 4.66451E-1 4.75233E-1 5.70183E-1 7.2887E-1 7.91938E-1 7.23504E-1 6.09814E-1 6.12353E-1 7.099E-1 6.43097E-1 5.56568E-1 4.89635E-1 4.63534E-1 5.16873E-1 6.01437E-1 6.65647E-1 7.68857E-1 6.84919E-1 5.60061E-1 4.51553E-1 5.26741E-1 6.40509E-1 6.7353E-1 7.31101E-1 6.92184E-1 5.546E-1 6.90127E-1 7.10322E-1 6.50108E-1 6.31921E-1 6.51497E-1 5.16813E-1 4.43018E-1 4.26828E-1 5.42057E-1 6.3012E-1 5.6968E-1 5.41308E-1 4.56616E-1 4.16901E-1 4.22438E-1 4.42288E-1 5.0657E-1 5.55807E-1 5.59556E-1 3.37705E-1 4.00032E-1 3.31211E-1 5.26292E-1 2.12715E-1
-9999 -9999 -9999 -9999 -9999 -9999 -9999 1.83569E-1 2.24158E-1 2.81054E-1 2.6262E-1 4.26491E-1 5.23245E-1 6.12767E-1 7.38158E-1 7.69019E-1 5.03385E-1 7.63764E-1 5.06586E-1 6.3875E-1 5.48193E-1 5.05966E-1 4.64943E-1 4.76694E-1 5.65399E-1 6.0392E-1 7.23417E-1 7.11545E-1 5.38892E-1 3.6259E-1 4.62275E-1 4.86903E-1 5.48017E-1 5.89922E-1 6.8563E-1 7.50988E-1 5.92937E-1 7.23159E-1 7.09534E-1 7.1161E-1 6.97009E-1 5.40648E-1 5.04092E-1 4.92867E-1 6.17463E-1 6.85671E-1 6.07392E-1 5.11061E-1 5.1623E-1 5.09467E-1 4.38169E-1 4.68639E-1 5.5282E-1 6.21506E-1 4.31013E-1 4.95386E-1 4.21758E-1 1.32171E-1 4.28336E-1 3.44599E-1
-9999 -9999 -9999 -9999 -9999 -9999 1.33809E-1 1.17307E-1 1.17103E-1 1.43914E-1 2.71601E-1 3.87515E-1 3.6025E-1 5.20353E-1 6.39349E-1 4.29239E-1 6.98366E-1 6.22814E-1 5.35297E-1 6.85589E-1 5.89618E-1 5.25353E-1 4.67257E-1 4.35966E-1 5.23103E-1 5.44758E-1 6.53947E-1 6.2486E-1 4.27333E-1 6.11963E-1 3.62907E-1 3.54426E-1 3.89431E-1 4.24384E-1 5.91539E-1 6.34992E-1 6.73951E-1 5.32504E-1 7.32146E-1 6.75003E-1 7.11363E-1 5.92488E-1 5.9485E-1 5.45217E-1 6.44433E-1 5.2651E-1 6.56418E-1 5.65499E-1 5.01162E-1 4.67856E-1 4.42375E-1 4.87819E-1 4.62622E-1 5.78196E-1 3.25559E-1 2.71387E-1 3.43449E-1 3.08526E-1 1.85208E-1 1.6048E-1
-9999 -9999 -9999 -9999 -9999 2.25303E-1 1.77563E-1 1.49309E-1 1.7919E-1 2.72882E-1 4.52905E-1 4.10803E-1 3.85301E-1 5.15361E-1 5.53531E-1 6.513E-1 5.79039E-1 6.12738E-1 6.28847E-1 5.73747E-1 5.35355E-1 4.85987E-1 4.42443E-1 4.11282E-1 4.59052E-1 4.15611E-1 4.55971E-1 3.72567E-1 5.35472E-1 2.56546E-1 2.79092E-1 3.32556E-1 3.99075E-1 5.16403E-1 6.04298E-1 6.19051E-1 6.27376E-1 5.75249E-1 7.06368E-1 7.53262E-1 7.29601E-1 5.52013E-1 6.13124E-1 6.06197E-1 5.5206E-1 6.67612E-1 6.67234E-1 6.30296E-1 5.39094E-1 4.59666E-1 4.24568E-1 5.02997E-1 3.77393E-1 3.3741E-1 2.79208E-1 2.52292E-1 3.79958E-1 2.59725E-1 2.37496E-1 2.08212E-1
-9999 -9999 -9999 -9999 -9999 2.08736E-1 1.96588E-1 2.59121E-1 3.33923E-1 4.01074E-1 5.48319E-1 4.43804E-1 3.76546E-1 2.80385E-1 5.2097E-1 4.5515E-1 4.92811E-1 5.26775E-1 4.99056E-1 4.33859E-1 4.4405E-1 3.46196E-1 4.37039E-1 3.79383E-1 4.11886E-1 3.21905E-1 3.17899E-1 3.20582E-1 3.46671E-1 3.27208E-1 3.90932E-1 4.3048E-1 4.52053E-1 6.29518E-1 6.91295E-1 6.71219E-1 6.28172E-1 6.57556E-1 7.31813E-1 6.97558E-1 6.70784E-1 6.27589E-1 6.11658E-1 6.43729E-1 6.55425E-1 6.98242E-1 6.60772E-1 5.85175E-1 5.85617E-1 5.78624E-1 5.24267E-1 4.52958E-1 1.70697E-1 2.16298E-1 2.19356E-1 8.32229E-2 2.62257E-1 2.5804E-1 2.76203E-1 2.7792E-1
-9999 -9999 -9999 -9999 -9999 2.00433E-1 2.86746E-1 3.61778E-1 4.37849E-1 5.08034E-1 5.78962E-1 5.07397E-1 4.6528E-1 5.09516E-1 4.65374E-1 4.47762E-1 4.96898E-1 5.29068E-1 4.69204E-1 4.3075E-1 3.1258E-1 2.88029E-1 4.47479E-1 2.92003E-1 4.2301E-1 2.23698E-1 1.84665E-1 4.40308E-1 4.16277E-1 4.53297E-1 4.93634E-1 5.58547E-1 6.4684E-1 7.40414E-1 7.36837E-1 5.66284E-1 7.18786E-1 7.41122E-1 6.97523E-1 6.64713E-1 5.68046E-1 5.93804E-1 6.42038E-1 6.00577E-1 6.06447E-1 6.70031E-1 6.42045E-1 6.00376E-1 5.14586E-1 4.59399E-1 3.05635E-1 2.41719E-1 2.62642E-1 2.83822E-1 2.31719E-1 1.73854E-1 3.30722E-1 4.01793E-1 3.98628E-1 3.58441E-1
-9999 -9999 -9999 -9999 -9999 2.60935E-1 3.44171E-1 4.23195E-1 5.31177E-1 5.62085E-1 6.3196E-1 5.6597E-1 3.50109E-1 5.20597E-1 5.11207E-1 5.21283E-1 4.85231E-1 4.72844E-1 4.05113E-1 3.49026E-1 2.91294E-1 3.25602E-1 3.51279E-1 1.6531E-1 2.60201E-1 1.17211E-1 4.55721E-1 4.45424E-1 4.816E-1 5.6839E-1 6.74879E-1 7.45991E-1 7.8044E-1 8.00771E-1 5.83245E-1 6.60133E-1 7.30471E-1 6.70114E-1 6.95294E-1 5.56745E-1 4.66732E-1 4.32917E-1 4.76452E-1 5.09067E-1 5.74127E-1 6.58639E-1 5.9745E-1 4.59818E-1 4.9122E-1 3.92162E-1 2.8799E-1 3.06849E-1 2.60084E-1 2.0945E-1 2.18467E-1 2.63557E-1 3.3529E-1 3.78262E-1 4.47344E-1 4.73601E-1
-9999 -9999 -9999 -9999 6.12065E-2 3.18004E-1 4.03087E-1 4.58797E-1 5.5494E-1 6.14888E-1 7.04634E-1 6.43147E-1 3.78037E-1 6.04531E-1 6.03067E-1 5.45457E-1 4.05107E-1 3.39267E-1 3.82367E-1 3.26619E-1 2.78904E-1 3.15094E-1 3.40128E-1 3.36264E-1 2.39648E-1 3.45141E-1 4.37842E-1 4.89292E-1 5.71026E-1 6.30925E-1 7.2226E-1 7.7464E-1 6.60998E-1 5.94322E-1 6.43544E-1 7.31852E-1 6.68112E-1 6.6068E-1 6.04204E-1 4.71683E-1 3.95496E-1 3.70102E-1 3.65412E-1 3.97222E-1 5.11222E-1 7.01905E-1 5.74642E-1 4.66982E-1 4.21404E-1 3.63838E-1 2.90868E-1 3.4781E-1 3.06115E-1 2.71044E-1 3.99481E-1 2.06311E-1 2.7371E-1 3.56863E-1 4.59831E-1 4.43597E-1
-9999 -9999 -9999 -9999 2.22423E-2 1.23596E-1 1.4655E-1 1.72078E-1 2.50925E-1 2.90101E-1 1.86295E-1 1.84862E-1 2.19166E-1 2.50639E-1 2.28945E-1 2.51124E-1 1.40829E-1 1.1133E-1 5.38831E-2 1.07047E-1 1.14438E-1 1.51244E-1 1.5164E-1 1.69803E-1 2.16024E-1 4.07351E-1 5.71552E-1 6.46039E-1 6.99619E-1 7.03412E-1 6.80141E-1 5.44828E-1 7.60723E-1 7.80731E-1 8.26766E-1 7.81512E-1 7.78346E-1 7.7756E-1 6.79726E-1 5.79478E-1 5.49794E-1 5.29959E-1 5.41744E-1 5.63773E-1 5.77258E-1 6.83214E-1 5.59492E-1 4.69738E-1 4.72376E-1 4.26976E-1 4.42459E-1 4.92516E-1 4.63311E-1 5.15658E-1 5.30334E-1 6.30195E-1 5.87886E-1 6.46034E-1 7.3695E-1 7.65554E-1
-9999 -9999 -9999 -9999 4.71112E-2 1.14091E-1 1.28487E-1 1.82463E-1 2.35856E-1 2.57681E-1 2.68385E-1 3.2913E-1 2.92938E-1 1.58985E-1 1.59136E-1 9.32834E-2 1.31846E-1 8.8526E-2 1.51792E-1 1.00875E-1 1.0506E-1 1.3591E-1 1.53062E-1 1.80074E-1 2.05695E-1 4.36034E-1 5.33846E-1 4.50635E-1 5.0257E-1 6.24797E-1 7.40797E-1 7.51738E-1 7.41584E-1 8.15016E-1 7.93498E-1 7.69542E-1 7.74892E-1 6.95409E-1 6.089E-1 5.21341E-1 5.47854E-1 5.14594E-1 4.92744E-1 5.55033E-1 5.56904E-1 6.27533E-1 5.42446E-1 4.51776E-1 4.53829E-1 4.67199E-1 4.70349E-1 4.01329E-1 3.48761E-1 3.7157E-1 4.12914E-1 6.12803E-1 7.23259E-1 6.9638E-1 5.76423E-1 5.81958E-1
-9999 -9999 -9999 -9999 3.41209E-2 1.22753E-1 1.41826E-1 1.69101E-1 2.06596E-1 2.10439E-1 1.80876E-1 2.21233E-1 1.66552E-1 1.30323E-1 7.94402E-2 1.0909E-1 1.63519E-1 1.29311E-1 8.56496E-2 1.0067E-1 1.24638E-1 1.66473E-1 2.12961E-1 2.24406E-1 2.81425E-1 4.23635E-1 4.48106E-1 5.95097E-1 6.49328E-1 6.78973E-1 7.11858E-1 7.326E-1 8.00235E-1 7.68942E-1 7.6051E-1 7.51148E-1 7.51932E-1 6.38636E-1 5.90551E-1 5.18034E-1 5.57294E-1 5.04948E-1 4.44896E-1 5.01876E-1 5.27326E-1 5.62881E-1 5.73532E-1 4.69559E-1 4.65138E-1 5.35622E-1 2.23703E-1 5.54391E-1 4.3184E-1 4.57234E-1 4.55967E-1 4.86942E-1 6.17193E-1 7.6443E-1 6.81468E-1 6.33322E-1
-9999 -9999 -9999 -9999 5.6177E-2 8.74898E-2 1.3493E-1 2.11771E-1 2.46122E-1 2.12092E-1 1.80857E-1 1.98565E-1 1.14478E-1 2.43871E-1 1.18509E-1 1.14566E-1 1.49878E-1 1.16789E-1 1.05179E-1 1.14711E-1 1.69241E-1 1.87701E-1 2.34707E-1 2.85578E-1 3.31513E-1 5.53901E-1 4.92561E-1 5.96234E-1 6.10517E-1 6.50904E-1 6.21099E-1 6.61656E-1 7.51515E-1 7.44219E-1 7.31417E-1 7.36343E-1 6.76844E-1 6.17159E-1 6.50837E-1 5.41906E-1 5.80827E-1 5.58615E-1 4.71348E-1 5.06985E-1 5.72058E-1 5.06161E-1 5.72923E-1 5.61771E-1 4.43075E-1 4.23437E-1 4.19944E-1 4.21627E-1 4.64941E-1 5.14285E-1 5.103E-1 5.58067E-1 3.31135E-1 6.06547E-1 5.51319E-1 5.86306E-1
-9999 -9999 -9999 5.0464E-2 4.39713E-2 6.99545E-2 1.13005E-1 1.80367E-1 2.40999E-1 2.54552E-1 1.98126E-1 2.34561E-1 3.2037E-1 1.4465E-1 1.20485E-1 1.75739E-1 1.47744E-1 1.67675E-1 1.87704E-1 1.83813E-1 2.996E-1 3.58154E-1 4.14512E-1 3.87E-1 4.83183E-1 4.87199E-1 7.03511E-1 6.92003E-1 6.33672E-1 6.00219E-1 4.97416E-1 5.14673E-1 7.1115E-1 7.04527E-1 6.82622E-1 7.20729E-1 6.67618E-1 6.62063E-1 7.22901E-1 5.91587E-1 6.14681E-1 6.19801E-1 5.34222E-1 5.25963E-1 6.01281E-1 5.4979E-1 5.24213E-1 3.30314E-1 3.11698E-1 4.54071E-1 5.19077E-1 5.28498E-1 5.50898E-1 5.70484E-1 4.61846E-1 4.77795E-1 5.12147E-1 4.56741E-1 4.95569E-1 5.07291E-1
1.49581E-2 2.12607E-2 3.538E-2 5.48877E-2 7.39664E-2 1.56183E-1 2.06237E-1 2.66865E-1 1.6749E-1 2.40953E-1 2.46357E-1 1.09334E-1 1.4751E-1 2.31841E-1 2.44778E-1 3.45781E-1 2.91979E-1 3.99427E-1 4.15434E-1 3.84436E-1 6.50421E-1 6.79579E-1 7.1323E-1 4.90191E-1 6.41196E-1 6.45272E-1 8.15512E-1 7.78679E-1 7.34476E-1 6.16078E-1 4.60451E-1 4.60444E-1 6.54959E-1 6.91503E-1 6.97852E-1 8.00607E-1 7.69123E-1 7.72995E-1 8.13765E-1 7.4658E-1 6.54533E-1 6.69164E-1 5.9365E-1 5.63977E-1 3.365E-1 4.89897E-1 4.33059E-1 2.62081E-1 3.06249E-1 3.43444E-1 3.5133E-1 4.46553E-1 4.86408E-1 4.54815E-1 4.46805E-1 5.76029E-1 5.17919E-1 5.84289E-1 5.22115E-1 6.36975E-1
-9999 2.54852E-2 3.36716E-2 4.48649E-2 7.10258E-2 1.84332E-1 2.3149E-1 2.36903E-1 2.5292E-1 2.17033E-1 2.56812E-1 5.83576E-2 2.34819E-1 3.09976E-1 3.33978E-1 4.90583E-1 4.7089E-1 4.93124E-1 4.78396E-1 5.57631E-1 7.41342E-1 7.67989E-1 7.79251E-1 6.68342E-1 7.58818E-1 6.76168E-1 7.74059E-1 8.21414E-1 7.40184E-1 6.03714E-1 4.86031E-1 4.3325E-1 5.00304E-1 6.74446E-1 6.76606E-1 7.97741E-1 8.18859E-1 8.07096E-1 8.29066E-1 7.80908E-1 6.96068E-1 6.99971E-1 5.2639E-1 7.3622E-1 4.90808E-1 3.68556E-1 3.3056E-1 2.65174E-1 2.9077E-1 3.79919E-1 3.96533E-1 4.43E-1 5.11678E-1 5.1075E-1 5.88143E-1 6.22994E-1 5.41018E-1 5.82204E-1 6.75092E-1 6.35003E-1
-9999 -9999 5.20375E-2 5.62082E-2 8.37816E-2 1.64643E-1 2.48365E-1 2.21876E-1 2.29269E-1 3.07194E-1 2.83685E-1 3.80236E-1 3.65311E-1 3.42462E-1 3.41186E-1 4.12749E-1 4.34668E-1 4.99926E-1 4.48703E-1 4.81477E-1 6.10176E-1 6.21362E-1 6.38692E-1 6.33382E-1 5.00548E-1 6.16848E-1 8.27568E-1 8.60871E-1 7.87027E-1 7.12956E-1 5.93566E-1 4.99565E-1 4.47917E-1 6.53234E-1 6.90988E-1 7.88083E-1 8.26852E-1 8.35948E-1 8.48301E-1 8.13015E-1 7.43287E-1 5.70516E-1 5.97169E-1 5.70659E-1 5.56373E-1 4.17677E-1 4.49377E-1 3.8479E-1 4.1076E-1 4.70834E-1 4.27684E-1 4.46007E-1 5.08494E-1 6.26975E-1 5.39564E-1 6.88247E-1 6.05379E-1 5.32111E-1 5.99526E-1 5.44374E-1
-9999 -9999 -9999 8.96405E-2 1.18204E-1 2.10703E-1 3.08197E-1 2.55131E-1 2.11467E-1 2.31913E-1 2.22168E-1 3.12272E-1 3.6392E-1 3.50439E-1 3.52502E-1 4.07196E-1 3.03194E-1 3.49146E-1 3.95274E-1 2.82907E-1 5.6623E-1 4.45594E-1 2.81857E-1 4.0402E-1 5.67863E-1 5.70512E-1 5.91409E-1 8.25751E-1 8.29883E-1 7.99227E-1 6.6447E-1 5.85435E-1 4.81671E-1 6.08366E-1 7.21532E-1 7.63641E-1 8.03167E-1 8.52578E-1 8.64675E-1 5.9109E-1 7.57581E-1 6.98767E-1 5.94918E-1 6.50371E-1 6.77532E-1 5.62945E-1 5.21801E-1 4.43633E-1 4.92484E-1 6.00296E-1 4.22007E-1 6.29702E-1 6.03237E-1 5.88695E-1 4.7493E-1 7.13531E-1 6.36533E-1 5.51984E-1 4.7828E-1 5.20936E-1
-9999 -9999 -9999 -9999 1.55824E-1 2.68298E-1 3.41041E-1 3.42039E-1 2.62181E-1 2.26923E-1 1.75841E-1 3.01128E-1 2.98217E-1 2.75069E-1 2.72726E-1 3.50787E-1 3.78911E-1 4.24435E-1 3.64696E-1 4.11501E-1 5.06999E-1 5.61049E-1 5.26657E-1 4.83105E-1 5.67387E-1 6.45943E-1 6.07312E-1 7.72547E-1 8.31402E-1 7.81992E-1 7.14977E-1 7.1904E-1 5.6559E-1 5.84501E-1 7.20331E-1 7.70646E-1 7.78172E-1 8.47506E-1 8.31332E-1 8.18516E-1 6.62118E-1 5.91767E-1 5.45245E-1 6.35887E-1 6.47894E-1 4.92764E-1 4.18753E-1 5.3909E-1 5.08991E-1 6.05978E-1 6.72627E-1 6.48773E-1 5.8376E-1 5.9519E-1 5.17479E-1 7.45878E-1 6.93481E-1 6.62437E-1 6.39682E-1 5.52611E-1
-9999 -9999 -9999 -9999 3.42957E-1 4.07026E-1 3.66407E-1 2.40654E-1 3.99474E-1 3.20864E-1 9.25908E-2 2.22645E-1 2.37988E-1 2.53417E-1 3.23231E-1 6.67995E-1 6.78733E-1 6.84821E-1 6.80998E-1 7.357E-1 8.01066E-1 6.6076E-1 7.34147E-1 6.41744E-1 6.29328E-1 6.98177E-1 7.72359E-1 7.99898E-1 7.76684E-1 7.81851E-1 7.62605E-1 7.11549E-1 7.33592E-1 6.44037E-1 7.28417E-1 6.41261E-1 5.9237E-1 6.69368E-1 5.51293E-1 6.70318E-1 6.21311E-1 5.71092E-1 5.29591E-1 5.71155E-1 6.17226E-1 6.736E-1 4.4138E-1 4.43886E-1 7.02223E-1 8.48883E-1 8.06384E-1 7.28764E-1 6.98579E-1 6.86364E-1 6.64432E-1 6.97604E-1 6.74045E-1 7.28351E-1 4.9221E-1 4.13232E-1
-9999 -9999 -9999 -9999 -9999 -9999 3.63516E-1 2.60874E-1 2.91751E-1 3.27083E-1 1.98093E-1 1.66048E-1 1.97155E-1 2.57288E-1 3.20005E-1 6.96812E-1 7.01857E-1 6.90312E-1 6.72622E-1 6.35733E-1 7.21686E-1 7.35878E-1 5.36987E-1 5.1303E-1 6.33304E-1 6.15788E-1 7.06539E-1 6.94681E-1 6.45798E-1 7.00729E-1 7.00983E-1 7.1412E-1 6.79061E-1 7.3994E-1 7.5521E-1 6.23104E-1 6.13479E-1 6.37697E-1 7.01738E-1 7.48377E-1 5.76486E-1 4.4978E-1 4.5487E-1 5.22304E-1 5.86065E-1 6.53459E-1 6.21711E-1 6.41622E-1 6.39508E-1 6.33167E-1 4.9013E-1 5.68111E-1 6.52017E-1 6.8238E-1 6.27632E-1 6.10894E-1 7.05778E-1 5.83874E-1 5.28397E-1 4.88593E-1
-9999 -9999 -9999 -9999 -9999 -9999 -9999 -9999 -9999 1.33679E-1 1.40771E-1 1.36775E-1 1.99101E-1 2.88698E-1 3.33653E-1 7.15584E-1 6.78305E-1 6.115E-1 5.22419E-1 4.05587E-1 5.98452E-1 5.81867E-1 5.39061E-1 5.44407E-1 4.52822E-1 5.25368E-1 5.86998E-1 6.36185E-1 6.25778E-1 6.41316E-1 6.25619E-1 7.04416E-1 7.19983E-1 7.05484E-1 7.30836E-1 6.29192E-1 6.40394E-1 3.30264E-1 6.49819E-1 6.47071E-1 5.39069E-1 4.59602E-1 4.45244E-1 4.80927E-1 5.63503E-1 6.67948E-1 6.27216E-1 6.58481E-1 6.53107E-1 5.96379E-1 6.0019E-1 5.23683E-1 6.58609E-1 7.02907E-1 6.54938E-1 5.53681E-1 3.91341E-1 4.01397E-1 4.34777E-1 4.97204E-1
-9999 -9999 -9999 -9999 -9999 -9999 -9999 -9999 -9999 -9999 1.30026E-1 9.52608E-2 2.13005E-1 2.38545E-1 3.62841E-1 7.39247E-1 6.7737E-1 6.63045E-1 5.94759E-1 5.93092E-1 6.21557E-1 5.40802E-1 4.52188E-1 4.96337E-1 4.08003E-1 5.245E-1 5.29695E-1 6.13887E-1 6.36501E-1 6.41198E-1 6.0064E-1 6.33437E-1 6.90126E-1 7.63999E-1 7.37559E-1 6.85198E-1 6.0526E-1 5.84579E-1 6.17083E-1 6.07633E-1 4.98009E-1 4.64867E-1 4.52904E-1 4.24742E-1 4.63014E-1 6.05895E-1 5.29202E-1 6.82113E-1 6.40377E-1 5.77318E-1 5.70907E-1 5.45987E-1 6.75342E-1 7.20369E-1 6.61021E-1 6.13848E-1 5.02226E-1 5.13864E-1 5.17256E-1 5.44814E-1
-9999 -9999 -9999 -9999 -9999 -9999 -9999 -9999 -9999 -9999 -9999 -9999 -9999 2.72685E-1 4.10883E-1 7.45578E-1 7.52492E-1 5.9049E-1 6.25742E-1 6.92347E-1 6.6277E-1 6.205E-1 5.36334E-1 4.71392E-1 6.66327E-1 5.70368E-1 6.28432E-1 6.72545E-1 6.53572E-1 6.48631E-1 6.10649E-1 6.19277E-1 5.88616E-1 6.65464E-1 7.67959E-1 6.98229E-1 6.1448E-1 4.70517E-1 6.88384E-1 4.73149E-1 4.44783E-1 4.39762E-1 5.08483E-1 4.18607E-1 4.51092E-1 6.51519E-1 6.59614E-1 6.89705E-1 6.41503E-1 6.07616E-1 6.27955E-1 6.62477E-1 7.41311E-1 7.34136E-1 7.46183E-1 6.29589E-1 5.66432E-1 5.81717E-1 5.29135E-1 4.67601E-1
-9999 -9999 -9999 -9999 -9999 -9999 -9999 -9999 -9999 -9999 -9999 -9999 -9999 -9999 5.51627E-1 8.14062E-1 7.0939E-1 7.87911E-1 7.70327E-1 6.55879E-1 3.98823E-1 3.47926E-1 4.45921E-1 5.2358E-1 5.67865E-1 5.54749E-1 5.95775E-1 6.58817E-1 6.81674E-1 7.41541E-1 7.71884E-1 7.10817E-1 6.59175E-1 8.13968E-1 7.85436E-1 4.54552E-1 4.02663E-1 7.37599E-1 5.38949E-1 5.28993E-1 3.94037E-1 3.37698E-1 3.78754E-1 3.78818E-1 4.63148E-1 6.66259E-1 6.61781E-1 7.5213E-1 6.87923E-1 6.5935E-1 6.63113E-1 7.36308E-1 7.17027E-1 6.81021E-1 6.22355E-1 6.4816E-1 6.43597E-1 6.72457E-1 5.93727E-1 5.04499E-1
-9999 -9999 -9999 -9999 -9999 -9999 -9999 -9999 -9999 -9999 -9999 -9999 -9999 -9999 -9999 8.31124E-1 7.00846E-1 7.9357E-1 7.89932E-1 7.28378E-1 4.36856E-1 5.19838E-1 5.32535E-1 3.79133E-1 5.60543E-1 6.24101E-1 6.53335E-1 6.90075E-1 7.19243E-1 7.45849E-1 7.47832E-1 7.72459E-1 7.96558E-1 7.35304E-1 7.29377E-1 3.16969E-1 4.6299E-1 5.10819E-1 5.80624E-1 5.8376E-1 4.4316E-1 4.68088E-1 4.7281E-1 5.15062E-1 5.87258E-1 7.64357E-1 6.01384E-1 7.2707E-1 6.84815E-1 6.43246E-1 6.62023E-1 6.63596E-1 6.1262E-1 6.4553E-1 6.61066E-1 6.63121E-1 6.20679E-1 6.20135E-1 4.51245E-1 4.72919E-1
-9999 -9999 -9999 -9999 -9999 -9999 -9999 -9999 -9999 -9999 -9999 -9999 -9999 -9999 -9999 8.15669E-1 7.05822E-1 7.65689E-1 7.71418E-1 6.29917E-1 5.44101E-1 5.38695E-1 5.30047E-1 5.23723E-1 5.02877E-1 6.95567E-1 7.28346E-1 7.23226E-1 7.01231E-1 6.73436E-1 7.48188E-1 7.56206E-1 7.62485E-1 8.04389E-1 7.56678E-1 5.83181E-1 4.17171E-1 6.19876E-1 6.5907E-1 7.0146E-1 5.95285E-1 5.58046E-1 5.2478E-1 5.13556E-1 5.18717E-1 6.86883E-1 7.13431E-1 7.34491E-1 6.879E-1 5.88499E-1 7.00581E-1 6.66368E-1 6.50227E-1 6.99159E-1 6.58629E-1 6.47255E-1 6.19776E-1 4.70525E-1 6.58265E-1 6.84986E-1
