Phytophthora/models/20240430_1147_34/Phytophthora_PA3_RUN2_MAXENT_outputs/Phytophthora_PA3_RUN2.asc
ncols         225
nrows         269
xllcorner     473000.0
yllcorner     4429100.0
cellsize      50.0
NODATA_value  -9999
[rows 108 to 134 of 269, columns 120 to 179 of 225]
2.65496E-1 2.69283E-1 2.69263E-1 2.28673E-1 -9999 -9999 -9999 -9999 -9999 -9999 -9999 -9999 -9999 -9999 -9999 -9999 -9999 -9999 -9999 -9999 -9999 -9999 -9999 -9999 -9999 -9999 -9999 -9999 -9999 -9999 -9999 -9999 -9999 -9999 -9999 2.66156E-1 1.42286E-1 2.33893E-1 2.57149E-1 2.48151E-1 2.88767E-1 2.77615E-1 2.61048E-1 3.28976E-1 2.01531E-1 2.22334E-1 1.64428E-1 2.74062E-1 3.3073E-1 3.32492E-1 4.21048E-1 4.44707E-1 4.32709E-1 3.17823E-1 2.85587E-1 1.85483E-1 1.98638E-1 1.40502E-1 1.55998E-1 1.7335E-1
3.43861E-1 1.82834E-1 2.17098E-1 2.34023E-1 2.09924E-1 -9999 -9999 -9999 -9999 -9999 -9999 -9999 -9999 -9999 -9999 -9999 -9999 -9999 -9999 -9999 -9999 -9999 -9999 -9999 -9999 -9999 -9999 -9999 -9999 -9999 -9999 -9999 1.44126E-1 1.33802E-1 2.5533E-1 2.19097E-1 2.652E-1 1.7937E-1 2.09845E-1 2.19014E-1 3.19407E-1 3.17412E-1 2.14872E-1 2.8775E-1 2.44447E-1 8.0911E-2 1.57202E-1 1.66235E-1 2.8577E-1 2.64045E-1 3.60565E-1 3.96924E-1 3.3228E-1 2.62494E-1 2.77566E-1 2.05492E-1 1.64606E-1 9.40055E-2 1.30671E-1 1.41887E-1
2.18229E-1 3.12369E-1 1.71385E-1 2.28635E-1 2.00324E-1 4.37528E-1 -9999 -9999 -9999 -9999 -9999 -9999 -9999 -9999 -9999 -9999 -9999 -9999 -9999 -9999 -9999 -9999 -9999 -9999 -9999 -9999 -9999 -9999 -9999 -9999 -9999 -9999 1.1105E-1 2.02041E-1 2.23253E-1 2.05495E-1 2.28746E-1 1.413E-1 1.16972E-1 1.34995E-1 2.82345E-1 2.65247E-1 2.67947E-1 2.50169E-1 2.01984E-1 7.44835E-2 8.45736E-2 7.97697E-2 2.47311E-1 2.041E-1 3.04608E-1 3.09457E-1 2.67435E-1 2.5914E-1 2.37413E-1 1.68825E-1 1.10916E-1 8.10994E-2 1.02901E-1 1.19331E-1
2.96084E-1 2.87093E-1 2.18878E-1 2.69253E-1 2.38199E-1 4.09991E-1 5.40214E-1 -9999 -9999 -9999 -9999 -9999 -9999 -9999 -9999 -9999 -9999 -9999 -9999 -9999 -9999 -9999 -9999 -9999 -9999 -9999 -9999 -9999 -9999 -9999 -9999 -9999 1.82956E-1 2.72756E-1 2.46384E-1 1.83561E-1 1.61606E-1 1.93586E-1 1.13551E-1 1.00628E-1 1.13966E-1 1.55692E-1 1.3452E-1 1.26704E-1 1.30172E-1 1.39669E-2 4.39211E-2 7.69198E-2 1.47755E-1 1.18557E-1 1.92111E-1 2.09E-1 1.6565E-1 1.45789E-1 1.3178E-1 9.88163E-2 6.32495E-2 5.35826E-2 6.51771E-2 7.65598E-2
1.81727E-1 1.86941E-1 2.73908E-1 2.63028E-1 2.87344E-1 2.71147E-1 4.7511E-1 4.13805E-1 -9999 -9999 -9999 -9999 -9999 -9999 -9999 -9999 -9999 -9999 -9999 -9999 -9999 -9999 -9999 -9999 -9999 -9999 -9999 -9999 -9999 -9999 -9999 1.20105E-1 2.24144E-1 2.19784E-1 1.87582E-1 1.34253E-1 1.51383E-1 1.43213E-1 6.69299E-2 6.9613E-2 8.79651E-2 8.2229E-2 1.01311E-1 1.03048E-1 4.01226E-2 5.63879E-2 4.89549E-2 1.04259E-1 1.27321E-1 9.47754E-2 1.62761E-1 1.55792E-1 1.18267E-1 1.32443E-1 1.00761E-1 6.03649E-2 5.24869E-2 5.1996E-2 5.24768E-2 6.44767E-2
1.66298E-1 2.58079E-1 2.55806E-1 2.08511E-1 3.28954E-1 3.80866E-1 5.43658E-1 5.0968E-1 -9999 -9999 -9999 -9999 -9999 -9999 -9999 -9999 -9999 -9999 -9999 -9999 -9999 -9999 -9999 -9999 -9999 -9999 -9999 -9999 -9999 -9999 1.6511E-1 1.37169E-1 1.46213E-1 1.74205E-1 1.57073E-1 1.0608E-1 1.36604E-1 1.14925E-1 5.81076E-2 4.88934E-2 6.19661E-2 7.44466E-2 6.87764E-2 1.00082E-1 1.55534E-2 6.80061E-2 6.05517E-2 1.08056E-1 1.05562E-1 8.1699E-2 1.51758E-1 1.21738E-1 1.43738E-1 1.00549E-1 5.67651E-2 4.89171E-2 4.31965E-2 5.01586E-2 4.93455E-2 5.94129E-2
2.23254E-1 2.29845E-1 2.71743E-1 2.42836E-1 3.29824E-1 4.32007E-1 4.00866E-1 6.06205E-1 -9999 -9999 -9999 -9999 -9999 -9999 -9999 -9999 -9999 -9999 -9999 -9999 -9999 -9999 -9999 -9999 -9999 -9999 -9999 -9999 -9999 -9999 1.37119E-1 1.39577E-1 1.31611E-1 1.61141E-1 1.67511E-1 1.18647E-1 1.52329E-1 1.64151E-1 6.1096E-2 6.32895E-2 6.92665E-2 7.68991E-2 7.13132E-2 7.14518E-2 6.11436E-2 6.2607E-2 6.07874E-2 9.75132E-2 6.95395E-2 8.01195E-2 1.29964E-1 1.30175E-1 9.92815E-2 6.70377E-2 5.00649E-2 4.52783E-2 4.14645E-2 4.95324E-2 5.62514E-2 7.77828E-2
2.48063E-1 2.5448E-1 2.43163E-1 2.97482E-1 2.98406E-1 5.44334E-1 4.00256E-1 6.54066E-1 -9999 -9999 -9999 -9999 -9999 -9999 -9999 -9999 -9999 -9999 -9999 -9999 -9999 -9999 -9999 -9999 -9999 -9999 -9999 -9999 -9999 -9999 1.93242E-1 1.66595E-1 1.48845E-1 1.45131E-1 1.32565E-1 8.93589E-2 8.96598E-2 1.24754E-1 1.10383E-1 8.01148E-2 8.81425E-2 9.73289E-2 8.31584E-2 7.74828E-2 5.91821E-2 4.97173E-2 5.34283E-2 6.55642E-2 3.99889E-2 8.43055E-2 1.13496E-1 7.88477E-2 6.42307E-2 4.68653E-2 4.17474E-2 3.82223E-2 4.74849E-2 5.97729E-2 6.94369E-2 9.75691E-2
2.46956E-1 4.79331E-1 4.20888E-1 4.03434E-1 5.20989E-1 7.38365E-1 6.78205E-1 6.65459E-1 -9999 -9999 -9999 -9999 -9999 -9999 -9999 -9999 -9999 -9999 -9999 -9999 -9999 -9999 -9999 -9999 -9999 -9999 -9999 -9999 -9999 -9999 -9999 2.18146E-1 2.44244E-1 2.18769E-1 2.83887E-1 2.80882E-1 3.09843E-1 3.38102E-1 3.79239E-1 2.5595E-1 1.23942E-1 1.1759E-1 1.01412E-1 8.67524E-2 6.49444E-2 1.56158E-2 1.03143E-1 3.88521E-2 8.59889E-2 1.22715E-1 1.35007E-1 1.20962E-1 1.04057E-1 9.17702E-2 8.10532E-2 7.63854E-2 1.04393E-1 1.24344E-1 1.3725E-1 1.5249E-1
2.04644E-1 3.0527E-1 4.45272E-1 3.38707E-1 5.30659E-1 7.19615E-1 2.28665E-1 6.10453E-1 -9999 -9999 -9999 -9999 -9999 -9999 -9999 -9999 -9999 -9999 -9999 -9999 -9999 -9999 -9999 -9999 -9999 -9999 -9999 -9999 -9999 -9999 -9999 -9999 2.26669E-1 2.42359E-1 2.49741E-1 2.40726E-1 3.81699E-1 4.02759E-1 4.67215E-1 4.62942E-1 2.14493E-1 1.58514E-1 1.16122E-1 9.81428E-2 7.76867E-2 7.66754E-2 5.35597E-2 5.30506E-2 1.12377E-1 9.45473E-2 1.23348E-1 1.02077E-1 9.13441E-2 9.67006E-2 1.16966E-1 1.15074E-1 1.42169E-1 1.64084E-1 1.69452E-1 1.91778E-1
3.75289E-1 1.63944E-1 3.60766E-1 6.90491E-1 5.04417E-1 6.3724E-1 6.22091E-1 4.92546E-1 -9999 -9999 -9999 -9999 -9999 -9999 -9999 -9999 -9999 -9999 -9999 -9999 -9999 -9999 -9999 -9999 -9999 -9999 -9999 -9999 -9999 -9999 -9999 -9999 2.24241E-1 2.50782E-1 2.7886E-1 3.40767E-1 3.65125E-1 2.49664E-1 4.30442E-1 4.45293E-1 3.25824E-1 2.71442E-1 1.57888E-1 1.30864E-1 1.36731E-1 2.42939E-2 4.35505E-2 1.21985E-1 8.42976E-2 9.87377E-2 1.40859E-1 1.07919E-1 9.12868E-2 1.05034E-1 1.77527E-1 1.60547E-1 1.8119E-1 1.89128E-1 2.02177E-1 2.47681E-1
4.47033E-1 4.57993E-1 5.50481E-1 4.15418E-1 6.0975E-1 3.96038E-1 6.00784E-1 -9999 -9999 -9999 -9999 -9999 -9999 -9999 -9999 -9999 -9999 -9999 -9999 -9999 -9999 -9999 -9999 -9999 -9999 -9999 4.93999E-1 -9999 -9999 -9999 -9999 -9999 2.12524E-1 2.3898E-1 2.79132E-1 3.20158E-1 3.85574E-1 4.85268E-1 4.93032E-1 4.98018E-1 3.62653E-1 2.91846E-1 2.34272E-1 1.60202E-1 8.14756E-2 4.92263E-2 3.22913E-2 5.43631E-2 7.29139E-2 1.13221E-1 1.50207E-1 1.13278E-1 1.04224E-1 1.47024E-1 2.25422E-1 1.80787E-1 1.9717E-1 2.02596E-1 2.36289E-1 3.15268E-1
4.0806E-1 4.62011E-1 2.37661E-1 1.85453E-1 4.52949E-1 6.99235E-1 -9999 -9999 -9999 -9999 -9999 -9999 -9999 -9999 -9999 -9999 -9999 -9999 -9999 -9999 -9999 -9999 -9999 -9999 -9999 2.71716E-1 3.58747E-1 -9999 -9999 -9999 -9999 -9999 2.24418E-1 2.23657E-1 2.50811E-1 2.70113E-1 3.51957E-1 4.53491E-1 5.09481E-1 3.88818E-1 3.55944E-1 2.94396E-1 2.30348E-1 1.33014E-1 9.754E-2 8.88878E-2 1.82508E-2 6.58125E-2 8.87753E-2 1.34426E-1 1.72786E-1 1.24651E-1 1.02051E-1 2.23425E-1 2.31997E-1 1.52635E-1 1.65756E-1 1.9764E-1 2.97982E-1 3.63394E-1
6.36705E-1 5.31596E-1 4.03953E-1 3.85192E-1 4.50595E-1 6.3758E-1 -9999 -9999 -9999 -9999 -9999 -9999 -9999 -9999 -9999 -9999 -9999 -9999 -9999 -9999 -9999 -9999 -9999 -9999 5.69966E-1 4.98373E-1 4.55449E-1 4.00375E-1 5.25122E-1 4.40498E-1 3.62031E-1 -9999 -9999 2.45936E-1 2.42958E-1 1.98801E-1 2.64198E-1 3.9037E-1 4.65447E-1 3.65586E-1 3.30261E-1 3.27347E-1 2.34928E-1 1.86812E-1 9.44019E-2 5.63734E-2 7.7937E-2 3.36445E-2 1.0058E-1 1.45319E-1 1.70381E-1 1.05528E-1 1.11308E-1 1.53578E-1 1.53871E-1 1.79369E-1 1.99654E-1 2.81671E-1 3.5114E-1 3.88703E-1
6.33708E-1 5.60768E-1 3.55551E-1 2.92263E-1 3.22926E-1 7.16037E-1 -9999 -9999 -9999 -9999 -9999 -9999 -9999 -9999 -9999 -9999 -9999 -9999 -9999 -9999 -9999 -9999 -9999 -9999 6.54245E-1 5.54147E-1 3.84698E-1 5.63672E-1 5.63388E-1 4.30097E-1 3.69161E-1 3.3593E-1 3.41344E-1 3.06803E-1 2.35828E-1 1.76E-1 2.31194E-1 2.80691E-1 3.99631E-1 3.90616E-1 3.40662E-1 3.11143E-1 1.17463E-1 7.84782E-2 6.20446E-2 6.67785E-2 9.69842E-2 1.08183E-1 1.18919E-1 1.66241E-1 1.8422E-1 1.13063E-1 1.59973E-1 1.55492E-1 1.19847E-1 1.48254E-1 1.94859E-1 2.69884E-1 3.20362E-1 3.60807E-1
5.89824E-1 6.05275E-1 5.362E-1 3.97478E-1 5.30798E-1 7.3311E-1 -9999 -9999 -9999 -9999 -9999 -9999 -9999 -9999 -9999 -9999 -9999 -9999 -9999 -9999 -9999 -9999 -9999 -9999 -9999 -9999 6.5235E-1 4.67204E-1 5.03283E-1 3.92125E-1 3.7768E-1 3.13739E-1 3.30297E-1 3.11725E-1 2.68353E-1 2.01698E-1 2.62054E-1 2.59812E-1 3.02492E-1 2.46153E-1 2.58129E-1 2.9064E-1 1.82821E-1 8.62254E-2 8.11196E-2 1.11037E-1 1.09507E-1 1.23975E-1 1.35682E-1 7.43984E-2 1.65721E-1 1.76371E-1 1.43534E-1 1.03936E-1 1.08656E-1 1.44439E-1 2.16781E-1 2.30609E-1 2.66144E-1 2.97682E-1
5.55677E-1 5.9991E-1 5.23663E-1 6.53925E-1 6.78678E-1 7.62278E-1 7.31166E-1 7.5659E-1 -9999 -9999 7.84284E-1 -9999 -9999 -9999 -9999 -9999 -9999 -9999 -9999 -9999 -9999 -9999 -9999 -9999 -9999 -9999 -9999 4.42245E-1 5.46381E-1 4.47427E-1 4.28266E-1 3.09972E-1 3.09643E-1 3.23714E-1 3.52397E-1 3.02865E-1 2.81444E-1 1.90924E-1 1.55152E-1 1.61268E-1 1.73041E-1 1.93234E-1 1.82988E-1 1.12887E-1 8.34437E-2 1.13669E-1 1.17936E-1 1.35929E-1 1.30321E-1 1.62146E-1 5.65752E-2 1.46655E-1 1.57714E-1 9.12592E-2 1.11691E-1 1.38286E-1 1.60873E-1 1.91567E-1 2.16591E-1 2.74489E-1
5.98279E-1 6.12195E-1 6.89443E-1 4.96459E-1 7.28373E-1 6.60437E-1 6.41967E-1 6.86053E-1 7.36288E-1 6.81789E-1 6.02272E-1 -9999 -9999 -9999 -9999 -9999 -9999 -9999 -9999 -9999 -9999 -9999 -9999 -9999 -9999 -9999 -9999 5.78527E-1 4.25938E-1 5.01057E-1 3.81494E-1 3.07211E-1 2.81334E-1 3.05299E-1 3.47901E-1 2.46162E-1 1.4785E-1 1.23006E-1 1.2861E-1 1.32942E-1 1.27636E-1 1.6422E-1 1.81916E-1 2.06249E-1 2.2603E-1 1.40824E-1 1.19268E-1 1.08287E-1 1.0069E-1 9.53225E-2 5.07574E-2 9.9074E-2 1.24173E-1 1.03511E-1 1.1612E-1 1.1401E-1 1.31544E-1 1.27469E-1 1.91408E-1 1.57076E-1
4.19787E-1 3.59313E-1 4.18813E-1 4.40952E-1 3.53461E-1 4.94786E-1 5.00282E-1 5.49931E-1 5.87122E-1 5.84753E-1 5.39114E-1 -9999 -9999 -9999 -9999 -9999 -9999 -9999 -9999 -9999 -9999 -9999 -9999 -9999 -9999 -9999 -9999 2.81086E-1 1.63478E-1 2.28834E-1 2.46268E-1 2.25085E-1 1.903E-1 2.6163E-1 1.60266E-1 1.78881E-1 7.18306E-2 8.3286E-2 9.39251E-2 1.20838E-1 1.05855E-1 1.14698E-1 1.09817E-1 1.12969E-1 1.33249E-1 1.2638E-1 8.76451E-2 7.15532E-2 6.30373E-2 5.72823E-2 5.10522E-2 2.56425E-2 4.77343E-2 7.62479E-2 8.4792E-2 8.57805E-2 5.78534E-2 1.12339E-1 8.89902E-2 1.4161E-1
4.42376E-1 3.85317E-1 2.78901E-1 2.80681E-1 2.88185E-1 4.38648E-1 4.60379E-1 5.05775E-1 5.48304E-1 4.64921E-1 5.15353E-1 -9999 -9999 -9999 -9999 -9999 -9999 -9999 -9999 -9999 -9999 -9999 -9999 -9999 -9999 -9999 -9999 2.7548E-1 2.1809E-1 1.45907E-1 2.72339E-1 2.69508E-1 2.11965E-1 2.26062E-1 2.47158E-1 6.04206E-2 9.33868E-2 8.65509E-2 1.0365E-1 1.28827E-1 1.17486E-1 1.27434E-1 1.18153E-1 1.0591E-1 1.11919E-1 1.34124E-1 1.21146E-1 6.55626E-2 5.75717E-2 5.31178E-2 6.42612E-2 3.58311E-2 4.99774E-2 6.06161E-2 6.6821E-2 1.3269E-1 1.25542E-1 8.4759E-2 1.19626E-1 2.22958E-1
3.32738E-1 2.94626E-1 2.61116E-1 2.21683E-1 2.04567E-1 4.06229E-1 4.29473E-1 4.69279E-1 4.42292E-1 4.56889E-1 6.67661E-1 5.45687E-1 -9999 -9999 -9999 -9999 -9999 -9999 -9999 -9999 -9999 -9999 -9999 -9999 -9999 -9999 -9999 2.8222E-1 2.6466E-1 2.678E-1 1.98452E-1 3.20893E-1 2.32016E-1 2.32332E-1 2.46375E-1 1.70161E-1 1.42805E-1 9.4313E-2 9.63469E-2 1.34013E-1 1.26333E-1 8.67837E-2 1.33108E-1 1.29662E-1 1.24472E-1 1.19963E-1 1.17139E-1 8.6751E-2 7.43696E-2 6.96032E-2 3.44944E-2 4.66003E-2 4.57292E-2 5.87519E-2 4.9691E-2 7.21314E-2 1.52748E-1 1.33474E-1 1.93583E-1 2.76339E-1
2.46488E-1 3.57274E-1 2.95615E-1 2.60569E-1 2.31776E-1 3.89384E-1 4.31518E-1 5.22927E-1 5.90532E-1 6.68026E-1 6.59087E-1 6.20655E-1 6.24821E-1 -9999 -9999 -9999 -9999 -9999 -9999 -9999 -9999 -9999 -9999 -9999 -9999 -9999 -9999 2.88768E-1 2.33016E-1 2.24157E-1 2.89488E-1 2.37932E-1 2.37823E-1 2.56893E-1 1.79631E-1 1.81374E-1 1.28719E-1 1.02502E-1 9.54973E-2 1.31348E-1 1.57048E-1 1.06422E-1 1.5095E-1 1.43848E-1 1.25793E-1 1.08676E-1 9.90839E-2 8.15967E-2 8.1729E-2 9.5347E-2 6.20397E-2 5.87648E-2 5.91561E-2 5.93584E-2 6.12032E-2 9.71233E-2 8.48602E-2 1.7991E-1 1.9021E-1 2.42925E-1
3.45497E-1 3.55407E-1 2.5672E-1 2.09125E-1 1.9478E-1 4.01027E-1 4.20979E-1 6.3612E-1 5.60507E-1 6.70561E-1 6.58441E-1 6.94993E-1 6.63239E-1 6.45132E-1 -9999 -9999 -9999 -9999 -9999 -9999 -9999 -9999 -9999 -9999 -9999 -9999 -9999 1.57728E-1 1.39327E-1 1.76811E-1 2.8514E-1 1.55811E-1 2.51503E-1 2.80712E-1 2.82968E-1 2.39837E-1 1.59637E-1 1.23709E-1 1.36444E-1 1.3032E-1 1.32073E-1 1.88331E-1 1.61225E-1 1.48805E-1 1.34776E-1 1.18534E-1 1.0428E-1 8.06569E-2 6.75789E-2 6.51014E-2 7.77136E-2 8.10283E-2 7.86974E-2 7.22353E-2 6.71182E-2 1.08151E-1 6.47665E-2 1.89216E-1 1.80429E-1 2.16775E-1
1.16228E-1 1.56227E-1 1.06523E-1 7.82916E-2 1.16582E-1 -9999 4.72482E-1 4.54868E-1 4.04719E-1 4.08106E-1 7.28918E-1 7.6483E-1 7.26505E-1 6.64703E-1 5.79247E-1 5.65525E-1 -9999 -9999 -9999 -9999 -9999 -9999 -9999 -9999 -9999 -9999 -9999 3.27304E-1 3.55202E-1 2.85497E-1 2.63096E-1 2.65008E-1 2.72439E-1 1.67096E-1 3.00126E-1 3.58864E-1 2.75458E-1 2.4645E-1 1.90377E-1 1.98857E-1 1.14024E-1 2.61765E-1 2.65155E-1 2.83646E-1 2.28856E-1 1.30729E-1 1.07569E-1 7.88677E-2 3.91974E-2 2.81576E-2 4.24768E-2 1.96738E-2 7.55058E-2 7.42749E-2 7.71959E-2 6.10919E-2 1.49223E-1 1.76893E-1 2.04476E-1 2.15511E-1
1.25268E-1 1.29271E-1 9.95337E-2 9.85319E-2 2.45694E-1 4.38695E-1 3.97389E-1 4.94265E-1 3.50009E-1 3.01862E-1 6.04212E-1 7.50121E-1 7.20877E-1 7.05167E-1 5.76803E-1 5.55786E-1 -9999 -9999 -9999 -9999 -9999 -9999 -9999 -9999 -9999 -9999 -9999 -9999 4.51005E-1 -9999 -9999 -9999 -9999 3.5267E-1 2.61355E-1 1.86918E-1 2.35775E-1 2.30016E-1 1.61917E-1 1.74905E-1 1.736E-1 1.85801E-1 3.06747E-1 4.0116E-1 3.25682E-1 1.51476E-1 1.25069E-1 8.32803E-2 5.88965E-2 4.8213E-2 6.3294E-2 5.00552E-2 4.10509E-2 7.56831E-2 7.77322E-2 1.47618E-1 2.07981E-1 2.3342E-1 2.21771E-1 2.59691E-1
1.46056E-1 1.26318E-1 1.01295E-1 1.35954E-1 2.01117E-1 4.40375E-1 5.03125E-1 2.60236E-1 2.99333E-1 4.48822E-1 7.22517E-1 6.81745E-1 7.00593E-1 6.41632E-1 6.53829E-1 5.08996E-1 -9999 -9999 -9999 -9999 -9999 -9999 -9999 -9999 -9999 -9999 -9999 -9999 -9999 -9999 -9999 -9999 -9999 -9999 2.67166E-1 2.33496E-1 2.48253E-1 1.79047E-1 1.38191E-1 1.64955E-1 1.44312E-1 2.23349E-1 1.60497E-1 2.98196E-1 3.33197E-1 1.93481E-1 1.48068E-1 7.97393E-2 7.07673E-2 5.14727E-2 7.11138E-2 5.45287E-2 1.50252E-2 7.33394E-2 6.84791E-2 1.59667E-1 2.46518E-1 2.34895E-1 3.15921E-1 2.92205E-1
1.26785E-1 1.08588E-1 8.81863E-2 1.4481E-1 2.08841E-1 4.77894E-1 5.54235E-1 3.34814E-1 5.08523E-1 4.57648E-1 6.72287E-1 6.62784E-1 6.44965E-1 6.03023E-1 6.09692E-1 -9999 -9999 -9999 -9999 -9999 -9999 -9999 -9999 -9999 -9999 -9999 -9999 -9999 -9999 -9999 -9999 -9999 -9999 -9999 2.28041E-1 3.0792E-1 3.09959E-1 1.95911E-1 1.46202E-1 1.96996E-1 1.75824E-1 2.07019E-1 1.45777E-1 2.747E-1 3.25635E-1 2.11564E-1 1.5758E-1 8.81808E-2 7.31958E-2 8.19808E-2 9.97E-2 9.58253E-2 8.19962E-2 5.80062E-2 1.51449E-1 8.64148E-2 1.95728E-1 3.88644E-1 3.47611E-1 3.28159E-1
