Phytophthora/models/20240430_1147_34/Phytophthora_PA3_RUN2_MAXENT_outputs/Phytophthora_PA3_RUN2.asc
ncols         225
nrows         269
xllcorner     473000.0
yllcorner     4429100.0
cellsize      50.0
NODATA_value  -9999
[rows 189 to 215 of 269, columns 120 to 179 of 225]
1.9817E-1 1.72156E-1 1.41651E-1 1.59036E-1 1.55478E-1 1.13714E-1 2.15082E-1 2.34882E-1 2.40527E-1 3.21355E-1 3.32179E-1 3.58349E-1 4.63587E-1 3.93127E-1 3.00081E-1 3.95263E-1 3.19446E-1 3.32913E-1 4.4853E-1 4.90585E-1 1.93741E-1 1.71747E-1 1.46614E-1 8.34062E-2 4.63021E-2 5.65142E-2 7.46481E-2 7.48051E-2 6.63986E-2 8.44975E-2 2.0233E-1 2.18009E-1 2.30783E-1 3.11606E-1 3.78731E-1 4.27596E-1 4.91023E-1 5.02774E-1 4.83561E-1 4.08033E-1 2.20936E-1 1.73754E-1 1.13161E-1 -9999 4.57418E-2 5.60938E-2 5.03374E-2 5.1733E-2 5.60282E-2 7.76694E-2 8.40331E-2 1.06099E-1 1.13198E-1 1.44604E-1 2.17138E-1 2.43146E-1 2.21015E-1 1.75118E-1 1.8002E-1 1.19522E-1
1.39736E-1 2.42897E-1 2.26712E-1 1.84724E-1 1.65254E-1 2.13023E-1 6.88015E-2 2.47722E-1 2.59524E-1 3.56487E-1 3.78644E-1 3.98288E-1 5.17308E-1 4.35433E-1 3.60924E-1 4.32337E-1 1.5082E-1 5.52818E-1 5.67257E-1 4.5717E-1 1.90302E-1 1.52087E-1 1.13794E-1 7.22234E-2 4.57047E-2 1.3593E-1 4.61993E-2 1.21519E-1 6.44977E-2 9.26637E-2 2.00636E-1 2.22693E-1 2.16753E-1 2.33126E-1 2.90162E-1 3.40408E-1 4.12245E-1 4.28372E-1 3.59088E-1 3.3846E-1 1.62054E-1 1.33482E-1 1.33836E-1 1.74307E-2 6.81794E-2 6.23711E-2 5.52456E-2 6.07857E-2 6.88435E-2 9.68982E-2 9.7743E-2 1.29577E-1 1.31725E-1 1.53222E-1 1.96237E-1 1.9746E-1 2.24893E-1 1.91916E-1 1.72762E-1 1.33416E-1
3.411E-1 3.98499E-1 2.52773E-1 2.94734E-1 2.71617E-1 2.32644E-1 1.62623E-1 2.74667E-1 2.76274E-1 2.63721E-1 3.23916E-1 3.50145E-1 4.39578E-1 4.03176E-1 3.68791E-1 2.11799E-1 4.40321E-1 4.52921E-1 3.82792E-1 3.49642E-1 2.80023E-1 2.27685E-1 1.82154E-1 1.29603E-1 1.33158E-1 1.94676E-1 1.32262E-1 1.43671E-1 1.69707E-1 2.3854E-1 1.9523E-1 1.863E-1 1.71284E-1 1.84324E-1 2.25916E-1 1.97749E-1 2.08352E-1 2.17523E-1 2.37866E-1 2.78911E-1 1.78242E-1 1.77694E-1 1.66495E-1 1.05065E-1 2.30954E-2 5.23686E-2 4.7584E-2 7.20429E-2 8.11538E-2 1.04989E-1 1.08522E-1 1.45342E-1 1.33077E-1 1.46998E-1 2.09785E-1 2.15685E-1 2.89099E-1 1.97458E-1 1.78443E-1 1.3892E-1
2.71499E-1 3.64252E-1 2.63637E-1 3.09807E-1 2.97987E-1 2.37615E-1 2.88546E-1 3.49254E-1 3.00126E-1 2.7083E-1 3.58754E-1 3.23562E-1 2.95918E-1 2.20113E-1 6.27591E-2 2.27104E-1 1.77032E-1 2.38393E-1 3.07972E-1 2.70515E-1 2.23063E-1 1.94156E-1 1.67987E-1 1.44479E-1 1.63641E-1 2.15162E-1 1.42983E-1 1.62428E-1 2.13546E-1 2.48769E-1 1.67679E-1 1.63862E-1 1.56794E-1 1.5847E-1 1.96884E-1 1.61576E-1 1.77462E-1 1.8886E-1 2.46596E-1 2.81889E-1 1.62795E-1 1.77654E-1 1.63692E-1 1.29409E-1 4.99704E-2 -9999 -9999 4.38926E-2 6.62106E-2 1.03082E-1 1.14681E-1 1.53444E-1 1.49907E-1 1.47875E-1 1.87738E-1 2.06736E-1 2.78318E-1 1.44379E-1 1.97608E-1 1.49981E-1
3.64221E-1 4.35902E-1 4.05397E-1 3.22678E-1 2.95143E-1 2.45377E-1 2.49773E-1 3.61224E-1 3.50948E-1 2.84916E-1 1.85251E-1 1.09954E-1 1.7222E-1 1.59115E-1 2.5581E-1 3.26311E-1 2.65602E-1 2.2344E-1 3.13833E-1 2.87227E-1 2.31952E-1 2.05965E-1 1.7851E-1 1.80388E-1 1.82768E-1 2.52223E-1 2.04876E-1 2.52405E-1 2.58012E-1 2.91155E-1 2.06412E-1 1.96295E-1 1.82062E-1 1.93035E-1 2.29845E-1 1.92136E-1 2.1045E-1 2.09501E-1 2.49642E-1 2.78059E-1 1.5921E-1 1.71326E-1 1.58278E-1 1.19424E-1 1.12298E-1 4.14478E-2 -9999 -9999 7.25474E-2 4.22591E-2 6.05912E-2 5.81344E-2 3.87928E-2 8.50397E-2 2.52898E-1 1.67474E-1 1.79167E-1 1.97169E-1 1.95355E-1 1.76498E-1
3.57865E-1 4.0698E-1 2.97152E-1 3.63603E-1 3.11598E-1 2.7064E-1 2.89719E-1 3.9244E-1 2.87113E-1 8.95954E-2 2.04826E-1 1.96206E-1 1.92143E-1 1.46117E-1 1.63942E-1 1.35724E-1 2.21891E-1 4.21798E-1 4.12914E-1 3.67102E-1 3.33604E-1 3.1169E-1 2.92065E-1 2.46942E-1 2.23421E-1 3.01261E-1 3.09309E-1 3.10488E-1 2.78681E-1 2.57158E-1 1.97356E-1 2.03815E-1 2.25897E-1 2.34046E-1 2.62101E-1 2.22513E-1 2.48749E-1 2.44377E-1 2.4969E-1 2.56454E-1 1.47577E-1 1.36317E-1 1.04536E-1 1.06902E-1 1.02689E-1 1.20937E-1 6.05613E-2 7.67294E-2 9.9926E-2 1.32835E-1 1.56462E-1 1.80373E-1 2.10275E-1 8.82166E-2 1.67543E-1 2.44364E-1 1.66108E-1 1.36686E-1 1.66641E-1 2.59865E-1
3.40322E-1 3.7525E-1 3.30564E-1 4.05309E-1 3.5125E-1 2.975E-1 3.19869E-1 4.79831E-1 4.33076E-1 2.36126E-1 1.80757E-1 1.57845E-1 1.53744E-1 1.16392E-1 1.75815E-1 1.4446E-1 4.77043E-1 1.55965E-1 9.54179E-2 2.58736E-1 3.58915E-1 3.12351E-1 2.08669E-1 1.6852E-1 1.78075E-1 3.06661E-1 2.85416E-1 3.83135E-1 3.61373E-1 3.19847E-1 1.88506E-1 1.78129E-1 2.9226E-1 3.25903E-1 3.46616E-1 2.73062E-1 3.00758E-1 3.15373E-1 3.46858E-1 3.48211E-1 2.05739E-1 1.82056E-1 1.59548E-1 1.29251E-1 9.59735E-2 8.13823E-2 9.58728E-2 1.30693E-1 1.60062E-1 1.64351E-1 1.51585E-1 1.67654E-1 1.08989E-1 4.81859E-2 1.54842E-1 2.1483E-1 1.40273E-1 1.20746E-1 9.31992E-2 2.10848E-1
2.57239E-1 2.43435E-1 2.44407E-1 2.07723E-1 2.40604E-1 3.14987E-1 3.26457E-1 2.32238E-1 8.84525E-2 2.5444E-1 1.94046E-1 1.59246E-1 1.34105E-1 1.38511E-1 2.42646E-1 2.5396E-1 3.51722E-1 2.58972E-1 2.24347E-1 2.50933E-1 9.83194E-2 2.76257E-1 2.66785E-1 2.32956E-1 2.29428E-1 3.39898E-1 3.87995E-1 4.05163E-1 3.87817E-1 3.20159E-1 1.72407E-1 1.77098E-1 2.73664E-1 3.02699E-1 3.43114E-1 2.09597E-1 2.52278E-1 2.74349E-1 3.01189E-1 2.7757E-1 1.67288E-1 1.53717E-1 1.39857E-1 1.02216E-1 6.58945E-2 6.84334E-2 8.46802E-2 6.92887E-2 6.66055E-2 1.01477E-1 1.41712E-1 1.38987E-1 1.66464E-1 7.01184E-2 1.64955E-1 9.99685E-2 8.10813E-2 5.72809E-2 4.06197E-2 4.91769E-2
3.26448E-1 2.65355E-1 2.26542E-1 1.56594E-1 2.37843E-1 2.73506E-1 2.7972E-1 2.79412E-1 7.63693E-2 2.5383E-1 1.41045E-1 1.14002E-1 9.29869E-2 1.12777E-1 1.84834E-1 2.64848E-1 4.59152E-1 2.2539E-1 2.33475E-1 1.69073E-1 1.78011E-1 2.33204E-1 2.68918E-1 2.51597E-1 2.39827E-1 3.81477E-1 4.05654E-1 4.67899E-1 3.91943E-1 3.47819E-1 2.09642E-1 2.27331E-1 2.98696E-1 3.32466E-1 2.50955E-1 1.89927E-1 2.18675E-1 2.84932E-1 3.49216E-1 3.12565E-1 2.08894E-1 1.92412E-1 1.97122E-1 1.99317E-1 1.6731E-1 1.75936E-1 9.93121E-2 1.30584E-1 1.29058E-1 1.83552E-1 1.2486E-1 1.04509E-1 1.34569E-1 7.98888E-2 1.73394E-1 1.03145E-1 7.10279E-2 3.75059E-2 4.76567E-2 4.6472E-2
2.27712E-1 2.00121E-1 2.2678E-1 2.237E-1 2.17182E-1 2.47422E-1 2.63119E-1 3.40351E-1 1.1693E-1 3.40382E-1 1.87005E-1 1.78349E-1 1.50119E-1 1.67988E-1 1.4515E-1 4.5085E-1 1.93582E-1 2.22123E-1 2.06161E-1 2.77805E-1 1.98252E-1 1.91308E-1 2.51003E-1 2.36829E-1 2.87942E-1 4.60126E-1 4.87583E-1 4.64727E-1 4.3459E-1 4.40304E-1 2.77984E-1 2.824E-1 2.87808E-1 1.93852E-1 3.31358E-1 2.66699E-1 2.91768E-1 3.11683E-1 2.80908E-1 2.52313E-1 1.62121E-1 2.22397E-1 2.39415E-1 1.73968E-1 1.59845E-1 1.70641E-1 2.10333E-1 2.06854E-1 2.44223E-1 1.513E-1 1.49179E-1 2.49323E-1 2.15278E-1 1.85692E-1 7.08675E-2 5.92143E-2 4.37151E-2 4.52079E-2 4.38539E-2 4.52922E-2
3.72043E-1 3.49728E-1 1.79025E-1 1.846E-1 1.24821E-1 2.34505E-1 2.3316E-1 3.23716E-1 3.50671E-1 4.44072E-1 3.5247E-1 2.62067E-1 1.96261E-1 1.87598E-1 1.68744E-1 1.91874E-1 2.4155E-1 2.27203E-1 2.22651E-1 1.90905E-1 1.69289E-1 1.10996E-1 1.32729E-1 1.45336E-1 2.65005E-1 4.77285E-1 4.46054E-1 5.19115E-1 4.90381E-1 4.98703E-1 2.81416E-1 2.00771E-1 3.10244E-1 2.84573E-1 3.15396E-1 2.44203E-1 2.46542E-1 2.4958E-1 2.71096E-1 2.91853E-1 1.8493E-1 2.71135E-1 1.86463E-1 1.88633E-1 1.37863E-1 1.73704E-1 2.06608E-1 1.07178E-1 1.3058E-1 1.70071E-1 2.32471E-1 2.08899E-1 1.7181E-1 1.79395E-1 8.89111E-2 4.95761E-2 5.02798E-2 4.98198E-2 4.17732E-2 6.44167E-2
1.4214E-1 2.2938E-1 2.53658E-1 2.45417E-1 1.93047E-1 2.29206E-1 1.85981E-1 7.86814E-2 2.12857E-1 3.11433E-1 2.1034E-1 1.77692E-1 1.44274E-1 1.44039E-1 1.36455E-1 1.69591E-1 1.85821E-1 1.78574E-1 3.06203E-1 1.55554E-1 1.80343E-1 1.1361E-1 1.03659E-1 1.77005E-1 3.75636E-1 5.0724E-1 5.20767E-1 5.44551E-1 5.68974E-1 4.54359E-1 2.87312E-1 3.04362E-1 2.82097E-1 1.8557E-1 2.53334E-1 1.66724E-1 2.6713E-1 2.33572E-1 2.65079E-1 2.25063E-1 1.5677E-1 1.56751E-1 2.51405E-1 2.64708E-1 2.21814E-1 2.14573E-1 1.87225E-1 1.15266E-1 1.75458E-1 1.3918E-1 1.53862E-1 1.05494E-1 8.79829E-2 1.33499E-1 1.08955E-1 5.21349E-2 5.90925E-2 5.00322E-2 5.30236E-2 7.32451E-2
1.11003E-1 1.13177E-1 1.09226E-1 1.34948E-1 4.2472E-2 1.10646E-1 1.44633E-1 1.47933E-1 1.17344E-1 2.17889E-1 1.35987E-1 1.20972E-1 9.7324E-2 9.50601E-2 1.16595E-1 2.17608E-1 1.77982E-1 1.72054E-1 1.68425E-1 3.26763E-1 2.35125E-1 3.12002E-1 2.63451E-1 3.38901E-1 4.37638E-1 5.51744E-1 6.09506E-1 6.59093E-1 6.28339E-1 6.4501E-1 5.00173E-1 3.91927E-1 4.98205E-1 4.60846E-1 4.25071E-1 3.07876E-1 2.4678E-1 2.19893E-1 1.56813E-1 2.54203E-1 9.47032E-2 1.13289E-1 1.22216E-1 1.49605E-1 1.56649E-1 1.20951E-1 8.0346E-2 6.20608E-2 6.35294E-2 7.8878E-2 9.06129E-2 7.67916E-2 6.2604E-2 6.42681E-2 1.47496E-2 3.80325E-2 4.25726E-2 4.0643E-2 6.30308E-2 6.01295E-2
8.91532E-2 1.14252E-1 5.03165E-2 1.40178E-1 7.31138E-2 9.74474E-2 1.18503E-1 1.03881E-1 1.49779E-1 1.84116E-1 1.45011E-1 1.16193E-1 1.13025E-1 9.18229E-2 1.39219E-1 2.59591E-1 2.71012E-1 2.68801E-1 2.35144E-1 2.99665E-1 2.65841E-1 2.9186E-1 3.18316E-1 4.50606E-1 4.71601E-1 5.90317E-1 6.45165E-1 7.41714E-1 6.99783E-1 6.05053E-1 4.52841E-1 3.45424E-1 4.44428E-1 4.38925E-1 4.04298E-1 2.85304E-1 3.5821E-1 2.59008E-1 2.57017E-1 2.06549E-1 7.87852E-2 7.81454E-2 7.13884E-2 8.16519E-2 1.15293E-1 6.4308E-2 6.87227E-2 4.46051E-2 3.74735E-2 4.72285E-2 6.04618E-2 5.73861E-2 5.24441E-2 5.07577E-2 3.63674E-2 1.08597E-2 5.52069E-2 4.20775E-2 5.08349E-2 7.73332E-2
7.78476E-2 1.02857E-1 2.03368E-1 1.13132E-1 9.81809E-2 1.33794E-1 1.52472E-1 1.68778E-1 2.00527E-1 2.0619E-1 1.67781E-1 1.48001E-1 1.3802E-1 1.18936E-1 1.70304E-1 3.306E-1 3.55552E-1 3.20672E-1 2.01377E-1 2.48238E-1 2.47988E-1 3.33534E-1 3.88259E-1 4.73957E-1 4.8026E-1 6.05946E-1 6.70571E-1 7.15932E-1 5.91768E-1 5.08583E-1 3.72952E-1 3.00398E-1 3.38265E-1 3.85018E-1 4.42648E-1 3.03187E-1 3.55643E-1 2.2179E-1 3.10675E-1 2.02007E-1 6.46636E-2 6.69247E-2 7.04188E-2 9.12284E-2 6.74119E-2 2.9463E-2 5.78731E-2 5.85483E-2 4.8508E-2 5.73404E-2 7.26521E-2 6.86827E-2 6.65674E-2 5.43968E-2 3.69397E-2 4.59988E-2 1.52564E-2 1.73493E-2 1.75315E-2 2.88363E-2
6.70761E-2 8.69742E-2 4.40836E-2 2.76833E-2 6.68527E-2 2.085E-1 2.58529E-1 3.05129E-1 3.05067E-1 2.7923E-1 2.33872E-1 2.03787E-1 1.88585E-1 1.40172E-1 1.80698E-1 3.0353E-1 3.09258E-1 1.6701E-1 1.88784E-1 1.86574E-1 2.18615E-1 2.979E-1 4.54042E-1 4.86431E-1 4.58339E-1 5.99939E-1 6.36525E-1 6.599E-1 5.36444E-1 4.69501E-1 3.25576E-1 2.55943E-1 3.11717E-1 4.04477E-1 4.81542E-1 2.2586E-1 3.16202E-1 3.03946E-1 2.8276E-1 2.11599E-1 7.2579E-2 9.98906E-2 1.46441E-1 1.08181E-1 7.14574E-2 4.83451E-2 7.92084E-2 8.63381E-2 6.2866E-2 7.28126E-2 1.01654E-1 9.71532E-2 9.5183E-2 7.31202E-2 4.93052E-2 3.46534E-2 4.64848E-2 2.38966E-2 3.70516E-2 4.83804E-2
8.24815E-2 3.39801E-2 9.27114E-2 6.55287E-2 2.31475E-1 1.45094E-1 2.09595E-1 6.77293E-2 1.38888E-1 2.5915E-1 1.98188E-1 2.01007E-1 1.97734E-1 1.78111E-1 1.97651E-1 2.71567E-1 2.15363E-1 1.80606E-1 1.6431E-1 1.64406E-1 2.44095E-1 4.18233E-1 4.92714E-1 5.06417E-1 4.37151E-1 5.73615E-1 5.89847E-1 5.92553E-1 4.51572E-1 3.78836E-1 2.2616E-1 2.1799E-1 3.11076E-1 4.24201E-1 4.99191E-1 2.30426E-1 3.0575E-1 2.34876E-1 1.96091E-1 1.81086E-1 9.39387E-2 1.17862E-1 1.23952E-1 9.20123E-2 1.10108E-1 1.01448E-1 7.84715E-2 4.67197E-2 6.7676E-2 9.25521E-2 1.17553E-1 1.03818E-1 1.01779E-1 8.32271E-2 6.02081E-2 5.19555E-2 3.77494E-2 1.37048E-2 1.7655E-2 3.00192E-2
8.94464E-2 9.38715E-2 9.21281E-2 8.54288E-2 7.13648E-2 2.4488E-1 1.71748E-1 1.8832E-1 1.62782E-1 1.923E-1 2.14912E-1 2.59783E-1 2.8046E-1 2.22803E-1 2.0874E-1 2.03166E-1 1.30284E-1 1.49742E-1 1.40533E-1 1.82565E-1 2.47594E-1 4.84221E-1 5.18439E-1 5.39771E-1 4.97652E-1 5.02747E-1 4.7843E-1 4.24483E-1 3.55423E-1 2.76145E-1 2.21711E-1 2.02274E-1 3.18573E-1 3.86473E-1 5.23835E-1 3.056E-1 3.38739E-1 2.58979E-1 2.06658E-1 1.82679E-1 9.40774E-2 8.77874E-2 8.45669E-2 2.23832E-1 1.97386E-1 1.49594E-1 1.58191E-1 1.3737E-1 1.24872E-1 1.50163E-1 1.1379E-1 1.4242E-1 1.46742E-1 1.16128E-1 9.93704E-2 2.80709E-2 2.78501E-2 3.32109E-2 4.63336E-2 6.90676E-2
9.81914E-2 1.04982E-1 1.10001E-1 1.13167E-1 2.1478E-1 9.61997E-2 1.5724E-1 2.0589E-1 1.97608E-1 2.21211E-1 2.78662E-1 2.39237E-1 2.11259E-1 1.84788E-1 1.76641E-1 1.664E-1 1.28165E-1 1.51075E-1 1.60995E-1 2.50674E-1 3.45391E-1 5.17825E-1 5.31382E-1 5.75629E-1 5.62186E-1 5.28609E-1 5.07275E-1 3.31258E-1 2.93059E-1 2.72418E-1 2.263E-1 1.96415E-1 2.84736E-1 3.55687E-1 4.92323E-1 4.04221E-1 3.71128E-1 2.34657E-1 2.22651E-1 2.18752E-1 4.44074E-2 1.21953E-1 1.40523E-1 1.86441E-1 2.18079E-1 1.53948E-1 1.46629E-1 1.40635E-1 1.00196E-1 1.0436E-1 1.20732E-1 1.26111E-1 1.31748E-1 1.27883E-1 2.89948E-2 5.50564E-2 3.80867E-2 4.24473E-2 5.94727E-2 8.1999E-2
9.88557E-2 1.06232E-1 9.63117E-2 8.14235E-2 1.23473E-1 1.21914E-1 1.42493E-1 1.16512E-1 2.56366E-1 1.48796E-1 2.3973E-1 2.18389E-1 1.96071E-1 1.70816E-1 1.78353E-1 1.84457E-1 1.52282E-1 1.69124E-1 1.82885E-1 2.86616E-1 4.02456E-1 5.62963E-1 5.74137E-1 6.19734E-1 6.00974E-1 5.60159E-1 4.1755E-1 4.30875E-1 3.41864E-1 2.48645E-1 2.30866E-1 2.07574E-1 2.72698E-1 3.36867E-1 4.14115E-1 4.02171E-1 3.61621E-1 1.84068E-1 2.23724E-1 2.29015E-1 7.36837E-2 8.42328E-2 1.06481E-1 1.52963E-1 1.82632E-1 1.84003E-1 1.3458E-1 1.27703E-1 9.16302E-2 8.68938E-2 1.08927E-1 8.861E-2 7.63514E-2 4.15697E-2 4.29217E-2 2.9727E-2 4.63508E-2 4.59375E-2 6.16847E-2 9.25483E-2
1.12763E-1 1.46976E-1 1.0136E-1 8.22477E-2 1.12034E-1 1.49056E-1 1.56689E-1 1.19476E-1 1.96898E-1 8.58264E-2 1.46934E-1 1.50425E-1 1.36074E-1 1.20833E-1 1.34229E-1 1.46484E-1 1.70481E-1 2.14803E-1 2.04914E-1 3.17228E-1 4.80969E-1 5.99938E-1 5.93451E-1 6.67474E-1 6.4045E-1 6.0796E-1 5.24761E-1 4.11558E-1 3.24415E-1 2.45599E-1 2.44561E-1 2.23333E-1 2.8091E-1 2.9329E-1 3.75175E-1 3.61762E-1 3.08936E-1 1.98992E-1 2.1252E-1 1.16827E-1 6.06249E-2 7.23649E-2 8.63303E-2 1.22262E-1 1.59833E-1 1.52913E-1 1.20835E-1 1.07831E-1 8.74944E-2 7.73757E-2 9.79092E-2 7.08461E-2 5.13017E-2 4.42809E-2 5.51828E-2 4.4431E-2 3.60071E-2 4.20887E-2 5.6689E-2 8.78297E-2
1.53788E-1 2.40698E-1 9.27199E-2 1.85683E-1 1.06827E-1 1.27205E-1 1.11804E-1 8.5762E-2 7.15892E-2 1.13741E-1 2.26659E-1 1.41285E-1 1.42114E-1 1.32634E-1 1.51072E-1 1.55268E-1 2.2174E-1 2.39815E-1 2.21704E-1 3.40592E-1 5.37191E-1 6.09372E-1 6.03622E-1 6.4549E-1 6.42101E-1 5.88504E-1 5.45421E-1 3.94712E-1 3.26058E-1 2.8047E-1 2.94567E-1 2.2132E-1 2.86609E-1 2.89738E-1 5.22556E-1 3.13326E-1 3.09461E-1 2.34318E-1 1.79497E-1 6.75537E-2 4.97995E-2 5.29447E-2 5.5906E-2 9.45976E-2 1.24357E-1 1.23385E-1 9.30522E-2 8.66077E-2 8.00957E-2 7.93249E-2 9.02219E-2 7.62585E-2 6.92002E-2 5.39868E-2 3.98659E-2 3.41305E-2 3.04598E-2 4.09151E-2 7.23655E-2 8.18488E-2
2.0947E-1 1.87472E-1 1.99508E-1 2.33095E-1 1.79835E-1 1.87949E-1 1.62329E-1 1.47123E-1 1.38006E-1 1.42249E-1 2.04738E-1 2.53074E-1 2.0056E-1 1.82624E-1 1.87155E-1 1.90919E-1 2.23612E-1 2.14651E-1 2.24412E-1 2.95927E-1 5.32126E-1 4.73394E-1 5.41963E-1 5.84895E-1 5.18037E-1 3.33804E-1 2.56138E-1 1.50401E-1 1.58766E-1 1.59362E-1 1.64329E-1 1.27453E-1 1.49134E-1 1.4631E-1 3.4995E-1 4.00665E-1 4.44932E-1 3.17578E-1 1.66473E-1 1.46974E-1 2.14495E-1 1.92497E-1 2.12284E-1 2.59669E-1 3.01121E-1 2.02318E-1 1.59208E-1 1.52677E-1 1.58727E-1 1.56456E-1 1.63017E-1 1.34135E-1 1.33793E-1 1.15025E-1 8.26575E-2 6.49934E-2 4.37035E-2 8.60236E-2 6.04725E-2 1.48446E-1
1.75403E-1 1.64663E-1 1.68146E-1 1.06551E-1 1.92468E-1 1.1051E-1 1.15432E-1 9.93369E-2 1.03853E-1 1.07775E-1 2.11857E-1 7.94591E-2 2.76045E-1 1.74907E-1 2.43546E-1 2.27454E-1 2.05345E-1 2.15025E-1 2.53249E-1 3.11459E-1 5.99684E-1 5.06493E-1 5.8383E-1 4.98258E-1 5.35111E-1 3.07867E-1 2.23235E-1 1.87316E-1 1.76061E-1 1.51811E-1 1.08287E-1 1.13164E-1 1.63888E-1 1.82617E-1 2.08898E-1 4.52644E-1 5.16134E-1 3.01374E-1 1.97361E-1 1.80923E-1 1.89488E-1 1.75939E-1 2.1831E-1 2.88709E-1 3.32246E-1 1.8439E-1 2.25353E-1 1.29625E-1 1.60908E-1 1.57767E-1 1.56863E-1 1.34703E-1 1.11895E-1 9.67514E-2 9.58951E-2 7.79581E-2 5.70757E-2 5.07492E-2 1.27988E-1 1.16286E-1
1.70001E-1 1.73685E-1 1.62508E-1 1.0935E-1 7.63673E-2 1.86182E-1 9.78165E-2 9.49653E-2 1.05892E-1 1.00662E-1 1.05187E-1 2.19718E-1 1.0576E-1 1.74745E-1 2.31285E-1 1.60139E-1 1.66881E-1 2.4316E-1 2.60331E-1 3.08491E-1 6.24347E-1 5.08029E-1 4.00077E-1 4.64038E-1 5.39143E-1 3.4958E-1 2.55452E-1 2.19024E-1 2.05977E-1 1.67558E-1 1.24597E-1 1.64596E-1 1.96842E-1 2.31482E-1 2.59901E-1 3.95812E-1 3.99473E-1 2.24501E-1 1.73674E-1 2.01633E-1 2.00119E-1 2.78204E-1 3.11718E-1 3.59169E-1 3.51571E-1 2.23268E-1 2.30379E-1 1.50349E-1 1.70653E-1 1.66121E-1 1.54648E-1 1.15945E-1 8.26471E-2 6.89578E-2 7.71291E-2 7.17039E-2 6.83685E-2 6.68533E-2 7.88736E-2 8.92026E-2
2.34137E-1 2.19251E-1 1.79611E-1 1.58926E-1 1.3584E-1 1.54784E-1 1.74925E-1 8.75008E-2 7.17461E-2 7.11504E-2 8.82439E-2 7.89338E-2 1.61669E-1 1.04367E-1 1.14848E-1 1.05923E-1 1.35214E-1 2.29685E-1 2.71628E-1 3.06089E-1 5.97478E-1 5.16505E-1 5.07833E-1 5.8299E-1 4.29566E-1 2.774E-1 3.26069E-1 2.36826E-1 2.05917E-1 8.30978E-2 1.40701E-1 1.5705E-1 1.72446E-1 2.74876E-1 2.09868E-1 3.00222E-1 3.61229E-1 2.64536E-1 2.01188E-1 2.49065E-1 2.33061E-1 3.12831E-1 3.90687E-1 5.45567E-1 3.86562E-1 2.97645E-1 2.38529E-1 2.69233E-1 2.14861E-1 2.14498E-1 1.67613E-1 9.00555E-2 7.61844E-2 6.3954E-2 7.18039E-2 7.90629E-2 2.79973E-2 3.90676E-2 8.65721E-2 6.42417E-2
3.28389E-1 2.75028E-1 2.11431E-1 1.73393E-1 1.37602E-1 1.49994E-1 1.30894E-1 1.31365E-1 5.64102E-2 6.36436E-2 8.23745E-2 7.08214E-2 1.55955E-1 9.60899E-2 1.12109E-1 1.07979E-1 1.71949E-1 2.54034E-1 2.74984E-1 2.66203E-1 4.92541E-1 5.01502E-1 3.31996E-1 5.21361E-1 5.22755E-1 3.39287E-1 1.97915E-1 2.53411E-1 1.61751E-1 1.61916E-1 1.55527E-1 1.26935E-1 1.79402E-1 1.94485E-1 2.9817E-1 3.17321E-1 4.39547E-1 3.16722E-1 2.54699E-1 2.53573E-1 2.63595E-1 3.55933E-1 3.99647E-1 4.49209E-1 4.78739E-1 3.41295E-1 2.55162E-1 2.91505E-1 2.41747E-1 2.38551E-1 1.76608E-1 9.22411E-2 7.43606E-2 5.71281E-2 7.4522E-2 5.45143E-2 6.47822E-2 6.36252E-2 4.84815E-2 5.44016E-2
