Phytophthora/models/20240430_1147_34/Phytophthora_PA3_RUN2_MAXENT_outputs/Phytophthora_PA3_RUN2.asc
ncols         225
nrows         269
xllcorner     473000.0
yllcorner     4429100.0
cellsize      50.0
NODATA_value  -9999
[rows 108 to 134 of 269, columns 0 to 59 of 225]
-9999 -9999 -9999 -9999 -9999 -9999 -9999 -9999 -9999 -9999 -9999 1.57953E-1 1.3645E-1 2.00003E-1 1.95717E-1 1.62704E-1 1.44832E-1 1.0097E-1 8.43683E-2 9.23544E-2 1.44744E-1 1.99685E-1 1.10054E-1 1.13299E-1 1.38405E-1 1.70448E-1 1.82573E-1 1.69629E-1 1.68954E-1 1.75906E-1 1.19613E-1 9.17617E-2 7.92523E-2 7.79166E-2 8.27069E-2 5.78238E-2 7.63184E-2 7.36237E-2 3.63934E-2 5.9181E-2 4.04708E-2 3.949E-2 4.29445E-2 5.02641E-2 6.54166E-2 7.02104E-2 4.53499E-2 3.06536E-2 3.29537E-2 6.60688E-2 5.10601E-2 5.15705E-2 5.61822E-2 7.25264E-2 6.44898E-2 4.08691E-2 3.96882E-2 7.66179E-2 9.72975E-2 1.00281E-1
-9999 -9999 -9999 -9999 -9999 -9999 -9999 -9999 -9999 -9999 1.33643E-1 1.61044E-1 1.23359E-1 2.13308E-1 2.05981E-1 1.33531E-1 1.02236E-1 7.71902E-2 8.67623E-2 1.01725E-1 1.62889E-1 1.65069E-1 2.79989E-2 2.26278E-1 1.61065E-1 1.66437E-1 1.57489E-1 1.67796E-1 1.83293E-1 1.36531E-1 8.28238E-2 7.98043E-2 9.4304E-2 9.58431E-2 9.96487E-2 7.24875E-2 8.94615E-2 6.54979E-2 3.78184E-2 3.61827E-2 3.18036E-2 2.99716E-2 4.44778E-2 5.20916E-2 8.42508E-2 1.25543E-1 1.02073E-1 5.24124E-2 1.92402E-2 8.27149E-2 5.05323E-2 6.70793E-2 1.1064E-1 8.44576E-2 5.32593E-2 4.26399E-2 4.58727E-2 1.11521E-1 1.04245E-1 7.04893E-2
-9999 -9999 -9999 -9999 -9999 -9999 -9999 -9999 -9999 -9999 1.5159E-1 1.82602E-1 1.97666E-1 2.9049E-1 2.25706E-1 1.29517E-1 8.59166E-2 8.21677E-2 9.42501E-2 1.11381E-1 2.16115E-1 3.51099E-2 1.65444E-1 1.74848E-1 1.68427E-1 1.87477E-1 1.89013E-1 1.82407E-1 1.5071E-1 1.132E-1 9.38401E-2 1.01783E-1 1.16666E-1 1.18673E-1 1.21434E-1 9.5222E-2 8.57425E-2 8.41442E-2 7.14153E-2 7.49743E-2 2.33162E-2 3.24427E-2 2.00154E-2 2.73793E-2 6.13899E-2 1.45798E-1 1.22977E-1 7.9283E-2 5.30321E-2 9.5534E-2 4.6699E-2 7.04676E-2 1.19383E-1 9.69317E-2 6.30389E-2 7.37224E-2 1.0671E-1 1.05797E-1 7.74433E-2 5.83664E-2
-9999 -9999 -9999 -9999 -9999 -9999 -9999 -9999 -9999 5.25071E-1 5.76539E-1 6.12213E-1 5.42739E-1 6.41912E-1 5.27588E-1 3.12386E-1 2.65596E-1 2.84675E-1 3.07561E-1 2.86629E-1 1.05337E-1 9.06881E-2 2.28163E-1 2.05683E-1 1.93743E-1 1.69849E-1 1.55386E-1 1.53971E-1 1.46823E-1 1.6445E-1 3.61662E-1 3.87296E-1 4.14311E-1 4.4302E-1 4.64465E-1 3.20491E-1 4.25307E-1 3.42453E-1 3.08491E-1 2.9642E-1 5.58694E-2 4.14953E-2 7.653E-2 9.47599E-2 5.3984E-2 7.86848E-2 1.52108E-1 1.11807E-1 1.03687E-1 1.28965E-1 1.40177E-1 1.2462E-1 2.37664E-1 2.02574E-1 1.46202E-1 1.3473E-1 1.08939E-1 8.05138E-2 7.05251E-2 6.18256E-2
-9999 -9999 -9999 -9999 -9999 -9999 -9999 -9999 3.51685E-1 5.00856E-1 5.72209E-1 5.2861E-1 6.71663E-1 5.54547E-1 4.45683E-1 2.2304E-1 2.28091E-1 3.48547E-1 3.73552E-1 3.49545E-1 3.68529E-2 2.28275E-1 1.88022E-1 2.09912E-1 2.04714E-1 1.86689E-1 1.86232E-1 1.86021E-1 1.94572E-1 2.23862E-1 4.13865E-1 4.07801E-1 4.28136E-1 2.95628E-1 5.11941E-1 4.90335E-1 4.05943E-1 3.1104E-1 2.9383E-1 2.86584E-1 1.01229E-1 5.44405E-2 7.75182E-2 9.8515E-2 1.11433E-1 1.00842E-1 1.27231E-1 1.10447E-1 8.41185E-2 9.36781E-2 1.51171E-1 1.90053E-1 2.21808E-1 2.00623E-1 2.01914E-1 1.35275E-1 1.14076E-1 7.67654E-2 7.87037E-2 8.17729E-2
-9999 -9999 -9999 -9999 -9999 -9999 -9999 -9999 3.72129E-1 4.65538E-1 5.98946E-1 5.5462E-1 6.26444E-1 4.9077E-1 3.74177E-1 2.15601E-1 2.33225E-1 3.60152E-1 4.06091E-1 2.45682E-2 2.1043E-1 1.51756E-1 1.62636E-1 2.01291E-1 2.21241E-1 2.03842E-1 2.07603E-1 2.215E-1 2.48695E-1 2.44571E-1 4.38261E-1 3.90416E-1 4.23364E-1 3.79269E-1 5.20822E-1 4.7697E-1 4.2708E-1 3.4446E-1 3.2254E-1 2.72946E-1 1.05361E-1 9.91004E-2 1.08148E-1 7.33737E-2 1.10054E-1 1.13495E-1 1.06398E-1 1.16334E-1 1.05292E-1 8.47357E-2 1.86814E-1 1.64294E-1 2.32495E-1 1.94543E-1 2.01238E-1 1.52326E-1 8.75831E-2 8.17966E-2 8.29825E-2 8.86825E-2
-9999 -9999 -9999 -9999 -9999 -9999 -9999 -9999 4.29969E-1 4.76458E-1 4.26393E-1 6.0625E-1 5.42463E-1 3.90683E-1 3.15774E-1 1.88004E-1 2.11542E-1 3.33753E-1 8.66276E-2 2.5118E-1 1.58034E-1 1.52729E-1 1.911E-1 2.60694E-1 1.91917E-1 1.66881E-1 2.18536E-1 1.60109E-1 1.68821E-1 1.91005E-1 4.87506E-1 4.01138E-1 2.79022E-1 3.65605E-1 4.27868E-1 4.24943E-1 3.83766E-1 3.12803E-1 3.32409E-1 3.23169E-1 1.23951E-1 9.95104E-2 1.04198E-1 1.17393E-1 1.35308E-1 7.60238E-2 9.3694E-2 1.04635E-1 1.1852E-1 3.76641E-2 1.80769E-1 2.22834E-1 1.50264E-1 2.04244E-1 2.02267E-1 1.43138E-1 1.03973E-1 8.48917E-2 7.98429E-2 8.49334E-2
-9999 -9999 -9999 -9999 -9999 -9999 -9999 3.55249E-1 4.37753E-1 4.68215E-1 5.72255E-1 5.47835E-1 4.63604E-1 3.12335E-1 2.81877E-1 2.29761E-1 2.33288E-1 1.05157E-1 2.05048E-1 2.53532E-1 1.34611E-1 1.72921E-1 2.27671E-1 1.40878E-1 2.44378E-1 2.14715E-1 2.64791E-1 2.22245E-1 2.22261E-1 2.31326E-1 4.393E-1 4.20318E-1 3.97509E-1 4.26402E-1 4.75972E-1 4.67113E-1 4.43229E-1 3.85874E-1 2.11642E-1 2.26774E-1 9.13674E-2 9.59988E-2 1.22198E-1 1.2829E-1 1.31302E-1 1.08444E-1 1.07921E-1 8.07038E-2 1.22807E-1 7.55538E-2 1.77247E-1 1.85075E-1 1.24433E-1 2.29175E-1 2.38469E-1 1.36297E-1 1.04352E-1 9.41984E-2 9.87053E-2 1.13261E-1
-9999 -9999 -9999 -9999 -9999 -9999 2.1864E-1 1.99389E-1 2.19284E-1 2.13132E-1 4.4136E-1 3.8705E-1 3.15279E-1 1.83665E-1 1.90592E-1 2.94993E-1 2.78678E-1 3.13188E-1 2.83439E-1 3.70947E-1 2.48435E-1 2.99585E-1 2.23943E-1 3.36569E-1 2.60147E-1 2.64483E-1 2.83514E-1 2.55523E-1 2.48761E-1 2.42057E-1 3.31017E-1 2.81624E-1 2.68157E-1 3.56286E-1 3.41899E-1 4.2738E-1 3.68283E-1 3.13701E-1 2.76277E-1 4.16195E-1 5.1811E-1 4.60765E-1 4.14667E-1 4.42681E-1 4.35455E-1 4.47871E-1 4.01843E-1 4.11003E-1 4.3017E-1 3.67122E-1 4.09847E-1 3.62387E-1 4.03853E-1 5.35827E-1 5.16459E-1 4.6116E-1 4.00656E-1 3.37963E-1 3.42577E-1 2.86722E-1
-9999 -9999 -9999 -9999 -9999 -9999 -9999 2.25504E-1 2.54252E-1 3.17011E-1 4.02676E-1 3.39781E-1 2.46486E-1 2.01547E-1 2.02442E-1 2.38859E-1 3.11089E-1 2.68641E-1 3.15502E-1 2.4871E-1 1.74915E-1 2.07234E-1 2.98439E-1 2.79099E-1 2.55783E-1 2.15544E-1 2.37038E-1 2.36913E-1 2.38764E-1 2.03757E-1 2.7115E-1 2.37375E-1 2.52251E-1 3.07727E-1 2.92185E-1 3.98998E-1 2.81603E-1 2.41546E-1 2.60422E-1 3.74568E-1 4.93909E-1 4.59582E-1 4.96394E-1 4.81238E-1 4.3483E-1 3.4697E-1 2.7772E-1 3.5323E-1 1.15927E-1 3.15489E-1 4.34838E-1 3.89099E-1 4.8285E-1 4.53693E-1 5.31406E-1 4.36776E-1 3.21082E-1 2.18325E-1 2.35811E-1 1.95533E-1
-9999 -9999 -9999 -9999 -9999 -9999 -9999 -9999 2.66643E-1 3.06834E-1 3.56851E-1 2.35632E-1 1.77579E-1 1.62361E-1 2.227E-1 2.63342E-1 1.93333E-1 2.08578E-1 2.71789E-1 3.31239E-1 2.44318E-1 2.64371E-1 2.58583E-1 2.14629E-1 2.23923E-1 1.43341E-1 1.80797E-1 1.86811E-1 2.07804E-1 1.6379E-1 2.73964E-1 2.49542E-1 2.95651E-1 2.48773E-1 2.73249E-1 2.73914E-1 2.40703E-1 2.57886E-1 3.29726E-1 4.4198E-1 5.60813E-1 5.08865E-1 3.53977E-1 5.31315E-1 5.32427E-1 4.08923E-1 3.63079E-1 4.91986E-1 1.61663E-1 3.13945E-1 2.96637E-1 2.66683E-1 3.57115E-1 3.64504E-1 4.55664E-1 3.60452E-1 3.11405E-1 2.51185E-1 2.58278E-1 2.64224E-1
-9999 -9999 -9999 -9999 -9999 -9999 -9999 -9999 -9999 2.91317E-1 2.97952E-1 2.01561E-1 1.7942E-1 2.67939E-1 3.34414E-1 2.09803E-1 2.51503E-1 3.14563E-1 3.75235E-1 4.00221E-1 2.51876E-1 2.72316E-1 2.09488E-1 1.64123E-1 1.86696E-1 1.4737E-1 1.54648E-1 1.55967E-1 1.84141E-1 1.76668E-1 2.97967E-1 2.73649E-1 2.05558E-1 2.48628E-1 2.93099E-1 2.48817E-1 2.33163E-1 2.87084E-1 3.64419E-1 3.2509E-1 4.77739E-1 4.83905E-1 5.01964E-1 4.53084E-1 4.44131E-1 3.00276E-1 2.73398E-1 2.94757E-1 1.31801E-1 2.45028E-1 3.10876E-1 3.99262E-1 2.54968E-1 2.73625E-1 2.16065E-1 1.47284E-1 1.02693E-1 2.00115E-1 1.8248E-1 2.167E-1
-9999 -9999 -9999 -9999 -9999 -9999 -9999 -9999 -9999 -9999 2.66341E-1 2.03833E-1 1.96125E-1 2.0412E-1 2.96012E-1 2.1261E-1 2.68726E-1 3.36908E-1 3.71362E-1 3.92485E-1 2.33052E-1 2.14158E-1 1.49076E-1 1.22598E-1 1.26332E-1 1.30462E-1 1.52054E-1 1.4774E-1 1.62338E-1 1.89856E-1 2.21078E-1 2.22796E-1 2.61025E-1 2.8133E-1 2.6247E-1 2.95039E-1 2.6322E-1 3.46663E-1 3.88438E-1 4.07574E-1 5.30759E-1 3.88774E-1 4.4383E-1 3.6086E-1 3.35374E-1 2.31592E-1 3.84075E-1 5.40339E-2 2.16986E-1 3.54817E-1 2.03745E-1 1.9619E-1 1.95814E-1 1.89676E-1 1.87878E-1 1.99782E-1 2.46535E-1 2.40449E-1 3.30618E-1 2.83876E-1
-9999 -9999 -9999 -9999 -9999 -9999 -9999 -9999 -9999 -9999 -9999 2.09085E-1 3.52159E-1 4.65483E-1 3.04565E-1 2.37428E-1 2.07919E-1 2.50363E-1 2.85279E-1 3.48562E-1 4.32816E-1 3.71627E-1 2.84094E-1 2.51031E-1 3.18003E-1 3.569E-1 4.10811E-1 3.25514E-1 3.87716E-1 2.8804E-1 2.27595E-1 3.11024E-1 3.84767E-1 3.20336E-1 3.6029E-1 3.4447E-1 2.97326E-1 3.92628E-1 4.52602E-1 5.95439E-1 5.16894E-1 3.67525E-1 4.47703E-1 3.59023E-1 2.87634E-1 2.44932E-1 3.77869E-2 5.82801E-2 2.1096E-1 1.82563E-1 1.62389E-1 2.03497E-1 2.07566E-1 1.96383E-1 1.88948E-1 2.99818E-1 2.53069E-1 3.24327E-1 3.73181E-1 4.2507E-1
-9999 -9999 -9999 -9999 -9999 -9999 -9999 -9999 -9999 -9999 -9999 -9999 1.79131E-1 4.24962E-1 4.00426E-1 2.77736E-1 2.04128E-1 2.42185E-1 2.75007E-1 3.53709E-1 4.54907E-1 4.09182E-1 3.36043E-1 3.13126E-1 3.39151E-1 3.78564E-1 5.08247E-1 2.6578E-1 3.25322E-1 2.83969E-1 2.92328E-1 3.21694E-1 2.95547E-1 3.49996E-1 3.49201E-1 3.90526E-1 3.35254E-1 4.66732E-1 4.31442E-1 5.77767E-1 4.06028E-1 2.97873E-1 3.71156E-1 2.86526E-1 1.00702E-1 3.64195E-2 5.16646E-2 2.1663E-1 1.92765E-1 2.47152E-1 2.57412E-1 2.90302E-1 3.25921E-1 3.24127E-1 3.63468E-1 2.67245E-1 3.13599E-1 3.44524E-1 3.8781E-1 4.723E-1
-9999 -9999 -9999 -9999 -9999 -9999 -9999 -9999 -9999 -9999 -9999 -9999 4.8363E-1 2.13138E-1 3.92427E-1 2.10849E-1 1.66418E-1 1.99902E-1 2.53354E-1 3.73676E-1 3.6722E-1 4.26667E-1 3.98558E-1 3.72891E-1 3.85258E-1 3.16917E-1 3.71449E-1 1.61076E-1 3.21179E-1 3.61233E-1 2.40903E-1 2.2948E-1 2.7825E-1 3.27024E-1 3.35021E-1 2.78394E-1 4.20542E-1 5.52441E-1 4.45469E-1 4.78067E-1 3.24812E-1 2.5473E-1 3.35112E-1 1.92074E-1 5.43289E-2 6.23443E-2 2.74766E-1 2.27187E-1 2.62874E-1 3.33702E-1 3.53755E-1 3.91061E-1 4.10335E-1 2.24132E-1 2.85732E-1 3.2736E-1 3.34429E-1 3.65265E-1 3.82798E-1 5.30256E-1
-9999 -9999 -9999 -9999 -9999 -9999 -9999 -9999 -9999 -9999 -9999 -9999 -9999 2.25056E-1 2.53406E-1 1.49672E-1 1.25898E-1 1.81779E-1 2.44181E-1 3.32785E-1 3.13186E-1 4.22298E-1 3.71275E-1 3.1614E-1 3.28792E-1 3.46197E-1 5.37578E-1 1.15139E-1 4.35813E-1 1.85801E-1 1.53357E-1 1.64311E-1 1.88949E-1 2.12847E-1 3.044E-1 4.29394E-1 2.71664E-1 3.01661E-1 4.91383E-1 3.59789E-1 2.5189E-1 2.50114E-1 2.4178E-1 2.15828E-2 3.14703E-2 3.07791E-1 1.95266E-1 1.85084E-1 2.6541E-1 3.5694E-1 3.76194E-1 3.73446E-1 4.01165E-1 2.85105E-1 3.10217E-1 2.97308E-1 3.2254E-1 3.15567E-1 4.24708E-1 4.375E-1
-9999 -9999 -9999 -9999 -9999 -9999 -9999 -9999 -9999 -9999 -9999 -9999 -9999 -9999 1.94107E-1 1.34152E-1 1.35172E-1 2.178E-1 2.57114E-1 3.03173E-1 3.75617E-1 3.90548E-1 4.69006E-1 4.38162E-1 3.04259E-1 3.71106E-1 3.25028E-1 2.85007E-1 2.74032E-1 1.66869E-1 1.19078E-1 1.24266E-1 1.72772E-1 2.40628E-1 2.67489E-1 3.92311E-1 4.1472E-1 5.12927E-1 4.50591E-1 2.59525E-1 2.22676E-1 2.24006E-1 1.79743E-2 4.64111E-2 1.92254E-1 1.65136E-1 2.03275E-1 2.77489E-1 3.40845E-1 3.96055E-1 3.92713E-1 4.15063E-1 3.88877E-1 3.47991E-1 3.4019E-1 2.81166E-1 2.9015E-1 2.893E-1 3.51943E-1 3.27464E-1
-9999 -9999 -9999 -9999 -9999 -9999 -9999 -9999 -9999 -9999 -9999 -9999 -9999 -9999 1.89365E-1 1.86533E-1 2.07678E-1 2.82282E-1 2.67627E-1 3.31145E-1 4.73744E-1 5.24663E-1 4.1561E-1 4.93912E-1 5.4868E-1 2.63604E-1 1.87783E-1 2.07047E-1 1.63671E-1 9.95839E-2 6.81123E-2 9.0435E-2 1.54428E-1 1.76112E-1 1.9449E-1 3.19926E-1 3.25598E-1 3.93625E-1 3.70487E-1 1.69446E-1 1.3152E-1 1.81883E-1 1.24194E-1 1.08867E-1 9.36733E-2 9.9979E-2 1.31976E-1 2.19285E-1 2.70196E-1 2.61012E-1 3.71628E-1 3.64382E-1 3.68261E-1 3.53387E-1 3.45316E-1 2.53908E-1 2.36453E-1 2.00196E-1 2.88966E-1 2.9535E-1
-9999 -9999 -9999 -9999 -9999 -9999 -9999 -9999 -9999 -9999 -9999 -9999 -9999 -9999 2.0311E-1 1.95223E-1 2.09545E-1 2.4189E-1 2.31556E-1 3.26672E-1 5.10345E-1 3.89622E-1 5.86081E-1 6.29037E-1 2.71498E-1 1.03575E-1 2.65069E-1 1.92486E-1 1.64119E-1 1.40383E-1 1.16401E-1 1.49167E-1 1.75014E-1 1.78416E-1 2.05234E-1 2.63222E-1 2.62882E-1 3.29331E-1 2.77726E-1 1.53197E-1 2.6654E-1 1.43266E-1 9.78716E-2 9.05585E-2 9.44917E-2 1.24544E-1 1.94645E-1 2.85309E-1 2.72332E-1 3.13801E-1 4.02302E-1 4.00246E-1 2.42915E-1 4.38111E-1 3.53682E-1 2.48335E-1 2.32489E-1 2.09115E-1 2.83694E-1 1.78011E-1
-9999 -9999 -9999 -9999 -9999 -9999 -9999 -9999 -9999 -9999 -9999 -9999 -9999 -9999 1.67597E-1 1.67185E-1 1.84843E-1 2.23591E-1 2.45176E-1 3.38723E-1 3.78559E-1 4.89065E-1 1.62337E-1 5.41917E-1 4.97896E-1 2.81062E-1 2.28453E-1 1.59065E-1 1.45811E-1 1.32514E-1 1.25727E-1 1.34362E-1 1.55314E-1 1.78871E-1 1.50316E-1 2.04876E-1 2.1693E-1 2.52702E-1 2.11249E-1 2.31623E-1 1.18175E-1 9.34009E-2 8.77344E-2 9.13305E-2 1.21201E-1 1.78333E-1 2.52694E-1 2.82733E-1 2.94931E-1 3.47414E-1 4.08556E-1 3.91351E-1 2.2968E-1 4.56506E-1 3.61031E-1 2.43544E-1 1.72608E-1 1.48912E-1 1.72342E-1 6.29544E-2
-9999 -9999 -9999 -9999 -9999 -9999 -9999 -9999 -9999 -9999 -9999 -9999 -9999 3.30207E-1 2.44236E-1 2.04747E-1 2.0291E-1 2.28462E-1 2.56451E-1 2.81646E-1 3.21405E-1 2.84185E-1 3.8652E-1 4.18686E-1 3.5515E-1 1.68756E-1 1.45287E-1 2.42971E-1 1.61205E-1 1.57185E-1 1.33671E-1 1.59168E-1 1.44112E-1 1.41551E-1 1.00271E-1 1.56313E-1 1.95657E-1 5.0723E-2 2.12836E-1 1.29598E-1 1.09981E-1 1.25022E-1 1.53206E-1 1.48285E-1 1.88776E-1 2.26383E-1 2.60881E-1 3.11997E-1 3.44869E-1 4.2262E-1 4.27927E-1 3.4898E-1 4.51893E-1 4.4583E-1 3.47965E-1 2.59013E-1 1.91535E-1 1.64201E-1 1.03649E-1 -9999
-9999 -9999 -9999 -9999 -9999 -9999 -9999 -9999 -9999 -9999 -9999 -9999 2.97167E-1 1.92198E-1 2.46482E-1 1.88227E-1 3.32592E-1 3.77885E-1 2.28923E-1 1.87176E-1 2.57706E-1 3.51575E-1 3.8463E-1 2.00904E-1 2.27906E-1 2.06686E-1 3.36462E-1 1.22233E-1 2.21671E-1 1.63562E-1 1.46345E-1 1.72406E-1 1.38208E-1 1.05363E-1 8.64867E-2 1.07988E-1 1.35336E-1 5.80093E-2 1.44015E-1 1.03763E-1 1.13168E-1 1.54244E-1 1.92782E-1 2.02937E-1 2.22091E-1 2.22167E-1 2.56741E-1 2.97327E-1 3.89449E-1 4.52234E-1 4.36787E-1 2.87226E-1 4.85577E-1 4.13245E-1 3.09844E-1 2.3593E-1 1.77192E-1 1.66393E-1 1.02486E-1 1.11726E-1
-9999 -9999 -9999 -9999 -9999 -9999 -9999 -9999 -9999 -9999 -9999 1.36344E-1 3.35417E-1 1.85059E-1 1.76202E-1 1.55948E-1 2.41331E-1 2.29298E-1 2.59426E-1 1.99504E-1 1.80585E-1 3.94361E-1 4.06626E-1 3.88532E-1 2.54379E-1 3.03097E-1 1.89195E-1 1.38994E-1 2.20714E-1 2.81397E-1 1.23227E-1 2.61482E-1 1.86086E-1 1.60385E-1 1.23546E-1 1.02462E-1 1.65288E-1 1.97426E-1 1.47634E-1 1.68653E-1 2.34115E-1 2.45169E-1 3.12539E-1 2.48242E-1 2.21093E-1 1.42525E-1 1.68853E-1 2.18573E-1 3.39383E-1 3.3428E-1 1.97949E-1 2.77708E-1 3.35824E-1 2.20276E-1 1.5955E-1 1.26246E-1 9.29881E-2 1.16399E-1 1.21249E-1 1.42926E-1
-9999 -9999 -9999 -9999 -9999 -9999 -9999 -9999 -9999 -9999 1.78741E-1 2.10963E-1 1.94686E-1 2.81585E-1 2.48505E-1 2.18632E-1 2.93192E-1 2.19208E-1 2.69552E-1 1.96262E-1 2.24051E-1 4.26005E-1 4.4239E-1 4.57012E-1 2.87988E-1 2.55829E-1 3.72737E-1 1.79083E-1 1.22926E-1 2.22427E-1 2.17614E-1 2.29246E-1 2.64421E-1 2.05692E-1 1.36039E-1 1.37378E-1 1.35449E-1 2.5064E-1 2.28583E-1 2.53418E-1 3.63283E-1 3.78244E-1 3.62402E-1 2.69998E-1 2.2085E-1 1.47282E-1 1.73966E-1 2.53562E-1 3.10914E-1 3.08177E-1 2.4311E-1 3.45909E-1 3.63405E-1 2.24668E-1 1.44287E-1 1.14529E-1 8.15405E-2 9.33926E-2 1.00691E-1 2.30124E-1
-9999 -9999 -9999 -9999 -9999 -9999 -9999 -9999 -9999 -9999 3.18376E-1 1.8674E-1 2.50892E-1 2.00879E-1 3.02234E-1 2.88975E-1 1.81857E-1 1.69079E-1 1.42332E-1 1.83607E-1 2.8679E-1 3.86833E-1 3.44778E-1 3.98408E-1 4.2888E-1 1.35231E-1 1.37378E-1 2.15207E-1 1.80939E-1 1.20063E-1 2.14477E-1 2.79964E-1 7.9453E-2 1.32511E-1 1.30355E-1 1.31239E-1 2.40614E-1 3.20911E-1 3.51925E-1 4.20984E-1 4.29575E-1 4.38136E-1 3.32798E-1 3.01227E-1 2.01001E-1 1.80686E-1 1.86606E-1 2.89108E-1 3.4642E-1 2.86895E-1 1.30847E-1 3.86972E-1 2.84296E-1 2.0484E-1 1.04328E-1 1.13119E-1 1.00077E-1 1.10481E-1 1.46505E-1 2.40279E-1
-9999 -9999 -9999 -9999 -9999 -9999 -9999 -9999 -9999 7.34777E-2 2.90405E-1 1.91194E-1 1.90275E-1 3.4743E-1 2.34327E-1 3.6799E-1 4.32197E-1 2.73293E-1 2.43479E-1 2.44821E-1 4.26403E-1 5.27597E-1 5.8119E-1 5.849E-1 5.02453E-1 3.62208E-1 3.39027E-1 1.88251E-1 1.4821E-1 2.01375E-1 1.2116E-1 2.12493E-1 1.38659E-1 1.11307E-1 8.00285E-2 -9999 2.43422E-1 3.07342E-1 3.85179E-1 4.74966E-1 4.88273E-1 4.49464E-1 3.52275E-1 3.0174E-1 2.69468E-1 2.26245E-1 2.79337E-1 2.99661E-1 2.86038E-1 2.24435E-1 2.77532E-1 3.53591E-1 2.50565E-1 1.87301E-1 1.09825E-1 1.22221E-1 1.06659E-1 9.74702E-2 7.0625E-2 2.54797E-1
