Phytophthora/models/20240429_1921_07/Phytophthora_PA3_RUN6_MAXENT_outputs/Phytophthora_PA3_RUN6.asc
ncols         225
nrows         269
xllcorner     473000.0
yllcorner     4429100.0
cellsize      50.0
NODATA_value  -9999
[rows 135 to 161 of 269, columns 120 to 179 of 225]
1.28524E-1 1.38004E-1 1.97064E-1 2.06533E-1 2.68819E-1 4.92717E-1 5.28702E-1 5.41617E-1 4.72168E-1 5.18266E-1 6.76268E-1 6.43619E-1 6.41516E-1 6.53236E-1 6.56325E-1 -9999 -9999 -9999 -9999 -9999 -9999 -9999 -9999 -9999 -9999 -9999 -9999 -9999 -9999 -9999 -9999 -9999 -9999 -9999 2.55852E-1 3.21222E-1 4.42841E-1 2.6377E-1 2.58568E-1 2.68907E-1 2.22965E-1 2.08982E-1 2.41765E-1 2.69742E-1 2.75919E-1 2.00679E-1 1.75902E-1 8.58506E-2 9.59225E-2 1.05662E-1 1.32427E-1 1.58296E-1 1.5491E-1 1.125E-1 1.79296E-1 2.41478E-1 3.46215E-1 3.45926E-1 3.04943E-1 2.99018E-1
2.45062E-1 2.99667E-1 3.41078E-1 3.50682E-1 3.53113E-1 3.82216E-1 3.98982E-1 4.61275E-1 5.66496E-1 4.47012E-1 3.96408E-1 3.65209E-1 3.91286E-1 3.91282E-1 -9999 -9999 -9999 -9999 -9999 -9999 -9999 -9999 -9999 -9999 -9999 -9999 -9999 -9999 -9999 -9999 -9999 -9999 -9999 -9999 2.7345E-1 4.73692E-1 3.97337E-1 3.51255E-1 3.68209E-1 3.41318E-1 3.17693E-1 3.28956E-1 3.17616E-1 3.46867E-1 4.09193E-1 3.57436E-1 2.86068E-1 2.06011E-1 2.09586E-1 2.19665E-1 2.04182E-1 2.18778E-1 3.12947E-1 1.96952E-1 3.51811E-1 3.52882E-1 3.58741E-1 2.91448E-1 2.76338E-1 2.90166E-1
2.46479E-1 2.59415E-1 2.54075E-1 3.69394E-1 3.52383E-1 3.92888E-1 3.90089E-1 4.27096E-1 5.25889E-1 5.76169E-1 -9999 -9999 -9999 -9999 -9999 -9999 -9999 -9999 -9999 -9999 -9999 -9999 -9999 -9999 -9999 -9999 -9999 -9999 -9999 -9999 -9999 -9999 -9999 -9999 3.72763E-1 3.72838E-1 2.95285E-1 3.37246E-1 5.1715E-1 5.27215E-1 3.59706E-1 3.52717E-1 3.0935E-1 3.1801E-1 4.13769E-1 3.38661E-1 2.82983E-1 2.30442E-1 2.27344E-1 2.35419E-1 2.14456E-1 2.22244E-1 2.90553E-1 2.14632E-1 3.34918E-1 2.84397E-1 2.6718E-1 2.98454E-1 2.74288E-1 2.47235E-1
2.11636E-1 2.41308E-1 3.23837E-1 2.33174E-1 2.61915E-1 3.72438E-1 3.70011E-1 3.89222E-1 4.28385E-1 4.76114E-1 -9999 -9999 -9999 -9999 -9999 -9999 -9999 -9999 -9999 -9999 -9999 -9999 -9999 -9999 -9999 -9999 -9999 -9999 -9999 -9999 -9999 -9999 -9999 -9999 -9999 3.48905E-1 3.39423E-1 3.76261E-1 4.54119E-1 5.26587E-1 4.32359E-1 4.13467E-1 3.36026E-1 3.09825E-1 4.04397E-1 3.14627E-1 2.74306E-1 2.28543E-1 2.42129E-1 2.48575E-1 2.16891E-1 2.09843E-1 2.1922E-1 1.63861E-1 3.03351E-1 2.32212E-1 2.51283E-1 2.92976E-1 2.83494E-1 2.66758E-1
2.13733E-1 2.23781E-1 4.01179E-1 3.4573E-1 3.60278E-1 3.86712E-1 3.68185E-1 3.86546E-1 3.81437E-1 4.50789E-1 5.63191E-1 -9999 -9999 -9999 -9999 -9999 -9999 -9999 -9999 -9999 -9999 -9999 -9999 -9999 -9999 -9999 -9999 -9999 -9999 -9999 -9999 -9999 -9999 -9999 -9999 3.94213E-1 4.58525E-1 4.56841E-1 4.37352E-1 5.28922E-1 4.33554E-1 5.12969E-1 4.72779E-1 3.63271E-1 4.17923E-1 3.24421E-1 2.80742E-1 2.35682E-1 2.54011E-1 2.58403E-1 2.21223E-1 1.98392E-1 2.21247E-1 2.50748E-1 3.01837E-1 2.06157E-1 3.10828E-1 3.49524E-1 2.39245E-1 2.36307E-1
2.1648E-1 2.9229E-1 3.17811E-1 3.41336E-1 2.96297E-1 3.87253E-1 3.64132E-1 3.78831E-1 4.03475E-1 4.2581E-1 -9999 -9999 -9999 -9999 -9999 -9999 -9999 -9999 -9999 -9999 -9999 -9999 -9999 -9999 -9999 -9999 -9999 -9999 -9999 -9999 -9999 -9999 -9999 -9999 -9999 3.41677E-1 3.40521E-1 3.42061E-1 3.61904E-1 4.07885E-1 3.75828E-1 5.17588E-1 5.07068E-1 4.73747E-1 4.22226E-1 3.28148E-1 2.62488E-1 2.39962E-1 2.64741E-1 2.66345E-1 1.22283E-1 2.04146E-1 2.14033E-1 2.32169E-1 2.34966E-1 2.16144E-1 2.96313E-1 3.05197E-1 3.1533E-1 3.73516E-1
3.10311E-1 3.83403E-1 4.2081E-1 3.81178E-1 3.9523E-1 3.36693E-1 3.27206E-1 2.83926E-1 3.38775E-1 2.57928E-1 -9999 -9999 -9999 -9999 -9999 -9999 -9999 -9999 -9999 -9999 -9999 -9999 -9999 -9999 -9999 -9999 -9999 -9999 -9999 -9999 -9999 -9999 -9999 -9999 -9999 -9999 3.52635E-1 3.86493E-1 4.09576E-1 2.83234E-1 3.48163E-1 3.96513E-1 3.733E-1 3.45246E-1 3.2238E-1 3.21957E-1 2.57083E-1 2.48148E-1 2.70873E-1 2.54236E-1 1.12245E-1 1.67481E-1 1.66344E-1 1.57222E-1 1.4852E-1 1.16392E-1 1.22786E-1 1.88918E-1 2.78966E-1 2.99224E-1
3.04627E-1 3.99493E-1 3.8247E-1 3.02083E-1 3.78489E-1 3.35651E-1 3.40905E-1 2.67505E-1 1.95269E-1 -9999 -9999 -9999 -9999 -9999 -9999 -9999 -9999 -9999 -9999 -9999 -9999 -9999 -9999 -9999 -9999 -9999 -9999 -9999 -9999 -9999 -9999 -9999 -9999 -9999 -9999 -9999 3.67428E-1 2.21722E-1 4.05398E-1 3.87534E-1 2.95663E-1 3.72909E-1 3.4937E-1 3.26977E-1 3.04695E-1 3.2334E-1 2.46735E-1 2.38453E-1 2.68493E-1 2.55021E-1 1.64393E-1 1.711E-1 1.67429E-1 1.50233E-1 1.46951E-1 1.24015E-1 1.45101E-1 1.77063E-1 2.15011E-1 2.70107E-1
3.32194E-1 4.61389E-1 4.31778E-1 2.63142E-1 3.59577E-1 3.17716E-1 4.08511E-1 2.94835E-1 -9999 -9999 -9999 -9999 -9999 -9999 -9999 -9999 -9999 2.27863E-1 2.49159E-1 2.56134E-1 4.69499E-1 3.46969E-1 1.95088E-1 2.71559E-1 3.21787E-1 3.96178E-1 -9999 -9999 -9999 -9999 -9999 -9999 -9999 -9999 -9999 -9999 3.36294E-1 3.96235E-1 3.97593E-1 3.67037E-1 2.47987E-1 3.09361E-1 3.24872E-1 3.02842E-1 2.77628E-1 3.20974E-1 2.29822E-1 2.25514E-1 2.54192E-1 2.7607E-1 2.06723E-1 1.83676E-1 1.78926E-1 1.66323E-1 1.62164E-1 8.03218E-2 1.77872E-1 2.29034E-1 2.36836E-1 2.87104E-1
3.93006E-1 3.86055E-1 3.8244E-1 3.75725E-1 2.70242E-1 1.68739E-1 -9999 -9999 -9999 -9999 -9999 -9999 -9999 -9999 -9999 -9999 3.17409E-1 2.49134E-1 2.70011E-1 2.90059E-1 4.23974E-1 2.13192E-1 3.31572E-1 3.33875E-1 3.58864E-1 4.25425E-1 -9999 -9999 -9999 -9999 -9999 -9999 -9999 -9999 -9999 -9999 2.89226E-1 3.75072E-1 3.77424E-1 3.2662E-1 2.06681E-1 2.15185E-1 2.54218E-1 2.79717E-1 2.40419E-1 3.16057E-1 2.07473E-1 2.1461E-1 2.39592E-1 2.58991E-1 2.50899E-1 2.07062E-1 1.23079E-1 1.8217E-1 6.55078E-2 2.26877E-1 1.95899E-1 1.73503E-1 2.15878E-1 2.78027E-1
3.97717E-1 3.41888E-1 3.90972E-1 4.05392E-1 3.60897E-1 -9999 -9999 -9999 -9999 -9999 -9999 -9999 -9999 -9999 -9999 -9999 -9999 2.95415E-1 3.00348E-1 3.18042E-1 3.70124E-1 1.5267E-1 3.76041E-1 3.95491E-1 3.99818E-1 4.44799E-1 -9999 -9999 -9999 -9999 -9999 -9999 -9999 -9999 -9999 -9999 2.51634E-1 3.65743E-1 3.6563E-1 3.13408E-1 1.92518E-1 1.77124E-1 1.69394E-1 1.78032E-1 1.98523E-1 3.0685E-1 2.04051E-1 2.03014E-1 2.26652E-1 2.24188E-1 2.52351E-1 2.66521E-1 3.2484E-1 1.19419E-1 3.35355E-1 3.15008E-1 2.25703E-1 1.93505E-1 1.94922E-1 2.36247E-1
3.64652E-1 3.40545E-1 3.73094E-1 -9999 -9999 -9999 -9999 -9999 -9999 -9999 -9999 -9999 -9999 -9999 -9999 -9999 -9999 3.41071E-1 3.51878E-1 3.64449E-1 3.78935E-1 3.37218E-1 -9999 -9999 -9999 -9999 -9999 -9999 -9999 -9999 -9999 -9999 -9999 -9999 -9999 -9999 6.72916E-1 6.67631E-1 6.69797E-1 5.36913E-1 2.21212E-1 1.96292E-1 1.89124E-1 1.66673E-1 1.18621E-1 2.88365E-1 1.75032E-1 1.87558E-1 2.16979E-1 2.17123E-1 2.58241E-1 2.84289E-1 3.07201E-1 1.9706E-1 2.8303E-1 1.46015E-1 1.22061E-1 9.77057E-2 9.22893E-2 1.21167E-1
3.51991E-1 2.96021E-1 3.35436E-1 -9999 -9999 -9999 -9999 -9999 -9999 -9999 -9999 -9999 -9999 -9999 -9999 -9999 -9999 3.86994E-1 3.97702E-1 3.99599E-1 5.03311E-1 3.71324E-1 -9999 -9999 -9999 -9999 -9999 -9999 -9999 -9999 -9999 -9999 -9999 -9999 -9999 -9999 -9999 6.68906E-1 7.7659E-1 6.45544E-1 2.91957E-1 2.65046E-1 2.12977E-1 1.9819E-1 7.73309E-2 2.82777E-1 1.51688E-1 2.07791E-1 1.56166E-1 1.29963E-1 5.54007E-2 1.44259E-1 9.46648E-2 9.53575E-2 5.39714E-2 9.42832E-2 1.05894E-1 8.55799E-2 6.73844E-2 7.80514E-2
1.53082E-1 2.57197E-1 2.56105E-1 2.88636E-1 -9999 -9999 -9999 -9999 -9999 -9999 -9999 -9999 -9999 -9999 -9999 -9999 3.66667E-1 4.24359E-1 4.39555E-1 4.39289E-1 5.57053E-1 4.74477E-1 4.79075E-1 5.3213E-1 -9999 -9999 -9999 -9999 -9999 -9999 -9999 -9999 -9999 -9999 -9999 -9999 -9999 7.04837E-1 7.77003E-1 7.04804E-1 3.78195E-1 1.92108E-1 1.67459E-1 2.64688E-1 1.37631E-1 2.99966E-1 1.68835E-1 1.21486E-1 1.98476E-1 9.81409E-2 6.29277E-2 8.6492E-2 7.34842E-2 8.68509E-2 9.33594E-2 7.90804E-2 1.03459E-1 1.13033E-1 1.14871E-1 1.30654E-1
9.71179E-2 3.23059E-1 2.55834E-1 3.04374E-1 2.68625E-1 -9999 -9999 -9999 -9999 -9999 -9999 -9999 -9999 -9999 -9999 4.55582E-1 4.27763E-1 4.61315E-1 4.826E-1 4.91625E-1 5.64718E-1 6.3228E-1 5.91667E-1 -9999 -9999 -9999 -9999 5.47382E-1 5.29151E-1 5.53815E-1 -9999 -9999 -9999 -9999 -9999 -9999 -9999 6.82214E-1 5.8205E-1 6.12459E-1 3.24131E-1 3.61357E-1 3.56625E-1 3.31072E-1 2.24722E-1 2.99652E-1 2.74256E-1 2.81507E-1 1.46775E-1 1.05277E-1 9.64769E-2 1.13251E-1 1.54402E-1 1.52426E-1 1.59901E-1 1.2228E-1 1.41787E-1 1.51415E-1 1.30774E-1 1.38197E-1
1.41965E-1 3.87687E-1 2.50749E-1 2.82348E-1 2.66183E-1 3.09647E-1 3.20482E-1 4.22166E-1 3.12422E-1 -9999 2.05214E-1 1.51832E-1 1.45534E-1 1.05965E-1 2.02288E-1 4.22537E-1 4.1528E-1 5.17169E-1 5.52932E-1 5.89897E-1 6.22154E-1 3.61196E-1 6.61573E-1 -9999 -9999 -9999 4.54266E-1 5.42477E-1 5.47203E-1 5.95325E-1 7.18688E-1 7.00814E-1 6.91571E-1 -9999 -9999 -9999 6.5295E-1 6.19213E-1 6.52964E-1 4.58992E-1 2.61275E-1 2.57496E-1 2.53789E-1 2.58409E-1 3.33367E-1 3.39977E-1 2.11965E-1 1.01126E-1 1.69796E-1 1.6515E-1 1.81103E-1 2.09147E-1 1.97732E-1 1.91757E-1 2.12484E-1 1.56254E-1 1.67665E-1 1.51293E-1 1.37434E-1 1.50756E-1
4.61697E-1 2.54837E-1 4.64668E-1 4.50983E-1 4.1663E-1 3.63453E-1 3.34954E-1 3.42016E-1 3.93666E-1 4.69321E-1 5.82978E-1 2.62195E-1 2.05727E-1 2.63447E-1 4.39783E-1 3.27498E-1 3.91366E-1 4.54871E-1 4.88923E-1 5.1466E-1 3.79806E-1 5.29092E-1 5.55053E-1 5.5895E-1 5.85952E-1 5.13373E-1 5.78328E-1 6.04445E-1 5.81602E-1 5.77262E-1 6.16005E-1 6.33335E-1 5.95145E-1 5.68398E-1 5.09274E-1 3.3861E-1 3.09809E-1 3.26364E-1 3.34846E-1 3.43104E-1 1.88123E-1 3.63035E-1 3.89283E-1 3.96658E-1 3.75572E-1 1.76477E-1 1.79039E-1 1.98503E-1 1.34687E-1 1.59541E-1 1.34393E-1 1.47968E-1 1.64833E-1 1.51183E-1 1.5726E-1 1.59422E-1 1.67845E-1 1.43633E-1 1.38674E-1 2.07947E-1
4.55852E-1 3.60199E-1 2.59627E-1 5.61468E-1 4.28469E-1 3.78852E-1 3.36832E-1 3.67117E-1 4.34612E-1 4.63351E-1 4.20075E-1 5.47056E-1 4.80334E-1 3.51751E-1 3.35908E-1 3.17879E-1 3.64203E-1 3.95626E-1 4.42167E-1 4.77451E-1 5.08439E-1 5.33926E-1 5.47734E-1 3.51889E-1 5.82219E-1 5.2802E-1 5.66824E-1 6.15354E-1 6.11098E-1 5.48126E-1 6.37995E-1 6.20688E-1 6.08672E-1 6.19259E-1 5.34095E-1 2.13184E-1 3.35514E-1 2.88716E-1 3.10081E-1 3.27022E-1 3.11802E-1 3.29515E-1 3.42166E-1 3.16113E-1 2.80983E-1 1.66906E-1 1.69957E-1 1.07294E-1 1.37911E-1 1.65146E-1 1.39402E-1 1.49046E-1 1.6629E-1 1.53387E-1 1.45659E-1 1.08392E-1 1.79487E-1 1.5006E-1 2.26059E-1 2.29912E-1
5.42843E-1 5.06952E-1 4.35397E-1 4.31833E-1 5.32271E-1 4.14227E-1 3.75635E-1 4.04614E-1 4.31709E-1 4.27623E-1 3.52039E-1 3.90489E-1 3.44404E-1 3.08148E-1 3.2799E-1 3.06614E-1 3.5429E-1 3.92118E-1 4.38778E-1 4.64826E-1 4.6487E-1 4.70719E-1 5.33845E-1 3.8095E-1 4.16465E-1 2.72273E-1 3.69492E-1 6.39305E-1 6.06916E-1 5.22887E-1 6.28438E-1 5.93063E-1 6.21771E-1 6.24642E-1 5.41866E-1 2.15378E-1 1.103E-1 3.47967E-1 2.91874E-1 3.10307E-1 3.04763E-1 3.23189E-1 3.29668E-1 3.25337E-1 2.80289E-1 2.49889E-1 2.78716E-1 1.35355E-1 1.63117E-1 1.70063E-1 1.38215E-1 1.57667E-1 1.67041E-1 1.50341E-1 1.46458E-1 1.35281E-1 2.12539E-1 1.7256E-1 2.62912E-1 1.54954E-1
5.84194E-1 5.09092E-1 5.16837E-1 6.01678E-1 5.37652E-1 4.59869E-1 4.33662E-1 4.37557E-1 4.52945E-1 4.51198E-1 3.99099E-1 4.00891E-1 3.78479E-1 3.46602E-1 3.33939E-1 2.89788E-1 3.11883E-1 3.35972E-1 3.76937E-1 4.01119E-1 4.05175E-1 4.22957E-1 4.39758E-1 3.72743E-1 4.15639E-1 5.67572E-1 6.50962E-1 6.31884E-1 6.1179E-1 5.27904E-1 6.42568E-1 6.30888E-1 6.49891E-1 6.35702E-1 5.3774E-1 3.05318E-1 3.57874E-1 3.47999E-1 2.6982E-1 2.85819E-1 2.91411E-1 3.00382E-1 3.10235E-1 3.2411E-1 3.01272E-1 2.35572E-1 1.65749E-1 1.72038E-1 1.72473E-1 1.72412E-1 1.44038E-1 1.56448E-1 1.63898E-1 1.53527E-1 1.53857E-1 1.70474E-1 2.19582E-1 2.95305E-1 2.70235E-1 1.43061E-1
5.92766E-1 5.89914E-1 5.11061E-1 5.67896E-1 4.07168E-1 4.89321E-1 4.55662E-1 4.32743E-1 4.37551E-1 4.14712E-1 3.3881E-1 4.03811E-1 4.0683E-1 3.71706E-1 3.4572E-1 2.61597E-1 2.74632E-1 2.70957E-1 2.90658E-1 3.28227E-1 3.46901E-1 3.74581E-1 3.75055E-1 3.69679E-1 3.87283E-1 4.61957E-1 4.53272E-1 4.60838E-1 2.86352E-1 5.46066E-1 6.48217E-1 6.48071E-1 6.56483E-1 6.45257E-1 5.39961E-1 3.19965E-1 3.10349E-1 3.26917E-1 2.78448E-1 2.58331E-1 2.66836E-1 2.93116E-1 2.06643E-1 3.2519E-1 2.96377E-1 2.00642E-1 1.92353E-1 1.81925E-1 1.62504E-1 1.63073E-1 1.39151E-1 1.48708E-1 1.60389E-1 1.5753E-1 1.52181E-1 1.6658E-1 1.80496E-1 2.93337E-1 2.43735E-1 1.52969E-1
3.49231E-1 3.44714E-1 3.36199E-1 3.27229E-1 3.30263E-1 2.79392E-1 4.11399E-1 3.50646E-1 3.72233E-1 3.85242E-1 3.65792E-1 3.72379E-1 3.40511E-1 3.10942E-1 2.68822E-1 2.28119E-1 2.35721E-1 2.57614E-1 2.71831E-1 2.95673E-1 3.11412E-1 2.35114E-1 3.47788E-1 3.33389E-1 3.28708E-1 2.59571E-1 2.25696E-1 2.09136E-1 1.55464E-1 3.32254E-1 3.73344E-1 3.58129E-1 3.5912E-1 3.51685E-1 3.13569E-1 2.61569E-1 2.55132E-1 2.47686E-1 2.50775E-1 2.2648E-1 2.9348E-1 3.27533E-1 3.50215E-1 3.7513E-1 3.58447E-1 4.20029E-2 1.19332E-1 1.1478E-1 9.73106E-2 1.09858E-1 1.75863E-1 1.91982E-1 2.0758E-1 1.95159E-1 1.33411E-1 1.93851E-1 2.20684E-1 3.36984E-1 3.14576E-1 1.77789E-1
3.51993E-1 2.78455E-1 2.74286E-1 3.46108E-1 3.30162E-1 3.79466E-1 3.58757E-1 3.68221E-1 3.76657E-1 3.76408E-1 3.48741E-1 3.3516E-1 3.18986E-1 3.05265E-1 2.64854E-1 2.20196E-1 2.41694E-1 2.72601E-1 2.97858E-1 3.10206E-1 3.1679E-1 2.74192E-1 3.49071E-1 3.374E-1 3.10566E-1 2.44359E-1 2.34385E-1 2.32366E-1 1.04978E-1 3.88432E-1 3.91737E-1 3.51142E-1 3.68676E-1 3.48029E-1 3.24924E-1 2.80289E-1 1.772E-1 2.47112E-1 2.37212E-1 2.39791E-1 3.01743E-1 3.42816E-1 3.62882E-1 3.7517E-1 3.47823E-1 1.19351E-1 7.02737E-2 1.19237E-1 9.5159E-2 9.97356E-2 1.66033E-1 1.99089E-1 1.93477E-1 1.87002E-1 1.19418E-1 1.82614E-1 1.93932E-1 3.37571E-1 1.61719E-1 1.48418E-1
4.24636E-1 5.12627E-1 4.8053E-1 3.45339E-1 3.11195E-1 3.34735E-1 3.93625E-1 3.66399E-1 4.07248E-1 2.5618E-1 3.60097E-1 3.50508E-1 3.24863E-1 3.22924E-1 3.1095E-1 2.72016E-1 2.80208E-1 3.0929E-1 3.3862E-1 3.3235E-1 3.22948E-1 2.33138E-1 3.68147E-1 3.81052E-1 4.01122E-1 3.10039E-1 2.79039E-1 2.80349E-1 4.22713E-1 2.28826E-1 2.95972E-1 3.61556E-1 3.58035E-1 4.05621E-1 3.83659E-1 2.91459E-1 2.53967E-1 2.60881E-1 2.21997E-1 2.36191E-1 3.13173E-1 3.58661E-1 3.84439E-1 3.13862E-1 3.33439E-1 1.39422E-1 4.19995E-2 1.07248E-1 9.16575E-2 9.36782E-2 2.02061E-1 2.42147E-1 1.92394E-1 1.9131E-1 1.84457E-1 1.85073E-1 1.98378E-1 3.33666E-1 2.34973E-1 1.60995E-1
5.10885E-1 4.22152E-1 2.34008E-1 2.42776E-1 2.10148E-1 2.42001E-1 3.55676E-1 3.6384E-1 3.47098E-1 3.85347E-1 3.51904E-1 3.4421E-1 3.20956E-1 3.06082E-1 3.1398E-1 3.27712E-1 3.13449E-1 3.43424E-1 3.83354E-1 3.57694E-1 3.28599E-1 3.2382E-1 3.53412E-1 3.82558E-1 4.44343E-1 4.3027E-1 4.22094E-1 3.4765E-1 3.09637E-1 3.13424E-1 4.19559E-1 4.30559E-1 4.30313E-1 3.49622E-1 2.63769E-1 2.19063E-1 2.28758E-1 2.30535E-1 1.9819E-1 2.0921E-1 2.93101E-1 3.48902E-1 3.74804E-1 2.4087E-1 3.48939E-1 1.57366E-1 1.56114E-2 4.38269E-2 8.24637E-2 9.96595E-2 2.86966E-1 2.33845E-1 1.95475E-1 1.93202E-1 1.86653E-1 1.84883E-1 1.88839E-1 2.46828E-1 1.7064E-1 1.05957E-1
3.32285E-1 2.38936E-1 1.96213E-1 1.86436E-1 1.51343E-1 1.83167E-1 2.57865E-1 4.47955E-1 4.08039E-1 3.85185E-1 3.64717E-1 3.68212E-1 3.56073E-1 3.63763E-1 3.71293E-1 4.12178E-1 3.91864E-1 3.79439E-1 4.21894E-1 3.80829E-1 3.41015E-1 3.25482E-1 3.15878E-1 3.1007E-1 3.29361E-1 2.13115E-1 4.30132E-1 3.14775E-1 3.18893E-1 4.01856E-1 4.62311E-1 3.68887E-1 2.46381E-1 2.07273E-1 1.69257E-1 1.25751E-1 2.03316E-1 1.89251E-1 1.86381E-1 1.85555E-1 2.74873E-1 3.1902E-1 3.73427E-1 3.91182E-1 2.44388E-1 1.54064E-1 2.13207E-2 1.29254E-1 1.1228E-1 1.26757E-1 1.54579E-1 3.34022E-1 2.0536E-1 2.005E-1 1.83973E-1 1.86212E-1 1.80053E-1 1.48817E-1 1.38623E-1 1.07902E-1
2.73189E-1 1.75222E-1 1.25493E-1 1.10892E-1 8.54181E-2 2.3755E-1 3.38542E-1 3.52692E-1 3.13508E-1 3.47202E-1 3.40713E-1 3.59211E-1 3.44486E-1 3.58857E-1 3.7006E-1 4.66796E-1 5.02867E-1 4.24205E-1 4.49792E-1 2.5259E-1 1.85732E-1 2.35876E-1 2.33441E-1 2.38387E-1 2.49985E-1 8.84576E-2 2.41072E-1 2.92945E-1 2.11571E-1 3.60637E-1 2.37784E-1 1.44989E-1 9.72808E-2 7.88825E-2 7.75339E-2 1.14847E-1 2.37334E-1 2.04539E-1 1.98372E-1 1.75101E-1 1.77458E-1 2.1977E-1 2.64477E-1 2.982E-1 2.95371E-1 1.9193E-1 4.18643E-2 1.31422E-1 1.18274E-1 1.28485E-1 1.95121E-1 2.29965E-1 3.41989E-1 1.96692E-1 1.82946E-1 1.99265E-1 2.20258E-1 1.42241E-1 1.2054E-1 1.06287E-1
