Phytophthora/models/20240429_1921_07/Phytophthora_PA3_RUN6_MAXENT_outputs/Phytophthora_PA3_RUN6.asc
ncols         225
nrows         269
xllcorner     473000.0
yllcorner     4429100.0
cellsize      50.0
NODATA_value  -9999
[rows 162 to 188 of 269, columns 0 to 59 of 225]
-9999 -9999 -9999 -9999 -9999 -9999 -9999 -9999 3.37412E-1 5.70582E-1 6.25118E-1 6.37152E-1 6.54263E-1 7.14101E-1 7.2228E-1 7.40733E-1 7.95594E-1 7.95283E-1 7.56416E-1 7.10426E-1 5.88336E-1 5.2358E-1 4.85846E-1 5.30978E-1 5.79048E-1 5.94239E-1 6.97849E-1 5.38285E-1 5.90292E-1 5.95635E-1 2.72957E-1 4.56524E-1 4.37444E-1 3.93534E-1 5.01818E-1 5.05275E-1 4.95591E-1 5.32001E-1 5.91494E-1 5.257E-1 5.91784E-1 4.96715E-1 4.30045E-1 4.02782E-1 4.59203E-1 5.02255E-1 4.90628E-1 4.88969E-1 4.83995E-1 4.23565E-1 4.21412E-1 4.80883E-1 5.55503E-1 6.96503E-1 4.74036E-1 4.90469E-1 4.33052E-1 5.01465E-1 4.95078E-1 5.81479E-1
-9999 -9999 -9999 -9999 -9999 -9999 -9999 3.26774E-1 3.47722E-1 2.49164E-1 5.14631E-1 4.79822E-1 5.59598E-1 7.13948E-1 7.45097E-1 7.91826E-1 6.6272E-1 6.85824E-1 7.27662E-1 6.39755E-1 5.90358E-1 5.46597E-1 5.16098E-1 5.38449E-1 5.94241E-1 6.22075E-1 7.18667E-1 6.63564E-1 5.82272E-1 5.14456E-1 6.53778E-1 6.80169E-1 6.72783E-1 6.52009E-1 5.83118E-1 4.37142E-1 5.48802E-1 5.9958E-1 5.6087E-1 5.56472E-1 5.9911E-1 4.87601E-1 4.36318E-1 4.29274E-1 4.97822E-1 5.40678E-1 5.13536E-1 4.91428E-1 4.52455E-1 4.23196E-1 4.28006E-1 4.62628E-1 5.18124E-1 5.6315E-1 5.39919E-1 3.80955E-1 4.74041E-1 4.56491E-1 6.29713E-1 2.60809E-1
-9999 -9999 -9999 -9999 -9999 -9999 -9999 3.07101E-1 3.42314E-1 2.73252E-1 2.4224E-1 4.51368E-1 5.19295E-1 6.10763E-1 7.41614E-1 7.96301E-1 6.0483E-1 7.98328E-1 5.38269E-1 6.42466E-1 5.98927E-1 5.68394E-1 5.33148E-1 5.2716E-1 5.83597E-1 5.90053E-1 7.04003E-1 7.15691E-1 5.85035E-1 4.10043E-1 4.93167E-1 4.90831E-1 5.26162E-1 5.18793E-1 5.75842E-1 6.14414E-1 4.64435E-1 5.90566E-1 6.13951E-1 6.18329E-1 6.39245E-1 5.01283E-1 4.83432E-1 4.6581E-1 5.49584E-1 5.61854E-1 5.32089E-1 4.98591E-1 4.78076E-1 4.63476E-1 4.3057E-1 4.74389E-1 5.67934E-1 6.55803E-1 4.53856E-1 5.00696E-1 4.90195E-1 2.25984E-1 4.26478E-1 3.1062E-1
-9999 -9999 -9999 -9999 -9999 -9999 1.45484E-1 1.19686E-1 1.17796E-1 1.89519E-1 3.11191E-1 4.34565E-1 4.60966E-1 5.57968E-1 7.26639E-1 6.37696E-1 7.79912E-1 6.51178E-1 5.34501E-1 6.70205E-1 6.19089E-1 5.87384E-1 5.46885E-1 5.15754E-1 5.68973E-1 5.66902E-1 6.87596E-1 7.05974E-1 5.35549E-1 6.77207E-1 3.64651E-1 3.11475E-1 3.13965E-1 2.8728E-1 4.46108E-1 5.10455E-1 5.40569E-1 4.63046E-1 6.03772E-1 5.9462E-1 6.10399E-1 5.09706E-1 5.35271E-1 4.95315E-1 5.50408E-1 3.76944E-1 5.42191E-1 5.18582E-1 4.76981E-1 4.45678E-1 4.34832E-1 4.92752E-1 4.98074E-1 6.05733E-1 4.80011E-1 3.05403E-1 4.36881E-1 2.97567E-1 2.27612E-1 1.47794E-1
-9999 -9999 -9999 -9999 -9999 2.33544E-1 1.9361E-1 1.74319E-1 2.3124E-1 3.77389E-1 4.7508E-1 4.69457E-1 5.05464E-1 5.46834E-1 6.90664E-1 7.1986E-1 5.11864E-1 4.90208E-1 5.17282E-1 5.00421E-1 5.44478E-1 5.18022E-1 4.83147E-1 4.44027E-1 4.6961E-1 4.51018E-1 5.07103E-1 4.52081E-1 5.77854E-1 2.20714E-1 2.71427E-1 3.05596E-1 3.55839E-1 4.25747E-1 4.88764E-1 5.30366E-1 5.31548E-1 5.11066E-1 6.75092E-1 6.78149E-1 6.94777E-1 5.40755E-1 5.87799E-1 5.47805E-1 5.13511E-1 5.72613E-1 5.49748E-1 5.27621E-1 4.8032E-1 4.36769E-1 4.2125E-1 5.08257E-1 4.30413E-1 4.38112E-1 4.02307E-1 3.09103E-1 3.73562E-1 2.04506E-1 2.25148E-1 1.61083E-1
-9999 -9999 -9999 -9999 -9999 2.18321E-1 2.10018E-1 3.31207E-1 3.93388E-1 4.27122E-1 5.26892E-1 5.02447E-1 4.89927E-1 3.86838E-1 5.53676E-1 4.19537E-1 4.88095E-1 5.17487E-1 5.03992E-1 4.83229E-1 5.62132E-1 4.51817E-1 4.88117E-1 4.22775E-1 4.43908E-1 3.88134E-1 4.28413E-1 3.99204E-1 3.46295E-1 3.14211E-1 3.67167E-1 4.24159E-1 4.40686E-1 5.32737E-1 5.85964E-1 5.58528E-1 5.46718E-1 5.95235E-1 6.72721E-1 6.71549E-1 6.2322E-1 5.59912E-1 5.72504E-1 5.43997E-1 5.55672E-1 5.67934E-1 5.51233E-1 5.02489E-1 4.99979E-1 5.05453E-1 5.03898E-1 4.45656E-1 1.66222E-1 2.77743E-1 3.9536E-1 1.40876E-1 2.67738E-1 2.38787E-1 2.46133E-1 2.31552E-1
-9999 -9999 -9999 -9999 -9999 2.58566E-1 3.71167E-1 3.98837E-1 4.30205E-1 4.80101E-1 5.60955E-1 5.4582E-1 5.40899E-1 5.78095E-1 5.18073E-1 5.06747E-1 5.30688E-1 5.37668E-1 5.20083E-1 5.19352E-1 4.41778E-1 3.84027E-1 5.02615E-1 3.86795E-1 4.7237E-1 3.57497E-1 2.60826E-1 4.98155E-1 3.89335E-1 3.84191E-1 4.25582E-1 4.86813E-1 5.65914E-1 6.18738E-1 5.97183E-1 4.98843E-1 5.91069E-1 6.75235E-1 6.68043E-1 5.98708E-1 5.36109E-1 5.47819E-1 5.72276E-1 5.40677E-1 5.40705E-1 5.60603E-1 5.3619E-1 5.05241E-1 4.52251E-1 4.23433E-1 3.49908E-1 3.27546E-1 3.89494E-1 4.24971E-1 3.96621E-1 2.38366E-1 4.01559E-1 4.24217E-1 3.72892E-1 3.095E-1
-9999 -9999 -9999 -9999 -9999 3.62564E-1 4.02981E-1 4.36425E-1 4.82306E-1 5.22301E-1 6.00636E-1 5.8747E-1 4.33983E-1 5.74686E-1 5.47637E-1 5.14688E-1 5.06019E-1 5.05263E-1 4.86591E-1 4.56673E-1 4.17303E-1 4.17157E-1 4.2503E-1 2.81583E-1 3.36697E-1 1.40154E-1 5.56269E-1 4.20538E-1 4.40121E-1 5.0785E-1 5.63118E-1 6.49817E-1 6.61825E-1 6.70495E-1 4.80034E-1 5.3227E-1 6.74683E-1 6.62448E-1 6.55438E-1 4.94978E-1 4.66031E-1 4.9854E-1 4.83724E-1 4.89671E-1 5.1949E-1 5.54181E-1 4.97647E-1 4.41958E-1 4.40621E-1 3.97056E-1 3.46377E-1 3.43108E-1 3.47986E-1 3.56206E-1 3.52988E-1 3.58624E-1 3.66253E-1 3.81263E-1 3.99922E-1 3.79991E-1
-9999 -9999 -9999 -9999 1.36645E-2 4.00903E-1 4.39766E-1 4.61542E-1 5.09346E-1 5.46209E-1 6.27848E-1 6.1074E-1 3.57145E-1 6.06661E-1 5.78119E-1 5.37783E-1 4.65506E-1 4.47861E-1 4.63479E-1 4.34465E-1 3.9223E-1 3.6343E-1 3.41694E-1 3.41083E-1 1.72269E-1 2.37889E-1 3.81049E-1 3.88699E-1 4.47517E-1 5.00725E-1 6.00042E-1 6.26575E-1 5.60792E-1 5.24656E-1 5.26684E-1 6.71909E-1 6.5362E-1 6.35303E-1 5.32289E-1 4.3554E-1 4.27619E-1 4.28535E-1 4.42432E-1 4.35934E-1 4.71979E-1 6.03159E-1 4.91918E-1 4.32883E-1 4.10855E-1 3.81936E-1 3.43668E-1 4.0052E-1 3.87487E-1 3.96048E-1 5.18634E-1 1.79575E-1 2.21232E-1 2.48661E-1 3.40311E-1 3.05073E-1
-9999 -9999 -9999 -9999 6.02108E-2 1.87122E-1 1.95526E-1 2.03937E-1 2.39413E-1 2.44574E-1 1.61395E-1 2.14555E-1 2.40285E-1 2.73123E-1 2.44408E-1 2.73149E-1 2.11053E-1 1.83674E-1 8.58717E-2 2.07987E-1 9.78766E-2 1.22092E-1 1.17621E-1 1.34525E-1 1.39454E-1 2.57596E-1 3.75866E-1 4.61616E-1 5.09772E-1 5.001E-1 5.35537E-1 3.14574E-1 5.93763E-1 6.51461E-1 7.42163E-1 7.50445E-1 7.35329E-1 7.08213E-1 5.87772E-1 5.16028E-1 4.98738E-1 5.00142E-1 5.05407E-1 5.10164E-1 5.11334E-1 6.51279E-1 5.19263E-1 4.58039E-1 4.71977E-1 4.42534E-1 4.75361E-1 5.39142E-1 5.28365E-1 5.93894E-1 5.30091E-1 6.24522E-1 5.36991E-1 5.5067E-1 5.80455E-1 6.32633E-1
-9999 -9999 -9999 -9999 1.18269E-1 1.74908E-1 1.72127E-1 2.0188E-1 2.28681E-1 2.37018E-1 2.39547E-1 3.00723E-1 3.0679E-1 2.11566E-1 2.09404E-1 1.13081E-1 2.07414E-1 1.19381E-1 1.76863E-1 8.24296E-2 8.89275E-2 9.08653E-2 9.9364E-2 1.33531E-1 1.38654E-1 2.67469E-1 3.00416E-1 2.89572E-1 3.0358E-1 4.83757E-1 5.26733E-1 6.10351E-1 6.24948E-1 7.26804E-1 7.38718E-1 7.32381E-1 7.08935E-1 6.02898E-1 5.24359E-1 4.77383E-1 4.74288E-1 4.74279E-1 4.71882E-1 4.91123E-1 4.91808E-1 6.16679E-1 5.27624E-1 4.56203E-1 4.73349E-1 4.98585E-1 5.19759E-1 4.8061E-1 3.02798E-1 2.86049E-1 3.0094E-1 4.69917E-1 6.48059E-1 5.81869E-1 4.97941E-1 3.87874E-1
-9999 -9999 -9999 -9999 8.43213E-2 1.45762E-1 1.67142E-1 1.93945E-1 2.05882E-1 2.13461E-1 2.09787E-1 2.46957E-1 2.20951E-1 1.98087E-1 1.0723E-1 7.56382E-2 1.72011E-1 1.14866E-1 6.93896E-2 8.69084E-2 1.08569E-1 1.18745E-1 1.314E-1 1.82473E-1 1.95942E-1 2.78823E-1 3.04397E-1 3.68747E-1 4.63628E-1 5.05243E-1 5.56241E-1 6.19965E-1 7.01399E-1 7.16459E-1 7.15542E-1 7.11117E-1 6.60704E-1 5.48517E-1 5.02181E-1 4.63952E-1 4.81529E-1 4.65648E-1 4.42552E-1 4.64648E-1 4.8588E-1 5.58698E-1 5.79738E-1 4.943E-1 5.00297E-1 5.82256E-1 2.49674E-1 5.71606E-1 3.57043E-1 3.44696E-1 3.06515E-1 2.78921E-1 3.66626E-1 5.88125E-1 5.48766E-1 4.56498E-1
-9999 -9999 -9999 -9999 6.90269E-2 8.79623E-2 1.34951E-1 2.18951E-1 2.31632E-1 2.1855E-1 2.09125E-1 2.31306E-1 1.58002E-1 2.71823E-1 1.12328E-1 8.65529E-2 1.43608E-1 8.15197E-2 8.62195E-2 1.20721E-1 1.83025E-1 1.87318E-1 1.74661E-1 2.5616E-1 2.67695E-1 4.52962E-1 4.39429E-1 5.22494E-1 5.25015E-1 5.61916E-1 5.33537E-1 5.61468E-1 6.59506E-1 6.89924E-1 6.88601E-1 6.86594E-1 5.83797E-1 5.34432E-1 5.7347E-1 5.0518E-1 5.23486E-1 5.19604E-1 4.81112E-1 4.92107E-1 5.5181E-1 5.36055E-1 6.00471E-1 6.41215E-1 4.96723E-1 5.23201E-1 3.81324E-1 3.37491E-1 3.5932E-1 3.93817E-1 3.34563E-1 3.10617E-1 1.83992E-1 3.15938E-1 3.65422E-1 4.41614E-1
-9999 -9999 -9999 5.46043E-2 5.44536E-2 1.00336E-1 1.38252E-1 2.09049E-1 2.25769E-1 2.4343E-1 2.19953E-1 2.39526E-1 3.25113E-1 1.13894E-1 1.25218E-1 1.484E-1 1.2329E-1 1.19821E-1 1.3823E-1 1.83031E-1 3.4498E-1 3.80765E-1 4.07214E-1 3.48427E-1 4.35896E-1 4.42107E-1 5.79227E-1 5.83578E-1 5.45796E-1 5.21596E-1 4.96025E-1 4.85582E-1 6.6756E-1 6.60846E-1 6.59785E-1 6.34771E-1 5.89449E-1 5.95117E-1 6.58141E-1 5.51246E-1 5.61632E-1 5.89563E-1 5.34058E-1 5.34521E-1 6.03824E-1 5.95833E-1 6.23903E-1 4.40259E-1 3.99354E-1 4.2216E-1 4.14323E-1 4.06828E-1 4.21491E-1 4.07465E-1 3.31248E-1 3.313E-1 3.28239E-1 2.57973E-1 3.26576E-1 4.34092E-1
1.51534E-2 1.85139E-2 3.04865E-2 6.11317E-2 1.0096E-1 2.21562E-1 2.57211E-1 2.75253E-1 2.12542E-1 2.28659E-1 2.52569E-1 1.62069E-1 1.36461E-1 1.83702E-1 2.20771E-1 2.89022E-1 2.49023E-1 3.49194E-1 3.44855E-1 2.99962E-1 5.74639E-1 5.94843E-1 6.05977E-1 4.04492E-1 6.12135E-1 6.62024E-1 7.85648E-1 7.73001E-1 7.42645E-1 6.52387E-1 5.23149E-1 4.96344E-1 5.99866E-1 6.82597E-1 6.86615E-1 8.23987E-1 8.0577E-1 8.15091E-1 8.49542E-1 7.73269E-1 6.2102E-1 6.51452E-1 6.11964E-1 5.98201E-1 3.37778E-1 6.44251E-1 4.50011E-1 2.20091E-1 2.24977E-1 2.69619E-1 2.44658E-1 2.8804E-1 3.58179E-1 3.5882E-1 3.66421E-1 4.59994E-1 4.60946E-1 6.03947E-1 4.55493E-1 5.88667E-1
-9999 2.80274E-2 3.77111E-2 5.89478E-2 8.45563E-2 2.21107E-1 2.44281E-1 2.50602E-1 2.56855E-1 2.07134E-1 2.80572E-1 7.91065E-2 2.31273E-1 2.58854E-1 3.07801E-1 4.51319E-1 4.32487E-1 4.40668E-1 3.76215E-1 4.53571E-1 6.75892E-1 6.76016E-1 6.38819E-1 6.33259E-1 6.36352E-1 7.23571E-1 7.70474E-1 8.19081E-1 7.5691E-1 6.53546E-1 5.04279E-1 4.64654E-1 4.75233E-1 6.58867E-1 7.01145E-1 8.58461E-1 8.51354E-1 8.49597E-1 8.70139E-1 8.14271E-1 6.72807E-1 6.85946E-1 5.89421E-1 7.71166E-1 3.62594E-1 2.6743E-1 2.53354E-1 2.49952E-1 1.99486E-1 2.57529E-1 2.49691E-1 2.57398E-1 3.43339E-1 4.98059E-1 5.09068E-1 6.09193E-1 5.71366E-1 6.31208E-1 7.18682E-1 6.53174E-1
-9999 -9999 6.71167E-2 8.39332E-2 1.22952E-1 1.9917E-1 2.3494E-1 2.44041E-1 2.56006E-1 2.83478E-1 2.96761E-1 4.10409E-1 3.36339E-1 3.6049E-1 3.68622E-1 4.16271E-1 3.74261E-1 3.65152E-1 2.7892E-1 2.85812E-1 3.99942E-1 4.4358E-1 4.59266E-1 4.41293E-1 3.85588E-1 6.73684E-1 8.04537E-1 8.57268E-1 8.00909E-1 7.17169E-1 5.46292E-1 4.91097E-1 4.51241E-1 5.86511E-1 7.14025E-1 8.65916E-1 8.83716E-1 8.74041E-1 8.84822E-1 8.32343E-1 7.37958E-1 5.5664E-1 6.39415E-1 4.81081E-1 3.68827E-1 3.08688E-1 3.2161E-1 3.46708E-1 4.36974E-1 4.11116E-1 2.90331E-1 3.94738E-1 4.26389E-1 4.60712E-1 5.22296E-1 6.73677E-1 6.40155E-1 5.96905E-1 6.72513E-1 6.05137E-1
-9999 -9999 -9999 1.32678E-1 1.57417E-1 2.22554E-1 2.6212E-1 2.54988E-1 2.49621E-1 2.6568E-1 3.26622E-1 4.27989E-1 3.62532E-1 3.399E-1 3.1159E-1 3.01818E-1 1.87994E-1 2.11946E-1 2.0986E-1 1.47909E-1 3.42791E-1 3.11063E-1 1.45956E-1 2.86275E-1 5.95863E-1 6.83703E-1 7.34208E-1 8.22902E-1 8.37799E-1 8.10154E-1 6.08178E-1 5.32008E-1 4.64578E-1 5.43746E-1 7.20887E-1 8.68271E-1 8.8719E-1 8.97591E-1 9.04683E-1 7.52942E-1 7.39086E-1 6.08565E-1 4.79686E-1 5.11519E-1 4.87805E-1 4.43135E-1 3.75582E-1 3.47529E-1 4.72547E-1 5.38899E-1 3.663E-1 5.47764E-1 5.39765E-1 5.31911E-1 4.492E-1 6.76302E-1 6.48651E-1 6.02951E-1 5.67134E-1 5.77995E-1
-9999 -9999 -9999 -9999 1.71704E-1 2.52548E-1 2.73844E-1 2.88919E-1 2.69397E-1 2.57356E-1 2.58157E-1 2.7764E-1 2.52602E-1 2.16675E-1 2.08624E-1 2.46978E-1 2.59871E-1 2.87324E-1 1.89024E-1 2.18644E-1 3.93951E-1 4.17752E-1 3.70566E-1 4.88817E-1 6.10657E-1 7.27577E-1 7.23776E-1 7.79119E-1 8.42324E-1 8.15043E-1 7.13429E-1 6.53921E-1 5.06923E-1 5.31309E-1 6.74994E-1 8.71269E-1 8.8796E-1 9.04571E-1 9.06322E-1 8.8894E-1 5.64165E-1 4.5141E-1 3.99882E-1 4.53103E-1 4.62181E-1 3.42861E-1 2.90251E-1 3.81847E-1 5.4256E-1 4.97653E-1 5.55412E-1 5.51561E-1 5.32327E-1 5.22719E-1 5.43063E-1 6.88264E-1 6.64837E-1 6.48327E-1 6.43754E-1 5.82192E-1
-9999 -9999 -9999 -9999 3.66906E-1 3.26099E-1 3.47402E-1 2.0364E-1 3.70187E-1 3.39881E-1 1.07557E-1 2.09775E-1 2.06069E-1 2.08803E-1 2.62965E-1 7.60701E-1 7.46281E-1 7.34217E-1 6.83879E-1 7.24649E-1 8.02048E-1 6.45903E-1 6.84851E-1 6.41019E-1 7.51755E-1 7.10817E-1 7.4435E-1 7.81835E-1 7.61056E-1 7.50664E-1 7.23347E-1 6.96071E-1 6.43014E-1 5.68216E-1 6.50605E-1 6.5366E-1 6.85082E-1 7.20709E-1 6.54435E-1 7.35701E-1 5.70761E-1 4.79696E-1 4.21868E-1 4.31532E-1 4.32247E-1 4.87039E-1 3.19914E-1 3.81482E-1 6.75406E-1 7.69312E-1 7.48499E-1 6.74801E-1 6.72516E-1 6.6781E-1 6.56877E-1 6.37365E-1 6.26815E-1 7.05826E-1 5.15667E-1 4.72024E-1
-9999 -9999 -9999 -9999 -9999 -9999 3.25113E-1 3.00264E-1 3.21251E-1 3.59601E-1 2.42326E-1 1.64764E-1 1.91176E-1 2.42755E-1 2.64521E-1 7.84486E-1 7.84377E-1 7.56818E-1 6.77557E-1 6.2431E-1 7.59369E-1 7.49638E-1 4.97812E-1 4.7084E-1 7.56885E-1 6.63681E-1 7.05855E-1 6.99939E-1 6.75823E-1 6.75099E-1 6.14486E-1 6.88431E-1 6.87871E-1 7.13675E-1 7.20967E-1 6.59416E-1 6.91971E-1 7.18851E-1 7.25561E-1 7.33731E-1 5.29887E-1 3.52456E-1 3.3036E-1 3.6055E-1 4.25046E-1 4.82636E-1 4.6464E-1 6.07279E-1 6.67796E-1 6.27727E-1 3.58959E-1 5.36632E-1 6.4926E-1 6.68291E-1 6.48799E-1 5.82516E-1 6.67845E-1 5.66771E-1 5.16208E-1 4.91118E-1
-9999 -9999 -9999 -9999 -9999 -9999 -9999 -9999 -9999 2.49334E-1 1.64367E-1 1.60562E-1 2.12023E-1 2.68914E-1 2.69715E-1 7.92255E-1 7.75575E-1 7.51121E-1 5.84117E-1 3.92954E-1 4.69752E-1 5.6539E-1 4.77025E-1 5.95397E-1 6.687E-1 6.21881E-1 6.56588E-1 6.67698E-1 6.56635E-1 6.27937E-1 5.39128E-1 6.15377E-1 7.11655E-1 7.35173E-1 7.39418E-1 6.05824E-1 7.017E-1 4.23487E-1 6.93822E-1 5.58595E-1 4.796E-1 4.05718E-1 3.56843E-1 3.3218E-1 4.05013E-1 5.41389E-1 5.16558E-1 5.78439E-1 6.75241E-1 6.48793E-1 6.61857E-1 6.10219E-1 6.34879E-1 6.70331E-1 6.38294E-1 5.54389E-1 2.83301E-1 3.16043E-1 3.61511E-1 5.18503E-1
-9999 -9999 -9999 -9999 -9999 -9999 -9999 -9999 -9999 -9999 1.80416E-1 1.364E-1 2.23406E-1 1.84014E-1 2.91011E-1 8.13028E-1 7.73118E-1 7.80265E-1 6.90276E-1 6.74736E-1 5.83743E-1 5.87403E-1 4.63668E-1 5.78849E-1 6.42478E-1 6.33307E-1 6.21983E-1 6.43333E-1 6.44924E-1 6.215E-1 5.11582E-1 5.60117E-1 6.34388E-1 7.57191E-1 7.63595E-1 6.92278E-1 7.12024E-1 7.1289E-1 5.82675E-1 4.91017E-1 4.37814E-1 4.83889E-1 4.49261E-1 3.30602E-1 3.56197E-1 5.14365E-1 5.32859E-1 6.48964E-1 6.3783E-1 6.10866E-1 6.07723E-1 5.79325E-1 6.50345E-1 6.89129E-1 6.43617E-1 5.87939E-1 4.21511E-1 4.29318E-1 4.36021E-1 5.55776E-1
-9999 -9999 -9999 -9999 -9999 -9999 -9999 -9999 -9999 -9999 -9999 -9999 -9999 2.42641E-1 3.19015E-1 8.14763E-1 8.26325E-1 7.57004E-1 7.66915E-1 7.49002E-1 6.79298E-1 6.86184E-1 6.19682E-1 5.37354E-1 7.89851E-1 6.59011E-1 6.64178E-1 6.73618E-1 6.57425E-1 6.23006E-1 5.21067E-1 5.56776E-1 5.75567E-1 6.29052E-1 7.85665E-1 7.22999E-1 6.25575E-1 7.05004E-1 6.46396E-1 4.05311E-1 4.12113E-1 4.60491E-1 4.54232E-1 3.61594E-1 3.74894E-1 5.55329E-1 5.46412E-1 6.5729E-1 6.44298E-1 6.20408E-1 6.28722E-1 6.33693E-1 7.40985E-1 7.52672E-1 7.37671E-1 5.38084E-1 4.64993E-1 4.7763E-1 4.48211E-1 4.66388E-1
-9999 -9999 -9999 -9999 -9999 -9999 -9999 -9999 -9999 -9999 -9999 -9999 -9999 -9999 4.38006E-1 8.62705E-1 8.06475E-1 8.62406E-1 8.60053E-1 7.86697E-1 4.80933E-1 4.39551E-1 6.07568E-1 6.34047E-1 6.48937E-1 5.80695E-1 5.63838E-1 5.79118E-1 6.02792E-1 6.532E-1 6.97175E-1 6.50674E-1 6.33275E-1 8.07081E-1 8.13271E-1 3.37684E-1 2.56947E-1 6.35128E-1 3.44969E-1 4.41189E-1 4.1981E-1 3.7936E-1 3.70549E-1 3.48912E-1 4.1564E-1 7.11469E-1 7.67887E-1 7.71179E-1 7.61025E-1 7.05863E-1 6.01628E-1 7.2381E-1 7.07472E-1 5.34559E-1 4.90719E-1 5.43619E-1 5.24908E-1 5.33507E-1 4.69297E-1 4.02934E-1
-9999 -9999 -9999 -9999 -9999 -9999 -9999 -9999 -9999 -9999 -9999 -9999 -9999 -9999 -9999 8.70212E-1 7.60194E-1 8.54755E-1 8.66426E-1 8.22638E-1 5.00099E-1 6.06096E-1 6.02235E-1 4.94075E-1 5.91132E-1 5.8627E-1 5.9489E-1 6.04022E-1 6.36085E-1 7.02034E-1 7.40886E-1 7.72864E-1 7.53591E-1 7.09124E-1 6.7616E-1 3.89643E-1 3.63202E-1 3.17765E-1 3.94641E-1 4.90166E-1 4.14456E-1 4.12763E-1 4.1799E-1 4.43456E-1 4.84902E-1 7.65903E-1 6.52295E-1 7.75454E-1 7.65554E-1 7.07034E-1 6.214E-1 7.16467E-1 5.3451E-1 5.32079E-1 5.31202E-1 5.50852E-1 5.0484E-1 4.95791E-1 3.79367E-1 4.64277E-1
-9999 -9999 -9999 -9999 -9999 -9999 -9999 -9999 -9999 -9999 -9999 -9999 -9999 -9999 -9999 8.57869E-1 8.01987E-1 8.62654E-1 8.57788E-1 7.75535E-1 6.34148E-1 6.09255E-1 6.09663E-1 6.03791E-1 6.01163E-1 6.02778E-1 6.33674E-1 6.40956E-1 6.20462E-1 6.07213E-1 7.00679E-1 7.72447E-1 8.00499E-1 8.27227E-1 7.36661E-1 5.66592E-1 3.93843E-1 6.24139E-1 5.74506E-1 5.7487E-1 5.10416E-1 4.95201E-1 4.78267E-1 4.45463E-1 4.12023E-1 7.31223E-1 7.7543E-1 7.88643E-1 7.66754E-1 6.93092E-1 7.38031E-1 7.13567E-1 5.82192E-1 5.88359E-1 5.07461E-1 5.30486E-1 4.97832E-1 4.3935E-1 6.07598E-1 6.4688E-1
