Phytophthora/models/20240429_1921_07/Phytophthora_PA3_RUN6_MAXENT_outputs/Phytophthora_PA3_RUN6.asc
ncols         225
nrows         269
xllcorner     473000.0
yllcorner     4429100.0
cellsize      50.0
NODATA_value  -9999
[rows 27 to 53 of 269, columns 0 to 59 of 225]
-9999 -9999 -9999 -9999 -9999 -9999 -9999 -9999 -9999 -9999 -9999 -9999 -9999 -9999 -9999 -9999 -9999 -9999 -9999 -9999 -9999 -9999 -9999 -9999 -9999 -9999 -9999 -9999 -9999 -9999 -9999 -9999 -9999 -9999 -9999 -9999 -9999 -9999 7.37401E-3 6.71558E-3 7.66481E-3 3.37272E-3 1.39936E-2 1.45916E-2 1.36232E-2 1.74515E-2 1.71724E-2 1.66708E-2 1.59341E-2 1.21811E-2 7.20454E-3 8.93058E-3 6.55356E-3 4.37024E-3 5.30012E-3 3.11141E-3 2.9524E-3 2.25175E-3 1.91777E-3 2.01129E-3
-9999 -9999 -9999 -9999 -9999 -9999 -9999 -9999 -9999 -9999 -9999 -9999 -9999 -9999 -9999 -9999 -9999 -9999 -9999 -9999 -9999 -9999 -9999 -9999 -9999 -9999 -9999 -9999 -9999 -9999 -9999 -9999 -9999 -9999 -9999 -9999 -9999 -9999 1.07557E-2 5.37075E-3 4.75063E-3 5.8952E-3 9.1207E-3 1.24648E-2 1.65526E-2 1.71941E-2 8.25941E-3 1.51017E-2 8.74999E-3 5.04083E-3 5.90349E-3 4.64306E-3 3.2047E-3 2.24695E-3 1.98211E-3 1.32638E-3 1.41328E-3 1.39188E-3 1.59079E-3 2.12571E-3
-9999 -9999 -9999 -9999 -9999 -9999 -9999 -9999 -9999 -9999 -9999 -9999 -9999 -9999 -9999 -9999 -9999 -9999 -9999 -9999 -9999 -9999 -9999 -9999 -9999 -9999 -9999 -9999 -9999 -9999 -9999 -9999 -9999 -9999 -9999 -9999 -9999 -9999 6.21899E-3 5.23963E-3 5.30308E-3 6.38942E-3 1.11854E-2 1.22869E-2 1.57719E-2 8.97237E-3 1.39911E-2 6.08386E-3 4.48017E-3 1.67788E-3 4.97264E-3 4.25724E-3 3.16642E-3 2.77836E-3 2.2373E-3 1.4946E-3 6.45044E-3 5.8454E-3 6.3835E-3 8.8057E-3
-9999 -9999 -9999 -9999 -9999 -9999 -9999 -9999 -9999 -9999 -9999 -9999 -9999 -9999 -9999 -9999 -9999 -9999 -9999 -9999 -9999 -9999 -9999 -9999 -9999 -9999 -9999 -9999 -9999 -9999 -9999 -9999 -9999 -9999 -9999 -9999 5.31353E-3 2.42258E-3 3.87128E-3 3.11419E-3 2.66234E-3 1.06916E-2 9.59108E-3 1.19386E-2 1.32684E-2 8.38756E-3 3.8178E-3 3.68648E-3 2.96538E-3 2.51282E-3 3.30454E-3 2.51592E-3 2.09128E-3 2.40181E-3 3.02112E-3 2.17607E-3 3.59576E-3 5.51233E-3 6.8189E-3 6.22689E-3
-9999 -9999 -9999 -9999 -9999 -9999 -9999 -9999 -9999 -9999 -9999 -9999 -9999 -9999 -9999 -9999 -9999 -9999 -9999 -9999 -9999 -9999 -9999 -9999 -9999 -9999 -9999 -9999 -9999 -9999 -9999 -9999 -9999 -9999 -9999 3.88442E-3 4.13509E-3 5.75722E-3 1.33524E-2 1.71218E-2 4.90691E-3 1.2159E-2 1.3664E-2 1.03677E-2 8.24667E-3 9.42576E-3 6.02111E-3 4.86607E-3 4.35786E-3 3.83191E-3 3.07298E-3 2.41541E-3 2.48751E-3 4.63112E-3 7.53328E-3 1.7522E-2 8.4238E-3 1.35106E-2 1.28582E-2 1.42342E-2
-9999 -9999 -9999 -9999 -9999 -9999 -9999 -9999 -9999 -9999 -9999 -9999 -9999 -9999 -9999 -9999 -9999 -9999 -9999 -9999 -9999 -9999 -9999 -9999 -9999 -9999 -9999 -9999 -9999 -9999 -9999 -9999 -9999 -9999 6.81855E-3 8.84649E-3 1.17745E-2 1.65797E-2 1.77076E-2 2.0042E-2 1.70431E-2 1.80311E-2 1.06652E-2 6.55068E-3 4.52951E-3 6.71809E-3 5.04482E-3 3.10082E-3 5.33967E-3 3.73874E-3 3.88164E-3 3.56865E-3 5.7493E-3 6.54967E-3 8.28264E-3 1.53261E-2 1.49536E-2 1.42526E-2 1.49505E-2 1.66326E-2
-9999 -9999 -9999 -9999 -9999 -9999 -9999 -9999 -9999 -9999 -9999 -9999 -9999 -9999 -9999 -9999 -9999 -9999 -9999 -9999 -9999 -9999 -9999 -9999 -9999 -9999 -9999 -9999 -9999 -9999 -9999 -9999 4.93136E-3 5.32518E-3 5.65082E-3 9.63377E-3 2.68879E-2 2.41406E-2 1.23819E-2 3.05385E-2 1.71768E-2 8.21594E-3 3.56625E-3 2.73107E-3 2.48486E-3 3.6597E-3 3.44683E-3 3.09852E-3 4.03598E-3 3.89999E-3 6.16442E-3 1.06842E-2 8.67407E-3 6.22959E-3 7.53907E-3 1.47467E-2 1.46527E-2 1.4027E-2 1.51358E-2 9.30687E-3
-9999 -9999 -9999 -9999 -9999 -9999 -9999 -9999 -9999 -9999 -9999 -9999 -9999 -9999 -9999 -9999 -9999 -9999 -9999 -9999 -9999 -9999 -9999 -9999 -9999 -9999 -9999 -9999 -9999 -9999 -9999 5.08301E-3 6.06963E-3 6.02394E-3 1.17765E-2 2.67184E-2 3.00906E-2 2.39612E-2 2.77425E-2 4.18706E-2 1.80691E-2 5.05048E-3 4.07674E-3 3.50258E-3 3.18174E-3 3.93764E-3 3.96935E-3 4.32099E-3 6.24501E-3 1.07439E-2 8.39889E-3 7.82854E-3 7.86201E-3 6.64395E-3 8.39928E-3 1.47152E-2 1.51775E-2 9.88833E-3 1.37006E-2 1.52716E-2
-9999 -9999 -9999 -9999 -9999 -9999 -9999 -9999 -9999 -9999 -9999 -9999 -9999 -9999 -9999 -9999 -9999 -9999 -9999 -9999 -9999 -9999 -9999 -9999 -9999 -9999 -9999 -9999 -9999 -9999 8.86377E-3 7.77246E-3 7.64017E-3 1.19936E-2 2.00526E-2 2.82458E-2 2.96695E-2 1.82021E-2 2.62103E-2 1.9657E-2 4.92656E-3 4.12137E-3 3.2357E-3 3.18918E-3 3.36953E-3 4.78739E-3 4.41142E-3 5.78305E-3 1.27572E-2 1.16961E-2 7.2929E-3 8.04614E-3 6.8946E-3 7.24883E-3 9.4705E-3 1.65609E-2 1.71981E-2 1.56625E-2 1.32196E-2 1.57276E-2
-9999 -9999 -9999 -9999 -9999 -9999 -9999 -9999 -9999 -9999 -9999 -9999 -9999 -9999 -9999 -9999 -9999 -9999 -9999 -9999 -9999 -9999 -9999 -9999 -9999 -9999 -9999 -9999 -9999 -9999 1.27774E-2 8.00225E-3 9.29494E-3 1.56209E-2 1.42594E-2 1.19439E-2 6.86952E-3 1.39508E-2 6.39902E-3 7.77728E-3 4.21665E-3 3.6627E-3 3.38145E-3 3.43258E-3 4.20636E-3 8.16092E-3 8.98029E-3 1.13623E-2 1.01403E-2 1.10495E-2 9.25031E-3 1.00581E-2 9.27064E-3 9.46949E-3 1.07135E-2 1.38552E-2 1.40958E-2 1.2595E-2 1.24313E-2 6.51142E-3
-9999 -9999 -9999 -9999 -9999 -9999 -9999 -9999 -9999 -9999 -9999 -9999 -9999 -9999 -9999 -9999 -9999 -9999 -9999 -9999 -9999 -9999 -9999 -9999 -9999 -9999 -9999 -9999 -9999 1.41528E-2 1.36293E-2 1.21098E-2 1.53265E-2 9.94188E-3 6.91595E-3 1.10416E-2 1.08824E-2 2.4863E-2 1.30657E-2 5.60427E-3 3.65176E-3 3.14765E-3 4.12226E-3 4.84538E-3 6.46438E-3 1.18889E-2 9.8502E-3 9.1313E-3 1.00645E-2 1.15935E-2 6.8598E-3 1.08911E-2 1.01944E-2 1.07598E-2 1.10821E-2 1.43387E-2 1.5276E-2 1.17875E-2 1.2525E-2 1.4471E-2
-9999 -9999 -9999 -9999 -9999 -9999 -9999 -9999 -9999 -9999 -9999 -9999 -9999 -9999 -9999 -9999 -9999 -9999 -9999 -9999 -9999 -9999 -9999 -9999 -9999 -9999 -9999 -9999 -9999 -9999 1.46517E-2 1.54455E-2 6.5181E-3 1.46539E-2 1.45059E-2 7.5567E-3 1.88068E-2 8.28366E-3 6.90708E-3 6.7481E-3 3.41234E-3 4.19728E-3 4.44658E-3 5.27171E-3 7.99971E-3 1.19408E-2 1.10986E-2 1.06302E-2 1.02556E-2 1.19865E-2 1.23438E-2 1.17306E-2 1.08718E-2 1.20435E-2 1.1419E-2 1.68912E-2 1.52735E-2 9.79748E-3 1.1187E-2 1.3217E-2
-9999 -9999 -9999 -9999 -9999 -9999 -9999 -9999 -9999 -9999 -9999 -9999 -9999 -9999 -9999 -9999 -9999 -9999 -9999 -9999 -9999 -9999 -9999 -9999 -9999 -9999 -9999 -9999 -9999 -9999 1.67077E-2 1.33974E-2 1.6341E-2 1.19927E-2 8.24552E-3 1.19164E-2 8.83933E-3 3.87793E-3 7.10795E-3 7.61274E-3 4.77227E-3 4.51662E-3 4.66841E-3 6.49772E-3 7.74651E-3 1.18762E-2 1.11021E-2 1.13049E-2 1.11459E-2 1.27743E-2 1.49862E-2 1.34531E-2 1.10506E-2 7.50851E-3 1.38858E-2 2.49671E-2 1.28325E-2 1.01757E-2 1.09501E-2 1.25059E-2
-9999 -9999 -9999 -9999 -9999 -9999 -9999 -9999 -9999 -9999 -9999 -9999 -9999 -9999 -9999 -9999 -9999 -9999 -9999 -9999 -9999 -9999 -9999 -9999 -9999 -9999 -9999 -9999 -9999 -9999 1.47551E-2 2.49046E-2 2.82443E-2 2.00158E-2 8.95175E-3 6.8587E-3 8.57089E-3 9.13531E-3 9.17249E-3 3.26333E-3 4.38278E-3 4.52486E-3 6.28151E-3 6.94403E-3 7.39154E-3 1.16302E-2 1.15804E-2 7.23895E-3 1.15289E-2 1.26233E-2 9.59787E-3 1.50651E-2 1.1226E-2 1.39942E-2 1.6586E-2 2.20529E-2 1.07802E-2 9.02852E-3 1.01237E-2 1.23951E-2
-9999 -9999 -9999 -9999 -9999 -9999 -9999 -9999 -9999 -9999 -9999 -9999 -9999 -9999 -9999 -9999 -9999 -9999 -9999 -9999 -9999 -9999 -9999 -9999 -9999 -9999 -9999 -9999 -9999 -9999 2.25792E-2 1.76875E-2 1.75572E-2 1.54862E-2 1.17956E-2 1.01301E-2 1.04974E-2 1.10338E-2 1.20497E-2 9.47628E-3 6.33394E-3 6.9661E-3 8.62792E-3 9.34805E-3 9.01017E-3 8.83512E-3 9.31135E-3 1.00203E-2 8.90873E-3 9.43148E-3 1.03822E-2 7.29802E-3 7.5069E-3 1.05828E-2 1.63713E-2 3.28838E-2 1.86353E-2 1.51806E-2 1.69322E-2 1.63814E-2
-9999 -9999 -9999 -9999 -9999 -9999 -9999 -9999 -9999 -9999 -9999 -9999 -9999 -9999 -9999 -9999 -9999 -9999 -9999 -9999 -9999 -9999 -9999 -9999 -9999 -9999 -9999 -9999 -9999 1.25452E-2 1.32226E-2 1.11657E-2 1.14429E-2 9.68772E-3 1.03226E-2 8.98632E-3 7.78463E-3 6.76982E-3 1.05019E-2 9.5312E-3 9.59789E-3 9.45156E-3 9.24898E-3 8.85166E-3 8.5415E-3 8.06009E-3 9.4941E-3 9.35152E-3 1.08145E-2 1.05188E-2 1.19771E-2 1.39049E-2 9.11306E-3 1.41548E-2 1.7114E-2 2.49143E-2 2.025E-2 1.93625E-2 1.77616E-2 1.54815E-2
-9999 -9999 -9999 -9999 -9999 -9999 -9999 -9999 -9999 -9999 -9999 -9999 -9999 -9999 -9999 -9999 -9999 -9999 -9999 -9999 -9999 -9999 -9999 -9999 -9999 -9999 1.96904E-2 9.45027E-3 1.06725E-2 1.07483E-2 1.6767E-2 1.8771E-2 1.76787E-2 2.00138E-2 1.83015E-2 1.39881E-2 1.35105E-2 1.16953E-2 1.43253E-2 1.8312E-2 9.87724E-3 9.65673E-3 9.83221E-3 1.00126E-2 9.45478E-3 8.95349E-3 1.11093E-2 9.98602E-3 9.2061E-3 1.10271E-2 1.1813E-2 1.47226E-2 1.37444E-2 1.09703E-2 1.42893E-2 2.48037E-2 2.8342E-2 2.68481E-2 1.94197E-2 1.78768E-2
-9999 -9999 -9999 -9999 -9999 -9999 -9999 -9999 -9999 -9999 -9999 -9999 -9999 -9999 -9999 -9999 -9999 -9999 -9999 -9999 -9999 -9999 -9999 -9999 -9999 1.81284E-2 1.14733E-2 5.56846E-3 5.58805E-3 5.83767E-3 7.53044E-3 9.44994E-3 1.32448E-2 3.05601E-2 2.4885E-2 1.67742E-2 1.8064E-2 1.8582E-2 1.9531E-2 1.77805E-2 7.02318E-3 9.41566E-3 5.67809E-3 5.32034E-3 6.78097E-3 8.38908E-3 9.50222E-3 7.32482E-3 5.77093E-3 1.12754E-2 1.49912E-2 1.39369E-2 1.42944E-2 1.38826E-2 1.53455E-2 2.17241E-2 2.35204E-2 2.40355E-2 1.98674E-2 1.8916E-2
-9999 -9999 -9999 -9999 -9999 -9999 -9999 -9999 -9999 -9999 -9999 -9999 -9999 -9999 -9999 -9999 -9999 -9999 -9999 -9999 -9999 -9999 -9999 -9999 1.59958E-2 1.34451E-2 9.23206E-3 7.65935E-3 6.92798E-3 6.54147E-3 9.91325E-3 8.36004E-3 1.01545E-2 1.82937E-2 2.55514E-2 1.92955E-2 2.06843E-2 2.13202E-2 2.15171E-2 1.94388E-2 1.01169E-2 9.55268E-3 1.13857E-2 1.16608E-2 9.0654E-3 3.88604E-3 6.00672E-3 1.24217E-2 1.16053E-2 6.96768E-3 1.55511E-2 1.43929E-2 1.35702E-2 1.41785E-2 1.78852E-2 4.41857E-2 2.93126E-2 1.48803E-2 1.90954E-2 1.89599E-2
-9999 -9999 -9999 -9999 -9999 -9999 -9999 -9999 -9999 -9999 -9999 -9999 -9999 -9999 -9999 -9999 -9999 -9999 -9999 -9999 -9999 -9999 -9999 -9999 2.8647E-3 2.32537E-2 1.14877E-2 9.92999E-3 9.82779E-3 9.91699E-3 1.19846E-2 1.34693E-2 1.37024E-2 1.38796E-2 2.46309E-2 3.99385E-2 3.95945E-2 3.95366E-2 4.09016E-2 2.98209E-2 2.65855E-2 2.64259E-2 3.10634E-2 2.74456E-2 1.97651E-2 8.91351E-3 1.08502E-2 1.21511E-2 1.56793E-2 1.65581E-2 1.63412E-2 1.41827E-2 1.2259E-2 1.30782E-2 1.60587E-2 3.45228E-2 3.71727E-2 3.44818E-2 1.5875E-2 2.32487E-2
-9999 -9999 -9999 -9999 -9999 -9999 -9999 -9999 -9999 -9999 -9999 -9999 -9999 -9999 -9999 -9999 -9999 -9999 -9999 -9999 -9999 -9999 -9999 -9999 4.57638E-3 2.74424E-2 7.17353E-3 1.15015E-2 1.56765E-2 2.19338E-2 1.20573E-2 2.15269E-2 2.37251E-2 2.37656E-2 3.13012E-2 4.2219E-2 4.51271E-2 2.51539E-2 4.55006E-2 4.36814E-2 2.97577E-2 3.15522E-2 3.14815E-2 2.61122E-2 1.98746E-2 9.49675E-3 1.10117E-2 1.23955E-2 1.3011E-2 1.73566E-2 1.58137E-2 1.33368E-2 1.02331E-2 8.88067E-3 8.83561E-3 2.35827E-2 2.12737E-2 1.71521E-2 1.02978E-2 1.18837E-2
-9999 -9999 -9999 -9999 -9999 -9999 -9999 -9999 -9999 -9999 -9999 -9999 -9999 -9999 -9999 -9999 -9999 -9999 -9999 -9999 -9999 -9999 -9999 1.13745E-2 2.93724E-2 1.53085E-2 1.22714E-2 1.62894E-2 2.52759E-2 2.6088E-2 2.84248E-2 2.79971E-2 3.02519E-2 2.88479E-2 3.22291E-2 4.66675E-2 4.61355E-2 4.86662E-2 4.49237E-2 4.41036E-2 2.7904E-2 3.56115E-2 2.72367E-2 2.31213E-2 1.82229E-2 1.0159E-2 1.27993E-2 1.15384E-2 1.10691E-2 1.54845E-2 1.51607E-2 1.36264E-2 8.02905E-3 7.14323E-3 6.72344E-3 1.51629E-2 1.24707E-2 1.25906E-2 8.49462E-3 1.0491E-2
-9999 -9999 -9999 -9999 -9999 -9999 -9999 -9999 -9999 -9999 -9999 -9999 -9999 -9999 -9999 -9999 -9999 -9999 -9999 -9999 -9999 -9999 -9999 9.41164E-3 1.3537E-2 1.12387E-2 1.09947E-2 1.99905E-2 2.49671E-2 2.34293E-2 2.86838E-2 2.57843E-2 2.64609E-2 2.59421E-2 3.11467E-2 4.22933E-2 4.62025E-2 4.94077E-2 4.30388E-2 4.19231E-2 2.94854E-2 4.35193E-2 3.30849E-2 2.96026E-2 2.82268E-2 1.38736E-2 1.3911E-2 8.72439E-3 6.20427E-3 9.96346E-3 9.42309E-3 5.85733E-3 7.72691E-3 5.50093E-3 3.93981E-3 1.04771E-2 8.53387E-3 9.93413E-3 7.72059E-3 7.67026E-3
-9999 -9999 -9999 -9999 -9999 -9999 -9999 -9999 -9999 -9999 -9999 -9999 -9999 -9999 -9999 -9999 -9999 -9999 -9999 -9999 -9999 -9999 -9999 6.16894E-3 6.36231E-3 1.01344E-2 1.52664E-2 2.1696E-2 2.30948E-2 2.19092E-2 2.57255E-2 2.34836E-2 2.37626E-2 2.545E-2 3.06434E-2 3.80778E-2 4.22285E-2 4.44637E-2 3.87893E-2 4.48298E-2 3.67064E-2 4.96233E-2 3.79371E-2 4.97785E-2 4.21477E-2 1.50146E-2 1.3094E-2 9.21989E-3 3.59414E-3 2.9835E-3 3.07955E-3 3.37608E-3 6.27058E-3 5.77888E-3 5.63591E-3 1.21182E-2 1.01006E-2 1.06248E-2 8.88756E-3 7.87275E-3
-9999 -9999 -9999 -9999 -9999 -9999 -9999 -9999 -9999 -9999 -9999 -9999 -9999 -9999 -9999 -9999 -9999 -9999 -9999 -9999 -9999 -9999 9.1101E-3 1.7012E-2 1.18879E-2 1.90446E-2 2.68323E-2 2.6591E-2 2.494E-2 2.31228E-2 2.62423E-2 2.38835E-2 2.73839E-2 2.88371E-2 2.87344E-2 3.35642E-2 3.57505E-2 4.31343E-2 4.47358E-2 6.1739E-2 7.87254E-2 9.95283E-2 1.03203E-1 1.03073E-1 7.61803E-2 1.68072E-2 1.55164E-2 9.40402E-3 6.52139E-3 6.66774E-3 9.18388E-3 9.6989E-3 1.06904E-2 9.3807E-3 6.94832E-3 1.96361E-2 1.51565E-2 8.25124E-3 5.39522E-3 6.54916E-3
-9999 -9999 -9999 -9999 -9999 -9999 -9999 -9999 -9999 -9999 -9999 -9999 -9999 -9999 -9999 -9999 -9999 -9999 -9999 -9999 -9999 -9999 5.74837E-3 8.22153E-3 1.38871E-2 2.35E-2 2.63075E-2 2.25739E-2 2.46363E-2 2.32293E-2 2.49548E-2 2.46487E-2 3.21271E-2 2.69477E-2 2.63255E-2 3.06072E-2 4.10168E-2 5.46775E-2 5.16611E-2 6.95843E-2 8.31301E-2 1.03391E-1 9.35032E-2 7.4054E-2 6.07687E-2 1.89861E-2 1.70246E-2 1.43377E-2 1.28919E-2 7.39171E-3 1.34708E-2 1.44247E-2 1.2872E-2 6.17839E-3 1.60456E-2 2.30737E-2 1.89361E-2 1.14931E-2 6.32097E-3 7.93666E-3
-9999 -9999 -9999 -9999 -9999 -9999 -9999 -9999 -9999 -9999 -9999 -9999 -9999 -9999 -9999 -9999 -9999 -9999 -9999 -9999 -9999 -9999 8.68835E-3 1.4224E-2 1.90704E-2 2.16211E-2 1.97801E-2 1.55486E-2 1.88209E-2 1.90288E-2 2.25879E-2 2.34025E-2 2.9761E-2 2.31315E-2 2.90423E-2 4.27136E-2 6.37485E-2 6.17336E-2 5.08221E-2 6.34071E-2 1.04759E-1 1.03709E-1 3.75584E-2 4.50246E-2 4.62773E-2 1.54313E-2 1.43807E-2 1.11341E-2 1.53091E-2 1.23487E-2 1.50528E-2 1.87747E-2 1.87994E-2 1.81003E-2 2.26892E-2 2.80631E-2 9.54105E-3 9.52496E-3 6.85512E-3 1.03365E-2
