Phytophthora/models/20240429_1921_07/Phytophthora_PA3_RUN6_MAXENT_outputs/Phytophthora_PA3_RUN6.asc
ncols         225
nrows         269
xllcorner     473000.0
yllcorner     4429100.0
cellsize      50.0
NODATA_value  -9999
[rows 162 to 188 of 269, columns 60 to 119 of 225]
3.18921E-1 1.34932E-1 3.18354E-1 2.50081E-1 2.49875E-1 2.29265E-1 3.3431E-1 3.17542E-1 2.90272E-1 3.32013E-1 3.91524E-1 4.24659E-1 4.49957E-1 3.76885E-1 5.7703E-1 5.60769E-1 6.66305E-1 6.34214E-1 6.45488E-1 6.57647E-1 6.31051E-1 6.42831E-1 6.62065E-1 5.02314E-1 7.84884E-1 6.48659E-1 5.88708E-1 5.4111E-1 6.6032E-1 6.1373E-1 5.6319E-1 5.40107E-1 6.0668E-1 6.74881E-1 6.04982E-1 5.39768E-1 4.9717E-1 4.77851E-1 4.17086E-1 3.78591E-1 3.23343E-1 2.72084E-1 2.04576E-1 3.0882E-1 2.93982E-1 3.06946E-1 2.65921E-1 2.1026E-1 1.85657E-1 1.62978E-1 6.69291E-2 2.0615E-1 1.74479E-1 5.32475E-2 7.24545E-2 1.89333E-1 2.57955E-1 3.09613E-1 3.0218E-1 4.66615E-1
1.0844E-1 3.66988E-1 4.31281E-1 2.71013E-1 2.15095E-1 1.50226E-1 1.37082E-1 2.22496E-1 3.27757E-1 3.80227E-1 4.39037E-1 4.22936E-1 4.63015E-1 5.12516E-1 5.52445E-1 5.60419E-1 7.00828E-1 6.50201E-1 6.13821E-1 6.25819E-1 5.93972E-1 5.93975E-1 7.17513E-1 7.6172E-1 6.76844E-1 6.30724E-1 4.81932E-1 5.8839E-1 6.37814E-1 6.28931E-1 5.63133E-1 5.30358E-1 5.04856E-1 5.60529E-1 4.89884E-1 4.98825E-1 4.99916E-1 5.49215E-1 5.64449E-1 5.28534E-1 2.60756E-1 4.11098E-1 4.03046E-1 4.22757E-1 3.97846E-1 4.2096E-1 3.77441E-1 3.38922E-1 3.1018E-1 2.48935E-1 1.093E-1 2.10132E-1 1.64941E-1 6.37935E-2 1.14812E-1 2.42484E-1 2.69737E-1 3.09135E-1 4.62847E-1 4.66077E-1
3.23435E-1 3.0018E-1 2.43729E-1 2.33302E-1 2.4785E-1 2.37887E-1 2.75981E-1 3.2785E-1 4.15565E-1 2.4718E-1 4.2932E-1 4.14058E-1 4.15602E-1 4.57246E-1 4.73195E-1 -9999 6.16475E-1 5.51999E-1 6.05343E-1 6.11937E-1 5.61974E-1 5.77784E-1 5.89862E-1 7.70984E-1 6.57859E-1 6.29407E-1 6.4034E-1 5.80887E-1 6.63359E-1 6.43262E-1 5.79048E-1 5.31512E-1 5.07096E-1 6.03149E-1 5.52236E-1 5.89563E-1 6.1099E-1 6.40731E-1 6.48388E-1 6.18515E-1 4.99539E-1 3.95677E-1 3.10928E-1 3.12304E-1 3.0427E-1 3.36366E-1 3.35407E-1 3.16633E-1 2.9341E-1 2.28916E-1 1.07766E-1 6.43806E-2 2.40077E-1 2.91492E-1 3.06211E-1 2.79388E-1 2.95327E-1 4.69135E-1 5.27782E-1 3.00229E-1
2.4028E-1 2.53743E-1 3.41772E-1 4.1588E-1 3.19195E-1 3.09494E-1 3.54435E-1 3.41726E-1 3.51978E-1 3.61734E-1 4.47361E-1 4.36058E-1 3.90216E-1 3.88553E-1 4.14979E-1 5.18938E-1 5.6248E-1 5.85428E-1 6.65931E-1 6.58271E-1 5.8338E-1 5.64973E-1 7.35085E-1 7.04789E-1 6.53831E-1 6.28988E-1 6.31771E-1 5.11507E-1 6.54877E-1 6.48281E-1 6.13551E-1 5.94427E-1 4.50493E-1 5.62578E-1 6.14399E-1 6.61408E-1 6.98915E-1 7.16954E-1 6.5494E-1 6.45366E-1 5.06084E-1 4.7108E-1 3.80258E-1 3.57374E-1 3.33621E-1 3.48935E-1 3.28452E-1 3.36243E-1 3.21457E-1 2.87693E-1 1.98879E-1 2.44318E-1 2.63481E-1 2.60663E-1 2.90389E-1 2.90048E-1 4.84865E-1 4.45458E-1 4.69021E-1 3.88213E-1
2.58761E-1 2.94332E-1 3.51063E-1 3.73851E-1 3.89951E-1 3.98585E-1 3.97902E-1 3.75706E-1 4.02234E-1 4.31867E-1 5.57718E-1 5.57931E-1 5.46976E-1 5.39824E-1 5.76352E-1 6.97917E-1 5.58018E-1 7.44556E-1 8.27459E-1 7.87043E-1 6.86525E-1 6.56927E-1 6.29176E-1 4.99835E-1 7.24791E-1 5.27153E-1 5.83492E-1 5.89872E-1 6.22848E-1 6.27117E-1 6.27563E-1 6.22157E-1 5.50527E-1 5.32024E-1 5.50456E-1 5.15418E-1 5.64751E-1 5.44581E-1 4.28377E-1 3.83331E-1 4.46523E-1 4.8402E-1 4.36795E-1 3.88014E-1 3.41585E-1 3.38579E-1 3.24152E-1 3.28987E-1 3.67238E-1 3.71275E-1 2.64983E-1 2.92493E-1 3.25555E-1 3.62316E-1 4.021E-1 5.34736E-1 5.54341E-1 3.8803E-1 2.09757E-1 3.08708E-1
2.78521E-1 3.18821E-1 3.49023E-1 3.45803E-1 4.03157E-1 4.35037E-1 4.22364E-1 4.04683E-1 3.99628E-1 4.39782E-1 4.40683E-1 5.72567E-1 5.76711E-1 5.65489E-1 6.49699E-1 8.09268E-1 7.9094E-1 8.03696E-1 8.68959E-1 8.20236E-1 6.77433E-1 6.20312E-1 6.24322E-1 7.44985E-1 7.70364E-1 5.69539E-1 5.73505E-1 5.94591E-1 5.46776E-1 6.45319E-1 5.68313E-1 5.53271E-1 3.95607E-1 4.46244E-1 4.54582E-1 4.05538E-1 4.04878E-1 2.76518E-1 3.72467E-1 3.98644E-1 5.20376E-1 5.0975E-1 4.80608E-1 4.19116E-1 3.66141E-1 3.47446E-1 3.33008E-1 3.23491E-1 3.83714E-1 3.4016E-1 2.73015E-1 3.22257E-1 3.5757E-1 4.03833E-1 4.67164E-1 3.8582E-1 2.7271E-1 2.10788E-1 1.56422E-1 1.20535E-1
3.25994E-1 3.83541E-1 3.93882E-1 3.70886E-1 4.13363E-1 4.45541E-1 4.33846E-1 4.13867E-1 4.01954E-1 4.41777E-1 5.46516E-1 5.81613E-1 5.81692E-1 5.21003E-1 6.42256E-1 7.99245E-1 8.58921E-1 6.68382E-1 8.69376E-1 8.66375E-1 7.02728E-1 6.51206E-1 6.22484E-1 7.09793E-1 7.61859E-1 5.34112E-1 5.46396E-1 6.17731E-1 6.24962E-1 6.60004E-1 6.52604E-1 3.46605E-1 4.11759E-1 3.96353E-1 4.12835E-1 3.42749E-1 2.10554E-1 3.19944E-1 3.20461E-1 3.6955E-1 5.64761E-1 5.16092E-1 4.95962E-1 4.23852E-1 3.88355E-1 3.72124E-1 3.59618E-1 3.49767E-1 3.42491E-1 3.54823E-1 2.90285E-1 3.45682E-1 3.81595E-1 4.22213E-1 2.4213E-1 4.90537E-1 1.9455E-1 2.24789E-1 1.56833E-1 1.30481E-1
4.00624E-1 4.83875E-1 4.05467E-1 3.66267E-1 4.53308E-1 2.73443E-1 2.93234E-1 2.79808E-1 4.0408E-1 4.53575E-1 5.55782E-1 5.78358E-1 5.87223E-1 5.13327E-1 5.72996E-1 6.3491E-1 7.49805E-1 8.62624E-1 8.21048E-1 8.21938E-1 6.93572E-1 6.7581E-1 6.49626E-1 5.40827E-1 6.58346E-1 5.26774E-1 5.34433E-1 6.06667E-1 5.93086E-1 6.67276E-1 6.57282E-1 4.88338E-1 3.71837E-1 2.30067E-1 3.86262E-1 3.50092E-1 2.70753E-1 4.06295E-1 4.32215E-1 5.3109E-1 6.00257E-1 5.53227E-1 5.14602E-1 4.6383E-1 4.36396E-1 3.7491E-1 3.42733E-1 3.24786E-1 3.61965E-1 3.95891E-1 3.1728E-1 3.73631E-1 4.22902E-1 4.06269E-1 6.23137E-1 3.30809E-1 2.51288E-1 2.89776E-1 2.32806E-1 3.37485E-1
3.61776E-1 3.88447E-1 3.7133E-1 3.56564E-1 3.38602E-1 4.24929E-1 4.13254E-1 3.9942E-1 4.02484E-1 4.41185E-1 5.57999E-1 5.77691E-1 5.49457E-1 3.99888E-1 5.74186E-1 7.39462E-1 7.24232E-1 6.88215E-1 7.09863E-1 6.48317E-1 6.40603E-1 5.58905E-1 3.97815E-1 6.01136E-1 6.93462E-1 5.5207E-1 5.85063E-1 6.92828E-1 3.17505E-1 4.81799E-1 3.71107E-1 4.59455E-1 5.3304E-1 5.24754E-1 3.67157E-1 3.03042E-1 4.7025E-1 5.20139E-1 5.37645E-1 5.40376E-1 6.13548E-1 5.93778E-1 5.44505E-1 4.99735E-1 4.618E-1 3.90004E-1 3.55633E-1 3.25111E-1 3.56048E-1 4.19685E-1 3.99338E-1 4.40342E-1 4.73211E-1 4.88704E-1 4.66978E-1 3.82844E-1 3.67842E-1 3.5638E-1 3.13593E-1 3.06178E-1
6.10526E-1 6.04604E-1 6.3334E-1 5.66393E-1 5.08964E-1 6.3399E-1 6.09493E-1 6.11477E-1 6.18809E-1 6.26128E-1 5.78484E-1 5.34703E-1 5.94653E-1 3.44405E-1 5.43906E-1 7.2952E-1 7.06018E-1 6.74176E-1 6.48591E-1 6.76463E-1 3.85519E-1 6.04421E-1 6.31684E-1 5.73438E-1 6.40311E-1 3.62119E-1 4.93772E-1 6.65674E-1 4.62329E-1 2.8806E-1 3.135E-1 3.46143E-1 5.54608E-1 5.8894E-1 6.02634E-1 5.97263E-1 5.61127E-1 5.60398E-1 5.40313E-1 5.24785E-1 5.83309E-1 5.42693E-1 4.80894E-1 4.35794E-1 3.90323E-1 3.22945E-1 2.81522E-1 2.60205E-1 2.64382E-1 3.05821E-1 3.36408E-1 4.62513E-1 5.63152E-1 6.1313E-1 4.83647E-1 4.10929E-1 3.95105E-1 3.75625E-1 3.4084E-1 3.13192E-1
3.17486E-1 4.13693E-1 5.30426E-1 3.8423E-1 6.44637E-1 6.15615E-1 6.0178E-1 5.97262E-1 6.14073E-1 6.43782E-1 5.32733E-1 5.36604E-1 6.15123E-1 2.5894E-1 4.43988E-1 5.2504E-1 7.36767E-1 6.19629E-1 7.08153E-1 7.00727E-1 5.91853E-1 6.03698E-1 6.44603E-1 5.57726E-1 5.40746E-1 4.31384E-1 4.26612E-1 4.73777E-1 5.28684E-1 5.1357E-1 5.62249E-1 6.3408E-1 5.82399E-1 5.75532E-1 5.31906E-1 4.88252E-1 4.85068E-1 4.71158E-1 5.45155E-1 6.00549E-1 6.58311E-1 5.46197E-1 5.10176E-1 4.53225E-1 4.10586E-1 3.28643E-1 2.80773E-1 3.0862E-1 2.77936E-1 2.96299E-1 3.23777E-1 3.93545E-1 4.82976E-1 5.51504E-1 4.92599E-1 4.17395E-1 3.42285E-1 4.1589E-1 4.06955E-1 3.28784E-1
3.49417E-1 3.57063E-1 4.44899E-1 6.10926E-1 5.89727E-1 5.9214E-1 6.03658E-1 5.89887E-1 6.42515E-1 6.39141E-1 5.16046E-1 5.23179E-1 5.73588E-1 2.57094E-1 3.60575E-1 4.88972E-1 7.24987E-1 7.29636E-1 7.35443E-1 7.12479E-1 5.88742E-1 5.60242E-1 6.00718E-1 6.23634E-1 2.97827E-1 3.17029E-1 1.6365E-1 3.1264E-1 4.28699E-1 3.86697E-1 4.37945E-1 3.6186E-1 3.70839E-1 4.52245E-1 4.31878E-1 4.86596E-1 4.37486E-1 4.06607E-1 5.57089E-1 6.01815E-1 5.76055E-1 5.02624E-1 4.65833E-1 4.27502E-1 3.90641E-1 3.08351E-1 2.78639E-1 1.56922E-1 3.13364E-1 3.0231E-1 3.03949E-1 3.50038E-1 4.02451E-1 4.38627E-1 4.66947E-1 4.50264E-1 2.97553E-1 4.57626E-1 3.93805E-1 3.15419E-1
2.78304E-1 2.82313E-1 5.70622E-1 5.62822E-1 5.52637E-1 5.66732E-1 6.06254E-1 6.33622E-1 6.94743E-1 6.47698E-1 5.24248E-1 5.39881E-1 5.44222E-1 3.51133E-1 4.15866E-1 7.60197E-1 7.79537E-1 7.49569E-1 7.39874E-1 7.21068E-1 5.63757E-1 6.07147E-1 6.07041E-1 5.91549E-1 3.99989E-1 4.32969E-1 3.97318E-1 3.5087E-1 3.28178E-1 2.76336E-1 3.17183E-1 2.99513E-1 2.76136E-1 2.36812E-1 3.26476E-1 3.70097E-1 3.10303E-1 3.09592E-1 5.90619E-1 6.53575E-1 6.20321E-1 5.57048E-1 5.36648E-1 4.37718E-1 3.8064E-1 3.10052E-1 2.77364E-1 3.07936E-1 3.69804E-1 3.21125E-1 3.24171E-1 3.59919E-1 3.94268E-1 2.948E-1 5.83608E-1 3.3691E-1 4.83943E-1 4.19166E-1 3.75268E-1 3.16846E-1
4.05676E-1 6.39688E-1 5.70827E-1 5.53814E-1 5.57522E-1 6.36635E-1 7.11356E-1 6.91856E-1 7.04311E-1 5.84717E-1 5.21131E-1 5.8873E-1 5.60531E-1 4.53382E-1 5.65291E-1 7.38412E-1 7.27334E-1 7.32929E-1 7.48323E-1 7.25446E-1 6.15732E-1 6.28354E-1 6.33152E-1 3.40032E-1 4.50229E-1 4.36016E-1 3.76326E-1 2.31117E-1 3.10221E-1 2.51058E-1 2.94714E-1 2.48295E-1 2.34183E-1 2.01644E-1 1.83275E-1 1.84731E-1 1.51772E-1 2.06811E-1 3.28034E-1 5.31098E-1 5.37505E-1 5.07665E-1 4.58489E-1 3.47361E-1 3.41872E-1 2.86707E-1 2.84954E-1 3.03291E-1 3.45181E-1 3.52382E-1 3.50036E-1 3.85143E-1 4.10347E-1 1.2713E-1 2.90767E-1 2.20283E-1 2.67639E-1 3.60348E-1 3.64471E-1 3.14548E-1
6.23475E-1 6.5691E-1 6.23233E-1 5.95285E-1 6.16111E-1 6.39465E-1 7.26047E-1 7.08852E-1 6.98925E-1 5.57884E-1 5.46471E-1 5.6941E-1 5.44541E-1 4.27924E-1 5.8831E-1 5.99915E-1 5.93747E-1 5.77283E-1 5.98369E-1 6.36274E-1 6.78172E-1 5.81627E-1 6.55646E-1 -9999 5.53837E-1 5.46146E-1 5.30994E-1 4.97204E-1 4.33849E-1 4.39482E-1 3.70221E-1 2.65952E-1 3.00653E-1 2.4529E-1 2.47298E-1 3.16739E-1 3.56544E-1 3.06437E-1 4.1576E-1 5.30896E-1 5.01138E-1 4.48418E-1 4.17702E-1 3.55224E-1 3.29574E-1 2.15095E-1 2.20629E-1 2.38029E-1 2.66662E-1 3.20403E-1 3.79829E-1 4.21718E-1 4.4247E-1 2.69533E-1 3.22547E-1 3.39456E-1 3.11155E-1 4.42736E-1 4.52587E-1 3.87939E-1
6.2118E-1 6.15059E-1 4.12152E-1 6.01703E-1 6.10233E-1 6.46266E-1 7.46733E-1 7.30373E-1 5.60335E-1 4.38865E-1 4.59439E-1 4.82241E-1 4.70687E-1 5.09435E-1 5.75835E-1 5.14131E-1 5.95042E-1 5.94594E-1 6.20564E-1 6.41631E-1 5.93202E-1 7.2011E-1 5.51906E-1 6.50319E-1 5.45865E-1 4.44992E-1 3.82808E-1 3.29573E-1 3.84377E-1 3.64746E-1 3.35243E-1 3.11343E-1 2.78276E-1 2.051E-1 2.07139E-1 3.93847E-1 -9999 -9999 5.82906E-1 5.86397E-1 5.2267E-1 4.81992E-1 4.51173E-1 4.0372E-1 3.3269E-1 2.23375E-1 2.26402E-1 2.49082E-1 2.8227E-1 3.28677E-1 3.91117E-1 4.42372E-1 4.60087E-1 3.96664E-1 4.15369E-1 4.51798E-1 4.44889E-1 4.56714E-1 4.82332E-1 4.02571E-1
6.03373E-1 6.02083E-1 6.02777E-1 6.11157E-1 6.02282E-1 6.64279E-1 7.60832E-1 7.46455E-1 4.69596E-1 5.21224E-1 5.23889E-1 5.53583E-1 4.81199E-1 6.05419E-1 6.56851E-1 6.60775E-1 5.3057E-1 5.92701E-1 6.12429E-1 5.60414E-1 6.7044E-1 7.18917E-1 7.16291E-1 6.78203E-1 5.40462E-1 4.29324E-1 4.58496E-1 3.92295E-1 4.26823E-1 4.36248E-1 3.73584E-1 3.56588E-1 3.50239E-1 2.70163E-1 2.85341E-1 3.86961E-1 6.68122E-1 4.61568E-1 6.81609E-1 6.63212E-1 5.84568E-1 5.31034E-1 4.90139E-1 4.13202E-1 3.3359E-1 2.41633E-1 2.24319E-1 2.78664E-1 3.25004E-1 3.84472E-1 4.34161E-1 4.95526E-1 5.88726E-1 5.32992E-1 4.37243E-1 4.48413E-1 4.51705E-1 4.44966E-1 5.04863E-1 4.86473E-1
5.84907E-1 5.86281E-1 5.96902E-1 6.35262E-1 5.38731E-1 7.23707E-1 6.71405E-1 4.00948E-1 4.99784E-1 6.27977E-1 5.84797E-1 4.8274E-1 5.83704E-1 5.73076E-1 6.15773E-1 6.38391E-1 5.90847E-1 6.06695E-1 5.7929E-1 6.6186E-1 6.92282E-1 7.32605E-1 6.64135E-1 7.22061E-1 5.43647E-1 4.08367E-1 4.16969E-1 4.21918E-1 3.95816E-1 4.50469E-1 4.14474E-1 4.53058E-1 4.63769E-1 4.28604E-1 4.9188E-1 6.43272E-1 5.92298E-1 4.87659E-1 7.12862E-1 6.51087E-1 5.82524E-1 5.3034E-1 4.83085E-1 4.21231E-1 3.45317E-1 2.6607E-1 2.38286E-1 2.82938E-1 3.19053E-1 4.01566E-1 4.60947E-1 4.91504E-1 4.37044E-1 4.90385E-1 3.89873E-1 3.95071E-1 4.44969E-1 3.57045E-1 4.67282E-1 4.91666E-1
5.56968E-1 5.56654E-1 5.91446E-1 6.64477E-1 7.64601E-1 7.19419E-1 5.83752E-1 4.70955E-1 6.17188E-1 6.5625E-1 6.10801E-1 6.05908E-1 5.80503E-1 5.56168E-1 5.27902E-1 5.55922E-1 5.85758E-1 6.00869E-1 6.31413E-1 6.82864E-1 7.61453E-1 7.68217E-1 6.79335E-1 5.97004E-1 5.33871E-1 5.06571E-1 5.5551E-1 5.39388E-1 5.54384E-1 5.13333E-1 4.46271E-1 4.80542E-1 4.6911E-1 4.29985E-1 4.39196E-1 5.95267E-1 6.06614E-1 6.82957E-1 7.76803E-1 5.95464E-1 6.01151E-1 5.43222E-1 5.0446E-1 4.33857E-1 3.52175E-1 2.2374E-1 2.55914E-1 3.10409E-1 3.63121E-1 4.31141E-1 5.06931E-1 5.43E-1 2.5368E-1 3.68794E-1 3.76231E-1 3.97698E-1 4.48104E-1 4.53698E-1 4.07004E-1 4.61127E-1
5.15941E-1 5.33043E-1 5.80513E-1 7.41697E-1 7.86342E-1 6.57941E-1 6.09385E-1 6.49648E-1 6.38127E-1 6.64414E-1 6.15507E-1 5.9938E-1 5.67892E-1 5.30003E-1 5.15831E-1 6.27608E-1 6.53489E-1 6.59433E-1 6.81034E-1 7.29658E-1 7.85221E-1 7.74168E-1 8.06243E-1 6.83012E-1 6.92667E-1 6.547E-1 6.55879E-1 5.57805E-1 5.52013E-1 4.99758E-1 3.54424E-1 3.91795E-1 4.64804E-1 4.27859E-1 4.06208E-1 4.92872E-1 5.43016E-1 6.44897E-1 7.38764E-1 5.21542E-1 5.41896E-1 4.96944E-1 4.6529E-1 3.8926E-1 3.25182E-1 2.51169E-1 2.82361E-1 3.2128E-1 3.6136E-1 4.50141E-1 5.1371E-1 5.60906E-1 1.47972E-1 4.67226E-1 4.26538E-1 4.54921E-1 4.63399E-1 3.47558E-1 4.96062E-1 4.11077E-1
5.19776E-1 5.23902E-1 5.4837E-1 6.25024E-1 6.88914E-1 6.27657E-1 6.32779E-1 6.02468E-1 6.83014E-1 5.51333E-1 6.17151E-1 5.95476E-1 5.52116E-1 5.23747E-1 5.01452E-1 6.06904E-1 6.32222E-1 6.42517E-1 7.01745E-1 6.93426E-1 6.55564E-1 6.42002E-1 6.49854E-1 5.20112E-1 7.16018E-1 6.23284E-1 6.229E-1 5.74109E-1 5.44719E-1 4.83236E-1 2.66349E-1 3.30326E-1 3.73947E-1 4.14736E-1 4.06347E-1 5.06889E-1 5.56374E-1 6.24752E-1 7.37733E-1 5.84963E-1 5.47779E-1 5.24037E-1 4.56664E-1 3.83182E-1 3.2356E-1 2.87229E-1 3.11162E-1 3.46014E-1 3.77822E-1 4.47833E-1 5.30411E-1 4.66128E-1 3.99773E-1 5.026E-1 4.2147E-1 4.64218E-1 4.74657E-1 3.65598E-1 4.44742E-1 4.31772E-1
5.61836E-1 5.61723E-1 5.96916E-1 6.58926E-1 6.37216E-1 6.44434E-1 6.60426E-1 7.0872E-1 6.52941E-1 7.16866E-1 6.26569E-1 6.02388E-1 5.44359E-1 5.09838E-1 4.90512E-1 5.85823E-1 6.11586E-1 6.12983E-1 5.51307E-1 5.50139E-1 5.87309E-1 5.97564E-1 5.92134E-1 4.79168E-1 7.27517E-1 6.53575E-1 6.79581E-1 6.22786E-1 5.63408E-1 4.8344E-1 3.75337E-1 3.72133E-1 4.3327E-1 4.96152E-1 4.34737E-1 5.55514E-1 5.97184E-1 6.78756E-1 7.35622E-1 5.70024E-1 5.3352E-1 5.09297E-1 4.28749E-1 3.73695E-1 3.50325E-1 3.29163E-1 3.46128E-1 3.82E-1 3.88548E-1 4.29132E-1 4.789E-1 5.12466E-1 5.32883E-1 5.38174E-1 4.12832E-1 4.77678E-1 4.77626E-1 3.30201E-1 4.55884E-1 4.2773E-1
6.08548E-1 6.06903E-1 6.23923E-1 6.28196E-1 6.28421E-1 5.26755E-1 7.09753E-1 5.94287E-1 7.25239E-1 7.10489E-1 6.28441E-1 5.77789E-1 5.34445E-1 4.98748E-1 4.75685E-1 5.54915E-1 5.66496E-1 5.41081E-1 5.16543E-1 5.33674E-1 5.57614E-1 5.66676E-1 5.89005E-1 6.22115E-1 7.66805E-1 7.00035E-1 6.54078E-1 4.95983E-1 4.85048E-1 3.64361E-1 3.6368E-1 3.96463E-1 5.3499E-1 5.14526E-1 4.47224E-1 5.45315E-1 5.95716E-1 6.19491E-1 3.69165E-1 5.5448E-1 5.25114E-1 5.02652E-1 4.05814E-1 3.624E-1 3.70903E-1 3.66296E-1 4.02361E-1 4.24917E-1 4.0697E-1 4.3515E-1 4.72015E-1 4.93194E-1 4.97362E-1 4.39304E-1 4.74862E-1 4.27956E-1 2.71725E-1 4.22887E-1 5.24065E-1 4.91322E-1
5.879E-1 6.55602E-1 6.48239E-1 6.23066E-1 5.50198E-1 6.9079E-1 7.88497E-1 7.55605E-1 6.9198E-1 7.07501E-1 5.85236E-1 5.31307E-1 5.03365E-1 4.86055E-1 4.63657E-1 5.23474E-1 5.03929E-1 5.93645E-1 -9999 5.85107E-1 5.21231E-1 5.29815E-1 5.69122E-1 5.4748E-1 7.06409E-1 6.01012E-1 5.35563E-1 5.0375E-1 4.73393E-1 3.8082E-1 3.10866E-1 3.624E-1 4.6767E-1 4.47E-1 4.72488E-1 5.3864E-1 5.78197E-1 5.83744E-1 6.43641E-1 4.42423E-1 6.44924E-1 4.55531E-1 4.11783E-1 3.8653E-1 4.13445E-1 4.38669E-1 4.80428E-1 4.5714E-1 3.7709E-1 3.11085E-1 4.62573E-1 4.74459E-1 4.29488E-1 3.16887E-1 5.42981E-1 4.9388E-1 3.31086E-1 4.21451E-1 5.42622E-1 4.95183E-1
2.3006E-1 4.66553E-1 6.15373E-1 5.93523E-1 5.96373E-1 6.98318E-1 7.43121E-1 5.99758E-1 6.11887E-1 6.23633E-1 5.26982E-1 4.88858E-1 4.40924E-1 4.54769E-1 4.83194E-1 5.81083E-1 -9999 -9999 5.47018E-1 5.08527E-1 4.48223E-1 4.43473E-1 4.85666E-1 2.2366E-1 6.45712E-1 5.16247E-1 4.94854E-1 4.68186E-1 4.12545E-1 3.1774E-1 3.37846E-1 5.48458E-1 5.19919E-1 5.26304E-1 5.13004E-1 4.18649E-1 4.5146E-1 4.24297E-1 4.21786E-1 3.95049E-1 5.19291E-1 3.62374E-1 3.75312E-1 3.18128E-1 3.2867E-1 3.82613E-1 5.3639E-1 5.81465E-1 3.93673E-1 4.02626E-1 4.09205E-1 4.17474E-1 4.0831E-1 2.3716E-1 4.4359E-1 3.75616E-1 4.04938E-1 3.85596E-1 4.64657E-1 4.11808E-1
4.08404E-1 4.06073E-1 6.11822E-1 5.9731E-1 6.61399E-1 7.211E-1 6.46084E-1 5.35572E-1 6.21383E-1 6.15333E-1 5.08946E-1 4.85769E-1 4.61706E-1 4.47423E-1 4.37469E-1 5.46201E-1 5.39816E-1 4.97819E-1 4.54767E-1 4.50031E-1 4.44003E-1 4.77243E-1 5.33045E-1 7.33488E-1 6.61813E-1 4.45772E-1 4.47697E-1 4.16543E-1 4.2474E-1 4.75606E-1 5.55653E-1 5.15665E-1 5.3951E-1 4.46505E-1 5.60998E-1 4.36644E-1 4.72285E-1 4.90735E-1 3.81017E-1 6.15545E-1 5.41925E-1 3.82009E-1 4.12596E-1 3.66804E-1 3.57593E-1 3.85628E-1 4.15404E-1 5.37287E-1 5.64741E-1 5.60614E-1 4.02716E-1 3.88126E-1 4.54334E-1 2.47674E-1 4.54413E-1 4.02549E-1 4.13196E-1 3.90596E-1 3.85642E-1 3.31952E-1
6.15193E-1 6.31933E-1 6.20574E-1 6.05174E-1 7.38493E-1 6.9158E-1 5.5876E-1 4.97638E-1 5.5487E-1 6.60645E-1 6.35564E-1 5.31059E-1 5.13287E-1 5.09135E-1 4.8996E-1 5.71581E-1 5.25723E-1 5.07454E-1 5.1308E-1 5.04159E-1 3.91773E-1 4.70186E-1 4.50196E-1 4.25034E-1 4.33674E-1 2.73556E-1 3.06301E-1 2.99294E-1 4.45704E-1 4.88371E-1 4.92229E-1 5.06964E-1 5.39598E-1 5.42412E-1 5.69036E-1 4.46367E-1 4.30329E-1 4.68438E-1 6.11123E-1 6.06961E-1 5.44087E-1 3.68843E-1 3.65994E-1 4.54234E-1 3.85236E-1 3.95238E-1 3.87317E-1 3.00568E-1 4.03122E-1 5.46256E-1 4.15444E-1 2.91026E-1 4.33549E-1 3.80415E-1 4.4511E-1 2.96874E-1 4.16425E-1 3.91299E-1 3.95028E-1 4.05949E-1
