Phytophthora/models/20240429_1812_56/Phytophthora_PA2_RUN1_MAXENT_outputs/Phytophthora_PA2_RUN1.asc
ncols         225
nrows         269
xllcorner     473000.0
yllcorner     4429100.0
cellsize      50.0
NODATA_value  -9999
[rows 108 to 134 of 269, columns 120 to 179 of 225]
3.77077E-1 3.62515E-1 3.52839E-1 3.48199E-1 -9999 -9999 -9999 -9999 -9999 -9999 -9999 -9999 -9999 -9999 -9999 -9999 -9999 -9999 -9999 -9999 -9999 -9999 -9999 -9999 -9999 -9999 -9999 -9999 -9999 -9999 -9999 -9999 -9999 -9999 -9999 3.41749E-1 1.95612E-1 2.89345E-1 3.52987E-1 3.21683E-1 2.92954E-1 3.00391E-1 2.99094E-1 3.96507E-1 2.62181E-1 2.74802E-1 2.1107E-1 2.87464E-1 3.48679E-1 3.20015E-1 3.56693E-1 3.1626E-1 3.05031E-1 2.38578E-1 2.11431E-1 1.99929E-1 1.89807E-1 1.74683E-1 1.83495E-1 2.11291E-1
4.06238E-1 2.41375E-1 3.46017E-1 3.46763E-1 3.84062E-1 -9999 -9999 -9999 -9999 -9999 -9999 -9999 -9999 -9999 -9999 -9999 -9999 -9999 -9999 -9999 -9999 -9999 -9999 -9999 -9999 -9999 -9999 -9999 -9999 -9999 -9999 -9999 2.57906E-1 2.69549E-1 4.14151E-1 3.37648E-1 3.25303E-1 2.62542E-1 3.07085E-1 3.32526E-1 3.52913E-1 3.27354E-1 2.63982E-1 3.63621E-1 3.56891E-1 1.25297E-1 2.14409E-1 2.08354E-1 3.32669E-1 2.98067E-1 3.4368E-1 3.46952E-1 2.707E-1 2.26645E-1 2.33821E-1 2.05835E-1 1.87488E-1 1.72368E-1 1.75631E-1 1.89203E-1
2.74347E-1 3.73866E-1 2.33285E-1 3.45319E-1 3.82561E-1 6.12332E-1 -9999 -9999 -9999 -9999 -9999 -9999 -9999 -9999 -9999 -9999 -9999 -9999 -9999 -9999 -9999 -9999 -9999 -9999 -9999 -9999 -9999 -9999 -9999 -9999 -9999 -9999 2.16388E-1 2.80423E-1 3.1197E-1 3.2687E-1 3.26085E-1 2.35675E-1 2.10269E-1 2.10688E-1 3.01868E-1 3.17327E-1 3.13869E-1 3.36067E-1 3.0631E-1 1.28135E-1 1.51767E-1 1.64416E-1 2.87046E-1 2.51297E-1 3.09691E-1 2.65403E-1 2.37864E-1 2.34629E-1 2.21313E-1 1.94332E-1 1.68225E-1 1.64448E-1 1.5356E-1 1.67492E-1
4.03226E-1 3.86845E-1 3.6954E-1 3.85898E-1 4.21413E-1 5.91289E-1 7.09381E-1 -9999 -9999 -9999 -9999 -9999 -9999 -9999 -9999 -9999 -9999 -9999 -9999 -9999 -9999 -9999 -9999 -9999 -9999 -9999 -9999 -9999 -9999 -9999 -9999 -9999 2.87076E-1 3.41001E-1 3.26767E-1 2.68972E-1 2.42523E-1 2.53227E-1 1.58379E-1 1.43462E-1 1.49436E-1 2.30636E-1 2.25119E-1 2.27221E-1 2.26771E-1 2.65977E-2 9.98224E-2 1.22861E-1 2.18231E-1 1.78837E-1 2.31633E-1 2.07955E-1 1.76779E-1 1.63187E-1 1.50873E-1 1.26476E-1 1.16242E-1 1.02793E-1 1.00934E-1 1.04412E-1
3.55029E-1 3.68919E-1 3.8065E-1 3.92476E-1 4.39915E-1 4.13644E-1 6.1899E-1 5.79995E-1 -9999 -9999 -9999 -9999 -9999 -9999 -9999 -9999 -9999 -9999 -9999 -9999 -9999 -9999 -9999 -9999 -9999 -9999 -9999 -9999 -9999 -9999 -9999 2.33251E-1 2.86076E-1 3.04144E-1 2.75325E-1 1.87215E-1 2.29291E-1 2.11548E-1 1.18574E-1 1.13045E-1 1.13643E-1 1.11199E-1 1.41857E-1 1.79724E-1 7.10979E-2 9.1588E-2 8.09524E-2 1.31387E-1 1.75482E-1 1.36989E-1 1.8886E-1 1.5911E-1 1.31492E-1 1.4554E-1 1.21267E-1 9.75218E-2 1.00669E-1 8.74311E-2 8.06153E-2 8.27273E-2
3.47143E-1 4.16107E-1 3.78971E-1 3.8167E-1 4.5151E-1 4.84674E-1 6.52759E-1 6.13855E-1 -9999 -9999 -9999 -9999 -9999 -9999 -9999 -9999 -9999 -9999 -9999 -9999 -9999 -9999 -9999 -9999 -9999 -9999 -9999 -9999 -9999 -9999 2.63398E-1 2.51997E-1 2.65406E-1 2.79061E-1 2.46392E-1 1.58771E-1 2.10149E-1 1.73032E-1 1.14523E-1 9.6709E-2 1.01897E-1 9.80495E-2 8.79023E-2 1.29579E-1 2.54119E-2 8.15686E-2 6.89E-2 1.0914E-1 1.27097E-1 1.01554E-1 1.53593E-1 1.13643E-1 1.31074E-1 1.03842E-1 8.18676E-2 7.57701E-2 7.21742E-2 6.99604E-2 6.28779E-2 6.56033E-2
3.72594E-1 3.81464E-1 3.85678E-1 3.82287E-1 4.46914E-1 5.87659E-1 4.58993E-1 6.55589E-1 -9999 -9999 -9999 -9999 -9999 -9999 -9999 -9999 -9999 -9999 -9999 -9999 -9999 -9999 -9999 -9999 -9999 -9999 -9999 -9999 -9999 -9999 2.5864E-1 2.57711E-1 2.58679E-1 2.76778E-1 2.57599E-1 1.75908E-1 2.3605E-1 2.30317E-1 1.21605E-1 1.21869E-1 1.25299E-1 1.16957E-1 1.016E-1 9.25107E-2 8.06239E-2 5.96907E-2 5.46482E-2 8.30831E-2 7.45207E-2 7.89532E-2 1.13114E-1 1.08592E-1 8.25859E-2 6.44647E-2 6.11963E-2 5.75487E-2 5.52246E-2 5.37444E-2 6.11524E-2 8.79623E-2
3.98291E-1 3.90337E-1 3.85004E-1 3.94421E-1 4.47004E-1 6.31983E-1 4.63285E-1 7.22732E-1 -9999 -9999 -9999 -9999 -9999 -9999 -9999 -9999 -9999 -9999 -9999 -9999 -9999 -9999 -9999 -9999 -9999 -9999 -9999 -9999 -9999 -9999 2.80552E-1 2.69989E-1 2.95483E-1 2.65965E-1 2.44719E-1 1.59749E-1 1.586E-1 1.71182E-1 1.57178E-1 1.44496E-1 1.49005E-1 1.41915E-1 1.24036E-1 1.09882E-1 7.49124E-2 5.02092E-2 3.77052E-2 5.52303E-2 3.76965E-2 6.42233E-2 7.36246E-2 5.2642E-2 4.54623E-2 4.28452E-2 4.29246E-2 4.07405E-2 4.39736E-2 5.87276E-2 7.765E-2 1.12277E-1
3.65538E-1 5.59328E-1 5.46661E-1 5.4426E-1 6.04704E-1 7.86626E-1 7.35798E-1 6.95956E-1 -9999 -9999 -9999 -9999 -9999 -9999 -9999 -9999 -9999 -9999 -9999 -9999 -9999 -9999 -9999 -9999 -9999 -9999 -9999 -9999 -9999 -9999 -9999 3.02601E-1 3.20143E-1 3.04132E-1 3.23163E-1 3.37729E-1 3.53431E-1 3.80082E-1 4.0964E-1 3.25237E-1 2.30767E-1 2.14914E-1 1.87466E-1 1.59094E-1 1.15563E-1 1.96192E-2 9.46068E-2 4.34883E-2 6.3828E-2 5.4851E-2 6.18552E-2 5.69538E-2 5.50646E-2 5.66387E-2 5.64285E-2 6.23031E-2 9.09584E-2 1.21202E-1 1.45228E-1 1.72252E-1
3.25556E-1 4.63507E-1 5.53973E-1 4.8285E-1 5.96941E-1 7.6703E-1 4.33247E-1 7.24503E-1 -9999 -9999 -9999 -9999 -9999 -9999 -9999 -9999 -9999 -9999 -9999 -9999 -9999 -9999 -9999 -9999 -9999 -9999 -9999 -9999 -9999 -9999 -9999 -9999 3.0252E-1 3.0828E-1 3.23067E-1 2.7177E-1 3.75007E-1 4.02634E-1 4.55189E-1 4.71438E-1 2.90558E-1 2.51333E-1 2.12401E-1 1.87627E-1 1.45853E-1 1.08012E-1 8.68058E-2 7.40222E-2 8.9346E-2 6.01316E-2 5.89832E-2 4.14167E-2 3.46882E-2 5.12917E-2 7.38732E-2 8.68687E-2 1.2504E-1 1.60875E-1 1.79119E-1 2.04597E-1
5.52934E-1 2.71879E-1 4.02219E-1 7.17121E-1 6.30877E-1 7.35149E-1 7.77082E-1 6.49476E-1 -9999 -9999 -9999 -9999 -9999 -9999 -9999 -9999 -9999 -9999 -9999 -9999 -9999 -9999 -9999 -9999 -9999 -9999 -9999 -9999 -9999 -9999 -9999 -9999 3.1195E-1 3.16844E-1 3.26294E-1 3.54747E-1 4.01032E-1 2.37546E-1 4.00021E-1 4.49528E-1 3.92958E-1 3.54631E-1 2.60333E-1 2.37391E-1 2.37067E-1 7.26506E-2 9.70431E-2 1.69489E-1 9.03357E-2 7.93238E-2 8.52425E-2 5.80984E-2 4.03137E-2 5.91133E-2 1.09198E-1 1.17809E-1 1.57135E-1 1.86283E-1 2.06365E-1 2.44931E-1
5.75682E-1 6.05039E-1 6.85945E-1 5.88234E-1 6.91282E-1 4.72544E-1 7.1385E-1 -9999 -9999 -9999 -9999 -9999 -9999 -9999 -9999 -9999 -9999 -9999 -9999 -9999 -9999 -9999 -9999 -9999 -9999 -9999 5.90968E-1 -9999 -9999 -9999 -9999 -9999 3.06631E-1 3.10714E-1 3.34533E-1 3.73273E-1 4.06159E-1 4.64275E-1 4.7277E-1 4.77288E-1 4.04967E-1 4.17996E-1 3.90711E-1 3.32309E-1 2.24179E-1 1.14656E-1 9.84626E-2 1.18162E-1 1.11179E-1 1.14879E-1 1.16335E-1 7.85185E-2 5.53772E-2 7.43929E-2 1.59203E-1 1.35635E-1 1.70854E-1 1.98502E-1 2.32552E-1 2.89554E-1
5.03212E-1 6.13228E-1 3.37091E-1 3.17415E-1 6.37352E-1 7.73733E-1 -9999 -9999 -9999 -9999 -9999 -9999 -9999 -9999 -9999 -9999 -9999 -9999 -9999 -9999 -9999 -9999 -9999 -9999 -9999 4.73682E-1 5.01738E-1 -9999 -9999 -9999 -9999 -9999 3.14147E-1 2.90287E-1 3.15915E-1 3.49643E-1 4.10344E-1 5.1793E-1 5.23367E-1 4.90289E-1 4.18738E-1 4.11841E-1 3.88888E-1 3.06966E-1 2.6339E-1 1.85899E-1 5.88788E-2 1.53807E-1 1.46829E-1 1.59664E-1 1.58541E-1 1.01936E-1 7.04699E-2 1.11508E-1 1.63182E-1 1.17813E-1 1.49605E-1 1.95589E-1 2.76169E-1 3.20977E-1
6.72819E-1 6.59329E-1 6.171E-1 4.54004E-1 6.15991E-1 6.8936E-1 -9999 -9999 -9999 -9999 -9999 -9999 -9999 -9999 -9999 -9999 -9999 -9999 -9999 -9999 -9999 -9999 -9999 -9999 6.5921E-1 6.16088E-1 4.94655E-1 5.12876E-1 5.64895E-1 5.31572E-1 4.68178E-1 -9999 -9999 4.07614E-1 3.7488E-1 3.31452E-1 3.95349E-1 4.9251E-1 5.50604E-1 4.9256E-1 3.48801E-1 3.46341E-1 3.20972E-1 3.07432E-1 1.87084E-1 1.65346E-1 1.94404E-1 7.55643E-2 1.88602E-1 1.97143E-1 1.87951E-1 1.04265E-1 8.1611E-2 9.44091E-2 9.6428E-2 1.28419E-1 1.68156E-1 2.50042E-1 3.26358E-1 3.63946E-1
6.74136E-1 6.80517E-1 5.08209E-1 4.31261E-1 5.61254E-1 7.25398E-1 -9999 -9999 -9999 -9999 -9999 -9999 -9999 -9999 -9999 -9999 -9999 -9999 -9999 -9999 -9999 -9999 -9999 -9999 6.6477E-1 6.2307E-1 4.17404E-1 5.92711E-1 5.78984E-1 5.3584E-1 4.74053E-1 4.75662E-1 4.68332E-1 4.30293E-1 3.57966E-1 3.02297E-1 3.66246E-1 4.13713E-1 5.397E-1 4.8912E-1 3.56206E-1 3.45584E-1 1.88003E-1 1.65984E-1 1.57217E-1 1.82556E-1 2.15327E-1 2.17248E-1 2.27261E-1 2.43587E-1 2.6387E-1 1.27186E-1 1.47927E-1 1.02852E-1 7.97097E-2 1.14669E-1 1.68421E-1 2.82669E-1 3.10989E-1 3.72866E-1
6.72434E-1 6.7544E-1 6.74382E-1 5.71196E-1 7.05385E-1 7.55878E-1 -9999 -9999 -9999 -9999 -9999 -9999 -9999 -9999 -9999 -9999 -9999 -9999 -9999 -9999 -9999 -9999 -9999 -9999 -9999 -9999 6.49746E-1 5.81876E-1 5.80005E-1 5.05467E-1 4.93288E-1 4.73304E-1 4.65393E-1 4.30846E-1 3.93368E-1 3.34239E-1 3.92737E-1 4.46731E-1 4.55178E-1 3.57677E-1 2.50376E-1 2.56725E-1 2.13591E-1 1.62136E-1 1.77475E-1 2.29268E-1 2.22088E-1 2.29846E-1 2.52763E-1 1.49624E-1 2.68354E-1 1.98063E-1 1.49866E-1 7.00912E-2 6.9251E-2 1.0816E-1 1.8289E-1 2.58653E-1 3.03548E-1 3.35518E-1
6.68024E-1 6.78246E-1 6.39644E-1 6.96247E-1 7.30832E-1 7.91086E-1 7.48839E-1 7.29103E-1 -9999 -9999 7.40544E-1 -9999 -9999 -9999 -9999 -9999 -9999 -9999 -9999 -9999 -9999 -9999 -9999 -9999 -9999 -9999 -9999 5.25458E-1 6.18926E-1 5.86429E-1 5.35598E-1 4.76346E-1 4.6184E-1 4.42956E-1 4.71103E-1 4.32422E-1 4.31838E-1 3.34732E-1 2.93092E-1 2.83652E-1 2.05819E-1 2.0712E-1 1.88773E-1 1.62575E-1 1.5423E-1 2.33184E-1 2.20532E-1 2.32744E-1 2.38322E-1 3.04068E-1 1.11041E-1 2.12478E-1 1.69342E-1 6.78535E-2 6.62953E-2 1.0111E-1 1.45232E-1 2.27609E-1 2.63477E-1 3.22988E-1
6.88727E-1 6.95376E-1 7.39356E-1 5.87156E-1 8.08056E-1 7.28959E-1 7.00658E-1 6.98525E-1 6.92981E-1 6.66272E-1 6.36139E-1 -9999 -9999 -9999 -9999 -9999 -9999 -9999 -9999 -9999 -9999 -9999 -9999 -9999 -9999 -9999 -9999 6.35298E-1 4.82682E-1 5.87054E-1 5.07466E-1 4.71282E-1 4.47376E-1 4.52106E-1 4.64378E-1 3.76298E-1 2.89846E-1 2.78022E-1 2.79482E-1 2.64069E-1 1.8188E-1 2.01709E-1 2.09733E-1 2.13511E-1 2.24472E-1 2.29351E-1 2.18408E-1 2.14383E-1 1.98883E-1 1.7997E-1 1.07866E-1 1.40815E-1 1.24446E-1 7.5953E-2 6.73286E-2 8.16288E-2 1.21036E-1 1.63358E-1 2.37223E-1 1.93532E-1
5.9211E-1 5.26665E-1 6.10983E-1 6.548E-1 5.36736E-1 6.25362E-1 6.15208E-1 6.22698E-1 6.16516E-1 6.04839E-1 6.04585E-1 -9999 -9999 -9999 -9999 -9999 -9999 -9999 -9999 -9999 -9999 -9999 -9999 -9999 -9999 -9999 -9999 3.67337E-1 2.4057E-1 3.28384E-1 3.74135E-1 3.69433E-1 3.46341E-1 3.76489E-1 3.30397E-1 2.76264E-1 1.95246E-1 2.14087E-1 2.30129E-1 2.3908E-1 1.76938E-1 1.81686E-1 1.82286E-1 1.8508E-1 1.89625E-1 1.80557E-1 1.68396E-1 1.57001E-1 1.43808E-1 1.28748E-1 1.21835E-1 5.82939E-2 6.65272E-2 6.445E-2 7.8156E-2 8.86293E-2 7.86122E-2 1.73543E-1 1.42396E-1 1.92598E-1
6.56385E-1 5.6145E-1 4.77814E-1 4.69172E-1 4.63753E-1 5.66158E-1 5.76137E-1 6.04093E-1 5.931E-1 5.80036E-1 6.03949E-1 -9999 -9999 -9999 -9999 -9999 -9999 -9999 -9999 -9999 -9999 -9999 -9999 -9999 -9999 -9999 -9999 3.57138E-1 3.23385E-1 2.08402E-1 3.76923E-1 3.79284E-1 3.6446E-1 3.67961E-1 3.72749E-1 1.35317E-1 2.33051E-1 2.29552E-1 2.4775E-1 2.41289E-1 1.70476E-1 1.75392E-1 1.80042E-1 1.78993E-1 1.74579E-1 1.73096E-1 1.68575E-1 1.4263E-1 1.29847E-1 1.15188E-1 1.15112E-1 8.0074E-2 7.81009E-2 7.51167E-2 8.98766E-2 1.92215E-1 1.78999E-1 1.21768E-1 1.70983E-1 2.6053E-1
4.93826E-1 4.97172E-1 4.44729E-1 3.91195E-1 3.90149E-1 5.49028E-1 5.55739E-1 5.81815E-1 5.56388E-1 5.0481E-1 7.10068E-1 6.82144E-1 -9999 -9999 -9999 -9999 -9999 -9999 -9999 -9999 -9999 -9999 -9999 -9999 -9999 -9999 -9999 3.57606E-1 3.45242E-1 3.44117E-1 3.2293E-1 4.27257E-1 4.05727E-1 3.6875E-1 3.61286E-1 2.84474E-1 2.9047E-1 2.38494E-1 2.39723E-1 2.3934E-1 1.70893E-1 1.27337E-1 1.80376E-1 1.86464E-1 1.74746E-1 1.57935E-1 1.65063E-1 1.42212E-1 1.29921E-1 1.14158E-1 5.41845E-2 7.34575E-2 9.04521E-2 1.13696E-1 1.2469E-1 1.35658E-1 2.38004E-1 1.69039E-1 2.32121E-1 3.35552E-1
3.80894E-1 5.35043E-1 4.7933E-1 4.26358E-1 4.18009E-1 5.51205E-1 5.62341E-1 6.03789E-1 6.7082E-1 7.27785E-1 7.28607E-1 7.05397E-1 7.12295E-1 -9999 -9999 -9999 -9999 -9999 -9999 -9999 -9999 -9999 -9999 -9999 -9999 -9999 -9999 3.855E-1 3.49097E-1 3.34905E-1 3.83473E-1 3.8307E-1 3.94626E-1 3.73399E-1 2.53794E-1 2.75084E-1 2.57969E-1 2.33622E-1 2.30169E-1 2.37469E-1 1.79754E-1 1.39222E-1 1.8737E-1 1.93811E-1 1.75376E-1 1.46452E-1 1.40013E-1 1.25957E-1 1.26017E-1 1.41286E-1 9.31579E-2 9.84788E-2 1.12169E-1 1.23049E-1 1.60274E-1 1.85954E-1 1.53576E-1 2.87531E-1 2.69805E-1 3.13088E-1
5.04592E-1 5.10867E-1 4.63683E-1 4.09978E-1 4.08945E-1 5.82089E-1 5.90539E-1 6.58609E-1 6.2051E-1 7.10678E-1 7.12756E-1 7.23646E-1 7.23458E-1 7.12498E-1 -9999 -9999 -9999 -9999 -9999 -9999 -9999 -9999 -9999 -9999 -9999 -9999 -9999 2.91589E-1 2.92372E-1 3.22094E-1 3.88972E-1 2.33428E-1 3.70398E-1 3.72984E-1 3.75327E-1 3.12697E-1 2.67585E-1 2.37455E-1 2.51359E-1 2.60518E-1 1.72555E-1 2.12544E-1 2.01409E-1 2.00899E-1 1.83923E-1 1.55384E-1 1.46455E-1 1.19791E-1 9.98543E-2 8.28052E-2 1.49549E-1 1.36539E-1 1.45725E-1 1.53217E-1 1.68456E-1 2.15954E-1 1.31647E-1 3.15243E-1 2.81839E-1 2.87617E-1
2.59285E-1 2.68282E-1 2.40322E-1 2.02804E-1 2.67478E-1 -9999 5.56224E-1 4.84349E-1 4.88547E-1 5.08936E-1 7.07357E-1 7.23742E-1 7.36025E-1 7.22548E-1 6.75485E-1 6.81227E-1 -9999 -9999 -9999 -9999 -9999 -9999 -9999 -9999 -9999 -9999 -9999 4.82508E-1 5.08026E-1 4.4268E-1 3.23635E-1 3.13865E-1 3.0836E-1 1.77265E-1 3.25756E-1 4.44451E-1 3.80078E-1 3.6067E-1 3.3933E-1 3.46948E-1 2.4631E-1 3.02545E-1 3.2645E-1 3.40485E-1 2.90214E-1 1.78695E-1 1.62917E-1 1.31409E-1 8.63282E-2 6.77531E-2 9.87625E-2 4.70491E-2 1.50374E-1 1.60355E-1 1.77897E-1 1.39141E-1 2.79833E-1 2.94766E-1 3.02845E-1 2.80621E-1
2.55784E-1 2.52889E-1 2.32548E-1 2.23071E-1 3.73811E-1 5.4404E-1 4.98136E-1 5.42257E-1 4.88491E-1 3.82647E-1 6.47736E-1 7.27448E-1 7.44682E-1 7.62931E-1 6.91505E-1 6.7638E-1 -9999 -9999 -9999 -9999 -9999 -9999 -9999 -9999 -9999 -9999 -9999 -9999 5.31236E-1 -9999 -9999 -9999 -9999 3.24996E-1 3.19752E-1 3.78054E-1 3.47857E-1 3.46269E-1 3.28101E-1 3.24539E-1 2.62663E-1 2.72135E-1 3.2927E-1 4.18141E-1 3.62466E-1 1.95712E-1 1.74393E-1 1.32293E-1 9.71933E-2 8.41605E-2 1.18169E-1 1.37196E-1 1.1817E-1 1.75342E-1 1.93055E-1 2.35377E-1 2.8368E-1 3.34602E-1 2.7085E-1 2.7657E-1
2.73862E-1 2.56917E-1 2.27142E-1 2.74208E-1 3.28096E-1 4.87792E-1 5.00173E-1 2.96551E-1 3.16645E-1 5.14195E-1 7.14774E-1 7.16834E-1 7.50674E-1 7.36037E-1 7.70328E-1 6.97854E-1 -9999 -9999 -9999 -9999 -9999 -9999 -9999 -9999 -9999 -9999 -9999 -9999 -9999 -9999 -9999 -9999 -9999 -9999 3.20224E-1 3.70433E-1 3.67604E-1 3.06917E-1 3.06234E-1 3.1545E-1 2.5365E-1 2.79602E-1 2.72815E-1 3.18274E-1 4.11184E-1 2.31111E-1 1.88601E-1 1.25548E-1 1.07306E-1 9.8466E-2 1.27585E-1 1.45386E-1 4.86355E-2 1.93123E-1 1.47183E-1 2.14624E-1 2.7514E-1 2.72267E-1 3.29062E-1 2.9423E-1
2.44752E-1 2.29416E-1 2.10252E-1 2.75477E-1 3.18945E-1 4.96303E-1 5.0965E-1 3.80598E-1 5.01419E-1 5.17187E-1 7.05316E-1 7.09797E-1 7.18798E-1 7.08906E-1 7.22043E-1 -9999 -9999 -9999 -9999 -9999 -9999 -9999 -9999 -9999 -9999 -9999 -9999 -9999 -9999 -9999 -9999 -9999 -9999 -9999 3.03528E-1 4.10938E-1 4.25554E-1 3.17678E-1 3.05102E-1 3.28696E-1 2.59591E-1 2.84348E-1 1.75144E-1 3.10192E-1 3.9623E-1 2.83646E-1 1.96698E-1 1.26969E-1 1.18405E-1 1.4283E-1 1.64918E-1 1.74991E-1 1.58509E-1 1.14037E-1 2.13881E-1 1.37578E-1 2.3358E-1 3.65797E-1 3.78735E-1 3.54137E-1
