Phytophthora/models/20240429_1812_56/Phytophthora_PA2_RUN1_MAXENT_outputs/Phytophthora_PA2_RUN1.asc
ncols         225
nrows         269
xllcorner     473000.0
yllcorner     4429100.0
cellsize      50.0
NODATA_value  -9999
[rows 189 to 215 of 269, columns 120 to 179 of 225]
3.44635E-1 3.36594E-1 3.34148E-1 3.3448E-1 3.42275E-1 2.36951E-1 3.38485E-1 3.64388E-1 3.82264E-1 4.40693E-1 4.54136E-1 4.90856E-1 5.79438E-1 5.2829E-1 4.57995E-1 4.54217E-1 4.55082E-1 4.61342E-1 4.86164E-1 4.35042E-1 2.49646E-1 2.38284E-1 2.09463E-1 1.63746E-1 1.15135E-1 1.0413E-1 9.91031E-2 7.46878E-2 6.38364E-2 1.01023E-1 2.195E-1 2.71048E-1 2.90732E-1 3.36761E-1 3.62268E-1 3.66693E-1 3.89123E-1 4.11279E-1 4.43945E-1 4.29069E-1 3.32326E-1 2.85892E-1 2.58465E-1 -9999 1.86639E-1 1.84417E-1 1.57354E-1 1.33503E-1 1.44385E-1 1.66292E-1 1.51531E-1 1.67288E-1 1.77112E-1 2.08411E-1 2.80363E-1 3.31406E-1 2.90668E-1 2.43191E-1 2.33903E-1 2.28065E-1
2.22733E-1 3.5345E-1 3.73919E-1 3.56007E-1 3.46846E-1 4.07142E-1 1.85801E-1 4.15449E-1 4.32487E-1 4.90473E-1 5.19817E-1 5.44337E-1 6.39684E-1 5.77367E-1 5.18626E-1 4.93453E-1 1.78437E-1 5.35865E-1 5.25722E-1 4.1162E-1 2.4587E-1 2.12108E-1 1.8314E-1 1.44132E-1 1.05601E-1 1.45623E-1 6.1798E-2 8.1944E-2 5.51846E-2 1.00522E-1 1.94438E-1 2.41037E-1 2.85517E-1 3.04133E-1 3.39196E-1 3.52402E-1 3.7134E-1 3.88612E-1 3.61693E-1 3.60587E-1 2.52615E-1 2.88449E-1 2.60936E-1 7.64912E-2 2.3955E-1 2.12831E-1 1.76113E-1 1.50663E-1 1.78648E-1 2.04479E-1 1.81203E-1 2.09424E-1 2.11921E-1 2.33304E-1 3.01718E-1 3.57601E-1 3.1751E-1 2.63968E-1 2.4367E-1 2.30766E-1
4.49782E-1 4.82334E-1 4.37526E-1 4.73546E-1 4.48164E-1 4.08634E-1 3.14592E-1 4.48077E-1 4.36138E-1 3.97163E-1 3.49687E-1 3.76405E-1 4.8276E-1 3.97877E-1 3.80838E-1 2.24282E-1 4.38765E-1 4.8899E-1 3.83412E-1 3.40134E-1 2.93184E-1 2.47258E-1 2.12693E-1 1.74787E-1 1.76614E-1 1.83227E-1 1.0656E-1 8.0399E-2 9.91638E-2 1.59532E-1 1.70461E-1 2.05505E-1 2.33511E-1 2.62037E-1 2.8711E-1 2.64099E-1 2.71698E-1 2.71167E-1 2.86633E-1 3.02683E-1 2.90846E-1 3.05088E-1 3.23351E-1 2.78053E-1 9.13345E-2 1.58356E-1 1.32679E-1 1.48901E-1 1.61965E-1 1.97331E-1 2.04211E-1 2.42845E-1 2.25219E-1 2.38179E-1 3.42748E-1 3.35799E-1 3.27972E-1 2.26041E-1 2.13694E-1 2.10263E-1
3.96093E-1 4.97786E-1 4.4255E-1 4.81154E-1 4.6912E-1 4.14239E-1 4.7729E-1 5.57317E-1 4.65085E-1 4.11146E-1 3.65741E-1 3.20704E-1 3.22974E-1 2.36025E-1 7.17879E-2 3.00414E-1 2.28959E-1 3.05389E-1 3.13103E-1 3.02573E-1 2.73892E-1 2.47178E-1 2.1315E-1 1.73858E-1 1.60151E-1 1.70528E-1 1.06853E-1 1.03666E-1 1.39389E-1 1.76054E-1 1.63372E-1 1.84679E-1 2.02765E-1 2.28196E-1 2.52331E-1 2.28455E-1 2.37726E-1 2.38254E-1 2.76117E-1 3.04237E-1 2.94171E-1 3.27431E-1 3.32323E-1 3.56698E-1 1.79072E-1 -9999 -9999 1.38483E-1 1.76528E-1 2.08995E-1 2.2332E-1 2.52283E-1 2.35411E-1 2.26689E-1 2.76506E-1 3.14594E-1 2.91695E-1 2.02815E-1 2.14321E-1 2.15916E-1
4.75648E-1 5.34167E-1 5.18963E-1 4.79626E-1 4.76751E-1 4.27431E-1 4.38303E-1 5.18996E-1 5.0034E-1 4.12146E-1 1.9413E-1 1.26634E-1 2.37596E-1 2.17382E-1 3.03435E-1 4.06835E-1 3.44426E-1 3.1775E-1 3.23663E-1 3.24657E-1 2.97458E-1 2.6988E-1 2.30123E-1 1.94126E-1 1.59251E-1 1.60203E-1 1.40068E-1 1.72501E-1 1.92361E-1 2.201E-1 2.03696E-1 2.25284E-1 2.38864E-1 2.55799E-1 2.67505E-1 2.34264E-1 2.40705E-1 2.37362E-1 2.73298E-1 2.93798E-1 2.88482E-1 3.26E-1 3.49091E-1 3.2949E-1 2.95177E-1 1.61074E-1 -9999 -9999 2.25125E-1 1.2087E-1 1.25006E-1 9.87874E-2 7.1042E-2 1.4385E-1 3.5445E-1 3.03883E-1 2.66541E-1 2.25261E-1 2.18489E-1 2.31429E-1
4.87818E-1 5.05887E-1 4.54717E-1 4.89168E-1 4.84349E-1 4.42915E-1 4.60125E-1 5.45299E-1 3.68895E-1 1.78259E-1 2.57162E-1 2.43357E-1 2.39084E-1 2.14256E-1 2.49973E-1 2.60979E-1 3.2776E-1 4.66002E-1 4.08261E-1 3.9162E-1 3.76239E-1 3.49431E-1 3.13095E-1 2.41823E-1 1.8114E-1 1.79174E-1 2.04424E-1 2.30419E-1 2.44719E-1 2.51171E-1 2.28573E-1 2.53683E-1 2.75312E-1 2.90179E-1 2.98646E-1 2.63805E-1 2.76587E-1 2.72772E-1 2.74301E-1 2.72165E-1 2.64281E-1 2.70619E-1 2.38495E-1 2.60607E-1 2.46798E-1 2.30101E-1 1.54161E-1 1.75117E-1 2.12768E-1 2.27643E-1 2.50217E-1 3.07462E-1 3.31045E-1 1.42753E-1 3.13079E-1 3.38356E-1 2.23901E-1 2.11751E-1 2.23059E-1 3.04819E-1
4.9064E-1 4.91811E-1 4.84956E-1 4.87378E-1 4.88634E-1 4.52204E-1 4.68866E-1 6.39062E-1 5.93779E-1 3.96174E-1 2.41505E-1 2.18755E-1 2.12636E-1 1.90384E-1 2.57641E-1 2.59458E-1 5.17484E-1 3.07426E-1 1.39347E-1 3.41217E-1 4.65083E-1 4.02791E-1 2.65736E-1 1.92266E-1 1.59683E-1 2.1994E-1 2.38772E-1 3.05729E-1 3.10507E-1 3.04309E-1 2.73031E-1 2.66587E-1 3.15046E-1 3.36549E-1 3.36179E-1 2.91285E-1 3.14244E-1 3.27233E-1 3.51077E-1 3.45471E-1 3.21633E-1 3.14773E-1 2.94846E-1 2.74188E-1 2.21158E-1 1.70643E-1 1.8361E-1 2.09429E-1 2.24319E-1 2.78315E-1 2.87637E-1 2.89095E-1 2.47085E-1 1.32953E-1 2.90637E-1 3.51285E-1 2.33887E-1 2.06878E-1 1.86821E-1 2.76588E-1
3.40976E-1 3.32606E-1 3.18848E-1 3.14466E-1 3.18555E-1 3.28164E-1 3.49386E-1 3.0255E-1 1.62284E-1 2.7862E-1 2.7179E-1 2.36327E-1 2.07674E-1 2.14847E-1 3.04393E-1 2.94471E-1 3.36382E-1 2.90418E-1 2.90177E-1 3.94091E-1 1.94974E-1 4.46084E-1 3.56573E-1 2.74535E-1 2.23821E-1 3.10531E-1 3.47709E-1 3.82146E-1 3.80433E-1 3.63311E-1 2.8144E-1 2.91222E-1 3.2623E-1 3.32619E-1 3.39406E-1 2.66523E-1 2.85078E-1 3.08135E-1 3.37436E-1 3.37373E-1 2.83409E-1 2.72048E-1 2.57994E-1 2.21578E-1 1.83019E-1 1.37588E-1 1.50666E-1 1.50396E-1 1.45809E-1 1.69356E-1 2.49779E-1 2.60513E-1 2.94364E-1 1.44271E-1 3.05523E-1 2.23635E-1 1.88673E-1 1.5173E-1 1.30783E-1 1.23292E-1
3.69072E-1 3.40068E-1 3.22379E-1 2.65685E-1 3.14396E-1 3.08608E-1 3.2341E-1 3.26208E-1 1.27736E-1 2.95149E-1 2.51638E-1 2.19134E-1 1.79467E-1 1.95153E-1 2.49007E-1 2.89325E-1 4.11424E-1 2.71445E-1 2.8379E-1 2.51233E-1 3.12901E-1 4.1258E-1 3.95228E-1 3.06522E-1 2.64464E-1 3.70539E-1 3.83508E-1 4.40752E-1 4.08753E-1 3.95737E-1 3.10656E-1 3.1694E-1 3.30927E-1 3.3305E-1 2.73276E-1 2.15551E-1 2.76141E-1 3.18725E-1 3.42774E-1 3.35699E-1 2.9754E-1 2.9731E-1 2.90941E-1 2.81015E-1 2.43963E-1 2.1078E-1 1.32537E-1 1.82391E-1 1.89595E-1 2.81135E-1 2.42373E-1 2.04606E-1 2.49694E-1 1.4523E-1 2.66638E-1 2.25717E-1 1.79348E-1 1.32924E-1 1.33758E-1 1.06296E-1
3.59862E-1 3.36982E-1 3.26278E-1 3.20665E-1 3.13299E-1 3.06124E-1 3.14853E-1 3.67095E-1 1.46919E-1 3.28943E-1 2.90571E-1 2.73161E-1 2.29563E-1 2.34335E-1 2.06614E-1 3.52664E-1 2.56931E-1 2.71855E-1 2.62014E-1 3.05162E-1 3.06844E-1 3.10092E-1 3.44858E-1 2.94539E-1 3.24192E-1 4.45179E-1 4.56525E-1 4.44481E-1 4.38255E-1 4.30382E-1 3.31735E-1 3.25635E-1 3.26459E-1 2.10847E-1 3.39511E-1 2.99708E-1 3.08446E-1 3.14236E-1 3.41173E-1 3.33273E-1 2.78078E-1 3.14335E-1 3.03682E-1 2.57738E-1 2.62468E-1 2.41587E-1 2.31499E-1 2.37519E-1 2.99422E-1 2.43271E-1 2.6047E-1 3.38441E-1 2.91234E-1 2.62955E-1 1.19829E-1 1.58801E-1 1.55442E-1 1.65641E-1 1.57693E-1 1.15874E-1
4.95508E-1 4.12647E-1 2.6922E-1 3.27415E-1 1.87475E-1 3.09219E-1 3.12836E-1 3.71108E-1 4.21497E-1 4.16275E-1 3.92634E-1 3.16596E-1 2.45543E-1 2.38156E-1 2.19815E-1 2.22608E-1 2.31237E-1 2.33321E-1 2.36032E-1 2.40563E-1 2.72848E-1 2.28484E-1 2.20482E-1 2.12699E-1 3.05503E-1 4.47386E-1 4.40262E-1 4.80336E-1 4.57617E-1 4.41662E-1 3.30418E-1 2.52545E-1 3.25485E-1 3.13423E-1 3.22358E-1 2.80418E-1 2.96847E-1 3.00187E-1 3.0421E-1 3.08361E-1 3.03678E-1 3.67844E-1 3.1259E-1 3.31218E-1 2.04846E-1 2.4732E-1 2.69853E-1 1.47347E-1 2.26806E-1 2.6472E-1 3.15709E-1 3.34603E-1 3.20859E-1 3.27847E-1 1.3783E-1 1.59895E-1 1.68326E-1 1.66906E-1 1.40392E-1 1.24284E-1
2.9767E-1 3.5161E-1 3.46616E-1 3.35514E-1 3.17728E-1 3.15071E-1 3.05651E-1 9.2577E-2 2.82011E-1 3.08182E-1 2.76926E-1 2.4738E-1 2.09443E-1 2.12671E-1 2.04064E-1 2.25937E-1 2.22495E-1 2.23568E-1 3.04838E-1 2.30393E-1 2.75796E-1 2.23279E-1 2.01087E-1 2.41338E-1 3.7375E-1 4.69288E-1 4.71265E-1 4.79202E-1 4.77936E-1 4.41796E-1 3.38236E-1 3.27178E-1 3.29534E-1 2.06146E-1 3.20989E-1 2.15685E-1 2.84029E-1 2.77471E-1 2.96329E-1 2.9648E-1 2.45882E-1 2.83938E-1 3.46963E-1 3.7045E-1 3.47186E-1 2.90837E-1 2.75581E-1 2.01064E-1 2.26148E-1 1.98662E-1 2.25502E-1 1.96136E-1 1.91025E-1 2.58874E-1 2.10551E-1 1.7115E-1 1.69309E-1 1.48226E-1 1.30552E-1 1.27775E-1
2.22731E-1 2.33567E-1 1.98123E-1 2.38554E-1 9.21944E-2 1.96143E-1 2.3924E-1 2.20847E-1 1.48298E-1 2.631E-1 2.4725E-1 2.23478E-1 1.92647E-1 1.89926E-1 2.10142E-1 2.9874E-1 2.68425E-1 2.64784E-1 2.46191E-1 3.96458E-1 3.83509E-1 4.2442E-1 3.58511E-1 4.05579E-1 4.72241E-1 5.94981E-1 6.08127E-1 6.28949E-1 6.37127E-1 6.18812E-1 5.39603E-1 5.16437E-1 5.3667E-1 5.21647E-1 5.03844E-1 3.87792E-1 3.43355E-1 3.48098E-1 2.17808E-1 3.42521E-1 1.96137E-1 2.14428E-1 2.28637E-1 2.62466E-1 2.85012E-1 2.56221E-1 2.07205E-1 1.49304E-1 1.58221E-1 1.68134E-1 1.64554E-1 1.58739E-1 1.49163E-1 1.622E-1 4.37371E-2 1.53461E-1 1.46716E-1 1.30463E-1 1.49506E-1 1.32072E-1
1.93542E-1 2.15011E-1 8.75669E-2 2.32204E-1 1.8862E-1 2.06064E-1 2.21712E-1 2.13304E-1 2.23546E-1 2.47116E-1 2.55727E-1 2.30458E-1 2.07576E-1 1.77324E-1 2.17724E-1 3.01771E-1 3.07504E-1 3.23353E-1 2.85517E-1 3.65103E-1 3.97034E-1 3.66182E-1 3.5461E-1 4.49558E-1 4.92292E-1 6.1967E-1 6.36153E-1 6.87876E-1 6.67852E-1 6.18733E-1 5.38328E-1 5.03927E-1 5.35863E-1 5.41938E-1 5.1889E-1 4.03581E-1 4.38629E-1 3.91447E-1 3.74684E-1 3.40027E-1 1.86224E-1 1.85724E-1 1.7915E-1 1.92291E-1 2.4018E-1 1.5579E-1 1.56393E-1 1.4179E-1 1.26458E-1 1.34848E-1 1.31962E-1 1.28522E-1 1.2318E-1 1.29207E-1 1.20271E-1 4.63503E-2 2.01475E-1 1.53797E-1 1.48086E-1 1.96202E-1
1.67039E-1 1.90862E-1 3.28264E-1 1.92366E-1 2.06766E-1 2.49656E-1 2.54387E-1 2.62929E-1 2.73349E-1 2.90108E-1 2.81503E-1 2.59483E-1 2.32987E-1 1.8596E-1 2.05875E-1 2.8708E-1 3.0298E-1 2.84385E-1 2.44165E-1 3.11995E-1 3.32478E-1 3.27884E-1 3.74819E-1 4.64852E-1 4.99882E-1 6.36261E-1 6.76212E-1 7.26323E-1 6.19499E-1 5.7227E-1 4.99427E-1 4.68333E-1 4.82016E-1 5.08249E-1 5.32744E-1 3.94117E-1 4.19027E-1 3.15305E-1 4.0676E-1 3.41086E-1 1.69625E-1 1.69825E-1 1.76546E-1 2.01767E-1 1.60918E-1 1.04772E-1 1.57525E-1 1.71108E-1 1.50498E-1 1.52441E-1 1.47414E-1 1.46354E-1 1.42832E-1 1.30516E-1 1.11928E-1 1.60688E-1 8.39636E-2 8.04044E-2 7.51976E-2 1.08583E-1
1.34902E-1 1.49514E-1 8.53593E-2 5.99102E-2 1.08583E-1 3.09053E-1 3.62041E-1 4.19968E-1 3.29665E-1 3.438E-1 3.61589E-1 3.34183E-1 3.01007E-1 2.23565E-1 2.07642E-1 2.41436E-1 2.43041E-1 1.87932E-1 2.1154E-1 2.30837E-1 2.67784E-1 2.67566E-1 4.0754E-1 4.64713E-1 4.79425E-1 6.34099E-1 6.61432E-1 6.86515E-1 5.9204E-1 5.46638E-1 4.53738E-1 4.19025E-1 4.64389E-1 5.24672E-1 5.50321E-1 3.56888E-1 4.12618E-1 3.92302E-1 4.02992E-1 3.56651E-1 1.82522E-1 2.22333E-1 2.68561E-1 1.97591E-1 1.74425E-1 1.52584E-1 1.68159E-1 1.88455E-1 1.66857E-1 1.63687E-1 1.63153E-1 1.65116E-1 1.67715E-1 1.52897E-1 1.30704E-1 1.31045E-1 1.56702E-1 6.88572E-2 1.05629E-1 1.43276E-1
1.65922E-1 5.9954E-2 1.74998E-1 1.52939E-1 3.04555E-1 2.34148E-1 3.33711E-1 1.59825E-1 2.23065E-1 3.55388E-1 3.72814E-1 3.85612E-1 3.6188E-1 2.70267E-1 2.29891E-1 2.01835E-1 1.60597E-1 1.58761E-1 1.507E-1 1.69897E-1 2.74586E-1 3.96107E-1 5.05068E-1 5.06448E-1 4.53175E-1 6.56711E-1 6.71912E-1 6.32911E-1 5.33E-1 4.7602E-1 3.86342E-1 4.10774E-1 4.65949E-1 5.35554E-1 5.52653E-1 3.82475E-1 4.03676E-1 3.63227E-1 3.47806E-1 3.27015E-1 2.03496E-1 2.24915E-1 2.195E-1 1.85235E-1 1.86745E-1 1.68717E-1 1.67231E-1 1.09891E-1 1.66792E-1 1.66986E-1 1.66593E-1 1.69024E-1 1.77025E-1 1.67702E-1 1.50438E-1 2.05172E-1 1.21873E-1 5.71812E-2 7.92977E-2 1.18785E-1
1.53844E-1 1.83761E-1 1.71295E-1 1.58209E-1 1.54598E-1 2.68409E-1 2.28137E-1 2.69302E-1 2.36303E-1 2.35741E-1 2.85148E-1 3.36879E-1 3.36113E-1 2.60116E-1 2.03848E-1 1.70494E-1 1.12809E-1 1.28178E-1 1.48735E-1 1.99816E-1 2.66503E-1 4.70251E-1 4.97945E-1 4.68089E-1 4.72022E-1 6.0718E-1 5.32607E-1 5.00201E-1 4.43862E-1 3.79073E-1 3.75627E-1 4.07466E-1 4.68095E-1 5.10152E-1 6.17902E-1 4.57063E-1 4.45686E-1 3.98895E-1 3.78163E-1 3.47165E-1 2.04476E-1 1.97011E-1 1.53348E-1 3.26404E-1 2.88947E-1 2.17358E-1 2.13138E-1 2.0423E-1 2.02211E-1 2.05199E-1 1.72979E-1 1.94946E-1 2.14967E-1 2.0469E-1 1.87674E-1 7.77279E-2 8.90947E-2 7.74768E-2 9.37457E-2 1.27768E-1
1.90046E-1 1.89405E-1 1.81739E-1 1.67534E-1 2.44638E-1 1.8139E-1 2.19645E-1 3.00328E-1 2.92525E-1 2.952E-1 3.32419E-1 2.93308E-1 2.59921E-1 2.15139E-1 1.70551E-1 1.50967E-1 1.08046E-1 1.49326E-1 1.78954E-1 2.48342E-1 3.24974E-1 5.07546E-1 5.18919E-1 5.35414E-1 5.69834E-1 6.36742E-1 5.70342E-1 4.30196E-1 3.74953E-1 3.66361E-1 3.88422E-1 4.17223E-1 4.56218E-1 4.81021E-1 6.02907E-1 5.24426E-1 4.7982E-1 3.75414E-1 3.85021E-1 3.51768E-1 9.72472E-2 2.19304E-1 2.38935E-1 2.84131E-1 3.55092E-1 2.30969E-1 2.18193E-1 2.11779E-1 1.99761E-1 1.96572E-1 1.73274E-1 1.81824E-1 2.16376E-1 2.33414E-1 5.76818E-2 1.41653E-1 1.01421E-1 8.05447E-2 9.39653E-2 1.34605E-1
1.80325E-1 1.77338E-1 1.61468E-1 1.42054E-1 1.49878E-1 1.8297E-1 2.15035E-1 2.16876E-1 3.8332E-1 2.53917E-1 3.15673E-1 2.80371E-1 2.40456E-1 1.89838E-1 1.5861E-1 1.43929E-1 1.1721E-1 1.59687E-1 2.04544E-1 2.82193E-1 3.70332E-1 5.42091E-1 5.48656E-1 5.77737E-1 5.72846E-1 6.6113E-1 5.15845E-1 5.21505E-1 4.44496E-1 3.92126E-1 4.03054E-1 4.25141E-1 4.54611E-1 4.65607E-1 5.72122E-1 5.14466E-1 4.70152E-1 3.51235E-1 3.85225E-1 3.58264E-1 2.02147E-1 2.09337E-1 2.25513E-1 2.72363E-1 3.42394E-1 2.68637E-1 2.0898E-1 1.99996E-1 1.89233E-1 1.85361E-1 1.72013E-1 1.70463E-1 1.64384E-1 9.47452E-2 9.93227E-2 9.98195E-2 1.04786E-1 7.9405E-2 9.22424E-2 1.39186E-1
1.7698E-1 1.88355E-1 1.62935E-1 1.59462E-1 1.69728E-1 2.06606E-1 2.34934E-1 2.1471E-1 2.96332E-1 1.80061E-1 2.44535E-1 2.23747E-1 1.88337E-1 1.55705E-1 1.34484E-1 1.24792E-1 1.5066E-1 1.96174E-1 2.25193E-1 3.07916E-1 4.28822E-1 5.66789E-1 5.50589E-1 5.79473E-1 5.95729E-1 6.79264E-1 5.92869E-1 5.12917E-1 4.45926E-1 4.20614E-1 4.2634E-1 4.27915E-1 4.4886E-1 4.37484E-1 5.84113E-1 5.03402E-1 4.32918E-1 3.55428E-1 3.72077E-1 2.8611E-1 1.96421E-1 2.0381E-1 2.06511E-1 2.38335E-1 3.12361E-1 2.61582E-1 1.90232E-1 1.77068E-1 1.70188E-1 1.66211E-1 1.55217E-1 1.49824E-1 1.40421E-1 1.17372E-1 1.40789E-1 1.2431E-1 7.41628E-2 7.1816E-2 7.89149E-2 1.45601E-1
2.36082E-1 2.46262E-1 1.51118E-1 2.36123E-1 1.73789E-1 1.90773E-1 1.88158E-1 1.68403E-1 1.55796E-1 2.0651E-1 3.38125E-1 2.01495E-1 1.75507E-1 1.44952E-1 1.2821E-1 1.44987E-1 1.96502E-1 2.3539E-1 2.63307E-1 3.30278E-1 4.7E-1 5.69338E-1 5.41929E-1 5.87855E-1 5.93976E-1 6.12746E-1 6.06811E-1 5.0092E-1 4.52698E-1 4.45924E-1 4.54288E-1 4.27065E-1 4.42938E-1 4.38693E-1 5.72462E-1 4.82158E-1 4.369E-1 3.68825E-1 3.46412E-1 2.22526E-1 1.80859E-1 1.79624E-1 1.75213E-1 2.00677E-1 2.60871E-1 2.15451E-1 1.46672E-1 1.44698E-1 1.44999E-1 1.47459E-1 1.40367E-1 1.35117E-1 1.32509E-1 1.15258E-1 8.93961E-2 8.67767E-2 7.26992E-2 6.60127E-2 1.36153E-1 1.68368E-1
2.59796E-1 2.07456E-1 2.18766E-1 2.82666E-1 2.31004E-1 2.55419E-1 2.46216E-1 2.33243E-1 2.28542E-1 2.20596E-1 2.95815E-1 2.93835E-1 2.15666E-1 1.75505E-1 1.48019E-1 1.76742E-1 2.21848E-1 2.46976E-1 2.77388E-1 3.31052E-1 5.67294E-1 5.67327E-1 5.93084E-1 6.12352E-1 5.61562E-1 4.02541E-1 3.52208E-1 2.53685E-1 2.65678E-1 2.6313E-1 2.8144E-1 2.63545E-1 2.69875E-1 2.8263E-1 4.71414E-1 5.39919E-1 5.34846E-1 4.37337E-1 3.34673E-1 3.46626E-1 4.23165E-1 3.73353E-1 3.65887E-1 3.56012E-1 4.14971E-1 2.46015E-1 1.68806E-1 1.69654E-1 1.78367E-1 1.92395E-1 2.17307E-1 2.05538E-1 2.06843E-1 1.86018E-1 1.46142E-1 1.07941E-1 7.5134E-2 1.2477E-1 1.076E-1 2.19495E-1
2.33059E-1 2.18274E-1 2.13335E-1 1.69161E-1 2.46984E-1 2.02909E-1 2.02729E-1 1.81181E-1 1.67403E-1 1.56043E-1 2.37194E-1 9.98604E-2 2.4284E-1 1.47031E-1 1.99789E-1 2.19276E-1 2.2523E-1 2.63528E-1 2.99871E-1 3.4862E-1 6.21464E-1 5.66832E-1 6.11598E-1 5.96478E-1 5.74541E-1 3.81642E-1 3.20999E-1 2.90234E-1 2.808E-1 2.51777E-1 2.17481E-1 2.60365E-1 2.76368E-1 2.99579E-1 3.13602E-1 5.55249E-1 6.16628E-1 4.29521E-1 3.53554E-1 3.47703E-1 3.71842E-1 3.35613E-1 3.3945E-1 3.70193E-1 4.08834E-1 2.36467E-1 2.15006E-1 1.27696E-1 1.55077E-1 1.61341E-1 1.73466E-1 1.63343E-1 1.53944E-1 1.4184E-1 1.23744E-1 9.2337E-2 8.89246E-2 1.13455E-1 2.48341E-1 2.17567E-1
2.19878E-1 2.23789E-1 2.12645E-1 1.70914E-1 1.41063E-1 2.53039E-1 1.67157E-1 1.48389E-1 1.3741E-1 1.21263E-1 1.23385E-1 2.20467E-1 1.1575E-1 1.61097E-1 2.21419E-1 1.8011E-1 2.05026E-1 2.78058E-1 3.0754E-1 3.5393E-1 6.18988E-1 5.55199E-1 4.21676E-1 5.27978E-1 5.66561E-1 4.40973E-1 3.40672E-1 3.1777E-1 2.94644E-1 2.52967E-1 2.55764E-1 2.71266E-1 2.90009E-1 3.29973E-1 4.2539E-1 5.47905E-1 4.77252E-1 3.98112E-1 3.51987E-1 3.64077E-1 3.65821E-1 4.03856E-1 4.20601E-1 4.46765E-1 4.36858E-1 2.9838E-1 2.85964E-1 1.65478E-1 1.5808E-1 1.38174E-1 1.3913E-1 1.1916E-1 1.09817E-1 1.00478E-1 8.98785E-2 7.70986E-2 1.05032E-1 1.34602E-1 1.90231E-1 2.33471E-1
2.55427E-1 2.2546E-1 2.02087E-1 1.91222E-1 1.75472E-1 2.00578E-1 2.07111E-1 1.22268E-1 9.3881E-2 8.13425E-2 8.30036E-2 6.50101E-2 9.1156E-2 8.89372E-2 1.19927E-1 1.38868E-1 1.8736E-1 2.70182E-1 3.08019E-1 3.50125E-1 5.96019E-1 5.61278E-1 5.59593E-1 6.02828E-1 5.41745E-1 3.54031E-1 3.72945E-1 3.24131E-1 2.71249E-1 1.30405E-1 2.81078E-1 2.75408E-1 2.97738E-1 3.98001E-1 3.48772E-1 3.5356E-1 4.48041E-1 4.23894E-1 3.85955E-1 4.3286E-1 4.41421E-1 4.52071E-1 4.90918E-1 6.16597E-1 4.71417E-1 3.72899E-1 3.13573E-1 2.77981E-1 2.08009E-1 1.76223E-1 1.23266E-1 8.2075E-2 7.81944E-2 7.13235E-2 6.38376E-2 9.0935E-2 3.81761E-2 6.23473E-2 1.50018E-1 1.03608E-1
3.18451E-1 2.60716E-1 2.0324E-1 1.63442E-1 1.46908E-1 1.58024E-1 1.39506E-1 1.31276E-1 6.2618E-2 5.62444E-2 5.75759E-2 4.20473E-2 7.07465E-2 7.48007E-2 1.06585E-1 1.30928E-1 1.99215E-1 2.6261E-1 2.97414E-1 3.28715E-1 5.36014E-1 5.86946E-1 4.62303E-1 5.8939E-1 5.71091E-1 4.12589E-1 3.014E-1 3.10314E-1 2.79697E-1 2.46801E-1 2.77952E-1 2.7164E-1 3.18765E-1 3.67699E-1 4.30838E-1 3.98845E-1 4.77527E-1 4.47821E-1 4.26481E-1 4.41053E-1 4.59951E-1 4.88446E-1 5.0569E-1 5.31628E-1 5.93838E-1 4.16025E-1 3.36279E-1 3.47786E-1 2.40629E-1 2.16148E-1 1.50696E-1 7.5079E-2 5.37353E-2 4.727E-2 7.13458E-2 6.65681E-2 1.05708E-1 1.26742E-1 1.25872E-1 1.44532E-1
