Phytophthora/models/20240429_1812_56/Phytophthora_PA2_RUN1_MAXENT_outputs/Phytophthora_PA2_RUN1.asc
ncols         225
nrows         269
xllcorner     473000.0
yllcorner     4429100.0
cellsize      50.0
NODATA_value  -9999
[rows 135 to 161 of 269, columns 0 to 59 of 225]
-9999 -9999 -9999 -9999 -9999 -9999 -9999 -9999 -9999 -9999 3.3165E-1 4.46914E-1 3.96532E-1 4.39481E-1 4.26953E-1 4.46602E-1 4.53989E-1 4.46078E-1 4.14135E-1 4.83812E-1 4.24627E-1 4.71541E-1 5.05711E-1 4.77539E-1 4.32159E-1 3.31319E-1 3.33296E-1 3.37052E-1 3.16383E-1 1.76676E-1 2.02901E-1 3.8381E-1 3.31922E-1 2.19135E-1 2.5216E-1 1.74616E-1 2.54712E-1 3.07015E-1 3.09007E-1 3.16323E-1 3.10124E-1 3.12693E-1 3.14282E-1 3.25923E-1 3.61476E-1 3.2105E-1 3.26526E-1 2.93684E-1 2.60872E-1 1.4626E-1 3.43531E-1 3.82371E-1 2.84718E-1 2.34773E-1 2.12775E-1 2.18899E-1 1.91351E-1 1.94961E-1 2.89591E-1 3.44541E-1
-9999 -9999 -9999 -9999 -9999 -9999 -9999 -9999 -9999 -9999 2.80903E-1 6.43392E-1 4.37474E-1 5.31212E-1 4.8866E-1 4.51284E-1 3.52519E-1 4.10896E-1 4.77149E-1 4.66434E-1 4.84959E-1 5.71586E-1 5.65681E-1 5.20464E-1 4.38155E-1 3.04419E-1 2.95293E-1 2.85839E-1 2.88618E-1 2.90781E-1 3.04193E-1 2.52446E-1 -9999 -9999 2.10982E-1 2.24943E-1 2.447E-1 2.59059E-1 2.86564E-1 2.2389E-1 3.42127E-1 3.51126E-1 3.66817E-1 4.8515E-1 4.14566E-1 3.61414E-1 3.33486E-1 2.49692E-1 1.40844E-1 2.41292E-1 3.95806E-1 3.58509E-1 3.29406E-1 3.09624E-1 2.78926E-1 2.39333E-1 2.0863E-1 2.30081E-1 2.85172E-1 2.09191E-1
-9999 -9999 -9999 -9999 -9999 -9999 -9999 -9999 -9999 -9999 5.01219E-1 5.24724E-1 4.74453E-1 4.57741E-1 4.45853E-1 4.18657E-1 3.92583E-1 3.23991E-1 4.46073E-1 4.55151E-1 5.77907E-1 6.51798E-1 5.98559E-1 5.11769E-1 4.54985E-1 3.01384E-1 2.85882E-1 2.86022E-1 2.99148E-1 3.09279E-1 2.91934E-1 3.22338E-1 -9999 2.64851E-1 2.57683E-1 2.65161E-1 2.75721E-1 2.93646E-1 3.05217E-1 1.84052E-1 3.36299E-1 3.54014E-1 4.49736E-1 2.9971E-1 4.50011E-1 2.33721E-1 1.67273E-1 1.36019E-1 2.29095E-1 2.44007E-1 4.24621E-1 3.56219E-1 3.4242E-1 3.27544E-1 2.88202E-1 2.49415E-1 2.32436E-1 2.46264E-1 2.90157E-1 4.28214E-1
-9999 -9999 -9999 -9999 -9999 -9999 -9999 -9999 -9999 -9999 3.45983E-1 4.35824E-1 4.29635E-1 4.31704E-1 4.1116E-1 4.05139E-1 3.63465E-1 4.7233E-1 2.89409E-1 4.62132E-1 4.88531E-1 6.45173E-1 3.75594E-1 5.08943E-1 4.68549E-1 3.21786E-1 3.09611E-1 3.08445E-1 3.07194E-1 3.0514E-1 2.91669E-1 2.87713E-1 3.00504E-1 3.00383E-1 2.87202E-1 2.96E-1 3.00314E-1 2.19956E-1 3.16622E-1 3.22641E-1 2.81778E-1 4.40643E-1 3.74123E-1 3.76417E-1 2.82265E-1 2.29836E-1 2.33709E-1 2.20685E-1 2.27906E-1 2.43375E-1 4.41921E-1 4.38605E-1 3.3133E-1 3.31179E-1 2.9971E-1 2.73627E-1 2.51458E-1 2.59042E-1 2.98849E-1 3.45096E-1
-9999 -9999 -9999 -9999 -9999 -9999 -9999 -9999 -9999 -9999 4.01712E-1 4.24766E-1 4.39878E-1 4.39715E-1 4.32218E-1 4.12058E-1 3.0863E-1 4.83692E-1 4.46495E-1 4.66508E-1 5.0207E-1 5.39181E-1 5.40854E-1 5.45789E-1 4.89328E-1 2.69907E-1 3.23349E-1 3.2218E-1 1.76397E-1 2.70187E-1 1.84644E-1 2.91369E-1 2.82225E-1 3.30466E-1 2.97317E-1 3.05713E-1 2.02914E-1 2.97544E-1 3.31729E-1 2.69237E-1 3.18921E-1 4.61008E-1 4.71472E-1 3.4876E-1 2.89797E-1 2.33613E-1 2.23388E-1 2.17283E-1 2.17763E-1 2.50116E-1 4.46637E-1 3.91119E-1 3.65327E-1 3.30474E-1 3.14885E-1 2.89452E-1 2.71261E-1 2.77266E-1 3.20065E-1 3.52737E-1
-9999 -9999 -9999 -9999 -9999 -9999 -9999 -9999 -9999 -9999 3.58681E-1 3.94442E-1 4.3033E-1 4.4733E-1 4.50716E-1 4.30426E-1 4.36624E-1 4.51125E-1 3.08737E-1 4.90472E-1 5.61398E-1 5.74927E-1 5.55391E-1 5.41421E-1 4.67929E-1 3.36295E-1 3.28111E-1 3.28352E-1 3.2739E-1 3.16522E-1 2.95725E-1 2.24774E-1 2.28833E-1 2.13937E-1 3.08436E-1 3.01046E-1 2.98163E-1 2.94928E-1 2.36627E-1 3.09075E-1 3.70808E-1 4.2144E-1 3.92534E-1 3.00982E-1 2.60661E-1 2.14491E-1 2.09104E-1 1.95933E-1 1.95996E-1 2.46377E-1 4.34238E-1 4.38503E-1 3.41277E-1 2.59545E-1 3.14081E-1 2.8836E-1 2.63655E-1 2.84902E-1 3.29717E-1 3.51385E-1
-9999 -9999 -9999 -9999 -9999 -9999 -9999 -9999 -9999 -9999 3.52791E-1 3.70884E-1 4.18712E-1 4.37996E-1 4.49128E-1 4.56574E-1 4.65645E-1 4.74174E-1 5.42035E-1 5.94541E-1 6.27699E-1 5.92403E-1 5.38652E-1 5.0646E-1 4.8236E-1 4.51969E-1 4.4915E-1 4.47587E-1 4.04743E-1 3.68699E-1 2.93573E-1 2.84261E-1 2.76967E-1 2.88398E-1 2.33018E-1 3.67366E-1 3.57216E-1 3.52576E-1 4.30975E-1 3.69841E-1 4.64456E-1 4.22601E-1 3.04934E-1 2.80345E-1 2.66073E-1 2.6939E-1 2.6319E-1 2.52074E-1 2.67595E-1 3.43826E-1 4.87944E-1 5.25967E-1 4.1456E-1 4.12588E-1 3.89033E-1 2.89164E-1 2.67586E-1 2.83379E-1 3.27172E-1 3.55501E-1
-9999 -9999 -9999 -9999 -9999 -9999 -9999 -9999 -9999 -9999 2.92271E-1 3.33083E-1 3.8973E-1 3.96857E-1 4.03867E-1 4.23315E-1 4.47047E-1 4.7303E-1 3.02018E-1 6.38608E-1 6.37267E-1 3.93234E-1 4.88055E-1 4.94895E-1 4.94709E-1 4.47317E-1 4.24328E-1 3.89282E-1 3.61122E-1 3.26017E-1 2.7036E-1 2.73225E-1 2.76923E-1 2.94324E-1 3.40197E-1 3.70758E-1 3.54253E-1 2.81606E-1 4.36613E-1 4.62326E-1 4.11428E-1 4.14443E-1 2.72376E-1 2.65658E-1 2.52146E-1 2.40239E-1 2.29157E-1 2.19327E-1 2.54195E-1 4.34161E-1 4.52189E-1 5.25358E-1 3.79374E-1 4.10885E-1 3.70252E-1 2.70885E-1 2.51246E-1 2.91554E-1 3.07865E-1 3.26944E-1
-9999 -9999 -9999 -9999 -9999 -9999 -9999 -9999 -9999 1.08785E-2 2.33117E-1 2.98371E-1 3.34115E-1 3.37606E-1 3.56918E-1 3.86093E-1 4.20326E-1 3.44231E-1 5.19588E-1 6.36392E-1 5.97759E-1 5.50144E-1 5.31268E-1 4.98534E-1 5.30089E-1 4.92119E-1 4.27359E-1 3.75114E-1 3.33757E-1 2.89023E-1 2.5344E-1 2.55017E-1 2.69089E-1 3.03676E-1 3.69184E-1 2.77611E-1 3.50166E-1 3.52817E-1 4.39618E-1 4.55268E-1 3.71789E-1 3.98207E-1 3.09228E-1 2.99734E-1 2.80111E-1 2.82134E-1 2.74011E-1 2.58137E-1 3.17649E-1 3.63681E-1 4.28711E-1 3.83258E-1 4.02995E-1 3.99644E-1 3.37512E-1 2.5056E-1 2.48443E-1 2.84011E-1 3.12523E-1 3.29144E-1
-9999 -9999 -9999 -9999 -9999 -9999 -9999 -9999 -9999 7.83865E-3 2.00467E-1 2.46832E-1 2.71082E-1 2.79473E-1 3.10731E-1 3.58047E-1 3.81629E-1 2.24944E-1 5.80051E-1 5.89145E-1 5.7901E-1 5.8944E-1 5.96242E-1 5.93534E-1 5.53112E-1 4.33492E-1 3.84213E-1 3.60533E-1 3.48825E-1 2.96022E-1 2.2812E-1 2.28211E-1 2.61543E-1 3.23396E-1 3.61932E-1 3.57246E-1 3.22065E-1 3.55916E-1 4.44036E-1 3.98009E-1 3.81033E-1 3.41727E-1 3.2391E-1 3.05748E-1 3.09657E-1 3.19844E-1 3.36988E-1 3.60299E-1 3.39569E-1 3.25176E-1 4.20275E-1 3.20126E-1 3.83693E-1 3.65689E-1 3.13715E-1 2.46679E-1 2.62065E-1 2.86953E-1 3.113E-1 3.29429E-1
-9999 -9999 -9999 -9999 -9999 -9999 -9999 -9999 -9999 6.03323E-3 1.60077E-1 1.82216E-1 2.09637E-1 2.24668E-1 2.63035E-1 3.20082E-1 3.61421E-1 4.07473E-1 5.90551E-1 5.37071E-1 5.17543E-1 5.13989E-1 5.0184E-1 4.90602E-1 4.44211E-1 3.03765E-1 3.61997E-1 3.60538E-1 3.75388E-1 3.30771E-1 2.88251E-1 2.45445E-1 2.91786E-1 3.40912E-1 3.42792E-1 3.45904E-1 2.71915E-1 3.87331E-1 4.59483E-1 3.50561E-1 4.04419E-1 3.76205E-1 3.42582E-1 3.02598E-1 3.43665E-1 3.83509E-1 4.75282E-1 3.9665E-1 3.77171E-1 4.12037E-1 3.6175E-1 3.55935E-1 4.57663E-1 4.99092E-1 3.78477E-1 2.90621E-1 2.80457E-1 2.91997E-1 3.15631E-1 3.31659E-1
-9999 -9999 -9999 -9999 -9999 -9999 -9999 -9999 5.62625E-2 7.79114E-2 1.22942E-1 1.39581E-1 1.91553E-1 2.47004E-1 2.3127E-1 1.90567E-1 1.68266E-1 5.01129E-1 4.45055E-1 4.20034E-1 3.91681E-1 3.85686E-1 3.72774E-1 3.56331E-1 3.71382E-1 3.88953E-1 2.36608E-1 3.80996E-1 4.07406E-1 3.91444E-1 3.74329E-1 3.10095E-1 3.68718E-1 3.5256E-1 3.32799E-1 2.86862E-1 3.48117E-1 4.37438E-1 4.04414E-1 3.50755E-1 4.10036E-1 3.94875E-1 3.27875E-1 3.42623E-1 4.44349E-1 5.68324E-1 5.2234E-1 5.00724E-1 5.13644E-1 4.42043E-1 3.9572E-1 4.4972E-1 5.30257E-1 5.21683E-1 4.16911E-1 3.92339E-1 3.85722E-1 3.66728E-1 3.96663E-1 4.27545E-1
-9999 -9999 -9999 -9999 -9999 -9999 -9999 -9999 5.91795E-2 7.65668E-2 1.16413E-1 8.62352E-2 1.61389E-1 2.44097E-1 2.46268E-1 2.09436E-1 3.31518E-1 4.49834E-1 4.43389E-1 4.23095E-1 3.89786E-1 3.91447E-1 4.00892E-1 3.99893E-1 3.92285E-1 3.81772E-1 3.74588E-1 2.9945E-1 4.00379E-1 3.99376E-1 4.32447E-1 4.30463E-1 3.92961E-1 3.3824E-1 3.19829E-1 3.76274E-1 3.80867E-1 4.44131E-1 3.478E-1 3.40644E-1 3.96154E-1 3.31375E-1 3.26445E-1 3.68814E-1 5.0687E-1 5.35609E-1 5.18946E-1 5.53062E-1 4.44967E-1 4.48588E-1 3.94302E-1 5.36144E-1 5.4949E-1 4.43567E-1 4.00537E-1 3.9165E-1 3.91426E-1 3.903E-1 3.96241E-1 4.29041E-1
-9999 -9999 -9999 -9999 -9999 -9999 -9999 -9999 8.27408E-2 1.04979E-1 8.70857E-2 2.24768E-1 1.60612E-1 1.57731E-1 1.69007E-1 1.93317E-1 2.11737E-1 4.25233E-1 4.87311E-1 4.69784E-1 4.33869E-1 4.35604E-1 4.32351E-1 4.18024E-1 3.94393E-1 3.81955E-1 2.43927E-1 3.93997E-1 3.05999E-1 3.91731E-1 4.39465E-1 4.31376E-1 3.46906E-1 1.98881E-1 3.49464E-1 4.32349E-1 4.11697E-1 4.24175E-1 3.45523E-1 3.77348E-1 3.33577E-1 3.31686E-1 3.59055E-1 4.99337E-1 5.01825E-1 5.63803E-1 5.86693E-1 4.54698E-1 4.62531E-1 5.18862E-1 5.41303E-1 5.34601E-1 5.52938E-1 3.17654E-1 3.43142E-1 3.81842E-1 3.99916E-1 4.00789E-1 3.82724E-1 3.99438E-1
-9999 -9999 -9999 -9999 -9999 -9999 -9999 8.71938E-2 1.16015E-1 2.38003E-1 2.46667E-1 2.06525E-1 2.21708E-1 2.28917E-1 2.0751E-1 1.74058E-1 2.5708E-1 3.94029E-1 4.2031E-1 4.65349E-1 4.47807E-1 4.41856E-1 4.11788E-1 3.96481E-1 3.87685E-1 3.89798E-1 3.93004E-1 4.03263E-1 3.95616E-1 2.56581E-1 4.16421E-1 4.46727E-1 2.88815E-1 3.52646E-1 4.13097E-1 4.56504E-1 4.65124E-1 3.84318E-1 3.23258E-1 4.00348E-1 3.54528E-1 4.72982E-1 4.5821E-1 4.68248E-1 5.28132E-1 5.52536E-1 5.05734E-1 4.45284E-1 5.1017E-1 5.36488E-1 5.47847E-1 5.50709E-1 5.18235E-1 4.1015E-1 3.96896E-1 3.94185E-1 3.96608E-1 3.95741E-1 3.77886E-1 3.85402E-1
-9999 -9999 -9999 -9999 -9999 -9999 -9999 8.11856E-2 1.32197E-1 1.73125E-1 2.24944E-1 2.77866E-1 3.26271E-1 3.27234E-1 3.15901E-1 2.88182E-1 3.33283E-1 3.36761E-1 3.59122E-1 3.98539E-1 3.88381E-1 3.81832E-1 3.60328E-1 3.81412E-1 3.76758E-1 3.84059E-1 3.97458E-1 4.16816E-1 2.53242E-1 4.28091E-1 4.17247E-1 4.4155E-1 3.44271E-1 4.02048E-1 4.20412E-1 4.47688E-1 4.41603E-1 3.132E-1 3.58482E-1 4.23244E-1 4.43348E-1 4.29047E-1 4.77777E-1 4.3874E-1 4.35513E-1 2.88034E-1 3.39634E-1 3.72618E-1 5.44215E-1 4.01973E-1 3.87513E-1 5.61135E-1 5.28124E-1 4.25029E-1 4.03088E-1 3.85797E-1 3.92494E-1 3.90953E-1 3.68934E-1 4.02381E-1
-9999 -9999 -9999 -9999 -9999 -9999 -9999 8.74614E-2 2.53636E-1 3.18898E-1 3.57812E-1 4.26598E-1 4.66432E-1 4.70022E-1 4.60148E-1 4.2647E-1 4.27016E-1 4.65506E-1 4.08312E-1 4.45536E-1 4.6799E-1 4.80416E-1 4.69897E-1 4.72474E-1 4.55658E-1 4.36681E-1 4.76419E-1 4.9731E-1 5.13992E-1 5.05908E-1 5.03588E-1 5.17674E-1 5.11667E-1 5.36107E-1 4.54749E-1 4.67356E-1 4.57501E-1 2.85122E-1 4.28587E-1 4.47688E-1 5.57771E-1 6.08005E-1 5.46769E-1 3.98866E-1 5.34025E-1 6.48871E-1 7.27998E-1 7.43632E-1 7.36987E-1 7.19515E-1 6.39118E-1 6.47561E-1 5.64393E-1 4.84039E-1 4.52897E-1 4.27348E-1 4.23985E-1 4.15751E-1 3.90871E-1 4.41337E-1
-9999 -9999 -9999 -9999 -9999 -9999 1.32867E-1 2.24481E-1 3.07472E-1 3.94171E-1 4.46749E-1 4.86351E-1 5.16562E-1 5.25827E-1 5.19828E-1 4.86918E-1 4.73749E-1 5.69224E-1 4.78823E-1 4.42112E-1 4.37507E-1 4.46166E-1 4.3907E-1 4.28604E-1 4.20754E-1 4.22691E-1 4.65621E-1 4.95339E-1 5.50847E-1 5.64518E-1 5.03524E-1 4.26548E-1 5.49079E-1 5.15709E-1 4.08597E-1 4.16859E-1 3.57197E-1 3.85092E-1 4.67157E-1 5.42487E-1 5.41525E-1 4.79206E-1 3.82214E-1 5.00974E-1 5.72433E-1 6.76059E-1 7.43906E-1 7.50364E-1 7.54816E-1 7.23082E-1 6.45061E-1 5.98476E-1 5.84401E-1 5.22589E-1 4.17601E-1 4.03519E-1 3.89782E-1 3.78721E-1 3.88124E-1 2.19325E-1
-9999 -9999 -9999 -9999 -9999 -9999 7.39505E-2 2.98531E-1 3.74506E-1 4.54857E-1 4.90624E-1 5.25667E-1 5.56139E-1 5.61203E-1 5.45884E-1 5.23835E-1 5.39748E-1 6.26052E-1 4.92548E-1 4.66535E-1 4.35586E-1 4.0048E-1 3.83781E-1 3.70533E-1 3.80706E-1 3.8269E-1 4.33755E-1 4.46641E-1 4.95663E-1 5.66569E-1 4.80425E-1 4.47411E-1 5.63426E-1 4.63551E-1 3.89911E-1 4.59483E-1 3.96587E-1 4.28614E-1 4.54553E-1 4.34009E-1 4.8983E-1 4.51236E-1 5.29804E-1 5.6208E-1 6.56467E-1 7.39618E-1 7.37767E-1 7.4557E-1 6.44957E-1 6.4991E-1 6.0918E-1 5.35643E-1 5.85676E-1 5.65807E-1 3.77579E-1 3.78116E-1 3.36822E-1 3.36959E-1 3.92185E-1 3.90398E-1
-9999 -9999 -9999 -9999 -9999 -9999 -9999 3.20957E-1 4.30942E-1 5.27981E-1 5.38633E-1 5.73644E-1 5.89953E-1 5.80197E-1 5.71282E-1 5.67012E-1 6.25441E-1 6.2331E-1 5.2974E-1 5.36249E-1 5.28053E-1 4.87807E-1 3.75353E-1 2.81071E-1 3.65721E-1 3.40875E-1 3.98747E-1 4.30024E-1 4.94796E-1 5.43009E-1 5.38273E-1 5.21284E-1 5.46448E-1 4.5555E-1 4.52419E-1 5.02373E-1 3.93475E-1 4.14328E-1 4.21626E-1 4.2516E-1 4.98151E-1 5.24298E-1 5.7093E-1 6.008E-1 6.52617E-1 7.22968E-1 7.32318E-1 7.53477E-1 7.13626E-1 6.1559E-1 5.78657E-1 5.77509E-1 5.91551E-1 2.75169E-1 4.25442E-1 3.75093E-1 3.47384E-1 3.56092E-1 4.07898E-1 4.02596E-1
-9999 -9999 -9999 -9999 -9999 -9999 -9999 3.37797E-1 5.76845E-1 5.87444E-1 5.71369E-1 5.82886E-1 5.93608E-1 5.89913E-1 5.09671E-1 5.91607E-1 6.53146E-1 6.01642E-1 5.56458E-1 6.0392E-1 5.52852E-1 4.58183E-1 3.46449E-1 2.77264E-1 2.66376E-1 2.77642E-1 3.45146E-1 4.27486E-1 4.87995E-1 5.1283E-1 4.91907E-1 5.32453E-1 4.95704E-1 4.80599E-1 5.17255E-1 3.54061E-1 3.91886E-1 4.13043E-1 4.06132E-1 2.60039E-1 5.64466E-1 6.04309E-1 6.0515E-1 6.13728E-1 6.47961E-1 7.41115E-1 7.46739E-1 7.26347E-1 6.61459E-1 5.85065E-1 4.98234E-1 4.83712E-1 4.65661E-1 5.23235E-1 3.81302E-1 4.29308E-1 3.83885E-1 3.93375E-1 4.98396E-1 5.53019E-1
-9999 -9999 -9999 -9999 -9999 -9999 -9999 -9999 2.35187E-1 5.9575E-1 5.68585E-1 5.58504E-1 5.82923E-1 6.00032E-1 6.4584E-1 7.44458E-1 7.14862E-1 6.14596E-1 7.04065E-1 7.17469E-1 5.73792E-1 4.73666E-1 3.84133E-1 3.18092E-1 3.37361E-1 3.33357E-1 3.92406E-1 4.59679E-1 5.37315E-1 5.71105E-1 6.29106E-1 6.46586E-1 6.07593E-1 6.32156E-1 5.25708E-1 4.52382E-1 4.72035E-1 4.83987E-1 3.97722E-1 5.46899E-1 6.37326E-1 6.17925E-1 5.64455E-1 6.0483E-1 5.81153E-1 5.1117E-1 6.23766E-1 5.38608E-1 4.88149E-1 4.86594E-1 5.28631E-1 5.15744E-1 5.22876E-1 5.5424E-1 2.85073E-1 6.28391E-1 4.84166E-1 4.95977E-1 5.08437E-1 6.20408E-1
-9999 -9999 -9999 -9999 -9999 -9999 -9999 -9999 3.44625E-1 4.53618E-1 4.42469E-1 5.1169E-1 5.69763E-1 6.11321E-1 7.00822E-1 7.43255E-1 6.79298E-1 7.15793E-1 7.46333E-1 6.70805E-1 5.37804E-1 4.66567E-1 3.87333E-1 3.62048E-1 4.02853E-1 3.91713E-1 4.33597E-1 4.84548E-1 5.63218E-1 6.11645E-1 6.498E-1 6.40088E-1 6.47224E-1 5.49114E-1 4.26496E-1 4.64695E-1 4.63416E-1 5.18828E-1 5.43568E-1 6.14548E-1 6.24435E-1 5.93663E-1 5.61467E-1 4.4735E-1 5.0657E-1 4.6261E-1 5.94938E-1 5.8608E-1 4.76469E-1 4.42657E-1 4.7305E-1 4.8811E-1 5.56356E-1 5.37342E-1 6.45818E-1 6.3776E-1 5.22381E-1 2.95274E-1 6.66073E-1 5.04991E-1
-9999 -9999 -9999 -9999 -9999 -9999 -9999 -9999 1.39731E-1 3.29678E-1 4.07915E-1 4.79654E-1 5.30294E-1 6.19381E-1 6.88212E-1 7.17009E-1 6.94405E-1 7.44907E-1 6.95502E-1 6.16399E-1 5.1452E-1 4.59932E-1 3.80729E-1 4.16213E-1 4.58517E-1 4.45211E-1 4.83559E-1 5.22976E-1 5.91725E-1 6.53032E-1 6.5175E-1 6.00737E-1 6.48247E-1 4.73611E-1 4.42524E-1 4.83121E-1 5.35469E-1 6.12519E-1 6.04619E-1 6.05348E-1 6.05383E-1 5.73117E-1 4.93541E-1 4.00776E-1 4.46917E-1 4.09975E-1 4.91115E-1 5.13257E-1 5.28164E-1 5.13068E-1 5.35335E-1 5.07817E-1 6.45599E-1 6.28006E-1 6.68443E-1 3.67471E-1 5.15084E-1 5.64322E-1 4.9901E-1 4.09951E-1
-9999 -9999 -9999 -9999 -9999 -9999 -9999 -9999 -9999 3.10758E-1 4.01423E-1 4.43443E-1 5.66451E-1 6.19475E-1 6.51095E-1 6.9924E-1 7.22012E-1 7.22062E-1 6.3492E-1 5.92746E-1 4.92408E-1 4.37277E-1 3.9751E-1 4.5843E-1 5.01804E-1 4.90093E-1 5.22768E-1 5.51068E-1 5.75714E-1 6.40804E-1 6.13654E-1 5.49574E-1 6.07168E-1 4.71385E-1 4.4609E-1 5.74417E-1 5.95502E-1 5.67818E-1 5.98417E-1 6.09124E-1 6.08531E-1 4.92174E-1 4.19018E-1 3.32811E-1 3.52715E-1 3.33658E-1 3.73161E-1 4.08839E-1 4.60443E-1 5.16926E-1 5.9636E-1 6.52705E-1 6.66622E-1 7.04144E-1 6.47918E-1 5.50422E-1 5.16961E-1 4.56157E-1 4.16544E-1 4.49932E-1
-9999 -9999 -9999 -9999 -9999 -9999 -9999 -9999 -9999 3.69516E-1 4.62726E-1 5.80347E-1 6.45396E-1 6.65653E-1 6.53189E-1 7.29229E-1 7.12099E-1 7.19406E-1 6.25676E-1 5.85906E-1 5.18363E-1 4.79631E-1 4.32655E-1 4.83144E-1 5.30118E-1 5.18462E-1 5.52869E-1 5.67677E-1 5.72067E-1 5.66448E-1 5.98878E-1 3.52006E-1 5.84677E-1 6.03232E-1 5.78998E-1 5.02045E-1 5.41049E-1 5.82058E-1 6.05372E-1 5.9367E-1 5.92388E-1 4.52068E-1 3.93827E-1 3.13237E-1 3.41548E-1 3.29656E-1 3.51562E-1 3.33041E-1 3.73166E-1 5.49694E-1 6.26834E-1 6.35282E-1 6.60996E-1 6.79652E-1 5.62023E-1 4.52477E-1 4.02378E-1 4.12099E-1 5.42743E-1 5.34504E-1
-9999 -9999 -9999 -9999 -9999 -9999 -9999 -9999 -9999 5.20334E-1 5.74174E-1 6.28709E-1 6.79734E-1 7.0575E-1 7.34481E-1 7.73336E-1 7.23497E-1 7.70708E-1 6.95046E-1 6.83612E-1 6.1124E-1 5.35359E-1 4.60698E-1 5.23461E-1 5.65589E-1 5.79739E-1 6.11148E-1 4.84949E-1 6.02529E-1 6.32968E-1 6.07257E-1 6.0054E-1 5.68743E-1 5.56323E-1 6.05963E-1 6.46991E-1 4.54711E-1 4.5011E-1 4.90188E-1 5.20168E-1 4.81519E-1 4.25474E-1 3.8119E-1 3.59495E-1 4.2368E-1 4.57529E-1 4.68643E-1 4.7578E-1 5.16435E-1 5.31506E-1 5.22627E-1 5.78642E-1 6.59039E-1 5.84761E-1 4.45843E-1 5.19717E-1 4.7007E-1 4.7721E-1 4.99173E-1 5.93836E-1
