Phytophthora/models/20240429_1812_56/Phytophthora_PA2_RUN1_MAXENT_outputs/Phytophthora_PA2_RUN1.asc
ncols         225
nrows         269
xllcorner     473000.0
yllcorner     4429100.0
cellsize      50.0
NODATA_value  -9999
[rows 108 to 134 of 269, columns 60 to 119 of 225]
1.34752E-1 1.20617E-1 1.29082E-1 2.10226E-1 2.55147E-1 3.24418E-1 3.44779E-1 1.67789E-1 1.82964E-1 1.58953E-1 1.05116E-1 1.12519E-1 8.92339E-2 8.45406E-2 1.03571E-1 1.61223E-1 1.84851E-1 2.02061E-1 2.14886E-1 1.58205E-1 2.35929E-1 1.87858E-1 1.50916E-1 1.48992E-1 1.81575E-1 2.17942E-1 1.92771E-1 2.23845E-1 2.01071E-1 1.89872E-1 2.07198E-1 1.64154E-1 1.67608E-1 2.17912E-1 2.27362E-1 3.46252E-1 3.94164E-1 4.33674E-1 4.75411E-1 5.03684E-1 5.33274E-1 4.77333E-1 5.72672E-1 5.81996E-1 3.08903E-1 3.87225E-1 2.12387E-1 4.13192E-1 3.9893E-1 4.1294E-1 4.08894E-1 4.21484E-1 4.89546E-1 5.23296E-1 5.21764E-1 3.11275E-1 1.28108E-1 3.3834E-1 4.00972E-1 4.18526E-1
1.33025E-1 1.46503E-1 1.13105E-1 1.33386E-1 1.42406E-1 2.86912E-1 3.43201E-1 3.04706E-1 2.52808E-1 1.66429E-1 1.07975E-1 1.15695E-1 9.5034E-2 8.68765E-2 1.00208E-1 1.61669E-1 1.72761E-1 1.92038E-1 2.03457E-1 3.33603E-1 2.11179E-1 1.79107E-1 1.96629E-1 2.24087E-1 2.41306E-1 2.29376E-1 2.35011E-1 2.59195E-1 2.32097E-1 2.27614E-1 2.34731E-1 2.10073E-1 2.21937E-1 2.3117E-1 2.31207E-1 3.17271E-1 3.65482E-1 4.00924E-1 4.63978E-1 5.21638E-1 5.97232E-1 6.28229E-1 4.78132E-1 3.31788E-1 4.42485E-1 3.89084E-1 3.89888E-1 3.92251E-1 4.67549E-1 4.50189E-1 3.88401E-1 3.55204E-1 4.73703E-1 4.65631E-1 4.58934E-1 3.62943E-1 4.48515E-1 4.2514E-1 1.58692E-1 4.763E-1
1.28677E-1 1.44865E-1 9.1315E-2 1.35302E-1 1.53139E-1 2.17752E-1 2.26722E-1 2.94199E-1 1.13453E-1 2.20381E-1 1.27975E-1 1.3255E-1 1.16212E-1 1.0941E-1 1.23317E-1 1.89598E-1 2.03577E-1 1.97811E-1 8.67151E-2 2.27256E-1 1.98698E-1 2.28111E-1 2.43389E-1 2.49731E-1 2.30092E-1 2.74004E-1 2.59062E-1 2.55454E-1 2.52603E-1 2.47376E-1 2.55891E-1 2.47154E-1 2.49841E-1 2.43863E-1 2.54588E-1 3.40802E-1 4.06985E-1 4.69354E-1 4.88324E-1 5.28683E-1 5.99423E-1 5.89352E-1 3.786E-1 3.5729E-1 3.68059E-1 3.91236E-1 3.73054E-1 5.27613E-1 4.73769E-1 4.70598E-1 4.32227E-1 4.53601E-1 4.93865E-1 4.69179E-1 4.19775E-1 2.85365E-1 3.14451E-1 3.24409E-1 4.12877E-1 1.76419E-1
1.36335E-1 1.37199E-1 1.47279E-1 1.42518E-1 1.5653E-1 2.06275E-1 1.97416E-1 2.45292E-1 7.1247E-2 3.27306E-1 2.21283E-1 2.13624E-1 1.86992E-1 1.91265E-1 1.97388E-1 1.70758E-1 1.8206E-1 1.82663E-1 1.17982E-1 1.81132E-1 2.53791E-1 2.82263E-1 2.60861E-1 2.49703E-1 2.3329E-1 2.31014E-1 2.2021E-1 2.16763E-1 2.1781E-1 2.20055E-1 2.31144E-1 2.23028E-1 2.2374E-1 2.27751E-1 2.19149E-1 1.90282E-1 1.8329E-1 2.15586E-1 2.24592E-1 2.89534E-1 4.09606E-1 3.2232E-1 3.41158E-1 3.78016E-1 2.87837E-1 3.49956E-1 4.08336E-1 3.96325E-1 4.0596E-1 4.42304E-1 5.13864E-1 5.2198E-1 5.00291E-1 4.74624E-1 4.4278E-1 3.78346E-1 3.9267E-1 4.18087E-1 4.07592E-1 2.35729E-1
1.44885E-1 1.38608E-1 1.38256E-1 1.48593E-1 1.55682E-1 1.98734E-1 2.03506E-1 2.36835E-1 3.3256E-1 2.7187E-1 2.39194E-1 2.13859E-1 2.00975E-1 2.03716E-1 2.14741E-1 1.81677E-1 1.84887E-1 9.17917E-2 2.0333E-1 2.09441E-1 2.79426E-1 2.72147E-1 2.60451E-1 2.56908E-1 2.28799E-1 1.95382E-1 1.10217E-1 2.1504E-1 2.18752E-1 2.34624E-1 1.81379E-1 1.60902E-1 2.32566E-1 2.34944E-1 2.2129E-1 2.23572E-1 2.07536E-1 2.25731E-1 2.4578E-1 2.43841E-1 1.80154E-1 3.33351E-1 3.88744E-1 4.59432E-1 2.74082E-1 4.35519E-1 4.05619E-1 4.14615E-1 4.5992E-1 5.01986E-1 5.4163E-1 4.74623E-1 4.80585E-1 4.87584E-1 4.79065E-1 3.97269E-1 4.05122E-1 4.15324E-1 4.59539E-1 4.21283E-1
1.40135E-1 1.16756E-1 1.39999E-1 1.46716E-1 1.47304E-1 1.8214E-1 2.12194E-1 2.56322E-1 3.08715E-1 1.46006E-1 2.83629E-1 2.09523E-1 1.99925E-1 2.06178E-1 2.17108E-1 2.00199E-1 1.56353E-1 1.26378E-1 2.84331E-1 2.17244E-1 2.89345E-1 2.89694E-1 2.3135E-1 2.85888E-1 2.64327E-1 2.35953E-1 2.34588E-1 2.84979E-1 2.61936E-1 2.21446E-1 2.11319E-1 2.21601E-1 2.48897E-1 2.2154E-1 2.46906E-1 2.05722E-1 2.23716E-1 2.40916E-1 2.50992E-1 2.49087E-1 2.80788E-1 2.67635E-1 2.86526E-1 2.43052E-1 3.28926E-1 3.92752E-1 3.94664E-1 3.55723E-1 3.099E-1 3.45083E-1 3.97874E-1 4.1285E-1 4.43791E-1 4.77237E-1 4.64692E-1 3.68027E-1 3.65145E-1 3.90199E-1 4.36791E-1 3.99376E-1
1.40855E-1 1.40808E-1 1.42817E-1 1.4228E-1 1.42478E-1 2.00063E-1 2.20193E-1 2.40547E-1 1.46335E-1 1.88835E-1 1.84269E-1 1.96788E-1 1.9946E-1 2.04312E-1 2.21552E-1 2.11764E-1 2.86639E-1 1.56893E-1 1.83323E-1 2.15901E-1 2.32757E-1 1.80631E-1 2.78808E-1 2.65802E-1 2.3626E-1 2.35885E-1 3.09204E-1 3.22263E-1 2.077E-1 1.72376E-1 1.96512E-1 1.70764E-1 2.19094E-1 2.24664E-1 1.53015E-1 1.64519E-1 1.36808E-1 1.29501E-1 1.79424E-1 2.06226E-1 2.97451E-1 3.19902E-1 3.39656E-1 3.68532E-1 4.01935E-1 3.42565E-1 1.60907E-1 3.88876E-1 3.07837E-1 2.30428E-1 3.16027E-1 4.70224E-1 4.36026E-1 5.01747E-1 4.82372E-1 4.2107E-1 4.27185E-1 4.53188E-1 3.54382E-1 3.99412E-1
9.83878E-2 1.40573E-1 1.39426E-1 1.34146E-1 1.48349E-1 2.11806E-1 2.13559E-1 1.94808E-1 2.10637E-1 2.06795E-1 1.01334E-1 1.9737E-1 1.94813E-1 1.94436E-1 2.04954E-1 2.66536E-1 8.65996E-2 1.76519E-1 1.57919E-1 1.95459E-1 2.81736E-1 2.79049E-1 2.57315E-1 2.56273E-1 2.45857E-1 3.28858E-1 2.98532E-1 1.96258E-1 1.61957E-1 1.61995E-1 1.85755E-1 1.87499E-1 2.19117E-1 2.24868E-1 2.22136E-1 1.5307E-1 2.04858E-1 2.10113E-1 2.41391E-1 2.37614E-1 3.44566E-1 2.83796E-1 3.50908E-1 3.07705E-1 3.68144E-1 3.32534E-1 3.00627E-1 3.45687E-1 1.82612E-1 3.12411E-1 4.41141E-1 4.80638E-1 4.55577E-1 6.1758E-1 6.32317E-1 5.29424E-1 5.46527E-1 5.60617E-1 5.50133E-1 4.6247E-1
2.85531E-1 2.72712E-1 2.67878E-1 2.914E-1 3.01531E-1 3.23468E-1 2.98234E-1 2.66426E-1 2.96833E-1 3.02113E-1 3.20408E-1 3.26408E-1 3.43285E-1 3.32465E-1 3.45842E-1 4.36697E-1 3.79609E-1 3.26126E-1 3.4594E-1 3.36737E-1 3.15917E-1 3.05829E-1 3.01447E-1 3.1336E-1 4.14139E-1 3.42083E-1 2.21947E-1 2.10981E-1 1.81096E-1 1.83329E-1 2.76386E-1 2.53584E-1 2.89132E-1 3.11115E-1 3.22005E-1 3.41766E-1 3.15516E-1 3.04981E-1 3.55953E-1 3.82006E-1 4.80207E-1 5.10216E-1 4.46814E-1 4.87184E-1 4.6231E-1 3.37718E-1 3.08802E-1 2.03673E-1 2.82645E-1 1.66525E-1 5.53726E-1 5.94293E-1 6.35631E-1 6.25403E-1 5.23749E-1 4.25383E-1 4.88847E-1 5.28662E-1 5.18227E-1 2.96198E-1
2.75744E-1 2.74302E-1 2.80842E-1 2.97926E-1 2.95521E-1 3.06381E-1 2.50753E-1 2.88673E-1 2.97374E-1 2.9094E-1 3.46231E-1 1.34527E-1 3.72346E-1 3.4236E-1 3.47237E-1 3.53584E-1 4.79052E-1 2.87023E-1 3.00376E-1 3.04758E-1 2.7777E-1 2.91757E-1 3.25073E-1 3.9452E-1 3.21967E-1 1.94544E-1 1.72052E-1 1.51417E-1 1.44857E-1 1.50893E-1 1.9949E-1 2.258E-1 2.72261E-1 2.92422E-1 3.2647E-1 3.65958E-1 2.98863E-1 3.8366E-1 3.68061E-1 2.31485E-1 3.96702E-1 3.7652E-1 4.76603E-1 4.94767E-1 5.00708E-1 3.49531E-1 3.36612E-1 2.95351E-1 3.65833E-1 3.09036E-1 4.7641E-1 5.37054E-1 5.351E-1 5.26576E-1 5.19228E-1 4.47243E-1 4.90351E-1 5.32787E-1 3.97665E-1 5.19065E-1
2.68797E-1 2.95168E-1 2.92942E-1 2.31459E-1 2.44592E-1 3.2718E-1 2.91272E-1 2.95343E-1 3.00035E-1 2.94965E-1 3.71607E-1 3.98917E-1 5.16931E-1 3.29445E-1 3.74998E-1 2.40576E-1 3.25591E-1 2.85967E-1 2.93344E-1 2.79918E-1 2.39859E-1 2.57116E-1 3.66172E-1 3.40147E-1 1.98984E-1 1.70374E-1 1.3093E-1 1.23669E-1 1.33345E-1 1.51792E-1 1.9296E-1 2.19138E-1 2.49784E-1 2.71054E-1 3.16495E-1 3.71513E-1 3.63493E-1 3.9423E-1 3.80363E-1 3.81246E-1 4.71969E-1 5.02508E-1 4.93518E-1 4.81454E-1 4.97565E-1 3.33252E-1 3.22037E-1 3.04429E-1 2.35818E-1 3.49825E-1 4.84196E-1 5.03125E-1 5.32112E-1 5.62328E-1 5.51076E-1 4.75883E-1 4.95526E-1 5.12124E-1 5.19467E-1 5.81123E-1
2.82479E-1 3.31269E-1 3.28886E-1 2.89658E-1 1.83667E-1 2.79098E-1 2.79103E-1 2.83226E-1 2.75367E-1 2.78932E-1 3.44002E-1 3.4612E-1 1.67854E-1 5.16382E-1 2.38039E-1 4.26792E-1 3.18481E-1 2.91161E-1 2.71508E-1 2.15957E-1 1.96902E-1 1.97446E-1 2.90956E-1 2.66385E-1 1.81613E-1 1.81186E-1 1.50289E-1 1.5478E-1 1.70361E-1 2.04243E-1 2.29683E-1 2.3088E-1 2.63819E-1 2.88751E-1 3.25374E-1 3.78682E-1 3.73536E-1 2.15324E-1 3.02636E-1 3.83864E-1 4.69127E-1 5.00299E-1 5.03375E-1 4.66126E-1 4.1774E-1 3.02044E-1 2.97503E-1 2.77371E-1 2.53795E-1 3.89149E-1 5.08815E-1 5.37799E-1 4.98268E-1 5.55891E-1 5.46091E-1 4.65838E-1 4.72105E-1 4.92359E-1 5.00341E-1 5.10739E-1
3.05827E-1 4.1941E-1 3.32712E-1 2.89591E-1 1.95461E-1 2.81272E-1 2.86544E-1 2.77573E-1 2.62459E-1 2.96544E-1 3.58105E-1 3.59977E-1 3.83224E-1 3.14225E-1 3.36735E-1 3.56584E-1 3.90517E-1 3.63768E-1 2.72379E-1 1.84575E-1 1.53729E-1 1.79169E-1 2.92185E-1 2.41503E-1 2.34642E-1 2.11608E-1 1.82127E-1 1.91215E-1 2.24808E-1 2.50357E-1 2.66429E-1 2.45629E-1 2.6359E-1 2.92147E-1 3.32468E-1 3.65713E-1 3.81765E-1 2.85076E-1 3.9302E-1 3.82117E-1 4.59861E-1 4.83092E-1 4.93166E-1 4.67856E-1 4.10175E-1 2.42512E-1 2.42866E-1 2.46413E-1 2.57639E-1 3.68274E-1 5.35572E-1 5.3262E-1 5.56057E-1 5.60523E-1 5.44383E-1 4.62253E-1 4.76026E-1 5.0706E-1 5.02861E-1 5.28238E-1
2.37463E-1 4.55638E-1 3.11093E-1 3.00181E-1 2.83288E-1 2.95577E-1 2.92069E-1 2.99397E-1 2.90801E-1 3.52916E-1 5.04897E-1 5.03767E-1 4.78192E-1 2.90995E-1 3.59433E-1 4.246E-1 4.3064E-1 3.47315E-1 2.75309E-1 2.04497E-1 2.15137E-1 2.70362E-1 2.84995E-1 2.95347E-1 3.18173E-1 2.95922E-1 2.72599E-1 2.96925E-1 3.24192E-1 3.49603E-1 4.18057E-1 3.86711E-1 3.64624E-1 4.05559E-1 4.45147E-1 4.24632E-1 4.19884E-1 4.50913E-1 2.4726E-1 3.65351E-1 3.6384E-1 3.79447E-1 4.09108E-1 4.01194E-1 3.30116E-1 2.29384E-1 2.36898E-1 2.45068E-1 2.72242E-1 3.0654E-1 3.80528E-1 4.14038E-1 4.54004E-1 4.77906E-1 4.97583E-1 5.85726E-1 5.58975E-1 5.26759E-1 5.54959E-1 5.95442E-1
4.52884E-1 3.80456E-1 3.13036E-1 3.29455E-1 2.30427E-1 3.07742E-1 2.85762E-1 2.49452E-1 2.49474E-1 2.57218E-1 3.52421E-1 4.52277E-1 5.32502E-1 4.01781E-1 5.0502E-1 4.51434E-1 4.29435E-1 3.39381E-1 2.87425E-1 2.38672E-1 2.79482E-1 3.47987E-1 2.93332E-1 3.62254E-1 3.84229E-1 3.41762E-1 3.20919E-1 3.57055E-1 3.69774E-1 3.51373E-1 4.1863E-1 4.04794E-1 3.79999E-1 3.8652E-1 4.61498E-1 4.41161E-1 4.59701E-1 4.33254E-1 3.72474E-1 3.50271E-1 3.48352E-1 3.42144E-1 3.8078E-1 3.94019E-1 3.14012E-1 2.33685E-1 2.37958E-1 2.63453E-1 2.96122E-1 3.19039E-1 3.82364E-1 3.90673E-1 4.11484E-1 4.38327E-1 4.83422E-1 6.05938E-1 5.66231E-1 5.77456E-1 5.50881E-1 5.89545E-1
4.58793E-1 3.64957E-1 3.56504E-1 3.52119E-1 3.10178E-1 3.06195E-1 2.88016E-1 2.87741E-1 2.29304E-1 2.46502E-1 3.02004E-1 3.3695E-1 4.09718E-1 4.48101E-1 5.1511E-1 4.33302E-1 4.07228E-1 3.56332E-1 3.39143E-1 3.34238E-1 3.62635E-1 3.63484E-1 4.31371E-1 4.60459E-1 3.4242E-1 3.5015E-1 3.74219E-1 3.96903E-1 3.73547E-1 3.30325E-1 3.81827E-1 4.09429E-1 3.99663E-1 4.06149E-1 5.3847E-1 4.49851E-1 3.29612E-1 4.2586E-1 3.60077E-1 3.3686E-1 3.30767E-1 3.16392E-1 3.3345E-1 4.03443E-1 3.61681E-1 2.78328E-1 2.88263E-1 3.04965E-1 3.24218E-1 3.50377E-1 4.06565E-1 4.16995E-1 4.29704E-1 4.28988E-1 4.93028E-1 6.4467E-1 6.23584E-1 5.63704E-1 5.35217E-1 5.86055E-1
4.4384E-1 4.05639E-1 3.95751E-1 2.49738E-1 3.06866E-1 3.0116E-1 2.67961E-1 2.45046E-1 2.23791E-1 2.32765E-1 3.07541E-1 3.40941E-1 3.58274E-1 4.19468E-1 4.47019E-1 4.02367E-1 4.23025E-1 4.34643E-1 4.89356E-1 4.39882E-1 4.17415E-1 4.45594E-1 4.0685E-1 3.55018E-1 3.22483E-1 3.63287E-1 3.94621E-1 3.96114E-1 3.57527E-1 1.65265E-1 3.77132E-1 3.91764E-1 4.06573E-1 5.01206E-1 5.12114E-1 3.75391E-1 2.43482E-1 4.33243E-1 3.59108E-1 3.09501E-1 2.99135E-1 2.96682E-1 3.48351E-1 4.51387E-1 3.19982E-1 3.04766E-1 3.42564E-1 3.46749E-1 3.39536E-1 3.65096E-1 4.12883E-1 4.18619E-1 4.45382E-1 4.57934E-1 4.90387E-1 6.2305E-1 6.50878E-1 6.22512E-1 5.7281E-1 5.90688E-1
4.18652E-1 4.59034E-1 4.12654E-1 3.05248E-1 3.08437E-1 2.84348E-1 2.53929E-1 2.34318E-1 2.17315E-1 2.28412E-1 3.18258E-1 3.65696E-1 3.79607E-1 3.61986E-1 1.26018E-1 4.1735E-1 5.24689E-1 5.35426E-1 4.86803E-1 4.38253E-1 3.52617E-1 2.92285E-1 2.92681E-1 3.11084E-1 3.39602E-1 4.05892E-1 4.04041E-1 3.80801E-1 3.47243E-1 2.47481E-1 3.77213E-1 3.70495E-1 3.89031E-1 4.71259E-1 5.02145E-1 3.11043E-1 3.19432E-1 4.66286E-1 3.19609E-1 3.07835E-1 3.13859E-1 3.46876E-1 4.05378E-1 4.72311E-1 3.75299E-1 3.5817E-1 4.14543E-1 3.85175E-1 3.66578E-1 3.79303E-1 4.19639E-1 3.978E-1 4.46105E-1 4.88321E-1 5.40388E-1 6.42254E-1 6.46244E-1 6.47515E-1 6.47145E-1 6.43434E-1
4.2653E-1 5.11181E-1 3.85405E-1 3.58774E-1 3.47411E-1 3.67353E-1 3.37399E-1 3.47439E-1 3.50643E-1 3.25588E-1 3.40772E-1 3.96693E-1 4.80321E-1 4.40166E-1 4.25122E-1 4.7334E-1 4.31747E-1 4.36399E-1 4.24305E-1 3.19685E-1 2.72658E-1 3.14052E-1 3.32724E-1 3.83E-1 4.08572E-1 4.1145E-1 4.43899E-1 4.30137E-1 3.79811E-1 2.46886E-1 3.25604E-1 3.12947E-1 3.07695E-1 4.11749E-1 4.01772E-1 2.2147E-1 1.23918E-1 3.71905E-1 2.45701E-1 2.42024E-1 2.60833E-1 3.0438E-1 3.54888E-1 4.17149E-1 3.85902E-1 3.59677E-1 4.05022E-1 3.67866E-1 3.75457E-1 3.43795E-1 3.80578E-1 3.78368E-1 3.93584E-1 4.19859E-1 4.80783E-1 4.38593E-1 4.20296E-1 4.79552E-1 4.77417E-1 4.89679E-1
4.65071E-1 4.94602E-1 4.22736E-1 3.75136E-1 3.42439E-1 3.75739E-1 3.76032E-1 3.78993E-1 3.86678E-1 3.64561E-1 3.43193E-1 3.8155E-1 4.38431E-1 4.16938E-1 2.29594E-1 4.77874E-1 4.74756E-1 3.84558E-1 2.64156E-1 2.3967E-1 3.1327E-1 3.37402E-1 3.47887E-1 3.67388E-1 4.12207E-1 5.38652E-1 4.3393E-1 4.20218E-1 3.67412E-1 3.27373E-1 3.28119E-1 3.17359E-1 2.95698E-1 2.54468E-1 2.56408E-1 2.03748E-1 1.44339E-1 3.57515E-1 3.40899E-1 2.30892E-1 2.60126E-1 2.98243E-1 3.36577E-1 4.09361E-1 4.40463E-1 3.87962E-1 3.35681E-1 3.22896E-1 3.81424E-1 3.44717E-1 3.8302E-1 3.95583E-1 2.96785E-1 4.24131E-1 5.08901E-1 4.40405E-1 4.2288E-1 4.65086E-1 4.63897E-1 5.50123E-1
3.10034E-1 3.03379E-1 3.15252E-1 3.22772E-1 3.39681E-1 3.94023E-1 3.88486E-1 3.92279E-1 3.9691E-1 3.86857E-1 3.77778E-1 3.67949E-1 4.45506E-1 4.52718E-1 5.41987E-1 4.63127E-1 3.37253E-1 2.93913E-1 2.61954E-1 2.97639E-1 3.68033E-1 3.59322E-1 3.62333E-1 3.79405E-1 4.09828E-1 5.28877E-1 4.43207E-1 3.67518E-1 3.63445E-1 3.42553E-1 3.33034E-1 3.2891E-1 3.11458E-1 2.67122E-1 2.47766E-1 1.94702E-1 2.10664E-1 2.96129E-1 3.51757E-1 2.5912E-1 2.68167E-1 2.3405E-1 3.43694E-1 4.00965E-1 4.61744E-1 3.79776E-1 4.25297E-1 5.01602E-1 3.48866E-1 3.28612E-1 3.98273E-1 4.16458E-1 4.04012E-1 4.22031E-1 4.74808E-1 4.54663E-1 4.19612E-1 4.37246E-1 4.34322E-1 4.52933E-1
2.93271E-1 3.17102E-1 3.26948E-1 3.3337E-1 3.56929E-1 4.12552E-1 3.08614E-1 4.00081E-1 4.18817E-1 4.14064E-1 4.14679E-1 4.06359E-1 4.63488E-1 5.13898E-1 4.81236E-1 4.43569E-1 3.29937E-1 3.16962E-1 3.05562E-1 3.37993E-1 4.06201E-1 3.96513E-1 3.74009E-1 3.97148E-1 5.03878E-1 5.30884E-1 4.13026E-1 3.24772E-1 3.58418E-1 3.50814E-1 3.34882E-1 3.33653E-1 3.40562E-1 3.14964E-1 2.5265E-1 1.97845E-1 2.20809E-1 2.75804E-1 3.69893E-1 3.49013E-1 2.75351E-1 2.99326E-1 3.24678E-1 4.22213E-1 3.71643E-1 3.50899E-1 4.96471E-1 5.08137E-1 3.39348E-1 3.51326E-1 4.20758E-1 4.48731E-1 4.18581E-1 4.242E-1 4.91163E-1 4.71933E-1 2.97322E-1 4.4419E-1 4.74596E-1 4.79441E-1
2.95408E-1 3.30159E-1 3.30444E-1 2.35786E-1 3.78685E-1 4.22089E-1 3.96184E-1 4.26624E-1 4.02047E-1 4.10835E-1 3.95253E-1 4.31843E-1 5.22122E-1 2.28614E-1 4.80147E-1 4.29988E-1 3.7807E-1 3.73555E-1 3.58903E-1 3.71074E-1 4.15959E-1 4.14397E-1 3.96541E-1 4.03726E-1 5.33599E-1 5.27907E-1 3.7866E-1 3.44977E-1 3.74962E-1 3.64935E-1 3.48189E-1 3.48046E-1 3.63217E-1 3.92352E-1 2.98242E-1 2.21606E-1 2.28449E-1 2.83542E-1 3.2602E-1 3.94536E-1 2.88875E-1 2.90963E-1 3.13328E-1 4.13584E-1 4.15229E-1 3.50639E-1 5.04788E-1 5.07431E-1 3.31708E-1 3.45689E-1 4.17775E-1 4.74825E-1 4.38711E-1 4.43057E-1 5.34837E-1 4.55432E-1 2.97472E-1 4.23874E-1 4.21136E-1 4.47105E-1
2.7802E-1 2.88512E-1 2.91481E-1 3.2663E-1 3.85972E-1 4.07963E-1 3.78434E-1 3.85618E-1 3.78628E-1 4.00405E-1 4.53138E-1 4.44965E-1 5.06907E-1 4.72645E-1 5.18462E-1 6.08911E-1 5.86587E-1 5.16433E-1 4.93731E-1 4.62115E-1 2.9388E-1 2.9984E-1 4.19992E-1 5.10572E-1 5.35279E-1 4.37604E-1 3.33435E-1 3.05522E-1 3.297E-1 3.24363E-1 3.04984E-1 3.02412E-1 3.36836E-1 3.80853E-1 3.67484E-1 2.44524E-1 2.49345E-1 2.72409E-1 3.19161E-1 4.08336E-1 2.81676E-1 2.34338E-1 2.55992E-1 3.76833E-1 4.39331E-1 2.6931E-1 4.06068E-1 4.13847E-1 3.01533E-1 2.73745E-1 2.99584E-1 3.46373E-1 3.00399E-1 2.03732E-1 4.09021E-1 4.30345E-1 3.89028E-1 3.94425E-1 3.60667E-1 1.20011E-1
2.69602E-1 2.81468E-1 2.38415E-1 2.72317E-1 3.78482E-1 3.96615E-1 3.80035E-1 3.70442E-1 3.75381E-1 3.97717E-1 4.56905E-1 4.29827E-1 4.37622E-1 4.81572E-1 4.53015E-1 6.30305E-1 4.43114E-1 5.35536E-1 6.17892E-1 6.02258E-1 5.80987E-1 5.53755E-1 5.7038E-1 5.5317E-1 5.32879E-1 4.1962E-1 3.85285E-1 3.36343E-1 4.11807E-1 2.08359E-1 3.39201E-1 3.45465E-1 3.41798E-1 3.75597E-1 4.15494E-1 4.10955E-1 2.19116E-1 2.83198E-1 2.97609E-1 4.01824E-1 3.84299E-1 2.16737E-1 2.72173E-1 3.76178E-1 4.44157E-1 2.74625E-1 3.47236E-1 3.78387E-1 4.05352E-1 2.97494E-1 3.07108E-1 3.60184E-1 3.17095E-1 3.31889E-1 4.40708E-1 4.85752E-1 4.04418E-1 4.52826E-1 2.12015E-1 2.96542E-1
2.57262E-1 2.82281E-1 9.45644E-2 3.11498E-1 3.12505E-1 3.80844E-1 3.66209E-1 3.74769E-1 3.85693E-1 4.01362E-1 4.78388E-1 4.40052E-1 2.82737E-1 3.92043E-1 1.61628E-1 4.85092E-1 5.21028E-1 5.01407E-1 6.04581E-1 5.58605E-1 5.90726E-1 5.11368E-1 5.54462E-1 5.69165E-1 4.75558E-1 3.12581E-1 2.95152E-1 3.976E-1 2.82072E-1 2.77478E-1 3.30503E-1 3.20902E-1 3.57027E-1 3.28484E-1 3.99699E-1 3.99319E-1 4.28844E-1 2.37371E-1 3.21587E-1 4.30586E-1 4.00955E-1 2.64711E-1 2.44313E-1 3.5942E-1 4.35257E-1 2.75422E-1 3.28745E-1 4.36364E-1 3.27723E-1 3.15171E-1 3.15576E-1 3.3984E-1 3.55434E-1 3.11222E-1 3.94157E-1 4.9423E-1 5.04928E-1 2.41065E-1 3.98695E-1 3.12823E-1
2.52535E-1 2.8287E-1 4.54756E-1 3.18054E-1 2.58057E-1 3.8696E-1 3.79868E-1 3.94407E-1 4.0097E-1 3.36829E-1 4.94203E-1 4.80416E-1 4.58849E-1 5.08262E-1 2.17362E-1 6.02092E-1 6.1393E-1 6.25756E-1 6.07177E-1 5.92337E-1 4.96233E-1 3.89606E-1 5.72143E-1 5.79307E-1 4.27632E-1 4.02166E-1 3.7693E-1 4.5809E-1 2.71232E-1 2.8494E-1 3.35832E-1 2.99699E-1 3.33164E-1 3.455E-1 3.70158E-1 3.72501E-1 4.25358E-1 4.23365E-1 3.44206E-1 3.76959E-1 4.1562E-1 4.06598E-1 2.83233E-1 3.36758E-1 4.08707E-1 2.71289E-1 3.03999E-1 4.45093E-1 4.2853E-1 3.69396E-1 3.29878E-1 3.34306E-1 3.73988E-1 3.07157E-1 3.7011E-1 3.77067E-1 2.86108E-1 4.33989E-1 3.13658E-1 2.55137E-1
