Phytophthora/models/20240501_1439_25/Phytophthora_PA3_RUN3_MAXENT_outputs/Phytophthora_PA3_RUN3.asc
ncols         225
nrows         269
xllcorner     473000.0
yllcorner     4429100.0
cellsize      50.0
NODATA_value  -9999
[rows 135 to 161 of 269, columns 0 to 59 of 225]
-9999 -9999 -9999 -9999 -9999 -9999 -9999 -9999 -9999 -9999 2.29099E-1 3.27882E-1 2.11219E-1 2.25827E-1 2.12973E-1 2.24533E-1 2.48654E-1 2.39329E-1 1.68792E-1 1.94976E-1 2.66278E-1 2.96776E-1 3.18955E-1 2.8297E-1 2.54377E-1 2.12992E-1 2.11801E-1 2.17995E-1 1.9245E-1 9.61654E-2 8.26089E-2 1.83891E-1 1.92777E-1 7.24524E-2 7.51909E-2 5.15251E-2 7.73574E-2 1.05629E-1 1.34259E-1 1.70284E-1 1.77842E-1 1.70635E-1 1.58689E-1 1.56278E-1 1.63658E-1 1.97311E-1 2.01293E-1 1.6152E-1 1.53906E-1 8.80263E-2 1.70129E-1 1.831E-1 1.58125E-1 1.3142E-1 1.09212E-1 9.8489E-2 8.27805E-2 9.11945E-2 1.38487E-1 1.74887E-1
-9999 -9999 -9999 -9999 -9999 -9999 -9999 -9999 -9999 -9999 1.44344E-1 4.3309E-1 2.20103E-1 2.5275E-1 2.33299E-1 2.68086E-1 2.0468E-1 2.66915E-1 2.99603E-1 2.97478E-1 3.25696E-1 3.51191E-1 3.47443E-1 3.04616E-1 2.36165E-1 1.80904E-1 1.65122E-1 1.59553E-1 1.76462E-1 1.8791E-1 1.95057E-1 1.28766E-1 -9999 -9999 8.46916E-2 9.04189E-2 1.11133E-1 1.24336E-1 1.56523E-1 1.38929E-1 2.06407E-1 1.9942E-1 2.10511E-1 2.45193E-1 2.93896E-1 2.50577E-1 1.76214E-1 1.55864E-1 9.38139E-2 1.5895E-1 1.9693E-1 1.54759E-1 1.84374E-1 1.69495E-1 1.38304E-1 1.12024E-1 9.19328E-2 1.06724E-1 1.48942E-1 8.72903E-2
-9999 -9999 -9999 -9999 -9999 -9999 -9999 -9999 -9999 -9999 3.12694E-1 3.22883E-1 2.67339E-1 2.49958E-1 2.2376E-1 2.5655E-1 2.34928E-1 2.104E-1 3.044E-1 3.23637E-1 3.76813E-1 4.49185E-1 3.66633E-1 3.07177E-1 2.87643E-1 2.04122E-1 1.72584E-1 1.68744E-1 1.85786E-1 2.11841E-1 2.01859E-1 1.95031E-1 -9999 1.1769E-1 1.27435E-1 1.38325E-1 1.61799E-1 1.93028E-1 2.03501E-1 1.16552E-1 2.06956E-1 2.10525E-1 2.40689E-1 2.2816E-1 2.41866E-1 1.41307E-1 1.10968E-1 9.34686E-2 1.56412E-1 1.58041E-1 2.0388E-1 1.77979E-1 1.91862E-1 1.79064E-1 1.44155E-1 1.20705E-1 1.07404E-1 1.14841E-1 1.5547E-1 2.46155E-1
-9999 -9999 -9999 -9999 -9999 -9999 -9999 -9999 -9999 -9999 2.26553E-1 2.58844E-1 2.32786E-1 2.45392E-1 2.36356E-1 2.6256E-1 1.9799E-1 3.0425E-1 1.91699E-1 3.30512E-1 3.09689E-1 4.03983E-1 2.11836E-1 3.17152E-1 3.07545E-1 2.29631E-1 2.14396E-1 2.21183E-1 2.17593E-1 2.15922E-1 2.05437E-1 1.96665E-1 1.62016E-1 1.72665E-1 1.73846E-1 1.89099E-1 2.08509E-1 1.46014E-1 2.12877E-1 2.12711E-1 1.73995E-1 2.44266E-1 2.25534E-1 2.0845E-1 1.66541E-1 1.51325E-1 1.64747E-1 1.54359E-1 1.56307E-1 1.57371E-1 2.13657E-1 2.41226E-1 1.91338E-1 1.85899E-1 1.64075E-1 1.43766E-1 1.22496E-1 1.29451E-1 1.65728E-1 2.34708E-1
-9999 -9999 -9999 -9999 -9999 -9999 -9999 -9999 -9999 -9999 2.24279E-1 2.23239E-1 2.55623E-1 2.68113E-1 2.87684E-1 3.31095E-1 1.85003E-1 2.87096E-1 3.13588E-1 3.45488E-1 3.48065E-1 3.40574E-1 3.28848E-1 3.35507E-1 3.07289E-1 1.74132E-1 2.21928E-1 2.29849E-1 1.20952E-1 1.83526E-1 1.27252E-1 2.05803E-1 1.92161E-1 1.91365E-1 2.01583E-1 2.08519E-1 1.36674E-1 2.0595E-1 2.19219E-1 1.74929E-1 2.06854E-1 2.96462E-1 2.75767E-1 2.05975E-1 1.70477E-1 1.62867E-1 1.56005E-1 1.45888E-1 1.40173E-1 1.56381E-1 2.40783E-1 2.19925E-1 2.0712E-1 1.99375E-1 1.89999E-1 1.63812E-1 1.37741E-1 1.42857E-1 1.83448E-1 2.38168E-1
-9999 -9999 -9999 -9999 -9999 -9999 -9999 -9999 -9999 -9999 1.88609E-1 1.90297E-1 2.4211E-1 2.77282E-1 3.21769E-1 3.62313E-1 3.58554E-1 3.07888E-1 2.25491E-1 3.91956E-1 4.10334E-1 3.90321E-1 3.46966E-1 3.4236E-1 2.96541E-1 2.42809E-1 2.41677E-1 2.36631E-1 2.29922E-1 2.22926E-1 2.1018E-1 1.5598E-1 1.58131E-1 1.45651E-1 2.10364E-1 2.05682E-1 2.07645E-1 2.06653E-1 1.415E-1 2.14979E-1 2.24927E-1 3.2326E-1 2.29999E-1 1.74857E-1 1.49634E-1 1.38906E-1 1.31497E-1 1.2197E-1 1.18433E-1 1.48918E-1 2.4939E-1 2.67279E-1 2.06382E-1 1.58337E-1 1.93236E-1 1.71929E-1 1.38185E-1 1.54293E-1 1.9894E-1 2.37676E-1
-9999 -9999 -9999 -9999 -9999 -9999 -9999 -9999 -9999 -9999 1.85713E-1 1.92459E-1 2.53148E-1 2.80061E-1 3.08689E-1 3.39882E-1 3.46677E-1 3.63513E-1 3.9011E-1 4.37045E-1 4.71688E-1 3.99146E-1 3.45389E-1 3.19123E-1 2.83822E-1 2.86849E-1 2.86657E-1 2.86041E-1 2.66932E-1 2.3766E-1 1.86355E-1 1.82853E-1 1.78167E-1 1.82744E-1 1.44597E-1 2.62056E-1 2.58903E-1 2.58691E-1 2.85521E-1 2.61238E-1 3.11425E-1 2.99583E-1 1.97515E-1 1.76885E-1 1.54748E-1 1.48404E-1 1.44686E-1 1.36772E-1 1.4687E-1 1.89237E-1 3.27279E-1 3.33026E-1 2.57325E-1 2.59147E-1 2.48128E-1 1.8708E-1 1.52207E-1 1.72093E-1 2.17608E-1 2.50464E-1
-9999 -9999 -9999 -9999 -9999 -9999 -9999 -9999 -9999 -9999 1.42294E-1 1.72541E-1 2.40282E-1 2.52755E-1 2.61656E-1 2.87337E-1 3.18554E-1 3.75483E-1 1.49523E-1 4.99056E-1 4.58593E-1 2.55289E-1 3.3683E-1 3.27104E-1 3.41314E-1 2.88076E-1 2.61781E-1 2.48461E-1 2.29815E-1 2.023E-1 1.64663E-1 1.79992E-1 1.83185E-1 1.89009E-1 2.22597E-1 2.74865E-1 2.70549E-1 2.05965E-1 2.94448E-1 2.83568E-1 3.04479E-1 2.37392E-1 1.688E-1 1.62244E-1 1.5002E-1 1.32299E-1 1.22306E-1 1.16864E-1 1.38196E-1 2.01511E-1 2.99167E-1 2.65584E-1 2.23514E-1 2.40778E-1 2.20168E-1 1.69371E-1 1.49504E-1 1.77576E-1 2.1175E-1 2.2487E-1
-9999 -9999 -9999 -9999 -9999 -9999 -9999 -9999 -9999 3.95488E-4 1.27645E-1 1.7073E-1 2.0106E-1 2.0849E-1 2.19416E-1 2.47809E-1 2.9342E-1 2.42046E-1 3.91625E-1 4.42948E-1 3.95057E-1 3.64783E-1 3.49154E-1 3.26492E-1 3.60773E-1 3.26024E-1 2.7938E-1 2.3873E-1 1.97401E-1 1.72185E-1 1.46061E-1 1.56665E-1 1.62148E-1 1.92844E-1 2.34516E-1 2.00073E-1 2.7185E-1 2.706E-1 2.96867E-1 3.13939E-1 2.90222E-1 2.18002E-1 2.02658E-1 1.99991E-1 1.8331E-1 1.66734E-1 1.49696E-1 1.34257E-1 1.4733E-1 2.37674E-1 2.49166E-1 1.93872E-1 2.04927E-1 2.11501E-1 1.90212E-1 1.50111E-1 1.47887E-1 1.7625E-1 2.08721E-1 2.40912E-1
-9999 -9999 -9999 -9999 -9999 -9999 -9999 -9999 -9999 3.77939E-4 1.43904E-1 1.74008E-1 1.76508E-1 1.75024E-1 1.84479E-1 2.23011E-1 2.63104E-1 1.26427E-1 4.33516E-1 4.34048E-1 3.90029E-1 3.65867E-1 3.47566E-1 3.69873E-1 3.79434E-1 3.11914E-1 2.82234E-1 2.49058E-1 2.20134E-1 1.83132E-1 1.25536E-1 1.32005E-1 1.53087E-1 1.88974E-1 2.33236E-1 2.74814E-1 2.49525E-1 2.75538E-1 3.0159E-1 3.36743E-1 2.58219E-1 2.25704E-1 2.37776E-1 2.36643E-1 2.25136E-1 2.0536E-1 1.89563E-1 1.77398E-1 1.9479E-1 2.11368E-1 1.793E-1 1.58646E-1 1.84002E-1 1.84794E-1 1.70686E-1 1.47661E-1 1.58286E-1 1.86383E-1 2.17092E-1 2.48848E-1
-9999 -9999 -9999 -9999 -9999 -9999 -9999 -9999 -9999 4.17199E-4 1.54085E-1 1.60017E-1 1.68821E-1 1.7384E-1 1.89919E-1 2.2021E-1 2.56726E-1 3.00459E-1 4.55172E-1 3.09736E-1 3.4409E-1 3.32435E-1 2.73273E-1 2.85799E-1 2.80595E-1 2.10636E-1 2.74702E-1 2.65664E-1 2.55201E-1 2.1617E-1 1.5547E-1 1.39987E-1 1.61413E-1 1.90101E-1 2.30494E-1 2.77416E-1 2.14553E-1 2.90486E-1 3.302E-1 3.22563E-1 2.55418E-1 2.55133E-1 2.61858E-1 2.46885E-1 2.57826E-1 2.55377E-1 2.52717E-1 2.79162E-1 2.13117E-1 1.98145E-1 1.79403E-1 1.92536E-1 2.342E-1 2.54851E-1 2.18836E-1 1.87521E-1 1.74278E-1 1.9224E-1 2.27197E-1 2.67601E-1
-9999 -9999 -9999 -9999 -9999 -9999 -9999 -9999 1.26902E-1 1.26218E-1 1.59944E-1 1.66814E-1 1.933E-1 2.17168E-1 1.66102E-1 1.43131E-1 1.15611E-1 4.21102E-1 2.87975E-1 3.05368E-1 3.22302E-1 3.2327E-1 2.72956E-1 2.55245E-1 2.72742E-1 3.07438E-1 1.81924E-1 2.96253E-1 3.04975E-1 2.79735E-1 2.45473E-1 2.16317E-1 2.52533E-1 2.64377E-1 2.60058E-1 2.21329E-1 2.68568E-1 2.96184E-1 3.28583E-1 2.94611E-1 2.4601E-1 2.71391E-1 2.68001E-1 2.74007E-1 3.09647E-1 3.42434E-1 3.63468E-1 3.03447E-1 2.53997E-1 2.30752E-1 2.26494E-1 2.64251E-1 3.35994E-1 3.19693E-1 2.84703E-1 2.76355E-1 2.57445E-1 2.34493E-1 2.7179E-1 3.54752E-1
-9999 -9999 -9999 -9999 -9999 -9999 -9999 -9999 1.69709E-1 1.47212E-1 1.64559E-1 9.63247E-2 1.68531E-1 1.36284E-1 1.45393E-1 1.12228E-1 1.84288E-1 2.32445E-1 2.69947E-1 3.23674E-1 2.97957E-1 3.16181E-1 3.39524E-1 3.38961E-1 3.2722E-1 3.09088E-1 2.98793E-1 2.30509E-1 3.09643E-1 3.01446E-1 3.2302E-1 3.05378E-1 2.96693E-1 2.76358E-1 2.64879E-1 2.88676E-1 2.84173E-1 3.22751E-1 3.09675E-1 2.71589E-1 2.48183E-1 2.52917E-1 2.71569E-1 2.89997E-1 3.93774E-1 4.30497E-1 3.92117E-1 3.17536E-1 2.60812E-1 2.70016E-1 2.67085E-1 3.57532E-1 3.66711E-1 3.14426E-1 3.03352E-1 2.97418E-1 2.90194E-1 2.62115E-1 2.5802E-1 3.46176E-1
-9999 -9999 -9999 -9999 -9999 -9999 -9999 -9999 1.76636E-1 1.68122E-1 7.34877E-2 1.71746E-1 9.07092E-2 7.68827E-2 7.48604E-2 9.01446E-2 8.21873E-2 1.47732E-1 2.56481E-1 3.2724E-1 3.31961E-1 3.556E-1 3.6501E-1 3.54012E-1 3.3327E-1 3.09676E-1 1.94137E-1 3.14622E-1 2.36555E-1 3.19594E-1 3.62702E-1 3.70914E-1 2.93646E-1 1.74512E-1 2.90579E-1 3.18127E-1 3.03349E-1 3.35844E-1 3.0877E-1 2.70835E-1 2.47948E-1 2.81966E-1 2.98277E-1 3.91329E-1 4.19332E-1 4.07648E-1 3.72097E-1 3.08586E-1 3.13942E-1 3.37697E-1 3.5664E-1 4.08799E-1 3.8451E-1 2.20026E-1 2.59827E-1 2.92437E-1 3.04957E-1 2.89537E-1 2.62244E-1 3.2353E-1
-9999 -9999 -9999 -9999 -9999 -9999 -9999 1.45006E-1 1.31295E-1 1.8653E-1 1.33419E-1 1.13401E-1 1.07389E-1 1.04758E-1 8.89956E-2 8.58753E-2 1.20422E-1 2.69933E-1 2.08642E-1 2.87462E-1 3.15402E-1 3.33488E-1 3.20292E-1 3.44977E-1 3.32743E-1 3.19051E-1 3.22602E-1 3.26632E-1 3.26356E-1 2.12552E-1 4.15004E-1 3.84463E-1 2.57567E-1 3.05468E-1 3.20701E-1 3.22488E-1 3.18138E-1 3.39541E-1 2.96859E-1 2.72215E-1 2.65124E-1 3.47906E-1 4.41424E-1 4.4839E-1 4.02508E-1 3.67985E-1 3.52756E-1 3.29954E-1 3.53204E-1 3.63828E-1 4.06102E-1 4.03589E-1 3.49522E-1 3.17977E-1 3.12811E-1 3.06439E-1 3.12315E-1 2.96286E-1 2.79766E-1 3.02005E-1
-9999 -9999 -9999 -9999 -9999 -9999 -9999 1.03638E-1 1.45563E-1 1.34498E-1 1.17188E-1 1.43796E-1 1.83379E-1 1.75765E-1 1.7615E-1 1.81251E-1 2.02165E-1 2.35993E-1 2.15941E-1 2.32975E-1 2.66783E-1 2.75103E-1 2.60832E-1 3.08707E-1 2.95432E-1 2.95478E-1 3.19837E-1 3.33404E-1 2.02717E-1 3.51282E-1 4.39475E-1 3.64018E-1 3.13735E-1 3.32398E-1 3.15062E-1 3.02075E-1 3.00964E-1 3.07879E-1 2.98162E-1 2.95652E-1 3.60463E-1 4.36838E-1 4.32048E-1 3.29356E-1 3.40669E-1 2.07304E-1 2.35142E-1 2.43505E-1 3.43318E-1 2.52469E-1 2.92844E-1 4.03155E-1 3.6675E-1 3.28473E-1 3.1634E-1 3.11615E-1 3.04123E-1 2.95674E-1 2.82572E-1 2.97527E-1
-9999 -9999 -9999 -9999 -9999 -9999 -9999 7.04487E-2 1.76589E-1 1.89129E-1 2.45584E-1 3.14985E-1 3.68405E-1 3.71128E-1 3.72009E-1 3.31597E-1 3.06304E-1 3.28255E-1 2.88772E-1 2.87015E-1 3.07548E-1 3.29603E-1 3.27062E-1 3.25794E-1 3.12772E-1 3.26128E-1 3.81863E-1 4.15149E-1 4.3177E-1 4.34178E-1 5.03802E-1 4.87735E-1 4.13102E-1 4.08177E-1 3.4549E-1 3.22614E-1 3.10041E-1 3.63811E-1 4.09143E-1 4.42286E-1 4.99111E-1 4.45939E-1 4.06121E-1 3.09663E-1 4.01399E-1 4.31138E-1 4.68693E-1 5.02171E-1 4.75199E-1 4.90131E-1 4.77129E-1 4.60086E-1 4.06217E-1 3.57971E-1 3.34878E-1 3.26163E-1 3.23282E-1 3.18093E-1 3.03044E-1 3.45993E-1
-9999 -9999 -9999 -9999 -9999 -9999 1.33566E-1 2.02944E-1 2.14598E-1 2.52358E-1 3.35017E-1 3.75069E-1 4.23941E-1 4.42243E-1 4.39958E-1 3.94312E-1 3.75725E-1 4.0351E-1 3.31066E-1 2.8688E-1 2.82931E-1 2.96082E-1 2.88989E-1 2.792E-1 2.75315E-1 3.08272E-1 3.58424E-1 3.91176E-1 4.34478E-1 4.54719E-1 5.25754E-1 4.32586E-1 4.68634E-1 3.96723E-1 3.15889E-1 2.91805E-1 2.7049E-1 3.16897E-1 4.38386E-1 4.35424E-1 4.1119E-1 3.85664E-1 2.96791E-1 3.97273E-1 4.20003E-1 4.42161E-1 5.00275E-1 5.04302E-1 5.05778E-1 4.86765E-1 4.79682E-1 4.39197E-1 4.04096E-1 3.64082E-1 3.0365E-1 2.98701E-1 2.90747E-1 2.80156E-1 2.9833E-1 1.46964E-1
-9999 -9999 -9999 -9999 -9999 -9999 8.55582E-2 2.93406E-1 2.96693E-1 3.27318E-1 3.79858E-1 4.27621E-1 4.70986E-1 4.96841E-1 4.92762E-1 4.48026E-1 4.41763E-1 4.65384E-1 3.59948E-1 3.20504E-1 2.90904E-1 2.54603E-1 2.42443E-1 2.36097E-1 2.52516E-1 2.76452E-1 3.19918E-1 3.42185E-1 3.88649E-1 4.57162E-1 5.29263E-1 4.74733E-1 4.5513E-1 3.89099E-1 3.19093E-1 3.10159E-1 3.14244E-1 2.93997E-1 3.76201E-1 3.87978E-1 3.98812E-1 3.57003E-1 4.06931E-1 4.21777E-1 4.60056E-1 5.09757E-1 5.2952E-1 4.93763E-1 3.69751E-1 4.54047E-1 4.59653E-1 4.22078E-1 4.41105E-1 4.1672E-1 2.96495E-1 2.78237E-1 2.57286E-1 2.5823E-1 3.24332E-1 2.4277E-1
-9999 -9999 -9999 -9999 -9999 -9999 -9999 2.8386E-1 3.40544E-1 3.73608E-1 4.13198E-1 4.65155E-1 5.13261E-1 5.31823E-1 5.23338E-1 4.94707E-1 5.13905E-1 4.92415E-1 4.12738E-1 3.83376E-1 3.55239E-1 3.06621E-1 2.45207E-1 2.09804E-1 2.2019E-1 2.38541E-1 2.91821E-1 3.21567E-1 3.85785E-1 4.41815E-1 5.05555E-1 4.72161E-1 4.52248E-1 3.98727E-1 3.56217E-1 3.85886E-1 3.01083E-1 3.55508E-1 3.9715E-1 3.97798E-1 4.15455E-1 4.18067E-1 4.28154E-1 4.21931E-1 4.95655E-1 4.71837E-1 4.80954E-1 5.06573E-1 4.80439E-1 4.44289E-1 4.38035E-1 4.13346E-1 4.21982E-1 1.78694E-1 3.22639E-1 2.73452E-1 2.67449E-1 2.85377E-1 3.51478E-1 2.64105E-1
-9999 -9999 -9999 -9999 -9999 -9999 -9999 2.80126E-1 4.2518E-1 4.26524E-1 4.35577E-1 4.75007E-1 5.22447E-1 5.38985E-1 4.56433E-1 4.90447E-1 5.33005E-1 4.86719E-1 4.57285E-1 4.3821E-1 3.85101E-1 3.11211E-1 2.38628E-1 2.13332E-1 2.11242E-1 2.22706E-1 2.58896E-1 3.19576E-1 3.80126E-1 4.2584E-1 4.25756E-1 4.47894E-1 4.33309E-1 4.21954E-1 3.95549E-1 2.82812E-1 3.56259E-1 3.99795E-1 3.96819E-1 2.39436E-1 4.45476E-1 4.52573E-1 4.44034E-1 4.63695E-1 5.07859E-1 5.04256E-1 5.17766E-1 4.90368E-1 4.57384E-1 4.14973E-1 3.80212E-1 3.53321E-1 3.44408E-1 4.09605E-1 2.84067E-1 3.27662E-1 3.08298E-1 3.38653E-1 4.2732E-1 4.63643E-1
-9999 -9999 -9999 -9999 -9999 -9999 -9999 -9999 1.88234E-1 4.1842E-1 2.92907E-1 3.15222E-1 3.81241E-1 4.17079E-1 4.62276E-1 6.07107E-1 5.79433E-1 4.79145E-1 5.56316E-1 5.23869E-1 3.95749E-1 3.16726E-1 2.4885E-1 2.23386E-1 2.29107E-1 2.4273E-1 2.81659E-1 3.22558E-1 3.82379E-1 4.38295E-1 5.0845E-1 5.31829E-1 5.09732E-1 5.1392E-1 4.1837E-1 3.74917E-1 4.33585E-1 4.4032E-1 3.49846E-1 4.62241E-1 4.97169E-1 4.92191E-1 4.55882E-1 4.29494E-1 4.44435E-1 4.21823E-1 4.79017E-1 4.07969E-1 3.84737E-1 3.69158E-1 3.67597E-1 3.41344E-1 3.43878E-1 3.99284E-1 2.38859E-1 4.7236E-1 4.09911E-1 4.49935E-1 4.34324E-1 5.47208E-1
-9999 -9999 -9999 -9999 -9999 -9999 -9999 -9999 3.14693E-1 3.41434E-1 2.04891E-1 2.65482E-1 3.45382E-1 3.81277E-1 4.62261E-1 6.10906E-1 5.64283E-1 5.68994E-1 5.81378E-1 4.99467E-1 3.79579E-1 3.14169E-1 2.52842E-1 2.40183E-1 2.667E-1 2.9236E-1 3.24917E-1 3.66076E-1 4.15985E-1 4.63544E-1 5.25827E-1 5.68384E-1 5.45572E-1 4.86893E-1 3.5604E-1 4.27279E-1 4.30322E-1 4.55312E-1 4.65342E-1 4.89641E-1 4.97044E-1 4.59852E-1 3.99967E-1 3.39856E-1 3.77303E-1 3.60905E-1 4.072E-1 3.89187E-1 3.44064E-1 3.27261E-1 3.29453E-1 3.37631E-1 3.95465E-1 4.25831E-1 5.88805E-1 6.17038E-1 4.89571E-1 2.57762E-1 5.81951E-1 4.44616E-1
-9999 -9999 -9999 -9999 -9999 -9999 -9999 -9999 1.34515E-1 2.36831E-1 2.16233E-1 2.6881E-1 3.01248E-1 3.48006E-1 4.43504E-1 5.44827E-1 5.36174E-1 5.90782E-1 5.30415E-1 4.57304E-1 3.6032E-1 3.06515E-1 2.51154E-1 2.71828E-1 3.12652E-1 3.44588E-1 3.80288E-1 4.13358E-1 4.66463E-1 5.09836E-1 5.51593E-1 6.0828E-1 5.72591E-1 4.5424E-1 3.94484E-1 4.38735E-1 4.64482E-1 4.97244E-1 5.50844E-1 5.45575E-1 5.21773E-1 4.4304E-1 3.32016E-1 2.94878E-1 3.21053E-1 3.05518E-1 3.29309E-1 3.26054E-1 3.29899E-1 3.23253E-1 3.49989E-1 3.70727E-1 4.64376E-1 4.95227E-1 5.64201E-1 4.16584E-1 4.42374E-1 4.90045E-1 3.82677E-1 3.04564E-1
-9999 -9999 -9999 -9999 -9999 -9999 -9999 -9999 -9999 2.5966E-1 2.19818E-1 2.36731E-1 2.87348E-1 3.54272E-1 3.86898E-1 4.92781E-1 5.08694E-1 5.40478E-1 4.66115E-1 4.20108E-1 3.32924E-1 2.86933E-1 2.60966E-1 3.05418E-1 3.54875E-1 3.95824E-1 4.36163E-1 4.68048E-1 4.85423E-1 5.15406E-1 5.31927E-1 6.13641E-1 5.4183E-1 4.42684E-1 3.86885E-1 4.53038E-1 5.79524E-1 5.88779E-1 5.35594E-1 5.19294E-1 4.7831E-1 3.60799E-1 2.98727E-1 2.46879E-1 2.6089E-1 2.50449E-1 2.60224E-1 2.64809E-1 2.86503E-1 3.58961E-1 4.67783E-1 4.93124E-1 5.00167E-1 5.79122E-1 5.80341E-1 4.52798E-1 4.54457E-1 3.69602E-1 2.99044E-1 3.8318E-1
-9999 -9999 -9999 -9999 -9999 -9999 -9999 -9999 -9999 3.24789E-1 2.42422E-1 2.97125E-1 3.73259E-1 4.0353E-1 4.0638E-1 5.26286E-1 5.07406E-1 5.0443E-1 4.61483E-1 4.27805E-1 3.5706E-1 3.20875E-1 2.84614E-1 3.2978E-1 3.85708E-1 4.31981E-1 4.79791E-1 4.86668E-1 4.8935E-1 4.52861E-1 5.26076E-1 3.36137E-1 6.14826E-1 6.07709E-1 5.77463E-1 5.2888E-1 5.00846E-1 3.93006E-1 4.56703E-1 4.38516E-1 4.11548E-1 3.28894E-1 2.77443E-1 2.38999E-1 2.548E-1 2.48664E-1 2.54376E-1 2.40844E-1 2.53772E-1 3.66918E-1 4.86058E-1 5.76118E-1 6.24191E-1 6.37159E-1 4.62484E-1 4.49051E-1 3.4569E-1 3.28189E-1 4.8921E-1 4.9763E-1
-9999 -9999 -9999 -9999 -9999 -9999 -9999 -9999 -9999 3.3909E-1 3.72827E-1 3.85344E-1 4.31388E-1 4.60092E-1 4.94658E-1 5.86589E-1 5.48311E-1 5.79154E-1 5.281E-1 5.01238E-1 4.30323E-1 3.71047E-1 3.09281E-1 3.6038E-1 4.19819E-1 4.85525E-1 5.21225E-1 3.98575E-1 5.20848E-1 5.55506E-1 5.02974E-1 5.12102E-1 5.03887E-1 4.55838E-1 5.41463E-1 5.11858E-1 3.64055E-1 3.79341E-1 3.71056E-1 3.69022E-1 3.31921E-1 2.93493E-1 2.6971E-1 2.725E-1 3.12398E-1 3.49472E-1 3.50394E-1 3.39786E-1 2.69687E-1 3.1288E-1 3.96701E-1 4.78682E-1 6.40165E-1 6.79027E-1 3.75104E-1 5.56939E-1 4.53276E-1 3.9208E-1 4.95788E-1 5.07072E-1
