Phytophthora/models/20240501_1439_25/Phytophthora_PA3_RUN3_MAXENT_outputs/Phytophthora_PA3_RUN3.asc
ncols         225
nrows         269
xllcorner     473000.0
yllcorner     4429100.0
cellsize      50.0
NODATA_value  -9999
[rows 189 to 215 of 269, columns 0 to 59 of 225]
-9999 -9999 -9999 -9999 -9999 -9999 -9999 -9999 -9999 -9999 -9999 -9999 -9999 -9999 -9999 -9999 6.68112E-1 8.06253E-1 8.08347E-1 7.55251E-1 4.74111E-1 4.46881E-1 4.16935E-1 4.50496E-1 4.62351E-1 5.09437E-1 4.50116E-1 3.62988E-1 3.65492E-1 2.72172E-1 3.43182E-1 3.39835E-1 5.08441E-1 7.62482E-1 5.54853E-1 4.55859E-1 5.48069E-1 5.66482E-1 5.79688E-1 5.54401E-1 3.5994E-1 2.99525E-1 2.25784E-1 2.49533E-1 3.2488E-1 6.57387E-1 6.92382E-1 7.07106E-1 6.89792E-1 7.2578E-1 5.74975E-1 3.65548E-1 3.96895E-1 4.50402E-1 4.29567E-1 4.8941E-1 5.09791E-1 5.27549E-1 5.84361E-1 5.76997E-1
-9999 -9999 -9999 -9999 -9999 -9999 -9999 -9999 -9999 -9999 -9999 -9999 -9999 -9999 -9999 7.8502E-1 7.96286E-1 8.19273E-1 8.12169E-1 7.38424E-1 4.50723E-1 4.07187E-1 3.7884E-1 4.21075E-1 3.37759E-1 4.97126E-1 3.93741E-1 3.1228E-1 3.39624E-1 2.49571E-1 3.77207E-1 4.7545E-1 5.68224E-1 6.13365E-1 7.93781E-1 7.54489E-1 5.44326E-1 5.60998E-1 5.6906E-1 5.87382E-1 3.63221E-1 2.36029E-1 2.00497E-1 2.44035E-1 3.23987E-1 6.37882E-1 6.46347E-1 6.75174E-1 7.30002E-1 5.1218E-1 3.498E-1 3.22456E-1 3.91385E-1 4.58651E-1 5.15494E-1 5.92228E-1 5.94416E-1 5.94006E-1 5.88393E-1 5.43093E-1
-9999 -9999 -9999 -9999 -9999 -9999 -9999 -9999 -9999 -9999 -9999 -9999 -9999 -9999 -9999 4.595E-1 4.6608E-1 4.91326E-1 4.8441E-1 4.18693E-1 3.33664E-1 3.13121E-1 2.97741E-1 3.10759E-1 3.08538E-1 2.48568E-1 2.36114E-1 1.37935E-1 1.52632E-1 1.51788E-1 3.08531E-1 3.47757E-1 3.4143E-1 3.80579E-1 4.34165E-1 5.22418E-1 5.77079E-1 5.12016E-1 5.2805E-1 6.0148E-1 5.37573E-1 4.38165E-1 3.95009E-1 4.40205E-1 4.53488E-1 3.03412E-1 3.21772E-1 1.79372E-1 2.70981E-1 2.23333E-1 2.80771E-1 2.82503E-1 3.71751E-1 4.31412E-1 5.10623E-1 6.51617E-1 6.49508E-1 6.52607E-1 6.52432E-1 5.90207E-1
-9999 -9999 -9999 -9999 -9999 -9999 -9999 -9999 -9999 -9999 -9999 -9999 -9999 -9999 -9999 -9999 5.0464E-1 4.84724E-1 4.31921E-1 3.78605E-1 2.99426E-1 2.81972E-1 2.69208E-1 2.75908E-1 2.51005E-1 2.03446E-1 1.986E-1 1.92491E-1 1.9532E-1 2.37976E-1 3.93988E-1 3.80532E-1 4.98493E-1 5.49871E-1 5.89898E-1 2.56954E-1 6.00485E-1 5.72208E-1 6.33715E-1 5.20113E-1 3.89117E-1 4.09839E-1 4.1489E-1 4.34908E-1 4.28645E-1 2.71493E-1 1.78749E-1 2.46447E-1 1.4442E-1 1.38649E-1 2.42618E-1 2.80803E-1 3.67593E-1 4.18841E-1 4.47891E-1 6.50533E-1 5.7824E-1 6.67624E-1 6.696E-1 5.95693E-1
-9999 -9999 -9999 -9999 -9999 -9999 -9999 -9999 -9999 -9999 -9999 -9999 -9999 -9999 -9999 -9999 4.59525E-1 4.27566E-1 3.85793E-1 3.57813E-1 3.03986E-1 2.66219E-1 2.3303E-1 2.35413E-1 2.23626E-1 1.73762E-1 1.94424E-1 2.28069E-1 2.62237E-1 3.37417E-1 4.82321E-1 5.09075E-1 5.3958E-1 5.53847E-1 5.95438E-1 2.29324E-1 6.34984E-1 7.13748E-1 6.35382E-1 4.34536E-1 4.40426E-1 4.86998E-1 4.4577E-1 1.50481E-1 3.88856E-1 3.63154E-1 1.94325E-1 1.47586E-1 1.34642E-1 1.53592E-1 3.02525E-1 3.30684E-1 3.81267E-1 4.31012E-1 5.16021E-1 6.35761E-1 4.5094E-1 6.46792E-1 6.78306E-1 6.07764E-1
-9999 -9999 -9999 -9999 -9999 -9999 -9999 -9999 -9999 -9999 -9999 -9999 -9999 -9999 -9999 -9999 -9999 3.59324E-1 3.42349E-1 3.34949E-1 2.93863E-1 2.38723E-1 2.17645E-1 2.11814E-1 2.01568E-1 1.854E-1 2.22403E-1 2.66721E-1 3.0748E-1 3.97868E-1 5.42264E-1 5.48995E-1 5.5728E-1 5.78733E-1 5.72111E-1 3.41837E-1 4.55894E-1 5.65387E-1 5.06803E-1 4.99171E-1 5.72514E-1 2.70207E-1 4.53466E-1 3.23569E-1 2.40438E-1 1.61597E-1 1.48594E-1 1.37434E-1 1.40549E-1 2.00736E-1 3.57971E-1 3.4736E-1 3.76069E-1 4.36908E-1 5.63929E-1 6.49547E-1 6.48186E-1 6.49207E-1 6.48262E-1 6.09988E-1
-9999 -9999 -9999 -9999 -9999 -9999 -9999 -9999 -9999 -9999 -9999 -9999 -9999 -9999 -9999 -9999 -9999 -9999 -9999 -9999 -9999 -9999 2.14092E-1 2.12354E-1 2.13801E-1 2.05566E-1 2.46551E-1 2.9071E-1 3.56153E-1 4.32168E-1 5.52781E-1 4.91085E-1 4.68081E-1 5.23815E-1 4.2611E-1 6.45655E-1 6.39723E-1 6.0473E-1 5.67495E-1 5.79114E-1 5.66892E-1 5.41171E-1 3.23755E-1 2.20286E-1 1.39522E-1 8.98113E-2 1.10462E-1 1.37011E-1 1.4939E-1 2.06824E-1 3.33243E-1 3.57579E-1 3.92313E-1 4.90395E-1 5.33391E-1 6.11164E-1 6.37273E-1 6.21805E-1 6.21576E-1 5.82355E-1
-9999 -9999 -9999 -9999 -9999 -9999 -9999 -9999 -9999 -9999 -9999 -9999 -9999 -9999 -9999 -9999 -9999 -9999 -9999 -9999 -9999 -9999 -9999 -9999 3.06519E-1 2.76936E-1 3.21961E-1 3.64431E-1 4.51598E-1 5.17253E-1 5.82787E-1 5.76142E-1 6.09792E-1 6.34567E-1 7.18794E-1 6.38739E-1 6.47026E-1 4.82345E-1 3.61493E-1 4.88088E-1 2.58536E-1 1.42805E-1 1.01341E-1 7.57793E-2 5.28301E-2 1.14743E-1 1.24588E-1 1.79714E-1 2.33436E-1 2.8963E-1 3.62206E-1 3.67419E-1 3.88987E-1 4.96258E-1 5.1506E-1 5.0283E-1 5.2812E-1 5.2413E-1 5.06733E-1 5.09504E-1
-9999 -9999 -9999 -9999 -9999 -9999 -9999 -9999 -9999 -9999 -9999 -9999 -9999 -9999 -9999 -9999 -9999 -9999 -9999 -9999 -9999 -9999 -9999 -9999 -9999 -9999 3.16598E-1 3.60073E-1 4.26802E-1 4.79097E-1 5.8354E-1 6.19584E-1 4.92947E-1 2.71008E-1 4.9065E-1 6.61932E-1 5.95093E-1 4.65738E-1 4.95771E-1 5.15985E-1 1.57079E-1 9.98588E-2 8.84393E-2 7.84405E-2 7.11244E-2 1.59429E-1 1.68214E-1 2.45549E-1 2.63424E-1 2.8438E-1 3.64475E-1 3.83772E-1 3.89246E-1 4.39123E-1 4.64687E-1 4.64409E-1 4.85558E-1 4.94809E-1 4.95967E-1 5.08922E-1
-9999 -9999 -9999 -9999 -9999 -9999 -9999 -9999 -9999 -9999 -9999 -9999 -9999 -9999 -9999 -9999 -9999 -9999 -9999 -9999 -9999 -9999 -9999 -9999 -9999 -9999 -9999 3.3197E-1 3.84035E-1 4.5587E-1 5.34155E-1 6.14218E-1 4.60976E-1 5.88895E-1 3.84332E-1 6.08884E-1 3.97891E-1 5.39028E-1 4.79457E-1 1.72496E-1 1.60983E-1 1.7212E-1 1.1642E-1 9.32319E-2 1.09813E-1 2.29009E-1 2.60319E-1 2.93306E-1 2.98766E-1 3.12509E-1 3.74731E-1 3.86014E-1 3.92744E-1 4.00416E-1 4.09749E-1 4.1819E-1 4.45897E-1 4.65041E-1 3.89129E-1 4.61602E-1
-9999 -9999 -9999 -9999 -9999 -9999 -9999 -9999 -9999 -9999 -9999 -9999 -9999 -9999 -9999 -9999 -9999 -9999 -9999 -9999 -9999 -9999 -9999 -9999 -9999 -9999 -9999 3.59884E-1 3.96237E-1 4.71515E-1 5.72745E-1 6.26656E-1 5.85085E-1 5.38216E-1 3.05159E-1 6.04505E-1 2.5622E-1 3.30798E-1 4.14849E-1 4.36632E-1 5.66008E-2 2.36727E-1 1.38486E-1 1.21161E-1 1.41474E-1 2.71719E-1 2.99634E-1 3.36895E-1 2.87304E-1 2.7604E-1 4.12277E-1 3.9589E-1 3.86296E-1 3.96847E-1 4.05E-1 3.90419E-1 4.45527E-1 5.96675E-1 5.89341E-1 4.80518E-1
-9999 -9999 -9999 -9999 -9999 -9999 -9999 -9999 -9999 -9999 -9999 -9999 -9999 -9999 -9999 -9999 -9999 -9999 -9999 -9999 -9999 -9999 -9999 -9999 -9999 -9999 -9999 4.1483E-1 4.68171E-1 5.44236E-1 3.52161E-1 6.34887E-1 6.00975E-1 5.63201E-1 5.90518E-1 3.6093E-1 3.21545E-1 2.82295E-1 4.09772E-1 5.3029E-1 2.49927E-1 2.59591E-1 1.88972E-1 1.43502E-1 1.5171E-1 3.11238E-1 3.73209E-1 3.29497E-1 3.20646E-1 3.5195E-1 4.37745E-1 4.17316E-1 4.19945E-1 4.29205E-1 4.40843E-1 4.17975E-1 4.63523E-1 2.40794E-1 3.48827E-1 3.72595E-1
-9999 -9999 -9999 -9999 -9999 -9999 -9999 -9999 -9999 -9999 -9999 -9999 -9999 -9999 -9999 -9999 -9999 -9999 -9999 -9999 -9999 -9999 -9999 -9999 -9999 -9999 4.88251E-1 5.53092E-1 5.8744E-1 5.53517E-1 6.83595E-1 -9999 3.92157E-1 4.65091E-1 5.48049E-1 2.85256E-1 3.08576E-1 2.83856E-1 4.4079E-1 2.43165E-1 4.72437E-1 7.13707E-2 2.52025E-1 2.00466E-1 2.28034E-1 4.72465E-1 4.68469E-1 4.466E-1 4.42771E-1 4.41439E-1 4.27759E-1 4.04207E-1 4.12731E-1 4.01835E-1 3.16171E-1 8.39909E-2 3.06793E-1 3.48438E-1 3.29961E-1 3.68922E-1
-9999 -9999 -9999 -9999 -9999 -9999 -9999 -9999 -9999 -9999 -9999 -9999 -9999 -9999 -9999 -9999 -9999 -9999 -9999 -9999 -9999 -9999 -9999 -9999 -9999 -9999 5.25969E-1 4.43346E-1 2.75429E-1 -9999 -9999 -9999 4.2328E-1 4.52457E-1 3.08317E-1 2.22879E-1 1.68208E-1 2.78443E-1 4.63955E-1 4.59683E-1 2.8364E-1 2.98726E-1 1.9973E-1 6.12455E-2 2.63355E-1 5.34551E-1 5.21247E-1 5.264E-1 5.37434E-1 5.3584E-1 5.22124E-1 5.04177E-1 5.04496E-1 2.15244E-1 3.09337E-1 2.98103E-1 3.11356E-1 3.36578E-1 3.10324E-1 3.5849E-1
-9999 -9999 -9999 -9999 -9999 -9999 -9999 -9999 -9999 -9999 -9999 -9999 -9999 -9999 -9999 -9999 -9999 -9999 -9999 -9999 -9999 -9999 -9999 -9999 -9999 -9999 -9999 5.32378E-1 -9999 -9999 -9999 -9999 2.27134E-1 2.54179E-1 2.93431E-1 2.15052E-1 1.93669E-1 1.83805E-1 1.87811E-1 1.53724E-1 2.90551E-1 8.02716E-2 2.30086E-1 1.96044E-1 7.66429E-2 5.43708E-1 5.69036E-1 6.1919E-1 6.35845E-1 6.39949E-1 6.06922E-1 5.92909E-1 2.88313E-1 3.86949E-1 2.40529E-1 2.93835E-1 3.1691E-1 3.5603E-1 3.52484E-1 4.89082E-1
-9999 -9999 -9999 -9999 -9999 -9999 -9999 -9999 -9999 -9999 -9999 -9999 -9999 -9999 -9999 -9999 -9999 -9999 -9999 -9999 -9999 -9999 -9999 -9999 -9999 -9999 -9999 -9999 -9999 -9999 -9999 -9999 -9999 2.54045E-1 2.96072E-1 2.27849E-1 1.80773E-1 1.69262E-1 4.16627E-1 3.48561E-1 1.69003E-1 5.89302E-2 1.89839E-1 1.71357E-1 1.11496E-1 4.76967E-1 3.37598E-1 5.39534E-1 6.30931E-1 4.03071E-1 6.33487E-1 3.88146E-1 3.35967E-1 2.94651E-1 2.29276E-1 2.96566E-1 3.14565E-1 3.8865E-1 5.92952E-1 6.23047E-1
-9999 -9999 -9999 -9999 -9999 -9999 -9999 -9999 -9999 -9999 -9999 -9999 -9999 -9999 -9999 -9999 -9999 -9999 -9999 -9999 -9999 -9999 -9999 -9999 -9999 -9999 -9999 -9999 -9999 -9999 -9999 -9999 -9999 -9999 3.13546E-1 1.6461E-1 1.94346E-1 3.06366E-1 2.30511E-1 1.98913E-1 2.58883E-1 1.96008E-1 5.85505E-2 8.23701E-2 1.55693E-1 5.78401E-1 6.43354E-1 7.68649E-1 6.58074E-1 3.9433E-1 4.66311E-1 4.95725E-1 3.80165E-1 3.23905E-1 2.65332E-1 3.50906E-1 3.96316E-1 5.76792E-1 5.14727E-1 6.41186E-1
-9999 -9999 -9999 -9999 -9999 -9999 -9999 -9999 -9999 -9999 -9999 -9999 -9999 -9999 -9999 -9999 -9999 -9999 -9999 -9999 -9999 -9999 -9999 -9999 -9999 -9999 -9999 -9999 -9999 -9999 -9999 -9999 -9999 -9999 3.70097E-1 1.57722E-1 1.57069E-1 3.41265E-1 3.04401E-1 3.05008E-1 3.43652E-1 2.94516E-1 1.02422E-1 1.10928E-1 1.85352E-1 9.6098E-2 6.21842E-1 5.02169E-1 4.60556E-1 3.42946E-1 1.93879E-1 2.9329E-1 2.44921E-1 2.25196E-1 1.8275E-1 2.12715E-1 3.40663E-1 4.06468E-1 4.37013E-1 5.31226E-1
-9999 -9999 -9999 -9999 -9999 -9999 -9999 -9999 -9999 -9999 -9999 -9999 -9999 -9999 -9999 -9999 -9999 -9999 -9999 -9999 -9999 -9999 -9999 -9999 -9999 -9999 -9999 -9999 -9999 -9999 -9999 -9999 -9999 -9999 -9999 1.86624E-1 1.92973E-1 1.50426E-1 2.4663E-1 9.80911E-2 1.1223E-1 7.69673E-2 1.0725E-1 1.38162E-1 1.26204E-1 3.29322E-1 1.82328E-1 6.47498E-1 1.93882E-1 4.49132E-1 3.09992E-1 3.11602E-1 2.66863E-1 2.62038E-1 2.87182E-1 3.17619E-1 3.94393E-1 4.1897E-1 2.29343E-1 5.51818E-1
-9999 -9999 -9999 -9999 -9999 -9999 -9999 -9999 -9999 -9999 -9999 -9999 -9999 -9999 -9999 -9999 -9999 -9999 -9999 -9999 -9999 -9999 -9999 -9999 -9999 -9999 -9999 -9999 -9999 -9999 -9999 -9999 -9999 -9999 -9999 1.36318E-1 1.73701E-1 1.59048E-1 2.83448E-1 6.77688E-2 9.04303E-2 7.12694E-2 7.02338E-2 1.35498E-1 1.21597E-1 1.58875E-1 1.64778E-1 5.97975E-1 2.60109E-1 3.11438E-1 1.58165E-1 2.65543E-1 2.37581E-1 1.97773E-1 2.19963E-1 2.44807E-1 3.51912E-1 1.58316E-1 8.97565E-2 3.38906E-1
-9999 -9999 -9999 -9999 -9999 -9999 -9999 -9999 -9999 -9999 -9999 -9999 -9999 -9999 -9999 -9999 -9999 -9999 -9999 -9999 -9999 -9999 -9999 -9999 -9999 -9999 -9999 -9999 -9999 -9999 -9999 -9999 -9999 -9999 -9999 -9999 2.13246E-1 2.25792E-1 2.47467E-1 1.68455E-1 1.28925E-1 1.12819E-1 1.00923E-1 1.75824E-1 4.12985E-1 1.6292E-1 1.92029E-1 2.87924E-1 5.46322E-1 4.77437E-1 2.7437E-1 2.83785E-1 2.26759E-1 2.5207E-1 2.77285E-1 2.55236E-1 1.94416E-1 4.08486E-1 2.01681E-1 3.73034E-1
-9999 -9999 -9999 -9999 -9999 -9999 -9999 -9999 -9999 -9999 -9999 -9999 -9999 -9999 -9999 -9999 -9999 -9999 -9999 -9999 -9999 -9999 -9999 -9999 -9999 -9999 -9999 -9999 -9999 -9999 -9999 -9999 -9999 -9999 -9999 -9999 1.97864E-1 1.99852E-1 2.30011E-1 1.22535E-1 2.25538E-1 1.00492E-1 7.89196E-2 3.16327E-1 1.15758E-1 3.98223E-1 4.4616E-1 2.17649E-1 6.40637E-1 3.0718E-1 2.97015E-1 2.71173E-1 2.09447E-1 2.29049E-1 2.43061E-1 2.65761E-1 2.26037E-1 2.63793E-1 3.50913E-1 2.77067E-1
-9999 -9999 -9999 -9999 -9999 -9999 -9999 -9999 -9999 -9999 -9999 -9999 -9999 -9999 -9999 -9999 -9999 -9999 -9999 -9999 -9999 -9999 -9999 -9999 -9999 -9999 -9999 -9999 -9999 -9999 -9999 -9999 -9999 -9999 -9999 -9999 2.0962E-1 1.96253E-1 1.75482E-1 1.54523E-1 3.86782E-1 1.64802E-1 1.45792E-1 4.45758E-1 2.40527E-1 2.59686E-1 2.59542E-1 5.25969E-1 6.02549E-1 3.72243E-1 3.94044E-1 4.10188E-1 3.66404E-1 4.13438E-1 3.80386E-1 3.98028E-1 3.69188E-1 5.38057E-1 3.33936E-1 5.22437E-1
-9999 -9999 -9999 -9999 -9999 -9999 -9999 -9999 -9999 -9999 -9999 -9999 -9999 -9999 -9999 -9999 -9999 -9999 -9999 -9999 -9999 -9999 -9999 -9999 -9999 -9999 -9999 -9999 -9999 -9999 -9999 -9999 -9999 -9999 -9999 -9999 1.3538E-1 1.56548E-1 1.7912E-1 1.8767E-1 4.41913E-1 1.80436E-1 1.59174E-1 1.75997E-1 4.05615E-1 2.50349E-1 2.55522E-1 3.09221E-1 2.93949E-1 3.33585E-1 3.42748E-1 3.32711E-1 3.55575E-1 4.31384E-1 3.9737E-1 3.9344E-1 3.70879E-1 5.22641E-1 4.94445E-1 5.30499E-1
-9999 -9999 -9999 -9999 -9999 -9999 -9999 -9999 -9999 -9999 -9999 -9999 -9999 -9999 -9999 -9999 -9999 -9999 -9999 -9999 -9999 -9999 -9999 -9999 -9999 -9999 -9999 -9999 -9999 -9999 -9999 -9999 -9999 -9999 -9999 -9999 -9999 2.11369E-1 2.46834E-1 2.78913E-1 4.96638E-1 2.4648E-1 1.93118E-1 1.79488E-1 2.74969E-1 3.23623E-1 3.04104E-1 3.31052E-1 2.70404E-1 2.46349E-1 2.69586E-1 3.21768E-1 3.30954E-1 3.84612E-1 3.37314E-1 4.26328E-1 4.68543E-1 4.783E-1 4.89277E-1 5.29494E-1
-9999 -9999 -9999 -9999 -9999 -9999 -9999 -9999 -9999 -9999 -9999 -9999 -9999 -9999 -9999 -9999 -9999 -9999 -9999 -9999 -9999 -9999 -9999 -9999 -9999 -9999 -9999 -9999 -9999 -9999 -9999 -9999 -9999 -9999 -9999 -9999 -9999 -9999 2.65531E-1 3.13904E-1 3.80926E-1 5.2107E-1 2.13603E-1 1.618E-1 3.56871E-1 3.22375E-1 3.25716E-1 3.63491E-1 3.15592E-1 2.67996E-1 2.70326E-1 3.66943E-1 3.6786E-1 2.87438E-1 3.85688E-1 4.37942E-1 4.82459E-1 4.34659E-1 4.72788E-1 5.242E-1
-9999 -9999 -9999 -9999 -9999 -9999 -9999 -9999 -9999 -9999 -9999 -9999 -9999 -9999 -9999 -9999 -9999 -9999 -9999 -9999 -9999 -9999 -9999 -9999 -9999 -9999 -9999 -9999 -9999 -9999 -9999 -9999 -9999 -9999 -9999 -9999 -9999 -9999 -9999 -9999 2.53937E-1 2.89706E-1 5.17355E-1 2.90736E-1 3.46294E-1 5.97991E-1 3.88481E-1 3.96609E-1 3.42644E-1 3.10819E-1 2.84622E-1 3.28096E-1 3.17685E-1 4.18938E-1 3.91203E-1 5.05106E-1 4.46069E-1 4.03985E-1 4.31817E-1 4.78648E-1
