Phytophthora/models/20240501_1439_25/Phytophthora_PA3_RUN3_MAXENT_outputs/Phytophthora_PA3_RUN3.asc
ncols         225
nrows         269
xllcorner     473000.0
yllcorner     4429100.0
cellsize      50.0
NODATA_value  -9999
[rows 189 to 215 of 269, columns 60 to 119 of 225]
5.62184E-1 5.66828E-1 5.5612E-1 5.38994E-1 6.03347E-1 4.56842E-1 4.09436E-1 3.91727E-1 4.13251E-1 5.29201E-1 3.39822E-1 5.7173E-1 5.60957E-1 5.30632E-1 4.88939E-1 5.22334E-1 4.65123E-1 4.5903E-1 4.9463E-1 1.81093E-1 2.67338E-1 2.73613E-1 2.66846E-1 2.43833E-1 4.097E-1 4.01832E-1 4.13978E-1 3.77334E-1 3.55152E-1 4.31851E-1 3.99798E-1 4.60089E-1 5.07606E-1 5.41215E-1 5.62259E-1 4.92027E-1 2.88219E-1 2.04838E-1 2.62388E-1 4.74042E-1 1.71152E-1 4.11162E-1 4.0949E-1 4.63611E-1 4.38899E-1 2.96819E-1 4.15671E-1 1.05396E-1 2.03672E-1 2.02322E-1 2.39622E-1 2.55576E-1 4.50234E-1 5.53625E-1 5.06912E-1 3.49388E-1 4.49969E-1 4.13432E-1 4.25872E-1 4.00643E-1
5.30123E-1 5.42984E-1 5.32225E-1 5.24923E-1 5.85519E-1 4.31804E-1 3.8769E-1 4.04703E-1 4.43081E-1 5.39895E-1 7.11642E-1 6.66388E-1 6.50926E-1 6.20894E-1 5.64463E-1 5.95928E-1 5.31571E-1 5.43534E-1 3.87727E-1 3.3695E-1 2.6816E-1 2.87756E-1 2.89423E-1 2.5655E-1 3.27823E-1 3.55395E-1 3.89497E-1 3.58494E-1 4.07436E-1 4.55999E-1 4.13785E-1 4.32036E-1 4.86212E-1 5.18618E-1 1.59967E-1 3.41982E-1 2.30532E-1 1.53322E-1 1.39323E-1 2.52564E-1 2.364E-1 1.93259E-1 4.56864E-1 4.61883E-1 4.43937E-1 4.45565E-1 4.27538E-1 3.91189E-1 3.6762E-1 1.1364E-1 1.39026E-1 1.19388E-1 2.53198E-1 3.20435E-1 1.62682E-1 4.92627E-1 4.70441E-1 4.01377E-1 4.1627E-1 4.03264E-1
5.06734E-1 5.06914E-1 5.1422E-1 5.39125E-1 5.91895E-1 5.64405E-1 5.71788E-1 5.70648E-1 5.91047E-1 6.48654E-1 4.01392E-1 6.83528E-1 6.51813E-1 6.32016E-1 4.82321E-1 6.18005E-1 4.5165E-1 3.97235E-1 4.29238E-1 3.88729E-1 2.98115E-1 3.43825E-1 3.55306E-1 3.31266E-1 3.56193E-1 3.98175E-1 4.32054E-1 3.70099E-1 5.60899E-1 4.64556E-1 4.58613E-1 4.5598E-1 4.97333E-1 2.11337E-1 4.64911E-1 4.70186E-1 1.60317E-1 1.6649E-1 2.21454E-1 3.40355E-1 2.61469E-1 3.54667E-1 2.40399E-1 4.62696E-1 4.5345E-1 4.35656E-1 3.72066E-1 3.25739E-1 1.75535E-1 2.58992E-1 1.28468E-1 1.16633E-1 1.8871E-1 2.30531E-1 3.0661E-1 2.10599E-1 3.99958E-1 3.14102E-1 3.41392E-1 3.70239E-1
5.08199E-1 4.66545E-1 5.02015E-1 2.08406E-1 2.94698E-1 4.03698E-1 3.40433E-1 3.47427E-1 5.98587E-1 6.66485E-1 3.78328E-1 6.4648E-1 5.53382E-1 5.28973E-1 3.73335E-1 5.0888E-1 3.46403E-1 3.73725E-1 4.02806E-1 4.05497E-1 3.09592E-1 3.38815E-1 3.51832E-1 3.54872E-1 3.74311E-1 3.37174E-1 3.80466E-1 3.10645E-1 5.59084E-1 3.13399E-1 4.79492E-1 3.91425E-1 2.72983E-1 4.01427E-1 1.66773E-1 1.61205E-1 4.26446E-1 1.31946E-1 2.00927E-1 3.42773E-1 3.47782E-1 3.20282E-1 3.85892E-1 3.38763E-1 2.74929E-1 4.24275E-1 3.53979E-1 2.92735E-1 2.52346E-1 2.16927E-1 1.83673E-1 1.35082E-1 1.30245E-1 1.7224E-1 2.14351E-1 1.13395E-1 3.98657E-1 3.50633E-1 3.33084E-1 3.29329E-1
5.22607E-1 4.84679E-1 5.55323E-1 4.58272E-1 3.00784E-1 3.01576E-1 6.30935E-1 6.76601E-1 7.15631E-1 3.44741E-1 3.58428E-1 6.73196E-1 6.17893E-1 5.58106E-1 6.42604E-1 6.38204E-1 3.49814E-1 6.95069E-1 4.06308E-1 4.25573E-1 3.22542E-1 4.38152E-1 5.51057E-1 4.95366E-1 4.90435E-1 4.56002E-1 4.53018E-1 3.70661E-1 5.50873E-1 3.2759E-1 4.73711E-1 3.80137E-1 2.28082E-1 4.32917E-1 1.69677E-1 1.96387E-1 3.54792E-1 3.36029E-1 3.71102E-1 3.58592E-1 3.00268E-1 2.74465E-1 2.09764E-1 2.67372E-1 2.55204E-1 2.29058E-1 3.3122E-1 2.71575E-1 2.21006E-1 2.02154E-1 2.06709E-1 2.3899E-1 2.63537E-1 2.95826E-1 3.38321E-1 4.0579E-1 4.60349E-1 4.14601E-1 3.30441E-1 3.13655E-1
5.49559E-1 3.65036E-1 5.13988E-1 3.39526E-1 3.26416E-1 5.77529E-1 5.22652E-1 5.81415E-1 6.58867E-1 7.27417E-1 5.21223E-1 5.06925E-1 5.99629E-1 5.89347E-1 4.67316E-1 5.00487E-1 6.21689E-1 6.62334E-1 4.2318E-1 4.70553E-1 4.60067E-1 3.74667E-1 4.51649E-1 6.04078E-1 5.95712E-1 5.56323E-1 5.19049E-1 5.58653E-1 5.59731E-1 5.29407E-1 4.33037E-1 3.10307E-1 2.19975E-1 4.00329E-1 1.87514E-1 2.95578E-1 3.07456E-1 3.20296E-1 3.3017E-1 3.10378E-1 2.65202E-1 2.43645E-1 2.54827E-1 2.91069E-1 3.002E-1 2.74649E-1 3.09216E-1 2.46723E-1 2.42632E-1 2.5136E-1 2.50411E-1 2.81068E-1 3.10125E-1 3.39937E-1 3.58075E-1 3.84492E-1 2.54987E-1 4.2129E-1 3.43206E-1 3.19289E-1
5.32115E-1 5.13267E-1 3.4772E-1 3.50942E-1 3.61301E-1 6.34208E-1 3.05023E-1 5.77014E-1 6.56738E-1 5.31426E-1 4.22109E-1 4.60264E-1 4.81776E-1 4.79159E-1 4.81581E-1 5.18103E-1 4.744E-1 4.13556E-1 4.39417E-1 3.0878E-1 4.52659E-1 3.11886E-1 5.74168E-1 6.08489E-1 5.85885E-1 5.34086E-1 4.89837E-1 5.38138E-1 5.57473E-1 5.39387E-1 4.06303E-1 3.32208E-1 2.51765E-1 3.62156E-1 1.34103E-1 2.60612E-1 2.74503E-1 2.85293E-1 3.0211E-1 2.77612E-1 2.55849E-1 2.44272E-1 2.66366E-1 3.00809E-1 1.53868E-1 1.01331E-1 2.15034E-1 2.79634E-1 2.90216E-1 3.09661E-1 3.129E-1 3.3434E-1 3.67433E-1 3.71741E-1 3.65342E-1 3.74288E-1 2.43811E-1 4.04082E-1 3.58214E-1 3.34393E-1
4.17981E-1 4.83398E-1 4.78774E-1 4.41888E-1 4.90834E-1 6.51832E-1 7.21022E-1 5.3873E-1 5.94602E-1 5.57276E-1 5.75919E-1 5.45468E-1 5.10032E-1 4.78656E-1 4.95837E-1 4.83835E-1 3.13267E-1 5.16389E-1 5.89755E-1 6.24724E-1 5.60092E-1 5.46209E-1 5.48747E-1 5.74148E-1 5.8647E-1 6.20851E-1 5.12649E-1 5.56231E-1 4.74856E-1 4.65295E-1 3.22121E-1 4.05244E-1 2.75305E-1 3.1447E-1 1.08864E-1 2.31821E-1 2.52744E-1 2.68664E-1 2.94933E-1 2.84699E-1 2.17897E-1 2.01775E-1 2.14453E-1 1.23623E-1 1.91502E-1 9.91441E-2 2.71529E-1 2.97722E-1 3.26844E-1 3.54144E-1 3.69281E-1 3.84495E-1 4.01288E-1 3.90901E-1 2.2634E-1 3.86154E-1 4.13363E-1 2.58637E-1 4.32981E-1 3.97905E-1
1.83332E-1 5.27149E-1 5.17954E-1 5.39549E-1 6.46066E-1 6.95664E-1 5.71307E-1 6.73507E-1 6.70786E-1 6.44711E-1 6.80699E-1 6.17751E-1 4.49044E-1 4.28135E-1 4.35792E-1 4.33337E-1 6.12883E-1 6.73457E-1 6.65646E-1 6.23479E-1 5.39282E-1 5.33072E-1 5.29941E-1 5.69104E-1 6.33622E-1 4.00232E-1 3.34829E-1 3.79791E-1 4.40715E-1 4.80402E-1 3.85208E-1 3.6411E-1 3.31665E-1 3.02228E-1 1.29816E-1 2.27038E-1 2.25377E-1 2.42369E-1 2.62791E-1 2.94824E-1 9.67335E-2 2.16137E-1 2.28335E-1 2.28135E-1 1.95389E-1 2.07648E-1 2.79225E-1 3.21306E-1 3.84964E-1 3.96824E-1 3.99257E-1 4.27168E-1 4.5898E-1 3.12177E-1 3.82644E-1 2.71246E-1 1.60547E-1 1.77927E-1 1.61753E-1 4.29046E-1
5.99671E-1 5.65918E-1 6.0508E-1 5.96787E-1 6.45092E-1 7.03913E-1 6.4403E-1 6.51172E-1 5.32131E-1 5.00702E-1 4.8636E-1 4.27101E-1 3.98442E-1 4.54533E-1 4.70881E-1 6.5703E-1 6.63966E-1 6.77426E-1 6.35451E-1 5.73025E-1 5.01048E-1 5.14003E-1 4.9825E-1 2.7478E-1 4.02432E-1 3.42456E-1 2.85147E-1 2.75639E-1 4.46298E-1 4.17257E-1 3.4537E-1 3.25222E-1 3.10624E-1 2.91421E-1 2.4766E-1 2.2235E-1 2.1778E-1 2.26904E-1 2.37453E-1 2.36976E-1 1.90884E-1 2.76011E-1 6.12935E-2 2.28397E-1 2.31077E-1 2.60078E-1 3.02593E-1 3.58425E-1 4.09326E-1 4.08313E-1 2.75606E-1 3.02799E-1 3.54475E-1 4.25592E-1 3.79956E-1 3.5961E-1 1.16211E-1 1.38275E-1 1.91851E-1 1.35677E-1
4.73061E-1 5.07062E-1 5.27379E-1 5.00419E-1 4.9584E-1 4.69043E-1 5.20833E-1 4.69655E-1 4.3863E-1 3.73975E-1 3.64241E-1 3.38346E-1 3.55251E-1 5.91954E-1 6.84646E-1 6.28516E-1 6.72119E-1 6.81098E-1 6.42014E-1 5.61502E-1 4.8298E-1 5.01207E-1 5.57813E-1 4.92113E-1 3.5992E-1 3.11806E-1 3.57563E-1 3.80298E-1 3.8783E-1 3.62409E-1 3.07162E-1 3.29463E-1 3.42334E-1 2.90736E-1 2.51204E-1 2.09345E-1 2.05594E-1 2.04666E-1 2.16797E-1 2.01639E-1 1.66594E-1 2.06411E-1 1.28099E-1 2.57399E-1 2.46896E-1 2.66721E-1 3.16158E-1 3.71637E-1 4.26672E-1 4.1686E-1 3.63414E-1 3.96608E-1 1.44273E-1 4.43336E-1 3.86105E-1 3.22144E-1 2.23344E-1 3.52896E-1 1.73796E-1 3.65423E-1
4.29414E-1 4.76936E-1 4.38402E-1 6.76022E-1 4.63907E-1 4.43225E-1 4.7056E-1 4.32563E-1 4.32636E-1 3.87337E-1 3.63945E-1 3.62476E-1 6.14072E-1 3.88589E-1 4.99303E-1 5.23436E-1 6.66945E-1 6.78518E-1 6.60892E-1 6.17082E-1 5.32947E-1 4.80966E-1 4.66613E-1 2.49243E-1 2.4341E-1 2.46302E-1 3.8383E-1 3.87021E-1 3.96684E-1 3.53255E-1 1.9191E-1 2.41083E-1 1.83082E-1 3.23593E-1 2.62379E-1 2.1141E-1 1.92308E-1 1.832E-1 1.95494E-1 1.8787E-1 1.49919E-1 1.85571E-1 3.27066E-1 2.61777E-1 2.40231E-1 2.6251E-1 3.15386E-1 3.73632E-1 4.34751E-1 4.1668E-1 3.62575E-1 3.93977E-1 1.12623E-1 3.85522E-1 2.51658E-1 1.93335E-1 1.3516E-1 3.05639E-1 1.25731E-1 2.18539E-1
4.54213E-1 4.63829E-1 3.2895E-1 5.04022E-1 4.21594E-1 4.40037E-1 4.80757E-1 4.25228E-1 4.08693E-1 3.15284E-1 2.01352E-1 4.03359E-1 2.43391E-1 5.02011E-1 5.66115E-1 5.44177E-1 5.54103E-1 5.67209E-1 5.48203E-1 5.19964E-1 2.1129E-1 2.21832E-1 1.66595E-1 1.32779E-1 1.73612E-1 3.34914E-1 3.62907E-1 3.85614E-1 3.92382E-1 3.5568E-1 2.81854E-1 2.7153E-1 2.86192E-1 2.89237E-1 1.88391E-1 2.25891E-1 2.04736E-1 1.83368E-1 1.89107E-1 1.92561E-1 1.90185E-1 2.23437E-1 3.5092E-1 2.54139E-1 3.08875E-1 3.16307E-1 3.60333E-1 4.39002E-1 4.38741E-1 4.28723E-1 4.4164E-1 4.90866E-1 1.90898E-1 4.46569E-1 3.07843E-1 2.0658E-1 1.43691E-1 2.59951E-1 1.72882E-1 2.50945E-1
4.39077E-1 2.93239E-1 4.33644E-1 4.02654E-1 3.91155E-1 3.94007E-1 4.79566E-1 5.12806E-1 4.90443E-1 3.84765E-1 3.63927E-1 4.26343E-1 4.67296E-1 5.11584E-1 5.76984E-1 5.57604E-1 5.67359E-1 5.74277E-1 5.65235E-1 5.50236E-1 5.52404E-1 2.84779E-1 2.30988E-1 2.24782E-1 2.27741E-1 3.60947E-1 4.27462E-1 4.58204E-1 4.69921E-1 4.20049E-1 3.43265E-1 3.01719E-1 2.74806E-1 2.84457E-1 3.37213E-1 1.42185E-1 2.67354E-1 2.21455E-1 2.21918E-1 2.14469E-1 2.06312E-1 2.31588E-1 2.70815E-1 3.18993E-1 2.36387E-1 3.77818E-1 4.39307E-1 5.00256E-1 4.4026E-1 4.13757E-1 4.40397E-1 5.01089E-1 4.74594E-1 4.5638E-1 4.08687E-1 2.90985E-1 2.73706E-1 2.22751E-1 2.21708E-1 2.42668E-1
6.22129E-1 5.84294E-1 5.53572E-1 5.10786E-1 4.73314E-1 5.26283E-1 5.74463E-1 5.62691E-1 5.37463E-1 4.85794E-1 4.39713E-1 4.82407E-1 5.24008E-1 5.60997E-1 5.84611E-1 5.58743E-1 5.80948E-1 5.82419E-1 5.71636E-1 6.51271E-1 5.32549E-1 3.12149E-1 2.75624E-1 3.06949E-1 3.72959E-1 4.34672E-1 4.80835E-1 5.33785E-1 5.48352E-1 4.89035E-1 4.06625E-1 3.50734E-1 2.95734E-1 2.75814E-1 2.73359E-1 2.72753E-1 3.28192E-1 3.19767E-1 2.52053E-1 2.49909E-1 2.18169E-1 2.39746E-1 2.62596E-1 3.44669E-1 2.06564E-1 4.41918E-1 5.18911E-1 5.28461E-1 4.81589E-1 4.68496E-1 4.37336E-1 5.2081E-1 5.43445E-1 4.92882E-1 4.49346E-1 3.4621E-1 2.92046E-1 2.42262E-1 2.00682E-1 2.14817E-1
6.88767E-1 6.76438E-1 6.57401E-1 6.07258E-1 5.61747E-1 5.60216E-1 5.23285E-1 5.0159E-1 4.95997E-1 5.109E-1 4.66124E-1 5.14757E-1 5.6338E-1 5.67638E-1 5.35581E-1 5.64443E-1 5.79801E-1 5.63495E-1 5.6967E-1 1.73356E-1 3.63449E-1 3.13633E-1 2.68613E-1 3.36195E-1 4.12137E-1 4.84336E-1 5.23951E-1 5.77056E-1 6.38622E-1 5.69745E-1 4.63812E-1 3.91496E-1 3.41129E-1 3.06468E-1 2.8618E-1 2.61322E-1 2.86388E-1 2.8961E-1 1.75772E-1 2.98743E-1 2.39959E-1 2.4758E-1 2.66063E-1 3.36788E-1 1.78824E-1 5.2522E-1 5.65817E-1 5.16432E-1 4.87793E-1 4.87512E-1 4.74215E-1 5.74351E-1 5.64842E-1 4.88868E-1 4.54404E-1 3.59509E-1 3.07627E-1 2.57727E-1 2.13552E-1 1.93647E-1
6.55546E-1 6.8991E-1 6.26198E-1 5.81321E-1 5.35368E-1 5.44258E-1 5.14312E-1 4.92841E-1 5.15445E-1 5.31109E-1 4.84553E-1 5.34839E-1 5.75856E-1 5.78294E-1 5.9078E-1 5.7006E-1 5.83326E-1 5.50171E-1 5.53274E-1 2.14236E-1 3.58872E-1 2.74593E-1 2.69156E-1 3.49472E-1 4.40389E-1 5.18691E-1 5.54083E-1 5.61158E-1 6.1882E-1 6.5082E-1 5.34639E-1 4.41526E-1 3.93082E-1 3.66014E-1 3.32431E-1 2.86437E-1 2.84364E-1 2.90353E-1 3.14353E-1 3.84723E-1 2.82069E-1 2.6578E-1 2.74115E-1 3.34974E-1 4.11858E-1 5.01734E-1 5.50168E-1 4.80739E-1 3.29876E-1 4.90844E-1 5.41665E-1 3.08457E-1 3.66474E-1 4.86903E-1 4.64324E-1 3.62775E-1 3.19792E-1 2.81581E-1 2.41E-1 2.17498E-1
4.56022E-1 5.62366E-1 4.88059E-1 4.46398E-1 4.10321E-1 4.63393E-1 4.63058E-1 4.42985E-1 4.657E-1 4.72773E-1 4.58617E-1 5.06761E-1 5.4169E-1 5.63368E-1 5.66537E-1 5.45441E-1 5.32665E-1 5.08183E-1 5.10932E-1 3.01717E-1 3.59818E-1 3.1033E-1 3.31618E-1 3.82786E-1 4.49488E-1 5.03034E-1 5.36652E-1 5.40652E-1 5.59905E-1 6.10667E-1 6.89627E-1 5.72116E-1 5.22112E-1 4.88763E-1 4.45043E-1 3.34102E-1 3.1396E-1 3.02724E-1 3.14271E-1 1.95431E-1 3.25048E-1 3.2846E-1 2.91649E-1 3.12293E-1 3.86444E-1 3.00299E-1 5.3663E-1 5.37041E-1 5.13667E-1 5.37762E-1 6.20933E-1 3.28403E-1 4.20356E-1 5.2189E-1 5.19003E-1 4.57603E-1 4.20712E-1 3.68042E-1 3.10581E-1 3.1316E-1
4.51292E-1 6.09745E-1 5.39413E-1 4.85248E-1 4.47407E-1 5.12177E-1 4.90348E-1 4.70792E-1 4.89568E-1 4.84899E-1 4.60722E-1 4.92404E-1 5.10591E-1 5.35139E-1 5.34476E-1 5.10063E-1 5.03962E-1 4.73157E-1 4.89076E-1 2.86811E-1 3.62772E-1 3.17539E-1 3.38177E-1 3.92002E-1 4.4114E-1 5.01909E-1 5.36493E-1 5.53318E-1 5.57088E-1 5.72499E-1 6.91764E-1 4.10172E-1 3.44587E-1 4.88521E-1 2.25907E-1 3.37398E-1 5.00552E-1 4.37127E-1 3.81706E-1 2.38999E-1 2.52814E-1 3.30822E-1 2.79018E-1 3.31064E-1 3.92433E-1 5.14558E-1 5.43251E-1 5.21291E-1 5.12957E-1 5.69981E-1 6.4707E-1 4.73755E-1 6.41749E-1 6.34746E-1 6.45869E-1 3.36976E-1 1.55224E-1 4.00455E-1 3.01915E-1 9.19526E-2
6.72319E-1 4.18877E-1 6.24971E-1 5.65578E-1 5.19737E-1 5.82687E-1 5.45052E-1 5.37629E-1 5.35235E-1 5.03883E-1 4.68448E-1 4.776E-1 4.68395E-1 4.88905E-1 4.89891E-1 4.6486E-1 4.56234E-1 4.17076E-1 3.31624E-1 4.39183E-1 3.68544E-1 3.43556E-1 3.45571E-1 3.88128E-1 4.14292E-1 4.85745E-1 5.2818E-1 5.67687E-1 5.6394E-1 5.02689E-1 4.72453E-1 3.00747E-1 3.23775E-1 3.90584E-1 2.98532E-1 2.49088E-1 1.60931E-1 1.64567E-1 1.20653E-1 9.97873E-2 1.11366E-1 1.83732E-1 2.27634E-1 1.18763E-1 1.05018E-1 2.26214E-1 3.29471E-1 5.20631E-1 5.08053E-1 6.16597E-1 4.94529E-1 5.70445E-1 6.48117E-1 6.22304E-1 6.1753E-1 2.89213E-1 2.60564E-1 2.10272E-1 1.83558E-1 1.78272E-1
4.48933E-1 5.27584E-1 6.27577E-1 3.5787E-1 5.9427E-1 5.7217E-1 2.9667E-1 4.07603E-1 4.85781E-1 4.80769E-1 3.68567E-1 4.00194E-1 4.32145E-1 4.64117E-1 4.5686E-1 4.04423E-1 4.27325E-1 3.62704E-1 3.39695E-1 3.02638E-1 1.0019E-1 3.67993E-1 3.73338E-1 3.68842E-1 3.81958E-1 4.74675E-1 5.13572E-1 5.39623E-1 5.94001E-1 5.19555E-1 4.56381E-1 4.22164E-1 2.08719E-1 3.01015E-1 3.03358E-1 2.12447E-1 1.46997E-1 1.3922E-1 1.0519E-1 1.24248E-1 1.18574E-1 1.36282E-1 9.99996E-2 1.20945E-1 1.10136E-1 2.51717E-1 5.78841E-1 5.71999E-1 6.02637E-1 6.55455E-1 6.07523E-1 4.06339E-1 3.06916E-1 2.90375E-1 2.83637E-1 1.649E-1 2.06939E-1 1.59883E-1 1.71545E-1 1.74186E-1
4.43267E-1 5.68446E-1 6.12676E-1 6.21784E-1 2.7599E-1 7.17213E-1 4.15012E-1 2.66311E-1 2.18487E-1 2.24281E-1 1.98063E-1 3.55385E-1 3.86946E-1 1.7653E-1 4.27739E-1 3.59533E-1 4.14205E-1 3.69315E-1 3.26101E-1 3.14689E-1 3.02915E-1 3.59259E-1 3.61407E-1 3.30763E-1 3.59378E-1 4.66224E-1 4.70427E-1 5.35858E-1 5.47646E-1 5.53413E-1 3.93904E-1 5.54813E-1 3.40533E-1 3.76893E-1 2.51717E-1 2.30834E-1 1.65963E-1 1.58709E-1 1.3667E-1 1.71856E-1 1.79215E-1 1.93634E-1 1.96511E-1 1.78072E-1 2.79777E-1 3.85395E-1 4.01469E-1 5.4297E-1 5.00914E-1 5.90344E-1 4.99217E-1 3.69398E-1 2.55713E-1 2.1039E-1 1.95768E-1 1.66538E-1 2.30258E-1 1.80789E-1 1.78396E-1 2.0094E-1
4.90005E-1 5.4036E-1 5.54548E-1 5.52132E-1 4.6584E-1 3.89794E-1 2.75174E-1 2.25879E-1 1.64696E-1 1.59508E-1 1.9678E-1 2.46797E-1 2.79357E-1 3.00518E-1 2.69176E-1 2.47843E-1 2.87807E-1 2.83638E-1 2.23198E-1 2.07079E-1 1.5941E-1 6.32274E-2 1.95891E-1 1.87747E-1 2.07138E-1 3.38197E-1 3.81262E-1 4.1657E-1 4.09839E-1 4.38436E-1 4.3223E-1 4.39694E-1 4.59907E-1 3.29916E-1 4.49312E-1 3.91433E-1 3.28376E-1 2.58555E-1 2.38446E-1 2.91045E-1 3.82936E-1 3.90278E-1 3.69347E-1 3.45513E-1 2.83229E-1 2.08275E-1 2.57007E-1 5.60685E-1 7.18018E-1 4.86974E-1 3.83701E-1 2.74178E-1 2.09884E-1 1.7419E-1 1.72957E-1 4.79019E-1 2.6351E-1 1.96581E-1 1.82381E-1 2.60716E-1
3.86331E-1 5.55879E-1 5.47354E-1 5.40168E-1 4.72575E-1 3.84484E-1 2.62705E-1 2.25029E-1 2.36576E-1 2.13224E-1 2.2685E-1 2.35038E-1 2.41158E-1 2.66692E-1 3.34106E-1 2.86251E-1 2.4406E-1 1.31914E-1 2.28567E-1 2.28877E-1 1.72408E-1 8.69649E-2 1.83465E-1 2.01891E-1 2.21963E-1 3.5469E-1 3.6013E-1 3.43109E-1 3.64618E-1 3.85289E-1 3.82376E-1 4.27434E-1 4.65585E-1 4.69493E-1 3.0528E-1 4.04935E-1 4.05181E-1 4.07845E-1 4.13975E-1 4.22544E-1 4.70709E-1 4.67081E-1 1.48938E-1 3.12864E-1 1.39577E-1 1.88507E-1 4.3997E-1 6.38603E-1 4.3183E-1 4.22526E-1 3.95124E-1 3.46903E-1 2.42976E-1 1.80373E-1 2.09673E-1 4.37866E-1 3.45701E-1 2.48261E-1 2.03493E-1 2.21991E-1
5.27788E-1 5.47296E-1 5.27257E-1 5.24133E-1 2.24555E-1 3.66405E-1 2.47247E-1 2.41032E-1 2.32806E-1 2.09181E-1 2.18171E-1 2.25194E-1 2.26243E-1 2.42176E-1 2.62032E-1 3.12895E-1 2.09365E-1 7.69007E-2 2.53201E-1 2.52475E-1 1.96247E-1 1.79582E-1 2.15252E-1 2.39821E-1 2.7181E-1 4.32776E-1 4.34293E-1 3.5393E-1 3.28906E-1 3.47273E-1 3.83735E-1 4.23924E-1 4.53531E-1 4.7027E-1 4.78192E-1 3.16875E-1 4.57591E-1 4.60409E-1 4.6563E-1 4.71275E-1 5.37659E-1 3.72621E-1 4.68519E-1 3.4309E-1 1.0424E-1 1.85276E-1 4.04512E-1 6.2675E-1 2.83374E-1 5.39634E-1 4.48041E-1 3.23346E-1 4.25761E-1 4.01997E-1 3.07254E-1 3.9541E-1 4.85338E-1 2.91205E-1 2.45117E-1 2.41885E-1
5.26847E-1 5.29703E-1 4.98102E-1 5.05725E-1 4.26123E-1 3.45832E-1 2.82064E-1 2.47664E-1 2.28046E-1 2.12847E-1 2.12251E-1 2.1857E-1 2.20172E-1 2.35671E-1 2.62736E-1 2.96101E-1 2.13209E-1 1.03473E-1 2.75588E-1 2.64467E-1 2.19687E-1 1.4852E-1 2.76165E-1 2.88561E-1 3.26508E-1 4.96756E-1 5.18337E-1 4.07544E-1 3.68078E-1 3.57002E-1 3.69645E-1 3.93548E-1 4.2342E-1 4.46824E-1 4.67E-1 4.64793E-1 2.52172E-1 2.7752E-1 2.81606E-1 3.30526E-1 3.30669E-1 4.64537E-1 3.11256E-1 2.16775E-1 1.83742E-1 2.91693E-1 4.20773E-1 6.15369E-1 7.1783E-1 5.55259E-1 5.16145E-1 3.17798E-1 4.41175E-1 4.2253E-1 4.23393E-1 4.1582E-1 2.53577E-1 3.68451E-1 3.39676E-1 3.10356E-1
4.85528E-1 5.54163E-1 5.56626E-1 4.73875E-1 1.25536E-1 3.25249E-1 2.80569E-1 2.41336E-1 2.30079E-1 2.12561E-1 2.02479E-1 2.06481E-1 2.17529E-1 2.29342E-1 2.36189E-1 9.13475E-2 2.40448E-1 2.05153E-1 2.82773E-1 2.69962E-1 2.41677E-1 9.90197E-2 3.21875E-1 3.42661E-1 3.92131E-1 5.62736E-1 5.82013E-1 4.64563E-1 4.47289E-1 4.56554E-1 4.28273E-1 3.77996E-1 3.48126E-1 4.10929E-1 4.27378E-1 3.62683E-1 2.75592E-1 2.55641E-1 2.70282E-1 3.00966E-1 2.30849E-1 2.28349E-1 3.1653E-1 4.34596E-1 3.91203E-1 3.74884E-1 4.60295E-1 2.69542E-1 7.50916E-1 5.85838E-1 5.60939E-1 4.91411E-1 4.51567E-1 4.0597E-1 4.17045E-1 4.50503E-1 4.39349E-1 2.29643E-1 3.63955E-1 3.55042E-1
