Phytophthora/models/20240501_1439_25/Phytophthora_PA3_RUN3_MAXENT_outputs/Phytophthora_PA3_RUN3.asc
ncols         225
nrows         269
xllcorner     473000.0
yllcorner     4429100.0
cellsize      50.0
NODATA_value  -9999
[rows 27 to 53 of 269, columns 0 to 59 of 225]
-9999 -9999 -9999 -9999 -9999 -9999 -9999 -9999 -9999 -9999 -9999 -9999 -9999 -9999 -9999 -9999 -9999 -9999 -9999 -9999 -9999 -9999 -9999 -9999 -9999 -9999 -9999 -9999 -9999 -9999 -9999 -9999 -9999 -9999 -9999 -9999 -9999 -9999 8.05782E-3 6.02016E-3 1.06528E-2 4.6636E-3 2.11865E-2 2.04886E-2 1.79424E-2 2.14462E-2 2.50936E-2 2.74732E-2 2.60386E-2 1.57323E-2 8.21559E-3 1.1672E-2 9.52596E-3 6.89333E-3 7.16023E-3 6.11775E-3 6.27723E-3 5.53893E-3 5.07206E-3 4.72352E-3
-9999 -9999 -9999 -9999 -9999 -9999 -9999 -9999 -9999 -9999 -9999 -9999 -9999 -9999 -9999 -9999 -9999 -9999 -9999 -9999 -9999 -9999 -9999 -9999 -9999 -9999 -9999 -9999 -9999 -9999 -9999 -9999 -9999 -9999 -9999 -9999 -9999 -9999 1.23931E-2 9.49618E-3 1.29501E-2 1.48616E-2 1.75097E-2 1.77252E-2 2.14905E-2 2.64049E-2 1.4389E-2 2.12496E-2 1.33635E-2 9.56322E-3 9.24989E-3 7.80923E-3 5.688E-3 3.87226E-3 3.81839E-3 3.87508E-3 4.16158E-3 4.12518E-3 3.90581E-3 3.94909E-3
-9999 -9999 -9999 -9999 -9999 -9999 -9999 -9999 -9999 -9999 -9999 -9999 -9999 -9999 -9999 -9999 -9999 -9999 -9999 -9999 -9999 -9999 -9999 -9999 -9999 -9999 -9999 -9999 -9999 -9999 -9999 -9999 -9999 -9999 -9999 -9999 -9999 -9999 8.93717E-3 7.41003E-3 1.09639E-2 1.47728E-2 2.16455E-2 2.33781E-2 2.79877E-2 1.59717E-2 2.0596E-2 1.0464E-2 9.44987E-3 3.65953E-3 8.08792E-3 6.91461E-3 5.09009E-3 4.36488E-3 4.36622E-3 4.33811E-3 1.24759E-2 1.12348E-2 8.41034E-3 1.0674E-2
-9999 -9999 -9999 -9999 -9999 -9999 -9999 -9999 -9999 -9999 -9999 -9999 -9999 -9999 -9999 -9999 -9999 -9999 -9999 -9999 -9999 -9999 -9999 -9999 -9999 -9999 -9999 -9999 -9999 -9999 -9999 -9999 -9999 -9999 -9999 -9999 7.67808E-3 4.67377E-3 6.08996E-3 5.5704E-3 7.12927E-3 1.79799E-2 1.67396E-2 2.05275E-2 2.06944E-2 1.46259E-2 9.13819E-3 8.92532E-3 7.5195E-3 6.29196E-3 6.21961E-3 4.5827E-3 3.5886E-3 3.94996E-3 5.44088E-3 4.88761E-3 2.96223E-3 9.38548E-3 1.0571E-2 1.0785E-2
-9999 -9999 -9999 -9999 -9999 -9999 -9999 -9999 -9999 -9999 -9999 -9999 -9999 -9999 -9999 -9999 -9999 -9999 -9999 -9999 -9999 -9999 -9999 -9999 -9999 -9999 -9999 -9999 -9999 -9999 -9999 -9999 -9999 -9999 -9999 5.88928E-3 6.83146E-3 8.66835E-3 1.55773E-2 1.7074E-2 7.46277E-3 1.22138E-2 1.4439E-2 1.2322E-2 1.14085E-2 1.46788E-2 1.0258E-2 9.67845E-3 8.54921E-3 7.94227E-3 7.31744E-3 5.64714E-3 4.92932E-3 8.00756E-3 1.17454E-2 1.52763E-2 6.66219E-3 1.42318E-2 1.34756E-2 1.46921E-2
-9999 -9999 -9999 -9999 -9999 -9999 -9999 -9999 -9999 -9999 -9999 -9999 -9999 -9999 -9999 -9999 -9999 -9999 -9999 -9999 -9999 -9999 -9999 -9999 -9999 -9999 -9999 -9999 -9999 -9999 -9999 -9999 -9999 -9999 8.45185E-3 8.74451E-3 1.24133E-2 1.79418E-2 1.75925E-2 2.26561E-2 1.81532E-2 1.92944E-2 1.29363E-2 9.72125E-3 7.16596E-3 1.13666E-2 9.16518E-3 5.18975E-3 9.45132E-3 7.41849E-3 9.16437E-3 6.34589E-3 9.35367E-3 1.04185E-2 1.3058E-2 1.57207E-2 1.47224E-2 1.46225E-2 1.50424E-2 1.58958E-2
-9999 -9999 -9999 -9999 -9999 -9999 -9999 -9999 -9999 -9999 -9999 -9999 -9999 -9999 -9999 -9999 -9999 -9999 -9999 -9999 -9999 -9999 -9999 -9999 -9999 -9999 -9999 -9999 -9999 -9999 -9999 -9999 7.22561E-3 7.44847E-3 7.07613E-3 8.50502E-3 2.16499E-2 2.43349E-2 1.22304E-2 2.6538E-2 2.0757E-2 1.11503E-2 6.82325E-3 5.30305E-3 4.64796E-3 7.04002E-3 6.74677E-3 6.05022E-3 7.36239E-3 6.0014E-3 1.14773E-2 1.44793E-2 1.11833E-2 9.9594E-3 1.19014E-2 1.56907E-2 1.55176E-2 1.5417E-2 1.52372E-2 9.0097E-3
-9999 -9999 -9999 -9999 -9999 -9999 -9999 -9999 -9999 -9999 -9999 -9999 -9999 -9999 -9999 -9999 -9999 -9999 -9999 -9999 -9999 -9999 -9999 -9999 -9999 -9999 -9999 -9999 -9999 -9999 -9999 8.69417E-3 8.63467E-3 8.46302E-3 1.10678E-2 1.86731E-2 2.21444E-2 2.4814E-2 2.81777E-2 3.32496E-2 2.19356E-2 7.78584E-3 6.57944E-3 6.0343E-3 5.64499E-3 6.68784E-3 6.89773E-3 7.48775E-3 9.80315E-3 1.56661E-2 1.57076E-2 1.46893E-2 1.16095E-2 1.11491E-2 1.3722E-2 1.57995E-2 1.62985E-2 1.0947E-2 1.51173E-2 1.55751E-2
-9999 -9999 -9999 -9999 -9999 -9999 -9999 -9999 -9999 -9999 -9999 -9999 -9999 -9999 -9999 -9999 -9999 -9999 -9999 -9999 -9999 -9999 -9999 -9999 -9999 -9999 -9999 -9999 -9999 -9999 1.40442E-2 1.19039E-2 1.08415E-2 1.44359E-2 2.17709E-2 2.25116E-2 2.24191E-2 2.04406E-2 3.04989E-2 2.19595E-2 9.04393E-3 7.52668E-3 6.21539E-3 6.00091E-3 6.24652E-3 8.2965E-3 6.91662E-3 8.39234E-3 1.65061E-2 1.63803E-2 1.28359E-2 1.48243E-2 1.27597E-2 1.32068E-2 1.51636E-2 1.69963E-2 1.7222E-2 1.64275E-2 1.37138E-2 1.58885E-2
-9999 -9999 -9999 -9999 -9999 -9999 -9999 -9999 -9999 -9999 -9999 -9999 -9999 -9999 -9999 -9999 -9999 -9999 -9999 -9999 -9999 -9999 -9999 -9999 -9999 -9999 -9999 -9999 -9999 -9999 2.56304E-2 1.6794E-2 1.67851E-2 2.51705E-2 2.43101E-2 2.07533E-2 1.4473E-2 2.68204E-2 9.74595E-3 1.5809E-2 1.04134E-2 8.98548E-3 8.55969E-3 8.54977E-3 9.12672E-3 1.17806E-2 1.1387E-2 1.07075E-2 1.33731E-2 1.4622E-2 1.14306E-2 1.28201E-2 1.19993E-2 1.21117E-2 1.24751E-2 1.22993E-2 1.22396E-2 1.14984E-2 1.11859E-2 5.68683E-3
-9999 -9999 -9999 -9999 -9999 -9999 -9999 -9999 -9999 -9999 -9999 -9999 -9999 -9999 -9999 -9999 -9999 -9999 -9999 -9999 -9999 -9999 -9999 -9999 -9999 -9999 -9999 -9999 -9999 2.71637E-4 2.62812E-2 2.27681E-2 2.54561E-2 1.65515E-2 1.32605E-2 2.40923E-2 1.36084E-2 3.38333E-2 2.08601E-2 1.24513E-2 9.37647E-3 7.38922E-3 9.44352E-3 1.0539E-2 1.214E-2 1.53036E-2 1.28862E-2 1.19462E-2 1.34201E-2 1.51654E-2 8.42813E-3 1.37386E-2 1.29106E-2 1.30975E-2 1.2738E-2 1.25088E-2 1.23446E-2 1.09714E-2 1.08784E-2 1.16436E-2
-9999 -9999 -9999 -9999 -9999 -9999 -9999 -9999 -9999 -9999 -9999 -9999 -9999 -9999 -9999 -9999 -9999 -9999 -9999 -9999 -9999 -9999 -9999 -9999 -9999 -9999 -9999 -9999 -9999 -9999 2.76457E-2 3.00859E-2 1.21969E-2 2.57045E-2 2.94364E-2 1.05341E-2 2.90903E-2 1.53481E-2 1.3414E-2 1.30039E-2 7.73257E-3 9.37145E-3 9.80131E-3 1.11349E-2 1.45362E-2 1.61254E-2 1.55017E-2 1.48294E-2 1.35181E-2 1.55699E-2 1.49453E-2 1.45807E-2 1.36419E-2 1.40525E-2 1.31887E-2 1.35107E-2 1.21772E-2 8.97037E-3 1.06809E-2 1.16223E-2
-9999 -9999 -9999 -9999 -9999 -9999 -9999 -9999 -9999 -9999 -9999 -9999 -9999 -9999 -9999 -9999 -9999 -9999 -9999 -9999 -9999 -9999 -9999 -9999 -9999 -9999 -9999 -9999 -9999 -9999 3.68748E-2 2.818E-2 2.61012E-2 1.95951E-2 1.06484E-2 1.86901E-2 1.61021E-2 7.49425E-3 1.33107E-2 1.40844E-2 1.08081E-2 1.02023E-2 1.03672E-2 1.31396E-2 1.46335E-2 1.63114E-2 1.57201E-2 1.58315E-2 1.573E-2 1.63236E-2 1.64791E-2 1.5815E-2 1.42848E-2 8.37456E-3 1.46593E-2 1.59495E-2 1.08458E-2 9.38169E-3 1.06453E-2 1.13439E-2
-9999 -9999 -9999 -9999 -9999 -9999 -9999 -9999 -9999 -9999 -9999 -9999 -9999 -9999 -9999 -9999 -9999 -9999 -9999 -9999 -9999 -9999 -9999 -9999 -9999 -9999 -9999 -9999 -9999 -9999 2.04175E-2 4.06232E-2 3.64002E-2 3.10149E-2 1.72474E-2 1.26267E-2 1.38308E-2 1.48262E-2 1.51916E-2 5.86677E-3 1.02525E-2 1.03241E-2 1.27159E-2 1.45793E-2 1.43611E-2 1.61249E-2 1.62202E-2 9.73438E-3 1.63049E-2 1.66491E-2 9.7036E-3 1.66416E-2 1.45513E-2 1.54104E-2 1.54693E-2 1.43261E-2 9.36796E-3 8.29714E-3 9.54164E-3 1.12244E-2
-9999 -9999 -9999 -9999 -9999 -9999 -9999 -9999 -9999 -9999 -9999 -9999 -9999 -9999 -9999 -9999 -9999 -9999 -9999 -9999 -9999 -9999 -9999 -9999 -9999 -9999 -9999 -9999 -9999 -9999 2.71386E-2 2.31779E-2 2.09812E-2 1.79741E-2 1.43481E-2 1.47856E-2 1.50719E-2 1.62504E-2 1.75425E-2 1.43272E-2 1.13574E-2 1.13963E-2 1.33211E-2 1.50024E-2 1.448E-2 1.3742E-2 1.43879E-2 1.4726E-2 1.43002E-2 1.46929E-2 1.59921E-2 8.90104E-3 1.19194E-2 1.50666E-2 1.77914E-2 1.46401E-2 1.1179E-2 9.55737E-3 9.9681E-3 1.04871E-2
-9999 -9999 -9999 -9999 -9999 -9999 -9999 -9999 -9999 -9999 -9999 -9999 -9999 -9999 -9999 -9999 -9999 -9999 -9999 -9999 -9999 -9999 -9999 -9999 -9999 -9999 -9999 -9999 -9999 1.98322E-2 1.54968E-2 1.38053E-2 1.41565E-2 1.20089E-2 1.23695E-2 1.21457E-2 1.1398E-2 1.07795E-2 1.48625E-2 1.36296E-2 1.50701E-2 1.55021E-2 1.47627E-2 1.3898E-2 1.32587E-2 1.22709E-2 1.4514E-2 1.46471E-2 1.54003E-2 1.51188E-2 1.67354E-2 1.74773E-2 1.37424E-2 1.93228E-2 2.06405E-2 1.5429E-2 1.35857E-2 1.21055E-2 1.0445E-2 9.89937E-3
-9999 -9999 -9999 -9999 -9999 -9999 -9999 -9999 -9999 -9999 -9999 -9999 -9999 -9999 -9999 -9999 -9999 -9999 -9999 -9999 -9999 -9999 -9999 -9999 -9999 -9999 2.74749E-2 1.16518E-2 1.86802E-2 1.46613E-2 1.48008E-2 1.62375E-2 1.73648E-2 2.15423E-2 2.04739E-2 1.77353E-2 1.63674E-2 1.4436E-2 1.78606E-2 2.26474E-2 1.59153E-2 1.5686E-2 1.57348E-2 1.5726E-2 1.51379E-2 1.40912E-2 1.54174E-2 1.51437E-2 1.46839E-2 1.55749E-2 1.60918E-2 1.8515E-2 1.7298E-2 1.64818E-2 1.62395E-2 1.64193E-2 1.63447E-2 1.54023E-2 1.2613E-2 1.22617E-2
-9999 -9999 -9999 -9999 -9999 -9999 -9999 -9999 -9999 -9999 -9999 -9999 -9999 -9999 -9999 -9999 -9999 -9999 -9999 -9999 -9999 -9999 -9999 -9999 -9999 3.38844E-2 1.71469E-2 1.37533E-2 1.21645E-2 1.12622E-2 1.13009E-2 1.2971E-2 1.62097E-2 2.98425E-2 2.77591E-2 2.25952E-2 2.19686E-2 2.31311E-2 2.46025E-2 2.30407E-2 1.13792E-2 1.57811E-2 9.43811E-3 8.26892E-3 1.106E-2 1.3541E-2 1.29387E-2 1.0626E-2 8.42621E-3 1.6075E-2 1.84481E-2 1.94184E-2 1.96056E-2 2.2782E-2 1.67951E-2 1.09972E-2 1.10722E-2 1.56685E-2 1.3858E-2 1.31794E-2
-9999 -9999 -9999 -9999 -9999 -9999 -9999 -9999 -9999 -9999 -9999 -9999 -9999 -9999 -9999 -9999 -9999 -9999 -9999 -9999 -9999 -9999 -9999 -9999 3.14969E-4 1.91049E-2 2.2241E-2 1.63942E-2 1.39993E-2 1.3038E-2 1.46186E-2 1.34188E-2 1.46749E-2 2.15901E-2 2.86299E-2 2.55899E-2 2.66252E-2 2.79411E-2 2.76417E-2 2.54362E-2 1.76589E-2 1.66358E-2 1.78491E-2 1.76335E-2 1.55602E-2 6.72159E-3 8.73933E-3 1.68543E-2 1.63638E-2 1.02763E-2 2.07721E-2 2.15513E-2 2.06085E-2 2.1303E-2 1.86954E-2 2.12141E-2 1.79253E-2 1.05308E-2 1.41919E-2 1.34911E-2
-9999 -9999 -9999 -9999 -9999 -9999 -9999 -9999 -9999 -9999 -9999 -9999 -9999 -9999 -9999 -9999 -9999 -9999 -9999 -9999 -9999 -9999 -9999 -9999 3.33976E-3 3.75954E-2 1.96056E-2 1.63862E-2 1.58046E-2 1.46983E-2 1.57819E-2 1.71388E-2 1.64201E-2 1.56152E-2 2.47322E-2 3.14289E-2 3.16964E-2 3.14629E-2 3.08267E-2 2.28793E-2 2.60912E-2 2.52713E-2 2.52882E-2 2.36452E-2 2.19263E-2 1.61673E-2 1.74725E-2 1.81377E-2 1.97008E-2 2.04192E-2 2.83161E-2 2.47332E-2 2.00192E-2 2.19561E-2 2.01966E-2 1.9575E-2 1.99178E-2 1.85436E-2 9.55593E-3 1.64863E-2
-9999 -9999 -9999 -9999 -9999 -9999 -9999 -9999 -9999 -9999 -9999 -9999 -9999 -9999 -9999 -9999 -9999 -9999 -9999 -9999 -9999 -9999 -9999 -9999 4.5158E-3 3.3671E-2 1.09783E-2 1.76694E-2 2.22427E-2 3.23722E-2 1.27415E-2 2.35199E-2 2.51256E-2 2.50652E-2 2.87159E-2 3.2757E-2 3.37031E-2 1.84937E-2 3.35048E-2 3.23442E-2 2.74711E-2 2.54338E-2 2.19992E-2 2.1673E-2 2.11738E-2 1.62529E-2 1.69943E-2 1.87943E-2 1.49776E-2 2.98997E-2 2.83252E-2 2.2823E-2 1.61628E-2 1.25531E-2 1.04433E-2 1.27718E-2 1.35528E-2 1.29063E-2 8.6206E-3 1.06486E-2
-9999 -9999 -9999 -9999 -9999 -9999 -9999 -9999 -9999 -9999 -9999 -9999 -9999 -9999 -9999 -9999 -9999 -9999 -9999 -9999 -9999 -9999 -9999 1.20699E-2 2.6526E-2 2.28287E-2 1.81208E-2 2.18183E-2 2.90455E-2 3.32386E-2 2.8183E-2 2.78259E-2 2.91708E-2 2.83021E-2 2.78305E-2 3.4203E-2 3.43382E-2 3.48694E-2 3.34677E-2 3.13162E-2 2.41945E-2 2.41408E-2 1.99832E-2 1.88076E-2 1.82415E-2 1.47212E-2 1.87979E-2 1.91607E-2 1.71432E-2 2.85328E-2 2.76683E-2 2.23923E-2 1.19294E-2 1.12126E-2 9.75873E-3 1.08318E-2 1.06559E-2 1.12955E-2 7.78297E-3 9.7213E-3
-9999 -9999 -9999 -9999 -9999 -9999 -9999 -9999 -9999 -9999 -9999 -9999 -9999 -9999 -9999 -9999 -9999 -9999 -9999 -9999 -9999 -9999 -9999 1.15724E-2 1.76127E-2 1.7239E-2 1.63739E-2 2.51069E-2 3.05017E-2 3.36562E-2 2.88587E-2 2.58711E-2 2.44426E-2 2.3241E-2 2.4778E-2 3.04021E-2 3.34905E-2 3.34704E-2 2.9596E-2 2.66088E-2 2.14804E-2 2.73816E-2 2.62849E-2 2.49525E-2 2.22903E-2 1.70004E-2 1.96669E-2 1.78184E-2 1.18883E-2 2.02421E-2 1.62539E-2 9.56385E-3 1.37605E-2 1.18455E-2 8.12443E-3 9.76998E-3 7.80478E-3 9.63347E-3 8.04626E-3 7.87601E-3
-9999 -9999 -9999 -9999 -9999 -9999 -9999 -9999 -9999 -9999 -9999 -9999 -9999 -9999 -9999 -9999 -9999 -9999 -9999 -9999 -9999 -9999 -9999 6.27572E-3 8.73318E-3 1.45622E-2 1.98506E-2 2.42357E-2 2.63944E-2 2.83691E-2 2.37541E-2 2.17223E-2 2.00275E-2 1.92855E-2 2.18035E-2 2.5173E-2 2.73872E-2 2.73109E-2 2.47218E-2 2.62694E-2 2.65777E-2 3.33348E-2 3.18883E-2 3.52848E-2 3.12748E-2 1.9506E-2 2.15362E-2 1.72249E-2 7.91367E-3 8.12233E-3 8.27247E-3 7.8314E-3 1.33603E-2 1.26538E-2 9.01958E-3 1.17607E-2 9.43702E-3 9.11539E-3 8.59166E-3 8.04418E-3
-9999 -9999 -9999 -9999 -9999 -9999 -9999 -9999 -9999 -9999 -9999 -9999 -9999 -9999 -9999 -9999 -9999 -9999 -9999 -9999 -9999 -9999 7.93662E-3 1.5161E-2 1.22629E-2 2.14928E-2 2.87476E-2 2.94581E-2 2.88289E-2 2.74112E-2 2.68673E-2 2.44545E-2 2.34112E-2 2.21337E-2 2.43767E-2 2.68156E-2 2.84569E-2 2.99294E-2 3.56413E-2 4.47014E-2 4.95403E-2 5.51094E-2 5.9663E-2 6.9467E-2 5.28285E-2 2.17618E-2 2.42805E-2 1.78035E-2 1.36373E-2 1.45324E-2 1.71927E-2 1.68046E-2 1.80278E-2 1.64796E-2 1.12686E-2 2.21183E-2 1.68732E-2 1.09159E-2 7.48375E-3 8.74443E-3
-9999 -9999 -9999 -9999 -9999 -9999 -9999 -9999 -9999 -9999 -9999 -9999 -9999 -9999 -9999 -9999 -9999 -9999 -9999 -9999 -9999 -9999 7.55808E-3 8.06964E-3 1.0888E-2 1.9241E-2 2.1884E-2 2.09255E-2 2.39603E-2 2.30484E-2 2.22103E-2 2.081E-2 2.10667E-2 1.93814E-2 2.02199E-2 2.20279E-2 2.79379E-2 3.68488E-2 4.26611E-2 5.2042E-2 5.21319E-2 7.78288E-2 7.01251E-2 5.07802E-2 4.10162E-2 2.34942E-2 2.22401E-2 2.06254E-2 1.9998E-2 1.20253E-2 2.03676E-2 2.05675E-2 1.89055E-2 9.24622E-3 2.11341E-2 2.21493E-2 1.95246E-2 1.3873E-2 8.97195E-3 1.01196E-2
-9999 -9999 -9999 -9999 -9999 -9999 -9999 -9999 -9999 -9999 -9999 -9999 -9999 -9999 -9999 -9999 -9999 -9999 -9999 -9999 -9999 -9999 8.46024E-3 1.18615E-2 1.65724E-2 1.9263E-2 1.76448E-2 1.53835E-2 1.78098E-2 1.77192E-2 1.8254E-2 1.82181E-2 1.94127E-2 1.81934E-2 2.22207E-2 2.98389E-2 4.15967E-2 4.86029E-2 5.07231E-2 5.55573E-2 8.08994E-2 7.96113E-2 2.98935E-2 3.18404E-2 3.66015E-2 2.21767E-2 2.10767E-2 1.74812E-2 2.00531E-2 1.8712E-2 2.18126E-2 2.42942E-2 2.18263E-2 2.13957E-2 2.29128E-2 2.30176E-2 9.46514E-3 1.20303E-2 9.46108E-3 1.22653E-2
