Phytophthora/models/20240506_1402_44/Phytophthora_PA3_RUN5_MAXENT_outputs/Phytophthora_PA3_RUN5.asc
ncols         225
nrows         269
xllcorner     473009.9838
yllcorner     4429051.1748
cellsize      50.0
NODATA_value  -9999
[rows 234 to 259 of 269, columns 60 to 119 of 225]
3.29925E-1 3.68307E-1 4.01474E-1 4.88582E-1 6.87631E-1 6.60695E-1 7.87279E-1 7.19869E-1 6.89016E-1 6.56613E-1 6.25733E-1 6.2764E-1 4.51507E-1 7.23078E-1 5.5948E-1 7.54362E-1 7.85286E-1 8.20395E-1 7.81472E-1 7.45354E-1 7.84517E-1 8.24581E-1 7.66222E-1 7.94215E-1 7.96925E-1 8.42112E-1 8.2647E-1 7.40645E-1 8.32643E-1 7.60553E-1 8.22752E-1 6.80889E-1 5.87657E-1 6.0643E-1 6.22319E-1 6.60195E-1 7.202E-1 7.44509E-1 7.87254E-1 7.54154E-1 6.95134E-1 6.993E-1 7.12731E-1 7.08933E-1 7.26641E-1 6.92351E-1 6.63755E-1 6.82255E-1 7.41641E-1 8.31715E-1 8.35531E-1 7.99268E-1 7.28261E-1 6.74481E-1 5.57815E-1 4.95579E-1 4.40806E-1 3.59138E-1 2.85924E-1 2.54688E-1
3.53609E-1 3.9517E-1 4.23263E-1 5.17643E-1 6.6261E-1 7.62859E-1 7.79321E-1 6.51737E-1 6.46885E-1 6.71007E-1 5.62144E-1 6.11144E-1 6.47615E-1 7.44613E-1 7.10203E-1 7.63391E-1 6.39864E-1 7.91546E-1 7.91256E-1 7.52172E-1 7.40874E-1 8.28722E-1 5.8314E-1 7.36712E-1 8.0885E-1 8.03382E-1 8.1942E-1 8.14117E-1 7.78737E-1 8.16617E-1 8.11698E-1 7.37393E-1 6.35303E-1 6.5115E-1 6.65987E-1 6.92899E-1 7.23898E-1 7.7449E-1 7.7703E-1 7.21132E-1 6.70064E-1 6.68266E-1 6.69999E-1 6.87106E-1 6.69243E-1 7.1609E-1 6.9745E-1 6.98716E-1 7.81896E-1 8.38187E-1 8.34857E-1 8.3012E-1 7.9358E-1 7.29078E-1 6.28249E-1 5.33938E-1 4.02292E-1 3.66334E-1 3.16279E-1 2.94523E-1
3.80203E-1 4.11615E-1 4.34647E-1 4.62471E-1 5.04156E-1 4.46426E-1 6.93051E-1 6.52774E-1 5.88421E-1 6.38664E-1 5.66104E-1 6.35643E-1 6.75005E-1 6.94406E-1 6.15339E-1 3.38138E-1 6.47828E-1 7.94001E-1 8.21857E-1 7.58252E-1 7.44088E-1 8.23472E-1 5.80517E-1 8.02624E-1 5.3494E-1 8.33622E-1 8.14774E-1 8.32233E-1 8.24743E-1 7.99179E-1 7.29624E-1 7.53168E-1 6.68143E-1 7.33759E-1 6.98723E-1 7.40245E-1 7.43663E-1 7.61525E-1 7.60745E-1 7.42297E-1 6.37352E-1 6.61141E-1 6.75371E-1 7.02336E-1 7.20264E-1 7.42403E-1 6.91385E-1 7.50686E-1 8.08808E-1 8.35818E-1 8.19032E-1 7.8603E-1 7.73415E-1 4.03687E-1 6.30165E-1 5.36172E-1 2.99587E-1 3.32118E-1 1.94572E-1 3.24581E-1
4.20149E-1 4.28426E-1 2.01988E-1 4.98019E-1 4.74261E-1 4.46661E-1 5.02085E-1 4.42387E-1 4.40626E-1 5.35915E-1 6.50035E-1 6.37731E-1 6.3479E-1 7.32137E-1 7.37564E-1 7.22052E-1 7.26685E-1 7.84778E-1 8.26974E-1 7.95244E-1 7.50493E-1 7.77755E-1 4.52818E-1 7.81451E-1 8.16296E-1 7.83168E-1 8.08472E-1 8.27209E-1 8.58085E-1 8.47174E-1 8.80906E-1 8.06307E-1 6.93324E-1 7.4292E-1 7.25741E-1 7.73993E-1 7.81038E-1 7.41996E-1 7.82649E-1 7.31082E-1 6.12471E-1 6.74752E-1 6.40724E-1 6.71024E-1 7.09627E-1 7.16074E-1 6.93425E-1 4.11249E-1 8.56892E-1 8.65289E-1 6.47262E-1 1.4435E-1 7.24461E-1 7.87258E-1 7.02582E-1 6.6637E-1 4.52298E-1 3.57547E-1 3.28801E-1 3.28569E-1
3.79127E-1 4.26727E-1 4.32221E-1 3.41474E-1 5.11535E-1 3.43411E-1 3.91155E-1 3.97688E-1 3.81784E-1 4.28552E-1 4.53788E-1 5.02922E-1 6.14646E-1 6.58033E-1 6.87806E-1 7.31729E-1 4.70708E-1 7.63458E-1 6.63968E-1 5.77009E-1 7.46504E-1 6.70414E-1 7.78016E-1 7.71288E-1 7.64661E-1 7.97933E-1 4.83426E-1 5.56348E-1 8.45437E-1 8.52832E-1 8.78066E-1 8.88154E-1 8.14957E-1 8.3777E-1 7.91776E-1 8.0221E-1 8.19467E-1 7.61338E-1 6.5195E-1 6.6986E-1 7.54655E-1 7.73583E-1 5.4005E-1 5.23908E-1 7.48355E-1 7.30459E-1 7.09447E-1 7.12391E-1 8.24733E-1 8.55725E-1 7.44922E-1 8.23708E-1 7.80231E-1 4.74777E-1 4.31796E-1 4.70664E-1 3.45912E-1 3.24595E-1 1.54849E-1 5.01611E-1
5.22293E-1 5.09405E-1 4.47448E-1 3.79424E-1 5.26186E-1 4.29738E-1 4.5724E-1 4.49661E-1 4.71717E-1 5.39075E-1 5.14002E-1 5.18713E-1 5.89838E-1 6.79488E-1 6.77273E-1 5.66405E-1 6.40621E-1 6.24459E-1 6.40275E-1 6.61682E-1 7.40369E-1 5.63999E-1 6.76694E-1 7.56692E-1 7.44549E-1 7.94079E-1 7.23219E-1 8.2484E-1 6.25241E-1 7.67874E-1 8.68202E-1 7.51727E-1 8.60954E-1 8.64424E-1 8.45161E-1 8.18814E-1 8.14684E-1 7.98102E-1 6.8641E-1 7.42232E-1 4.94869E-1 7.07373E-1 6.47648E-1 6.48934E-1 7.17253E-1 7.64855E-1 7.38679E-1 7.2117E-1 7.67845E-1 8.36714E-1 8.6046E-1 8.27217E-1 7.71891E-1 7.82972E-1 6.67861E-1 5.18507E-1 4.62795E-1 4.62768E-1 4.42445E-1 4.36956E-1
3.94517E-1 5.4776E-1 5.83855E-1 4.327E-1 5.65849E-1 4.62561E-1 4.53809E-1 4.46451E-1 4.51722E-1 4.77467E-1 4.87492E-1 5.20036E-1 5.63634E-1 6.1497E-1 6.69752E-1 7.30323E-1 6.82091E-1 6.07302E-1 5.44681E-1 5.36448E-1 6.25621E-1 7.50703E-1 5.86995E-1 5.59189E-1 4.52704E-1 5.20197E-1 7.50843E-1 8.11326E-1 8.25222E-1 8.45522E-1 8.62178E-1 7.62883E-1 8.33328E-1 8.33844E-1 8.26933E-1 8.29537E-1 7.92036E-1 7.80184E-1 7.24414E-1 5.98881E-1 7.47044E-1 6.04745E-1 5.95E-1 7.18007E-1 7.1764E-1 7.96324E-1 7.54126E-1 6.48864E-1 7.77562E-1 6.40828E-1 7.89846E-1 8.4019E-1 7.86962E-1 7.48121E-1 7.23625E-1 5.82991E-1 4.51436E-1 3.56147E-1 4.22682E-1 4.83559E-1
4.94515E-1 5.78107E-1 5.85399E-1 5.95634E-1 5.56383E-1 4.60993E-1 4.44067E-1 4.26041E-1 4.4088E-1 4.78911E-1 4.75945E-1 4.71155E-1 4.11589E-1 5.79458E-1 6.4489E-1 5.35412E-1 5.65819E-1 6.90295E-1 5.54298E-1 6.62266E-1 7.5711E-1 8.12707E-1 8.52974E-1 7.66146E-1 6.86516E-1 6.52846E-1 7.09516E-1 8.82837E-1 8.27382E-1 8.22335E-1 8.47954E-1 8.2969E-1 7.48305E-1 8.2622E-1 8.09856E-1 8.15135E-1 7.66199E-1 7.41452E-1 5.7159E-1 7.86979E-1 6.65138E-1 6.73039E-1 7.48424E-1 7.87743E-1 7.74591E-1 7.72506E-1 5.98317E-1 7.50651E-1 7.58359E-1 7.81446E-1 7.45165E-1 7.41905E-1 7.4711E-1 7.01713E-1 6.90805E-1 6.52522E-1 5.2349E-1 4.73091E-1 6.21632E-1 5.61015E-1
6.83049E-1 6.34782E-1 6.23192E-1 5.8036E-1 5.25578E-1 4.65029E-1 4.27223E-1 4.12521E-1 5.05165E-1 5.28666E-1 3.97252E-1 4.82196E-1 5.02676E-1 7.02559E-1 7.10953E-1 5.60542E-1 5.34833E-1 6.78145E-1 6.07107E-1 4.89892E-1 7.45466E-1 7.84934E-1 7.53047E-1 6.98833E-1 6.7698E-1 6.74936E-1 5.01319E-1 8.57978E-1 8.5629E-1 8.02807E-1 8.4769E-1 5.80532E-1 7.30725E-1 7.67999E-1 7.69985E-1 7.96386E-1 7.31613E-1 4.97838E-1 5.91702E-1 6.35949E-1 7.0122E-1 7.49537E-1 7.86346E-1 7.63229E-1 7.83691E-1 7.93999E-1 5.50811E-1 7.47132E-1 5.80533E-1 6.14745E-1 7.07932E-1 6.68774E-1 6.32486E-1 6.75537E-1 6.49729E-1 6.55572E-1 6.09635E-1 5.87217E-1 6.40332E-1 6.36479E-1
6.85061E-1 6.18513E-1 6.27055E-1 6.04124E-1 5.54837E-1 4.80626E-1 4.08047E-1 3.70774E-1 3.70145E-1 3.37937E-1 2.72916E-1 5.21152E-1 3.97152E-1 5.8382E-1 7.1375E-1 6.42527E-1 5.72818E-1 7.04473E-1 6.5117E-1 7.73058E-1 7.84812E-1 5.16193E-1 7.72404E-1 7.4623E-1 7.60241E-1 7.92677E-1 7.87175E-1 4.85453E-1 4.98765E-1 6.36865E-1 7.68233E-1 7.78652E-1 7.0985E-1 7.42687E-1 7.26416E-1 7.56871E-1 6.82112E-1 6.59144E-1 5.84834E-1 7.29874E-1 7.36116E-1 7.41695E-1 7.02657E-1 6.85523E-1 8.73069E-1 6.57799E-1 1.10447E-1 6.03785E-1 7.30744E-1 7.19377E-1 7.09833E-1 6.69104E-1 6.24422E-1 5.91701E-1 5.78678E-1 6.0223E-1 5.09741E-1 4.73127E-1 5.9893E-1 4.45887E-1
5.95166E-1 5.94275E-1 5.70452E-1 6.25261E-1 5.47579E-1 4.62708E-1 3.75429E-1 3.20841E-1 2.96239E-1 2.81313E-1 3.56005E-1 4.43637E-1 4.389E-1 6.39967E-1 6.85412E-1 6.14792E-1 6.46721E-1 7.56846E-1 6.7294E-1 6.85423E-1 6.93276E-1 7.25351E-1 7.32445E-1 7.57366E-1 7.659E-1 7.94044E-1 8.29463E-1 8.54193E-1 8.12347E-1 7.44451E-1 7.67428E-1 6.79653E-1 6.47071E-1 6.96924E-1 6.9979E-1 7.47269E-1 6.66181E-1 6.57545E-1 6.52418E-1 7.30629E-1 7.44187E-1 5.21663E-1 7.78468E-1 8.61528E-1 8.69015E-1 7.78899E-1 7.36939E-1 7.41674E-1 7.39051E-1 7.25877E-1 6.95538E-1 6.62641E-1 6.58894E-1 7.05639E-1 7.29995E-1 5.99184E-1 5.3022E-1 4.3587E-1 4.58157E-1 4.7269E-1
6.58437E-1 5.74267E-1 5.58674E-1 5.82073E-1 4.43195E-1 3.5745E-1 3.24361E-1 3.57947E-1 3.48002E-1 4.00529E-1 5.5262E-1 3.43009E-1 5.49523E-1 7.0011E-1 5.12626E-1 5.05635E-1 6.08818E-1 8.30734E-1 6.99206E-1 5.8852E-1 6.56387E-1 7.17461E-1 6.60617E-1 7.56216E-1 7.45061E-1 7.56163E-1 7.72385E-1 7.95646E-1 7.80076E-1 7.47162E-1 7.20977E-1 3.1295E-1 6.78171E-1 7.03431E-1 7.41289E-1 6.40016E-1 7.87723E-1 6.81756E-1 7.35922E-1 7.84817E-1 7.45433E-1 7.7801E-1 8.07431E-1 7.84119E-1 7.69893E-1 7.691E-1 7.3487E-1 7.67191E-1 7.389E-1 7.18545E-1 6.83941E-1 6.49317E-1 6.1088E-1 6.28819E-1 6.71809E-1 5.71228E-1 5.09338E-1 4.31336E-1 3.89298E-1 3.66277E-1
6.38723E-1 6.56359E-1 5.86496E-1 4.05689E-1 3.10168E-1 2.79281E-1 3.41729E-1 4.0607E-1 4.34847E-1 2.08046E-1 4.58768E-1 2.88791E-1 4.17055E-1 5.29857E-1 4.41347E-1 4.54893E-1 6.84879E-1 8.38694E-1 7.62768E-1 6.5068E-1 6.4995E-1 7.03654E-1 7.42583E-1 7.21312E-1 6.48479E-1 7.85971E-1 7.70818E-1 7.62919E-1 8.20116E-1 8.79488E-1 7.78132E-1 7.3009E-1 7.25594E-1 7.31209E-1 7.87291E-1 7.71307E-1 7.93989E-1 7.14009E-1 7.40624E-1 7.65333E-1 7.80415E-1 8.02959E-1 7.3845E-1 7.30493E-1 7.40304E-1 7.9788E-1 5.22315E-1 8.185E-1 7.70331E-1 7.35219E-1 6.94402E-1 6.43115E-1 5.95364E-1 6.28602E-1 6.61121E-1 5.9258E-1 5.16869E-1 4.79257E-1 4.26394E-1 3.59629E-1
6.22615E-1 5.56836E-1 4.10566E-1 4.02371E-1 3.46633E-1 3.39069E-1 3.80655E-1 1.39451E-1 4.21236E-1 3.20418E-1 5.26383E-1 2.42746E-1 2.90718E-1 4.10497E-1 4.0738E-1 4.95655E-1 5.44066E-1 7.96532E-1 7.23629E-1 6.80331E-1 6.42614E-1 7.04947E-1 7.61665E-1 7.96011E-1 8.26475E-1 7.52961E-1 8.75573E-1 8.98848E-1 7.95672E-1 7.69946E-1 7.61868E-1 7.86118E-1 5.61286E-1 7.61425E-1 8.2565E-1 8.12713E-1 8.06164E-1 7.41982E-1 7.21213E-1 6.68406E-1 7.72322E-1 7.68094E-1 6.89861E-1 7.48947E-1 8.21008E-1 8.43544E-1 7.30061E-1 8.53263E-1 8.09989E-1 7.61459E-1 7.13989E-1 6.69317E-1 6.07295E-1 6.27836E-1 6.51614E-1 6.27542E-1 5.98219E-1 5.69821E-1 5.04895E-1 4.19909E-1
6.22806E-1 5.45588E-1 4.42292E-1 5.33142E-1 3.11563E-1 2.24827E-1 3.46039E-1 1.83997E-1 3.6244E-1 5.16932E-1 3.89342E-1 2.6777E-1 2.91669E-1 3.90486E-1 4.01653E-1 5.47048E-1 4.34255E-1 7.10214E-1 6.88613E-1 4.78761E-1 5.90235E-1 6.82602E-1 7.64635E-1 8.26991E-1 8.77213E-1 8.86228E-1 8.8077E-1 6.21661E-1 7.43961E-1 7.80205E-1 6.61802E-1 7.38075E-1 6.81314E-1 5.94113E-1 8.52627E-1 8.81492E-1 8.53513E-1 7.75158E-1 7.77655E-1 7.58058E-1 8.01507E-1 7.93364E-1 7.88113E-1 7.96598E-1 7.81465E-1 7.82616E-1 6.31355E-1 7.86266E-1 8.02628E-1 8.10185E-1 7.92241E-1 7.45376E-1 6.96501E-1 7.16987E-1 7.08257E-1 6.84934E-1 6.65408E-1 6.57408E-1 5.78309E-1 4.98003E-1
4.86793E-1 5.30193E-1 4.58471E-1 4.00404E-1 4.31729E-1 4.12602E-1 3.78555E-1 1.84833E-1 5.22629E-1 4.31741E-1 3.95293E-1 3.28858E-1 3.22112E-1 3.46409E-1 3.81734E-1 5.01688E-1 3.6086E-1 6.24249E-1 5.93553E-1 4.37944E-1 5.61975E-1 6.59202E-1 7.34924E-1 7.79679E-1 7.99709E-1 8.2259E-1 8.1486E-1 7.83103E-1 8.78775E-1 8.19439E-1 6.80418E-1 7.17523E-1 7.17948E-1 7.79908E-1 8.42827E-1 7.48496E-1 8.24339E-1 8.56723E-1 5.444E-1 7.28934E-1 7.21084E-1 7.5373E-1 7.20762E-1 7.44302E-1 6.6831E-1 6.90465E-1 4.36328E-1 7.46567E-1 6.15207E-1 7.73014E-1 7.98164E-1 7.86468E-1 7.52802E-1 7.38847E-1 7.06589E-1 7.06273E-1 7.23044E-1 7.31644E-1 6.54761E-1 6.36424E-1
6.58112E-1 5.34632E-1 3.70058E-1 3.34669E-1 2.65598E-1 2.32E-1 3.31919E-1 4.00751E-1 2.69038E-1 2.66269E-1 3.86147E-1 4.46438E-1 4.08326E-1 3.52944E-1 4.80893E-1 4.62734E-1 3.05915E-1 3.56201E-1 3.45484E-1 4.0532E-1 4.50933E-1 4.55146E-1 4.95602E-1 5.33186E-1 6.04389E-1 7.40311E-1 7.25083E-1 7.41183E-1 7.16232E-1 6.61165E-1 6.42974E-1 6.76428E-1 6.95929E-1 4.89764E-1 6.00783E-1 6.14434E-1 6.11509E-1 4.98796E-1 6.02171E-1 6.27982E-1 6.70951E-1 6.65904E-1 6.55556E-1 6.0124E-1 5.85872E-1 6.61976E-1 7.40921E-1 7.02882E-1 6.4246E-1 7.21037E-1 6.67536E-1 6.56674E-1 7.39818E-1 7.50956E-1 4.47409E-1 5.55005E-1 7.31166E-1 4.35551E-1 7.44477E-1 7.02607E-1
5.40031E-1 3.48002E-1 3.26606E-1 2.7467E-1 2.48092E-1 2.26432E-1 2.26715E-1 4.72197E-1 1.81786E-1 2.12763E-1 2.8989E-1 4.55058E-1 4.46303E-1 3.70058E-1 4.85942E-1 3.13531E-1 2.68515E-1 2.60163E-1 2.40037E-1 2.66762E-1 2.96041E-1 3.18514E-1 3.49853E-1 4.30856E-1 5.73763E-1 6.19018E-1 6.93521E-1 5.74078E-1 4.96645E-1 5.4431E-1 6.17039E-1 6.92254E-1 6.92116E-1 7.21671E-1 7.38361E-1 5.29456E-1 6.67209E-1 3.52152E-1 5.83936E-1 5.84033E-1 5.88761E-1 2.46875E-1 5.37467E-1 4.92697E-1 4.83041E-1 5.5573E-1 6.48167E-1 3.47178E-1 2.18325E-1 2.68986E-1 4.23991E-1 5.72177E-1 5.35178E-1 7.57877E-1 6.59995E-1 6.22155E-1 7.30826E-1 7.44407E-1 6.84027E-1 6.88394E-1
3.1643E-1 2.55553E-1 2.56079E-1 2.52474E-1 2.83497E-1 3.03376E-1 3.47299E-1 2.79997E-1 1.56456E-1 1.94068E-1 3.68362E-1 4.68633E-1 4.52214E-1 3.92244E-1 3.29238E-1 4.21326E-1 2.85621E-1 3.53952E-1 2.04286E-1 2.335E-1 2.51599E-1 2.82924E-1 3.21833E-1 4.17995E-1 4.90296E-1 6.79028E-1 6.44101E-1 6.32365E-1 4.7156E-1 5.18437E-1 5.88756E-1 6.18172E-1 6.28881E-1 6.64811E-1 5.90916E-1 5.66296E-1 5.17792E-1 4.70169E-1 4.77819E-1 5.04381E-1 2.75489E-1 4.12894E-1 4.57588E-1 3.54E-1 1.79943E-1 3.92801E-1 4.46828E-1 4.63803E-1 5.27641E-1 5.51961E-1 5.885E-1 4.57708E-1 5.31598E-1 3.63666E-1 7.21316E-1 5.85475E-1 6.65638E-1 6.74974E-1 6.83409E-1 5.80168E-1
3.14375E-1 2.79493E-1 2.15835E-1 2.38922E-1 3.00499E-1 3.57098E-1 4.67102E-1 2.15583E-1 1.77226E-1 1.72715E-1 2.8102E-1 2.53017E-1 2.86476E-1 2.98725E-1 2.60968E-1 3.61801E-1 3.70585E-1 3.43447E-1 1.92212E-1 2.15798E-1 2.51798E-1 2.88335E-1 3.1083E-1 3.29539E-1 3.36754E-1 6.37892E-1 3.74664E-1 5.3428E-1 3.8392E-1 4.52314E-1 4.92801E-1 5.06742E-1 5.23783E-1 4.19589E-1 3.93166E-1 4.48923E-1 5.18547E-1 5.18421E-1 4.83605E-1 5.13607E-1 4.84161E-1 2.87832E-1 5.31494E-1 4.18977E-1 3.87938E-1 4.6506E-1 4.89057E-1 5.10569E-1 5.24232E-1 5.0765E-1 5.2257E-1 5.20939E-1 4.63035E-1 6.05468E-1 6.80143E-1 6.47206E-1 5.59938E-1 6.09314E-1 5.69876E-1 5.03606E-1
3.00904E-1 2.6885E-1 3.00976E-1 2.50611E-1 2.35361E-1 4.24638E-1 2.26168E-1 1.98758E-1 1.93546E-1 1.66814E-1 1.74855E-1 2.90274E-1 3.21858E-1 3.15956E-1 2.70834E-1 2.11801E-1 1.98659E-1 3.34797E-1 1.8389E-1 2.2211E-1 2.45541E-1 2.50996E-1 2.4764E-1 2.60051E-1 3.66876E-1 4.27785E-1 4.27424E-1 2.66036E-1 2.91315E-1 3.39359E-1 3.41028E-1 3.69782E-1 3.84344E-1 3.66339E-1 3.99885E-1 4.38796E-1 4.69116E-1 1.96925E-1 4.67498E-1 2.74624E-1 5.14525E-1 3.49833E-1 4.00148E-1 4.68936E-1 4.7141E-1 5.14313E-1 2.6611E-1 4.76184E-1 4.97631E-1 5.13147E-1 4.69588E-1 4.52592E-1 4.75502E-1 4.35514E-1 6.1552E-1 6.07856E-1 6.00509E-1 4.92964E-1 4.4765E-1 5.47916E-1
2.96667E-1 3.27229E-1 3.42086E-1 3.19633E-1 2.62864E-1 3.03522E-1 2.27775E-1 2.04922E-1 1.87641E-1 2.11966E-1 2.37342E-1 1.33113E-1 2.17545E-1 2.46696E-1 2.81537E-1 2.66761E-1 2.64984E-1 3.78778E-1 2.53231E-1 2.03878E-1 1.96196E-1 1.94124E-1 1.9957E-1 2.08462E-1 2.26927E-1 3.50226E-1 3.39027E-1 3.21611E-1 2.05298E-1 2.35347E-1 2.89007E-1 3.0818E-1 3.75773E-1 3.97438E-1 4.14935E-1 4.3762E-1 4.64473E-1 5.20251E-1 4.60782E-1 4.03339E-1 5.07066E-1 5.00413E-1 5.12886E-1 4.6853E-1 5.11921E-1 4.66743E-1 5.22622E-1 5.39842E-1 1.78367E-1 5.20801E-1 4.93041E-1 4.93948E-1 5.15098E-1 5.11304E-1 4.79959E-1 6.45034E-1 4.76303E-1 5.65555E-1 4.85333E-1 2.14885E-1
-9999 -9999 -9999 2.65688E-1 3.25379E-1 2.45814E-1 2.74015E-1 2.53625E-1 2.39392E-1 2.94129E-1 2.11256E-1 1.46565E-1 1.54989E-1 1.98184E-1 2.32913E-1 2.51481E-1 2.9928E-1 3.48083E-1 3.2826E-1 3.02491E-1 2.53688E-1 2.08329E-1 1.76561E-1 1.7553E-1 1.77233E-1 2.06938E-1 2.5189E-1 2.24683E-1 2.99043E-1 1.93919E-1 2.37992E-1 2.721E-1 3.79161E-1 4.63621E-1 5.10158E-1 4.85428E-1 4.43631E-1 4.46265E-1 5.3247E-1 5.80056E-1 5.26452E-1 4.96514E-1 5.58575E-1 5.40756E-1 4.44847E-1 1.72476E-1 4.78322E-1 5.12818E-1 5.32743E-1 5.61928E-1 5.52149E-1 5.36836E-1 4.1125E-1 2.01137E-1 3.01691E-1 1.83872E-1 6.4847E-1 6.61365E-1 4.05846E-1 4.3182E-1
-9999 -9999 -9999 -9999 2.93754E-1 3.30969E-1 3.6446E-1 3.30722E-1 2.66355E-1 2.41705E-1 1.61621E-1 1.13032E-1 1.21627E-1 1.9629E-1 2.21812E-1 2.54637E-1 2.5687E-1 2.92898E-1 2.76553E-1 2.64567E-1 2.61343E-1 2.70305E-1 2.41334E-1 2.11842E-1 1.77221E-1 1.897E-1 2.00751E-1 1.70721E-1 2.43549E-1 2.45192E-1 2.18854E-1 2.70788E-1 3.76374E-1 4.39234E-1 4.33125E-1 4.19289E-1 4.25454E-1 4.48039E-1 5.11859E-1 5.53215E-1 2.13693E-1 5.34243E-1 4.16343E-1 3.93957E-1 4.43548E-1 4.28153E-1 2.67803E-1 5.42635E-1 5.41085E-1 2.15948E-1 4.67781E-1 3.06894E-1 5.26118E-1 5.27256E-1 -9999 -9999 -9999 -9999 -9999 -9999
-9999 -9999 -9999 -9999 -9999 -9999 3.68343E-1 3.32924E-1 2.62024E-1 1.94566E-1 1.37258E-1 9.79455E-2 9.9272E-2 1.33753E-1 2.22759E-1 1.52358E-1 3.50028E-1 2.36467E-1 2.12474E-1 2.28234E-1 2.4043E-1 2.1732E-1 2.18902E-1 2.0997E-1 1.8614E-1 1.74194E-1 1.9795E-1 1.6149E-1 1.88873E-1 2.21857E-1 2.57979E-1 3.22431E-1 3.82305E-1 4.29709E-1 4.63516E-1 4.51329E-1 4.41464E-1 4.55845E-1 1.72673E-1 6.19645E-1 4.81234E-1 5.66577E-1 4.13464E-1 3.61869E-1 3.76601E-1 4.61954E-1 6.13803E-1 3.63367E-1 4.92556E-1 5.23572E-1 5.33016E-1 -9999 -9999 -9999 -9999 -9999 -9999 -9999 -9999 -9999
-9999 -9999 -9999 -9999 -9999 -9999 -9999 -9999 2.24547E-1 1.23138E-1 1.2235E-1 4.48631E-2 4.92577E-2 5.78401E-2 7.8101E-2 1.52164E-1 2.05137E-1 2.13019E-1 1.56642E-1 1.8361E-1 2.28438E-1 1.96076E-1 2.01267E-1 2.02385E-1 1.88415E-1 1.68116E-1 2.15264E-1 2.07793E-1 1.98838E-1 2.34898E-1 2.75426E-1 3.48381E-1 4.22282E-1 4.88511E-1 5.15488E-1 5.07618E-1 4.87677E-1 4.75588E-1 4.60834E-1 5.51389E-1 5.90975E-1 5.74505E-1 5.11221E-1 4.41311E-1 4.13637E-1 4.74178E-1 6.33726E-1 6.71004E-1 5.01189E-1 -9999 -9999 -9999 -9999 -9999 -9999 -9999 -9999 -9999 -9999 -9999
