Phytophthora/models/20240506_1402_44/Phytophthora_PA3_RUN5_MAXENT_outputs/Phytophthora_PA3_RUN5.asc
ncols         225
nrows         269
xllcorner     473009.9838
yllcorner     4429051.1748
cellsize      50.0
NODATA_value  -9999
[rows 182 to 207 of 269, columns 120 to 179 of 225]
2.86171E-1 2.45644E-1 2.10282E-1 3.05969E-1 3.18549E-1 2.15907E-1 2.05606E-1 2.04603E-1 1.94362E-1 1.95927E-1 1.9322E-1 2.18281E-1 2.59247E-1 2.91274E-1 3.20264E-1 3.33615E-1 3.56192E-1 4.32292E-1 4.66691E-1 5.56443E-1 3.67099E-1 5.555E-1 2.31224E-1 2.066E-1 3.07512E-1 2.17113E-1 1.79356E-1 1.31545E-1 1.15129E-1 9.23461E-2 1.01162E-1 1.4123E-1 8.72419E-2 9.33453E-2 1.73668E-1 1.94389E-1 1.37577E-1 2.10735E-1 1.883E-1 1.92802E-1 2.27274E-1 2.54788E-1 1.57085E-1 1.92245E-1 1.89616E-1 1.75406E-1 8.09049E-2 1.57277E-1 2.92588E-1 2.19627E-1 1.95275E-1 1.66422E-1 1.69957E-1 1.75959E-1 1.59266E-1 1.49154E-1 1.9615E-1 2.34221E-1 2.09194E-1 1.43707E-1
1.86989E-1 1.76031E-1 2.33399E-1 1.08787E-1 3.32246E-1 2.30371E-1 2.19661E-1 2.31031E-1 1.95939E-1 2.09027E-1 2.23688E-1 2.44999E-1 2.67622E-1 2.98815E-1 3.24952E-1 3.59311E-1 3.99963E-1 4.29975E-1 4.48382E-1 5.72379E-1 2.51616E-1 4.1691E-1 3.01256E-1 1.1363E-1 3.24711E-1 2.6911E-1 2.08344E-1 1.54754E-1 1.21087E-1 1.45915E-1 1.60655E-1 9.02352E-2 9.60864E-2 9.23283E-2 9.94466E-2 2.71683E-1 2.47789E-1 1.65843E-1 2.30883E-1 2.62958E-1 2.76118E-1 2.90808E-1 1.80967E-1 1.35151E-1 1.15026E-1 1.20663E-1 1.85511E-1 1.66405E-1 1.89805E-1 1.48813E-1 1.36099E-1 1.33548E-1 1.85301E-1 1.91234E-1 1.841E-1 1.72817E-1 1.61261E-1 1.56785E-1 1.74876E-1 1.77975E-1
2.23265E-1 1.78164E-1 1.43025E-1 1.66363E-1 1.95812E-1 2.31863E-1 2.3656E-1 2.30659E-1 2.01456E-1 2.37294E-1 2.66074E-1 2.75807E-1 2.94831E-1 3.08982E-1 3.26547E-1 3.57762E-1 4.09412E-1 4.45139E-1 4.26429E-1 1.28614E-1 3.63209E-1 2.82302E-1 1.96721E-1 3.02079E-1 1.09126E-1 3.03279E-1 2.17193E-1 1.74836E-1 1.34795E-1 1.2469E-1 1.89289E-1 1.18069E-1 8.63576E-2 9.62144E-2 1.04614E-1 2.5535E-1 2.87854E-1 2.53297E-1 3.0208E-1 3.25097E-1 3.19429E-1 3.51878E-1 2.53123E-1 5.08447E-2 1.70501E-1 1.42899E-1 2.06921E-1 2.05086E-1 1.54654E-1 1.23119E-1 1.34322E-1 1.97186E-1 2.76118E-1 2.24427E-1 2.16305E-1 2.13796E-1 2.1508E-1 1.98676E-1 1.94608E-1 1.93392E-1
2.22784E-1 1.99551E-1 1.78934E-1 1.90958E-1 8.73009E-2 2.73626E-1 2.56422E-1 2.33919E-1 2.31109E-1 2.83802E-1 2.93986E-1 3.01523E-1 3.44243E-1 3.37875E-1 3.42346E-1 3.65482E-1 4.06749E-1 4.5007E-1 4.44076E-1 1.87173E-1 2.61399E-1 2.56579E-1 1.84307E-1 1.72608E-1 3.07636E-1 2.35181E-1 1.67278E-1 1.54021E-1 1.31261E-1 1.22912E-1 1.93132E-1 2.5786E-1 2.49819E-1 1.76448E-1 1.6583E-1 2.10078E-1 2.60735E-1 1.59355E-1 3.48935E-1 3.70759E-1 3.54678E-1 3.58497E-1 3.35502E-1 1.01431E-1 2.25408E-1 2.00868E-1 1.98485E-1 1.45577E-1 1.31811E-1 1.18634E-1 1.48021E-1 2.20878E-1 2.3865E-1 2.4265E-1 2.72447E-1 2.86335E-1 2.82734E-1 2.54451E-1 2.34975E-1 1.92913E-1
2.17598E-1 1.92674E-1 1.83944E-1 2.19622E-1 3.14376E-1 3.50489E-1 2.64661E-1 2.6506E-1 2.67125E-1 3.13835E-1 3.0585E-1 3.34996E-1 3.97756E-1 3.6274E-1 3.56862E-1 3.89085E-1 4.30009E-1 3.85986E-1 2.74677E-1 4.46081E-1 3.10448E-1 2.49613E-1 1.82711E-1 1.38025E-1 1.58221E-1 2.04471E-1 1.96997E-1 1.56597E-1 1.17778E-1 1.22831E-1 2.02761E-1 2.79089E-1 2.67901E-1 2.56288E-1 2.64484E-1 3.09547E-1 3.81984E-1 3.99824E-1 4.12353E-1 4.06566E-1 4.13596E-1 2.10747E-1 3.74526E-1 8.77409E-2 2.33373E-1 2.36831E-1 1.41603E-1 1.22245E-1 1.24792E-1 1.40482E-1 1.86964E-1 2.16489E-1 2.53566E-1 2.85263E-1 3.28351E-1 3.55061E-1 3.44729E-1 3.00518E-1 2.82702E-1 2.23869E-1
2.4567E-1 1.73844E-1 1.63568E-1 1.81018E-1 3.46682E-1 2.74486E-1 2.80019E-1 2.95751E-1 2.92228E-1 3.34676E-1 3.32098E-1 3.69247E-1 4.38708E-1 4.00538E-1 3.92396E-1 4.16425E-1 4.44598E-1 5.79718E-1 4.88876E-1 3.08415E-1 3.36325E-1 2.39544E-1 1.69508E-1 1.30984E-1 1.09838E-1 1.52983E-1 1.46544E-1 1.6242E-1 1.18285E-1 1.38305E-1 2.38181E-1 3.13816E-1 2.60942E-1 2.95046E-1 3.07636E-1 3.8329E-1 3.30531E-1 5.08127E-1 4.83967E-1 5.05731E-1 4.81122E-1 1.36768E-1 3.81074E-1 2.623E-1 1.83571E-1 1.74726E-1 1.46234E-1 1.26676E-1 1.3113E-1 1.78046E-1 2.11865E-1 2.40695E-1 2.73418E-1 3.19424E-1 3.91974E-1 4.34734E-1 3.7964E-1 2.0968E-1 2.98173E-1 3.03464E-1
2.56959E-1 2.02827E-1 1.62014E-1 1.77672E-1 1.95424E-1 1.3528E-1 2.11533E-1 2.48065E-1 2.58196E-1 3.00914E-1 3.08751E-1 3.43615E-1 4.3003E-1 3.89773E-1 3.75896E-1 3.79135E-1 3.90327E-1 4.32061E-1 4.28867E-1 4.39918E-1 3.09308E-1 2.41924E-1 1.88012E-1 1.52869E-1 1.17034E-1 1.25738E-1 1.4571E-1 1.58349E-1 1.35338E-1 1.59926E-1 2.5357E-1 2.83589E-1 2.67898E-1 2.89166E-1 2.89167E-1 3.45762E-1 3.9405E-1 4.25023E-1 3.90131E-1 3.71575E-1 3.75292E-1 2.16604E-1 3.19136E-1 2.66097E-1 1.89042E-1 1.51501E-1 1.37181E-1 1.34637E-1 1.56793E-1 1.99862E-1 2.27749E-1 2.59667E-1 2.81146E-1 3.10886E-1 4.01007E-1 4.39216E-1 3.74689E-1 3.08827E-1 3.35398E-1 2.93855E-1
7.2985E-2 2.18329E-1 1.74225E-1 1.70621E-1 1.68406E-1 1.74129E-1 9.13805E-2 2.1685E-1 2.28889E-1 2.70748E-1 2.93046E-1 3.26065E-1 4.20303E-1 3.69747E-1 3.64156E-1 3.50386E-1 1.31846E-1 5.09107E-1 3.26206E-1 3.67137E-1 2.82885E-1 2.24624E-1 1.82787E-1 1.56051E-1 1.29426E-1 2.01268E-1 1.32677E-1 1.92324E-1 1.45639E-1 1.80213E-1 2.33261E-1 2.52004E-1 2.85058E-1 2.78012E-1 2.93449E-1 3.14449E-1 3.38799E-1 3.57954E-1 2.99327E-1 3.03217E-1 2.91415E-1 2.40919E-1 3.36597E-1 7.93043E-2 2.01669E-1 1.67706E-1 1.54979E-1 1.52529E-1 1.77885E-1 2.15944E-1 2.39233E-1 2.8168E-1 2.91211E-1 3.10653E-1 3.92169E-1 3.94343E-1 3.62422E-1 3.10451E-1 3.14869E-1 3.08503E-1
1.73031E-1 2.10965E-1 1.23152E-1 1.43438E-1 1.45649E-1 1.6305E-1 1.56622E-1 2.12767E-1 2.0664E-1 2.38044E-1 2.67267E-1 3.15101E-1 3.88087E-1 3.56835E-1 3.48048E-1 2.16931E-1 3.93064E-1 4.67022E-1 3.91335E-1 3.18124E-1 2.7049E-1 2.26264E-1 1.96181E-1 1.80541E-1 2.04193E-1 1.9684E-1 1.40323E-1 1.57352E-1 1.63662E-1 2.12568E-1 2.53722E-1 2.56518E-1 2.52672E-1 2.60715E-1 2.98044E-1 3.11629E-1 3.09876E-1 3.18516E-1 3.01022E-1 3.10244E-1 3.1321E-1 3.00447E-1 2.82141E-1 2.9078E-1 7.44157E-2 1.71266E-1 1.4138E-1 1.67576E-1 1.89379E-1 2.29546E-1 2.52699E-1 3.02948E-1 2.91844E-1 2.99416E-1 3.89248E-1 3.62575E-1 4.07103E-1 2.81127E-1 2.89245E-1 2.95367E-1
1.86127E-1 2.6976E-1 1.71167E-1 1.76637E-1 1.74136E-1 1.6827E-1 2.61261E-1 3.33466E-1 1.81314E-1 2.04782E-1 2.42817E-1 2.8007E-1 2.53072E-1 8.54701E-2 4.23719E-2 1.46629E-1 1.14225E-1 2.26846E-1 2.60692E-1 2.47883E-1 2.33096E-1 2.21658E-1 2.11549E-1 2.08209E-1 2.19959E-1 2.16033E-1 1.7741E-1 1.92733E-1 2.2094E-1 2.58423E-1 2.58692E-1 2.47183E-1 2.36134E-1 2.44297E-1 2.78288E-1 3.00851E-1 3.1863E-1 3.22111E-1 3.3157E-1 3.18315E-1 3.01844E-1 2.95799E-1 2.86704E-1 2.93801E-1 2.19694E-1 5.20472E-2 8.14696E-2 1.34685E-1 1.76353E-1 2.19321E-1 2.56526E-1 3.03699E-1 2.9522E-1 2.76596E-1 3.77794E-1 3.33117E-1 4.16699E-1 1.96327E-1 2.93655E-1 2.89889E-1
2.54901E-1 3.62932E-1 3.44074E-1 2.25941E-1 2.13079E-1 1.98345E-1 2.27631E-1 3.03292E-1 1.96184E-1 1.75135E-1 1.08995E-1 3.90608E-2 1.28169E-1 1.06881E-1 2.29108E-1 1.81006E-1 1.94364E-1 2.08041E-1 2.38711E-1 2.45882E-1 2.47063E-1 2.50228E-1 2.53536E-1 2.67125E-1 2.71049E-1 2.65817E-1 2.56569E-1 2.97417E-1 2.85899E-1 3.10771E-1 2.99274E-1 2.81061E-1 2.61365E-1 2.68894E-1 2.96734E-1 3.1272E-1 3.3308E-1 3.33722E-1 3.42687E-1 3.21581E-1 2.97456E-1 2.95948E-1 2.72432E-1 2.29475E-1 2.54355E-1 1.76586E-1 1.7174E-1 2.02479E-1 2.25018E-1 1.29732E-1 1.43707E-1 1.35656E-1 5.04287E-2 8.49001E-2 3.99319E-1 3.04894E-1 2.88441E-1 2.74892E-1 2.81874E-1 3.13838E-1
2.3029E-1 3.1209E-1 2.11255E-1 2.39E-1 2.05997E-1 1.85766E-1 1.95895E-1 3.15575E-1 1.51647E-1 5.2249E-2 1.22693E-1 1.19457E-1 1.13347E-1 9.8577E-2 1.49353E-1 2.06418E-1 1.58646E-1 2.43389E-1 3.76232E-1 3.15622E-1 3.40414E-1 3.53365E-1 3.61304E-1 3.34747E-1 2.99602E-1 2.88647E-1 3.27292E-1 3.69589E-1 3.40834E-1 3.17395E-1 2.98082E-1 2.85521E-1 2.82681E-1 2.96016E-1 3.16575E-1 3.31397E-1 3.55195E-1 3.54854E-1 3.33756E-1 2.95037E-1 2.73539E-1 2.43795E-1 1.93932E-1 1.98683E-1 1.78033E-1 1.74932E-1 1.53458E-1 2.21988E-1 2.01654E-1 2.28462E-1 2.94765E-1 3.64936E-1 3.85747E-1 2.25754E-1 3.23496E-1 3.74484E-1 2.71874E-1 2.38854E-1 2.76583E-1 4.11836E-1
2.06586E-1 2.35578E-1 2.25641E-1 2.37159E-1 1.97772E-1 1.76326E-1 1.80008E-1 2.95783E-1 2.65206E-1 1.64511E-1 1.24042E-1 1.07997E-1 1.0442E-1 9.33164E-2 1.61914E-1 1.05166E-1 3.28667E-1 1.29849E-1 8.1749E-2 2.53359E-1 3.8459E-1 4.08673E-1 3.29068E-1 2.79695E-1 2.72075E-1 3.17903E-1 3.60042E-1 4.2489E-1 3.89711E-1 3.50582E-1 3.18114E-1 2.80641E-1 3.0269E-1 3.3209E-1 3.53164E-1 3.49135E-1 3.74526E-1 3.88884E-1 3.87749E-1 3.50835E-1 3.18742E-1 2.67213E-1 2.15736E-1 1.82842E-1 1.37239E-1 1.12477E-1 1.22881E-1 1.53619E-1 1.88689E-1 2.32064E-1 1.97568E-1 2.88359E-1 2.2994E-1 1.19898E-1 2.95686E-1 3.68525E-1 2.44796E-1 2.15353E-1 2.24273E-1 3.07378E-1
2.05947E-1 2.0963E-1 2.2239E-1 1.91028E-1 1.75281E-1 1.70186E-1 1.87748E-1 1.5231E-1 8.58628E-2 1.512E-1 1.38971E-1 1.18499E-1 1.06582E-1 1.08768E-1 1.87501E-1 1.32881E-1 9.59305E-2 2.18139E-1 2.4665E-1 2.65088E-1 1.27087E-1 3.53855E-1 3.93592E-1 3.32219E-1 3.09849E-1 3.70384E-1 4.38325E-1 4.74118E-1 4.23619E-1 3.77585E-1 3.30617E-1 3.0554E-1 3.22122E-1 3.44578E-1 3.84849E-1 3.49438E-1 3.54448E-1 3.62393E-1 3.45914E-1 3.2865E-1 2.86765E-1 2.3747E-1 1.93763E-1 1.58136E-1 1.33152E-1 1.21384E-1 1.38524E-1 1.25854E-1 1.32138E-1 1.82629E-1 2.166E-1 2.05834E-1 2.58646E-1 1.60201E-1 3.32425E-1 3.19014E-1 2.10936E-1 1.72188E-1 1.52196E-1 1.55508E-1
2.33061E-1 1.96868E-1 1.87957E-1 9.74795E-2 1.74492E-1 1.65163E-1 1.81897E-1 1.75727E-1 7.3477E-2 1.63708E-1 1.35833E-1 1.18309E-1 1.02646E-1 1.11637E-1 1.95589E-1 1.69819E-1 2.73127E-1 1.57402E-1 1.86552E-1 1.79438E-1 2.53044E-1 3.41296E-1 4.00415E-1 3.78664E-1 3.49054E-1 4.22863E-1 4.75711E-1 5.13886E-1 4.44558E-1 4.06746E-1 3.59715E-1 3.39851E-1 3.35796E-1 3.48318E-1 1.80297E-1 1.59805E-1 2.50964E-1 3.50807E-1 3.60982E-1 3.45932E-1 3.18826E-1 2.76143E-1 2.57424E-1 2.65762E-1 2.40686E-1 2.30399E-1 7.3945E-2 1.93895E-1 2.03981E-1 2.76989E-1 1.95497E-1 1.08497E-1 2.35184E-1 8.31093E-2 3.48795E-1 2.82904E-1 2.01131E-1 1.49741E-1 1.70481E-1 1.55508E-1
2.17994E-1 1.77557E-1 1.84871E-1 1.81637E-1 1.76792E-1 1.73665E-1 1.90606E-1 2.19207E-1 1.03432E-1 2.12996E-1 1.78109E-1 1.70357E-1 1.47118E-1 1.41285E-1 1.42428E-1 2.30821E-1 1.20028E-1 1.37876E-1 1.28197E-1 2.25886E-1 2.16875E-1 2.63954E-1 3.64628E-1 3.67231E-1 3.92993E-1 4.68763E-1 5.1839E-1 5.15273E-1 4.63113E-1 4.44813E-1 4.01103E-1 3.7066E-1 3.33648E-1 1.09335E-1 3.4427E-1 3.4154E-1 3.5537E-1 3.40209E-1 2.94857E-1 2.96468E-1 2.46076E-1 3.36776E-1 3.38028E-1 1.70479E-1 2.11574E-1 2.70548E-1 2.96086E-1 3.25263E-1 3.32744E-1 2.33295E-1 2.24133E-1 3.29571E-1 3.8483E-1 3.43683E-1 7.08179E-2 2.44333E-1 1.74906E-1 2.10476E-1 2.01848E-1 1.62E-1
3.34829E-1 2.68947E-1 8.99944E-2 1.49459E-1 4.32434E-2 1.7093E-1 1.79239E-1 2.60543E-1 3.08376E-1 2.90725E-1 2.60123E-1 2.04033E-1 1.57695E-1 1.45465E-1 1.29949E-1 1.2452E-1 1.36151E-1 1.39661E-1 1.68114E-1 1.88645E-1 2.0802E-1 2.08776E-1 2.48924E-1 2.79608E-1 3.76676E-1 4.99412E-1 5.12743E-1 5.3992E-1 5.1023E-1 4.98578E-1 4.2942E-1 2.13739E-1 3.73298E-1 3.33645E-1 3.42763E-1 3.26064E-1 3.16954E-1 2.96099E-1 2.68997E-1 3.06663E-1 2.44042E-1 3.9913E-1 2.28313E-1 2.20423E-1 1.00218E-1 2.53575E-1 3.15705E-1 6.55949E-2 2.07041E-1 2.45636E-1 2.98636E-1 3.04912E-1 3.12054E-1 3.47267E-1 2.0326E-1 1.83559E-1 1.79158E-1 2.14917E-1 1.85181E-1 1.76735E-1
1.20673E-1 1.8571E-1 1.82521E-1 1.87336E-1 1.73176E-1 1.67823E-1 1.60677E-1 5.73473E-2 1.31244E-1 1.93535E-1 1.67345E-1 1.47771E-1 1.27854E-1 1.26493E-1 1.16265E-1 1.12858E-1 1.16474E-1 1.23206E-1 1.824E-1 1.78253E-1 2.43277E-1 2.23439E-1 2.56347E-1 3.20917E-1 4.6026E-1 5.28152E-1 5.42328E-1 5.68261E-1 5.67297E-1 4.38286E-1 4.38883E-1 4.26616E-1 3.80951E-1 1.25061E-1 3.14079E-1 1.73284E-1 3.30313E-1 2.95696E-1 2.75121E-1 2.4045E-1 2.39566E-1 2.46762E-1 3.44088E-1 3.43684E-1 3.27946E-1 3.23058E-1 2.39484E-1 1.75438E-1 2.67692E-1 2.17401E-1 2.04459E-1 1.6606E-1 1.65333E-1 2.37413E-1 2.29279E-1 1.74494E-1 1.92297E-1 1.79664E-1 1.81379E-1 2.00895E-1
1.1925E-1 1.30347E-1 1.42647E-1 1.59633E-1 6.08392E-2 1.15605E-1 1.42385E-1 1.4535E-1 4.29309E-2 1.71529E-1 1.54156E-1 1.40143E-1 1.2543E-1 1.22486E-1 1.29358E-1 1.36397E-1 1.25182E-1 1.36386E-1 1.58222E-1 2.66873E-1 3.07945E-1 3.8396E-1 4.0337E-1 4.32209E-1 5.01031E-1 5.34486E-1 5.71622E-1 6.10944E-1 5.92197E-1 5.76177E-1 4.77407E-1 4.07367E-1 4.21494E-1 3.64896E-1 3.28673E-1 3.40335E-1 1.9051E-1 2.01937E-1 5.08499E-2 2.07447E-1 1.8312E-1 1.89989E-1 1.97103E-1 2.37897E-1 2.74426E-1 2.49515E-1 1.96736E-1 1.45718E-1 1.19316E-1 1.44296E-1 1.61851E-1 1.56051E-1 1.39767E-1 1.48402E-1 5.63583E-2 1.73191E-1 1.81134E-1 1.96866E-1 2.46986E-1 2.44364E-1
1.27081E-1 1.3358E-1 5.84052E-2 1.53572E-1 1.05444E-1 1.04307E-1 1.22614E-1 1.21957E-1 1.52976E-1 1.58171E-1 1.57523E-1 1.42228E-1 1.33436E-1 1.21519E-1 1.39714E-1 1.45132E-1 1.55697E-1 1.69707E-1 1.84892E-1 3.13687E-1 3.03646E-1 3.5234E-1 4.18117E-1 4.96539E-1 5.2955E-1 5.56816E-1 5.93002E-1 6.86141E-1 6.4898E-1 5.51365E-1 4.51588E-1 3.92514E-1 4.03574E-1 3.65485E-1 3.39398E-1 3.42204E-1 3.8226E-1 2.5357E-1 2.79927E-1 1.99742E-1 1.67493E-1 1.56467E-1 1.34864E-1 1.37434E-1 1.67748E-1 1.58632E-1 1.65899E-1 1.14092E-1 8.67495E-2 1.09604E-1 1.29545E-1 1.31784E-1 1.30483E-1 1.26238E-1 1.15446E-1 7.51326E-2 2.08017E-1 1.69892E-1 2.02388E-1 2.74025E-1
1.12743E-1 1.31837E-1 2.31578E-1 1.21646E-1 1.1449E-1 1.29776E-1 1.47704E-1 1.59954E-1 1.79406E-1 1.77682E-1 1.78256E-1 1.61038E-1 1.51523E-1 1.34091E-1 1.50339E-1 1.57926E-1 1.74142E-1 1.5793E-1 1.70375E-1 2.83765E-1 2.76262E-1 3.62511E-1 4.81642E-1 5.53065E-1 5.65573E-1 5.90168E-1 6.37124E-1 7.21773E-1 5.96977E-1 5.03426E-1 4.19194E-1 3.75978E-1 3.67876E-1 3.58539E-1 3.97602E-1 3.82305E-1 4.03901E-1 1.69516E-1 3.08317E-1 2.22399E-1 1.56529E-1 1.64168E-1 1.60096E-1 1.31368E-1 1.01773E-1 6.83848E-2 1.5226E-1 1.63624E-1 1.13835E-1 1.3133E-1 1.50801E-1 1.53744E-1 1.54918E-1 1.39908E-1 1.12857E-1 2.15971E-1 9.01851E-2 8.77989E-2 9.94086E-2 1.44345E-1
1.0093E-1 1.45806E-1 5.59412E-2 3.83845E-2 7.71884E-2 1.9419E-1 2.12145E-1 2.55309E-1 3.3938E-1 3.32903E-1 3.08996E-1 2.54731E-1 2.22461E-1 1.68313E-1 1.61704E-1 1.46542E-1 1.41367E-1 1.10103E-1 1.65018E-1 2.01813E-1 2.14909E-1 2.90846E-1 4.73091E-1 5.40295E-1 5.33482E-1 5.80775E-1 6.1479E-1 6.67021E-1 5.38135E-1 4.58941E-1 3.7317E-1 3.26058E-1 3.35156E-1 3.71973E-1 4.35504E-1 2.66537E-1 3.91902E-1 3.50337E-1 2.99127E-1 2.45747E-1 2.02636E-1 1.96619E-1 2.19741E-1 1.78613E-1 1.54072E-1 1.36824E-1 1.91906E-1 2.08196E-1 1.81504E-1 1.71864E-1 1.82085E-1 1.83751E-1 1.87623E-1 1.70052E-1 1.47755E-1 1.83442E-1 2.02933E-1 1.62616E-1 2.08134E-1 2.39243E-1
1.18246E-1 4.50873E-2 1.03105E-1 9.97225E-2 1.62614E-1 1.87274E-1 1.71474E-1 8.87294E-2 7.25122E-2 2.45279E-1 2.4318E-1 2.512E-1 2.51542E-1 2.12272E-1 1.73548E-1 1.26638E-1 1.03851E-1 1.00106E-1 1.26229E-1 1.39876E-1 1.89609E-1 3.42309E-1 4.80995E-1 5.12304E-1 4.91593E-1 5.69689E-1 5.94224E-1 5.94545E-1 4.50217E-1 3.88787E-1 3.08216E-1 2.99108E-1 3.27673E-1 3.84813E-1 4.69592E-1 3.17596E-1 3.90626E-1 3.09135E-1 2.43007E-1 2.24017E-1 2.48134E-1 2.2339E-1 2.27356E-1 1.34218E-1 1.97875E-1 1.94795E-1 1.7636E-1 6.87619E-2 1.75196E-1 2.0417E-1 2.10512E-1 2.05854E-1 2.0498E-1 1.90667E-1 1.74622E-1 2.32626E-1 1.79317E-1 8.43425E-2 1.22959E-1 1.72734E-1
1.36033E-1 1.19883E-1 1.0174E-1 9.49607E-2 1.11369E-1 2.03585E-1 1.18665E-1 2.131E-1 1.85587E-1 1.9063E-1 1.91611E-1 2.07681E-1 2.06236E-1 1.69612E-1 1.36364E-1 1.06692E-1 8.32709E-2 1.14699E-1 1.23465E-1 1.45142E-1 1.78922E-1 3.87471E-1 4.31009E-1 4.87015E-1 4.93306E-1 5.14808E-1 5.26201E-1 4.85163E-1 3.88816E-1 3.30711E-1 2.88989E-1 2.86194E-1 3.23631E-1 3.74925E-1 5.06548E-1 3.95045E-1 3.93297E-1 3.00032E-1 2.3843E-1 2.29411E-1 2.10915E-1 1.32676E-1 7.42532E-2 2.77734E-1 2.67565E-1 2.13409E-1 2.10705E-1 2.0608E-1 2.04082E-1 2.14935E-1 1.63759E-1 2.34782E-1 2.4741E-1 2.27649E-1 2.0667E-1 9.08147E-2 1.10345E-1 9.43889E-2 1.34445E-1 1.93265E-1
1.27984E-1 1.15963E-1 1.07398E-1 1.06892E-1 1.8943E-1 7.35359E-2 1.09548E-1 2.3623E-1 2.20899E-1 2.09996E-1 1.84925E-1 1.68006E-1 1.59151E-1 1.39589E-1 1.17642E-1 9.81106E-2 8.34872E-2 1.23952E-1 1.232E-1 1.6185E-1 1.97941E-1 3.57676E-1 3.70288E-1 4.51451E-1 4.90406E-1 5.01375E-1 4.98731E-1 4.17097E-1 3.38213E-1 3.10982E-1 2.83051E-1 2.7796E-1 3.06759E-1 3.46529E-1 4.87368E-1 4.67603E-1 4.32442E-1 3.04751E-1 2.65425E-1 2.66429E-1 4.48237E-2 2.19279E-1 2.25795E-1 2.56095E-1 3.25792E-1 2.50843E-1 2.15772E-1 2.08107E-1 1.88222E-1 1.93157E-1 2.1091E-1 2.16962E-1 2.39673E-1 2.65861E-1 7.3888E-2 1.40565E-1 1.04399E-1 1.10798E-1 1.43123E-1 2.07177E-1
1.24828E-1 1.18593E-1 1.06911E-1 1.05461E-1 5.53601E-2 8.55715E-2 9.90056E-2 1.08224E-1 2.73764E-1 1.63682E-1 1.68388E-1 1.61651E-1 1.50006E-1 1.30662E-1 1.17209E-1 1.00359E-1 9.31993E-2 1.17945E-1 1.34344E-1 1.67812E-1 2.06486E-1 3.40193E-1 3.40907E-1 4.32847E-1 4.7344E-1 4.92952E-1 4.2991E-1 4.58538E-1 3.63646E-1 2.93548E-1 2.73352E-1 2.75135E-1 2.975E-1 3.1883E-1 4.40558E-1 4.57531E-1 4.3541E-1 2.94476E-1 2.81871E-1 2.82302E-1 2.51827E-1 2.02109E-1 2.05827E-1 2.28447E-1 3.045E-1 3.03545E-1 2.2106E-1 2.0343E-1 1.80788E-1 1.78429E-1 1.96174E-1 1.83993E-1 1.44996E-1 1.11375E-1 1.22564E-1 1.50822E-1 1.24904E-1 1.16919E-1 1.46578E-1 2.36633E-1
