Phytophthora/models/20240506_1402_44/Phytophthora_PA3_RUN5_MAXENT_outputs/Phytophthora_PA3_RUN5.asc
ncols         225
nrows         269
xllcorner     473009.9838
yllcorner     4429051.1748
cellsize      50.0
NODATA_value  -9999
[rows 208 to 233 of 269, columns 60 to 119 of 225]
2.57551E-1 5.93853E-1 5.84623E-1 3.36524E-1 4.47694E-1 4.03405E-1 1.35685E-1 1.25775E-1 2.14468E-1 3.29218E-1 2.93524E-1 3.57023E-1 4.6524E-1 5.43429E-1 5.3312E-1 4.9106E-1 5.4218E-1 4.26733E-1 4.04236E-1 3.69661E-1 1.36559E-1 4.22423E-1 4.90316E-1 4.78766E-1 4.77548E-1 6.30192E-1 6.4582E-1 6.43429E-1 6.82844E-1 6.01957E-1 5.44681E-1 2.84793E-1 3.26219E-1 3.46068E-1 2.97272E-1 2.33946E-1 1.61414E-1 1.31734E-1 1.15149E-1 1.20616E-1 1.16878E-1 1.17469E-1 1.09314E-1 9.15753E-2 9.92349E-2 1.6374E-1 4.12736E-1 3.29062E-1 3.1008E-1 3.20079E-1 2.87882E-1 2.42415E-1 1.92941E-1 1.85735E-1 2.5257E-1 1.6517E-1 2.2743E-1 1.78801E-1 1.28288E-1 1.10964E-1
4.8602E-1 5.0948E-1 6.1809E-1 6.34916E-1 3.31396E-1 6.16504E-1 3.72318E-1 2.21138E-1 2.07423E-1 2.62144E-1 3.1016E-1 5.09022E-1 4.39172E-1 2.54674E-1 4.62269E-1 3.78716E-1 4.65821E-1 3.6543E-1 3.21656E-1 2.65573E-1 2.64169E-1 4.57711E-1 3.95805E-1 3.46364E-1 4.37067E-1 6.21713E-1 5.77185E-1 6.39758E-1 5.89733E-1 5.31129E-1 5.012E-1 6.18721E-1 4.29184E-1 3.25025E-1 2.64252E-1 2.14736E-1 1.57161E-1 1.26693E-1 1.19366E-1 1.343E-1 1.34987E-1 1.38868E-1 1.36234E-1 1.31275E-1 1.58343E-1 1.76875E-1 2.05383E-1 2.9732E-1 2.44494E-1 3.45262E-1 2.65278E-1 2.33533E-1 1.86085E-1 1.67551E-1 1.58329E-1 2.55565E-1 2.68846E-1 2.14447E-1 1.67758E-1 1.37792E-1
5.41411E-1 6.50405E-1 6.22462E-1 6.25302E-1 5.85082E-1 7.39289E-1 5.2819E-1 4.73367E-1 3.67595E-1 3.24148E-1 3.85915E-1 4.31E-1 3.50834E-1 4.00476E-1 4.30404E-1 3.05842E-1 3.56683E-1 3.42372E-1 2.30671E-1 2.2411E-1 2.56248E-1 1.78015E-1 3.69141E-1 3.80419E-1 4.29475E-1 5.57119E-1 5.96486E-1 5.77117E-1 4.92834E-1 4.8237E-1 5.11841E-1 5.60461E-1 5.2343E-1 1.78568E-1 4.20291E-1 3.38975E-1 2.17169E-1 1.66629E-1 1.68493E-1 1.76473E-1 1.91969E-1 2.02084E-1 1.99307E-1 2.01922E-1 1.9491E-1 1.64274E-1 2.19255E-1 4.4623E-1 5.5605E-1 3.25881E-1 3.46498E-1 2.34719E-1 2.01771E-1 1.84953E-1 1.8118E-1 3.78471E-1 3.46649E-1 2.28521E-1 2.07319E-1 1.97061E-1
3.13119E-1 6.48832E-1 6.15426E-1 6.0661E-1 5.23347E-1 7.02998E-1 4.92234E-1 4.33522E-1 3.85207E-1 3.64581E-1 3.41392E-1 3.2827E-1 3.08488E-1 2.58061E-1 3.7379E-1 3.58378E-1 2.296E-1 1.82107E-1 1.96949E-1 2.1311E-1 2.30631E-1 2.00753E-1 3.2942E-1 3.48612E-1 3.77603E-1 5.44224E-1 5.63771E-1 4.32418E-1 4.20324E-1 4.16745E-1 4.08996E-1 4.5416E-1 4.59784E-1 4.38346E-1 1.15565E-1 3.3631E-1 2.69778E-1 2.36002E-1 2.39498E-1 2.51171E-1 2.48529E-1 2.38586E-1 8.84141E-2 1.96526E-1 1.15126E-1 1.6817E-1 3.10777E-1 4.53115E-1 3.45484E-1 3.11602E-1 3.32797E-1 2.76298E-1 1.24094E-1 9.39823E-2 2.01124E-1 3.36764E-1 3.57709E-1 2.52097E-1 2.32451E-1 2.12206E-1
6.17069E-1 5.96639E-1 5.67467E-1 5.71502E-1 3.275E-1 5.61062E-1 3.9534E-1 3.76141E-1 3.57146E-1 3.01922E-1 2.88482E-1 2.71872E-1 2.48137E-1 2.12858E-1 2.30651E-1 3.07275E-1 1.40297E-1 7.79604E-2 1.99281E-1 2.0201E-1 2.26951E-1 2.49447E-1 2.78337E-1 3.41925E-1 3.59933E-1 5.48001E-1 5.38642E-1 3.94652E-1 3.51504E-1 3.47863E-1 3.73297E-1 3.94187E-1 4.02938E-1 3.68864E-1 3.76951E-1 1.2594E-1 2.93861E-1 2.88778E-1 3.09973E-1 3.362E-1 4.36087E-1 2.69171E-1 2.5024E-1 2.47031E-1 1.4521E-1 1.82175E-1 3.09351E-1 3.92932E-1 1.41351E-1 1.70705E-1 3.34087E-1 1.34399E-1 3.12621E-1 3.00609E-1 3.06168E-1 2.50861E-1 4.55329E-1 2.99283E-1 2.69811E-1 2.62677E-1
6.12832E-1 6.02303E-1 5.87901E-1 6.42255E-1 4.49177E-1 3.74145E-1 3.63808E-1 3.70061E-1 3.28884E-1 2.8944E-1 2.65663E-1 2.57644E-1 2.28496E-1 2.0877E-1 2.30845E-1 3.00215E-1 1.78129E-1 1.18517E-1 2.58659E-1 2.33599E-1 2.75319E-1 2.21458E-1 3.43979E-1 3.96818E-1 4.22401E-1 6.13734E-1 5.95904E-1 4.61183E-1 4.06868E-1 3.96213E-1 3.99378E-1 4.10937E-1 4.16585E-1 3.72651E-1 3.68897E-1 4.00782E-1 2.70669E-1 2.22929E-1 2.08988E-1 1.99048E-1 2.34844E-1 4.55801E-1 2.13876E-1 2.73823E-1 2.82358E-1 2.65652E-1 3.64082E-1 4.79142E-1 5.05976E-1 2.4932E-1 4.40098E-1 1.51827E-1 3.95136E-1 3.52479E-1 3.64427E-1 4.02566E-1 1.70306E-1 4.3885E-1 3.82565E-1 3.3433E-1
6.60521E-1 7.08294E-1 6.17213E-1 5.67852E-1 3.515E-1 3.31677E-1 3.33666E-1 3.34305E-1 3.14907E-1 2.74112E-1 2.32057E-1 2.33803E-1 2.23233E-1 2.15943E-1 2.22807E-1 1.30653E-1 2.90971E-1 2.77427E-1 2.85395E-1 2.749E-1 3.27305E-1 1.76399E-1 3.91737E-1 4.72561E-1 5.10072E-1 6.76381E-1 6.68688E-1 5.18638E-1 4.95377E-1 5.23434E-1 5.03353E-1 4.53702E-1 4.0501E-1 4.2434E-1 3.71863E-1 3.44863E-1 2.90728E-1 2.60857E-1 2.60622E-1 2.78431E-1 2.57342E-1 2.91032E-1 3.04697E-1 4.72786E-1 4.17145E-1 3.90963E-1 4.45974E-1 2.36566E-1 6.59594E-1 3.36173E-1 5.43647E-1 4.23393E-1 4.62092E-1 4.13904E-1 4.43169E-1 4.58526E-1 4.29175E-1 1.31033E-1 4.54797E-1 4.29626E-1
6.39436E-1 5.35157E-1 4.16269E-1 3.47361E-1 3.82635E-1 3.52047E-1 3.27884E-1 3.05567E-1 3.1404E-1 2.57869E-1 2.30615E-1 2.4838E-1 2.79584E-1 3.08424E-1 2.59449E-1 2.56226E-1 3.79114E-1 3.32183E-1 3.40271E-1 3.50493E-1 4.0835E-1 4.26687E-1 4.76062E-1 5.80468E-1 6.57403E-1 7.69286E-1 6.62108E-1 6.13202E-1 6.89909E-1 6.54354E-1 6.20203E-1 5.16463E-1 4.4853E-1 4.64024E-1 4.9147E-1 3.068E-1 2.94966E-1 3.11347E-1 3.65802E-1 4.34545E-1 4.84234E-1 5.14991E-1 4.61415E-1 5.81888E-1 5.25076E-1 4.89516E-1 5.03858E-1 5.99775E-1 7.42519E-1 6.49914E-1 5.65481E-1 5.78285E-1 5.50766E-1 5.04226E-1 4.95714E-1 4.62842E-1 4.30856E-1 4.01331E-1 4.02716E-1 3.95273E-1
3.91731E-1 3.49515E-1 3.61146E-1 3.85132E-1 3.89982E-1 3.30326E-1 3.46179E-1 3.09638E-1 3.47328E-1 2.80362E-1 2.70431E-1 2.75593E-1 2.55083E-1 1.98089E-1 2.23361E-1 2.82861E-1 4.24541E-1 2.91638E-1 4.58572E-1 4.31264E-1 5.07881E-1 5.86702E-1 5.88953E-1 7.06607E-1 8.12764E-1 5.11793E-1 7.28717E-1 7.22038E-1 6.41301E-1 7.68012E-1 6.81272E-1 6.61227E-1 6.54158E-1 6.18166E-1 6.49344E-1 5.37252E-1 4.15584E-1 4.3926E-1 5.04987E-1 5.50041E-1 5.58108E-1 5.61126E-1 4.97462E-1 6.01513E-1 5.76638E-1 5.86729E-1 6.25591E-1 6.25745E-1 3.88303E-1 6.79452E-1 6.73642E-1 6.31992E-1 6.2483E-1 5.83447E-1 5.35974E-1 4.89096E-1 5.15158E-1 5.26922E-1 4.52261E-1 4.15457E-1
4.07893E-1 4.27895E-1 4.10565E-1 3.9414E-1 3.84998E-1 1.46834E-1 3.17854E-1 3.05697E-1 4.26589E-1 3.786E-1 3.67783E-1 3.34376E-1 3.394E-1 2.35441E-1 2.40735E-1 2.70396E-1 3.48224E-1 1.84033E-1 4.61059E-1 4.42791E-1 5.94831E-1 6.56873E-1 6.83654E-1 8.1834E-1 8.53143E-1 7.95082E-1 7.80096E-1 6.82571E-1 8.41408E-1 8.10714E-1 8.16841E-1 8.02782E-1 7.82932E-1 7.30349E-1 6.71341E-1 6.85135E-1 6.44918E-1 5.64791E-1 5.73791E-1 6.06789E-1 6.43729E-1 6.76532E-1 6.59252E-1 3.64421E-1 6.722E-1 6.83882E-1 6.87829E-1 6.66435E-1 3.97679E-1 3.11046E-1 7.3456E-1 7.68143E-1 7.25534E-1 6.5451E-1 5.84811E-1 5.29777E-1 5.03766E-1 4.34608E-1 5.2699E-1 5.36805E-1
4.06866E-1 4.00746E-1 3.76831E-1 3.6806E-1 3.28921E-1 3.37197E-1 2.86586E-1 2.92667E-1 4.59641E-1 5.3048E-1 4.38867E-1 3.50324E-1 3.8273E-1 3.64449E-1 3.62958E-1 3.65653E-1 3.89274E-1 4.27961E-1 5.28175E-1 4.43155E-1 5.12492E-1 6.33416E-1 7.80649E-1 8.0722E-1 8.56323E-1 8.10289E-1 8.38549E-1 8.88219E-1 8.18769E-1 7.39253E-1 8.43392E-1 8.21199E-1 8.02402E-1 7.46307E-1 6.76896E-1 6.10741E-1 5.8303E-1 5.81123E-1 5.79283E-1 6.05814E-1 6.50786E-1 7.25252E-1 6.57192E-1 6.7634E-1 6.56895E-1 3.78642E-1 7.27924E-1 7.22027E-1 6.57219E-1 3.89011E-1 5.631E-1 6.5791E-1 6.66466E-1 6.41367E-1 6.13635E-1 5.72047E-1 5.6967E-1 2.69487E-1 4.3338E-1 4.41037E-1
3.78636E-1 3.93808E-1 3.74341E-1 3.71666E-1 3.28732E-1 3.16191E-1 2.72717E-1 3.17347E-1 4.45542E-1 5.40156E-1 5.60847E-1 4.00027E-1 3.67206E-1 3.68748E-1 4.07268E-1 4.34973E-1 4.64629E-1 2.28613E-1 4.68113E-1 5.16811E-1 5.93865E-1 5.7237E-1 7.64594E-1 7.87209E-1 8.44526E-1 8.81061E-1 8.08893E-1 8.44067E-1 8.3578E-1 8.48685E-1 8.63886E-1 8.49784E-1 8.16222E-1 7.47329E-1 6.79485E-1 6.08812E-1 5.70782E-1 5.87413E-1 6.10466E-1 6.32376E-1 6.9521E-1 7.33393E-1 6.44888E-1 6.63655E-1 6.87704E-1 7.07524E-1 6.98483E-1 6.71962E-1 6.06233E-1 4.67239E-1 7.59781E-1 7.2792E-1 6.85866E-1 2.87422E-1 5.51856E-1 5.75262E-1 4.03313E-1 3.95955E-1 3.94785E-1 1.22931E-1
3.33469E-1 3.45073E-1 3.46816E-1 3.65093E-1 2.81124E-1 2.67895E-1 2.9404E-1 3.35541E-1 3.78406E-1 5.56E-1 5.64716E-1 4.39253E-1 3.94267E-1 4.09973E-1 4.53166E-1 4.73039E-1 4.92342E-1 5.58112E-1 5.70857E-1 5.34306E-1 5.78997E-1 5.75115E-1 6.63875E-1 8.1091E-1 6.64054E-1 8.024E-1 7.50744E-1 8.41462E-1 8.29571E-1 7.52867E-1 8.89096E-1 8.47999E-1 7.65993E-1 6.81538E-1 6.54605E-1 6.13023E-1 5.71205E-1 6.0886E-1 6.50834E-1 7.0568E-1 6.5466E-1 7.91315E-1 6.50662E-1 6.50857E-1 6.73705E-1 7.16218E-1 6.89381E-1 6.49364E-1 5.67056E-1 6.06837E-1 7.7991E-1 7.54084E-1 6.98586E-1 6.39189E-1 5.86631E-1 1.89015E-1 1.48785E-1 4.56287E-1 4.29675E-1 3.92022E-1
2.79231E-1 3.16363E-1 3.24098E-1 2.57586E-1 2.36034E-1 7.68862E-2 3.19043E-1 3.37637E-1 3.44334E-1 5.54143E-1 5.35736E-1 5.51697E-1 4.2347E-1 4.6021E-1 5.04269E-1 5.30745E-1 5.58879E-1 5.83618E-1 5.86611E-1 6.00828E-1 5.97018E-1 5.84476E-1 6.02415E-1 3.46594E-1 6.74447E-1 6.86076E-1 7.51487E-1 7.97273E-1 6.32423E-1 8.62231E-1 8.03683E-1 7.01722E-1 6.34867E-1 6.67314E-1 6.31721E-1 6.192E-1 6.15734E-1 6.68946E-1 6.32941E-1 5.36579E-1 6.46548E-1 5.13662E-1 6.75471E-1 5.05929E-1 5.85255E-1 6.44004E-1 6.19958E-1 6.40484E-1 6.42506E-1 6.48962E-1 6.04501E-1 4.03214E-1 6.45095E-1 5.84974E-1 5.77337E-1 5.64505E-1 5.24216E-1 4.65745E-1 4.3523E-1 4.42432E-1
1.43929E-1 2.61015E-1 2.07865E-1 2.23629E-1 2.19222E-1 1.85742E-1 1.57196E-1 1.08381E-1 9.53189E-2 1.53295E-1 2.31096E-1 3.03662E-1 4.45532E-1 4.83852E-1 3.68278E-1 5.69197E-1 6.36521E-1 6.82292E-1 6.81591E-1 6.87643E-1 6.75099E-1 6.38215E-1 6.32592E-1 6.74787E-1 6.49314E-1 6.94966E-1 8.54782E-1 7.34639E-1 6.74946E-1 6.91307E-1 7.98664E-1 6.54364E-1 6.21602E-1 6.96235E-1 6.5153E-1 4.91079E-1 4.79619E-1 5.27604E-1 5.42715E-1 5.06656E-1 5.62771E-1 7.48828E-1 4.12591E-1 5.58726E-1 6.38758E-1 4.76417E-1 4.94896E-1 2.64838E-1 6.69209E-1 3.60534E-1 7.97148E-1 6.96158E-1 6.9167E-1 6.43547E-1 6.33577E-1 6.12072E-1 5.68148E-1 5.37458E-1 4.92925E-1 4.49007E-1
2.31326E-1 2.08505E-1 1.31837E-1 1.48976E-1 1.69072E-1 1.58574E-1 2.19546E-1 3.60451E-1 3.09819E-1 2.19156E-1 2.74861E-1 3.10515E-1 4.78493E-1 5.36533E-1 5.17626E-1 5.42691E-1 6.4918E-1 7.39368E-1 5.20549E-1 7.5169E-1 7.15774E-1 6.80434E-1 6.5542E-1 6.50412E-1 6.64031E-1 7.33751E-1 8.15332E-1 8.27829E-1 8.13803E-1 7.70612E-1 7.52685E-1 7.0653E-1 6.84838E-1 6.70134E-1 6.805E-1 5.60705E-1 3.61633E-1 3.89775E-1 4.22036E-1 4.54041E-1 4.94891E-1 5.41009E-1 5.39909E-1 4.99956E-1 5.6076E-1 5.16083E-1 4.68693E-1 5.06703E-1 4.93171E-1 4.68987E-1 6.39543E-1 3.6879E-1 7.27604E-1 6.85297E-1 6.586E-1 5.912E-1 5.75887E-1 4.21993E-1 5.52445E-1 5.19643E-1
2.10446E-1 1.05776E-1 1.20836E-1 1.34311E-1 1.41509E-1 1.46282E-1 1.60283E-1 3.43941E-1 3.77921E-1 3.04724E-1 3.31887E-1 3.89574E-1 5.12289E-1 6.36433E-1 5.59298E-1 5.33474E-1 4.80136E-1 7.3455E-1 7.86277E-1 6.44649E-1 7.68268E-1 7.13693E-1 6.84577E-1 6.58148E-1 6.30975E-1 6.72312E-1 7.09248E-1 7.30564E-1 7.46637E-1 7.28243E-1 7.44024E-1 7.39693E-1 7.17314E-1 7.07279E-1 6.18773E-1 6.92687E-1 5.06914E-1 4.39732E-1 4.74713E-1 4.88808E-1 4.93835E-1 5.43192E-1 5.57568E-1 5.05706E-1 5.36685E-1 6.00943E-1 4.516E-1 4.77095E-1 5.10607E-1 5.66698E-1 6.13222E-1 5.60944E-1 7.73682E-1 4.4035E-1 6.09085E-1 7.07078E-1 6.62039E-1 6.89685E-1 6.79581E-1 4.415E-1
2.18861E-1 1.12164E-1 1.25165E-1 1.33799E-1 1.39531E-1 1.5179E-1 1.73678E-1 2.66776E-1 3.91261E-1 4.59786E-1 4.48686E-1 4.88102E-1 5.4823E-1 2.28769E-1 4.1846E-1 6.07632E-1 6.57143E-1 5.78415E-1 7.81646E-1 8.27607E-1 6.01354E-1 7.26371E-1 6.92975E-1 6.16654E-1 6.13598E-1 6.2399E-1 6.56388E-1 6.52886E-1 6.6895E-1 7.01235E-1 7.59613E-1 7.58399E-1 7.07745E-1 7.1647E-1 6.58978E-1 6.79552E-1 6.91985E-1 6.42383E-1 5.45097E-1 4.845E-1 4.41086E-1 4.5011E-1 5.53823E-1 4.87943E-1 5.39583E-1 6.18175E-1 5.63257E-1 6.1686E-1 6.36846E-1 6.51251E-1 6.61398E-1 7.53892E-1 4.95848E-1 7.11059E-1 4.88725E-1 5.77351E-1 5.6231E-1 5.22002E-1 4.90045E-1 4.5824E-1
2.30515E-1 2.57831E-1 2.81025E-1 1.48582E-1 1.78318E-1 1.96574E-1 2.67341E-1 3.43508E-1 4.05967E-1 4.53909E-1 5.10947E-1 5.77107E-1 6.28737E-1 4.35935E-1 5.99171E-1 6.32598E-1 6.16457E-1 4.06885E-1 7.16998E-1 6.81738E-1 4.19889E-1 7.12484E-1 6.80424E-1 4.03652E-1 5.96685E-1 6.11375E-1 5.74884E-1 5.52077E-1 5.95089E-1 6.70564E-1 8.0249E-1 8.17672E-1 7.02646E-1 6.33315E-1 6.28874E-1 6.27155E-1 6.32117E-1 6.61025E-1 6.30448E-1 5.85151E-1 5.2608E-1 4.72283E-1 5.23858E-1 4.86442E-1 5.481E-1 6.32815E-1 6.13396E-1 6.66908E-1 6.8861E-1 7.05019E-1 7.45939E-1 5.11836E-1 4.72962E-1 7.44274E-1 7.16702E-1 6.20771E-1 5.08988E-1 4.67643E-1 4.82171E-1 6.58619E-1
2.31691E-1 2.64476E-1 3.60565E-1 3.17727E-1 3.10028E-1 2.89252E-1 3.22608E-1 3.88358E-1 4.6638E-1 5.37628E-1 5.81891E-1 6.73849E-1 7.53667E-1 7.11232E-1 5.96803E-1 5.99253E-1 6.3218E-1 6.69608E-1 5.38575E-1 6.54442E-1 6.85819E-1 7.05216E-1 6.65244E-1 3.84493E-1 5.80313E-1 6.01798E-1 5.75154E-1 5.02244E-1 5.29195E-1 7.22627E-1 6.41525E-1 7.38614E-1 5.3628E-1 5.16644E-1 4.89174E-1 4.44438E-1 4.19263E-1 4.49453E-1 6.2232E-1 5.93145E-1 5.42921E-1 5.06874E-1 4.64827E-1 5.29391E-1 5.4474E-1 6.33639E-1 6.30186E-1 6.87592E-1 7.27116E-1 7.4992E-1 7.90351E-1 8.33851E-1 6.39494E-1 6.25535E-1 6.00454E-1 5.82885E-1 5.57471E-1 5.26036E-1 5.37663E-1 5.2022E-1
2.52763E-1 2.75769E-1 3.16667E-1 3.19473E-1 3.34653E-1 3.48162E-1 3.58499E-1 3.61722E-1 4.22803E-1 4.91714E-1 5.58093E-1 6.10798E-1 7.51222E-1 7.53695E-1 7.52808E-1 6.45111E-1 6.30135E-1 6.72362E-1 7.1225E-1 4.81351E-1 6.14166E-1 6.36938E-1 6.80499E-1 6.3525E-1 6.17258E-1 6.38441E-1 4.09732E-1 4.16104E-1 6.5651E-1 6.62623E-1 7.98367E-1 5.90272E-1 4.72381E-1 4.72776E-1 4.49327E-1 4.20568E-1 4.25445E-1 4.57509E-1 5.9336E-1 6.09841E-1 5.66529E-1 5.17641E-1 5.31902E-1 5.28114E-1 5.99878E-1 6.88981E-1 6.68916E-1 7.15983E-1 7.65989E-1 8.19918E-1 7.86054E-1 6.97389E-1 7.11028E-1 7.06328E-1 6.79114E-1 6.47988E-1 5.62895E-1 5.45031E-1 5.00826E-1 4.82507E-1
2.43092E-1 2.8904E-1 3.53023E-1 3.75429E-1 3.76478E-1 4.26194E-1 4.24381E-1 4.45192E-1 4.63321E-1 5.26005E-1 6.03293E-1 6.76926E-1 4.93351E-1 8.16016E-1 8.05284E-1 7.93885E-1 6.53786E-1 6.71532E-1 7.20017E-1 7.05973E-1 7.19096E-1 5.79285E-1 7.02579E-1 6.71411E-1 6.78714E-1 6.82608E-1 7.10916E-1 3.77976E-1 7.81157E-1 7.80949E-1 7.2754E-1 6.37245E-1 5.11662E-1 4.85213E-1 4.59313E-1 4.46705E-1 4.93944E-1 5.10858E-1 5.9798E-1 6.85227E-1 6.69356E-1 6.08471E-1 5.88721E-1 5.12244E-1 6.65457E-1 7.0235E-1 7.33677E-1 7.04321E-1 7.0787E-1 7.68263E-1 7.84581E-1 7.66363E-1 7.50792E-1 7.6593E-1 7.61913E-1 7.05285E-1 6.02304E-1 5.41619E-1 4.80729E-1 3.91438E-1
2.64381E-1 3.12371E-1 3.8613E-1 5.02937E-1 4.37521E-1 4.77849E-1 5.36672E-1 5.16489E-1 5.32471E-1 5.83952E-1 6.55909E-1 7.28431E-1 7.85862E-1 7.97035E-1 8.27253E-1 8.1288E-1 6.82514E-1 7.14882E-1 7.44112E-1 7.13494E-1 7.03166E-1 5.85463E-1 7.37674E-1 6.94083E-1 7.1044E-1 7.42364E-1 7.52621E-1 7.63953E-1 7.35629E-1 8.4231E-1 8.02699E-1 6.83567E-1 4.94721E-1 4.65703E-1 4.81735E-1 4.79978E-1 5.82784E-1 6.16659E-1 5.93188E-1 7.66589E-1 7.6092E-1 6.88325E-1 6.69865E-1 5.88257E-1 7.50852E-1 7.283E-1 7.81922E-1 6.78054E-1 6.70701E-1 7.14228E-1 7.94517E-1 8.354E-1 7.0332E-1 8.0547E-1 7.59051E-1 7.69489E-1 6.49153E-1 5.32134E-1 4.2978E-1 3.38171E-1
3.05491E-1 3.61587E-1 4.16133E-1 5.66675E-1 6.1027E-1 5.1381E-1 5.77112E-1 6.54078E-1 6.29663E-1 6.35644E-1 6.82994E-1 7.00585E-1 7.9046E-1 8.36845E-1 8.37351E-1 7.98756E-1 7.83015E-1 7.77012E-1 8.20267E-1 7.49917E-1 6.69371E-1 7.24028E-1 7.23575E-1 7.1318E-1 7.22027E-1 7.54895E-1 8.20551E-1 8.26132E-1 5.71511E-1 8.51933E-1 8.10698E-1 6.00618E-1 4.16376E-1 4.56792E-1 5.05067E-1 5.33766E-1 5.76147E-1 7.30313E-1 7.03015E-1 8.25875E-1 7.8429E-1 7.71016E-1 7.71279E-1 7.33157E-1 8.148E-1 7.41212E-1 7.02486E-1 7.32879E-1 6.9987E-1 7.43083E-1 6.21405E-1 9.02675E-1 5.0596E-1 8.12164E-1 7.80193E-1 7.21815E-1 7.09865E-1 6.07055E-1 4.43405E-1 3.06345E-1
3.03002E-1 3.50691E-1 4.23443E-1 5.22724E-1 6.74769E-1 6.15132E-1 5.81851E-1 6.81797E-1 7.65943E-1 6.45937E-1 6.19002E-1 7.26998E-1 7.48128E-1 7.74656E-1 8.32775E-1 8.83367E-1 8.28727E-1 8.443E-1 8.68023E-1 7.66021E-1 7.58841E-1 7.75887E-1 5.62788E-1 7.61197E-1 7.55924E-1 7.55508E-1 7.72084E-1 8.42847E-1 7.9765E-1 8.45771E-1 7.40546E-1 5.7515E-1 4.51809E-1 5.39055E-1 5.50118E-1 5.91368E-1 5.99038E-1 6.7767E-1 7.7067E-1 8.2386E-1 7.2183E-1 7.79382E-1 8.04419E-1 7.46916E-1 7.86731E-1 6.58318E-1 5.60373E-1 6.38188E-1 6.73211E-1 7.69781E-1 7.72933E-1 8.28712E-1 8.5361E-1 8.405E-1 7.94822E-1 7.33292E-1 6.93859E-1 6.59459E-1 5.60893E-1 4.39793E-1
3.21149E-1 3.55088E-1 4.12063E-1 5.56965E-1 6.97315E-1 7.43813E-1 6.58173E-1 6.23961E-1 6.29513E-1 7.07855E-1 6.88122E-1 7.18383E-1 7.80027E-1 8.05499E-1 8.33889E-1 8.01506E-1 8.143E-1 8.73681E-1 8.63468E-1 7.67005E-1 7.85822E-1 8.0176E-1 6.30938E-1 7.64381E-1 8.01554E-1 8.32343E-1 7.2728E-1 7.83008E-1 8.35019E-1 7.81748E-1 8.03059E-1 6.41187E-1 5.29869E-1 5.54835E-1 5.77777E-1 6.36888E-1 6.84111E-1 6.70101E-1 7.67148E-1 8.16189E-1 7.11291E-1 7.27756E-1 7.53407E-1 7.47262E-1 8.0934E-1 6.7837E-1 6.15656E-1 6.64026E-1 7.17308E-1 8.15085E-1 8.23379E-1 7.71273E-1 4.57825E-1 6.73376E-1 5.90011E-1 5.34017E-1 5.18898E-1 4.73842E-1 3.81463E-1 3.21517E-1
