Phytophthora/models/20240506_1402_44/Phytophthora_PA3_RUN5_MAXENT_outputs/Phytophthora_PA3_RUN5.asc
ncols         225
nrows         269
xllcorner     473009.9838
yllcorner     4429051.1748
cellsize      50.0
NODATA_value  -9999
[rows 52 to 77 of 269, columns 60 to 119 of 225]
3.91644E-3 1.07744E-3 3.04857E-3 5.10241E-3 5.43111E-3 6.07295E-3 9.93325E-3 2.29933E-3 1.52934E-2 2.01958E-2 2.4997E-2 2.49921E-2 1.05686E-2 1.66999E-2 1.57086E-2 1.51952E-2 1.67365E-2 1.65204E-2 1.66473E-2 1.83682E-2 2.19806E-2 2.66534E-2 2.73035E-2 9.13713E-3 -9999 -9999 -9999 -9999 -9999 -9999 -9999 -9999 -9999 -9999 -9999 -9999 -9999 -9999 -9999 -9999 -9999 -9999 -9999 -9999 -9999 -9999 -9999 -9999 -9999 -9999 -9999 -9999 -9999 -9999 -9999 -9999 -9999 -9999 -9999 -9999
3.65979E-3 6.57993E-4 4.28397E-3 4.83767E-3 6.36673E-3 6.92618E-3 9.71333E-3 9.08018E-3 1.47017E-2 1.55128E-2 1.24966E-2 1.05824E-2 1.25193E-2 1.87973E-2 1.89934E-2 1.68386E-2 1.59923E-2 1.42245E-2 1.45633E-2 1.64239E-2 1.93027E-2 2.3048E-2 2.59395E-2 1.16604E-2 2.96819E-2 3.10019E-2 -9999 -9999 -9999 -9999 -9999 -9999 -9999 -9999 -9999 -9999 -9999 -9999 -9999 -9999 -9999 -9999 -9999 -9999 -9999 -9999 -9999 -9999 -9999 -9999 -9999 -9999 -9999 -9999 -9999 -9999 -9999 -9999 -9999 -9999
3.59812E-3 3.0933E-3 4.23563E-3 1.20538E-3 6.53549E-3 7.80428E-3 9.84313E-3 1.0259E-2 1.02191E-2 9.47137E-3 8.70738E-3 9.33156E-3 1.67125E-2 1.1585E-2 3.47231E-2 2.02753E-2 1.71323E-2 1.51515E-2 1.30676E-2 1.41402E-2 1.99893E-2 2.63938E-2 2.34043E-2 5.19067E-3 2.74538E-2 2.78948E-2 2.75805E-2 2.24783E-2 2.70796E-2 5.11841E-2 8.42439E-2 4.32562E-2 -9999 -9999 -9999 -9999 -9999 -9999 -9999 -9999 -9999 -9999 -9999 -9999 -9999 -9999 -9999 -9999 -9999 -9999 -9999 -9999 -9999 -9999 -9999 -9999 -9999 -9999 -9999 -9999
1.42984E-3 2.80531E-3 4.25119E-3 5.2227E-3 6.03727E-3 7.26867E-3 9.68115E-3 1.18981E-2 9.2855E-3 8.38003E-3 9.81659E-3 9.73594E-3 1.71752E-2 2.61247E-2 6.59621E-3 1.56495E-2 1.80222E-2 1.60058E-2 1.38981E-2 1.6238E-2 2.74952E-2 2.04002E-2 1.54858E-2 1.82343E-2 2.65632E-2 2.24706E-2 2.47691E-2 2.44808E-2 2.54631E-2 1.21819E-2 8.50669E-2 6.42392E-2 6.12986E-2 -9999 -9999 -9999 -9999 -9999 -9999 -9999 -9999 -9999 -9999 -9999 -9999 -9999 -9999 -9999 -9999 -9999 -9999 -9999 -9999 -9999 -9999 -9999 -9999 -9999 -9999 -9999
2.64154E-3 3.06259E-3 3.73489E-3 6.06963E-3 7.83038E-3 9.34167E-3 9.29336E-3 4.44516E-3 8.50567E-3 7.86205E-3 8.15532E-3 7.65175E-3 7.32051E-3 7.45205E-3 1.34682E-2 4.19585E-3 1.77449E-2 1.68775E-2 1.55435E-2 1.96286E-2 2.44451E-2 1.40657E-2 1.67594E-2 2.54113E-2 1.70248E-2 1.96834E-2 2.36022E-2 2.52024E-2 2.67265E-2 9.63526E-3 5.49827E-2 6.41174E-2 6.45942E-2 -9999 -9999 -9999 -9999 -9999 -9999 -9999 -9999 -9999 -9999 -9999 -9999 -9999 -9999 -9999 -9999 -9999 -9999 -9999 -9999 -9999 -9999 -9999 -9999 -9999 -9999 -9999
2.19527E-3 2.6098E-3 2.90334E-3 4.52016E-3 7.47107E-3 1.00456E-2 1.06065E-2 7.99593E-3 8.74648E-3 8.52757E-3 7.62017E-3 6.9144E-3 5.05782E-3 4.84443E-3 7.06339E-3 2.14836E-3 6.96213E-3 2.09589E-2 1.86679E-2 2.6903E-2 2.50912E-2 1.20795E-2 1.36545E-2 2.28164E-2 1.01884E-2 2.84802E-2 2.50473E-2 2.64162E-2 2.41792E-2 2.11136E-2 3.71213E-2 7.80916E-2 9.72183E-2 -9999 -9999 -9999 -9999 -9999 -9999 -9999 -9999 -9999 -9999 -9999 -9999 -9999 -9999 -9999 -9999 -9999 -9999 -9999 -9999 -9999 -9999 -9999 -9999 -9999 -9999 -9999
2.24195E-3 2.44571E-3 2.4721E-3 3.40591E-3 4.83774E-3 7.99547E-3 1.179E-2 9.38918E-3 8.11138E-3 4.0192E-3 7.53906E-3 7.1769E-3 7.0719E-3 8.81673E-3 9.95827E-3 1.1322E-2 1.47423E-2 9.02712E-3 2.83834E-2 2.67403E-2 2.81265E-2 1.2382E-2 1.13769E-2 1.75111E-2 2.15182E-2 2.38555E-2 2.31952E-2 2.4015E-2 2.13737E-2 1.8642E-2 2.4862E-2 7.29322E-2 9.07825E-2 2.77383E-2 -9999 -9999 -9999 -9999 -9999 -9999 -9999 -9999 -9999 -9999 -9999 -9999 -9999 -9999 -9999 -9999 -9999 -9999 -9999 -9999 -9999 -9999 -9999 -9999 -9999 -9999
2.10944E-3 2.3765E-3 2.50626E-3 3.22312E-3 3.91374E-3 7.33978E-3 1.06955E-2 7.30223E-3 7.35006E-3 8.38266E-3 2.78503E-3 1.03729E-2 1.01562E-2 1.01066E-2 1.0096E-2 1.03781E-2 1.24516E-2 1.83341E-2 1.33366E-2 1.02174E-2 2.88791E-2 1.33574E-2 1.16028E-2 1.4477E-2 1.85802E-2 1.84616E-2 2.07263E-2 2.1515E-2 2.13537E-2 1.93832E-2 2.41366E-2 4.84542E-2 7.48158E-2 3.56817E-2 -9999 -9999 -9999 -9999 -9999 -9999 -9999 -9999 -9999 -9999 -9999 -9999 -9999 -9999 -9999 -9999 -9999 -9999 -9999 -9999 -9999 -9999 -9999 -9999 -9999 -9999
2.00849E-3 2.2884E-3 2.83373E-3 3.77252E-3 4.20129E-3 5.21996E-3 6.64664E-3 5.72079E-3 6.10292E-3 7.36608E-3 8.98845E-3 7.47757E-3 9.86676E-3 1.31622E-2 1.29769E-2 1.33153E-2 1.44039E-2 1.67941E-2 1.96828E-2 1.18442E-2 2.17741E-2 1.43989E-2 1.29946E-2 1.46958E-2 1.81066E-2 1.73362E-2 1.81665E-2 1.7755E-2 1.9282E-2 2.35785E-2 3.00884E-2 6.17558E-2 8.55089E-2 3.15878E-2 8.23023E-2 -9999 -9999 -9999 -9999 -9999 -9999 -9999 -9999 -9999 -9999 -9999 -9999 -9999 -9999 -9999 -9999 -9999 -9999 -9999 -9999 -9999 -9999 -9999 -9999 -9999
2.07189E-3 2.26467E-3 2.85114E-3 4.34012E-3 5.60903E-3 5.01004E-3 4.18965E-3 4.75097E-3 5.60367E-3 7.13389E-3 2.52642E-3 9.37074E-3 1.22211E-2 1.22931E-2 1.34126E-2 1.40338E-2 2.83407E-3 5.29153E-3 1.80332E-2 1.75313E-2 4.43509E-3 1.72922E-2 1.62284E-2 1.56003E-2 1.7067E-2 1.56479E-2 1.74159E-2 1.5761E-2 1.64309E-2 2.35356E-2 3.72278E-2 5.33115E-2 7.92349E-2 7.33464E-2 2.48185E-2 6.39907E-2 -9999 -9999 -9999 -9999 -9999 -9999 -9999 -9999 -9999 -9999 -9999 -9999 -9999 -9999 -9999 -9999 -9999 -9999 -9999 -9999 -9999 -9999 -9999 -9999
1.99435E-3 2.16991E-3 2.854E-3 4.33064E-3 6.66702E-3 5.01363E-3 3.95112E-3 4.40585E-3 5.12426E-3 5.79732E-3 7.65412E-3 8.83127E-3 1.08731E-2 1.32936E-2 1.30674E-2 1.47128E-2 1.59174E-2 1.58658E-2 1.536E-2 1.94126E-2 2.29882E-2 1.88797E-2 5.91569E-3 1.66435E-2 1.65611E-2 1.50994E-2 1.60171E-2 1.46854E-2 1.59905E-2 2.14636E-2 3.9978E-2 4.51548E-2 8.08763E-2 1.74268E-2 6.3288E-2 2.3847E-2 -9999 -9999 -9999 -9999 -9999 -9999 -9999 -9999 -9999 -9999 -9999 -9999 -9999 -9999 -9999 -9999 -9999 -9999 -9999 -9999 -9999 -9999 -9999 -9999
1.79613E-3 2.06376E-3 2.60552E-3 3.84378E-3 3.5693E-3 5.24021E-3 4.35611E-3 4.29382E-3 5.46668E-3 2.91889E-3 7.67216E-3 8.41975E-3 9.6929E-3 1.1907E-2 1.53526E-2 3.96027E-3 1.60928E-2 1.37242E-2 1.32161E-2 1.95091E-2 1.67533E-2 2.73632E-2 1.47849E-2 7.17044E-3 4.41467E-3 1.73874E-2 1.34719E-2 1.40957E-2 1.7918E-2 2.42063E-2 2.44797E-2 4.70756E-2 3.34636E-2 5.47944E-2 5.2239E-2 6.45451E-2 4.70768E-2 -9999 -9999 -9999 -9999 -9999 -9999 -9999 -9999 -9999 -9999 -9999 -9999 -9999 -9999 -9999 -9999 -9999 -9999 -9999 -9999 -9999 -9999 -9999
2.08048E-3 2.40504E-3 2.90672E-3 4.18218E-3 2.30815E-3 5.93222E-3 4.32892E-3 4.12396E-3 5.32639E-3 7.06824E-3 7.12575E-3 7.59924E-3 8.75918E-3 1.11961E-2 1.48145E-2 4.65715E-3 1.74674E-2 1.47709E-2 1.20186E-2 1.28792E-2 6.7342E-3 2.17919E-2 1.20675E-2 1.30059E-2 1.81278E-2 3.54058E-3 1.45059E-2 1.52165E-2 2.03294E-2 2.93153E-2 4.87297E-2 1.48395E-2 6.71013E-2 4.81555E-2 5.39985E-2 6.50362E-2 5.22419E-2 5.04182E-2 1.4408E-2 9.72602E-3 -9999 -9999 -9999 -9999 -9999 -9999 -9999 -9999 -9999 -9999 -9999 -9999 -9999 -9999 -9999 -9999 -9999 -9999 -9999 -9999
2.73639E-3 2.88818E-3 3.22037E-3 4.60832E-3 3.36969E-3 7.48389E-3 5.39953E-3 4.71508E-3 5.13905E-3 6.54677E-3 6.8781E-3 6.56611E-3 8.39919E-3 1.10031E-2 1.45873E-2 1.86108E-2 1.06513E-2 1.80812E-2 1.27095E-2 1.03531E-2 2.68341E-3 1.03293E-2 1.02394E-2 1.1745E-2 1.37957E-2 1.51817E-2 3.06038E-3 1.58288E-2 2.22091E-2 5.10475E-3 3.07353E-2 9.84709E-3 5.22629E-2 5.23727E-2 7.87455E-2 7.20218E-2 5.31328E-2 5.57987E-2 4.619E-2 5.60937E-2 6.1054E-2 5.58282E-2 -9999 -9999 -9999 -9999 -9999 -9999 -9999 -9999 -9999 -9999 -9999 -9999 -9999 -9999 -9999 -9999 -9999 -9999
1.82445E-3 4.03962E-3 4.52619E-3 5.28453E-3 3.01242E-3 8.07406E-3 8.66297E-3 6.6312E-3 6.33915E-3 7.48906E-3 8.24129E-3 7.81079E-3 8.74602E-3 1.20373E-2 1.5456E-2 1.84117E-2 1.84182E-2 2.81986E-2 2.2123E-2 9.45335E-3 5.09582E-3 1.06023E-2 1.1097E-2 1.27547E-2 1.44984E-2 4.98351E-3 1.70752E-2 1.79629E-2 9.71845E-3 2.47214E-2 3.43125E-2 3.82268E-2 2.70773E-2 6.05148E-2 8.26149E-2 1.52192E-2 9.71687E-3 4.98693E-2 5.43921E-2 5.91419E-2 5.34575E-2 4.72154E-2 6.1221E-2 3.0396E-2 -9999 -9999 -9999 -9999 -9999 -9999 -9999 -9999 -9999 -9999 -9999 -9999 -9999 -9999 -9999 -9999
2.49081E-3 3.39724E-3 3.40162E-3 5.18451E-3 6.61955E-3 7.93805E-3 9.79806E-3 6.13061E-3 9.32028E-3 1.09888E-2 1.07076E-2 9.70275E-3 9.63341E-3 1.29927E-2 1.32107E-2 1.69717E-2 8.91495E-3 1.69474E-2 1.64653E-2 8.6583E-3 7.60976E-3 1.3037E-2 1.30497E-2 1.35907E-2 2.72422E-3 1.692E-2 1.67651E-2 1.80256E-2 7.49651E-3 2.25182E-2 2.25644E-2 2.3276E-2 2.70131E-2 1.01674E-2 8.14418E-2 1.44612E-2 5.71901E-2 5.95445E-2 6.02847E-2 6.08311E-2 4.50858E-2 4.40527E-2 5.81543E-2 8.24344E-2 3.25281E-2 1.29561E-1 -9999 -9999 -9999 -9999 -9999 -9999 -9999 -9999 -9999 -9999 -9999 -9999 -9999 -9999
2.35973E-3 2.3974E-3 2.07685E-3 2.55352E-3 6.74385E-3 7.60578E-3 9.14637E-3 1.27577E-2 1.10165E-2 1.31385E-2 6.62532E-3 7.30954E-3 1.16724E-2 1.4366E-2 4.33706E-3 1.67166E-2 1.34836E-2 1.15647E-2 9.30001E-3 1.11374E-2 3.21245E-3 1.70148E-2 2.87764E-3 4.3496E-3 1.46004E-2 1.55113E-2 1.54267E-2 1.77473E-2 1.87775E-2 2.26715E-2 2.04017E-2 1.99523E-2 2.77737E-2 7.42859E-2 6.36653E-2 5.57789E-2 5.14517E-2 5.61244E-2 5.50082E-2 4.79784E-2 3.54692E-2 3.69258E-2 4.71469E-2 6.48874E-2 9.7497E-2 -9999 -9999 -9999 -9999 -9999 -9999 -9999 -9999 -9999 -9999 -9999 -9999 -9999 -9999 -9999
2.311E-3 3.33421E-3 3.45882E-3 5.70102E-3 6.25312E-3 8.1637E-3 8.57764E-3 1.12989E-2 1.32037E-2 1.37307E-2 1.53462E-2 1.71964E-2 1.26788E-2 1.58907E-2 1.71746E-2 1.64904E-2 1.2843E-2 1.12056E-2 9.26541E-3 9.9085E-3 6.20661E-3 2.26228E-2 2.12799E-2 1.50042E-2 8.70038E-3 1.63074E-2 1.50454E-2 1.58247E-2 2.10988E-2 2.32784E-2 2.26773E-2 2.34196E-2 2.885E-2 4.86149E-2 2.82372E-2 3.26244E-2 3.23848E-2 4.09395E-2 5.00174E-2 3.92986E-2 3.05214E-2 3.33363E-2 4.16992E-2 5.67173E-2 1.13124E-1 1.00207E-1 -9999 -9999 -9999 -9999 -9999 -9999 -9999 -9999 -9999 -9999 -9999 -9999 -9999 -9999
2.06991E-3 5.41635E-4 3.36818E-3 4.8278E-3 5.80146E-3 8.46932E-3 8.88827E-3 1.02482E-2 1.16519E-2 1.22353E-2 1.20177E-2 1.43037E-2 2.01543E-2 1.72157E-2 1.60398E-2 1.53553E-2 1.17583E-2 1.07458E-2 8.98202E-3 8.9397E-3 1.16071E-2 2.20931E-2 2.00009E-2 1.32128E-2 1.61548E-2 1.68745E-2 1.60915E-2 1.7741E-2 1.68785E-2 2.36992E-2 2.51584E-2 2.78788E-2 3.23044E-2 3.03376E-2 1.15668E-2 3.94599E-2 3.51397E-2 3.77476E-2 3.61721E-2 3.47718E-2 3.02769E-2 3.58211E-2 4.12305E-2 8.2971E-2 6.65798E-2 7.61528E-2 -9999 -9999 -9999 -9999 -9999 -9999 -9999 -9999 -9999 -9999 -9999 -9999 -9999 -9999
2.23998E-3 2.24591E-3 4.0826E-3 4.41823E-3 6.31732E-3 7.54566E-3 8.5076E-3 1.06399E-2 1.18762E-2 1.32968E-2 1.20606E-2 1.08681E-2 1.3088E-2 2.03549E-2 1.68578E-2 1.5344E-2 1.16121E-2 1.11941E-2 1.03342E-2 1.05296E-2 1.32762E-2 1.78628E-2 1.90838E-2 1.24052E-2 1.38102E-2 1.65693E-2 1.83539E-2 1.52486E-2 1.76528E-2 2.27686E-2 2.47756E-2 2.99484E-2 1.7522E-2 2.79997E-2 3.35368E-2 2.87256E-2 2.5759E-2 4.22892E-2 3.46629E-2 3.91481E-2 3.56909E-2 7.15637E-2 7.66875E-2 5.07452E-2 4.77402E-2 1.02454E-1 1.42668E-1 -9999 -9999 -9999 -9999 -9999 -9999 -9999 -9999 -9999 -9999 -9999 -9999 -9999
3.26945E-3 3.2833E-3 3.39651E-3 4.24753E-3 6.10332E-3 5.76405E-3 6.01259E-3 8.50335E-3 1.19358E-2 1.33154E-2 1.28999E-2 1.08357E-2 9.89984E-3 1.6851E-2 2.2666E-2 1.77086E-2 1.30243E-2 1.26521E-2 1.16211E-2 5.89554E-3 1.68158E-2 1.76913E-2 2.03032E-2 1.2912E-2 1.44107E-2 1.61766E-2 1.25795E-2 1.73395E-2 1.89441E-2 2.57417E-2 2.50534E-2 2.93614E-2 1.02125E-2 2.71433E-2 2.46062E-2 2.28697E-2 2.56747E-2 3.22633E-2 4.65639E-2 2.19976E-2 3.75616E-2 4.14826E-2 3.30792E-2 5.21082E-2 1.01825E-1 1.35688E-1 1.48839E-1 -9999 -9999 -9999 -9999 -9999 -9999 -9999 -9999 -9999 -9999 -9999 -9999 -9999
8.73062E-4 3.03938E-3 2.63117E-3 8.00244E-4 4.01937E-3 7.68868E-3 9.65512E-3 1.0524E-2 1.19469E-2 1.47925E-2 1.44016E-2 1.34425E-2 1.31634E-2 2.6077E-2 8.40269E-3 3.0787E-2 2.22581E-2 2.05745E-2 1.88576E-2 8.44147E-3 2.15602E-2 2.36443E-2 1.85784E-2 2.04602E-2 2.11991E-2 1.14585E-2 3.00313E-2 2.76944E-2 1.7806E-2 3.2836E-2 3.57131E-2 4.32816E-2 4.8924E-2 4.23389E-2 3.9158E-2 3.72679E-2 3.25301E-2 3.5864E-2 4.42053E-2 5.00326E-2 6.41752E-2 7.51075E-2 9.36034E-2 1.04721E-1 5.23827E-2 9.29614E-2 1.22594E-1 -9999 -9999 -9999 -9999 -9999 -9999 -9999 -9999 -9999 -9999 -9999 -9999 -9999
8.39259E-4 2.19822E-3 3.0154E-3 2.68602E-3 3.8413E-3 5.37675E-3 8.5509E-3 1.40353E-2 8.61939E-3 2.08571E-2 2.08825E-2 2.00055E-2 2.51305E-2 3.92638E-2 4.61809E-2 2.18682E-2 1.92565E-2 8.76013E-3 2.75284E-2 2.40813E-2 1.32796E-2 2.37181E-2 1.50646E-2 2.40138E-2 4.6975E-2 6.22645E-2 4.12979E-2 2.48687E-2 2.5594E-2 1.41666E-2 3.67348E-2 5.27302E-2 6.43266E-2 6.41137E-2 6.72814E-2 6.85389E-2 5.51008E-2 7.06709E-2 5.62599E-2 5.2763E-2 5.842E-2 7.98827E-2 8.88953E-2 1.07652E-1 1.04737E-1 1.43381E-1 2.17916E-1 1.82428E-1 -9999 -9999 -9999 -9999 -9999 -9999 -9999 -9999 -9999 -9999 -9999 -9999
4.43097E-3 2.84397E-3 3.41789E-3 3.07408E-3 3.89392E-3 6.19213E-3 1.41247E-3 2.69444E-3 1.92804E-2 2.6336E-2 2.81871E-2 2.84764E-2 3.58309E-2 4.07737E-2 4.99609E-2 5.14346E-2 4.71068E-2 3.70812E-2 5.87197E-2 7.39935E-2 1.35795E-2 4.42253E-2 3.73082E-2 4.25336E-2 9.00214E-2 6.63219E-2 3.7206E-2 5.26256E-2 5.53991E-2 2.51247E-2 5.29672E-2 6.77872E-2 7.76778E-2 8.48496E-2 1.03325E-1 1.23366E-1 1.21647E-1 1.09969E-1 9.86741E-2 8.30824E-2 8.14564E-2 6.81378E-2 1.38753E-1 1.52078E-1 2.12654E-1 1.71072E-1 1.62025E-1 2.00056E-1 1.84743E-1 1.73192E-1 -9999 -9999 -9999 -9999 -9999 -9999 -9999 -9999 -9999 -9999
3.75007E-3 4.19273E-3 4.32463E-3 3.35293E-3 4.23243E-3 6.63829E-3 2.80689E-3 1.11761E-2 1.67998E-2 2.32905E-2 2.93138E-2 3.36002E-2 4.49979E-2 5.21901E-2 5.97679E-2 5.89215E-2 5.96E-2 5.97187E-2 8.44201E-2 4.91748E-2 1.01269E-1 4.9187E-2 6.8623E-2 1.08002E-1 1.11768E-1 5.94861E-2 5.1694E-2 5.97141E-2 7.38708E-2 8.21782E-2 1.01805E-1 9.69386E-2 1.15133E-1 1.3087E-1 1.37895E-1 1.71896E-1 1.89189E-1 1.69111E-1 1.44164E-1 1.47963E-1 1.46E-1 1.88591E-1 1.54824E-1 2.517E-1 3.28726E-1 1.3465E-1 2.99221E-1 2.31541E-1 2.18161E-1 1.84604E-1 1.46497E-1 1.15723E-1 -9999 -9999 -9999 -9999 -9999 -9999 -9999 -9999
5.65676E-3 7.31235E-3 7.80575E-3 4.17843E-3 5.16435E-3 7.0561E-3 2.20924E-3 1.12473E-2 1.68957E-2 2.84705E-2 4.14293E-2 5.06994E-2 6.01021E-2 6.45548E-2 7.08726E-2 8.11157E-2 9.06845E-2 1.01857E-1 1.2798E-1 1.08745E-1 8.6339E-2 8.85848E-2 1.26665E-1 1.25847E-1 7.15047E-2 6.74528E-2 7.31303E-2 8.84044E-2 1.12162E-1 1.15551E-1 4.24204E-2 5.22373E-2 1.37089E-1 1.88215E-1 2.04746E-1 2.24359E-1 2.50413E-1 2.56552E-1 2.3587E-1 2.62117E-1 2.89439E-1 3.48524E-1 1.84336E-1 2.00799E-1 3.66349E-1 4.69011E-1 3.72512E-1 3.08699E-1 2.76856E-1 2.09917E-1 1.7064E-1 1.40552E-1 1.34142E-1 -9999 -9999 -9999 -9999 -9999 -9999 -9999
