Phytophthora/models/20240506_1646_46/Phytophthora_PA3_RUN4_MAXENT_outputs/Phytophthora_PA3_RUN4.asc
ncols         225
nrows         269
xllcorner     473009.9838
yllcorner     4429051.1748
cellsize      50.0
NODATA_value  -9999
[rows 130 to 155 of 269, columns 120 to 179 of 225]
1.24922E-1 1.7498E-1 1.64611E-1 1.49996E-1 2.46168E-1 3.02462E-1 3.47023E-1 3.92645E-1 3.87734E-1 4.35024E-1 5.17033E-1 5.79507E-1 5.93523E-1 5.5391E-1 4.93438E-1 4.9604E-1 4.74823E-1 -9999 -9999 -9999 -9999 -9999 -9999 -9999 -9999 -9999 1.90702E-1 1.97632E-1 2.2926E-1 2.49136E-1 2.62959E-1 2.30866E-1 2.30427E-1 1.63492E-1 3.18216E-1 3.21879E-1 2.93475E-1 2.72553E-1 2.21395E-1 1.81064E-1 1.78178E-1 2.96062E-1 3.15251E-1 3.19516E-1 3.17582E-1 3.03607E-1 2.7544E-1 2.3045E-1 1.35189E-1 7.38561E-2 1.28302E-1 7.74166E-2 1.99959E-1 2.1039E-1 2.16957E-1 2.39517E-1 2.58693E-1 2.46272E-1 2.40522E-1 2.22314E-1
1.18671E-1 1.25006E-1 1.21482E-1 1.45713E-1 2.21E-1 2.73542E-1 3.21256E-1 3.34254E-1 3.21309E-1 3.24373E-1 4.39829E-1 5.98247E-1 6.20144E-1 5.90941E-1 5.19714E-1 5.06405E-1 4.89902E-1 -9999 -9999 -9999 -9999 -9999 -9999 -9999 -9999 -9999 2.39561E-1 2.66438E-1 2.81673E-1 2.80969E-1 2.66289E-1 -9999 1.96631E-1 2.9908E-1 3.0108E-1 2.26921E-1 2.90251E-1 2.82858E-1 2.11476E-1 2.08495E-1 2.3541E-1 2.67347E-1 3.10238E-1 3.4504E-1 3.5654E-1 3.34685E-1 3.09153E-1 2.57052E-1 1.86758E-1 1.41866E-1 1.8591E-1 1.74604E-1 1.15492E-1 2.0806E-1 2.1018E-1 2.60052E-1 2.65491E-1 2.80704E-1 2.76799E-1 2.6653E-1
1.27744E-1 1.07563E-1 9.04091E-2 1.36845E-1 2.06704E-1 2.68205E-1 3.40371E-1 2.23378E-1 2.6696E-1 4.37228E-1 5.49502E-1 6.14036E-1 6.40815E-1 6.12428E-1 5.56194E-1 4.78322E-1 -9999 -9999 -9999 -9999 -9999 -9999 -9999 -9999 -9999 -9999 -9999 -9999 -9999 -9999 -9999 -9999 -9999 2.6205E-1 2.99255E-1 3.00071E-1 3.16779E-1 2.81944E-1 2.07262E-1 2.33728E-1 2.47257E-1 2.86332E-1 2.48818E-1 3.15782E-1 3.63071E-1 3.72219E-1 3.37865E-1 2.80032E-1 2.08105E-1 2.00392E-1 2.27628E-1 2.14025E-1 6.11088E-2 2.1419E-1 1.495E-1 2.39255E-1 2.62437E-1 2.96058E-1 3.18515E-1 2.96853E-1
1.34238E-1 1.09103E-1 9.93411E-2 1.79155E-1 2.48211E-1 3.18691E-1 3.94848E-1 3.22931E-1 4.44944E-1 4.38556E-1 5.05773E-1 5.69895E-1 5.82881E-1 5.52732E-1 5.10566E-1 4.04048E-1 -9999 -9999 -9999 -9999 -9999 -9999 -9999 -9999 -9999 -9999 -9999 -9999 -9999 -9999 -9999 -9999 -9999 1.71297E-1 2.33566E-1 3.41047E-1 3.47706E-1 2.89648E-1 2.20607E-1 2.61399E-1 2.75932E-1 2.68549E-1 1.9648E-1 3.12944E-1 3.60057E-1 3.56592E-1 3.399E-1 2.66595E-1 2.38171E-1 2.60818E-1 2.68546E-1 2.77776E-1 2.82894E-1 2.14472E-1 3.0653E-1 1.76216E-1 2.49913E-1 3.46623E-1 3.28957E-1 3.06007E-1
1.26325E-1 1.1922E-1 1.52858E-1 2.10871E-1 2.81673E-1 3.62018E-1 4.14106E-1 4.54766E-1 4.01951E-1 4.85413E-1 4.76662E-1 4.92905E-1 5.24582E-1 5.27398E-1 4.80104E-1 3.2553E-1 -9999 -9999 -9999 -9999 -9999 -9999 -9999 -9999 -9999 -9999 -9999 -9999 -9999 -9999 -9999 -9999 -9999 2.50572E-1 2.33223E-1 3.40479E-1 3.68369E-1 3.02438E-1 2.43513E-1 2.48211E-1 2.79453E-1 2.32642E-1 2.95576E-1 3.14509E-1 3.39121E-1 3.32192E-1 3.19152E-1 2.32015E-1 2.53998E-1 2.97117E-1 3.10759E-1 3.09262E-1 3.00485E-1 2.35554E-1 3.33156E-1 3.63455E-1 3.46023E-1 3.55385E-1 3.4314E-1 3.16552E-1
1.83977E-1 1.98113E-1 1.97539E-1 2.47073E-1 2.84596E-1 3.41598E-1 4.20684E-1 4.59115E-1 4.67941E-1 4.82336E-1 4.79355E-1 4.587E-1 5.08385E-1 5.16529E-1 5.18786E-1 -9999 -9999 -9999 -9999 -9999 -9999 -9999 -9999 -9999 -9999 -9999 -9999 -9999 -9999 -9999 -9999 -9999 -9999 3.0405E-1 2.54745E-1 2.72255E-1 2.67272E-1 3.22795E-1 3.17588E-1 2.99933E-1 2.50704E-1 2.81927E-1 2.89588E-1 3.07577E-1 3.31726E-1 3.07125E-1 2.78778E-1 2.64743E-1 2.37651E-1 2.86684E-1 3.33172E-1 3.36162E-1 3.36823E-1 2.38185E-1 3.61109E-1 3.62843E-1 3.58735E-1 2.88195E-1 2.95429E-1 3.03546E-1
2.2297E-1 2.21584E-1 1.96455E-1 2.55822E-1 2.68364E-1 3.45655E-1 4.19452E-1 4.47052E-1 4.79691E-1 4.97124E-1 4.77679E-1 -9999 -9999 -9999 -9999 -9999 -9999 -9999 -9999 -9999 -9999 -9999 -9999 -9999 -9999 -9999 -9999 -9999 -9999 -9999 -9999 -9999 -9999 -9999 2.05666E-1 2.48883E-1 2.43067E-1 3.06592E-1 3.80142E-1 3.41238E-1 3.04032E-1 3.08881E-1 2.91286E-1 2.94502E-1 3.06348E-1 2.71055E-1 2.82713E-1 2.88186E-1 2.29691E-1 2.42478E-1 2.9658E-1 3.25352E-1 3.64711E-1 2.14597E-1 3.30966E-1 3.64489E-1 3.5134E-1 3.49153E-1 3.061E-1 2.55143E-1
2.47925E-1 2.21863E-1 2.21201E-1 1.6115E-1 2.18797E-1 3.36865E-1 3.94619E-1 4.28867E-1 4.15231E-1 4.84949E-1 4.83153E-1 -9999 -9999 -9999 -9999 -9999 -9999 -9999 -9999 -9999 -9999 -9999 -9999 -9999 -9999 -9999 -9999 -9999 -9999 -9999 -9999 -9999 -9999 -9999 2.04592E-1 3.06918E-1 3.3234E-1 3.00314E-1 3.63172E-1 3.70876E-1 2.84851E-1 3.41749E-1 3.16416E-1 3.01355E-1 2.95466E-1 2.2878E-1 2.93096E-1 2.90304E-1 2.38775E-1 2.44918E-1 2.63807E-1 2.79011E-1 3.29584E-1 2.73753E-1 3.49184E-1 3.22764E-1 3.338E-1 2.93042E-1 2.87268E-1 2.81954E-1
2.18484E-1 1.93076E-1 2.33108E-1 2.72858E-1 3.25703E-1 3.13843E-1 3.4857E-1 3.91697E-1 3.42891E-1 4.28373E-1 4.61593E-1 4.42269E-1 -9999 -9999 -9999 -9999 -9999 -9999 -9999 -9999 -9999 -9999 -9999 -9999 -9999 -9999 -9999 -9999 -9999 -9999 -9999 -9999 -9999 -9999 2.53984E-1 3.08866E-1 3.42638E-1 3.14156E-1 3.34755E-1 3.92151E-1 2.85195E-1 3.51264E-1 3.59732E-1 3.21133E-1 3.06456E-1 2.38427E-1 2.96656E-1 2.97928E-1 2.65164E-1 2.55213E-1 1.92632E-1 2.02748E-1 2.52466E-1 3.18821E-1 3.30698E-1 3.01748E-1 3.34815E-1 3.29555E-1 2.71784E-1 2.40366E-1
1.97052E-1 2.01953E-1 1.78986E-1 2.83158E-1 2.71559E-1 3.49343E-1 3.23876E-1 3.48929E-1 3.53765E-1 3.86186E-1 3.17303E-1 -9999 -9999 -9999 -9999 -9999 -9999 -9999 -9999 -9999 -9999 -9999 -9999 -9999 -9999 -9999 -9999 -9999 -9999 -9999 -9999 -9999 -9999 -9999 -9999 2.14688E-1 2.67039E-1 2.6496E-1 2.82136E-1 3.78112E-1 2.92253E-1 3.48447E-1 3.52163E-1 3.43234E-1 3.01584E-1 2.34963E-1 3.00225E-1 3.05808E-1 2.93841E-1 2.76771E-1 1.40227E-1 2.19633E-1 2.45896E-1 3.16838E-1 2.40473E-1 2.70915E-1 3.01468E-1 2.76275E-1 2.9366E-1 3.02223E-1
2.17054E-1 2.29956E-1 2.56349E-1 2.86313E-1 3.38025E-1 3.49427E-1 3.297E-1 2.73241E-1 3.45033E-1 2.61023E-1 -9999 -9999 -9999 -9999 -9999 -9999 -9999 -9999 -9999 -9999 -9999 -9999 -9999 -9999 -9999 -9999 -9999 -9999 -9999 -9999 -9999 -9999 -9999 -9999 -9999 1.11823E-1 2.31788E-1 2.89176E-1 2.73987E-1 2.63003E-1 3.85485E-1 3.59714E-1 3.40789E-1 3.1731E-1 2.71491E-1 2.19033E-1 2.95199E-1 3.1149E-1 3.18495E-1 2.89655E-1 1.63374E-1 2.28452E-1 2.35081E-1 2.61203E-1 2.73258E-1 2.28001E-1 2.24929E-1 2.46866E-1 2.74865E-1 2.82235E-1
1.81254E-1 2.82285E-1 2.70055E-1 2.12223E-1 3.51007E-1 3.4075E-1 3.16381E-1 2.42481E-1 2.01979E-1 3.1962E-1 -9999 -9999 -9999 -9999 -9999 -9999 1.83272E-1 8.52255E-2 7.84557E-2 9.80436E-2 4.41812E-2 1.00026E-1 7.55901E-2 8.68377E-2 1.29735E-1 1.69042E-1 -9999 -9999 -9999 -9999 -9999 -9999 -9999 -9999 -9999 2.3698E-1 2.38783E-1 1.72484E-1 3.10404E-1 3.42645E-1 3.79972E-1 3.63156E-1 3.17965E-1 2.85018E-1 2.21025E-1 2.14372E-1 2.82309E-1 3.10279E-1 3.17164E-1 3.0048E-1 2.19605E-1 2.35583E-1 2.28527E-1 2.23278E-1 2.33312E-1 1.66082E-1 1.98417E-1 2.42502E-1 2.55909E-1 2.70028E-1
1.65354E-1 2.61127E-1 2.59947E-1 1.90188E-1 3.22305E-1 3.28298E-1 3.02193E-1 2.16974E-1 3.0106E-1 -9999 -9999 -9999 -9999 -9999 -9999 -9999 1.44591E-1 8.67478E-2 8.56383E-2 1.02715E-1 1.36931E-1 1.32399E-1 7.39058E-2 9.69407E-2 1.53216E-1 2.63335E-1 3.37974E-1 -9999 -9999 -9999 -9999 -9999 -9999 -9999 -9999 3.11139E-1 2.47516E-1 3.31943E-1 3.38683E-1 3.34812E-1 3.36167E-1 3.52938E-1 2.94436E-1 2.31492E-1 1.51402E-1 2.02725E-1 2.62753E-1 2.84284E-1 2.9908E-1 3.09089E-1 2.694E-1 2.36007E-1 2.25516E-1 2.01502E-1 2.04165E-1 9.44652E-2 1.96559E-1 2.38842E-1 2.60388E-1 2.68569E-1
2.64685E-1 2.7785E-1 2.5619E-1 2.53201E-1 2.02489E-1 1.92786E-1 2.20528E-1 2.9555E-1 -9999 -9999 -9999 -9999 -9999 -9999 -9999 -9999 1.37237E-1 9.46452E-2 1.34552E-1 1.66964E-1 2.02331E-1 1.52998E-1 1.25351E-1 1.95198E-1 2.61355E-1 3.14389E-1 3.73335E-1 -9999 -9999 -9999 -9999 -9999 -9999 -9999 -9999 3.204E-1 2.1391E-1 3.28799E-1 3.35484E-1 3.12682E-1 2.95939E-1 2.70594E-1 2.71173E-1 1.98154E-1 7.97768E-2 1.93938E-1 2.37925E-1 2.48001E-1 2.61706E-1 3.09201E-1 3.13817E-1 2.55336E-1 1.7955E-1 2.5039E-1 1.16417E-1 2.68303E-1 2.1231E-1 1.92591E-1 2.17485E-1 2.48342E-1
2.41195E-1 2.44671E-1 3.07303E-1 3.28658E-1 3.06394E-1 2.76112E-1 -9999 -9999 -9999 -9999 -9999 -9999 -9999 -9999 -9999 -9999 1.80035E-1 1.69655E-1 2.06712E-1 2.40785E-1 2.50086E-1 8.62388E-2 2.25115E-1 3.16259E-1 3.30447E-1 3.59788E-1 3.88745E-1 -9999 -9999 -9999 -9999 -9999 -9999 -9999 -9999 3.26622E-1 1.96073E-1 3.45916E-1 3.26492E-1 3.10513E-1 2.94157E-1 2.37117E-1 1.98408E-1 1.91848E-1 4.2122E-2 1.50164E-1 2.15098E-1 2.21787E-1 2.42794E-1 2.86434E-1 3.23194E-1 3.18033E-1 2.73428E-1 1.15211E-1 2.88737E-1 2.69904E-1 2.36419E-1 2.08306E-1 1.96645E-1 2.19709E-1
2.37219E-1 3.16846E-1 3.84684E-1 3.61463E-1 3.25959E-1 -9999 -9999 -9999 -9999 -9999 -9999 -9999 -9999 -9999 -9999 -9999 2.22142E-1 2.4057E-1 2.81782E-1 3.5076E-1 3.27579E-1 2.55356E-1 3.11319E-1 -9999 -9999 -9999 -9999 -9999 -9999 -9999 -9999 -9999 -9999 -9999 -9999 -9999 4.50395E-1 4.58724E-1 4.40249E-1 3.82372E-1 3.39366E-1 2.76164E-1 2.25208E-1 1.79868E-1 4.54633E-2 1.18274E-1 1.71705E-1 1.91767E-1 2.39585E-1 2.28254E-1 2.93636E-1 2.76989E-1 2.40131E-1 1.35497E-1 2.14116E-1 2.24333E-1 2.16338E-1 1.96599E-1 1.70558E-1 1.99938E-1
2.68352E-1 1.83363E-1 2.78582E-1 2.7597E-1 -9999 -9999 -9999 -9999 -9999 -9999 -9999 -9999 -9999 -9999 -9999 -9999 2.33219E-1 3.06758E-1 3.62583E-1 4.1799E-1 4.16588E-1 3.81808E-1 4.28859E-1 4.8143E-1 -9999 -9999 -9999 -9999 -9999 -9999 -9999 -9999 -9999 -9999 -9999 -9999 6.09231E-1 4.49418E-1 5.20233E-1 4.49629E-1 3.82501E-1 3.1992E-1 2.55781E-1 2.18005E-1 5.64791E-2 1.39843E-1 1.36945E-1 1.87984E-1 1.67655E-1 1.34126E-1 7.8109E-2 2.05368E-1 1.60162E-1 1.57532E-1 9.94609E-2 1.83946E-1 1.8796E-1 1.66847E-1 1.33315E-1 1.5033E-1
1.90423E-1 1.57644E-1 1.53539E-1 1.84817E-1 1.99036E-1 -9999 -9999 -9999 -9999 -9999 -9999 -9999 -9999 -9999 -9999 1.80344E-1 1.92431E-1 3.39827E-1 4.24645E-1 4.46975E-1 4.68468E-1 4.62209E-1 4.78355E-1 5.16984E-1 -9999 -9999 -9999 -9999 -9999 -9999 -9999 -9999 -9999 -9999 -9999 -9999 5.76639E-1 5.26555E-1 5.57029E-1 5.0114E-1 4.08568E-1 2.04344E-1 1.57934E-1 2.69769E-1 1.08393E-1 1.73332E-1 1.3047E-1 8.49921E-2 1.76477E-1 1.0901E-1 1.3021E-1 1.55732E-1 1.42758E-1 1.43823E-1 1.31554E-1 1.45443E-1 1.58438E-1 1.41958E-1 1.24174E-1 1.56632E-1
1.16273E-1 2.70709E-1 1.38909E-1 1.93819E-1 1.33869E-1 1.36626E-1 1.02352E-1 1.46958E-1 3.03199E-1 -9999 -9999 -9999 1.70365E-1 2.14964E-1 1.9105E-1 3.42367E-1 2.45149E-1 3.96794E-1 4.64643E-1 4.72195E-1 4.92395E-1 5.04458E-1 5.21545E-1 5.31208E-1 -9999 5.13776E-1 5.28311E-1 5.35095E-1 5.42419E-1 5.08828E-1 5.76993E-1 5.52224E-1 5.38604E-1 -9999 -9999 -9999 4.77759E-1 5.02164E-1 3.614E-1 4.28361E-1 3.85178E-1 3.45981E-1 3.0979E-1 3.03455E-1 1.78711E-1 1.89257E-1 1.86853E-1 1.41598E-1 1.26964E-1 1.06147E-1 1.28911E-1 1.69386E-1 1.91122E-1 1.76732E-1 1.5447E-1 1.52536E-1 1.77663E-1 1.86326E-1 1.85961E-1 2.23071E-1
1.04918E-1 2.43351E-1 1.66396E-1 1.56944E-1 1.17111E-1 1.2844E-1 1.24002E-1 1.91971E-1 2.29181E-1 3.49088E-1 2.13771E-1 1.97356E-1 1.95339E-1 1.58852E-1 2.5635E-1 2.96239E-1 2.67953E-1 4.15771E-1 4.77163E-1 4.96658E-1 5.04593E-1 2.5982E-1 5.09798E-1 5.20014E-1 3.74058E-1 3.86113E-1 4.13695E-1 4.66948E-1 5.27939E-1 5.59578E-1 5.54136E-1 5.52865E-1 5.53384E-1 4.79444E-1 -9999 -9999 5.06859E-1 3.26809E-1 3.78948E-1 3.05536E-1 3.71788E-1 3.43527E-1 3.06266E-1 3.22282E-1 3.14687E-1 2.55981E-1 2.15745E-1 7.11588E-2 1.23749E-1 1.33718E-1 1.61907E-1 1.83324E-1 1.98704E-1 1.8134E-1 1.69145E-1 1.69528E-1 2.24784E-1 2.21284E-1 2.32512E-1 2.39425E-1
1.72329E-1 1.52739E-1 2.54919E-1 1.54561E-1 1.06613E-1 1.18267E-1 1.11773E-1 1.40806E-1 1.41422E-1 1.60124E-1 4.07031E-1 2.44173E-1 2.10762E-1 3.13152E-1 3.48819E-1 2.28115E-1 3.21749E-1 3.77667E-1 4.20342E-1 4.66646E-1 3.81461E-1 4.77043E-1 4.60896E-1 4.75695E-1 5.1668E-1 4.86588E-1 5.0924E-1 5.28759E-1 5.38564E-1 5.48202E-1 5.08686E-1 5.47532E-1 5.39498E-1 4.4442E-1 4.67077E-1 5.03362E-1 4.06697E-1 3.9671E-1 3.66314E-1 3.61329E-1 2.45048E-1 3.51304E-1 3.34809E-1 3.19866E-1 3.21086E-1 2.70744E-1 1.49633E-1 1.68479E-1 1.35997E-1 1.8195E-1 2.17683E-1 2.35984E-1 2.5001E-1 2.02536E-1 2.10273E-1 2.21763E-1 2.77502E-1 2.34418E-1 2.77931E-1 2.72176E-1
2.10511E-1 1.70974E-1 1.39577E-1 2.25163E-1 1.07189E-1 1.24213E-1 1.18241E-1 1.47158E-1 1.74801E-1 1.66888E-1 2.12227E-1 4.49268E-1 4.40972E-1 2.85226E-1 2.04959E-1 2.69841E-1 3.2814E-1 3.48889E-1 4.03816E-1 4.48292E-1 4.93971E-1 4.53891E-1 4.73223E-1 2.80605E-1 4.97618E-1 4.83056E-1 4.93011E-1 5.2103E-1 5.31482E-1 5.1979E-1 5.09914E-1 5.04642E-1 5.18725E-1 5.19316E-1 4.65747E-1 3.64127E-1 3.48326E-1 3.53986E-1 3.61491E-1 3.59575E-1 3.51487E-1 3.1294E-1 3.18074E-1 3.1721E-1 2.99555E-1 2.59494E-1 2.3517E-1 1.42166E-1 1.44215E-1 1.9261E-1 2.45031E-1 2.68207E-1 2.87509E-1 2.13171E-1 2.11779E-1 2.06201E-1 3.00263E-1 2.57854E-1 3.30588E-1 3.07222E-1
2.21031E-1 2.19988E-1 1.77651E-1 1.56286E-1 1.91815E-1 1.97646E-1 1.9847E-1 2.49723E-1 2.34416E-1 2.23163E-1 1.85609E-1 2.41372E-1 2.45527E-1 2.14266E-1 2.59281E-1 3.00454E-1 3.42456E-1 3.59973E-1 3.98311E-1 4.15709E-1 4.38164E-1 4.18579E-1 4.64245E-1 3.75363E-1 4.35453E-1 1.84062E-1 2.55333E-1 4.91625E-1 4.92647E-1 4.72411E-1 4.61165E-1 4.45531E-1 5.0766E-1 5.24868E-1 4.55063E-1 3.02289E-1 2.48533E-1 3.9479E-1 3.25708E-1 3.62628E-1 3.59895E-1 3.38892E-1 3.54161E-1 3.83899E-1 3.43805E-1 3.48949E-1 2.94809E-1 1.62408E-1 1.63598E-1 2.05889E-1 2.51008E-1 2.92114E-1 2.94073E-1 1.94663E-1 2.10634E-1 2.29812E-1 3.09654E-1 3.15328E-1 3.40213E-1 3.0206E-1
2.58867E-1 2.08825E-1 2.04919E-1 2.2731E-1 2.51323E-1 2.52477E-1 2.24244E-1 2.49062E-1 2.37888E-1 2.2126E-1 2.0649E-1 2.34019E-1 2.70716E-1 2.50476E-1 2.58527E-1 2.67422E-1 2.88188E-1 3.02383E-1 3.40057E-1 3.66229E-1 3.91934E-1 3.89405E-1 4.04265E-1 3.12476E-1 3.09542E-1 3.59747E-1 4.29003E-1 4.43681E-1 4.21449E-1 3.92525E-1 3.73068E-1 4.15014E-1 4.55275E-1 4.50382E-1 4.0784E-1 3.14638E-1 3.03699E-1 3.364E-1 2.77564E-1 3.04798E-1 3.49517E-1 3.68222E-1 3.675E-1 3.94429E-1 3.72785E-1 2.96905E-1 2.35867E-1 1.70108E-1 1.61906E-1 2.10313E-1 2.67797E-1 3.08498E-1 3.05677E-1 2.41129E-1 2.33005E-1 2.91992E-1 3.34375E-1 3.63548E-1 3.62505E-1 3.04944E-1
3.05232E-1 2.88173E-1 2.08684E-1 2.54152E-1 1.68422E-1 2.41959E-1 2.06E-1 2.07386E-1 2.06758E-1 1.85471E-1 1.82972E-1 2.53518E-1 3.09873E-1 2.89351E-1 2.79586E-1 2.36397E-1 2.44541E-1 2.32157E-1 2.38189E-1 2.75769E-1 3.20451E-1 3.67231E-1 4.29509E-1 4.28138E-1 4.206E-1 3.48849E-1 3.27336E-1 4.66244E-1 1.45017E-1 3.62197E-1 3.64838E-1 4.1217E-1 4.39647E-1 4.24376E-1 3.62619E-1 3.2922E-1 3.31545E-1 3.22165E-1 2.87369E-1 2.36387E-1 3.14385E-1 3.73862E-1 2.8834E-1 3.85552E-1 3.57764E-1 2.87138E-1 2.22407E-1 1.91067E-1 1.55418E-1 2.1449E-1 2.69753E-1 3.21191E-1 3.40033E-1 2.81636E-1 2.35342E-1 2.84127E-1 3.4615E-1 3.71322E-1 3.80261E-1 3.21387E-1
3.17376E-1 3.1473E-1 2.87414E-1 2.96698E-1 2.73481E-1 1.50358E-1 2.23169E-1 2.55278E-1 2.52927E-1 2.54686E-1 3.1549E-1 3.55162E-1 4.0502E-1 3.75369E-1 3.4715E-1 2.69341E-1 2.76226E-1 3.0728E-1 2.88927E-1 2.44689E-1 2.60549E-1 2.61913E-1 3.96551E-1 3.87314E-1 3.82783E-1 3.77298E-1 3.26991E-1 3.73725E-1 1.84359E-1 3.39819E-1 3.49135E-1 3.97841E-1 4.31398E-1 4.17741E-1 3.45968E-1 3.5103E-1 3.54689E-1 3.03549E-1 2.92119E-1 3.06958E-1 3.39282E-1 3.80027E-1 3.72188E-1 3.8689E-1 3.69915E-1 1.35059E-1 2.09201E-1 1.82246E-1 1.4887E-1 2.0276E-1 2.75947E-1 3.42472E-1 3.82099E-1 3.11947E-1 1.83264E-1 3.20554E-1 3.71283E-1 3.84093E-1 3.94079E-1 3.40917E-1
