Phytophthora/models/20240506_1646_46/Phytophthora_PA3_RUN4_MAXENT_outputs/Phytophthora_PA3_RUN4.asc
ncols         225
nrows         269
xllcorner     473009.9838
yllcorner     4429051.1748
cellsize      50.0
NODATA_value  -9999
[rows 182 to 207 of 269, columns 120 to 179 of 225]
3.2184E-1 2.75285E-1 2.99801E-1 3.03691E-1 2.6212E-1 1.78299E-1 1.29536E-1 9.19586E-2 5.24115E-2 4.4521E-2 5.32056E-2 8.36107E-2 1.45946E-1 2.21497E-1 3.22899E-1 3.96068E-1 4.65605E-1 5.99499E-1 6.20014E-1 5.95431E-1 3.85313E-1 4.69826E-1 1.76994E-1 1.83285E-1 3.36022E-1 2.67715E-1 1.9015E-1 1.09112E-1 8.10631E-2 6.34388E-2 7.23824E-2 1.52531E-1 1.04967E-1 1.06545E-1 2.19379E-1 2.08953E-1 1.33182E-1 2.391E-1 2.01626E-1 2.52817E-1 3.42213E-1 3.54672E-1 1.66749E-1 2.48378E-1 2.45319E-1 2.17389E-1 5.74895E-2 1.21114E-1 1.81376E-1 1.53516E-1 1.54664E-1 1.24281E-1 1.20146E-1 1.59156E-1 1.69277E-1 1.90164E-1 2.50586E-1 2.55476E-1 2.43152E-1 1.89503E-1
2.10491E-1 2.55687E-1 3.23484E-1 1.16005E-1 2.75577E-1 1.93951E-1 1.43993E-1 1.04222E-1 5.72697E-2 7.91084E-2 1.02317E-1 1.326E-1 1.5686E-1 2.33057E-1 3.10502E-1 4.15129E-1 5.15737E-1 5.73651E-1 6.14494E-1 6.09006E-1 2.83695E-1 3.35553E-1 2.5459E-1 1.00814E-1 3.00838E-1 2.8145E-1 2.24817E-1 1.45401E-1 7.43588E-2 6.21021E-2 9.74585E-2 7.46069E-2 1.02535E-1 1.00945E-1 1.10406E-1 3.46754E-1 2.57662E-1 1.79467E-1 2.99783E-1 3.83385E-1 4.04733E-1 3.90451E-1 1.98757E-1 1.43825E-1 1.19616E-1 1.13889E-1 1.8092E-1 1.64672E-1 1.16115E-1 8.09583E-2 6.84773E-2 7.98942E-2 1.33693E-1 2.07999E-1 2.27144E-1 2.2717E-1 2.13194E-1 2.1459E-1 2.52937E-1 2.48286E-1
2.64202E-1 2.47136E-1 2.15975E-1 2.5673E-1 2.4232E-1 2.04583E-1 1.58127E-1 1.09142E-1 8.9496E-2 1.31443E-1 1.72687E-1 2.09532E-1 2.32538E-1 2.6162E-1 3.11391E-1 3.93642E-1 5.09982E-1 5.79736E-1 5.69354E-1 1.55846E-1 4.50803E-1 2.99026E-1 2.00627E-1 2.78013E-1 1.05982E-1 2.54519E-1 2.03276E-1 1.43465E-1 8.84931E-2 5.62841E-2 8.31846E-2 7.6346E-2 7.12948E-2 8.84897E-2 1.00826E-1 3.30678E-1 3.40766E-1 2.90439E-1 3.95025E-1 4.30278E-1 4.08579E-1 4.24665E-1 2.91744E-1 5.23178E-2 1.64488E-1 1.1476E-1 1.81873E-1 2.19066E-1 1.02622E-1 5.2997E-2 7.38213E-2 1.09478E-1 1.82657E-1 2.29406E-1 2.79236E-1 2.9122E-1 3.21505E-1 2.90955E-1 2.44259E-1 2.43589E-1
2.71948E-1 2.98358E-1 2.83488E-1 2.96952E-1 1.19457E-1 2.40867E-1 1.81982E-1 1.29263E-1 1.54346E-1 2.02303E-1 2.44584E-1 2.83577E-1 3.25064E-1 3.44334E-1 3.5858E-1 4.0638E-1 4.93221E-1 5.7719E-1 5.53979E-1 2.21452E-1 3.07474E-1 2.85342E-1 2.08218E-1 2.0824E-1 2.79117E-1 1.81575E-1 1.56058E-1 1.12296E-1 8.35147E-2 6.17512E-2 8.28013E-2 1.44838E-1 2.00607E-1 1.54219E-1 1.80221E-1 2.43169E-1 2.94848E-1 2.82101E-1 4.03005E-1 4.4137E-1 4.1699E-1 4.05261E-1 3.96197E-1 1.25813E-1 2.61884E-1 2.46447E-1 2.40441E-1 1.35183E-1 8.92942E-2 5.73921E-2 9.28357E-2 1.74654E-1 2.32807E-1 2.97815E-1 3.80186E-1 3.83519E-1 3.70972E-1 3.49812E-1 2.95905E-1 2.29062E-1
2.47867E-1 2.74575E-1 2.92061E-1 3.28252E-1 3.17721E-1 2.83224E-1 2.08326E-1 1.94186E-1 2.32124E-1 2.78742E-1 3.16584E-1 3.59884E-1 4.05254E-1 4.18956E-1 4.07611E-1 4.586E-1 5.31252E-1 4.00976E-1 2.47206E-1 4.31702E-1 3.16352E-1 2.84553E-1 2.17926E-1 1.51486E-1 1.40793E-1 1.42317E-1 1.36504E-1 9.51664E-2 5.82244E-2 6.3022E-2 8.91052E-2 1.5501E-1 2.39518E-1 3.16428E-1 3.454E-1 3.87927E-1 4.23244E-1 4.5311E-1 4.56174E-1 4.46442E-1 4.34745E-1 3.41673E-1 4.02095E-1 1.10743E-1 3.12636E-1 2.92856E-1 1.63582E-1 1.09537E-1 7.96406E-2 8.65889E-2 1.45208E-1 2.0654E-1 2.82555E-1 3.79956E-1 4.08425E-1 4.08461E-1 3.84033E-1 3.52533E-1 3.44857E-1 2.51061E-1
2.25226E-1 2.16621E-1 2.43043E-1 2.78825E-1 3.72722E-1 2.45211E-1 2.39679E-1 2.71531E-1 3.12752E-1 3.58615E-1 3.89146E-1 4.28553E-1 4.70781E-1 4.84386E-1 4.98495E-1 5.18109E-1 5.39501E-1 6.54138E-1 5.74961E-1 4.19952E-1 3.34603E-1 2.7975E-1 2.06178E-1 1.40105E-1 1.18186E-1 1.03883E-1 9.00492E-2 8.10212E-2 5.49498E-2 7.45259E-2 1.11085E-1 2.0723E-1 3.06304E-1 3.93031E-1 3.93343E-1 4.24785E-1 4.19153E-1 5.02425E-1 4.9635E-1 4.79763E-1 4.54796E-1 3.15911E-1 4.02601E-1 1.94439E-1 2.01714E-1 2.24402E-1 1.66288E-1 1.14969E-1 9.92522E-2 1.55599E-1 2.17317E-1 2.64766E-1 3.28313E-1 3.95964E-1 4.28451E-1 4.28956E-1 3.71448E-1 2.89562E-1 3.34031E-1 3.14218E-1
2.13461E-1 2.45661E-1 2.26714E-1 2.80745E-1 2.81971E-1 1.70862E-1 2.12568E-1 2.94562E-1 3.32868E-1 3.77071E-1 3.99103E-1 4.3108E-1 4.74597E-1 4.84673E-1 4.98453E-1 5.15337E-1 4.84941E-1 4.68608E-1 5.12332E-1 4.39718E-1 3.32644E-1 2.82029E-1 2.34178E-1 1.63074E-1 1.03076E-1 9.5326E-2 8.10527E-2 6.20483E-2 6.36497E-2 8.92877E-2 1.70478E-1 2.29931E-1 3.05259E-1 3.91663E-1 3.67291E-1 3.986E-1 4.25438E-1 4.62495E-1 4.25283E-1 3.99002E-1 3.72371E-1 3.30533E-1 3.72776E-1 1.72523E-1 1.69532E-1 1.76946E-1 1.44775E-1 1.19558E-1 1.48268E-1 2.34784E-1 2.84631E-1 3.43669E-1 3.68197E-1 3.7776E-1 4.20555E-1 4.25944E-1 3.88141E-1 3.60455E-1 3.74607E-1 3.22804E-1
1.57476E-1 2.85273E-1 2.64112E-1 2.65329E-1 2.64485E-1 2.66128E-1 1.14257E-1 3.05216E-1 3.31268E-1 3.7301E-1 3.9046E-1 4.10925E-1 4.4972E-1 4.52498E-1 4.69772E-1 4.79161E-1 1.95539E-1 5.28193E-1 4.3055E-1 3.84559E-1 3.3167E-1 2.75481E-1 2.03708E-1 1.47987E-1 9.86115E-2 1.69288E-1 7.52806E-2 8.38864E-2 6.26491E-2 1.02014E-1 1.92558E-1 2.56477E-1 2.85808E-1 3.30977E-1 3.65443E-1 3.74691E-1 4.13212E-1 4.35038E-1 3.74176E-1 3.71094E-1 3.24758E-1 2.80262E-1 4.00236E-1 7.84947E-2 1.72754E-1 1.96869E-1 1.76763E-1 1.69884E-1 2.21263E-1 3.03498E-1 3.34068E-1 3.76029E-1 3.87531E-1 3.87176E-1 3.96667E-1 3.99521E-1 3.86149E-1 3.48119E-1 3.71857E-1 3.58129E-1
1.79474E-1 2.39173E-1 1.49045E-1 2.23386E-1 2.56869E-1 2.69445E-1 2.36841E-1 3.13637E-1 3.26946E-1 3.49336E-1 3.59446E-1 3.73558E-1 3.92409E-1 3.97104E-1 4.12687E-1 2.71887E-1 4.24503E-1 3.99061E-1 3.6127E-1 3.51834E-1 3.23929E-1 2.7822E-1 2.14896E-1 1.60848E-1 1.24161E-1 1.2448E-1 6.37075E-2 5.50892E-2 6.25968E-2 1.30575E-1 2.20925E-1 2.6807E-1 2.85878E-1 3.18798E-1 3.81873E-1 3.97184E-1 3.81644E-1 4.01032E-1 3.92296E-1 4.08574E-1 3.65598E-1 3.0832E-1 2.726E-1 3.67139E-1 6.06431E-2 1.78563E-1 1.69012E-1 2.26929E-1 2.72589E-1 3.22488E-1 3.5559E-1 3.84365E-1 3.82089E-1 3.7946E-1 4.013E-1 3.86377E-1 3.90041E-1 3.20138E-1 3.4457E-1 3.54558E-1
1.36242E-1 2.13407E-1 1.48941E-1 2.35434E-1 2.72111E-1 2.71876E-1 3.4238E-1 3.64898E-1 3.01591E-1 3.07184E-1 3.10856E-1 2.79209E-1 2.31026E-1 1.79746E-1 9.35636E-2 2.52732E-1 2.02282E-1 2.5867E-1 2.97006E-1 3.09007E-1 2.88687E-1 2.5671E-1 2.21102E-1 1.83999E-1 1.58059E-1 1.22885E-1 6.73933E-2 7.61248E-2 1.17825E-1 1.92801E-1 2.34171E-1 2.51761E-1 2.6183E-1 2.89765E-1 3.45246E-1 3.82347E-1 4.08532E-1 4.24579E-1 4.60562E-1 4.2307E-1 3.65693E-1 3.10717E-1 2.79327E-1 3.03037E-1 3.11013E-1 3.68987E-2 5.60444E-2 1.06424E-1 2.31167E-1 3.2163E-1 3.51811E-1 3.67996E-1 3.57936E-1 3.46843E-1 3.8834E-1 3.61008E-1 3.78516E-1 2.82243E-1 3.52469E-1 3.76874E-1
2.10784E-1 2.43385E-1 2.94661E-1 2.6258E-1 2.92811E-1 3.05275E-1 3.55379E-1 3.53613E-1 2.90011E-1 2.5371E-1 1.35575E-1 7.44055E-2 1.26718E-1 1.1691E-1 2.82954E-1 2.44041E-1 2.16588E-1 2.36857E-1 2.70881E-1 3.05539E-1 3.12491E-1 3.01763E-1 2.80871E-1 2.64974E-1 2.16348E-1 1.53197E-1 1.28382E-1 1.94695E-1 2.16422E-1 3.05509E-1 3.38142E-1 3.46889E-1 3.37089E-1 3.48021E-1 3.85777E-1 4.20705E-1 4.4021E-1 4.37351E-1 4.51679E-1 4.19453E-1 3.63546E-1 3.00164E-1 2.64872E-1 2.25176E-1 2.73222E-1 2.68932E-1 1.59533E-1 1.50068E-1 2.05953E-1 1.88771E-1 1.97116E-1 1.51908E-1 1.26511E-1 2.27914E-1 3.67964E-1 3.18202E-1 3.10543E-1 3.03268E-1 3.60031E-1 4.03799E-1
2.36903E-1 2.49766E-1 2.29154E-1 2.75942E-1 2.80865E-1 2.96506E-1 3.35956E-1 3.58478E-1 1.58518E-1 7.64953E-2 1.36432E-1 1.29503E-1 1.33405E-1 1.15847E-1 1.83317E-1 2.2375E-1 2.10203E-1 2.31573E-1 3.24139E-1 3.38999E-1 3.66929E-1 3.73369E-1 3.50535E-1 2.91065E-1 2.24558E-1 1.70537E-1 2.40515E-1 3.32304E-1 3.28175E-1 3.37328E-1 3.485E-1 3.65843E-1 3.91919E-1 3.99074E-1 4.16848E-1 4.60386E-1 4.75202E-1 4.76029E-1 4.43926E-1 3.71261E-1 3.12669E-1 2.42013E-1 2.03226E-1 1.86125E-1 1.79609E-1 2.33382E-1 2.39671E-1 3.41672E-1 3.02617E-1 3.3881E-1 3.49333E-1 3.4634E-1 3.59091E-1 2.22557E-1 3.29689E-1 3.63765E-1 3.23107E-1 2.94621E-1 3.69655E-1 4.29802E-1
2.57269E-1 2.57194E-1 2.31235E-1 2.63781E-1 2.80571E-1 3E-1 3.22788E-1 3.41849E-1 2.27588E-1 1.77942E-1 1.48997E-1 1.38616E-1 1.34928E-1 1.09124E-1 1.99676E-1 1.38931E-1 3.43631E-1 1.47073E-1 7.87601E-2 2.57954E-1 3.68288E-1 3.68001E-1 3.21078E-1 2.66205E-1 2.17649E-1 2.53908E-1 3.06117E-1 4.23122E-1 4.31305E-1 3.97556E-1 3.28739E-1 3.36382E-1 4.31302E-1 4.46133E-1 4.58178E-1 4.77729E-1 4.91737E-1 5.01053E-1 4.82376E-1 4.13517E-1 3.50946E-1 2.81183E-1 2.46615E-1 2.03038E-1 1.78417E-1 1.38559E-1 1.44406E-1 1.51986E-1 2.13836E-1 2.74506E-1 2.84145E-1 3.32807E-1 3.11749E-1 1.78509E-1 3.43343E-1 3.64581E-1 3.17276E-1 2.91278E-1 3.06963E-1 3.29754E-1
2.90504E-1 2.69821E-1 2.29394E-1 2.12135E-1 2.54108E-1 2.97296E-1 3.05568E-1 2.56204E-1 1.04071E-1 1.71166E-1 1.82767E-1 1.58781E-1 1.41128E-1 1.29973E-1 2.40226E-1 1.51141E-1 2.25685E-1 1.78043E-1 1.96553E-1 2.31442E-1 1.25663E-1 3.22296E-1 3.24689E-1 2.83224E-1 2.40799E-1 3.26525E-1 4.22099E-1 4.91017E-1 4.93833E-1 4.37029E-1 3.65938E-1 3.58935E-1 4.30619E-1 4.36015E-1 4.43366E-1 4.29689E-1 4.67361E-1 4.7873E-1 4.37691E-1 4.0292E-1 3.55062E-1 3.01449E-1 2.65795E-1 2.13876E-1 1.77047E-1 1.4999E-1 1.44977E-1 1.1977E-1 1.54036E-1 1.96012E-1 1.98607E-1 1.91833E-1 2.46124E-1 2.09582E-1 3.60886E-1 3.3735E-1 2.82704E-1 2.26354E-1 1.75773E-1 1.91476E-1
3.06351E-1 2.62739E-1 2.20765E-1 1.58986E-1 2.25115E-1 2.22785E-1 2.75672E-1 2.55236E-1 8.6997E-2 1.70132E-1 1.50788E-1 1.36043E-1 1.1574E-1 1.20626E-1 2.21974E-1 1.9582E-1 2.52092E-1 1.54081E-1 1.77717E-1 1.94234E-1 2.30826E-1 2.88582E-1 3.28879E-1 2.99975E-1 3.03173E-1 4.0898E-1 4.91115E-1 5.4599E-1 5.17927E-1 4.68011E-1 4.04033E-1 3.93355E-1 4.26558E-1 4.13647E-1 3.40959E-1 3.43251E-1 3.9555E-1 4.24223E-1 4.17927E-1 4.07228E-1 3.83267E-1 3.57493E-1 3.35167E-1 3.43595E-1 3.06679E-1 2.54243E-1 1.60576E-1 2.03912E-1 2.44193E-1 2.47738E-1 1.7803E-1 1.49488E-1 2.40773E-1 1.96189E-1 3.74253E-1 3.26191E-1 2.70498E-1 1.75671E-1 2.05033E-1 1.80923E-1
2.8088E-1 2.35248E-1 2.23148E-1 2.01679E-1 1.98482E-1 2.16958E-1 2.70025E-1 3.01111E-1 1.26954E-1 2.48343E-1 2.24044E-1 2.24932E-1 1.84447E-1 1.61341E-1 1.46531E-1 2.52902E-1 1.18965E-1 1.31886E-1 1.431E-1 2.17811E-1 2.35274E-1 2.62917E-1 3.16882E-1 2.90827E-1 3.55196E-1 4.58038E-1 5.30302E-1 5.75682E-1 5.34042E-1 5.17095E-1 4.47018E-1 4.1871E-1 4.01991E-1 2.96392E-1 4.19571E-1 4.38155E-1 4.44728E-1 4.12502E-1 3.55866E-1 3.59369E-1 3.44237E-1 3.95033E-1 3.63026E-1 2.82615E-1 2.94244E-1 2.84545E-1 3.0615E-1 3.34918E-1 3.05679E-1 2.16289E-1 2.11634E-1 3.17777E-1 4.07967E-1 3.73655E-1 2.3991E-1 2.84815E-1 1.95563E-1 1.88654E-1 2.07628E-1 1.93321E-1
3.60157E-1 2.98265E-1 1.92151E-1 1.99754E-1 1.27454E-1 2.05799E-1 2.58663E-1 3.17588E-1 2.85607E-1 2.50551E-1 2.68013E-1 2.5026E-1 2.04637E-1 1.77211E-1 1.36393E-1 1.17564E-1 1.31237E-1 1.3185E-1 1.59362E-1 1.8605E-1 2.21946E-1 2.09057E-1 2.59918E-1 2.57256E-1 3.91859E-1 5.35057E-1 5.78534E-1 6.00404E-1 5.79792E-1 5.56987E-1 4.58021E-1 3.63212E-1 4.43988E-1 4.256E-1 4.19985E-1 4.32956E-1 4.39378E-1 4.31643E-1 3.77082E-1 3.69895E-1 3.25151E-1 3.97716E-1 3.10599E-1 3.02505E-1 2.40652E-1 3.09947E-1 3.06617E-1 1.7054E-1 2.25137E-1 2.46786E-1 2.92498E-1 3.19586E-1 3.59367E-1 3.92331E-1 2.03187E-1 1.99684E-1 2.0315E-1 2.20866E-1 2.02987E-1 2.45632E-1
1.89691E-1 3.00621E-1 2.5609E-1 2.33829E-1 2.06884E-1 2.26372E-1 2.32901E-1 8.81786E-2 1.77687E-1 2.13236E-1 2.17218E-1 1.99612E-1 1.54636E-1 1.4011E-1 1.20951E-1 1.07039E-1 1.10847E-1 1.15674E-1 1.85396E-1 1.67004E-1 2.49568E-1 2.03323E-1 2.17361E-1 3.09445E-1 4.89485E-1 5.7233E-1 6.02569E-1 6.13133E-1 5.93999E-1 5.21267E-1 5.02574E-1 4.93841E-1 4.63235E-1 3.31152E-1 3.99128E-1 3.42984E-1 4.23108E-1 4.33014E-1 3.62467E-1 2.94454E-1 2.98385E-1 3.01992E-1 3.5912E-1 3.57806E-1 3.55953E-1 3.53193E-1 2.66949E-1 1.74115E-1 2.43833E-1 2.7722E-1 2.77224E-1 2.45068E-1 2.30833E-1 3.08111E-1 3.2857E-1 2.11671E-1 2.5017E-1 2.36344E-1 2.61089E-1 2.45189E-1
1.87159E-1 2.14743E-1 2.27464E-1 2.33218E-1 8.61129E-2 1.58825E-1 1.83515E-1 1.67758E-1 1.16616E-1 2.08765E-1 1.94274E-1 1.7831E-1 1.46939E-1 1.31979E-1 1.23379E-1 1.06951E-1 1.00016E-1 1.00775E-1 1.36946E-1 2.16926E-1 3.33965E-1 3.44079E-1 3.44954E-1 4.51488E-1 5.72451E-1 6.03688E-1 6.16445E-1 6.1319E-1 5.92952E-1 5.95321E-1 5.37506E-1 4.84956E-1 5.15877E-1 4.7437E-1 4.39854E-1 4.31855E-1 3.51642E-1 3.61384E-1 2.03339E-1 2.81979E-1 2.87953E-1 2.85465E-1 2.91759E-1 3.25989E-1 3.36453E-1 3.31001E-1 2.48541E-1 1.47384E-1 1.63293E-1 2.2561E-1 2.65612E-1 2.54887E-1 2.20551E-1 2.42822E-1 1.06853E-1 2.47758E-1 2.71346E-1 2.80416E-1 2.72784E-1 2.73915E-1
2.07314E-1 2.37149E-1 1.0508E-1 2.50475E-1 1.27975E-1 1.28763E-1 1.33768E-1 1.23279E-1 1.54493E-1 1.93274E-1 2.10989E-1 1.90433E-1 1.70899E-1 1.33115E-1 1.55424E-1 1.51172E-1 1.74385E-1 1.70535E-1 1.75825E-1 2.48895E-1 2.92035E-1 3.57675E-1 4.24E-1 5.46322E-1 5.95583E-1 6.22229E-1 6.32427E-1 6.48022E-1 6.40557E-1 6.11331E-1 5.49553E-1 4.83315E-1 5.37071E-1 4.95601E-1 4.58128E-1 4.52689E-1 4.53997E-1 3.75621E-1 3.65816E-1 2.91609E-1 2.85913E-1 2.83311E-1 2.59805E-1 2.41039E-1 2.13685E-1 1.73104E-1 2.70437E-1 1.69726E-1 1.11576E-1 1.58321E-1 2.07509E-1 2.2043E-1 2.22713E-1 2.16293E-1 1.89273E-1 1.12476E-1 2.54515E-1 1.96718E-1 1.85083E-1 2.71672E-1
1.77004E-1 2.30426E-1 2.62796E-1 1.8627E-1 1.49237E-1 1.66147E-1 1.67359E-1 1.6632E-1 1.91197E-1 2.37371E-1 2.59093E-1 2.29692E-1 2.01369E-1 1.62235E-1 1.71263E-1 1.85405E-1 2.04765E-1 1.92776E-1 1.66479E-1 2.1193E-1 2.71017E-1 3.69986E-1 4.84745E-1 5.67692E-1 6.11037E-1 6.3925E-1 6.59723E-1 6.88233E-1 6.46586E-1 6.09355E-1 5.32793E-1 4.77197E-1 4.99033E-1 5.03018E-1 4.86876E-1 4.59108E-1 4.52532E-1 3.4007E-1 4.11986E-1 3.73312E-1 2.84175E-1 2.99962E-1 2.88866E-1 2.06138E-1 1.54531E-1 8.01103E-2 1.90746E-1 1.80056E-1 1.3916E-1 1.8964E-1 2.41013E-1 2.59187E-1 2.71792E-1 2.49626E-1 1.86675E-1 2.3342E-1 1.15595E-1 9.232E-2 1.01977E-1 1.68946E-1
1.35405E-1 1.84786E-1 6.03094E-2 6.17151E-2 1.19879E-1 2.12867E-1 2.38229E-1 2.51331E-1 3.04624E-1 3.23349E-1 3.0971E-1 2.7619E-1 2.40125E-1 1.87059E-1 1.50022E-1 1.35273E-1 1.379E-1 9.30666E-2 1.23579E-1 1.51196E-1 1.88799E-1 2.75325E-1 4.20055E-1 5.1012E-1 5.58604E-1 6.06281E-1 6.35811E-1 6.60497E-1 6.12668E-1 5.68961E-1 4.82552E-1 4.19365E-1 4.71697E-1 5.0549E-1 4.91711E-1 3.88933E-1 4.3661E-1 4.32243E-1 4.15793E-1 3.85742E-1 3.45639E-1 2.99064E-1 2.9836E-1 2.81817E-1 2.20241E-1 1.78102E-1 1.81516E-1 1.76841E-1 2.01539E-1 2.30881E-1 2.69806E-1 2.94023E-1 3.0878E-1 2.93416E-1 2.57847E-1 2.24521E-1 1.70851E-1 1.03068E-1 1.50171E-1 1.98942E-1
1.85698E-1 7.72716E-2 1.5386E-1 1.43936E-1 2.07964E-1 1.59115E-1 1.49827E-1 8.52362E-2 1.40229E-1 2.2567E-1 2.4345E-1 2.52294E-1 2.40861E-1 2.01542E-1 1.54775E-1 1.00705E-1 7.5358E-2 6.40769E-2 8.94468E-2 1.07708E-1 1.88436E-1 3.36186E-1 4.25791E-1 4.59597E-1 4.83772E-1 5.50492E-1 5.88589E-1 6.0727E-1 5.52227E-1 5.09052E-1 3.73595E-1 3.80065E-1 4.65677E-1 5.04126E-1 4.9215E-1 4.00387E-1 4.51991E-1 4.28909E-1 3.80857E-1 3.75991E-1 3.7445E-1 3.03844E-1 3.2211E-1 2.46343E-1 2.82633E-1 2.61616E-1 2.16605E-1 1.40821E-1 1.95216E-1 2.40119E-1 2.77306E-1 2.98211E-1 3.18369E-1 3.08573E-1 2.7456E-1 2.54163E-1 1.66299E-1 6.60111E-2 1.00199E-1 1.60848E-1
2.30758E-1 1.67321E-1 1.49788E-1 1.27828E-1 1.34891E-1 2.82217E-1 2.27925E-1 1.92706E-1 1.80758E-1 2.05471E-1 2.05195E-1 2.17732E-1 2.16851E-1 1.81758E-1 1.37102E-1 8.63754E-2 3.98356E-2 4.31344E-2 8.44641E-2 1.45203E-1 2.19143E-1 3.75047E-1 4.32313E-1 4.78656E-1 5.00962E-1 5.11142E-1 5.06153E-1 5.00349E-1 4.63057E-1 4.26405E-1 3.58073E-1 3.68715E-1 4.6974E-1 4.97408E-1 4.91999E-1 4.14433E-1 4.51608E-1 4.20777E-1 3.43529E-1 3.29827E-1 3.02373E-1 2.65477E-1 2.37255E-1 3.19199E-1 3.28803E-1 3.07666E-1 2.97944E-1 2.40713E-1 2.24348E-1 2.68457E-1 2.69032E-1 3.06636E-1 3.3668E-1 3.27645E-1 2.91044E-1 9.82864E-2 1.26107E-1 8.12048E-2 1.39148E-1 2.56575E-1
1.71495E-1 1.5476E-1 1.4341E-1 1.26332E-1 2.42776E-1 8.6072E-2 1.24355E-1 3.22256E-1 2.22965E-1 2.30774E-1 2.32258E-1 2.23128E-1 2.02168E-1 1.64072E-1 1.20021E-1 6.8501E-2 3.7982E-2 6.25804E-2 1.08083E-1 2.0234E-1 2.84421E-1 3.79375E-1 4.124E-1 4.68779E-1 5.04941E-1 5.24258E-1 5.30028E-1 4.87394E-1 3.98576E-1 3.96204E-1 3.71138E-1 3.57515E-1 4.33603E-1 4.75541E-1 4.67867E-1 4.38554E-1 4.64315E-1 4.30437E-1 3.5768E-1 3.27275E-1 1.87095E-1 3.07365E-1 3.52996E-1 3.418E-1 3.56955E-1 3.23895E-1 3.09422E-1 2.87772E-1 2.24462E-1 2.52325E-1 2.95922E-1 3.21827E-1 3.40937E-1 3.39326E-1 1.03438E-1 1.91959E-1 1.14832E-1 1.07163E-1 1.58014E-1 2.44014E-1
1.60417E-1 1.47301E-1 1.17528E-1 9.85736E-2 1.61149E-1 9.48514E-2 1.19107E-1 1.34699E-1 3.08848E-1 1.89962E-1 2.20681E-1 2.15952E-1 1.92576E-1 1.50041E-1 1.09156E-1 6.862E-2 4.56074E-2 8.536E-2 1.30569E-1 2.2532E-1 2.99794E-1 3.74987E-1 3.92372E-1 4.49409E-1 4.85436E-1 5.1756E-1 5.17846E-1 5.19204E-1 4.26256E-1 3.96482E-1 3.63095E-1 3.61676E-1 4.06317E-1 4.50831E-1 4.40232E-1 4.45634E-1 4.75518E-1 4.03868E-1 3.72486E-1 3.50047E-1 3.00469E-1 2.87109E-1 3.6257E-1 3.45566E-1 3.52104E-1 3.32543E-1 3.05665E-1 3.01061E-1 2.37234E-1 2.46125E-1 2.95226E-1 2.89786E-1 2.43391E-1 1.75829E-1 1.43429E-1 2.11128E-1 1.60782E-1 1.15522E-1 1.3233E-1 2.18018E-1
