Phytophthora/models/20240506_1646_46/Phytophthora_PA3_RUN4_MAXENT_outputs/Phytophthora_PA3_RUN4.asc
ncols         225
nrows         269
xllcorner     473009.9838
yllcorner     4429051.1748
cellsize      50.0
NODATA_value  -9999
[rows 234 to 259 of 269, columns 120 to 179 of 225]
3.07631E-1 3.13577E-1 2.9085E-1 2.74383E-1 2.85724E-1 2.82268E-1 2.95139E-1 3.13118E-1 3.39395E-1 4.44577E-1 3.93746E-1 4.52481E-1 4.27759E-1 4.3724E-1 4.4119E-1 4.81425E-1 4.65371E-1 5.20072E-1 5.92218E-1 2.39299E-1 5.71524E-1 5.42606E-1 4.61143E-1 3.49042E-1 2.64669E-1 2.47773E-1 3.05247E-1 3.47271E-1 3.72372E-1 3.96336E-1 3.84238E-1 3.91246E-1 4.32629E-1 4.90955E-1 5.2798E-1 5.66324E-1 5.55752E-1 4.04877E-1 3.76662E-1 3.77485E-1 4.01911E-1 4.34273E-1 3.92104E-1 5.06153E-1 2.22954E-1 4.51818E-1 3.86721E-1 3.22722E-1 3.24258E-1 3.1153E-1 3.46607E-1 3.71413E-1 4.33132E-1 5.17095E-1 5.63174E-1 6.143E-1 6.3348E-1 5.79634E-1 5.69377E-1 5.74182E-1
3.18499E-1 3.60583E-1 3.49796E-1 3.06147E-1 3.0962E-1 3.17031E-1 3.63723E-1 4.17667E-1 4.24177E-1 5.06325E-1 4.68462E-1 5.17149E-1 4.95274E-1 4.07891E-1 3.95588E-1 4.17896E-1 4.41357E-1 4.98435E-1 5.83931E-1 4.98887E-1 4.55205E-1 4.0322E-1 3.64173E-1 3.11528E-1 3.05737E-1 3.96815E-1 4.41998E-1 4.58106E-1 4.70237E-1 4.62683E-1 4.57482E-1 4.69243E-1 4.66936E-1 4.90879E-1 5.12166E-1 5.32837E-1 5.32184E-1 4.47047E-1 3.47363E-1 3.65208E-1 4.156E-1 4.98429E-1 5.38252E-1 5.35755E-1 3.50885E-1 3.44382E-1 3.92356E-1 3.08051E-1 2.94468E-1 2.73049E-1 3.17555E-1 4.19768E-1 5.13317E-1 5.32057E-1 4.92533E-1 6.16019E-1 6.61285E-1 6.01645E-1 5.64511E-1 5.66044E-1
3.2979E-1 3.71654E-1 3.90362E-1 3.47986E-1 3.23126E-1 3.25311E-1 4.249E-1 4.94247E-1 4.92908E-1 5.56976E-1 5.15164E-1 5.61816E-1 5.49965E-1 4.63642E-1 3.83232E-1 3.95694E-1 4.25885E-1 4.87608E-1 5.18373E-1 4.75923E-1 5.06383E-1 4.38411E-1 4.10888E-1 3.51029E-1 4.10722E-1 4.90098E-1 5.31388E-1 5.36217E-1 5.54414E-1 5.3863E-1 5.29252E-1 5.19683E-1 5.03039E-1 5.4573E-1 5.33323E-1 5.14522E-1 4.78838E-1 3.95198E-1 2.52897E-1 3.27924E-1 4.42978E-1 5.21296E-1 5.49178E-1 5.54113E-1 5.42168E-1 5.44351E-1 4.38802E-1 3.86085E-1 3.47218E-1 3.7546E-1 4.59318E-1 5.65786E-1 5.81799E-1 5.99679E-1 5.61411E-1 6.79318E-1 6.81796E-1 6.10632E-1 5.74868E-1 5.83954E-1
3.55562E-1 4.02732E-1 3.72949E-1 2.63975E-1 2.21125E-1 2.45396E-1 3.97861E-1 5.24767E-1 5.32353E-1 5.87011E-1 5.28945E-1 5.95687E-1 5.79726E-1 5.2489E-1 4.67691E-1 4.50325E-1 4.19143E-1 4.81028E-1 4.92434E-1 3.2199E-1 4.37954E-1 4.26346E-1 3.5589E-1 3.96855E-1 5.09075E-1 5.63641E-1 5.91653E-1 5.94363E-1 6.22979E-1 5.87039E-1 5.66047E-1 5.30475E-1 5.43438E-1 5.42053E-1 5.17919E-1 4.99278E-1 3.92836E-1 3.59624E-1 4.04459E-1 4.78367E-1 4.98151E-1 5.53339E-1 5.79591E-1 5.67433E-1 5.50408E-1 3.56096E-1 3.86852E-1 3.66434E-1 3.76358E-1 4.76996E-1 5.50582E-1 6.267E-1 6.54421E-1 6.52234E-1 6.50357E-1 6.42606E-1 6.75289E-1 6.60204E-1 6.2706E-1 5.902E-1
4.79967E-1 4.64677E-1 3.89039E-1 3.63522E-1 3.62865E-1 3.62794E-1 4.29756E-1 4.5036E-1 4.76742E-1 5.75237E-1 5.28113E-1 6.38349E-1 6.29433E-1 5.94524E-1 5.64775E-1 5.57105E-1 5.45623E-1 4.88638E-1 4.19296E-1 3.28771E-1 3.33904E-1 3.1743E-1 3.3472E-1 4.38962E-1 5.499E-1 6.08219E-1 6.21787E-1 6.41102E-1 6.57583E-1 6.13135E-1 5.89704E-1 5.65521E-1 5.88133E-1 5.36856E-1 5.0083E-1 3.65346E-1 3.50769E-1 2.83241E-1 4.21168E-1 5.19605E-1 5.41337E-1 5.54488E-1 5.69646E-1 5.36668E-1 2.80554E-1 3.69221E-1 3.39638E-1 3.54856E-1 4.42492E-1 5.38197E-1 5.98558E-1 6.29273E-1 5.6791E-1 6.04936E-1 6.37868E-1 6.2685E-1 6.58064E-1 6.78805E-1 6.53011E-1 5.7108E-1
4.04651E-1 3.84386E-1 3.47995E-1 3.44622E-1 3.789E-1 3.91907E-1 4.41351E-1 5.3284E-1 5.51193E-1 5.5996E-1 4.60292E-1 6.53778E-1 6.57616E-1 6.36819E-1 6.25283E-1 6.49366E-1 6.14933E-1 5.46255E-1 4.40006E-1 2.81227E-1 2.38726E-1 2.51718E-1 3.59666E-1 4.67033E-1 5.67446E-1 6.22343E-1 6.23461E-1 6.55786E-1 6.18956E-1 6.00184E-1 5.50046E-1 5.95951E-1 4.35239E-1 5.24725E-1 5.06353E-1 4.3115E-1 3.29356E-1 3.5514E-1 4.48429E-1 5.38911E-1 5.58844E-1 5.6151E-1 5.53541E-1 4.23818E-1 4.08505E-1 3.78469E-1 3.5407E-1 4.01924E-1 4.86269E-1 5.40305E-1 5.66679E-1 5.89755E-1 4.73426E-1 6.09196E-1 4.19502E-1 5.82495E-1 6.85855E-1 7.00383E-1 6.90241E-1 6.24314E-1
3.99803E-1 3.77642E-1 3.50509E-1 4.12403E-1 4.28896E-1 4.20229E-1 4.36444E-1 5.50874E-1 6.05414E-1 5.59903E-1 6.05669E-1 6.55006E-1 6.41175E-1 6.35772E-1 6.09642E-1 6.32291E-1 6.33501E-1 5.60605E-1 4.57566E-1 3.32012E-1 2.11996E-1 2.59171E-1 3.74676E-1 4.93853E-1 5.54961E-1 5.94986E-1 6.32417E-1 6.36693E-1 5.7823E-1 4.90411E-1 4.80698E-1 6.1522E-1 5.77244E-1 6.25216E-1 5.49736E-1 4.93276E-1 4.54535E-1 3.73468E-1 4.82783E-1 5.56071E-1 5.69458E-1 5.56164E-1 5.11235E-1 2.54513E-1 3.63703E-1 3.3793E-1 3.63372E-1 4.46146E-1 5.20728E-1 5.59994E-1 5.4565E-1 5.79404E-1 4.55813E-1 5.58751E-1 4.77E-1 5.71163E-1 6.72549E-1 7.11564E-1 7.03725E-1 6.85818E-1
4.76625E-1 4.90407E-1 4.95779E-1 5.09455E-1 4.75139E-1 4.07711E-1 5.03314E-1 5.59524E-1 6.01452E-1 5.42259E-1 6.626E-1 7.03641E-1 6.75417E-1 6.05477E-1 5.89571E-1 5.91069E-1 5.8746E-1 5.57993E-1 4.52707E-1 3.30636E-1 1.18867E-1 2.61477E-1 3.66245E-1 4.44505E-1 4.81592E-1 5.59929E-1 6.19496E-1 5.82754E-1 5.57122E-1 5.49266E-1 5.42243E-1 6.5457E-1 5.88598E-1 6.41474E-1 5.91933E-1 5.43833E-1 5.18795E-1 4.49111E-1 4.93579E-1 5.19049E-1 5.57578E-1 5.22564E-1 4.01618E-1 1.51583E-1 2.99084E-1 2.52414E-1 3.88522E-1 4.96146E-1 5.49709E-1 5.64045E-1 5.67318E-1 4.608E-1 5.80787E-1 5.09169E-1 5.23522E-1 5.59172E-1 6.65188E-1 7.37623E-1 7.1477E-1 6.80142E-1
5.65235E-1 5.93514E-1 6.54967E-1 5.91336E-1 4.48001E-1 5.12862E-1 5.5226E-1 5.76251E-1 6.04286E-1 5.11225E-1 6.82445E-1 7.2767E-1 7.22024E-1 6.58554E-1 6.35603E-1 6.18402E-1 5.87277E-1 5.48466E-1 4.29425E-1 3.13933E-1 1.45736E-1 2.38837E-1 3.11582E-1 3.58703E-1 4.68803E-1 5.42019E-1 5.0604E-1 5.79233E-1 6.39648E-1 6.46663E-1 5.95681E-1 6.15285E-1 5.46541E-1 5.2581E-1 6.04731E-1 5.75054E-1 5.79834E-1 5.64838E-1 5.62296E-1 5.56625E-1 5.32989E-1 4.50221E-1 3.06686E-1 1.49E-1 2.10549E-1 2.12026E-1 3.7999E-1 4.96322E-1 5.12163E-1 4.82261E-1 5.2212E-1 5.74991E-1 4.58331E-1 5.81002E-1 5.95564E-1 5.8741E-1 6.27921E-1 7.23175E-1 6.97123E-1 6.15291E-1
4.19417E-1 5.50494E-1 6.5417E-1 5.2801E-1 3.89693E-1 4.54861E-1 4.92906E-1 5.59299E-1 6.11139E-1 4.46415E-1 6.49304E-1 6.9548E-1 6.79802E-1 6.43405E-1 6.19041E-1 6.17923E-1 6.02524E-1 5.19575E-1 3.9182E-1 2.80257E-1 1.01148E-1 1.79021E-1 1.28184E-1 3.28041E-1 4.23534E-1 3.74058E-1 4.2913E-1 6.15849E-1 6.46111E-1 6.49563E-1 5.72961E-1 6.48404E-1 6.01797E-1 6.55936E-1 6.21414E-1 5.60753E-1 5.54325E-1 5.96052E-1 5.9767E-1 5.77338E-1 5.32905E-1 3.96872E-1 2.37697E-1 1.1721E-1 1.5877E-1 2.01174E-1 3.34065E-1 4.55388E-1 4.36217E-1 3.59345E-1 4.34614E-1 5.50631E-1 5.85739E-1 6.39182E-1 6.58527E-1 6.50584E-1 5.90118E-1 5.70127E-1 6.26612E-1 5.01755E-1
4.93142E-1 6.11957E-1 6.22172E-1 5.01322E-1 3.63019E-1 4.47898E-1 4.96679E-1 5.3797E-1 6.12727E-1 3.71257E-1 5.93422E-1 5.92861E-1 5.81145E-1 6.28654E-1 6.15827E-1 6.0089E-1 5.56015E-1 4.68217E-1 3.47285E-1 2.33134E-1 2.83532E-2 4.44276E-2 1.91838E-1 2.48707E-1 2.76361E-1 3.53662E-1 5.11107E-1 6.11742E-1 6.37057E-1 6.24275E-1 5.32729E-1 6.29935E-1 5.77883E-1 6.50166E-1 6.11969E-1 5.34145E-1 5.24213E-1 6.1712E-1 6.3125E-1 5.9179E-1 5.007E-1 3.51387E-1 2.32977E-1 2.38981E-1 2.37141E-1 2.2507E-1 2.12311E-1 2.56043E-1 2.93742E-1 3.62169E-1 4.53866E-1 5.16118E-1 5.68028E-1 6.32424E-1 6.56539E-1 6.28356E-1 5.2984E-1 4.83957E-1 4.67891E-1 2.32759E-1
5.13515E-1 5.91359E-1 5.90867E-1 5.00015E-1 3.8912E-1 4.45622E-1 4.76988E-1 5.03852E-1 5.68029E-1 2.95874E-1 5.12639E-1 4.68756E-1 5.13593E-1 5.65224E-1 5.70127E-1 5.37362E-1 4.72872E-1 3.81068E-1 2.66806E-1 1.0969E-1 6.72363E-2 9.09216E-2 1.21062E-1 1.58795E-1 2.36544E-1 3.71639E-1 5.0974E-1 5.75567E-1 5.90739E-1 5.52894E-1 4.92091E-1 5.4493E-1 5.69716E-1 6.10894E-1 5.88891E-1 4.94159E-1 5.11853E-1 5.82778E-1 5.82285E-1 5.43952E-1 4.42683E-1 3.80459E-1 3.20873E-1 1.40466E-1 3.01953E-1 2.79202E-1 2.25648E-1 1.64582E-1 1.80991E-1 2.78766E-1 3.55916E-1 4.40438E-1 5.02268E-1 5.71445E-1 5.52528E-1 5.26448E-1 4.56111E-1 4.71337E-1 4.72221E-1 1.98864E-1
4.7897E-1 5.70755E-1 5.68341E-1 5.20284E-1 4.37544E-1 4.53582E-1 4.96871E-1 5.45436E-1 5.63706E-1 2.44776E-1 4.62785E-1 3.90749E-1 4.34973E-1 4.74693E-1 4.99509E-1 4.55788E-1 3.93E-1 3.12337E-1 2.07725E-1 4.91276E-2 3.19557E-2 4.63838E-2 6.51386E-2 1.23127E-1 2.63128E-1 3.60011E-1 4.61206E-1 5.08936E-1 5.24118E-1 4.90209E-1 4.31855E-1 4.7636E-1 5.39588E-1 5.25148E-1 5.5771E-1 4.24076E-1 4.1828E-1 4.4815E-1 5.47974E-1 5.87396E-1 4.92791E-1 4.2806E-1 3.93553E-1 3.32493E-1 3.30133E-1 3.64889E-1 2.04718E-1 1.24719E-1 1.33805E-1 2.07854E-1 2.71727E-1 3.59255E-1 4.48124E-1 4.95879E-1 4.44831E-1 3.90201E-1 3.41919E-1 3.77261E-1 3.72628E-1 2.08267E-1
4.96088E-1 5.52911E-1 5.63694E-1 5.28806E-1 4.40395E-1 4.3204E-1 4.79767E-1 5.25951E-1 5.66347E-1 2.15386E-1 4.59872E-1 2.95941E-1 3.29392E-1 3.51531E-1 3.72766E-1 3.40636E-1 2.87245E-1 2.20173E-1 1.42405E-1 2.15369E-2 2.90747E-2 3.34568E-2 5.26251E-2 1.10811E-1 2.04963E-1 2.95208E-1 3.72235E-1 4.09687E-1 4.41022E-1 3.98517E-1 3.66421E-1 3.86729E-1 4.84637E-1 4.24268E-1 4.83693E-1 3.44502E-1 4.14878E-1 4.66331E-1 4.99511E-1 6.00813E-1 5.29022E-1 4.3235E-1 3.76381E-1 3.82397E-1 3.91591E-1 3.50739E-1 2.00803E-1 1.32481E-1 9.89021E-2 1.29659E-1 2.26051E-1 3.36368E-1 4.02351E-1 4.38377E-1 4.02161E-1 3.29856E-1 2.82661E-1 3.06204E-1 2.43433E-1 1.78668E-1
5.78628E-1 5.58068E-1 5.5382E-1 4.44035E-1 3.55229E-1 3.7371E-1 4.19011E-1 4.61794E-1 4.73586E-1 1.56704E-1 4.14328E-1 2.6393E-1 2.30761E-1 2.84606E-1 2.86261E-1 2.54515E-1 2.12323E-1 1.50366E-1 9.53578E-2 1.66941E-2 2.3173E-2 3.15734E-2 4.49072E-2 9.68515E-2 1.71058E-1 2.50718E-1 3.10419E-1 3.57704E-1 3.80136E-1 3.34644E-1 3.0809E-1 3.26465E-1 4.16385E-1 3.49848E-1 4.43847E-1 3.73262E-1 4.24388E-1 5.12507E-1 5.11645E-1 5.9401E-1 5.224E-1 4.4359E-1 3.96745E-1 3.86849E-1 2.89173E-1 1.65043E-1 1.63066E-1 1.19062E-1 1.22823E-1 1.41483E-1 2.51387E-1 2.96646E-1 3.22023E-1 3.38871E-1 2.95078E-1 2.48314E-1 2.56024E-1 2.22251E-1 1.79986E-1 1.62938E-1
6.44673E-1 5.81377E-1 4.71654E-1 3.20528E-1 3.35355E-1 3.48501E-1 3.46429E-1 4.2439E-1 3.00268E-1 1.73159E-1 3.48081E-1 2.15278E-1 1.63718E-1 1.62239E-1 1.79815E-1 1.61432E-1 1.33529E-1 9.10078E-2 5.07772E-2 3.19432E-2 1.40927E-2 1.95571E-2 3.56508E-2 6.87988E-2 1.28527E-1 1.92422E-1 2.35266E-1 2.8786E-1 3.05961E-1 2.61897E-1 2.398E-1 2.93102E-1 3.00917E-1 3.68475E-1 4.67057E-1 4.14772E-1 4.24741E-1 4.91572E-1 4.62896E-1 5.20931E-1 4.69358E-1 4.42136E-1 4.14218E-1 3.93405E-1 3.77636E-1 2.31496E-1 1.78241E-1 1.51745E-1 1.89365E-1 2.10875E-1 1.94046E-1 2.20669E-1 2.14998E-1 2.34972E-1 2.17787E-1 1.96902E-1 1.83587E-1 1.47244E-1 1.06294E-1 -9999
6.66506E-1 6.05052E-1 4.98656E-1 3.61619E-1 3.38822E-1 3.07109E-1 3.06494E-1 3.59719E-1 4.80963E-2 2.51218E-1 2.51703E-1 1.80949E-1 1.33396E-1 8.92298E-2 9.84902E-2 9.34789E-2 6.89708E-2 4.31059E-2 2.77187E-2 1.66547E-2 2.16262E-3 1.16881E-2 2.18803E-2 4.90774E-2 8.56014E-2 1.28197E-1 1.70634E-1 2.17749E-1 2.24959E-1 2.0229E-1 1.86221E-1 2.63437E-1 2.58814E-1 4.43672E-1 4.53448E-1 4.21457E-1 4.02982E-1 4.55788E-1 4.38597E-1 4.3215E-1 4.67849E-1 4.29717E-1 4.00503E-1 3.4947E-1 2.92868E-1 2.0533E-1 1.67113E-1 1.73522E-1 1.83013E-1 1.92028E-1 -9999 -9999 -9999 1.52138E-1 1.59213E-1 1.28877E-1 1.0871E-1 9.07133E-2 -9999 -9999
6.71267E-1 5.83686E-1 5.27951E-1 4.29464E-1 3.91746E-1 3.56013E-1 4.33275E-1 7.03347E-2 1.58466E-1 2.02541E-1 1.72886E-1 1.36173E-1 1.04662E-1 6.45321E-2 4.54717E-2 4.7486E-2 3.29943E-2 1.93371E-2 1.17223E-2 8.60044E-3 2.24371E-3 7.03176E-3 1.30511E-2 2.88617E-2 5.24984E-2 7.78745E-2 1.08861E-1 1.42998E-1 1.50228E-1 1.44477E-1 1.52041E-1 2.76223E-1 2.47014E-1 4.69236E-1 4.4069E-1 3.99035E-1 3.85897E-1 4.27166E-1 3.81368E-1 4.19845E-1 4.42185E-1 -9999 -9999 -9999 -9999 -9999 -9999 -9999 -9999 -9999 -9999 -9999 -9999 -9999 -9999 6.87559E-2 5.28191E-2 -9999 -9999 -9999
5.72237E-1 5.73661E-1 5.41774E-1 4.42842E-1 4.41698E-1 4.09959E-1 1.84666E-1 1.70167E-1 2.79025E-1 2.48067E-1 2.22045E-1 2.03273E-1 1.53506E-1 8.55332E-2 4.78528E-2 2.76719E-2 1.44538E-2 9.58931E-3 4.87358E-3 3.03227E-3 -9999 3.44422E-3 7.09934E-3 1.54487E-2 2.88428E-2 4.30536E-2 6.21642E-2 -9999 -9999 -9999 -9999 -9999 -9999 -9999 -9999 -9999 -9999 -9999 -9999 -9999 -9999 -9999 -9999 -9999 -9999 -9999 -9999 -9999 -9999 -9999 -9999 -9999 -9999 -9999 -9999 -9999 -9999 -9999 -9999 -9999
5.28379E-1 4.89717E-1 5.37906E-1 4.97131E-1 5.13007E-1 5.6695E-1 1.19766E-1 4.26368E-1 3.53691E-1 3.04967E-1 2.6098E-1 2.45167E-1 1.72514E-1 8.43532E-2 4.01742E-2 2.25752E-2 1.06826E-2 -9999 -9999 -9999 -9999 -9999 -9999 -9999 -9999 -9999 -9999 -9999 -9999 -9999 -9999 -9999 -9999 -9999 -9999 -9999 -9999 -9999 -9999 -9999 -9999 -9999 -9999 -9999 -9999 -9999 -9999 -9999 -9999 -9999 -9999 -9999 -9999 -9999 -9999 -9999 -9999 -9999 -9999 -9999
1.62185E-1 4.08702E-1 3.69166E-1 5.37431E-1 3.79167E-1 1.78592E-1 3.58759E-1 4.79216E-1 4.08045E-1 3.53178E-1 2.94945E-1 2.4439E-1 1.60093E-1 7.66781E-2 3.39247E-2 -9999 -9999 -9999 -9999 -9999 -9999 -9999 -9999 -9999 -9999 -9999 -9999 -9999 -9999 -9999 -9999 -9999 -9999 -9999 -9999 -9999 -9999 -9999 -9999 -9999 -9999 -9999 -9999 -9999 -9999 -9999 -9999 -9999 -9999 -9999 -9999 -9999 -9999 -9999 -9999 -9999 -9999 -9999 -9999 -9999
5.5923E-2 5.57004E-2 4.10372E-2 1.08697E-1 8.47269E-2 3.87576E-1 5.54137E-1 5.35717E-1 4.55931E-1 3.87338E-1 3.07068E-1 2.37496E-1 1.5725E-1 6.79969E-2 2.59077E-2 -9999 -9999 -9999 -9999 -9999 -9999 -9999 -9999 -9999 -9999 -9999 -9999 -9999 -9999 -9999 -9999 -9999 -9999 -9999 -9999 -9999 -9999 -9999 -9999 -9999 -9999 -9999 -9999 -9999 -9999 -9999 -9999 -9999 -9999 -9999 -9999 -9999 -9999 -9999 -9999 -9999 -9999 -9999 -9999 -9999
3.61958E-1 3.57209E-1 2.22913E-1 1.24332E-1 4.31268E-1 4.89656E-1 4.95001E-1 5.01149E-1 -9999 3.83767E-1 2.91021E-1 2.48108E-1 1.47407E-1 -9999 -9999 -9999 -9999 -9999 -9999 -9999 -9999 -9999 -9999 -9999 -9999 -9999 -9999 -9999 -9999 -9999 -9999 -9999 -9999 -9999 -9999 -9999 -9999 -9999 -9999 -9999 -9999 -9999 -9999 -9999 -9999 -9999 -9999 -9999 -9999 -9999 -9999 -9999 -9999 -9999 -9999 -9999 -9999 -9999 -9999 -9999
-9999 -9999 -9999 -9999 -9999 -9999 -9999 -9999 -9999 -9999 -9999 -9999 -9999 -9999 -9999 -9999 -9999 -9999 -9999 -9999 -9999 -9999 -9999 -9999 -9999 -9999 -9999 -9999 -9999 -9999 -9999 -9999 -9999 -9999 -9999 -9999 -9999 -9999 -9999 -9999 -9999 -9999 -9999 -9999 -9999 -9999 -9999 -9999 -9999 -9999 -9999 -9999 -9999 -9999 -9999 -9999 -9999 -9999 -9999 -9999
-9999 -9999 -9999 -9999 -9999 -9999 -9999 -9999 -9999 -9999 -9999 -9999 -9999 -9999 -9999 -9999 -9999 -9999 -9999 -9999 -9999 -9999 -9999 -9999 -9999 -9999 -9999 -9999 -9999 -9999 -9999 -9999 -9999 -9999 -9999 -9999 -9999 -9999 -9999 -9999 -9999 -9999 -9999 -9999 -9999 -9999 -9999 -9999 -9999 -9999 -9999 -9999 -9999 -9999 -9999 -9999 -9999 -9999 -9999 -9999
-9999 -9999 -9999 -9999 -9999 -9999 -9999 -9999 -9999 -9999 -9999 -9999 -9999 -9999 -9999 -9999 -9999 -9999 -9999 -9999 -9999 -9999 -9999 -9999 -9999 -9999 -9999 -9999 -9999 -9999 -9999 -9999 -9999 -9999 -9999 -9999 -9999 -9999 -9999 -9999 -9999 -9999 -9999 -9999 -9999 -9999 -9999 -9999 -9999 -9999 -9999 -9999 -9999 -9999 -9999 -9999 -9999 -9999 -9999 -9999
