Phytophthora/models/20240506_1646_46/Phytophthora_PA3_RUN4_MAXENT_outputs/Phytophthora_PA3_RUN4.asc
ncols         225
nrows         269
xllcorner     473009.9838
yllcorner     4429051.1748
cellsize      50.0
NODATA_value  -9999
[rows 156 to 181 of 269, columns 0 to 59 of 225]
-9999 -9999 -9999 -9999 -9999 -9999 -9999 1.46414E-1 2.6326E-1 3.76294E-1 4.04086E-1 4.90304E-1 5.80963E-1 6.41254E-1 6.72912E-1 6.69917E-1 6.53217E-1 6.49085E-1 6.22811E-1 5.63628E-1 4.6082E-1 3.56513E-1 2.46666E-1 2.22482E-1 2.66494E-1 3.0019E-1 3.6663E-1 4.28174E-1 4.64408E-1 4.92468E-1 5.02862E-1 4.8727E-1 4.68728E-1 4.25496E-1 3.38675E-1 4.06533E-1 4.32657E-1 4.58646E-1 4.41615E-1 5.03838E-1 4.91027E-1 4.68657E-1 4.33834E-1 4.19376E-1 4.38104E-1 4.32542E-1 4.59878E-1 4.45105E-1 4.32447E-1 4.1699E-1 3.99732E-1 4.17842E-1 4.74873E-1 4.79975E-1 4.90547E-1 4.87434E-1 4.84756E-1 3.05971E-1 4.76517E-1 4.08698E-1
-9999 -9999 -9999 -9999 -9999 -9999 -9999 1.25436E-1 1.00845E-1 2.63627E-1 3.79183E-1 4.85466E-1 5.79678E-1 6.50947E-1 6.68321E-1 6.83631E-1 6.89133E-1 6.89595E-1 6.50591E-1 5.58304E-1 4.5631E-1 3.65157E-1 2.57984E-1 2.96238E-1 3.4726E-1 3.76482E-1 4.26154E-1 4.58962E-1 4.89957E-1 5.16806E-1 5.02674E-1 4.26837E-1 4.90507E-1 3.88657E-1 3.59782E-1 4.66782E-1 4.85723E-1 4.49202E-1 4.71472E-1 4.79997E-1 4.81702E-1 4.57287E-1 4.15105E-1 3.6405E-1 3.91029E-1 3.87185E-1 4.07413E-1 3.986E-1 4.11457E-1 4.14355E-1 4.33139E-1 4.79305E-1 5.4788E-1 5.40206E-1 5.36133E-1 3.03903E-1 4.1955E-1 4.38746E-1 3.64581E-1 2.92928E-1
-9999 -9999 -9999 -9999 -9999 -9999 -9999 -9999 1.31977E-1 2.53047E-1 3.74735E-1 4.67415E-1 5.67637E-1 6.02967E-1 6.2562E-1 6.51037E-1 6.62739E-1 6.61067E-1 6.01994E-1 5.1861E-1 4.27609E-1 3.48252E-1 2.94248E-1 3.63074E-1 4.19788E-1 4.55789E-1 4.79569E-1 4.9206E-1 5.03745E-1 5.28318E-1 4.97858E-1 4.18277E-1 5.09955E-1 4.36594E-1 4.66237E-1 5.2469E-1 4.83135E-1 4.31677E-1 4.37801E-1 4.67334E-1 4.85045E-1 4.55505E-1 3.7742E-1 3.01696E-1 3.27446E-1 3.32053E-1 3.43228E-1 3.46665E-1 3.62207E-1 4.34876E-1 4.9285E-1 5.50687E-1 5.88561E-1 5.78808E-1 5.64856E-1 4.23064E-1 4.32259E-1 3.41317E-1 2.48412E-1 3.55856E-1
-9999 -9999 -9999 -9999 -9999 -9999 -9999 -9999 1.87446E-1 3.44882E-1 4.63966E-1 5.62598E-1 6.16645E-1 6.54168E-1 6.68436E-1 6.59606E-1 6.54332E-1 6.47342E-1 5.88299E-1 5.19762E-1 4.57742E-1 3.82056E-1 3.37412E-1 4.0138E-1 4.58454E-1 4.92667E-1 5.07773E-1 5.10047E-1 5.04811E-1 4.65024E-1 5.39189E-1 2.84251E-1 4.49979E-1 4.78222E-1 4.64706E-1 4.17432E-1 4.07747E-1 4.15536E-1 4.49902E-1 4.74E-1 4.80779E-1 4.17099E-1 3.44007E-1 2.90578E-1 3.21874E-1 3.36412E-1 3.44503E-1 3.37717E-1 3.84337E-1 4.6272E-1 5.15114E-1 5.69274E-1 5.81652E-1 5.75806E-1 4.77788E-1 3.92333E-1 2.96893E-1 2.75887E-1 3.99033E-1 5.47182E-1
-9999 -9999 -9999 -9999 -9999 -9999 -9999 -9999 3.17635E-1 4.44604E-1 4.9739E-1 5.61529E-1 6.35138E-1 6.83194E-1 6.77568E-1 6.72551E-1 6.66074E-1 6.57718E-1 6.04551E-1 5.53493E-1 4.90473E-1 4.059E-1 3.54931E-1 4.30432E-1 4.82898E-1 5.16485E-1 5.30486E-1 4.1181E-1 5.11416E-1 5.46191E-1 5.50826E-1 5.59996E-1 4.0449E-1 3.98272E-1 4.48247E-1 4.83968E-1 4.16683E-1 4.15391E-1 4.63318E-1 4.65613E-1 4.26904E-1 3.74216E-1 3.41112E-1 3.50529E-1 3.94112E-1 4.13793E-1 4.21745E-1 4.32093E-1 3.59677E-1 3.9502E-1 4.96025E-1 6.16893E-1 6.0581E-1 4.80721E-1 3.57139E-1 5.11496E-1 3.96236E-1 3.71497E-1 4.9815E-1 5.7989E-1
-9999 -9999 -9999 -9999 -9999 -9999 -9999 1.46929E-1 3.59716E-1 4.72374E-1 5.19471E-1 5.88921E-1 6.69471E-1 6.9611E-1 6.78646E-1 6.57174E-1 6.54861E-1 6.43399E-1 5.95145E-1 5.37657E-1 4.85189E-1 3.96633E-1 3.67839E-1 4.53903E-1 5.07724E-1 5.39439E-1 5.65974E-1 4.47451E-1 5.42044E-1 5.56273E-1 2.82125E-1 4.84856E-1 4.6856E-1 3.81513E-1 4.6674E-1 4.64726E-1 4.55961E-1 4.85198E-1 5.15731E-1 4.83201E-1 4.77511E-1 4.39873E-1 3.94271E-1 4.04695E-1 4.51223E-1 4.7488E-1 4.83334E-1 5.08757E-1 4.8978E-1 4.01436E-1 4.79313E-1 5.76548E-1 6.29592E-1 5.84096E-1 5.08014E-1 4.85297E-1 4.2543E-1 4.48997E-1 5.77934E-1 5.85573E-1
-9999 -9999 -9999 -9999 -9999 -9999 -9999 1.60226E-1 3.66676E-1 2.02631E-1 5.06017E-1 5.6714E-1 6.47836E-1 6.97036E-1 6.69594E-1 6.19039E-1 4.8822E-1 4.87087E-1 5.17006E-1 4.89895E-1 4.72447E-1 4.264E-1 4.10834E-1 4.61907E-1 5.21382E-1 5.61356E-1 5.91127E-1 5.52813E-1 5.57445E-1 5.0479E-1 5.7697E-1 5.7513E-1 5.86786E-1 5.77028E-1 5.11287E-1 3.77999E-1 4.89726E-1 5.27392E-1 5.27674E-1 5.15661E-1 5.07332E-1 4.61554E-1 4.22035E-1 4.29961E-1 4.88472E-1 5.13878E-1 4.93014E-1 5.14723E-1 4.57781E-1 4.34863E-1 5.20655E-1 5.76276E-1 6.22853E-1 6.17248E-1 5.96461E-1 4.32221E-1 4.90618E-1 4.90288E-1 6.21452E-1 2.80008E-1
-9999 -9999 -9999 -9999 -9999 -9999 4.90116E-2 2.16368E-1 3.25173E-1 3.23162E-1 3.9858E-1 5.44286E-1 6.41406E-1 6.6866E-1 6.64972E-1 6.46808E-1 4.26174E-1 6.07899E-1 3.94994E-1 4.85161E-1 4.94492E-1 4.72091E-1 4.52602E-1 4.61207E-1 5.24001E-1 5.65473E-1 6.04091E-1 6.05711E-1 5.68009E-1 4.38719E-1 4.69947E-1 4.92991E-1 5.17738E-1 5.01271E-1 5.15653E-1 5.1146E-1 3.77515E-1 5.08769E-1 5.34177E-1 5.38647E-1 5.25834E-1 4.7889E-1 4.56899E-1 4.77341E-1 5.19914E-1 5.34726E-1 4.9804E-1 4.67565E-1 5.0975E-1 5.51392E-1 5.47287E-1 6.02356E-1 6.25842E-1 6.66042E-1 4.70103E-1 6.07834E-1 5.36302E-1 2.81556E-1 5.36883E-1 3.95247E-1
-9999 -9999 -9999 -9999 -9999 9.15161E-3 4.58988E-2 1.74387E-1 1.86614E-1 2.08716E-1 3.82409E-1 5.00281E-1 5.20322E-1 6.38E-1 6.35633E-1 4.44778E-1 5.60765E-1 4.87952E-1 4.00278E-1 5.01215E-1 5.43547E-1 5.15423E-1 4.81698E-1 4.46983E-1 5.13683E-1 5.56367E-1 6.00386E-1 6.01461E-1 4.58214E-1 5.57716E-1 4.24975E-1 4.32638E-1 4.5618E-1 4.40592E-1 4.84702E-1 4.88066E-1 4.71897E-1 4.02763E-1 5.22635E-1 5.0743E-1 5.112E-1 4.80481E-1 4.93144E-1 5.02153E-1 5.33005E-1 3.90407E-1 5.44312E-1 5.25491E-1 5.21433E-1 5.44032E-1 5.34719E-1 5.82907E-1 5.17696E-1 6.0245E-1 4.84612E-1 4.12329E-1 4.68767E-1 4.49326E-1 2.97547E-1 3.34575E-1
-9999 -9999 -9999 -9999 -9999 1.03048E-2 4.99654E-2 2.59727E-1 3.10554E-1 4.09801E-1 4.72583E-1 4.49572E-1 4.45319E-1 5.8602E-1 5.7961E-1 5.68317E-1 5.0946E-1 4.81026E-1 4.89254E-1 4.61233E-1 5.39971E-1 5.23055E-1 4.84146E-1 4.41672E-1 4.83492E-1 5.2399E-1 5.63367E-1 4.68998E-1 5.63159E-1 3.75668E-1 3.46159E-1 3.89296E-1 4.31372E-1 4.82447E-1 4.94231E-1 4.84787E-1 4.7178E-1 4.53107E-1 5.0623E-1 5.28104E-1 5.1543E-1 4.14025E-1 4.93141E-1 5.09464E-1 4.73736E-1 5.39139E-1 5.87305E-1 5.95219E-1 5.75189E-1 5.47909E-1 5.39592E-1 5.61954E-1 5.62075E-1 5.73806E-1 4.79712E-1 4.89563E-1 5.19136E-1 3.99583E-1 3.58167E-1 3.26962E-1
-9999 -9999 -9999 -9999 7.73623E-3 8.84071E-3 4.287E-2 4.23969E-1 5.07069E-1 5.76393E-1 5.73491E-1 5.00148E-1 4.50361E-1 4.20572E-1 5.53851E-1 4.85811E-1 4.55049E-1 4.52893E-1 4.2028E-1 3.88878E-1 4.23619E-1 4.86522E-1 4.86916E-1 4.33978E-1 4.39131E-1 4.74234E-1 4.66183E-1 5.13348E-1 4.15012E-1 3.89955E-1 4.40478E-1 4.58333E-1 4.74151E-1 5.79607E-1 5.33791E-1 4.87488E-1 4.57948E-1 4.31089E-1 5.196E-1 5.17968E-1 5.03259E-1 4.8837E-1 5.17351E-1 5.48748E-1 5.70756E-1 5.9179E-1 6.09741E-1 6.07943E-1 6.16802E-1 5.99634E-1 4.67118E-1 5.03004E-1 2.70514E-1 3.39982E-1 4.16559E-1 2.75323E-1 4.5243E-1 3.83946E-1 3.56738E-1 3.44174E-1
-9999 -9999 -9999 -9999 1.18435E-2 9.38882E-3 4.8082E-2 5.81269E-1 6.28767E-1 6.63101E-1 6.17222E-1 5.5903E-1 5.41526E-1 5.57231E-1 4.88833E-1 4.48783E-1 4.68492E-1 4.87657E-1 4.61159E-1 4.30039E-1 4.13468E-1 4.25887E-1 4.7788E-1 4.06177E-1 4.60672E-1 4.86261E-1 2.73247E-1 4.6952E-1 4.50534E-1 4.81036E-1 5.10276E-1 5.57102E-1 5.97149E-1 6.20245E-1 5.44544E-1 4.16185E-1 5.25246E-1 5.11413E-1 5.19752E-1 5.31642E-1 4.89709E-1 5.12711E-1 5.72379E-1 5.79084E-1 5.94416E-1 6.11523E-1 6.21924E-1 6.18699E-1 5.9881E-1 4.96968E-1 4.09815E-1 3.39832E-1 3.28052E-1 3.61321E-1 3.75659E-1 3.57748E-1 4.27349E-1 4.23238E-1 4.19017E-1 4.10712E-1
-9999 -9999 -9999 -9999 1.04254E-2 1.57546E-2 8.89088E-2 5.77686E-1 6.22683E-1 6.19648E-1 5.75702E-1 5.21887E-1 3.80686E-1 5.05223E-1 4.55343E-1 4.67463E-1 4.19879E-1 4.37469E-1 4.09118E-1 3.73201E-1 3.902E-1 3.68614E-1 4.26989E-1 3.42892E-1 3.80689E-1 2.55059E-1 5.17804E-1 4.69789E-1 4.91938E-1 5.30142E-1 5.62068E-1 6.03449E-1 6.07916E-1 5.88359E-1 4.32825E-1 5.4299E-1 5.63786E-1 5.31556E-1 5.6004E-1 5.26989E-1 4.87541E-1 4.29412E-1 5.06529E-1 5.54175E-1 6.0389E-1 6.2279E-1 6.13536E-1 5.45567E-1 5.52375E-1 4.7182E-1 3.53426E-1 2.95521E-1 3.14763E-1 3.3698E-1 3.98082E-1 4.47168E-1 4.45568E-1 4.59359E-1 4.79416E-1 4.85384E-1
-9999 -9999 -9999 -9999 1.61543E-2 2.76505E-2 1.36187E-1 5.32817E-1 5.60065E-1 5.5206E-1 5.28228E-1 4.78156E-1 2.68082E-1 5.00625E-1 4.93593E-1 4.53056E-1 3.31768E-1 3.05206E-1 3.57463E-1 3.21134E-1 3.47532E-1 3.56491E-1 3.53852E-1 3.98833E-1 3.76028E-1 4.27183E-1 4.64033E-1 4.95575E-1 5.19413E-1 5.37238E-1 5.567E-1 5.68922E-1 5.24766E-1 4.86937E-1 5.4513E-1 6.02043E-1 5.66142E-1 5.59124E-1 5.55524E-1 5.19927E-1 4.41405E-1 4.26696E-1 4.33552E-1 4.79071E-1 5.82787E-1 6.22452E-1 5.86485E-1 4.6454E-1 4.18573E-1 3.50516E-1 2.75693E-1 3.51731E-1 3.95896E-1 4.85517E-1 5.4222E-1 4.53792E-1 4.73636E-1 4.92685E-1 5.05187E-1 5.12992E-1
-9999 -9999 -9999 4.59994E-3 1.00534E-2 4.38044E-2 1.54489E-1 4.47377E-1 4.85642E-1 4.74338E-1 3.28933E-1 3.67455E-1 3.79014E-1 4.61505E-1 4.43225E-1 4.012E-1 2.62816E-1 2.12199E-1 1.35392E-1 2.24585E-1 2.29691E-1 2.49515E-1 3.0768E-1 3.50845E-1 3.60784E-1 3.89538E-1 4.46026E-1 4.79745E-1 4.95387E-1 4.93685E-1 4.68049E-1 3.41774E-1 5.21508E-1 5.75758E-1 6.08245E-1 5.89162E-1 5.81321E-1 5.72637E-1 5.25745E-1 4.89588E-1 4.14279E-1 4.2206E-1 4.38502E-1 4.77905E-1 5.2E-1 5.70079E-1 4.60111E-1 3.51913E-1 3.14444E-1 2.58885E-1 3.20782E-1 3.79928E-1 4.19258E-1 4.49262E-1 4.16584E-1 4.74421E-1 5.11192E-1 5.36137E-1 5.55442E-1 5.59659E-1
-9999 -9999 -9999 1.41908E-2 3.04978E-2 9.20309E-2 1.7695E-1 3.85115E-1 4.10882E-1 4.06242E-1 3.93684E-1 4.04953E-1 4.10923E-1 3.32191E-1 3.53724E-1 1.64036E-1 2.57563E-1 1.31291E-1 1.64351E-1 1.6562E-1 2.00166E-1 2.84575E-1 3.46788E-1 3.70831E-1 3.56693E-1 3.97313E-1 4.1304E-1 3.52426E-1 3.42903E-1 4.42612E-1 4.85845E-1 5.2018E-1 5.58862E-1 6.20178E-1 6.05334E-1 5.91852E-1 5.86779E-1 5.40958E-1 4.81315E-1 4.18078E-1 3.74967E-1 3.92165E-1 4.03415E-1 4.69552E-1 4.57308E-1 4.14769E-1 3.23759E-1 2.30915E-1 2.141E-1 2.77551E-1 3.41034E-1 2.57229E-1 2.91831E-1 2.74254E-1 2.96597E-1 3.39129E-1 4.05728E-1 4.23667E-1 3.61855E-1 3.68429E-1
-9999 -9999 -9999 9.41656E-2 1.23391E-1 1.87296E-1 2.29733E-1 3.13684E-1 3.27983E-1 3.25887E-1 3.02044E-1 3.36598E-1 2.69766E-1 3.05106E-1 1.66235E-1 1.51774E-1 1.69517E-1 1.17816E-1 1.19633E-1 1.61711E-1 2.1571E-1 3.24565E-1 4.29955E-1 4.08877E-1 3.85339E-1 3.63411E-1 3.76559E-1 4.53382E-1 4.85731E-1 4.98249E-1 5.01238E-1 5.33216E-1 5.94269E-1 5.91928E-1 5.85703E-1 5.78512E-1 5.67088E-1 5.07372E-1 4.41639E-1 4.12669E-1 4.12408E-1 3.85018E-1 3.43448E-1 3.618E-1 3.1084E-1 2.90272E-1 2.48302E-1 1.84901E-1 2.26611E-1 2.91948E-1 1.25513E-1 3.19612E-1 2.54039E-1 2.49966E-1 2.19919E-1 2.02097E-1 2.25478E-1 2.69111E-1 2.85551E-1 2.72817E-1
-9999 -9999 -9999 1.12488E-1 1.43581E-1 1.71324E-1 2.28242E-1 3.44732E-1 3.4587E-1 3.27616E-1 2.9976E-1 3.302E-1 1.65715E-1 2.85953E-1 1.85418E-1 1.46163E-1 1.61385E-1 1.16742E-1 1.51633E-1 1.82067E-1 2.49312E-1 3.18902E-1 4.07735E-1 4.15717E-1 3.97909E-1 3.65991E-1 3.74361E-1 4.7114E-1 5.09227E-1 5.31463E-1 5.00484E-1 5.68376E-1 5.8722E-1 5.83419E-1 5.71539E-1 5.61366E-1 5.21398E-1 5.24083E-1 5.52716E-1 5.44553E-1 5.28837E-1 5.20211E-1 4.60462E-1 4.34505E-1 4.29793E-1 3.97835E-1 3.69236E-1 3.11856E-1 3.18595E-1 3.28802E-1 3.05859E-1 2.69982E-1 2.76726E-1 2.60341E-1 2.15284E-1 1.89864E-1 1.01057E-1 1.85889E-1 1.93135E-1 2.44029E-1
-9999 -9999 -9999 1.20488E-1 1.16126E-1 1.32271E-1 1.60826E-1 2.70358E-1 3.25782E-1 3.35514E-1 3.08376E-1 3.24276E-1 3.45071E-1 2.17899E-1 1.85584E-1 1.88706E-1 1.68921E-1 1.70732E-1 2.35464E-1 2.67134E-1 3.61481E-1 4.49899E-1 5.04315E-1 4.62661E-1 4.88213E-1 4.14535E-1 5.85751E-1 6.26035E-1 5.93289E-1 5.38729E-1 4.50467E-1 5.21129E-1 5.5719E-1 5.53137E-1 5.34137E-1 5.21238E-1 5.65967E-1 5.42536E-1 5.90526E-1 5.88343E-1 5.90168E-1 6.03083E-1 5.67619E-1 5.22081E-1 5.28949E-1 5.12491E-1 4.74736E-1 2.43161E-1 1.95161E-1 3.25588E-1 3.02818E-1 3.13964E-1 3.10456E-1 2.65594E-1 1.80451E-1 1.59935E-1 1.45513E-1 1.34218E-1 1.7175E-1 1.98446E-1
1.68943E-2 3.83652E-2 8.01267E-2 1.33404E-1 1.58054E-1 1.94162E-1 2.43798E-1 2.41588E-1 2.22257E-1 2.52096E-1 3.24737E-1 2.02477E-1 1.81511E-1 2.43414E-1 2.7173E-1 2.71307E-1 2.38223E-1 2.78926E-1 3.38148E-1 3.94016E-1 4.80737E-1 5.43046E-1 5.72778E-1 3.74456E-1 5.37769E-1 4.59678E-1 6.44482E-1 6.47246E-1 6.1121E-1 4.96283E-1 3.93847E-1 4.01142E-1 5.1102E-1 5.00617E-1 4.958E-1 5.83346E-1 5.20737E-1 4.85951E-1 5.51839E-1 5.76126E-1 5.94182E-1 6.26267E-1 6.168E-1 5.869E-1 3.42232E-1 5.73335E-1 4.73631E-1 3.30516E-1 3.13726E-1 3.19107E-1 3.0694E-1 3.08973E-1 3.21326E-1 2.26549E-1 1.8124E-1 1.83952E-1 1.54779E-1 1.52331E-1 1.77564E-1 2.27005E-1
2.0057E-2 4.38101E-2 7.42492E-2 1.13365E-1 1.59539E-1 2.5503E-1 2.78331E-1 2.72557E-1 2.73239E-1 2.44088E-1 3.25007E-1 1.41048E-1 2.18919E-1 2.91123E-1 3.26021E-1 3.30521E-1 3.00246E-1 3.25871E-1 3.55921E-1 4.11938E-1 4.73299E-1 5.40241E-1 5.66874E-1 5.47835E-1 6.14054E-1 5.25614E-1 6.49373E-1 6.71668E-1 6.28419E-1 5.1897E-1 4.25607E-1 3.36808E-1 4.14544E-1 4.58081E-1 5.56631E-1 5.36621E-1 4.74757E-1 4.13838E-1 4.8736E-1 5.30503E-1 5.74626E-1 6.2881E-1 5.90282E-1 6.69734E-1 5.06024E-1 4.74879E-1 4.33443E-1 3.40503E-1 3.4702E-1 3.6831E-1 3.27403E-1 3.16406E-1 3.05887E-1 2.69515E-1 2.38664E-1 2.15756E-1 1.72884E-1 1.50793E-1 1.76858E-1 2.75484E-1
-9999 8.32482E-2 1.09357E-1 1.33664E-1 1.74931E-1 2.53304E-1 3.06949E-1 2.91213E-1 2.83059E-1 3.46483E-1 3.70473E-1 3.76862E-1 3.1167E-1 3.13206E-1 3.11233E-1 2.87662E-1 2.79948E-1 3.08595E-1 3.27241E-1 3.56135E-1 3.6956E-1 4.35006E-1 4.62521E-1 4.67688E-1 4.92051E-1 5.22818E-1 6.77169E-1 7.01015E-1 6.69138E-1 6.18191E-1 5.52438E-1 4.22051E-1 3.86626E-1 5.19173E-1 5.21311E-1 4.68709E-1 4.01641E-1 3.37167E-1 4.11744E-1 4.6535E-1 5.08637E-1 4.34784E-1 6.40011E-1 5.59825E-1 4.75433E-1 4.92062E-1 5.01475E-1 4.52661E-1 3.97812E-1 4.05649E-1 3.24016E-1 3.12257E-1 3.11635E-1 3.30076E-1 2.30217E-1 2.70828E-1 2.18362E-1 1.78702E-1 2.06866E-1 2.78781E-1
-9999 -9999 1.35455E-1 1.92665E-1 2.40529E-1 2.68678E-1 3.46384E-1 3.21099E-1 2.95832E-1 3.29821E-1 3.11045E-1 3.40195E-1 3.11627E-1 3.2854E-1 3.32776E-1 3.19867E-1 2.97102E-1 3.26964E-1 3.49373E-1 2.61261E-1 3.67502E-1 3.45218E-1 2.42612E-1 3.23589E-1 5.04892E-1 3.61055E-1 5.41098E-1 7.04811E-1 7.09634E-1 6.83642E-1 6.14672E-1 5.21384E-1 4.10557E-1 5.21681E-1 5.77848E-1 5.28958E-1 4.91387E-1 4.61303E-1 4.99123E-1 3.19925E-1 5.09336E-1 5.15214E-1 5.04451E-1 5.06567E-1 5.07032E-1 4.9858E-1 4.81546E-1 4.27042E-1 3.91157E-1 4.35001E-1 2.66504E-1 3.7808E-1 3.63518E-1 3.0795E-1 2.27603E-1 3.28422E-1 2.81838E-1 2.27829E-1 2.30385E-1 2.96363E-1
-9999 -9999 -9999 2.48326E-1 2.83631E-1 2.97418E-1 3.4747E-1 3.50744E-1 3.4341E-1 3.47832E-1 2.68556E-1 3.10951E-1 3.09774E-1 3.24215E-1 3.37246E-1 3.35387E-1 3.79735E-1 4.25146E-1 3.97362E-1 4.12572E-1 3.933E-1 4.3948E-1 4.39115E-1 4.38902E-1 4.96339E-1 5.38216E-1 5.42824E-1 6.84302E-1 7.33551E-1 7.04038E-1 6.50781E-1 5.84918E-1 4.52336E-1 5.36138E-1 6.21847E-1 5.99052E-1 5.7186E-1 5.79193E-1 5.70628E-1 5.48853E-1 5.07217E-1 4.78299E-1 4.70419E-1 4.80297E-1 4.52721E-1 4.31482E-1 3.56455E-1 3.83725E-1 3.30781E-1 4.41975E-1 4.67786E-1 4.34709E-1 3.80178E-1 3.30263E-1 2.78715E-1 3.8916E-1 3.70386E-1 3.38917E-1 3.1568E-1 2.9248E-1
-9999 -9999 -9999 2.67332E-1 3.19442E-1 3.54636E-1 2.98661E-1 2.25583E-1 3.63684E-1 3.62107E-1 1.4971E-1 2.69838E-1 2.8156E-1 3.20702E-1 3.55E-1 3.62719E-1 4.28622E-1 4.72656E-1 4.55931E-1 4.78576E-1 5.43658E-1 3.92675E-1 4.66748E-1 3.94569E-1 4.80209E-1 5.37888E-1 5.85736E-1 5.94537E-1 6.50374E-1 6.90971E-1 6.46657E-1 5.8151E-1 5.05701E-1 5.50281E-1 6.35901E-1 6.70191E-1 6.55365E-1 6.76967E-1 5.80816E-1 6.25456E-1 5.78648E-1 5.4126E-1 5.10244E-1 4.98062E-1 4.72108E-1 4.42222E-1 2.36697E-1 2.51128E-1 3.90753E-1 5.3211E-1 4.67875E-1 4.43959E-1 3.77486E-1 3.34818E-1 3.26053E-1 4.12653E-1 4.08557E-1 4.04156E-1 2.81295E-1 2.2075E-1
-9999 -9999 -9999 -9999 3.38367E-1 3.56192E-1 2.90009E-1 2.44476E-1 3.50899E-1 3.56303E-1 2.82984E-1 2.37261E-1 2.76267E-1 3.43126E-1 3.65565E-1 4.44683E-1 5.21047E-1 5.18041E-1 4.50502E-1 3.74343E-1 3.96273E-1 3.92285E-1 2.41573E-1 2.68521E-1 4.36266E-1 3.89595E-1 5.02049E-1 5.45811E-1 5.85467E-1 5.9454E-1 5.90398E-1 5.05171E-1 5.02588E-1 6.07883E-1 6.72676E-1 7.06988E-1 7.05258E-1 7.09087E-1 7.07001E-1 7.03317E-1 6.15596E-1 5.21924E-1 4.64303E-1 4.63708E-1 4.56669E-1 4.23146E-1 3.37164E-1 2.9323E-1 3.52686E-1 4.05528E-1 2.8791E-1 2.76592E-1 3.40069E-1 3.71049E-1 3.4092E-1 3.87716E-1 4.31562E-1 3.17182E-1 2.58441E-1 2.71217E-1
