Phytophthora/models/20240529_1714_25/Phytophthora_PA3_RUN8_MAXENT_outputs/projMaxent.asc
ncols         225
nrows         269
xllcorner     473009.9838
yllcorner     4429051.1748
cellsize      50.0
NODATA_value  -9999
[rows 182 to 207 of 269, columns 118 to 176 of 225]
7.89435E-1 7.09435E-1 8.65103E-1 6.03621E-1 5.03489E-1 5.59946E-1 6.3063E-1 7.76175E-1 6.93585E-1 6.81353E-1 5.92556E-1 3.26537E-1 2.19406E-1 1.74316E-1 2.16859E-1 2.77306E-1 3.1339E-1 2.20187E-1 1.67201E-1 2.40668E-1 4.36662E-1 3.96256E-1 2.87275E-1 4.09027E-1 4.49342E-1 3.46521E-1 4.66989E-1 2.58606E-1 1.53436E-1 1.21027E-1 1.71692E-1 1.13324E-1 7.92582E-2 1.22127E-1 2.11701E-1 4.45361E-1 5.12901E-1 3.84208E-1 2.13436E-1 4.56252E-1 6.65335E-1 3.12769E-1 5.59122E-1 7.04432E-1 5.91476E-1 3.60198E-1 4.07102E-1 2.9338E-1 2.05785E-1 3.59936E-1 4.10253E-1 3.86781E-1 2.78949E-1 2.27266E-1 4.5232E-1 5.05235E-1 3.97361E-1 3.71017E-1 4.22582E-1
9.85432E-1 9.77371E-1 7.61835E-1 6.41569E-1 6.04229E-1 3.65998E-1 6.45809E-1 7.76208E-1 6.91931E-1 6.82006E-1 6.29178E-1 4.08164E-1 3.11951E-1 3.19955E-1 1.8233E-1 1.9982E-1 3.62659E-1 4.10971E-1 2.49199E-1 1.72761E-1 3.30373E-1 4.66055E-1 3.90028E-1 4.70609E-1 5.39119E-1 2.68142E-1 3.25654E-1 3.37952E-1 2.69298E-1 1.62664E-1 1.23737E-1 1.86272E-1 1.52512E-1 6.64581E-2 1.51878E-1 3.12886E-1 2.58366E-1 2.35748E-1 2.60179E-1 3.60993E-1 3.41286E-1 3.58068E-1 6.89086E-1 7.81278E-1 5.85527E-1 3.9717E-1 4.09621E-1 3.83608E-1 4.8554E-1 2.67648E-1 4.90624E-1 2.89157E-1 1.54541E-1 2.91154E-1 6.26918E-1 3.6806E-1 3.51526E-1 4.3293E-1 3.98831E-1
9.95571E-1 9.8312E-1 8.12903E-1 6.53464E-1 7.4531E-1 5.27587E-1 4.39241E-1 7.23334E-1 5.95043E-1 6.03084E-1 5.59405E-1 6.36982E-1 6.15096E-1 4.41691E-1 2.93611E-1 2.12984E-1 2.05285E-1 3.73829E-1 2.62804E-1 1.93343E-1 2.07786E-1 2.30471E-1 5.53648E-1 5.34711E-1 2.61069E-1 4.83049E-1 1.92483E-1 2.56522E-1 3.09895E-1 2.20574E-1 7.91145E-2 9.89566E-2 2.00327E-1 1.58199E-1 1.23222E-1 1.21687E-1 1.04186E-1 1.26653E-1 1.93926E-1 2.78907E-1 3.76775E-1 5.33656E-1 7.40122E-1 8.09124E-1 4.55486E-1 4.39846E-1 7.80353E-1 8.1519E-1 7.90601E-1 5.25136E-1 5.52899E-1 3.52521E-1 3.16083E-1 6.0006E-1 7.07497E-1 4.3548E-1 2.07559E-1 2.76696E-1 5.00367E-1
9.91026E-1 9.79863E-1 7.34097E-1 7.75791E-1 8.66471E-1 6.82959E-1 3.86851E-1 6.61604E-1 7.17355E-1 6.93068E-1 6.68103E-1 7.3884E-1 7.14477E-1 6.7545E-1 6.05723E-1 3.72779E-1 1.95277E-1 2.66653E-1 2.2121E-1 2.00412E-1 1.73822E-1 1.12722E-1 5.01391E-1 4.00468E-1 2.35379E-1 2.35319E-1 2.48013E-1 1.78456E-1 2.55793E-1 2.00167E-1 1.05156E-1 5.50848E-2 2.63867E-1 3.77928E-1 4.41614E-1 3.88542E-1 1.85724E-1 1.98E-1 3.38052E-1 2.95512E-1 3.23763E-1 6.13026E-1 8.37397E-1 8.39777E-1 7.94533E-1 3.75243E-1 6.90819E-1 3.79898E-1 3.07037E-1 3.2585E-1 1.83498E-1 1.43196E-1 3.47737E-1 4.42272E-1 4.29338E-1 2.34558E-1 3.66389E-1 4.73055E-1 6.60448E-1
8.78479E-1 9.73318E-1 6.81995E-1 7.84715E-1 8.53411E-1 8.56856E-1 6.38733E-1 5.57195E-1 7.90321E-1 7.56334E-1 7.18297E-1 7.68052E-1 7.25779E-1 7.83421E-1 7.744E-1 5.87657E-1 3.27027E-1 2.27805E-1 1.93221E-1 1.61778E-1 1.5877E-1 3.92951E-1 4.81963E-1 4.1595E-1 2.43558E-1 1.74878E-1 3.26806E-1 2.46945E-1 2.28539E-1 1.92917E-1 7.72082E-2 9.32997E-2 3.31198E-1 3.83542E-1 3.00057E-1 2.27437E-1 3.08368E-1 5.17474E-1 5.01897E-1 4.02662E-1 4.27061E-1 6.72732E-1 8.52447E-1 8.5298E-1 7.44945E-1 1.79528E-1 3.58808E-1 5.08552E-1 2.85204E-1 2.15997E-1 1.33425E-1 2.32883E-1 2.44688E-1 2.18573E-1 2.18067E-1 3.6663E-1 4.89321E-1 5.2526E-1 6.50852E-1
6.3763E-1 9.69468E-1 9.23478E-1 6.2246E-1 6.96585E-1 8.51034E-1 6.27972E-1 4.34768E-1 7.44778E-1 7.91644E-1 7.60449E-1 8.22112E-1 8.12069E-1 8.054E-1 8.01705E-1 7.56087E-1 4.92094E-1 3.14868E-1 1.81028E-1 2.5296E-1 3.0637E-1 6.7814E-1 7.09353E-1 4.90629E-1 2.0675E-1 1.5964E-1 2.72842E-1 2.67028E-1 2.11579E-1 1.86362E-1 9.22591E-2 1.16179E-1 3.62935E-1 3.80607E-1 2.21783E-1 2.21395E-1 3.9064E-1 5.44743E-1 4.19513E-1 3.63478E-1 4.11741E-1 5.95573E-1 7.82277E-1 8.72097E-1 7.84055E-1 7.71184E-1 4.87105E-1 4.48185E-1 2.74072E-1 2.06567E-1 1.53257E-1 1.61986E-1 1.57605E-1 1.99518E-1 2.657E-1 4.70475E-1 4.8116E-1 5.43779E-1 5.94171E-1
6.80527E-1 9.59006E-1 9.34214E-1 8.6411E-1 6.54629E-1 8.63918E-1 7.05486E-1 4.42211E-1 6.39134E-1 7.99771E-1 7.94743E-1 8.55183E-1 8.62741E-1 8.46028E-1 8.30358E-1 8.12285E-1 6.1879E-1 4.38583E-1 1.89707E-1 2.33815E-1 4.94654E-1 6.77049E-1 6.77339E-1 6.11959E-1 3.29913E-1 1.39028E-1 1.23695E-1 2.02615E-1 1.71277E-1 1.56708E-1 1.00897E-1 8.89318E-2 2.5409E-1 2.94466E-1 2.16292E-1 2.39298E-1 3.45691E-1 3.18743E-1 3.40992E-1 3.28292E-1 3.64875E-1 5.22533E-1 6.40626E-1 8.99585E-1 7.7234E-1 8.66598E-1 6.25515E-1 2.87618E-1 2.06166E-1 2.00176E-1 1.68794E-1 2.08572E-1 2.34792E-1 2.80984E-1 3.73836E-1 4.88814E-1 4.92386E-1 5.12967E-1 6.03918E-1
6.72572E-1 7.71206E-1 7.77987E-1 7.10709E-1 8.93496E-1 8.91478E-1 8.42022E-1 6.4601E-1 3.96133E-1 7.55748E-1 7.49701E-1 8.84134E-1 8.84938E-1 8.93749E-1 8.57783E-1 8.57052E-1 6.94554E-1 4.27111E-1 1.87859E-1 3.79227E-1 5.80395E-1 5.38302E-1 4.10673E-1 3.64067E-1 2.95042E-1 9.81386E-2 1.24203E-1 1.27658E-1 1.64754E-1 1.73678E-1 1.40743E-1 1.03295E-1 1.81893E-1 2.19527E-1 2.58049E-1 3.69532E-1 1.69864E-1 1.92874E-1 2.72649E-1 3.13931E-1 3.90971E-1 5.11639E-1 6.38233E-1 8.9356E-1 8.51359E-1 4.30056E-1 5.99884E-1 3.39587E-1 2.86907E-1 2.38234E-1 2.31149E-1 3.36391E-1 3.3203E-1 4.0218E-1 4.41622E-1 4.74237E-1 4.83018E-1 5.03581E-1 5.55067E-1
8.88775E-1 8.18303E-1 6.2191E-1 6.98533E-1 7.15256E-1 6.99449E-1 7.79545E-1 8.07664E-1 7.4559E-1 8.34729E-1 8.1623E-1 8.82795E-1 9.10288E-1 8.91295E-1 7.54715E-1 6.44183E-1 5.07062E-1 2.73887E-1 3.49279E-1 4.60098E-1 4.31009E-1 3.87897E-1 3.40518E-1 3.1935E-1 2.30213E-1 8.47072E-2 2.12578E-1 1.66431E-1 1.78753E-1 2.14899E-1 1.58879E-1 1.71544E-1 2.32414E-1 2.10671E-1 1.84051E-1 2.16081E-1 1.45687E-1 1.64617E-1 1.8565E-1 1.88509E-1 2.92769E-1 4.24586E-1 6.79513E-1 8.92494E-1 9.17099E-1 6.99518E-1 5.90151E-1 4.95993E-1 2.546E-1 3.00962E-1 3.21858E-1 4.26773E-1 4.38189E-1 4.90851E-1 4.66346E-1 5.24741E-1 4.94527E-1 5.28154E-1 4.78188E-1
8.98737E-1 6.04869E-1 7.59014E-1 9.54206E-1 9.22894E-1 6.48112E-1 7.61056E-1 8.45078E-1 7.88227E-1 8.24208E-1 8.69665E-1 8.34747E-1 8.49878E-1 5.9959E-1 4.41598E-1 4.88147E-1 3.044E-1 3.94731E-1 4.62653E-1 4.8907E-1 3.9605E-1 2.8724E-1 2.52458E-1 2.98627E-1 2.68695E-1 9.19829E-2 9.42919E-2 1.29045E-1 1.56155E-1 1.40346E-1 1.70321E-1 1.87326E-1 2.44141E-1 1.8773E-1 1.35415E-1 1.69665E-1 1.70758E-1 1.71946E-1 1.88933E-1 2.00785E-1 2.94162E-1 4.96955E-1 7.67114E-1 8.45847E-1 8.9204E-1 8.40163E-1 6.45077E-1 4.67728E-1 4.00246E-1 3.81407E-1 1.29716E-1 3.2293E-1 4.55738E-1 5.00949E-1 4.44718E-1 5.35247E-1 6.5451E-1 6.61246E-1 5.49478E-1
8.62752E-1 5.66402E-1 7.44029E-1 9.68896E-1 9.58152E-1 4.96753E-1 6.81326E-1 7.3687E-1 8.33168E-1 8.42092E-1 8.58416E-1 7.44818E-1 4.91505E-1 4.04967E-1 4.84753E-1 2.87986E-1 4.14252E-1 3.95775E-1 3.50252E-1 5.41326E-1 4.52544E-1 3.67935E-1 2.64623E-1 2.83486E-1 2.84992E-1 1.69971E-1 1.24809E-1 1.72069E-1 1.45573E-1 1.57406E-1 1.66147E-1 2.15821E-1 2.57177E-1 2.14978E-1 1.2612E-1 1.44172E-1 1.86369E-1 2.1158E-1 2.77842E-1 2.86159E-1 3.56528E-1 5.10848E-1 7.97683E-1 8.01984E-1 8.38973E-1 8.49187E-1 7.27392E-1 4.89107E-1 5.74297E-1 7.01986E-1 5.5154E-1 1.57183E-1 2.48846E-1 2.33044E-1 2.63795E-1 4.081E-1 8.26862E-1 8.36156E-1 6.13907E-1
8.62698E-1 5.88743E-1 6.0417E-1 9.41504E-1 8.94518E-1 5.99897E-1 5.94426E-1 7.32909E-1 8.05801E-1 8.80945E-1 6.61295E-1 4.70424E-1 5.67844E-1 5.27483E-1 4.41871E-1 2.77524E-1 2.38471E-1 4.75051E-1 3.41955E-1 5.0079E-1 5.07445E-1 3.69615E-1 3.0032E-1 3.37436E-1 3.10178E-1 1.93774E-1 1.97084E-1 2.7954E-1 2.70974E-1 2.26314E-1 1.80352E-1 1.77075E-1 1.93822E-1 1.84349E-1 1.76826E-1 2.06021E-1 2.23186E-1 2.56594E-1 3.44333E-1 3.06054E-1 3.58219E-1 5.53293E-1 7.41571E-1 7.61573E-1 7.79386E-1 8.13393E-1 6.97863E-1 5.96126E-1 5.76573E-1 5.91542E-1 3.92947E-1 4.99284E-1 4.34191E-1 4.07479E-1 3.85155E-1 3.72294E-1 8.72391E-1 7.09524E-1 4.87631E-1
8.40933E-1 6.16949E-1 4.80836E-1 6.9915E-1 8.70016E-1 7.13287E-1 4.86186E-1 8.05101E-1 8.98305E-1 8.80539E-1 8.4309E-1 6.40319E-1 4.79354E-1 4.73265E-1 4.91398E-1 3.09146E-1 2.98356E-1 3.96514E-1 4.16455E-1 4.18178E-1 3.45732E-1 2.77021E-1 2.89831E-1 4.0198E-1 2.84922E-1 2.05095E-1 2.11513E-1 2.45717E-1 2.24096E-1 3.37961E-1 2.60045E-1 1.9833E-1 3.14922E-1 2.55395E-1 2.36007E-1 3.27507E-1 3.78882E-1 3.40189E-1 3.9061E-1 3.14183E-1 3.51568E-1 6.86947E-1 7.55827E-1 7.96277E-1 8.20298E-1 6.96365E-1 6.28539E-1 5.77142E-1 5.56018E-1 5.72046E-1 5.74133E-1 5.78521E-1 5.86348E-1 5.16046E-1 4.31107E-1 3.74672E-1 8.44769E-1 7.97009E-1 5.67707E-1
7.88933E-1 7.04214E-1 6.43074E-1 4.76623E-1 8.12916E-1 8.47015E-1 4.32632E-1 8.88819E-1 8.84195E-1 7.67441E-1 5.60515E-1 5.77845E-1 5.5537E-1 5.04457E-1 4.65458E-1 3.46902E-1 3.26565E-1 4.68794E-1 4.60579E-1 4.33129E-1 4.54033E-1 3.96808E-1 2.68558E-1 3.79256E-1 3.78542E-1 2.96958E-1 2.76533E-1 2.96651E-1 3.23282E-1 3.41464E-1 3.04696E-1 2.31174E-1 3.23262E-1 2.40246E-1 2.82164E-1 4.49019E-1 4.6726E-1 3.74438E-1 3.66243E-1 3.96684E-1 3.99123E-1 6.62126E-1 7.96761E-1 7.19668E-1 6.31958E-1 6.11185E-1 4.71978E-1 5.433E-1 5.78682E-1 5.9095E-1 4.54823E-1 4.88049E-1 5.07009E-1 5.17474E-1 5.15575E-1 4.55398E-1 6.70768E-1 7.57237E-1 5.09628E-1
5.67517E-1 8.76304E-1 8.32733E-1 5.90139E-1 6.46979E-1 9.01481E-1 6.97508E-1 6.2143E-1 8.26935E-1 6.14843E-1 4.45028E-1 2.76663E-1 3.03428E-1 3.0434E-1 2.85633E-1 3.0215E-1 3.128E-1 5.20562E-1 4.00821E-1 3.4114E-1 3.83327E-1 5.01127E-1 5.45002E-1 5.1184E-1 4.90986E-1 3.27456E-1 2.56164E-1 3.85072E-1 3.74891E-1 3.72065E-1 3.02535E-1 2.59322E-1 2.59644E-1 1.87988E-1 3.07556E-1 4.55232E-1 5.20733E-1 5.20581E-1 4.78825E-1 5.11266E-1 4.80056E-1 5.98861E-1 8.13803E-1 7.57321E-1 6.61205E-1 6.22757E-1 6.31011E-1 6.09152E-1 5.49825E-1 4.95424E-1 4.59173E-1 4.84429E-1 5.08238E-1 5.06265E-1 5.04609E-1 5.45028E-1 6.18237E-1 5.58671E-1 4.39021E-1
4.27286E-1 5.91094E-1 8.05057E-1 6.10419E-1 5.35137E-1 7.58853E-1 8.51731E-1 6.61441E-1 8.36242E-1 8.16058E-1 7.11537E-1 5.43443E-1 3.90605E-1 3.97669E-1 3.07743E-1 3.09133E-1 2.37913E-1 3.47867E-1 3.93903E-1 3.65394E-1 4.05903E-1 4.94155E-1 5.16568E-1 5.47644E-1 5.18737E-1 3.60838E-1 2.98562E-1 4.1909E-1 4.27185E-1 4.33299E-1 3.2286E-1 3.57274E-1 2.60016E-1 2.48257E-1 3.60358E-1 4.46207E-1 4.77111E-1 4.49841E-1 4.72049E-1 5.15464E-1 5.44123E-1 5.81219E-1 8.29858E-1 7.81962E-1 6.6076E-1 5.85591E-1 5.80552E-1 5.66085E-1 5.19822E-1 4.64892E-1 4.86097E-1 4.99914E-1 5.1648E-1 4.83112E-1 4.6202E-1 5.68251E-1 5.59256E-1 2.64103E-1 2.55013E-1
5.5298E-1 7.72087E-1 6.95641E-1 6.29349E-1 6.75015E-1 6.47535E-1 8.6256E-1 6.50922E-1 6.25709E-1 8.25082E-1 6.665E-1 5.64023E-1 5.33065E-1 5.06254E-1 4.45589E-1 3.06396E-1 1.95159E-1 1.77569E-1 2.73645E-1 2.38876E-1 2.70458E-1 2.57314E-1 2.79083E-1 2.36541E-1 3.38942E-1 3.95286E-1 3.86523E-1 4.67234E-1 4.58884E-1 4.7167E-1 4.25207E-1 4.50161E-1 3.22702E-1 3.57079E-1 4.21239E-1 4.02664E-1 4.97217E-1 4.81131E-1 4.60813E-1 4.70836E-1 4.95867E-1 4.99818E-1 7.00461E-1 8.16209E-1 6.06247E-1 4.77264E-1 5.29011E-1 6.05273E-1 5.34012E-1 5.04524E-1 5.02877E-1 5.05458E-1 4.84069E-1 4.54919E-1 4.15173E-1 4.2035E-1 2.77751E-1 2.29855E-1 4.09784E-1
8.29149E-1 6.71858E-1 7.0974E-1 6.79902E-1 4.93501E-1 5.12575E-1 4.83385E-1 3.14316E-1 3.54232E-1 3.86653E-1 6.43795E-1 5.46507E-1 5.12519E-1 4.52297E-1 3.05605E-1 1.99499E-1 1.52531E-1 1.39553E-1 1.71503E-1 1.78526E-1 2.17539E-1 2.13203E-1 2.88399E-1 2.52244E-1 3.17517E-1 3.18525E-1 4.98908E-1 5.18685E-1 4.61927E-1 4.67148E-1 5.72475E-1 5.80616E-1 4.26412E-1 3.51689E-1 4.27981E-1 4.28234E-1 4.79954E-1 4.84806E-1 4.7205E-1 4.39956E-1 5.00716E-1 4.91435E-1 5.20873E-1 6.19631E-1 5.5359E-1 4.7163E-1 5.23344E-1 5.89512E-1 5.11857E-1 4.80533E-1 5.0355E-1 4.79117E-1 4.39688E-1 3.92726E-1 3.79835E-1 3.33637E-1 3.56108E-1 3.08767E-1 3.28555E-1
9.50305E-1 7.37938E-1 5.88519E-1 5.16228E-1 4.74248E-1 2.98326E-1 2.09037E-1 1.99878E-1 3.03883E-1 5.2878E-1 7.01097E-1 5.05977E-1 3.59674E-1 3.92508E-1 2.93356E-1 2.68419E-1 2.80359E-1 3.78279E-1 4.12007E-1 4.79862E-1 4.31516E-1 5.32656E-1 5.03094E-1 5.9625E-1 5.25039E-1 2.8682E-1 4.62721E-1 4.90371E-1 5.41272E-1 6.56821E-1 5.33418E-1 4.63677E-1 2.97917E-1 2.64689E-1 4.09028E-1 4.01537E-1 4.45742E-1 4.55066E-1 5.07333E-1 4.53857E-1 3.7294E-1 3.90693E-1 4.20802E-1 5.36779E-1 4.66019E-1 4.47173E-1 4.62179E-1 5.06144E-1 4.66713E-1 4.80879E-1 3.01385E-1 3.46106E-1 4.09461E-1 3.70588E-1 3.60348E-1 3.82113E-1 1.84798E-1 2.62591E-1 3.9835E-1
9.40495E-1 8.76738E-1 6.88238E-1 5.50435E-1 4.50669E-1 4.70858E-1 5.99953E-1 5.57206E-1 6.61124E-1 5.71592E-1 5.24186E-1 5.1428E-1 4.56678E-1 3.86275E-1 2.98876E-1 1.88114E-1 1.43665E-1 2.38193E-1 2.92009E-1 3.52937E-1 3.70268E-1 5.70094E-1 4.65043E-1 2.30151E-1 3.22653E-1 5.04502E-1 5.57651E-1 5.8409E-1 6.42036E-1 6.70862E-1 4.61497E-1 4.71743E-1 2.95157E-1 2.04835E-1 3.60958E-1 4.0317E-1 4.33404E-1 4.76713E-1 5.11218E-1 5.49192E-1 3.68887E-1 3.17175E-1 4.00959E-1 4.27359E-1 3.16983E-1 3.98417E-1 4.35116E-1 4.85595E-1 4.73835E-1 3.53581E-1 2.99613E-1 2.27934E-1 2.81316E-1 3.03249E-1 2.70524E-1 3.52023E-1 3.4208E-1 1.94945E-1 4.11921E-1
7.66047E-1 6.6887E-1 6.99515E-1 6.92232E-1 5.15268E-1 7.03557E-1 6.72981E-1 6.63474E-1 6.84853E-1 5.31032E-1 5.06609E-1 5.59039E-1 5.66788E-1 5.38465E-1 4.97926E-1 3.43803E-1 2.77418E-1 2.20706E-1 3.21648E-1 2.63472E-1 2.16151E-1 5.62093E-1 3.38457E-1 2.82521E-1 4.44426E-1 5.04782E-1 6.14116E-1 6.14033E-1 6.24061E-1 5.00881E-1 4.63606E-1 4.98707E-1 2.97217E-1 1.99141E-1 2.50017E-1 4.23837E-1 4.65451E-1 4.95441E-1 4.97913E-1 5.29688E-1 5.0468E-1 4.46057E-1 3.80221E-1 4.12592E-1 3.76839E-1 4.21889E-1 5.20048E-1 4.12256E-1 7.70558E-1 8.49342E-1 5.9977E-1 3.76774E-1 4.44681E-1 4.92568E-1 3.00827E-1 3.70284E-1 3.6066E-1 2.74072E-1 2.83447E-1
6.55572E-1 6.86068E-1 6.85607E-1 6.42436E-1 4.02335E-1 3.0271E-1 4.47136E-1 7.08838E-1 5.95859E-1 6.6137E-1 7.82429E-1 7.47946E-1 5.20612E-1 4.46269E-1 4.44798E-1 3.56578E-1 2.79304E-1 2.38495E-1 2.30413E-1 1.35066E-1 3.29914E-1 4.15764E-1 2.72021E-1 4.68479E-1 5.19936E-1 6.15427E-1 6.28017E-1 6.17238E-1 5.71522E-1 4.48782E-1 4.41026E-1 4.35841E-1 2.70567E-1 1.89824E-1 2.62472E-1 4.51169E-1 4.64813E-1 5.07196E-1 5.0115E-1 5.16641E-1 4.98623E-1 4.87153E-1 4.84946E-1 5.18215E-1 4.15374E-1 4.97691E-1 4.48119E-1 6.79893E-1 8.02549E-1 9.01862E-1 8.03994E-1 5.54545E-1 5.4066E-1 5.60793E-1 4.51823E-1 4.74421E-1 4.28975E-1 2.65586E-1 2.12304E-1
7.91463E-1 7.86291E-1 6.41927E-1 3.91011E-1 7.92299E-1 5.96402E-1 6.35151E-1 7.30244E-1 6.25021E-1 5.53544E-1 8.53519E-1 8.42275E-1 5.89617E-1 4.03779E-1 4.49427E-1 3.71438E-1 3.06611E-1 2.57324E-1 1.3833E-1 1.81349E-1 2.51076E-1 2.99339E-1 3.71496E-1 6.15607E-1 5.95473E-1 5.85271E-1 5.17126E-1 5.70936E-1 5.47373E-1 4.34371E-1 3.91944E-1 3.79997E-1 1.84561E-1 2.84388E-1 2.78897E-1 4.37671E-1 4.54198E-1 5.16326E-1 4.87993E-1 4.80031E-1 3.7651E-1 5.08094E-1 5.26572E-1 6.14979E-1 5.46921E-1 4.94719E-1 5.18383E-1 4.82376E-1 5.11101E-1 7.10011E-1 7.06938E-1 5.07901E-1 5.6328E-1 5.89597E-1 4.73484E-1 4.16991E-1 4.37774E-1 2.54071E-1 2.2421E-1
8.21155E-1 7.46854E-1 5.30911E-1 5.05413E-1 8.13121E-1 6.30262E-1 4.51667E-1 6.6047E-1 7.33756E-1 5.06558E-1 8.53623E-1 9.24697E-1 8.77611E-1 7.36501E-1 6.66521E-1 4.79782E-1 3.88426E-1 2.18281E-1 1.417E-1 4.17411E-1 3.52737E-1 2.96812E-1 4.09953E-1 6.77982E-1 5.98355E-1 6.97155E-1 6.07153E-1 5.57587E-1 5.09936E-1 4.15681E-1 3.93992E-1 3.0414E-1 1.92597E-1 3.68244E-1 3.15213E-1 4.50032E-1 4.85311E-1 5.19128E-1 5.04266E-1 5.21605E-1 3.18262E-1 3.52292E-1 4.97912E-1 7.23516E-1 6.6741E-1 5.24028E-1 5.927E-1 5.69916E-1 5.07632E-1 5.16073E-1 5.99717E-1 6.24005E-1 7.51862E-1 8.06152E-1 4.96153E-1 3.89717E-1 3.54845E-1 1.58806E-1 2.94852E-1
4.10334E-1 2.73224E-1 4.87848E-1 7.12504E-1 6.02679E-1 5.43409E-1 4.80212E-1 6.4254E-1 7.38569E-1 5.58666E-1 5.86015E-1 8.9624E-1 9.03696E-1 8.78015E-1 8.38469E-1 5.94298E-1 4.21018E-1 2.74013E-1 2.7038E-1 4.17942E-1 2.98208E-1 4.4261E-1 6.03433E-1 7.03148E-1 7.13066E-1 6.86652E-1 7.06327E-1 5.65403E-1 4.67367E-1 4.26419E-1 3.46469E-1 3.14727E-1 2.23144E-1 3.98449E-1 2.86054E-1 4.74225E-1 5.3845E-1 5.65911E-1 6.62099E-1 6.82413E-1 4.76472E-1 3.61019E-1 5.03723E-1 5.77568E-1 5.43801E-1 4.79309E-1 5.50879E-1 5.54051E-1 6.62573E-1 6.27378E-1 6.81587E-1 5.25153E-1 6.60482E-1 6.87802E-1 4.72354E-1 2.57263E-1 1.67475E-1 2.58958E-1 2.11593E-1
5.72137E-1 5.18826E-1 6.82696E-1 6.92392E-1 4.38648E-1 3.97901E-1 4.38785E-1 5.26979E-1 6.76005E-1 6.66935E-1 4.85856E-1 6.75155E-1 8.8422E-1 8.46098E-1 7.3059E-1 7.33574E-1 6.83097E-1 4.88826E-1 2.13593E-1 2.80698E-1 2.95206E-1 4.37931E-1 7.24416E-1 7.43654E-1 7.48982E-1 7.18184E-1 7.38546E-1 6.03066E-1 5.3257E-1 4.1774E-1 3.80756E-1 3.51862E-1 2.26309E-1 4.10643E-1 2.83819E-1 4.30111E-1 6.49898E-1 7.82012E-1 7.25262E-1 5.31785E-1 4.98195E-1 4.93656E-1 6.9371E-1 4.11961E-1 5.7435E-1 4.58973E-1 5.21819E-1 5.3813E-1 5.94161E-1 5.80672E-1 3.23899E-1 2.87911E-1 4.44467E-1 4.95777E-1 4.14247E-1 1.78794E-1 1.57917E-1 1.99137E-1 1.89942E-1
