Phytophthora/models/20240529_1714_25/Phytophthora_PA3_RUN8_MAXENT_outputs/projMaxent.asc
ncols         225
nrows         269
xllcorner     473009.9838
yllcorner     4429051.1748
cellsize      50.0
NODATA_value  -9999
[rows 156 to 181 of 269, columns 0 to 58 of 225]
-9999 -9999 -9999 -9999 -9999 -9999 -9999 -9999 2.81503E-1 3.68782E-1 7.03349E-1 8.0466E-1 9.29542E-1 9.64711E-1 9.78913E-1 9.80796E-1 9.87785E-1 9.8693E-1 9.89291E-1 9.64337E-1 8.18083E-1 5.84962E-1 5.14219E-1 5.72771E-1 6.36641E-1 5.28505E-1 6.41976E-1 9.54301E-1 9.18474E-1 9.00378E-1 8.90412E-1 8.22429E-1 7.96455E-1 7.13526E-1 5.31842E-1 6.73732E-1 8.79281E-1 9.51033E-1 9.70148E-1 9.60716E-1 9.11987E-1 9.09072E-1 7.00998E-1 5.59796E-1 5.72098E-1 7.59275E-1 7.34444E-1 6.73354E-1 6.52198E-1 5.92191E-1 7.13926E-1 7.21053E-1 7.82786E-1 8.95695E-1 8.51731E-1 7.75255E-1 6.88076E-1 5.56633E-1 6.22418E-1
-9999 -9999 -9999 -9999 -9999 -9999 -9999 -9999 2.40708E-1 3.3569E-1 7.40354E-1 8.37992E-1 8.69065E-1 9.70508E-1 9.43661E-1 8.59439E-1 9.90046E-1 9.87895E-1 9.85775E-1 9.4139E-1 6.7397E-1 6.00135E-1 6.48525E-1 8.26123E-1 8.45599E-1 6.49474E-1 7.5137E-1 9.32845E-1 9.2234E-1 9.28067E-1 8.84378E-1 7.17882E-1 8.12159E-1 6.40901E-1 5.65843E-1 8.78629E-1 9.83109E-1 9.82762E-1 9.36574E-1 9.66133E-1 9.3367E-1 8.28953E-1 6.01501E-1 5.55753E-1 6.34387E-1 7.20199E-1 7.48884E-1 6.99505E-1 6.18382E-1 7.73253E-1 8.61154E-1 8.33019E-1 8.0874E-1 9.38378E-1 9.11076E-1 6.97099E-1 6.95184E-1 7.69037E-1 6.75835E-1
-9999 -9999 -9999 -9999 -9999 -9999 -9999 -9999 2.3327E-1 5.24979E-1 7.84274E-1 8.49393E-1 8.8563E-1 9.04839E-1 8.18528E-1 8.58333E-1 9.89447E-1 9.87414E-1 9.85081E-1 9.48831E-1 8.27144E-1 7.17267E-1 7.5222E-1 8.94266E-1 9.21111E-1 8.07282E-1 8.9834E-1 9.40593E-1 9.31481E-1 8.94105E-1 8.05409E-1 7.06691E-1 8.4885E-1 7.21283E-1 8.87614E-1 9.48967E-1 9.7537E-1 9.57523E-1 8.24434E-1 8.1501E-1 7.20639E-1 7.67879E-1 6.60727E-1 6.24697E-1 6.74806E-1 5.50781E-1 5.88061E-1 5.57169E-1 6.75235E-1 8.55926E-1 8.83928E-1 9.189E-1 8.92068E-1 9.50455E-1 9.0105E-1 8.16406E-1 9.20972E-1 5.01858E-1 3.58173E-1
-9999 -9999 -9999 -9999 -9999 -9999 -9999 -9999 4.28649E-1 6.07004E-1 6.87748E-1 8.7679E-1 9.04535E-1 9.45411E-1 8.81742E-1 9.87788E-1 9.91437E-1 9.90299E-1 9.84072E-1 9.81105E-1 9.17021E-1 8.09845E-1 8.74079E-1 9.15643E-1 9.54637E-1 9.43696E-1 9.85635E-1 9.44802E-1 8.99904E-1 8.47343E-1 7.67298E-1 5.27416E-1 7.31637E-1 8.30759E-1 9.15552E-1 8.88943E-1 8.53681E-1 7.59946E-1 7.03494E-1 6.32663E-1 6.92579E-1 7.41658E-1 7.01095E-1 5.53333E-1 4.92094E-1 4.36441E-1 4.04969E-1 3.86497E-1 6.54184E-1 8.47231E-1 8.90008E-1 9.04629E-1 9.12929E-1 9.54392E-1 8.49645E-1 8.29408E-1 5.85792E-1 4.08882E-1 4.89618E-1
-9999 -9999 -9999 -9999 -9999 -9999 -9999 -9999 -9999 6.01188E-1 6.78411E-1 8.14355E-1 9.19355E-1 9.88018E-1 9.68951E-1 9.94437E-1 9.92878E-1 9.94259E-1 9.92253E-1 9.76611E-1 8.96026E-1 8.2627E-1 8.40019E-1 9.36728E-1 9.38661E-1 9.48624E-1 9.63478E-1 9.25609E-1 8.35429E-1 7.62911E-1 5.63005E-1 6.17033E-1 7.84388E-1 7.86316E-1 7.45377E-1 7.22223E-1 7.47313E-1 6.49706E-1 7.22679E-1 6.91827E-1 7.18837E-1 6.3267E-1 5.20841E-1 3.59467E-1 3.73476E-1 3.59479E-1 3.58005E-1 3.73127E-1 5.43654E-1 7.33301E-1 8.42818E-1 7.65302E-1 8.5275E-1 9.23052E-1 7.51667E-1 8.46758E-1 4.75916E-1 5.83667E-1 2.95069E-1
-9999 -9999 -9999 -9999 -9999 -9999 -9999 -9999 4.86253E-1 4.6152E-1 6.34023E-1 7.9903E-1 9.21128E-1 9.87366E-1 9.95154E-1 9.90811E-1 9.81991E-1 9.95597E-1 9.92513E-1 9.44071E-1 8.16151E-1 6.254E-1 6.52637E-1 8.98625E-1 8.78436E-1 9.41839E-1 9.55715E-1 8.94185E-1 7.92995E-1 6.55606E-1 3.63212E-1 5.67023E-1 7.65665E-1 8.35313E-1 7.67091E-1 7.49925E-1 7.77443E-1 7.74651E-1 7.44411E-1 8.04552E-1 8.1515E-1 6.31828E-1 4.81556E-1 2.84579E-1 3.55995E-1 3.66483E-1 3.26162E-1 3.73421E-1 4.4835E-1 3.41311E-1 5.75408E-1 6.30507E-1 8.6841E-1 8.69241E-1 8.31109E-1 7.64858E-1 5.79487E-1 6.97952E-1 5.46965E-1
-9999 -9999 -9999 -9999 -9999 -9999 -9999 6.07413E-1 5.10558E-1 2.92889E-1 5.75207E-1 7.86435E-1 9.28636E-1 9.88462E-1 9.97625E-1 9.95471E-1 9.70254E-1 9.45038E-1 9.84614E-1 9.43758E-1 7.33361E-1 6.64107E-1 7.25494E-1 8.69577E-1 8.48886E-1 9.46207E-1 9.50427E-1 8.7603E-1 7.47814E-1 4.94917E-1 5.47298E-1 6.81228E-1 7.63274E-1 8.39181E-1 8.69186E-1 8.82035E-1 8.30468E-1 7.83231E-1 7.44535E-1 7.99027E-1 8.5219E-1 6.05927E-1 4.44627E-1 2.84954E-1 3.98778E-1 3.67054E-1 2.45562E-1 2.84544E-1 3.37826E-1 5.20926E-1 6.4603E-1 6.2131E-1 9.0884E-1 8.10004E-1 8.02831E-1 7.85557E-1 7.70277E-1 6.99241E-1 3.39723E-1
-9999 -9999 -9999 -9999 -9999 -9999 2.08234E-1 1.6863E-1 2.7351E-1 4.12239E-1 6.39398E-1 8.24905E-1 8.96734E-1 9.44281E-1 9.8306E-1 9.67999E-1 8.62989E-1 9.8321E-1 9.89899E-1 8.54065E-1 8.09468E-1 8.32281E-1 8.68451E-1 8.51913E-1 8.67712E-1 8.34691E-1 8.90484E-1 8.30626E-1 6.78113E-1 4.51017E-1 6.74438E-1 7.21382E-1 7.40702E-1 7.71242E-1 7.73622E-1 7.67173E-1 8.14313E-1 8.30129E-1 7.26472E-1 7.98255E-1 8.58324E-1 5.32197E-1 4.01882E-1 3.69103E-1 4.62219E-1 4.9978E-1 3.0902E-1 3.34298E-1 3.55368E-1 7.57739E-1 6.79269E-1 7.24571E-1 9.00051E-1 8.17804E-1 7.28011E-1 8.54304E-1 5.16707E-1 2.5156E-1 3.28286E-1
-9999 -9999 -9999 -9999 -9999 -9999 3.56952E-1 2.85526E-1 3.59068E-1 7.04833E-1 5.92678E-1 7.53964E-1 7.02321E-1 8.92735E-1 7.61715E-1 6.83228E-1 9.02248E-1 9.93783E-1 9.82675E-1 9.82718E-1 9.49209E-1 8.43719E-1 9.4627E-1 9.20951E-1 9.20737E-1 8.26235E-1 8.52745E-1 6.97796E-1 4.67567E-1 4.51649E-1 5.83327E-1 6.86569E-1 6.7186E-1 6.89731E-1 7.28743E-1 6.96152E-1 7.32017E-1 8.16308E-1 8.05744E-1 8.62481E-1 8.60958E-1 5.72131E-1 4.11846E-1 4.52156E-1 4.98709E-1 6.08066E-1 4.37275E-1 3.05712E-1 2.59558E-1 4.319E-1 5.35727E-1 8.17815E-1 8.87683E-1 8.17659E-1 6.3174E-1 4.50468E-1 3.90826E-1 3.27707E-1 2.69579E-1
-9999 -9999 -9999 -9999 -9999 5.34573E-1 4.54588E-1 4.64156E-1 5.82919E-1 8.12464E-1 5.31554E-1 6.00621E-1 8.76708E-1 6.60412E-1 6.96705E-1 7.43115E-1 9.01951E-1 9.35281E-1 9.24656E-1 9.4116E-1 8.20811E-1 6.35434E-1 9.0364E-1 9.19393E-1 8.36753E-1 7.97152E-1 7.54255E-1 5.57269E-1 5.2484E-1 5.54974E-1 4.75496E-1 4.85493E-1 4.9109E-1 6.16712E-1 7.13786E-1 7.45438E-1 6.92345E-1 7.15628E-1 8.99971E-1 8.93039E-1 7.50092E-1 5.92463E-1 5.99548E-1 5.88869E-1 6.35997E-1 6.48586E-1 4.39157E-1 3.71534E-1 3.21993E-1 3.2076E-1 6.36356E-1 8.03249E-1 7.01978E-1 4.42441E-1 5.3532E-1 3.71788E-1 4.42363E-1 4.16178E-1 3.18489E-1
-9999 -9999 -9999 -9999 -9999 4.84573E-1 5.07668E-1 4.6041E-1 4.80877E-1 7.33615E-1 6.44147E-1 6.30739E-1 6.60396E-1 3.61982E-1 6.11705E-1 7.564E-1 5.90556E-1 6.82791E-1 6.98376E-1 9.49868E-1 9.29622E-1 5.23457E-1 6.98655E-1 6.98919E-1 6.97248E-1 8.01971E-1 7.37225E-1 6.37292E-1 5.94106E-1 5.76235E-1 5.32748E-1 4.60365E-1 4.49803E-1 6.96533E-1 7.19055E-1 7.40081E-1 6.68818E-1 6.46439E-1 7.18957E-1 8.15802E-1 6.60537E-1 5.52168E-1 6.70786E-1 6.98865E-1 7.4248E-1 6.36704E-1 4.71088E-1 3.76764E-1 3.90615E-1 4.92179E-1 7.30867E-1 7.42181E-1 3.47066E-1 4.53698E-1 4.74309E-1 1.14627E-1 3.83632E-1 4.32407E-1 5.60457E-1
-9999 -9999 -9999 -9999 -9999 6.07835E-1 5.46898E-1 3.91912E-1 5.4511E-1 7.03813E-1 8.30186E-1 6.62732E-1 3.87626E-1 4.68719E-1 6.19846E-1 6.47574E-1 5.7439E-1 5.79639E-1 7.20806E-1 8.93E-1 8.03293E-1 5.9069E-1 7.02318E-1 6.85244E-1 6.94288E-1 5.84333E-1 4.49137E-1 6.01744E-1 5.94436E-1 6.0629E-1 6.70123E-1 6.69563E-1 7.6594E-1 8.05714E-1 8.29952E-1 7.88732E-1 6.43034E-1 5.55787E-1 5.86878E-1 6.40316E-1 5.21521E-1 5.41584E-1 7.07914E-1 6.50035E-1 6.0463E-1 5.58201E-1 5.77957E-1 4.81989E-1 3.48831E-1 5.3989E-1 5.80766E-1 3.47398E-1 4.00915E-1 4.42129E-1 5.03285E-1 2.41442E-1 3.43057E-1 5.2419E-1 8.12044E-1
-9999 -9999 -9999 -9999 -9999 5.82425E-1 5.29217E-1 4.95763E-1 6.27959E-1 6.56688E-1 7.59764E-1 5.98195E-1 2.84308E-1 4.13554E-1 6.7203E-1 7.53061E-1 6.65393E-1 5.98854E-1 5.8595E-1 6.42183E-1 2.97125E-1 4.58557E-1 4.80961E-1 4.03956E-1 4.31757E-1 3.48046E-1 5.69302E-1 5.92537E-1 6.37922E-1 6.985E-1 7.61063E-1 7.44711E-1 7.97029E-1 7.92341E-1 7.77899E-1 6.19014E-1 5.45763E-1 5.18709E-1 5.99833E-1 5.45991E-1 3.35367E-1 5.39892E-1 4.64544E-1 4.54475E-1 5.11725E-1 4.53278E-1 5.2269E-1 3.06421E-1 3.09315E-1 2.73359E-1 2.99064E-1 4.72485E-1 2.05385E-1 3.50565E-1 1.42596E-1 2.31531E-1 4.00315E-1 5.43726E-1 5.48644E-1
-9999 -9999 -9999 -9999 6.10641E-1 6.99255E-1 6.22524E-1 5.68255E-1 6.72308E-1 7.53662E-1 8.12918E-1 5.4038E-1 4.31631E-1 5.86576E-1 6.86095E-1 5.82582E-1 4.09352E-1 4.56713E-1 4.45677E-1 2.86922E-1 2.88438E-1 4.87796E-1 4.34974E-1 4.99235E-1 5.41771E-1 5.36376E-1 6.1425E-1 6.61202E-1 6.87911E-1 7.24655E-1 7.87546E-1 7.54197E-1 8.13799E-1 7.34361E-1 6.04546E-1 5.50693E-1 5.06525E-1 5.66424E-1 6.4826E-1 5.40345E-1 2.92201E-1 5.37067E-1 7.58748E-1 4.06825E-1 4.47902E-1 4.02474E-1 4.47219E-1 3.13383E-1 2.99658E-1 2.69867E-1 3.58874E-1 5.16622E-1 2.73796E-1 2.39328E-1 2.38192E-1 3.48577E-1 5.17077E-1 4.98275E-1 5.06362E-1
-9999 -9999 -9999 -9999 3.04693E-1 5.89666E-1 6.88507E-1 5.87813E-1 8.00814E-1 8.8169E-1 9.22835E-1 7.64927E-1 6.43879E-1 6.80382E-1 7.36093E-1 5.80816E-1 4.36258E-1 3.27724E-1 2.52034E-1 2.64924E-1 4.40991E-1 4.91307E-1 5.27857E-1 5.725E-1 6.43921E-1 6.918E-1 7.41392E-1 8.29009E-1 7.61015E-1 7.95534E-1 7.68724E-1 7.31329E-1 7.06012E-1 5.96195E-1 5.34498E-1 5.16571E-1 5.18834E-1 5.77357E-1 6.63212E-1 4.53913E-1 3.11608E-1 3.0662E-1 3.37529E-1 3.12798E-1 3.41615E-1 4.61126E-1 4.34119E-1 3.73227E-1 4.25176E-1 4.12586E-1 5.89337E-1 5.06021E-1 2.68465E-1 2.67492E-1 3.77782E-1 5.186E-1 5.68977E-1 5.81106E-1 5.31228E-1
-9999 -9999 -9999 -9999 4.05303E-1 4.81013E-1 6.4172E-1 7.3477E-1 8.53663E-1 9.00832E-1 9.34595E-1 8.45038E-1 8.43885E-1 5.9787E-1 4.31899E-1 3.97737E-1 3.74174E-1 3.54923E-1 3.97129E-1 3.27652E-1 3.31973E-1 4.56196E-1 5.72884E-1 5.56838E-1 5.35412E-1 6.75843E-1 8.62132E-1 9.20222E-1 8.45878E-1 8.00455E-1 7.31481E-1 6.54166E-1 6.02031E-1 5.69849E-1 5.28902E-1 5.12911E-1 5.6137E-1 5.58846E-1 5.44913E-1 3.55153E-1 3.2245E-1 3.02398E-1 2.84038E-1 3.43109E-1 4.14884E-1 4.82279E-1 4.24607E-1 4.63625E-1 5.17908E-1 5.81727E-1 4.66238E-1 2.62377E-1 2.82676E-1 3.59839E-1 4.95237E-1 5.86062E-1 5.30911E-1 5.46252E-1 4.19938E-1
-9999 -9999 -9999 -9999 2.37874E-1 4.66068E-1 6.39347E-1 6.90143E-1 8.16871E-1 8.28963E-1 7.81709E-1 8.06421E-1 6.05695E-1 4.74383E-1 2.82341E-1 5.53585E-1 4.75857E-1 4.27887E-1 3.94358E-1 3.49937E-1 4.30875E-1 5.43192E-1 6.91609E-1 6.30726E-1 6.27769E-1 6.39619E-1 8.29957E-1 8.05613E-1 7.32843E-1 6.91788E-1 6.51575E-1 6.68907E-1 6.45398E-1 6.02548E-1 5.61061E-1 5.14986E-1 5.88165E-1 5.71052E-1 5.08837E-1 3.61648E-1 3.5317E-1 3.10943E-1 2.68146E-1 3.74944E-1 4.14862E-1 4.03915E-1 4.01581E-1 4.41932E-1 4.80383E-1 4.57961E-1 2.19306E-1 3.11063E-1 4.69491E-1 3.75168E-1 3.68528E-1 4.57243E-1 4.88762E-1 5.39014E-1 5.2107E-1
-9999 -9999 -9999 2.09551E-1 2.70065E-1 5.73575E-1 6.23235E-1 6.95132E-1 8.07555E-1 8.13905E-1 6.48689E-1 6.77773E-1 6.40985E-1 7.3388E-1 5.03701E-1 4.74885E-1 6.10011E-1 5.16477E-1 3.73837E-1 4.84959E-1 7.74148E-1 7.826E-1 5.17857E-1 6.20572E-1 8.69054E-1 9.87847E-1 8.70004E-1 5.27548E-1 5.48774E-1 5.8329E-1 4.73841E-1 6.5012E-1 7.16675E-1 6.54269E-1 5.62705E-1 5.18214E-1 5.22295E-1 5.19015E-1 5.48748E-1 4.62883E-1 3.73053E-1 4.23789E-1 3.31002E-1 4.00195E-1 4.15689E-1 4.30069E-1 5.06683E-1 4.02054E-1 5.12478E-1 3.61784E-1 3.79424E-1 5.08873E-1 4.37532E-1 3.57633E-1 3.88814E-1 5.18634E-1 3.75753E-1 6.33584E-1 6.1463E-1
-9999 -9999 -9999 3.76942E-1 3.37455E-1 6.75987E-1 8.3833E-1 6.32277E-1 8.37364E-1 7.99037E-1 6.7406E-1 8.21943E-1 8.65727E-1 7.75111E-1 4.46663E-1 5.01248E-1 5.51862E-1 5.47482E-1 5.52957E-1 4.66739E-1 4.35219E-1 4.90688E-1 4.29522E-1 6.50953E-1 7.72372E-1 8.47406E-1 6.02398E-1 6.40981E-1 5.93254E-1 4.71331E-1 4.63982E-1 5.45214E-1 6.28637E-1 5.52235E-1 5.31889E-1 5.04489E-1 4.77989E-1 4.48048E-1 5.00696E-1 5.45818E-1 4.57244E-1 5.77324E-1 5.67285E-1 5.81627E-1 4.6174E-1 3.76926E-1 3.41962E-1 2.29962E-1 2.47577E-1 3.81596E-1 4.85987E-1 5.23004E-1 5.02833E-1 3.80523E-1 4.1949E-1 4.60666E-1 3.48639E-1 3.62838E-1 5.5904E-1
4.67396E-1 2.86579E-1 5.00854E-1 5.66838E-1 4.23981E-1 6.75233E-1 8.16526E-1 9.13747E-1 7.54433E-1 9.18116E-1 8.77765E-1 8.88661E-1 9.20658E-1 9.25253E-1 7.40226E-1 6.95187E-1 5.82074E-1 6.24998E-1 6.04922E-1 6.03159E-1 6.15533E-1 6.13657E-1 5.30472E-1 4.60998E-1 5.26685E-1 5.36102E-1 6.6044E-1 7.38093E-1 6.06436E-1 3.28266E-1 4.73005E-1 2.79004E-1 5.08499E-1 4.63293E-1 4.70828E-1 5.2023E-1 5.58338E-1 5.21046E-1 6.15534E-1 6.7606E-1 6.02976E-1 6.58166E-1 5.93969E-1 5.31958E-1 3.29846E-1 3.69289E-1 3.4418E-1 3.29713E-1 4.51548E-1 4.81741E-1 4.46762E-1 5.53912E-1 5.46938E-1 3.33484E-1 3.99659E-1 3.45773E-1 4.45734E-1 7.00937E-1 6.34055E-1
-9999 3.40933E-1 3.91651E-1 4.48115E-1 4.53754E-1 5.32051E-1 6.07503E-1 7.9149E-1 6.58074E-1 9.71993E-1 9.43078E-1 6.5278E-1 8.86683E-1 9.59949E-1 7.98416E-1 6.36799E-1 5.9087E-1 6.04545E-1 7.19828E-1 7.1498E-1 6.59695E-1 6.22674E-1 6.80297E-1 6.86801E-1 5.49187E-1 4.6882E-1 6.50889E-1 7.2055E-1 6.21969E-1 3.74371E-1 2.76944E-1 2.77619E-1 4.29747E-1 4.66098E-1 4.95851E-1 5.39095E-1 6.48864E-1 6.75038E-1 7.66552E-1 7.31366E-1 6.98721E-1 7.09613E-1 4.63932E-1 4.20085E-1 4.53027E-1 4.57128E-1 4.81791E-1 2.82119E-1 3.03288E-1 4.11915E-1 4.33262E-1 5.52807E-1 6.26025E-1 4.25524E-1 3.7985E-1 3.84281E-1 4.50383E-1 6.52328E-1 7.97613E-1
-9999 -9999 3.81671E-1 6.65652E-1 8.68369E-1 5.99349E-1 6.88689E-1 6.93035E-1 6.12048E-1 8.98975E-1 8.40374E-1 8.6252E-1 9.4548E-1 8.5486E-1 7.08055E-1 6.36058E-1 6.12234E-1 6.29008E-1 8.0025E-1 8.09179E-1 6.88273E-1 6.79012E-1 7.27035E-1 5.89099E-1 3.26553E-1 4.6141E-1 6.67658E-1 7.16699E-1 8.19437E-1 8.55416E-1 6.68016E-1 4.8245E-1 5.70042E-1 6.85129E-1 5.21683E-1 5.11861E-1 6.30719E-1 7.78224E-1 8.26255E-1 7.70116E-1 6.39789E-1 5.37847E-1 4.53524E-1 5.01107E-1 6.35633E-1 4.95666E-1 5.34972E-1 1.94225E-1 3.67585E-1 2.46829E-1 3.51498E-1 4.53821E-1 4.31746E-1 4.19813E-1 3.50728E-1 3.18988E-1 3.88168E-1 4.41696E-1 6.7629E-1
-9999 -9999 -9999 7.78852E-1 8.50442E-1 7.37153E-1 8.49803E-1 7.79775E-1 6.40211E-1 7.52347E-1 6.49186E-1 8.24292E-1 9.42478E-1 9.18235E-1 7.90796E-1 6.56962E-1 5.71734E-1 6.03458E-1 7.10228E-1 7.6624E-1 6.87824E-1 5.63086E-1 4.90146E-1 6.56432E-1 5.90073E-1 5.34379E-1 3.65585E-1 7.66726E-1 8.47668E-1 8.7153E-1 8.90502E-1 8.35981E-1 6.62548E-1 7.00132E-1 5.05725E-1 5.19555E-1 6.57721E-1 9.16456E-1 9.15346E-1 7.89847E-1 8.06744E-1 6.33119E-1 5.87961E-1 6.6452E-1 7.38122E-1 7.31472E-1 4.85673E-1 2.0643E-1 4.66561E-1 4.3265E-1 3.85706E-1 3.48737E-1 3.04191E-1 3.39248E-1 5.01489E-1 3.43652E-1 2.78727E-1 2.40558E-1 2.87896E-1
-9999 -9999 -9999 6.68288E-1 6.12931E-1 6.3505E-1 8.78349E-1 9.66061E-1 9.7847E-1 8.89428E-1 5.81826E-1 7.23265E-1 9.04764E-1 9.83077E-1 9.63175E-1 6.95489E-1 5.75218E-1 5.66463E-1 5.93267E-1 6.63163E-1 6.18705E-1 5.9942E-1 3.949E-1 5.31836E-1 7.01997E-1 4.55416E-1 3.78224E-1 8.53051E-1 9.09173E-1 9.07023E-1 8.73457E-1 8.15378E-1 7.73554E-1 6.24532E-1 4.94339E-1 5.93874E-1 7.0651E-1 8.31757E-1 8.91821E-1 9.04185E-1 9.36473E-1 8.63324E-1 6.70695E-1 8.24192E-1 7.2101E-1 7.21277E-1 3.96225E-1 2.53398E-1 5.19795E-1 5.0398E-1 4.90202E-1 4.16979E-1 3.16058E-1 4.86364E-1 6.01847E-1 5.05236E-1 5.27469E-1 4.44564E-1 3.85471E-1
-9999 -9999 -9999 -9999 7.00578E-1 8.19064E-1 9.16441E-1 9.86767E-1 9.94727E-1 9.7236E-1 5.48804E-1 7.47919E-1 7.71052E-1 8.64498E-1 7.64808E-1 6.33043E-1 5.94898E-1 5.6246E-1 5.78005E-1 6.46424E-1 6.26088E-1 6.11973E-1 5.00861E-1 4.04573E-1 5.47711E-1 4.17692E-1 6.21942E-1 8.73985E-1 9.10453E-1 8.9166E-1 8.62048E-1 6.91501E-1 7.26167E-1 6.68607E-1 6.03927E-1 7.0158E-1 7.73834E-1 7.08122E-1 5.90746E-1 8.27658E-1 9.40301E-1 9.10837E-1 8.08553E-1 8.32665E-1 5.20348E-1 3.99168E-1 2.62302E-1 3.6111E-1 6.03383E-1 5.24103E-1 5.09654E-1 4.89403E-1 4.31143E-1 4.21447E-1 5.04718E-1 8.14609E-1 7.99789E-1 6.41025E-1 4.39819E-1
-9999 -9999 -9999 -9999 -9999 -9999 8.95652E-1 9.88311E-1 9.75757E-1 8.90875E-1 8.0885E-1 9.0775E-1 8.77252E-1 8.00602E-1 7.18415E-1 6.28124E-1 5.07709E-1 4.77305E-1 5.25413E-1 5.8004E-1 5.81677E-1 5.4826E-1 4.5346E-1 3.82563E-1 4.40219E-1 6.17414E-1 5.48981E-1 7.51576E-1 7.97542E-1 8.85751E-1 8.69531E-1 7.66543E-1 6.6318E-1 5.60807E-1 5.48228E-1 7.37223E-1 7.69706E-1 5.35948E-1 6.08552E-1 6.79764E-1 5.51154E-1 5.97301E-1 6.84602E-1 6.71525E-1 4.73168E-1 3.18252E-1 2.60135E-1 5.89799E-1 6.87898E-1 3.00921E-1 4.02732E-1 2.95433E-1 4.5071E-1 7.0006E-1 5.0429E-1 6.90784E-1 7.89132E-1 7.60375E-1 6.18863E-1
