Phytophthora/models/20240529_1714_25/Phytophthora_PA3_RUN8_MAXENT_outputs/projMaxent.asc
ncols         225
nrows         269
xllcorner     473009.9838
yllcorner     4429051.1748
cellsize      50.0
NODATA_value  -9999
[rows 234 to 259 of 269, columns 118 to 176 of 225]
4.35286E-1 6.02128E-1 6.58231E-1 5.78088E-1 5.00166E-1 3.53239E-1 5.14043E-1 6.75812E-1 5.13757E-1 3.14494E-1 3.80128E-1 6.19407E-1 6.75267E-1 6.8636E-1 6.97891E-1 4.65667E-1 6.93145E-1 6.9427E-1 9.17029E-1 6.30976E-1 7.70571E-1 5.48578E-1 8.5982E-1 8.83196E-1 8.66743E-1 7.9774E-1 7.65432E-1 7.45724E-1 7.27098E-1 6.66922E-1 6.36111E-1 6.15539E-1 5.90605E-1 5.01661E-1 5.63648E-1 5.87441E-1 5.68237E-1 6.3603E-1 6.85917E-1 7.60995E-1 4.33062E-1 6.40437E-1 4.48769E-1 3.06281E-1 5.8845E-1 4.48758E-1 1.45195E-1 3.47239E-1 4.30414E-1 3.66252E-1 3.38605E-1 2.75218E-1 1.84558E-1 1.37874E-1 5.06448E-1 6.92954E-1 3.13608E-1 3.35448E-1 3.30008E-1
5.17113E-1 5.31119E-1 5.60413E-1 6.1116E-1 5.46789E-1 3.94398E-1 5.75572E-1 5.82882E-1 4.02926E-1 4.88775E-1 4.821E-1 6.58465E-1 6.73911E-1 6.97593E-1 7.44802E-1 5.38647E-1 7.45306E-1 9.0073E-1 8.9567E-1 6.24676E-1 7.78451E-1 7.10527E-1 9.0956E-1 8.50316E-1 8.16765E-1 8.25872E-1 7.91368E-1 7.71956E-1 7.42747E-1 6.81638E-1 6.19611E-1 6.09709E-1 5.73616E-1 5.50307E-1 5.38735E-1 5.75065E-1 5.61187E-1 6.53381E-1 7.11112E-1 6.45685E-1 6.75148E-1 6.10055E-1 3.52651E-1 5.1717E-1 4.54422E-1 4.11815E-1 3.17068E-1 3.32805E-1 3.39471E-1 2.56672E-1 2.16992E-1 1.58008E-1 2.02845E-1 2.34067E-1 3.29307E-1 5.24512E-1 4.48415E-1 3.31532E-1 3.64302E-1
4.95935E-1 5.32782E-1 6.73281E-1 5.2818E-1 5.78075E-1 3.88171E-1 5.10361E-1 6.06674E-1 4.93112E-1 6.3413E-1 6.46852E-1 6.87836E-1 6.81706E-1 7.31735E-1 7.95991E-1 5.74935E-1 7.69201E-1 8.01516E-1 6.93997E-1 5.96712E-1 6.57601E-1 6.7068E-1 8.91253E-1 7.98282E-1 7.62785E-1 7.87042E-1 8.09946E-1 7.85117E-1 7.88121E-1 6.74514E-1 6.91926E-1 7.02016E-1 6.56075E-1 6.15958E-1 5.67497E-1 6.09377E-1 6.08895E-1 7.12295E-1 7.24855E-1 5.10766E-1 6.5393E-1 3.78637E-1 3.85068E-1 4.48656E-1 3.759E-1 4.43851E-1 5.27236E-1 3.17696E-1 2.56814E-1 3.33579E-1 2.88886E-1 1.87191E-1 1.76115E-1 1.9808E-1 1.58948E-1 2.24638E-1 4.35104E-1 5.37196E-1 4.07236E-1
8.11601E-1 5.49401E-1 5.79794E-1 9.08575E-1 6.6286E-1 5.55643E-1 6.60046E-1 8.65651E-1 5.55068E-1 7.00309E-1 6.7174E-1 6.52508E-1 6.92787E-1 7.39138E-1 8.2156E-1 6.57718E-1 5.85577E-1 5.93727E-1 5.85357E-1 7.30701E-1 8.13743E-1 5.71627E-1 7.88894E-1 7.93654E-1 7.62274E-1 7.58944E-1 8.34664E-1 7.75516E-1 7.66704E-1 7.02404E-1 7.82965E-1 7.62487E-1 7.24322E-1 5.49052E-1 6.28079E-1 5.99844E-1 6.74363E-1 7.54677E-1 5.05927E-1 6.46539E-1 3.79958E-1 3.617E-1 4.93266E-1 5.79504E-1 5.25643E-1 4.76677E-1 3.53646E-1 2.21545E-1 2.64016E-1 3.26825E-1 3.72091E-1 3.69362E-1 3.60286E-1 3.30739E-1 3.05785E-1 3.20842E-1 4.64296E-1 5.49676E-1 4.89298E-1
7.78337E-1 6.83203E-1 7.87623E-1 9.43143E-1 6.28632E-1 7.06285E-1 6.9605E-1 8.54154E-1 6.73982E-1 8.73397E-1 9.07478E-1 8.05118E-1 7.45144E-1 7.77918E-1 8.67533E-1 7.04384E-1 6.78595E-1 7.28671E-1 7.39054E-1 7.99794E-1 8.60564E-1 6.55794E-1 7.938E-1 8.25358E-1 7.57135E-1 7.42819E-1 8.18296E-1 8.14759E-1 7.99203E-1 7.31363E-1 7.7617E-1 7.43435E-1 6.81934E-1 5.9737E-1 6.27136E-1 6.60088E-1 7.38379E-1 7.61746E-1 4.68442E-1 7.79539E-1 3.93436E-1 4.38091E-1 6.99041E-1 6.33364E-1 5.99557E-1 3.60146E-1 2.23988E-1 3.43248E-1 3.4809E-1 3.1828E-1 3.31618E-1 3.77503E-1 3.77486E-1 3.52648E-1 3.38837E-1 2.96422E-1 4.29939E-1 5.98859E-1 4.27808E-1
9.4523E-1 6.34713E-1 6.3638E-1 6.7293E-1 5.12504E-1 5.59464E-1 8.73769E-1 8.48488E-1 7.50364E-1 8.67088E-1 8.95291E-1 9.31174E-1 9.56183E-1 9.05246E-1 8.57459E-1 7.12993E-1 6.9957E-1 8.79203E-1 8.66462E-1 8.37196E-1 8.74723E-1 6.81416E-1 7.05292E-1 7.89255E-1 8.11795E-1 8.03389E-1 8.34597E-1 8.13077E-1 7.77488E-1 6.75037E-1 7.43677E-1 6.95665E-1 4.80893E-1 7.22866E-1 7.23133E-1 7.5285E-1 7.3888E-1 5.18542E-1 7.47708E-1 8.37243E-1 3.50179E-1 4.66455E-1 8.53347E-1 5.99242E-1 5.31161E-1 3.10216E-1 3.24811E-1 3.71103E-1 3.20397E-1 3.32316E-1 3.39393E-1 3.52305E-1 3.58905E-1 3.52014E-1 3.67881E-1 2.6854E-1 3.80843E-1 4.97712E-1 3.80103E-1
7.48614E-1 5.33186E-1 5.37834E-1 4.68442E-1 4.52607E-1 6.77197E-1 8.7896E-1 8.64408E-1 7.54531E-1 8.82819E-1 9.0706E-1 9.37623E-1 9.44166E-1 9.463E-1 9.28605E-1 7.07038E-1 7.35823E-1 8.01003E-1 8.66086E-1 8.71124E-1 8.79429E-1 7.26609E-1 6.70515E-1 8.03255E-1 8.47509E-1 8.08186E-1 8.45384E-1 8.30293E-1 7.89306E-1 6.85021E-1 7.3081E-1 6.086E-1 5.20838E-1 7.55974E-1 7.24537E-1 7.18056E-1 5.97844E-1 5.24543E-1 5.70235E-1 8.09988E-1 3.25019E-1 3.96102E-1 7.52706E-1 5.34516E-1 4.60444E-1 2.78292E-1 4.4194E-1 3.62359E-1 3.16289E-1 3.71277E-1 3.56528E-1 3.67563E-1 3.77804E-1 3.51084E-1 3.54166E-1 2.23324E-1 1.8775E-1 3.68008E-1 2.83127E-1
6.4695E-1 7.80893E-1 8.42912E-1 6.78286E-1 6.69439E-1 6.85367E-1 8.65722E-1 7.82713E-1 7.77828E-1 9.08461E-1 9.14572E-1 9.3263E-1 9.45189E-1 9.38263E-1 8.00799E-1 9.76121E-1 9.86727E-1 8.16722E-1 6.68092E-1 8.13326E-1 8.71603E-1 7.59978E-1 5.58797E-1 8.90934E-1 9.22247E-1 8.034E-1 7.73049E-1 8.08537E-1 8.03991E-1 6.4762E-1 5.32021E-1 5.97632E-1 5.37406E-1 6.97664E-1 7.19517E-1 6.8005E-1 6.76264E-1 5.20053E-1 4.70705E-1 8.33414E-1 6.09432E-1 3.33067E-1 5.82667E-1 4.75874E-1 3.58263E-1 1.94844E-1 3.9216E-1 3.39233E-1 3.42834E-1 3.78859E-1 3.66095E-1 4.41407E-1 3.84712E-1 3.99518E-1 2.81966E-1 1.47868E-1 3.08875E-1 4.80404E-1 1.80348E-1
5.37386E-1 8.44687E-1 8.39964E-1 8.28379E-1 8.04841E-1 8.02723E-1 8.25435E-1 7.48775E-1 8.45849E-1 9.39925E-1 9.22829E-1 9.39993E-1 9.31252E-1 9.42731E-1 7.87823E-1 7.66723E-1 7.85033E-1 6.43534E-1 7.05348E-1 7.986E-1 8.76323E-1 8.10987E-1 6.57599E-1 8.70807E-1 7.78453E-1 7.27592E-1 7.36403E-1 7.16667E-1 6.29159E-1 5.70712E-1 6.72258E-1 7.24509E-1 6.17825E-1 7.05892E-1 7.1514E-1 7.2612E-1 7.30859E-1 4.77153E-1 4.68896E-1 6.09029E-1 3.8706E-1 3.65404E-1 4.44579E-1 4.63627E-1 3.57808E-1 2.54473E-1 3.6242E-1 3.69287E-1 3.88335E-1 3.82135E-1 3.44884E-1 3.60042E-1 3.67686E-1 3.79018E-1 3.31086E-1 1.43319E-1 1.04185E-1 1.48779E-1 9.12135E-2
7.78911E-1 6.13057E-1 6.6445E-1 6.41564E-1 7.84645E-1 6.44316E-1 9.74682E-1 9.74441E-1 7.62458E-1 8.71532E-1 9.10698E-1 9.10244E-1 9.13594E-1 9.36194E-1 7.23655E-1 7.41116E-1 6.77073E-1 7.26951E-1 8.19617E-1 8.59888E-1 8.27518E-1 7.5248E-1 5.65979E-1 6.28711E-1 4.69111E-1 6.69731E-1 7.63606E-1 4.52288E-1 8.20289E-1 6.29386E-1 7.73249E-1 7.4846E-1 4.91349E-1 6.64665E-1 6.75772E-1 7.04364E-1 5.94475E-1 3.78336E-1 5.17474E-1 3.06536E-1 3.21874E-1 4.72356E-1 4.84725E-1 4.62504E-1 4.58091E-1 3.03616E-1 4.80324E-1 5.50589E-1 4.92373E-1 5.4112E-1 3.75306E-1 2.91514E-1 2.86737E-1 3.88442E-1 3.04862E-1 2.31913E-1 1.53343E-1 1.14884E-1 8.65338E-2
7.22607E-1 8.70662E-1 7.67687E-1 7.60021E-1 8.58187E-1 6.6001E-1 9.73789E-1 9.67571E-1 7.3855E-1 8.43793E-1 9.22455E-1 9.02754E-1 9.15119E-1 8.13474E-1 9.5671E-1 7.71401E-1 8.05324E-1 7.52417E-1 7.92292E-1 8.31995E-1 8.29061E-1 7.26186E-1 5.25182E-1 5.14291E-1 6.06214E-1 6.63226E-1 4.94665E-1 5.60157E-1 5.5831E-1 7.697E-1 7.69789E-1 7.19406E-1 5.04835E-1 6.17067E-1 6.10536E-1 6.6518E-1 5.31479E-1 5.23403E-1 4.37752E-1 2.80422E-1 4.0963E-1 5.45983E-1 4.73869E-1 4.77358E-1 5.09321E-1 2.59245E-1 4.82279E-1 6.599E-1 5.51753E-1 5.66184E-1 3.39687E-1 2.75144E-1 2.43291E-1 2.72325E-1 2.776E-1 2.47417E-1 1.98277E-1 1.50789E-1 7.77382E-2
4.28315E-1 6.26431E-1 6.43173E-1 8.36965E-1 8.97921E-1 7.14429E-1 8.99779E-1 9.50764E-1 7.91706E-1 8.10621E-1 9.3291E-1 9.16991E-1 9.04515E-1 9.21509E-1 9.24326E-1 7.51536E-1 8.4507E-1 8.11625E-1 8.39791E-1 8.16116E-1 8.4281E-1 5.64206E-1 6.41046E-1 6.71838E-1 6.59167E-1 4.98841E-1 4.73136E-1 5.93455E-1 7.94131E-1 7.64251E-1 7.77688E-1 5.65493E-1 5.28305E-1 3.82141E-1 5.55331E-1 5.81938E-1 4.51831E-1 5.01386E-1 2.79613E-1 2.72416E-1 3.79641E-1 4.54243E-1 3.71867E-1 4.05057E-1 3.2782E-1 1.7511E-1 5.05473E-1 6.0601E-1 3.91183E-1 3.38644E-1 2.98438E-1 2.7587E-1 2.6102E-1 2.45345E-1 2.42737E-1 2.11947E-1 1.57927E-1 1.26181E-1 6.96838E-2
2.85281E-1 2.43433E-1 4.03413E-1 7.61338E-1 7.58368E-1 8.14577E-1 8.82744E-1 8.39016E-1 7.84429E-1 8.99461E-1 9.39011E-1 9.32638E-1 9.18408E-1 8.09343E-1 7.68464E-1 7.1713E-1 9.07108E-1 9.11291E-1 8.85502E-1 8.25364E-1 7.66618E-1 4.52579E-1 4.35358E-1 4.79162E-1 3.80861E-1 4.21854E-1 5.81352E-1 7.09711E-1 7.65708E-1 7.88807E-1 7.65534E-1 5.19567E-1 5.22145E-1 3.50055E-1 5.37681E-1 5.3114E-1 4.78944E-1 3.73897E-1 4.08144E-1 1.96329E-1 3.5375E-1 4.1566E-1 3.5624E-1 4.03303E-1 2.77466E-1 2.43794E-1 4.49023E-1 5.05395E-1 3.03635E-1 1.48558E-1 2.6395E-1 2.15977E-1 2.19946E-1 2.20856E-1 2.16032E-1 1.47697E-1 8.52676E-2 6.21454E-2 1.41082E-1
4.23811E-1 3.14627E-1 3.53705E-1 5.18433E-1 5.38628E-1 5.31908E-1 6.90346E-1 8.41462E-1 7.78731E-1 9.12031E-1 9.43685E-1 9.39434E-1 9.34096E-1 7.58315E-1 6.86569E-1 6.88067E-1 8.60006E-1 9.04273E-1 8.97824E-1 7.99778E-1 7.20663E-1 3.81905E-1 4.63688E-1 3.63347E-1 3.75318E-1 4.01737E-1 6.94654E-1 6.87521E-1 7.42338E-1 7.64111E-1 7.52218E-1 4.84954E-1 4.20211E-1 3.34371E-1 5.22457E-1 5.16611E-1 5.32568E-1 2.2031E-1 5.08422E-1 3.69773E-1 1.81301E-1 2.8467E-1 3.30234E-1 3.94654E-1 3.02944E-1 2.23525E-1 2.86154E-1 5.06103E-1 4.00014E-1 1.34668E-1 1.01157E-1 1.00239E-1 1.3413E-1 1.74015E-1 1.77844E-1 1.26205E-1 8.57999E-2 7.25205E-2 3.34871E-1
4.80573E-1 4.76062E-1 4.99825E-1 5.31369E-1 4.88916E-1 4.26122E-1 6.24683E-1 9.41204E-1 6.79633E-1 9.40371E-1 9.54976E-1 9.3727E-1 9.34832E-1 6.81718E-1 7.14218E-1 7.97798E-1 9.02339E-1 8.89843E-1 8.89981E-1 7.72696E-1 6.51472E-1 3.83669E-1 5.94121E-1 5.81658E-1 4.68707E-1 6.2251E-1 8.05978E-1 7.05065E-1 7.06714E-1 7.38765E-1 7.20316E-1 4.41252E-1 3.58429E-1 2.90601E-1 4.63568E-1 4.77736E-1 4.71555E-1 2.44344E-1 5.07805E-1 3.86154E-1 1.73786E-1 2.54166E-1 3.15145E-1 3.75508E-1 4.04036E-1 2.44242E-1 1.81613E-1 2.54712E-1 4.91046E-1 2.55268E-1 1.63696E-1 8.69245E-2 1.56703E-1 1.5916E-1 1.54298E-1 1.02586E-1 7.29218E-2 1.12213E-1 3.6624E-1
4.59736E-1 4.59638E-1 4.98461E-1 5.34026E-1 4.25525E-1 2.23678E-1 7.08978E-1 8.04932E-1 6.74331E-1 9.25732E-1 8.68823E-1 9.34307E-1 9.43377E-1 8.14678E-1 8.509E-1 7.13051E-1 8.09759E-1 8.80234E-1 8.08334E-1 7.46591E-1 7.13735E-1 5.0876E-1 4.53965E-1 6.31213E-1 6.17803E-1 7.0316E-1 8.06038E-1 7.64357E-1 6.98067E-1 7.08292E-1 6.743E-1 3.4331E-1 2.74918E-1 3.61832E-1 4.52193E-1 4.65842E-1 4.58016E-1 2.58269E-1 3.84736E-1 4.44486E-1 1.59137E-1 2.11427E-1 2.95262E-1 3.25183E-1 4.30853E-1 4.24562E-1 3.60978E-1 1.7608E-1 1.62089E-1 1.37154E-1 1.36024E-1 1.98635E-1 1.67843E-1 -9999 -9999 7.47975E-2 8.15312E-2 1.18386E-1 2.48034E-1
5.91111E-1 4.94905E-1 5.01002E-1 5.07631E-1 4.0526E-1 2.25598E-1 3.75983E-1 5.97771E-1 3.64491E-1 5.15912E-1 4.68921E-1 8.04808E-1 8.21921E-1 6.60088E-1 8.31182E-1 6.50417E-1 7.3024E-1 8.61801E-1 8.83604E-1 7.71875E-1 6.20763E-1 5.43357E-1 2.56888E-1 5.85967E-1 7.22559E-1 7.37009E-1 7.24925E-1 7.92369E-1 7.21576E-1 7.0173E-1 6.82332E-1 4.20896E-1 3.13818E-1 4.82332E-1 4.41131E-1 4.52532E-1 3.697E-1 2.16488E-1 2.84991E-1 4.73105E-1 1.87998E-1 1.86951E-1 2.263E-1 2.41371E-1 3.59093E-1 3.54652E-1 3.20849E-1 1.55117E-1 9.80862E-2 -9999 -9999 -9999 -9999 -9999 -9999 -9999 -9999 8.91839E-2 2.10591E-1
7.16036E-1 6.1564E-1 5.39415E-1 5.05429E-1 4.40593E-1 2.91089E-1 3.35848E-1 3.82286E-1 4.2175E-1 3.14984E-1 5.79781E-1 8.16079E-1 6.89862E-1 6.11957E-1 7.51104E-1 6.32571E-1 6.80135E-1 7.87792E-1 8.27209E-1 7.64381E-1 6.0369E-1 5.31922E-1 2.81369E-1 5.14653E-1 7.07761E-1 7.05163E-1 6.80068E-1 6.66471E-1 7.70725E-1 7.2948E-1 7.00285E-1 4.59425E-1 3.72092E-1 4.99532E-1 4.07429E-1 3.65968E-1 2.50599E-1 1.70949E-1 2.7773E-1 -9999 -9999 -9999 -9999 -9999 -9999 -9999 -9999 -9999 -9999 -9999 -9999 -9999 -9999 -9999 -9999 -9999 -9999 -9999 -9999
6.71287E-1 6.99812E-1 6.85354E-1 5.5823E-1 4.63467E-1 2.87191E-1 3.03984E-1 2.75913E-1 2.62405E-1 2.93056E-1 5.93431E-1 8.27965E-1 7.26806E-1 7.41005E-1 6.68788E-1 5.67166E-1 6.24307E-1 7.91219E-1 7.70603E-1 6.43561E-1 -9999 -9999 -9999 -9999 -9999 -9999 -9999 -9999 -9999 -9999 -9999 -9999 -9999 -9999 -9999 -9999 -9999 -9999 -9999 -9999 -9999 -9999 -9999 -9999 -9999 -9999 -9999 -9999 -9999 -9999 -9999 -9999 -9999 -9999 -9999 -9999 -9999 -9999 -9999
5.97087E-1 6.84357E-1 5.86086E-1 6.6214E-1 5.80789E-1 3.28585E-1 3.56385E-1 4.18973E-1 3.12949E-1 3.77858E-1 4.29066E-1 6.94353E-1 7.62879E-1 8.88577E-1 7.61845E-1 5.72873E-1 6.89953E-1 5.76952E-1 -9999 -9999 -9999 -9999 -9999 -9999 -9999 -9999 -9999 -9999 -9999 -9999 -9999 -9999 -9999 -9999 -9999 -9999 -9999 -9999 -9999 -9999 -9999 -9999 -9999 -9999 -9999 -9999 -9999 -9999 -9999 -9999 -9999 -9999 -9999 -9999 -9999 -9999 -9999 -9999 -9999
4.33357E-1 5.45789E-1 3.01994E-1 4.11428E-1 4.56111E-1 4.33208E-1 3.13121E-1 3.35933E-1 4.02542E-1 4.39164E-1 4.38376E-1 7.12719E-1 8.00598E-1 9.08688E-1 7.68629E-1 5.85882E-1 8.9894E-1 -9999 -9999 -9999 -9999 -9999 -9999 -9999 -9999 -9999 -9999 -9999 -9999 -9999 -9999 -9999 -9999 -9999 -9999 -9999 -9999 -9999 -9999 -9999 -9999 -9999 -9999 -9999 -9999 -9999 -9999 -9999 -9999 -9999 -9999 -9999 -9999 -9999 -9999 -9999 -9999 -9999 -9999
6.5006E-1 5.73033E-1 4.90844E-1 4.88891E-1 5.2835E-1 3.96998E-1 3.8632E-1 4.56244E-1 4.88545E-1 4.80126E-1 4.1267E-1 8.01354E-1 8.70705E-1 8.99485E-1 8.39369E-1 -9999 -9999 -9999 -9999 -9999 -9999 -9999 -9999 -9999 -9999 -9999 -9999 -9999 -9999 -9999 -9999 -9999 -9999 -9999 -9999 -9999 -9999 -9999 -9999 -9999 -9999 -9999 -9999 -9999 -9999 -9999 -9999 -9999 -9999 -9999 -9999 -9999 -9999 -9999 -9999 -9999 -9999 -9999 -9999
-9999 -9999 -9999 -9999 -9999 -9999 -9999 -9999 -9999 -9999 -9999 8.0343E-1 7.96957E-1 -9999 -9999 -9999 -9999 -9999 -9999 -9999 -9999 -9999 -9999 -9999 -9999 -9999 -9999 -9999 -9999 -9999 -9999 -9999 -9999 -9999 -9999 -9999 -9999 -9999 -9999 -9999 -9999 -9999 -9999 -9999 -9999 -9999 -9999 -9999 -9999 -9999 -9999 -9999 -9999 -9999 -9999 -9999 -9999 -9999 -9999
-9999 -9999 -9999 -9999 -9999 -9999 -9999 -9999 -9999 -9999 -9999 -9999 -9999 -9999 -9999 -9999 -9999 -9999 -9999 -9999 -9999 -9999 -9999 -9999 -9999 -9999 -9999 -9999 -9999 -9999 -9999 -9999 -9999 -9999 -9999 -9999 -9999 -9999 -9999 -9999 -9999 -9999 -9999 -9999 -9999 -9999 -9999 -9999 -9999 -9999 -9999 -9999 -9999 -9999 -9999 -9999 -9999 -9999 -9999
-9999 -9999 -9999 -9999 -9999 -9999 -9999 -9999 -9999 -9999 -9999 -9999 -9999 -9999 -9999 -9999 -9999 -9999 -9999 -9999 -9999 -9999 -9999 -9999 -9999 -9999 -9999 -9999 -9999 -9999 -9999 -9999 -9999 -9999 -9999 -9999 -9999 -9999 -9999 -9999 -9999 -9999 -9999 -9999 -9999 -9999 -9999 -9999 -9999 -9999 -9999 -9999 -9999 -9999 -9999 -9999 -9999 -9999 -9999
-9999 -9999 -9999 -9999 -9999 -9999 -9999 -9999 -9999 -9999 -9999 -9999 -9999 -9999 -9999 -9999 -9999 -9999 -9999 -9999 -9999 -9999 -9999 -9999 -9999 -9999 -9999 -9999 -9999 -9999 -9999 -9999 -9999 -9999 -9999 -9999 -9999 -9999 -9999 -9999 -9999 -9999 -9999 -9999 -9999 -9999 -9999 -9999 -9999 -9999 -9999 -9999 -9999 -9999 -9999 -9999 -9999 -9999 -9999
