Phytophthora/models/20240529_1714_25/Phytophthora_PA3_RUN8_MAXENT_outputs/projMaxent.asc
ncols         225
nrows         269
xllcorner     473009.9838
yllcorner     4429051.1748
cellsize      50.0
NODATA_value  -9999
[rows 78 to 103 of 269, columns 118 to 176 of 225]
4.89499E-4 3.56267E-4 1.15028E-3 6.32754E-4 6.82346E-4 4.24163E-4 4.92097E-2 4.6039E-2 4.48065E-2 4.30631E-2 5.11114E-2 5.06769E-2 7.13211E-4 4.30761E-4 2.18031E-4 3.71484E-4 2.36174E-4 2.52438E-4 5.76987E-4 9.31235E-4 2.41657E-3 2.44625E-3 1.07614E-3 1.04818E-3 1.61016E-3 2.18918E-3 1.27366E-3 8.29739E-4 1.01691E-3 1.62414E-3 2.9903E-3 1.93836E-3 1.24324E-3 1.51779E-3 2.61329E-3 2.50088E-3 3.80256E-3 3.27061E-3 3.52033E-3 3.46301E-3 1.91811E-3 1.34571E-3 1.25706E-3 1.12813E-1 8.78608E-2 3.71885E-2 1.21968E-1 8.4268E-2 4.75618E-2 5.31509E-2 1.4552E-1 2.47143E-1 8.48506E-2 1.5227E-3 8.82454E-4 1.18868E-3 1.53859E-3 1.27513E-3 5.95711E-4
4.96508E-4 6.70974E-4 2.18054E-3 4.89503E-4 4.72614E-4 1.75568E-2 5.02559E-2 4.48248E-2 4.89094E-2 6.02302E-2 3.81207E-2 5.57527E-2 9.18923E-4 1.01122E-3 3.24904E-4 4.42972E-4 3.23737E-4 3.79819E-4 2.8806E-4 5.78287E-4 1.72677E-3 1.71603E-3 1.67407E-3 1.0939E-3 1.44547E-3 1.67396E-3 1.13592E-3 8.40668E-4 8.91252E-4 1.63416E-3 2.74423E-3 3.58932E-3 1.41896E-3 1.03916E-3 1.10524E-3 1.17582E-3 2.94868E-3 3.3417E-3 3.56195E-3 3.08457E-3 1.6876E-3 9.53469E-4 1.34494E-3 5.54769E-2 1.51792E-1 6.70766E-2 8.53063E-2 2.94107E-2 4.58548E-2 5.50447E-2 4.77336E-2 3.58143E-2 5.15165E-2 1.15072E-3 1.72572E-3 1.86272E-3 6.7073E-4 9.11036E-4 9.32492E-4
7.71979E-4 6.35486E-4 1.05544E-3 1.10307E-3 4.63966E-4 2.08348E-2 5.17448E-2 5.00247E-2 5.10041E-2 5.03124E-2 4.39741E-2 3.74771E-2 6.88753E-4 1.1387E-3 5.6286E-4 5.66467E-4 6.13734E-4 5.68224E-4 3.55656E-4 4.94356E-4 1.13621E-3 9.08904E-4 9.56357E-4 1.26287E-3 1.52979E-3 1.14376E-3 1.04211E-3 6.75853E-4 8.91832E-4 1.38435E-3 2.27783E-3 4.33359E-3 1.71281E-3 9.71326E-4 9.0568E-4 9.34547E-4 1.56743E-3 2.4278E-3 2.54133E-3 1.62731E-3 3.33007E-3 5.32561E-3 7.31238E-2 5.72767E-2 3.20098E-2 2.67149E-2 2.41583E-2 2.47204E-2 4.19465E-2 8.72054E-2 6.14914E-2 2.54419E-2 3.52183E-2 1.90457E-3 1.73428E-3 1.94681E-3 1.65385E-3 2.26443E-3 7.89981E-4
1.16665E-3 1.15076E-3 4.38188E-4 5.71744E-4 1.20345E-2 1.49037E-2 5.22285E-2 5.23094E-2 5.34326E-2 5.89059E-2 4.02046E-2 4.07425E-2 1.24065E-3 1.70012E-3 6.70812E-4 5.86559E-4 7.31509E-4 8.55609E-4 5.86358E-4 1.07763E-3 1.13115E-3 1.54669E-3 1.6958E-3 1.28156E-3 5.68595E-4 7.19345E-4 6.47785E-4 9.35622E-4 1.03511E-3 1.18364E-3 1.85493E-3 3.2516E-3 1.41124E-3 1.0466E-3 1.40833E-3 7.1185E-4 1.40538E-3 2.34378E-3 2.85701E-3 3.18291E-3 3.06495E-3 3.16878E-3 2.32966E-3 1.05971E-1 4.92823E-2 5.59436E-2 3.1941E-2 2.23559E-2 2.57849E-2 6.81236E-2 8.96601E-2 3.03784E-2 9.40151E-2 2.9428E-3 1.67808E-3 1.57979E-3 1.46802E-3 1.74296E-3 5.29049E-4
1.36771E-3 1.70208E-3 4.01106E-4 3.247E-4 3.11321E-2 5.37484E-2 5.42773E-2 5.53675E-2 5.01059E-2 2.94666E-2 4.16662E-2 6.47193E-2 7.51207E-2 1.53233E-3 6.2615E-4 6.18006E-4 6.74351E-4 8.69141E-4 8.11571E-4 1.20263E-3 1.30613E-3 2.15526E-3 2.25329E-3 9.57211E-4 5.82481E-4 4.76907E-4 5.89321E-4 6.41349E-4 6.99179E-4 9.53909E-4 9.42956E-4 1.61596E-3 9.99907E-4 7.63494E-4 1.22215E-3 2.22456E-3 1.94199E-3 2.06386E-3 3.0433E-3 3.29158E-3 4.02516E-3 5.29848E-3 5.59968E-3 3.63774E-3 1.5241E-1 1.24101E-1 5.06069E-2 3.15529E-2 3.51011E-2 3.02937E-2 6.72625E-2 6.93896E-2 1.36661E-3 2.1289E-3 1.66956E-3 1.26953E-3 9.67854E-4 8.02581E-4 2.00891E-3
5.19562E-4 7.45869E-4 1.81584E-4 2.11344E-4 2.46932E-2 1.69975E-2 5.59889E-2 5.72541E-2 2.40522E-2 2.64243E-2 2.91097E-2 5.91819E-2 1.39071E-3 1.67987E-3 6.55888E-4 5.53284E-4 6.54333E-4 8.35824E-4 8.65501E-4 7.352E-4 8.36163E-4 1.42391E-3 1.08224E-3 9.62198E-4 8.06251E-4 4.43031E-4 7.24447E-4 6.63829E-4 8.65291E-4 9.38207E-4 3.57799E-3 2.94736E-3 1.71652E-3 1.56761E-3 1.23499E-3 9.4467E-4 8.6079E-4 2.10303E-3 2.6611E-3 3.26134E-3 4.48625E-3 3.63602E-3 3.9777E-3 4.48654E-3 2.05235E-3 1.77784E-1 1.02598E-1 7.47162E-2 3.52093E-2 2.76004E-2 7.16842E-2 3.36819E-3 1.36356E-3 1.02339E-3 1.64783E-3 1.26701E-3 1.05963E-3 1.33761E-3 8.98788E-4
2.94514E-2 7.48068E-4 3.86062E-4 1.14361E-2 1.79159E-2 2.43727E-2 6.05207E-2 6.46465E-2 4.11146E-2 4.50089E-2 7.32459E-2 7.4145E-2 1.438E-3 1.91006E-3 7.05383E-4 5.33276E-4 6.57231E-4 8.15014E-4 1.25329E-3 7.59804E-4 9.7556E-4 1.22872E-3 9.57552E-4 9.09732E-4 1.05527E-3 4.20485E-4 6.15078E-4 9.15147E-4 1.33615E-3 1.77588E-3 1.43497E-3 3.83662E-3 6.36181E-3 3.50835E-3 9.95734E-4 8.76595E-4 8.82882E-4 2.02862E-3 1.56148E-3 2.16558E-3 4.41737E-3 3.11584E-3 2.59227E-3 3.07334E-3 4.20763E-3 2.89666E-3 1.71433E-3 7.27899E-2 4.91062E-2 3.33197E-2 4.34937E-2 2.46974E-3 1.69533E-3 8.77078E-4 9.82312E-4 7.84302E-4 5.07244E-4 6.14608E-4 7.30294E-4
8.53318E-2 1.02013E-3 3.84996E-4 8.43794E-3 2.70894E-2 2.50821E-2 5.06301E-2 7.36357E-2 6.11689E-2 1.7911E-3 1.77682E-3 2.0731E-3 1.83613E-3 1.71912E-3 6.54686E-4 5.91874E-4 8.31823E-4 1.24983E-3 2.07353E-3 8.31476E-4 1.15329E-3 1.06856E-3 1.08333E-3 8.62165E-4 8.47493E-4 4.28527E-4 6.44795E-4 1.0537E-3 1.31843E-3 2.06387E-3 3.24278E-3 2.9809E-3 2.9012E-3 2.71208E-3 6.7193E-4 1.22399E-3 1.92413E-3 1.79818E-3 1.47652E-3 1.98495E-3 2.83148E-3 4.23401E-3 2.95742E-3 2.12067E-3 5.57781E-3 4.18698E-3 9.36245E-2 1.172E-1 6.35907E-2 5.4816E-2 3.68823E-2 6.50936E-4 1.16756E-3 1.25886E-3 1.18085E-3 1.49915E-3 6.37991E-4 4.75746E-4 7.56941E-4
7.7114E-2 8.32751E-2 3.24923E-4 2.25022E-2 3.34988E-2 4.16991E-2 7.94134E-2 4.02254E-2 6.94312E-2 1.92301E-3 2.25314E-3 9.29656E-4 8.28403E-4 7.7147E-4 6.28565E-4 8.87013E-4 1.49093E-3 1.81589E-3 1.5283E-3 5.00112E-4 7.15025E-4 1.06302E-3 1.11667E-3 9.78961E-4 9.1957E-4 6.00801E-4 1.10891E-3 2.22221E-3 2.81568E-3 3.02525E-3 3.19685E-3 3.25978E-3 2.7873E-3 1.60336E-3 2.11488E-3 2.20337E-3 3.60004E-3 3.43639E-3 3.30924E-3 2.73213E-3 3.83906E-3 4.01172E-3 3.25953E-3 9.33045E-2 1.24726E-1 3.40637E-3 7.67932E-2 1.52118E-1 8.92486E-2 6.54034E-2 5.34933E-2 6.93345E-4 4.45929E-4 6.49149E-4 1.5023E-3 1.7794E-3 1.01313E-3 6.06397E-4 4.42581E-4
9.51055E-2 7.16941E-2 1.69626E-2 2.12189E-2 2.09106E-2 3.82793E-2 4.16782E-2 5.2863E-2 2.18825E-3 1.51146E-3 1.2579E-3 3.73615E-4 5.62253E-4 5.5058E-4 6.51505E-4 1.02513E-3 1.48854E-3 1.1125E-3 8.65924E-4 5.36125E-4 7.38637E-4 1.21632E-3 1.31276E-3 1.43099E-3 1.31998E-3 2.30569E-3 9.61523E-4 1.55392E-3 1.82589E-3 2.55865E-3 2.79252E-3 2.33986E-3 2.30131E-3 2.37636E-3 3.67541E-3 4.36091E-3 3.76975E-3 3.0718E-3 1.54885E-3 2.53298E-3 4.27727E-3 4.40951E-3 3.47771E-3 1.28575E-1 8.02185E-2 1.08881E-1 1.07293E-1 9.14519E-2 6.80485E-2 5.91711E-2 4.86042E-2 8.0663E-4 4.92505E-4 3.87668E-4 8.43499E-4 8.82067E-4 7.42713E-4 5.57832E-4 5.42808E-4
1.00905E-1 5.31546E-2 2.60051E-2 2.39591E-2 3.32255E-2 4.0145E-2 7.01118E-2 8.88528E-2 9.65068E-4 6.959E-4 4.12063E-4 5.64278E-4 4.97878E-4 4.04711E-4 5.91379E-4 9.32142E-4 1.34805E-3 1.19772E-3 6.05669E-4 6.78276E-4 8.73942E-4 1.59846E-3 2.27451E-3 2.18453E-3 1.22604E-3 2.4442E-3 1.892E-3 1.7523E-3 2.00399E-3 3.88576E-3 3.79294E-3 4.2558E-3 4.18798E-3 4.45919E-3 4.30099E-3 4.32683E-3 3.01758E-3 1.59686E-3 1.33469E-3 2.1194E-3 3.34218E-3 5.83463E-3 3.06794E-3 9.87082E-2 9.85405E-2 9.83778E-2 8.95422E-2 6.56915E-2 6.91758E-2 5.75586E-2 4.86418E-2 4.86431E-2 7.76271E-4 7.34237E-4 4.086E-4 2.24888E-4 2.16273E-4 2.3048E-4 4.05315E-4
8.80992E-2 5.01442E-2 4.1969E-2 4.11502E-2 4.40959E-2 5.41171E-2 7.32165E-2 7.30732E-2 9.01281E-4 5.92546E-4 4.51704E-4 2.72429E-4 3.04258E-4 3.45299E-4 4.49918E-4 1.00801E-3 1.21344E-3 1.27128E-3 6.87273E-4 1.01802E-3 2.00322E-3 2.47561E-3 2.10962E-3 2.17258E-3 1.43987E-3 2.76453E-3 2.825E-3 1.95925E-3 2.61463E-3 5.77704E-3 2.6762E-3 3.89353E-3 5.16301E-3 4.46124E-3 4.09933E-3 4.90174E-3 2.72323E-3 1.55118E-3 1.45049E-3 2.70328E-3 6.23322E-3 6.45507E-3 4.00633E-3 2.55498E-3 1.34254E-1 6.72828E-2 1.11924E-1 6.70837E-2 6.55424E-2 5.42634E-2 4.42442E-2 3.73771E-2 3.3664E-2 8.0318E-4 5.4853E-4 3.32936E-4 3.1761E-4 3.5249E-4 2.59506E-4
5.78916E-2 5.7557E-2 5.93245E-2 4.92571E-2 5.38107E-2 7.96497E-2 7.08795E-2 7.41016E-2 9.25658E-4 6.73313E-4 4.77903E-4 2.85652E-4 3.50914E-4 5.30701E-4 7.50531E-4 1.2059E-3 1.2718E-3 1.22336E-3 1.01419E-3 1.22132E-3 2.76035E-3 3.15195E-3 2.57784E-3 1.19688E-3 1.00955E-3 2.78049E-3 3.26223E-3 3.24714E-3 4.09774E-3 5.41411E-3 2.69288E-3 4.47237E-3 3.44613E-3 3.39987E-3 3.22718E-3 2.03452E-3 1.79054E-3 9.11219E-4 1.43719E-3 2.43655E-3 5.75452E-3 4.89465E-3 6.62445E-3 4.1147E-3 2.61111E-3 6.40303E-2 1.11743E-1 1.26517E-1 7.0158E-2 5.49766E-2 5.47392E-2 4.11327E-2 2.74573E-2 3.32966E-2 8.31891E-4 6.65767E-4 5.78685E-4 4.71907E-4 3.31184E-4
5.46533E-2 7.0245E-2 1.04472E-1 7.32784E-2 6.17058E-2 9.32643E-2 8.60405E-2 7.36206E-2 1.47222E-3 7.52125E-4 3.97744E-4 3.3938E-4 5.21866E-4 8.27414E-4 1.11467E-3 1.46144E-3 1.18383E-3 1.21313E-3 1.64023E-3 2.0595E-3 3.55768E-3 2.96848E-3 1.95333E-3 1.8759E-3 1.58717E-3 3.54007E-3 5.57925E-3 6.32325E-3 6.04214E-3 8.32221E-3 7.21696E-3 8.82009E-3 5.04981E-3 2.37386E-3 3.84806E-3 4.02647E-3 1.19058E-3 1.08247E-3 1.57502E-3 2.37651E-3 4.71313E-3 4.64253E-3 6.77465E-3 3.66646E-3 3.07995E-3 7.65051E-2 5.19226E-2 6.3145E-2 6.33415E-2 3.90154E-2 3.16384E-2 2.55414E-2 2.92537E-2 3.04775E-2 3.7661E-2 6.32047E-4 4.86527E-4 3.65869E-4 2.98181E-4
4.8658E-2 7.46813E-2 1.03367E-1 7.65376E-2 6.80189E-2 9.45773E-2 9.21253E-2 7.5405E-2 6.76392E-2 7.1053E-4 3.60574E-4 4.4789E-4 7.81666E-4 1.63225E-3 1.68803E-3 1.497E-3 1.31451E-3 1.39671E-3 2.97953E-3 2.54103E-3 2.81752E-3 2.78447E-3 2.26638E-3 1.8594E-3 2.68952E-3 2.92246E-3 5.38683E-3 8.40721E-3 9.46818E-3 1.1911E-2 1.20011E-2 5.82593E-3 1.10362E-2 6.49466E-3 5.46759E-3 4.06764E-3 1.29674E-3 1.66211E-3 1.82357E-3 2.65714E-3 4.42631E-3 3.6129E-3 6.41162E-3 4.14759E-3 4.01279E-3 1.07116E-1 7.11766E-2 5.21131E-2 5.60428E-2 5.04927E-2 3.88108E-2 3.8987E-2 2.85208E-2 2.01547E-2 2.00844E-2 6.79152E-4 6.38249E-4 3.12089E-4 3.0598E-4
5.05212E-2 6.33019E-2 7.43945E-2 5.15256E-2 4.71673E-2 6.82341E-2 1.00955E-1 9.27618E-2 1.27669E-3 8.65243E-4 9.71957E-4 5.80084E-4 9.48158E-4 1.91476E-3 2.39161E-3 1.77442E-3 1.97642E-3 2.59111E-3 3.07419E-3 1.92392E-3 2.2457E-3 2.76956E-3 2.44627E-3 2.12309E-3 2.84216E-3 4.33304E-3 6.53953E-3 6.1503E-3 9.85856E-3 1.1922E-2 1.04663E-2 4.98706E-3 3.1659E-3 1.31545E-3 2.10406E-3 3.68432E-3 1.18404E-3 8.38528E-4 9.65495E-4 1.80696E-3 4.41219E-3 5.23802E-3 6.49585E-3 4.88847E-3 3.77274E-3 2.60488E-3 7.12473E-2 7.47537E-2 7.47554E-2 1.04984E-1 9.42641E-2 5.89672E-2 4.98857E-2 3.54401E-2 3.43377E-2 7.67088E-4 7.92037E-4 3.90765E-4 4.16351E-4
6.07709E-2 4.89281E-2 3.54263E-2 2.37456E-2 3.71789E-2 8.76746E-2 2.07922E-3 1.51828E-3 1.20894E-3 7.00553E-4 1.51442E-3 3.84179E-3 1.81845E-3 2.2387E-3 2.67783E-3 3.12937E-3 3.29613E-3 3.06429E-3 2.83377E-3 1.67418E-3 2.67498E-3 1.44302E-3 2.90452E-3 2.208E-3 2.24812E-3 3.95026E-3 6.07249E-3 8.38049E-3 9.85972E-3 1.01826E-2 7.94744E-3 4.55929E-3 1.93502E-3 1.89877E-3 1.57424E-3 9.82267E-4 8.79073E-4 8.34048E-4 9.2137E-4 1.87888E-3 4.58671E-3 6.06779E-3 6.70141E-3 4.86502E-3 2.30374E-3 2.37066E-3 1.07106E-1 1.66423E-1 1.29534E-1 1.22452E-1 1.17794E-1 1.06437E-1 6.90427E-2 4.499E-2 4.15101E-2 7.86032E-4 8.11657E-4 5.87049E-4 9.93847E-4
5.8942E-2 4.62284E-2 3.68241E-2 3.71919E-2 5.4051E-2 8.24993E-2 1.72394E-3 1.20561E-3 9.40502E-4 1.2698E-3 1.81256E-3 2.92254E-3 2.15019E-3 1.85864E-3 3.50151E-3 3.28948E-3 2.85156E-3 3.64795E-3 3.52201E-3 2.23965E-3 3.29309E-3 1.38191E-3 2.50002E-3 2.0085E-3 2.01794E-3 3.58913E-3 4.14692E-3 6.12947E-3 6.03609E-3 7.4528E-3 5.92407E-3 2.67269E-3 1.82051E-3 2.16029E-3 3.1804E-3 2.27329E-3 1.00122E-3 9.29699E-4 1.03608E-3 2.75905E-3 5.49284E-3 7.09912E-3 6.22879E-3 4.30268E-3 2.95218E-3 1.0085E-1 6.167E-2 1.14526E-1 9.92784E-2 9.67463E-2 1.58467E-1 1.33215E-1 7.94828E-2 6.40916E-2 1.19331E-3 8.63634E-4 7.93786E-4 5.75442E-4 1.18414E-3
4.72042E-2 3.11307E-2 4.21036E-2 9.47681E-2 1.12984E-1 2.32629E-3 2.5481E-3 2.27581E-3 2.41507E-3 1.7643E-3 1.28689E-3 1.67697E-3 1.56328E-3 2.4447E-3 4.40505E-3 3.88501E-3 3.50767E-3 4.4193E-3 3.84485E-3 3.36669E-3 2.98093E-3 1.60595E-3 1.79715E-3 1.36305E-3 1.85182E-3 2.55846E-3 3.05385E-3 3.90475E-3 3.97734E-3 4.59043E-3 4.20051E-3 2.63421E-3 1.23761E-3 1.80422E-3 3.44784E-3 2.89963E-3 1.12963E-3 9.58266E-4 1.1313E-3 5.05145E-3 6.99398E-3 6.45001E-3 5.99528E-3 4.90241E-3 1.65931E-1 1.24021E-1 9.82338E-2 7.83466E-2 8.77386E-2 1.14061E-1 1.64585E-1 1.24147E-1 9.3412E-2 8.58061E-2 1.71961E-3 1.31362E-3 9.50344E-4 6.25588E-4 6.24655E-4
5.39837E-2 3.13763E-2 4.64286E-2 1.16021E-1 2.43214E-3 2.74873E-3 2.68316E-3 2.18546E-3 3.05697E-3 2.46718E-3 1.67297E-3 1.18367E-3 1.62339E-3 2.82118E-3 4.6663E-3 4.49909E-3 4.52676E-3 5.21242E-3 5.02869E-3 3.35963E-3 1.69361E-3 1.47178E-3 3.26875E-3 5.5128E-3 1.45503E-3 1.9049E-3 1.55571E-3 2.00653E-3 2.18411E-3 2.29397E-3 2.40217E-3 1.89665E-3 1.02278E-3 9.29152E-4 1.85085E-3 1.40881E-3 6.68016E-4 5.93934E-4 1.66648E-3 5.91984E-3 5.59267E-3 5.56272E-3 6.91937E-3 1.97889E-1 1.47792E-1 1.58566E-1 7.92652E-2 8.52538E-2 1.16056E-1 1.30101E-1 1.81307E-1 1.43032E-1 9.52375E-2 2.17778E-3 1.9723E-3 1.68551E-3 1.46414E-3 1.04323E-3 6.89059E-4
9.2377E-2 2.87338E-2 3.18979E-2 8.97724E-2 1.64741E-3 2.56238E-3 2.14263E-3 2.00086E-3 2.87042E-3 3.04993E-3 1.62747E-3 1.72823E-3 2.15826E-3 3.60867E-3 3.46638E-3 2.03859E-3 4.19269E-3 4.74661E-3 4.55146E-3 2.44596E-3 1.39869E-3 3.36169E-3 6.30474E-3 2.52341E-3 2.42774E-3 1.71893E-3 1.67758E-3 1.26911E-3 1.06423E-3 9.79217E-4 1.15784E-3 1.0089E-3 7.71125E-4 9.14255E-4 1.1461E-3 7.95791E-4 7.56091E-4 9.00158E-4 2.08421E-3 4.31442E-3 5.30676E-3 7.66838E-3 2.08779E-1 2.24231E-1 1.90164E-1 1.04891E-1 6.945E-2 1.1609E-1 1.12897E-1 1.29189E-1 1.82671E-1 1.57092E-1 2.07969E-3 2.62186E-3 1.8558E-3 1.93759E-3 2.60005E-3 1.98091E-3 9.49352E-4
6.9348E-2 1.98513E-2 5.38264E-2 5.63592E-4 1.26872E-3 2.00453E-3 2.19428E-3 2.97331E-3 3.49878E-3 2.40007E-3 2.53859E-3 2.86857E-3 1.99969E-3 3.45329E-3 4.1039E-3 4.41858E-3 4.87291E-3 5.13421E-3 2.42255E-3 2.20784E-3 1.87081E-3 6.91209E-3 7.45679E-3 1.08834E-3 2.10125E-3 1.73808E-3 1.70041E-3 1.62362E-3 9.06604E-4 1.36208E-3 1.50154E-3 5.67507E-4 6.85863E-4 1.858E-3 2.27241E-3 1.39183E-3 1.5912E-3 1.775E-3 1.07643E-1 1.07438E-1 1.85087E-1 2.26694E-1 1.71694E-1 1.52588E-1 1.65391E-1 1.08914E-1 8.62833E-2 1.35353E-1 1.30002E-1 1.42758E-1 1.5129E-1 2.76256E-3 2.01017E-3 2.51492E-3 1.75672E-3 1.55745E-3 1.84776E-3 1.70371E-3 1.00147E-3
9.05769E-2 5.2899E-2 4.12806E-2 8.39504E-4 1.00944E-3 1.37778E-3 1.76887E-3 2.30406E-3 3.062E-3 3.10336E-3 1.96652E-3 1.94207E-3 2.50351E-3 3.92528E-3 3.96087E-3 4.85244E-3 5.31389E-3 2.93013E-3 6.64361E-3 5.2183E-3 5.39752E-3 6.0161E-3 7.15345E-3 2.44406E-3 1.67405E-3 2.0623E-3 1.47387E-3 9.03985E-4 1.21963E-3 2.27148E-3 2.26949E-3 1.191E-3 6.12096E-4 2.02193E-3 2.68985E-3 1.57727E-3 1.94738E-3 1.96671E-3 9.35585E-2 8.77868E-2 2.57889E-1 2.55905E-1 2.03998E-1 1.66311E-1 1.66694E-1 1.09442E-1 6.2114E-2 8.97668E-2 1.54357E-1 1.45321E-1 1.19967E-1 2.31467E-3 2.3514E-3 1.86266E-3 1.52226E-3 1.41606E-3 1.15142E-3 1.08742E-3 6.86851E-4
1.11303E-1 8.64042E-2 3.83095E-2 7.50824E-4 1.052E-3 1.63748E-3 1.59369E-3 8.2206E-4 2.33273E-3 3.68801E-3 2.41932E-3 2.67108E-3 3.05063E-3 4.62443E-3 3.95329E-3 5.03626E-3 4.7347E-3 2.11192E-3 3.7506E-3 3.65615E-3 2.7183E-3 2.59606E-3 3.28345E-3 2.87322E-3 2.43412E-3 1.34674E-3 9.65306E-4 1.0793E-3 1.11435E-3 2.21701E-3 2.47001E-3 1.88718E-3 1.03554E-3 1.23614E-3 2.50788E-3 1.94685E-3 1.93196E-3 1.0392E-1 1.14148E-1 1.22729E-1 3.04467E-1 2.63936E-1 1.92444E-1 1.84071E-1 1.98839E-1 1.02195E-1 1.51444E-1 2.31893E-1 2.29124E-1 1.4586E-1 1.07609E-1 1.06405E-1 3.23251E-3 2.25486E-3 2.06527E-3 2.03405E-3 7.22426E-4 1.09101E-3 2.65711E-3
1.94483E-1 1.11184E-1 4.52308E-2 8.4213E-4 1.47099E-3 2.10258E-3 1.71925E-3 1.16568E-3 2.53009E-3 4.53561E-3 3.5004E-3 4.23777E-3 3.78834E-3 4.50287E-3 4.99011E-3 4.28174E-3 4.72817E-3 3.16126E-3 3.28038E-3 3.20548E-3 2.23733E-3 1.6011E-3 2.2511E-3 2.34677E-3 1.80632E-3 1.32055E-3 8.27128E-4 1.00441E-3 6.98027E-4 1.62973E-3 1.27801E-3 9.77979E-4 1.2505E-3 1.11184E-3 1.65014E-3 1.30531E-3 1.27418E-3 9.75525E-2 1.44749E-1 2.46299E-1 3.02077E-1 2.90195E-1 1.29511E-1 1.13747E-1 1.16787E-1 9.21253E-2 1.97757E-1 1.55268E-1 1.37705E-1 1.26863E-1 1.2074E-1 1.40809E-1 2.99368E-3 2.38842E-3 2.30987E-3 1.86215E-3 8.53603E-4 1.17982E-3 2.45029E-3
1.39102E-1 1.39613E-1 4.48726E-2 2.52088E-3 1.46622E-3 2.09134E-3 2.33601E-3 1.42397E-3 4.58966E-3 4.40411E-3 4.91429E-3 4.26567E-3 4.84706E-3 5.03451E-3 4.17474E-3 3.38943E-3 4.56441E-3 4.99744E-3 4.84684E-3 2.8535E-3 2.48518E-3 3.66514E-3 3.00992E-3 1.39741E-3 1.3243E-3 7.38925E-4 1.31644E-3 8.86318E-4 9.0844E-4 1.70444E-3 8.26629E-4 1.32943E-3 1.3249E-3 1.31251E-3 1.06208E-3 1.00148E-3 1.52168E-3 7.77E-2 1.09158E-1 1.183E-1 9.35206E-2 1.10055E-1 8.62285E-2 8.46267E-2 1.05311E-1 1.42941E-1 1.55919E-1 3.65871E-1 1.17958E-1 1.19823E-1 1.44911E-1 1.94211E-1 1.10677E-1 2.14233E-3 1.84837E-3 1.33471E-3 1.15602E-3 9.25204E-4 1.16959E-3
