Phytophthora/models/20240429_1921_07/Phytophthora_PA3_RUN2_MAXENT_outputs/Phytophthora_PA3_RUN2.asc
ncols         225
nrows         269
xllcorner     473000.0
yllcorner     4429100.0
cellsize      50.0
NODATA_value  -9999
[rows 54 to 80 of 269, columns 60 to 119 of 225]
4.09547E-2 1.64368E-2 4.93893E-2 5.62367E-2 6.21485E-2 9.462E-2 1.08523E-1 1.19811E-1 1.4435E-1 1.64675E-1 1.4757E-1 1.29801E-1 1.55946E-1 1.74601E-1 1.65422E-1 1.50471E-1 1.28777E-1 1.0632E-1 1.12259E-1 1.3291E-1 1.64177E-1 1.84864E-1 1.86599E-1 1.21223E-1 1.77986E-1 -9999 -9999 -9999 -9999 -9999 -9999 -9999 -9999 -9999 -9999 -9999 -9999 -9999 -9999 -9999 -9999 -9999 -9999 -9999 -9999 -9999 -9999 -9999 -9999 -9999 -9999 -9999 -9999 -9999 -9999 -9999 -9999 -9999 -9999 -9999
4.02954E-2 4.64389E-2 4.9489E-2 2.43028E-2 6.43994E-2 1.04541E-1 1.11839E-1 1.18918E-1 1.23522E-1 1.23499E-1 1.31309E-1 1.35387E-1 1.65649E-1 1.40632E-1 2.45232E-1 1.66721E-1 1.45385E-1 1.21429E-1 1.02996E-1 1.11498E-1 1.60271E-1 2.22105E-1 1.84706E-1 7.6967E-2 1.8112E-1 2.7127E-1 -9999 -9999 -9999 -9999 4.33794E-1 -9999 -9999 -9999 -9999 -9999 -9999 -9999 -9999 -9999 -9999 -9999 -9999 -9999 -9999 -9999 -9999 -9999 -9999 -9999 -9999 -9999 -9999 -9999 -9999 -9999 -9999 -9999 -9999 -9999
1.94702E-2 3.53166E-2 3.77885E-2 4.57552E-2 5.38937E-2 9.35423E-2 9.59092E-2 1.08989E-1 8.7361E-2 9.52292E-2 9.75216E-2 9.13794E-2 1.45346E-1 1.73865E-1 6.68914E-2 1.02154E-1 1.17623E-1 1.04352E-1 9.00335E-2 9.1332E-2 1.36352E-1 1.10058E-1 8.86833E-2 9.92527E-2 1.05753E-1 1.786E-1 1.64122E-1 1.30424E-1 1.51555E-1 5.18694E-2 3.45879E-1 2.42672E-1 -9999 -9999 -9999 -9999 -9999 -9999 -9999 -9999 -9999 -9999 -9999 -9999 -9999 -9999 -9999 -9999 -9999 -9999 -9999 -9999 -9999 -9999 -9999 -9999 -9999 -9999 -9999 -9999
2.91306E-2 3.25506E-2 3.64894E-2 4.90337E-2 5.6305E-2 9.28584E-2 8.46623E-2 6.11112E-2 8.42502E-2 8.59645E-2 8.89453E-2 8.16619E-2 8.85516E-2 7.5353E-2 9.27724E-2 5.60033E-2 1.16023E-1 1.0739E-1 1.0564E-1 1.10853E-1 1.28973E-1 8.3729E-2 8.7469E-2 -9999 9.57044E-2 1.80011E-1 1.70191E-1 1.34015E-1 1.38542E-1 5.56092E-2 2.52674E-1 2.50409E-1 -9999 -9999 -9999 -9999 -9999 -9999 -9999 -9999 -9999 -9999 -9999 -9999 -9999 -9999 -9999 -9999 -9999 -9999 -9999 -9999 -9999 -9999 -9999 -9999 -9999 -9999 -9999 -9999
2.79526E-2 3.06075E-2 2.97838E-2 3.96695E-2 6.02852E-2 1.08299E-1 1.02247E-1 8.94998E-2 8.80521E-2 8.81233E-2 9.00234E-2 8.55284E-2 6.69035E-2 6.603E-2 8.05387E-2 3.79655E-2 9.079E-2 1.53356E-1 1.19772E-1 1.59467E-1 1.50688E-1 7.8412E-2 8.12805E-2 9.31798E-2 6.70085E-2 1.86219E-1 1.7644E-1 1.45036E-1 1.29038E-1 1.57325E-1 2.1482E-1 2.87894E-1 3.38685E-1 -9999 -9999 -9999 -9999 -9999 -9999 -9999 -9999 -9999 -9999 -9999 -9999 -9999 -9999 -9999 -9999 -9999 -9999 -9999 -9999 -9999 -9999 -9999 -9999 -9999 -9999 -9999
2.96132E-2 2.84065E-2 2.53717E-2 3.20752E-2 4.26419E-2 9.57323E-2 1.21061E-1 9.37294E-2 9.09402E-2 6.09335E-2 8.5527E-2 8.65158E-2 8.16939E-2 7.24169E-2 8.02846E-2 9.31329E-2 1.33386E-1 1.2392E-1 1.77268E-1 1.76673E-1 1.65539E-1 8.59968E-2 7.97724E-2 9.20545E-2 1.16065E-1 1.95983E-1 1.8294E-1 1.5726E-1 1.28025E-1 1.44523E-1 1.75771E-1 2.85462E-1 3.11945E-1 -9999 -9999 -9999 -9999 -9999 -9999 -9999 -9999 -9999 -9999 -9999 -9999 -9999 -9999 -9999 -9999 -9999 -9999 -9999 -9999 -9999 -9999 -9999 -9999 -9999 -9999 -9999
2.90729E-2 2.89704E-2 2.72477E-2 3.22626E-2 3.75191E-2 8.90981E-2 1.34392E-1 9.00241E-2 8.86298E-2 9.1802E-2 4.13932E-2 9.17187E-2 9.06174E-2 8.50203E-2 8.5184E-2 9.19098E-2 9.53076E-2 1.48342E-1 1.47762E-1 1.50179E-1 1.70832E-1 8.92675E-2 7.90405E-2 9.13724E-2 1.16955E-1 2.04895E-1 1.87173E-1 1.6776E-1 1.37645E-1 1.46031E-1 1.87263E-1 2.3354E-1 2.84422E-1 -9999 -9999 -9999 -9999 -9999 -9999 -9999 -9999 -9999 -9999 -9999 -9999 -9999 -9999 -9999 -9999 -9999 -9999 -9999 -9999 -9999 -9999 -9999 -9999 -9999 -9999 -9999
1.88867E-2 1.9009E-2 2.25475E-2 2.79368E-2 2.86095E-2 3.67219E-2 4.12451E-2 3.68493E-2 3.79946E-2 4.76743E-2 8.9203E-2 9.18351E-2 9.96666E-2 9.7368E-2 9.32878E-2 9.4435E-2 9.21483E-2 1.04498E-1 1.41087E-1 1.02782E-1 1.90313E-1 9.12963E-2 8.70038E-2 9.2373E-2 1.05918E-1 1.13393E-1 1.00907E-1 8.77369E-2 7.40361E-2 1.06433E-1 1.96666E-1 2.57535E-1 2.78133E-1 1.89001E-1 -9999 -9999 -9999 -9999 -9999 -9999 -9999 -9999 -9999 -9999 -9999 -9999 -9999 -9999 -9999 -9999 -9999 -9999 -9999 -9999 -9999 -9999 -9999 -9999 -9999 -9999
1.92842E-2 2.0306E-2 2.36705E-2 3.18114E-2 3.94925E-2 4.00619E-2 3.46821E-2 3.69173E-2 3.88879E-2 4.80904E-2 4.93955E-2 8.83835E-2 9.75367E-2 1.03662E-1 1.10163E-1 1.08766E-1 3.90189E-2 5.85077E-2 1.07867E-1 1.3036E-1 6.12659E-2 9.91477E-2 9.55425E-2 9.6149E-2 1.05646E-1 1.12995E-1 1.06886E-1 9.14674E-2 7.3007E-2 1.10417E-1 2.47338E-1 2.80697E-1 3.03861E-1 2.58808E-1 1.77618E-1 -9999 -9999 -9999 -9999 -9999 -9999 -9999 -9999 -9999 -9999 -9999 -9999 -9999 -9999 -9999 -9999 -9999 -9999 -9999 -9999 -9999 -9999 -9999 -9999 -9999
1.98775E-2 2.08327E-2 2.57114E-2 4.2226E-2 5.54671E-2 4.3373E-2 3.6489E-2 3.94023E-2 3.92578E-2 4.98018E-2 9.08208E-2 8.57833E-2 9.09032E-2 9.86361E-2 1.10264E-1 1.13057E-1 1.02167E-1 9.92375E-2 9.43801E-2 1.36112E-1 1.60549E-1 1.23759E-1 6.10235E-2 1.00471E-1 1.05815E-1 1.13376E-1 1.14334E-1 9.84186E-2 8.16828E-2 1.29008E-1 2.79582E-1 2.86693E-1 2.96018E-1 1.32684E-1 2.44121E-1 1.69781E-1 -9999 -9999 -9999 -9999 -9999 -9999 -9999 -9999 -9999 -9999 -9999 -9999 -9999 -9999 -9999 -9999 -9999 -9999 -9999 -9999 -9999 -9999 -9999 -9999
1.81806E-2 1.91071E-2 2.33073E-2 2.89087E-2 3.42628E-2 4.28876E-2 3.6713E-2 3.56584E-2 3.87274E-2 3.31767E-2 8.54539E-2 8.5147E-2 8.20117E-2 9.4749E-2 1.09723E-1 5.44368E-2 1.04592E-1 9.28158E-2 8.33278E-2 1.26392E-1 1.36597E-1 1.44713E-1 8.79779E-2 6.8352E-2 3.22559E-2 9.82779E-2 9.79038E-2 9.43509E-2 9.49337E-2 1.42143E-1 1.83378E-1 3.2452E-1 2.41461E-1 2.19639E-1 2.22282E-1 2.60505E-1 -9999 -9999 -9999 -9999 -9999 -9999 -9999 -9999 -9999 -9999 -9999 -9999 -9999 -9999 -9999 -9999 -9999 -9999 -9999 -9999 -9999 -9999 -9999 -9999
2.08997E-2 2.23954E-2 2.65419E-2 3.2379E-2 2.60241E-2 4.67165E-2 3.49501E-2 3.32952E-2 3.61659E-2 4.79555E-2 8.07762E-2 7.64457E-2 7.26711E-2 9.19776E-2 1.08096E-1 6.11633E-2 1.08403E-1 9.5512E-2 7.8669E-2 8.15776E-2 5.21393E-2 1.11409E-1 8.23625E-2 8.78896E-2 9.59647E-2 4.38005E-2 1.02158E-1 9.93638E-2 1.05846E-1 1.38055E-1 3.15536E-1 2.46005E-1 3.04949E-1 2.03705E-1 2.18679E-1 2.58247E-1 2.05998E-1 2.1757E-1 -9999 -9999 -9999 -9999 -9999 -9999 -9999 -9999 -9999 -9999 -9999 -9999 -9999 -9999 -9999 -9999 -9999 -9999 -9999 -9999 -9999 -9999
2.55777E-2 2.64065E-2 2.98746E-2 3.49339E-2 3.81655E-2 8.53871E-2 6.31664E-2 5.57354E-2 5.61571E-2 6.4105E-2 6.55393E-2 5.39967E-2 6.05165E-2 7.54553E-2 9.44966E-2 1.18367E-1 9.15446E-2 1.02953E-1 7.77361E-2 6.68114E-2 1.495E-2 5.34609E-2 5.89327E-2 6.81768E-2 7.65243E-2 9.24532E-2 3.72286E-2 9.11337E-2 9.23936E-2 4.21979E-2 2.0952E-1 8.94875E-2 2.90537E-1 1.72771E-1 2.50875E-1 2.33395E-1 1.82422E-1 1.97165E-1 1.92631E-1 1.96942E-1 -9999 -9999 -9999 -9999 -9999 -9999 -9999 -9999 -9999 -9999 -9999 -9999 -9999 -9999 -9999 -9999 -9999 -9999 -9999 -9999
2.5755E-2 3.92142E-2 3.93613E-2 4.03167E-2 3.88021E-2 9.80594E-2 8.2512E-2 6.56475E-2 6.15307E-2 6.87658E-2 7.38598E-2 6.71086E-2 6.74666E-2 8.4506E-2 9.67424E-2 1.14603E-1 1.28638E-1 1.50961E-1 1.25646E-1 6.59615E-2 3.6078E-2 6.60779E-2 6.71186E-2 7.35097E-2 8.10094E-2 5.35233E-2 9.46178E-2 9.06917E-2 6.79699E-2 1.07534E-1 1.88008E-1 2.6932E-1 1.48682E-1 2.26321E-1 2.5593E-1 9.97493E-2 7.35669E-2 1.98056E-1 1.79919E-1 2.02166E-1 1.99652E-1 1.80143E-1 2.10524E-1 -9999 -9999 -9999 -9999 -9999 -9999 -9999 -9999 -9999 -9999 -9999 -9999 -9999 -9999 -9999 -9999 -9999
2.29661E-2 3.83395E-2 4.19764E-2 4.04789E-2 5.01039E-2 9.49075E-2 9.9704E-2 6.97765E-2 7.38203E-2 8.36864E-2 8.44926E-2 7.72636E-2 7.5055E-2 9.063E-2 9.7368E-2 1.08315E-1 7.65887E-2 9.52163E-2 9.01E-2 6.51575E-2 6.34779E-2 7.92744E-2 7.47279E-2 7.72499E-2 3.23128E-2 9.70387E-2 9.42794E-2 9.11305E-2 5.79005E-2 1.05224E-1 1.54835E-1 1.39515E-1 1.64721E-1 3.38257E-2 2.81437E-1 9.69411E-2 1.87509E-1 1.95924E-1 1.94817E-1 1.98155E-1 1.64347E-1 1.68489E-1 2.01813E-1 2.30428E-1 1.74044E-1 -9999 -9999 -9999 -9999 -9999 -9999 -9999 -9999 -9999 -9999 -9999 -9999 -9999 -9999 -9999
2.32413E-2 3.43328E-2 3.16782E-2 3.19072E-2 5.31825E-2 8.84732E-2 9.48149E-2 9.42285E-2 9.86063E-2 1.23405E-1 7.11916E-2 7.8058E-2 8.41942E-2 9.71272E-2 5.053E-2 1.09055E-1 8.6945E-2 7.57296E-2 6.57722E-2 8.02171E-2 1.96027E-2 9.97748E-2 3.26187E-2 4.3536E-2 8.70185E-2 9.22522E-2 8.95879E-2 9.15852E-2 9.75861E-2 1.07341E-1 1.46479E-1 1.18985E-1 1.50981E-1 2.72127E-1 3.18786E-1 1.94052E-1 1.69399E-1 1.80945E-1 1.66155E-1 1.48443E-1 1.23629E-1 1.36671E-1 1.68945E-1 1.95168E-1 2.35483E-1 -9999 -9999 -9999 -9999 -9999 -9999 -9999 -9999 -9999 -9999 -9999 -9999 -9999 -9999 -9999
2.29641E-2 3.79432E-2 3.98056E-2 4.4164E-2 5.65706E-2 8.44928E-2 8.86525E-2 1.00183E-1 1.08147E-1 1.15053E-1 1.29061E-1 1.07186E-1 9.3493E-2 1.00924E-1 1.02698E-1 1.08123E-1 8.51173E-2 7.19469E-2 5.8299E-2 6.97396E-2 4.2275E-2 1.17029E-1 1.09922E-1 7.90759E-2 7.15042E-2 9.53428E-2 8.99315E-2 8.53068E-2 9.31702E-2 1.05176E-1 1.49715E-1 1.40266E-1 1.49899E-1 2.22761E-1 1.51874E-1 1.48752E-1 1.69141E-1 1.49262E-1 1.5101E-1 1.18965E-1 1.02625E-1 1.16484E-1 1.43775E-1 1.75972E-1 3.15836E-1 -9999 -9999 -9999 -9999 -9999 -9999 -9999 -9999 -9999 -9999 -9999 -9999 -9999 -9999 -9999
2.12325E-2 9.5466E-3 4.02068E-2 4.53828E-2 5.79401E-2 8.79556E-2 8.85215E-2 8.83476E-2 9.89669E-2 1.05179E-1 1.19863E-1 1.29593E-1 1.23545E-1 1.07463E-1 9.98234E-2 1.01235E-1 7.23589E-2 6.252E-2 5.18779E-2 6.8218E-2 8.39852E-2 1.28363E-1 9.8997E-2 7.43559E-2 8.0451E-2 8.86552E-2 7.97154E-2 8.38997E-2 9.56848E-2 1.06267E-1 1.55528E-1 1.58605E-1 1.59638E-1 1.54184E-1 9.02626E-2 1.79943E-1 -9999 1.47648E-1 1.34395E-1 1.14452E-1 1.03368E-1 1.21868E-1 1.37523E-1 1.68257E-1 3.05746E-1 -9999 -9999 -9999 -9999 -9999 -9999 -9999 -9999 -9999 -9999 -9999 -9999 -9999 -9999 -9999
2.11868E-2 2.33784E-2 4.0835E-2 4.48831E-2 5.62609E-2 9.36709E-2 8.80991E-2 7.2496E-2 8.22356E-2 1.06777E-1 1.0775E-1 1.11013E-1 1.21145E-1 1.38238E-1 9.99656E-2 9.80438E-2 6.99851E-2 6.48344E-2 5.94817E-2 8.23892E-2 8.34121E-2 1.00998E-1 8.36734E-2 7.3178E-2 7.74226E-2 8.48003E-2 8.66004E-2 9.10344E-2 9.19946E-2 1.04728E-1 1.52396E-1 1.61253E-1 1.33841E-1 1.71617E-1 1.66746E-1 1.65456E-1 1.2994E-1 1.68478E-1 1.72868E-1 1.5594E-1 1.26105E-1 1.8513E-1 2.76482E-1 2.84034E-1 2.87371E-1 3.6049E-1 -9999 -9999 -9999 -9999 -9999 -9999 -9999 -9999 -9999 -9999 -9999 -9999 -9999 -9999
3.21069E-2 2.79339E-2 2.70512E-2 2.41573E-2 5.34033E-2 8.67345E-2 8.11873E-2 1.01323E-1 1.12523E-1 1.18723E-1 1.24514E-1 1.12794E-1 1.32478E-1 1.47576E-1 1.23292E-1 1.10518E-1 8.30208E-2 7.86937E-2 7.80983E-2 4.51293E-2 1.02687E-1 1.1801E-1 9.33856E-2 7.57385E-2 8.15827E-2 9.48552E-2 9.38299E-2 9.30474E-2 9.16273E-2 1.00777E-1 1.48941E-1 1.59992E-1 9.52598E-2 1.46579E-1 1.38531E-1 1.4182E-1 1.43302E-1 1.66092E-1 2.01355E-1 8.76212E-2 1.1626E-1 2.71899E-1 2.543E-1 2.59354E-1 2.3345E-1 3.57003E-1 3.69553E-1 -9999 -9999 -9999 -9999 -9999 -9999 -9999 -9999 -9999 -9999 -9999 -9999 -9999
1.44505E-2 1.82302E-2 2.0282E-2 1.33491E-2 2.96447E-2 6.58017E-2 9.61565E-2 1.06631E-1 1.17936E-1 1.25231E-1 1.27745E-1 1.16726E-1 1.34488E-1 1.54605E-1 6.06577E-2 1.3155E-1 9.38174E-2 8.6314E-2 9.85027E-2 4.46778E-2 8.39556E-2 5.68473E-2 7.37356E-2 8.02034E-2 9.36554E-2 7.08096E-2 9.72328E-2 9.32943E-2 8.24541E-2 1.03131E-1 1.54186E-1 1.69525E-1 1.70607E-1 1.60899E-1 1.54421E-1 1.52563E-1 1.51008E-1 1.3472E-1 1.38692E-1 1.48276E-1 1.48296E-1 2.53612E-1 2.51886E-1 1.53741E-1 1.29672E-1 2.05529E-1 2.24686E-1 -9999 -9999 -9999 -9999 -9999 -9999 -9999 -9999 -9999 -9999 -9999 -9999 -9999
1.25741E-2 1.28568E-2 2.08814E-2 2.2328E-2 2.915E-2 5.46048E-2 6.71517E-2 8.4529E-2 8.61235E-2 1.24441E-1 1.27763E-1 1.1305E-1 1.35319E-1 1.45489E-1 1.50248E-1 1.18848E-1 1.042E-1 6.35278E-2 1.17921E-1 1.10224E-1 5.35232E-2 5.35338E-2 5.303E-2 7.74649E-2 1.11077E-1 1.56697E-1 1.16156E-1 6.34003E-2 5.50762E-2 5.34189E-2 1.46232E-1 1.54662E-1 1.61177E-1 1.55269E-1 1.5628E-1 1.61662E-1 1.52503E-1 1.42532E-1 1.34193E-1 1.1393E-1 1.3551E-1 1.50774E-1 1.48679E-1 1.62149E-1 1.83667E-1 2.20452E-1 2.95832E-1 -9999 -9999 -9999 -9999 -9999 -9999 -9999 -9999 -9999 -9999 -9999 -9999 -9999
3.7711E-2 2.74923E-2 3.9707E-2 4.7192E-2 5.04615E-2 5.299E-2 2.24099E-2 3.27401E-2 9.02011E-2 1.13052E-1 1.69431E-1 1.49873E-1 1.71394E-1 1.87861E-1 2.07083E-1 2.58987E-1 2.54426E-1 2.36911E-1 3.09492E-1 2.5528E-1 1.1381E-1 1.75107E-1 1.754E-1 1.83697E-1 3.3311E-1 2.55597E-1 1.96356E-1 2.10938E-1 2.04987E-1 1.47579E-1 3.2308E-1 3.35317E-1 3.30009E-1 3.24307E-1 3.70231E-1 4.22241E-1 4.01996E-1 3.71811E-1 3.23988E-1 2.78214E-1 3.78243E-1 2.75798E-1 4.29856E-1 4.02856E-1 4.64381E-1 4.60279E-1 4.62017E-1 4.16815E-1 -9999 -9999 -9999 -9999 -9999 -9999 -9999 -9999 -9999 -9999 -9999 -9999
3.06009E-2 2.84509E-2 3.8251E-2 4.56319E-2 4.99962E-2 5.28262E-2 3.47529E-2 6.7915E-2 7.67853E-2 9.10403E-2 1.26265E-1 1.15869E-1 1.32465E-1 1.44374E-1 1.78509E-1 2.43427E-1 2.43218E-1 2.28955E-1 2.9723E-1 2.35938E-1 2.42041E-1 1.69395E-1 2.00917E-1 2.98014E-1 2.99013E-1 1.96255E-1 1.85161E-1 2.13859E-1 2.30687E-1 2.52047E-1 3.4086E-1 3.43277E-1 3.57063E-1 3.70915E-1 3.60137E-1 4.4157E-1 4.473E-1 3.77459E-1 3.13009E-1 3.1366E-1 3.96523E-1 4.63843E-1 3.37615E-1 4.78717E-1 5.14173E-1 3.50632E-1 4.87682E-1 4.01066E-1 4.18355E-1 3.62402E-1 -9999 -9999 -9999 -9999 -9999 -9999 -9999 -9999 -9999 -9999
3.51661E-2 3.62933E-2 4.60365E-2 4.50069E-2 5.02026E-2 5.09156E-2 2.81696E-2 6.59717E-2 7.27267E-2 9.40332E-2 1.46406E-1 1.34767E-1 1.29658E-1 1.38968E-1 1.62533E-1 2.226E-1 2.22097E-1 2.21424E-1 2.40429E-1 3.27284E-1 2.08184E-1 1.9804E-1 2.60806E-1 2.33982E-1 1.36634E-1 1.61008E-1 1.73635E-1 2.05635E-1 2.41055E-1 2.50433E-1 1.9711E-1 2.30226E-1 3.58366E-1 3.73289E-1 3.80993E-1 4.10382E-1 3.93947E-1 3.85368E-1 3.47843E-1 3.82783E-1 4.48332E-1 5.4079E-1 4.50428E-1 3.15242E-1 4.77092E-1 6.129E-1 4.62389E-1 4.21752E-1 4.30773E-1 3.76822E-1 2.67464E-1 2.30755E-1 -9999 -9999 -9999 -9999 -9999 -9999 -9999 -9999
4.90361E-2 5.09926E-2 5.10008E-2 4.95919E-2 5.44383E-2 3.5492E-2 6.30375E-2 7.11453E-2 8.74873E-2 1.08794E-1 1.80351E-1 1.84034E-1 1.92968E-1 1.84227E-1 1.88792E-1 2.16763E-1 1.81025E-1 6.96159E-2 1.67486E-1 1.73527E-1 9.33859E-2 1.79857E-1 2.17728E-1 9.92642E-2 6.97227E-2 1.28324E-1 1.71607E-1 2.19317E-1 2.60969E-1 2.78849E-1 2.95569E-1 3.3647E-1 3.5412E-1 2.62506E-1 3.9111E-1 4.29451E-1 4.05964E-1 4.26774E-1 4.14869E-1 4.90971E-1 5.27855E-1 4.98396E-1 2.90757E-1 4.46234E-1 4.92723E-1 4.80625E-1 4.50225E-1 2.66785E-1 4.3289E-1 3.81166E-1 2.82456E-1 2.88662E-1 3.03916E-1 -9999 -9999 -9999 -9999 -9999 -9999 -9999
5.73401E-2 2.01703E-2 5.63001E-2 5.28515E-2 5.01409E-2 4.94876E-2 5.93908E-2 4.48868E-2 7.14977E-2 4.92972E-2 1.40599E-1 1.59255E-1 2.00305E-1 2.13048E-1 2.33543E-1 2.6418E-1 1.96949E-1 1.53227E-1 1.48785E-1 1.4678E-1 1.71296E-1 -9999 1.03589E-1 8.33599E-2 8.64271E-2 1.33906E-1 1.76236E-1 2.26242E-1 2.66819E-1 3.20988E-1 3.59973E-1 3.3116E-1 3.33934E-1 3.96218E-1 3.89225E-1 4.23347E-1 3.94178E-1 4.21134E-1 4.18341E-1 4.43696E-1 4.95455E-1 4.9159E-1 4.65936E-1 4.52877E-1 4.74641E-1 6.20707E-1 5.06331E-1 2.44778E-1 4.70522E-1 3.90252E-1 2.82917E-1 3.15186E-1 3.59195E-1 -9999 -9999 -9999 -9999 -9999 -9999 -9999
