Phytophthora/models/20240429_1921_07/Phytophthora_PA3_RUN2_MAXENT_outputs/Phytophthora_PA3_RUN2.asc
ncols         225
nrows         269
xllcorner     473000.0
yllcorner     4429100.0
cellsize      50.0
NODATA_value  -9999
[rows 216 to 242 of 269, columns 60 to 119 of 225]
5.49652E-1 4.36571E-1 3.22928E-1 2.7679E-1 3.22816E-1 3.82591E-1 2.83441E-1 2.52251E-1 2.48799E-1 1.94871E-1 1.6533E-1 1.90795E-1 2.48407E-1 3.00515E-1 2.4354E-1 2.90134E-1 4.53118E-1 2.94343E-1 3.65056E-1 3.96262E-1 5.42466E-1 6.11985E-1 6.27259E-1 6.87023E-1 7.04471E-1 8.24182E-1 7.08101E-1 6.77913E-1 7.37443E-1 7.41996E-1 7.77424E-1 6.56408E-1 6.01903E-1 5.69234E-1 6.64149E-1 4.70851E-1 4.84842E-1 5.09002E-1 5.35795E-1 5.69888E-1 5.78943E-1 5.95615E-1 5.82744E-1 5.9776E-1 5.68698E-1 5.24462E-1 5.56991E-1 6.3439E-1 7.95904E-1 6.82042E-1 5.49453E-1 5.45094E-1 5.48791E-1 5.19514E-1 4.97928E-1 5.00479E-1 4.98989E-1 4.87105E-1 4.75239E-1 4.6366E-1
3.07392E-1 2.81045E-1 2.75078E-1 2.52965E-1 3.00116E-1 3.24665E-1 2.50216E-1 2.36004E-1 2.5644E-1 2.00328E-1 1.94437E-1 2.50117E-1 2.51725E-1 2.5244E-1 2.65044E-1 2.90831E-1 4.56116E-1 3.44721E-1 4.24124E-1 4.56011E-1 6.08093E-1 7.07057E-1 6.53994E-1 7.21053E-1 8.19794E-1 6.44344E-1 7.06711E-1 7.06401E-1 6.44299E-1 7.65641E-1 7.40935E-1 7.17253E-1 6.89908E-1 6.47748E-1 6.19019E-1 4.59455E-1 4.54178E-1 4.86811E-1 5.18054E-1 5.79486E-1 6.35387E-1 6.01718E-1 6.04248E-1 6.06507E-1 5.92403E-1 5.73427E-1 5.80332E-1 6.119E-1 3.57186E-1 6.58717E-1 5.63975E-1 5.42947E-1 5.44638E-1 5.22558E-1 4.65698E-1 4.5698E-1 5.29623E-1 5.64278E-1 5.27958E-1 4.59035E-1
2.69778E-1 2.6036E-1 2.45951E-1 2.26132E-1 2.59953E-1 1.09614E-1 2.37316E-1 2.09413E-1 3.06213E-1 2.63165E-1 2.64535E-1 2.66703E-1 2.27949E-1 2.06574E-1 2.21862E-1 2.5782E-1 2.86285E-1 1.40806E-1 3.22482E-1 3.95587E-1 6.24597E-1 6.58966E-1 6.54558E-1 7.72093E-1 8.05954E-1 7.25749E-1 7.34261E-1 6.56332E-1 7.85905E-1 7.13773E-1 7.81028E-1 7.66612E-1 7.33342E-1 6.92419E-1 5.96849E-1 4.2479E-1 4.27907E-1 4.32975E-1 4.62869E-1 5.31181E-1 6.3142E-1 6.37693E-1 6.11914E-1 4.52569E-1 6.16939E-1 6.0618E-1 6.13254E-1 6.30285E-1 3.74077E-1 4.18446E-1 6.14933E-1 6.26533E-1 7.00503E-1 6.99429E-1 6.18521E-1 5.68291E-1 6.05023E-1 6.04495E-1 6.00958E-1 5.97204E-1
2.27187E-1 2.19643E-1 2.02704E-1 2.12227E-1 2.37358E-1 2.58086E-1 1.92352E-1 2.10447E-1 3.41829E-1 4.04309E-1 3.39537E-1 2.81905E-1 2.86324E-1 2.8959E-1 2.99827E-1 3.13002E-1 3.3767E-1 3.73531E-1 3.98904E-1 3.16653E-1 4.40932E-1 5.80415E-1 7.21047E-1 7.58473E-1 7.61402E-1 7.31591E-1 7.53701E-1 8.07533E-1 7.28008E-1 6.68937E-1 7.96558E-1 7.80402E-1 7.51229E-1 7.01311E-1 5.98067E-1 3.73195E-1 3.76968E-1 4.02625E-1 4.21447E-1 4.88232E-1 5.77465E-1 6.76899E-1 5.93553E-1 6.06522E-1 6.17379E-1 4.1929E-1 6.17589E-1 6.11163E-1 6.57016E-1 3.09998E-1 6.02651E-1 6.87816E-1 7.15239E-1 6.87925E-1 6.19348E-1 5.88879E-1 6.04862E-1 4.04042E-1 4.56328E-1 4.91791E-1
1.91536E-1 2.00725E-1 1.82424E-1 2.24326E-1 2.15804E-1 2.01904E-1 2.01082E-1 2.49552E-1 3.59576E-1 4.77622E-1 4.3794E-1 3.47654E-1 3.54151E-1 3.57233E-1 3.64214E-1 3.78699E-1 4.07082E-1 1.4484E-1 3.22215E-1 3.24327E-1 4.20595E-1 4.76765E-1 6.49527E-1 7.20068E-1 7.74386E-1 8.25305E-1 7.00596E-1 7.36777E-1 7.22721E-1 7.33483E-1 8.01087E-1 7.88819E-1 7.5558E-1 6.88728E-1 5.87353E-1 3.45712E-1 3.21827E-1 3.63007E-1 4.12856E-1 4.69235E-1 6.03211E-1 6.29177E-1 5.63944E-1 5.7875E-1 5.88091E-1 5.86088E-1 5.75275E-1 5.71018E-1 5.90345E-1 3.79703E-1 6.91991E-1 6.55487E-1 6.37814E-1 3.85175E-1 5.60219E-1 5.24342E-1 4.55495E-1 4.53378E-1 4.47422E-1 2.42875E-1
1.36144E-1 1.37591E-1 1.39767E-1 1.60261E-1 1.50907E-1 2.30844E-1 2.27647E-1 2.70248E-1 3.12857E-1 5.08973E-1 6.01443E-1 4.66653E-1 4.69341E-1 4.73835E-1 4.82903E-1 4.88598E-1 4.73013E-1 4.93564E-1 4.71317E-1 3.97775E-1 3.78174E-1 4.17748E-1 4.74908E-1 7.0758E-1 3.94182E-1 8.1011E-1 7.07732E-1 8.12503E-1 8.21788E-1 6.99081E-1 8.72864E-1 7.82542E-1 7.01579E-1 6.07982E-1 5.51291E-1 3.70204E-1 3.28128E-1 3.90567E-1 4.5916E-1 5.15018E-1 4.63733E-1 5.92206E-1 4.59644E-1 4.80852E-1 5.30164E-1 5.83888E-1 5.58768E-1 4.74935E-1 4.54624E-1 5.58848E-1 6.25922E-1 5.92905E-1 5.58645E-1 5.29515E-1 5.08921E-1 2.74195E-1 2.57455E-1 4.84942E-1 4.70551E-1 4.50249E-1
1.18555E-1 1.46427E-1 1.47875E-1 1.07265E-1 1.06264E-1 5.38431E-2 2.53018E-1 2.89405E-1 3.46892E-1 5.22194E-1 6.66787E-1 5.85487E-1 5.40432E-1 5.46041E-1 5.55235E-1 5.45269E-1 5.17188E-1 5.58885E-1 5.48873E-1 4.60837E-1 4.0093E-1 3.7298E-1 4.21681E-1 1.02947E-1 4.3044E-1 5.81558E-1 5.86317E-1 6.96093E-1 6.80831E-1 7.87485E-1 6.77688E-1 6.02099E-1 5.5302E-1 5.03055E-1 5.00545E-1 4.16817E-1 4.11058E-1 4.91789E-1 4.55078E-1 3.76845E-1 4.71329E-1 3.65132E-1 4.82735E-1 3.32687E-1 4.26508E-1 5.59149E-1 4.71491E-1 4.5362E-1 4.42786E-1 5.23272E-1 4.21389E-1 3.84433E-1 4.93908E-1 4.83017E-1 5.05224E-1 4.95773E-1 4.86002E-1 4.64549E-1 4.48549E-1 4.53959E-1
4.03654E-2 1.14568E-1 1.0863E-1 1.33239E-1 1.53512E-1 2.11135E-1 1.70156E-1 8.16782E-2 1.22879E-1 1.84111E-1 3.39364E-1 3.24509E-1 6.51737E-1 6.67307E-1 4.77337E-1 6.53029E-1 6.01421E-1 6.39919E-1 6.38091E-1 5.41436E-1 4.57467E-1 3.90523E-1 4.0977E-1 4.22487E-1 3.51328E-1 5.36764E-1 6.5919E-1 6.15853E-1 6.34406E-1 6.40594E-1 6.73819E-1 5.4867E-1 5.32616E-1 5.26507E-1 4.60733E-1 3.28374E-1 3.10137E-1 3.74421E-1 4.07952E-1 3.51934E-1 2.99336E-1 4.89174E-1 1.95132E-1 3.2972E-1 3.75446E-1 3.11293E-1 3.8766E-1 1.17179E-1 5.32062E-1 2.32121E-1 6.89492E-1 5.87861E-1 5.45345E-1 5.22152E-1 5.28413E-1 5.09681E-1 4.85563E-1 4.86102E-1 4.66248E-1 4.42515E-1
7.96349E-2 8.61091E-2 6.66122E-2 8.91447E-2 1.33051E-1 1.92253E-1 2.73021E-1 3.66678E-1 3.69494E-1 3.88155E-1 5.11565E-1 5.63567E-1 6.81334E-1 6.68639E-1 6.14931E-1 6.55596E-1 6.96234E-1 7.09641E-1 4.37236E-1 6.76796E-1 5.21084E-1 4.53202E-1 4.70157E-1 3.97173E-1 3.53065E-1 5.7251E-1 6.30621E-1 6.32737E-1 6.34486E-1 6.27471E-1 5.95858E-1 5.59042E-1 5.37901E-1 5.10883E-1 4.3875E-1 2.73804E-1 2.00489E-1 2.21458E-1 2.59584E-1 2.74543E-1 2.52065E-1 2.58464E-1 2.35801E-1 2.27194E-1 2.10832E-1 2.67354E-1 2.90736E-1 3.87805E-1 4.47342E-1 4.21018E-1 4.63994E-1 2.07974E-1 5.96811E-1 5.14976E-1 5.08943E-1 4.89355E-1 4.88455E-1 4.16115E-1 4.64584E-1 4.62589E-1
8.45866E-2 7.3432E-2 8.17623E-2 9.08999E-2 1.23832E-1 1.98579E-1 2.35634E-1 3.35916E-1 3.45775E-1 3.75876E-1 5.20636E-1 5.99053E-1 6.35572E-1 6.40072E-1 6.27136E-1 6.81504E-1 5.45308E-1 7.5969E-1 7.59962E-1 5.31786E-1 6.37665E-1 5.00385E-1 5.07926E-1 4.37507E-1 3.46953E-1 5.57215E-1 5.84769E-1 6.01025E-1 5.9692E-1 5.85972E-1 5.47512E-1 5.31652E-1 5.2623E-1 5.219E-1 3.6655E-1 2.39821E-1 1.9103E-1 2.0946E-1 2.47802E-1 2.5846E-1 2.23193E-1 2.3859E-1 2.5027E-1 2.21093E-1 2.07976E-1 2.76645E-1 2.68687E-1 3.06357E-1 3.61657E-1 4.17779E-1 4.23564E-1 4.10774E-1 6.89521E-1 3.88926E-1 5.46681E-1 6.88718E-1 6.69425E-1 6.80484E-1 6.05043E-1 4.53928E-1
8.66294E-2 7.81949E-2 8.55507E-2 9.23972E-2 1.09328E-1 1.72766E-1 2.08069E-1 2.61847E-1 3.41807E-1 4.03085E-1 5.84173E-1 6.45382E-1 6.81423E-1 4.26123E-1 5.87445E-1 7.25997E-1 7.54645E-1 6.52751E-1 8.02627E-1 8.46771E-1 5.36613E-1 6.17748E-1 5.73933E-1 4.86136E-1 3.86775E-1 3.50375E-1 3.82645E-1 3.76348E-1 3.7439E-1 4.0433E-1 5.44343E-1 5.34245E-1 4.89636E-1 5.22842E-1 4.03144E-1 4.20922E-1 3.94743E-1 4.02494E-1 4.36091E-1 4.11031E-1 2.73944E-1 3.01385E-1 3.43071E-1 3.01746E-1 2.72856E-1 2.68624E-1 3.15644E-1 3.66634E-1 4.25979E-1 4.88776E-1 5.88782E-1 7.08431E-1 5.15014E-1 8.13576E-1 6.35568E-1 6.42916E-1 5.8205E-1 5.68641E-1 5.9318E-1 5.89717E-1
1.0754E-1 1.23607E-1 1.25758E-1 1.10469E-1 1.44514E-1 2.09927E-1 2.57783E-1 3.00915E-1 3.72462E-1 4.47161E-1 6.35352E-1 6.91894E-1 7.19184E-1 6.26747E-1 6.84372E-1 7.38002E-1 7.44824E-1 6.69847E-1 7.96901E-1 7.245E-1 3.72949E-1 6.39365E-1 5.54713E-1 2.61595E-1 4.07114E-1 3.5976E-1 3.22798E-1 3.06832E-1 3.1146E-1 3.46369E-1 5.82062E-1 6.00563E-1 5.47691E-1 4.00072E-1 3.71184E-1 4.02871E-1 3.70998E-1 3.83175E-1 4.14001E-1 3.88301E-1 2.60924E-1 2.73377E-1 3.21359E-1 2.91027E-1 2.901E-1 2.8235E-1 3.45489E-1 4.11756E-1 4.66242E-1 5.2964E-1 6.52363E-1 4.78335E-1 6.10787E-1 7.36923E-1 6.83412E-1 3.74591E-1 3.21785E-1 2.97221E-1 3.10127E-1 5.96571E-1
1.25904E-1 1.46826E-1 1.55636E-1 1.64781E-1 1.97941E-1 2.73723E-1 2.98453E-1 3.62416E-1 4.45986E-1 5.50193E-1 7.2455E-1 7.85627E-1 8.12838E-1 7.6961E-1 6.83911E-1 7.26831E-1 7.26141E-1 7.86537E-1 6.39826E-1 7.2612E-1 6.83952E-1 6.60284E-1 5.45831E-1 2.60411E-1 4.63114E-1 4.71569E-1 4.13882E-1 3.30438E-1 2.71132E-1 3.85053E-1 4.10749E-1 5.34002E-1 3.89479E-1 3.49467E-1 3.44926E-1 3.61489E-1 3.42615E-1 3.54761E-1 3.75353E-1 3.43323E-1 2.2065E-1 2.17504E-1 2.93258E-1 3.5181E-1 3.07722E-1 2.8863E-1 3.56133E-1 4.25232E-1 4.95358E-1 5.6716E-1 7.08993E-1 7.97534E-1 5.82242E-1 5.45027E-1 4.58688E-1 3.38612E-1 3.233E-1 3.19634E-1 3.09367E-1 4.18903E-1
1.46399E-1 1.72033E-1 1.93439E-1 2.02366E-1 2.40107E-1 3.22506E-1 3.31053E-1 3.7113E-1 4.17524E-1 4.98938E-1 6.76452E-1 7.00501E-1 7.9686E-1 8.27668E-1 7.11856E-1 7.2143E-1 6.98456E-1 7.29411E-1 7.74421E-1 4.91391E-1 5.75218E-1 5.49193E-1 5.3478E-1 5.29654E-1 5.01335E-1 4.99458E-1 2.32365E-1 2.56313E-1 3.53007E-1 4.15426E-1 4.93001E-1 3.40205E-1 3.17716E-1 3.13661E-1 3.08502E-1 3.26992E-1 3.23413E-1 3.31576E-1 3.4064E-1 3.09814E-1 1.94221E-1 2.00675E-1 2.77311E-1 3.10848E-1 3.26164E-1 2.89328E-1 3.52454E-1 4.16455E-1 4.98906E-1 6.64571E-1 7.25312E-1 6.06169E-1 6.03748E-1 6.26419E-1 5.12071E-1 3.78414E-1 3.03706E-1 3.28395E-1 3.58425E-1 4.03083E-1
1.68622E-1 1.97314E-1 2.41722E-1 2.52485E-1 2.86614E-1 4.06772E-1 3.94521E-1 4.0784E-1 4.49579E-1 5.22491E-1 6.94077E-1 7.24208E-1 6.30387E-1 8.23518E-1 8.21244E-1 7.80228E-1 6.4782E-1 6.64967E-1 6.87145E-1 6.62562E-1 6.3503E-1 4.16083E-1 5.52704E-1 4.98264E-1 5.01788E-1 4.79694E-1 5.3091E-1 1.78911E-1 5.902E-1 5.69353E-1 4.51188E-1 4.07483E-1 3.7179E-1 3.43324E-1 3.28418E-1 3.54557E-1 3.71578E-1 3.48658E-1 3.5392E-1 3.47394E-1 2.38882E-1 2.3929E-1 2.8473E-1 2.22636E-1 3.4136E-1 2.90753E-1 3.44693E-1 4.03527E-1 4.67902E-1 6.57391E-1 6.79258E-1 6.20824E-1 6.35328E-1 6.43946E-1 5.71911E-1 4.0767E-1 3.26264E-1 3.05995E-1 3.37725E-1 3.54557E-1
3.22031E-1 3.77739E-1 4.52088E-1 5.43079E-1 4.93939E-1 6.05825E-1 6.39514E-1 6.09693E-1 6.26637E-1 6.53377E-1 6.58667E-1 7.03905E-1 7.35534E-1 7.09721E-1 7.77831E-1 7.53104E-1 5.47839E-1 5.61498E-1 5.72648E-1 5.29788E-1 5.5905E-1 4.26959E-1 5.69024E-1 5.10517E-1 5.30577E-1 5.71517E-1 5.60164E-1 5.74701E-1 5.69234E-1 5.96597E-1 5.37529E-1 5.14422E-1 4.20788E-1 3.81314E-1 3.77303E-1 3.54566E-1 3.94549E-1 3.98169E-1 3.267E-1 4.26909E-1 4.40692E-1 4.18331E-1 4.54574E-1 3.88608E-1 5.34782E-1 3.98667E-1 4.57302E-1 4.88574E-1 5.37219E-1 6.26935E-1 5.87977E-1 5.62861E-1 5.1158E-1 6.63464E-1 6.30757E-1 4.99365E-1 3.35261E-1 2.67311E-1 2.69181E-1 2.60867E-1
3.80371E-1 4.4721E-1 5.06129E-1 6.47529E-1 6.33702E-1 6.43986E-1 6.85277E-1 7.25503E-1 6.73344E-1 6.6141E-1 6.5045E-1 6.77019E-1 7.08513E-1 7.53134E-1 7.47903E-1 7.42317E-1 6.02504E-1 6.13821E-1 6.56928E-1 5.61393E-1 5.32196E-1 6.19897E-1 6.34286E-1 5.58783E-1 5.58129E-1 5.95919E-1 6.5481E-1 7.20328E-1 3.78088E-1 6.35223E-1 6.06493E-1 4.8004E-1 3.97477E-1 4.08821E-1 4.30788E-1 4.11323E-1 3.85556E-1 5.1791E-1 3.87405E-1 5.70134E-1 4.48333E-1 4.02292E-1 4.82238E-1 5.4429E-1 6.13613E-1 4.4316E-1 4.10553E-1 4.98681E-1 5.23988E-1 5.93951E-1 3.09304E-1 6.72252E-1 4.16654E-1 6.78655E-1 6.34653E-1 5.15421E-1 3.45203E-1 2.88423E-1 2.64695E-1 2.29891E-1
3.82363E-1 4.53871E-1 5.31935E-1 5.8591E-1 7.49466E-1 6.94316E-1 6.8167E-1 7.13951E-1 7.57097E-1 6.57223E-1 6.19246E-1 6.20902E-1 6.2484E-1 6.32599E-1 6.73889E-1 7.69034E-1 6.60331E-1 6.98121E-1 7.19189E-1 5.73788E-1 5.26347E-1 5.99017E-1 4.17458E-1 6.21358E-1 6.07622E-1 6.12966E-1 5.93071E-1 6.49265E-1 7.15882E-1 6.99544E-1 5.50291E-1 5.16505E-1 4.93284E-1 4.95144E-1 4.7015E-1 4.80628E-1 4.335E-1 4.29862E-1 5.68222E-1 5.65008E-1 4.67284E-1 4.93991E-1 5.19616E-1 6.40049E-1 7.27431E-1 5.03447E-1 5.0245E-1 5.30083E-1 5.40355E-1 5.51176E-1 5.30244E-1 5.49308E-1 6.5478E-1 5.74792E-1 5.57765E-1 4.37513E-1 4.24891E-1 4.3087E-1 4.36093E-1 3.65401E-1
3.98743E-1 4.56277E-1 5.23635E-1 6.5958E-1 7.55594E-1 8.10508E-1 7.1377E-1 6.9574E-1 7.24114E-1 6.85874E-1 6.70559E-1 6.44929E-1 6.94445E-1 6.9242E-1 7.19826E-1 6.37267E-1 7.19252E-1 7.78137E-1 7.47286E-1 5.93008E-1 5.90142E-1 6.21656E-1 4.53573E-1 6.79465E-1 6.5136E-1 6.3935E-1 5.95357E-1 5.92598E-1 7.24049E-1 6.66082E-1 6.41601E-1 5.71975E-1 5.62266E-1 5.50056E-1 5.31271E-1 5.30287E-1 5.30157E-1 4.47432E-1 5.90568E-1 5.7397E-1 5.0584E-1 5.36341E-1 5.70493E-1 6.85928E-1 8.00762E-1 5.6668E-1 5.77409E-1 5.96498E-1 5.75298E-1 5.79429E-1 5.36063E-1 5.03925E-1 2.82928E-1 4.00243E-1 3.70625E-1 2.92694E-1 3.28791E-1 3.42933E-1 3.35527E-1 3.12386E-1
3.89949E-1 4.48081E-1 4.99609E-1 5.69342E-1 6.90591E-1 7.84546E-1 7.47607E-1 7.16725E-1 7.25176E-1 6.69418E-1 6.4031E-1 6.39897E-1 4.67372E-1 6.31042E-1 5.90387E-1 6.43608E-1 6.36829E-1 6.9857E-1 6.82984E-1 6.06241E-1 6.20772E-1 6.33175E-1 7.08352E-1 7.30258E-1 6.85573E-1 6.69087E-1 6.35357E-1 5.89844E-1 6.06722E-1 4.48183E-1 7.1556E-1 6.11505E-1 6.14845E-1 5.99325E-1 5.74523E-1 5.5752E-1 5.62616E-1 5.30748E-1 6.11268E-1 5.16268E-1 5.31425E-1 5.63357E-1 5.92569E-1 7.12802E-1 7.47659E-1 6.14013E-1 6.44304E-1 6.5225E-1 6.3089E-1 5.98552E-1 5.54043E-1 5.10587E-1 4.753E-1 4.40117E-1 3.90407E-1 3.27575E-1 3.44015E-1 3.37383E-1 3.21538E-1 2.90431E-1
3.98694E-1 4.71823E-1 5.17841E-1 5.83487E-1 6.90359E-1 7.88979E-1 7.99353E-1 5.89904E-1 6.39204E-1 5.69161E-1 5.5876E-1 6.08679E-1 6.06533E-1 6.73905E-1 5.89145E-1 6.81041E-1 5.3732E-1 6.491E-1 7.02738E-1 6.44147E-1 6.52744E-1 6.72587E-1 6.23282E-1 7.56768E-1 7.76291E-1 6.96751E-1 6.79729E-1 6.41017E-1 6.07371E-1 6.66064E-1 7.02885E-1 6.43172E-1 6.3434E-1 6.13833E-1 5.85664E-1 5.53886E-1 5.28507E-1 5.29757E-1 5.7994E-1 4.75751E-1 5.07765E-1 5.4521E-1 5.83827E-1 7.01439E-1 7.10274E-1 6.49289E-1 6.68111E-1 6.75185E-1 6.51228E-1 5.87207E-1 5.48667E-1 5.71569E-1 4.96478E-1 5.09122E-1 4.55156E-1 3.72246E-1 3.62029E-1 3.40452E-1 3.50053E-1 3.54571E-1
3.82232E-1 4.39863E-1 5.18565E-1 5.89105E-1 5.99837E-1 4.54909E-1 7.17371E-1 5.93271E-1 4.49347E-1 4.70127E-1 4.75159E-1 5.54204E-1 5.50223E-1 5.57561E-1 5.26983E-1 4.41129E-1 5.63851E-1 6.89257E-1 7.12285E-1 6.54241E-1 6.62043E-1 6.82183E-1 5.91477E-1 7.34574E-1 5.04612E-1 7.44639E-1 6.94267E-1 6.75695E-1 6.45565E-1 6.69467E-1 4.39069E-1 7.0379E-1 6.65136E-1 6.44042E-1 6.18611E-1 6.05821E-1 5.54877E-1 5.12829E-1 5.9365E-1 4.78719E-1 5.08127E-1 5.84789E-1 6.41005E-1 7.45531E-1 7.84547E-1 6.99161E-1 6.579E-1 6.46834E-1 6.56166E-1 6.13787E-1 5.57238E-1 5.00849E-1 5.40448E-1 3.42317E-1 4.88647E-1 4.03701E-1 3.56049E-1 4.0056E-1 3.23591E-1 4.03848E-1
4.36685E-1 4.80179E-1 2.23465E-1 5.19935E-1 5.00918E-1 4.97598E-1 4.68362E-1 4.35249E-1 4.42897E-1 4.95828E-1 4.99298E-1 5.32326E-1 5.16813E-1 5.49796E-1 5.68462E-1 6.23277E-1 6.50504E-1 6.95006E-1 7.23672E-1 6.9795E-1 6.90921E-1 6.82358E-1 5.07866E-1 6.89528E-1 7.45452E-1 7.52866E-1 7.69235E-1 7.08696E-1 6.82622E-1 6.89504E-1 7.60729E-1 7.59983E-1 7.01187E-1 6.85415E-1 6.4835E-1 6.40147E-1 5.94993E-1 5.00409E-1 6.02336E-1 4.83216E-1 4.98827E-1 6.31017E-1 6.6403E-1 7.69523E-1 7.8237E-1 6.85743E-1 6.66318E-1 4.56334E-1 6.62992E-1 6.32381E-1 2.28445E-1 6.6297E-2 4.33144E-1 7.28119E-1 5.93214E-1 5.03997E-1 4.65796E-1 4.6915E-1 4.28867E-1 4.08494E-1
4.0773E-1 4.80542E-1 3.25654E-1 2.83612E-1 4.30477E-1 4.04982E-1 4.12419E-1 3.93683E-1 3.86505E-1 4.04537E-1 4.02246E-1 4.45025E-1 4.97778E-1 5.37551E-1 5.87638E-1 6.78144E-1 3.82643E-1 7.2273E-1 5.47868E-1 4.15306E-1 7.1552E-1 7.03709E-1 7.06381E-1 6.77276E-1 6.85597E-1 7.35113E-1 3.34379E-1 5.77371E-1 6.97351E-1 7.01768E-1 8.00759E-1 7.61585E-1 7.3542E-1 7.08149E-1 6.66947E-1 6.43022E-1 6.47237E-1 5.54927E-1 4.44233E-1 5.21657E-1 6.4556E-1 7.62575E-1 5.71027E-1 5.6595E-1 7.78533E-1 6.7375E-1 6.72618E-1 6.90878E-1 6.7053E-1 6.58785E-1 3.71137E-1 4.38782E-1 5.65581E-1 5.0545E-1 5.06926E-1 5.38068E-1 5.56916E-1 5.78029E-1 3.52797E-1 5.61159E-1
5.25252E-1 4.9267E-1 3.7935E-1 3.42515E-1 3.88784E-1 4.07694E-1 4.07742E-1 3.94098E-1 3.82925E-1 3.98162E-1 3.89113E-1 4.02625E-1 4.59632E-1 5.53568E-1 5.91002E-1 4.34491E-1 6.25228E-1 6.00923E-1 6.1521E-1 6.26568E-1 6.93163E-1 4.943E-1 6.1455E-1 6.80306E-1 6.73394E-1 7.25485E-1 6.33262E-1 7.45232E-1 5.69886E-1 6.83907E-1 8.14054E-1 6.50561E-1 7.75781E-1 7.26844E-1 6.82033E-1 6.3772E-1 6.29323E-1 6.26755E-1 4.99839E-1 5.81045E-1 4.33135E-1 6.58944E-1 6.44685E-1 6.34493E-1 6.95881E-1 7.16544E-1 6.82621E-1 6.82332E-1 6.83998E-1 7.1375E-1 6.05483E-1 4.30729E-1 3.82066E-1 4.5938E-1 4.087E-1 2.731E-1 2.57232E-1 2.7259E-1 4.25304E-1 4.71826E-1
4.91642E-1 6.51154E-1 6.5951E-1 5.13394E-1 4.98205E-1 3.39486E-1 3.15934E-1 2.97389E-1 2.85584E-1 3.08104E-1 3.40794E-1 3.91748E-1 4.41635E-1 5.00611E-1 5.83736E-1 6.89693E-1 6.1869E-1 6.32167E-1 6.3498E-1 6.40383E-1 6.21104E-1 7.14063E-1 4.03262E-1 -9999 2.86422E-1 3.4321E-1 6.23846E-1 6.86562E-1 6.65387E-1 6.38991E-1 6.15494E-1 4.27736E-1 5.06475E-1 4.48066E-1 4.14898E-1 4.28762E-1 3.8949E-1 4.01261E-1 3.80416E-1 3.54477E-1 6.27746E-1 4.55515E-1 4.64996E-1 5.60091E-1 6.41819E-1 6.77471E-1 6.6122E-1 6.22448E-1 6.71396E-1 4.25404E-1 6.00638E-1 5.3082E-1 5.00056E-1 5.03817E-1 5.4881E-1 4.12295E-1 3.86926E-1 3.54041E-1 3.82214E-1 4.70483E-1
6.06266E-1 6.70841E-1 6.78662E-1 6.29198E-1 5.42446E-1 3.67061E-1 3.30649E-1 2.89236E-1 2.67393E-1 2.96409E-1 3.56511E-1 3.97815E-1 3.09972E-1 4.9701E-1 5.3713E-1 5.11075E-1 5.54556E-1 6.8403E-1 6.71426E-1 6.87186E-1 7.10918E-1 7.60048E-1 7.69628E-1 5.85343E-1 5.2951E-1 5.82336E-1 5.17028E-1 7.81863E-1 6.75238E-1 6.3673E-1 6.37451E-1 6.20904E-1 4.30367E-1 4.07891E-1 4.06001E-1 4.16433E-1 3.78422E-1 4.69935E-1 2.50314E-1 5.45711E-1 4.3664E-1 4.86185E-1 5.41128E-1 6.24885E-1 6.56533E-1 6.35853E-1 5.71954E-1 6.64853E-1 7.00083E-1 6.55134E-1 5.15276E-1 4.5867E-1 4.3624E-1 4.06703E-1 4.29158E-1 4.08446E-1 3.62632E-1 3.67933E-1 5.28292E-1 4.81859E-1
