Phytophthora/models/20240429_1921_07/Phytophthora_PA3_RUN2_MAXENT_outputs/Phytophthora_PA3_RUN2.asc
ncols         225
nrows         269
xllcorner     473000.0
yllcorner     4429100.0
cellsize      50.0
NODATA_value  -9999
[rows 81 to 107 of 269, columns 0 to 59 of 225]
-9999 -9999 -9999 -9999 -9999 -9999 -9999 -9999 -9999 -9999 -9999 -9999 -9999 -9999 -9999 -9999 -9999 -9999 -9999 -9999 -9999 -9999 -9999 -9999 -9999 -9999 -9999 -9999 -9999 -9999 -9999 -9999 1.20123E-2 1.29837E-2 1.58014E-2 1.59165E-2 2.25137E-2 3.2699E-2 3.92182E-2 4.41823E-2 5.06608E-2 4.68243E-2 4.4847E-2 4.71614E-2 4.62372E-2 4.66572E-2 5.11838E-2 5.38281E-2 4.11092E-2 8.71721E-2 6.80494E-2 8.30318E-2 6.97441E-2 7.19622E-2 3.44711E-2 1.18024E-1 1.04033E-1 6.89965E-2 1.29743E-1 8.67064E-2
-9999 -9999 -9999 -9999 -9999 -9999 -9999 -9999 -9999 -9999 -9999 -9999 -9999 -9999 -9999 -9999 -9999 -9999 -9999 -9999 -9999 -9999 -9999 -9999 -9999 -9999 -9999 -9999 -9999 -9999 -9999 -9999 1.54889E-2 1.9823E-2 2.04038E-2 1.8529E-2 2.57584E-2 3.24961E-2 3.55481E-2 4.03161E-2 3.19936E-2 4.45607E-2 3.87482E-2 6.64606E-2 6.17523E-2 5.15163E-2 5.67659E-2 6.24624E-2 6.48073E-2 7.42323E-2 9.59417E-2 1.05087E-1 9.31359E-2 9.77577E-2 1.00008E-1 9.84554E-2 6.10763E-2 1.05635E-1 8.93187E-2 1.1432E-1
-9999 -9999 -9999 -9999 -9999 -9999 -9999 -9999 -9999 -9999 -9999 -9999 -9999 -9999 -9999 -9999 -9999 -9999 -9999 -9999 -9999 -9999 -9999 -9999 -9999 -9999 -9999 -9999 -9999 -9999 -9999 -9999 1.95424E-2 2.56728E-2 2.29515E-2 2.14286E-2 2.41611E-2 3.23182E-2 3.57788E-2 3.9237E-2 4.02593E-2 3.68121E-2 3.56796E-2 7.54788E-2 6.50601E-2 5.62166E-2 5.69414E-2 7.20238E-2 7.20795E-2 7.42997E-2 7.81429E-2 9.69078E-2 1.00964E-1 1.10853E-1 1.11657E-1 1.67845E-1 5.25789E-2 1.15798E-1 9.20237E-2 9.15773E-2
-9999 -9999 -9999 -9999 -9999 -9999 -9999 -9999 -9999 -9999 -9999 -9999 -9999 -9999 -9999 -9999 -9999 -9999 -9999 -9999 -9999 -9999 -9999 -9999 -9999 -9999 -9999 -9999 -9999 -9999 -9999 -9999 -9999 2.92732E-2 3.21278E-2 3.52217E-2 3.50315E-2 3.89553E-2 4.02369E-2 4.43709E-2 4.90631E-2 5.56203E-2 6.79709E-2 7.43535E-2 6.56335E-2 5.6419E-2 5.9335E-2 8.32966E-2 9.48454E-2 8.79219E-2 7.05794E-2 8.3841E-2 8.95581E-2 1.1625E-1 1.34914E-1 2.01937E-1 1.12808E-1 1.54725E-1 9.54145E-2 1.01224E-1
-9999 -9999 -9999 -9999 -9999 -9999 -9999 -9999 -9999 -9999 -9999 -9999 -9999 -9999 -9999 -9999 -9999 -9999 -9999 -9999 -9999 -9999 -9999 -9999 -9999 -9999 -9999 -9999 -9999 -9999 -9999 -9999 -9999 3.6897E-2 4.666E-2 5.47029E-2 6.93436E-2 6.05157E-2 5.57697E-2 5.64499E-2 7.00826E-2 7.13467E-2 7.63998E-2 7.56108E-2 7.54996E-2 2.51351E-2 6.2121E-2 7.29122E-2 1.33718E-1 1.20608E-1 5.60962E-2 7.71829E-2 7.42467E-2 9.56646E-2 1.46078E-1 2.1659E-1 9.78499E-2 1.02592E-1 1.02385E-1 1.08175E-1
-9999 -9999 -9999 -9999 -9999 -9999 -9999 -9999 -9999 -9999 -9999 -9999 -9999 -9999 -9999 -9999 -9999 -9999 -9999 -9999 -9999 -9999 -9999 -9999 -9999 -9999 -9999 -9999 -9999 -9999 -9999 -9999 -9999 -9999 1.46254E-1 6.26006E-2 4.99765E-2 5.23784E-2 4.8092E-2 5.62574E-2 5.90884E-2 4.97937E-2 5.33877E-2 5.8158E-2 6.8103E-2 7.18543E-2 7.05709E-2 7.73488E-2 1.17216E-1 1.52774E-1 1.05138E-1 4.7111E-2 9.27386E-2 1.03722E-1 1.5739E-1 1.0845E-1 5.80851E-2 7.86075E-2 7.83091E-2 7.78138E-2
-9999 -9999 -9999 -9999 -9999 -9999 -9999 -9999 -9999 -9999 -9999 -9999 -9999 -9999 -9999 -9999 -9999 -9999 -9999 -9999 -9999 -9999 -9999 -9999 -9999 -9999 -9999 -9999 -9999 -9999 -9999 -9999 -9999 -9999 8.7506E-2 5.11594E-2 5.5671E-2 4.57743E-2 6.64194E-2 7.06027E-2 5.80652E-2 5.9955E-2 5.86473E-2 5.97687E-2 7.494E-2 7.73119E-2 4.5581E-2 7.65553E-2 7.81733E-2 1.45046E-1 9.28685E-2 1.00265E-1 5.24975E-2 9.76872E-2 1.6291E-1 1.51254E-1 1.01087E-1 6.1075E-2 9.03171E-2 8.7794E-2
-9999 -9999 -9999 -9999 -9999 -9999 -9999 -9999 -9999 -9999 -9999 -9999 -9999 -9999 -9999 -9999 -9999 -9999 -9999 -9999 -9999 -9999 -9999 -9999 -9999 -9999 -9999 -9999 -9999 -9999 -9999 -9999 -9999 -9999 9.67527E-2 5.70174E-2 5.69044E-2 7.09184E-2 7.17764E-2 7.5545E-2 6.76989E-2 6.94937E-2 7.45063E-2 7.22559E-2 8.85676E-2 8.34193E-2 7.87951E-2 7.7697E-2 7.42803E-2 6.44125E-2 6.88751E-2 7.88343E-2 8.95749E-2 9.17361E-2 9.71849E-2 1.56417E-1 1.5438E-1 1.17556E-1 9.93511E-2 9.59847E-2
-9999 -9999 -9999 -9999 -9999 -9999 -9999 -9999 -9999 -9999 -9999 -9999 -9999 -9999 -9999 -9999 -9999 -9999 -9999 -9999 -9999 -9999 -9999 -9999 -9999 -9999 -9999 -9999 -9999 -9999 -9999 -9999 -9999 -9999 9.68169E-2 6.21733E-2 7.36557E-2 7.79631E-2 8.04915E-2 8.00262E-2 7.67587E-2 5.92189E-2 7.96356E-2 9.05015E-2 1.10499E-1 3.62214E-2 7.9602E-2 7.61696E-2 6.92697E-2 5.68187E-2 5.9573E-2 7.76971E-2 8.64574E-2 9.10519E-2 1.26807E-1 1.50148E-1 1.1263E-1 4.76829E-2 7.51937E-2 8.69363E-2
-9999 -9999 -9999 -9999 -9999 -9999 -9999 -9999 -9999 -9999 -9999 -9999 -9999 -9999 -9999 -9999 -9999 -9999 -9999 -9999 -9999 -9999 -9999 -9999 -9999 -9999 -9999 -9999 -9999 -9999 -9999 -9999 -9999 -9999 9.93058E-2 6.90912E-2 7.9087E-2 8.96682E-2 8.74412E-2 7.72988E-2 9.03331E-2 6.25578E-2 8.75473E-2 1.01961E-1 1.38241E-1 8.72194E-2 8.63214E-2 7.50205E-2 6.12606E-2 4.83702E-2 5.28354E-2 6.52119E-2 7.27775E-2 8.37858E-2 1.04287E-1 1.35689E-1 1.41233E-1 8.46557E-2 6.70964E-2 7.67384E-2
-9999 -9999 -9999 -9999 -9999 -9999 -9999 -9999 -9999 -9999 -9999 -9999 -9999 -9999 -9999 -9999 -9999 -9999 -9999 -9999 -9999 -9999 -9999 -9999 -9999 -9999 -9999 -9999 -9999 -9999 -9999 -9999 -9999 7.2452E-2 8.42156E-2 5.89696E-2 7.75754E-2 7.9298E-2 7.51562E-2 7.05431E-2 7.59703E-2 1.09419E-1 9.28626E-2 1.06088E-1 1.40601E-1 9.3397E-2 9.95267E-2 8.33906E-2 6.45639E-2 5.32789E-2 4.0884E-2 4.20004E-2 4.91082E-2 6.38787E-2 8.3968E-2 1.36399E-1 1.44596E-1 8.2908E-2 7.87417E-2 8.0833E-2
-9999 -9999 -9999 -9999 -9999 -9999 -9999 -9999 -9999 -9999 -9999 -9999 -9999 -9999 -9999 -9999 -9999 -9999 -9999 -9999 -9999 -9999 7.86256E-2 8.90351E-2 -9999 -9999 -9999 -9999 -9999 -9999 6.78801E-2 7.44731E-2 7.98486E-2 9.09966E-2 9.87052E-2 5.94483E-2 7.27966E-2 7.10232E-2 6.74322E-2 7.91204E-2 7.77348E-2 1.11959E-1 1.24292E-1 1.10411E-1 1.60378E-1 1.38663E-1 1.2818E-1 9.09118E-2 8.21507E-2 6.84445E-2 5.16299E-2 5.01421E-2 5.50932E-2 8.32275E-2 1.0675E-1 8.45677E-2 5.82952E-2 7.82086E-2 7.52052E-2 5.49054E-2
-9999 -9999 -9999 -9999 -9999 -9999 -9999 -9999 -9999 -9999 -9999 -9999 -9999 -9999 -9999 -9999 -9999 -9999 3.34662E-3 8.82536E-3 5.90468E-2 7.22532E-2 8.43081E-2 1.00511E-1 8.19687E-2 1.83986E-2 3.80432E-2 1.60054E-2 1.32998E-2 1.99882E-2 9.29224E-2 1.0151E-1 1.03105E-1 9.5145E-2 9.46783E-2 5.87935E-2 7.02287E-2 7.71071E-2 7.63304E-2 8.09899E-2 8.17441E-2 1.05313E-1 1.48623E-1 9.86649E-2 6.68056E-2 1.68713E-1 1.59272E-1 1.19624E-1 9.38867E-2 7.36318E-2 5.70107E-2 5.02666E-2 5.42031E-2 5.50746E-2 3.61682E-2 -9999 4.60957E-2 8.66464E-2 7.9891E-2 8.31187E-2
-9999 -9999 -9999 -9999 -9999 -9999 -9999 -9999 -9999 -9999 -9999 -9999 -9999 -9999 -9999 -9999 -9999 4.47897E-3 4.04857E-3 8.85491E-3 5.36138E-2 6.93354E-2 8.34766E-2 1.00505E-1 8.97914E-2 9.02535E-3 7.83392E-3 1.34599E-2 1.38468E-2 2.42057E-2 1.21359E-1 1.23837E-1 1.24758E-1 1.15716E-1 1.0833E-1 6.81686E-2 4.62244E-2 7.81687E-2 3.60141E-2 7.8796E-2 8.23004E-2 1.06068E-1 1.44521E-1 9.9391E-2 8.52642E-2 1.38403E-1 1.63131E-1 1.05434E-1 7.50657E-2 6.78153E-2 4.9919E-2 4.81921E-2 5.03409E-2 2.12531E-2 5.30484E-2 6.32729E-2 6.02329E-2 -9999 7.21575E-2 2.08325E-2
-9999 -9999 -9999 -9999 -9999 -9999 -9999 -9999 -9999 -9999 -9999 -9999 -9999 -9999 4.33058E-3 5.3064E-3 5.63153E-3 6.17026E-3 5.32294E-3 1.07028E-2 5.79765E-2 7.12219E-2 9.36237E-2 1.15034E-1 1.06942E-1 1.15244E-2 1.16905E-2 1.27261E-2 1.41715E-2 2.58461E-2 1.19083E-1 1.35196E-1 1.41913E-1 1.30197E-1 1.22457E-1 5.48616E-2 7.61513E-2 8.00648E-2 8.07264E-2 7.97498E-2 7.98343E-2 1.10082E-1 1.37471E-1 1.03487E-1 8.27186E-2 1.48339E-1 8.42162E-2 6.39375E-2 6.95257E-2 6.42609E-2 5.73786E-2 5.71195E-2 5.82567E-2 5.80184E-2 5.97921E-2 6.61188E-2 5.809E-2 3.73108E-2 4.38126E-2 6.6563E-2
-9999 -9999 -9999 -9999 -9999 -9999 -9999 -9999 -9999 -9999 -9999 -9999 2.32496E-2 2.98576E-2 4.19953E-2 6.26115E-2 6.85492E-2 7.47993E-2 7.25442E-2 6.42335E-2 4.84699E-2 4.78234E-2 6.03066E-2 7.54962E-2 8.88405E-2 8.9638E-2 8.81581E-2 8.42961E-2 8.8718E-2 1.00665E-1 1.35859E-1 1.49206E-1 1.4912E-1 1.39855E-1 1.46178E-1 6.97803E-2 1.40043E-1 1.35949E-1 1.57504E-1 1.60107E-1 1.91542E-1 2.71155E-1 2.93952E-1 1.52647E-1 1.89894E-1 1.33457E-1 1.21013E-1 1.19994E-1 1.21151E-1 1.17754E-1 1.21121E-1 1.36598E-1 1.4041E-1 1.40156E-1 1.33434E-1 1.00118E-1 7.324E-2 5.97203E-2 6.43534E-2 8.52039E-2
-9999 -9999 -9999 -9999 -9999 -9999 -9999 -9999 -9999 -9999 -9999 2.44218E-2 3.13007E-2 4.68921E-2 6.51866E-2 9.59491E-2 1.07374E-1 1.15691E-1 1.15122E-1 9.39061E-2 7.52697E-2 6.33502E-2 6.58998E-2 7.98651E-2 9.30148E-2 9.95798E-2 1.16077E-1 1.27454E-1 1.31965E-1 1.40856E-1 1.59986E-1 1.70123E-1 1.68558E-1 1.55846E-1 1.53217E-1 8.41526E-2 1.45831E-1 1.54725E-1 1.61964E-1 1.80229E-1 2.28183E-1 1.55036E-1 3.07122E-1 2.72752E-1 2.16214E-1 1.95856E-1 1.46186E-1 1.23059E-1 1.17852E-1 1.16809E-1 1.19458E-1 1.38772E-1 1.36038E-1 1.34182E-1 1.304E-1 1.11972E-1 6.31253E-2 7.1072E-2 6.79116E-2 7.23602E-2
-9999 -9999 -9999 -9999 -9999 -9999 -9999 -9999 -9999 -9999 -9999 3.47996E-2 4.60292E-2 6.77022E-2 8.75731E-2 1.19827E-1 1.40072E-1 1.42597E-1 1.44526E-1 1.16986E-1 9.82696E-2 8.40443E-2 6.75246E-2 7.99747E-2 9.2665E-2 1.0166E-1 1.21703E-1 1.41737E-1 1.53593E-1 1.64052E-1 1.81153E-1 1.80597E-1 1.6951E-1 9.68731E-2 1.59439E-1 1.56212E-1 1.53398E-1 1.12655E-1 1.59949E-1 1.68361E-1 2.32437E-1 2.95314E-1 2.84916E-1 2.43787E-1 2.64872E-1 2.24469E-1 1.20687E-1 1.06508E-1 1.10669E-1 1.29935E-1 1.56238E-1 1.43412E-1 1.45739E-1 1.55386E-1 1.56868E-1 1.4036E-1 1.11278E-1 9.94934E-2 8.57393E-2 8.56885E-2
-9999 -9999 -9999 -9999 -9999 -9999 -9999 -9999 -9999 -9999 -9999 4.32974E-2 5.73365E-2 7.14632E-2 9.514E-2 1.34646E-1 1.58705E-1 1.6159E-1 1.55562E-1 1.48112E-1 1.23015E-1 9.72789E-2 8.01194E-2 8.07439E-2 9.25978E-2 9.82855E-2 1.31565E-1 1.77717E-1 1.86592E-1 1.84683E-1 2.24466E-1 1.9739E-1 1.74564E-1 1.65796E-1 9.61776E-2 1.63117E-1 1.60913E-1 8.94809E-2 1.76527E-1 1.77735E-1 2.08455E-1 2.72394E-1 2.58981E-1 2.96424E-1 1.15855E-1 1.44463E-1 9.52862E-2 9.46649E-2 1.20555E-1 1.45433E-1 1.55974E-1 1.06731E-1 1.52338E-1 1.69126E-1 1.85041E-1 1.60849E-1 1.37135E-1 1.22262E-1 1.11264E-1 1.08777E-1
-9999 -9999 -9999 -9999 -9999 -9999 -9999 -9999 -9999 -9999 -9999 4.18802E-2 5.49453E-2 6.92227E-2 9.99221E-2 1.61031E-1 1.75501E-1 1.05297E-1 1.92364E-1 1.72147E-1 1.34913E-1 1.10245E-1 9.0881E-2 7.84621E-2 8.01083E-2 8.9855E-2 1.42846E-1 1.84365E-1 1.86798E-1 1.91335E-1 2.09541E-1 1.97688E-1 1.53244E-1 1.71338E-1 1.80134E-1 1.55755E-1 1.55438E-1 1.57611E-1 1.66497E-1 1.68151E-1 1.84899E-1 2.77191E-1 2.8544E-1 1.204E-1 2.30384E-1 1.17543E-1 1.03951E-1 9.55435E-2 1.22184E-1 1.45834E-1 1.48607E-1 1.50503E-1 1.50446E-1 1.6222E-1 2.00934E-1 1.36148E-1 1.44895E-1 1.41487E-1 1.3648E-1 1.31097E-1
-9999 -9999 -9999 -9999 -9999 -9999 -9999 -9999 -9999 -9999 -9999 5.0179E-2 6.8429E-2 9.66029E-2 1.53127E-1 2.25968E-1 2.47073E-1 1.43827E-1 2.60082E-1 2.26069E-1 1.87237E-1 1.49574E-1 1.17077E-1 8.52555E-2 1.00556E-1 1.34942E-1 1.90383E-1 2.22268E-1 2.00652E-1 1.8332E-1 2.37133E-1 2.53133E-1 1.56015E-1 2.1556E-1 1.73157E-1 1.74192E-1 1.90351E-1 1.67912E-1 1.29647E-1 1.7937E-1 1.29928E-1 1.38187E-1 2.01203E-1 2.14322E-1 1.32724E-1 1.07367E-1 9.78353E-2 8.75612E-2 8.31011E-2 1.02504E-1 1.34509E-1 1.37801E-1 1.34563E-1 1.44871E-1 2.09723E-1 1.54362E-1 1.35433E-1 1.4119E-1 1.44362E-1 1.32412E-1
-9999 -9999 -9999 -9999 -9999 -9999 -9999 -9999 -9999 -9999 -9999 5.94536E-2 9.50819E-2 1.53045E-1 1.77909E-1 2.42828E-1 2.69434E-1 2.69809E-1 3.25998E-1 3.06241E-1 2.24211E-1 1.52553E-1 1.23845E-1 9.46042E-2 9.03288E-2 1.28559E-1 1.60601E-1 1.75695E-1 1.46664E-1 2.24234E-1 2.87426E-1 2.50559E-1 2.33489E-1 1.98233E-1 1.62216E-1 1.69742E-1 1.94914E-1 1.79556E-1 2.01704E-1 1.8252E-1 1.3196E-1 1.36198E-1 1.26043E-1 1.76188E-1 3.54012E-2 1.3048E-1 1.07739E-1 9.43228E-2 8.2871E-2 9.1022E-2 1.17188E-1 1.2202E-1 1.18116E-1 1.28751E-1 2.28748E-1 1.4972E-1 1.35156E-1 1.07571E-1 1.02274E-1 1.47101E-1
-9999 -9999 -9999 -9999 -9999 -9999 -9999 -9999 -9999 -9999 -9999 7.47941E-2 1.54835E-1 1.7259E-1 1.90286E-1 2.37196E-1 2.66479E-1 3.54374E-1 3.56888E-1 2.43559E-1 1.82086E-1 1.44696E-1 1.18038E-1 9.08458E-2 1.06587E-1 1.75174E-1 1.96891E-1 1.9587E-1 2.06607E-1 2.49435E-1 2.46857E-1 1.8383E-1 1.79917E-1 1.86071E-1 1.59674E-1 1.54302E-1 1.82131E-1 1.68648E-1 1.87736E-1 1.60383E-1 1.14037E-1 1.13344E-1 1.0668E-1 1.11275E-1 1.2834E-1 8.24585E-2 1.35548E-1 1.11517E-1 9.76428E-2 9.44561E-2 9.38088E-2 9.94113E-2 9.55874E-2 1.05046E-1 2.07012E-1 2.1226E-1 1.35451E-1 1.36003E-1 1.47235E-1 1.49584E-1
-9999 -9999 -9999 -9999 -9999 -9999 -9999 -9999 -9999 -9999 -9999 6.27901E-2 7.46661E-2 8.63728E-2 1.75081E-1 2.00397E-1 2.05942E-1 3.18743E-1 2.34987E-1 2.12294E-1 1.69431E-1 1.43854E-1 1.14575E-1 1.05006E-1 1.95595E-1 2.2979E-1 2.41758E-1 2.10893E-1 1.73597E-1 1.74232E-1 2.10777E-1 2.13559E-1 1.98309E-1 1.83456E-1 1.69119E-1 1.63578E-1 1.73196E-1 1.86708E-1 1.91932E-1 1.59309E-1 1.0123E-1 9.76017E-2 8.71598E-2 1.01711E-1 9.73046E-2 1.63731E-1 1.83702E-1 1.21942E-1 1.24143E-1 9.33487E-2 7.50653E-2 7.94001E-2 7.66076E-2 8.78622E-2 1.44617E-1 1.80759E-1 1.30828E-1 1.15398E-1 1.27849E-1 1.33761E-1
-9999 -9999 -9999 -9999 -9999 -9999 -9999 -9999 -9999 -9999 -9999 8.56933E-2 1.08086E-1 1.04557E-1 1.25954E-1 1.96551E-1 2.17639E-1 2.15482E-1 2.03852E-1 1.87057E-1 1.4096E-1 1.28945E-1 1.19902E-1 1.29368E-1 2.78487E-1 2.69938E-1 1.55404E-1 1.41853E-1 1.4778E-1 1.67981E-1 1.00491E-1 2.07724E-1 1.92982E-1 1.71281E-1 1.49311E-1 1.47E-1 1.6771E-1 1.86385E-1 1.84423E-1 1.68105E-1 1.12357E-1 9.34765E-2 8.13095E-2 9.4542E-2 9.33096E-2 1.05357E-1 3.22434E-2 1.10483E-1 9.44211E-2 8.1694E-2 8.12514E-2 8.00363E-2 7.16401E-2 7.34699E-2 1.53167E-1 1.5329E-1 9.08832E-2 9.30716E-2 1.02953E-1 1.09845E-1
-9999 -9999 -9999 -9999 -9999 -9999 -9999 -9999 -9999 -9999 -9999 1.26116E-1 1.53971E-1 1.66843E-1 1.8076E-1 1.75386E-1 1.79433E-1 1.80748E-1 1.52363E-1 1.2548E-1 1.4019E-1 1.67104E-1 1.47295E-1 3.01205E-1 3.21595E-1 2.4413E-1 1.80908E-1 1.94547E-1 2.02735E-1 1.97918E-1 1.86793E-1 1.80646E-1 1.64411E-1 1.27447E-1 1.009E-1 7.63665E-2 1.01013E-1 1.1537E-1 1.19418E-1 1.13269E-1 8.37867E-2 7.07693E-2 5.68025E-2 6.90635E-2 6.92556E-2 9.74267E-2 1.10233E-1 -9999 9.39522E-2 9.65443E-2 7.50437E-2 7.26054E-2 6.548E-2 6.40924E-2 1.12165E-1 1.07382E-1 9.68366E-2 1.01652E-1 1.11719E-1 1.1647E-1
-9999 -9999 -9999 -9999 -9999 -9999 -9999 -9999 -9999 -9999 -9999 1.57959E-1 1.77345E-1 1.89189E-1 2.03132E-1 1.77274E-1 1.87885E-1 1.56159E-1 1.27142E-1 1.21707E-1 1.66697E-1 1.98055E-1 2.37663E-1 1.26104E-1 3.01328E-1 1.96272E-1 9.23952E-2 2.00687E-1 1.98388E-1 1.88844E-1 1.8481E-1 1.63128E-1 1.39645E-1 1.13029E-1 1.03023E-1 7.94848E-2 1.11901E-1 1.11832E-1 1.04314E-1 1.1096E-1 8.30386E-2 7.76396E-2 7.06609E-2 7.90144E-2 7.59221E-2 8.83259E-2 7.84453E-2 9.18632E-2 5.85123E-2 1.11727E-1 9.1234E-2 8.73411E-2 7.80627E-2 1.30387E-1 1.26612E-1 7.44537E-2 7.88802E-2 1.02418E-1 1.17652E-1 1.44963E-1
