Phytophthora/models/20240429_1921_07/Phytophthora_PA3_RUN2_MAXENT_outputs/Phytophthora_PA3_RUN2.asc
ncols         225
nrows         269
xllcorner     473000.0
yllcorner     4429100.0
cellsize      50.0
NODATA_value  -9999
[rows 162 to 188 of 269, columns 0 to 59 of 225]
-9999 -9999 -9999 -9999 -9999 -9999 -9999 -9999 3.13213E-1 5.81229E-1 5.68154E-1 6.10583E-1 6.59255E-1 7.43795E-1 7.40299E-1 7.28828E-1 7.76613E-1 7.7488E-1 7.30735E-1 6.88662E-1 5.69694E-1 5.08315E-1 4.68595E-1 5.27237E-1 5.97958E-1 6.33966E-1 7.18236E-1 5.33671E-1 6.05824E-1 6.40596E-1 3.38986E-1 5.44608E-1 5.19329E-1 3.97253E-1 5.82681E-1 5.58738E-1 5.55183E-1 5.89015E-1 6.24226E-1 5.47503E-1 5.90536E-1 4.97277E-1 4.28689E-1 4.14354E-1 4.83866E-1 5.4054E-1 5.34133E-1 5.27454E-1 5.11505E-1 4.25616E-1 4.59269E-1 5.22005E-1 5.79165E-1 7.54104E-1 5.40133E-1 5.18832E-1 4.78295E-1 4.85376E-1 5.29895E-1 6.03895E-1
-9999 -9999 -9999 -9999 -9999 -9999 -9999 2.68023E-1 3.17069E-1 2.3947E-1 5.25053E-1 4.96048E-1 5.73649E-1 7.30116E-1 7.65189E-1 7.76345E-1 6.35283E-1 6.74662E-1 7.04903E-1 6.3128E-1 5.76597E-1 5.38827E-1 4.95668E-1 5.22375E-1 6.01194E-1 6.50351E-1 7.32138E-1 6.80296E-1 6.15222E-1 5.82928E-1 7.2674E-1 6.87366E-1 6.88938E-1 6.81528E-1 6.42969E-1 4.29154E-1 6.11256E-1 6.48211E-1 6.13292E-1 5.9715E-1 6.1882E-1 5.14174E-1 4.5683E-1 4.58303E-1 5.40526E-1 5.97247E-1 5.78348E-1 5.50884E-1 5.02359E-1 4.44752E-1 4.54773E-1 4.94544E-1 5.4612E-1 6.40569E-1 6.39656E-1 3.84732E-1 5.33824E-1 5.32257E-1 6.92374E-1 2.7415E-1
-9999 -9999 -9999 -9999 -9999 -9999 -9999 3.03692E-1 3.39235E-1 4.14053E-1 3.25404E-1 4.53893E-1 5.47467E-1 6.35884E-1 7.4609E-1 7.99773E-1 6.3283E-1 8.09147E-1 4.70127E-1 6.35375E-1 5.99407E-1 5.59838E-1 5.06051E-1 4.96169E-1 5.76014E-1 6.13336E-1 7.02754E-1 7.06505E-1 6.32893E-1 4.67795E-1 5.79922E-1 5.86573E-1 6.22241E-1 6.44231E-1 6.75844E-1 6.67313E-1 4.77481E-1 6.47309E-1 6.55181E-1 6.55109E-1 6.59516E-1 5.38256E-1 5.18047E-1 5.06211E-1 5.90048E-1 6.21302E-1 5.98533E-1 5.72602E-1 5.35788E-1 4.87642E-1 4.44247E-1 4.89662E-1 5.72975E-1 7.0895E-1 5.1621E-1 5.75673E-1 5.92815E-1 2.87125E-1 5.75004E-1 4.49483E-1
-9999 -9999 -9999 -9999 -9999 -9999 1.84896E-1 1.82992E-1 1.90765E-1 2.21624E-1 3.34559E-1 4.29697E-1 4.78476E-1 5.80721E-1 7.74745E-1 6.60804E-1 7.9867E-1 6.92263E-1 5.11607E-1 6.59951E-1 6.04084E-1 5.6514E-1 5.06752E-1 4.64896E-1 5.41267E-1 5.65604E-1 6.71537E-1 7.26014E-1 5.73357E-1 7.09534E-1 4.0647E-1 4.00077E-1 4.26052E-1 4.57621E-1 5.6938E-1 5.8522E-1 5.98082E-1 5.1151E-1 6.58215E-1 6.48064E-1 6.4772E-1 5.56316E-1 5.68924E-1 5.36164E-1 5.98928E-1 3.75867E-1 6.12501E-1 5.87863E-1 5.38043E-1 4.77552E-1 4.35429E-1 4.90772E-1 5.01097E-1 6.2383E-1 5.49093E-1 3.69144E-1 5.04521E-1 4.44822E-1 3.32005E-1 2.58452E-1
-9999 -9999 -9999 -9999 -9999 2.45264E-1 2.42031E-1 2.45106E-1 2.85634E-1 3.74747E-1 4.59963E-1 4.52064E-1 4.71295E-1 5.95515E-1 7.32256E-1 7.41618E-1 5.8124E-1 5.73552E-1 5.85892E-1 5.61421E-1 5.73759E-1 5.7715E-1 5.02177E-1 4.29141E-1 4.6888E-1 4.62493E-1 5.67633E-1 5.15543E-1 6.15728E-1 3.42027E-1 3.35034E-1 3.79936E-1 4.37404E-1 5.10619E-1 5.73667E-1 5.70517E-1 5.66987E-1 5.8305E-1 7.14865E-1 7.08881E-1 7.18412E-1 5.44995E-1 6.30461E-1 5.98864E-1 5.48007E-1 6.4413E-1 6.15536E-1 5.99083E-1 5.41204E-1 4.77836E-1 4.31379E-1 4.9712E-1 4.36025E-1 4.50021E-1 4.92934E-1 4.00967E-1 4.57438E-1 3.34283E-1 3.11552E-1 2.67174E-1
-9999 -9999 -9999 -9999 -9999 2.62669E-1 2.81984E-1 3.55786E-1 4.17284E-1 4.63853E-1 5.28867E-1 4.93711E-1 4.96382E-1 4.28403E-1 5.80006E-1 4.8242E-1 5.38904E-1 5.57214E-1 5.53674E-1 5.11785E-1 5.08916E-1 5.30129E-1 5.13803E-1 4.01156E-1 4.20228E-1 4.05344E-1 4.87121E-1 4.49987E-1 4.09494E-1 3.66996E-1 4.17021E-1 4.66978E-1 5.0546E-1 6.11286E-1 6.35611E-1 5.94246E-1 5.93152E-1 6.06487E-1 7.05429E-1 6.82414E-1 6.26896E-1 5.8499E-1 6.23743E-1 5.99866E-1 6.11118E-1 6.33809E-1 6.17528E-1 5.6761E-1 5.45248E-1 5.291E-1 5.00661E-1 4.30739E-1 2.70953E-1 3.17034E-1 3.91281E-1 1.87054E-1 3.66679E-1 3.13473E-1 3.12174E-1 3.16974E-1
-9999 -9999 -9999 -9999 -9999 2.87608E-1 3.8073E-1 4.47452E-1 4.95252E-1 5.32869E-1 5.77701E-1 5.5054E-1 5.95853E-1 6.29695E-1 4.94641E-1 4.83261E-1 5.2452E-1 5.57465E-1 5.3596E-1 5.02309E-1 4.60022E-1 4.36559E-1 5.11616E-1 3.6407E-1 4.49256E-1 4.14448E-1 2.85352E-1 5.45648E-1 4.91742E-1 4.73991E-1 5.0221E-1 5.5079E-1 6.19684E-1 6.90975E-1 6.61729E-1 5.18138E-1 6.44229E-1 7.08492E-1 6.92128E-1 6.17088E-1 5.55477E-1 5.75563E-1 6.13806E-1 5.87406E-1 5.93622E-1 6.26721E-1 5.98866E-1 5.59081E-1 4.91443E-1 4.37318E-1 3.50512E-1 3.1003E-1 3.26514E-1 3.53043E-1 3.67441E-1 2.79976E-1 4.70639E-1 4.38716E-1 4.07404E-1 3.83214E-1
-9999 -9999 -9999 -9999 -9999 3.3991E-1 4.25105E-1 4.8925E-1 5.57967E-1 5.87539E-1 6.2614E-1 6.20224E-1 5.19174E-1 6.22976E-1 5.23988E-1 4.92904E-1 4.82949E-1 4.98548E-1 4.725E-1 4.44049E-1 4.58762E-1 4.36206E-1 4.56327E-1 3.15972E-1 3.77193E-1 1.69413E-1 6.15034E-1 5.33589E-1 5.59268E-1 6.14237E-1 6.45516E-1 6.93081E-1 7.12148E-1 7.23537E-1 5.26197E-1 5.88906E-1 7.03615E-1 6.86269E-1 6.83093E-1 5.2999E-1 4.99643E-1 5.07056E-1 5.35964E-1 5.3963E-1 5.62559E-1 6.01846E-1 5.48036E-1 4.83645E-1 4.57117E-1 3.92804E-1 3.24679E-1 2.98177E-1 3.09524E-1 3.25424E-1 3.92098E-1 4.16787E-1 4.61414E-1 4.76706E-1 5.08385E-1 4.8044E-1
-9999 -9999 -9999 -9999 2.60845E-2 3.86763E-1 4.52502E-1 5.14797E-1 5.86176E-1 6.12191E-1 6.56892E-1 6.49406E-1 4.24552E-1 6.54617E-1 5.8543E-1 5.23569E-1 4.36562E-1 4.14086E-1 4.54037E-1 4.61513E-1 4.26495E-1 3.78011E-1 4.35705E-1 4.42278E-1 3.67928E-1 4.84925E-1 5.52029E-1 5.29887E-1 5.84229E-1 6.23241E-1 6.94824E-1 7.07693E-1 6.54274E-1 5.89659E-1 6.0006E-1 6.98457E-1 6.80628E-1 6.53402E-1 5.57242E-1 4.65572E-1 4.50257E-1 4.62651E-1 4.68071E-1 4.7287E-1 5.01799E-1 6.19599E-1 5.14264E-1 4.45005E-1 4.04166E-1 3.55222E-1 3.00283E-1 3.53834E-1 3.6853E-1 4.30803E-1 5.39827E-1 3.16086E-1 3.4378E-1 4.1422E-1 5.27731E-1 4.75927E-1
-9999 -9999 -9999 -9999 8.95139E-2 2.47415E-1 2.29536E-1 2.86101E-1 3.48432E-1 3.64358E-1 2.05531E-1 2.98442E-1 3.9418E-1 4.10198E-1 3.18483E-1 3.29639E-1 2.35542E-1 2.18496E-1 1.09162E-1 2.27191E-1 2.0749E-1 2.26987E-1 2.43853E-1 2.72372E-1 3.22334E-1 4.7132E-1 5.79553E-1 6.18228E-1 6.48616E-1 6.3851E-1 6.51946E-1 3.73826E-1 6.6058E-1 6.92577E-1 7.5173E-1 7.75625E-1 7.5356E-1 7.14729E-1 6.06678E-1 5.43339E-1 5.3156E-1 5.42463E-1 5.50013E-1 5.48376E-1 5.33774E-1 6.30138E-1 5.04843E-1 4.37005E-1 4.26489E-1 3.77569E-1 4.07197E-1 5.09055E-1 5.54363E-1 6.24802E-1 6.34952E-1 6.62815E-1 5.87306E-1 6.30558E-1 6.887E-1 7.42821E-1
-9999 -9999 -9999 -9999 1.57285E-1 2.46659E-1 2.08525E-1 2.78201E-1 3.372E-1 3.48105E-1 3.49202E-1 4.02253E-1 4.45668E-1 3.51679E-1 3.35842E-1 1.57274E-1 2.76581E-1 1.46255E-1 2.0782E-1 1.47932E-1 1.971E-1 2.26129E-1 2.48714E-1 2.96938E-1 3.38816E-1 4.79854E-1 5.32085E-1 4.49481E-1 4.16735E-1 6.39724E-1 6.47414E-1 6.60088E-1 6.61356E-1 7.52199E-1 7.54292E-1 7.51047E-1 7.17201E-1 6.13906E-1 5.3397E-1 4.92018E-1 4.89492E-1 4.90711E-1 4.87535E-1 4.96864E-1 4.82724E-1 5.62098E-1 4.73964E-1 4.01626E-1 3.98534E-1 4.29163E-1 4.96445E-1 4.72748E-1 4.64408E-1 4.47017E-1 4.53407E-1 6.42127E-1 7.29948E-1 6.48589E-1 6.24166E-1 6.14697E-1
-9999 -9999 -9999 -9999 1.37734E-1 2.42865E-1 2.28285E-1 2.70815E-1 2.98652E-1 3.12743E-1 3.06447E-1 3.51514E-1 3.5637E-1 3.35384E-1 2.26348E-1 2.01949E-1 2.71144E-1 1.94892E-1 1.24473E-1 1.63279E-1 2.38416E-1 2.7685E-1 3.13221E-1 3.52708E-1 4.0587E-1 4.95307E-1 5.24938E-1 5.62635E-1 6.02327E-1 6.24035E-1 6.38357E-1 6.60414E-1 7.22003E-1 7.33862E-1 7.21695E-1 7.20955E-1 6.60984E-1 5.52677E-1 4.98611E-1 4.64624E-1 4.82452E-1 4.56206E-1 4.23375E-1 4.35225E-1 4.4186E-1 4.85021E-1 4.96774E-1 4.15187E-1 4.32467E-1 5.67834E-1 2.41201E-1 6.63522E-1 4.77788E-1 4.82416E-1 4.97407E-1 5.16173E-1 5.95513E-1 7.17483E-1 6.65321E-1 6.14567E-1
-9999 -9999 -9999 -9999 1.68127E-1 1.83519E-1 2.33649E-1 3.22987E-1 3.45903E-1 3.19626E-1 3.02051E-1 3.54067E-1 2.49474E-1 3.59684E-1 2.10591E-1 1.88432E-1 2.01014E-1 1.62041E-1 1.59535E-1 1.99102E-1 3.09388E-1 3.426E-1 3.75959E-1 4.30126E-1 4.52438E-1 5.63258E-1 5.73558E-1 6.05794E-1 6.0262E-1 6.10621E-1 5.82044E-1 6.02923E-1 6.71139E-1 6.96868E-1 6.83243E-1 6.85289E-1 5.79576E-1 5.33181E-1 5.70556E-1 5.1724E-1 5.34752E-1 5.16122E-1 4.66286E-1 4.64677E-1 5.12089E-1 4.80977E-1 5.36495E-1 6.05646E-1 4.85818E-1 5.5136E-1 5.03042E-1 4.50054E-1 4.89395E-1 5.32749E-1 5.2751E-1 5.508E-1 3.61393E-1 5.82199E-1 5.31469E-1 5.95463E-1
-9999 -9999 -9999 1.34519E-1 1.32551E-1 1.84709E-1 2.24033E-1 3.21799E-1 3.40794E-1 3.47869E-1 3.13325E-1 3.92999E-1 4.96993E-1 2.41589E-1 2.35312E-1 2.46879E-1 2.03303E-1 2.16067E-1 2.34445E-1 2.63613E-1 4.15386E-1 4.78641E-1 5.12015E-1 4.94773E-1 5.51937E-1 4.95414E-1 6.63625E-1 6.54253E-1 6.0325E-1 5.68263E-1 5.2143E-1 5.12547E-1 6.65429E-1 6.54848E-1 6.40964E-1 6.15343E-1 5.84116E-1 5.96653E-1 6.54805E-1 5.69831E-1 5.8411E-1 5.8862E-1 5.19761E-1 5.12332E-1 6.02815E-1 6.07749E-1 6.48542E-1 4.38495E-1 4.03291E-1 5.55649E-1 5.44569E-1 5.32933E-1 5.49596E-1 5.56762E-1 5.45582E-1 5.69918E-1 5.55474E-1 5.19591E-1 5.73059E-1 5.99831E-1
4.23241E-2 5.77201E-2 8.36491E-2 1.23341E-1 1.71846E-1 2.85173E-1 3.51215E-1 3.6929E-1 3.01153E-1 2.84888E-1 3.54838E-1 2.66633E-1 2.5256E-1 3.01394E-1 3.14896E-1 3.61133E-1 3.06376E-1 4.3006E-1 4.57284E-1 3.89922E-1 5.99319E-1 6.35769E-1 6.47793E-1 3.95705E-1 6.82139E-1 5.97947E-1 7.60292E-1 7.43335E-1 6.92636E-1 6.04673E-1 5.07469E-1 4.96402E-1 5.78891E-1 6.52807E-1 6.55666E-1 7.38629E-1 7.26151E-1 7.43335E-1 7.85527E-1 7.31158E-1 6.46497E-1 6.54933E-1 6.38307E-1 6.55614E-1 3.77215E-1 6.85516E-1 5.20787E-1 3.71034E-1 3.8859E-1 4.0541E-1 4.26331E-1 4.99798E-1 5.21104E-1 5.35882E-1 5.54747E-1 6.06933E-1 5.91973E-1 6.21157E-1 5.89723E-1 6.45847E-1
-9999 6.85924E-2 8.79276E-2 1.19661E-1 1.64049E-1 3.06965E-1 3.60218E-1 3.64667E-1 3.68714E-1 2.49664E-1 4.20843E-1 1.40351E-1 3.66527E-1 3.63087E-1 3.82494E-1 4.98448E-1 4.69652E-1 5.13835E-1 5.19595E-1 5.84363E-1 7.37953E-1 7.29766E-1 7.00105E-1 6.75875E-1 6.92462E-1 6.77629E-1 7.3998E-1 7.8102E-1 7.02061E-1 6.04252E-1 4.99687E-1 4.47539E-1 4.51558E-1 6.15274E-1 6.77347E-1 7.86609E-1 7.80831E-1 7.84739E-1 8.13097E-1 7.7108E-1 7.07943E-1 7.17282E-1 6.54439E-1 7.97862E-1 5.72916E-1 4.45071E-1 4.06986E-1 3.78048E-1 3.75544E-1 4.39541E-1 4.59528E-1 4.79148E-1 5.46593E-1 5.96141E-1 6.14106E-1 6.51673E-1 6.0778E-1 5.96101E-1 6.55642E-1 6.57052E-1
-9999 -9999 1.22077E-1 1.46185E-1 1.76596E-1 2.86086E-1 3.39497E-1 3.52463E-1 3.56339E-1 3.78656E-1 4.46859E-1 5.54648E-1 4.55805E-1 4.58113E-1 4.55395E-1 4.72336E-1 4.71851E-1 5.01335E-1 4.3672E-1 4.53076E-1 5.80037E-1 5.87876E-1 6.10733E-1 5.8156E-1 5.41149E-1 6.0905E-1 7.72133E-1 8.14014E-1 7.48247E-1 6.65864E-1 5.4463E-1 4.77963E-1 4.22395E-1 5.5457E-1 6.92947E-1 7.99053E-1 8.27347E-1 8.18319E-1 8.3788E-1 8.36271E-1 7.96146E-1 6.18858E-1 7.14631E-1 6.11763E-1 5.69674E-1 4.71685E-1 4.82495E-1 4.6886E-1 5.0466E-1 5.24615E-1 4.93444E-1 5.58521E-1 5.47193E-1 5.93578E-1 5.83414E-1 6.92051E-1 6.5885E-1 5.96034E-1 6.0299E-1 6.17866E-1
-9999 -9999 -9999 2.00229E-1 2.53327E-1 3.40791E-1 3.81867E-1 3.62952E-1 3.45124E-1 3.55556E-1 4.58999E-1 5.48127E-1 4.68422E-1 4.56164E-1 4.363E-1 3.94594E-1 3.21159E-1 3.74477E-1 3.95399E-1 2.44101E-1 5.53499E-1 5.22891E-1 2.84181E-1 4.84648E-1 6.08171E-1 6.67325E-1 7.06647E-1 7.7746E-1 7.88023E-1 7.63338E-1 6.04505E-1 5.19135E-1 4.39457E-1 5.21553E-1 7.00522E-1 8.03356E-1 8.33174E-1 8.4324E-1 8.84261E-1 7.21611E-1 8.11649E-1 7.41286E-1 6.25287E-1 6.50678E-1 6.36248E-1 5.72945E-1 5.26101E-1 5.00526E-1 5.3738E-1 6.17428E-1 3.86571E-1 6.22563E-1 6.09398E-1 6.05534E-1 5.04282E-1 6.9763E-1 6.66092E-1 6.0029E-1 5.49559E-1 5.67865E-1
-9999 -9999 -9999 -9999 2.89571E-1 3.7665E-1 3.9683E-1 4.007E-1 3.62579E-1 3.49128E-1 3.74445E-1 4.24254E-1 3.62244E-1 3.43167E-1 3.18955E-1 3.47079E-1 3.75627E-1 4.25131E-1 3.78691E-1 4.01289E-1 5.52E-1 5.74559E-1 5.3005E-1 5.47861E-1 5.85582E-1 6.88341E-1 6.76177E-1 7.35213E-1 7.95316E-1 7.74218E-1 7.02528E-1 6.25125E-1 4.76493E-1 5.08392E-1 6.50428E-1 8.05011E-1 8.33998E-1 8.54074E-1 8.92461E-1 8.78251E-1 6.49303E-1 6.05938E-1 5.70463E-1 6.26213E-1 6.3927E-1 5.36837E-1 4.47802E-1 5.45455E-1 5.51621E-1 5.54474E-1 6.3597E-1 6.2849E-1 6.12137E-1 6.21018E-1 6.32957E-1 7.04491E-1 6.75721E-1 6.34431E-1 5.9428E-1 5.2075E-1
-9999 -9999 -9999 -9999 4.36661E-1 4.29404E-1 4.5294E-1 2.32648E-1 4.37949E-1 4.42299E-1 1.60378E-1 3.2914E-1 3.10432E-1 3.11701E-1 3.50998E-1 6.40106E-1 6.62689E-1 6.81795E-1 6.8973E-1 7.11846E-1 7.49633E-1 5.36164E-1 6.99375E-1 6.58331E-1 6.96655E-1 6.97711E-1 7.35336E-1 7.66735E-1 7.45529E-1 7.32654E-1 7.35875E-1 6.95223E-1 6.19605E-1 5.66648E-1 6.51143E-1 6.68197E-1 7.05779E-1 7.67781E-1 7.47048E-1 7.93211E-1 6.13148E-1 5.76254E-1 5.42634E-1 5.69564E-1 5.76946E-1 6.26253E-1 3.86565E-1 5.19736E-1 6.85127E-1 7.87261E-1 7.47065E-1 6.96597E-1 6.9781E-1 6.96426E-1 6.82047E-1 6.71165E-1 6.49198E-1 6.90601E-1 4.75679E-1 4.24103E-1
-9999 -9999 -9999 -9999 -9999 -9999 4.16019E-1 3.81773E-1 3.80937E-1 4.79305E-1 3.4179E-1 2.41598E-1 2.57547E-1 2.96465E-1 3.33995E-1 6.73387E-1 6.9108E-1 7.01431E-1 6.78251E-1 6.68708E-1 6.47495E-1 7.41313E-1 5.49624E-1 5.89522E-1 6.97867E-1 6.60235E-1 7.00412E-1 6.92769E-1 6.62383E-1 6.6044E-1 6.35546E-1 6.85064E-1 6.76119E-1 7.04987E-1 7.18687E-1 6.73423E-1 7.21558E-1 7.94519E-1 8.02359E-1 7.57603E-1 5.81033E-1 4.87E-1 4.76473E-1 5.34448E-1 5.66568E-1 6.20079E-1 6.16115E-1 6.41837E-1 6.56912E-1 6.64693E-1 5.43628E-1 5.81795E-1 6.60529E-1 6.84807E-1 6.63484E-1 6.14718E-1 6.6418E-1 6.02737E-1 4.86497E-1 4.44909E-1
-9999 -9999 -9999 -9999 -9999 -9999 -9999 -9999 -9999 3.65822E-1 2.64496E-1 2.01675E-1 2.46349E-1 3.17352E-1 3.53582E-1 7.02887E-1 7.00707E-1 6.90542E-1 6.27876E-1 4.63913E-1 6.13073E-1 6.2703E-1 5.90844E-1 6.19515E-1 6.38212E-1 6.12085E-1 6.3627E-1 6.46107E-1 6.29785E-1 6.06828E-1 5.62231E-1 6.07524E-1 7.05392E-1 7.32869E-1 7.434E-1 6.25183E-1 7.56033E-1 5.07501E-1 7.37417E-1 6.17572E-1 5.54651E-1 4.96603E-1 4.51028E-1 4.81858E-1 5.46663E-1 6.35757E-1 6.37679E-1 6.5067E-1 6.63243E-1 6.16825E-1 6.14778E-1 5.8181E-1 6.30901E-1 6.6608E-1 6.32575E-1 5.57118E-1 4.11511E-1 4.10197E-1 4.33064E-1 4.86948E-1
-9999 -9999 -9999 -9999 -9999 -9999 -9999 -9999 -9999 -9999 2.53449E-1 1.70277E-1 2.59285E-1 2.8383E-1 3.83791E-1 7.35865E-1 7.12943E-1 7.12812E-1 6.73883E-1 6.62812E-1 6.42759E-1 6.1737E-1 5.61096E-1 6.04603E-1 6.04674E-1 6.06524E-1 5.83668E-1 6.0338E-1 5.99969E-1 5.84061E-1 5.22096E-1 5.70314E-1 6.42569E-1 7.58859E-1 7.71753E-1 7.26488E-1 7.8913E-1 7.89593E-1 5.68192E-1 5.90231E-1 5.39368E-1 5.18808E-1 4.79151E-1 4.60799E-1 5.14029E-1 6.20561E-1 6.2186E-1 6.77155E-1 6.77395E-1 6.39755E-1 6.11927E-1 5.60946E-1 6.2585E-1 6.62975E-1 6.07983E-1 5.61249E-1 4.93163E-1 5.06636E-1 5.09085E-1 5.52014E-1
-9999 -9999 -9999 -9999 -9999 -9999 -9999 -9999 -9999 -9999 -9999 -9999 -9999 3.12845E-1 4.27899E-1 7.41181E-1 7.49495E-1 6.52979E-1 7.13724E-1 6.98745E-1 6.78768E-1 6.64772E-1 6.21617E-1 5.81283E-1 7.01341E-1 6.45758E-1 6.40793E-1 6.38833E-1 6.11826E-1 5.79453E-1 5.35199E-1 5.75909E-1 6.02172E-1 6.55522E-1 8.00689E-1 7.92087E-1 7.15205E-1 7.62469E-1 7.21021E-1 5.32911E-1 5.14334E-1 4.99367E-1 4.89937E-1 4.61093E-1 5.14179E-1 6.35602E-1 6.41644E-1 6.93575E-1 6.73647E-1 6.44109E-1 6.24558E-1 6.0917E-1 6.94631E-1 7.07289E-1 6.99099E-1 5.90383E-1 5.55705E-1 5.73293E-1 5.59043E-1 5.52915E-1
-9999 -9999 -9999 -9999 -9999 -9999 -9999 -9999 -9999 -9999 -9999 -9999 -9999 -9999 5.25986E-1 7.8008E-1 6.55363E-1 7.66593E-1 7.6245E-1 7.1062E-1 4.63075E-1 4.08267E-1 5.90512E-1 6.01648E-1 6.08077E-1 6.1202E-1 6.0292E-1 6.03149E-1 6.06653E-1 6.37951E-1 6.91279E-1 6.63072E-1 6.59491E-1 8.13884E-1 8.34689E-1 4.48303E-1 3.57286E-1 6.774E-1 5.40351E-1 5.61879E-1 4.83057E-1 4.41676E-1 4.3276E-1 4.48972E-1 5.31233E-1 7.04136E-1 7.41485E-1 7.5236E-1 7.31112E-1 6.87918E-1 6.19214E-1 7.12019E-1 6.75757E-1 6.0375E-1 5.73391E-1 6.11246E-1 6.16208E-1 6.27519E-1 5.99185E-1 5.65562E-1
-9999 -9999 -9999 -9999 -9999 -9999 -9999 -9999 -9999 -9999 -9999 -9999 -9999 -9999 -9999 7.94212E-1 5.81475E-1 7.63224E-1 7.63708E-1 7.28925E-1 4.61579E-1 5.95516E-1 6.08075E-1 4.71076E-1 6.27001E-1 6.34973E-1 6.44039E-1 6.38065E-1 6.45975E-1 6.92526E-1 7.37593E-1 7.74697E-1 7.62299E-1 7.34453E-1 7.59002E-1 5.09623E-1 5.51224E-1 5.22745E-1 5.62331E-1 5.67819E-1 4.75164E-1 4.65368E-1 4.69557E-1 5.1167E-1 5.79408E-1 7.35335E-1 5.61638E-1 7.41659E-1 7.26514E-1 6.72781E-1 6.21372E-1 6.94676E-1 5.35338E-1 5.79614E-1 6.09762E-1 6.3101E-1 6.11157E-1 6.24666E-1 5.28472E-1 6.0669E-1
-9999 -9999 -9999 -9999 -9999 -9999 -9999 -9999 -9999 -9999 -9999 -9999 -9999 -9999 -9999 7.7966E-1 6.6624E-1 7.56283E-1 7.67533E-1 6.59081E-1 6.45717E-1 6.04059E-1 6.02208E-1 6.13832E-1 6.39361E-1 6.58071E-1 6.73643E-1 6.7563E-1 6.38419E-1 6.11579E-1 7.00283E-1 7.74577E-1 8.06444E-1 8.41309E-1 8.07743E-1 6.67161E-1 3.78605E-1 6.26619E-1 6.51655E-1 6.49754E-1 5.71949E-1 5.22344E-1 5.01463E-1 5.13812E-1 5.32708E-1 7.04386E-1 7.37293E-1 7.37969E-1 7.09839E-1 6.40224E-1 7.12796E-1 6.69888E-1 5.7231E-1 6.21778E-1 6.1378E-1 6.25454E-1 6.15452E-1 5.5216E-1 6.60107E-1 6.80023E-1
