INPUT/RASTER/ASCII_standard/aspect.asc
ncols        225
nrows        269
xllcorner    473009.983799999987
yllcorner    4429051.174800000153
cellsize     50.000000000000
NODATA_value  -9999
[rows 152 to 170 of 269, columns 42 to 83 of 225]
0.32001772522926330566 0.38998162746429443359 0.2802727818489074707 0.3523464500904083252 0.25757557153701782227 0.29674398899078369141 0.19538992643356323242 0.044641885906457901001 -0.20332737267017364502 -0.46455866098403930664 -0.54127734899520874023 -0.3572165369987487793 -0.33916521072387695313 -0.159384116530418396 -0.094628408551216125488 -0.4915371239185333252 -1.0694162845611572266 -0.18878008425235748291 0.80445921421051025391 0.66720503568649291992 0.62973880767822265625 0.43215963244438171387 0.3403797149658203125 -0.089484781026840209961 -0.072031013667583465576 0.44282031059265136719 0.65763151645660400391 0.52563935518264770508 0.36290159821510314941 0.40445297956466674805 0.36829236149787902832 0.31922560930252075195 0.022272558882832527161 -0.156587943434715271 -0.40840727090835571289 -0.44135737419128417969 -0.36782005429267883301 0.040300659835338592529 0.58898830413818359375 0.49493688344955444336 0.17506995797157287598 0.03546039387583732605
0.32381218671798706055 0.44569438695907592773 0.33022576570510864258 0.34964767098426818848 0.2010142207145690918 0.21905457973480224609 0.11880211532115936279 -0.14188963174819946289 -0.43377566337585449219 -0.79072362184524536133 -0.97506558895111083984 -0.71355468034744262695 -0.34954813122749328613 0.086551323533058166504 0.27659890055656433105 0.085230395197868347168 -0.87976360321044921875 0.050229623913764953613 0.98380255699157714844 0.86381369829177856445 0.76561695337295532227 0.56351530551910400391 0.51452910900115966797 -0.05240969732403755188 -0.31839916110038757324 0.10551337897777557373 0.41661754250526428223 0.33727821707725524902 0.31369391083717346191 0.3800703883171081543 0.28614240884780883789 0.13801807165145874023 -0.10987260192632675171 -0.3300800323486328125 -0.46325501799583435059 -0.43707260489463806152 -0.17460641264915466309 0.22261244058609008789 0.657299041748046875 0.4026406407356262207 0.11030111461877822876 -0.036397460848093032837
0.33066046237945556641 0.50664752721786499023 0.42269864678382873535 0.28854855895042419434 0.10901170969009399414 0.12766426801681518555 -0.056006737053394317627 -0.26892486214637756348 -0.44223901629447937012 -0.70264601707458496094 -0.84178167581558227539 -0.85651916265487670898 -0.27759987115859985352 0.13730321824550628662 0.16313037276268005371 -0.0092471810057759284973 -0.45505365729331970215 0.46491667628288269043 0.90138673782348632813 0.79593831300735473633 0.74946331977844238281 0.47021967172622680664 0.27922850847244262695 -0.25318580865859985352 -0.52090549468994140625 -0.060693353414535522461 0.27543601393699645996 0.26218250393867492676 0.29184922575950622559 0.33749863505363464355 0.20451538264751434326 0.071673974394798278809 -0.13289703428745269775 -0.35062041878700256348 -0.52607911825180053711 -0.57035005092620849609 -0.14183448255062103271 0.52913439273834228516 0.70890367031097412109 0.19614921510219573975 0.0068674897775053977966 -0.081734746694564819336
0.33784314990043640137 0.50709557533264160156 0.30157792568206787109 0.043494965881109237671 -0.095090903341770172119 -0.010913718491792678833 -0.15761667490005493164 -0.42247498035430908203 -0.58361643552780151367 -0.80104738473892211914 -0.80330318212509155273 -1.0541139841079711914 -0.57822328805923461914 0.16410481929779052734 0.19880442321300506592 -0.25367084145545959473 -0.01261286810040473938 0.84700667858123779297 0.98237985372543334961 0.9001305699348449707 0.76432400941848754883 0.39150699973106384277 0.086529873311519622803 -0.44368031620979309082 -0.99772948026657104492 -0.62767350673675537109 0.40947905182838439941 0.49625125527381896973 0.39586856961250305176 0.39641556143760681152 0.21805146336555480957 0.025422651320695877075 -0.18252564966678619385 -0.35589057207107543945 -0.55407315492630004883 -0.4626986384391784668 0.30555382370948791504 0.89363408088684082031 0.53205227851867675781 0.0017113817157223820686 0.034879054874181747437 0.0036423231940716505051
0.32028037309646606445 0.45673677325248718262 0.15287135541439056396 -0.040910504758358001709 -0.27734225988388061523 -0.42187154293060302734 -0.49327608942985534668 -0.53461951017379760742 -0.53721630573272705078 -0.7408078312873840332 -0.62073791027069091797 -0.83915299177169799805 -0.68255561590194702148 0.070300072431564331055 0.32892957329750061035 0.31790009140968322754 0.94976925849914550781 1.1959578990936279297 1.0289509296417236328 0.70476448535919189453 0.5669803619384765625 0.18728902935981750488 -0.06574986875057220459 -0.41919991374015808105 -0.87798672914505004883 -0.92930036783218383789 0.3893654942512512207 0.66830927133560180664 0.4450130164623260498 0.3771660923957824707 0.11064016073942184448 -0.12214093655347824097 -0.25606009364128112793 -0.31872901320457458496 -0.43642473220825195313 -0.20891378819942474365 0.42806398868560791016 0.58168613910675048828 0.13368472456932067871 0.063843615353107452393 0.16122460365295410156 0.077246382832527160645
0.4496917426586151123 0.45032015442848205566 0.10660361498594284058 -0.10813493281602859497 -0.3638966679573059082 -0.71722018718719482422 -0.92695510387420654297 -0.87341588735580444336 -0.64494055509567260742 -0.90845477581024169922 -0.85532784461975097656 -0.81368649005889892578 -0.73311907052993774414 0.25227257609367370605 0.78890597820281982422 1.1234003305435180664 1.521109461784362793 1.4317101240158081055 1.0196688175201416016 0.65347898006439208984 0.5147030949592590332 0.17371378839015960693 -0.11351823806762695313 -0.50477159023284912109 -0.87129473686218261719 -1.1528651714324951172 0.67423689365386962891 0.84957587718963623047 0.5447362065315246582 0.33846431970596313477 -0.055062934756278991699 -0.42823192477226257324 -0.43730551004409790039 -0.41556304693222045898 -0.38395968079566955566 0.21136669814586639404 0.76643484830856323242 0.4328193366527557373 0.090359583497047424316 0.37127435207366943359 0.29422536492347717285 0.10327907651662826538
0.39399650692939758301 0.42122623324394226074 0.088096387684345245361 -0.16295225918292999268 -0.43127608299255371094 -0.88649255037307739258 -1.1276381015777587891 -1.1533615589141845703 -0.95745158195495605469 -0.94018208980560302734 -0.93289655447006225586 -0.78928029537200927734 -0.28558585047721862793 0.74781143665313720703 1.1931912899017333984 1.3954918384552001953 1.5309698581695556641 1.2655168771743774414 0.86980044841766357422 0.55566567182540893555 0.3868293464183807373 0.20989519357681274414 0.014331228099763393402 -0.39671152830123901367 -0.43132752180099487305 -0.082712255418300628662 1.0188602209091186523 0.77864587306976318359 0.44398364424705505371 0.19018304347991943359 -0.23980885744094848633 -0.65866422653198242188 -0.60779041051864624023 -0.53339755535125732422 -0.088361278176307678223 0.80789738893508911133 0.89613038301467895508 0.46763208508491516113 0.24753431975841522217 0.15375736355781555176 0.039296887814998626709 0.018901400268077850342
0.27380251884460449219 0.35333576798439025879 0.012213146314024925232 -0.15392464399337768555 -0.42519935965538024902 -0.94349879026412963867 -1.3718218803405761719 -1.4885183572769165039 -1.4994738101959228516 -1.3174798488616943359 -1.0275049209594726563 -0.70674490928649902344 0.075782313942909240723 0.84825146198272705078 1.2034199237823486328 1.3242243528366088867 0.69633042812347412109 0.24916343390941619873 0.69764614105224609375 0.66470611095428466797 0.47970604896545410156 0.2776044309139251709 0.0536176338791847229 -0.23332984745502471924 0.015972375869750976563 0.62588393688201904297 0.97374296188354492188 0.96494889259338378906 0.60691839456558227539 0.13612084090709686279 -0.55230224132537841797 -0.84933191537857055664 -0.73819530010223388672 -0.27475491166114807129 0.72256886959075927734 1.0525214672088623047 0.83857703208923339844 0.4275544285774230957 0.0061007603071630001068 -0.2804393768310546875 -0.37215515971183776855 -0.066496029496192932129
0.2665316164493560791 0.23824973404407501221 -0.079772286117076873779 -0.21629938483238220215 -0.54467499256134033203 -1.1354687213897705078 -1.7088871002197265625 -1.8072859048843383789 -1.6447193622589111328 -1.4233171939849853516 -1.0949002504348754883 -0.55722677707672119141 0.37888583540916442871 0.80751127004623413086 1.0606423616409301758 1.0005340576171875 -0.1375370323657989502 0.10413817316293716431 0.81097853183746337891 0.52658164501190185547 0.21191586554050445557 -0.011861459352076053619 -0.20815691351890563965 0.54273086786270141602 0.95059090852737426758 0.88318896293640136719 0.87912726402282714844 1.2581446170806884766 0.96629935503005981445 -0.27246019244194030762 -0.75485122203826904297 -0.88757270574569702148 -0.66898846626281738281 0.029348883777856826782 0.81363111734390258789 0.77186894416809082031 0.48046380281448364258 0.19649438560009002686 -0.11284869164228439331 -0.38926136493682861328 -0.65039306879043579102 -0.055776260793209075928
0.32034516334533691406 0.1915477365255355835 -0.11521147936582565308 -0.27161139249801635742 -0.66633391380310058594 -1.3814030885696411133 -1.1108742952346801758 -1.4192956686019897461 -1.3999174833297729492 -1.3979172706604003906 -1.2961877584457397461 -0.74310320615768432617 0.6570059657096862793 0.77720803022384643555 0.90129697322845458984 0.41483676433563232422 -0.44063639640808105469 0.25919330120086669922 0.85650008916854858398 0.52156537771224975586 0.65209037065505981445 0.79354178905487060547 1.2589720487594604492 1.6641738414764404297 1.3150275945663452148 1.201535344123840332 1.152918696403503418 1.0626555681228637695 -0.090026937425136566162 -0.91795736551284790039 -0.84075123071670532227 -1.0032142400741577148 -0.80545759201049804688 0.019096421077847480774 0.65314012765884399414 0.44063174724578857422 0.10282555967569351196 0.010329920798540115356 -0.11234504729509353638 -0.38957369327545166016 -0.47425255179405212402 -0.0038279818836599588394
0.19122140109539031982 0.052668798714876174927 -0.1640777289867401123 -0.12704160809516906738 -0.54841321706771850586 -1.2835429906845092773 -1.1199585199356079102 -1.1700066328048706055 -1.227198481559753418 -1.3067276477813720703 -1.2990424633026123047 -1.0424338579177856445 -0.0021498445421457290649 0.54565483331680297852 0.54464823007583618164 0.11044557392597198486 -0.13104225695133209229 0.62335193157196044922 0.86483079195022583008 0.6446590423583984375 0.91934216022491455078 1.3908950090408325195 1.6364471912384033203 1.7979668378829956055 1.5531361103057861328 1.3406064510345458984 1.0252357721328735352 0.26975983381271362305 -0.4770533144474029541 -1.040060877799987793 -1.190250396728515625 -1.1671099662780761719 -0.54716604948043823242 0.63155436515808105469 0.73412233591079711914 0.57913005352020263672 0.096172109246253967285 -0.098424851894378662109 -0.18733461201190948486 -0.35633793473243713379 -0.30884951353073120117 0.13220292329788208008
0.099925205111503601074 0.12955099344253540039 -0.077120579779148101807 -0.10898789763450622559 -0.31143271923065185547 -0.83361029624938964844 -1.421862483024597168 -1.3558896780014038086 -1.1394784450531005859 -1.233548283576965332 -1.4724195003509521484 -1.1673156023025512695 -0.35051295161247253418 0.37748521566390991211 0.56740891933441162109 0.44307333230972290039 0.90283262729644775391 1.5985362529754638672 1.2536541223526000977 1.1756845712661743164 1.3279268741607666016 1.4726052284240722656 1.5101572275161743164 1.4249563217163085938 1.2197499275207519531 1.0037624835968017578 0.29360944032669067383 -0.43725976347923278809 -0.61723214387893676758 -1.0642147064208984375 -1.4685432910919189453 -1.4761272668838500977 -0.048644121736288070679 1.0551825761795043945 0.78183317184448242188 0.46791946887969970703 -0.17228367924690246582 -0.16950415074825286865 -0.31180459260940551758 -0.56987464427947998047 -0.35163381695747375488 0.31618100404739379883
0.21773058176040649414 0.22682167589664459229 -0.0076342695392668247223 -0.22569122910499572754 -0.42666104435920715332 -0.88585126399993896484 -1.4246071577072143555 -1.3916727304458618164 -1.2060073614120483398 -1.4558098316192626953 -1.8084186315536499023 -1.6296545267105102539 -0.99922990798950195313 0.31391629576683044434 0.78797620534896850586 1.3881804943084716797 1.5750081539154052734 1.4128335714340209961 1.4212752580642700195 1.3794332742691040039 1.1308587789535522461 0.95649492740631103516 1.1833738088607788086 1.12454986572265625 0.94196754693984985352 0.70965290069580078125 -0.0026412254665046930313 -0.51679390668869018555 -0.59825128316879272461 -0.80616432428359985352 -1.3159763813018798828 -1.5948436260223388672 -0.58352476358413696289 0.12739986181259155273 -0.18656393885612487793 -0.013399734161794185638 -0.036085341125726699829 -0.06043354421854019165 -0.12337037175893783569 -0.69267940521240234375 -0.80045294761657714844 0.18513920903205871582
0.36286592483520507813 0.29921579360961914063 -0.0035810875706374645233 -0.28942146897315979004 -0.5269228816032409668 -0.85548347234725952148 -1.0864442586898803711 -1.2006055116653442383 -1.3120625019073486328 -1.0184173583984375 -0.49933618307113647461 -1.2751778364181518555 -1.9222695827484130859 -0.48041307926177978516 1.0449820756912231445 1.6009486913681030273 1.4388489723205566406 1.4190856218338012695 1.459888458251953125 1.3230288028717041016 1.1370210647583007813 1.0123486518859863281 0.9558925628662109375 0.88852590322494506836 0.72349756956100463867 0.53056520223617553711 -0.08565791696310043335 -0.5705159306526184082 -0.66891360282897949219 -0.8115336298942565918 -1.085056304931640625 -1.5139938592910766602 -1.1643787622451782227 -0.78606212139129638672 -0.67644304037094116211 -0.44518685340881347656 -0.048291288316249847412 0.17753802239894866943 0.35770785808563232422 -0.07016026228666305542 -1.0114897489547729492 -0.3709106147289276123
0.33889287710189819336 0.23021757602691650391 -0.055321648716926574707 -0.29977571964263916016 -0.48523932695388793945 -0.88340437412261962891 -1.2986093759536743164 -1.3798099756240844727 -1.6986467838287353516 -0.64735525846481323242 1.7195792198181152344 1.0245800018310546875 -1.4951719045639038086 -1.0777949094772338867 1.0940539836883544922 1.3561958074569702148 1.2923728227615356445 1.3758703470230102539 1.3268579244613647461 1.247882843017578125 1.1588865518569946289 1.1151149272918701172 0.95903915166854858398 0.80175149440765380859 0.62415981292724609375 0.41420221328735351563 -0.2144934237003326416 -0.5796260833740234375 -0.70785617828369140625 -0.80897319316864013672 -1.0147075653076171875 -1.4597375392913818359 -1.5401029586791992188 -1.1504437923431396484 -0.93709856271743774414 -0.75182896852493286133 -0.40261006355285644531 0.057812210172414779663 0.11519676446914672852 -0.065622262656688690186 -0.65463358163833618164 -0.43242847919464111328
0.27508491277694702148 0.090221256017684936523 -0.17507942020893096924 -0.31751599907875061035 -0.42935344576835632324 -0.84061419963836669922 -1.3308347463607788086 -1.6124055385589599609 -1.6697361469268798828 -0.76464933156967163086 0.64992988109588623047 0.31156203150749206543 -0.83497458696365356445 -0.62418854236602783203 1.0894536972045898438 1.1589933633804321289 1.1343162059783935547 1.1827337741851806641 1.1658726930618286133 1.0702006816864013672 1.0801259279251098633 1.1098610162734985352 0.95815622806549072266 0.73138093948364257813 0.52851432561874389648 0.33115291595458984375 -0.30497145652770996094 -0.56652909517288208008 -0.69221341609954833984 -0.77194607257843017578 -1.0197149515151977539 -1.5348734855651855469 -1.6460436582565307617 -1.4547841548919677734 -1.2800238132476806641 -1.1730440855026245117 -0.88530385494232177734 -0.232656136155128479 0.07371632009744644165 -0.022913701832294464111 -0.51620531082153320313 -0.46168151497840881348
0.23021274805068969727 -0.29608741402626037598 -0.53323054313659667969 -0.34243130683898925781 -0.22408400475978851318 -0.59171491861343383789 -1.0098912715911865234 -1.1458634138107299805 -1.0208226442337036133 -0.59444475173950195313 0.13131251931190490723 -0.30219346284866333008 -0.6837870478630065918 0.77221500873565673828 1.4338309764862060547 1.428891301155090332 1.3996260166168212891 1.2884049415588378906 1.09885406494140625 0.96925115585327148438 1.1129598617553710938 1.1548609733581542969 0.86007302999496459961 0.67100322246551513672 0.4883550107479095459 0.19919161498546600342 -0.3828513026237487793 -0.62832558155059814453 -0.72181028127670288086 -0.80055624246597290039 -0.96629852056503295898 -0.7576681971549987793 -1.6694650650024414063 -1.7358129024505615234 -1.7308346033096313477 -1.7503600120544433594 -1.7936432361602783203 -1.5588043928146362305 -0.81458783149719238281 -0.27554550766944885254 -0.46467071771621704102 -0.2979787290096282959
-0.22662189602851867676 -0.52354079484939575195 -0.72893655300140380859 -0.5362046360969543457 -0.33009490370750427246 -0.66940897703170776367 -0.68081820011138916016 -0.62442320585250854492 -0.57652521133422851563 -0.39558231830596923828 -0.20322252810001373291 -0.38739958405494689941 0.51480573415756225586 1.5039529800415039063 1.5683993101119995117 1.6590944528579711914 1.6638056039810180664 1.4985488653182983398 1.2078499794006347656 1.0239207744598388672 1.0004574060440063477 1.064792633056640625 0.6747652888298034668 0.37758985161781311035 0.18598671257495880127 -0.052596401423215866089 -0.29856884479522705078 -0.46394863724708557129 -0.5948028564453125 -0.66705226898193359375 -0.35046347975730895996 0.3711268305778503418 -1.485949397087097168 -2.0624384880065917969 -2.25542449951171875 -2.2561495304107666016 -2.137508392333984375 -2.0854868888854980469 -1.8833600282669067383 -1.1372498273849487305 -0.8001664280891418457 -0.40966361761093139648
-0.39075300097465515137 -0.65131276845932006836 -0.66207391023635864258 -0.52147132158279418945 -0.34946933388710021973 -0.75673687458038330078 -0.66660821437835693359 -0.58981090784072875977 -0.48872104287147521973 -0.43599244952201843262 -0.1643918156623840332 0.78347319364547729492 1.5113912820816040039 1.4661102294921875 1.2947791814804077148 1.3411388397216796875 1.5291702747344970703 1.5556396245956420898 1.2652336359024047852 1.0483781099319458008 0.83602994680404663086 0.91546535491943359375 0.58428794145584106445 0.080894209444522857666 -0.16433623433113098145 -0.2795848846435546875 -0.25374239683151245117 -0.1423352658748626709 0.03938509523868560791 0.26652637124061584473 0.88062900304794311523 1.0600088834762573242 -1.0121172666549682617 -1.7038720846176147461 -1.9525769948959350586 -2.3404514789581298828 -2.2209482192993164063 -2.1279890537261962891 -2.0449335575103759766 -1.4891397953033447266 -1.0561239719390869141 -0.70466339588165283203
