INPUT/RASTER/ASCII_standard/aspect.asc
ncols        225
nrows        269
xllcorner    473009.983799999987
yllcorner    4429051.174800000153
cellsize     50.000000000000
NODATA_value  -9999
[rows 247 to 265 of 269, columns 84 to 125 of 225]
-1.6663054227828979492 -1.5366076231002807617 -1.5365122556686401367 -1.623067021369934082 -1.8694858551025390625 -1.9502588510513305664 -1.2942293882369995117 -0.017881261184811592102 -1.1527382135391235352 -1.0509116649627685547 -0.81030291318893432617 -0.42111948132514953613 0.096012324094772338867 0.52492427825927734375 -0.21414497494697570801 -0.14417231082916259766 0.54500085115432739258 1.3542062044143676758 1.7449476718902587891 1.6345771551132202148 0.95850950479507446289 -0.59230351448059082031 -0.44413253664970397949 0.38693201541900634766 0.49142959713935852051 0.27551874518394470215 0.17047263681888580322 0.18587748706340789795 0.20408201217651367188 0.097874760627746582031 0.070856243371963500977 -0.0047836028970777988434 -0.0029351785778999328613 0.012202640064060688019 0.068581663072109222412 0.19469366967678070068 0.058643728494644165039 -0.11967242509126663208 0.027787627652287483215 0.48315075039863586426 0.37002763152122497559 -0.45231220126152038574
-1.5665524005889892578 -1.5685623884201049805 -1.6374437808990478516 -1.9207085371017456055 -2.2864856719970703125 -2.4395642280578613281 -2.0484027862548828125 -1.1195783615112304688 -1.4627459049224853516 -1.4174085855484008789 -1.1379485130310058594 -0.83742886781692504883 -0.3103039860725402832 0.11901640146970748901 -0.43556368350982666016 0.24007911980152130127 0.92347455024719238281 1.0300983190536499023 0.81492769718170166016 0.85731828212738037109 0.091743327677249908447 -0.56510156393051147461 -0.61118215322494506836 0.37526032328605651855 0.35733598470687866211 0.18741533160209655762 0.15341614186763763428 0.1330324709415435791 0.12853036820888519287 0.077102802693843841553 0.1003925129771232605 0.028773453086614608765 0.0094887726008892059326 0.095377139747142791748 0.20274531841278076172 0.37647709250450134277 0.29160144925117492676 0.12809130549430847168 0.3966865241527557373 0.95772981643676757813 0.83940309286117553711 -0.38060647249221801758
-1.8023221492767333984 -1.8123360872268676758 -1.9421216249465942383 -2.1878523826599121094 -1.4960446357727050781 -0.93662810325622558594 -2.0084180831909179688 -1.8258926868438720703 -1.9288200139999389648 -1.9523502588272094727 -1.6321519613265991211 -1.5368098020553588867 -1.2760874032974243164 -0.10037373751401901245 0.22928953170776367188 1.0848799943923950195 0.90284049510955810547 0.71513754129409790039 0.38021200895309448242 -0.14101783931255340576 -0.4610493779182434082 -0.36562362313270568848 -0.13820087909698486328 0.3961811363697052002 0.36516416072845458984 0.22192887961864471436 0.19447918236255645752 -0.026441577821969985962 -0.08345403522253036499 0.012621572241187095642 0.17459104955196380615 0.055465403944253921509 0.010360563173890113831 0.1915000230073928833 0.26325106620788574219 0.47268378734588623047 0.52902585268020629883 0.43123990297317504883 0.62605398893356323242 1.0116363763809204102 0.61606878042221069336 -0.17944602668285369873
-1.9943697452545166016 -2.0340600013732910156 -2.2241754531860351563 -2.3990387916564941406 -2.0317666530609130859 -2.0065701007843017578 -2.1265137195587158203 -2.2081894874572753906 -2.2588376998901367188 -2.1682617664337158203 -2.0925581455230712891 -2.214290618896484375 -2.0132355690002441406 -0.56997948884963989258 1.0423440933227539063 1.0812592506408691406 0.86097025871276855469 0.67119055986404418945 0.038647256791591644287 -0.60512602329254150391 -0.5716120600700378418 -0.14296564459800720215 0.38959509134292602539 0.84089910984039306641 0.97360944747924804688 0.75950390100479125977 0.56230926513671875 -0.27716431021690368652 -0.27450516819953918457 0.030944503843784332275 0.35655501484870910645 0.044716306030750274658 -0.046419225633144378662 0.16970328986644744873 0.28556501865386962891 0.53827035427093505859 0.4470621645450592041 0.40317690372467041016 0.47191137075424194336 0.81641042232513427734 0.55056804418563842773 -0.14447765052318572998
-2.0211162567138671875 -2.2358121871948242188 -2.1002256870269775391 -2.4408767223358154297 -2.5234415531158447266 -2.3454625606536865234 -2.1133549213409423828 -2.1511669158935546875 -2.0458307266235351563 -1.82102203369140625 -1.4022641181945800781 -1.5122470855712890625 -1.1137845516204833984 -1.2613738775253295898 0.62142777442932128906 0.89425677061080932617 0.91188037395477294922 1.0651962757110595703 -0.0017654948169365525246 -1.1252496242523193359 -0.33166864514350891113 0.59936708211898803711 0.91629403829574584961 1.1260981559753417969 1.5805156230926513672 1.9613461494445800781 0.85434067249298095703 -1.4845603704452514648 -0.80269360542297363281 -0.19935123622417449951 0.2516479194164276123 -0.11965557187795639038 -0.18829767405986785889 0.18827420473098754883 0.36342385411262512207 0.46983247995376586914 0.32785004377365112305 0.21711225807666778564 0.24760895967483520508 0.68922436237335205078 0.41066101193428039551 -0.069033697247505187988
-2.1783230304718017578 -1.5841848850250244141 1.1713459491729736328 -0.3081226348876953125 -2.1571629047393798828 -2.1917717456817626953 -2.1524257659912109375 -2.2648692131042480469 -2.0754611492156982422 -2.1484882831573486328 -1.9709653854370117188 -1.6775584220886230469 -0.84183835983276367188 -0.93843001127243041992 0.38512691855430603027 0.64257794618606567383 0.75501555204391479492 1.1684335470199584961 0.71974319219589233398 -1.3269706964492797852 -0.11742236465215682983 0.644130706787109375 0.7990601658821105957 0.70595407485961914063 0.77997863292694091797 0.75125658512115478516 0.41057628393173217773 -1.7128880023956298828 -1.2809758186340332031 -0.60481500625610351563 -0.25390130281448364258 -0.1521495431661605835 -0.0064146816730499267578 0.44873547554016113281 0.54140514135360717773 0.36656454205513000488 0.18558987975120544434 0.14588695764541625977 0.30309146642684936523 0.52421927452087402344 0.1509485095739364624 -0.128023490309715271
-2.3762226104736328125 -0.65473294258117675781 2.05304718017578125 -0.038973215967416763306 -2.0806131362915039063 -2.12590789794921875 -2.2286272048950195313 -2.3179557323455810547 -2.3062498569488525391 -2.5906515121459960938 -2.4172341823577880859 -2.0148692131042480469 -1.625342249870300293 -1.2207850217819213867 -0.30794665217399597168 0.26146984100341796875 0.53746116161346435547 0.63636732101440429688 0.18395990133285522461 -1.0501805543899536133 -0.51963514089584350586 0.063878849148750305176 0.54829168319702148438 0.45115888118743896484 0.40742072463035583496 0.38906079530715942383 0.28008234500885009766 -0.93074136972427368164 -1.447055816650390625 -1.163231968879699707 -0.77943277359008789063 -0.14270429313182830811 0.47984373569488525391 0.864391326904296875 0.53470200300216674805 -0.12172462791204452515 0.094995856285095214844 0.27952945232391357422 0.49532648921012878418 0.47570079565048217773 0.012151860632002353668 -0.17744044959545135498
-1.8584103584289550781 1.1295061111450195313 0.40102028846740722656 -2.2140748500823974609 -2.1842632293701171875 -2.219585418701171875 -2.2984912395477294922 -2.4355325698852539063 -2.4575483798980712891 -2.4597768783569335938 -2.1879651546478271484 -1.9297883510589599609 -1.710696101188659668 -1.2810660600662231445 -0.47381564974784851074 0.069135427474975585938 0.36688190698623657227 0.059606354683637619019 -0.3095175325870513916 -0.75959759950637817383 -0.54002469778060913086 -0.028758181259036064148 0.33334499597549438477 0.15255288779735565186 0.2410605698823928833 0.21238426864147186279 0.20668205618858337402 -0.21043193340301513672 -0.94769585132598876953 -1.5708841085433959961 -1.0387656688690185547 -0.42093232274055480957 0.16832500696182250977 0.3161519169807434082 0.028353644534945487976 -0.06547145545482635498 0.28660470247268676758 0.53266513347625732422 0.59022605419158935547 0.35534420609474182129 0.015666384249925613403 0.2992267310619354248
-2.0799415111541748047 -0.50129294395446777344 0.44820952415466308594 -0.86290317773818969727 -2.2425684928894042969 -2.2602219581604003906 -2.1235096454620361328 -2.2571642398834228516 -2.0517632961273193359 -1.9919899702072143555 -1.9320822954177856445 -1.7291724681854248047 -1.5382018089294433594 -1.3907504081726074219 -0.61877876520156860352 0.1580206751823425293 0.25762394070625305176 -0.50340163707733154297 -0.69386661052703857422 -0.79715883731842041016 -0.7716159820556640625 -0.48568081855773925781 0.47993236780166625977 0.2512740790843963623 0.23969651758670806885 0.12544330954551696777 0.27351775765419006348 0.27274906635284423828 0.10936672985553741455 -1.1487948894500732422 -1.2149780988693237305 -0.71387118101119995117 -0.51767772436141967773 0.55257511138916015625 0.83632832765579223633 0.87211835384368896484 1.0509893894195556641 1.2986047267913818359 1.1856211423873901367 0.81972682476043701172 0.75524866580963134766 1.1405926942825317383
-1.9886499643325805664 -1.6781007051467895508 0.27933421730995178223 1.1460007429122924805 -0.85888856649398803711 -2.0128397941589355469 -1.9637627601623535156 -2.0515120029449462891 -1.680646061897277832 -1.3336943387985229492 -1.2622559070587158203 -1.3172737360000610352 -1.4232017993927001953 -1.4629045724868774414 -1.0811057090759277344 0.032597906887531280518 0.25463274121284484863 -0.762805938720703125 -1.1267726421356201172 -1.1192487478256225586 -1.1199933290481567383 -0.66416311264038085938 -0.021028725430369377136 0.078171364963054656982 0.072199501097202301025 0.19887775182723999023 0.45500063896179199219 0.44957882165908813477 0.17393529415130615234 -0.67020457983016967773 -1.0882432460784912109 -0.5210368037223815918 -0.55641561746597290039 0.87925505638122558594 1.3342927694320678711 1.5428773164749145508 1.4759899377822875977 1.6189632415771484375 1.6292855739593505859 1.2728352546691894531 1.0771527290344238281 1.1213861703872680664
-1.5542410612106323242 -1.2384191751480102539 -0.18487310409545898438 0.65044730901718139648 -0.067958347499370574951 -1.3800984621047973633 -1.6534256935119628906 -1.6793665885925292969 -1.3237515687942504883 -0.83044493198394775391 -0.60469132661819458008 -0.79100114107131958008 -1.1519391536712646484 -1.2760590314865112305 -1.283804774284362793 -0.099507197737693786621 1.2072607278823852539 -0.92726141214370727539 -1.9857339859008789063 -1.9422347545623779297 -1.4546086788177490234 -0.728534698486328125 -0.37265136837959289551 0.13024593889713287354 0.43136993050575256348 0.60692447423934936523 0.7524439692497253418 0.76331168413162231445 0.366214752197265625 -0.39429336786270141602 -0.98244899511337280273 -0.51027196645736694336 -9999 -9999 -9999 -9999 -9999 -9999 -9999 -9999 -9999 -9999
-0.89996010065078735352 -0.95149427652359008789 -0.45036703348159790039 0.12078712135553359985 0.11081811040639877319 -0.60642898082733154297 -1.1914088726043701172 -1.1501359939575195313 -1.1708947420120239258 -1.0326328277587890625 -0.91002410650253295898 -0.83710908889770507813 -0.96404635906219482422 -1.1036272048950195313 -1.1707254648208618164 0.30250048637390136719 1.3359868526458740234 -1.3551983833312988281 -1.9415374994277954102 -1.7797974348068237305 -1.5626894235610961914 -0.90834903717041015625 -0.38054233789443969727 0.2993151545524597168 0.55735826492309570313 0.50845700502395629883 0.53766912221908569336 0.71134942770004272461 -9999 -9999 -9999 -9999 -9999 -9999 -9999 -9999 -9999 -9999 -9999 -9999 -9999 -9999
-0.80399942398071289063 -0.77320742607116699219 -0.56457930803298950195 -0.0076147895306348800659 0.083965286612510681152 -0.13982386887073516846 -0.7535495758056640625 -1.3130168914794921875 -1.4068509340286254883 -1.2902005910873413086 -1.0867757797241210938 -0.9904034733772277832 -0.99378961324691772461 -1.0380791425704956055 -0.93813014030456542969 0.53606295585632324219 0.60398691892623901367 -0.94067686796188354492 -1.0925841331481933594 -1.1642138957977294922 -1.2228540182113647461 -1.3117386102676391602 -0.7315394282341003418 0.67653077840805053711 0.80516904592514038086 0.69216388463973999023 -9999 -9999 -9999 -9999 -9999 -9999 -9999 -9999 -9999 -9999 -9999 -9999 -9999 -9999 -9999 -9999
-0.93098115921020507813 -0.81735992431640625 -0.6783192753791809082 -0.096167340874671936035 0.062510862946510314941 0.21955601871013641357 -0.13497878611087799072 -1.2737267017364501953 -1.4460676908493041992 -1.4991312026977539063 -1.2698082923889160156 -1.1120190620422363281 -1.0358053445816040039 -1.0368162393569946289 -0.80274742841720581055 0.54606044292449951172 0.57196027040481567383 -0.67390513420104980469 -0.9422658085823059082 -0.90104091167449951172 -1.0091311931610107422 -1.622694849967956543 -1.9506796598434448242 0.038044687360525131226 -9999 -9999 -9999 -9999 -9999 -9999 -9999 -9999 -9999 -9999 -9999 -9999 -9999 -9999 -9999 -9999 -9999 -9999
-1.0687592029571533203 -1.0907570123672485352 -0.80376213788986206055 -0.29558596014976501465 -0.032842226326465606689 0.090860374271869659424 0.013305566273629665375 -0.4839414060115814209 -0.87525099515914916992 -1.1281995773315429688 -1.1587148904800415039 -1.0757161378860473633 -0.99171626567840576172 -1.0419907569885253906 -1.1599675416946411133 0.41378220915794372559 0.51096445322036743164 -0.64699649810791015625 -0.91098523139953613281 -0.93559014797210693359 -0.96963912248611450195 -1.4385457038879394531 -1.9548316001892089844 -9999 -9999 -9999 -9999 -9999 -9999 -9999 -9999 -9999 -9999 -9999 -9999 -9999 -9999 -9999 -9999 -9999 -9999 -9999
-0.97464936971664428711 -1.2818014621734619141 -1.1596322059631347656 -0.46734869480133056641 -0.10561127215623855591 -0.15424945950508117676 -0.24831072986125946045 -0.30334541201591491699 -0.57261806726455688477 -0.80512136220932006836 -0.98905658721923828125 -1.1042135953903198242 -1.1132754087448120117 -1.2226307392120361328 -1.3206049203872680664 0.47466990351676940918 0.36197620630264282227 -0.80730646848678588867 -0.8514226078987121582 -0.90974158048629760742 -0.69454139471054077148 -9999 -9999 -9999 -9999 -9999 -9999 -9999 -9999 -9999 -9999 -9999 -9999 -9999 -9999 -9999 -9999 -9999 -9999 -9999 -9999 -9999
-0.94450843334197998047 -1.2616946697235107422 -1.5545059442520141602 -1.0596277713775634766 -0.67941761016845703125 -0.79230368137359619141 -0.77773362398147583008 -0.46198663115501403809 -0.44751155376434326172 -0.64933037757873535156 -0.80232477188110351563 -1.0242722034454345703 -1.0351301431655883789 -1.3225692510604858398 -1.3674480915069580078 0.061257787048816680908 -0.084584973752498626709 -0.77951198816299438477 -0.83561789989471435547 -1.141030430793762207 -9999 -9999 -9999 -9999 -9999 -9999 -9999 -9999 -9999 -9999 -9999 -9999 -9999 -9999 -9999 -9999 -9999 -9999 -9999 -9999 -9999 -9999
-1.2477142810821533203 -1.4639759063720703125 -1.7438408136367797852 -2.3582978248596191406 -1.8896081447601318359 -1.5377031564712524414 -1.3522101640701293945 -1.0896314382553100586 -0.76918315887451171875 -0.8615143895149230957 -0.90111887454986572266 -1.1008887290954589844 -1.0394192934036254883 -0.93682783842086791992 -0.99254930019378662109 -1.0360685586929321289 -0.80339550971984863281 -0.82158583402633666992 -0.75414228439331054688 -9999 -9999 -9999 -9999 -9999 -9999 -9999 -9999 -9999 -9999 -9999 -9999 -9999 -9999 -9999 -9999 -9999 -9999 -9999 -9999 -9999 -9999 -9999
-0.74380511045455932617 0.91316717863082885742 0.45557343959808349609 -2.1053335666656494141 -2.1687738895416259766 -2.1467254161834716797 -1.7701230049133300781 -1.7126600742340087891 -1.1903793811798095703 -0.97679209709167480469 -0.85561543703079223633 -0.93831050395965576172 -0.61864680051803588867 -0.24438472092151641846 -0.031233910471200942993 -0.46805587410926818848 -0.93502438068389892578 -9999 -9999 -9999 -9999 -9999 -9999 -9999 -9999 -9999 -9999 -9999 -9999 -9999 -9999 -9999 -9999 -9999 -9999 -9999 -9999 -9999 -9999 -9999 -9999 -9999
