INPUT/RASTER/ASCII_standard/aspect.asc
ncols        225
nrows        269
xllcorner    473009.983799999987
yllcorner    4429051.174800000153
cellsize     50.000000000000
NODATA_value  -9999
[rows 171 to 189 of 269, columns 168 to 209 of 225]
1.3528155088424682617 1.1997554302215576172 1.3380447626113891602 1.4190957546234130859 1.1145952939987182617 0.89338433742523193359 0.64355856180191040039 0.48303103446960449219 0.36598867177963256836 0.4332599341869354248 0.46664714813232421875 0.86899256706237792969 0.82376557588577270508 0.63970100879669189453 0.21505391597747802734 0.30515217781066894531 0.52431535720825195313 0.7321154475212097168 0.79872858524322509766 0.83582836389541625977 0.95089298486709594727 1.0883749723434448242 1.1682457923889160156 1.1882779598236083984 1.1086086034774780273 1.0793397426605224609 1.016783595085144043 0.90404522418975830078 0.66247355937957763672 0.30104145407676696777 -0.0278338603675365448 -0.33986234664916992188 -0.2204405665397644043 0.10142824053764343262 -0.14709104597568511963 -0.41347473859786987305 -0.0090079475194215774536 0.21407510340213775635 0.2083092033863067627 0.21107450127601623535 0.27041429281234741211 0.1507123410701751709
0.68455964326858520508 0.96727508306503295898 1.0786472558975219727 1.0692390203475952148 0.99863070249557495117 0.79340720176696777344 0.49306702613830566406 0.44346052408218383789 0.49688163399696350098 0.65515995025634765625 0.81920331716537475586 0.98596727848052978516 0.84365350008010864258 0.77278870344161987305 0.42653250694274902344 1.0071576833724975586 1.1578416824340820313 1.0941486358642578125 1.087088465690612793 1.1166799068450927734 1.0433759689331054688 1.1385072469711303711 1.2660063505172729492 1.3697965145111083984 1.2556096315383911133 1.1897269487380981445 1.0098985433578491211 0.87164402008056640625 0.63612568378448486328 0.27029150724411010742 -0.26942303776741027832 -0.35063770413398742676 -0.22283223271369934082 -0.17703245580196380615 -0.25718075037002563477 -0.2649078071117401123 -0.013963125646114349365 0.098329804837703704834 0.18430069088935852051 0.20440332591533660889 0.097058124840259552002 -0.082428149878978729248
-0.63101863861083984375 1.1311197280883789063 1.1117371320724487305 1.0690367221832275391 1.1318507194519042969 1.0397316217422485352 0.56393206119537353516 0.48429200053215026855 0.66513925790786743164 0.86527514457702636719 1.0639035701751708984 1.1057653427124023438 0.97921049594879150391 0.97504484653472900391 1.0989525318145751953 1.518138885498046875 1.4694713354110717773 1.4245659112930297852 1.4017171859741210938 1.4394478797912597656 1.3960999250411987305 1.307837367057800293 1.1850053071975708008 1.1806632280349731445 1.1293432712554931641 1.0766419172286987305 0.97912955284118652344 0.98857283592224121094 0.86174613237380981445 0.30730858445167541504 -0.44148212671279907227 -0.4070440828800201416 -0.25730222463607788086 -0.24885660409927368164 -0.30188462138175964355 -0.29928302764892578125 0.019613411277532577515 0.20633973181247711182 0.36548283696174621582 0.31109911203384399414 -0.075941920280456542969 -0.20554788410663604736
-0.53053241968154907227 1.2548863887786865234 1.2978307008743286133 1.3289219141006469727 1.2913817167282104492 1.308331608772277832 1.097378849983215332 0.9135716557502746582 0.96884620189666748047 1.0547387599945068359 1.0751149654388427734 1.078652501106262207 1.0129567384719848633 1.0282965898513793945 1.0950272083282470703 1.3067644834518432617 1.3428232669830322266 1.4289728403091430664 1.5253758430480957031 1.7471412420272827148 1.4512418508529663086 1.3729238510131835938 1.1844257116317749023 1.0638689994812011719 1.0531418323516845703 1.0177558660507202148 1.0291348695755004883 1.0091552734375 0.72695869207382202148 -0.018519727513194084167 -0.5479514002799987793 -0.45189088582992553711 -0.32384398579597473145 -0.30635410547256469727 -0.33783006668090820313 -0.28616327047348022461 0.057339217513799667358 0.23874703049659729004 0.29333913326263427734 0.10299431532621383667 -0.039106950163841247559 -0.050347208976745605469
0.23797854781150817871 1.3281466960906982422 1.4734877347946166992 1.5096796751022338867 1.4831244945526123047 1.6430013179779052734 1.7494976520538330078 1.6495790481567382813 1.3952248096466064453 1.2536072731018066406 1.1194797754287719727 0.96345043182373046875 0.8667748570442199707 0.92964208126068115234 0.93969649076461791992 1.0688506364822387695 1.1120457649230957031 1.1874423027038574219 1.2659296989440917969 1.5795993804931640625 1.4183559417724609375 1.4284579753875732422 1.2386124134063720703 0.98907577991485595703 0.98241662979125976563 0.97160494327545166016 0.95766943693161010742 0.78894603252410888672 0.53392672538757324219 -0.096334345638751983643 -0.6269772648811340332 -0.63672387599945068359 -0.44096887111663818359 -0.40598976612091064453 -0.35255661606788635254 -0.25953829288482666016 0.031610988080501556396 0.20555330812931060791 0.24467577040195465088 0.067188940942287445068 0.10206517577171325684 0.10490161925554275513
0.89851963520050048828 1.0424846410751342773 0.9717966914176940918 1.1347557306289672852 1.5325068235397338867 1.7362091541290283203 1.8853290081024169922 1.8807951211929321289 1.6324487924575805664 1.4189919233322143555 1.3077034950256347656 1.1358408927917480469 1.0255745649337768555 0.95325905084609985352 0.86925345659255981445 0.88242816925048828125 0.93235880136489868164 0.93680644035339355469 0.86446154117584228516 0.90675121545791625977 1.1348656415939331055 1.2355753183364868164 1.1726273298263549805 0.97719156742095947266 0.87471687793731689453 0.82405447959899902344 0.7646229863166809082 0.63499736785888671875 0.57623934745788574219 -0.057026270776987075806 -0.53629505634307861328 -0.64547467231750488281 -0.54117798805236816406 -0.53202450275421142578 -0.44141426682472229004 -0.33029586076736450195 -0.087463878095149993896 -0.0017849749419838190079 -0.014480772428214550018 0.039965998381376266479 0.23047015070915222168 0.23319934308528900146
1.0106120109558105469 1.0232833623886108398 0.91820091009140014648 0.96822941303253173828 1.3333730697631835938 1.5205146074295043945 1.7038900852203369141 1.7605326175689697266 1.7399528026580810547 1.5551401376724243164 1.4662696123123168945 1.259062647819519043 1.1645003557205200195 1.1111729145050048828 1.0348099470138549805 0.85905283689498901367 0.82506507635116577148 0.75135111808776855469 0.72305589914321899414 0.64128088951110839844 0.82759749889373779297 0.78420424461364746094 0.70437467098236083984 0.49873420596122741699 0.64113247394561767578 0.58565634489059448242 0.47407585382461547852 0.46139493584632873535 0.31534206867218017578 0.010163792409002780914 -0.20486235618591308594 -0.46906840801239013672 -0.48705536127090454102 -0.54077744483947753906 -0.49375960230827331543 -0.40980589389801025391 -0.15830942988395690918 -0.1127177998423576355 -0.12849605083465576172 0.026545494794845581055 0.18360510468482971191 0.22121511399745941162
1.2013120651245117188 1.3330000638961791992 1.2607392072677612305 1.1259922981262207031 1.0504001379013061523 1.3098826408386230469 1.6546407938003540039 1.6653802394866943359 1.583323359489440918 1.3528041839599609375 1.2533394098281860352 1.186331629753112793 1.1612010002136230469 1.1470645666122436523 1.1324661970138549805 0.99374181032180786133 0.88007390499114990234 0.7848713994026184082 0.78855991363525390625 0.71927982568740844727 0.7622210383415222168 0.56668686866760253906 0.49214336276054382324 0.32249411940574645996 0.54862636327743530273 0.55593121051788330078 0.52941018342971801758 0.56435161828994750977 0.29024025797843933105 0.30694678425788879395 -0.0023078743834048509598 -0.42896473407745361328 -0.49799051880836486816 -0.59240484237670898438 -0.59176898002624511719 -0.49375435709953308105 -0.24650695919990539551 -0.19246160984039306641 -0.094620309770107269287 0.079140558838844299316 0.33895590901374816895 0.41022279858589172363
1.1138764619827270508 1.5054242610931396484 1.4332513809204101563 1.2510149478912353516 1.0221503973007202148 1.3455649614334106445 1.6211423873901367188 0.89270865917205810547 0.26975306868553161621 0.51967602968215942383 0.57844340801239013672 0.9641144871711730957 1.1662325859069824219 1.1875030994415283203 1.2307717800140380859 1.1684173345565795898 0.98897510766983032227 0.76290130615234375 0.75323826074600219727 0.6493040919303894043 0.56101530790328979492 0.3310222625732421875 0.38015446066856384277 0.23906899988651275635 0.31328526139259338379 0.42375385761260986328 0.44111087918281555176 0.46126404404640197754 0.33390575647354125977 0.43500089645385742188 0.043889604508876800537 -0.33123725652694702148 -0.39987888932228088379 -0.48715168237686157227 -0.49738815426826477051 -0.41091057658195495605 -0.2461153864860534668 -0.18711552023887634277 -0.028353914618492126465 0.11290314048528671265 0.44805127382278442383 0.61966669559478759766
1.1638432741165161133 1.1804180145263671875 1.2062592506408691406 1.202147364616394043 1.2059019804000854492 1.0370748043060302734 -0.26961413025856018066 -0.53352665901184082031 -0.19846609234809875488 0.34133753180503845215 0.44928508996963500977 0.87288969755172729492 1.0314172506332397461 1.1434320211410522461 1.2317930459976196289 1.2507246732711791992 1.0404345989227294922 0.84722143411636352539 0.78083157539367675781 0.5711447596549987793 0.56301516294479370117 0.50858503580093383789 0.52671951055526733398 0.28985372185707092285 0.33506318926811218262 0.50762593746185302734 0.57417881488800048828 0.65532124042510986328 0.62934392690658569336 0.67941009998321533203 0.21232473850250244141 -0.26635152101516723633 -0.40317717194557189941 -0.54156076908111572266 -0.5631135106086730957 -0.45840227603912353516 -0.25645080208778381348 -0.20127779245376586914 0.061187308281660079956 0.28428983688354492188 0.68294888734817504883 0.90815746784210205078
1.2196689844131469727 0.83616983890533447266 0.9483706355094909668 1.1126148700714111328 1.1221680641174316406 0.46412259340286254883 -0.31474345922470092773 -0.61776864528656005859 -0.30752268433570861816 0.2203785628080368042 0.41583353281021118164 0.82447999715805053711 0.90204989910125732422 0.89550721645355224609 0.82340288162231445313 0.6844431757926940918 0.65773242712020874023 0.54989606142044067383 0.58352011442184448242 0.46800899505615234375 0.53332215547561645508 0.43843069672584533691 0.36088135838508605957 0.030007924884557723999 0.16535198688507080078 0.53297352790832519531 0.66590446233749389648 0.72228085994720458984 0.68265998363494873047 0.69366472959518432617 0.17420209944248199463 -0.2031049877405166626 -0.30668240785598754883 -0.41736111044883728027 -0.47029894590377807617 -0.38697233796119689941 -0.27588191628456115723 -0.22960716485977172852 -0.016352836042642593384 0.25879448652267456055 0.63877695798873901367 0.83532321453094482422
0.81579822301864624023 1.1468229293823242188 1.1632076501846313477 1.2613617181777954102 0.89493745565414428711 0.27241700887680053711 -0.23460240662097930908 -0.65914815664291381836 -0.065573677420616149902 0.45544147491455078125 0.50185781717300415039 0.7636890411376953125 0.78360325098037719727 0.6004912257194519043 0.4693470001220703125 0.40695583820343017578 0.36025470495223999023 0.48791092634201049805 0.59285980463027954102 0.47577938437461853027 0.50680005550384521484 0.3453572392463684082 0.23452837765216827393 0.0082512367516756057739 0.40440589189529418945 0.8165740966796875 1.039918065071105957 1.0440824031829833984 0.92382651567459106445 0.8269169926643371582 0.12459822744131088257 -0.20002974569797515869 -0.28430169820785522461 -0.43254730105400085449 -0.4987716972827911377 -0.43123775720596313477 -0.35333472490310668945 -0.29208326339721679688 -0.054042745381593704224 0.44073110818862915039 0.54707694053649902344 0.59699136018753051758
0.88502800464630126953 1.2555023431777954102 1.2983521223068237305 1.4216272830963134766 0.90720689296722412109 0.19013138115406036377 -0.33704933524131774902 -0.57275289297103881836 -0.14258413016796112061 0.30989110469818115234 0.43686506152153015137 0.47882309556007385254 0.46774896979331970215 0.34066340327262878418 0.33938077092170715332 0.50214999914169311523 0.67833077907562255859 0.98116421699523925781 0.66267579793930053711 0.37408801913261413574 0.37763121724128723145 0.1510664820671081543 0.086354993283748626709 0.14918631315231323242 0.52012097835540771484 0.87897270917892456055 1.0146780014038085938 1.055855870246887207 0.93244153261184692383 0.5631834864616394043 -0.027361521497368812561 -0.12186887115240097046 -0.21382212638854980469 -0.31943818926811218262 -0.39958012104034423828 -0.28589296340942382813 -0.12978611886501312256 0.02328771539032459259 0.55962431430816650391 1.1373866796493530273 1.1205575466156005859 0.98430466651916503906
1.2964518070220947266 1.3717120885848999023 1.2530754804611206055 1.0104185342788696289 0.47931382060050964355 -0.1706762462854385376 -0.26275601983070373535 -0.14639742672443389893 -0.046378295868635177612 0.20353634655475616455 0.36634105443954467773 0.61738073825836181641 0.59059250354766845703 0.54628413915634155273 0.61201846599578857422 0.69654822349548339844 0.65600699186325073242 0.51828306913375854492 0.36505821347236633301 0.19198943674564361572 0.26405543088912963867 0.03673711046576499939 -0.023173073306679725647 0.17302213609218597412 0.79612630605697631836 1.0696810483932495117 1.0449141263961791992 0.96119421720504760742 0.65651851892471313477 0.39759266376495361328 0.071230746805667877197 -0.0055183763615787029266 -0.17706026136875152588 -0.3039569556713104248 -0.39811998605728149414 -0.16741758584976196289 0.14945006370544433594 0.4230225682258605957 0.95272016525268554688 1.3617150783538818359 1.5782545804977416992 1.5829231739044189453
1.3642295598983764648 1.3524188995361328125 0.99519652128219604492 0.31915533542633056641 -0.2070992887020111084 -0.28274592757225036621 -0.11405558139085769653 0.12635362148284912109 0.22121664881706237793 0.46315166354179382324 0.61101639270782470703 1.1556699275970458984 1.4098865985870361328 1.1075609922409057617 1.0615029335021972656 0.80036973953247070313 0.67424696683883666992 0.40147754549980163574 0.25146362185478210449 0.16096217930316925049 0.34995147585868835449 0.0034009006340056657791 -0.21772626042366027832 0.41230762004852294922 1.0364024639129638672 1.1247928142547607422 1.0830265283584594727 0.95419538021087646484 0.58057028055191040039 0.44195550680160522461 0.18923704326152801514 0.13877429068088531494 -0.049640454351902008057 -0.25342613458633422852 -0.3232783973217010498 0.10769165307283401489 0.4544976651668548584 0.69144159555435180664 1.0165147781372070313 1.2478771209716796875 1.3628777265548706055 1.4313939809799194336
1.2186100482940673828 1.0488885641098022461 0.42142498493194580078 0.0060819368809461593628 -0.16229693591594696045 -0.15549902617931365967 -0.079801395535469055176 0.096568495035171508789 0.19467835128307342529 0.47722682356834411621 0.66538703441619873047 1.3330442905426025391 1.4264062643051147461 1.147580265998840332 0.97294622659683227539 0.54350966215133666992 0.4416230320930480957 0.23296229541301727295 0.21263335645198822021 0.18739387392997741699 0.41369837522506713867 0.14956629276275634766 0.22927048802375793457 1.0669981241226196289 1.1624906063079833984 1.1700024604797363281 1.1899353265762329102 0.98413133621215820313 0.56324255466461181641 0.49057400226593017578 0.25141063332557678223 0.19806876778602600098 -0.019987085834145545959 -0.26187109947204589844 -0.2952823638916015625 0.20490148663520812988 0.53906118869781494141 0.68562138080596923828 0.90917438268661499023 1.0289365053176879883 1.0809992551803588867 0.95654308795928955078
1.0964542627334594727 0.64823728799819946289 0.18242250382900238037 -0.013588188216090202332 -0.12560577690601348877 -0.11157175153493881226 -0.05213566124439239502 0.18959009647369384766 0.31504875421524047852 0.58544993400573730469 0.69306612014770507813 0.96879458427429199219 0.96495193243026733398 0.89779841899871826172 0.74442911148071289063 0.36344704031944274902 0.28684195876121520996 0.21160419285297393799 0.31903693079948425293 0.28519007563591003418 0.42206081748008728027 0.32723784446716308594 0.52785199880599975586 0.85391163825988769531 1.1379207372665405273 1.1777398586273193359 1.2339656352996826172 1.0242359638214111328 0.65313094854354858398 0.58729815483093261719 0.34145814180374145508 0.27522960305213928223 -0.051918752491474151611 -0.39280214905738830566 -0.32465055584907531738 0.14292663335800170898 0.489215850830078125 0.51319831609725952148 0.74302870035171508789 0.7662321925163269043 0.83328282833099365234 0.74442845582962036133
0.69909375905990600586 0.34738907217979431152 0.13443022966384887695 -0.028669755905866622925 -0.10701077431440353394 -0.16509485244750976563 -0.12299193441867828369 0.064762897789478302002 0.17105638980865478516 0.43041080236434936523 0.49722856283187866211 0.7205016016960144043 0.51030057668685913086 0.46001580357551574707 0.3005771934986114502 0.057770844548940658569 0.0082346014678478240967 0.039567202329635620117 0.20640780031681060791 0.18288302421569824219 0.28416070342063903809 0.34044736623764038086 0.68477612733840942383 0.99295520782470703125 1.1998846530914306641 1.1748440265655517578 1.1311941146850585938 1.0072942972183227539 0.6661751866340637207 0.59783142805099487305 0.34762722253799438477 0.24736972153186798096 -0.16479456424713134766 -0.5010802149772644043 -0.3751290440559387207 0.086307711899280548096 0.4968433380126953125 0.52672237157821655273 0.66730129718780517578 0.60794818401336669922 0.8522135615348815918 0.87811625003814697266
0.33455604314804077148 0.20113590359687805176 0.12931963801383972168 0.037530105561017990112 -0.024953207001090049744 -0.23095721006393432617 -0.26569882035255432129 0.018930291756987571716 0.2016220390796661377 0.53774219751358032227 0.53330338001251220703 0.55190271139144897461 0.21805912256240844727 0.28957006335258483887 0.33104676008224487305 0.13842146098613739014 0.037014644593000411987 -0.011688983999192714691 0.14085823297500610352 0.20036086440086364746 0.35561189055442810059 0.63421791791915893555 1.065504908561706543 1.2193344831466674805 1.1327048540115356445 1.0434827804565429688 0.85389739274978637695 0.92102140188217163086 0.85830169916152954102 0.84152948856353759766 0.64764499664306640625 0.21099461615085601807 -0.45661076903343200684 -0.65809929370880126953 -0.57043433189392089844 0.27381435036659240723 0.77559554576873779297 0.8097057342529296875 0.88818269968032836914 0.91792511940002441406 1.072352290153503418 1.113036036491394043
