INPUT/RASTER/ASCII_standard/aspect.asc
ncols        225
nrows        269
xllcorner    473009.983799999987
yllcorner    4429051.174800000153
cellsize     50.000000000000
NODATA_value  -9999
[rows 228 to 246 of 269, columns 168 to 209 of 225]
1.1723883152008056641 1.3480663299560546875 1.2203185558319091797 1.0341086387634277344 0.98601323366165161133 1.0477555990219116211 1.136958003044128418 1.1596587896347045898 1.1384972333908081055 0.86815840005874633789 0.57814818620681762695 0.13292521238327026367 -0.24852742254734039307 -0.27314856648445129395 -0.34783014655113220215 -0.49472945928573608398 -0.7320321202278137207 -0.080391928553581237793 0.58448690176010131836 0.89731031656265258789 0.90013033151626586914 0.99904960393905639648 1.1237299442291259766 1.1477395296096801758 1.0750777721405029297 0.9304440617561340332 0.8524456024169921875 0.88498926162719726563 0.51683890819549560547 -1.0937011241912841797 -1.757519841194152832 -1.9192017316818237305 -1.9056261777877807617 -1.4775707721710205078 -1.5773978233337402344 -1.3726825714111328125 -9999 -9999 -9999 -9999 -9999 -9999
0.99677371978759765625 1.2909128665924072266 1.5659303665161132813 1.4246468544006347656 1.5208306312561035156 1.5237762928009033203 1.2060184478759765625 1.1011089086532592773 1.1255208253860473633 0.63788628578186035156 0.26228186488151550293 -0.070529729127883911133 -0.31546774506568908691 -0.32812765240669250488 -0.26089009642601013184 -0.33926305174827575684 -0.3503361046314239502 0.18426632881164550781 0.84889012575149536133 1.0465565919876098633 0.99752753973007202148 1.0122750997543334961 0.98312491178512573242 0.91526705026626586914 0.8581574559211730957 0.80015081167221069336 0.71515154838562011719 0.62906050682067871094 0.4447079002857208252 -0.054848216474056243896 -0.81198078393936157227 -1.7039312124252319336 -2.0550243854522705078 -1.5235791206359863281 -1.5394268035888671875 -9999 -9999 -9999 -9999 -9999 -9999 -9999
1.0014603137969970703 1.205158233642578125 1.5199419260025024414 1.4714854955673217773 1.4173928499221801758 1.1100343465805053711 0.99952590465545654297 0.94144266843795776367 0.84486299753189086914 0.31573909521102905273 -0.094782717525959014893 -0.3292585909366607666 -0.47372198104858398438 -0.64105659723281860352 -0.31600880622863769531 -0.20604649186134338379 0.16251796483993530273 0.59442478418350219727 1.1550272703170776367 1.1460349559783935547 1.0309059619903564453 0.96909749507904052734 0.8337987065315246582 0.68611848354339599609 0.70629400014877319336 0.74564957618713378906 0.70779901742935180664 0.60974931716918945313 0.53101563453674316406 0.51267653703689575195 0.72877782583236694336 0.37929251790046691895 -1.4713497161865234375 -1.5314671993255615234 -9999 -9999 -9999 -9999 -9999 -9999 -9999 -9999
1.2282590866088867188 1.2597079277038574219 1.2506388425827026367 1.2826966047286987305 0.97285521030426025391 0.038986735045909881592 0.53788471221923828125 0.6473076939582824707 0.47292280197143554688 0.062498606741428375244 -0.35192447900772094727 -0.46125492453575134277 -0.56112432479858398438 -0.64514303207397460938 -0.54734879732131958008 -0.43337139487266540527 0.45223402976989746094 0.91027444601058959961 1.240641474723815918 1.1810475587844848633 0.97248351573944091797 0.88945591449737548828 0.78666925430297851563 0.67272794246673583984 0.70988798141479492188 0.70696902275085449219 0.58064138889312744141 0.45260852575302124023 0.44940328598022460938 0.4593296051025390625 0.49573075771331787109 0.3117491602897644043 -0.51307010650634765625 -1.5149617195129394531 -9999 -9999 -9999 -9999 -9999 -9999 -9999 -9999
1.4277338981628417969 1.2076653242111206055 0.85913097858428955078 0.75123906135559082031 0.61688017845153808594 -0.62343823909759521484 0.25339347124099731445 0.61271953582763671875 0.40640777349472045898 0.067497998476028442383 -0.33865457773208618164 -0.54971337318420410156 -0.66299229860305786133 -0.70356881618499755859 -0.48657208681106567383 -0.30457746982574462891 0.86563277244567871094 1.142203211784362793 1.1209235191345214844 1.1860239505767822266 1.1602243185043334961 1.2319375276565551758 1.2152659893035888672 1.1677774190902709961 1.07308197021484375 0.97059154510498046875 0.69674700498580932617 0.53740602731704711914 0.6085059046745300293 0.63088136911392211914 0.61527818441390991211 0.40075042843818664551 0.067185007035732269287 -9999 -9999 -9999 -9999 -9999 -9999 -9999 -9999 -9999
1.4571756124496459961 1.224872589111328125 0.96055907011032104492 0.82370340824127197266 0.89004993438720703125 -1.0474786758422851563 -0.37625539302825927734 0.76014608144760131836 0.37365487217903137207 -0.016155406832695007324 -0.33619853854179382324 -0.53855299949645996094 -0.63559621572494506836 -0.76544779539108276367 -0.20229557156562805176 0.64852201938629150391 1.1438281536102294922 1.1040869951248168945 1.0357584953308105469 1.1608384847640991211 1.2978141307830810547 1.4538128376007080078 1.541384577751159668 1.561980128288269043 1.4141683578491210938 1.2945392131805419922 1.1138830184936523438 0.96688902378082275391 0.75964856147766113281 0.67373919486999511719 0.56241434812545776367 0.51718235015869140625 -9999 -9999 -9999 -9999 -9999 -9999 -9999 -9999 -9999 -9999
1.3579437732696533203 1.4178633689880371094 1.4157381057739257813 1.3455584049224853516 0.96263796091079711914 -0.78233903646469116211 -1.0934245586395263672 0.50929528474807739258 0.16234198212623596191 -0.064585655927658081055 -0.35306462645530700684 -0.56958353519439697266 -0.61248403787612915039 -0.79625332355499267578 0.0082370089367032051086 0.96600210666656494141 1.0435615777969360352 0.97031223773956298828 0.9121920466423034668 1.0796444416046142578 1.1924453973770141602 1.3367463350296020508 1.6181135177612304688 1.7004729509353637695 1.6761819124221801758 1.4312578439712524414 1.1277774572372436523 0.89491581916809082031 0.75504249334335327148 0.74454575777053833008 0.69899070262908935547 0.64828455448150634766 -9999 -9999 -9999 -9999 -9999 -9999 -9999 -9999 -9999 -9999
1.0078935623168945313 1.1442099809646606445 1.1876068115234375 0.84845238924026489258 0.58584696054458618164 0.035020887851715087891 -0.25526121258735656738 -0.019168918952345848083 0.096826992928981781006 0.07700452953577041626 -0.30038791894912719727 -0.6466605067253112793 -0.792606353759765625 -0.76622676849365234375 0.46578717231750488281 1.0178459882736206055 1.0267127752304077148 0.93648028373718261719 0.86949682235717773438 0.92740255594253540039 1.043307185173034668 1.0916363000869750977 1.1851330995559692383 1.1189601421356201172 0.72423058748245239258 0.37738499045372009277 0.27012798190116882324 0.35961100459098815918 0.49908682703971862793 0.62779819965362548828 0.62431806325912475586 -9999 -9999 -9999 -9999 -9999 -9999 -9999 -9999 -9999 -9999 -9999
0.88058322668075561523 0.79499429464340209961 0.66655427217483520508 0.40699326992034912109 0.38899973034858703613 0.1730823218822479248 0.14622314274311065674 0.21025414764881134033 0.25732493400573730469 0.093747377395629882813 -0.16648079454898834229 -0.48405411839485168457 -0.73676276206970214844 -0.6827920079231262207 0.6650543212890625 0.91796147823333740234 0.9608046412467956543 0.87834191322326660156 0.87767958641052246094 0.827518463134765625 0.7729123234748840332 0.70824903249740600586 0.60822045803070068359 0.43225243687629699707 0.12360714375972747803 0.077800586819648742676 0.14497992396354675293 0.39050978422164916992 0.49450156092643737793 0.66644287109375 -9999 -9999 -9999 -9999 -9999 -9999 -9999 -9999 -9999 -9999 -9999 -9999
0.92782539129257202148 0.84061217308044433594 0.80213648080825805664 0.68924123048782348633 0.73222774267196655273 0.74798631668090820313 0.68786972761154174805 0.62465208768844604492 0.5180212855339050293 0.19879457354545593262 0.052324064075946807861 -0.48941093683242797852 -0.91498458385467529297 -0.75428169965744018555 0.70701605081558227539 0.97202473878860473633 0.91539055109024047852 0.88861978054046630859 0.8436431884765625 0.7487398982048034668 0.70496320724487304688 0.64023751020431518555 0.50747817754745483398 0.22965307533740997314 0.13401326537132263184 0.2308696061372756958 0.32676267623901367188 0.56324851512908935547 0.51944136619567871094 0.60795539617538452148 -9999 -9999 -9999 -9999 -9999 -9999 -9999 -9999 -9999 -9999 -9999 -9999
0.69303679466247558594 0.65118402242660522461 0.75751578807830810547 0.83821088075637817383 0.85908025503158569336 0.77715641260147094727 0.82747185230255126953 0.71525335311889648438 0.43409362435340881348 0.052368059754371643066 -0.044404234737157821655 -0.43315142393112182617 -0.91507935523986816406 -0.45401334762573242188 0.89975434541702270508 1.0380676984786987305 0.94267451763153076172 0.84073430299758911133 0.77543622255325317383 0.69840782880783081055 0.61370968818664550781 0.51021301746368408203 0.3677895963191986084 0.30897358059883117676 0.35906162858009338379 0.50074458122253417969 0.59548026323318481445 0.73032921552658081055 0.7188135981559753418 -9999 -9999 -9999 -9999 -9999 -9999 -9999 -9999 -9999 -9999 -9999 -9999 -9999
0.82889169454574584961 0.79091811180114746094 0.93529832363128662109 0.97176212072372436523 0.9092540740966796875 0.86603593826293945313 1.1558148860931396484 1.133687138557434082 0.46435984969139099121 -0.044568613171577453613 -0.26932543516159057617 -0.44246512651443481445 -0.92217248678207397461 0.35949784517288208008 1.2069268226623535156 1.0494878292083740234 1.0056378841400146484 0.9332326054573059082 0.86971592903137207031 0.82164287567138671875 0.77533096075057983398 0.67831659317016601563 0.59894990921020507813 0.66661995649337768555 0.67353433370590209961 0.80789142847061157227 0.94222974777221679688 0.97440350055694580078 -9999 -9999 -9999 -9999 -9999 -9999 -9999 -9999 -9999 -9999 -9999 -9999 -9999 -9999
0.76425266265869140625 0.8090865015983581543 0.91773253679275512695 0.76120126247406005859 0.74093997478485107422 1.0771548748016357422 1.1073232889175415039 0.60691225528717041016 -0.17487476766109466553 -0.24271795153617858887 -0.56580698490142822266 -0.54040598869323730469 -0.52019107341766357422 0.71841502189636230469 1.1547240018844604492 1.0658897161483764648 1.0662999153137207031 0.93023353815078735352 0.80567771196365356445 0.75692397356033325195 0.71888166666030883789 0.65534687042236328125 0.68280071020126342773 0.71921610832214355469 0.68678319454193115234 0.76602250337600708008 0.87609052658081054688 1.1375490427017211914 -9999 -9999 -9999 -9999 -9999 -9999 -9999 -9999 -9999 -9999 -9999 -9999 -9999 -9999
0.58293020725250244141 0.62526452541351318359 0.65808349847793579102 0.43370950222015380859 0.38239139318466186523 0.70104879140853881836 0.63587546348571777344 -0.23655238747596740723 -0.64296543598175048828 -0.57394313812255859375 -0.67201644182205200195 -0.56850224733352661133 -0.33187416195869445801 0.80028522014617919922 1.059701085090637207 0.95670109987258911133 0.89369618892669677734 0.77293574810028076172 0.79561197757720947266 0.78586685657501220703 0.74295520782470703125 0.70492076873779296875 0.7321999669075012207 0.7484194636344909668 0.69015961885452270508 0.71951967477798461914 0.75191646814346313477 -9999 -9999 -9999 -9999 -9999 -9999 -9999 -9999 -9999 -9999 -9999 -9999 -9999 -9999 -9999
0.19904650747776031494 0.4239114224910736084 0.54177522659301757813 0.1657591015100479126 0.21895542740821838379 0.41435521841049194336 0.34256717562675476074 0.2511355280876159668 -0.12194854021072387695 -0.75953853130340576172 -0.84261626005172729492 -0.54508429765701293945 0.29296857118606567383 1.1804403066635131836 0.93498796224594116211 0.6930783390998840332 0.62501233816146850586 0.60997432470321655273 0.71808409690856933594 0.72717493772506713867 0.698284149169921875 0.6794160008430480957 0.64315950870513916016 0.62392079830169677734 0.50911009311676025391 0.49023517966270446777 -9999 -9999 -9999 -9999 -9999 -9999 -9999 -9999 -9999 -9999 -9999 -9999 -9999 -9999 -9999 -9999
0.53463566303253173828 0.86375832557678222656 0.74674439430236816406 0.45937424898147583008 0.64636522531509399414 0.56874054670333862305 0.48213165998458862305 0.51854723691940307617 0.37106728553771972656 -0.75769686698913574219 -1.0545201301574707031 -0.40621256828308105469 1.0277646780014038086 1.1082224845886230469 1.0041810274124145508 0.86693769693374633789 0.78133851289749145508 0.7435474395751953125 0.73163568973541259766 0.79036849737167358398 0.70450991392135620117 0.67132037878036499023 0.6409422755241394043 0.62072390317916870117 0.57182675600051879883 0.29808899760246276855 -9999 -9999 -9999 -9999 -9999 -9999 -9999 -9999 -9999 -9999 -9999 -9999 -9999 -9999 -9999 -9999
0.94599580764770507813 0.68737351894378662109 0.68193680047988891602 0.76676231622695922852 0.93518936634063720703 0.88877385854721069336 0.80846494436264038086 0.90331369638442993164 0.75721049308776855469 -0.29311001300811767578 -0.94572836160659790039 -0.14627769589424133301 0.84648096561431884766 0.98125219345092773438 1.0626254081726074219 1.0000476837158203125 0.83210790157318115234 0.65887737274169921875 0.79855608940124511719 0.74768096208572387695 0.49344983696937561035 0.46076524257659912109 0.37799763679504394531 0.38900238275527954102 0.39637812972068786621 -9999 -9999 -9999 -9999 -9999 -9999 -9999 -9999 -9999 -9999 -9999 -9999 -9999 -9999 -9999 -9999 -9999
1.43599700927734375 1.077786564826965332 1.1170843839645385742 1.1503875255584716797 1.1436780691146850586 1.1706459522247314453 1.3467490673065185547 1.4062343835830688477 1.175252079963684082 -0.46144250035285949707 -1.2327078580856323242 -0.18431322276592254639 0.93294757604598999023 1.0018749237060546875 1.0776022672653198242 1.078814387321472168 0.91668844223022460938 0.78506666421890258789 0.88543289899826049805 0.58897674083709716797 0.34333807229995727539 0.34043839573860168457 0.27724152803421020508 0.22978156805038452148 -9999 -9999 -9999 -9999 -9999 -9999 -9999 -9999 -9999 -9999 -9999 -9999 -9999 -9999 -9999 -9999 -9999 -9999
1.5674222707748413086 1.4978737831115722656 1.3532112836837768555 1.1693795919418334961 1.0261387825012207031 1.1971166133880615234 1.327536463737487793 1.4061434268951416016 1.3411121368408203125 -1.5691819190979003906 -1.5815229415893554688 0.06743802875280380249 1.0750756263732910156 1.0449177026748657227 1.1405336856842041016 1.1380634307861328125 0.98353075981140136719 0.85312938690185546875 0.73793762922286987305 0.32191735506057739258 0.099075958132743835449 0.21434913575649261475 0.16846662759780883789 0.012713063508272171021 -9999 -9999 -9999 -9999 -9999 -9999 -9999 -9999 -9999 -9999 -9999 -9999 -9999 -9999 -9999 -9999 -9999 -9999
