INPUT/RASTER/ASCII_standard/BIO06.asc
ncols        225
nrows        269
xllcorner    473009.983799999987
yllcorner    4429051.174800000153
cellsize     50.000000000000
NODATA_value  -9999
[rows 72 to 89 of 269, columns 84 to 125 of 225]
-0.30933150649070739746 -0.32323852181434631348 -0.33882296085357666016 -0.37227863073348999023 -0.41099175810813903809 -0.44684764742851257324 -0.46450731158256530762 -0.48908323049545288086 -0.51559048891067504883 -0.54772591590881347656 -0.4413363039493560791 -0.16814735531806945801 -0.1035227850079536438 -0.12855572998523712158 -0.19430252909660339355 -0.29861012101173400879 -0.39619103074073791504 -0.48538812994956970215 -0.54470616579055786133 -0.57197684049606323242 -0.63879168033599853516 -0.72861677408218383789 -0.75630384683609008789 -0.75901210308074951172 -9999 -9999 -9999 -9999 -9999 -9999 -9999 -9999 -9999 -9999 -9999 -9999 -9999 -9999 -9999 -9999 -9999 -9999
-0.26983469724655151367 -0.27759897708892822266 -0.29255712032318115234 -0.31516784429550170898 -0.33747220039367675781 -0.36408779025077819824 -0.38087403774261474609 -0.40605086088180541992 -0.39653295278549194336 -0.22002947330474853516 -0.081956438720226287842 -0.021902089938521385193 -0.029844112694263458252 -0.044106576591730117798 -0.093219481408596038818 -0.1465132981538772583 -0.2249720841646194458 -0.35890820622444152832 -0.49944409728050231934 -0.56192910671234130859 -0.64387649297714233398 -0.70101439952850341797 -0.73290604352951049805 -0.74386948347091674805 -9999 -9999 -9999 -9999 -9999 -9999 -9999 -9999 -9999 -9999 -9999 -9999 -9999 -9999 -9999 -9999 -9999 -1.8632358312606811523
-0.23560206592082977295 -0.24536539614200592041 -0.26599907875061035156 -0.28388556838035583496 -0.29936674237251281738 -0.31635612249374389648 -0.33072012662887573242 -0.31941139698028564453 -0.13405522704124450684 0.068676233291625976563 0.069321140646934509277 0.038869950920343399048 0.022352846339344978333 0.001893507782369852066 -0.04054857790470123291 -0.1018724292516708374 -0.22401233017444610596 -0.3259417116641998291 -0.42417091131210327148 -0.47495618462562561035 -0.54416114091873168945 -0.63218522071838378906 -0.69478702545166015625 -0.71327269077301025391 -0.7154782414436340332 -9999 -9999 -9999 -9999 -9999 -9999 -9999 -9999 -9999 -9999 -9999 -9999 -9999 -9999 -9999 -9999 -1.8610912561416625977
-0.21349236369132995605 -0.22609601914882659912 -0.24436333775520324707 -0.26364797353744506836 -0.27876353263854980469 -0.29407206177711486816 -0.29685652256011962891 -0.14962442219257354736 0.11183092743158340454 0.16111649572849273682 0.12753555178642272949 0.08645775914192199707 0.060419373214244842529 0.033130098134279251099 -0.040854949504137039185 -0.13660608232021331787 -0.26379352807998657227 -0.30735617876052856445 -0.34521111845970153809 -0.37217876315116882324 -0.44335737824440002441 -0.54640561342239379883 -0.626186370849609375 -0.68476980924606323242 -0.71269720792770385742 -0.73390638828277587891 -0.74967193603515625 -9999 -9999 -9999 -9999 -9999 -9999 -9999 -9999 -9999 -9999 -9999 -9999 -9999 -1.8302202224731445313 -1.8353829383850097656
-0.19853252172470092773 -0.21071469783782958984 -0.22726733982563018799 -0.24413482844829559326 -0.2585665583610534668 -0.23144654929637908936 -0.14972260594367980957 0.092972859740257263184 0.20570996403694152832 0.19243770837783813477 0.17004702985286712646 0.13740214705467224121 0.11148054897785186768 0.04060832783579826355 -0.12199661880731582642 -0.19833616912364959717 -0.24644871056079864502 -0.27159675955772399902 -0.30172634124755859375 -0.3234348595142364502 -0.37063336372375488281 -0.44370606541633605957 -0.51941257715225219727 -0.61732524633407592773 -0.69232249259948730469 -0.71706765890121459961 -0.73648774623870849609 -0.74329054355621337891 -0.74479871988296508789 -9999 -9999 -9999 -9999 -9999 -9999 -9999 -9999 -9999 -9999 -9999 -1.7924854755401611328 -1.8112809658050537109
-0.18247751891613006592 -0.19338679313659667969 -0.21216022968292236328 -0.22577102482318878174 -0.21081116795539855957 -0.03666897118091583252 0.16387724876403808594 0.23499658703804016113 0.23278765380382537842 0.21599972248077392578 0.19620051980018615723 0.14004270732402801514 0.098286159336566925049 -0.013653694652020931244 -0.1593691408634185791 -0.19812797009944915771 -0.21592643857002258301 -0.23960185050964355469 -0.26120543479919433594 -0.28701362013816833496 -0.3172092139720916748 -0.35196825861930847168 -0.41907426714897155762 -0.52724456787109375 -0.61992853879928588867 -0.65389883518218994141 -0.69585508108139038086 -0.71589636802673339844 -0.71313053369522094727 -0.63495439291000366211 -9999 -9999 -9999 -9999 -9999 -9999 -9999 -9999 -9999 -1.695981144905090332 -1.7631701231002807617 -1.7701134681701660156
-0.15852111577987670898 -0.17409878969192504883 -0.19065821170806884766 -0.18792285025119781494 -0.044064257293939590454 0.20476037263870239258 0.28274691104888916016 0.27417349815368652344 0.25423550605773925781 0.23704811930656433105 0.18460063636302947998 0.025091592222452163696 -0.057478692382574081421 -0.080820657312870025635 -0.11484169214963912964 -0.1470295637845993042 -0.17735041677951812744 -0.20515933632850646973 -0.22679001092910766602 -0.23608447611331939697 -0.26710271835327148438 -0.29823434352874755859 -0.33824914693832397461 -0.41043487191200256348 -0.45691567659378051758 -0.50775003433227539063 -0.59537971019744873047 -0.64056223630905151367 -0.65215200185775756836 -0.6192480921745300293 -9999 -9999 -9999 -9999 -9999 -9999 -9999 -9999 -1.6188865900039672852 -1.6729522943496704102 -1.6924434900283813477 -1.7021932601928710938
-0.13124199211597442627 -0.14314487576484680176 -0.11721143126487731934 0.045298721641302108765 0.2182712852954864502 0.31669515371322631836 0.30781370401382446289 0.29538440704345703125 0.23470714688301086426 0.17431257665157318115 0.08754107356071472168 -0.028024489060044288635 -0.050464253872632980347 -0.055300220847129821777 -0.064667478203773498535 -0.085081115365028381348 -0.10954870283603668213 -0.150408133864402771 -0.17860807478427886963 -0.19262678921222686768 -0.21745660901069641113 -0.23445612192153930664 -0.26491069793701171875 -0.30676034092903137207 -0.32941848039627075195 -0.35935679078102111816 -0.41796389222145080566 -0.48608550429344177246 -0.54912233352661132813 -0.54351961612701416016 -0.53529149293899536133 -0.53876489400863647461 -9999 -9999 -9999 -9999 -9999 -9999 -1.6102693080902099609 -1.6141505241394042969 -1.620929718017578125 -1.6267271041870117188
-0.11308469623327255249 -0.11506342887878417969 0.11385028809309005737 0.36483308672904968262 0.35879701375961303711 0.34673669934272766113 0.32363343238830566406 0.22311741113662719727 0.11766388267278671265 0.035548925399780273438 0.01961579546332359314 -0.0055745658464729785919 -0.022069664672017097473 -0.031223639845848083496 -0.047764442861080169678 -0.066023305058479309082 -0.088287033140659332275 -0.11601979285478591919 -0.13129785656929016113 -0.15273894369602203369 -0.19183123111724853516 -0.20645593106746673584 -0.23247738182544708252 -0.2724024653434753418 -0.30490347743034362793 -0.32217553257942199707 -0.35086971521377563477 -0.40604069828987121582 -0.49303224682807922363 -0.52434670925140380859 -0.53229212760925292969 -0.66545641422271728516 -0.80859386920928955078 -9999 -9999 -9999 -9999 -1.5796505212783813477 -1.5859388113021850586 -1.5949285030364990234 -1.6005651950836181641 -1.6056448221206665039
-0.10993970930576324463 0.025289634242653846741 0.3256104588508605957 0.39777418971061706543 0.38752335309982299805 0.32401597499847412109 0.2266483306884765625 0.10703389346599578857 0.058562509715557098389 0.038561884313821792603 0.024314654991030693054 0.0094665270298719406128 -0.001708500436507165432 -0.01170712057501077652 -0.029786560684442520142 -0.049736406654119491577 -0.0723894461989402771 -0.091596208512783050537 -0.099595785140991210938 -0.11949653923511505127 -0.15333646535873413086 -0.17258892953395843506 -0.20108169317245483398 -0.23368933796882629395 -0.27232968807220458984 -0.2965755462646484375 -0.32929998636245727539 -0.36012354493141174316 -0.43157297372817993164 -0.50463211536407470703 -0.72696471214294433594 -1.0390089750289916992 -1.408908843994140625 -1.5122889280319213867 -9999 -9999 -9999 -1.5514725446701049805 -1.5544770956039428711 -1.5624326467514038086 -1.5675072669982910156 -1.5732098817825317383
0.023133169859647750854 0.27151602506637573242 0.39694309234619140625 0.39467152953147888184 0.35149818658828735352 0.22249113023281097412 0.12605446577072143555 0.10087764263153076172 0.076168000698089599609 0.056434817612171173096 0.038990128785371780396 0.025897303596138954163 0.012906039133667945862 0.0044105127453804016113 -0.010305587202310562134 -0.032202005386352539063 -0.055264677852392196655 -0.069149672985076904297 -0.075008012354373931885 -0.091035932302474975586 -0.10874129831790924072 -0.12086421996355056763 -0.15820290148258209229 -0.19974447786808013916 -0.24482882022857666016 -0.27110758423805236816 -0.30857828259468078613 -0.33557471632957458496 -0.37097698450088500977 -0.46648436784744262695 -0.98892623186111450195 -1.423157811164855957 -1.4662904739379882813 -1.4765532016754150391 -1.4749112129211425781 -9999 -1.4928925037384033203 -1.4963489770889282227 -1.5096279382705688477 -1.5156521797180175781 -1.5195318460464477539 -1.5255272388458251953
0.31790709495544433594 0.41002407670021057129 0.40138465166091918945 0.30153557658195495605 0.19817756116390228271 0.13836188614368438721 0.12156888097524642944 0.12134544551372528076 0.10614524036645889282 0.083246760070323944092 0.060822226107120513916 0.043685603886842727661 0.029902169480919837952 0.021294927224516868591 0.0044799121096730232239 -0.015591804869472980499 -0.034466803073883056641 -0.048915460705757141113 -0.057862929999828338623 -0.066260278224945068359 -0.071989975869655609131 -0.078281641006469726563 -0.11131246387958526611 -0.15802516043186187744 -0.21580117940902709961 -0.24445135891437530518 -0.28012612462043762207 -0.30505582690238952637 -0.34377741813659667969 -0.60688650608062744141 -1.1985824108123779297 -1.4384307861328125 -1.4446225166320800781 -1.4498748779296875 -1.4514863491058349609 -1.4444211721420288086 -1.479012608528137207 -1.4803582429885864258 -1.4875148534774780273 -1.4927452802658081055 -1.4963574409484863281 -1.5061715841293334961
0.46440118551254272461 0.42840480804443359375 0.36128017306327819824 0.17530447244644165039 0.11860839277505874634 0.12308213114738464355 0.12617294490337371826 0.13015580177307128906 0.12506085634231567383 0.10839480161666870117 0.085477702319622039795 0.064326062798500061035 0.051857832819223403931 0.039750140160322189331 0.018749145790934562683 -0.00013092916924506425858 -0.014203812927007675171 -0.028544139117002487183 -0.038158521056175231934 -0.042747359722852706909 -0.042359735816717147827 -0.051706675440073013306 -0.07756564021110534668 -0.11630924046039581299 -0.17578807473182678223 -0.2093740999698638916 -0.24577333033084869385 -0.26776793599128723145 -0.41391840577125549316 -1.0139049291610717773 -1.3637483119964599609 -1.3926880359649658203 -1.4008973836898803711 -1.4062446355819702148 -1.414765477180480957 -1.4221794605255126953 -1.4418381452560424805 -1.4385780096054077148 -1.4292091131210327148 -1.4357732534408569336 -1.4421089887619018555 -1.477352142333984375
0.42399707436561584473 0.31099084019660949707 0.25016632676124572754 0.16359455883502960205 0.15046618878841400146 0.14475849270820617676 0.1421788632869720459 0.13999532163143157959 0.13589735329151153564 0.12574808299541473389 0.11083564162254333496 0.095990896224975585938 0.087038345634937286377 0.071399740874767303467 0.045999489724636077881 0.027576435357332229614 0.011000088416039943695 -2.2860135686642024666e-06 -0.0037972589489072561264 -0.0042271981947124004364 -0.0067729782313108444214 -0.022690875455737113953 -0.046197026968002319336 -0.077001981437206268311 -0.11636001616716384888 -0.14291636645793914795 -0.17788191139698028564 -0.22371442615985870361 -0.74932497739791870117 -1.2632848024368286133 -1.3128327131271362305 -1.3160369396209716797 -1.3207155466079711914 -1.324953913688659668 -1.3312896490097045898 -1.3360731601715087891 -1.3220663070678710938 -1.3536837100982666016 -1.3545656204223632813 -1.3625007867813110352 -1.3708033561706542969 -1.4230527877807617188
0.26982164382934570313 0.24083124101161956787 0.22513169050216674805 0.20863321423530578613 0.19076873362064361572 0.17625576257705688477 0.1698456108570098877 0.15999594330787658691 0.14722134172916412354 0.13350729644298553467 0.12248969078063964844 0.111939258873462677 0.10522950440645217896 0.095923185348510742188 0.074373766779899597168 0.056599009782075881958 0.037610601633787155151 0.031400185078382492065 0.028835784643888473511 0.02479029633104801178 0.019676731899380683899 0.003344128606840968132 -0.022479292005300521851 -0.051085464656352996826 -0.077826313674449920654 -0.095882058143615722656 -0.12207786738872528076 -0.46562618017196655273 -1.097179412841796875 -1.2584098577499389648 -1.2623758316040039063 -1.2637689113616943359 -1.2663722038269042969 -1.2704465389251708984 -1.275768280029296875 -1.2814675569534301758 -1.2954659461975097656 -1.3033757209777832031 -1.3140649795532226563 -1.321886897087097168 -1.3297204971313476563 -1.3623231649398803711
0.26057457923889160156 0.25555580854415893555 0.24391697347164154053 0.23230354487895965576 0.22359305620193481445 0.21134994924068450928 0.20524109899997711182 0.18572627007961273193 0.16804121434688568115 0.14866180717945098877 0.13059082627296447754 0.11843912303447723389 0.11211530119180679321 0.10264479368925094604 0.092944085597991943359 0.082368262112140655518 0.066071204841136932373 0.058328919112682342529 0.051204457879066467285 0.044569179415702819824 0.036263234913349151611 0.020661866292357444763 -0.0052766553126275539398 -0.035848025232553482056 -0.058687262237071990967 -0.072458848357200622559 -0.13395874202251434326 -0.60607236623764038086 -1.1378729343414306641 -1.2288761138916015625 -1.2379844188690185547 -1.2405996322631835938 -1.2428203821182250977 -1.2474769353866577148 -1.2539124488830566406 -1.2641785144805908203 -1.275641322135925293 -1.2816689014434814453 -1.2899545431137084961 -1.2965254783630371094 -1.3045420646667480469 -1.3223861455917358398
0.27750468254089355469 0.27305635809898376465 0.25960806012153625488 0.24507814645767211914 0.2403691411018371582 0.23608328402042388916 0.23319897055625915527 0.21491472423076629639 0.19558946788311004639 0.1720139235258102417 0.14705376327037811279 0.12732905149459838867 0.11810059100389480591 0.10427991300821304321 0.097824059426784515381 0.098262466490268707275 0.092925466597080230713 0.084744773805141448975 0.075208254158496856689 0.062181442975997924805 0.052917443215847015381 0.034399602562189102173 0.010243464261293411255 -0.017714416608214378357 -0.040453787893056869507 -0.083708353340625762939 -0.38553059101104736328 -0.90454477071762084961 -1.1381099224090576172 -1.1824952363967895508 -1.2014582157135009766 -1.2128415107727050781 -1.2174962759017944336 -1.2231752872467041016 -1.2303758859634399414 -1.2404726743698120117 -1.2507979869842529297 -1.2558556795120239258 -1.2622472047805786133 -1.2675943374633789063 -1.2799694538116455078 -1.2988207340240478516
0.28672468662261962891 0.28176176548004150391 0.2702465057373046875 0.25910365581512451172 0.25265625119209289551 0.24747666716575622559 0.24396775662899017334 0.22917211055755615234 0.20979438722133636475 0.18566025793552398682 0.16425979137420654297 0.1441592872142791748 0.13056035339832305908 0.10938840359449386597 0.10036984086036682129 0.10540046542882919312 0.10997407138347625732 0.1062671169638633728 0.097737736999988555908 0.080971807241439819336 0.068024553358554840088 0.047372248023748397827 0.024896934628486633301 -0.00019017272279597818851 -0.030819091945886611938 -0.24413821101188659668 -0.75783061981201171875 -1.0653452873229980469 -1.1245838403701782227 -1.1449940204620361328 -1.1621425151824951172 -1.1799951791763305664 -1.1915645599365234375 -1.1984385251998901367 -1.2061926126480102539 -1.2153517007827758789 -1.2238134145736694336 -1.2278215885162353516 -1.23320770263671875 -1.2397143840789794922 -1.2581052780151367188 -1.2754551172256469727
