INPUT/RASTER/ASCII_standard/BIO02.asc
ncols        225
nrows        269
xllcorner    473009.983799999987
yllcorner    4429051.174800000153
cellsize     50.000000000000
NODATA_value  -9999
[rows 180 to 197 of 269, columns 126 to 167 of 225]
0.027993479743599891663 -0.1393823474645614624 -0.2991657257080078125 -0.43038547039031982422 -0.47515028715133666992 -0.45482042431831359863 -0.37533074617385864258 -0.2148164212703704834 -0.0069270818494260311127 0.19366925954818725586 0.3432712256908416748 0.42505985498428344727 0.50218218564987182617 0.59793901443481445313 0.64745026826858520508 0.6790650486946105957 0.69347655773162841797 0.68764781951904296875 0.64257884025573730469 0.56611204147338867188 0.49949416518211364746 0.44262859225273132324 0.40124973654747009277 0.37758344411849975586 0.3633747100830078125 0.3597411811351776123 0.39832356572151184082 0.40008726716041564941 0.36980706453323364258 0.31301459670066833496 0.27669107913970947266 0.25126108527183532715 0.26977297663688659668 0.31210678815841674805 0.36419290304183959961 0.41859683394432067871 0.44447481632232666016 0.46862447261810302734 0.49416294693946838379 0.49751588702201843262 0.47721195220947265625 0.44442531466484069824
0.22076158225536346436 0.075351983308792114258 -0.085902728140354156494 -0.22789807617664337158 -0.31046953797340393066 -0.32605528831481933594 -0.2946338355541229248 -0.19496051967144012451 -0.033953379839658737183 0.1525096893310546875 0.33136615157127380371 0.44498178362846374512 0.55713546276092529297 0.69111865758895874023 0.74812102317810058594 0.77106815576553344727 0.78120714426040649414 0.7675501704216003418 0.68349319696426391602 0.55063241720199584961 0.42131313681602478027 0.30974888801574707031 0.22735899686813354492 0.18000756204128265381 0.15254504978656768799 0.16168428957462310791 0.21996933221817016602 0.23541124165058135986 0.2347911149263381958 0.19742776453495025635 0.17071270942687988281 0.15722785890102386475 0.18841820955276489258 0.29295116662979125977 0.39655041694641113281 0.44810128211975097656 0.46833682060241699219 0.48354765772819519043 0.49440109729766845703 0.49009555578231811523 0.47440135478973388672 0.44943115115165710449
0.38307970762252807617 0.23027808964252471924 0.075719818472862243652 -0.060918372124433517456 -0.14276830852031707764 -0.16821244359016418457 -0.17509046196937561035 -0.13849106431007385254 -0.036301854997873306274 0.13439154624938964844 0.32995849847793579102 0.46103909611701965332 0.60380077362060546875 0.75359606742858886719 0.80051839351654052734 0.80757087469100952148 0.79124945402145385742 0.75920790433883666992 0.65303850173950195313 0.498218536376953125 0.33325013518333435059 0.16044403612613677979 0.0068855211138725280762 -0.070571631193161010742 -0.089503243565559387207 -0.034766856580972671509 0.07308603823184967041 0.12455201894044876099 0.1284637749195098877 0.10098712146282196045 0.084078587591648101807 0.085573501884937286377 0.13840942084789276123 0.22851908206939697266 0.31205728650093078613 0.39974772930145263672 0.47446030378341674805 0.48323169350624084473 0.48686993122100830078 0.48641249537467956543 0.47045421600341796875 0.4505888819694519043
0.49375030398368835449 0.35781949758529663086 0.22096200287342071533 0.096436366438865661621 0.018498199060559272766 -0.01073273923248052597 -0.035061594098806381226 -0.040310289710760116577 0.015763031318783760071 0.1560748368501663208 0.34327828884124755859 0.48212820291519165039 0.6450169682502746582 0.7890377044677734375 0.80916953086853027344 0.78699105978012084961 0.7368927001953125 0.69364166259765625 0.59423947334289550781 0.45015501976013183594 0.27744323015213012695 0.061412055045366287231 -0.14839662611484527588 -0.24562951922416687012 -0.2577514946460723877 -0.17713947594165802002 -0.04362314566969871521 0.028104301542043685913 0.044637925922870635986 0.03533127903938293457 0.03189581260085105896 0.060740053653717041016 0.13756765425205230713 0.21770101785659790039 0.28302440047264099121 0.33477804064750671387 0.37101197242736816406 0.38485756516456604004 0.39142197370529174805 0.44333124160766601563 0.44635170698165893555 0.44386413693428039551
0.58605754375457763672 0.47331199049949645996 0.34908345341682434082 0.24201101064682006836 0.17432029545307159424 0.14726099371910095215 0.12434452027082443237 0.10299369692802429199 0.11847569793462753296 0.21318092942237854004 0.36694222688674926758 0.50710314512252807617 0.68397659063339233398 0.80540394783020019531 0.79934412240982055664 0.74272614717483520508 0.66752785444259643555 0.62277245521545410156 0.54336059093475341797 0.41884911060333251953 0.24795764684677124023 0.030997449532151222229 -0.17585441470146179199 -0.27149808406829833984 -0.29717803001403808594 -0.24707019329071044922 -0.13233457505702972412 -0.057617306709289550781 -0.032538637518882751465 -0.020145492628216743469 -0.0055830767378211021423 0.054656662046909332275 0.14692853391170501709 0.22636397182941436768 0.29103893041610717773 0.32717144489288330078 0.34304720163345336914 0.35912811756134033203 0.35997933149337768555 0.36883088946342468262 0.36126437783241271973 0.39417600631713867188
0.67230969667434692383 0.58176141977310180664 0.47197505831718444824 0.38335794210433959961 0.3326441347599029541 0.3146438896656036377 0.30284258723258972168 0.28042834997177124023 0.26707082986831665039 0.32410144805908203125 0.43477675318717956543 0.56395924091339111328 0.73955708742141723633 0.81202965974807739258 0.77536660432815551758 0.68598788976669311523 0.58356994390487670898 0.53640949726104736328 0.48486572504043579102 0.38604125380516052246 0.22747689485549926758 0.032247141003608703613 -0.15754057466983795166 -0.24976292252540588379 -0.286418914794921875 -0.27272891998291015625 -0.20593184232711791992 -0.14115549623966217041 -0.10134228318929672241 -0.063151307404041290283 -0.029122034087777137756 0.061914291232824325562 0.16228319704532623291 0.23680947721004486084 0.29705628752708435059 0.33132135868072509766 0.34626811742782592773 0.36396655440330505371 0.36336290836334228516 0.34565269947052001953 0.32481119036674499512 0.32331863045692443848
0.75164842605590820313 0.68105512857437133789 0.59234368801116943359 0.53154045343399047852 0.50105744600296020508 0.49346029758453369141 0.49573802947998046875 0.4828898012638092041 0.46047320961952209473 0.50555634498596191406 0.60757106542587280273 0.70351415872573852539 0.79609024524688720703 0.80966937541961669922 0.74066060781478881836 0.61860603094100952148 0.48628753423690795898 0.43351292610168457031 0.40223532915115356445 0.32665270566940307617 0.19701984524726867676 0.028623040765523910522 -0.14754305779933929443 -0.24014502763748168945 -0.2748533785343170166 -0.27267703413963317871 -0.23587487637996673584 -0.18804006278514862061 -0.13996711373329162598 -0.080012679100036621094 -0.030291555449366569519 0.080551162362098693848 0.1814270317554473877 0.24908001720905303955 0.30284729599952697754 0.33679640293121337891 0.35194358229637145996 0.36932134628295898438 0.36469277739524841309 0.34271946549415588379 0.31846842169761657715 0.29631119966506958008
0.85248655080795288086 0.80597221851348876953 0.74684303998947143555 0.71357065439224243164 0.70452809333801269531 0.70807671546936035156 0.72188228368759155273 0.7223160862922668457 0.70483934879302978516 0.72280657291412353516 0.7673638463020324707 0.78954941034317016602 0.80000436305999755859 0.78797197341918945313 0.68906259536743164063 0.54223352670669555664 0.38677453994750976563 0.31749695539474487305 0.2658494412899017334 0.21441645920276641846 0.13129797577857971191 -0.0057056876830756664276 -0.15695345401763916016 -0.23775647580623626709 -0.26341989636421203613 -0.25586518645286560059 -0.22380946576595306396 -0.18702380359172821045 -0.14468528330326080322 -0.080757781863212585449 -0.026136927306652069092 0.092736817896366119385 0.19344761967658996582 0.25657814741134643555 0.30885288119316101074 0.34668782353401184082 0.36173126101493835449 0.3749968111515045166 0.36158740520477294922 0.33121526241302490234 0.30759376287460327148 0.29009339213371276855
0.98303663730621337891 0.96281760931015014648 0.92763537168502807617 0.90909516811370849609 0.91409623622894287109 0.92545664310455322266 0.94269996881484985352 0.95203024148941040039 0.93976676464080810547 0.90542387962341308594 0.87192749977111816406 0.83511120080947875977 0.79387378692626953125 0.74602717161178588867 0.61755442619323730469 0.45381918549537658691 0.26893827319145202637 0.17224535346031188965 0.0910909995436668396 0.059113100171089172363 0.022876827046275138855 -0.066980548202991485596 -0.16523912549018859863 -0.21339696645736694336 -0.2328449636697769165 -0.2313311845064163208 -0.20879198610782623291 -0.18076121807098388672 -0.14440704882144927979 -0.086640752851963043213 -0.032295774668455123901 0.087337210774421691895 0.18361751735210418701 0.2485541999340057373 0.30782720446586608887 0.34764984250068664551 0.36387458443641662598 0.37547311186790466309 0.36063718795776367188 0.32909312844276428223 0.30486565828323364258 0.29005330801010131836
1.0768364667892456055 1.0593172311782836914 1.0264810323715209961 1.0108858346939086914 1.0188956260681152344 1.0315953493118286133 1.0489306449890136719 1.0637477636337280273 1.0565820932388305664 1.0035904645919799805 0.9458548426628112793 0.89731502532958984375 0.8298931121826171875 0.72964447736740112305 0.57152342796325683594 0.38581487536430358887 0.17936857044696807861 0.07410701364278793335 -0.014936883002519607544 -0.05041391029953956604 -0.070168435573577880859 -0.11810933798551559448 -0.17582848668098449707 -0.20525276660919189453 -0.21684658527374267578 -0.21859143674373626709 -0.20149663090705871582 -0.17843396961688995361 -0.14865599572658538818 -0.097517766058444976807 -0.046709641814231872559 0.06731624901294708252 0.16226197779178619385 0.23029458522796630859 0.29463708400726318359 0.33584854006767272949 0.35513147711753845215 0.37196218967437744141 0.36349731683731079102 0.33614328503608703613 0.31121787428855895996 0.29831069707870483398
1.1332280635833740234 1.1270456314086914063 1.1014977693557739258 1.0928772687911987305 1.1036953926086425781 1.1161073446273803711 1.1389979124069213867 1.1579105854034423828 1.1505751609802246094 1.0841388702392578125 1.0070801973342895508 0.94856172800064086914 0.85459923744201660156 0.71865898370742797852 0.53178328275680541992 0.32712194323539733887 0.11296056210994720459 0.0050274925306439399719 -0.095612578094005584717 -0.13429635763168334961 -0.13968652486801147461 -0.15775750577449798584 -0.18723602592945098877 -0.2022841721773147583 -0.21056748926639556885 -0.21253161132335662842 -0.20030824840068817139 -0.18295642733573913574 -0.15819370746612548828 -0.11474225670099258423 -0.065834604203701019287 0.047578234225511550903 0.14507521688938140869 0.21315498650074005127 0.27628549933433532715 0.31895178556442260742 0.34255206584930419922 0.37026450037956237793 0.37468558549880981445 0.35843017697334289551 0.34117975831031799316 0.32925111055374145508
1.1460881233215332031 1.16474151611328125 1.1536357402801513672 1.1504572629928588867 1.1630296707153320313 1.1720485687255859375 1.189671635627746582 1.2075043916702270508 1.1988486051559448242 1.1171283721923828125 1.0265305042266845703 0.96412158012390136719 0.84755384922027587891 0.68835759162902832031 0.49221530556678771973 0.29083141684532165527 0.085927188396453857422 -0.024741047993302345276 -0.13338620960712432861 -0.16922162473201751709 -0.17161726951599121094 -0.1778704226016998291 -0.19313314557075500488 -0.20118302106857299805 -0.2069339454174041748 -0.20708957314491271973 -0.19752591848373413086 -0.1826781928539276123 -0.16063885390758514404 -0.12158960849046707153 -0.071050286293029785156 0.043895184993743896484 0.14317473769187927246 0.20624396204948425293 0.26230078935623168945 0.30419838428497314453 0.3289375007152557373 0.36114647984504699707 0.38111087679862976074 0.38383424282073974609 0.37886378169059753418 0.37256345152854919434
1.1469110250473022461 1.1890845298767089844 1.1878961324691772461 1.182659149169921875 1.1834750175476074219 1.1815391778945922852 1.1774765253067016602 1.1719872951507568359 1.1535060405731201172 1.0831061601638793945 1.0051938295364379883 0.94809490442276000977 0.82487314939498901367 0.65572655200958251953 0.47483992576599121094 0.29334494471549987793 0.10189726948738098145 -0.0051185693591833114624 -0.11617586016654968262 -0.15860399603843688965 -0.16949515044689178467 -0.1766160130500793457 -0.18715113401412963867 -0.19273936748504638672 -0.19559007883071899414 -0.19312606751918792725 -0.18426977097988128662 -0.17019073665142059326 -0.14854988455772399902 -0.1204130128026008606 -0.055431529879570007324 0.056764628738164901733 0.14956466853618621826 0.20527486503124237061 0.25025895237922668457 0.28428351879119873047 0.30671662092208862305 0.33965417742729187012 0.37220034003257751465 0.39013221859931945801 0.39610242843627929688 0.39956381916999816895
1.1356378793716430664 1.1989570856094360352 1.2055450677871704102 1.1918762922286987305 1.1715511083602905273 1.1476372480392456055 1.0874871015548706055 1.017360687255859375 0.97659015655517578125 0.95670592784881591797 0.93578189611434936523 0.90431094169616699219 0.80582839250564575195 0.65054148435592651367 0.49661752581596374512 0.33443379402160644531 0.15337267518043518066 0.05480756610631942749 -0.057838950306177139282 -0.1231835484504699707 -0.14782601594924926758 -0.15998101234436035156 -0.16952815651893615723 -0.17417323589324951172 -0.17596995830535888672 -0.17121405899524688721 -0.16091473400592803955 -0.14692293107509613037 -0.12565699219703674316 -0.10360587388277053833 -0.026391582563519477844 0.081645235419273376465 0.1605383455753326416 0.20639723539352416992 0.23998086154460906982 0.26411402225494384766 0.28024208545684814453 0.30710333585739135742 0.33769476413726806641 0.36013257503509521484 0.37702226638793945313 0.39589491486549377441
1.1146194934844970703 1.1923360824584960938 1.212300419807434082 1.1799664497375488281 1.1323368549346923828 1.0638868808746337891 0.96237432956695556641 0.8647759556770324707 0.81999701261520385742 0.84363973140716552734 0.86427843570709228516 0.85391074419021606445 0.78623181581497192383 0.64401715993881225586 0.50859093666076660156 0.36050748825073242188 0.18504875898361206055 0.088499657809734344482 -0.025922358036041259766 -0.10218641161918640137 -0.13057793676853179932 -0.14405807852745056152 -0.15275166928768157959 -0.15734015405178070068 -0.15723404288291931152 -0.15131805837154388428 -0.13996003568172454834 -0.12656478583812713623 -0.10561951994895935059 -0.082771427929401397705 -0.0046446309424936771393 0.099489852786064147949 0.16802470386028289795 0.20804540812969207764 0.23585689067840576172 0.25444188714027404785 0.26621490716934204102 0.28519603610038757324 0.30620968341827392578 0.32292956113815307617 0.34210169315338134766 0.37168866395950317383
1.1384909152984619141 1.2064810991287231445 1.212604522705078125 1.1510655879974365234 1.0727902650833129883 0.97754979133605957031 0.86393654346466064453 0.77257245779037475586 0.74856668710708618164 0.78067660331726074219 0.79049962759017944336 0.77433621883392333984 0.70682233572006225586 0.58402973413467407227 0.47740766406059265137 0.35083064436912536621 0.19144812226295471191 0.10248910635709762573 -0.015653686597943305969 -0.09232330322265625 -0.11733123660087585449 -0.12733818590641021729 -0.13602469861507415771 -0.13959220051765441895 -0.14034673571586608887 -0.13396625220775604248 -0.12037057429552078247 -0.10537666082382202148 -0.080649316310882568359 -0.056393556296825408936 0.013742306269705295563 0.10932467132806777954 0.1693191826343536377 0.2053715437650680542 0.23269729316234588623 0.25224667787551879883 0.26386171579360961914 0.27995204925537109375 0.29662480950355529785 0.30953195691108703613 0.32507055997848510742 0.35026240348815917969
1.1905817985534667969 1.2530709505081176758 1.2076953649520874023 1.105385899543762207 1.0100841522216796875 0.89705097675323486328 0.7876135706901550293 0.71796107292175292969 0.6912695765495300293 0.68776339292526245117 0.67360419034957885742 0.64527159929275512695 0.56146931648254394531 0.4591763615608215332 0.38917490839958190918 0.29440128803253173828 0.1732451021671295166 0.10429054498672485352 -4.6717457735212519765e-05 -0.077591113746166229248 -0.10371197760105133057 -0.11109693348407745361 -0.11718032509088516235 -0.12041065841913223267 -0.12102842330932617188 -0.11398536711931228638 -0.098142609000205993652 -0.078421093523502349854 -0.048334237188100814819 -0.024092625826597213745 0.033020533621311187744 0.10703986138105392456 0.16335840523242950439 0.20194314420223236084 0.23097603023052215576 0.24894325435161590576 0.26190701127052307129 0.28113570809364318848 0.29713410139083862305 0.31000825762748718262 0.3245989680290222168 0.3448085784912109375
1.2350707054138183594 1.2997881174087524414 1.2258961200714111328 1.0797154903411865234 0.97252279520034790039 0.85875862836837768555 0.75058740377426147461 0.67241340875625610352 0.6130555272102355957 0.57317632436752319336 0.54148137569427490234 0.50928419828414916992 0.42481696605682373047 0.33560568094253540039 0.28081032633781433105 0.21557655930519104004 0.13612225651741027832 0.088289804756641387939 0.006338487379252910614 -0.058621775358915328979 -0.082950629293918609619 -0.090896770358085632324 -0.097121633589267730713 -0.10026000440120697021 -0.098857052624225616455 -0.090785950422286987305 -0.074108488857746124268 -0.051529198884963989258 -0.021781878545880317688 -0.00074701500125229358673 0.046677514910697937012 0.10842631012201309204 0.16162770986557006836 0.20227797329425811768 0.23323018848896026611 0.2509168088436126709 0.26452898979187011719 0.28450751304626464844 0.29983389377593994141 0.31343430280685424805 0.32935249805450439453 0.34870618581771850586
