INPUT/RASTER/ASCII_standard/BIO09.asc
ncols        225
nrows        269
xllcorner    473009.983799999987
yllcorner    4429051.174800000153
cellsize     50.000000000000
NODATA_value  -9999
[rows 216 to 233 of 269, columns 42 to 83 of 225]
0.40764328837394714355 0.40345489978790283203 0.3947270810604095459 0.3833904564380645752 0.37196609377861022949 0.36098849773406982422 0.34986731410026550293 0.34417906403541564941 0.34298238158226013184 0.33900937438011169434 0.33249941468238830566 0.33471727371215820313 0.33777278661727905273 0.33431038260459899902 0.34153836965560913086 0.38856813311576843262 0.4768117368221282959 0.56928366422653198242 0.64447540044784545898 0.71144199371337890625 0.74530816078186035156 0.78551679849624633789 0.8268184661865234375 0.83324861526489257813 0.83602494001388549805 0.85016179084777832031 0.85547506809234619141 0.86051714420318603516 0.8696358799934387207 0.88586294651031494141 0.90790587663650512695 0.92452383041381835938 0.93294852972030639648 0.94106203317642211914 0.95144128799438476563 0.95829433202743530273 0.95972239971160888672 0.96048027276992797852 0.96161311864852905273 0.96401447057723999023 0.96780401468276977539 0.96792364120483398438
0.3994579613208770752 0.39594769477844238281 0.39270865917205810547 0.38286393880844116211 0.36498543620109558105 0.34883019328117370605 0.33976727724075317383 0.33601766824722290039 0.33664792776107788086 0.33769303560256958008 0.34183356165885925293 0.35204526782035827637 0.35038587450981140137 0.33928063511848449707 0.34092408418655395508 0.37529289722442626953 0.4508915245532989502 0.53965371847152709961 0.62663680315017700195 0.70428580045700073242 0.742420196533203125 0.78634655475616455078 0.83580154180526733398 0.84887737035751342773 0.85715043544769287109 0.87635326385498046875 0.88230478763580322266 0.88688409328460693359 0.89020287990570068359 0.89389669895172119141 0.90249687433242797852 0.91258889436721801758 0.92053490877151489258 0.93218266963958740234 0.94913572072982788086 0.96144562959671020508 0.96554625034332275391 0.96622437238693237305 0.96619248390197753906 0.96856987476348876953 0.97377145290374755859 0.97668343782424926758
0.39808577299118041992 0.39303576946258544922 0.38762673735618591309 0.38096517324447631836 0.3629989326000213623 0.34194523096084594727 0.33044907450675964355 0.32638832926750183105 0.32410663366317749023 0.33447793126106262207 0.37181451916694641113 0.39884367585182189941 0.3836218416690826416 0.35713517665863037109 0.35407167673110961914 0.37615451216697692871 0.44278597831726074219 0.53797835111618041992 0.64956533908843994141 0.73758554458618164063 0.77759474515914916992 0.81608015298843383789 0.85497248172760009766 0.86536771059036254883 0.87814033031463623047 0.89744687080383300781 0.90466684103012084961 0.90942168235778808594 0.90678101778030395508 0.89755851030349731445 0.89262020587921142578 0.90265643596649169922 0.914623260498046875 0.93126517534255981445 0.95106637477874755859 0.96332842111587524414 0.96603292226791381836 0.96559411287307739258 0.96801942586898803711 0.97212004661560058594 0.97824710607528686523 0.98234772682189941406
0.3993702232837677002 0.39739170670509338379 0.38635027408599853516 0.37705600261688232422 0.36581513285636901855 0.34778508543968200684 0.32906094193458557129 0.31916034221649169922 0.32098728418350219727 0.35888233780860900879 0.44395074248313903809 0.49418762326240539551 0.47654846310615539551 0.43873319029808044434 0.43235886096954345703 0.4494794309139251709 0.50582736730575561523 0.59723824262619018555 0.71586173772811889648 0.79347079992294311523 0.82558983564376831055 0.85719031095504760742 0.87496513128280639648 0.88065338134765625 0.89773404598236083984 0.91256499290466308594 0.91846865415573120117 0.92386168241500854492 0.92392551898956298828 0.9136340022087097168 0.90481042861938476563 0.91336274147033691406 0.92480307817459106445 0.94004088640213012695 0.95708167552947998047 0.96642380952835083008 0.96705406904220581055 0.96454101800918579102 0.96725350618362426758 0.97274231910705566406 0.98036122322082519531 0.98586595058441162109
0.40114131569862365723 0.39848467707633972168 0.39110511541366577148 0.37786975502967834473 0.36733093857765197754 0.35403177142143249512 0.33430242538452148438 0.32003790140151977539 0.32957950234413146973 0.40162795782089233398 0.51810538768768310547 0.58717811107635498047 0.59136652946472167969 0.56536650657653808594 0.56217533349990844727 0.58216798305511474609 0.62070924043655395508 0.68393415212631225586 0.7683563232421875 0.82335603237152099609 0.84767270088195800781 0.87728667259216308594 0.88946896791458129883 0.89617037773132324219 0.90822499990463256836 0.9178383946418762207 0.92261713743209838867 0.92879205942153930664 0.93191140890121459961 0.92651832103729248047 0.91895526647567749023 0.92312771081924438477 0.930515289306640625 0.94249808788299560547 0.95834219455718994141 0.96760457754135131836 0.96900868415832519531 0.96746093034744262695 0.96964687108993530273 0.97420227527618408203 0.98183715343475341797 0.98786044120788574219
-9999 0.39712044596672058105 0.38615879416465759277 0.379154205322265625 0.36694800853729248047 0.35139906406402587891 0.34014225006103515625 0.3331934809684753418 0.34915727376937866211 0.43712165951728820801 0.55642324686050415039 0.63933765888214111328 0.67180770635604858398 0.67061102390289306641 0.67365062236785888672 0.69401025772094726563 0.71973896026611328125 0.75741863250732421875 0.81426119804382324219 0.85242754220962524414 0.86897367238998413086 0.8896763920783996582 0.90125232934951782227 0.90835267305374145508 0.91445571184158325195 0.91982489824295043945 0.92409306764602661133 0.93141674995422363281 0.93634712696075439453 0.93695342540740966797 0.93532592058181762695 0.93783098459243774414 0.94158059358596801758 0.94875276088714599609 0.9602648615837097168 0.9683704376220703125 0.97113877534866333008 0.97211205959320068359 0.97448951005935668945 0.97768062353134155273 0.98397523164749145508 0.98820352554321289063
-9999 -9999 0.37375316023826599121 0.37107259035110473633 0.36212137341499328613 0.35002687573432922363 0.35284307599067687988 0.36166661977767944336 0.38686883449554443359 0.47567090392112731934 0.58808755874633789063 0.67723268270492553711 0.72709459066390991211 0.74332964420318603516 0.7502943873405456543 0.76939350366592407227 0.79154813289642333984 0.81592065095901489258 0.84702646732330322266 0.86737811565399169922 0.87657666206359863281 0.89052999019622802734 0.90255272388458251953 0.91044282913208007813 0.91628265380859375 0.92064660787582397461 0.92464351654052734375 0.93266129493713378906 0.93880432844161987305 0.94225871562957763672 0.94576102495193481445 0.95098656415939331055 0.95395433902740478516 0.95754438638687133789 0.96369540691375732422 0.96934372186660766602 0.97290986776351928711 0.97579783201217651367 0.97837471961975097656 0.9809595942497253418 0.98554688692092895508 0.98537135124206542969
-9999 0.36410787701606750488 0.36323028802871704102 0.36103636026382446289 0.35806858539581298828 0.35712718963623046875 0.37531682848930358887 0.40250551700592041016 0.44520327448844909668 0.52836495637893676758 0.62232875823974609375 0.70196419954299926758 0.75236862897872924805 0.77653372287750244141 0.7860673069953918457 0.80403351783752441406 0.81987768411636352539 0.83218759298324584961 0.84649991989135742188 0.85569846630096435547 0.86221641302108764648 0.87664842605590820313 0.8909289240837097168 0.90031892061233520508 0.91144806146621704102 0.91735970973968505859 0.92035937309265136719 0.92841708660125732422 0.93741613626480102539 0.94313633441925048828 0.94777148962020874023 0.95459258556365966797 0.95836615562438964844 0.96127808094024658203 0.96563398838043212891 0.97034895420074462891 0.97444158792495727539 0.97778433561325073242 0.98038518428802490234 0.98285031318664550781 0.98647230863571166992 0.98173344135284423828
0.36469024419784545898 0.36356538534164428711 0.35964822769165039063 0.35582679510116577148 0.35885041952133178711 0.37464669346809387207 0.41043555736541748047 0.45184889435768127441 0.50893080234527587891 0.58938795328140258789 0.65575617551803588867 0.71848642826080322266 0.76446312665939331055 0.79110932350158691406 0.80161625146865844727 0.81659078598022460938 0.82237476110458374023 0.81750822067260742188 0.81940698623657226563 0.82671475410461425781 0.83467668294906616211 0.85263496637344360352 0.86902952194213867188 0.88153892755508422852 0.89723944664001464844 0.90147566795349121094 0.90275216102600097656 0.91270858049392700195 0.92939835786819458008 0.93918722867965698242 0.94268953800201416016 0.95130568742752075195 0.95740878582000732422 0.96138978004455566406 0.96632009744644165039 0.97119462490081787109 0.9756622314453125 0.97924429178237915039 0.98189300298690795898 0.98430228233337402344 0.98798012733459472656 0.98709458112716674805
0.37141564488410949707 0.3624325096607208252 0.35242822766304016113 0.34919714927673339844 0.35857120156288146973 0.39333093166351318359 0.47697928547859191895 0.5442250370979309082 0.59736591577529907227 0.66783475875854492188 0.71264660358428955078 0.74477368593215942383 0.77354198694229125977 0.78364998102188110352 0.78791022300720214844 0.79231399297714233398 0.77420413494110107422 0.74633735418319702148 0.74249196052551269531 0.75431525707244873047 0.76302713155746459961 0.78187090158462524414 0.81186783313751220703 0.84243917465209960938 0.86767327785491943359 0.87952846288681030273 0.88334190845489501953 0.89808505773544311523 0.92627900838851928711 0.94235450029373168945 0.94638329744338989258 0.9514014124870300293 0.95521485805511474609 0.95952296257019042969 0.96636795997619628906 0.97201633453369140625 0.97638821601867675781 0.98000222444534301758 0.98264288902282714844 0.98495650291442871094 0.98886567354202270508 0.99283868074417114258
0.3663177490234375 0.35731068253517150879 0.34868657588958740234 0.34686762094497680664 0.35912168025970458984 0.40769913792610168457 0.51335054636001586914 0.59320139884948730469 0.64475464820861816406 0.71026921272277832031 0.75456255674362182617 0.76794946193695068359 0.77097308635711669922 0.76739901304244995117 0.76411211490631103516 0.75306272506713867188 0.71799981594085693359 0.68321615457534790039 0.67853307723999023438 0.68492341041564941406 0.69154506921768188477 0.71488839387893676758 0.76408815383911132813 0.81592065095901489258 0.85520380735397338867 0.8767681121826171875 0.88566344976425170898 0.90549653768539428711 0.93235814571380615234 0.9476597905158996582 0.95333206653594970703 0.95645940303802490234 0.95771992206573486328 0.96127009391784667969 0.96741306781768798828 0.97255086898803710938 0.9766514897346496582 0.98008197546005249023 0.98253118991851806641 0.98474109172821044922 0.98860239982604980469 0.99307799339294433594
0.36281543970108032227 0.35407167673110961914 0.34531190991401672363 0.34408333897590637207 0.35699954628944396973 0.40867245197296142578 0.51682895421981811523 0.59999859333038330078 0.66306394338607788086 0.72565859556198120117 0.77114063501358032227 0.78214216232299804688 0.7680212855339050293 0.75728303194046020508 0.73963588476181030273 0.71168929338455200195 0.67189550399780273438 0.6411406397819519043 0.64347022771835327148 0.65266871452331542969 0.6581974029541015625 0.683040618896484375 0.74194151163101196289 0.80699336528778076172 0.85580217838287353516 0.88236862421035766602 0.89411211013793945313 0.91554075479507446289 0.93703323602676391602 0.94935113191604614258 0.9556058049201965332 0.95942717790603637695 0.96130198240280151367 0.96416604518890380859 0.96863371133804321289 0.97291785478591918945 0.97677117586135864258 0.97967511415481567383 0.98159778118133544922 0.98429435491561889648 0.98819553852081298828 0.99248766899108886719
0.35719901323318481445 0.34938862919807434082 0.3401502072811126709 0.33764514327049255371 0.34915727376937866211 0.39692100882530212402 0.50518119335174560547 0.59398323297500610352 0.6639893651008605957 0.7298310399055480957 0.77364569902420043945 0.78552478551864624023 0.76268404722213745117 0.74245208501815795898 0.70612072944641113281 0.6626650691032409668 0.62374883890151977539 0.6049289703369140625 0.62881481647491455078 0.65874791145324707031 0.67058712244033813477 0.69862943887710571289 0.75303876399993896484 0.81385433673858642578 0.86019802093505859375 0.88661283254623413086 0.89955300092697143555 0.92102950811386108398 0.9396260380744934082 0.95012497901916503906 0.95598870515823364258 0.95976227521896362305 0.96229922771453857422 0.96518725156784057617 0.96908044815063476563 0.9731013178825378418 0.97693073749542236328 0.97948366403579711914 0.98115903139114379883 0.98421454429626464844 0.98803597688674926758 0.99226427078247070313
0.3533057868480682373 0.34635701775550842285 0.33765313029289245605 0.33558684587478637695 0.34373229742050170898 0.38505783677101135254 0.49050182104110717773 0.58067607879638671875 0.6543839573860168457 0.73090803623199462891 0.77108478546142578125 0.78009980916976928711 0.74942475557327270508 0.71683502197265625 0.6576150059700012207 0.60299032926559448242 0.57154142856597900391 0.57564204931259155273 0.62907809019088745117 0.68587279319763183594 0.71377152204513549805 0.7507889866828918457 0.79117316007614135742 0.83578562736511230469 0.86874234676361083984 0.89132779836654663086 0.9050896763801574707 0.92631888389587402344 0.94289696216583251953 0.95145726203918457031 0.95594882965087890625 0.9588527679443359375 0.96133393049240112305 0.96447724103927612305 0.96872943639755249023 0.97304546833038330078 0.97685092687606811523 0.97965914011001586914 0.9812946319580078125 0.98410284519195556641 0.98808383941650390625 0.99224829673767089844
0.34878230094909667969 0.34193727374076843262 0.33589002490043640137 0.33734998106956481934 0.34771326184272766113 0.38920634984970092773 0.48967212438583374023 0.57328855991363525391 0.64567208290100097656 0.7254511713981628418 0.75430727005004882813 0.74281907081604003906 0.70497190952301025391 0.67093813419342041016 0.59923273324966430664 0.5444723963737487793 0.53136467933654785156 0.56478410959243774414 0.64604705572128295898 0.71993845701217651367 0.75811272859573364258 0.80404150485992431641 0.83570581674575805664 0.86658829450607299805 0.88981997966766357422 0.90635019540786743164 0.91724002361297607422 0.93408936262130737305 0.94688594341278076172 0.95266991853713989258 0.95563769340515136719 0.95835816860198974609 0.96076750755310058594 0.96368741989135742188 0.96824276447296142578 0.97300559282302856445 0.97691476345062255859 0.98008996248245239258 0.98190093040466308594 0.98450970649719238281 0.98805987834930419922 0.991729736328125
0.34328553080558776855 0.34027785062789916992 0.33934444189071655273 0.34480932354927062988 0.36369302868843078613 0.41442450881004333496 0.51109278202056884766 0.5834763646125793457 0.64323085546493530273 0.70161318778991699219 0.69857358932495117188 0.65861225128173828125 0.62239259481430053711 0.60521614551544189453 0.57125419378280639648 0.53680562973022460938 0.53738003969192504883 0.58803170919418334961 0.68224281072616577148 0.75979608297348022461 0.80104184150695800781 0.84883743524551391602 0.87457418441772460938 0.89581137895584106445 0.9176070094108581543 0.92902338504791259766 0.93478345870971679688 0.94272148609161376953 0.94946277141571044922 0.95299702882766723633 0.95594084262847900391 0.95910012722015380859 0.96117436885833740234 0.96346402168273925781 0.96733331680297851563 0.97255885601043701172 0.97729772329330444336 0.98074418306350708008 0.98264288902282714844 0.98482882976531982422 0.98715841770172119141 0.99030166864395141602
0.33912903070449829102 0.33975929021835327148 0.34433063864707946777 0.35786116123199462891 0.38864791393280029297 0.45406672358512878418 0.54782307147979736328 0.61088842153549194336 0.6522299647331237793 0.67096209526062011719 0.63511735200881958008 0.58541500568389892578 0.57250672578811645508 0.58539104461669921875 0.60525602102279663086 0.60106766223907470703 0.59909707307815551758 0.63380897045135498047 0.71437782049179077148 0.79301607608795166016 0.83604890108108520508 0.88108414411544799805 0.90317499637603759766 0.91645818948745727539 0.92845696210861206055 0.93720871210098266602 0.94097429513931274414 0.94589668512344360352 0.95023667812347412109 0.95283746719360351563 0.95594882965087890625 0.95918786525726318359 0.96087121963500976563 0.96244287490844726563 0.96478039026260375977 0.9694474339485168457 0.97551864385604858398 0.9803053736686706543 0.98271471261978149414 0.98423850536346435547 0.9859377741813659668 0.9892406463623046875
0.33731007575988769531 0.33733400702476501465 0.34367644786834716797 0.36011093854904174805 0.3989473879337310791 0.47705107927322387695 0.57267427444458007813 0.6316070556640625 0.66375803947448730469 0.66039133071899414063 0.61316215991973876953 0.58527135848999023438 0.59471720457077026367 0.61315417289733886719 0.64106887578964233398 0.6458556056022644043 0.64151561260223388672 0.66194701194763183594 0.7280120849609375 0.80736827850341796875 0.85038518905639648438 0.89437532424926757813 0.91467112302780151367 0.92639869451522827148 0.93487119674682617188 0.94057542085647583008 0.94298475980758666992 0.94647109508514404297 0.94978189468383789063 0.95247846841812133789 0.95619612932205200195 0.95941919088363647461 0.96075153350830078125 0.9616610407829284668 0.96274602413177490234 0.96639990806579589844 0.97252690792083740234 0.97827899456024169922 0.98134249448776245117 0.98289024829864501953 0.98447781801223754883 0.9886582493782043457
