INPUT/RASTER/ASCII_standard/BIO02.asc
ncols        225
nrows        269
xllcorner    473009.983799999987
yllcorner    4429051.174800000153
cellsize     50.000000000000
NODATA_value  -9999
[rows 108 to 125 of 269, columns 84 to 125 of 225]
-1.0429831743240356445 -1.0529664754867553711 -1.0982924699783325195 -1.0929046869277954102 -1.0658878087997436523 -1.0435348749160766602 -1.0685098171234130859 -1.1543847322463989258 -1.1848771572113037109 -1.1743066310882568359 -1.1250995397567749023 -0.98537480831146240234 -0.885944366455078125 -0.77196562290191650391 -0.71211493015289306641 -0.6674798130989074707 -0.63579899072647094727 -0.60736978054046630859 -0.586650848388671875 -0.56387114524841308594 -0.55892664194107055664 -0.57489669322967529297 -0.58024680614471435547 -0.57483774423599243164 -0.56732076406478881836 -0.53938668966293334961 -0.49219557642936706543 -0.44831261038780212402 -0.3790232241153717041 -0.26951509714126586914 -0.2226871103048324585 -0.19761079549789428711 -0.16453176736831665039 -0.13180875778198242188 -0.1316413581371307373 -0.18295642733573913574 -0.23724481463432312012 -0.25865694880485534668 -0.27253556251525878906 -0.26180946826934814453 -0.24050107598304748535 -0.2266248166561126709
-0.97776353359222412109 -1.0217454433441162109 -1.0835886001586914063 -1.0904784202575683594 -1.0758075714111328125 -1.0714737176895141602 -1.1006103754043579102 -1.1445474624633789063 -1.1499896049499511719 -1.1230528354644775391 -1.0460884571075439453 -0.92962217330932617188 -0.86651760339736938477 -0.7961883544921875 -0.74330294132232666016 -0.69867485761642456055 -0.66871297359466552734 -0.65328288078308105469 -0.64035445451736450195 -0.62472158670425415039 -0.62501633167266845703 -0.63206410408020019531 -0.62872529029846191406 -0.62021327018737792969 -0.61024403572082519531 -0.57894760370254516602 -0.54203927516937255859 -0.51553881168365478516 -0.4840348660945892334 -0.41783434152603149414 -0.37343737483024597168 -0.31871277093887329102 -0.222962990403175354 -0.14691822230815887451 -0.10815662890672683716 -0.12805262207984924316 -0.18040046095848083496 -0.21438021957874298096 -0.2459926307201385498 -0.24526640772819519043 -0.22512046992778778076 -0.20989312231540679932
-0.95204818248748779297 -0.9934482574462890625 -1.0430326461791992188 -1.0496466159820556641 -1.0431481599807739258 -1.0470622777938842773 -1.0750435590744018555 -1.1008484363555908203 -1.0988041162490844727 -1.070292353630065918 -1.0183501243591308594 -0.94175833463668823242 -0.89231306314468383789 -0.82396215200424194336 -0.76864802837371826172 -0.72705698013305664063 -0.69979959726333618164 -0.68926215171813964844 -0.6780974268913269043 -0.66309648752212524414 -0.66382741928100585938 -0.66418111324310302734 -0.65513855218887329102 -0.64318394660949707031 -0.63051259517669677734 -0.59906047582626342773 -0.56991207599639892578 -0.55278193950653076172 -0.53741544485092163086 -0.49871751666069030762 -0.46625861525535583496 -0.40632304549217224121 -0.27177631855010986328 -0.17659008502960205078 -0.12466195970773696899 -0.12816108763217926025 -0.17922386527061462402 -0.21077969670295715332 -0.23742637038230895996 -0.23583714663982391357 -0.21544127166271209717 -0.19762258231639862061
-0.94047087430953979492 -0.96981263160705566406 -1.0029813051223754883 -1.0120521783828735352 -1.0181261301040649414 -1.0197365283966064453 -1.0308777093887329102 -1.0458856821060180664 -1.0461592674255371094 -1.0336410999298095703 -1.0127524137496948242 -0.96273660659790039063 -0.91957515478134155273 -0.84845602512359619141 -0.79234737157821655273 -0.75285482406616210938 -0.72602421045303344727 -0.7127539515495300293 -0.70090544223785400391 -0.68689477443695068359 -0.68815624713897705078 -0.68697732686996459961 -0.67623943090438842773 -0.65895831584930419922 -0.64221012592315673828 -0.60825866460800170898 -0.58234769105911254883 -0.5674292445182800293 -0.55157464742660522461 -0.52711850404739379883 -0.5040416717529296875 -0.45338681340217590332 -0.3245391547679901123 -0.20555222034454345703 -0.14140072464942932129 -0.14777885377407073975 -0.19975648820400238037 -0.22904637455940246582 -0.24297922849655151367 -0.23339435458183288574 -0.20755879580974578857 -0.18392552435398101807
-0.93274641036987304688 -0.95646452903747558594 -0.98114943504333496094 -0.99680358171463012695 -1.0060489177703857422 -1.0042121410369873047 -1.0021395683288574219 -1.0050444602966308594 -0.99345773458480834961 -0.99902945756912231445 -0.99856024980545043945 -0.96302425861358642578 -0.92891478538513183594 -0.86703395843505859375 -0.81807678937911987305 -0.78170615434646606445 -0.75410211086273193359 -0.73759442567825317383 -0.72390919923782348633 -0.71304392814636230469 -0.71584516763687133789 -0.71199232339859008789 -0.70094317197799682617 -0.68068170547485351563 -0.65944880247116088867 -0.6224155426025390625 -0.60166126489639282227 -0.58268958330154418945 -0.5602824091911315918 -0.53746497631072998047 -0.51875734329223632813 -0.48048856854438781738 -0.3720226287841796875 -0.22983627021312713623 -0.14592789113521575928 -0.15844129025936126709 -0.19798806309700012207 -0.24541494250297546387 -0.25325497984886169434 -0.23862183094024658203 -0.20357394218444824219 -0.15724112093448638916
-0.92373919486999511719 -0.94212377071380615234 -0.96989989280700683594 -0.99332332611083984375 -1.0013920068740844727 -0.99967789649963378906 -0.99573779106140136719 -0.9770514369010925293 -0.96578299999237060547 -0.98401433229446411133 -0.98557287454605102539 -0.95906531810760498047 -0.93086951971054077148 -0.88196891546249389648 -0.84320026636123657227 -0.81039005517959594727 -0.78344625234603881836 -0.76683479547500610352 -0.75421530008316040039 -0.74173021316528320313 -0.74255549907684326172 -0.73673379421234130859 -0.72652643918991088867 -0.70437628030776977539 -0.68397098779678344727 -0.6499087214469909668 -0.62696868181228637695 -0.60260915756225585938 -0.57067841291427612305 -0.54250615835189819336 -0.52442574501037597656 -0.48796314001083374023 -0.38594603538513183594 -0.23709626495838165283 -0.15396364033222198486 -0.1707236170768737793 -0.2037248462438583374 -0.25010716915130615234 -0.25271973013877868652 -0.23754897713661193848 -0.20408795773983001709 -0.14016282558441162109
-0.90987002849578857422 -0.91648155450820922852 -0.95556145906448364258 -0.99157136678695678711 -1.0052118301391601563 -1.0063672065734863281 -0.98751580715179443359 -0.95502388477325439453 -0.96299594640731811523 -0.97236156463623046875 -0.96993523836135864258 -0.94826614856719970703 -0.9263541102409362793 -0.88998109102249145508 -0.85757875442504882813 -0.82764047384262084961 -0.80366528034210205078 -0.78806775808334350586 -0.77027499675750732422 -0.75184798240661621094 -0.74803763628005981445 -0.74475306272506713867 -0.73858946561813354492 -0.7299925684928894043 -0.71656197309494018555 -0.68293821811676025391 -0.65327107906341552734 -0.62409204244613647461 -0.58073955774307250977 -0.5450833439826965332 -0.52695107460021972656 -0.49048137664794921875 -0.38720044493675231934 -0.25001287460327148438 -0.16968613862991333008 -0.17147578299045562744 -0.19451722502708435059 -0.23391073942184448242 -0.24246285855770111084 -0.22955568134784698486 -0.19350568950176239014 -0.13112732768058776855
-0.93126565217971801758 -0.92030137777328491211 -0.95408540964126586914 -0.99006706476211547852 -0.99443155527114868164 -0.98870182037353515625 -0.96572405099868774414 -0.95844286680221557617 -0.96086204051971435547 -0.95751851797103881836 -0.94523388147354125977 -0.92512094974517822266 -0.90965545177459716797 -0.88293802738189697266 -0.85589760541915893555 -0.83237278461456298828 -0.81124120950698852539 -0.79460859298706054688 -0.7699496150016784668 -0.74030131101608276367 -0.72962003946304321289 -0.73306488990783691406 -0.74283605813980102539 -0.74881100654602050781 -0.74237394332885742188 -0.71362870931625366211 -0.67765653133392333984 -0.64287745952606201172 -0.60084545612335205078 -0.56716513633728027344 -0.54914128780364990234 -0.50965112447738647461 -0.40507099032402038574 -0.27887362241744995117 -0.19487562775611877441 -0.17603833973407745361 -0.18743172287940979004 -0.21927757561206817627 -0.23015931248664855957 -0.21078912913799285889 -0.16205124557018280029 -0.10303525626659393311
-0.96097522974014282227 -0.94424116611480712891 -0.95461362600326538086 -0.98113769292831420898 -0.9618924260139465332 -0.94430011510848999023 -0.94070905447006225586 -0.94743615388870239258 -0.94365644454956054688 -0.93016451597213745117 -0.90842223167419433594 -0.88789671659469604492 -0.87490934133529663086 -0.8536198735237121582 -0.83647555112838745117 -0.82142972946166992188 -0.79502356052398681641 -0.77617448568344116211 -0.75329571962356567383 -0.72005164623260498047 -0.70569437742233276367 -0.71746265888214111328 -0.74587303400039672852 -0.76628780364990234375 -0.76571953296661376953 -0.74341374635696411133 -0.70557880401611328125 -0.66634804010391235352 -0.62826788425445556641 -0.59046357870101928711 -0.56585413217544555664 -0.51393073797225952148 -0.41331186890602111816 -0.29877668619155883789 -0.21136681735515594482 -0.17984163761138916016 -0.18212644755840301514 -0.20024457573890686035 -0.20758473873138427734 -0.1857411116361618042 -0.14361007511615753174 -0.10594020038843154907
-0.96082198619842529297 -0.96790039539337158203 -0.95741951465606689453 -0.95388972759246826172 -0.92540150880813598633 -0.90872406959533691406 -0.90987002849578857422 -0.91946196556091308594 -0.91261696815490722656 -0.89387160539627075195 -0.87124520540237426758 -0.852016448974609375 -0.83779126405715942383 -0.81800371408462524414 -0.8082396388053894043 -0.79151970148086547852 -0.76105797290802001953 -0.74617248773574829102 -0.73052310943603515625 -0.6989224553108215332 -0.68732631206512451172 -0.7057698369026184082 -0.74262386560440063477 -0.77785331010818481445 -0.78423613309860229492 -0.77033865451812744141 -0.73659467697143554688 -0.69340968132019042969 -0.64499247074127197266 -0.59464651346206665039 -0.56369191408157348633 -0.51036792993545532227 -0.41898736357688903809 -0.3178780674934387207 -0.23332361876964569092 -0.18911054730415344238 -0.17962470650672912598 -0.17643210291862487793 -0.17238830029964447021 -0.15612347424030303955 -0.13464060425758361816 -0.11919869482517242432
-0.949428558349609375 -0.97301232814788818359 -0.95655179023742675781 -0.91658061742782592773 -0.90070486068725585938 -0.89214330911636352539 -0.89313596487045288086 -0.89667046070098876953 -0.88613772392272949219 -0.86253744363784790039 -0.84117013216018676758 -0.82721841335296630859 -0.81148171424865722656 -0.79533243179321289063 -0.78751128911972045898 -0.76985764503479003906 -0.74716281890869140625 -0.73517054319381713867 -0.71768903732299804688 -0.68820816278457641602 -0.68415725231170654297 -0.70479363203048706055 -0.74156045913696289063 -0.7902157902717590332 -0.80520266294479370117 -0.79814308881759643555 -0.76393222808837890625 -0.71530044078826904297 -0.65783363580703735352 -0.60259264707565307617 -0.56946408748626708984 -0.51980900764465332031 -0.43202421069145202637 -0.34419462084770202637 -0.26730102300643920898 -0.20804923772811889648 -0.18359777331352233887 -0.16396114230155944824 -0.15366181731224060059 -0.14347803592681884766 -0.13803835213184356689 -0.13343100249767303467
-0.93185508251190185547 -0.9511852264404296875 -0.93049460649490356445 -0.89716559648513793945 -0.88418537378311157227 -0.88072156906127929688 -0.88435983657836914063 -0.88648903369903564453 -0.87251138687133789063 -0.84522098302841186523 -0.82411539554595947266 -0.814754486083984375 -0.80005532503128051758 -0.78983384370803833008 -0.78259742259979248047 -0.77111911773681640625 -0.7516829371452331543 -0.73567748069763183594 -0.71706181764602661133 -0.69175207614898681641 -0.69256788492202758789 -0.71470153331756591797 -0.74718874692916870117 -0.80300033092498779297 -0.82473552227020263672 -0.82225501537322998047 -0.78536325693130493164 -0.73215949535369873047 -0.67194569110870361328 -0.62101024389266967773 -0.59074652194976806641 -0.5415630340576171875 -0.45625403523445129395 -0.37432157993316650391 -0.29980000853538513184 -0.2316188514232635498 -0.19925190508365631104 -0.16996908187866210938 -0.15470637381076812744 -0.14381285011768341064 -0.14299702644348144531 -0.14413824677467346191
-0.89979231357574462891 -0.90232002735137939453 -0.90042191743850708008 -0.88813012838363647461 -0.86514055728912353516 -0.858734130859375 -0.86627709865570068359 -0.87116026878356933594 -0.85535764694213867188 -0.82876282930374145508 -0.80704885721206665039 -0.79793322086334228516 -0.78828704357147216797 -0.78067570924758911133 -0.77467483282089233398 -0.76695746183395385742 -0.74526238441467285156 -0.72964125871658325195 -0.71589463949203491211 -0.69210106134414672852 -0.69692766666412353516 -0.72403883934020996094 -0.7497895359992980957 -0.79782712459564208984 -0.82407766580581665039 -0.83415770530700683594 -0.79990440607070922852 -0.74172312021255493164 -0.67867749929428100586 -0.62999147176742553711 -0.60171550512313842773 -0.56030833721160888672 -0.49361032247543334961 -0.41584190726280212402 -0.33761373162269592285 -0.26619279384613037109 -0.22868326306343078613 -0.18554539978504180908 -0.16384796798229217529 -0.15477240085601806641 -0.15302518010139465332 -0.15635690093040466309
-0.84736198186874389648 -0.85163682699203491211 -0.86371403932571411133 -0.86697268486022949219 -0.87016999721527099609 -0.87363606691360473633 -0.85370945930480957031 -0.83776056766510009766 -0.81455880403518676758 -0.79325985908508300781 -0.7795886993408203125 -0.77530914545059204102 -0.76329326629638671875 -0.74555706977844238281 -0.7417443394660949707 -0.73422265052795410156 -0.71807807683944702148 -0.70426785945892333984 -0.68339568376541137695 -0.64703679084777832031 -0.65299046039581298828 -0.69334131479263305664 -0.71363812685012817383 -0.7383772730827331543 -0.75869059562683105469 -0.78434932231903076172 -0.76986706256866455078 -0.72066235542297363281 -0.66117948293685913086 -0.61619776487350463867 -0.58550727367401123047 -0.55092859268188476563 -0.52238380908966064453 -0.46161827445030212402 -0.3819211125373840332 -0.30950987339019775391 -0.27009984850883483887 -0.22635129094123840332 -0.20087885856628417969 -0.19099923968315124512 -0.1836449354887008667 -0.20122782886028289795
-0.78853696584701538086 -0.80677062273025512695 -0.81181418895721435547 -0.81783628463745117188 -0.84467393159866333008 -0.86792051792144775391 -0.86090105772018432617 -0.80423825979232788086 -0.72049021720886230469 -0.69633817672729492188 -0.71481001377105712891 -0.73111021518707275391 -0.72640621662139892578 -0.70091253519058227539 -0.69430333375930786133 -0.69490456581115722656 -0.6787128448486328125 -0.65687161684036254883 -0.63546890020370483398 -0.60308307409286499023 -0.6013005375862121582 -0.62869465351104736328 -0.64941120147705078125 -0.6737117767333984375 -0.69539034366607666016 -0.73020476102828979492 -0.72622698545455932617 -0.68357014656066894531 -0.61829626560211181641 -0.56917172670364379883 -0.53972619771957397461 -0.50394028425216674805 -0.48989897966384887695 -0.449710845947265625 -0.38386636972427368164 -0.32209870219230651855 -0.28959500789642333984 -0.25253582000732421875 -0.22651399672031402588 -0.2105839848518371582 -0.20625251531600952148 -0.23924903571605682373
-0.77594578266143798828 -0.79110944271087646484 -0.79292267560958862305 -0.7961483001708984375 -0.81684833765029907227 -0.83819210529327392578 -0.84099090099334716797 -0.78458040952682495117 -0.69329416751861572266 -0.65206146240234375 -0.67260354757308959961 -0.69306778907775878906 -0.6876398921012878418 -0.66193640232086181641 -0.65626561641693115234 -0.65491455793380737305 -0.63250970840454101563 -0.60373151302337646484 -0.58367043733596801758 -0.56684446334838867188 -0.56867891550064086914 -0.57702589035034179688 -0.58945673704147338867 -0.62147235870361328125 -0.64881932735443115234 -0.69044816493988037109 -0.69371151924133300781 -0.65386289358139038086 -0.57757526636123657227 -0.52164107561111450195 -0.49370226263999938965 -0.45552307367324829102 -0.43547618389129638672 -0.40594813227653503418 -0.35329613089561462402 -0.30718496441841125488 -0.28321921825408935547 -0.25130027532577514648 -0.22665782272815704346 -0.21473389863967895508 -0.22289696335792541504 -0.26690724492073059082
-0.77044475078582763672 -0.7786502838134765625 -0.78100109100341796875 -0.7836844325065612793 -0.7875041961669921875 -0.79177671670913696289 -0.78508031368255615234 -0.74657803773880004883 -0.69061791896820068359 -0.64642369747161865234 -0.64673495292663574219 -0.65826749801635742188 -0.64792573451995849609 -0.63052439689636230469 -0.63084506988525390625 -0.6200764775276184082 -0.59156239032745361328 -0.56615358591079711914 -0.54782086610794067383 -0.53740131855010986328 -0.5436992645263671875 -0.54524606466293334961 -0.55024009943008422852 -0.58050382137298583984 -0.60989034175872802734 -0.65888524055480957031 -0.67000746726989746094 -0.63072007894515991211 -0.54737055301666259766 -0.48690444231033325195 -0.46039924025535583496 -0.42161169648170471191 -0.3927014470100402832 -0.35833969712257385254 -0.31558147072792053223 -0.28594496846199035645 -0.26614093780517578125 -0.23260681331157684326 -0.21225574612617492676 -0.21181245148181915283 -0.23731555044651031494 -0.29125496745109558105
-0.7619374394416809082 -0.76277452707290649414 -0.76451700925827026367 -0.76640099287033081055 -0.75830626487731933594 -0.75101095438003540039 -0.73653101921081542969 -0.70905435085296630859 -0.68330603837966918945 -0.65796566009521484375 -0.64078360795974731445 -0.63477098941802978516 -0.61267268657684326172 -0.60705614089965820313 -0.61343902349472045898 -0.59468185901641845703 -0.56225597858428955078 -0.53960829973220825195 -0.52045035362243652344 -0.50415247678756713867 -0.51152801513671875 -0.51803582906723022461 -0.52165991067886352539 -0.5456091761589050293 -0.57333338260650634766 -0.62395292520523071289 -0.63836675882339477539 -0.60084074735641479492 -0.52117890119552612305 -0.46225962042808532715 -0.43557050824165344238 -0.3983910679817199707 -0.36630234122276306152 -0.3264726102352142334 -0.28840661048889160156 -0.26420745253562927246 -0.24358756840229034424 -0.2024421393871307373 -0.19185043871402740479 -0.21467024087905883789 -0.2583669126033782959 -0.32008269429206848145
