INPUT/RASTER/ASCII_standard/BIO01.asc
ncols        225
nrows        269
xllcorner    473009.983799999987
yllcorner    4429051.174800000153
cellsize     50.000000000000
NODATA_value  -9999
[rows 171 to 189 of 269, columns 0 to 40 of 225]
-9999 -9999 -9999 1.4916464090347290039 1.4833893775939941406 1.4153966903686523438 1.3190848827362060547 1.2913992404937744141 1.2917089462280273438 1.2934125661849975586 1.3023664951324462891 1.338991999626159668 1.3676983118057250977 1.3587514162063598633 1.3453767299652099609 1.3179445266723632813 1.2654242515563964844 1.2071528434753417969 1.1613270044326782227 1.1213859319686889648 1.1063710451126098633 1.089694976806640625 1.0251374244689941406 0.95266783237457275391 0.91086840629577636719 0.88267600536346435547 0.86223381757736206055 0.84773284196853637695 0.82095533609390258789 0.78978526592254638672 0.75768601894378662109 0.72225719690322875977 0.70636951923370361328 0.69562751054763793945 0.67946529388427734375 0.66669595241546630859 0.65828400850296020508 0.64783060550689697266 0.63841199874877929688 0.62740254402160644531 0.61887794733047485352
-9999 -9999 -9999 1.5338822603225708008 1.5228165388107299805 1.4413787126541137695 1.3359510898590087891 1.3055131435394287109 1.3068716526031494141 1.3143122196197509766 1.335078120231628418 1.3667550086975097656 1.3768001794815063477 1.370957493782043457 1.3636295795440673828 1.3465733528137207031 1.2949682474136352539 1.2064489126205444336 1.1164021492004394531 1.0429328680038452148 1.0154514312744140625 0.97964245080947875977 0.92427122592926025391 0.89659970998764038086 0.88059937953948974609 0.86232537031173706055 0.84976720809936523438 0.83399915695190429688 0.80055540800094604492 0.7695261836051940918 0.75007653236389160156 0.73102819919586181641 0.71939224004745483398 0.70891773700714111328 0.69175589084625244141 0.67727601528167724609 0.67703670263290405273 0.67729717493057250977 0.67170792818069458008 0.6568902134895324707 0.64998465776443481445
-9999 -9999 -9999 1.5313270092010498047 1.4959756135940551758 1.4032820463180541992 1.3304321765899658203 1.3201830387115478516 1.3239067792892456055 1.3286442756652832031 1.3459258079528808594 1.3717459440231323242 1.3744138479232788086 1.3627637624740600586 1.3470449447631835938 1.3095536231994628906 1.2417510747909545898 1.1499373912811279297 1.061389923095703125 1.0065819025039672852 0.97338449954986572266 0.9209486842155456543 0.8905811309814453125 0.87999403476715087891 0.86993485689163208008 0.85628563165664672852 0.84521985054016113281 0.82088494300842285156 0.79404407739639282227 0.77441847324371337891 0.76159989833831787109 0.74558550119400024414 0.73415362834930419922 0.72532635927200317383 0.71810400485992431641 0.7043914794921875 0.71739304065704345703 0.73173916339874267578 0.73171103000640869141 0.72264438867568969727 0.73674410581588745117
-9999 -9999 -9999 1.4974397420883178711 1.4348392486572265625 1.3641856908798217773 1.3297212123870849609 1.3314106464385986328 1.3390201330184936523 1.345623016357421875 1.3637633323669433594 1.3796229362487792969 1.3718303442001342773 1.3505294322967529297 1.3249415159225463867 1.267592310905456543 1.1832262277603149414 1.0938833951950073242 1.028248906135559082 0.98347181081771850586 0.94713491201400756836 0.90887629985809326172 0.88776540756225585938 0.87494683265686035156 0.85891127586364746094 0.83520990610122680664 0.82739633321762084961 0.81245183944702148438 0.80151277780532836914 0.79266434907913208008 0.78497743606567382813 0.77509427070617675781 0.76916009187698364258 0.77457332611083984375 0.79467761516571044922 0.79795789718627929688 0.83004307746887207031 0.86027693748474121094 0.86664748191833496094 0.86804831027984619141 0.90335744619369506836
1.5939135551452636719 1.5744780302047729492 1.5361559391021728516 1.4653193950653076172 1.4007830619812011719 1.35668182373046875 1.3430396318435668945 1.3467916250228881836 1.3526976108551025391 1.3611094951629638672 1.3836001157760620117 1.392209172248840332 1.372323155403137207 1.3432719707489013672 1.3106939792633056641 1.2441374063491821289 1.1634247303009033203 1.0855065584182739258 1.0304661989212036133 0.97850209474563598633 0.94489639997482299805 0.917224884033203125 0.89034885168075561523 0.87082177400588989258 0.84279829263687133789 0.82271516323089599609 0.82332056760787963867 0.82228577136993408203 0.82100462913513183594 0.8199627995491027832 0.82065969705581665039 0.8282973170280456543 0.84343183040618896484 0.88140189647674560547 0.92796689271926879883 0.95460361242294311523 1.0005773305892944336 1.0346827507019042969 1.0411307811737060547 1.0504578351974487305 1.0855770111083984375
1.5694870948791503906 1.5348607301712036133 1.497432708740234375 1.438197016716003418 1.3932721614837646484 1.3688597679138183594 1.365361332893371582 1.3684374094009399414 1.3674731254577636719 1.3788626194000244141 1.405816197395324707 1.409300684928894043 1.3783628940582275391 1.3424202203750610352 1.3052456378936767578 1.2351552248001098633 1.1607919931411743164 1.0888291597366333008 1.0229834318161010742 0.97825568914413452148 0.95753198862075805664 0.92326462268829345703 0.88742047548294067383 0.85701769590377807617 0.83452713489532470703 0.83661073446273803711 0.84188318252563476563 0.84607160091400146484 0.85298418998718261719 0.86307853460311889648 0.87541848421096801758 0.90675747394561767578 0.94736719131469726563 1.016338348388671875 1.0776154994964599609 1.1156418323516845703 1.1591095924377441406 1.1886957883834838867 1.1957210302352905273 1.2032953500747680664 1.2252227067947387695
1.5132501125335693359 1.4760050773620605469 1.4445886611938476563 1.4171283245086669922 1.397488713264465332 1.3881545066833496094 1.3874154090881347656 1.3865003585815429688 1.3867114782333374023 1.4152770042419433594 1.4434342384338378906 1.4341634511947631836 1.3909631967544555664 1.3478474617004394531 1.3054637908935546875 1.225863337516784668 1.1414620876312255859 1.0580532550811767578 0.9814726710319519043 0.96290999650955200195 0.95167529582977294922 0.9169292449951171875 0.86072039604187011719 0.83868736028671264648 0.84859168529510498047 0.87176507711410522461 0.88932108879089355469 0.92602401971817016602 0.97941720485687255859 1.0163875818252563477 1.0454599857330322266 1.0914406776428222656 1.1375482082366943359 1.20742034912109375 1.2662055492401123047 1.3045698404312133789 1.3281584978103637695 1.342814326286315918 1.3472139835357666016 1.3492904901504516602 1.3551331758499145508
-9999 1.4533948898315429688 1.4436523914337158203 1.4298483133316040039 1.417888641357421875 1.4160654544830322266 1.418719172477722168 1.4202185869216918945 1.4278702735900878906 1.4657629728317260742 1.5012832880020141602 1.4781802892684936523 1.4073929786682128906 1.3503183126449584961 1.301423192024230957 1.212685704231262207 1.1094613075256347656 0.99761378765106201172 0.94597345590591430664 0.91736567020416259766 0.89945769309997558594 0.86973071098327636719 0.84027820825576782227 0.83897596597671508789 0.85789763927459716797 0.88934922218322753906 0.92322242259979248047 0.99408710002899169922 1.0725753307342529297 1.1255602836608886719 1.1741032600402832031 1.2225337028503417969 1.2603207826614379883 1.3190003633499145508 1.3775322437286376953 1.4083081483840942383 1.4126302003860473633 1.4140310287475585938 1.4150376319885253906 1.4077590703964233398 1.3925963640213012695
-9999 -9999 -9999 1.4393162727355957031 1.4342620372772216797 1.4325515031814575195 1.4393303394317626953 1.4463273286819458008 1.4633554220199584961 1.5033739805221557617 1.5311017036437988281 1.4973131418228149414 1.4110534191131591797 1.341892242431640625 1.2925184965133666992 1.1970514059066772461 1.0651700496673583984 0.96290999650955200195 0.91724604368209838867 0.88606894016265869141 0.87061762809753417969 0.84292501211166381836 0.82840293645858764648 0.83516770601272583008 0.8575738072395324707 0.89399516582489013672 0.94184136390686035156 1.0255457162857055664 1.1068919897079467773 1.1758420467376708984 1.2443414926528930664 1.2935744524002075195 1.3244980573654174805 1.3730130195617675781 1.4236749410629272461 1.44423675537109375 1.4417940378189086914 1.4372255802154541016 1.4338537454605102539 1.4166848659515380859 1.3817417621612548828
-9999 -9999 -9999 1.4414139986038208008 1.4414210319519042969 1.4429203271865844727 1.4520643949508666992 1.4616730213165283203 1.4865288734436035156 1.5249494314193725586 1.5378947257995605469 1.5002062320709228516 1.4102649688720703125 1.3365001678466796875 1.2877528667449951172 1.1794742345809936523 1.0324372053146362305 0.93222564458847045898 0.89278441667556762695 0.86944210529327392578 0.85377961397171020508 0.83050769567489624023 0.81985718011856079102 0.82753002643585205078 0.85143554210662841797 0.88658982515335083008 0.93999707698822021484 1.0343660116195678711 1.1225614547729492188 1.2081383466720581055 1.2871404886245727539 1.3396537303924560547 1.368754267692565918 1.4099904298782348633 1.4480309486389160156 1.4609973430633544922 1.4594063758850097656 1.4546830654144287109 1.4492768049240112305 1.4220347404479980469 1.3682403564453125
-9999 -9999 -9999 -9999 1.4499526023864746094 1.4516068696975708008 1.4649604558944702148 1.478060603141784668 1.5048170089721679688 1.5369725227355957031 1.5395771265029907227 1.4997205734252929688 1.4105958938598632813 1.3377883434295654297 1.2855988740921020508 1.1668528318405151367 1.0144799947738647461 0.91623234748840332031 0.87699526548385620117 0.85777795314788818359 0.84341776371002197266 0.82266587018966674805 0.81283903121948242188 0.81878018379211425781 0.84156644344329833984 0.87601679563522338867 0.92798799276351928711 1.0274674892425537109 1.13024139404296875 1.2301502227783203125 1.316649317741394043 1.3739351034164428711 1.403429865837097168 1.4396119117736816406 1.4663261175155639648 1.4736398458480834961 1.4753434658050537109 1.4745198488235473633 1.468958735466003418 1.4321221113204956055 1.3565762042999267578
-9999 -9999 -9999 -9999 1.4520714282989501953 1.4535989761352539063 1.4684307575225830078 1.4933569431304931641 1.5206977128982543945 1.5469824075698852539 1.540949702262878418 1.4988547563552856445 1.4153473377227783203 1.3419203758239746094 1.2657409906387329102 1.1323109865188598633 0.9961636662483215332 0.89992231130599975586 0.86038249731063842773 0.84512126445770263672 0.83304184675216674805 0.81080466508865356445 0.80090737342834472656 0.80582082271575927734 0.82703727483749389648 0.86157917976379394531 0.91511309146881103516 1.0270240306854248047 1.1456152200698852539 1.2531124353408813477 1.3423286676406860352 1.4017474651336669922 1.4309113025665283203 1.4629683494567871094 1.4830021858215332031 1.4848324060440063477 1.4875284433364868164 1.4885209798812866211 1.4837976694107055664 1.4434201717376708984 1.3450598716735839844
-9999 -9999 -9999 -9999 -9999 -9999 -9999 -9999 -9999 1.5536416769027709961 1.5398304462432861328 1.4890700578689575195 1.4018390178680419922 1.3077938556671142578 1.2223436832427978516 1.1031752824783325195 0.97976213693618774414 0.87985324859619140625 0.83247166872024536133 0.81549990177154541016 0.80557447671890258789 0.78627973794937133789 0.7746155858039855957 0.77401018142700195313 0.80789744853973388672 0.87666440010070800781 0.95956635475158691406 1.0888713598251342773 1.2076103687286376953 1.3063366413116455078 1.3762933015823364258 1.4200989007949829102 1.4458909034729003906 1.4778776168823242188 1.4972004890441894531 1.4992558956146240234 1.499650120735168457 1.4970808029174804688 1.4901752471923828125 1.4477000236511230469 1.3470449447631835938
-9999 -9999 -9999 -9999 -9999 -9999 -9999 -9999 -9999 1.5535430908203125 1.5384367704391479492 1.4763782024383544922 1.3648474216461181641 1.2614681720733642578 1.2064418792724609375 1.1028021574020385742 0.97737580537796020508 0.86997705698013305664 0.80371606349945068359 0.78066939115524291992 0.77615720033645629883 0.76691460609436035156 0.74772542715072631836 0.73503357172012329102 0.7910735011100769043 0.91302949190139770508 1.036907196044921875 1.1856688261032104492 1.2988679409027099609 1.3790597915649414063 1.4152348041534423828 1.4343253374099731445 1.4549365043640136719 1.4893727302551269531 1.5105751752853393555 1.514531254768371582 1.5110327005386352539 1.5002696514129638672 1.4881972074508666992 1.4474043846130371094 1.3630383014678955078
-9999 -9999 -9999 -9999 -9999 -9999 -9999 -9999 -9999 -9999 -9999 -9999 1.2715836763381958008 1.2641923427581787109 1.1950030326843261719 1.112389683723449707 0.98984944820404052734 0.87382757663726806641 0.79628258943557739258 0.77152532339096069336 0.76859694719314575195 0.76371872425079345703 0.74854201078414916992 0.73423105478286743164 0.79728919267654418945 0.93479502201080322266 1.0718926191329956055 1.2343878746032714844 1.3501775264739990234 1.4214364290237426758 1.4445394277572631836 1.4583224058151245117 1.474921107292175293 1.5026700496673583984 1.5181212425231933594 1.5189870595932006836 1.5123279094696044922 1.4978199005126953125 1.4838117361068725586 1.446953892707824707 1.3806647062301635742
-9999 -9999 -9999 -9999 -9999 -9999 -9999 -9999 -9999 -9999 -9999 -9999 -9999 -9999 1.1772146224975585938 1.1016125679016113281 1.0078771114349365234 0.89194673299789428711 0.81171274185180664063 0.78510415554046630859 0.77420026063919067383 0.76076221466064453125 0.747394561767578125 0.74119997024536132813 0.80946016311645507813 0.9620793461799621582 1.1006340980529785156 1.2607219219207763672 1.3740547895431518555 1.4427303075790405273 1.468114018440246582 1.4867682456970214844 1.499903559684753418 1.5167344808578491211 1.5255969762802124023 1.519106745719909668 1.5063022375106811523 1.4916393756866455078 1.4801583290100097656 1.4537327289581298828 1.4089486598968505859
-9999 -9999 -9999 -9999 -9999 -9999 -9999 -9999 -9999 -9999 -9999 -9999 -9999 -9999 -9999 1.1087503433227539063 1.0275942087173461914 0.91699963808059692383 0.841411590576171875 0.81366258859634399414 0.79150289297103881836 0.76350754499435424805 0.74569106101989746094 0.74860531091690063477 0.81806921958923339844 0.97278612852096557617 1.106110692024230957 1.2560197114944458008 1.3653330802917480469 1.4383237361907958984 1.4713872671127319336 1.498467564582824707 1.5131304264068603516 1.5265262126922607422 1.5313974618911743164 1.5161784887313842773 1.4968978166580200195 1.4862051010131835938 1.4804750680923461914 1.4631021022796630859 1.4297639131546020508
-9999 -9999 -9999 -9999 -9999 -9999 -9999 -9999 -9999 -9999 -9999 -9999 -9999 -9999 -9999 1.1130020618438720703 1.0411026477813720703 0.93953245878219604492 0.87143421173095703125 0.8434670567512512207 0.81289535760879516602 0.77739608287811279297 0.7600231170654296875 0.76557004451751708984 0.82681202888488769531 0.95701104402542114258 1.0795232057571411133 1.2188310623168945313 1.3268773555755615234 1.4053093194961547852 1.4493824243545532227 1.4859235286712646484 1.5065556764602661133 1.526772618293762207 1.5351141691207885742 1.5154463052749633789 1.4923926591873168945 1.4870004653930664063 1.4869723320007324219 1.4744423627853393555 1.4409774541854858398
-9999 -9999 -9999 -9999 -9999 -9999 -9999 -9999 -9999 -9999 -9999 -9999 -9999 -9999 -9999 1.1403005123138427734 1.0633187294006347656 0.96465575695037841797 0.90059101581573486328 0.8726590275764465332 0.84060204029083251953 0.80269539356231689453 0.78191536664962768555 0.77820563316345214844 0.8057644963264465332 0.88020521402359008789 0.99510776996612548828 1.1410678625106811523 1.2588635683059692383 1.3379924297332763672 1.4056119918823242188 1.4524304866790771484 1.4771877527236938477 1.5113775730133056641 1.5343680381774902344 1.5197333097457885742 1.4973131418228149414 1.4985097646713256836 1.5030149221420288086 1.4919703006744384766 1.4588785171508789063
