INPUT/RASTER/ASCII_standard/BIO05.asc
ncols        225
nrows        269
xllcorner    473009.983799999987
yllcorner    4429051.174800000153
cellsize     50.000000000000
NODATA_value  -9999
[rows 126 to 143 of 269, columns 42 to 83 of 225]
-0.97654587030410766602 -0.97781801223754882813 -0.98895907402038574219 -1.0364664793014526367 -1.0761793851852416992 -1.125201106071472168 -1.1468993425369262695 -1.150483250617980957 -1.1550023555755615234 -1.1591559648513793945 -1.1622129678726196289 -1.1631481647491455078 -1.1542998552322387695 -1.1361142396926879883 -1.1011388301849365234 -1.0384317636489868164 -0.97174191474914550781 -0.82469117641448974609 -0.71735334396362304688 -0.72297370433807373047 -0.75413739681243896484 -0.79786145687103271484 -0.831104278564453125 -0.83629745244979858398 -0.82659941911697387695 -0.79761934280395507813 -0.75117528438568115234 -0.69004416465759277344 -0.64750683307647705078 -0.61527031660079956055 -0.56618219614028930664 -0.50990718603134155273 -0.49440369009971618652 -0.50940406322479248047 -0.52201664447784423828 -0.52978265285491943359 -0.54741752147674560547 -0.56774872541427612305 -0.58662253618240356445 -0.6077511906623840332 -0.62437498569488525391 -0.63056021928787231445
-0.98160135746002197266 -0.97971677780151367188 -0.97688764333724975586 -1.0011682510375976563 -1.041949152946472168 -1.1251726150512695313 -1.1417347192764282227 -1.1387867927551269531 -1.1387963294982910156 -1.1414071321487426758 -1.1420005559921264648 -1.1396887302398681641 -1.1322882175445556641 -1.1162625551223754883 -1.0817333459854125977 -1.0175498723983764648 -0.9780743718147277832 -0.92797511816024780273 -0.77222794294357299805 -0.71674573421478271484 -0.74435865879058837891 -0.78314119577407836914 -0.81819260120391845703 -0.82363259792327880859 -0.81382542848587036133 -0.78276616334915161133 -0.72684246301651000977 -0.65341198444366455078 -0.61453455686569213867 -0.58972704410552978516 -0.54931157827377319336 -0.50182318687438964844 -0.48828488588333129883 -0.50567770004272460938 -0.52474617958068847656 -0.53583025932312011719 -0.55104422569274902344 -0.56677556037902832031 -0.58309084177017211914 -0.60492676496505737305 -0.62022614479064941406 -0.62187808752059936523
-0.98537987470626831055 -0.98932462930679321289 -0.991237640380859375 -0.99203509092330932617 -0.99751305580139160156 -1.0587770938873291016 -1.1010533571243286133 -1.1199747323989868164 -1.1173685789108276367 -1.1160395145416259766 -1.1136660575866699219 -1.1098115444183349609 -1.1058809757232666016 -1.0942320823669433594 -1.0616300106048583984 -0.99368703365325927734 -0.95414501428604125977 -0.9490515589714050293 -0.9106013178825378418 -0.83372461795806884766 -0.75803458690643310547 -0.75600767135620117188 -0.77587836980819702148 -0.7813943028450012207 -0.77736890316009521484 -0.75365793704986572266 -0.70064407587051391602 -0.62868994474411010742 -0.58630448579788208008 -0.55872476100921630859 -0.52035999298095703125 -0.49025961756706237793 -0.48378479480743408203 -0.50024241209030151367 -0.52096760272979736328 -0.53259760141372680664 -0.54615008831024169922 -0.55667883157730102539 -0.56671386957168579102 -0.5846430659294128418 -0.59825253486633300781 -0.59948199987411499023
-0.98188614845275878906 -0.99204462766647338867 -0.99888497591018676758 -0.99850046634674072266 -0.99431365728378295898 -1.0043723583221435547 -1.0370503664016723633 -1.0803425312042236328 -1.0937572717666625977 -1.090301513671875 -1.087790369987487793 -1.0836225748062133789 -1.08058929443359375 -1.072386622428894043 -1.0353746414184570313 -0.970104217529296875 -0.93742156028747558594 -0.94175076484680175781 -0.97369295358657836914 -0.9655329585075378418 -0.8323052525520324707 -0.72913521528244018555 -0.71885812282562255859 -0.72576963901519775391 -0.733089447021484375 -0.7222474217414855957 -0.68281459808349609375 -0.62218660116195678711 -0.58146262168884277344 -0.5459887385368347168 -0.50538814067840576172 -0.48347148299217224121 -0.47924670577049255371 -0.49192580580711364746 -0.50731539726257324219 -0.51985204219818115234 -0.53601539134979248047 -0.54530042409896850586 -0.55186069011688232422 -0.56306344270706176758 -0.57212537527084350586 -0.57276624441146850586
-0.97099667787551879883 -0.9832674860954284668 -0.99225819110870361328 -0.99517285823822021484 -0.99346870183944702148 -0.996307373046875 -0.99758905172348022461 -1.0233507156372070313 -1.0623753070831298828 -1.0726524591445922852 -1.071337580680847168 -1.0667804479598999023 -1.0603199005126953125 -1.0455141067504882813 -1.0037838220596313477 -0.94950252771377563477 -0.92861121892929077148 -0.94342643022537231445 -0.97193181514739990234 -0.97525942325592041016 -0.92457157373428344727 -0.76760447025299072266 -0.68314212560653686523 -0.68843495845794677734 -0.70382452011108398438 -0.6977437138557434082 -0.66145807504653930664 -0.61799031496047973633 -0.58905774354934692383 -0.55114865303039550781 -0.5074672698974609375 -0.48383700847625732422 -0.47614696621894836426 -0.48365661501884460449 -0.49701452255249023438 -0.50940877199172973633 -0.52659744024276733398 -0.53358495235443115234 -0.53931450843811035156 -0.54515326023101806641 -0.5471184849739074707 -0.54537159204483032227
-0.96229076385498046875 -0.97387808561325073242 -0.9822896122932434082 -0.98452544212341308594 -0.9877865910530090332 -0.99213004112243652344 -0.98331499099731445313 -0.98149693012237548828 -1.0152286291122436523 -1.0525395870208740234 -1.0582597255706787109 -1.0548893213272094727 -1.0443273782730102539 -1.021015167236328125 -0.97742402553558349609 -0.93237555027008056641 -0.91911733150482177734 -0.93778705596923828125 -0.96339207887649536133 -0.94958323240280151367 -0.92852580547332763672 -0.86294203996658325195 -0.71490865945816040039 -0.68229717016220092773 -0.67578434944152832031 -0.66618126630783081055 -0.62969630956649780273 -0.59164953231811523438 -0.56740218400955200195 -0.5367749333381652832 -0.50554478168487548828 -0.48379904031753540039 -0.47333678603172302246 -0.47623714804649353027 -0.48682758212089538574 -0.5000050663948059082 -0.518238067626953125 -0.52541548013687133789 -0.52997255325317382813 -0.53180962800979614258 -0.52928894758224487305 -0.52756106853485107422
-0.95431119203567504883 -0.96348702907562255859 -0.9694728851318359375 -0.97049349546432495117 -0.97599518299102783203 -0.98231339454650878906 -0.97550624608993530273 -0.96698552370071411133 -0.97483694553375244141 -1.0173600912094116211 -1.0379048585891723633 -1.0454002618789672852 -1.0353271961212158203 -1.0096652507781982422 -0.96464049816131591797 -0.91755086183547973633 -0.90353786945343017578 -0.92593866586685180664 -0.95021456480026245117 -0.91936892271041870117 -0.89314681291580200195 -0.89900928735733032227 -0.8440634608268737793 -0.75861847400665283203 -0.65995329618453979492 -0.62808710336685180664 -0.59347236156463623047 -0.55684971809387207031 -0.53593945503234863281 -0.51854187250137329102 -0.50056999921798706055 -0.47950780391693115234 -0.46746006608009338379 -0.46965315937995910645 -0.47898089885711669922 -0.49165996909141540527 -0.5102869868278503418 -0.51874601840972900391 -0.52435690164566040039 -0.52277141809463500977 -0.51903557777404785156 -0.51787257194519042969
-0.94344067573547363281 -0.94934111833572387695 -0.95177155733108520508 -0.95133006572723388672 -0.95592039823532104492 -0.964199066162109375 -0.96313571929931640625 -0.95719730854034423828 -0.95486181974411010742 -0.96648705005645751953 -0.99128508567810058594 -1.0306324958801269531 -1.0290280580520629883 -1.0067505836486816406 -0.9620819091796875 -0.90591132640838623047 -0.8846213221549987793 -0.9103972315788269043 -0.92900520563125610352 -0.88383805751800537109 -0.8646271824836730957 -0.88908344507217407227 -0.90065646171569824219 -0.85076612234115600586 -0.70233875513076782227 -0.61044269800186157227 -0.55958396196365356445 -0.52669239044189453125 -0.51322060823440551758 -0.50285327434539794922 -0.48874533176422119141 -0.46756923198699951172 -0.45418286323547363281 -0.45941400527954101563 -0.46989998221397399902 -0.48068028688430786133 -0.49889430403709411621 -0.51203382015228271484 -0.51976662874221801758 -0.51773494482040405273 -0.51157337427139282227 -0.50984549522399902344
-0.92108255624771118164 -0.9217993617057800293 -0.92611432075500488281 -0.92806059122085571289 -0.93381386995315551758 -0.94577139616012573242 -0.94860059022903442383 -0.9447650909423828125 -0.9418742060661315918 -0.94121909141540527344 -0.9492556452751159668 -0.98505234718322753906 -1.0098551511764526367 -1.0047758817672729492 -0.96630191802978515625 -0.9049002528190612793 -0.87547868490219116211 -0.88637769222259521484 -0.88791096210479736328 -0.84734833240509033203 -0.83887028694152832031 -0.85830426216125488281 -0.8669484257698059082 -0.85860329866409301758 -0.81778436899185180664 -0.69912505149841308594 -0.54071485996246337891 -0.48341453075408935547 -0.46276059746742248535 -0.45410689711570739746 -0.4490941464900970459 -0.44391521811485290527 -0.44003221392631530762 -0.44632667303085327148 -0.45456260442733764648 -0.4613507390022277832 -0.47481307387351989746 -0.49080550670623779297 -0.50040858983993530273 -0.50519824028015136719 -0.50200831890106201172 -0.50098770856857299805
-0.87480938434600830078 -0.88066238164901733398 -0.89491742849349975586 -0.9060299992561340332 -0.92018538713455200195 -0.93253219127655029297 -0.93481546640396118164 -0.93062865734100341797 -0.92583900690078735352 -0.92235475778579711914 -0.9222266077995300293 -0.92544025182723999023 -0.94372546672821044922 -0.97815978527069091797 -0.96128916740417480469 -0.90663290023803710938 -0.86804974079132080078 -0.83529585599899291992 -0.79784244298934936523 -0.79461455345153808594 -0.82035720348358154297 -0.84092098474502563477 -0.84404921531677246094 -0.82902985811233520508 -0.80458313226699829102 -0.78803527355194091797 -0.60108172893524169922 -0.44968277215957641602 -0.42466637492179870605 -0.4171187281608581543 -0.41251894831657409668 -0.42696389555931091309 -0.44067305326461791992 -0.44478392601013183594 -0.44882830977439880371 -0.45452937483787536621 -0.46507233381271362305 -0.47348392009735107422 -0.47858688235282897949 -0.4859256744384765625 -0.49383881688117980957 -0.4940192103385925293
-0.84870117902755737305 -0.86689621210098266602 -0.88993316888809204102 -0.90534168481826782227 -0.91730874776840209961 -0.93013024330139160156 -0.92943245172500610352 -0.92302405834197998047 -0.91422796249389648438 -0.90758228302001953125 -0.90664237737655639648 -0.9095427393913269043 -0.91211086511611938477 -0.93194830417633056641 -0.9457524418830871582 -0.89691591262817382813 -0.85118860006332397461 -0.79558765888214111328 -0.75028288364410400391 -0.77487200498580932617 -0.81602799892425537109 -0.83542877435684204102 -0.83240020275115966797 -0.7996985316276550293 -0.75675296783447265625 -0.73967343568801879883 -0.67712301015853881836 -0.47278138995170593262 -0.38781112432479858398 -0.38826209306716918945 -0.39887148141860961914 -0.4285303950309753418 -0.44429498910903930664 -0.4428946375846862793 -0.44172689318656921387 -0.447261810302734375 -0.45818927884101867676 -0.45952790975570678711 -0.45696932077407836914 -0.46494892239570617676 -0.48151099681854248047 -0.48839882016181945801
-0.83743196725845336914 -0.86317938566207885742 -0.89012300968170166016 -0.90505689382553100586 -0.91289883852005004883 -0.92233103513717651367 -0.91955405473709106445 -0.91088616847991943359 -0.89789849519729614258 -0.88725113868713378906 -0.88720840215682983398 -0.89387786388397216797 -0.89707255363464355469 -0.89702981710433959961 -0.90930539369583129883 -0.88510549068450927734 -0.83644461631774902344 -0.77402704954147338867 -0.72609245777130126953 -0.75404244661331176758 -0.80607366561889648438 -0.82794284820556640625 -0.82168161869049072266 -0.78088641166687011719 -0.73101979494094848633 -0.69688928127288818359 -0.66712117195129394531 -0.57252413034439086914 -0.44860994815826416016 -0.39697271585464477539 -0.40315324068069458008 -0.43969994783401489258 -0.44813525676727294922 -0.44139459729194641113 -0.43570300936698913574 -0.43708911538124084473 -0.4441051185131072998 -0.44654977321624755859 -0.44524911046028137207 -0.45694082975387573242 -0.4751453697681427002 -0.4877484738826751709
-0.82922923564910888672 -0.86108595132827758789 -0.88953441381454467773 -0.90169131755828857422 -0.9073022007942199707 -0.90808546543121337891 -0.90015804767608642578 -0.88776850700378417969 -0.87240743637084960938 -0.86068248748779296875 -0.86255753040313720703 -0.87420654296875 -0.88137912750244140625 -0.87814176082611083984 -0.86634081602096557617 -0.85129302740097045898 -0.82202816009521484375 -0.75821501016616821289 -0.70084822177886962891 -0.71484220027923583984 -0.77628660202026367188 -0.80671447515487670898 -0.80365270376205444336 -0.77288305759429931641 -0.73154670000076293945 -0.69062328338623046875 -0.65744692087173461914 -0.6352170109748840332 -0.59531891345977783203 -0.49222010374069213867 -0.42971712350845336914 -0.44736149907112121582 -0.44948339462280273438 -0.4369799494743347168 -0.42630407214164733887 -0.42272487282752990723 -0.4281838536262512207 -0.4365622103214263916 -0.44110977649688720703 -0.45589175820350646973 -0.47194117307662963867 -0.48517563939094543457
-0.82423073053359985352 -0.85788655281066894531 -0.88596946001052856445 -0.89502662420272827148 -0.89675450325012207031 -0.88880336284637451172 -0.87655150890350341797 -0.86126160621643066406 -0.84379285573959350586 -0.8314602971076965332 -0.83490186929702758789 -0.85137373208999633789 -0.86110019683837890625 -0.85851788520812988281 -0.83707118034362792969 -0.79972702264785766602 -0.77778190374374389648 -0.73594707250595092773 -0.67945373058319091797 -0.67570841312408447266 -0.73340749740600585938 -0.77340519428253173828 -0.77655720710754394531 -0.75880360603332519531 -0.7293536067008972168 -0.69207584857940673828 -0.65396738052368164063 -0.64005887508392333984 -0.64737391471862792969 -0.62273728847503662109 -0.52073496580123901367 -0.46985250711441040039 -0.44848653674125671387 -0.43037694692611694336 -0.41604593396186828613 -0.40949988365173339844 -0.41326421499252319336 -0.42368850111961364746 -0.43126463890075683594 -0.44690105319023132324 -0.46137923002243041992 -0.47225922346115112305
-0.81418621540069580078 -0.84674549102783203125 -0.87295335531234741211 -0.87823194265365600586 -0.87033301591873168945 -0.85857486724853515625 -0.84765213727951049805 -0.83452683687210083008 -0.8196309208869934082 -0.80931580066680908203 -0.81195038557052612305 -0.82480037212371826172 -0.83185428380966186523 -0.82906782627105712891 -0.81299471855163574219 -0.77913951873779296875 -0.74332857131958007813 -0.69989883899688720703 -0.66001498699188232422 -0.65920329093933105469 -0.69622468948364257813 -0.7329375147819519043 -0.73870503902435302734 -0.72688043117523193359 -0.70628345012664794922 -0.67728912830352783203 -0.63703507184982299805 -0.62450313568115234375 -0.65223479270935058594 -0.68818336725234985352 -0.65925550460815429688 -0.58761942386627197266 -0.45389330387115478516 -0.4187374413013458252 -0.40235099196434020996 -0.39166089892387390137 -0.3869139552116394043 -0.39318940043449401855 -0.40393647551536560059 -0.42326128482818603516 -0.43844676017761230469 -0.44559565186500549316
-0.78404313325881958008 -0.81310862302780151367 -0.83750319480895996094 -0.84593373537063598633 -0.83827692270278930664 -0.82812798023223876953 -0.82133984565734863281 -0.81336498260498046875 -0.80319702625274658203 -0.79641366004943847656 -0.79743897914886474609 -0.80264639854431152344 -0.80522871017456054688 -0.80444544553756713867 -0.79846906661987304688 -0.78613173961639404297 -0.7540709376335144043 -0.68725293874740600586 -0.63271057605743408203 -0.6389338374137878418 -0.6719678044319152832 -0.70223903656005859375 -0.70596539974212646484 -0.69362336397171020508 -0.68037462234497070313 -0.66242647171020507813 -0.62567561864852905273 -0.60693943500518798828 -0.64340072870254516602 -0.68391585350036621094 -0.7180938720703125 -0.70663470029830932617 -0.53071779012680053711 -0.4028969109058380127 -0.3853759467601776123 -0.36882808804512023926 -0.35420277714729309082 -0.35679459571838378906 -0.37264463305473327637 -0.39735722541809082031 -0.413249969482421875 -0.41864252090454101563
-0.74760085344314575195 -0.77404606342315673828 -0.79826492071151733398 -0.81057375669479370117 -0.81027472019195556641 -0.80375713109970092773 -0.80299764871597290039 -0.80106562376022338867 -0.7916666865348815918 -0.78518235683441162109 -0.78499722480773925781 -0.7863928675651550293 -0.78926473855972290039 -0.79361295700073242188 -0.79629969596862792969 -0.78966349363327026367 -0.76096349954605102539 -0.69352364540100097656 -0.60749483108520507813 -0.57990562915802001953 -0.63693535327911376953 -0.67369097471237182617 -0.67704230546951293945 -0.66725409030914306641 -0.66126346588134765625 -0.65642631053924560547 -0.63811737298965454102 -0.60205483436584472656 -0.61480987071990966797 -0.65627914667129516602 -0.69187176227569580078 -0.70378655195236206055 -0.6370303034782409668 -0.45936653017997741699 -0.37314307689666748047 -0.35204765200614929199 -0.32701230049133300781 -0.32794743776321411133 -0.35216632485389709473 -0.37910047173500061035 -0.3937447965145111084 -0.39912784099578857422
-0.71190381050109863281 -0.73735696077346801758 -0.75792068243026733398 -0.76896679401397705078 -0.77303022146224975586 -0.77487200498580932617 -0.77773439884185791016 -0.77968543767929077148 -0.77520906925201416016 -0.77087032794952392578 -0.76967889070510864258 -0.76993519067764282227 -0.77454924583435058594 -0.78163641691207885742 -0.78751784563064575195 -0.78157472610473632813 -0.74843627214431762695 -0.67248046398162841797 -0.57744669914245605469 -0.52291381359100341797 -0.57337385416030883789 -0.63857781887054443359 -0.6471793055534362793 -0.6389338374137878418 -0.63681197166442871094 -0.63841170072555541992 -0.63044631481170654297 -0.59698510169982910156 -0.59754049777984619141 -0.63215517997741699219 -0.66519391536712646484 -0.67925435304641723633 -0.67073833942413330078 -0.57876634597778320313 -0.42594331502914428711 -0.35025331377983093262 -0.30191519856452941895 -0.29971736669540405273 -0.33407098054885864258 -0.36504003405570983887 -0.37831249833106994629 -0.3800831139087677002
