INPUT/RASTER/ASCII_standard/BIO06.asc
ncols        225
nrows        269
xllcorner    473009.983799999987
yllcorner    4429051.174800000153
cellsize     50.000000000000
NODATA_value  -9999
[rows 144 to 161 of 269, columns 0 to 41 of 225]
-9999 -9999 -9999 -9999 -9999 -9999 -9999 1.6669912338256835938 1.6767952442169189453 1.7090930938720703125 1.7534258365631103516 1.7589473724365234375 1.7507226467132568359 1.7437049150466918945 1.738831639289855957 1.7322912216186523438 1.7194488048553466797 1.7122956514358520508 1.7135939598083496094 1.7136582136154174805 1.7108179330825805664 1.7073513269424438477 1.6965301036834716797 1.6828465461730957031 1.6650378704071044922 1.6459834575653076172 1.6297456026077270508 1.6202260255813598633 1.6049801111221313477 1.5861762762069702148 1.5701822042465209961 1.5575768947601318359 1.5466574430465698242 1.5368094444274902344 1.5268751382827758789 1.5120320320129394531 1.5032742023468017578 1.4962800741195678711 1.4889558553695678711 1.4847427606582641602 1.4789589643478393555 1.4714756011962890625
-9999 -9999 -9999 -9999 -9999 -9999 -9999 1.6663192510604858398 1.6696131229400634766 1.7013829946517944336 1.7442532777786254883 1.7473288774490356445 1.7376874685287475586 1.7321032285690307617 1.7279393672943115234 1.7208977937698364258 1.7098734378814697266 1.709866642951965332 1.7146534919738769531 1.7147618532180786133 1.7117116451263427734 1.7086141109466552734 1.7018890380859375 1.6918464899063110352 1.6789753437042236328 1.6578356027603149414 1.6371155977249145508 1.6277940273284912109 1.6128036975860595703 1.5947800874710083008 1.5781817436218261719 1.5634589195251464844 1.5522263050079345703 1.5445568561553955078 1.5347138643264770508 1.516102910041809082 1.5033301115036010742 1.4949293136596679688 1.4873631000518798828 1.4832007884979248047 1.4774897098541259766 1.4701689481735229492
-9999 -9999 -9999 -9999 -9999 -9999 -9999 1.6616914272308349609 1.6665172576904296875 1.6898829936981201172 1.7241206169128417969 1.7319475412368774414 1.7285994291305541992 1.7241375446319580078 1.7218168973922729492 1.7174819707870483398 1.7088069915771484375 1.7104065418243408203 1.715596318244934082 1.7148346900939941406 1.7109160423278808594 1.7075866460800170898 1.7016266584396362305 1.6947036981582641602 1.6864298582077026367 1.6682726144790649414 1.6484056711196899414 1.6390621662139892578 1.6249994039535522461 1.6085889339447021484 1.5873476266860961914 1.5739213228225708008 1.560002446174621582 1.5509500503540039063 1.5412442684173583984 1.5238757133483886719 1.5087618827819824219 1.4978678226470947266 1.4874799251556396484 1.4821496009826660156 1.4756515026092529297 1.4683746099472045898
-9999 -9999 -9999 -9999 -9999 -9999 -9999 1.6596162319183349609 1.6625514030456542969 1.6726837158203125 1.6965385675430297852 1.7224601507186889648 1.7331273555755615234 1.7303869724273681641 1.7280323505401611328 1.7258658409118652344 1.7196147441864013672 1.7162276506423950195 1.7154101133346557617 1.7122770547866821289 1.7079318761825561523 1.7044856548309326172 1.6985493898391723633 1.6925455331802368164 1.6857324838638305664 1.6745693683624267578 1.6615035533905029297 1.6547988653182983398 1.6416198015213012695 1.626483917236328125 1.6034313440322875977 1.587660670280456543 1.5742056369781494141 1.5658438205718994141 1.5525614023208618164 1.5319852828979492188 1.5177042484283447266 1.5065985918045043945 1.4935802221298217773 1.4858531951904296875 1.4746205806732177734 1.4657239913940429688
-9999 -9999 -9999 -9999 -9999 -9999 -9999 1.6590018272399902344 1.6611413955688476563 1.6681863069534301758 1.6933732032775878906 1.7305290699005126953 1.7447458505630493164 1.741766810417175293 1.7380902767181396484 1.7349909543991088867 1.7291547060012817383 1.7214800119400024414 1.7147432565689086914 1.7090406417846679688 1.7042571306228637695 1.7006534337997436523 1.694708704948425293 1.6887133121490478516 1.6818224191665649414 1.6735757589340209961 1.6661194562911987305 1.6617997884750366211 1.6547853946685791016 1.6386711597442626953 1.61679840087890625 1.6010683774948120117 1.5884511470794677734 1.5794055461883544922 1.560688018798828125 1.5403318405151367188 1.5246983766555786133 1.5102497339248657227 1.500254511833190918 1.4941658973693847656 1.4786559343338012695 1.4644222259521484375
-9999 -9999 -9999 -9999 -9999 -9999 1.6848726272583007813 1.6702800989151000977 1.6706423759460449219 1.6883594989776611328 1.7140898704528808594 1.7361149787902832031 1.743825078010559082 1.7408155202865600586 1.7377737760543823242 1.7342225313186645508 1.7279427051544189453 1.7206676006317138672 1.7140814065933227539 1.7079927921295166016 1.703085780143737793 1.6993280649185180664 1.6928992271423339844 1.6865264177322387695 1.6795508861541748047 1.6713651418685913086 1.6641069650650024414 1.6596975326538085938 1.6526068449020385742 1.6409105062484741211 1.6269290447235107422 1.613384246826171875 1.5970668792724609375 1.5861830711364746094 1.5698639154434204102 1.5483466386795043945 1.5326607227325439453 1.5159794092178344727 1.5022196769714355469 1.4965763092041015625 1.4855146408081054688 1.4685033559799194336
-9999 -9999 -9999 -9999 -9999 -9999 1.6891127824783325195 1.6900572776794433594 1.6982870101928710938 1.723223567008972168 1.7338179349899291992 1.7386014461517333984 1.7406919002532958984 1.737795710563659668 1.7348538637161254883 1.7311520576477050781 1.7250161170959472656 1.7185484170913696289 1.7126408815383911133 1.70664215087890625 1.7017434835433959961 1.6979333162307739258 1.6912996768951416016 1.6848624944686889648 1.677998661994934082 1.6697468757629394531 1.6617558002471923828 1.6568944454193115234 1.6493536233901977539 1.6383088827133178711 1.6294358968734741211 1.619526982307434082 1.6071873903274536133 1.5983583927154541016 1.5813707113265991211 1.5580457448959350586 1.5393602848052978516 1.5231038331985473633 1.5112094879150390625 1.5037549734115600586 1.4901220798492431641 1.4769378900527954102
-9999 -9999 -9999 -9999 -9999 1.7011493444442749023 1.69927215576171875 1.7113883495330810547 1.7275060415267944336 1.75043487548828125 1.7503334283828735352 1.7460644245147705078 1.7446205615997314453 1.7402077913284301758 1.7341581583023071289 1.7282490730285644531 1.7211855649948120117 1.7154202461242675781 1.7100223302841186523 1.7041978836059570313 1.699558258056640625 1.6958631277084350586 1.6893666982650756836 1.6830224990844726563 1.6763093471527099609 1.6676852703094482422 1.6587817668914794922 1.6531773805618286133 1.6447901725769042969 1.6334085464477539063 1.6254953145980834961 1.6198909282684326172 1.6136922836303710938 1.6091644763946533203 1.5930925607681274414 1.5676295757293701172 1.5499428510665893555 1.5351692438125610352 1.5207020044326782227 1.5112229585647583008 1.4964916706085205078 1.4809579849243164063
-9999 -9999 -9999 -9999 -9999 1.7110497951507568359 1.7121127843856811523 1.7316614389419555664 1.7468024492263793945 1.758971095085144043 1.7552624940872192383 1.7506736516952514648 1.7499220371246337891 1.7446628808975219727 1.7358220815658569336 1.7298114299774169922 1.720335841178894043 1.7130929231643676758 1.7072260379791259766 1.7010596990585327148 1.6961508989334106445 1.6927639245986938477 1.6867548227310180664 1.6803989410400390625 1.6732490062713623047 1.6643337011337280273 1.6567674875259399414 1.6500153541564941406 1.6395952701568603516 1.6277669668197631836 1.6197606325149536133 1.6159266233444213867 1.6131269931793212891 1.6104271411895751953 1.6000679731369018555 1.5810948610305786133 1.5654478073120117188 1.5480216741561889648 1.5310019254684448242 1.5203667879104614258 1.5056169033050537109 1.4886579513549804688
-9999 -9999 -9999 -9999 -9999 1.7235400676727294922 1.7285351753234863281 1.7386555671691894531 1.7458257675170898438 1.7564320564270019531 1.760279536247253418 1.7576727867126464844 1.7501606941223144531 1.7439351081848144531 1.7364162206649780273 1.7309066057205200195 1.7240072488784790039 1.7178170680999755859 1.7087274789810180664 1.6990572214126586914 1.6922746896743774414 1.6888757944107055664 1.6827313899993896484 1.6763195991516113281 1.6684485673904418945 1.6584889888763427734 1.6514236927032470703 1.6442704200744628906 1.6330616474151611328 1.6209353208541870117 1.6123483180999755859 1.6093201637268066406 1.6076968908309936523 1.6054303646087646484 1.5995652675628662109 1.5899069309234619141 1.5801588296890258789 1.5637398958206176758 1.5454235076904296875 1.5351302623748779297 1.5206409692764282227 1.5040782690048217773
-9999 -9999 -9999 -9999 -9999 -9999 1.7483563423156738281 1.7414705753326416016 1.7372626066207885742 1.7448304891586303711 1.7662699222564697266 1.7740629911422729492 1.7617809772491455078 1.7468515634536743164 1.7373996973037719727 1.7331933975219726563 1.7248417139053344727 1.7182115316390991211 1.7106723785400390625 1.7010359764099121094 1.6955161094665527344 1.6905701160430908203 1.6811758279800415039 1.6733183860778808594 1.6645944118499755859 1.6535750627517700195 1.6458057165145874023 1.6383478641510009766 1.6276974678039550781 1.6164040565490722656 1.6078407764434814453 1.6047922372817993164 1.603570103645324707 1.6011902093887329102 1.5962865352630615234 1.5906076431274414063 1.5847272872924804688 1.5743191242218017578 1.559492945671081543 1.5509991645812988281 1.533640742301940918 1.5142799615859985352
-9999 -9999 -9999 -9999 -9999 -9999 1.7549916505813598633 1.7385727167129516602 1.7334370613098144531 1.7421526908874511719 1.7737667560577392578 1.7875586748123168945 1.7766375541687011719 1.757407069206237793 1.7464655637741088867 1.7418615818023681641 1.7286434173583984375 1.7162327766418457031 1.7074460983276367188 1.7036545276641845703 1.7015132904052734375 1.695280909538269043 1.6842514276504516602 1.672764897346496582 1.6617388725280761719 1.6496751308441162109 1.641086578369140625 1.6331733465194702148 1.6233777999877929688 1.613286137580871582 1.6052899360656738281 1.6019740104675292969 1.6007027626037597656 1.5982196331024169922 1.5936527252197265625 1.5883411169052124023 1.5826572179794311523 1.57608795166015625 1.5680731534957885742 1.5615224838256835938 1.5434261560440063477 1.5205529928207397461
-9999 -9999 -9999 -9999 -9999 -9999 -9999 1.7140035629272460938 1.7121635675430297852 1.7511695623397827148 1.7901568412780761719 1.8030397891998291016 1.7892885208129882813 1.770428776741027832 1.7613577842712402344 1.7555162906646728516 1.7396425008773803711 1.7214783430099487305 1.7076170444488525391 1.7026761770248413086 1.7003064155578613281 1.6971715688705444336 1.6885389089584350586 1.67578125 1.6626546382904052734 1.6468873023986816406 1.6368447542190551758 1.6286826133728027344 1.6191952228546142578 1.609570622444152832 1.6020822525024414063 1.5980706214904785156 1.5963271856307983398 1.5945109128952026367 1.5906059741973876953 1.5854805707931518555 1.5795748233795166016 1.5730512142181396484 1.5666664838790893555 1.5627615451812744141 1.5517557859420776367 1.531518101692199707
-9999 -9999 -9999 -9999 -9999 -9999 -9999 1.6591541767120361328 1.6708589792251586914 1.7435119152069091797 1.8038184642791748047 1.8167505264282226563 1.7998762130737304688 1.7830206155776977539 1.7717338800430297852 1.7661530971527099609 1.7510900497436523438 1.7339279651641845703 1.719282984733581543 1.711048126220703125 1.7049765586853027344 1.6978621482849121094 1.6867566108703613281 1.6770254373550415039 1.6637074947357177734 1.6489236354827880859 1.6360762119293212891 1.6272591352462768555 1.6169914007186889648 1.6067540645599365234 1.5983330011367797852 1.5934259891510009766 1.5916757583618164063 1.590946197509765625 1.5877386331558227539 1.5818954706192016602 1.5760101079940795898 1.5697234869003295898 1.5637263059616088867 1.5604087114334106445 1.5540797710418701172 1.541762232780456543
-9999 -9999 -9999 -9999 -9999 -9999 -9999 1.6462221145629882813 1.6590051651000976563 1.7355800867080688477 1.7956157922744750977 1.8087254762649536133 1.8025320768356323242 1.7930734157562255859 1.7843526601791381836 1.7802175283432006836 1.7635802030563354492 1.7447237968444824219 1.7310148477554321289 1.7223111391067504883 1.7166931629180908203 1.7069755792617797852 1.6900267601013183594 1.6751786470413208008 1.6625260114669799805 1.6493231058120727539 1.6386457681655883789 1.6313300132751464844 1.6177327632904052734 1.604111790657043457 1.5945127010345458984 1.5894109010696411133 1.5881465673446655273 1.5873103141784667969 1.5830329656600952148 1.576758265495300293 1.5714246034622192383 1.5663737058639526367 1.5609977245330810547 1.5577105283737182617 1.5521315336227416992 1.5446431636810302734
-9999 -9999 -9999 -9999 -9999 -9999 -9999 1.6474137306213378906 1.6648939847946166992 1.7126561403274536133 1.770985722541809082 1.7933222055435180664 1.7938197851181030273 1.7903549671173095703 1.7889703512191772461 1.7863179445266723633 1.773301243782043457 1.7589727640151977539 1.7476149797439575195 1.7371592521667480469 1.7308422327041625977 1.721117854118347168 1.7040624618530273438 1.6875386238098144531 1.6697384119033813477 1.6536613702774047852 1.6438777446746826172 1.6350978612899780273 1.6213973760604858398 1.6065475940704345703 1.5928589105606079102 1.5855008363723754883 1.5830346345901489258 1.5815298557281494141 1.5769342184066772461 1.5715312957763671875 1.5669965744018554688 1.5626835823059082031 1.5577325820922851563 1.554499506950378418 1.5488680601119995117 1.5421751737594604492
-9999 -9999 -9999 -9999 -9999 -9999 -9999 -9999 1.6534245014190673828 1.6755155324935913086 1.7409627437591552734 1.7784216403961181641 1.78389739990234375 1.7795251607894897461 1.7774550914764404297 1.7767102718353271484 1.7724837064743041992 1.7670519351959228516 1.7633196115493774414 1.7560139894485473633 1.7507430315017700195 1.7392785549163818359 1.7227665185928344727 1.7073699235916137695 1.6882952451705932617 1.6666899919509887695 1.650567173957824707 1.6384257078170776367 1.6238127946853637695 1.6093980073928833008 1.5953843593597412109 1.5871680974960327148 1.581164240837097168 1.5774505138397216797 1.5730596780776977539 1.568350672721862793 1.5640597343444824219 1.559762120246887207 1.5546654462814331055 1.5513190031051635742 1.5456519126892089844 1.5353943109512329102
-9999 -9999 -9999 -9999 -9999 -9999 -9999 1.6267411708831787109 1.6294358968734741211 1.6536716222763061523 1.7258421182632446289 1.7730574607849121094 1.7780779600143432617 1.7710601091384887695 1.7678880691528320313 1.7678085565567016602 1.765482783317565918 1.7631858587265014648 1.7634786367416381836 1.7631757259368896484 1.7619349956512451172 1.7523781061172485352 1.7381088733673095703 1.7203662395477294922 1.7012271881103515625 1.6785775423049926758 1.6608383655548095703 1.6469855308532714844 1.6275671720504760742 1.6090459823608398438 1.5983499288558959961 1.5939726829528808594 1.5867161750793457031 1.5814367532730102539 1.5739043951034545898 1.5661214590072631836 1.5614902973175048828 1.5569132566452026367 1.5513749122619628906 1.5479471683502197266 1.5400373935699462891 1.4588634967803955078
