INPUT/RASTER/ASCII_standard/BIO01.asc
ncols        225
nrows        269
xllcorner    473009.983799999987
yllcorner    4429051.174800000153
cellsize     50.000000000000
NODATA_value  -9999
[rows 133 to 151 of 269, columns 164 to 204 of 225]
-0.36228179931640625 -0.36836376786231994629 -0.37310826778411865234 -0.37612107396125793457 -0.36929997801780700684 -0.35268723964691162109 -0.32386127114295959473 -0.27995711565017700195 -0.25254604220390319824 -0.28722167015075683594 -0.33281525969505310059 -0.35341930389404296875 -0.38199186325073242188 -0.42059543728828430176 -0.45826980471611022949 -0.503215789794921875 -0.54844331741333007813 -0.5693289637565612793 -0.58300632238388061523 -0.60650354623794555664 -0.63150012493133544922 -0.65057665109634399414 -0.65912234783172607422 -0.65713727474212646484 -0.65653187036514282227 -0.653751373291015625 -0.64972484111785888672 -0.64793688058853149414 -0.64555054903030395508 -0.64119321107864379883 -0.62913489341735839844 -0.58762413263320922852 -0.51538676023483276367 -0.45715758204460144043 -0.45372238755226135254 -0.52900779247283935547 -0.58693426847457885742 -0.66489458084106445313 -0.71357136964797973633 -0.72422891855239868164 -9999
-0.32304471731185913086 -0.32697966694831848145 -0.33625748753547668457 -0.35218039155006408691 -0.35263794660568237305 -0.34274068474769592285 -0.31964471936225891113 -0.27350908517837524414 -0.23589104413986206055 -0.26212653517723083496 -0.30910688638687133789 -0.32322773337364196777 -0.35707271099090576172 -0.40415158867835998535 -0.44623962044715881348 -0.48845434188842773438 -0.53363263607025146484 -0.55622881650924682617 -0.57300347089767456055 -0.6007664799690246582 -0.62452417612075805664 -0.64013028144836425781 -0.64549422264099121094 -0.64296716451644897461 -0.64109468460083007813 -0.63839864730834960938 -0.63429468870162963867 -0.62831830978393554688 -0.62099742889404296875 -0.61414116621017456055 -0.60292756557464599609 -0.57103949785232543945 -0.50681287050247192383 -0.4477882683277130127 -0.44186118245124816895 -0.52205997705459594727 -0.58544898033142089844 -0.66944199800491333008 -0.71589082479476928711 -0.72801250219345092773 -0.67071610689163208008
-0.27463537454605102539 -0.27689501643180847168 -0.29142412543296813965 -0.3186028897762298584 -0.32769769430160522461 -0.3250579535961151123 -0.30824807286262512207 -0.27053147554397583008 -0.23561650514602661133 -0.24093823134899139404 -0.2710030972957611084 -0.28743284940719604492 -0.32669809460639953613 -0.37986600399017333984 -0.42567780613899230957 -0.46948340535163879395 -0.51107162237167358398 -0.53879243135452270508 -0.56243747472763061523 -0.59471970796585083008 -0.61842811107635498047 -0.6282901763916015625 -0.62952911853790283203 -0.6286773681640625 -0.62680488824844360352 -0.62418627738952636719 -0.61769604682922363281 -0.60872089862823486328 -0.59740871191024780273 -0.59040462970733642578 -0.57860672473907470703 -0.54808431863784790039 -0.49243155121803283691 -0.44029843807220458984 -0.43880611658096313477 -0.5170269012451171875 -0.58077484369277954102 -0.67077237367630004883 -0.72665041685104370117 -0.70998132228851318359 -0.6542441248893737793
-0.22911922633647918701 -0.23325833678245544434 -0.24843508005142211914 -0.2779579460620880127 -0.29236036539077758789 -0.29614752531051635742 -0.2914663851261138916 -0.26475220918655395508 -0.23147036135196685791 -0.22299502789974212646 -0.2450421452522277832 -0.26053565740585327148 -0.28770035505294799805 -0.33541980385780334473 -0.39369118213653564453 -0.44412782788276672363 -0.48378023505210876465 -0.51104348897933959961 -0.54750710725784301758 -0.59057354927062988281 -0.61305713653564453125 -0.61673867702484130859 -0.61578840017318725586 -0.61417639255523681641 -0.6129093170166015625 -0.61081862449645996094 -0.60294163227081298828 -0.59081292152404785156 -0.57717776298522949219 -0.56790697574615478516 -0.54998493194580078125 -0.51359170675277709961 -0.46532317996025085449 -0.42308732867240905762 -0.43066161870956420898 -0.5133031010627746582 -0.57769161462783813477 -0.66872394084930419922 -0.71667569875717163086 -0.67341917753219604492 -0.63169014453887939453
-0.18830531835556030273 -0.1934299468994140625 -0.21079590916633605957 -0.24070592224597930908 -0.25579819083213806152 -0.26459029316902160645 -0.27283331751823425293 -0.25684705376625061035 -0.22224181890487670898 -0.20254585146903991699 -0.21828573942184448242 -0.22520537674427032471 -0.23460988700389862061 -0.27028509974479675293 -0.34133282303810119629 -0.39940711855888366699 -0.44338870048522949219 -0.47457987070083618164 -0.51891344785690307617 -0.57297527790069580078 -0.5993022918701171875 -0.60159009695053100586 -0.59945011138916015625 -0.59896445274353027344 -0.59864062070846557617 -0.59581083059310913086 -0.58736366033554077148 -0.57204610109329223633 -0.55023837089538574219 -0.53268229961395263672 -0.50588369369506835938 -0.46390125155448913574 -0.42350265383720397949 -0.39937895536422729492 -0.43125292658805847168 -0.52392542362213134766 -0.58485764265060424805 -0.66659104824066162109 -0.68600195646286010742 -0.63136637210845947266 -0.61642193794250488281
-0.14688603579998016357 -0.15125040709972381592 -0.1723753809928894043 -0.20144067704677581787 -0.2175747603178024292 -0.2260430455207824707 -0.23841814696788787842 -0.23195606470108032227 -0.19694255292415618896 -0.16699734330177307129 -0.1583178788423538208 -0.14618915319442749023 -0.14535851776599884033 -0.18109707534313201904 -0.2538623809814453125 -0.31852546334266662598 -0.37331238389015197754 -0.40845263004302978516 -0.45163172483444213867 -0.5093892216682434082 -0.54882341623306274414 -0.56205028295516967773 -0.56560516357421875 -0.57160264253616333008 -0.57433390617370605469 -0.57220804691314697266 -0.56284576654434204102 -0.54048889875411987305 -0.49904850125312805176 -0.46285942196846008301 -0.42084181308746337891 -0.38648295402526855469 -0.37353062629699707031 -0.39433881640434265137 -0.47084200382232666016 -0.56007927656173706055 -0.60843229293823242188 -0.6611003875732421875 -0.62817752361297607422 -0.59295284748077392578 -0.59935861825942993164
-0.090986907482147216797 -0.097434908151626586914 -0.11505429446697235107 -0.13457429409027099609 -0.14868105947971343994 -0.15294688940048217773 -0.15747316181659698486 -0.14859659969806671143 -0.1109926179051399231 -0.075261093676090240479 -0.063843332231044769287 -0.06019697338342666626 -0.061928644776344299316 -0.10601582378149032593 -0.17291739583015441895 -0.23877716064453125 -0.30447500944137573242 -0.34168478846549987793 -0.38014051318168640137 -0.42784589529037475586 -0.46743497252464294434 -0.50035780668258666992 -0.51767450571060180664 -0.52884590625762939453 -0.53821521997451782227 -0.54785907268524169922 -0.53846859931945800781 -0.51028323173522949219 -0.45475718379020690918 -0.39954084157943725586 -0.36028969287872314453 -0.3602263331413269043 -0.3946978151798248291 -0.45223709940910339355 -0.52840238809585571289 -0.60484927892684936523 -0.64305865764617919922 -0.65337121486663818359 -0.59780293703079223633 -0.58040881156921386719 -0.57955706119537353516
-0.047927461564540863037 -0.052158087491989135742 -0.06476548314094543457 -0.079745128750801086426 -0.090311132371425628662 -0.090705335140228271484 -0.087650269269943237305 -0.080322355031967163086 -0.058627210557460784912 -0.030702278017997741699 -0.0099363215267658233643 -0.0018270396394655108452 -0.01271684747189283371 -0.065575003623962402344 -0.12533871829509735107 -0.17987927794456481934 -0.23540532588958740234 -0.2689405977725982666 -0.29961085319519042969 -0.33522269129753112793 -0.37255918979644775391 -0.42954239249229431152 -0.46298614144325256348 -0.47648751735687255859 -0.48210489749908447266 -0.50070273876190185547 -0.49692967534065246582 -0.47134178876876831055 -0.41953954100608825684 -0.36593520641326904297 -0.33931255340576171875 -0.36695590615272521973 -0.43199205398559570313 -0.49162906408309936523 -0.55929791927337646484 -0.63214772939682006836 -0.65667265653610229492 -0.62174361944198608398 -0.57072269916534423828 -0.55976957082748413086 -0.54987227916717529297
-0.038839716464281082153 -0.042760610580444335938 -0.054122053086757659912 -0.067862778902053833008 -0.074979521334171295166 -0.072480566799640655518 -0.065075211226940155029 -0.057353094220161437988 -0.048997435718774795532 -0.035186316817998886108 -0.013054735027253627777 -0.0028618178330361843109 -0.020396731793880462646 -0.079576186835765838623 -0.13107575476169586182 -0.16298493742942810059 -0.19583737850189208984 -0.2211436927318572998 -0.24627402424812316895 -0.28067511320114135742 -0.31413292884826660156 -0.36947596073150634766 -0.40169489383697509766 -0.41178923845291137695 -0.41592836380004882813 -0.43797546625137329102 -0.43628603219985961914 -0.40529900789260864258 -0.35693895816802978516 -0.32534655928611755371 -0.30955034494400024414 -0.34486654400825500488 -0.42265090346336364746 -0.4913686215877532959 -0.56352150440216064453 -0.63236594200134277344 -0.63442844152450561523 -0.57317239046096801758 -0.53636384010314941406 -0.526332855224609375 -0.51463353633880615234
-0.030716355890035629272 -0.035080727189779281616 -0.047308001667261123657 -0.058620169758796691895 -0.059141077101230621338 -0.053791206330060958862 -0.042831003665924072266 -0.036319643259048461914 -0.036214053630828857422 -0.029702696949243545532 -0.0076203895732760429382 -0.0014609956415370106697 -0.023972699418663978577 -0.081814683973789215088 -0.13294117152690887451 -0.1595427095890045166 -0.18009045720100402832 -0.19704814255237579346 -0.21875736117362976074 -0.25357377529144287109 -0.28572934865951538086 -0.32486084103584289551 -0.35572820901870727539 -0.36523830890655517578 -0.36657577753067016602 -0.37693762779235839844 -0.3699194490909576416 -0.33792579174041748047 -0.29906883835792541504 -0.28542664647102355957 -0.26684287190437316895 -0.28891110420227050781 -0.37054595351219177246 -0.45867103338241577148 -0.54424083232879638672 -0.60719335079193115234 -0.58778601884841918945 -0.51873743534088134766 -0.4978306889533996582 -0.48375913500785827637 -0.47465729713439941406
0.0064230281859636306763 0.001650378108024597168 -0.011787659488618373871 -0.021783474832773208618 -0.020136278122663497925 -0.012470471672713756561 0.0041282139718532562256 0.012976623140275478363 0.0094428909942507743835 0.01187849137932062149 0.021346358582377433777 0.017601447179913520813 -0.011421615257859230042 -0.065765067934989929199 -0.11399135738611221313 -0.1376011967658996582 -0.15631870925426483154 -0.17654968798160552979 -0.1996034085750579834 -0.23575025796890258789 -0.26682880520820617676 -0.29630941152572631836 -0.32744428515434265137 -0.33928439021110534668 -0.33919286727905273438 -0.33334320783615112305 -0.31949689984321594238 -0.2935288846492767334 -0.26202797889709472656 -0.24540114402770996094 -0.20896568894386291504 -0.21050025522708892822 -0.29338809847831726074 -0.39155125617980957031 -0.48473757505416870117 -0.53617382049560546875 -0.51426047086715698242 -0.4650204777717590332 -0.45396173000335693359 -0.43866533041000366211 -0.42713493108749389648
0.058886986225843429565 0.056613288819789886475 0.044829487800598144531 0.039507772773504257202 0.038423717021942138672 0.040204662829637527466 0.051460515707731246948 0.064792960882186889648 0.064426921308040618896 0.057809971272945404053 0.049813318997621536255 0.03827589377760887146 0.0071480767801403999329 -0.043014027178287506104 -0.079400204122066497803 -0.09485851973295211792 -0.11142200976610183716 -0.13171634078025817871 -0.15610752999782562256 -0.1939226984977722168 -0.22491675615310668945 -0.25027939677238464355 -0.27193230390548706055 -0.28322333097457885742 -0.29018521308898925781 -0.28743284940719604492 -0.28577861189842224121 -0.27616995573043823242 -0.25056096911430358887 -0.22581075131893157959 -0.18153351545333862305 -0.15640318393707275391 -0.21821534633636474609 -0.31716689467430114746 -0.40462324023246765137 -0.43473738431930541992 -0.42795854806900024414 -0.41599875688552856445 -0.41020539402961730957 -0.39907625317573547363 -0.39094585180282592773
0.094914160668849945068 0.092633426189422607422 0.083777971565723419189 0.087001979351043701172 0.083088122308254241943 0.077210299670696258545 0.077013202011585235596 0.0831796303391456604 0.078998282551765441895 0.064645141363143920898 0.046730101108551025391 0.032574053853750228882 0.0049447738565504550934 -0.038156904280185699463 -0.0628015175461769104 -0.070579953491687774658 -0.082743875682353973389 -0.096899919211864471436 -0.11951017379760742188 -0.15710711479187011719 -0.18632024526596069336 -0.20550234615802764893 -0.21550521254539489746 -0.22250227630138397217 -0.23623596131801605225 -0.23841814696788787842 -0.24463386833667755127 -0.24328935146331787109 -0.22445216774940490723 -0.20236986875534057617 -0.16794764995574951172 -0.13926246762275695801 -0.17894305288791656494 -0.2731571197509765625 -0.35331371426582336426 -0.37557905912399291992 -0.37804281711578369141 -0.38261133432388305664 -0.38096413016319274902 -0.37353765964508056641 -0.37516373395919799805
0.12067098170518875122 0.11567307263612747192 0.11262505501508712769 0.12448628991842269897 0.12095255404710769653 0.1137865409255027771 0.10544496029615402222 0.088684372603893280029 0.068122558295726776123 0.053572308272123336792 0.036290809512138366699 0.022648630663752555847 -0.0028758964035660028458 -0.03785421326756477356 -0.054579608142375946045 -0.061562601476907730103 -0.077914908528327941895 -0.095316074788570404053 -0.11680004000663757324 -0.15016636252403259277 -0.17460682988166809082 -0.18356083333492279053 -0.18551072478294372559 -0.18979765474796295166 -0.20491105318069458008 -0.21140833199024200439 -0.20969778299331665039 -0.20422823727130889893 -0.18974134325981140137 -0.16989754140377044678 -0.13829809427261352539 -0.10234834253787994385 -0.1331523507833480835 -0.22861239314079284668 -0.31817349791526794434 -0.35340523719787597656 -0.36207765340805053711 -0.3722705841064453125 -0.3733475804328918457 -0.36731490492820739746 -0.36166235804557800293
0.1468149721622467041 0.13883239030838012695 0.14538599550724029541 0.15395987033843994141 0.13364443182945251465 0.11813683062791824341 0.094336934387683868408 0.071550697088241577148 0.055043522268533706665 0.041964489966630935669 0.026055656373500823975 0.014166266657412052155 -0.0073880921117961406708 -0.034925863146781921387 -0.046336580067873001099 -0.050891011953353881836 -0.0695592537522315979 -0.089325629174709320068 -0.11229488998651504517 -0.14438004791736602783 -0.16134478151798248291 -0.16188681125640869141 -0.16154891252517700195 -0.1649770587682723999 -0.17525444924831390381 -0.18708752095699310303 -0.18528546392917633057 -0.18125897645950317383 -0.17207267880439758301 -0.15971869230270385742 -0.12483893334865570068 -0.064279772341251373291 -0.075943902134895324707 -0.15696632862091064453 -0.24894191324710845947 -0.31758219003677368164 -0.3427899479866027832 -0.36293646693229675293 -0.36272528767585754395 -0.36258450150489807129 -0.35244789719581604004
0.16539874672889709473 0.16303353011608123779 0.16632792353630065918 0.15234082937240600586 0.11615175008773803711 0.094231344759464263916 0.067418627440929412842 0.054550770670175552368 0.045244805514812469482 0.033397652208805084229 0.017714077606797218323 0.0062188883312046527863 -0.01306881289929151535 -0.035763539373874664307 -0.043717958033084869385 -0.045146934688091278076 -0.064786605536937713623 -0.086418390274047851563 -0.10862740874290466309 -0.1348628997802734375 -0.14619618654251098633 -0.14487983286380767822 -0.14363388717174530029 -0.14644256234169006348 -0.15350298583507537842 -0.16401267051696777344 -0.16504041850566864014 -0.16162635385990142822 -0.15302431583404541016 -0.14302146434783935547 -0.10834583640098571777 -0.046343617141246795654 -0.051918748766183853149 -0.11920044571161270142 -0.21154911816120147705 -0.29257154464721679688 -0.31970104575157165527 -0.3411216437816619873 -0.35015308856964111328 -0.35617169737815856934 -0.34031915664672851563
0.17186786234378814697 0.17554941773414611816 0.17409229278564453125 0.14754001796245574951 0.1036710590124130249 0.081926636397838592529 0.058682844042778015137 0.050045613199472427368 0.044435288757085800171 0.0333765372633934021 0.017186129465699195862 0.0059584341943264007568 -0.011513126082718372345 -0.035439729690551757813 -0.041845500469207763672 -0.041972208768129348755 -0.060760118067264556885 -0.078907452523708343506 -0.095829948782920837402 -0.11474456638097763062 -0.11989030241966247559 -0.11352676898241043091 -0.10662120580673217773 -0.10905680805444717407 -0.1178700178861618042 -0.12448696792125701904 -0.13311715424060821533 -0.13485586643218994141 -0.12189650535583496094 -0.10774749517440795898 -0.075261093676090240479 -0.030399587005376815796 -0.046069085597991943359 -0.12000996619462966919 -0.21476608514785766602 -0.28550407290458679199 -0.30773422122001647949 -0.32773289084434509277 -0.34125539660453796387 -0.34522557258605957031 -0.33224508166313171387
0.17980116605758666992 0.19356301426887512207 0.18928311765193939209 0.15274910628795623779 0.10611369460821151733 0.087016053497791290283 0.067496053874492645264 0.057795893400907516479 0.0526712760329246521 0.043041504919528961182 0.030180690810084342957 0.022240351885557174683 0.0081687765195965766907 -0.015131330117583274841 -0.021917222067713737488 -0.026760265231132507324 -0.045449625700712203979 -0.05611417815089225769 -0.067412264645099639893 -0.079540990293025970459 -0.068503357470035552979 -0.043577171862125396729 -0.02557766251266002655 -0.026021137833595275879 -0.042141150683164596558 -0.058606091886758804321 -0.075437076389789581299 -0.087565802037715911865 -0.071558415889739990234 -0.05129928886890411377 -0.026133766397833824158 -0.012322646565735340118 -0.056796990334987640381 -0.14114901423454284668 -0.22965422272682189941 -0.28898853063583374023 -0.30994454026222229004 -0.33179455995559692383 -0.3424943089485168457 -0.34055849909782409668 -0.33655312657356262207
0.19421766698360443115 0.22892144322395324707 0.21784861385822296143 0.16915772855281829834 0.12628130614757537842 0.1086689680814743042 0.087952286005020141602 0.073683604598045349121 0.064131267368793487549 0.058718040585517883301 0.056000869721174240112 0.055177271366119384766 0.046941280364990234375 0.034425392746925354004 0.0300399046391248703 0.010484708473086357117 -0.011280829086899757385 -0.023071669042110443115 -0.036199975758790969849 -0.039642196148633956909 -0.0078104506246745586395 0.033116079866886138916 0.057964835315942764282 0.060696087777614593506 0.045061785727739334106 0.01758736930787563324 -0.01401911955326795578 -0.032891500741243362427 -0.018411647528409957886 0.0048039876855909824371 0.016313254833221435547 -0.0070502054877579212189 -0.078562527894973754883 -0.17306523025035858154 -0.25720605254173278809 -0.310176849365234375 -0.32950678467750549316 -0.34980112314224243164 -0.35825532674789428711 -0.35829052329063415527 -0.35440480709075927734
