INPUT/RASTER/ASCII_standard/BIO01.asc
ncols        225
nrows        269
xllcorner    473009.983799999987
yllcorner    4429051.174800000153
cellsize     50.000000000000
NODATA_value  -9999
[rows 152 to 170 of 269, columns 123 to 163 of 225]
-0.32861280441284179688 -0.32926744222640991211 -0.32348817586898803711 -0.31741327047348022461 -0.30460172891616821289 -0.28829163312911987305 -0.27220681309700012207 -0.26384413242340087891 -0.25636133551597595215 -0.2506313621997833252 -0.24314153194427490234 -0.24163511395454406738 -0.25250381231307983398 -0.25560110807418823242 -0.25159573554992675781 -0.24519701302051544189 -0.23553203046321868896 -0.21946834027767181396 -0.19786471128463745117 -0.15767025947570800781 -0.10725474357604980469 -0.08613681793212890625 -0.06527935713529586792 -0.026035217568278312683 -0.025591740384697914124 -0.072565034031867980957 -0.12785878777503967285 -0.16128142178058624268 -0.19812515377998352051 -0.23520822823047637939 -0.25332739949226379395 -0.26475220918655395508 -0.26792693138122558594 -0.26897579431533813477 -0.25811412930488586426 -0.22218550741672515869 -0.14889928698539733887 -0.044105120003223419189 0.055296938866376876831 0.10566318035125732422 0.14737811684608459473
-0.32453000545501708984 -0.32794407010078430176 -0.32589563727378845215 -0.32511425018310546875 -0.31891262531280517578 -0.30617851018905639648 -0.29366967082023620605 -0.28199145197868347168 -0.27181261777877807617 -0.26383006572723388672 -0.25460857152938842773 -0.26021888852119445801 -0.2679691612720489502 -0.2608172297477722168 -0.25529840588569641113 -0.24880112707614898682 -0.23532085120677947998 -0.21626545488834381104 -0.19502785801887512207 -0.16423089802265167236 -0.12879502773284912109 -0.10624108463525772095 -0.063758864998817443848 -0.0022423588670790195465 0.020529799163341522217 -0.0042485613375902175903 -0.064659893512725830078 -0.11388576775789260864 -0.16927103698253631592 -0.22397349774837493896 -0.24798457324504852295 -0.25828307867050170898 -0.26488596200942993164 -0.26932072639465332031 -0.26371741294860839844 -0.23998087644577026367 -0.1713476330041885376 -0.054783746600151062012 0.058161936700344085693 0.1127376854419708252 0.15581120550632476807
-0.3193842768669128418 -0.32442441582679748535 -0.3255507051944732666 -0.32612791657447814941 -0.32433992624282836914 -0.31595611572265625 -0.30630522966384887695 -0.29276159405708312988 -0.28096371889114379883 -0.27298820018768310547 -0.27177742123603820801 -0.27712026238441467285 -0.26976418495178222656 -0.26333025097846984863 -0.25902220606803894043 -0.25205329060554504395 -0.23522230982780456543 -0.21474497020244598389 -0.1905930936336517334 -0.16465325653553009033 -0.14507694542407989502 -0.13034367561340332031 -0.090290009975433349609 -0.012139624916017055511 0.044153716415166854858 0.047828234732151031494 -0.0047413129359483718872 -0.049792878329753875732 -0.12070685625076293945 -0.19933591783046722412 -0.23169562220573425293 -0.24601356685161590576 -0.2566077113151550293 -0.26371741294860839844 -0.26465365290641784668 -0.25282058119773864746 -0.18606682121753692627 -0.058261163532733917236 0.065222360193729400635 0.12417656183242797852 0.17325460910797119141
-0.31428077816963195801 -0.3200741112232208252 -0.32507202029228210449 -0.32616311311721801758 -0.32648691534996032715 -0.32400205731391906738 -0.31503397226333618164 -0.30024439096450805664 -0.28760883212089538574 -0.28573638200759887695 -0.28967839479446411133 -0.28201961517333984375 -0.27265733480453491211 -0.26403418183326721191 -0.25997954607009887695 -0.25263050198554992676 -0.23689766228199005127 -0.215814933180809021 -0.18685522675514221191 -0.15214440226554870605 -0.12833042442798614502 -0.10861332714557647705 -0.055466558784246444702 0.024373261258006095886 0.094252467155456542969 0.10761307179927825928 0.060604576021432876587 0.019417589530348777771 -0.05441066250205039978 -0.14875145256519317627 -0.20329904556274414063 -0.23068898916244506836 -0.24426782131195068359 -0.25637543201446533203 -0.25994434952735900879 -0.24897007644176483154 -0.18170244991779327393 -0.048765141516923904419 0.07907571643590927124 0.14068374037742614746 0.19768804311752319336
-0.30238434672355651855 -0.30770605802536010742 -0.31188741326332092285 -0.31833541393280029297 -0.32298135757446289063 -0.32395982742309570313 -0.31721615791320800781 -0.30379924178123474121 -0.29230403900146484375 -0.29462701082229614258 -0.29446512460708618164 -0.28030908107757568359 -0.26898282766342163086 -0.2576847374439239502 -0.25142678618431091309 -0.2455841749906539917 -0.23496888577938079834 -0.21400584280490875244 -0.1749728769063949585 -0.11974247545003890991 -0.071910381317138671875 -0.035418614745140075684 0.028744671493768692017 0.10212241113185882568 0.17191714048385620117 0.18249018490314483643 0.13057528436183929443 0.088599897921085357666 0.012251574546098709106 -0.084989413619041442871 -0.16142925620079040527 -0.20995824038982391357 -0.23256848752498626709 -0.24264878034591674805 -0.24666118621826171875 -0.22907699644565582275 -0.15569221973419189453 -0.025676213204860687256 0.10117210447788238525 0.16521571576595306396 0.22339558601379394531
-0.27738070487976074219 -0.28577861189842224121 -0.28977695107460021973 -0.29683735966682434082 -0.3029263615608215332 -0.30744558572769165039 -0.30973336100578308105 -0.30918431282043457031 -0.30349653959274291992 -0.29471853375434875488 -0.2752126157283782959 -0.25255307555198669434 -0.23793244361877441406 -0.22762688994407653809 -0.22106626629829406738 -0.21690602600574493408 -0.21774370968341827393 -0.19819554686546325684 -0.13920615613460540771 -0.045780472457408905029 0.0263301897794008255 0.070100598037242889404 0.1468149721622467041 0.21174554526805877686 0.24962405860424041748 0.24109241366386413574 0.1896210014820098877 0.14937727153301239014 0.072536200284957885742 -0.019812470301985740662 -0.10289037227630615234 -0.17596541345119476318 -0.21745510399341583252 -0.2289362102746963501 -0.23563058674335479736 -0.21178846061229705811 -0.13190639019012451172 -0.0081201801076531410217 0.1156026795506477356 0.18176512420177459717 0.23880463838577270508
-0.26123255491256713867 -0.27036955952644348145 -0.27675423026084899902 -0.28156909346580505371 -0.28753140568733215332 -0.29491564631462097168 -0.30538308620452880859 -0.30909278988838195801 -0.29523944854736328125 -0.27698650956153869629 -0.24031172692775726318 -0.20391850173473358154 -0.18660885095596313477 -0.18031571805477142334 -0.17696499824523925781 -0.17613436281681060791 -0.18261756002902984619 -0.15960606932640075684 -0.090191461145877838135 0.0078097716905176639557 0.089127846062183380127 0.13933922350406646729 0.22080512344837188721 0.27136847376823425293 0.28162473440170288086 0.26133042573928833008 0.21432192623615264893 0.17633078992366790771 0.10181268304586410522 0.010822595097124576569 -0.073529422283172607422 -0.15657916665077209473 -0.20996527373790740967 -0.22416356205940246582 -0.23149147629737854004 -0.20427751541137695313 -0.11894702911376953125 0.0037692096084356307983 0.1243877410888671875 0.18936757743358612061 0.24594953656196594238
-0.25701600313186645508 -0.26566731929779052734 -0.27161553502082824707 -0.27591654658317565918 -0.28100594878196716309 -0.28996700048446655273 -0.30641785264015197754 -0.29954046010971069336 -0.27632480859756469727 -0.24839285016059875488 -0.19880796968936920166 -0.14678749442100524902 -0.12162900716066360474 -0.11708865314722061157 -0.1169901043176651001 -0.11853875219821929932 -0.12357889860868453979 -0.097969897091388702393 -0.040141988545656204224 0.035432014614343643188 0.12338111549615859985 0.17805542051792144775 0.25049692392349243164 0.28767150640487670898 0.29173317551612854004 0.27219912409782409668 0.22728833556175231934 0.18913528323173522949 0.11090746521949768066 0.013413060456514358521 -0.075845353305339813232 -0.15767729282379150391 -0.20936693251132965088 -0.2225656360387802124 -0.22622607648372650146 -0.19357776641845703125 -0.10189078748226165771 0.020804332569241523743 0.13774129748344421387 0.2006797492504119873 0.25597351789474487305
-0.26259112358093261719 -0.27132689952850341797 -0.27453684806823730469 -0.27743703126907348633 -0.28653180599212646484 -0.30500295758247375488 -0.31077519059181213379 -0.29158604145050048828 -0.26896169781684875488 -0.22611343860626220703 -0.16442799568176269531 -0.10154586285352706909 -0.064561344683170318604 -0.050827655941247940063 -0.043922096490859985352 -0.044316299259662628174 -0.047026429325342178345 -0.031004967167973518372 0.0076971431262791156769 0.071226887404918670654 0.16196355223655700684 0.2155186086893081665 0.27162891626358032227 0.29273277521133422852 0.29974392056465148926 0.28711539506912231445 0.24583689868450164795 0.20732484757900238037 0.11603207886219024658 0.00036218485911376774311 -0.097892463207244873047 -0.17010167241096496582 -0.20563609898090362549 -0.21336525678634643555 -0.20947252213954925537 -0.17186854779720306396 -0.076767504215240478516 0.04706094786524772644 0.16154824197292327881 0.22122044861316680908 0.27339580655097961426
-0.29576036334037780762 -0.30122989416122436523 -0.30358102917671203613 -0.30710068345069885254 -0.32587450742721557617 -0.3390732109546661377 -0.32541695237159729004 -0.29711189866065979004 -0.27258694171905517578 -0.22300207614898681641 -0.15265826880931854248 -0.087382778525352478027 -0.038107629865407943726 -0.00088377250358462333679 0.02354966290295124054 0.036790598183870315552 0.051249336451292037964 0.054065059870481491089 0.070339940488338470459 0.14128911495208740234 0.22436702251434326172 0.26069688796997070313 0.29100111126899719238 0.31271031498908996582 0.32984399795532226563 0.32443779706954956055 0.28485578298568725586 0.24502034485340118408 0.13996572792530059814 -0.0021015726961195468903 -0.10428415238857269287 -0.15443217754364013672 -0.17477577924728393555 -0.17677493393421173096 -0.16435056924819946289 -0.12359297275543212891 -0.030906418338418006897 0.098813936114311218262 0.21638444066047668457 0.27506411075592041016 0.3224315941333770752
-0.30279260873794555664 -0.30419343709945678711 -0.30591103434562683105 -0.31854659318923950195 -0.33472290635108947754 -0.3295631110668182373 -0.30074417591094970703 -0.25932490825653076172 -0.22633166611194610596 -0.18781256675720214844 -0.13144883513450622559 -0.066314131021499633789 -0.0082398485392332077026 0.054818265140056610107 0.10036258399486541748 0.12406393140554428101 0.14504106342792510986 0.13936738669872283936 0.15743727982044219971 0.20193274319171905518 0.23016740381717681885 0.23460921645164489746 0.25650146603584289551 0.31751817464828491211 0.36768731474876403809 0.37181937694549560547 0.33791103959083557129 0.30120810866355895996 0.19868762791156768799 0.048855971544981002808 -0.047005314379930496216 -0.081617586314678192139 -0.09702663123607635498 -0.1025384068489074707 -0.10439678281545639038 -0.073367521166801452637 0.018974112346768379211 0.1513271629810333252 0.26871466636657714844 0.32512766122817993164 0.37412828207015991211
-0.27369213104248046875 -0.27121427655220031738 -0.27967554330825805664 -0.28976988792419433594 -0.28709495067596435547 -0.26107767224311828613 -0.21689899265766143799 -0.16851782798767089844 -0.12871055305004119873 -0.090592704713344573975 -0.040043439716100692749 0.018995231017470359802 0.063631474971771240234 0.10052448511123657227 0.12270534038543701172 0.12505647540092468262 0.12278277426958084106 0.12123412638902664185 0.14948990941047668457 0.151714324951171875 0.14493547379970550537 0.15434703230857849121 0.20717702805995941162 0.30572029948234558105 0.384616851806640625 0.39866730570793151855 0.37741562724113464355 0.35375651717185974121 0.28636220097541809082 0.18310964107513427734 0.10270667076110839844 0.059365656226873397827 0.0300399046391248703 0.010006035678088665009 -0.027203742414712905884 -0.024641433730721473694 0.058049306273460388184 0.18322931230068206787 0.29701972007751464844 0.35431262850761413574 0.40584740042686462402
-0.2176662832498550415 -0.21787041425704956055 -0.22531799972057342529 -0.21964432299137115479 -0.1996526867151260376 -0.16256961226463317871 -0.11653254926204681396 -0.072135642170906066895 -0.04158504679799079895 -0.011527204886078834534 0.026020459830760955811 0.063793383538722991943 0.080729953944683074951 0.082595370709896087646 0.072754420340061187744 0.053396325558423995972 0.051882874220609664917 0.082996614277362823486 0.1210370287299156189 0.12737944722175598145 0.1283579021692276001 0.14971517026424407959 0.22434589266777038574 0.32642289996147155762 0.40020185708999633789 0.42084816098213195801 0.41508999466896057129 0.40572771430015563965 0.37354400753974914551 0.32150241732597351074 0.25927492976188659668 0.20517787337303161621 0.15859876573085784912 0.12855501472949981689 0.073387958109378814697 0.051376044750213623047 0.10615593194961547852 0.21232980489730834961 0.32275542616844177246 0.38219532370567321777 0.43282905220985412598
-0.18558111786842346191 -0.19367632269859313965 -0.18669332563877105713 -0.17587390542030334473 -0.15232038497924804688 -0.11877104640007019043 -0.074719063937664031982 -0.029646381735801696777 -0.0016862534685060381889 0.02405649237334728241 0.043872144073247909546 0.052262995392084121704 0.046863846480846405029 0.024028334766626358032 -0.0047131557948887348175 -0.008859307505190372467 0.021832071244716644287 0.069783829152584075928 0.11922088265419006348 0.14472429454326629639 0.15964762866497039795 0.18339824676513671875 0.25493872165679931641 0.34520375728607177734 0.41097906231880187988 0.43734830617904663086 0.44709068536758422852 0.45054700970649719238 0.44599255919456481934 0.42764812707901000977 0.3852081596851348877 0.32942163944244384766 0.26545545458793640137 0.2290340811014175415 0.17180451750755310059 0.13951520621776580811 0.16071760654449462891 0.23843155801296234131 0.34462654590606689453 0.40608674287796020508 0.4520956575870513916
-0.15964829921722412109 -0.15886694192886352539 -0.14699867367744445801 -0.14048027992248535156 -0.12263563275337219238 -0.090993940830230712891 -0.046062044799327850342 -0.0024887344334274530411 0.019487982615828514099 0.032081302255392074585 0.02968793921172618866 0.017833745107054710388 0.0096259126439690589905 -0.0073669743724167346954 -0.023817835375666618347 -0.01153424382209777832 0.034122701734304428101 0.083017729222774505615 0.13754419982433319092 0.17583099007606506348 0.19889175891876220703 0.21910865604877471924 0.27330428361892700195 0.34849113225936889648 0.41390740871429443359 0.45203229784965515137 0.47516345977783203125 0.49036836624145507813 0.5045948028564453125 0.50524944067001342773 0.4801120758056640625 0.42659926414489746094 0.35006088018417358398 0.30698031187057495117 0.24223981797695159912 0.20139071345329284668 0.20357289910316467285 0.26310431957244873047 0.36167573928833007813 0.42091855406761169434 0.46235191822052001953
-0.13111095130443572998 -0.11680004000663757324 -0.10450941324234008789 -0.1028622165322303772 -0.096512757241725921631 -0.074374139308929443359 -0.031040163710713386536 0.01541222352534532547 0.034650649875402450562 0.032911941409111022949 0.016996067017316818237 0.0063033602200448513031 0.0080561479553580284119 0.020093362778425216675 0.033482126891613006592 0.056303560733795166016 0.095730721950531005859 0.1247819364070892334 0.16089358925819396973 0.19476673007011413574 0.22597901523113250732 0.24778679013252258301 0.29476714134216308594 0.35788860917091369629 0.4184055328369140625 0.46628689765930175781 0.49582383036613464355 0.51884233951568603516 0.55370801687240600586 0.57279866933822631836 0.55615770816802978516 0.49931532144546508789 0.41705396771430969238 0.37006658315658569336 0.2953936159610748291 0.24764600396156311035 0.24332387745380401611 0.29195845127105712891 0.37770423293113708496 0.42821127176284790039 0.46925747394561767578
-0.11329446732997894287 -0.090339288115501403809 -0.071276843547821044922 -0.06865822523832321167 -0.062864869832992553711 -0.041894774883985519409 -0.0027069530915468931198 0.040950831025838851929 0.057711418718099594116 0.052636079490184783936 0.038634896278381347656 0.040225781500339508057 0.064448036253452301025 0.1112594306468963623 0.14140173792839050293 0.16732750833034515381 0.19922260940074920654 0.20736004412174224854 0.21054181456565856934 0.2226212620735168457 0.24634373188018798828 0.26847532391548156738 0.31161922216415405273 0.36204883456230163574 0.41539973020553588867 0.47613486647605895996 0.51109206676483154297 0.53752470016479492188 0.59176957607269287109 0.63204145431518554688 0.62553715705871582031 0.56877213716506958008 0.48429343104362487793 0.43423691391944885254 0.34820955991744995117 0.28943133354187011719 0.28234276175498962402 0.32336783409118652344 0.39472529292106628418 0.44181120395660400391 0.48007687926292419434
-0.13762231171131134033 -0.11009158194065093994 -0.078309111297130584717 -0.018770651891827583313 0.047046869993209838867 0.1127376854419708252 0.15768365561962127686 0.19964496791362762451 0.21560308337211608887 0.20783872902393341064 0.17890013754367828369 0.18931126594543457031 0.25795155763626098633 0.32607093453407287598 0.36509683728218078613 0.38915720582008361816 0.40527015924453735352 0.39840683341026306152 0.37571212649345397949 0.3558190464973449707 0.35657927393913269043 0.36815893650054931641 0.39237415790557861328 0.40905731916427612305 0.45008945465087890625 0.51964485645294189453 0.56100076436996459961 0.59497952461242675781 0.65460240840911865234 0.69971030950546264648 0.7109591364860534668 0.66640031337738037109 0.56606906652450561523 0.50232815742492675781 0.39741429686546325684 0.33214583992958068848 0.32239639759063720703 0.36076062917709350586 0.43152678012847900391 0.47980237007141113281 0.51155668497085571289
-0.21912340819835662842 -0.20040589570999145508 -0.15158125758171081543 -0.052312951534986495972 0.061519686132669448853 0.18539036810398101807 0.27509930729866027832 0.35074371099472045898 0.38563051819801330566 0.37677505612373352051 0.34445056319236755371 0.34442239999771118164 0.39579525589942932129 0.45267286896705627441 0.48709508776664733887 0.50922667980194091797 0.52393180131912231445 0.52017980813980102539 0.49956169724464416504 0.4725659489631652832 0.46092292666435241699 0.46435108780860900879 0.47838041186332702637 0.4856942594051361084 0.51408380270004272461 0.57234811782836914063 0.6113529205322265625 0.64623975753784179688 0.69928091764450073242 0.73497724533081054688 0.74804216623306274414 0.70837569236755371094 0.59417700767517089844 0.51934212446212768555 0.40607967972755432129 0.34527415037155151367 0.34131103754043579102 0.3892205655574798584 0.46794113516807556152 0.51730775833129882813 0.54679542779922485352
