INPUT/RASTER/ASCII_standard/BIO02.asc
ncols        225
nrows        269
xllcorner    473009.983799999987
yllcorner    4429051.174800000153
cellsize     50.000000000000
NODATA_value  -9999
[rows 198 to 215 of 269, columns 168 to 209 of 225]
0.35477307438850402832 0.3664423525333404541 0.38725554943084716797 0.41757112741470336914 0.47525727748870849609 0.52940416336059570313 0.53989452123641967773 0.52137553691864013672 0.46456417441368103027 0.41490906476974487305 0.40961557626724243164 0.41390696167945861816 0.41244742274284362793 0.40308180451393127441 0.39866074919700622559 0.40763255953788757324 0.47698089480400085449 0.61707103252410888672 0.67114013433456420898 0.62659937143325805664 0.56975263357162475586 0.53941822052001953125 0.52316987514495849609 0.50787413120269775391 0.49594786763191223145 0.48657757043838500977 0.47547891736030578613 0.47099417448043823242 0.47195383906364440918 0.47432824969291687012 0.47639375925064086914 0.47599291801452636719 0.47946375608444213867 0.47687715291976928711 0.46556863188743591309 0.45048040151596069336 0.43760624527931213379 0.42148289084434509277 0.34830534458160400391 0.28982695937156677246 0.087094351649284362793 0.011582466773688793182
0.34075295925140380859 0.3542213141918182373 0.37597298622131347656 0.40584528446197509766 0.47220849990844726563 0.53423786163330078125 0.54378265142440795898 0.5256220698356628418 0.48341324925422668457 0.44250598549842834473 0.42808738350868225098 0.42756158113479614258 0.42885607481002807617 0.43102061748504638672 0.43338087201118469238 0.43513989448547363281 0.4361585080623626709 0.52938294410705566406 0.66397446393966674805 0.63791495561599731445 0.59399658441543579102 0.56949800252914428711 0.54719454050064086914 0.52345752716064453125 0.50622361898422241211 0.49212336540222167969 0.4783814847469329834 0.47693845629692077637 0.48124161362648010254 0.48548114299774169922 0.4878508448600769043 0.48441773653030395508 0.48447903990745544434 0.47930815815925598145 0.46490842103958129883 0.44456914067268371582 0.42149940133094787598 0.32744497060775756836 0.080871842801570892334 -0.022538766264915466309 -0.064740538597106933594 -0.080123506486415863037
0.32871115207672119141 0.34238699078559875488 0.36263903975486755371 0.38655054569244384766 0.44911754131317138672 0.5211232304573059082 0.54367655515670776367 0.53980016708374023438 0.50937378406524658203 0.46840047836303710938 0.44425553083419799805 0.43873333930969238281 0.43747892975807189941 0.4397354423999786377 0.44596502184867858887 0.4486789703369140625 0.44216644763946533203 0.48452854156494140625 0.58111304044723510742 0.62630695104598999023 0.60467791557312011719 0.57668721675872802734 0.55284881591796875 0.52828651666641235352 0.5095977783203125 0.49530887603759765625 0.48542219400405883789 0.4841607213020324707 0.48804417252540588379 0.49169421195983886719 0.49302172660827636719 0.49478778243064880371 0.49141126871109008789 0.48511803150177001953 0.46875181794166564941 0.42795297503471374512 0.28384494781494140625 0.10019486397504806519 -0.073603898286819458008 -0.085089251399040222168 -0.088163956999778747559 -0.090790659189224243164
0.31954362988471984863 0.33177879452705383301 0.35052412748336791992 0.37521374225616455078 0.42961531877517700195 0.49654206633567810059 0.53113722801208496094 0.54924356937408447266 0.52568578720092773438 0.47937887907028198242 0.45420354604721069336 0.44765564799308776855 0.44596502184867858887 0.44599330425262451172 0.45073270797729492188 0.44882044196128845215 0.43893140554428100586 0.40809708833694458008 0.4131972193717956543 0.58629566431045532227 0.60081094503402709961 0.57311028242111206055 0.55228763818740844727 0.53167009353637695313 0.51882660388946533203 0.50929594039916992188 0.49968042969703674316 0.4963086247444152832 0.49867832660675048828 0.50138753652572631836 0.50134980678558349609 0.50133568048477172852 0.49903908371925354004 0.48882699012756347656 0.40434566140174865723 0.24645566940307617188 -0.017443334683775901794 -0.075817972421646118164 -0.080965273082256317139 -0.082012183964252471924 -0.082049913704395294189 -0.084025837481021881104
0.31877729296684265137 0.32964017987251281738 0.34755787253379821777 0.37573719024658203125 0.42506927251815795898 0.48179572820663452148 0.52390080690383911133 0.56155186891555786133 0.54200714826583862305 0.48551651835441589355 0.46202942728996276855 0.45632094144821166992 0.45654964447021484375 0.45596489310264587402 0.45442047715187072754 0.44677615165710449219 0.42932057380676269531 0.39730730652809143066 0.38517588376998901367 0.50365585088729858398 0.58483850955963134766 0.56912779808044433594 0.55055695772171020508 0.53471416234970092773 0.52606064081192016602 0.51951748132705688477 0.51101016998291015625 0.50540304183959960938 0.50687909126281738281 0.51056689023971557617 0.51191091537475585938 0.50970155000686645508 0.50342005491256713867 0.4428030550479888916 0.20004267990589141846 -0.01071623433381319046 -0.066676378250122070313 -0.077258646488189697266 -0.081193991005420684814 -0.082054629921913146973 -0.081686794757843017578 -0.079786323010921478271
0.32202649116516113281 0.3329435884952545166 0.35080471634864807129 0.37917503714561462402 0.42895981669425964355 0.48585841059684753418 0.53464818000793457031 0.58948594331741333008 0.56399935483932495117 0.4894612729549407959 0.46634438633918762207 0.46676173806190490723 0.468273162841796875 0.46809160709381103516 0.46086698770523071289 0.44592022895812988281 0.41919809579849243164 0.37755277752876281738 0.34529900550842285156 0.40858045220375061035 0.56325423717498779297 0.56500142812728881836 0.55070078372955322266 0.53815197944641113281 0.53193187713623046875 0.52568811178207397461 0.52033329010009765625 0.51583677530288696289 0.51697802543640136719 0.51849180459976196289 0.5176995396614074707 0.4999751746654510498 0.38282504677772521973 0.19994364678859710693 0.035295911133289337158 -0.051998421549797058105 -0.074327774345874786377 -0.080071628093719482422 -0.083768822252750396729 -0.083540104329586029053 -0.080800220370292663574 -0.075292155146598815918
0.32670223712921142578 0.33897748589515686035 0.35643538832664489746 0.38714709877967834473 0.44692939519882202148 0.50832921266555786133 0.56042945384979248047 0.61631178855895996094 0.57816797494888305664 0.49531832337379455566 0.47627824544906616211 0.48154580593109130859 0.48313501477241516113 0.47762930393218994141 0.46117115020751953125 0.43672910332679748535 0.40258902311325073242 0.35213223099708557129 0.31857687234878540039 0.33300489187240600586 0.4643071591854095459 0.54723227024078369141 0.54737848043441772461 0.53962570428848266602 0.53617370128631591797 0.53087788820266723633 0.52906697988510131836 0.53017991781234741211 0.52370983362197875977 0.50087589025497436523 0.4875513911247253418 0.28463014960289001465 0.13945868611335754395 0.019339971244335174561 -0.016801984980702400208 -0.056042227894067764282 -0.08084030449390411377 -0.083257161080837249756 -0.079859420657157897949 -0.073280863463878631592 -0.067954361438751220703 -0.062462799251079559326
0.33721140027046203613 0.34760034084320068359 0.36834281682968139648 0.41137456893920898438 0.49928429722785949707 0.57039165496826171875 0.6077550053596496582 0.62750715017318725586 0.57181107997894287109 0.5017554163932800293 0.49389886856079101563 0.50702297687530517578 0.50868529081344604492 0.49037849903106689453 0.4565779566764831543 0.41473692655563354492 0.37059226632118225098 0.32130733132362365723 0.29262107610702514648 0.27317780256271362305 0.32421228289604187012 0.49186161160469055176 0.5426108241081237793 0.53886175155639648438 0.53840428590774536133 0.53447365760803222656 0.53466939926147460938 0.53459155559539794922 0.4521993100643157959 0.28390154242515563965 0.22648422420024871826 0.075891949236392974854 0.028733862563967704773 0.01157067716121673584 -0.014217722229659557343 -0.049114704132080078125 -0.072377786040306091309 -0.072509832680225372314 -0.064733460545539855957 -0.057001896202564239502 -0.052422843873500823975 -0.049998920410871505737
0.34971064329147338867 0.3582439124584197998 0.37886142730712890625 0.43135309219360351563 0.54954773187637329102 0.62759912014007568359 0.64111930131912231445 0.62941938638687133789 0.57254678010940551758 0.51266539096832275391 0.50865459442138671875 0.52430874109268188477 0.52605831623077392578 0.50075328350067138672 0.45289254188537597656 0.39735209941864013672 0.34361311793327331543 0.29500490427017211914 0.27042612433433532715 0.25628340244293212891 0.26841011643409729004 0.44243288040161132813 0.53726309537887573242 0.53914469480514526367 0.54044622182846069336 0.53705322742462158203 0.52688831090927124023 0.46980577707290649414 0.28069007396697998047 0.091798372566699981689 0.057285726070404052734 0.050004515796899795532 0.035701468586921691895 0.0180148296058177948 -0.0063352482393383979797 -0.035087533295154571533 -0.051590505987405776978 -0.051465533673763275146 -0.046539872884750366211 -0.042623393237590789795 -0.040729995816946029663 -0.039419002830982208252
0.3647587895393371582 0.37246206402778625488 0.38971486687660217285 0.44203674793243408203 0.57461935281753540039 0.65110033750534057617 0.65456175804138183594 0.64472925662994384766 0.60008943080902099609 0.53213697671890258789 0.52573293447494506836 0.54005008935928344727 0.53843021392822265625 0.50902247428894042969 0.45284539461135864258 0.38755738735198974609 0.3298193812370300293 0.28160023689270019531 0.25940763950347900391 0.24854949116706848145 0.24666552245616912842 0.33867803215980529785 0.51524966955184936523 0.54212033748626708984 0.54524219036102294922 0.53998172283172607422 0.44679737091064453125 0.19113688170909881592 0.10755388438701629639 0.066132582724094390869 0.066160872578620910645 0.057040501385927200317 0.043779648840427398682 0.028858831152319908142 0.0087859919294714927673 -0.014507744461297988892 -0.025363534688949584961 -0.026533056050539016724 -0.025438988581299781799 -0.025328166782855987549 -0.027049437165260314941 -0.028664601966738700867
0.3781045377254486084 0.38885185122489929199 0.40553873777389526367 0.44423666596412658691 0.54352563619613647461 0.61856126785278320313 0.63945227861404418945 0.65446037054061889648 0.62973302602767944336 0.57353001832962036133 0.56477272510528564453 0.57741343975067138672 0.56852418184280395508 0.52611017227172851563 0.45667463541030883789 0.38105428218841552734 0.32186615467071533203 0.27846893668174743652 0.25900679826736450195 0.24594636261463165283 0.23934657871723175049 0.29121103882789611816 0.49200072884559631348 0.54529172182083129883 0.54941332340240478516 0.50223171710968017578 0.19415734708309173584 0.068155661225318908691 0.074210762977600097656 0.074842676520347595215 0.071767970919609069824 0.066245757043361663818 0.05576723441481590271 0.043013330549001693726 0.028535798192024230957 0.011278296820819377899 -0.0010983427055180072784 -0.003211024915799498558 -0.0056373085826635360718 -0.0085021620616316795349 -0.012609631754457950592 -0.015465053729712963104
0.39132529497146606445 0.40526759624481201172 0.42216905951499938965 0.44846910238265991211 0.50363230705261230469 0.55726516246795654297 0.59315246343612670898 0.63882035017013549805 0.65754449367523193359 0.64103913307189941406 0.62359064817428588867 0.61726438999176025391 0.59149956703186035156 0.53632462024688720703 0.46437317132949829102 0.38163903355598449707 0.31740972399711608887 0.27443456649780273438 0.25775238871574401855 0.24668203294277191162 0.24038405716419219971 0.24568934738636016846 0.37680062651634216309 0.47697854042053222656 0.44764620065689086914 0.27186679840087890625 0.090447291731834411621 0.075675018131732940674 0.080956727266311645508 0.081638157367706298828 0.07828521728515625 0.074710637331008911133 0.06630706787109375 0.057146608829498291016 0.04651953279972076416 0.033213879913091659546 0.021429074928164482117 0.017418280243873596191 0.011580108664929866791 0.0074349129572510719299 0.0019810802768915891647 -0.0041093863546848297119
0.41437381505966186523 0.42810153961181640625 0.44199195504188537598 0.46133619546890258789 0.49461802840232849121 0.52886188030242919922 0.55785936117172241211 0.6028410792350769043 0.64311879873275756836 0.66511332988739013672 0.68500697612762451172 0.68038076162338256836 0.64137870073318481445 0.55780279636383056641 0.46655187010765075684 0.37970554828643798828 0.31677073240280151367 0.27676653861999511719 0.2615273892879486084 0.25110074877738952637 0.24552901089191436768 0.24784211814403533936 0.30283787846565246582 0.23797899484634399414 0.14933830499649047852 0.1162616237998008728 0.088410057127475738525 0.088544458150863647461 0.089622020721435546875 0.09087171405553817749 0.089914403855800628662 0.08507598191499710083 0.079164721071720123291 0.071459084749221801758 0.061671424657106399536 0.05132494121789932251 0.041325069963932037354 0.036265008151531219482 0.029898665845394134521 0.02593974582850933075 0.020860819146037101746 0.016100211068987846375
0.45363056659698486328 0.46163094043731689453 0.46890741586685180664 0.48201030492782592773 0.50391286611557006836 0.5201918482780456543 0.53341495990753173828 0.56381070613861083984 0.61938416957855224609 0.68383985757827758789 0.77460497617721557617 0.83294427394866943359 0.79299664497375488281 0.63174432516098022461 0.46658724546432495117 0.36968916654586791992 0.31264910101890563965 0.27897351980209350586 0.26674070954322814941 0.25808721780776977539 0.2555548250675201416 0.24772892892360687256 0.18680776655673980713 0.11369150876998901367 0.09328384697437286377 0.10164969414472579956 0.10656120628118515015 0.10650225728750228882 0.10503092408180236816 0.1022863239049911499 0.099463917315006256104 0.095398887991905212402 0.092116683721542358398 0.088087029755115509033 0.080136172473430633545 0.069971248507499694824 0.061610121279954910278 0.056941471993923187256 0.051810670644044876099 0.049870114773511886597 0.048292677849531173706 0.048457730561494827271
0.48246774077415466309 0.488506317138671875 0.49147728085517883301 0.4990768134593963623 0.51086395978927612305 0.51817584037780761719 0.53704613447189331055 0.62072581052780151367 0.75028556585311889648 0.83267545700073242188 0.93345701694488525391 1.0235761404037475586 0.97498208284378051758 0.7195078730583190918 0.46550261974334716797 0.35501357913017272949 0.30581355094909667969 0.27900183200836181641 0.26970931887626647949 0.26421067118644714355 0.26058188080787658691 0.20396858453750610352 0.11625455319881439209 0.10279092192649841309 0.10748314857482910156 0.11565800011157989502 0.12103638052940368652 0.1206378936767578125 0.11744293570518493652 0.11210700124502182007 0.10740298032760620117 0.10400287806987762451 0.10390385240316390991 0.10159310698509216309 0.093147091567516326904 0.083104774355888366699 0.076436623930931091309 0.073675513267517089844 0.070409819483757019043 0.069888725876808166504 0.071904733777046203613 0.074899271130561828613
0.49924895167350769043 0.50460135936737060547 0.5073553919792175293 0.5084565281867980957 0.51173406839370727539 0.5286496281623840332 0.60456943511962890625 0.81416356563568115234 1.0055004358291625977 1.0277048349380493164 1.0527787208557128906 1.1094462871551513672 1.0418121814727783203 0.73676532506942749023 0.44488275051116943359 0.33530148863792419434 0.29853704571723937988 0.27914801239967346191 0.27091893553733825684 0.26803991198539733887 0.25267109274864196777 0.14802259206771850586 0.10620516538619995117 0.11553067713975906372 0.12178855389356613159 0.12957435846328735352 0.13562944531440734863 0.13472402095794677734 0.12884576618671417236 0.12291327118873596191 0.11846154928207397461 0.11417724192142486572 0.11619795858860015869 0.11098463833332061768 0.10237592458724975586 0.094043090939521789551 0.089058481156826019287 0.088565684854984283447 0.08699531853199005127 0.087396159768104553223 0.091505989432334899902 0.094939097762107849121
0.51863092184066772461 0.51766180992126464844 0.51770895719528198242 0.51113277673721313477 0.52665722370147705078 0.57934457063674926758 0.72235620021820068359 0.97762292623519897461 1.0970531702041625977 1.0194262266159057617 0.94593501091003417969 0.96877843141555786133 0.90195304155349731445 0.64075618982315063477 0.40215516090393066406 0.31957426667213439941 0.29389670491218566895 0.28120410442352294922 0.27593889832496643066 0.2722912132740020752 0.22347788512706756592 0.1329886019229888916 0.11729438602924346924 0.12676844000816345215 0.13311828672885894775 0.14178830385208129883 0.14841637015342712402 0.14866395294666290283 0.14223629236221313477 0.134113311767578125 0.12847085297107696533 0.1212533116340637207 0.12010736763477325439 0.11571223288774490356 0.10993772745132446289 0.10271310806274414063 0.10212127119302749634 0.10180296003818511963 0.10185718536376953125 0.10431884229183197021 0.10558267682790756226 0.10744778066873550415
0.5457916259765625 0.52827239036560058594 0.52196025848388671875 0.52748721837997436523 0.59468036890029907227 0.71388190984725952148 0.86304998397827148438 1.0060002803802490234 0.99839842319488525391 0.84630179405212402344 0.70462709665298461914 0.68258070945739746094 0.63615357875823974609 0.48868316411972045898 0.36044383049011230469 0.31087833642959594727 0.29429048299789428711 0.28668385744094848633 0.28341108560562133789 0.25354352593421936035 0.15453748404979705811 0.11510153859853744507 0.12385171651840209961 0.13699939846992492676 0.14340345561504364014 0.15205697715282440186 0.15927451848983764648 0.15959990024566650391 0.1527690589427947998 0.14290830492973327637 0.13606330752372741699 0.12952247262001037598 0.12189465761184692383 0.11824462562799453735 0.11448376625776290894 0.11097048968076705933 0.11290396749973297119 0.11374338716268539429 0.11542456597089767456 0.11654929071664810181 0.11662474274635314941 0.11960041522979736328
