INPUT/RASTER/ASCII_standard/BIO05.asc
ncols        225
nrows        269
xllcorner    473009.983799999987
yllcorner    4429051.174800000153
cellsize     50.000000000000
NODATA_value  -9999
[rows 108 to 125 of 269, columns 168 to 209 of 225]
0.018009688705205917358 0.019049268215894699097 0.017012830823659896851 0.014288085512816905975 0.0092515805736184120178 0.00065961549989879131317 -0.0038927018176764249802 -0.0039876406081020832062 -0.0018182881176471710205 0.0042388099245727062225 0.013761174865067005157 0.027361163869500160217 0.040700070559978485107 0.053312696516513824463 0.061600856482982635498 0.070634283125400543213 0.078490473330020904541 0.072708696126937866211 0.057940963655710220337 0.050274651497602462769 0.048917025327682495117 0.047844216227531433105 0.050127495080232620239 0.063537605106830596924 0.078224644064903259277 0.095081038773059844971 0.10758448392152786255 0.12563709914684295654 0.16053187847137451172 0.19860234856605529785 0.21238271892070770264 -9999 -9999 -9999 -9999 -9999 -9999 -9999 -9999 -9999 -9999 -9999
0.027513066306710243225 0.02542441152036190033 0.021603122353553771973 0.017701137810945510864 0.013177301734685897827 0.0051264879293739795685 0.00056467665126547217369 0.00087797484593465924263 0.0036074663512408733368 0.010590218007564544678 0.023710764944553375244 0.037059165537357330322 0.049458179622888565063 0.060855586081743240356 0.066798754036426544189 0.076031558215618133545 0.086527049541473388672 0.083683632314205169678 0.070164337754249572754 0.060200508683919906616 0.058368187397718429565 0.056915622204542160034 0.057300124317407608032 0.068170621991157531738 0.080835461616516113281 0.095764599740505218506 0.10673478245735168457 0.12547095119953155518 0.16900990903377532959 0.2094491124153137207 0.22119304537773132324 -9999 -9999 -9999 -9999 -9999 -9999 -9999 -9999 -9999 -9999 -9999
0.037889879196882247925 0.033252120018005371094 0.028808981180191040039 0.022077817469835281372 0.014269097708165645599 0.0101107768714427948 0.0043384954333305358887 0.002197624649852514267 0.0049081286415457725525 0.015052343718707561493 0.031310617923736572266 0.044217552989721298218 0.053906064480543136597 0.061691045761108398438 0.067183256149291992188 0.078969918191432952881 0.088582471013069152832 0.087927393615245819092 0.078300595283508300781 0.070719733834266662598 0.069267168641090393066 0.067069329321384429932 0.066703818738460540771 0.073814734816551208496 0.083735845983028411865 0.095892764627933502197 0.1063882485032081604 0.13126698136329650879 0.18400074541568756104 0.22281174361705780029 0.23066793382167816162 -9999 -9999 -9999 -9999 -9999 -9999 -9999 -9999 -9999 -9999 -9999
0.052206657826900482178 0.044882126152515411377 0.040652599185705184937 0.03096409328281879425 0.021270837634801864624 0.017957471311092376709 0.0096408296376466751099 0.0062135374173521995544 0.0091946171596646308899 0.021546158939599990845 0.038355082273483276367 0.048504043370485305786 0.055311158299446105957 0.061415724456310272217 0.067287690937519073486 0.080180384218692779541 0.088430568575859069824 0.090068265795707702637 0.08558715134859085083 0.081680417060852050781 0.079591765999794006348 0.077351205050945281982 0.07544768601655960083 0.078965172171592712402 0.086759649217128753662 0.098337441682815551758 0.10667781531810760498 0.13708671927452087402 0.19625735282897949219 0.23496866226196289063 0.24119666218757629395 -9999 -9999 -9999 -9999 -9999 -9999 -9999 -9999 -9999 -9999 -9999
0.081106036901473999023 0.076753094792366027832 0.06567373126745223999 0.046524569392204284668 0.033859726041555404663 0.026672856882214546204 0.019438518211245536804 0.017440054565668106079 0.020800890401005744934 0.032881855964660644531 0.048242960125207901001 0.057589691132307052612 0.062801830470561981201 0.066922180354595184326 0.072295717895030975342 0.08075001835823059082 0.087927393615245819092 0.09324871748685836792 0.094107910990715026855 0.090799294412136077881 0.08831189572811126709 0.0861093178391456604 0.084803909063339233398 0.08727706223726272583 0.093628473579883575439 0.10399104654788970947 0.11273016780614852905 0.14133523404598236084 0.2084522545337677002 0.25582674145698547363 0.26476997137069702148 -9999 -9999 -9999 -9999 -9999 -9999 -9999 -9999 -9999 -9999 -9999
0.11436311155557632446 0.10947376489639282227 0.089593574404716491699 0.061045464128255844116 0.043799825012683868408 0.035440459847450256348 0.032222032546997070313 0.033142939209938049316 0.035962622612714767456 0.045228652656078338623 0.057490002363920211792 0.06472908705472946167 0.068009227514266967773 0.072034634649753570557 0.076335363090038299561 0.082544364035129547119 0.088074550032615661621 0.093728154897689819336 0.098470352590084075928 0.09668550640344619751 0.09445918351411819458 0.092897444963455200195 0.093543030321598052979 0.094169624149799346924 0.1010384485125541687 0.11562579870223999023 0.12788240611553192139 0.16147176921367645264 0.22898277640342712402 0.27480500936508178711 0.28440332412719726563 -9999 -9999 -9999 -9999 -9999 -9999 -9999 -9999 -9999 -9999 -9999
0.13292840123176574707 0.12562285363674163818 0.10630280524492263794 0.073705554008483886719 0.053208261728286743164 0.049818944185972213745 0.052918698638677597046 0.054114926606416702271 0.054594367742538452148 0.0595264434814453125 0.070814669132232666016 0.077256269752979278564 0.079458847641944885254 0.082795947790145874023 0.085852980613708496094 0.090144217014312744141 0.092588894069194793701 0.095441803336143493652 0.099714048206806182861 0.10094825923442840576 0.099666580557823181152 0.099671326577663421631 0.10179796069860458374 0.10532019287347793579 0.11774294078350067139 0.14165802299976348877 0.16204139590263366699 0.20290781557559967041 0.25696125626564025879 0.28594607114791870117 0.29201266169548034668 -9999 -9999 -9999 -9999 -9999 -9999 -9999 -9999 -9999 -9999 -9999
0.14210423827171325684 0.13538731634616851807 0.1174818575382232666 0.08376432955265045166 0.063214816153049468994 0.064624659717082977295 0.068094670772552490234 0.066547170281410217285 0.066812999546527862549 0.071991913020610809326 0.081538014113903045654 0.086550779640674591064 0.08967901766300201416 0.092631615698337554932 0.093694932758808135986 0.095797821879386901855 0.097815275192260742188 0.10115712136030197144 0.10397206246852874756 0.10578064620494842529 0.10510657727718353271 0.10452745109796524048 0.10593729466199874878 0.11239787936210632324 0.12768778204917907715 0.15856188535690307617 0.18576186895370483398 0.24082164466381072998 0.28602203726768493652 0.29440987110137939453 0.29457128047943115234 -9999 -9999 -9999 -9999 -9999 -9999 -9999 -9999 -9999 -9999 -9999
0.14952845871448516846 0.14294445514678955078 0.12666718661785125732 0.098888084292411804199 0.082772217690944671631 0.088853046298027038574 0.087875179946422576904 0.076990440487861633301 0.075613826513290405273 0.081732638180255889893 0.090685367584228515625 0.095607943832874298096 0.097454510629177093506 0.098992519080638885498 0.10013177990913391113 0.10160808265209197998 0.10224416851997375488 0.10474106669425964355 0.10877596586942672729 0.10946427285671234131 0.10837247222661972046 0.10898957401514053345 0.10746105760335922241 0.11523655056953430176 0.13309928774833679199 0.16966024041175842285 0.20307396352291107178 0.27191412448883056641 0.30722662806510925293 0.3018957972526550293 0.29510292410850524902 -9999 -9999 -9999 -9999 -9999 -9999 -9999 -9999 -9999 -9999 -9999
0.15925969183444976807 0.15203484892845153809 0.13926082849502563477 0.12107528746128082275 0.11379823088645935059 0.12335857003927230835 0.11611948162317276001 0.090400554239749908447 0.08210764080286026001 0.089322999119758605957 0.099780507385730743408 0.10392458736896514893 0.10455593466758728027 0.10627432912588119507 0.10730440914630889893 0.10728542506694793701 0.108287028968334198 0.10895634442567825317 0.10988200455904006958 0.110897846519947052 0.10955920815467834473 0.10963515937328338623 0.10815411806106567383 0.12190600484609603882 0.14454416930675506592 0.18392954766750335693 0.22136868536472320557 0.29203641414642333984 0.31142765283584594727 0.30621552467346191406 -9999 -9999 -9999 -9999 -9999 -9999 -9999 -9999 -9999 -9999 -9999 -9999
0.17296411097049713135 0.171411857008934021 0.16224077343940734863 0.14905850589275360107 0.1442403644323348999 0.14481000602245330811 0.13084924221038818359 0.1030369102954864502 0.091511338949203491211 0.092318318784236907959 0.10428535938262939453 0.11059878766536712646 0.11069847643375396729 0.11228869855403900146 0.11300074309110641479 0.11393114179372787476 0.11319536715745925903 0.11380297690629959106 0.11152444034814834595 0.11041365563869476318 0.10907027125358581543 0.10681547969579696655 0.10851013660430908203 0.13256764411926269531 0.16478513181209564209 0.20511989295482635498 0.24000991880893707275 0.30649083852767944336 0.33209583163261413574 -9999 -9999 -9999 -9999 -9999 -9999 -9999 -9999 -9999 -9999 -9999 -9999 -9999
0.18982999026775360107 0.19082210958003997803 0.18326972424983978271 0.17249891161918640137 0.16418227553367614746 0.15450800955295562744 0.13649335503578186035 0.11936639249324798584 0.10803069174289703369 0.10322678834199905396 0.11246908456087112427 0.11581093072891235352 0.11497546732425689697 0.11716380715370178223 0.11761951446533203125 0.11640904843807220459 0.11767648160457611084 0.11687899380922317505 0.11489951610565185547 0.11029023677110671997 0.10851013660430908203 0.10612717270851135254 0.10958769172430038452 0.14232735335826873779 0.18495014309883117676 0.22863149642944335938 0.25967648625373840332 0.31783604621887207031 0.33959126472473144531 -9999 -9999 -9999 -9999 -9999 -9999 -9999 -9999 -9999 -9999 -9999 -9999 -9999
0.21642236411571502686 0.21642236411571502686 0.2100092470645904541 0.20012137293815612793 0.19117337465286254883 0.17898797988891601563 0.16011889278888702393 0.15010759234428405762 0.14195233583450317383 0.13186508417129516602 0.12817196547985076904 0.12509594857692718506 0.119347400963306427 0.11720653623342514038 0.11951354891061782837 0.12089965492486953735 0.12190125882625579834 0.12030153721570968628 0.11721128225326538086 0.11208932846784591675 0.10870001465082168579 0.10729966312646865845 0.11331878602504730225 0.14832748472690582275 0.19341868162155151367 0.23892286419868469238 0.27048528194427490234 0.32375547289848327637 0.34895223379135131836 -9999 -9999 -9999 -9999 -9999 -9999 -9999 -9999 -9999 -9999 -9999 -9999 -9999
0.2377503812313079834 0.23971086740493774414 0.23383414745330810547 0.22382284700870513916 0.21365964412689208984 0.19972737133502960205 0.18094846606254577637 0.16807001829147338867 0.16121542453765869141 0.15351589024066925049 0.14668029546737670898 0.13615158200263977051 0.12595988810062408447 0.12051515281200408936 0.12120820581912994385 0.12583172321319580078 0.12845678627490997314 0.1256513446569442749 0.12095661461353302002 0.11459571123123168945 0.11142475903034210205 0.110361441969871521 0.11911954730749130249 0.15217725932598114014 0.1921844780445098877 0.23651142418384552002 0.26805484294891357422 0.32428711652755737305 0.35454887151718139648 -9999 -9999 -9999 -9999 -9999 -9999 -9999 -9999 -9999 -9999 -9999 -9999 -9999
0.23977732658386230469 0.2481699138879776001 0.24692621827125549316 0.24067449569702148438 0.22829446196556091309 0.20971968770027160645 0.19226992130279541016 0.17744521796703338623 0.17082798480987548828 0.16925200819969177246 0.16251608729362487793 0.1454983055591583252 0.13070683181285858154 0.12257532030344009399 0.12297406792640686035 0.13293789327144622803 0.1381785273551940918 0.13412937521934509277 0.12496303766965866089 0.11663215607404708862 0.11483781039714813232 0.11505616456270217896 0.12526209652423858643 0.15031170845031738281 0.18404822051525115967 0.23075813055038452148 0.2663364708423614502 0.33304047584533691406 0.37397810816764831543 -9999 -9999 -9999 -9999 -9999 -9999 -9999 -9999 -9999 -9999 -9999 -9999 -9999
0.23385788500308990479 0.25189626216888427734 0.25978094339370727539 0.26219713687896728516 0.24786610901355743408 0.2266330420970916748 0.20890320837497711182 0.19639502465724945068 0.19220346212387084961 0.19069868326187133789 0.17689932882785797119 0.15561403334140777588 0.13593795895576477051 0.12423200905323028564 0.12691402435302734375 0.14258368313312530518 0.15042088925838470459 0.14474828541278839111 0.13160400092601776123 0.12176359444856643677 0.11911480128765106201 0.1195277869701385498 0.1275406181812286377 0.1442451179027557373 0.17482490837574005127 0.22416937351226806641 0.2636591792106628418 0.33959126472473144531 0.39064937829971313477 0.39407190680503845215 -9999 -9999 -9999 -9999 -9999 -9999 -9999 -9999 -9999 -9999 -9999 -9999
0.22685614228248596191 0.25482037663459777832 0.27416890859603881836 0.28770244121551513672 0.27200904488563537598 0.24800376594066619873 0.23034514486789703369 0.22194306552410125732 0.22113607823848724365 0.21805530786514282227 0.18950246274471282959 0.16600984334945678711 0.15075317025184631348 0.14174821972846984863 0.14475777745246887207 0.15955874323844909668 0.16820293664932250977 0.15799225866794586182 0.13877189159393310547 0.12673364579677581787 0.12353420257568359375 0.12229050695896148682 0.1269092857837677002 0.13993489742279052734 0.16661269962787628174 0.21342705190181732178 0.25158771872520446777 0.33146449923515319824 0.39385354518890380859 0.39943596720695495605 -9999 -9999 -9999 -9999 -9999 -9999 -9999 -9999 -9999 -9999 -9999 -9999
0.22668050229549407959 0.25998505949974060059 0.28806796669960021973 0.30838486552238464355 0.29222154617309570313 0.2669060826301574707 0.25611630082130432129 0.25735050439834594727 0.26666873693466186523 0.2527554631233215332 0.19904856383800506592 0.17382331192493438721 0.17580278217792510986 0.17987565696239471436 0.1774072498083114624 0.18430930376052856445 0.19006259739398956299 0.16924725472927093506 0.14144916832447052002 0.12764979898929595947 0.12625420093536376953 0.12558488547801971436 0.12696623802185058594 0.13705348968505859375 0.15763624012470245361 0.19691243767738342285 0.23104768991470336914 0.31184065341949462891 0.38749265670776367188 0.39929831027984619141 -9999 -9999 -9999 -9999 -9999 -9999 -9999 -9999 -9999 -9999 -9999 -9999
