INPUT/RASTER/ASCII_standard/BIO09.asc
ncols        225
nrows        269
xllcorner    473009.983799999987
yllcorner    4429051.174800000153
cellsize     50.000000000000
NODATA_value  -9999
[rows 180 to 197 of 269, columns 42 to 83 of 225]
0.65398508310317993164 0.60415506362915039063 0.55910384654998779297 0.52531743049621582031 0.45938798785209655762 0.37373721599578857422 0.30675470829010009766 0.28762367367744445801 0.28408148884773254395 0.27493083477020263672 0.2564061284065246582 0.24901062250137329102 0.26093760132789611816 0.27194708585739135742 0.26872402429580688477 0.26085782051086425781 0.23622202873229980469 0.21401952207088470459 0.21279092133045196533 0.21993115544319152832 0.22380043566226959229 0.22284308075904846191 0.21311801671981811523 0.19883756339550018311 0.1862484365701675415 0.17279767990112304688 0.1643889695405960083 0.1635672450065612793 0.16146107017993927002 0.15566912293434143066 0.15065100789070129395 0.14678172767162322998 0.14631901681423187256 0.14740400016307830811 0.14593607187271118164 0.15720884501934051514 0.2192211151123046875 0.28424903750419616699 0.32364392280578613281 0.34967583417892456055 0.36684429645538330078 0.38243311643600463867
0.62720322608947753906 0.57377523183822631836 0.52412074804306030273 0.48672029376029968262 0.42169240117073059082 0.35560342669486999512 0.31273812055587768555 0.30356353521347045898 0.30198392271995544434 0.29818642139434814453 0.29024842381477355957 0.27990904450416564941 0.2834911346435546875 0.29229074716567993164 0.28789493441581726074 0.2798531949520111084 0.25233739614486694336 0.22427113354206085205 0.22001093626022338867 0.22519657015800476074 0.22835582494735717773 0.2277574688196182251 0.22012262046337127686 0.20657613873481750488 0.19302166998386383057 0.18077558279037475586 0.17373907566070556641 0.17042824625968933105 0.16791519522666931152 0.16126163303852081299 0.15449635684490203857 0.14966973662376403809 0.14903150498867034912 0.15045954287052154541 0.15358687937259674072 0.17829446494579315186 0.24805326759815216064 0.31730148196220397949 0.35470989346504211426 0.37590718269348144531 0.38941377401351928711 0.39757516980171203613
0.59469330310821533203 0.5349547266960144043 0.47858282923698425293 0.43148127198219299316 0.37206980586051940918 0.33359238505363464355 0.31678292155265808105 0.31931191682815551758 0.32299771904945373535 0.32327693700790405273 0.32032510638236999512 0.30856567621231079102 0.30164885520935058594 0.2998937070369720459 0.29655894637107849121 0.29141318798065185547 0.26936227083206176758 0.24099282920360565186 0.22921743988990783691 0.22857122123241424561 0.22867493331432342529 0.22766971588134765625 0.22496521472930908203 0.21642884612083435059 0.20544327795505523682 0.19672341644763946533 0.18893697857856750488 0.18545064330101013184 0.17945125699043273926 0.17040431499481201172 0.16019259393215179443 0.1542889326810836792 0.15794281661510467529 0.16339172422885894775 0.17355558276176452637 0.21639694273471832275 0.28395384550094604492 0.33504435420036315918 0.36871111392974853516 0.38549664616584777832 0.39613118767738342285 0.40552118420600891113
0.58350026607513427734 0.51084548234939575195 0.43737694621086120605 0.37732726335525512695 0.32900509238243103027 0.32070007920265197754 0.32667553424835205078 0.33580225706100463867 0.34114745259284973145 0.34797653555870056152 0.34865465760231018066 0.33673566579818725586 0.32349234819412231445 0.30717754364013671875 0.29643130302429199219 0.28909960389137268066 0.27013611793518066406 0.2504386603832244873 0.23792132735252380371 0.23101246356964111328 0.2265927046537399292 0.22519657015800476074 0.22844357788562774658 0.23103639483451843262 0.2267522662878036499 0.21739417314529418945 0.21146659553050994873 0.20707076787948608398 0.1978562772274017334 0.18486027419567108154 0.16879276931285858154 0.16628770530223846436 0.18229936063289642334 0.20115116238594055176 0.2238562852144241333 0.25247302651405334473 0.28192746639251708984 0.32343649864196777344 0.36820849776268005371 0.39112105965614318848 0.40209066867828369141 0.41251781582832336426
0.604274749755859375 0.53002440929412841797 0.46027353405952453613 0.38716402649879455566 0.33841902017593383789 0.33129474520683288574 0.33705478906631469727 0.34500876069068908691 0.3495960533618927002 0.35672032833099365234 0.3589381873607635498 0.34894984960556030273 0.33259513974189758301 0.30845400691032409668 0.2865466773509979248 0.27442821860313415527 0.26033923029899597168 0.25228953361511230469 0.24170285463333129883 0.23077312111854553223 0.22605818510055541992 0.22535613179206848145 0.22954452037811279297 0.2351210862398147583 0.23419564962387084961 0.22691181302070617676 0.22295477986335754395 0.220800742506980896 0.21196919679641723633 0.19491243362426757813 0.18374337255954742432 0.19146597385406494141 0.2148332744836807251 0.22848346829414367676 0.2434819340705871582 0.25950157642364501953 0.27866449952125549316 0.31442147493362426758 0.36393234133720397949 0.39097744226455688477 0.40306398272514343262 0.41656258702278137207
0.62832015752792358398 0.56282955408096313477 0.5117709040641784668 0.42377462983131408691 0.36350953578948974609 0.34835949540138244629 0.34799250960350036621 0.35288295149803161621 0.35656875371932983398 0.36390045285224914551 0.36417168378829956055 0.35585871338844299316 0.33980715274810791016 0.31142976880073547363 0.2829246819019317627 0.26906707882881164551 0.25497809052467346191 0.25003975629806518555 0.24037054181098937988 0.23165866732597351074 0.22872279584407806396 0.22911371290683746338 0.23385259509086608887 0.23911003768444061279 0.24305909872055053711 0.23899833858013153076 0.23749051988124847412 0.23522479832172393799 0.22525241971015930176 0.21043744683265686035 0.21084430813789367676 0.22138312458992004395 0.23421958088874816895 0.24182252585887908936 0.25180289149284362793 0.2675991356372833252 0.28800663352012634277 0.31849819421768188477 0.36421954631805419922 0.39064237475395202637 0.4042606651782989502 0.42012873291969299316
0.64805752038955688477 0.57877737283706665039 0.53318363428115844727 0.45264667272567749023 0.38619071245193481445 0.36372491717338562012 0.35928124189376831055 0.3616905510425567627 0.36596670746803283691 0.37009128928184509277 0.36619010567665100098 0.35752609372138977051 0.34149050712585449219 0.31261846423149108887 0.28322786092758178711 0.26837298274040222168 0.25067800283432006836 0.24288359284400939941 0.23861540853977203369 0.23826438188552856445 0.23780165612697601318 0.23951691389083862305 0.24319472908973693848 0.24328248202800750732 0.24887499213218688965 0.25134813785552978516 0.2546749413013458252 0.25307935476303100586 0.24514931440353393555 0.23944510519504547119 0.24511739611625671387 0.25022324919700622559 0.25047856569290161133 0.25181084871292114258 0.25924625992774963379 0.27968567609786987305 0.31794771552085876465 0.35059329867362976074 0.38038280606269836426 0.39817354083061218262 0.40959790349006652832 0.42375868558883666992
0.66008818149566650391 0.58267855644226074219 0.53232997655868530273 0.45178505778312683105 0.39185503125190734863 0.37434351444244384766 0.37319469451904296875 0.37640181183815002441 0.38067001104354858398 0.37869945168495178223 0.3693732917308807373 0.35718303918838500977 0.33951994776725769043 0.31259453296661376953 0.28653869032859802246 0.27194708585739135742 0.25189062952995300293 0.24077741801738739014 0.24393667280673980713 0.25512966513633728027 0.2593021094799041748 0.26285228133201599121 0.26598760485649108887 0.25513765215873718262 0.25623860955238342285 0.26412874460220336914 0.27170777320861816406 0.27884000539779663086 0.28707319498062133789 0.2887884676456451416 0.29301676154136657715 0.28809437155723571777 0.27783480286598205566 0.27547332644462585449 0.2810020148754119873 0.308422088623046875 0.36390045285224914551 0.39416062831878662109 0.40205079317092895508 0.40690934658050537109 0.41396978497505187988 0.4243889153003692627
0.67174392938613891602 0.58847051858901977539 0.52783048152923583984 0.43874916434288024902 0.39724010229110717773 0.3977108001708984375 0.39747145771980285645 0.39502224326133728027 0.39525362849235534668 0.38720390200614929199 0.37372922897338867188 0.35622569918632507324 0.3366718590259552002 0.31450921297073364258 0.2926018834114074707 0.27986118197441101074 0.2629559934139251709 0.25614285469055175781 0.26974520087242126465 0.29893636703491210938 0.31489217281341552734 0.32373169064521789551 0.32617291808128356934 0.30180838704109191895 0.29904803633689880371 0.30412200093269348145 0.31097501516342163086 0.34357273578643798828 0.39393725991249084473 0.40895166993141174316 0.40728428959846496582 0.38840857148170471191 0.37164700031280517578 0.36745858192443847656 0.3728676140308380127 0.40440428256988525391 0.43919593095779418945 0.43263009190559387207 0.4144324958324432373 0.40335917472839355469 0.40244969725608825684 0.40601581335067749023
0.69484794139862060547 0.61885833740234375 0.5614573359489440918 0.47459387779235839844 0.44817903637886047363 0.46581819653511047363 0.44366353750228881836 0.41272523999214172363 0.40064668655395507813 0.38954940438270568848 0.37533277273178100586 0.35449448227882385254 0.3314463198184967041 0.31268230080604553223 0.30179244279861450195 0.29994955658912658691 0.3029651939868927002 0.32701060175895690918 0.37660923600196838379 0.42324009537696838379 0.4442539215087890625 0.4541225731372833252 0.45794400572776794434 0.43724134564399719238 0.42205139994621276855 0.39735978841781616211 0.38680499792098999023 0.43221524357795715332 0.5064576268196105957 0.52700072526931762695 0.52025943994522094727 0.50543648004531860352 0.49749046564102172852 0.49488171935081481934 0.50006735324859619141 0.51871168613433837891 0.50946533679962158203 0.45704248547554016113 0.41765558719635009766 0.39611521363258361816 0.37358561158180236816 0.35683202743530273438
0.71969109773635864258 0.65969729423522949219 0.6142151951789855957 0.54494309425354003906 0.52968132495880126953 0.51366966962814331055 0.44963103532791137695 0.4114487767219543457 0.39729595184326171875 0.38631036877632141113 0.37380102276802062988 0.35470190644264221191 0.33147823810577392578 0.31260251998901367188 0.31138986349105834961 0.32822325825691223145 0.37146350741386413574 0.43270191550254821777 0.49898234009742736816 0.53091788291931152344 0.54018825292587280273 0.54366660118103027344 0.54102593660354614258 0.52676939964294433594 0.51623857021331787109 0.48897007107734680176 0.4730701148509979248 0.49767395853996276855 0.54320389032363891602 0.55473995208740234375 0.54864484071731567383 0.54798263311386108398 0.5536549687385559082 0.55458039045333862305 0.55600839853286743164 0.54807835817337036133 0.50534874200820922852 0.44281789660453796387 0.40225023031234741211 0.37755063176155090332 0.34211277961730957031 0.31050431728363037109
0.74459016323089599609 0.7038390040397644043 0.67022812366485595703 0.62966042757034301758 0.60801637172698974609 0.51111674308776855469 0.41909956932067871094 0.3929958641529083252 0.38842451572418212891 0.3814837336540222168 0.37039446830749511719 0.35308238863945007324 0.33209252357482910156 0.31273812055587768555 0.31887313723564147949 0.35341748595237731934 0.43522292375564575195 0.51703637838363647461 0.5713977813720703125 0.58486449718475341797 0.58265465497970581055 0.57476449012756347656 0.56136161088943481445 0.54584455490112304688 0.54011642932891845703 0.52768683433532714844 0.52030730247497558594 0.52720820903778076172 0.54566109180450439453 0.54974573850631713867 0.53104555606842041016 0.51352608203887939453 0.51858407258987426758 0.52225393056869506836 0.52094554901123046875 0.49741071462631225586 0.45292589068412780762 0.40182739496231079102 0.36094862222671508789 0.33874610066413879395 0.31283387541770935059 0.28720882534980773926
0.76311486959457397461 0.73764139413833618164 0.71107500791549682617 0.66966962814331054688 0.61299461126327514648 0.49003115296363830566 0.40265712141990661621 0.38228154182434082031 0.38035088777542114258 0.37896272540092468262 0.36724317073822021484 0.34925299882888793945 0.33010601997375488281 0.31512352824211120605 0.33151811361312866211 0.38029503822326660156 0.48419129848480224609 0.57206797599792480469 0.61875462532043457031 0.62667673826217651367 0.61902588605880737305 0.59815567731857299805 0.56374698877334594727 0.54114556312561035156 0.53737205266952514648 0.53484302759170532227 0.53389364480972290039 0.53737205266952514648 0.5456212162971496582 0.54005259275436401367 0.48983168601989746094 0.41231834888458251953 0.39933830499649047852 0.40915909409523010254 0.41410541534423828125 0.4076512753963470459 0.38803359866142272949 0.3538881838321685791 0.32315728068351745605 0.30862152576446533203 0.2954260706901550293 0.27922293543815612793
0.76335418224334716797 0.73326152563095092773 0.70732533931732177734 0.65757513046264648438 0.57957518100738525391 0.47248771786689758301 0.40162795782089233398 0.3833027184009552002 0.3804785311222076416 0.37869149446487426758 0.36768198013305664063 0.35032203793525695801 0.33342483639717102051 0.32985872030258178711 0.36398023366928100586 0.41728061437606811523 0.51918238401412963867 0.60313391685485839844 0.64897495508193969727 0.65783041715621948242 0.64848828315734863281 0.60998696088790893555 0.54836559295654296875 0.5189749598503112793 0.51973289251327514648 0.52470314502716064453 0.52906703948974609375 0.53552913665771484375 0.5416482090950012207 0.52296394109725952148 0.4497985541820526123 0.33896151185035705566 0.30797532200813293457 0.31730148196220397949 0.33127081394195556641 0.34374028444290161133 0.34016618132591247559 0.31845828890800476074 0.30151322484016418457 0.29476392269134521484 0.29002502560615539551 0.28088235855102539063
0.74816429615020751953 0.69699400663375854492 0.66611152887344360352 0.61254781484603881836 0.53171569108963012695 0.45387527346611022949 0.40607166290283203125 0.38969302177429199219 0.38529717922210693359 0.37990412116050720215 0.36899036169052124023 0.35861107707023620605 0.35482159256935119629 0.37374517321586608887 0.42489951848983764648 0.47606182098388671875 0.56357944011688232422 0.63487797975540161133 0.67811030149459838867 0.67846930027008056641 0.65690499544143676758 0.59762120246887207031 0.50936162471771240234 0.47542360424995422363 0.48178994655609130859 0.49294307827949523926 0.50097680091857910156 0.50481420755386352539 0.49882277846336364746 0.46630483865737915039 0.39777463674545288086 0.30730518698692321777 0.27821773290634155273 0.28431284427642822266 0.29855340719223022461 0.30985811352729797363 0.30760833621025085449 0.29732480645179748535 0.29055956006050109863 0.28858104348182678223 0.2920195162296295166 0.29635947942733764648
0.71282213926315307617 0.61918544769287109375 0.57350397109985351563 0.52449572086334228516 0.47219252586364746094 0.43549418449401855469 0.41246992349624633789 0.39808577299118041992 0.39171141386032104492 0.38157948851585388184 0.36866325139999389648 0.37270006537437438965 0.40495476126670837402 0.46153405308723449707 0.52146410942077636719 0.56492769718170166016 0.63108849525451660156 0.67890006303787231445 0.70178073644638061523 0.67715293169021606445 0.6292057037353515625 0.55160462856292724609 0.45448160171508789063 0.42387035489082336426 0.43396240472793579102 0.44493204355239868164 0.44586545228958129883 0.43322047591209411621 0.39650613069534301758 0.3570474088191986084 0.32834291458129882813 0.30116218328475952148 0.29276144504547119141 0.29225885868072509766 0.29320821166038513184 0.28988939523696899414 0.28536593914031982422 0.28475961089134216309 0.28901982307434082031 0.29370284080505371094 0.30816680192947387695 0.33912903070449829102
0.66986113786697387695 0.53351074457168579102 0.47425881028175354004 0.4416930079460144043 0.43006920814514160156 0.42624777555465698242 0.4190756380558013916 0.40572062134742736816 0.39684918522834777832 0.3829676508903503418 0.36737880110740661621 0.38114070892333984375 0.4477322697639465332 0.53517812490463256836 0.59873807430267333984 0.63171076774597167969 0.67660242319107055664 0.70262640714645385742 0.70356774330139160156 0.65467917919158935547 0.59423851966857910156 0.5207061767578125 0.44779610633850097656 0.43105047941207885742 0.43222323060035705566 0.43407410383224487305 0.42930331826210021973 0.41546165943145751953 0.37748682498931884766 0.34316587448120117188 0.33057671785354614258 0.3061085045337677002 0.29388633370399475098 0.28816619515419006348 0.28769549727439880371 0.2852382957935333252 0.28276515007019042969 0.29485964775085449219 0.3153788149356842041 0.33208456635475158691 0.34772923588752746582 0.38071787357330322266
0.65150398015975952148 0.51555246114730834961 0.46229195594787597656 0.43933153152465820313 0.4358132779598236084 0.42925545573234558105 0.42003297805786132813 0.40771511197090148926 0.39896333217620849609 0.38670927286148071289 0.37324255704879760742 0.40023183822631835938 0.49788141250610351563 0.60697126388549804688 0.66130882501602172852 0.67951440811157226563 0.70186847448348999023 0.71081966161727905273 0.69471228122711181641 0.63240486383438110352 0.57710999250411987305 0.52254909276962280273 0.47204095125198364258 0.45479273796081542969 0.44207593798637390137 0.43440917134284973145 0.42506703734397888184 0.40885594487190246582 0.37297132611274719238 0.34504067897796630859 0.32072401046752929688 0.29428523778915405273 0.28337943553924560547 0.28171205520629882813 0.28213489055633544922 0.2853978574275970459 0.30447301268577575684 0.34533584117889404297 0.3790664374828338623 0.39767092466354370117 0.4072284400463104248 0.41309222579002380371
