INPUT/RASTER/ASCII_standard/BIO02.asc
ncols        225
nrows        269
xllcorner    473009.983799999987
yllcorner    4429051.174800000153
cellsize     50.000000000000
NODATA_value  -9999
[rows 198 to 215 of 269, columns 42 to 83 of 225]
0.5980498194694519043 0.22692279517650604248 0.096389211714267730713 0.018800010904669761658 -0.0015699235955253243446 -0.026992848142981529236 -0.057713981717824935913 -0.08801069110631942749 -0.10680790990591049194 -0.10779822617769241333 -0.060616560280323028564 0.073781624436378479004 0.31757241487503051758 0.56337451934814453125 0.66568398475646972656 0.70283985137939453125 0.7322546839714050293 0.71330422163009643555 0.60200405120849609375 0.39815616607666015625 0.26679730415344238281 0.18188682198524475098 0.13462263345718383789 0.13924647867679595947 0.12991625070571899414 0.083979561924934387207 0.022975860163569450378 -0.05200549587607383728 -0.17280092835426330566 -0.26124119758605957031 -0.33141478896141052246 -0.35481700301170349121 -0.35055154561996459961 -0.34829738736152648926 -0.34343066811561584473 -0.31312453746795654297 -0.205776214599609375 -0.07932653278112411499 -0.020954255014657974243 -0.017228765413165092468 -0.02652833983302116394 -0.05432095751166343689
0.75606715679168701172 0.48100110888481140137 0.35626563429832458496 0.20259629189968109131 0.092357195913791656494 -0.00091678410535678267479 -0.054009713232517242432 -0.072509832680225372314 -0.079894788563251495361 -0.019362669438123703003 0.13603973388671875 0.31821846961975097656 0.51909303665161132813 0.67364895343780517578 0.71096044778823852539 0.70769709348678588867 0.68559885025024414063 0.61217367649078369141 0.44873791933059692383 0.24580252170562744141 0.13617883622646331787 0.088459573686122894287 0.059952512383460998535 0.038559250533580780029 -0.0062197106890380382538 -0.085254304111003875732 -0.16129200160503387451 -0.2241277843713760376 -0.30846294760704040527 -0.35215255618095397949 -0.37696006894111633301 -0.36974725127220153809 -0.35056096315383911133 -0.34467801451683044434 -0.33259373903274536133 -0.26083093881607055664 -0.082012183964252471924 0.078058861196041107178 0.13458725810050964355 0.10462536662817001343 0.032108023762702941895 -0.050112098455429077148
0.99298232793807983398 0.8366107940673828125 0.73280405998229980469 0.53479671478271484375 0.32921811938285827637 0.1119820326566696167 0.029335128143429756165 0.074602171778678894043 0.11331896483898162842 0.21642775833606719971 0.37356084585189819336 0.50780344009399414063 0.62676203250885009766 0.70334208011627197266 0.70215839147567749023 0.6299216151237487793 0.53172904253005981445 0.40195238590240478516 0.220615386962890625 0.048231370747089385986 -0.023724792525172233582 -0.050105024129152297974 -0.086185678839683532715 -0.14054715633392333984 -0.19301995635032653809 -0.25086170434951782227 -0.29552277922630310059 -0.32936340570449829102 -0.37165948748588562012 -0.39088350534439086914 -0.39213082194328308105 -0.36356246471405029297 -0.32888239622116088867 -0.3061993718147277832 -0.25541955232620239258 -0.11776744574308395386 0.10644802451133728027 0.2601598203182220459 0.27156734466552734375 0.18805509805679321289 0.021047094836831092834 -0.13789688050746917725
1.1639208793640136719 1.1338129043579101563 1.0784304141998291016 0.90549933910369873047 0.71307784318923950195 0.52021777629852294922 0.44828519225120544434 0.514049530029296875 0.56049549579620361328 0.60406959056854248047 0.63136231899261474609 0.64790302515029907227 0.66631591320037841797 0.6575940251350402832 0.60374891757965087891 0.42805200815200805664 0.23415683209896087646 0.077674522995948791504 -0.039237443357706069946 -0.13266703486442565918 -0.16746971011161804199 -0.1911878734827041626 -0.23996347188949584961 -0.29427543282508850098 -0.32384827733039855957 -0.34634268283843994141 -0.36205810308456420898 -0.37464931607246398926 -0.38893586397171020508 -0.39789590239524841309 -0.3941256105899810791 -0.35458591580390930176 -0.29947933554649353027 -0.25474283099174499512 -0.16031111776828765869 0.034607402980327606201 0.27619355916976928711 0.38214597105979919434 0.33648282289505004883 0.22134397923946380615 0.0021131227258592844009 -0.20517495274543762207
1.140735626220703125 1.1960968971252441406 1.194427490234375 1.0900690555572509766 0.98377233743667602539 0.9134171605110168457 0.87059056758880615234 0.88727742433547973633 0.89362728595733642578 0.84006983041763305664 0.75331783294677734375 0.67798751592636108398 0.61765581369400024414 0.53312021493911743164 0.43874511122703552246 0.20748893916606903076 -0.0024494219105690717697 -0.11045087128877639771 -0.15943868458271026611 -0.21026095747947692871 -0.2355353236198425293 -0.26420980691909790039 -0.31108257174491882324 -0.34128025174140930176 -0.34962487220764160156 -0.35498204827308654785 -0.36248961091041564941 -0.37063381075859069824 -0.37946653366088867188 -0.3904991447925567627 -0.39253401756286621094 -0.34788474440574645996 -0.27115383744239807129 -0.21227461099624633789 -0.094468995928764343262 0.14116345345973968506 0.40341898798942565918 0.47155770659446716309 0.3791325688362121582 0.25044995546340942383 0.027651583775877952576 -0.17733754217624664307
0.98221373558044433594 1.0946716070175170898 1.1412025690078735352 1.1433600187301635742 1.1252465248107910156 1.1089440584182739258 1.074011683464050293 1.0391029119491577148 1.0088557004928588867 0.88797539472579956055 0.73820602893829345703 0.59805691242218017578 0.46414446830749511719 0.3231582939624786377 0.22547502815723419189 0.048431795090436935425 -0.063639394938945770264 -0.092054501175880432129 -0.13288161158561706543 -0.21007467806339263916 -0.2475865781307220459 -0.27479913830757141113 -0.30497324466705322266 -0.31302550435066223145 -0.3041597902774810791 -0.29776984453201293945 -0.2959849238395690918 -0.3056004643440246582 -0.33005663752555847168 -0.36374637484550476074 -0.3833853602409362793 -0.33306062221527099609 -0.22902280092239379883 -0.15762782096862792969 -0.023342810571193695068 0.25544399023056030273 0.55701524019241333008 0.61190485954284667969 0.45944514870643615723 0.29778015613555908203 0.052098333835601806641 -0.12518306076526641846
0.80096638202667236328 0.96198290586471557617 1.0361295938491821289 1.1117051839828491211 1.1413769721984863281 1.1236951351165771484 1.0735943317413330078 1.0052976608276367188 0.952548980712890625 0.81584239006042480469 0.62554067373275756836 0.42573183774948120117 0.25136482715606689453 0.10725679248571395874 0.032683350145816802979 -0.045066181570291519165 -0.030871599912643432617 0.015164122916758060455 -0.027985524386167526245 -0.15026643872261047363 -0.19892650842666625977 -0.22281679511070251465 -0.23790267109870910645 -0.21613685786724090576 -0.1859273761510848999 -0.17208176851272583008 -0.1679719388484954834 -0.17989586293697357178 -0.22778017818927764893 -0.2967700958251953125 -0.32942944765090942383 -0.26886901259422302246 -0.1470101773738861084 -0.055761635303497314453 0.10459707677364349365 0.38515937328338623047 0.66147744655609130859 0.68299567699432373047 0.51703226566314697266 0.3376782536506652832 0.091112218797206878662 -0.032965417951345443726
0.59080398082733154297 0.79797655344009399414 0.88961887359619140625 1.0069811344146728516 1.0577492713928222656 1.0389850139617919922 0.97562104463577270508 0.89252144098281860352 0.82129621505737304688 0.67309248447418212891 0.47120875120162963867 0.26532831788063049316 0.099254064261913299561 -0.017735715955495834351 -0.054481294006109237671 -0.041192147880792617798 0.040228646248579025269 0.11672141402959823608 0.1050262153148651123 -0.0067195864394307136536 -0.064591988921165466309 -0.089856930077075958252 -0.093945540487766265869 -0.052783604711294174194 -0.015509853139519691467 -0.0079126860946416854858 -0.011482552625238895416 -0.029371973127126693726 -0.089324049651622772217 -0.16474868357181549072 -0.1976508796215057373 -0.14747232198715209961 -0.053132575005292892456 0.065427571535110473633 0.25907751917839050293 0.50694984197616577148 0.72558653354644775391 0.73157322406768798828 0.58311486244201660156 0.41692271828651428223 0.21194066107273101807 0.099324800074100494385
0.36476588249206542969 0.60154664516448974609 0.7160841822624206543 0.85537499189376831055 0.92510533332824707031 0.9220282435417175293 0.86227893829345703125 0.79268068075180053711 0.70145571231842041016 0.52064692974090576172 0.32516014575958251953 0.15240122377872467041 0.01747958548367023468 -0.072224527597427368164 -0.083782970905303955078 -0.029638415202498435974 0.06619624793529510498 0.17587415874004364014 0.23476046323776245117 0.20614729821681976318 0.17473529279232025146 0.15181410312652587891 0.15158067643642425537 0.18744675815105438232 0.21893891692161560059 0.21751710772514343262 0.1929807513952255249 0.15442666411399841309 0.069853350520133972168 -0.0027818863745778799057 -0.032885249704122543335 0.0099625857546925544739 0.095504991710186004639 0.21778590977191925049 0.40935385227203369141 0.6192709803581237793 0.78063416481018066406 0.79564929008483886719 0.70466482639312744141 0.58619427680969238281 0.41902360320091247559 0.29005095362663269043
0.16027191281318664551 0.34425210952758789063 0.44057485461235046387 0.56675809621810913086 0.66833662986755371094 0.72677254676818847656 0.70172452926635742188 0.6311524510383605957 0.51837623119354248047 0.3197110295295715332 0.14850597083568572998 0.030379679054021835327 -0.052552528679370880127 -0.11032825708389282227 -0.11668988317251205444 -0.07542183995246887207 0.014982564374804496765 0.16839016973972320557 0.33096531033515930176 0.44395136833190917969 0.48422908782958984375 0.48039042949676513672 0.48043993115425109863 0.50026285648345947266 0.51551848649978637695 0.48486572504043579102 0.4174225926399230957 0.35447597503662109375 0.24251796305179595947 0.15696376562118530273 0.13844950497150421143 0.19698919355869293213 0.27485662698745727539 0.38984924554824829102 0.56004983186721801758 0.70971548557281494141 0.82117360830307006836 0.85745704174041748047 0.84731096029281616211 0.80136013031005859375 0.68931251764297485352 0.53687399625778198242
0.032902635633945465088 0.099386103451251983643 0.12566259503364562988 0.18168403208255767822 0.29592922329902648926 0.43081784248352050781 0.45536363124847412109 0.38876226544380187988 0.27280759811401367188 0.088926441967487335205 -0.032361794263124465942 -0.089163705706596374512 -0.12082328647375106812 -0.1463145911693572998 -0.15562124550342559814 -0.1490497589111328125 -0.078920975327491760254 0.093578584492206573486 0.33119875192642211914 0.55500864982604980469 0.6603291630744934082 0.70027911663055419922 0.71918481588363647461 0.70742356777191162109 0.68579924106597900391 0.61846691370010375977 0.50396001338958740234 0.42638498544692993164 0.3167565762996673584 0.24695554375648498535 0.2548993229866027832 0.32719030976295471191 0.3936360478401184082 0.51594525575637817383 0.67459923028945922852 0.75251144170761108398 0.83631372451782226563 0.89543110132217407227 0.92897701263427734375 0.92825782299041748047 0.86859107017517089844 0.72787368297576904297
-0.0010794794652611017227 0.016024757176637649536 0.010188944637775421143 0.0070670796558260917664 0.079803712666034698486 0.20211763679981231689 0.23089349269866943359 0.18351140618324279785 0.10052733123302459717 -0.025493219494819641113 -0.095482893288135528564 -0.12784984707832336426 -0.14686162769794464111 -0.16720090806484222412 -0.18028964102268218994 -0.19454552233219146729 -0.16343061625957489014 -0.022020027041435241699 0.25464466214179992676 0.54668056964874267578 0.68675184249877929688 0.78612571954727172852 0.85013812780380249023 0.79554319381713867188 0.71316742897033691406 0.61047834157943725586 0.48366555571556091309 0.39772936701774597168 0.29169678688049316406 0.27131977677345275879 0.35164177417755126953 0.4664363563060760498 0.54891109466552734375 0.65356671810150146484 0.77667289972305297852 0.82797145843505859375 0.8897272944450378418 0.95623910427093505859 1.0013151168823242188 1.0056772232055664063 0.95478188991546630859 0.83706355094909667969
-0.016575627028942108154 -0.012081461027264595032 -0.023107020184397697449 -0.03843811526894569397 -0.0018623037030920386314 0.063609622418880462646 0.075736328959465026855 0.042695011943578720093 -0.0064366380684077739716 -0.076732836663722991943 -0.11690445244312286377 -0.14016282558441162109 -0.15912508964538574219 -0.18646262586116790771 -0.20342303812503814697 -0.22258336842060089111 -0.2061487734317779541 -0.08091811835765838623 0.22616825997829437256 0.55961126089096069336 0.72023642063140869141 0.83535170555114746094 0.90744930505752563477 0.83132910728454589844 0.70916843414306640625 0.57369267940521240234 0.4465427100658416748 0.35837122797966003418 0.25032499432563781738 0.26324394345283508301 0.41036301851272583008 0.60082274675369262695 0.70329487323760986328 0.77473938465118408203 0.87006711959838867188 0.9277909398078918457 0.99454796314239501953 1.0532479286193847656 1.0888924598693847656 1.0816277265548706055 1.0097116231918334961 0.88649463653564453125
-0.030477829277515411377 -0.029810542240738868713 -0.037961818277835845947 -0.049390580505132675171 -0.037657648324966430664 -0.022338343784213066101 -0.026867877691984176636 -0.04530904814600944519 -0.067794024944305419922 -0.099786065518856048584 -0.12749144434928894043 -0.15371368825435638428 -0.17847405374050140381 -0.2079855799674987793 -0.22459229826927185059 -0.23912170529365539551 -0.21107207238674163818 -0.069569520652294158936 0.25399860739707946777 0.59543967247009277344 0.75745832920074462891 0.87433725595474243164 0.95168125629425048828 0.87483716011047363281 0.72415292263031005859 0.56703394651412963867 0.43938174843788146973 0.36214858293533325195 0.28500267863273620605 0.31030535697937011719 0.46564880013465881348 0.7040494084358215332 0.83664143085479736328 0.90306127071380615234 0.99159818887710571289 1.0576738119125366211 1.1139875650405883789 1.1626641750335693359 1.191187739372253418 1.1762268543243408203 1.0813612937927246094 0.9495709538459777832
-0.055431529879570007324 -0.044950645416975021362 -0.045389216393232345581 -0.051859304308891296387 -0.058933019638061523438 -0.068659372627735137939 -0.081208139657974243164 -0.091762118041515350342 -0.10659804940223693848 -0.12847468256950378418 -0.15124969184398651123 -0.17195443809032440186 -0.19601686298847198486 -0.22224383056163787842 -0.2320031970739364624 -0.23189708590507507324 -0.19008201360702514648 -0.03183598443865776062 0.29238292574882507324 0.63940274715423583984 0.79888904094696044922 0.90926492214202880859 0.98569637537002563477 0.90889471769332885742 0.74981397390365600586 0.60850006341934204102 0.52436298131942749023 0.45984363555908203125 0.42784923315048217773 0.45929661393165588379 0.58562135696411132813 0.8147341609001159668 0.9690189361572265625 1.0521303415298461914 1.1459206342697143555 1.2436699867248535156 1.268835902214050293 1.3041502237319946289 1.352942347526550293 1.3279956579208374023 1.2171105146408081055 1.1149425506591796875
-0.10722289979457855225 -0.08764286339282989502 -0.068187795579433441162 -0.069833606481552124023 -0.086435616016387939453 -0.10539316385984420776 -0.12228283286094665527 -0.13327066600322723389 -0.14596091210842132568 -0.1671301722526550293 -0.18088382482528686523 -0.19315671920776367188 -0.21109093725681304932 -0.22892612218856811523 -0.226556435227394104 -0.18531668186187744141 -0.085565544664859771729 0.098355703055858612061 0.38062512874603271484 0.69115167856216430664 0.85480201244354248047 0.96123075485229492188 1.036021113395690918 0.95273995399475097656 0.78980875015258789063 0.69831031560897827148 0.67878681421279907227 0.67726600170135498047 0.71172440052032470703 0.7757084965705871582 0.90761202573776245117 1.1136338710784912109 1.2459759712219238281 1.2883498668670654297 1.3527843952178955078 1.4141794443130493164 1.3802444934844970703 1.3966672420501708984 1.4666026830673217773 1.4524600505828857422 1.3519284725189208984 1.2874090671539306641
-0.15242156386375427246 -0.14173789322376251221 -0.11133508384227752686 -0.097024962306022644043 -0.10580343753099441528 -0.12469732761383056641 -0.14634524285793304443 -0.15869595110416412354 -0.16908723115921020508 -0.18769109249114990234 -0.20008188486099243164 -0.20994971692562103271 -0.22392500936985015869 -0.23115433752536773682 -0.21854427456855773926 -0.14286734163761138916 0.01773188076913356781 0.22430551052093505859 0.45404791831970214844 0.72099095582962036133 0.8701661229133605957 0.97357910871505737305 1.0601543188095092773 0.99291628599166870117 0.85808187723159790039 0.81737738847732543945 0.83246558904647827148 0.87226700782775878906 0.94303715229034423828 1.0310010910034179688 1.1780588626861572266 1.3592002391815185547 1.4489302635192871094 1.4689252376556396484 1.5162578821182250977 1.532765507698059082 1.4713090658187866211 1.4692341089248657227 1.5264841318130493164 1.5350738763809204102 1.4717618227005004883 1.4239364862442016602
-0.17978268861770629883 -0.17675513029098510742 -0.15099738538265228271 -0.12538583576679229736 -0.12174522876739501953 -0.13798883557319641113 -0.16168576478958129883 -0.1742604672908782959 -0.18074706196784973145 -0.19503360986709594727 -0.20957952737808227539 -0.21535167098045349121 -0.22753024101257324219 -0.23223190009593963623 -0.21406896412372589111 -0.12045545876026153564 0.067990608513355255127 0.28070423007011413574 0.47537279129028320313 0.69391041994094848633 0.81618899106979370117 0.92902415990829467773 1.0424605607986450195 1.0193790197372436523 0.95546805858612060547 0.96044319868087768555 0.98269474506378173828 1.0250380039215087891 1.0852211713790893555 1.1733336448669433594 1.3200306892395019531 1.4632970094680786133 1.525946497917175293 1.562595367431640625 1.6177915334701538086 1.6311137676239013672 1.5813406705856323242 1.5645689964294433594 1.5873839855194091797 1.6023378372192382813 1.5831043720245361328 1.5421311855316162109
