INPUT/RASTER/ASCII_standard/BIO05.asc
ncols        225
nrows        269
xllcorner    473009.983799999987
yllcorner    4429051.174800000153
cellsize     50.000000000000
NODATA_value  -9999
[rows 162 to 179 of 269, columns 84 to 125 of 225]
-0.1405951380729675293 -0.1682697981595993042 -0.17421297729015350342 -0.16772864758968353271 -0.15902276337146759033 -0.12718977034091949463 -0.039219442754983901978 0.068987093865871429443 0.14210899174213409424 0.12643459439277648926 0.083617173135280609131 0.15020726621150970459 0.14525146782398223877 0.059564419090747833252 -0.011535278521478176117 -0.062612369656562805176 -0.091283902525901794434 -0.098879009485244750977 -0.10505952686071395874 -0.12610746920108795166 -0.15593725442886352539 -0.17547565698623657227 -0.18833987414836883545 -0.19315327703952789307 -0.20247626304626464844 -0.22554166615009307861 -0.2430578768253326416 -0.22156372666358947754 -0.19313903152942657471 -0.20460765063762664795 -0.24032838642597198486 -0.24107840657234191895 -0.21092583239078521729 -0.19305834174156188965 -0.19046650826930999756 -0.19956639409065246582 -0.23754668235778808594 -0.27691781520843505859 -0.28655883669853210449 -0.28235781192779541016 -0.27512347698211669922 -0.26957428455352783203
-0.13340350985527038574 -0.15197829902172088623 -0.15091024339199066162 -0.13769949972629547119 -0.12136527150869369507 -0.072951212525367736816 0.0055014961399137973785 0.085852980613708496094 0.14866451919078826904 0.12882705032825469971 0.075789466500282287598 0.023297781124711036682 0.047962892800569534302 0.029971981421113014221 -0.0083833085373044013977 -0.064544379711151123047 -0.094915315508842468262 -0.1022256016731262207 -0.11184765398502349854 -0.13492253422737121582 -0.15896105766296386719 -0.17701366543769836426 -0.18952661752700805664 -0.20141769945621490479 -0.22251786291599273682 -0.25535720586776733398 -0.28039258718490600586 -0.26170384883880615234 -0.22189125418663024902 -0.21664589643478393555 -0.21568226814270019531 -0.16505612432956695557 -0.086470499634742736816 -0.075937040150165557861 -0.11503759771585464478 -0.14608259499073028564 -0.19569763541221618652 -0.24906276166439056396 -0.27471998333930969238 -0.27701750397682189941 -0.26848250627517700195 -0.26047915220260620117
-0.04799653962254524231 -0.090856678783893585205 -0.080731451511383056641 -0.056569516658782958984 -0.035868100821971893311 0.008696188218891620636 0.071113727986812591553 0.12709441781044006348 0.1591694951057434082 0.12334907799959182739 0.070847898721694946289 -0.018109792843461036682 -0.090144634246826171875 -0.076297804713249206543 -0.024798233062028884888 -0.058401834219694137573 -0.097421698272228240967 -0.10881910473108291626 -0.12347766011953353882 -0.14373761415481567383 -0.16216997802257537842 -0.1779250800609588623 -0.18856298923492431641 -0.20770265161991119385 -0.23846283555030822754 -0.27509024739265441895 -0.29676476120948791504 -0.26647928357124328613 -0.17706114053726196289 -0.12413273751735687256 -0.055852726101875305176 0.0067499419674277305603 0.062004346400499343872 0.031666640192270278931 -0.057172376662492752075 -0.10510224848985671997 -0.15599896013736724854 -0.21238313615322113037 -0.25099000334739685059 -0.26279091835021972656 -0.25173053145408630371 -0.2379121929407119751
0.070344723761081695557 0.001471342635340988636 0.0053780758753418922424 0.035117667168378829956 0.054100688546895980835 0.087998598814010620117 0.13286669552326202393 0.16166163980960845947 0.15834352374076843262 0.10103370249271392822 0.047113187611103057861 -0.035084858536720275879 -0.13505545258522033691 -0.19221338629722595215 -0.13367883861064910889 -0.086185686290264129639 -0.11188088357448577881 -0.12367703020572662354 -0.13776120543479919434 -0.15168398618698120117 -0.16659888625144958496 -0.1814378201961517334 -0.19200451672077178955 -0.214120522141456604 -0.24437278509140014648 -0.26736697554588317871 -0.2608731389045715332 -0.19032885134220123291 -0.054974544793367385864 0.025680746883153915405 0.11641854047775268555 0.13647437095642089844 0.10993421822786331177 0.028395997360348701477 -0.076615855097770690918 -0.12338747084140777588 -0.16230289638042449951 -0.1991866379976272583 -0.23010821640491485596 -0.24262590706348419189 -0.22964301705360412598 -0.21085461974143981934
0.13939848542213439941 0.099039986729621887207 0.078590162098407745361 0.098066866397857666016 0.11520806699991226196 0.14544609189033508301 0.1756461411714553833 0.17185807228088378906 0.13916113972663879395 0.068322524428367614746 0.013576044701039791107 -0.06555547565221786499 -0.1622127145528793335 -0.25100424885749816895 -0.28040206432342529297 -0.17797255516052246094 -0.12920722365379333496 -0.13725328445434570313 -0.1508058011531829834 -0.16049906611442565918 -0.17196293175220489502 -0.18614204227924346924 -0.19784800708293914795 -0.21939910948276519775 -0.24074137210845947266 -0.23117153346538543701 -0.17077144980430603027 -0.053037792444229125977 0.094293043017387390137 0.17347678542137145996 0.25216209888458251953 0.22102215886116027832 0.10465561598539352417 -0.039869774132966995239 -0.14657153189182281494 -0.18121945858001708984 -0.19943347573280334473 -0.20885616540908813477 -0.217348441481590271 -0.21816965937614440918 -0.20163130760192871094 -0.18252012133598327637
0.174943581223487854 0.17314448952674865723 0.16006666421890258789 0.14744454622268676758 0.15910778939723968506 0.18441848456859588623 0.19550259411334991455 0.16350345313549041748 0.10675376653671264648 0.029183989390730857849 -0.022315584123134613037 -0.096647948026657104492 -0.19354252517223358154 -0.28277555108070373535 -0.35548445582389831543 -0.32467678189277648926 -0.18033178150653839111 -0.15578059852123260498 -0.1582680046558380127 -0.1667175590991973877 -0.17689025402069091797 -0.18976396322250366211 -0.19952841103076934814 -0.2130619436502456665 -0.20799696445465087891 -0.14976622164249420166 -0.042205270379781723022 0.10027419030666351318 0.23722821474075317383 0.29836881160736083984 0.34120047092437744141 0.26177939772605895996 0.081281676888465881348 -0.11689840257167816162 -0.22437866032123565674 -0.2458728104829788208 -0.24436327815055847168 -0.22887401282787322998 -0.21318061649799346924 -0.1989777684211730957 -0.17556585371494293213 -0.15612238645553588867
0.19910077750682830811 0.21105358004570007324 0.23609368503093719482 0.20670537650585174561 0.19103571772575378418 0.20089511573314666748 0.18708626925945281982 0.13700602948665618896 0.067938022315502166748 -0.014658765867352485657 -0.06495736539363861084 -0.13365510106086730957 -0.2276350557804107666 -0.31321293115615844727 -0.37824603915214538574 -0.41505855321884155273 -0.36321720480918884277 -0.24901053309440612793 -0.15836767852306365967 -0.16653716564178466797 -0.17816717922687530518 -0.18943166732788085938 -0.19410741329193115234 -0.18692053854465484619 -0.12916450202465057373 -0.016970526427030563354 0.11277763545513153076 0.25979515910148620605 0.38069504499435424805 0.41179224848747253418 0.39471274614334106445 0.27645218372344970703 0.066566154360771179199 -0.17581269145011901855 -0.28424233198165893555 -0.29724895954132080078 -0.28099542856216430664 -0.24626681208610534668 -0.21487052738666534424 -0.18647432327270507813 -0.15532489120960235596 -0.13002844154834747314
0.23622660338878631592 0.24357011914253234863 0.27700757980346679688 0.28841924667358398438 0.26153254508972167969 0.21329413354396820068 0.15496845543384552002 0.092565156519412994385 0.021261343732476234436 -0.05517866089940071106 -0.09927774965763092041 -0.15914618968963623047 -0.24119232594966888428 -0.3162224888801574707 -0.37435829639434814453 -0.40956634283065795898 -0.41998589038848876953 -0.37158131599426269531 -0.23015569150447845459 -0.17478735744953155518 -0.17263698577880859375 -0.18355496227741241455 -0.18711042404174804688 -0.15936928987503051758 -0.045010711997747421265 0.11826035380363464355 0.27482399344444274902 0.43020090460777282715 0.54614967107772827148 0.54791557788848876953 0.4685751795768737793 0.31834870576858520508 0.095802575349807739258 -0.16424439847469329834 -0.27974224090576171875 -0.2914244532585144043 -0.27769631147384643555 -0.26374503970146179199 -0.23859575390815734863 -0.20518203079700469971 -0.17247559130191802979 -0.1400302499532699585
0.27142041921615600586 0.28102350234985351563 0.29657921195030212402 0.30240371823310852051 0.28709957003593444824 0.2257073819637298584 0.11096905171871185303 0.046909071505069732666 -0.00057458935771137475967 -0.064107656478881835938 -0.10548675060272216797 -0.16137725114822387695 -0.23086297512054443359 -0.29117289185523986816 -0.34328955411911010742 -0.37372693419456481934 -0.3856512606143951416 -0.38978585600852966309 -0.38073816895484924316 -0.29732015728950500488 -0.1713695526123046875 -0.15576636791229248047 -0.15524893999099731445 -0.12302669882774353027 -0.0062899072654545307159 0.19294399023056030273 0.39631721377372741699 0.57005530595779418945 0.67691844701766967773 0.66901004314422607422 0.58535945415496826172 0.43489086627960205078 0.215776786208152771 -0.021309232339262962341 -0.15751323103904724121 -0.19706000387668609619 -0.22837558388710021973 -0.2529125213623046875 -0.25356760621070861816 -0.23290416598320007324 -0.20724694430828094482 -0.18205492198467254639
0.27932885289192199707 0.29025155305862426758 0.29752385616302490234 0.29244464635848999023 0.27385085821151733398 0.22168198227882385254 0.1478290557861328125 0.061339773237705230713 0.0029666293412446975708 -0.06063289940357208252 -0.10484591126441955566 -0.16495169699192047119 -0.22913509607315063477 -0.27703648805618286133 -0.32711198925971984863 -0.3581854701042175293 -0.3671334385871887207 -0.37652289867401123047 -0.39590939879417419434 -0.38203883171081542969 -0.24863079190254211426 -0.14677090942859649658 -0.12964393198490142822 -0.10422880947589874268 -0.0013056184398010373116 0.19970363378524780273 0.41911202669143676758 0.60401493310928344727 0.70596021413803100586 0.70576089620590209961 0.64782917499542236328 0.51681357622146606445 0.31633600592613220215 0.094943374395370483398 -0.058159742504358291626 -0.1175439879298210144 -0.17324459552764892578 -0.21194641292095184326 -0.2334025949239730835 -0.24114485085010528564 -0.23878562450408935547 -0.23000378906726837158
0.27897280454635620117 0.29120567440986633301 0.2950744330883026123 0.2831738591194152832 0.2635974884033203125 0.22061391174793243408 0.16599559783935546875 0.083175703883171081543 -0.0049275350756943225861 -0.070416346192359924316 -0.11208025366067886353 -0.17189647257328033447 -0.23074430227279663086 -0.26929423213005065918 -0.30940112471580505371 -0.34015181660652160645 -0.35187676548957824707 -0.36449414491653442383 -0.38259422779083251953 -0.39939841628074645996 -0.35367110371589660645 -0.20020247995853424072 -0.11998391151428222656 -0.094113081693649291992 0.00083525234367698431015 0.19856911897659301758 0.4185803830623626709 0.60586625337600708008 0.70604568719863891602 0.71790355443954467773 0.68987762928009033203 0.59093236923217773438 0.41474485397338867188 0.18335041403770446777 0.007803763262927532196 -0.053213428705930709839 -0.10071607679128646851 -0.13687352836132049561 -0.17553737759590148926 -0.22032952308654785156 -0.2541752159595489502 -0.27131167054176330566
0.27575439214706420898 0.28665336966514587402 0.28508213162422180176 0.26411962509155273438 0.24073144793510437012 0.19358482956886291504 0.12779696285724639893 0.055064316838979721069 -0.030342662706971168518 -0.10192654281854629517 -0.13696372509002685547 -0.18486985564231872559 -0.23133768141269683838 -0.25825759768486022949 -0.28363949060440063477 -0.31395819783210754395 -0.33095699548721313477 -0.35343852639198303223 -0.37136772274971008301 -0.38941085338592529297 -0.4050045311450958252 -0.3282654881477355957 -0.20824855566024780273 -0.11337617039680480957 0.00083525234367698431015 0.20518161356449127197 0.42842555046081542969 0.60661625862121582031 0.69985568523406982422 0.71880549192428588867 0.71794152259826660156 0.66369348764419555664 0.50944632291793823242 0.25350072979927062988 0.06538416445255279541 0.020573036745190620422 0.00040328066097572445869 -0.023222249001264572144 -0.078718744218349456787 -0.16100223362445831299 -0.23414312303066253662 -0.28244799375534057617
0.27172422409057617188 0.27537938952445983887 0.26251992583274841309 0.22801914811134338379 0.19579215347766876221 0.13631297647953033447 0.06411673128604888916 -0.0011157407425343990326 -0.062512688338756561279 -0.13984036445617675781 -0.18788416683673858643 -0.22058585286140441895 -0.23975400626659393311 -0.25057229399681091309 -0.2684777379035949707 -0.29534542560577392578 -0.31478890776634216309 -0.34405854344367980957 -0.36260485649108886719 -0.38248980045318603516 -0.40639540553092956543 -0.41577062010765075684 -0.39386820793151855469 -0.21200813353061676025 0.0095743723213672637939 0.24133905768394470215 0.4699897468090057373 0.63284784555435180664 0.70727992057800292969 0.72017258405685424805 0.72416001558303833008 0.69346630573272705078 0.55675435066223144531 0.32421118021011352539 0.16405884921550750732 0.13176065683364868164 0.13561992347240447998 0.12323515117168426514 0.048181250691413879395 -0.064221583306789398193 -0.15994842350482940674 -0.22490082681179046631
0.26968306303024291992 0.26365444064140319824 0.23785956203937530518 0.19331899285316467285 0.15852391719818115234 0.0956838950514793396 0.017506511881947517395 -0.054998278617858886719 -0.11179544031620025635 -0.16505612432956695557 -0.21118690073490142822 -0.25759774446487426758 -0.25534296035766601563 -0.25273212790489196777 -0.2657292783260345459 -0.28946396708488464355 -0.30591687560081481934 -0.33263742923736572266 -0.35181507468223571777 -0.37448644638061523438 -0.39713886380195617676 -0.40876886248588562012 -0.40661850571632385254 -0.30820965766906738281 -0.0095700444653630256653 0.31306535005569458008 0.564197540283203125 0.70949196815490722656 0.7660090327262878418 0.75949627161026000977 0.72681832313537597656 0.67923498153686523438 0.5808308720588684082 0.44325497746467590332 0.36039236187934875488 0.34487462043762207031 0.35286372900009155273 0.33242812752723693848 0.23955421149730682373 0.11413051187992095947 0.013291227631270885468 -0.064890906214714050293
0.26542505621910095215 0.24412551522254943848 0.20820540189743041992 0.16429145634174346924 0.13398222625255584717 0.072234004735946655273 -0.012907144613564014435 -0.091635175049304962158 -0.15569515526294708252 -0.18617527186870574951 -0.19799040257930755615 -0.23266206681728363037 -0.24323351681232452393 -0.25803923606872558594 -0.26646980643272399902 -0.28849560022354125977 -0.30310669541358947754 -0.32527965307235717773 -0.34239238500595092773 -0.36421406269073486328 -0.38385218381881713867 -0.38000240921974182129 -0.35555091500282287598 -0.25588884949684143066 -0.029023012146353721619 0.32659888267517089844 0.64943367242813110352 0.81495952606201171875 0.87767612934112548828 0.84855836629867553711 0.76554387807846069336 0.69059914350509643555 0.62739837169647216797 0.59133106470108032227 0.58165681362152099609 0.58910953998565673828 0.60074901580810546875 0.56273549795150756836 0.46115094423294067383 0.34264355897903442383 0.24305745959281921387 0.14962814748287200928
0.25941541790962219238 0.22109335660934448242 0.17692306637763977051 0.13802662491798400879 0.11161463707685470581 0.05397726595401763916 -0.027931215241551399231 -0.10397247970104217529 -0.16858784854412078857 -0.20131327211856842041 -0.20732289552688598633 -0.19894453883171081543 -0.19717867672443389893 -0.2309389263391494751 -0.25557079911231994629 -0.28317427635192871094 -0.30069997906684875488 -0.32546004652976989746 -0.34512186050415039063 -0.36296561360359191895 -0.37189936637878417969 -0.34408703446388244629 -0.28770759701728820801 -0.1479149162769317627 0.06609620898962020874 0.31448942422866821289 0.63570553064346313477 0.88304018974304199219 0.97075414657592773438 0.93111717700958251953 0.81383925676345825195 0.70928311347961425781 0.65605092048645019531 0.66648465394973754883 0.71028947830200195313 0.74127751588821411133 0.75190114974975585938 0.69757711887359619141 0.5944830775260925293 0.49190163612365722656 0.39679667353630065918 0.30329141020774841309
0.24984557926654815674 0.19665135443210601807 0.14832273125648498535 0.11535522341728210449 0.093343652784824371338 0.045138459652662277222 -0.026711251586675643921 -0.099496111273765563965 -0.15935030579566955566 -0.19539858400821685791 -0.20559975504875183105 -0.18661199510097503662 -0.14548447728157043457 -0.14660002291202545166 -0.20258544385433197021 -0.26251560449600219727 -0.2933374941349029541 -0.32796168327331542969 -0.34962198138236999512 -0.36758914589881896973 -0.35721707344055175781 -0.28832471370697021484 -0.20319305360317230225 -0.037482064217329025269 0.17473472654819488525 0.36430385708808898926 0.58051753044128417969 0.8726348876953125 1.015850067138671875 0.97123831510543823242 0.83823853731155395508 0.72116947174072265625 0.67367154359817504883 0.69914364814758300781 0.76100575923919677734 0.8239027857780456543 0.85245084762573242188 0.78292715549468994141 0.69513720273971557617 0.62395209074020385742 0.54431736469268798828 0.45558753609657287598
0.2424640953540802002 0.17834714055061340332 0.12418928742408752441 0.094948120415210723877 0.078799024224281311035 0.043709632009267807007 -0.018143020570278167725 -0.083873927593231201172 -0.13532127439975738525 -0.17264649271965026855 -0.1860186159610748291 -0.15861453115940093994 -0.090135142207145690918 -0.045333504676818847656 -0.095541909337043762207 -0.20740833878517150879 -0.2670014500617980957 -0.32553598284721374512 -0.34817415475845336914 -0.36355900764465332031 -0.33468335866928100586 -0.22132162749767303467 -0.11342838406562805176 0.051375944167375564575 0.2577444911003112793 0.43356174230575561523 0.58464741706848144531 0.7861645817756652832 0.98706465959548950195 0.96652936935424804688 0.847286224365234375 0.73203045129776000977 0.68361163139343261719 0.70035886764526367188 0.75426512956619262695 0.84287154674530029297 0.90254062414169311523 0.84131455421447753906 0.78443670272827148438 0.7481415867805480957 0.68483632802963256836 0.59848946332931518555
