INPUT/RASTER/ASCII_standard/BIO08.asc
ncols        225
nrows        269
xllcorner    473009.983799999987
yllcorner    4429051.174800000153
cellsize     50.000000000000
NODATA_value  -9999
[rows 72 to 89 of 269, columns 42 to 83 of 225]
-1.1895651817321777344 -1.2066506147384643555 -1.2122538089752197266 -1.2202116250991821289 -1.2307070493698120117 -1.2380020618438720703 -1.2445440292358398438 -1.2492203712463378906 -1.2572082281112670898 -1.2646291255950927734 -1.2615935802459716797 -1.2601387500762939453 -1.2544486522674560547 -1.2377020120620727539 -1.2090113162994384766 -1.1792466640472412109 -1.1552621126174926758 -1.1381256580352783203 -1.1352131366729736328 -1.1390554904937744141 -1.1447006464004516602 -1.1485251188278198242 -1.1542693376541137695 -1.1697200536727905273 -1.1750053167343139648 -1.1798166036605834961 -1.1874024868011474609 -1.1911998987197875977 -1.192780613899230957 -1.1930356025695800781 -1.1908218860626220703 -1.1860946416854858398 -1.1884462833404541016 -1.1876124143600463867 -1.1809353828430175781 -1.1723536252975463867 -1.1672483682632446289 -1.173178553581237793 -1.1880623102188110352 -1.2026882171630859375 -1.2123798131942749023 -1.2212854623794555664
-1.172167658805847168 -1.1964040994644165039 -1.2044938802719116211 -1.2131866216659545898 -1.2240930795669555664 -1.2302631139755249023 -1.2387969493865966797 -1.2485214471817016602 -1.2586419582366943359 -1.2646051645278930664 -1.2640352249145507813 -1.2617255449295043945 -1.2562663555145263672 -1.2401887178421020508 -1.2086783647537231445 -1.1757102012634277344 -1.1518216133117675781 -1.1381586790084838867 -1.1358339786529541016 -1.1377387046813964844 -1.1423699855804443359 -1.1467133760452270508 -1.1488161087036132813 -1.1548871994018554688 -1.1616722345352172852 -1.1701579093933105469 -1.1776359081268310547 -1.1797595024108886719 -1.1816883087158203125 -1.1815383434295654297 -1.1777348518371582031 -1.1720956563949584961 -1.1625571250915527344 -1.1570378541946411133 -1.1484051942825317383 -1.1333893537521362305 -1.1263314485549926758 -1.1400753259658813477 -1.1709858179092407227 -1.1901379823684692383 -1.1989268064498901367 -1.2077184915542602539
-1.1496469974517822266 -1.1665945053100585938 -1.1766730546951293945 -1.1898920536041259766 -1.2032700777053833008 -1.2099051475524902344 -1.2202386856079101563 -1.2361873388290405273 -1.2521330118179321289 -1.2596977949142456055 -1.2574481964111328125 -1.253917694091796875 -1.2476305961608886719 -1.2345285415649414063 -1.2040829658508300781 -1.1658506393432617188 -1.1427389383316040039 -1.133761286735534668 -1.1330263614654541016 -1.1371717453002929688 -1.1453756093978881836 -1.1515036821365356445 -1.1552021503448486328 -1.1580427885055541992 -1.1607903242111206055 -1.1646987199783325195 -1.1639128923416137695 -1.1626200675964355469 -1.160340428352355957 -1.1564859151840209961 -1.1530334949493408203 -1.1478081941604614258 -1.1374537944793701172 -1.1281731128692626953 -1.1166127920150756836 -1.1069542169570922852 -1.1038646697998046875 -1.1224799156188964844 -1.1575058698654174805 -1.1784037351608276367 -1.1887102127075195313 -1.1954802274703979492
-1.1430239677429199219 -1.1599174737930297852 -1.1694290637969970703 -1.1802004575729370117 -1.189532160758972168 -1.1952643394470214844 -1.2074395418167114258 -1.2230432033538818359 -1.2380290031433105469 -1.2463648319244384766 -1.2420094013214111328 -1.2324438095092773438 -1.2252328395843505859 -1.210163116455078125 -1.1767209768295288086 -1.1419380903244018555 -1.1255425214767456055 -1.1247236728668212891 -1.126931309700012207 -1.1317546367645263672 -1.1395474672317504883 -1.1482701301574707031 -1.1546952724456787109 -1.1579678058624267578 -1.1600614786148071289 -1.1610393524169921875 -1.1586846113204956055 -1.1573588848114013672 -1.1527454853057861328 -1.1485221385955810547 -1.1442717313766479492 -1.1357829570770263672 -1.1224319934844970703 -1.107830047607421875 -1.0944221019744873047 -1.0911076068878173828 -1.0921304225921630859 -1.1050795316696166992 -1.1324055194854736328 -1.157217860221862793 -1.17574310302734375 -1.1842589378356933594
-1.1323485374450683594 -1.1515847444534301758 -1.1635379791259765625 -1.1758121252059936523 -1.1850748062133789063 -1.1905879974365234375 -1.2014104127883911133 -1.2145785093307495117 -1.2238800525665283203 -1.22975921630859375 -1.220877528190612793 -1.2071815729141235352 -1.196248173713684082 -1.1718437671661376953 -1.1356210708618164063 -1.1113306283950805664 -1.1081960201263427734 -1.1149899959564208984 -1.1196573972702026367 -1.1267783641815185547 -1.1342802047729492188 -1.1434289216995239258 -1.1491490602493286133 -1.152178645133972168 -1.1540713310241699219 -1.1544582843780517578 -1.1553971767425537109 -1.1549352407455444336 -1.1495629549026489258 -1.1452226638793945313 -1.1407263278961181641 -1.1311997175216674805 -1.1170806884765625 -1.0991853475570678711 -1.0837106704711914063 -1.0804381370544433594 -1.0801171064376831055 -1.0864012241363525391 -1.1045815944671630859 -1.1306477785110473633 -1.1534234285354614258 -1.1686102151870727539
-1.1129533052444458008 -1.1348410844802856445 -1.1535524129867553711 -1.1690871715545654297 -1.182393193244934082 -1.1892561912536621094 -1.1974809169769287109 -1.2042599916458129883 -1.2054177522659301758 -1.201329350471496582 -1.1875404119491577148 -1.1737394332885742188 -1.1598994731903076172 -1.1292829513549804688 -1.0975385904312133789 -1.0884529352188110352 -1.0950310230255126953 -1.1048755645751953125 -1.1103347539901733398 -1.1175097227096557617 -1.1243157386779785156 -1.1340132951736450195 -1.1394034624099731445 -1.1419531106948852539 -1.1426819562911987305 -1.1449526548385620117 -1.1503368616104125977 -1.1501449346542358398 -1.1448416709899902344 -1.1406962871551513672 -1.1379337310791015625 -1.1289019584655761719 -1.1151189804077148438 -1.0989423990249633789 -1.0838816165924072266 -1.0744479894638061523 -1.0687878131866455078 -1.0658032894134521484 -1.0730291604995727539 -1.099608302116394043 -1.128377079963684082 -1.150156855583190918
-1.0876280069351196289 -1.1116635799407958984 -1.1371327638626098633 -1.1567618846893310547 -1.1719876527786254883 -1.1792826652526855469 -1.1883293390274047852 -1.1868624687194824219 -1.1743723154067993164 -1.1570708751678466797 -1.1412332057952880859 -1.1291300058364868164 -1.1176116466522216797 -1.0928262472152709961 -1.0750268697738647461 -1.0781584978103637695 -1.0895477533340454102 -1.0993893146514892578 -1.1034147739410400391 -1.1078240871429443359 -1.1133252382278442383 -1.1207852363586425781 -1.1253114938735961914 -1.1283440589904785156 -1.1312116384506225586 -1.1341782808303833008 -1.1396493911743164063 -1.1392954587936401367 -1.1346431970596313477 -1.1320935487747192383 -1.1315236091613769531 -1.1251645088195800781 -1.1144021749496459961 -1.1007301807403564453 -1.0877720117568969727 -1.0754768848419189453 -1.0648044347763061523 -1.0502175092697143555 -1.0430065393447875977 -1.0687458515167236328 -1.1061203479766845703 -1.1309657096862792969
-1.0634546279907226563 -1.0904026031494140625 -1.1161298751831054688 -1.1358579397201538086 -1.1560779809951782227 -1.166426539421081543 -1.1661804914474487305 -1.1581267118453979492 -1.1380237340927124023 -1.1174856424331665039 -1.1037956476211547852 -1.0932642221450805664 -1.0821897983551025391 -1.0656203031539916992 -1.0610100030899047852 -1.0739890336990356445 -1.0895627737045288086 -1.0982345342636108398 -1.1008651256561279297 -1.1033157110214233398 -1.1061593294143676758 -1.1097078323364257813 -1.1137512922286987305 -1.118811488151550293 -1.121577143669128418 -1.1210851669311523438 -1.1225309371948242188 -1.1215081214904785156 -1.114231109619140625 -1.1120444536209106445 -1.1124314069747924805 -1.1090569496154785156 -1.1061472892761230469 -1.0956878662109375 -1.0847635269165039063 -1.0711154937744140625 -1.0593302249908447266 -1.0409219264984130859 -1.0296525955200195313 -1.0492067337036132813 -1.0878380537033081055 -1.1125514507293701172
-1.0319021940231323242 -1.0605870485305786133 -1.0817998647689819336 -1.0925323963165283203 -1.110697627067565918 -1.1225849390029907227 -1.1215920448303222656 -1.1114745140075683594 -1.0971666574478149414 -1.0828047990798950195 -1.071940302848815918 -1.0629746913909912109 -1.0552327632904052734 -1.0474729537963867188 -1.0509824752807617188 -1.0723483562469482422 -1.0893738269805908203 -1.095270991325378418 -1.0973286628723144531 -1.0996352434158325195 -1.1020259857177734375 -1.1049745082855224609 -1.1089938879013061523 -1.11383819580078125 -1.1128783226013183594 -1.1111415624618530273 -1.1104067564010620117 -1.103801727294921875 -1.0937801599502563477 -1.0902316570281982422 -1.0895867347717285156 -1.0869141817092895508 -1.0896887779235839844 -1.0796972513198852539 -1.0713524818420410156 -1.0600230693817138672 -1.0489246845245361328 -1.0318121910095214844 -1.0237463712692260742 -1.0357866287231445313 -1.0700535774230957031 -1.095669865608215332
-1.0011057853698730469 -1.0256391763687133789 -1.0415158271789550781 -1.0503405332565307617 -1.0607279539108276367 -1.0679090023040771484 -1.0755728483200073242 -1.0730412006378173828 -1.0651013851165771484 -1.0553468465805053711 -1.0468580722808837891 -1.0405049324035644531 -1.0344938039779663086 -1.0313893556594848633 -1.0392271280288696289 -1.0639854669570922852 -1.0856783390045166016 -1.0936781167984008789 -1.0956668853759765625 -1.0987204313278198242 -1.1016420125961303711 -1.1045905351638793945 -1.108097076416015625 -1.110661625862121582 -1.1096237897872924805 -1.1078600883483886719 -1.104962468147277832 -1.0968366861343383789 -1.0883479118347167969 -1.0829157829284667969 -1.0803241729736328125 -1.0799732208251953125 -1.0785844326019287109 -1.0666941404342651367 -1.0609499216079711914 -1.0536310672760009766 -1.0432795286178588867 -1.0254771709442138672 -1.0170934200286865234 -1.0298745632171630859 -1.0609499216079711914 -1.0848864316940307617
-0.96902841329574584961 -0.99624043703079223633 -1.0147627592086791992 -1.0207858085632324219 -1.0246462821960449219 -1.0289206504821777344 -1.0390591621398925781 -1.0468909740447998047 -1.0468430519104003906 -1.0381473302841186523 -1.03194427490234375 -1.0276159048080444336 -1.0238033533096313477 -1.0202789306640625 -1.0233714580535888672 -1.0412218570709228516 -1.0652843713760375977 -1.0777565240859985352 -1.0855373144149780273 -1.0912154912948608398 -1.0973316431045532227 -1.1031447649002075195 -1.1075301170349121094 -1.1102477312088012695 -1.1108386516571044922 -1.1087030172348022461 -1.1010720729827880859 -1.091761469841003418 -1.0839775800704956055 -1.0782724618911743164 -1.0760498046875 -1.0753028392791748047 -1.0688867568969726563 -1.05579376220703125 -1.0456432104110717773 -1.0376373529434204102 -1.0263800621032714844 -1.0038623809814453125 -0.99845415353775024414 -1.0214728116989135742 -1.052617192268371582 -1.0720872879028320313
-0.94790852069854736328 -0.97000026702880859375 -0.98784166574478149414 -0.99375081062316894531 -0.98978841304779052734 -0.98912250995635986328 -1.0007277727127075195 -1.0184102058410644531 -1.0278317928314208984 -1.0228525400161743164 -1.0164635181427001953 -1.0130289793014526367 -1.0127199888229370117 -1.0115681886672973633 -1.0117272138595581055 -1.0212837457656860352 -1.0416028499603271484 -1.0548578500747680664 -1.0681339502334594727 -1.0777685642242431641 -1.0862423181533813477 -1.0960057973861694336 -1.1054635047912597656 -1.10910797119140625 -1.1096597909927368164 -1.1069182157516479492 -1.0989934206008911133 -1.0892838239669799805 -1.0826188325881958008 -1.0776004791259765625 -1.0750539302825927734 -1.0695197582244873047 -1.0598431825637817383 -1.0462281703948974609 -1.029898524284362793 -1.0104253292083740234 -0.99272799491882324219 -0.96951436996459960938 -0.97332978248596191406 -1.0106652975082397461 -1.0445603132247924805 -1.0591502189636230469
-0.94783055782318115234 -0.95687723159790039063 -0.96431612968444824219 -0.9629033207893371582 -0.95773810148239135742 -0.95777708292007446289 -0.96825754642486572266 -0.98421519994735717773 -0.99867010116577148438 -1.0039132833480834961 -1.0016936063766479492 -0.99916803836822509766 -0.99907505512237548828 -1.0009917020797729492 -1.0066158771514892578 -1.0144628286361694336 -1.0303874015808105469 -1.0419597625732421875 -1.0545939207077026367 -1.0654042959213256836 -1.0747389793395996094 -1.0873610973358154297 -1.1000372171401977539 -1.1040116548538208008 -1.1033787727355957031 -1.100001215934753418 -1.0938761234283447266 -1.0872591733932495117 -1.082843780517578125 -1.0780264139175415039 -1.0742050409317016602 -1.0651913881301879883 -1.0528301000595092773 -1.037436366081237793 -1.0178163051605224609 -0.99112617969512939453 -0.9674116969108581543 -0.9444020390510559082 -0.95657128095626831055 -1.0016186237335205078 -1.0331740379333496094 -1.0405259132385253906
-0.94234436750411987305 -0.94336718320846557617 -0.94085657596588134766 -0.93414354324340820313 -0.92936223745346069336 -0.92894828319549560547 -0.93037611246109008789 -0.93917083740234375 -0.95715320110321044922 -0.9749615788459777832 -0.97971588373184204102 -0.98041176795959472656 -0.98315036296844482422 -0.98736172914505004883 -0.99847513437271118164 -1.0109293460845947266 -1.0252702236175537109 -1.0337738990783691406 -1.0432195663452148438 -1.0519722700119018555 -1.0608630180358886719 -1.0752038955688476563 -1.0889059305191040039 -1.093231201171875 -1.0929852724075317383 -1.0909096002578735352 -1.0854834318161010742 -1.0819288492202758789 -1.0797811746597290039 -1.0737761259078979492 -1.0688807964324951172 -1.0592072010040283203 -1.0458831787109375 -1.0288187265396118164 -1.0059410333633422852 -0.98228049278259277344 -0.95621430873870849609 -0.92883133888244628906 -0.94236236810684204102 -0.98786866664886474609 -1.0103113651275634766 -1.0105693340301513672
-0.90504181385040283203 -0.89878773689270019531 -0.90030550956726074219 -0.90628361701965332031 -0.90116637945175170898 -0.89041298627853393555 -0.86857616901397705078 -0.87460529804229736328 -0.8966910243034362793 -0.92731356620788574219 -0.94217336177825927734 -0.94477701187133789063 -0.94922536611557006836 -0.9581820368766784668 -0.97557049989700317383 -0.99588948488235473633 -1.0137728452682495117 -1.0203539133071899414 -1.0251111984252929688 -1.0325171947479248047 -1.0405650138854980469 -1.0517892837524414063 -1.0661271810531616211 -1.0728522539138793945 -1.0752038955688476563 -1.0761907100677490234 -1.0721923112869262695 -1.0681458711624145508 -1.0641294717788696289 -1.0585262775421142578 -1.053670048713684082 -1.0434175729751586914 -1.0300035476684570313 -1.0127890110015869141 -0.98862159252166748047 -0.96475708484649658203 -0.94159144163131713867 -0.91474241018295288086 -0.91790091991424560547 -0.95291781425476074219 -0.97275692224502563477 -0.97043824195861816406
-0.86368387937545776367 -0.85473018884658813477 -0.85910052061080932617 -0.87562215328216552734 -0.87850171327590942383 -0.86849218606948852539 -0.84704834222793579102 -0.84740525484085083008 -0.86332094669342041016 -0.88885617256164550781 -0.9030501246452331543 -0.90917223691940307617 -0.91221374273300170898 -0.92370510101318359375 -0.9507611393928527832 -0.97983586788177490234 -1.0001128911972045898 -1.0069458484649658203 -1.0122971534729003906 -1.0175672769546508789 -1.0221925973892211914 -1.0318962335586547852 -1.0476919412612915039 -1.0549658536911010742 -1.0591142177581787109 -1.0635415315628051758 -1.0611479282379150391 -1.0531210899353027344 -1.0479859113693237305 -1.0419718027114868164 -1.0359365940093994141 -1.0236504077911376953 -1.0108512639999389648 -0.99569755792617797852 -0.97527050971984863281 -0.95210194587707519531 -0.93135696649551391602 -0.9014873504638671875 -0.88652253150939941406 -0.90445089340209960938 -0.91935873031616210938 -0.9138005375862121582
-0.82701724767684936523 -0.82118010520935058594 -0.82794713973999023438 -0.84114217758178710938 -0.84676337242126464844 -0.84608244895935058594 -0.84633141756057739258 -0.84481966495513916016 -0.84309488534927368164 -0.84618145227432250977 -0.8605823516845703125 -0.87600004673004150391 -0.884761810302734375 -0.89591413736343383789 -0.91910076141357421875 -0.95165801048278808594 -0.97860604524612426758 -0.98924845457077026367 -0.99704730510711669922 -0.9998429417610168457 -1.0031454563140869141 -1.0133409500122070313 -1.0241723060607910156 -1.0280147790908813477 -1.0344548225402832031 -1.0435044765472412109 -1.0406489372253417969 -1.0333659648895263672 -1.0268030166625976563 -1.0224566459655761719 -1.0162655115127563477 -1.0041413307189941406 -0.99135118722915649414 -0.97614938020706176758 -0.95369166135787963867 -0.93035811185836791992 -0.91270267963409423828 -0.88454580307006835938 -0.86381584405899047852 -0.86534261703491210938 -0.86757433414459228516 -0.86334490776062011719
-0.79887235164642333984 -0.79152643680572509766 -0.79911535978317260742 -0.81229841709136962891 -0.81945836544036865234 -0.8234837651252746582 -0.83689779043197631836 -0.84075522422790527344 -0.8301817774772644043 -0.82086813449859619141 -0.82837605476379394531 -0.84251600503921508789 -0.85269945859909057617 -0.86976099014282226563 -0.89245265722274780273 -0.922466278076171875 -0.95231491327285766602 -0.96654778718948364258 -0.97953587770462036133 -0.98400825262069702148 -0.98751473426818847656 -0.9947916865348815918 -1.0020025968551635742 -1.0034093856811523438 -1.0061600208282470703 -1.0095975399017333984 -1.006732940673828125 -1.0069998502731323242 -1.0022635459899902344 -0.99912601709365844727 -0.99294996261596679688 -0.98127561807632446289 -0.96873146295547485352 -0.9518019556999206543 -0.92195332050323486328 -0.89330154657363891602 -0.87917959690093994141 -0.85824865102767944336 -0.84006834030151367188 -0.83669984340667724609 -0.83586293458938598633 -0.83299839496612548828
