INPUT/RASTER/ASCII_standard/BIO06.asc
ncols        225
nrows        269
xllcorner    473009.983799999987
yllcorner    4429051.174800000153
cellsize     50.000000000000
NODATA_value  -9999
[rows 18 to 35 of 269, columns 42 to 83 of 225]
-2.1204187870025634766 -2.1414334774017333984 -2.1544127464294433594 -2.1720385551452636719 -2.2011830806732177734 -2.2196028232574462891 -2.2336316108703613281 -2.2417039871215820313 -2.2577877044677734375 -2.2738869190216064453 -2.3015620708465576172 -2.3330287933349609375 -2.4026179313659667969 -2.4546287059783935547 -2.4763610363006591797 -2.5413732528686523438 -2.6134116649627685547 -2.6801774501800537109 -2.7223689556121826172 -2.7352266311645507813 -2.75162506103515625 -2.7672858238220214844 -2.7768492698669433594 -2.7861506938934326172 -2.7938168048858642578 -2.7984342575073242188 -2.8061325550079345703 -2.8169064521789550781 -2.8276312351226806641 -2.8380970954895019531 -2.8507158756256103516 -2.8661496639251708984 -2.8892123699188232422 -2.9154572486877441406 -2.9450147151947021484 -2.9673056602478027344 -2.9946625232696533203 -3.0183515548706054688 -3.0313563346862792969 -3.0602874755859375 -3.1165857315063476563 -3.1525416374206542969
-2.0950644016265869141 -2.1050088405609130859 -2.12503814697265625 -2.1435339450836181641 -2.173614501953125 -2.1928737163543701172 -2.2095601558685302734 -2.2179963588714599609 -2.2328920364379882813 -2.2599222660064697266 -2.2826852798461914063 -2.3047695159912109375 -2.3346283435821533203 -2.3517818450927734375 -2.3724071979522705078 -2.432647705078125 -2.4935686588287353516 -2.552417755126953125 -2.5975174903869628906 -2.6491253376007080078 -2.6813843250274658203 -2.7246472835540771484 -2.7541184425354003906 -2.7832596302032470703 -2.7950861454010009766 -2.7996447086334228516 -2.8072972297668457031 -2.8182470798492431641 -2.8290684223175048828 -2.8394105434417724609 -2.8500337600708007813 -2.8585429191589355469 -2.866809844970703125 -2.8800754547119140625 -2.9088609218597412109 -2.9388704299926757813 -2.9779541492462158203 -2.9946286678314208984 -3.0016567707061767578 -3.0276086330413818359 -3.0648474693298339844 -3.1005849838256835938
-2.0771186351776123047 -2.0879194736480712891 -2.1130812168121337891 -2.1269762516021728516 -2.1454451084136962891 -2.1663427352905273438 -2.1780748367309570313 -2.1848165988922119141 -2.2002809047698974609 -2.2317409515380859375 -2.2642352581024169922 -2.2871150970458984375 -2.3037641048431396484 -2.3145904541015625 -2.3288631439208984375 -2.3530972003936767578 -2.3835313320159912109 -2.4101097583770751953 -2.4520337581634521484 -2.5214097499847412109 -2.5496690273284912109 -2.6217024326324462891 -2.6851437091827392578 -2.7520346641540527344 -2.7833695411682128906 -2.800998687744140625 -2.8085496425628662109 -2.8192186355590820313 -2.8298976421356201172 -2.84038543701171875 -2.8510274887084960938 -2.8588390350341796875 -2.8652222156524658203 -2.874645233154296875 -2.8902008533477783203 -2.9149291515350341797 -2.9562201499938964844 -2.9792609214782714844 -2.9896538257598876953 -3.0106837749481201172 -3.0408709049224853516 -3.0749866962432861328
-2.0721962451934814453 -2.0805394649505615234 -2.0966792106628417969 -2.1089780330657958984 -2.1268172264099121094 -2.1495463848114013672 -2.1609396934509277344 -2.1737940311431884766 -2.1919190883636474609 -2.2085444927215576172 -2.2348418235778808594 -2.2542703151702880859 -2.2805914878845214844 -2.30045318603515625 -2.31623077392578125 -2.3346521854400634766 -2.3496880531311035156 -2.3633258342742919922 -2.3931982517242431641 -2.4206585884094238281 -2.4500806331634521484 -2.5090787410736083984 -2.5898969173431396484 -2.6685657501220703125 -2.7317142486572265625 -2.7670826911926269531 -2.7887065410614013672 -2.816699981689453125 -2.8301382064819335938 -2.8411557674407958984 -2.8521478176116943359 -2.8603811264038085938 -2.8669571876525878906 -2.8760230541229248047 -2.8858220577239990234 -2.9024507999420166016 -2.9272568225860595703 -2.9479312896728515625 -2.9649460315704345703 -2.9992344379425048828 -3.0225949287414550781 -3.0511708259582519531
-2.0736892223358154297 -2.0809051990509033203 -2.0927860736846923828 -2.1044383049011230469 -2.1175632476806640625 -2.1330530643463134766 -2.1437523365020751953 -2.1582078933715820313 -2.1774873733520507813 -2.1961066722869873047 -2.2176053524017333984 -2.23058319091796875 -2.2527673244476318359 -2.2691998481750488281 -2.2930715084075927734 -2.3214101791381835938 -2.3361771106719970703 -2.3532681465148925781 -2.3716895580291748047 -2.3838562965393066406 -2.4020068645477294922 -2.4297108650207519531 -2.4926292896270751953 -2.5580747127532958984 -2.6419112682342529297 -2.6736555099487304688 -2.7280292510986328125 -2.7836148738861083984 -2.8208723068237304688 -2.8397457599639892578 -2.8531026840209960938 -2.8619179725646972656 -2.8687665462493896484 -2.8778984546661376953 -2.8867359161376953125 -2.8973982334136962891 -2.9107668399810791016 -2.9239866733551025391 -2.9385318756103515625 -2.9769115447998046875 -3.0061354637145996094 -3.0350921154022216797
-2.0753750801086425781 -2.0825877189636230469 -2.0944921970367431641 -2.1058754920959472656 -2.1169810295104980469 -2.1295187473297119141 -2.1397492885589599609 -2.1483209133148193359 -2.1616659164428710938 -2.1807796955108642578 -2.2052743434906005859 -2.225830078125 -2.2398099899291992188 -2.2471697330474853516 -2.267398834228515625 -2.2896490097045898438 -2.3117096424102783203 -2.339885711669921875 -2.3646056652069091797 -2.3760311603546142578 -2.3855829238891601563 -2.4037926197052001953 -2.4313004016876220703 -2.4761376380920410156 -2.53334808349609375 -2.5631341934204101563 -2.641750335693359375 -2.7110738754272460938 -2.7782270908355712891 -2.8216695785522460938 -2.8526930809020996094 -2.8631300926208496094 -2.8703255653381347656 -2.8796589374542236328 -2.8883779048919677734 -2.8983342647552490234 -2.9085917472839355469 -2.9184448719024658203 -2.9274058341979980469 -2.9501011371612548828 -2.9785177707672119141 -3.0225882530212402344
-2.0766091346740722656 -2.0839791297912597656 -2.0958378314971923828 -2.107021331787109375 -2.1180727481842041016 -2.1306104660034179688 -2.1408257484436035156 -2.1474187374114990234 -2.1587731838226318359 -2.1727597713470458984 -2.1898608207702636719 -2.210491180419921875 -2.2245571613311767578 -2.2345709800720214844 -2.257518768310546875 -2.2700698375701904297 -2.2867341041564941406 -2.3077352046966552734 -2.3490972518920898438 -2.3640792369842529297 -2.3786108493804931641 -2.3940987586975097656 -2.4099354743957519531 -2.4369673728942871094 -2.4627282619476318359 -2.4899480342864990234 -2.5398836135864257813 -2.622982025146484375 -2.6974325180053710938 -2.7715902328491210938 -2.8428416252136230469 -2.8633551597595214844 -2.8714478015899658203 -2.8812856674194335938 -2.8900215625762939453 -2.8997018337249755859 -2.9086391925811767578 -2.9143671989440917969 -2.9220604896545410156 -2.9340784549713134766 -2.9570343494415283203 -2.9997658729553222656
-2.0753328800201416016 -2.0845866203308105469 -2.0971379280090332031 -2.1081302165985107422 -2.1192085742950439453 -2.1318545341491699219 -2.142093658447265625 -2.1487560272216796875 -2.1601781845092773438 -2.1726751327514648438 -2.1853194236755371094 -2.1981854438781738281 -2.2096819877624511719 -2.2176392078399658203 -2.2340936660766601563 -2.2501978874206542969 -2.2634818553924560547 -2.2852733135223388672 -2.3138575553894042969 -2.3240947723388671875 -2.3374195098876953125 -2.361408233642578125 -2.3919472694396972656 -2.4180822372436523438 -2.4345622062683105469 -2.4456610679626464844 -2.4626553058624267578 -2.50420379638671875 -2.5536959171295166016 -2.6439001560211181641 -2.7261097431182861328 -2.7734014987945556641 -2.8106503486633300781 -2.852161407470703125 -2.8875384330749511719 -2.9018380641937255859 -2.910167694091796875 -2.9150257110595703125 -2.9215135574340820313 -2.9314732551574707031 -2.9470849037170410156 -2.9715692996978759766
-2.0792920589447021484 -2.0878367424011230469 -2.0995922088623046875 -2.1107013225555419922 -2.1218814849853515625 -2.1343884468078613281 -2.1444497108459472656 -2.150981903076171875 -2.1622278690338134766 -2.1746826171875 -2.1866447925567626953 -2.197467803955078125 -2.2083718776702880859 -2.2149615287780761719 -2.2260298728942871094 -2.2388248443603515625 -2.2503449916839599609 -2.2682485580444335938 -2.2846419811248779297 -2.2996087074279785156 -2.3197751045227050781 -2.3357861042022705078 -2.3564114570617675781 -2.3952276706695556641 -2.4185545444488525391 -2.4322092533111572266 -2.4424245357513427734 -2.4582426548004150391 -2.4868927001953125 -2.5374512672424316406 -2.5940117835998535156 -2.6726756095886230469 -2.7083332538604736328 -2.7778718471527099609 -2.859577178955078125 -2.8963334560394287109 -2.9112730026245117188 -2.9161190986633300781 -2.9225139617919921875 -2.9323687553405761719 -2.9446406364440917969 -2.960247039794921875
-2.0807983875274658203 -2.0897223949432373047 -2.1017928123474121094 -2.1131048202514648438 -2.1242816448211669922 -2.1362996101379394531 -2.1460967063903808594 -2.1524815559387207031 -2.1634602546691894531 -2.1756813526153564453 -2.1875927448272705078 -2.1984832286834716797 -2.2095177173614501953 -2.2161700725555419922 -2.2269725799560546875 -2.2384388446807861328 -2.249019622802734375 -2.2608666419982910156 -2.2723717689514160156 -2.2835671901702880859 -2.3032987117767333984 -2.3236446380615234375 -2.3422639369964599609 -2.3642671108245849609 -2.3910536766052246094 -2.4116840362548828125 -2.4283924102783203125 -2.4521083831787109375 -2.4700388908386230469 -2.4919674396514892578 -2.5265352725982666016 -2.5670595169067382813 -2.6007471084594726563 -2.6954131126403808594 -2.7916061878204345703 -2.8507175445556640625 -2.9043991565704345703 -2.9166319370269775391 -2.9229931831359863281 -2.9328022003173828125 -2.9445424079895019531 -2.9571073055267333984
-2.0817582607269287109 -2.0910849571228027344 -2.1037764549255371094 -2.1151156425476074219 -2.1260740756988525391 -2.1376349925994873047 -2.1470699310302734375 -2.1533362865447998047 -2.1641204357147216797 -2.1762685775756835938 -2.1883983612060546875 -2.1995530128479003906 -2.2108111381530761719 -2.2175259590148925781 -2.2281305789947509766 -2.2393579483032226563 -2.2496867179870605469 -2.2602031230926513672 -2.2704896926879882813 -2.2774076461791992188 -2.2908880710601806641 -2.3071799278259277344 -2.3310399055480957031 -2.3513062000274658203 -2.37042999267578125 -2.3808467388153076172 -2.4029514789581298828 -2.4426496028900146484 -2.4633798599243164063 -2.4785952568054199219 -2.4983623027801513672 -2.5132257938385009766 -2.5409803390502929688 -2.6180732250213623047 -2.6957297325134277344 -2.7836725711822509766 -2.8707554340362548828 -2.902301788330078125 -2.9145975112915039063 -2.9318964481353759766 -2.9445035457611083984 -2.9562048912048339844
-2.0766887664794921875 -2.0866415500640869141 -2.1024510860443115234 -2.1168711185455322266 -2.1274890899658203125 -2.1387031078338623047 -2.1478741168975830078 -2.1540472507476806641 -2.1647753715515136719 -2.1770844459533691406 -2.1895222663879394531 -2.2009258270263671875 -2.2123818397521972656 -2.2190847396850585938 -2.2293238639831542969 -2.2402195930480957031 -2.2502825260162353516 -2.2605993747711181641 -2.2707197666168212891 -2.2767050266265869141 -2.2869458198547363281 -2.2977247238159179688 -2.3158650398254394531 -2.3369455337524414063 -2.3594717979431152344 -2.367046356201171875 -2.3839359283447265625 -2.4196970462799072266 -2.4487450122833251953 -2.4724593162536621094 -2.4879219532012939453 -2.4974415302276611328 -2.5155920982360839844 -2.5554578304290771484 -2.5964968204498291016 -2.7068521976470947266 -2.8053913116455078125 -2.8404414653778076172 -2.8758471012115478516 -2.9244217872619628906 -2.9446475505828857422 -2.9566824436187744141
-2.056732177734375 -2.0672554969787597656 -2.0890755653381347656 -2.1100378036499023438 -2.1231119632720947266 -2.1382529735565185547 -2.1477742195129394531 -2.1542267799377441406 -2.1654355525970458984 -2.1783540248870849609 -2.1911303997039794922 -2.2027370929718017578 -2.2141439914703369141 -2.2206692695617675781 -2.2304730415344238281 -2.2410285472869873047 -2.2508630752563476563 -2.2610478401184082031 -2.2711107730865478516 -2.2771062850952148438 -2.2869710922241210938 -2.2967920303344726563 -2.3085172176361083984 -2.3234076499938964844 -2.3394339084625244141 -2.349872589111328125 -2.3707025051116943359 -2.3909773826599121094 -2.4166638851165771484 -2.4496996402740478516 -2.4793095588684082031 -2.4952292442321777344 -2.5042629241943359375 -2.5193531513214111328 -2.5417776107788085938 -2.6052191257476806641 -2.68689727783203125 -2.7106370925903320313 -2.7752938270568847656 -2.8645670413970947266 -2.9155504703521728516 -2.9510169029235839844
-2.0437898635864257813 -2.0531454086303710938 -2.0705628395080566406 -2.0870766639709472656 -2.1024291515350341797 -2.1214175224304199219 -2.1320476531982421875 -2.1429772377014160156 -2.1600899696350097656 -2.1790769100189208984 -2.1928958892822265625 -2.2045667171478271484 -2.2155895233154296875 -2.2218439579010009766 -2.2314565181732177734 -2.2418749332427978516 -2.2516062259674072266 -2.2617571353912353516 -2.2718217372894287109 -2.2778577804565429688 -2.2878208160400390625 -2.2977991104125976563 -2.3091435432434082031 -2.3214323520660400391 -2.3317389488220214844 -2.3388583660125732422 -2.3516075611114501953 -2.3739373683929443359 -2.393260955810546875 -2.41338348388671875 -2.4515802860260009766 -2.4734361171722412109 -2.4841692447662353516 -2.5046353340148925781 -2.5184781551361083984 -2.5339236259460449219 -2.5531625747680664063 -2.5743784904479980469 -2.6339049339294433594 -2.7044231891632080078 -2.809886932373046875 -2.9136478900909423828
-2.0461969375610351563 -2.0537800788879394531 -2.0645081996917724609 -2.074748992919921875 -2.0861337184906005859 -2.0990505218505859375 -2.1095874309539794922 -2.1219525337219238281 -2.1428620815277099609 -2.1701598167419433594 -2.1869375705718994141 -2.2040774822235107422 -2.2164392471313476563 -2.2225022315979003906 -2.2320642471313476563 -2.2425622940063476563 -2.2523474693298339844 -2.2625982761383056641 -2.2727155685424804688 -2.2788057327270507813 -2.2888906002044677734 -2.2990450859069824219 -2.3105247020721435547 -2.3229708671569824219 -2.3335754871368408203 -2.3393831253051757813 -2.3475537300109863281 -2.3590908050537109375 -2.3743605613708496094 -2.3965005874633789063 -2.4182024002075195313 -2.4330437183380126953 -2.4460129737854003906 -2.4820196628570556641 -2.5102312564849853516 -2.5265977382659912109 -2.5388798713684082031 -2.5523314476013183594 -2.5779163837432861328 -2.6150400638580322266 -2.7298405170440673828 -2.8529655933380126953
-2.0462069511413574219 -2.0534415245056152344 -2.0644099712371826172 -2.0755496025085449219 -2.0875725746154785156 -2.1006197929382324219 -2.110706329345703125 -2.1174838542938232422 -2.1309592723846435547 -2.1506619453430175781 -2.1680727005004882813 -2.191722869873046875 -2.2117757797241210938 -2.2223668098449707031 -2.2322793006896972656 -2.2428634166717529297 -2.252735137939453125 -2.2630536556243896484 -2.2731301784515380859 -2.2791967391967773438 -2.2892460823059082031 -2.2993733882904052734 -2.3110239505767822266 -2.3235566616058349609 -2.3339648246765136719 -2.3397164344787597656 -2.3479259014129638672 -2.3583781719207763672 -2.3690793514251708984 -2.3827714920043945313 -2.3994662761688232422 -2.4195041656494140625 -2.4347956180572509766 -2.4574267864227294922 -2.4809954166412353516 -2.5171949863433837891 -2.5350019931793212891 -2.5420892238616943359 -2.5533149242401123047 -2.5801758766174316406 -2.6437664031982421875 -2.8243558406829833984
-2.0455164909362792969 -2.0532433986663818359 -2.0650498867034912109 -2.0767073631286621094 -2.0887861251831054688 -2.1014931201934814453 -2.1113021373748779297 -2.1178021430969238281 -2.1289973258972167969 -2.1418447494506835938 -2.1556451320648193359 -2.1720030307769775391 -2.1872186660766601563 -2.2063879966735839844 -2.2204542160034179688 -2.2380106449127197266 -2.2522511482238769531 -2.2631688117980957031 -2.2732858657836914063 -2.2793202400207519531 -2.2892985343933105469 -2.2994191646575927734 -2.3113727569580078125 -2.3239629268646240234 -2.3341443538665771484 -2.3398621082305908203 -2.3481426239013671875 -2.3585696220397949219 -2.3688271045684814453 -2.3790237903594970703 -2.3892002105712890625 -2.4003684520721435547 -2.4178097248077392578 -2.4361717700958251953 -2.4546880722045898438 -2.4911313056945800781 -2.5234730243682861328 -2.5316910743713378906 -2.5446248054504394531 -2.560810089111328125 -2.5970723628997802734 -9999
-2.0447580814361572266 -2.0535497665405273438 -2.0659809112548828125 -2.0776264667510986328 -2.0893616676330566406 -2.1017436981201171875 -2.1114664077758789063 -2.1179711818695068359 -2.1289229393005371094 -2.1409916877746582031 -2.1528742313385009766 -2.1637241840362548828 -2.1710653305053710938 -2.1853075027465820313 -2.1999034881591796875 -2.2214021682739257813 -2.2426130771636962891 -2.2601304054260253906 -2.2729794979095458984 -2.2793896198272705078 -2.2894272804260253906 -2.2996356487274169922 -2.3116927146911621094 -2.3242218494415283203 -2.3341898918151855469 -2.3398079872131347656 -2.3480157852172851563 -2.3585340976715087891 -2.3683583736419677734 -2.3790254592895507813 -2.3870267868041992188 -2.3925075531005859375 -2.4036233425140380859 -2.4170718193054199219 -2.4421622753143310547 -2.4653415679931640625 -2.4896788597106933594 -2.5031406879425048828 -2.5326914787292480469 -2.5539243221282958984 -2.5570354461669921875 -9999
