INPUT/RASTER/ASCII_standard/BIO09.asc
ncols        225
nrows        269
xllcorner    473009.983799999987
yllcorner    4429051.174800000153
cellsize     50.000000000000
NODATA_value  -9999
[rows 180 to 197 of 269, columns 126 to 167 of 225]
0.78226983547210693359 0.67767947912216186523 0.57114249467849731445 0.47833552956581115723 0.44494000077247619629 0.45880562067031860352 0.51394891738891601563 0.62160277366638183594 0.75283133983612060547 0.87044161558151245117 0.95197582244873046875 0.99460178613662719727 1.0325607061386108398 1.0779628753662109375 1.1005403995513916016 1.1146373748779296875 1.1208760738372802734 1.1180838346481323242 1.0971099138259887695 1.0604513883590698242 1.026920318603515625 0.99687546491622924805 0.97418630123138427734 0.96113449335098266602 0.95338791608810424805 0.95794332027435302734 1.0048693418502807617 1.0241439342498779297 1.0375229120254516602 1.0353449583053588867 1.0163815021514892578 0.99964380264282226563 1.0098156929016113281 1.0363501310348510742 1.0680702924728393555 1.0989129543304443359 1.1132093667984008789 1.1262770891189575195 1.1396002769470214844 1.1402543783187866211 1.1274338960647583008 1.1073136329650878906
0.89070552587509155273 0.80662637948989868164 0.70791572332382202148 0.61502897739410400391 0.55834597349166870117 0.54701733589172363281 0.5675843358039855957 0.63282769918441772461 0.73416304588317871094 0.84461712837219238281 0.94312834739685058594 1.0027471780776977539 1.0570926666259765625 1.1186821460723876953 1.1436290740966796875 1.1534419059753417969 1.1577020883560180664 1.1517345905303955078 1.113983154296875 1.0506625175476074219 0.98418265581130981445 0.922657012939453125 0.87631338834762573242 0.851924896240234375 0.83588933944702148438 0.84245514869689941406 0.87655270099639892578 0.88478589057922363281 0.900127410888671875 0.89412802457809448242 0.87937688827514648438 0.8700587153434753418 0.88809674978256225586 0.986927032470703125 1.0824146270751953125 1.113831639289855957 1.1247693300247192383 1.1326754093170166016 1.137621760368347168 1.1339119672775268555 1.123700261116027832 1.1080875396728515625
0.97452938556671142578 0.89357757568359375 0.80517441034317016602 0.72143030166625976563 0.66840118169784545898 0.65112102031707763672 0.64564019441604614258 0.66803419589996337891 0.73106759786605834961 0.83220350742340087891 0.94037598371505737305 1.00919342041015625 1.0774284601211547852 1.1449215412139892578 1.1649460792541503906 1.1678500175476074219 1.1608214378356933594 1.1468361616134643555 1.0983704328536987305 1.0227797031402587891 0.93496692180633544922 0.83600103855133056641 0.74561929702758789063 0.6982784271240234375 0.68543398380279541016 0.71957945823669433594 0.7866497039794921875 0.81734067201614379883 0.81879264116287231445 0.80092215538024902344 0.78976905345916748047 0.78932225704193115234 0.82055580615997314453 0.88751435279846191406 0.95016485452651977539 1.0302710533142089844 1.115403294563293457 1.1196554899215698242 1.1214663982391357422 1.1273940801620483398 1.1194640398025512695 1.1068030595779418945
1.0268166065216064453 0.959506988525390625 0.88624584674835205078 0.81462818384170532227 0.76739102602005004883 0.74896204471588134766 0.73300623893737792969 0.72858649492263793945 0.76172673702239990234 0.84354811906814575195 0.94596844911575317383 1.0183759927749633789 1.0950754880905151367 1.1590503454208374023 1.1675388813018798828 1.1580291986465454102 1.1360899209976196289 1.1166398525238037109 1.0696659088134765625 0.99701112508773803711 0.90306329727172851563 0.77818512916564941406 0.64619863033294677734 0.57989424467086791992 0.5703207850456237793 0.62358129024505615234 0.71085959672927856445 0.75581508874893188477 0.764949798583984375 0.7576580047607421875 0.75468224287033081055 0.77139592170715332031 0.81769174337387084961 0.86480122804641723633 0.90226548910140991211 0.94030416011810302734 0.97385126352310180664 0.98087978363037109375 0.98967146873474121094 1.0666263103485107422 1.0845366716384887695 1.0945011377334594727
1.0685728788375854492 1.0154081583023071289 0.95310074090957641602 0.89558798074722290039 0.85707068443298339844 0.84101909399032592773 0.8268343806266784668 0.813327789306640625 0.82157695293426513672 0.87499701976776123047 0.95768004655838012695 1.0293774604797363281 1.1116615533828735352 1.1650656461715698242 1.1624170541763305664 1.1377892494201660156 1.1037954092025756836 1.0829012393951416016 1.0440887212753295898 0.97999423742294311523 0.8880329132080078125 0.76144748926162719727 0.6270516514778137207 0.56073135137557983398 0.54140084981918334961 0.57419806718826293945 0.65069019794464111328 0.6989485621452331543 0.71397095918655395508 0.72059261798858642578 0.72916889190673828125 0.76598691940307617188 0.82200777530670166016 0.86863064765930175781 0.90521734952926635742 0.92501848936080932617 0.93336337804794311523 0.94138115644454956055 0.94284909963607788086 0.96428573131561279297 0.96845018863677978516 1.0253884792327880859
1.1060132980346679688 1.0652461051940917969 1.0131902694702148438 0.96908843517303466797 0.94241827726364135742 0.93238210678100585938 0.92526578903198242188 0.91221392154693603516 0.90430784225463867188 0.93429678678512573242 0.99154627323150634766 1.0547791719436645508 1.1352761983871459961 1.1669405698776245117 1.1511602401733398438 1.1113026142120361328 1.0631160736083984375 1.04010772705078125 1.013996124267578125 0.96344804763793945313 0.87897801399230957031 0.76226919889450073242 0.63800531625747680664 0.57432568073272705078 0.54737633466720581055 0.55487555265426635742 0.59926462173461914063 0.64185869693756103516 0.66718852519989013672 0.69099462032318115234 0.71232753992080688477 0.76899456977844238281 0.83001756668090820313 0.87351310253143310547 0.9074192047119140625 0.92611944675445556641 0.93393778800964355469 0.94286507368087768555 0.94130939245223999023 0.92996478080749511719 0.91812556982040405273 0.93007647991180419922
1.1386269330978393555 1.1084544658660888672 1.068772435188293457 1.0403790473937988281 1.0257874727249145508 1.0218862295150756836 1.0227159261703491211 1.0157592296600341797 1.0040316581726074219 1.0255161523818969727 1.0743728876113891602 1.1183152198791503906 1.1590583324432373047 1.1648981571197509766 1.1348613500595092773 1.0787527561187744141 1.0138125419616699219 0.9867674708366394043 0.97016543149948120117 0.93303626775741577148 0.86212068796157836914 0.75880676507949829102 0.64306330680847167969 0.57924008369445800781 0.55375069379806518555 0.55316030979156494141 0.5766951441764831543 0.60792863368988037109 0.63915413618087768555 0.67774331569671630859 0.70942354202270507813 0.77873557806015014648 0.83979052305221557617 0.87897801399230957031 0.90903079509735107422 0.92752355337142944336 0.93545359373092651367 0.9441973567008972168 0.94036000967025756836 0.92657417058944702148 0.91135233640670776367 0.89726334810256958008
1.1771203279495239258 1.1585078239440917969 1.1340556144714355469 1.1197831630706787109 1.1155947446823120117 1.1171584129333496094 1.1233971118927001953 1.123500823974609375 1.1161531209945678711 1.1248570680618286133 1.1452087163925170898 1.1551252603530883789 1.1595928668975830078 1.154215693473815918 1.1100820302963256836 1.0400917530059814453 0.96004945039749145508 0.92306387424468994141 0.89566779136657714844 0.86920505762100219727 0.82150512933731079102 0.73520016670227050781 0.63461470603942871094 0.57854598760604858398 0.55940699577331542969 0.56259018182754516602 0.58246314525604248047 0.60581451654434204102 0.63312286138534545898 0.67444843053817749023 0.70935177803039550781 0.78376168012619018555 0.84459322690963745117 0.88101238012313842773 0.91013967990875244141 0.93084233999252319336 0.93870061635971069336 0.94512283802032470703 0.93629127740859985352 0.91762298345565795898 0.90266442298889160156 0.89122408628463745117
1.2245250940322875977 1.2177199125289916992 1.2052823305130004883 1.1987723112106323242 1.200958251953125 1.205410003662109375 1.2121752500534057617 1.2160764932632446289 1.2124384641647338867 1.2000647783279418945 1.1872602701187133789 1.1724293231964111328 1.1554523706436157227 1.1344704627990722656 1.0753062963485717773 0.99369227886199951172 0.89526087045669555664 0.84274232387542724609 0.79725229740142822266 0.77702832221984863281 0.75296694040298461914 0.69369113445281982422 0.62677246332168579102 0.59279453754425048828 0.57807528972625732422 0.57707804441452026367 0.59074419736862182617 0.60837537050247192383 0.63156718015670776367 0.66882401704788208008 0.70362359285354614258 0.77881538867950439453 0.83717375993728637695 0.87478959560394287109 0.90810531377792358398 0.92998075485229492188 0.9388840794563293457 0.94557756185531616211 0.93635511398315429688 0.91699272394180297852 0.90165919065475463867 0.89179849624633789063
1.2557027339935302734 1.2505409717559814453 1.2400021553039550781 1.2351754903793334961 1.2384784221649169922 1.2432172298431396484 1.2495915889739990234 1.2552399635314941406 1.2535247802734375 1.2355265617370605469 1.2148957252502441406 1.1964188814163208008 1.1694136857986450195 1.1260298490524291992 1.0519789457321166992 0.95784759521484375 0.84676319360733032227 0.78681719303131103516 0.73036557435989379883 0.70627230405807495117 0.69193595647811889648 0.65868407487869262695 0.61809247732162475586 0.59681540727615356445 0.58756101131439208984 0.58431404829025268555 0.59416675567626953125 0.60835146903991699219 0.62706762552261352539 0.66000044345855712891 0.69369912147521972656 0.76747077703475952148 0.82539039850234985352 0.86512833833694458008 0.90159535408020019531 0.92437225580215454102 0.93518233299255371094 0.94532227516174316406 0.93988931179046630859 0.92298412322998046875 0.90730756521224975586 0.89861160516738891602
1.2732700109481811523 1.2720574140548706055 1.2645661830902099609 1.2624599933624267578 1.266648411750793457 1.2710920572280883789 1.2790061235427856445 1.2858192920684814453 1.2841678857803344727 1.2625237703323364258 1.2362525463104248047 1.2150392532348632813 1.1783888339996337891 1.1197831630706787109 1.0320022106170654297 0.92834526300430297852 0.80838149785995483398 0.74280309677124023438 0.6768258213996887207 0.6499163508415222168 0.64466691017150878906 0.6307055354118347168 0.60880619287490844727 0.59743767976760864258 0.59261906147003173828 0.59025758504867553711 0.59671968221664428711 0.60693937540054321289 0.62221705913543701172 0.65002804994583129883 0.68260979652404785156 0.75643736124038696289 0.81629556417465209961 0.85634469985961914063 0.89231705665588378906 0.91609120368957519531 0.92895162105560302734 0.94380646944046020508 0.94515472650527954102 0.93465578556060791016 0.92354255914688110352 0.91554075479507446289
1.2765330076217651367 1.2832105159759521484 1.2805777788162231445 1.2804262638092041016 1.2851332426071166992 1.2884041070938110352 1.2944992780685424805 1.3008416891098022461 1.2989189624786376953 1.2727594375610351563 1.2421163320541381836 1.2194670438766479492 1.1740807294845581055 1.105797886848449707 1.0143790245056152344 0.91077792644500732422 0.79165184497833251953 0.72286635637283325195 0.65213423967361450195 0.62849569320678710938 0.62517684698104858398 0.61902588605880737305 0.60669207572937011719 0.60007041692733764648 0.59652823209762573242 0.59520387649536132813 0.59983104467391967773 0.6083195805549621582 0.62173038721084594727 0.6465975642204284668 0.67933088541030883789 0.75271964073181152344 0.81384634971618652344 0.85099947452545166016 0.88293504714965820313 0.90640604496002197266 0.91994452476501464844 0.93724066019058227539 0.94733268022537231445 0.94762790203094482422 0.943614959716796875 0.93895590305328369141
1.269919276237487793 1.2899597883224487305 1.2904943227767944336 1.2898162603378295898 1.2908613681793212891 1.2906857728958129883 1.2898401021957397461 1.2884918451309204102 1.282979130744934082 1.2602580785751342773 1.2337155342102050781 1.2125741243362426758 1.1642200946807861328 1.0937991142272949219 1.0101428031921386719 0.91447967290878295898 0.80294054746627807617 0.73682767152786254883 0.66467547416687011719 0.63629007339477539063 0.62728303670883178711 0.62057363986968994141 0.61150270700454711914 0.60650056600570678711 0.60332536697387695313 0.60303020477294921875 0.60715478658676147461 0.61509281396865844727 0.62820047140121459961 0.64602315425872802734 0.68790715932846069336 0.75911796092987060547 0.81603229045867919922 0.84872579574584960938 0.87418329715728759766 0.89317071437835693359 0.90548855066299438477 0.92334312200546264648 0.94066315889358520508 0.94959044456481933594 0.95181626081466674805 0.95275765657424926758
1.2229534387588500977 1.2782403230667114258 1.2945630550384521484 1.2923053503036499023 1.2867207527160644531 1.2793092727661132813 1.2597714662551879883 1.2358217239379882813 1.2211663722991943359 1.2151350975036621094 1.2083777189254760742 1.1967300176620483398 1.1590423583984375 1.09320068359375 1.0202906131744384766 0.93523818254470825195 0.83319276571273803711 0.77399671077728271484 0.70146960020065307617 0.65743154287338256836 0.63932967185974121094 0.6292934417724609375 0.62094855308532714844 0.61662453413009643555 0.61419928073883056641 0.61549967527389526367 0.6205895543098449707 0.62843984365463256836 0.64122045040130615234 0.65509402751922607422 0.70460492372512817383 0.77264845371246337891 0.82057970762252807617 0.84720999002456665039 0.86592614650726318359 0.87918543815612792969 0.88792920112609863281 0.90243303775787353516 0.91881966590881347656 0.93042749166488647461 0.93890005350112915039 0.94863307476043701172
1.1205649375915527344 1.2063912153244018555 1.2878217697143554688 1.2893375158309936523 1.2748018503189086914 1.2518573999404907227 1.2162200212478637695 1.1796094179153442383 1.16201019287109375 1.1720464229583740234 1.1808779239654541016 1.1784446239471435547 1.152556300163269043 1.0895467996597290039 1.023840785026550293 0.94622373580932617188 0.84884542226791381836 0.79264110326766967773 0.72005009651184082031 0.66924679279327392578 0.6487515568733215332 0.63787770271301269531 0.63017106056213378906 0.62591081857681274414 0.62479394674301147461 0.62690007686614990234 0.63270801305770874023 0.64011949300765991211 0.65261286497116088867 0.66694122552871704102 0.71675527095794677734 0.78195071220397949219 0.82326030731201171875 0.8462924957275390625 0.86158615350723266602 0.87159842252731323242 0.87783718109130859375 0.88783347606658935547 0.89881104230880737305 0.90721976757049560547 0.91706448793411254883 0.93303626775741577148
1.09616851806640625 1.132906794548034668 1.2327263355255126953 1.2762618064880371094 1.2547134160995483398 1.2209349870681762695 1.1782053709030151367 1.1411240100860595703 1.1311436891555786133 1.145854949951171875 1.1524605751037597656 1.1467723846435546875 1.117150425910949707 1.0600844621658325195 1.0069755315780639648 0.93933880329132080078 0.84890925884246826172 0.79660612344741821289 0.72406303882598876953 0.67372244596481323242 0.65574020147323608398 0.64724373817443847656 0.63960093259811401367 0.63605076074600219727 0.63437539339065551758 0.63680064678192138672 0.64410841464996337891 0.65255701541900634766 0.66751563549041748047 0.68269759416580200195 0.72695100307464599609 0.78645026683807373047 0.82239866256713867188 0.84302955865859985352 0.85806792974472045898 0.86867851018905639648 0.87483745813369750977 0.88315045833587646484 0.89162296056747436523 0.89783775806427001953 0.90562421083450317383 0.9191786646842956543
1.1108877658843994141 1.1307288408279418945 1.1436690092086791992 1.2181028127670288086 1.2306041717529296875 1.1894621849060058594 1.1462138891220092773 1.1166318655014038086 1.1054468154907226563 1.1063482761383056641 1.101433873176574707 1.0883501768112182617 1.048029780387878418 0.99673986434936523438 0.9595947265625 0.90698844194412231445 0.83658337593078613281 0.79489088058471679688 0.7290013432502746582 0.67970585823059082031 0.66272884607315063477 0.65623486042022705078 0.65037906169891357422 0.64710015058517456055 0.64552849531173706055 0.64840054512023925781 0.657192230224609375 0.66876018047332763672 0.68715721368789672852 0.70221149921417236328 0.73776108026504516602 0.78333884477615356445 0.81704550981521606445 0.83929586410522460938 0.85538733005523681641 0.86507248878479003906 0.87204521894454956055 0.8822409510612487793 0.89032256603240966797 0.89652937650680541992 0.90377330780029296875 0.91445571184158325195
1.1229902505874633789 1.1422967910766601563 1.1255511045455932617 1.129899144172668457 1.1678020954132080078 1.1602550745010375977 1.1296517848968505859 1.0954664945602416992 1.0703998804092407227 1.0534309148788452148 1.0379058122634887695 1.0217505693435668945 0.97805559635162353516 0.93002861738204956055 0.89893072843551635742 0.86093991994857788086 0.81320017576217651367 0.78357023000717163086 0.73101174831390380859 0.68863314390182495117 0.67358678579330444336 0.66793048381805419922 0.66212254762649536133 0.65893137454986572266 0.65872395038604736328 0.66228210926055908203 0.67159229516983032227 0.68498724699020385742 0.70304125547409057617 0.71589362621307373047 0.74501299858093261719 0.78269267082214355469 0.81446862220764160156 0.8380114436149597168 0.85527563095092773438 0.86480122804641723633 0.87215685844421386719 0.88279938697814941406 0.89049011468887329102 0.89711177349090576172 0.90514552593231201172 0.91532534360885620117
