INPUT/RASTER/ASCII_standard/BIO08.asc
ncols        225
nrows        269
xllcorner    473009.983799999987
yllcorner    4429051.174800000153
cellsize     50.000000000000
NODATA_value  -9999
[rows 36 to 53 of 269, columns 42 to 83 of 225]
-1.8442761898040771484 -1.875546574592590332 -1.9038474559783935547 -1.9148558378219604492 -1.9201411008834838867 -1.9200000762939453125 -1.9201140403747558594 -1.92353057861328125 -1.9306725263595581055 -1.9325262308120727539 -1.9350098371505737305 -1.9392272233963012695 -1.9403971433639526367 -1.9429317712783813477 -1.946345210075378418 -1.949503779411315918 -1.9623808860778808594 -1.9668142795562744141 -1.9497497081756591797 -1.9344879388809204102 -1.9156897068023681641 -1.9013848304748535156 -1.8791640996932983398 -1.8627175092697143555 -1.8556385040283203125 -1.8522909879684448242 -1.8509502410888671875 -1.8474527597427368164 -1.8452420234680175781 -9999 -9999 -9999 -1.9050233364105224609 -1.9195741415023803711 -1.9529712200164794922 -1.9726454019546508789 -1.9776966571807861328 -1.9785544872283935547 -1.9844186305999755859 -1.992514491081237793 -1.9952350854873657227 -9999
-1.8606088161468505859 -1.8839663267135620117 -1.9019846916198730469 -1.9037934541702270508 -1.9012588262557983398 -1.8981033563613891602 -1.8967984914779663086 -1.8963814973831176758 -1.8978633880615234375 -1.9001970291137695313 -1.9063041210174560547 -1.9093816280364990234 -1.9090937376022338867 -1.91388702392578125 -1.9210948944091796875 -1.9239115715026855469 -1.9304715394973754883 -1.9323252439498901367 -1.9158817529678344727 -1.9047653675079345703 -1.8938648700714111328 -1.8871428966522216797 -1.8746107816696166992 -1.8602938652038574219 -1.8507941961288452148 -1.8464298248291015625 -1.8437842130661010742 -1.8419154882431030273 -1.8429893255233764648 -9999 -9999 -9999 -9999 -9999 -9999 -1.9667812585830688477 -1.9715175628662109375 -1.9702007770538330078 -1.9734492301940917969 -1.9763648509979248047 -9999 -9999
-1.8547565937042236328 -1.8703573942184448242 -1.8825446367263793945 -1.8814047574996948242 -1.8773733377456665039 -1.8723760843276977539 -1.8660620450973510742 -1.8599668741226196289 -1.8550295829772949219 -1.860863804817199707 -1.8686655759811401367 -1.8680657148361206055 -1.8668749332427978516 -1.8720251321792602539 -1.8815217018127441406 -1.8922721147537231445 -1.9010038375854492188 -1.9041174650192260742 -1.8970144987106323242 -1.8895785808563232422 -1.8804628849029541016 -1.8754326105117797852 -1.8681347370147705078 -1.8567483425140380859 -1.845688939094543457 -1.8417955636978149414 -1.8391859531402587891 -1.8359973430633544922 -9999 -9999 -9999 -9999 -9999 -9999 -9999 -9999 -9999 -9999 -9999 -9999 -9999 -9999
-1.8357964754104614258 -1.8491084575653076172 -1.8601018190383911133 -1.8597179651260375977 -1.856028437614440918 -1.8525010347366333008 -1.8440512418746948242 -1.8345665931701660156 -1.8272356986999511719 -1.8341107368469238281 -1.8410996198654174805 -1.8425874710083007813 -1.844159245491027832 -1.850989222526550293 -1.8629724979400634766 -1.8745146989822387695 -1.886201024055480957 -1.8952716588973999023 -1.8947228193283081055 -1.8886846303939819336 -1.8769984245300292969 -1.8692715167999267578 -1.8589980602264404297 -1.843970179557800293 -1.8354485034942626953 -1.8358234167098999023 -1.8371971845626831055 -1.8344556093215942383 -9999 -9999 -9999 -9999 -9999 -9999 -9999 -9999 -9999 -9999 -9999 -9999 -9999 -9999
-1.8090523481369018555 -1.8252379894256591797 -1.8373382091522216797 -1.8400198221206665039 -1.8357784748077392578 -1.8301842212677001953 -1.8227512836456298828 -1.8140616416931152344 -1.8077834844589233398 -1.8132997751235961914 -1.8182129859924316406 -1.8221454620361328125 -1.8262457847595214844 -1.8374191522598266602 -1.8523180484771728516 -1.8652580976486206055 -1.8765004873275756836 -1.8868939876556396484 -1.8876318931579589844 -1.8828384876251220703 -1.8737409114837646484 -1.8656990528106689453 -1.8512921333312988281 -1.8291554450988769531 -1.8184169530868530273 -1.8223763704299926758 -1.8303582668304443359 -1.8321340084075927734 -9999 -9999 -9999 -9999 -9999 -9999 -9999 -9999 -9999 -9999 -9999 -9999 -9999 -9999
-1.7714798450469970703 -1.7831031084060668945 -1.7968651056289672852 -1.8083055019378662109 -1.8069106340408325195 -1.8057138919830322266 -1.8004106283187866211 -1.7949423789978027344 -1.7907520532608032227 -1.7934936285018920898 -1.7970781326293945313 -1.8017994165420532227 -1.8072946071624755859 -1.822583317756652832 -1.8405447006225585938 -1.8542407751083374023 -1.8656899929046630859 -1.8752976655960083008 -1.8770314455032348633 -1.8736988306045532227 -1.867015838623046875 -1.8581551313400268555 -1.8416036367416381836 -1.8201746940612792969 -1.8089203834533691406 -1.8107200860977172852 -1.8172920942306518555 -1.8187708854675292969 -9999 -9999 -9999 -9999 -9999 -9999 -9999 -9999 -9999 -9999 -9999 -9999 -9999 -9999
-1.7111856937408447266 -1.7186936140060424805 -1.7394086122512817383 -1.7594876289367675781 -1.7614823579788208008 -1.770214080810546875 -1.7682973146438598633 -1.7683902978897094727 -1.7715038061141967773 -1.7757092714309692383 -1.7781509160995483398 -1.7821643352508544922 -1.7874225378036499023 -1.8030022382736206055 -1.8224123716354370117 -1.8396958112716674805 -1.8531489372253417969 -1.8621445894241333008 -1.8650001287460327148 -1.8624955415725708008 -1.8564664125442504883 -1.8471077680587768555 -1.830775141716003418 -1.8135906457901000977 -1.805437922477722168 -1.8052399158477783203 -1.807669520378112793 -1.8099732398986816406 -9999 -9999 -9999 -9999 -9999 -9999 -9999 -9999 -9999 -9999 -9999 -9999 -9999 -9999
-1.6157096624374389648 -1.6250293254852294922 -1.6534891128540039063 -1.6684389114379882813 -1.6700437068939208984 -1.6795942783355712891 -1.6793543100357055664 -1.6941301822662353516 -1.7198244333267211914 -1.7417571544647216797 -1.752396702766418457 -1.7626430988311767578 -1.7719358205795288086 -1.7830641269683837891 -1.7987458705902099609 -1.8191728591918945313 -1.8363333940505981445 -1.8462558984756469727 -1.8484156131744384766 -1.8472127914428710938 -1.8420834541320800781 -1.8317620754241943359 -1.8153154850006103516 -1.80339813232421875 -1.7985599040985107422 -1.7976720333099365234 -1.7967721223831176758 -1.7963461875915527344 -1.7850888967514038086 -9999 -9999 -9999 -9999 -9999 -9999 -9999 -9999 -9999 -9999 -9999 -9999 -9999
-1.541947484016418457 -1.5581691265106201172 -1.5842893123626708984 -1.5846732854843139648 -1.5792380571365356445 -1.5773003101348876953 -1.5768953561782836914 -1.5993050336837768555 -1.6365866661071777344 -1.6816910505294799805 -1.7083841562271118164 -1.7352662086486816406 -1.7545713186264038086 -1.7692811489105224609 -1.7832710742950439453 -1.7998616695404052734 -1.8186659812927246094 -1.8307781219482421875 -1.8352354764938354492 -1.8349986076354980469 -1.8305292129516601563 -1.8188818693161010742 -1.802201390266418457 -1.793379664421081543 -1.7904911041259765625 -1.7868915796279907227 -1.7831391096115112305 -1.7821222543716430664 -1.7824043035507202148 -9999 -9999 -9999 -9999 -9999 -9999 -9999 -9999 -9999 -9999 -9999 -9999 -9999
-1.5172221660614013672 -1.5362963676452636719 -1.5596778392791748047 -1.5633043050765991211 -1.557200312614440918 -1.5520110130310058594 -1.5517950057983398438 -1.5611716508865356445 -1.5829755067825317383 -1.6220988035202026367 -1.6499646902084350586 -1.6901497840881347656 -1.7133213281631469727 -1.7425731420516967773 -1.7651838064193725586 -1.7846359014511108398 -1.8073426485061645508 -1.8230693340301513672 -1.8336457014083862305 -1.833582758903503418 -1.8288104534149169922 -1.8194757699966430664 -1.8054138422012329102 -1.7938865423202514648 -1.789090275764465332 -1.7823952436447143555 -1.7765851020812988281 -1.774218440055847168 -1.7742154598236083984 -1.774878382682800293 -9999 -9999 -9999 -9999 -9999 -9999 -9999 -9999 -9999 -9999 -9999 -9999
-1.4965641498565673828 -1.5117778778076171875 -1.5292294025421142578 -1.5340076684951782227 -1.5359873771667480469 -1.5389869213104248047 -1.540459752082824707 -1.5440261363983154297 -1.55472564697265625 -1.5756444931030273438 -1.5971693992614746094 -1.6332211494445800781 -1.6508885622024536133 -1.6936622858047485352 -1.7244946956634521484 -1.7512298822402954102 -1.7852448225021362305 -1.8138366937637329102 -1.8324159383773803711 -1.8345606327056884766 -1.8325059413909912109 -1.8254959583282470703 -1.8111340999603271484 -1.7951043844223022461 -1.7858357429504394531 -1.7792037725448608398 -1.7722867727279663086 -1.7695841789245605469 -1.7717138528823852539 -1.7748574018478393555 -9999 -9999 -9999 -9999 -9999 -9999 -9999 -9999 -9999 -9999 -9999 -9999
-1.4739534854888916016 -1.4833121299743652344 -1.4950313568115234375 -1.5008054971694946289 -1.5074915885925292969 -1.515992283821105957 -1.5208336114883422852 -1.5303242206573486328 -1.5435192584991455078 -1.5609587430953979492 -1.5773632526397705078 -1.5947726964950561523 -1.6032915115356445313 -1.6331641674041748047 -1.6544100046157836914 -1.6923815011978149414 -1.7421681880950927734 -1.7900531291961669922 -1.8207836151123046875 -1.8312851190567016602 -1.8395218849182128906 -1.8353165388107299805 -1.8193558454513549805 -1.7976870536804199219 -1.7860966920852661133 -1.779137730598449707 -1.770214080810546875 -1.7646558284759521484 -1.7669205665588378906 -1.7809464931488037109 -1.7922518253326416016 -1.800131678581237793 -9999 -9999 -9999 -9999 -9999 -9999 -9999 -9999 -9999 -9999
-1.4486491680145263672 -1.4542673826217651367 -1.4641898870468139648 -1.4706538915634155273 -1.4801115989685058594 -1.4985558986663818359 -1.5084364414215087891 -1.5188689231872558594 -1.5339056253433227539 -1.5571012496948242188 -1.5742677450180053711 -1.5859270095825195313 -1.5904773473739624023 -1.5991580486297607422 -1.6083188056945800781 -1.6395891904830932617 -1.6901618242263793945 -1.7473183870315551758 -1.7944175004959106445 -1.8137316703796386719 -1.8359254598617553711 -1.8409676551818847656 -1.825099945068359375 -1.7984728813171386719 -1.7883343696594238281 -1.7809374332427978516 -1.7704330682754516602 -1.7622741460800170898 -1.7627931833267211914 -1.7748963832855224609 -1.793337702751159668 -1.8055968284606933594 -1.8289214372634887695 -9999 -9999 -9999 -9999 -9999 -9999 -9999 -9999 -9999
-1.4315876960754394531 -1.4359400272369384766 -1.4433219432830810547 -1.4501519203186035156 -1.463421940803527832 -1.4928567409515380859 -1.507794499397277832 -1.5195137262344360352 -1.5330567359924316406 -1.5546236038208007813 -1.5738898515701293945 -1.5872018337249755859 -1.5922890901565551758 -1.5955166816711425781 -1.6014947891235351563 -1.6222727298736572266 -1.6584653854370117188 -1.7014491558074951172 -1.7514967918395996094 -1.7736815214157104492 -1.8046100139617919922 -1.8151624202728271484 -1.8033051490783691406 -1.78691864013671875 -1.782998204231262207 -1.7801755666732788086 -1.7716208696365356445 -1.7627961635589599609 -1.7644548416137695313 -1.7750762701034545898 -1.7887842655181884766 -1.8048440217971801758 -1.8257899284362792969 -1.8339216709136962891 -9999 -9999 -9999 -9999 -9999 -9999 -9999 -9999
-1.4169317483901977539 -1.4244786500930786133 -1.4339933395385742188 -1.4440748691558837891 -1.4629421234130859375 -1.4937745332717895508 -1.5088562965393066406 -1.5230982303619384766 -1.53630828857421875 -1.5563273429870605469 -1.5769762992858886719 -1.5866169929504394531 -1.5901534557342529297 -1.5942058563232421875 -1.6052411794662475586 -1.6268351078033447266 -1.6521033048629760742 -1.6755268573760986328 -1.7007142305374145508 -1.7147401571273803711 -1.7385237216949462891 -1.754664301872253418 -1.7553932666778564453 -1.7537344694137573242 -1.7576638460159301758 -1.7665395736694335938 -1.7671694755554199219 -1.761338353157043457 -1.7677063941955566406 -1.7777549028396606445 -1.7882174253463745117 -1.7987579107284545898 -1.8177360296249389648 -1.8333548307418823242 -1.8446691036224365234 -1.8393448591232299805 -1.8376891613006591797 -9999 -9999 -9999 -9999 -9999
-1.4089770317077636719 -1.4217131137847900391 -1.4349081516265869141 -1.4488291740417480469 -1.469739079475402832 -1.4969390630722045898 -1.5093542337417602539 -1.5221923589706420898 -1.5350215435028076172 -1.5547646284103393555 -1.5746816396713256836 -1.582828521728515625 -1.5862540006637573242 -1.5908913612365722656 -1.6048002243041992188 -1.6251583099365234375 -1.6477030515670776367 -1.666828155517578125 -1.6791594028472900391 -1.6860703229904174805 -1.6936023235321044922 -1.6993584632873535156 -1.6899428367614746094 -1.6996673345565795898 -1.7079371213912963867 -1.7296479940414428711 -1.749625086784362793 -1.7551712989807128906 -1.767139434814453125 -1.7775449752807617188 -1.7856947183609008789 -1.7907069921493530273 -1.804385066032409668 -1.8237022161483764648 -1.836087346076965332 -1.827574610710144043 -1.8020813465118408203 -1.7903350591659545898 -1.786942601203918457 -1.7956233024597167969 -1.8061758279800415039 -1.8107291460037231445
-1.4059714078903198242 -1.4230059385299682617 -1.4396954774856567383 -1.4554821252822875977 -1.4759122133255004883 -1.4982829093933105469 -1.5079444646835327148 -1.5162682533264160156 -1.5276036262512207031 -1.546320796012878418 -1.5661779642105102539 -1.5750026702880859375 -1.5775792598724365234 -1.5827654600143432617 -1.5990051031112670898 -1.6209468841552734375 -1.6427087783813476563 -1.6581084728240966797 -1.6701127290725708008 -1.6753859519958496094 -1.6792854070663452148 -1.6714265346527099609 -1.644757390022277832 -1.6360106468200683594 -1.6382364034652709961 -1.6726863384246826172 -1.7108287811279296875 -1.7340873479843139648 -1.7592986822128295898 -1.7752863168716430664 -1.782809138298034668 -1.7825572490692138672 -1.785889744758605957 -1.8017123937606811523 -1.8171241283416748047 -1.8135427236557006836 -1.7964181900024414063 -1.7885233163833618164 -1.7871255874633789063 -1.7953803539276123047 -1.8049339056015014648 -1.8077985048294067383
-1.4011721611022949219 -1.4266684055328369141 -1.4458775520324707031 -1.4610342979431152344 -1.4800485372543334961 -1.4973200559616088867 -1.5046689510345458984 -1.5120928287506103516 -1.518097996711730957 -1.5323969125747680664 -1.5537297725677490234 -1.5673807859420776367 -1.5721590518951416016 -1.5764213800430297852 -1.5893495082855224609 -1.6121672391891479492 -1.6370065212249755859 -1.6521782875061035156 -1.6576495170593261719 -1.6640206575393676758 -1.6705836057662963867 -1.6652714014053344727 -1.6387642621994018555 -1.6149837970733642578 -1.6100645065307617188 -1.6282567977905273438 -1.658297419548034668 -1.6911395788192749023 -1.7284091711044311523 -1.7563921213150024414 -1.7680813074111938477 -1.7629370689392089844 -1.7624422311782836914 -1.7799025774002075195 -1.7965471744537353516 -1.7980799674987792969 -1.7899811267852783203 -1.785847783088684082 -1.7855957746505737305 -1.7935385704040527344 -1.7992737293243408203 -1.7988208532333374023
