INPUT/RASTER/ASCII_standard/BIO06.asc
ncols        225
nrows        269
xllcorner    473009.983799999987
yllcorner    4429051.174800000153
cellsize     50.000000000000
NODATA_value  -9999
[rows 180 to 197 of 269, columns 42 to 83 of 225]
0.7724253535270690918 0.79582828283309936523 0.80972510576248168945 0.81458985805511474609 0.81737089157104492188 0.80939334630966186523 0.78840422630310058594 0.7699438929557800293 0.75738430023193359375 0.73712295293807983398 0.71085608005523681641 0.69329631328582763672 0.68350756168365478516 0.67157590389251708984 0.65691733360290527344 0.64941203594207763672 0.63856369256973266602 0.62920999526977539063 0.62161833047866821289 0.61496448516845703125 0.60770624876022338867 0.60130459070205688477 0.58342319726943969727 0.56035035848617553711 0.54123163223266601563 0.52056574821472167969 0.4984442293643951416 0.48686635494232177734 0.47559821605682373047 0.45952120423316955566 0.44973924756050109863 0.44147393107414245605 0.43465244770050048828 0.42978772521018981934 0.41255629062652587891 0.37411400675773620605 0.36159837245941162109 0.39130818843841552734 0.42597749829292297363 0.45380166172981262207 0.47295933961868286133 0.49559545516967773438
0.78852438926696777344 0.80698639154434204102 0.81766879558563232422 0.82025015354156494141 0.81893157958984375 0.81076949834823608398 0.79841464757919311523 0.78446024656295776367 0.77212744951248168945 0.75035119056701660156 0.72409784793853759766 0.7023436427116394043 0.68746840953826904297 0.6767571568489074707 0.65991675853729248047 0.65114533901214599609 0.63930845260620117188 0.62936741113662719727 0.62146264314651489258 0.61459881067276000977 0.60835796594619750977 0.60420584678649902344 0.58927476406097412109 0.56663358211517333984 0.54543280601501464844 0.52485162019729614258 0.50540280342102050781 0.49107602238655090332 0.47989252209663391113 0.46223795413970947266 0.44962415099143981934 0.44063773751258850098 0.43379259109497070313 0.43022611737251281738 0.41972815990447998047 0.39920789003372192383 0.41114291548728942871 0.45627295970916748047 0.48528030514717102051 0.50217318534851074219 0.51068222522735595703 0.51470744609832763672
0.80564743280410766602 0.81786346435546875 0.82407051324844360352 0.8235085606575012207 0.81770604848861694336 0.80855375528335571289 0.79970788955688476563 0.79246830940246582031 0.78727346658706665039 0.76772481203079223633 0.7425276637077331543 0.71839356422424316406 0.69736206531524658203 0.6802914738655090332 0.66436344385147094727 0.65621149539947509766 0.64278352260589599609 0.63060647249221801758 0.62112408876419067383 0.6134478449821472168 0.60680407285690307617 0.60299724340438842773 0.59276676177978515625 0.57341611385345458984 0.55240666866302490234 0.53439319133758544922 0.51391696929931640625 0.5011660456657409668 0.48726582527160644531 0.47001409530639648438 0.4520785212516784668 0.44007578492164611816 0.43650594353675842285 0.43846774101257324219 0.43887227773666381836 0.45292487740516662598 0.48624005913734436035 0.50874751806259155273 0.52168631553649902344 0.52360075712203979492 0.52353471517562866211 0.52053022384643554688
0.81855750083923339844 0.82433629035949707031 0.82679909467697143555 0.82293301820755004883 0.81411421298980712891 0.80574053525924682617 0.79866182804107666016 0.79264944791793823242 0.78904742002487182617 0.78312647342681884766 0.76766723394393920898 0.74190479516983032227 0.71775543689727783203 0.68953853845596313477 0.66991031169891357422 0.66331058740615844727 0.64988601207733154297 0.6336956024169921875 0.62060105800628662109 0.6114978790283203125 0.60425996780395507813 0.60039222240447998047 0.59482336044311523438 0.58481115102767944336 0.56661665439605712891 0.54477101564407348633 0.52703857421875 0.51608866453170776367 0.49782302975654602051 0.47944059967994689941 0.45905911922454833984 0.44899615645408630371 0.46427932381629943848 0.48526167869567871094 0.50834298133850097656 0.52507168054580688477 0.52868044376373291016 0.53118896484375 0.5321063995361328125 0.53064733743667602539 0.52721291780471801758 0.52158135175704956055
0.82093739509582519531 0.82697850465774536133 0.8271477818489074707 0.8225504755973815918 0.81370794773101806641 0.80551034212112426758 0.79841464757919311523 0.79225844144821166992 0.78856670856475830078 0.78303503990173339844 0.77375578880310058594 0.75553417205810546875 0.73017454147338867188 0.69717079401016235352 0.67191612720489501953 0.66334784030914306641 0.65208476781845092773 0.63827425241470336914 0.62241727113723754883 0.6104450225830078125 0.60294646024703979492 0.59916675090789794922 0.59370958805084228516 0.58585047721862792969 0.57176744937896728516 0.55066150426864624023 0.53251093626022338867 0.52323001623153686523 0.50482392311096191406 0.48386862874031066895 0.47517335414886474609 0.48522105813026428223 0.51153707504272460938 0.52357870340347290039 0.53153938055038452148 0.53311860561370849609 0.53190499544143676758 0.53199809789657592773 0.5314394831657409668 0.52950137853622436523 0.52601450681686401367 0.5203812718391418457
0.81178170442581176758 0.82782655954360961914 0.83003377914428710938 0.82461214065551757813 0.81439012289047241211 0.80558824539184570313 0.79807615280151367188 0.79166430234909057617 0.78788959980010986328 0.78234612941741943359 0.77451920509338378906 0.76385873556137084961 0.74317598342895507813 0.70799207687377929688 0.67961442470550537109 0.66755580902099609375 0.65293109416961669922 0.64177471399307250977 0.6257451176643371582 0.61091560125350952148 0.60211366415023803711 0.59839147329330444336 0.59299188852310180664 0.58615010976791381836 0.57725340127944946289 0.55873721837997436523 0.54098618030548095703 0.52986699342727661133 0.50993406772613525391 0.4956868588924407959 0.50632870197296142578 0.52356010675430297852 0.53496026992797851563 0.53864014148712158203 0.53860288858413696289 0.53614175319671630859 0.53379231691360473633 0.53146153688430786133 0.53013950586318969727 0.52803725004196166992 0.52460616827011108398 0.51903390884399414063
0.79924577474594116211 0.82652825117111206055 0.83299428224563598633 0.82903176546096801758 0.81670397520065307617 0.80550187826156616211 0.79749721288681030273 0.79091614484786987305 0.78714823722839355469 0.78138470649719238281 0.77349513769149780273 0.76580870151519775391 0.75010406970977783203 0.71817690134048461914 0.69073355197906494141 0.67653542757034301758 0.65636557340621948242 0.64283263683319091797 0.62998694181442260742 0.61450910568237304688 0.60290414094924926758 0.59827637672424316406 0.59271597862243652344 0.58538669347763061523 0.57889360189437866211 0.56419610977172851563 0.54888081550598144531 0.53649044036865234375 0.52070116996765136719 0.52502256631851196289 0.54011106491088867188 0.54696470499038696289 0.54511797428131103516 0.54409223794937133789 0.54145336151123046875 0.53862661123275756836 0.53640413284301757813 0.53318125009536743164 0.52982133626937866211 0.52684217691421508789 0.52327406406402587891 0.51931488513946533203
0.78937411308288574219 0.82393342256546020508 0.83399635553359985352 0.834331512451171875 0.82129454612731933594 0.80689328908920288086 0.79728394746780395508 0.7903270721435546875 0.78645759820938110352 0.7804114222526550293 0.7723051905632019043 0.76465767621994018555 0.75316780805587768555 0.72862070798873901367 0.70277184247970581055 0.68802022933959960938 0.66473412513732910156 0.64552736282348632813 0.63320469856262207031 0.62018972635269165039 0.60525357723236083984 0.59944939613342285156 0.59355044364929199219 0.58515816926956176758 0.5784518122673034668 0.56922674179077148438 0.55647921562194824219 0.54758423566818237305 0.54455435276031494141 0.55566334724426269531 0.5599238276481628418 0.55576491355895996094 0.55072748661041259766 0.54787534475326538086 0.5438671112060546875 0.54026681184768676758 0.53866380453109741211 0.53481131792068481445 0.52993130683898925781 0.52641057968139648438 0.52458077669143676758 0.52712655067443847656
0.77914017438888549805 0.81953245401382446289 0.83258467912673950195 0.83609867095947265625 0.8262202143669128418 0.81153798103332519531 0.80045264959335327148 0.79085183143615722656 0.78601586818695068359 0.77939242124557495117 0.77109831571578979492 0.76311397552490234375 0.75469124317169189453 0.73953336477279663086 0.71535181999206542969 0.70077115297317504883 0.67724633216857910156 0.65489292144775390625 0.6376259922981262207 0.62494951486587524414 0.60985594987869262695 0.60335779190063476563 0.59501290321350097656 0.58576923608779907227 0.57944542169570922852 0.57442325353622436523 0.5721905827522277832 0.56997323036193847656 0.56837868690490722656 0.56908118724822998047 0.56704998016357421875 0.56143367290496826172 0.55601036548614501953 0.55249804258346557617 0.548168182373046875 0.54248082637786865234 0.53799015283584594727 0.53486549854278564453 0.53372800350189208984 0.53408682346343994141 0.54294121265411376953 0.56366628408432006836
0.75854545831680297852 0.80466401576995849609 0.82201898097991943359 0.83134728670120239258 0.82669585943222045898 0.8157933354377746582 0.80727583169937133789 0.79507839679718017578 0.78750878572463989258 0.77816861867904663086 0.7691872715950012207 0.76093888282775878906 0.75212854146957397461 0.74230086803436279297 0.72915726900100708008 0.71981710195541381836 0.69931542873382568359 0.67665731906890869141 0.65200352668762207031 0.62656605243682861328 0.61181610822677612305 0.60420751571655273438 0.58945250511169433594 0.57890373468399047852 0.57905441522598266602 0.58264964818954467773 0.58516156673431396484 0.58220613002777099609 0.57321131229400634766 0.56688070297241210938 0.56340056657791137695 0.55862212181091308594 0.55332577228546142578 0.55042284727096557617 0.54564273357391357422 0.53804093599319458008 0.53556287288665771484 0.54115372896194458008 0.55214768648147583008 0.56923013925552368164 0.57885128259658813477 0.59907871484756469727
0.73386794328689575195 0.78211933374404907227 0.80326926708221435547 0.8195425868034362793 0.8173573613166809082 0.81306642293930053711 0.81140255928039550781 0.80095535516738891602 0.7915102839469909668 0.77929592132568359375 0.7674776911735534668 0.75916832685470581055 0.75031733512878417969 0.74087566137313842773 0.73398983478546142578 0.7310631871223449707 0.72044169902801513672 0.69576084613800048828 0.66093069314956665039 0.61989015340805053711 0.60176837444305419922 0.59642457962036132813 0.5823872685432434082 0.57092112302780151367 0.57788813114166259766 0.58396482467651367188 0.58299493789672851563 0.57863122224807739258 0.56848025321960449219 0.56137949228286743164 0.55728662014007568359 0.55107110738754272461 0.54432582855224609375 0.54120624065399169922 0.53700160980224609375 0.53384816646575927734 0.542934417724609375 0.56015908718109130859 0.58647507429122924805 0.60890805721282958984 0.605075836181640625 0.59908884763717651367
0.70239102840423583984 0.74648177623748779297 0.77103906869888305664 0.78984129428863525391 0.79259353876113891602 0.80924779176712036133 0.81087613105773925781 0.80336403846740722656 0.79776465892791748047 0.78358346223831176758 0.76822584867477416992 0.75776684284210205078 0.74887013435363769531 0.73934209346771240234 0.73333984613418579102 0.73212450742721557617 0.72725975513458251953 0.70551228523254394531 0.66236436367034912109 0.61554163694381713867 0.59767550230026245117 0.58981812000274658203 0.58127349615097045898 0.57676929235458374023 0.57897484302520751953 0.58118546009063720703 0.57955545186996459961 0.57569444179534912109 0.56700766086578369141 0.56088864803314208984 0.55868476629257202148 0.55394357442855834961 0.54716610908508300781 0.54415655136108398438 0.54122656583786010742 0.54656183719635009766 0.57396280765533447266 0.59923446178436279297 0.610294342041015625 0.61463266611099243164 0.60575121641159057617 0.59318482875823974609
0.67292159795761108398 0.70998096466064453125 0.73751062154769897461 0.76754033565521240234 0.78847360610961914063 0.81022614240646362305 0.80940347909927368164 0.80212837457656860352 0.79791027307510375977 0.78837883472442626953 0.77156376838684082031 0.75778710842132568359 0.74734503030776977539 0.73807930946350097656 0.73310118913650512695 0.73179441690444946289 0.72478342056274414063 0.70594054460525512695 0.66423815488815307617 0.61566013097763061523 0.59760779142379760742 0.58985197544097900391 0.58412903547286987305 0.58369231224060058594 0.58246850967407226563 0.58071321249008178711 0.57674729824066162109 0.57278132438659667969 0.56544363498687744141 0.56127625703811645508 0.56179082393646240234 0.55740171670913696289 0.55141645669937133789 0.55110669136047363281 0.55444633960723876953 0.56936556100845336914 0.60793310403823852539 0.62172496318817138672 0.61397254467010498047 0.60812437534332275391 0.6004040837287902832 0.58945584297180175781
0.66977149248123168945 0.71340864896774291992 0.73964339494705200195 0.77192264795303344727 0.798297882080078125 0.81185108423233032227 0.80813568830490112305 0.80082672834396362305 0.79664921760559082031 0.78960770368576049805 0.77617466449737548828 0.76013994216918945313 0.7469895482063293457 0.73823338747024536133 0.73435378074645996094 0.73152023553848266602 0.72030967473983764648 0.69882965087890625 0.66012495756149291992 0.61651664972305297852 0.60045826435089111328 0.59693241119384765625 0.5920422673225402832 0.59032422304153442383 0.58737725019454956055 0.58193361759185791016 0.5762259364128112793 0.57162696123123168945 0.56473779678344726563 0.56253898143768310547 0.56283521652221679688 0.55472731590270996094 0.55141305923461914063 0.55674666166305541992 0.56915903091430664063 0.59575092792510986328 0.62281507253646850586 0.61956685781478881836 0.60947340726852416992 0.60335779190063476563 0.59747576713562011719 0.58811527490615844727
0.68785941600799560547 0.7463175654411315918 0.76875054836273193359 0.79145610332489013672 0.80945938825607299805 0.81298518180847167969 0.80697792768478393555 0.79962152242660522461 0.79519522190093994141 0.78854298591613769531 0.77854096889495849609 0.76426500082015991211 0.74943888187408447266 0.73957395553588867188 0.73390012979507446289 0.72761523723602294922 0.71083915233612060547 0.6861870884895324707 0.65659236907958984375 0.62752068042755126953 0.61937218904495239258 0.61883896589279174805 0.60889452695846557617 0.60011124610900878906 0.59261101484298706055 0.58509725332260131836 0.57862108945846557617 0.57395607233047485352 0.56752896308898925781 0.56565010547637939453 0.56433492898941040039 0.56172478199005126953 0.57016450166702270508 0.58317941427230834961 0.59872663021087646484 0.61738157272338867188 0.62169283628463745117 0.61303311586380004883 0.60496413707733154297 0.59987932443618774414 0.59585416316986083984 0.5895760655403137207
0.72279447317123413086 0.78921163082122802734 0.80610281229019165039 0.81384170055389404297 0.8165753483772277832 0.81234538555145263672 0.80514645576477050781 0.79774439334869384766 0.79307091236114501953 0.78616988658905029297 0.77746105194091796875 0.76862698793411254883 0.75668859481811523438 0.74104660749435424805 0.72620695829391479492 0.71384871006011962891 0.68985849618911743164 0.66454792022705078125 0.64703047275543212891 0.65161931514739990234 0.66333431005477905273 0.65632832050323486328 0.63411533832550048828 0.61143863201141357422 0.59607928991317749023 0.58774799108505249023 0.58210968971252441406 0.57864648103713989258 0.5728524327278137207 0.57166421413421630859 0.58057951927185058594 0.59918707609176635742 0.62346506118774414063 0.63075876235961914063 0.6282062530517578125 0.62266445159912109375 0.61442446708679199219 0.6070511937141418457 0.60142648220062255859 0.59785151481628417969 0.59623163938522338867 0.59564936161041259766
0.75749939680099487305 0.81770265102386474609 0.82837665081024169922 0.82440394163131713867 0.81770944595336914063 0.81024140119552612305 0.80277162790298461914 0.79577243328094482422 0.79148489236831665039 0.7844569087028503418 0.77566343545913696289 0.76940393447875976563 0.76115387678146362305 0.73857361078262329102 0.71174979209899902344 0.69473165273666381836 0.668811798095703125 0.64975059032440185547 0.64432555437088012695 0.66254210472106933594 0.67796742916107177734 0.67178070545196533203 0.64905828237533569336 0.6216437220573425293 0.59745711088180541992 0.58677470684051513672 0.58136826753616333008 0.57828086614608764648 0.57703167200088500977 0.58934074640274047852 0.62280321121215820313 0.63425248861312866211 0.63881254196166992188 0.63386994600296020508 0.62852275371551513672 0.62041318416595458984 0.61167049407958984375 0.60710704326629638672 0.60492688417434692383 0.60376572608947753906 0.60212212800979614258 0.60144340991973876953
0.76813781261444091797 0.821277618408203125 0.82820743322372436523 0.82319372892379760742 0.81616234779357910156 0.80874502658843994141 0.80131590366363525391 0.79435902833938598633 0.79009008407592773438 0.78318566083908081055 0.77456319332122802734 0.76825630664825439453 0.75811719894409179688 0.72794866561889648438 0.69431358575820922852 0.67674195766448974609 0.65384513139724731445 0.64289861917495727539 0.64758229255676269531 0.66970551013946533203 0.68260872364044189453 0.68262398242950439453 0.66219174861907958984 0.63178116083145141602 0.6018072962760925293 0.58645474910736083984 0.58186930418014526367 0.58548319339752197266 0.59658032655715942383 0.62138986587524414063 0.64679855108261108398 0.64338105916976928711 0.63480597734451293945 0.6306673884391784668 0.62549626827239990234 0.61863923072814941406 0.61446511745452880859 0.61526405811309814453 0.6156838536262512207 0.61482226848602294922 0.61103069782257080078 0.60490661859512329102
