INPUT/RASTER/ASCII_standard/BIO08.asc
ncols        225
nrows        269
xllcorner    473009.983799999987
yllcorner    4429051.174800000153
cellsize     50.000000000000
NODATA_value  -9999
[rows 198 to 215 of 269, columns 168 to 209 of 225]
0.42474433779716491699 0.42640909552574157715 0.43388098478317260742 0.44783794879913330078 0.47913536429405212402 0.50784713029861450195 0.51060372591018676758 0.49436712265014648438 0.45104447007179260254 0.41073337197303771973 0.39991095662117004395 0.39770928025245666504 0.39344093203544616699 0.38155665993690490723 0.37168210744857788086 0.36585396528244018555 0.34474906325340270996 0.29018104076385498047 0.25309747457504272461 0.21271139383316040039 0.16580127179622650146 0.13753341138362884521 0.11905912309885025024 0.10126873105764389038 0.087986677885055541992 0.077551208436489105225 0.063012339174747467041 0.053011801093816757202 0.04764558747410774231 0.043818149715662002563 0.040245670825242996216 0.036232259124517440796 0.032887749373912811279 0.025328857824206352234 0.011158933863043785095 -0.0065834657289087772369 -0.021779239177703857422 -0.026173595339059829712 -0.024424850940704345703 -0.028843203559517860413 0.0145364394411444664 0.048938397318124771118
0.41128829121589660645 0.41419187188148498535 0.42235368490219116211 0.43607068061828613281 0.47323521971702575684 0.50721126794815063477 0.50937390327453613281 0.49334427714347839355 0.45973420143127441406 0.42536523938179016113 0.40844172239303588867 0.4029795229434967041 0.40059486031532287598 0.39659345149993896484 0.39136222004890441895 0.38571405410766601563 0.37339484691619873047 0.32003867626190185547 0.25842469930648803711 0.21800862252712249756 0.1797612309455871582 0.15588772296905517578 0.13305807113647460938 0.10907958447933197021 0.091877110302448272705 0.077884159982204437256 0.061341580003499984741 0.05363871157169342041 0.050798125565052032471 0.048374481499195098877 0.046511754393577575684 0.039177827537059783936 0.032749772071838378906 0.023214166983962059021 0.0066535943187773227692 -0.014733271673321723938 -0.030381979420781135559 -0.01623605191707611084 0.027755502611398696899 0.036937158554792404175 0.033715628087520599365 0.031148005276918411255
0.40015992522239685059 0.40322247147560119629 0.41041842103004455566 0.4201940000057220459 0.45513287186622619629 0.49646982550621032715 0.50714224576950073242 0.49977535009384155273 0.47402709722518920898 0.43980813026428222656 0.41644755005836486816 0.4076258540153503418 0.40351343154907226563 0.39957502484321594238 0.39696240425109863281 0.39196813106536865234 0.38142466545104980469 0.33728313446044921875 0.28074142336845397949 0.22568750381469726563 0.18480348587036132813 0.15843735635280609131 0.13450086116790771484 0.1099074631929397583 0.091622143983840942383 0.077479213476181030273 0.06382821500301361084 0.056266326457262039185 0.053104788064956665039 0.050231210887432098389 0.047867555171251296997 0.044265083968639373779 0.035128422081470489502 0.024752942845225334167 0.0068695629015564918518 -0.016452020034193992615 -0.0058515733107924461365 0.027470543980598449707 0.055048502981662750244 0.046646732836961746216 0.038154978305101394653 0.030185146257281303406
0.39132621884346008301 0.39341393113136291504 0.3996200263500213623 0.40999248623847961426 0.43971812725067138672 0.47897037863731384277 0.49763965606689453125 0.50347381830215454102 0.48223090171813964844 0.44460141658782958984 0.42061394453048706055 0.41112032532691955566 0.40671396255493164063 0.40126377344131469727 0.39762529730796813965 0.38948750495910644531 0.37663438916206359863 0.34941336512565612793 0.31475344300270080566 0.23011185228824615479 0.17969223856925964355 0.15349107980728149414 0.13172926008701324463 0.11003944277763366699 0.096115484833717346191 0.085554033517837524414 0.072119005024433135986 0.06299133598804473877 0.058683969080448150635 0.055090498179197311401 0.051700994372367858887 0.046739719808101654053 0.038418941199779510498 0.025067895650863647461 0.021267453208565711975 0.02176238037645816803 0.056893233209848403931 0.062043476849794387817 0.052681848406791687012 0.045995831489562988281 0.039891723543405532837 0.032431818544864654541
0.38838964700698852539 0.38953548669815063477 0.39518067240715026855 0.40794679522514343262 0.43434292078018188477 0.46698415279388427734 0.49059668183326721191 0.50909197330474853516 0.49047970771789550781 0.44628116488456726074 0.42347550392150878906 0.41455781459808349609 0.41144728660583496094 0.40557715296745300293 0.39767929911613464355 0.38564205169677734375 0.36759671568870544434 0.33944281935691833496 0.30841237306594848633 0.23900255560874938965 0.17652770876884460449 0.14834083616733551025 0.12819878756999969482 0.11002744734287261963 0.099223032593727111816 0.090899251401424407959 0.078301094472408294678 0.067511677742004394531 0.06252940744161605835 0.059670824557542800903 0.057334169745445251465 0.050696142017841339111 0.039360802620649337769 0.035548359155654907227 0.062817364931106567383 0.077914156019687652588 0.065480977296829223633 0.058201041072607040405 0.049586303532123565674 0.043035265058279037476 0.037243112921714782715 0.032833758741617202759
0.38810470700263977051 0.38927751779556274414 0.39487770199775695801 0.4077638089656829834 0.43445390462875366211 0.46721512079238891602 0.49508103728294372559 0.52450072765350341797 0.50213301181793212891 0.4463621675968170166 0.42385944724082946777 0.41906017065048217773 0.41681349277496337891 0.41121631860733032227 0.39947602152824401855 0.38247153162956237793 0.35800710320472717285 0.32298123836517333984 0.29459339380264282227 0.24529562890529632568 0.1722803264856338501 0.14301061630249023438 0.12588012218475341797 0.11012643575668334961 0.10113675147294998169 0.093031935393810272217 0.082797437906265258789 0.072856895625591278076 0.067619659006595611572 0.063123323023319244385 0.059394866228103637695 0.057262178510427474976 0.068000607192516326904 0.090314336121082305908 0.096955358982086181641 0.081198669970035552979 0.060636684298515319824 0.05287682265043258667 0.044430058449506759644 0.038727894425392150879 0.034801468253135681152 0.033229701220989227295
0.38837766647338867188 0.39047735929489135742 0.39578956365585327148 0.41022646427154541016 0.44349458813667297363 0.47905737161636352539 0.50884902477264404297 0.53874564170837402344 0.50833308696746826172 0.44732803106307983398 0.42758491635322570801 0.4260311424732208252 0.42383545637130737305 0.41467779874801635742 0.39668345451354980469 0.37316089868545532227 0.34342923760414123535 0.30199033021926879883 0.27423238754272460938 0.24079628288745880127 0.17648871243000030518 0.13497778773307800293 0.1195540502667427063 0.10732484608888626099 0.10038986057043075562 0.092980943620204925537 0.085386060178279876709 0.079656898975372314453 0.076603345572948455811 0.075058571994304656982 0.073912739753723144531 0.11008443683385848999 0.12544518709182739258 0.13177725672721862793 0.10864464938640594482 0.07533153146505355835 0.050636149942874908447 0.045479904860258102417 0.042609326541423797607 0.04190443083643913269 0.040011707693338394165 0.038418941199779510498
0.39147919416427612305 0.39226809144020080566 0.39980897307395935059 0.42247366905212402344 0.47391912341117858887 0.51519006490707397461 0.53520315885543823242 0.5419521331787109375 0.50031226873397827148 0.44758298993110656738 0.4352608025074005127 0.43892323970794677734 0.43678456544876098633 0.41908416152000427246 0.38935551047325134277 0.3537597358226776123 0.31675714254379272461 0.27571117877960205078 0.25116276741027832031 0.22962892055511474609 0.19176846742630004883 0.1369784921407699585 0.11247508972883224487 0.10318244993686676025 0.098461143672466278076 0.092048078775405883789 0.085931979119777679443 0.084381207823753356934 0.1003088727593421936 0.13181625306606292725 0.13921317458152770996 0.16194383800029754639 0.1533861011266708374 0.13476482033729553223 0.10942453891038894653 0.076180405914783477783 0.052681848406791687012 0.049316342920064926147 0.049880258738994598389 0.050072234123945236206 0.047579597681760787964 0.043560188263654708862
0.39682742953300476074 0.39631751179695129395 0.40374141931533813477 0.4326451718807220459 0.50343179702758789063 0.54860216379165649414 0.55331450700759887695 0.54007142782211303711 0.49770262837409973145 0.4515723884105682373 0.44180282950401306152 0.44713306427001953125 0.44504535198211669922 0.42268964648246765137 0.3834253847599029541 0.33823999762535095215 0.29423046112060546875 0.25328046083450317383 0.23146764934062957764 0.21606791019439697266 0.19538293778896331787 0.14274665713310241699 0.10970049351453781128 0.10099276900291442871 0.097576268017292022705 0.091556154191493988037 0.08815765380859375 0.099711962044239044189 0.14139385521411895752 0.18031014502048492432 0.18360666930675506592 0.17312020063400268555 0.15575274825096130371 0.13674452900886535645 0.11253207921981811523 0.084111243486404418945 0.065948903560638427734 0.062793366611003875732 0.061113614588975906372 0.058303024619817733765 0.053704701364040374756 0.048809416592121124268
0.404659271240234375 0.40356743335723876953 0.40865468978881835938 0.43730348348617553711 0.51710677146911621094 0.56105637550354003906 0.55940657854080200195 0.54739034175872802734 0.5130093693733215332 0.46190288662910461426 0.45062452554702758789 0.45503988862037658691 0.4507325291633605957 0.42568919062614440918 0.38078576326370239258 0.32876738905906677246 0.28174629807472229004 0.24087128043174743652 0.22069323062896728516 0.20763014256954193115 0.19294430315494537354 0.16227379441261291504 0.11195316165685653687 0.10078280419111251831 0.098722100257873535156 0.09265699237585067749 0.10681492090225219727 0.16399854421615600586 0.18419457972049713135 0.190664634108543396 0.18736810982227325439 0.17550185322761535645 0.15893827378749847412 0.14205975830554962158 0.12117081135511398315 0.097057349979877471924 0.083355352282524108887 0.079203963279724121094 0.074536643922328948975 0.068762496113777160645 0.061350580304861068726 0.054166633635759353638
0.41096135973930358887 0.41193020343780517578 0.41659453511238098145 0.4361006617546081543 0.4944871068000793457 0.53789675235748291016 0.54725235700607299805 0.55086082220077514648 0.52925503253936767578 0.48611232638359069824 0.47342419624328613281 0.47668471932411193848 0.46765303611755371094 0.43418395519256591797 0.38042283058166503906 0.32120549678802490234 0.27302655577659606934 0.2355200648307800293 0.21728573739528656006 0.20256689190864562988 0.1910905689001083374 0.17031861841678619385 0.11541166156530380249 0.10076180845499038696 0.099070049822330474854 0.1061460152268409729 0.16674913465976715088 0.19596485793590545654 0.19906039535999298096 0.19389815628528594971 0.1882829815149307251 0.17911332845687866211 0.16467343270778656006 0.14946867525577545166 0.13291409611701965332 0.11352793127298355103 0.098725102841854095459 0.093859814107418060303 0.086474895477294921875 0.078400082886219024658 0.069140441715717315674 0.060999631881713867188
0.41711944341659545898 0.42023599147796630859 0.42501428723335266113 0.4361756443977355957 0.4658623039722442627 0.4959538877010345459 0.51508808135986328125 0.53827470541000366211 0.54416584968566894531 0.52663338184356689453 0.50854903459548950195 0.499622344970703125 0.47975927591323852539 0.43806537985801696777 0.38269647955894470215 0.31855088472366333008 0.26671847701072692871 0.22944295406341552734 0.21320933103561401367 0.199915274977684021 0.18863992393016815186 0.17956626415252685547 0.14279463887214660645 0.11837222427129745483 0.12494426220655441284 0.16333863139152526855 0.20107610523700714111 0.20289084315299987793 0.20079115033149719238 0.19566489756107330322 0.18983975052833557129 0.18212488293647766113 0.16926276683807373047 0.15679959952831268311 0.14320857822895050049 0.12691196799278259277 0.11261606961488723755 0.10631099343299865723 0.096316456794738769531 0.08726978302001953125 0.076984286308288574219 0.066332846879959106445
0.42958563566207885742 0.43232721090316772461 0.43503582477569580078 0.44149386882781982422 0.45672264695167541504 0.47427606582641601563 0.48913589119911193848 0.51208555698394775391 0.53178364038467407227 0.53868561983108520508 0.54404282569885253906 0.53594106435775756836 0.50798213481903076172 0.44859683513641357422 0.38069579005241394043 0.31367060542106628418 0.26268708705902099609 0.22752022743225097656 0.21233345568180084229 0.19949834048748016357 0.18874791264533996582 0.1839876025915145874 0.1666561514139175415 0.1810150444507598877 0.20287583768367767334 0.21050372719764709473 0.21344329416751861572 0.20874898135662078857 0.20346975326538085938 0.19876945018768310547 0.19473803043365478516 0.18608430027961730957 0.17511190474033355713 0.16376456618309020996 0.15083946287631988525 0.13683751225471496582 0.12395140528678894043 0.11686344444751739502 0.1064939647912979126 0.097612269222736358643 0.087644726037979125977 0.078037135303020477295
0.45241826772689819336 0.45088550448417663574 0.44912177324295043945 0.45135343074798583984 0.45899632573127746582 0.46472248435020446777 0.46936580538749694824 0.48313978314399719238 0.51283842325210571289 0.5463644862174987793 0.59468740224838256836 0.62423610687255859375 0.59691309928894042969 0.49137055873870849609 0.37629842758178710938 0.30236527323722839355 0.25540113449096679688 0.22473664581775665283 0.21174255013465881348 0.20019423961639404297 0.19167548418045043945 0.19059264659881591797 0.20291183888912200928 0.21989834308624267578 0.22611044347286224365 0.2271152883768081665 0.22401075065135955811 0.21747770905494689941 0.21030874550342559814 0.20263887941837310791 0.19722166657447814941 0.18914085626602172852 0.18014816939830780029 0.17157243192195892334 0.16006012260913848877 0.14623214304447174072 0.13462984561920166016 0.12785983085632324219 0.11846520751714706421 0.11115228384733200073 0.10390534251928329468 0.098122194409370422363
0.46865189075469970703 0.46571531891822814941 0.46106299757957458496 0.45960521697998046875 0.46051707863807678223 0.46031913161277770996 0.46850791573524475098 0.51499509811401367188 0.58824437856674194336 0.63176500797271728516 0.68394237756729125977 0.73034852743148803711 0.69995701313018798828 0.54198813438415527344 0.37176308035850524902 0.28857028484344482422 0.24702636897563934326 0.22126615047454833984 0.21040773391723632813 0.20116609334945678711 0.19787856936454772949 0.20871298015117645264 0.22747823596000671387 0.23242750763893127441 0.23297643661499023438 0.23381631076335906982 0.23104171454906463623 0.22426870465278625488 0.21583093702793121338 0.20624135434627532959 0.19942334294319152832 0.19182845950126647949 0.18522043526172637939 0.17794050276279449463 0.16607724130153656006 0.15236024558544158936 0.14205975830554962158 0.13675053417682647705 0.12879270315170288086 0.12257760763168334961 0.11809326708316802979 0.11448779702186584473
0.47654074430465698242 0.4735081791877746582 0.4687118828296661377 0.46293774247169494629 0.45821341872215270996 0.46427553892135620117 0.50803011655807495117 0.62849247455596923828 0.73424196243286132813 0.7415968775749206543 0.74891883134841918945 0.7748260498046875 0.73448795080184936523 0.54879415035247802734 0.35425767302513122559 0.27137979865074157715 0.23857660591602325439 0.21814660727977752686 0.20806208252906799316 0.20089612901210784912 0.20187698304653167725 0.22535154223442077637 0.23684586584568023682 0.2387205958366394043 0.24020837247371673584 0.24072729051113128662 0.23843863606452941895 0.23131167888641357422 0.22090619802474975586 0.21088767051696777344 0.20427063107490539551 0.1960188448429107666 0.19099758565425872803 0.18154896795749664307 0.16957771778106689453 0.15715953707695007324 0.14813986420631408691 0.1445553898811340332 0.1378993690013885498 0.13239516317844390869 0.12950658798217773438 0.12623706459999084473
0.48517647385597229004 0.47926434874534606934 0.47280028462409973145 0.46194487810134887695 0.46519941091537475586 0.49425914883613586426 0.57819885015487670898 0.72184777259826660156 0.78311079740524291992 0.73420000076293945313 0.68603307008743286133 0.69381392002105712891 0.65193104743957519531 0.48627731204032897949 0.32199439406394958496 0.25707489252090454102 0.2321395576000213623 0.21655984222888946533 0.20864999294281005859 0.20377871394157409668 0.21405820548534393311 0.235993996262550354 0.24255703389644622803 0.2438138425350189209 0.24536161124706268311 0.24651344120502471924 0.244632720947265625 0.23836064338684082031 0.22756822407245635986 0.21595092117786407471 0.20845802128314971924 0.19802555441856384277 0.19065263867378234863 0.18181292712688446045 0.17196236550807952881 0.16038106381893157959 0.15468190610408782959 0.15122941136360168457 0.1458092033863067627 0.14187078177928924561 0.13682852685451507568 0.13236217200756072998
0.49849152565002441406 0.48276484012603759766 0.47302225232124328613 0.47009769082069396973 0.50633835792541503906 0.57583218812942504883 0.66018581390380859375 0.73724752664566040039 0.72727698087692260742 0.63252687454223632813 0.54002642631530761719 0.52048128843307495117 0.487522125244140625 0.38529410958290100098 0.29034301638603210449 0.24792623519897460938 0.22952693700790405273 0.2176516801118850708 0.21121162176132202148 0.21447214484214782715 0.23572102189064025879 0.24395781755447387695 0.24438676238059997559 0.24833418428897857666 0.2499179542064666748 0.25102779269218444824 0.24956999719142913818 0.24336691200733184814 0.23229253292083740234 0.21940341591835021973 0.21102565526962280273 0.20109410583972930908 0.1888948976993560791 0.18061010539531707764 0.17225633561611175537 0.16346761584281921387 0.15965817868709564209 0.15708754956722259521 0.15289716422557830811 0.14794789254665374756 0.14199976623058319092 0.13837029039859771729
