INPUT/RASTER/ASCII_standard/BIO01.asc
ncols        225
nrows        269
xllcorner    473009.983799999987
yllcorner    4429051.174800000153
cellsize     50.000000000000
NODATA_value  -9999
[rows 171 to 189 of 269, columns 41 to 81 of 225]
0.61397153139114379883 0.64306503534317016602 0.71430277824401855469 0.76630920171737670898 0.7928333282470703125 0.83404844999313354492 0.90952390432357788086 0.98298609256744384766 1.0248841047286987305 1.0178869962692260742 0.98864573240280151367 0.90741914510726928711 0.81131851673126220703 0.74046790599822998047 0.69700020551681518555 0.64500784873962402344 0.60598194599151611328 0.55695319175720214844 0.53129488229751586914 0.50767803192138671875 0.48555347323417663574 0.4635626673698425293 0.45011055469512939453 0.43368080258369445801 0.42541667819023132324 0.42489576339721679688 0.42470571398735046387 0.42760589718818664551 0.42948538064956665039 0.42569118738174438477 0.41432273387908935547 0.3953869938850402832 0.38425785303115844727 0.38613733649253845215 0.38909384608268737793 0.39070585370063781738 0.39837870001792907715 0.42131274938583374023 0.46207737922668457031 0.50501716136932373047 0.53175950050354003906
0.65995228290557861328 0.72405928373336791992 0.82389074563980102539 0.88731491565704345703 0.91856938600540161133 0.96115720272064208984 1.016852259635925293 1.0712308883666992188 1.0980224609375 1.0574197769165039063 0.99947923421859741211 0.86627441644668579102 0.73114788532257080078 0.65136432647705078125 0.63223856687545776367 0.61609035730361938477 0.59360682964324951172 0.55388402938842773438 0.52296739816665649414 0.50259560346603393555 0.48741888999938964844 0.47282639145851135254 0.46354860067367553711 0.4521026909351348877 0.44481700658798217773 0.44310644268989562988 0.44283896684646606445 0.44378221035003662109 0.44187456369400024414 0.43669363856315612793 0.42466345429420471191 0.40346810221672058105 0.38546156883239746094 0.38142099976539611816 0.3808930516242980957 0.3801116943359375 0.38542637228965759277 0.40724822878837585449 0.45026543736457824707 0.49859026074409484863 0.52881002426147460938
0.77929669618606567383 0.86653482913970947266 0.96480357646942138672 1.0254119634628295898 1.0540127754211425781 1.0848730802536010742 1.1091375350952148438 1.1268625259399414063 1.1182675361633300781 1.0362173318862915039 0.95810920000076293945 0.8069400787353515625 0.67218661308288574219 0.59722501039505004883 0.57988721132278442383 0.57755720615386962891 0.56998997926712036133 0.54487371444702148438 0.51544940471649169922 0.49816086888313293457 0.48826360702514648438 0.47917586565017700195 0.47350218892097473145 0.46608275175094604492 0.46264755725860595703 0.46027532219886779785 0.4596347510814666748 0.45792418718338012695 0.45213085412979125977 0.443775177001953125 0.42981624603271484375 0.41023287177085876465 0.3890304863452911377 0.37826034426689147949 0.37826737761497497559 0.37847152352333068848 0.38342016935348510742 0.40165197849273681641 0.44628116488456726074 0.4992026984691619873 0.52859884500503540039
0.96617627143859863281 1.0378856658935546875 1.0983603000640869141 1.1370624303817749023 1.1547803878784179688 1.1669161319732666016 1.1634458303451538086 1.1484661102294921875 1.0853446722030639648 0.9585526585578918457 0.87338411808013916016 0.73630768060684204102 0.62853586673736572266 0.56989842653274536133 0.54901283979415893555 0.54486668109893798828 0.54271966218948364258 0.53090071678161621094 0.51212686300277709961 0.4998995661735534668 0.49100190401077270508 0.48349094390869140625 0.47949263453483581543 0.47683879733085632324 0.47559988498687744141 0.47322764992713928223 0.46852537989616394043 0.46337965130805969238 0.45742440223693847656 0.4479846954345703125 0.43185058236122131348 0.41446352005004882813 0.3926486968994140625 0.3760922551155090332 0.37516304850578308105 0.37684544920921325684 0.38327234983444213867 0.40476334095001220703 0.4539610743522644043 0.50855791568756103516 0.5362294316291809082
1.1348309516906738281 1.17401885986328125 1.1891814470291137695 1.1965376138687133789 1.1989169120788574219 1.1868233680725097656 1.1563924551010131836 1.1095247268676757813 0.99943697452545166016 0.85456800460815429688 0.7791207432746887207 0.67254561185836791992 0.59244537353515625 0.55505961179733276367 0.53469485044479370117 0.52401626110076904297 0.52315038442611694336 0.52066552639007568359 0.51225358247756958008 0.50337702035903930664 0.4940147101879119873 0.48819321393966674805 0.48601806163787841797 0.48594766855239868164 0.48445534706115722656 0.48190006613731384277 0.47491005063056945801 0.46481567621231079102 0.45776933431625366211 0.44856894016265869141 0.43161830306053161621 0.41401299834251403809 0.39581638574600219727 0.37764793634414672852 0.37292456626892089844 0.37438169121742248535 0.38350462913513183594 0.41359063982963562012 0.46787777543067932129 0.52027136087417602539 0.54885089397430419922
1.2475584745407104492 1.2525916099548339844 1.238625645637512207 1.2217100858688354492 1.2072936296463012695 1.1675637960433959961 1.0955445766448974609 1.0008096694946289063 0.8695195317268371582 0.74815481901168823242 0.70016080141067504883 0.63337892293930053711 0.57378417253494262695 0.54970270395278930664 0.53257602453231811523 0.51882123947143554688 0.5168361663818359375 0.51613223552703857422 0.51358401775360107422 0.50807219743728637695 0.50465112924575805664 0.5015608668327331543 0.49968838691711425781 0.49876624345779418945 0.49492982029914855957 0.48849588632583618164 0.48012617230415344238 0.46548441052436828613 0.4557208716869354248 0.44828736782073974609 0.43377232551574707031 0.41880676150321960449 0.40707927942276000977 0.39040315151214599609 0.38308930397033691406 0.3787460625171661377 0.38493362069129943848 0.4242833554744720459 0.48801019787788391113 0.53620129823684692383 0.55853700637817382813
1.344088435173034668 1.298445582389831543 1.2431589365005493164 1.2027392387390136719 1.1686689853668212891 1.0850279331207275391 0.95259040594100952148 0.81783694028854370117 0.72336238622665405273 0.66897672414779663086 0.64557802677154541016 0.61266928911209106445 0.58009839057922363281 0.5655129551887512207 0.55475687980651855469 0.53831309080123901367 0.53081619739532470703 0.52489614486694335938 0.52451604604721069336 0.52341789007186889648 0.52149617671966552734 0.51768791675567626953 0.51545643806457519531 0.50919145345687866211 0.50142008066177368164 0.49242383241653442383 0.47974604368209838867 0.46397799253463745117 0.45451012253761291504 0.44999793171882629395 0.43938970565795898438 0.427028656005859375 0.41742002964019775391 0.40767058730125427246 0.40044823288917541504 0.39002302289009094238 0.39466896653175354004 0.44480291008949279785 0.51496368646621704102 0.55423599481582641602 0.56560444831848144531
1.3629890680313110352 1.3004236221313476563 1.2228152751922607422 1.1692250967025756836 1.126841425895690918 1.0269888639450073242 0.87132859230041503906 0.73465341329574584961 0.67759281396865844727 0.65917795896530151367 0.64272010326385498047 0.61499929428100585938 0.59516251087188720703 0.59136831760406494141 0.5888271331787109375 0.57752203941345214844 0.57075726985931396484 0.56014198064804077148 0.54989272356033325195 0.54422610998153686523 0.54093170166015625 0.53694742918014526367 0.53237187862396240234 0.52119350433349609375 0.50957864522933959961 0.49630951881408691406 0.47994315624237060547 0.46487903594970703125 0.45711466670036315918 0.45295444130897521973 0.44453543424606323242 0.43367376923561096191 0.42205187678337097168 0.41589951515197753906 0.41166186332702636719 0.40353849530220031738 0.41456910967826843262 0.47769761085510253906 0.54007291793823242188 0.56865954399108886719 0.57515680789947509766
1.3409067392349243164 1.2796506881713867188 1.1992688179016113281 1.1353729963302612305 1.0884560346603393555 0.99157404899597167969 0.84800034761428833008 0.729373931884765625 0.68915134668350219727 0.68022549152374267578 0.66430962085723876953 0.6315205693244934082 0.61480921506881713867 0.62410813570022583008 0.63102072477340698242 0.62500214576721191406 0.61717444658279418945 0.59529626369476318359 0.56957465410232543945 0.5578753352165222168 0.55729806423187255859 0.55472171306610107422 0.54982936382293701172 0.53560996055603027344 0.51858192682266235352 0.50182837247848510742 0.48230835795402526855 0.46820157766342163086 0.46387943625450134277 0.45931091904640197754 0.45057514309883117676 0.44037520885467529297 0.42864066362380981445 0.42254462838172912598 0.42070034146308898926 0.41692021489143371582 0.43171685934066772461 0.50389790534973144531 0.56487941741943359375 0.59533852338790893555 0.60826265811920166016
1.3123341798782348633 1.2487833499908447266 1.1668528318405151367 1.0962908267974853516 1.0450938940048217773 0.94807112216949462891 0.82705140113830566406 0.73500537872314453125 0.70712268352508544922 0.7014560699462890625 0.68831366300582885742 0.66231048107147216797 0.64976644515991210938 0.66104340553283691406 0.67111665010452270508 0.6636479496955871582 0.65084344148635864258 0.61353510618209838867 0.57812738418579101563 0.56870174407958984375 0.56830054521560668945 0.56661111116409301758 0.56234526634216308594 0.5477879643440246582 0.52706426382064819336 0.50819188356399536133 0.4884395897388458252 0.47523385286331176758 0.47177049517631530762 0.46738502383232116699 0.45706540346145629883 0.44562652707099914551 0.43416652083396911621 0.42785227298736572266 0.42669078707695007324 0.42429038882255554199 0.44246587157249450684 0.52069371938705444336 0.59164988994598388672 0.62724065780639648438 0.64870351552963256836
1.2797985076904296875 1.2084691524505615234 1.1231386661529541016 1.0473113059997558594 0.99192601442337036133 0.89726144075393676758 0.80247014760971069336 0.74021446704864501953 0.72435492277145385742 0.7212435603141784668 0.71568250656127929688 0.70382833480834960938 0.68853890895843505859 0.69009459018707275391 0.69686645269393920898 0.6884333491325378418 0.67574149370193481445 0.63486421108245849609 0.5925439000129699707 0.58057707548141479492 0.5797112584114074707 0.5754032135009765625 0.56938457489013671875 0.55615770816802978516 0.53556072711944580078 0.5159562230110168457 0.49776667356491088867 0.48563793301582336426 0.47964748740196228027 0.47465661168098449707 0.46361899375915527344 0.45064553618431091309 0.4380944669246673584 0.43156901001930236816 0.43048498034477233887 0.43228703737258911133 0.46332332491874694824 0.54493707418441772461 0.61711108684539794922 0.65176558494567871094 0.67020153999328613281
1.2438699007034301758 1.1602007150650024414 1.0681898593902587891 0.98466145992279052734 0.91716152429580688477 0.83129608631134033203 0.77374267578125 0.74532502889633178711 0.7431850433349609375 0.74507158994674682617 0.74430429935455322266 0.73882776498794555664 0.72229945659637451172 0.7115504145622253418 0.70600342750549316406 0.69872480630874633789 0.68971449136734008789 0.65658754110336303711 0.6144854426383972168 0.59312111139297485352 0.58596920967102050781 0.58013361692428588867 0.57538908720016479492 0.56558334827423095703 0.54849892854690551758 0.53216773271560668945 0.51695579290390014648 0.50365859270095825195 0.49722462892532348633 0.48778492212295532227 0.47343179583549499512 0.45733991265296936035 0.44418346881866455078 0.44247290492057800293 0.44519007205963134766 0.4532712101936340332 0.49868178367614746094 0.57132041454315185547 0.62553715705871582031 0.65976929664611816406 0.67659324407577514648
1.2345145940780639648 1.1416591405868530273 1.034190058708190918 0.92886090278625488281 0.84497344493865966797 0.77479153871536254883 0.75736927986145019531 0.75891792774200439453 0.76523923873901367188 0.76887851953506469727 0.77294021844863891602 0.76953321695327758789 0.75325125455856323242 0.73490685224533081055 0.71304273605346679688 0.69688755273818969727 0.68449836969375610352 0.65549641847610473633 0.62611436843872070313 0.60476416349411010742 0.58964371681213378906 0.5783455967903137207 0.57347440719604492188 0.57269304990768432617 0.57077133655548095703 0.56260573863983154297 0.54533123970031738281 0.53297024965286254883 0.52479761838912963867 0.50908589363098144531 0.48974889516830444336 0.46648398041725158691 0.45730471611022949219 0.46674445271492004395 0.48194935917854309082 0.50030082464218139648 0.52593094110488891602 0.55602395534515380859 0.60310989618301391602 0.6556231379508972168 0.68160521984100341797
1.2630730867385864258 1.1688871383666992188 1.0595737695693969727 0.96061521768569946289 0.85844671726226806641 0.78752565383911132813 0.77161681652069091797 0.77286982536315917969 0.77766358852386474609 0.78031039237976074219 0.78463953733444213867 0.78152114152908325195 0.76565456390380859375 0.74348777532577514648 0.71250075101852416992 0.68300604820251464844 0.66477423906326293945 0.64166420698165893555 0.62717026472091674805 0.60918480157852172852 0.58948886394500732422 0.57788103818893432617 0.57389676570892333984 0.57434022426605224609 0.57578331232070922852 0.57098251581192016602 0.55921983718872070313 0.55176520347595214844 0.54507082700729370117 0.52793711423873901367 0.50223660469055175781 0.48163962364196777344 0.48038661479949951172 0.49652776122093200684 0.50732606649398803711 0.519680023193359375 0.53287166357040405273 0.55045586824417114258 0.59050250053405761719 0.64977347850799560547 0.68144333362579345703
1.2988890409469604492 1.2037106752395629883 1.1037806272506713867 1.0303113460540771484 0.90709531307220458984 0.82089900970458984375 0.79442417621612548828 0.78758198022842407227 0.78833520412445068359 0.7897993922233581543 0.79437494277954101563 0.78825074434280395508 0.77244746685028076172 0.74935150146484375 0.71331024169921875 0.67586112022399902344 0.65628480911254882813 0.63414621353149414063 0.62304520606994628906 0.60632687807083129883 0.59037578105926513672 0.58153444528579711914 0.57900029420852661133 0.58014065027236938477 0.58085864782333374023 0.58108389377593994141 0.57317173480987548828 0.56922268867492675781 0.56470346450805664063 0.54818922281265258789 0.52279841899871826172 0.51000803709030151367 0.50926184654235839844 0.51553386449813842773 0.52061623334884643555 0.52856361865997314453 0.54260706901550292969 0.56212002038955688477 0.59579604864120483398 0.65021693706512451172 0.68110543489456176758
1.3394566774368286133 1.2337262630462646484 1.1255602836608886719 1.0583066940307617188 0.94445997476577758789 0.85056269168853759766 0.81497895717620849609 0.802822113037109375 0.80028796195983886719 0.80252641439437866211 0.80285727977752685547 0.79115796089172363281 0.77403837442398071289 0.74952751398086547852 0.71188831329345703125 0.67298203706741333008 0.65267366170883178711 0.62726879119873046875 0.61303532123565673828 0.60260307788848876953 0.59799933433532714844 0.59327596426010131836 0.59276914596557617188 0.59252279996871948242 0.58646196126937866211 0.58816546201705932617 0.58788388967514038086 0.58974927663803100586 0.58681392669677734375 0.57306611537933349609 0.55662232637405395508 0.54979419708251953125 0.54355031251907348633 0.5343710780143737793 0.53233671188354492188 0.5375105738639831543 0.5577767491340637207 0.60107553005218505859 0.6378911137580871582 0.671581268310546875 0.69116461277008056641
1.3658540248870849609 1.2526478767395019531 1.1315295696258544922 1.0568777322769165039 0.94174987077713012695 0.856792449951171875 0.82874083518981933594 0.82144105434417724609 0.820068359375 0.82232803106307983398 0.81454956531524658203 0.79566311836242675781 0.77380603551864624023 0.74589520692825317383 0.70874172449111938477 0.67382675409317016602 0.65402519702911376953 0.62634664773941040039 0.60926932096481323242 0.6086146235466003418 0.61872309446334838867 0.62116575241088867188 0.62346053123474121094 0.62256652116775512695 0.6021525263786315918 0.59789377450942993164 0.60326474905014038086 0.61009991168975830078 0.61782908439636230469 0.62217938899993896484 0.61405605077743530273 0.61066305637359619141 0.5953877568244934082 0.5728619694709777832 0.56554818153381347656 0.56663924455642700195 0.59585237503051757813 0.66156429052352905273 0.69529664516448974609 0.70012563467025756836 0.70257532596588134766
1.3801015615463256836 1.2711542844772338867 1.1405117511749267578 1.0512322187423706055 0.92372924089431762695 0.86252951622009277344 0.85861563682556152344 0.85293489694595336914 0.8447481989860534668 0.84186911582946777344 0.82609403133392333984 0.80171692371368408203 0.77283465862274169922 0.74150270223617553711 0.70803076028823852539 0.67817705869674682617 0.66079699993133544922 0.63739836215972900391 0.62697315216064453125 0.64167827367782592773 0.67574149370193481445 0.6940155029296875 0.70358192920684814453 0.70242750644683837891 0.66416180133819580078 0.65456724166870117188 0.65489101409912109375 0.65775603055953979492 0.69762665033340454102 0.75792539119720458984 0.77055388689041137695 0.76119160652160644531 0.72873336076736450195 0.70030868053436279297 0.69081264734268188477 0.69189667701721191406 0.72679758071899414063 0.7627614140510559082 0.74638795852661132813 0.71504896879196166992 0.69507843255996704102
1.4036692380905151367 1.3079065084457397461 1.1853661537170410156 1.0991628170013427734 0.97294104099273681641 0.9304447174072265625 0.94840902090072631836 0.91265636682510375977 0.86706984043121337891 0.84850716590881347656 0.82939547300338745117 0.80421584844589233398 0.77094107866287231445 0.73501950502395629883 0.70455336570739746094 0.686279296875 0.6819712519645690918 0.68434351682662963867 0.71528828144073486328 0.78024703264236450195 0.84125667810440063477 0.86619699001312255859 0.87745279073715209961 0.87996584177017211914 0.84695148468017578125 0.81886464357376098633 0.77688926458358764648 0.75512373447418212891 0.81234627962112426758 0.90668708086013793945 0.92869895696640014648 0.91293090581893920898 0.88566064834594726563 0.86907601356506347656 0.86248022317886352539 0.86530297994613647461 0.88410496711730957031 0.86115682125091552734 0.77876877784729003906 0.71357071399688720703 0.67479115724563598633
