INPUT/RASTER/ASCII_standard/BIO05.asc
ncols        225
nrows        269
xllcorner    473009.983799999987
yllcorner    4429051.174800000153
cellsize     50.000000000000
NODATA_value  -9999
[rows 144 to 161 of 269, columns 84 to 125 of 225]
-0.34904283285140991211 -0.3389555811882019043 -0.33275610208511352539 -0.32649961113929748535 -0.31446611881256103516 -0.30625391006469726563 -0.29550209641456604004 -0.29145768284797668457 -0.29121559858322143555 -0.2808055579662322998 -0.257350921630859375 -0.24039484560489654541 -0.20910774171352386475 -0.18536354601383209229 -0.17144076526165008545 -0.15968734025955200195 -0.15252420306205749512 -0.14154452085494995117 -0.11004381626844406128 -0.068897321820259094238 -0.041459999978542327881 -0.027067271992564201355 0.0092136049643158912659 0.034229990094900131226 0.047136925160884857178 0.049728754907846450806 0.065246507525444030762 0.05670201033353805542 -0.0063895932398736476898 -0.040833402425050735474 -0.058511015027761459351 -0.095418490469455718994 -0.14925830066204071045 -0.21419171988964080811 -0.26730525493621826172 -0.28972506523132324219 -0.29221245646476745605 -0.28219640254974365234 -0.25625437498092651367 -0.22559861838817596436 -0.19421659409999847412 -0.17619720101356506348
-0.3160088658332824707 -0.30670961737632751465 -0.29982656240463256836 -0.29384064674377441406 -0.28575187921524047852 -0.28097170591354370117 -0.27077525854110717773 -0.26309472322463989258 -0.25950127840042114258 -0.24832698702812194824 -0.22947686910629272461 -0.21827884018421173096 -0.19797617197036743164 -0.1772177964448928833 -0.16121110320091247559 -0.14136414229869842529 -0.12146021425724029541 -0.10470350831747055054 -0.068508073687553405762 -0.026483397930860519409 0.0071676727384328842163 0.036128766834735870361 0.062702149152755737305 0.065901584923267364502 0.047416992485523223877 0.020278725773096084595 0.0084398528560996055603 -0.0052835559472441673279 -0.039499513804912567139 -0.060305360704660415649 -0.077740877866744995117 -0.11556451022624969482 -0.17211008071899414063 -0.23568587005138397217 -0.27734029293060302734 -0.28704303503036499023 -0.28146538138389587402 -0.26518335938453674316 -0.24066066741943359375 -0.21852093935012817383 -0.18883356451988220215 -0.18128117918968200684
-0.26730051636695861816 -0.25837150216102600098 -0.25293150544166564941 -0.24971783161163330078 -0.24625256657600402832 -0.24571616947650909424 -0.23481717705726623535 -0.22191499173641204834 -0.21366955339908599854 -0.20215822756290435791 -0.18937945365905761719 -0.18493157625198364258 -0.17599782347679138184 -0.16220796108245849609 -0.1463769078254699707 -0.11037135869264602661 -0.068403638899326324463 -0.046833537518978118896 -0.017241101711988449097 0.0076803425326943397522 0.034885067492723464966 0.052714578807353973389 0.052439257502555847168 0.04247067868709564209 0.014909935183823108673 -0.018812339752912521362 -0.038042202591896057129 -0.047716468572616577148 -0.06240825355052947998 -0.077797837555408477783 -0.096904277801513671875 -0.13601908087730407715 -0.19011522829532623291 -0.25144571065902709961 -0.28941652178764343262 -0.29638502001762390137 -0.28820130228996276855 -0.26887649297714233398 -0.24149137735366821289 -0.21304771304130554199 -0.19701254367828369141 -9999
-0.23261934518814086914 -0.2245400547981262207 -0.22172985970973968506 -0.21828357875347137451 -0.21780414879322052002 -0.21689273416996002197 -0.20700959861278533936 -0.1918621063232421875 -0.17901213467121124268 -0.17007364332675933838 -0.16158136725425720215 -0.15765564143657684326 -0.15372517704963684082 -0.15064440667629241943 -0.1370112001895904541 -0.082521043717861175537 -0.02277128957211971283 0.0012055138358846306801 0.020639494061470031738 0.02095753885805606842 0.019438518211245536804 -0.00072649150388315320015 -0.029212890192866325378 -0.044198986142873764038 -0.061169303953647613525 -0.064691536128520965576 -0.06513299793004989624 -0.066495373845100402832 -0.077000357210636138916 -0.093519710004329681396 -0.11364674568176269531 -0.15149885416030883789 -0.20368199050426483154 -0.26443335413932800293 -0.30350068211555480957 -0.31373035907745361328 -0.31411010026931762695 -0.30035346746444702148 -0.26373079419136047363 -0.21843548119068145752 -0.18053115904331207275 -0.16697864234447479248
-0.21576295793056488037 -0.20663933455944061279 -0.2008053511381149292 -0.19883535802364349365 -0.19871668517589569092 -0.19589225947856903076 -0.18322266638278961182 -0.1701733320951461792 -0.1581303328275680542 -0.14874088764190673828 -0.14174389839172363281 -0.13872958719730377197 -0.13844002783298492432 -0.13776595890522003174 -0.12062949687242507935 -0.049207009375095367432 0.026710832491517066956 0.051290497183799743652 0.057366583496332168579 0.02697191387414932251 -0.025111531838774681091 -0.086133472621440887451 -0.11732562631368637085 -0.12327354401350021362 -0.12177825719118118286 -0.099572062492370605469 -0.085345476865768432617 -0.083892911672592163086 -0.097635313868522644043 -0.11283976584672927856 -0.13027054071426391602 -0.16600076854228973389 -0.21618543565273284912 -0.2732626795768737793 -0.3124866485595703125 -0.32535561919212341309 -0.3348115086555480957 -0.33337792754173278809 -0.29599103331565856934 -0.23909418284893035889 -0.19123075902462005615 -0.16859260201454162598
-0.19771033525466918945 -0.18989686667919158936 -0.18689680099487304688 -0.18449009954929351807 -0.18177960813045501709 -0.17790135741233825684 -0.1679897308349609375 -0.15454165637493133545 -0.14414584636688232422 -0.13635611534118652344 -0.13098733127117156982 -0.12916450202465057373 -0.12727996706962585449 -0.12279885262250900269 -0.094654232263565063477 0.0071296971291303634644 0.1057521626353263855 0.12343926727771759033 0.099111191928386688232 0.022130033001303672791 -0.077750369906425476074 -0.14530885219573974609 -0.16181395947933197021 -0.15910820662975311279 -0.14529460668563842773 -0.11886363476514816284 -0.10238225013017654419 -0.10034581273794174194 -0.11169575154781341553 -0.12596981227397918701 -0.14193852245807647705 -0.17723202705383300781 -0.22859394550323486328 -0.28299388289451599121 -0.31566709280014038086 -0.32680818438529968262 -0.33695238828659057617 -0.34056004881858825684 -0.31761810183525085449 -0.26793184876441955566 -0.21909531950950622559 -0.19070385396480560303
-0.19236053526401519775 -0.17584118247032165527 -0.1740420907735824585 -0.17231895029544830322 -0.16981256008148193359 -0.16517005860805511475 -0.15472677350044250488 -0.14013943076133728027 -0.12922620773315429688 -0.1226374506950378418 -0.12058202922344207764 -0.11833672225475311279 -0.11235082894563674927 -0.10055942833423614502 -0.050882678478956222534 0.08981192857027053833 0.20872282981872558594 0.20665316283702850342 0.13352176547050476074 0.0085965022444725036621 -0.11656611412763595581 -0.17796306312084197998 -0.18400117754936218262 -0.17825262248516082764 -0.16111616790294647217 -0.13710138201713562012 -0.12114216387271881104 -0.11546956747770309448 -0.12329728156328201294 -0.13611401617527008057 -0.15145613253116607666 -0.18805505335330963135 -0.24119232594966888428 -0.2873421013355255127 -0.3162936866283416748 -0.32631447911262512207 -0.33446973562240600586 -0.33896034955978393555 -0.32770058512687683105 -0.29796099662780761719 -0.257350921630859375 -0.22754012048244476318
-0.25084760785102844238 -0.17232844233512878418 -0.16214150190353393555 -0.16067944467067718506 -0.1587711721658706665 -0.15361599624156951904 -0.13513140380382537842 -0.11339040845632553101 -0.096225470304489135742 -0.086133472621440887451 -0.082753650844097137451 -0.065939977765083312988 -0.030290445312857627869 0.011060165241360664368 0.085368797183036804199 0.21400143206119537354 0.28827682137489318848 0.2554944455623626709 0.14473879337310791016 -0.00050338526489213109016 -0.12543815374374389648 -0.18076850473880767822 -0.18973073363304138184 -0.18674965202808380127 -0.17370979487895965576 -0.15505431592464447021 -0.14023436605930328369 -0.13496525585651397705 -0.14487688243389129639 -0.16104021668434143066 -0.18056438863277435303 -0.21758578717708587646 -0.25833353400230407715 -0.29090705513954162598 -0.31323191523551940918 -0.32370367646217346191 -0.33121332526206970215 -0.33605521917343139648 -0.33162155747413635254 -0.32124000787734985352 -0.29796576499938964844 -0.2745253443717956543
-0.36259061098098754883 -0.2708797156810760498 -0.16297696530818939209 -0.13914731144905090332 -0.13682606816291809082 -0.12906005978584289551 -0.10442343354225158691 -0.075315192341804504395 -0.046638913452625274658 -0.023687450215220451355 -0.011245714500546455383 0.031576447188854217529 0.11015257984399795532 0.18428556621074676514 0.25697550177574157715 0.30966654419898986816 0.29310446977615356445 0.23927414417266845703 0.12578900158405303955 -0.0042772041633725166321 -0.11489994078874588013 -0.16805619001388549805 -0.18558664619922637939 -0.18775124847888946533 -0.180108681321144104 -0.16801346838474273682 -0.15637396275997161865 -0.15597997605800628662 -0.1758791506290435791 -0.20301741361618041992 -0.22642458975315093994 -0.25724172592163085938 -0.27638614177703857422 -0.29407799243927001953 -0.3100229799747467041 -0.31828740239143371582 -0.32489514350891113281 -0.33040159940719604492 -0.33061996102333068848 -0.32891580462455749512 -0.32077005505561828613 -0.30785837769508361816
-0.41279903054237365723 -0.38801997900009155273 -0.2317933887243270874 -0.11836995184421539307 -0.10657855123281478882 -0.096880547702312469482 -0.073141090571880340576 -0.037035848945379257202 0.0069683012552559375763 0.04712268337607383728 0.069608949124813079834 0.12415605783462524414 0.21718187630176544189 0.29451906681060791016 0.33576998114585876465 0.31466981768608093262 0.25200542807579040527 0.19824633002281188965 0.098218768835067749023 -0.014478381723165512085 -0.10651209205389022827 -0.15572838485240936279 -0.17772571742534637451 -0.18370211124420166016 -0.18040773272514343262 -0.17171134054660797119 -0.16393584012985229492 -0.16657039523124694824 -0.19529414176940917969 -0.23123799264430999756 -0.25275588035583496094 -0.27426427602767944336 -0.28299865126609802246 -0.29297196865081787109 -0.30505293607711791992 -0.3106543421745300293 -0.31561487913131713867 -0.32120203971862792969 -0.32450115680694580078 -0.32433027029037475586 -0.31916558742523193359 -0.31027930974960327148
-0.39186027646064758301 -0.39110076427459716797 -0.33088105916976928711 -0.15936453640460968018 -0.085060663521289825439 -0.075267717242240905762 -0.051338385790586471558 0.0044809039682149887085 0.077436655759811401367 0.12817671895027160645 0.15076741576194763184 0.20249009132385253906 0.29534500837326049805 0.35405045747756958008 0.35318174958229064941 0.28735592961311340332 0.21135263144969940186 0.16149550676345825195 0.070928595960140228271 -0.028562558814883232117 -0.10225883126258850098 -0.14313474297523498535 -0.16685046255588531494 -0.17564180493354797363 -0.17888396978378295898 -0.17233793437480926514 -0.16643273830413818359 -0.16980782151222229004 -0.19781951606273651123 -0.23136615753173828125 -0.26225450634956359863 -0.27860772609710693359 -0.28362050652503967285 -0.29049882292747497559 -0.29772841930389404297 -0.30005440115928649902 -0.30429816246032714844 -0.31168916821479797363 -0.31742346286773681641 -0.3186054527759552002 -0.31519240140914916992 -0.30973342061042785645
-0.36806857585906982422 -0.37246900796890258789 -0.36408114433288574219 -0.26693972945213317871 -0.10803111642599105835 -0.057775240391492843628 -0.032288908958435058594 0.047526173293590545654 0.15689571201801300049 0.22263611853122711182 0.24086436629295349121 0.28433686494827270508 0.35308206081390380859 0.3687897026538848877 0.32873976230621337891 0.24738192558288574219 0.17482016980648040771 0.12845678627490997314 0.046500831842422485352 -0.039988446980714797974 -0.10214015841484069824 -0.13561084866523742676 -0.15737082064151763916 -0.16683147847652435303 -0.17433165013790130615 -0.16810840368270874023 -0.16328077018260955811 -0.16926191747188568115 -0.19523718953132629395 -0.22161118686199188232 -0.25828132033348083496 -0.27272626757621765137 -0.27768680453300476074 -0.28293219208717346191 -0.28729462623596191406 -0.28746077418327331543 -0.28983899950981140137 -0.30060029029846191406 -0.3124961555004119873 -0.31292337179183959961 -0.31032678484916687012 -0.30904987454414367676
-0.3424161076545715332 -0.34998273849487304688 -0.35094636678695678711 -0.32680818438529968262 -0.27578803896903991699 -0.14880734682083129883 -0.0092187710106372833252 0.10410022735595703125 0.23356832563877105713 0.32100224494934082031 0.34771803021430969238 0.37580567598342895508 0.39251968264579772949 0.35719293355941772461 0.29238292574882507324 0.2071183621883392334 0.13936051726341247559 0.095755100250244140625 0.021840469911694526672 -0.050094686448574066162 -0.10298036783933639526 -0.13028003275394439697 -0.1448958665132522583 -0.15230584144592285156 -0.15947371721267700195 -0.15634073317050933838 -0.15611763298511505127 -0.16675552725791931152 -0.19056144356727600098 -0.21020904183387756348 -0.23778876662254333496 -0.25187769532203674316 -0.26245862245559692383 -0.27234649658203125 -0.27466300129890441895 -0.27437821030616760254 -0.27669471502304077148 -0.28732311725616455078 -0.30313515663146972656 -0.3055845797061920166 -0.30247059464454650879 -0.30010661482810974121
-0.31758961081504821777 -0.32494261860847473145 -0.3253650963306427002 -0.31323191523551940918 -0.30525705218315124512 -0.25336822867393493652 -0.025624202564358711243 0.16080245375633239746 0.31166025996208190918 0.38431695103645324707 0.40197557210922241211 0.38619199395179748535 0.35057568550109863281 0.30446389317512512207 0.24432963132858276367 0.16387847065925598145 0.10092452168464660645 0.061857189983129501343 -0.0019844311755150556564 -0.062702566385269165039 -0.10329841077327728271 -0.12101874500513076782 -0.12847618758678436279 -0.13135284185409545898 -0.13453803956508636475 -0.13763304054737091064 -0.14531359076499938965 -0.1584199070930480957 -0.1775738149881362915 -0.18971648812294006348 -0.20271360874176025391 -0.21803674101829528809 -0.24075086414813995361 -0.26353618502616882324 -0.27185282111167907715 -0.27134490013122558594 -0.27118825912475585938 -0.27447786927223205566 -0.2845318913459777832 -0.28939276933670043945 -0.28959214687347412109 -0.2871284782886505127
-0.28477400541305541992 -0.29165706038475036621 -0.29024246335029602051 -0.28051599860191345215 -0.27293512225151062012 -0.24933807551860809326 -0.11057072877883911133 0.11982684582471847534 0.3533051908016204834 0.40342339873313903809 0.38422676920890808105 0.31269508600234985352 0.24235016107559204102 0.20277965068817138672 0.16064579784870147705 0.10138022899627685547 0.053597509860992431641 0.02424716949462890625 -0.02619858086109161377 -0.073326222598552703857 -0.10388702899217605591 -0.11818956583738327026 -0.11930985003709793091 -0.11683668941259384155 -0.11311034113168716431 -0.12053930759429931641 -0.13536401093006134033 -0.14509522914886474609 -0.14980420470237731934 -0.1574990004301071167 -0.17515762150287628174 -0.20245254039764404297 -0.23725710809230804443 -0.26824989914894104004 -0.27918684482574462891 -0.27725958824157714844 -0.27223733067512512207 -0.27115029096603393555 -0.27551746368408203125 -0.27902546525001525879 -0.28003653883934020996 -0.28028339147567749023
-0.23799288272857666016 -0.2533397376537322998 -0.25689995288848876953 -0.25266093015670776367 -0.25014504790306091309 -0.23155128955841064453 -0.14128343760967254639 0.048328407108783721924 0.28903633356094360352 0.38830912113189697266 0.35903948545455932617 0.26933178305625915527 0.18126176297664642334 0.12710864841938018799 0.086114063858985900879 0.046586278825998306274 0.012384561821818351746 -0.0055161560885608196259 -0.036024753004312515259 -0.071902140974998474121 -0.10463230311870574951 -0.12687647342681884766 -0.12547138333320617676 -0.12036366760730743408 -0.11339990049600601196 -0.12297923117876052856 -0.13854920864105224609 -0.14086095988750457764 -0.13163764774799346924 -0.13457600772380828857 -0.15574736893177032471 -0.19536535441875457764 -0.24351832270622253418 -0.2790444493293762207 -0.28879466652870178223 -0.28559997677803039551 -0.27746370434761047363 -0.27384179830551147461 -0.27434498071670532227 -0.27646210789680480957 -0.27696052193641662598 -0.27676117420196533203
-0.18325589597225189209 -0.21338948607444763184 -0.22463974356651306152 -0.2228501439094543457 -0.22188651561737060547 -0.209819793701171875 -0.12781636416912078857 0.028225107118487358093 0.18152759969234466553 0.32031393051147460938 0.34765157103538513184 0.25786790251731872559 0.15311239659786224365 0.078011035919189453125 0.029131773859262466431 -0.0024116558488458395004 -0.027964444831013679504 -0.038502655923366546631 -0.053925469517707824707 -0.079601675271987915039 -0.1185645759105682373 -0.14885006844997406006 -0.14997984468936920166 -0.14569810032844543457 -0.14112204313278198242 -0.15213020145893096924 -0.16230764985084533691 -0.15050674974918365479 -0.12851890921592712402 -0.12887968122959136963 -0.15043555200099945068 -0.19347131252288818359 -0.24668453633785247803 -0.27894002199172973633 -0.28636896610260009766 -0.28350183367729187012 -0.28084352612495422363 -0.27697953581809997559 -0.27531808614730834961 -0.27539405226707458496 -0.27609184384346008301 -0.27307754755020141602
-0.14953362941741943359 -0.18424326181411743164 -0.1950330585241317749 -0.1913731694221496582 -0.18710091710090637207 -0.17125563323497772217 -0.088910430669784545898 0.055605467408895492554 0.13861523568630218506 0.19948053359985351563 0.25872236490249633789 0.24182799458503723145 0.14067541062831878662 0.05910396575927734375 -0.00032300144084729254246 -0.039556477218866348267 -0.066329225897789001465 -0.076568379998207092285 -0.086427778005599975586 -0.10829693824052810669 -0.14435945451259613037 -0.16742010414600372314 -0.17577472329139709473 -0.17633011937141418457 -0.17763552069664001465 -0.19223237037658691406 -0.20263291895389556885 -0.18021786212921142578 -0.1482756882905960083 -0.1518643796443939209 -0.17766399681568145752 -0.20898433029651641846 -0.24064642190933227539 -0.25091880559921264648 -0.24806115031242370605 -0.24911497533321380615 -0.26728153228759765625 -0.28208249807357788086 -0.28175967931747436523 -0.27675166726112365723 -0.27389875054359436035 -0.26990658044815063477
