INPUT/RASTER/ASCII_standard/BIO09.asc
ncols        225
nrows        269
xllcorner    473009.983799999987
yllcorner    4429051.174800000153
cellsize     50.000000000000
NODATA_value  -9999
[rows 234 to 251 of 269, columns 84 to 125 of 225]
0.9933732151985168457 0.99709087610244750977 0.99957203865051269531 1.0022047758102416992 1.0047336816787719727 1.0075578689575195313 1.01583099365234375 1.0265214443206787109 1.0305502414703369141 1.0324410200119018555 1.0367809534072875977 1.0413204431533813477 1.0448546409606933594 1.0477186441421508789 1.051308751106262207 1.0538537502288818359 1.0576910972595214844 1.0604993104934692383 1.0639058351516723633 1.0677273273468017578 1.0695701837539672852 1.0645840167999267578 1.048253178596496582 1.0364538431167602539 1.0528484582901000977 1.0731601715087890625 1.0795904397964477539 1.0813215970993041992 1.0786809921264648438 1.0600844621658325195 1.0278776884078979492 1.0004894733428955078 0.95156097412109375 0.88382858037948608398 0.81284117698669433594 0.72997462749481201172 0.6902446746826171875 0.67064297199249267578 0.65913081169128417969 0.65268468856811523438 0.65177518129348754883 0.65733581781387329102
0.99371623992919921875 0.99756956100463867188 1.0001943111419677734 1.0031222105026245117 1.004765629768371582 1.0056352615356445313 1.0123845338821411133 1.02386474609375 1.0297923088073730469 1.0321538448333740234 1.0359034538269042969 1.0392700433731079102 1.0419107675552368164 1.0440967082977294922 1.0466337203979492188 1.0500402450561523438 1.0540690422058105469 1.0505907535552978516 1.0494179725646972656 1.0529043674468994141 1.0569171905517578125 1.05774688720703125 1.0537340641021728516 1.044758915901184082 1.0483808517456054688 1.0586324930191040039 1.062725067138671875 1.0644723176956176758 1.0612252950668334961 1.0422458648681640625 1.0130307674407958984 0.97677916288375854492 0.8989626765251159668 0.7958481907844543457 0.74378436803817749023 0.6956297755241394043 0.6795622706413269043 0.67441648244857788086 0.66716456413269042969 0.65946590900421142578 0.65805381536483764648 0.66678965091705322266
0.99103564023971557617 0.99481719732284545898 0.99780893325805664063 1.0010877847671508789 0.99647659063339233398 0.9911473393440246582 0.99549531936645507813 1.0062575340270996094 1.013884425163269043 1.0167484283447265625 1.0195965766906738281 1.0214394330978393555 1.0231148004531860352 1.0248540639877319336 1.0260426998138427734 1.0295370817184448242 1.033845067024230957 1.0308693647384643555 1.0310688018798828125 1.0354007482528686523 1.0405704975128173828 1.0439929962158203125 1.0460991859436035156 1.0456045866012573242 1.052593231201171875 1.0595738887786865234 1.0627012252807617188 1.0649908781051635742 1.0653020143508911133 1.0539175271987915039 1.030414581298828125 0.99330937862396240234 0.90853613615036010742 0.82886874675750732422 0.78892338275909423828 0.74710321426391601563 0.71778440475463867188 0.70296144485473632813 0.69005322456359863281 0.6787325739860534668 0.67406547069549560547 0.6806392669677734375
0.96972668170928955078 0.97056436538696289063 0.97306942939758300781 0.97906881570816040039 0.98077607154846191406 0.97913265228271484375 0.97932410240173339844 0.98933637142181396484 0.99950820207595825195 1.002994537353515625 1.0048933029174804688 1.0051804780960083008 1.006113886833190918 1.0076935291290283203 1.0085631608963012695 1.0115628242492675781 1.0162937641143798828 1.0208411216735839844 1.0270558595657348633 1.0327042341232299805 1.0387036800384521484 1.0436419248580932617 1.0490031242370605469 1.0504790544509887695 1.0552498102188110352 1.0607465505599975586 1.0635548830032348633 1.0659562349319458008 1.0693787336349487305 1.0666980743408203125 1.0520985126495361328 1.0266489982604980469 0.95827835798263549805 0.91642630100250244141 0.88816058635711669922 0.84292584657669067383 0.7883809208869934082 0.7463213801383972168 0.71740144491195678711 0.70039254426956176758 0.69035637378692626953 0.69296514987945556641
0.95696204900741577148 0.95554995536804199219 0.9568583369255065918 0.96435755491256713867 0.97411453723907470703 0.97777640819549560547 0.97574204206466674805 0.98557877540588378906 0.99685156345367431641 1.0008723735809326172 1.0026594400405883789 1.0027551651000976563 1.0032737255096435547 1.0047736167907714844 1.0059064626693725586 1.0082758665084838867 1.0125520229339599609 1.0178972482681274414 1.0248380899429321289 1.0307896137237548828 1.0361906290054321289 1.0418230295181274414 1.0499205589294433594 1.0538297891616821289 1.0578187704086303711 1.0621267557144165039 1.0654854774475097656 1.0674560070037841797 1.0695222616195678711 1.0675597190856933594 1.0554652214050292969 1.0366214513778686523 0.9812946319580078125 0.94818633794784545898 0.92572057247161865234 0.88672453165054321289 0.83066380023956298828 0.76976042985916137695 0.72604155540466308594 0.70778810977935791016 0.69752049446105957031 0.70253062248229980469
0.95483988523483276367 0.95510315895080566406 0.95637166500091552734 0.96225136518478393555 0.97021335363388061523 0.97309333086013793945 0.97473680973052978516 0.98480492830276489258 0.99425876140594482422 0.99796843528747558594 0.9996916651725769043 0.99979537725448608398 1.0002820491790771484 1.0015026330947875977 1.0025637149810791016 1.0052841901779174805 1.0100390911102294922 1.0168281793594360352 1.0244072675704956055 1.0305182933807373047 1.0352890491485595703 1.0406103134155273438 1.0498807430267333984 1.0555928945541381836 1.0591510534286499023 1.0626293420791625977 1.0656131505966186523 1.06560516357421875 1.0631558895111083984 1.0562551021575927734 1.0424373149871826172 1.0201390981674194336 0.96501970291137695313 0.93704122304916381836 0.91928237676620483398 0.88534438610076904297 0.8318843841552734375 0.76825261116027832031 0.72589790821075439453 0.71220785379409790039 0.70525109767913818359 0.715087890625
0.95334804058074951172 0.9552866816520690918 0.9571056365966796875 0.96229124069213867188 0.96810716390609741211 0.97047662734985351563 0.97586166858673095703 0.9862568974494934082 0.99357265233993530273 0.99630105495452880859 0.99712282419204711914 0.99685955047607421875 0.99764138460159301758 0.99927681684494018555 1.0007926225662231445 1.0037205219268798828 1.0099831819534301758 1.0189263820648193359 1.0267128944396972656 1.0320659875869750977 1.0357198715209960938 1.0404188632965087891 1.0492345094680786133 1.0553057193756103516 1.059031367301940918 1.0627809762954711914 1.0619752407073974609 1.057371973991394043 1.0474474430084228516 1.0341721773147583008 1.0178414583206176758 0.97577393054962158203 0.91978496313095092773 0.89491784572601318359 0.88076502084732055664 0.85068833827972412109 0.8020470738410949707 0.74975985288619995117 0.72289025783538818359 0.71661961078643798828 0.71562236547470092773 0.72737383842468261719
0.95303690433502197266 0.95568555593490600586 0.95794332027435302734 0.96351987123489379883 0.96913629770278930664 0.9716733098030090332 0.97783219814300537109 0.98812371492385864258 0.9942188262939453125 0.99567085504531860352 0.99472945928573608398 0.99425876140594482422 0.99627715349197387695 0.99848705530166625977 1.0002580881118774414 1.0044385194778442383 1.0133738517761230469 1.0231467485427856445 1.0299279689788818359 1.0339407920837402344 1.0365655422210693359 1.0404268503189086914 1.047878265380859375 1.054140925407409668 1.059430241584777832 1.0617598295211791992 1.0507184267044067383 1.0392382144927978516 1.0185754299163818359 0.99638885259628295898 0.97687488794326782227 0.92592000961303710938 0.86645269393920898438 0.83578562736511230469 0.81960642337799072266 0.79587215185165405273 0.76319462060928344727 0.73250365257263183594 0.72183716297149658203 0.72079205513000488281 0.72489273548126220703 0.73766535520553588867
0.95613235235214233398 0.95748859643936157227 0.95897245407104492188 0.96391075849533081055 0.96907246112823486328 0.97228759527206420898 0.97837471961975097656 0.9880040287971496582 0.99349284172058105469 0.99416297674179077148 0.99219244718551635742 0.99241584539413452148 0.99559903144836425781 0.99898964166641235352 1.0011755228042602539 1.0069276094436645508 1.0162218809127807617 1.0243433713912963867 1.0292977094650268555 1.0332627296447753906 1.0370841026306152344 1.0404747724533081055 1.046593785285949707 1.0536383390426635742 1.0603955984115600586 1.0551062822341918945 1.0277978181838989258 1.0076377391815185547 0.96913629770278930664 0.9303557276725769043 0.90559226274490356445 0.86082828044891357422 0.80819803476333618164 0.77161133289337158203 0.75241649150848388672 0.73726642131805419922 0.73105168342590332031 0.72770094871520996094 0.72778069972991943359 0.72853064537048339844 0.73286265134811401367 0.74597829580307006836
0.96203595399856567383 0.96070367097854614258 0.9604085087776184082 0.96354377269744873047 0.96770828962326049805 0.97156161069869995117 0.97676318883895874023 0.98392736911773681641 0.9878285527229309082 0.98955976963043212891 0.98961561918258666992 0.99232810735702514648 0.9967797398567199707 1.0010240077972412109 1.0038082599639892578 1.0090577602386474609 1.0148656368255615234 1.0187189579010009766 1.0224447250366210938 1.0293296575546264648 1.0371240377426147461 1.0412007570266723633 1.0470725297927856445 1.0552178621292114258 1.0608502626419067383 1.0435781478881835938 1.0012074708938598633 0.96982240676879882813 0.91402494907379150391 0.87255579233169555664 0.85441404581069946289 0.82196789979934692383 0.77867972850799560547 0.74501299858093261719 0.72706270217895507813 0.71637231111526489258 0.72293812036514282227 0.72988688945770263672 0.73296636343002319336 0.73467361927032470703 0.73677182197570800781 0.74899399280548095703
0.9666392207145690918 0.96387088298797607422 0.96231520175933837891 0.96450114250183105469 0.96843427419662475586 0.97234344482421875 0.97717005014419555664 0.98244345188140869141 0.98475706577301025391 0.98617714643478393555 0.9871743321418762207 0.99139463901519775391 0.99764138460159301758 1.0030982494354248047 1.0063852071762084961 1.0100948810577392578 1.0135573148727416992 1.0157910585403442383 1.0199874639511108398 1.0292657613754272461 1.0390466451644897461 1.0438573360443115234 1.0511651039123535156 1.059254765510559082 1.0627969503402709961 1.0477985143661499023 1.0075260400772094727 0.97120261192321777344 0.89977639913558959961 0.85530751943588256836 0.83714985847473144531 0.81367087364196777344 0.7832590937614440918 0.75357329845428466797 0.72821152210235595703 0.71358007192611694336 0.72158986330032348633 0.73434650897979736328 0.73961991071701049805 0.73991513252258300781 0.73915719985961914063 0.75322228670120239258
0.97191262245178222656 0.96884113550186157227 0.96623235940933227539 0.96647965908050537109 0.96937566995620727539 0.97322899103164672852 0.97760885953903198242 0.98166161775588989258 0.9830258488655090332 0.98346465826034545898 0.98454165458679199219 0.99042934179306030273 0.9983513951301574707 1.0048055648803710938 1.0078530311584472656 1.0103023052215576172 1.0127435922622680664 1.0158709287643432617 1.0216150283813476563 1.0319702625274658203 1.0421899557113647461 1.0469288825988769531 1.0541887283325195313 1.0613847970962524414 1.0649111270904541016 1.0566380023956298828 1.0304065942764282227 1.0038880109786987305 0.94876873493194580078 0.9050019383430480957 0.8623600006103515625 0.8414738774299621582 0.82340389490127563477 0.79923880100250244141 0.75673252344131469727 0.73133885860443115234 0.73263126611709594727 0.74719893932342529297 0.75177025794982910156 0.74733453989028930664 0.74348121881484985352 0.75992369651794433594
0.97586965560913085938 0.97389113903045654297 0.97164934873580932617 0.97008568048477172852 0.97078776359558105469 0.97413045167922973633 0.97798383235931396484 0.98016178607940673828 0.98048889636993408203 0.98035323619842529297 0.98065638542175292969 0.98804396390914916992 0.99968373775482177734 1.0063930749893188477 1.0088583230972290039 1.0100549459457397461 1.0132142305374145508 1.0177935361862182617 1.0253884792327880859 1.0368448495864868164 1.0464262962341308594 1.0500562191009521484 1.05582427978515625 1.0625895261764526367 1.0668097734451293945 1.0646877288818359375 1.0535824298858642578 1.0410013198852539063 1.0105336904525756836 0.97331672906875610352 0.92296016216278076172 0.89817285537719726563 0.88622993230819702148 0.86852693557739257813 0.82749658823013305664 0.78810966014862060547 0.76780587434768676758 0.77916640043258666992 0.77974081039428710938 0.76697617769241333008 0.75543212890625 0.76849997043609619141
0.97832685708999633789 0.97748917341232299805 0.97645205259323120117 0.97432994842529296875 0.97298961877822875977 0.97522348165512084961 0.97811144590377807617 0.97886139154434204102 0.97847044467926025391 0.97734558582305908203 0.97687488794326782227 0.98525965213775634766 0.99982732534408569336 1.0063772201538085938 1.0080126523971557617 1.0099911689758300781 1.0149135589599609375 1.0221256017684936523 1.0318427085876464844 1.0429079532623291016 1.0502237081527709961 1.0511491298675537109 1.0535664558410644531 1.0613847970962524414 1.0679107904434204102 1.0706790685653686523 1.0697935819625854492 1.0667300224304199219 1.054452061653137207 1.0227478742599487305 0.98659992218017578125 0.96926397085189819336 0.9613259434700012207 0.95194393396377563477 0.92430847883224487305 0.88175427913665771484 0.84421026706695556641 0.84381139278411865234 0.83419001102447509766 0.810009002685546875 0.78290009498596191406 0.78287613391876220703
0.97983467578887939453 0.97952353954315185547 0.97943580150604248047 0.9779758453369140625 0.97672331333160400391 0.97819918394088745117 0.97933208942413330078 0.97936397790908813477 0.9786459803581237793 0.97639620304107666016 0.97618877887725830078 0.98095160722732543945 0.991729736328125 0.99791264533996582031 0.99981135129928588867 1.0070872306823730469 1.0175861120223999023 1.0275824069976806641 1.0365815162658691406 1.0426287651062011719 1.0454369783401489258 1.044671177864074707 1.0447509288787841797 1.0534149408340454102 1.0633394718170166016 1.0699770450592041016 1.0741654634475708008 1.0756413936614990234 1.0715487003326416016 1.0440169572830200195 1.0287631750106811523 1.0264097452163696289 1.0247662067413330078 1.0211442708969116211 1.0065207481384277344 0.97695463895797729492 0.94044774770736694336 0.9187558293342590332 0.89242875576019287109 0.86334127187728881836 0.82511913776397705078 0.805206298828125
0.98160576820373535156 0.98131859302520751953 0.98155790567398071289 0.98280245065689086914 0.98465335369110107422 0.98604148626327514648 0.98417466878890991211 0.98254716396331787109 0.98183715343475341797 0.97939592599868774414 0.97788804769515991211 0.97891724109649658203 0.98433423042297363281 0.98892152309417724609 0.99109148979187011719 1.0029785633087158203 1.0190062522888183594 1.0291380882263183594 1.035065770149230957 1.0354007482528686523 1.0350258350372314453 1.0352332592010498047 1.0372517108917236328 1.0455167293548583984 1.0556886196136474609 1.0639537572860717773 1.0696339607238769531 1.0718438625335693359 1.0614327192306518555 1.0424772500991821289 1.0430835485458374023 1.0476948022842407227 1.0513007640838623047 1.0516916513442993164 1.0472080707550048828 1.0294492244720458984 0.99685156345367431641 0.96413415670394897461 0.92390954494476318359 0.89259630441665649414 0.85230785608291625977 0.8201968073844909668
0.98421454429626464844 0.98426240682601928711 0.98485279083251953125 0.98861038684844970703 0.9924716949462890625 0.99327743053436279297 0.99029374122619628906 0.98788440227508544922 0.98695898056030273438 0.9841906428337097168 0.98080003261566162109 0.980464935302734375 0.98340880870819091797 0.98691904544830322266 0.98917680978775024414 1.0013909339904785156 1.0181126594543457031 1.0264894962310791016 1.0287073850631713867 1.0259709358215332031 1.0253884792327880859 1.0276383161544799805 1.0339967012405395508 1.0431792736053466797 1.0511810779571533203 1.0573559999465942383 1.062661290168762207 1.0640654563903808594 1.0454369783401489258 1.0298562049865722656 1.0390626192092895508 1.0449503660202026367 1.0505030155181884766 1.0535426139831542969 1.05582427978515625 1.0464980602264404297 1.0218462944030761719 0.99243974685668945313 0.94509088993072509766 0.90241706371307373047 0.84939593076705932617 0.81600040197372436523
0.98726212978363037109 0.98847472667694091797 0.99038946628570556641 0.9948012232780456543 0.99790465831756591797 0.9979445338249206543 0.99581444263458251953 0.99386781454086303711 0.99267113208770751953 0.98934435844421386719 0.98565059900283813477 0.98462939262390136719 0.98578619956970214844 0.98835510015487670898 0.99137073755264282227 1.0016862154006958008 1.0170037746429443359 1.0247741937637329102 1.0241359472274780273 1.0172271728515625 1.0162698030471801758 1.0209847688674926758 1.0323293209075927734 1.0447827577590942383 1.0547951459884643555 1.0594462156295776367 1.0607147216796875 1.0600525140762329102 1.0389509201049804688 1.0222373008728027344 1.031962275505065918 1.036812901496887207 1.0416235923767089844 1.0466177463531494141 1.0551062822341918945 1.0499045848846435547 1.0314277410507202148 1.0100311040878295898 0.96414214372634887695 0.91612315177917480469 0.86264723539352416992 0.84241527318954467773
