INPUT/RASTER/ASCII_standard/BIO08.asc
ncols        225
nrows        269
xllcorner    473009.983799999987
yllcorner    4429051.174800000153
cellsize     50.000000000000
NODATA_value  -9999
[rows 108 to 125 of 269, columns 0 to 41 of 225]
-9999 -9999 -9999 -9999 -9999 -9999 -9999 -9999 -9999 -9999 0.37428572773933410645 0.3145554661750793457 0.2282101362943649292 0.19081461429595947266 0.17865139245986938477 0.165582314133644104 0.16010810434818267822 0.15419597923755645752 0.15262120962142944336 0.15155336260795593262 0.14163981378078460693 0.12619808316230773926 0.11057037115097045898 0.080763734877109527588 0.030236138030886650085 -0.066403701901435852051 -0.15616855025291442871 -0.2100976407527923584 -0.24310481548309326172 -0.28927704691886901855 -0.34685659408569335938 -0.39290285110473632813 -0.41321587562561035156 -0.41932898759841918945 -0.42087677121162414551 -0.42525911331176757813 -0.4399509727954864502 -0.46696200966835021973 -0.49604275822639465332 -0.51172143220901489258 -0.51000267267227172852 -0.49177736043930053711
-9999 -9999 -9999 -9999 -9999 -9999 -9999 -9999 0.57187277078628540039 0.55889970064163208008 0.4337939918041229248 0.34471306204795837402 0.25779479742050170898 0.21979336440563201904 0.2080440819263458252 0.20461858808994293213 0.2064123302698135376 0.20834104716777801514 0.20832604169845581055 0.20930390059947967529 0.19783358275890350342 0.17459598183631896973 0.14821185171604156494 0.10116374492645263672 0.046496756374835968018 -0.039677616208791732788 -0.12240549176931381226 -0.16962458193302154541 -0.19853733479976654053 -0.24932590126991271973 -0.30907115340232849121 -0.36202839016914367676 -0.3901882469654083252 -0.40095669031143188477 -0.40311637520790100098 -0.40573796629905700684 -0.41780221462249755859 -0.44065886735916137695 -0.46409744024276733398 -0.47683057188987731934 -0.47785940766334533691 -0.46255865693092346191
-9999 -9999 -9999 -9999 -9999 -9999 -9999 0.69605159759521484375 0.65244996547698974609 0.56413692235946655273 0.48316678404808044434 0.37026932835578918457 0.29223874211311340332 0.25833472609519958496 0.25090479850769042969 0.25230860710144042969 0.25605803728103637695 0.26160123944282531738 0.26043441891670227051 0.26757636666297912598 0.25441730022430419922 0.21747170388698577881 0.17823144793510437012 0.11525568366050720215 0.053719699382781982422 -0.023917926475405693054 -0.095307461917400360107 -0.13770624995231628418 -0.16398540139198303223 -0.20696310698986053467 -0.26069423556327819824 -0.31651005148887634277 -0.35350063443183898926 -0.3703161776065826416 -0.37607833743095397949 -0.38253039121627807617 -0.39511653780937194824 -0.41057026386260986328 -0.42651593685150146484 -0.43390986323356628418 -0.43288400769233703613 -0.42192059755325317383
-9999 -9999 -9999 -9999 -9999 -9999 -9999 0.79035478830337524414 0.68420928716659545898 0.57744896411895751953 0.50641936063766479492 0.40898165106773376465 0.34263136982917785645 0.31044909358024597168 0.29947367310523986816 0.29875677824020385742 0.30408400297164916992 0.31718310713768005371 0.32038661837577819824 0.32081255316734313965 0.29445242881774902344 0.24975296854972839355 0.20316679775714874268 0.13077840209007263184 0.062316440045833587646 -0.0065834657289087772369 -0.068434402346611022949 -0.10897646099328994751 -0.13112822175025939941 -0.164594307541847229 -0.21227532625198364258 -0.26262596249580383301 -0.30160823464393615723 -0.32381698489189147949 -0.33433943986892700195 -0.34810441732406616211 -0.36606580018997192383 -0.37917387485504150391 -0.38715571165084838867 -0.38525998592376708984 -0.3808746337890625 -0.37354069948196411133
-9999 -9999 -9999 -9999 -9999 -9999 -9999 0.80244600772857666016 0.69650149345397949219 0.59119296073913574219 0.5339673161506652832 0.45637169480323791504 0.40394836664199829102 0.3716221153736114502 0.34801858663558959961 0.33650326728820800781 0.34756863117218017578 0.374408721923828125 0.37384778261184692383 0.35019025206565856934 0.30379906296730041504 0.2576688230037689209 0.21484708786010742188 0.15090546011924743652 0.090230345726013183594 0.022845221683382987976 -0.039872586727142333984 -0.080135688185691833496 -0.10203848034143447876 -0.13813519477844238281 -0.1801710277795791626 -0.22145098447799682617 -0.255702972412109375 -0.27921050786972045898 -0.29175469279289245605 -0.30866020917892456055 -0.33172982931137084961 -0.35226780176162719727 -0.35896882414817810059 -0.35173389315605163574 -0.34537181258201599121 -0.33796590566635131836
-9999 -9999 -9999 -9999 -9999 -9999 -9999 0.81976544857025146484 0.71098941564559936523 0.60875236988067626953 0.55780482292175292969 0.49311631917953491211 0.45189034938812255859 0.42655006051063537598 0.41354697942733764648 0.40836372971534729004 0.42349952459335327148 0.45505487918853759766 0.43458887934684753418 0.37343683838844299316 0.30671462416648864746 0.2613792717456817627 0.22752022743225097656 0.1801061779260635376 0.13390994071960449219 0.067826628684997558594 -0.0019821401219815015793 -0.042560193687677383423 -0.065761797130107879639 -0.10706873983144760132 -0.14960850775241851807 -0.19085846841335296631 -0.22053910791873931885 -0.24179400503635406494 -0.25506705045700073242 -0.2701638340950012207 -0.29447826743125915527 -0.32128235697746276855 -0.33028402924537658691 -0.3228931128978729248 -0.31633007526397705078 -0.3080482780933380127
-9999 -9999 -9999 -9999 -9999 -9999 0.88317018747329711914 0.82713836431503295898 0.71219223737716674805 0.61931979656219482422 0.57467734813690185547 0.52427875995635986328 0.49619385600090026855 0.491424560546875 0.50397771596908569336 0.51038777828216552734 0.52356487512588500977 0.53512513637542724609 0.48232990503311157227 0.38760977983474731445 0.30786344408988952637 0.26649051904678344727 0.24348089098930358887 0.21275939047336578369 0.18133600056171417236 0.12699295580387115479 0.055183485150337219238 0.011980813927948474884 -0.012819551862776279449 -0.06236329302191734314 -0.11276190727949142456 -0.16007997095584869385 -0.18913371860980987549 -0.20628820359706878662 -0.21777352690696716309 -0.23538394272327423096 -0.26273992657661437988 -0.28635248541831970215 -0.29357540607452392578 -0.2920246422290802002 -0.28928902745246887207 -0.27964544296264648438
-9999 -9999 -9999 -9999 -9999 -9999 0.87405449151992797852 0.80305486917495727539 0.67712432146072387695 0.60889935493469238281 0.57474035024642944336 0.5412082672119140625 0.53222155570983886719 0.55359047651290893555 0.58439594507217407227 0.59311264753341674805 0.59445947408676147461 0.57028299570083618164 0.49441811442375183105 0.38823667168617248535 0.30713757872581481934 0.27464631199836730957 0.2611243128776550293 0.24568256735801696777 0.22987788915634155273 0.20235392451286315918 0.14714100956916809082 0.099241025745868682861 0.061314586549997329712 -0.0072913621552288532257 -0.066328711807727813721 -0.11968789249658584595 -0.15080533921718597412 -0.16751588881015777588 -0.17952913045883178711 -0.20247276127338409424 -0.23255234956741333008 -0.25579595565795898438 -0.25948539376258850098 -0.25570595264434814453 -0.25525003671646118164 -0.25083166360855102539
-9999 -9999 -9999 -9999 -9999 -9999 0.84377092123031616211 0.77122056484222412109 0.65474760532379150391 0.60772049427032470703 0.58188831806182861328 0.55705791711807250977 0.56569969654083251953 0.60954123735427856445 0.64982533454895019531 0.65280389785766601563 0.62699270248413085938 0.57350450754165649414 0.49340727925300598145 0.39466774463653564453 0.31776201725006103516 0.28660556674003601074 0.27723196148872375488 0.27045893669128417969 0.27108284831047058105 0.27963760495185852051 0.26102530956268310547 0.21618188917636871338 0.167559012770652771 0.087620727717876434326 0.01199581194669008255 -0.056022223085165023804 -0.092712841928005218506 -0.11872203648090362549 -0.13643144071102142334 -0.15821725130081176758 -0.1905914992094039917 -0.21263226866722106934 -0.21051158010959625244 -0.19779345393180847168 -0.19533680379390716553 -0.19503085315227508545
-9999 -9999 -9999 -9999 -9999 -9999 0.83442729711532592773 0.81297743320465087891 0.75080853700637817383 0.69033139944076538086 0.65574347972869873047 0.6275056004524230957 0.68670797348022460938 0.77664077281951904297 0.76840996742248535156 0.71377295255661010742 0.62896043062210083008 0.55003899335861206055 0.48194295167922973633 0.41100934147834777832 0.35031324625015258789 0.32436704635620117188 0.3179149925708770752 0.3138535916805267334 0.32383912801742553711 0.34657877683639526367 0.35920393466949462891 0.34590089321136474609 0.3225193023681640625 0.27656605839729309082 0.19079361855983734131 0.070232279598712921143 -0.004744735080748796463 -0.043217096477746963501 -0.078518927097320556641 -0.12012882530689239502 -0.15083533525466918945 -0.16601011157035827637 -0.15916210412979125977 -0.14438328146934509277 -0.14266452193260192871 -0.14521415531635284424
-9999 -9999 -9999 -9999 -9999 -9999 -9999 0.82768726348876953125 0.81689786911010742188 0.78448760509490966797 0.75890433788299560547 0.74746102094650268555 0.81954348087310791016 0.87219178676605224609 0.79266744852066040039 0.70433938503265380859 0.60462796688079833984 0.52205306291580200195 0.46696314215660095215 0.41798931360244750977 0.37168809771537780762 0.3509311378002166748 0.34343224763870239258 0.34457507729530334473 0.36660084128379821777 0.3969503939151763916 0.41759037971496582031 0.41957908868789672852 0.41402089595794677734 0.38936153054237365723 0.31664615869522094727 0.1772086024284362793 0.053572718054056167603 -0.0049277083016932010651 -0.049375195056200027466 -0.097215183079242706299 -0.11635837703943252563 -0.12225551903247833252 -0.11611241847276687622 -0.10553596913814544678 -0.1079836040735244751 -0.11472062021493911743
-9999 -9999 -9999 -9999 -9999 -9999 -9999 -9999 0.84344696998596191406 0.84296107292175292969 0.83985048532485961914 0.84630256891250610352 0.88607972860336303711 0.88342511653900146484 0.76787304878234863281 0.67208808660507202148 0.58188527822494506836 0.50772714614868164063 0.45805746316909790039 0.41791132092475891113 0.38086077570915222168 0.3579591214656829834 0.35115611553192138672 0.36005580425262451172 0.39497068524360656738 0.43889626860618591309 0.46101200580596923828 0.46224182844161987305 0.4544639885425567627 0.42592316865921020508 0.35781812667846679688 0.22467364370822906494 0.081912569701671600342 0.010939965955913066864 -0.032259702682495117188 -0.070402115583419799805 -0.077724039554595947266 -0.074310541152954101563 -0.069604232907295227051 -0.067363560199737548828 -0.076053284108638763428 -0.089764274656772613525
-9999 -9999 -9999 -9999 -9999 -9999 -9999 -9999 0.85830980539321899414 0.86008256673812866211 0.88672465085983276367 0.90177643299102783203 0.91558939218521118164 0.88759148120880126953 0.77146053314208984375 0.67743331193923950195 0.58381104469299316406 0.50973087549209594727 0.46052607893943786621 0.42540124058723449707 0.39376786351203918457 0.36802563071250915527 0.36282140016555786133 0.3804168403148651123 0.42490032315254211426 0.4803981781005859375 0.50965589284896850586 0.51105970144271850586 0.49645182490348815918 0.45579877495765686035 0.37785521149635314941 0.24887710809707641602 0.10434027761220932007 0.032872751355171203613 -0.0045677614398300647736 -0.035442236810922622681 -0.03259565308690071106 -0.019058637320995330811 -0.015777118504047393799 -0.027214443311095237732 -0.045232802629470825195 -0.067819491028785705566
-9999 -9999 -9999 -9999 -9999 -9999 -9999 -9999 -9999 -9999 0.9055048823356628418 0.92423415184020996094 0.93061721324920654297 0.90264028310775756836 0.80452466011047363281 0.71418994665145874023 0.60615175962448120117 0.52175009250640869141 0.47159147262573242188 0.44301164150238037109 0.42345753312110900879 0.40510320663452148438 0.40074184536933898926 0.4224796593189239502 0.46945577859878540039 0.52815115451812744141 0.56157529354095458984 0.55584913492202758789 0.53658592700958251953 0.48519447445869445801 0.39355790615081787109 0.26399189233779907227 0.12716093659400939941 0.057418156415224075317 0.024533974006772041321 -0.0018321621464565396309 0.0056967348791658878326 0.020481567829847335815 0.016792109236121177673 -0.0066224602051079273224 -0.029965039342641830444 -0.054429456591606140137
-9999 -9999 -9999 -9999 -9999 -9999 -9999 -9999 -9999 -9999 -9999 0.93149006366729736328 0.9346936345100402832 0.91077810525894165039 0.82473570108413696289 0.74261677265167236328 0.62576889991760253906 0.53633999824523925781 0.48760312795639038086 0.47112953662872314453 0.47414708137512207031 0.4743060767650604248 0.47782155871391296387 0.49826055765151977539 0.53202962875366210938 0.57565522193908691406 0.59966367483139038086 0.58804041147232055664 0.56501275300979614258 0.50412172079086303711 0.40646502375602722168 0.27473330497741699219 0.14382049441337585449 0.07434167712926864624 0.044376067817211151123 0.023577114567160606384 0.02798646874725818634 0.037363093346357345581 0.031324978917837142944 0.0095871649682521820068 -0.010038959793746471405 -0.030747925862669944763
-9999 -9999 -9999 -9999 -9999 -9999 -9999 -9999 -9999 -9999 -9999 -9999 0.93588745594024658203 0.91443455219268798828 0.83550113439559936523 0.75600981712341308594 0.63333374261856079102 0.54280102252960205078 0.50579243898391723633 0.51098769903182983398 0.53867363929748535156 0.56060940027236938477 0.57693600654602050781 0.59353858232498168945 0.60724061727523803711 0.61988973617553710938 0.62286227941513061523 0.60937029123306274414 0.58004659414291381836 0.49886947870254516602 0.39788925647735595703 0.27524325251579284668 0.15688657760620117188 0.10128372907638549805 0.079539917409420013428 0.06542698293924331665 0.057937078177928924561 0.057472147047519683838 0.047396622598171234131 0.033052727580070495605 0.025205876678228378296 0.01362157333642244339
-9999 -9999 -9999 -9999 -9999 -9999 -9999 -9999 -9999 -9999 -9999 -9999 0.93485856056213378906 0.90899038314819335938 0.84312599897384643555 0.76497548818588256836 0.64121961593627929688 0.55071085691452026367 0.52515459060668945313 0.5396124720573425293 0.58004957437515258789 0.61221385002136230469 0.63236790895462036133 0.6459859013557434082 0.64988535642623901367 0.64765965938568115234 0.63833403587341308594 0.61919385194778442383 0.58364003896713256836 0.47592884302139282227 0.36292940378189086914 0.25436329841613769531 0.15528781712055206299 0.11547765135765075684 0.10408531874418258667 0.092483021318912506104 0.077365234494209289551 0.070166289806365966797 0.060870651155710220337 0.04810152202844619751 0.044646028429269790649 0.039681755006313323975
-9999 -9999 -9999 -9999 -9999 -9999 -9999 -9999 -9999 -9999 -9999 -9999 -9999 0.90000969171524047852 0.85877776145935058594 0.77878844738006591797 0.65110617876052856445 0.56771838665008544922 0.54550063610076904297 0.56785935163497924805 0.62382817268371582031 0.6692295074462890625 0.68842071294784545898 0.69141125679016113281 0.68248456716537475586 0.67056131362915039063 0.65237200260162353516 0.63120108842849731445 0.5824222564697265625 0.43921720981597900391 0.32136747241020202637 0.23900555074214935303 0.16282270848751068115 0.13286609947681427002 0.12440734356641769409 0.11124227195978164673 0.097339309751987457275 0.095254614949226379395 0.085722006857395172119 0.068687506020069122314 0.061701528728008270264 0.052660852670669555664
