INPUT/RASTER/ASCII_standard/BIO18.asc
ncols        225
nrows        269
xllcorner    473009.983799999987
yllcorner    4429051.174800000153
cellsize     50.000000000000
NODATA_value  -9999
[rows 152 to 170 of 269, columns 84 to 125 of 225]
-0.0061886161565780639648 0.0066527328453958034515 0.021745948120951652527 0.035957731306552886963 0.043584231287240982056 0.043442886322736740112 0.032339818775653839111 0.01495435275137424469 -0.0059094373136758804321 -0.022905107587575912476 -0.03195120394229888916 -0.066019803285598754883 -0.13715334236621856689 -0.20625185966491699219 -0.26682224869728088379 -0.29808852076530456543 -0.26446241140365600586 -0.2011204063892364502 -0.075261674821376800537 0.077809095382690429688 0.21315288543701171875 0.29119127988815307617 0.32905951142311096191 0.34328183531761169434 0.34872934222221374512 0.35083281993865966797 0.3517011106014251709 0.36317902803421020508 0.39982873201370239258 0.44279944896697998047 0.47568899393081665039 0.5193207859992980957 0.55394423007965087891 0.58647555112838745117 0.61674541234970092773 0.63415545225143432617 0.65098869800567626953 0.67126607894897460938 0.68710196018218994141 0.69944816827774047852 0.70581400394439697266 0.70356917381286621094
-0.036806985735893249512 -0.02288403734564781189 -0.0087407324463129043579 0.0047783716581761837006 0.010377750732004642487 0.0090547241270542144775 -0.0014030693564563989639 -0.028080450370907783508 -0.068544700741767883301 -0.10381956398487091064 -0.12307675927877426147 -0.16606064140796661377 -0.24890476465225219727 -0.31777238845825195313 -0.34553751349449157715 -0.30513998866081237793 -0.2233362048864364624 -0.15656593441963195801 -0.043343104422092437744 0.091760136187076568604 0.2064403146505355835 0.27690663933753967285 0.31793099641799926758 0.33629885315895080566 0.34692960977554321289 0.35271510481834411621 0.3573189079761505127 0.37180548906326293945 0.41514757275581359863 0.46489846706390380859 0.49976509809494018555 0.53541833162307739258 0.5599492192268371582 0.58474957942962646484 0.61009430885314941406 0.62423145771026611328 0.63928252458572387695 0.65979337692260742188 0.67859667539596557617 0.69296211004257202148 0.70187127590179443359 0.70401686429977416992
-0.062319364398717880249 -0.045993547886610031128 -0.03258594125509262085 -0.01993510127067565918 -0.015238224528729915619 -0.015114437788724899292 -0.025281639769673347473 -0.071735069155693054199 -0.14489309489727020264 -0.19577650725841522217 -0.21537697315216064453 -0.25425305962562561035 -0.33129763603210449219 -0.37669581174850463867 -0.36109074950218200684 -0.27738189697265625 -0.18109679222106933594 -0.117320232093334198 -0.013525401242077350616 0.1075592041015625 0.20425516366958618164 0.26436290144920349121 0.30530121922492980957 0.32610091567039489746 0.34288763999938964844 0.35124722123146057129 0.35760423541069030762 0.37349373102188110352 0.41503605246543884277 0.45908573269844055176 0.50471830368041992188 0.53748404979705810547 0.55857437849044799805 0.58042669296264648438 0.6011587977409362793 0.61172372102737426758 0.62537276744842529297 0.64785277843475341797 0.67017656564712524414 0.68583953380584716797 0.6963341832160949707 0.70216536521911621094
-0.090251296758651733398 -0.069301471114158630371 -0.053779829293489456177 -0.042921703308820724487 -0.038153715431690216064 -0.037331104278564453125 -0.049019742757081985474 -0.11741065233945846558 -0.22556699812412261963 -0.29763638973236083984 -0.31803312897682189941 -0.3480027318000793457 -0.39588013291358947754 -0.39444211125373840332 -0.3378486931324005127 -0.23613540828227996826 -0.14226546883583068848 -0.082239389419555664063 0.013353024609386920929 0.12046375870704650879 0.20498470962047576904 0.25710776448249816895 0.29419553279876708984 0.31464844942092895508 0.33465713262557983398 0.34427213668823242188 0.35221555829048156738 0.37136301398277282715 0.41099762916564941406 0.44693532586097717285 0.49581795930862426758 0.52760660648345947266 0.5494009852409362793 0.57099783420562744141 0.58883720636367797852 0.59729421138763427734 0.60938405990600585938 0.63417124748229980469 0.66269576549530029297 0.6790409088134765625 0.68962335586547851563 0.69853073358535766602
-0.12011113762855529785 -0.096652217209339141846 -0.07860304415225982666 -0.072774522006511688232 -0.069916017353534698486 -0.070892259478569030762 -0.094578564167022705078 -0.18546620011329650879 -0.30891591310501098633 -0.39649027585983276367 -0.42468911409378051758 -0.43522241711616516113 -0.42941406369209289551 -0.37992042303085327148 -0.29975393414497375488 -0.19300930202007293701 -0.10332178324460983276 -0.046771384775638580322 0.040393866598606109619 0.13301363587379455566 0.20601890981197357178 0.25030124187469482422 0.27941572666168212891 0.29629111289978027344 0.31494870781898498535 0.32811048626899719238 0.34180077910423278809 0.36590674519538879395 0.40389612317085266113 0.43265506625175476074 0.4698060452938079834 0.49954122304916381836 0.52834314107894897461 0.55771750211715698242 0.57634526491165161133 0.5842711329460144043 0.59595358371734619141 0.61866104602813720703 0.64845502376556396484 0.66730314493179321289 0.67862391471862792969 0.68654626607894897461
-0.15633328258991241455 -0.13282957673072814941 -0.11618419736623764038 -0.11320804804563522339 -0.11225638538599014282 -0.11827892065048217773 -0.1693712770938873291 -0.28410762548446655273 -0.39806002378463745117 -0.46076112985610961914 -0.46853071451187133789 -0.43012782931327819824 -0.36809042096138000488 -0.30657976865768432617 -0.23436376452445983887 -0.13795663416385650635 -0.057099249213933944702 -0.0071648638695478439331 0.068511918187141418457 0.14765648543834686279 0.207067146897315979 0.24162562191486358643 0.2626711428165435791 0.27361530065536499023 0.28689122200012207031 0.30492284893989562988 0.32745468616485595703 0.35381424427032470703 0.38470301032066345215 0.40570464730262756348 0.43231090903282165527 0.46417152881622314453 0.50595706701278686523 0.54880309104919433594 0.57426810264587402344 0.58222115039825439453 0.59083884954452514648 0.60650181770324707031 0.62954199314117431641 0.64901775121688842773 0.66333317756652832031 0.67226511240005493164
-0.2042300105094909668 -0.17854642868041992188 -0.16207575798034667969 -0.1568301767110824585 -0.15448173880577087402 -0.16196514666080474854 -0.23168873786926269531 -0.3621082603931427002 -0.46329566836357116699 -0.48402690887451171875 -0.45213556289672851563 -0.36539959907531738281 -0.26631656289100646973 -0.20265941321849822998 -0.14369736611843109131 -0.069710582494735717773 -0.0061157485470175743103 0.032530330121517181396 0.09229303896427154541 0.15671047568321228027 0.20737792551517486572 0.24070380628108978271 0.25655466318130493164 0.2620258629322052002 0.2689597010612487793 0.28959259390830993652 0.31838312745094299316 0.34139782190322875977 0.35756385326385498047 0.3719933629035949707 0.40244668722152709961 0.44660523533821105957 0.50224345922470092773 0.55398195981979370117 0.58191651105880737305 0.5887801051139831543 0.5928738713264465332 0.60415250062942504883 0.6216055750846862793 0.6389840245246887207 0.65365058183670043945 0.66450345516204833984
-0.25971722602844238281 -0.22440725564956665039 -0.20112568140029907227 -0.19095496833324432373 -0.1853529512882232666 -0.18970832228660583496 -0.2599779963493347168 -0.39845418930053710938 -0.4933916926383972168 -0.48925316333770751953 -0.43349289894104003906 -0.32936620712280273438 -0.2116054147481918335 -0.13059614598751068115 -0.067994244396686553955 -0.010558906011283397675 0.038512479513883590698 0.06603968888521194458 0.10639595985412597656 0.15744441747665405273 0.20951303839683532715 0.25129854679107666016 0.26689130067825317383 0.27022036910057067871 0.27499276399612426758 0.29717957973480224609 0.32590952515602111816 0.34063225984573364258 0.34226784110069274902 0.35072574019432067871 0.38333523273468017578 0.43777859210968017578 0.50613349676132202148 0.56247407197952270508 0.58914357423782348633 0.59494751691818237305 0.59761375188827514648 0.60684949159622192383 0.62063813209533691406 0.63612729310989379883 0.65026444196701049805 0.66012960672378540039
-0.31627291440963745117 -0.26796004176139831543 -0.23705108463764190674 -0.22478125989437103271 -0.21911954879760742188 -0.22017656266689300537 -0.2845509946346282959 -0.42665213346481323242 -0.51829481124877929688 -0.50319457054138183594 -0.43686851859092712402 -0.32230684161186218262 -0.18755125999450683594 -0.087351523339748382568 -0.013768584467470645905 0.040390353649854660034 0.082325123250484466553 0.10359890013933181763 0.1308241039514541626 0.1711171567440032959 0.22615577280521392822 0.27331155538558959961 0.29294449090957641602 0.29844903945922851563 0.30638194084167480469 0.33096459507942199707 0.35592564940452575684 0.35743656754493713379 0.34468474984169006348 0.35042282938957214355 0.38419997692108154297 0.43897873163223266602 0.50676560401916503906 0.55615216493606567383 0.57778942584991455078 0.58397525548934936523 0.59540927410125732422 0.609676361083984375 0.62252390384674072266 0.63517296314239501953 0.64830577373504638672 0.65582519769668579102
-0.34928360581398010254 -0.29775843024253845215 -0.26827871799468994141 -0.25822478532791137695 -0.25627490878105163574 -0.2641665339469909668 -0.33157944679260253906 -0.4599692225456237793 -0.54104173183441162109 -0.52195572853088378906 -0.45198455452919006348 -0.32742425799369812012 -0.18048399686813354492 -0.073037900030612945557 0.011829831637442111969 0.076561570167541503906 0.12110640108585357666 0.14180952310562133789 0.16404639184474945068 0.2002290189266204834 0.2515557706356048584 0.29143708944320678711 0.31672471761703491211 0.32812893390655517578 0.34275069832801818848 0.37294676899909973145 0.40013337135314941406 0.39455768465995788574 0.3728809356689453125 0.38199377059936523438 0.4223728477954864502 0.46328309178352355957 0.49829721450805664063 0.51985013484954833984 0.53011745214462280273 0.53961038589477539063 0.57186436653137207031 0.60980808734893798828 0.62877291440963745117 0.63787782192230224609 0.64659732580184936523 0.65239340066909790039
-0.35988011956214904785 -0.31459957361221313477 -0.29174730181694030762 -0.28586083650588989258 -0.28922680020332336426 -0.31350919604301452637 -0.38650217652320861816 -0.48081898689270019531 -0.54872441291809082031 -0.53052860498428344727 -0.46222287416458129883 -0.33832275867462158203 -0.19176529347896575928 -0.078249238431453704834 0.018389657139778137207 0.095135740935802459717 0.14264003932476043701 0.16115890443325042725 0.18082784116268157959 0.21671462059020996094 0.26219618320465087891 0.29814615845680236816 0.32601401209831237793 0.34266465902328491211 0.36674603819847106934 0.4067230224609375 0.44233939051628112793 0.43947300314903259277 0.41861006617546081543 0.43061390519142150879 0.47163560986518859863 0.4789206087589263916 0.44883513450622558594 0.441162109375 0.45928502082824707031 0.48169571161270141602 0.53259229660034179688 0.59481316804885864258 0.62772905826568603516 0.64040887355804443359 0.64594942331314086914 0.64939790964126586914
-0.38082116842269897461 -0.34207588434219360352 -0.32784476876258850098 -0.33044078946113586426 -0.34143236279487609863 -0.37797054648399353027 -0.44287437200546264648 -0.50940054655075073242 -0.55973529815673828125 -0.53384363651275634766 -0.46615067124366760254 -0.34880864620208740234 -0.21356055140495300293 -0.094345040619373321533 0.010018681176006793976 0.092611722648143768311 0.14431248605251312256 0.16421231627464294434 0.18785034120082855225 0.22552280128002166748 0.26546645164489746094 0.29877826571464538574 0.32399830222129821777 0.34793832898139953613 0.38540536165237426758 0.43521860241889953613 0.47685486078262329102 0.4747689366340637207 0.43401935696601867676 0.41956087946891784668 0.41435742378234863281 0.37419694662094116211 0.30666464567184448242 0.3091386258602142334 0.3730354607105255127 0.42182064056396484375 0.48425924777984619141 0.55893433094024658203 0.60862553119659423828 0.63066661357879638672 0.63558381795883178711 0.63547670841217041016
-0.45019447803497314453 -0.41172924637794494629 -0.40783479809761047363 -0.42169100046157836914 -0.43663674592971801758 -0.46846312284469604492 -0.51650470495223999023 -0.55729556083679199219 -0.57399094104766845703 -0.52654814720153808594 -0.45796668529510498047 -0.35310080647468566895 -0.22527991235256195068 -0.10518033802509307861 -0.00056728866184130311012 0.088053554296493530273 0.14828155934810638428 0.17213290929794311523 0.19976283609867095947 0.23455221951007843018 0.26895177364349365234 0.29969921708106994629 0.32163143157958984375 0.35174849629402160645 0.39841440320014953613 0.44950762391090393066 0.48291602730751037598 0.46287924051284790039 0.37206798791885375977 0.30962938070297241211 0.24400302767753601074 0.19519326090812683105 0.163767203688621521 0.21246987581253051758 0.32232761383056640625 0.3890101015567779541 0.45155495405197143555 0.52382451295852661133 0.58122646808624267578 0.61210119724273681641 0.61587452888488769531 0.60968428850173950195
-0.52188545465469360352 -0.48923560976982116699 -0.49589112401008605957 -0.51592880487442016602 -0.52978235483169555664 -0.55274355411529541016 -0.58294314146041870117 -0.59407162666320800781 -0.57405591011047363281 -0.5023403167724609375 -0.42985129356384277344 -0.33433437347412109375 -0.21080036461353302002 -0.096057862043380737305 0.0072584981098771095276 0.1011767163872718811 0.16338355839252471924 0.1874710768461227417 0.21474894881248474121 0.2437343895435333252 0.27376103401184082031 0.30330219864845275879 0.32512819766998291016 0.35744532942771911621 0.40247741341590881348 0.4361851811408996582 0.43427395820617675781 0.36852380633354187012 0.23360493779182434082 0.14625971019268035889 0.063376955687999725342 0.054372999817132949829 0.11233245581388473511 0.22651924192905426025 0.35506001114845275879 0.41939756274223327637 0.46801859140396118164 0.51731824874877929688 0.56071037054061889648 0.58826917409896850586 0.58971422910690307617 0.5792090296745300293
-0.5667235255241394043 -0.54733026027679443359 -0.56254726648330688477 -0.58274912834167480469 -0.5944983363151550293 -0.61322611570358276367 -0.62755382061004638672 -0.60536348819732666016 -0.55333876609802246094 -0.46570819616317749023 -0.39182326197624206543 -0.29972848296165466309 -0.18016004562377929688 -0.069547288119792938232 0.030858766287565231323 0.12095978856086730957 0.17721080780029296875 0.20060916244983673096 0.2274138331413269043 0.25275501608848571777 0.27936217188835144043 0.3077049553394317627 0.32987245917320251465 0.35989913344383239746 0.39185982942581176758 0.38829371333122253418 0.33028244972229003906 0.21479196846485137939 0.067046664655208587646 -0.015040691941976547241 -0.080228075385093688965 -0.038173906505107879639 0.11054939776659011841 0.29826995730400085449 0.43582084774971008301 0.48731353878974914551 0.51441931724548339844 0.53404176235198974609 0.55114889144897460938 0.56318080425262451172 0.55870079994201660156 0.54726058244705200195
-0.59936463832855224609 -0.59084528684616088867 -0.61268794536590576172 -0.63155275583267211914 -0.63980603218078613281 -0.65163779258728027344 -0.64511132240295410156 -0.59513479471206665039 -0.51924294233322143555 -0.42246532440185546875 -0.35079100728034973145 -0.26397252082824707031 -0.14579822123050689697 -0.035443574190139770508 0.059329740703105926514 0.13907130062580108643 0.18532367050647735596 0.20718479156494140625 0.23301936686038970947 0.25743257999420166016 0.28338655829429626465 0.31040546298027038574 0.32984790205955505371 0.34941235184669494629 0.3488057255744934082 0.29258453845977783203 0.18778625130653381348 0.046380408108234405518 -0.093038693070411682129 -0.15325967967510223389 -0.17610932886600494385 -0.084048785269260406494 0.12562681734561920166 0.3715807497501373291 0.51675021648406982422 0.5559291839599609375 0.56383311748504638672 0.55808275938034057617 0.550724029541015625 0.54546439647674560547 0.53222709894180297852 0.51821637153625488281
-0.62828773260116577148 -0.62381207942962646484 -0.64987844228744506836 -0.66759663820266723633 -0.670391082763671875 -0.66811025142669677734 -0.63494503498077392578 -0.56539350748062133789 -0.47742229700088500977 -0.37615412473678588867 -0.30628129839897155762 -0.22552222013473510742 -0.11276118457317352295 -0.007463356945663690567 0.078862600028514862061 0.14633521437644958496 0.18161621689796447754 0.20189179480075836182 0.22867716848850250244 0.25482165813446044922 0.28285804390907287598 0.30917373299598693848 0.32440915703773498535 0.32402464747428894043 0.26886576414108276367 0.15430673956871032715 0.021930310875177383423 -0.12723459303379058838 -0.2542749941349029541 -0.28460717201232910156 -0.24557569622993469238 -0.10854804515838623047 0.1302569657564163208 0.41785332560539245605 0.57016026973724365234 0.60165572166442871094 0.59678590297698974609 0.57823717594146728516 0.55840581655502319336 0.53963059186935424805 0.51814347505569458008 0.49696889519691467285
-0.67095208168029785156 -0.6627241969108581543 -0.67881822586059570313 -0.6878643035888671875 -0.68375211954116821289 -0.65489488840103149414 -0.58987432718276977539 -0.51467162370681762695 -0.43101891875267028809 -0.33820337057113647461 -0.27519938349723815918 -0.20270155370235443115 -0.10290389508008956909 -0.010532568208873271942 0.067824505269527435303 0.12437665462493896484 0.15380631387233734131 0.17255343496799468994 0.20375387370586395264 0.23759420216083526611 0.26997369527816772461 0.29632359743118286133 0.30976104736328125 0.29309549927711486816 0.19268591701984405518 0.025116287171840667725 -0.14506341516971588135 -0.30953836441040039063 -0.43224537372589111328 -0.43788602948188781738 -0.34768316149711608887 -0.17891867458820343018 0.071890152990818023682 0.36864760518074035645 0.53187066316604614258 0.57033234834671020508 0.57792460918426513672 0.58654493093490600586 0.5812028050422668457 0.56257331371307373047 0.53932154178619384766 0.51372665166854858398
-0.70229822397232055664 -0.69807016849517822266 -0.69768738746643066406 -0.68956047296524047852 -0.67067027091979980469 -0.60868203639984130859 -0.52977800369262695313 -0.47350150346755981445 -0.41170203685760498047 -0.33131784200668334961 -0.27081152796745300293 -0.20011080801486968994 -0.1109833940863609314 -0.034472592175006866455 0.036961194127798080444 0.089730381965637207031 0.11688271909952163696 0.13524356484413146973 0.1684798896312713623 0.20720760524272918701 0.24252724647521972656 0.26613101363182067871 0.27489268779754638672 0.25615170598030090332 0.15775783360004425049 -0.035591065883636474609 -0.24948243796825408936 -0.4364795982837677002 -0.55352312326431274414 -0.55213427543640136719 -0.46468454599380493164 -0.3015238344669342041 -0.058072861284017562866 0.21566462516784667969 0.39471131563186645508 0.46214705705642700195 0.51377755403518676758 0.56140041351318359375 0.58474957942962646484 0.5860945582389831543 0.57546466588973999023 0.5605602264404296875
