INPUT/RASTER/ASCII_standard/BIO12.asc
ncols        225
nrows        269
xllcorner    473009.983799999987
yllcorner    4429051.174800000153
cellsize     50.000000000000
NODATA_value  -9999
[rows 133 to 151 of 269, columns 0 to 41 of 225]
-9999 -9999 -9999 -9999 -9999 -9999 -9999 -9999 -9999 -0.27662429213523864746 -0.19079890847206115723 0.0097293416038155555725 0.1832230687141418457 0.27191677689552307129 0.30560040473937988281 0.32085445523262023926 0.33032369613647460938 0.34057739377021789551 0.35605731606483459473 0.36992466449737548828 0.37251892685890197754 0.36893090605735778809 0.36903178691864013672 0.3823871910572052002 0.40785428881645202637 0.43941640853881835938 0.47739121317863464355 0.51510101556777954102 0.58080297708511352539 0.65353190898895263672 0.67367345094680786133 0.67014712095260620117 0.67148268222808837891 0.68100911378860473633 0.69201713800430297852 0.69899600744247436523 0.70282042026519775391 0.71729302406311035156 0.74323743581771850586 0.770038604736328125 0.78431093692779541016 0.79869472980499267578
-9999 -9999 -9999 -9999 -9999 -9999 -9999 -9999 -9999 -0.36881873011589050293 -0.28404280543327331543 -0.049550872296094894409 0.17810676991939544678 0.27232030034065246582 0.29899197816848754883 0.31305050849914550781 0.32716777920722961426 0.33893468976020812988 0.34569823741912841797 0.34717378020286560059 0.34285399317741394043 0.34324997663497924805 0.35402464866638183594 0.37560558319091796875 0.4013271629810333252 0.43811848759651184082 0.49931696057319641113 0.55709147453308105469 0.61757475137710571289 0.66389554738998413086 0.68204957246780395508 0.68620371818542480469 0.68589806556701660156 0.6869595646858215332 0.69008839130401611328 0.69301092624664306641 0.6973006129264831543 0.71180182695388793945 0.73523473739624023438 0.75351071357727050781 0.76218646764755249023 0.77124166488647460938
-9999 -9999 -9999 -9999 -9999 -9999 -9999 -9999 -9999 -0.40819984674453735352 -0.37816148996353149414 -0.18436062335968017578 0.086719386279582977295 0.23869390785694122314 0.29363173246383666992 0.31150567531585693359 0.32681697607040405273 0.33325979113578796387 0.32703378796577453613 0.31216517090797424316 0.30227735638618469238 0.30516979098320007324 0.32694947719573974609 0.36110135912895202637 0.39559653401374816895 0.45187893509864807129 0.55610072612762451172 0.61323988437652587891 0.63470184803009033203 0.65692120790481567383 0.67881381511688232422 0.6994883418083190918 0.70654851198196411133 0.70460015535354614258 0.70056945085525512695 0.69727498292922973633 0.701328277587890625 0.71356046199798583984 0.72989714145660400391 0.73572564125061035156 0.73435091972351074219 0.72995281219482421875
-9999 -9999 -9999 -9999 -9999 -9999 -9999 -9999 -9999 -0.39588937163352966309 -0.36589169502258300781 -0.19607482850551605225 0.023450622335076332092 0.17864580452442169189 0.28042688965797424316 0.31288790702819824219 0.32703077793121337891 0.32561090588569641113 0.30651736259460449219 0.28134688735008239746 0.27306562662124633789 0.28117674589157104492 0.31182187795639038086 0.35406380891799926758 0.39590218663215637207 0.46719923615455627441 0.57523798942565917969 0.60770952701568603516 0.62574911117553710938 0.64475530385971069336 0.66661781072616577148 0.6948267817497253418 0.70864140987396240234 0.70774251222610473633 0.70347392559051513672 0.70036017894744873047 0.7021910548210144043 0.70866852998733520508 0.71701300144195556641 0.71749782562255859375 0.71215116977691650391 0.70254188776016235352
-9999 -9999 -9999 -9999 -9999 -9999 -9999 -9999 -9999 -0.37442889809608459473 -0.31245502829551696777 -0.12394361197948455811 0.046065967530012130737 0.12946118414402008057 0.22858928143978118896 0.2922871708869934082 0.32343220710754394531 0.32154256105422973633 0.29128888249397277832 0.26232409477233886719 0.25764140486717224121 0.27160662412643432617 0.30767524242401123047 0.34952116012573242188 0.39405623078346252441 0.4913082420825958252 0.56970310211181640625 0.59321427345275878906 0.61212867498397827148 0.63253217935562133789 0.65374273061752319336 0.68304330110549926758 0.70190346240997314453 0.70350253582000732422 0.69999730587005615234 0.69854277372360229492 0.69730961322784423828 0.69754904508590698242 0.69811517000198364258 0.69655680656433105469 0.68968033790588378906 0.68075013160705566406
-9999 -9999 -9999 -9999 -9999 -9999 -9999 -9999 -9999 -0.35475113987922668457 -0.27433565258979797363 -0.083677157759666442871 0.05663585662841796875 0.11187180876731872559 0.15844857692718505859 0.21591143310070037842 0.29426714777946472168 0.31014153361320495605 0.27222844958305358887 0.245967864990234375 0.24720853567123413086 0.2627486884593963623 0.29794400930404663086 0.33762776851654052734 0.39362108707427978516 0.50785869359970092773 0.56114780902862548828 0.5779978632926940918 0.59683698415756225586 0.61961042881011962891 0.64437586069107055664 0.6720187067985534668 0.69002968072891235352 0.69275343418121337891 0.69024950265884399414 0.68807530403137207031 0.68408674001693725586 0.68043547868728637695 0.67598617076873779297 0.67270982265472412109 0.66567826271057128906 0.66054236888885498047
-9999 -9999 -9999 -9999 -9999 -9999 -9999 -9999 -9999 -0.34715646505355834961 -0.2527185976505279541 -0.062088686972856521606 0.054603185504674911499 0.10047078132629394531 0.1180405840277671814 0.14333002269268035889 0.21782515943050384521 0.26209673285484313965 0.23723490536212921143 0.22661983966827392578 0.23928865790367126465 0.25473242998123168945 0.28572839498519897461 0.33309265971183776855 0.41677546501159667969 0.50654572248458862305 0.5432949066162109375 0.55967223644256591797 0.57831859588623046875 0.60343635082244873047 0.63110029697418212891 0.65380448102951049805 0.66583335399627685547 0.66806024312973022461 0.66624140739440917969 0.66406118869781494141 0.65999883413314819336 0.65529811382293701172 0.64901942014694213867 0.64446318149566650391 0.63894939422607421875 0.64123654365539550781
-9999 -9999 -9999 -9999 -9999 -9999 -9999 -9999 -9999 -0.3253301084041595459 -0.22464363276958465576 -0.044675473123788833618 0.045295059680938720703 0.078713677823543548584 0.089863248169422149658 0.1035664677619934082 0.13024564087390899658 0.15842901170253753662 0.16482664644718170166 0.19744575023651123047 0.22846129536628723145 0.24623437225818634033 0.28266736865043640137 0.35405775904655456543 0.44181194901466369629 0.49397781491279602051 0.52291250228881835938 0.53996735811233520508 0.55606609582901000977 0.57895249128341674805 0.60272419452667236328 0.61883950233459472656 0.62837350368499755859 0.63098734617233276367 0.62886434793472290039 0.62659829854965209961 0.62565124034881591797 0.62296205759048461914 0.61572426557540893555 0.60940492153167724609 0.60633629560470581055 0.61640030145645141602
-9999 -9999 -9999 -9999 -9999 -9999 -9999 -9999 -9999 -0.26843339204788208008 -0.17785306274890899658 -0.03350481763482093811 0.027359373867511749268 0.048649720847606658936 0.055443357676267623901 0.068211540579795837402 0.064028754830360412598 0.033606447279453277588 0.057780176401138305664 0.15421460568904876709 0.21501706540584564209 0.2411797940731048584 0.29953250288963317871 0.38214477896690368652 0.43744546175003051758 0.47145429253578186035 0.50094461441040039063 0.51449424028396606445 0.52807700634002685547 0.54546457529067993164 0.55714869499206542969 0.56536370515823364258 0.57724052667617797852 0.58461081981658935547 0.58467257022857666016 0.58406126499176025391 0.58561360836029052734 0.58475989103317260742 0.57642441987991333008 0.56882679462432861328 0.56811308860778808594 0.58169883489608764648
-9999 -9999 -9999 -9999 -9999 -9999 -9999 -9999 -0.34140777587890625 -0.27791616320610046387 -0.12874975800514221191 -0.028674587607383728027 0.005734766833484172821 0.017534798011183738708 0.02199914492666721344 0.030021419748663902283 0.010875165462493896484 -0.039598312228918075562 -0.021880948916077613831 0.088846914470195770264 0.19405645132064819336 0.24152910709381103516 0.33059471845626831055 0.39708715677261352539 0.42252865433692932129 0.45371586084365844727 0.48514395952224731445 0.49513265490531921387 0.50259935855865478516 0.51178699731826782227 0.51260763406753540039 0.51564306020736694336 0.53041982650756835938 0.54268664121627807617 0.54751682281494140625 0.55177640914916992188 0.55291169881820678711 0.55079323053359985352 0.54035580158233642578 0.53275215625762939453 0.53423976898193359375 0.54753041267395019531
-9999 -9999 -9999 -9999 -9999 -9999 -9999 -9999 -0.36115932464599609375 -0.29774150252342224121 -0.12441338598728179932 -0.044916380196809768677 -0.028373451903462409973 -0.020926347002387046814 -0.017484357580542564392 -0.018267313018441200256 -0.046702120453119277954 -0.079003520309925079346 -0.048436667770147323608 0.026751078665256500244 0.13530322909355163574 0.2289867699146270752 0.34673261642456054688 0.39672881364822387695 0.41253846883773803711 0.44341096282005310059 0.47294643521308898926 0.4769967198371887207 0.47392511367797851563 0.47090923786163330078 0.46900457143783569336 0.47571086883544921875 0.49102666974067687988 0.50255113840103149414 0.51205801963806152344 0.5178985595703125 0.5164591670036315918 0.51398378610610961914 0.50384300947189331055 0.49848279356956481934 0.50169289112091064453 0.51268136501312255859
-9999 -9999 -9999 -9999 -9999 -9999 -9999 -0.45138731598854064941 -0.4280522763729095459 -0.33474060893058776855 -0.15909677743911743164 -0.086824029684066772461 -0.082430452108383178711 -0.073640279471874237061 -0.071473605930805206299 -0.080153860151767730713 -0.10507741570472717285 -0.098699346184730529785 -0.041107006371021270752 0.025270992890000343323 0.086019247770309448242 0.21376733481884002686 0.3634472191333770752 0.39405471086502075195 0.40743720531463623047 0.43407726287841796875 0.45446720719337463379 0.45396280288696289063 0.44349831342697143555 0.4311968684196472168 0.43018957972526550293 0.44464865326881408691 0.46019029617309570313 0.47038224339485168457 0.47959554195404052734 0.4803905189037322998 0.47562804818153381348 0.47464033961296081543 0.46989592909812927246 0.46775636076927185059 0.47265282273292541504 0.48416528105735778809
-9999 -9999 -9999 -9999 -9999 -9999 -9999 -0.45251357555389404297 -0.44465240836143493652 -0.3580455780029296875 -0.20201925933361053467 -0.14179046452045440674 -0.13925188779830932617 -0.12631505727767944336 -0.11994000524282455444 -0.12656350433826446533 -0.1410541832447052002 -0.10477025806903839111 -0.026215808466076850891 0.052537389099597930908 0.1553303152322769165 0.26765120029449462891 0.36842951178550720215 0.39031609892845153809 0.40384766459465026855 0.42199566960334777832 0.43052083253860473633 0.42726254463195800781 0.41545799374580383301 0.39860638976097106934 0.39926135540008544922 0.41793483495712280273 0.43488278985023498535 0.44441074132919311523 0.45112156867980957031 0.44822463393211364746 0.44398313760757446289 0.44385063648223876953 0.44259187579154968262 0.44225612282752990723 0.44829088449478149414 0.46376326680183410645
-9999 -9999 -9999 -9999 -9999 -9999 -9999 -0.47104400396347045898 -0.4521687626838684082 -0.39142954349517822266 -0.27524659037590026855 -0.20101948082447052002 -0.16464219987392425537 -0.14343467354774475098 -0.1311648637056350708 -0.12515267729759216309 -0.12601090967655181885 -0.08637383580207824707 -0.010175776667892932892 0.082563705742359161377 0.24579471349716186523 0.33098471164703369141 0.36625230312347412109 0.38231942057609558105 0.39671978354454040527 0.40893387794494628906 0.40709993243217468262 0.40092363953590393066 0.38922145962715148926 0.36514109373092651367 0.35967999696731567383 0.38139644265174865723 0.40329658985137939453 0.41276130080223083496 0.4163990318775177002 0.41144081950187683105 0.40799883008003234863 0.40772479772567749023 0.40980413556098937988 0.41225388646125793457 0.4211871027946472168 0.43915590643882751465
-9999 -9999 -9999 -9999 -9999 -9999 -9999 -0.47545716166496276855 -0.46101164817810058594 -0.42681008577346801758 -0.34294959902763366699 -0.22079209983348846436 -0.12683753669261932373 -0.091184489428997039795 -0.078940279781818389893 -0.06485462188720703125 -0.052783571183681488037 -0.033540952950716018677 0.009851302020251750946 0.1252994835376739502 0.2777919471263885498 0.32878640294075012207 0.34637427330017089844 0.36171868443489074707 0.37411949038505554199 0.38215529918670654297 0.3767484128475189209 0.3691838681697845459 0.35439503192901611328 0.32195362448692321777 0.30900174379348754883 0.33635246753692626953 0.3638477027416229248 0.37361958622932434082 0.37586757540702819824 0.36741617321968078613 0.36033645272254943848 0.35947972536087036133 0.36641338467597961426 0.37353375554084777832 0.38728818297386169434 0.40500554442405700684
-9999 -9999 -9999 -9999 -9999 -9999 -9999 -0.47953003644943237305 -0.46634778380393981934 -0.42503187060356140137 -0.3321177363395690918 -0.18258692324161529541 -0.071842491626739501953 -0.031140895560383796692 -0.020373761653900146484 -0.0088823959231376647949 0.0058281188830733299255 0.009938631206750869751 0.037412814795970916748 0.18323662877082824707 0.29584810137748718262 0.31188362836837768555 0.32498154044151306152 0.33737030625343322754 0.34516221284866333008 0.34798234701156616211 0.34509745240211486816 0.33860495686531066895 0.31961229443550109863 0.28388094902038574219 0.27310776710510253906 0.30180758237838745117 0.32861173152923583984 0.34006696939468383789 0.34341862797737121582 0.33000600337982177734 0.31702703237533569336 0.3186772465705871582 0.33329442143440246582 0.34510046243667602539 0.35800114274024963379 0.37421885132789611816
-9999 -9999 -9999 -9999 -9999 -9999 -0.47801983356475830078 -0.47139331698417663574 -0.45213112235069274902 -0.37921094894409179688 -0.2763321995735168457 -0.16204489767551422119 -0.073845051229000091553 -0.03253666311502456665 -0.018384756520390510559 -0.0088869128376245498657 0.0030335728079080581665 0.011064881458878517151 0.078376404941082000732 0.23348425328731536865 0.30086052417755126953 0.31006926298141479492 0.31846797466278076172 0.32633364200592041016 0.33253103494644165039 0.33403220772743225098 0.32879242300987243652 0.31927502155303955078 0.29684185981750488281 0.25753301382064819336 0.24641053378582000732 0.27021387219429016113 0.29245579242706298828 0.30517429113388061523 0.30895507335662841797 0.29259884357452392578 0.28060156106948852539 0.29048484563827514648 0.31422495841979980469 0.32889330387115478516 0.33960321545600891113 0.35498526692390441895
-9999 -9999 -9999 -9999 -9999 -9999 -0.47141742706298828125 -0.44780078530311584473 -0.40360149741172790527 -0.30659791827201843262 -0.23069949448108673096 -0.16471900045871734619 -0.090550594031810760498 -0.045431323349475860596 -0.031390838325023651123 -0.023498052731156349182 -0.011844072490930557251 0.0070341704413294792175 0.11753919720649719238 0.26785144209861755371 0.29992097616195678711 0.30569225549697875977 0.3126545250415802002 0.32000827789306640625 0.32764208316802978516 0.32755625247955322266 0.31192728877067565918 0.29570505023002624512 0.26918697357177734375 0.23100438714027404785 0.22173842787742614746 0.24229098856449127197 0.26205608248710632324 0.27498385310173034668 0.2795505821704864502 0.26572090387344360352 0.25968915224075317383 0.27542954683303833008 0.30222165584564208984 0.31759014725685119629 0.33053448796272277832 0.34524500370025634766
-9999 -9999 -9999 -9999 -9999 -0.48994785547256469727 -0.48114112019538879395 -0.42412543296813964844 -0.35144013166427612305 -0.24571566283702850342 -0.20079664885997772217 -0.16677574813365936279 -0.10549599677324295044 -0.062948428094387054443 -0.050823170691728591919 -0.04435626789927482605 -0.032485470175743103027 0.014134967699646949768 0.17200875282287597656 0.26700073480606079102 0.2873153984546661377 0.29462999105453491211 0.30336597561836242676 0.31139576435089111328 0.31924340128898620605 0.31446886062622070313 0.29022437334060668945 0.26706397533416748047 0.23407597839832305908 0.19538898766040802002 0.18881216645240783691 0.21117155253887176514 0.23147115111351013184 0.24561552703380584717 0.25426718592643737793 0.24840556085109710693 0.24984800815582275391 0.26745393872261047363 0.29306107759475708008 0.308078765869140625 0.32093578577041625977 0.33308061957359313965
