INPUT/RASTER/ASCII_standard/BIO13.asc
ncols        225
nrows        269
xllcorner    473009.983799999987
yllcorner    4429051.174800000153
cellsize     50.000000000000
NODATA_value  -9999
[rows 95 to 113 of 269, columns 42 to 83 of 225]
1.3378479480743408203 1.4675581455230712891 1.4695709943771362305 1.4620320796966552734 1.4752587080001831055 1.4856760501861572266 1.495558619499206543 1.4992619752883911133 1.4915947914123535156 1.4728149175643920898 1.4539412260055541992 1.4429583549499511719 1.428569793701171875 1.4161543846130371094 1.4067423343658447266 1.3953111171722412109 1.3797210454940795898 1.367895960807800293 1.3475614786148071289 1.3237322568893432617 1.3107970952987670898 1.3041782379150390625 1.2956675291061401367 1.2888931035995483398 1.2834361791610717773 1.2742919921875 1.2608406543731689453 1.2363582849502563477 1.2115757465362548828 1.20006561279296875 1.1894383430480957031 1.1713536977767944336 1.136151432991027832 1.0951441526412963867 1.0650640726089477539 1.0491788387298583984 1.035271763801574707 1.0079219341278076172 0.98802584409713745117 0.98107111454010009766 0.97157746553421020508 0.96640706062316894531
1.4013199806213378906 1.4738361835479736328 1.459545135498046875 1.4583719968795776367 1.4761527776718139648 1.4889397621154785156 1.5020281076431274414 1.5054413080215454102 1.4963921308517456055 1.4771282672882080078 1.4567295312881469727 1.4448587894439697266 1.4295156002044677734 1.4163174629211425781 1.4060248136520385742 1.395375370979309082 1.3819881677627563477 1.3721488714218139648 1.3540877103805541992 1.3280888795852661133 1.3085224628448486328 1.3002352714538574219 1.2931002378463745117 1.2860800027847290039 1.2809516191482543945 1.2728065252304077148 1.2592933177947998047 1.2293380498886108398 1.1994630098342895508 1.1878033876419067383 1.1781096458435058594 1.1593027114868164063 1.1252797842025756836 1.0857257843017578125 1.0530463457107543945 1.0319042205810546875 1.0156534910202026367 0.99676620960235595703 0.991241455078125 0.99483984708786010742 0.98502016067504882813 0.97269499301910400391
1.3989391326904296875 1.452563166618347168 1.440845489501953125 1.4491400718688964844 1.4716182947158813477 1.4863268136978149414 1.5016897916793823242 1.5051622390747070313 1.4952449798583984375 1.475066065788269043 1.4542907476425170898 1.4421174526214599609 1.4269890785217285156 1.4141823053359985352 1.403834223747253418 1.3941577672958374023 1.3838071823120117188 1.3761262893676757813 1.3607794046401977539 1.3339668512344360352 1.309589385986328125 1.2971061468124389648 1.2891795635223388672 1.2834781408309936523 1.2790968418121337891 1.2717444896697998047 1.2573595046997070313 1.2253618240356445313 1.1923983097076416016 1.1773465871810913086 1.1620280742645263672 1.1348536014556884766 1.0979928970336914063 1.0606876611709594727 1.0277996063232421875 1.0065512657165527344 0.99466818571090698242 0.98756647109985351563 0.99375563859939575195 0.99996078014373779297 0.99124389886856079102 0.9794756770133972168
1.3327504396438598633 1.4029574394226074219 1.4139451980590820313 1.4363234043121337891 1.4631990194320678711 1.478960871696472168 1.4972207546234130859 1.5016576051712036133 1.490256190299987793 1.468403935432434082 1.4469506740570068359 1.4348107576370239258 1.4210469722747802734 1.4101530313491821289 1.3999233245849609375 1.3904631137847900391 1.3809324502944946289 1.3739221096038818359 1.3606374263763427734 1.3364970684051513672 1.3119924068450927734 1.2938807010650634766 1.2818678617477416992 1.2776890993118286133 1.275099635124206543 1.2694364786148071289 1.2564235925674438477 1.226505279541015625 1.1908905506134033203 1.1696447134017944336 1.1448584794998168945 1.1056306362152099609 1.0603567361831665039 1.023799896240234375 0.99392110109329223633 0.97810250520706176758 0.97354215383529663086 0.97706520557403564453 0.9920527338981628418 0.99873703718185424805 0.99015599489212036133 0.98066359758377075195
1.243409276008605957 1.3408265113830566406 1.381285548210144043 1.4172090291976928711 1.4473940134048461914 1.4634757041931152344 1.4831272363662719727 1.4907290935516357422 1.4812391996383666992 1.4591486454010009766 1.4374557733535766602 1.4255937337875366211 1.4128881692886352539 1.4033180475234985352 1.3925080299377441406 1.3826562166213989258 1.3720871210098266602 1.364001154899597168 1.3511240482330322266 1.3310636281967163086 1.3107044696807861328 1.2896462678909301758 1.2699021100997924805 1.2635918855667114258 1.263121485710144043 1.2605183124542236328 1.2507913112640380859 1.2222362756729125977 1.1862190961837768555 1.1621774435043334961 1.1300203800201416016 1.0834165811538696289 1.0311151742935180664 0.99474352598190307617 0.97329390048980712891 0.96392256021499633789 0.96356195211410522461 0.97155892848968505859 0.98662549257278442383 0.99217498302459716797 0.98278629779815673828 0.97404593229293823242
1.2251480817794799805 1.3198535442352294922 1.3519983291625976563 1.3837602138519287109 1.4121348857879638672 1.4333004951477050781 1.4561245441436767578 1.4665776491165161133 1.4631780385971069336 1.4462455511093139648 1.4264816045761108398 1.4140514135360717773 1.3999493122100830078 1.3908705711364746094 1.3810460567474365234 1.3713437318801879883 1.3599212169647216797 1.3513031005859375 1.3389927148818969727 1.322802424430847168 1.3066405057907104492 1.2836498022079467773 1.2517162561416625977 1.2385933399200439453 1.2397478818893432617 1.2417891025543212891 1.2351974248886108398 1.2047345638275146484 1.1705486774444580078 1.1480951309204101563 1.1137115955352783203 1.0657839775085449219 1.0194160938262939453 0.98563885688781738281 0.96578717231750488281 0.95672696828842163086 0.95739132165908813477 0.96490550041198730469 0.97429168224334716797 0.97682070732116699219 0.97160959243774414063 0.96748882532119750977
1.2436611652374267578 1.33209228515625 1.3324220180511474609 1.3409622907638549805 1.3538382053375244141 1.3838627338409423828 1.4165101051330566406 1.4328386783599853516 1.4394575357437133789 1.4313259124755859375 1.4137822389602661133 1.3997751474380493164 1.3812398910522460938 1.371753692626953125 1.367138981819152832 1.3598680496215820313 1.3483320474624633789 1.3394360542297363281 1.3268873691558837891 1.3130457401275634766 1.3010392189025878906 1.2781238555908203125 1.2365002632141113281 1.2127290964126586914 1.2103025913238525391 1.2121092081069946289 1.2075377702713012695 1.1807227134704589844 1.1511477231979370117 1.1333372592926025391 1.1080039739608764648 1.063067317008972168 1.0165858268737792969 0.98098462820053100586 0.95723700523376464844 0.94658380746841430664 0.94817310571670532227 0.95527476072311401367 0.95900654792785644531 0.95805567502975463867 0.96012902259826660156 0.96375334262847900391
1.3222109079360961914 1.3796037435531616211 1.349506378173828125 1.3244163990020751953 1.3101722002029418945 1.3321503400802612305 1.3654102087020874023 1.3916436433792114258 1.4139403104782104492 1.4157902002334594727 1.400036931037902832 1.3845160007476806641 1.3625934123992919922 1.3529849052429199219 1.3530380725860595703 1.3491061925888061523 1.3387914896011352539 1.3295212984085083008 1.3155105113983154297 1.3020308017730712891 1.2914072275161743164 1.2681300640106201172 1.2261261940002441406 1.1959311962127685547 1.1790223121643066406 1.178380131721496582 1.1772083044052124023 1.1637988090515136719 1.142822265625 1.1283162832260131836 1.1060602664947509766 1.0642070770263671875 1.018665313720703125 0.97951143980026245117 0.94884729385375976563 0.93447965383529663086 0.93575155735015869141 0.94291007518768310547 0.94319039583206176758 0.94106400012969970703 0.95238149166107177734 0.96965974569320678711
1.4202171564102172852 1.420231938362121582 1.3778439760208129883 1.3319947719573974609 1.3070209026336669922 1.3127505779266357422 1.3283988237380981445 1.3518661260604858398 1.3881723880767822266 1.4033685922622680664 1.3911706209182739258 1.3696691989898681641 1.3402497768402099609 1.3316057920455932617 1.3359203338623046875 1.3341618776321411133 1.3227492570877075195 1.3132939338684082031 1.2989596128463745117 1.2848526239395141602 1.2707183361053466797 1.2449960708618164063 1.2084070444107055664 1.1806004047393798828 1.1531975269317626953 1.1470404863357543945 1.1481679677963256836 1.1450771093368530273 1.1322307586669921875 1.1215022802352905273 1.105134129524230957 1.0742243528366088867 1.0340949296951293945 0.98746520280838012695 0.94405603408813476563 0.92125302553176879883 0.91831284761428833008 0.92085909843444824219 0.91948348283767700195 0.92113697528839111328 0.94279152154922485352 0.9735705256462097168
1.4629409313201904297 1.4343007802963256836 1.3902617692947387695 1.3369860649108886719 1.3099944591522216797 1.2990720272064208984 1.302649378776550293 1.3310414552688598633 1.3764744997024536133 1.4030920267105102539 1.390621185302734375 1.3549484014511108398 1.3139805793762207031 1.3096523284912109375 1.310364842414855957 1.3024802207946777344 1.2852427959442138672 1.275447845458984375 1.2631683349609375 1.2492699623107910156 1.2352468967437744141 1.2150481939315795898 1.1851879358291625977 1.1615736484527587891 1.1287744045257568359 1.1140474081039428711 1.1204019784927368164 1.1284273862838745117 1.1238250732421875 1.1164875030517578125 1.1055922508239746094 1.0864359140396118164 1.053995966911315918 1.0030232667922973633 0.94853240251541137695 0.91406369209289550781 0.90172493457794189453 0.89541596174240112305 0.89464050531387329102 0.90318697690963745117 0.9314085841178894043 0.96807044744491577148
1.4518506526947021484 1.4136142730712890625 1.3732824325561523438 1.3287099599838256836 1.302565455436706543 1.2791067361831665039 1.2766122817993164063 1.3083519935607910156 1.351340174674987793 1.3762497901916503906 1.3609374761581420898 1.332263946533203125 1.3093115091323852539 1.3096128702163696289 1.2856206893920898438 1.263390660285949707 1.2475720643997192383 1.240108489990234375 1.2315274477005004883 1.2191170454025268555 1.2077327966690063477 1.1933120489120483398 1.1674071550369262695 1.1435989141464233398 1.10538482666015625 1.0878052711486816406 1.1017061471939086914 1.1182508468627929688 1.1195302009582519531 1.1146475076675415039 1.1057615280151367188 1.0899699926376342773 1.0620992183685302734 1.0159609317779541016 0.96098107099533081055 0.91855859756469726563 0.89507764577865600586 0.87954181432723999023 0.88194113969802856445 0.89733868837356567383 0.92938095331192016602 0.96354466676712036133
1.4240168333053588867 1.3769438266754150391 1.3406709432601928711 1.3109378814697265625 1.2921469211578369141 1.2667013406753540039 1.2560307979583740234 1.274857640266418457 1.3033717870712280273 1.3176196813583374023 1.3045684099197387695 1.295805811882019043 1.3026345968246459961 1.3175270557403564453 1.275954127311706543 1.2366471290588378906 1.2264558076858520508 1.2228500843048095703 1.2176314592361450195 1.2075204849243164063 1.196086883544921875 1.1785036325454711914 1.1519812345504760742 1.1293572187423706055 1.0907393693923950195 1.0677931308746337891 1.0804628133773803711 1.1039499044418334961 1.1110121011734008789 1.1083139181137084961 1.1007924079895019531 1.0859702825546264648 1.0597096681594848633 1.0191110372543334961 0.96910893917083740234 0.92557382583618164063 0.89438486099243164063 0.87229561805725097656 0.87659788131713867188 0.89766961336135864258 0.93374001979827880859 0.96328783035278320313
1.3989404439926147461 1.3499002456665039063 1.3173862695693969727 1.292774200439453125 1.2770136594772338867 1.2559517621994018555 1.2422250509262084961 1.2476029396057128906 1.2592612504959106445 1.2652553319931030273 1.2594773769378662109 1.2597280740737915039 1.2776471376419067383 1.3018665313720703125 1.2559036016464233398 1.2105261087417602539 1.2065906524658203125 1.2075303792953491211 1.2042925357818603516 1.1963350772857666016 1.1847779750823974609 1.1657314300537109375 1.1384347677230834961 1.1169456243515014648 1.0765964984893798828 1.0435700416564941406 1.0484465360641479492 1.0776485204696655273 1.0918124914169311523 1.0917371511459350586 1.0864914655685424805 1.0731722116470336914 1.0466806888580322266 1.0091704130172729492 0.96425592899322509766 0.92267686128616333008 0.89041358232498168945 0.86826997995376586914 0.87509751319885253906 0.90150141716003417969 0.93772739171981811523 0.96278029680252075195
1.3798865079879760742 1.3336235284805297852 1.301325678825378418 1.2771828174591064453 1.2638117074966430664 1.2478486299514770508 1.2337564229965209961 1.2304803133010864258 1.2310260534286499023 1.2316002845764160156 1.22928619384765625 1.2311236858367919922 1.2445503473281860352 1.2574089765548706055 1.2082021236419677734 1.1717538833618164063 1.1835912466049194336 1.1934009790420532227 1.1958571672439575195 1.189495086669921875 1.1751250028610229492 1.1545584201812744141 1.1279050111770629883 1.1055663824081420898 1.0616261959075927734 1.0183097124099731445 1.0121872425079345703 1.0401976108551025391 1.0538539886474609375 1.0529686212539672852 1.049603581428527832 1.0419918298721313477 1.0175032615661621094 0.98245042562484741211 0.94297182559967041016 0.90606671571731567383 0.87731659412384033203 0.8628489375114440918 0.87671893835067749023 0.90503931045532226563 0.93437099456787109375 0.95353364944458007813
1.3603818416595458984 1.3181593418121337891 1.2865517139434814453 1.2640624046325683594 1.2522681951522827148 1.2377845048904418945 1.2220795154571533203 1.2141170501708984375 1.2106051445007324219 1.2056150436401367188 1.2001137733459472656 1.1980255842208862305 1.1992233991622924805 1.2006990909576416016 1.1598176956176757813 1.1399153470993041992 1.1682049036026000977 1.1867240667343139648 1.1912881135940551758 1.1833084821701049805 1.1678282022476196289 1.1458884477615356445 1.1158379316329956055 1.090918421745300293 1.0446962118148803711 0.99546712636947631836 0.97746032476425170898 1.0027824640274047852 1.0171020030975341797 1.015248417854309082 1.0102818012237548828 0.99911493062973022461 0.97295802831649780273 0.94113063812255859375 0.90793007612228393555 0.87988263368606567383 0.86152517795562744141 0.85942095518112182617 0.87857615947723388672 0.9022299647331237793 0.92223721742630004883 0.93592691421508789063
1.3318687677383422852 1.2971296310424804688 1.2714666128158569336 1.2527387142181396484 1.2408753633499145508 1.2238787412643432617 1.2031514644622802734 1.1929799318313598633 1.1881960630416870117 1.1798348426818847656 1.170023798942565918 1.1636840105056762695 1.1573009490966796875 1.157154083251953125 1.137738347053527832 1.1264207363128662109 1.1594310998916625977 1.1827996969223022461 1.1861709356307983398 1.1765438318252563477 1.1616921424865722656 1.1385014057159423828 1.1020791530609130859 1.0737352371215820313 1.0265375375747680664 0.97444975376129150391 0.94445860385894775391 0.96444487571716308594 0.9839470982551574707 0.98595869541168212891 0.97892612218856811523 0.9596030116081237793 0.92835229635238647461 0.89706575870513916016 0.86845892667770385742 0.84962230920791625977 0.84493720531463623047 0.85446912050247192383 0.87364286184310913086 0.89209544658660888672 0.90730649232864379883 0.91798311471939086914
1.2992041110992431641 1.2732040882110595703 1.256659388542175293 1.243451237678527832 1.2317163944244384766 1.2090789079666137695 1.1830948591232299805 1.1720933914184570313 1.1668674945831298828 1.1588001251220703125 1.1483939886093139648 1.1408044099807739258 1.1324086189270019531 1.1346646547317504883 1.1373134851455688477 1.1216319799423217773 1.1449190378189086914 1.1714241504669189453 1.1782121658325195313 1.1688420772552490234 1.1540940999984741211 1.1296277046203613281 1.0910036563873291016 1.061655879020690918 1.013581395149230957 0.96010434627532958984 0.9226805567741394043 0.93011939525604248047 0.95141828060150146484 0.95996356010437011719 0.95649111270904541016 0.93453031778335571289 0.89653229713439941406 0.86427640914916992188 0.83896541595458984375 0.82542389631271362305 0.82799488306045532227 0.84438520669937133789 0.86399984359741210938 0.88256478309631347656 0.89684969186782836914 0.90440827608108520508
1.2728102207183837891 1.2530956268310546875 1.2403826713562011719 1.2293910980224609375 1.2186354398727416992 1.1951631307601928711 1.1702337265014648438 1.1590729951858520508 1.1536161899566650391 1.1449794769287109375 1.1327865123748779297 1.1252007484436035156 1.1165665388107299805 1.1176334619522094727 1.1250537633895874023 1.1090091466903686523 1.1233830451965332031 1.1508686542510986328 1.1640149354934692383 1.1562180519104003906 1.1416256427764892578 1.1184312105178833008 1.0809160470962524414 1.0517708063125610352 1.0062919855117797852 0.9561799168586730957 0.91095179319381713867 0.89692252874374389648 0.91340547800064086914 0.92744588851928710938 0.9296538233757019043 0.90789550542831420898 0.86700177192687988281 0.83595603704452514648 0.81412613391876220703 0.80486834049224853516 0.81078332662582397461 0.8333714604377746582 0.85590034723281860352 0.87588906288146972656 0.88761907815933227539 0.89148539304733276367
1.2466051578521728516 1.2303704023361206055 1.2179130315780639648 1.2061250209808349609 1.1952075958251953125 1.1769785881042480469 1.1574133634567260742 1.1471208333969116211 1.1410859823226928711 1.1330186128616333008 1.1208416223526000977 1.1133991479873657227 1.1050711870193481445 1.1031546592712402344 1.1071358919143676758 1.0915580987930297852 1.1034127473831176758 1.1269159317016601563 1.1437804698944091797 1.1389719247817993164 1.1259737014770507813 1.1070160865783691406 1.07312774658203125 1.044585108757019043 1.0036901235580444336 0.96302109956741333008 0.91168904304504394531 0.87232035398483276367 0.87505310773849487305 0.88793891668319702148 0.89302527904510498047 0.87619036436080932617 0.84076339006423950195 0.80912989377975463867 0.79224807024002075195 0.79211223125457763672 0.80434602499008178711 0.83035844564437866211 0.85407644510269165039 0.86935544013977050781 0.87553220987319946289 0.87710416316986083984
