INPUT/RASTER/ASCII_standard/BIO18.asc
ncols        225
nrows        269
xllcorner    473009.983799999987
yllcorner    4429051.174800000153
cellsize     50.000000000000
NODATA_value  -9999
[rows 152 to 170 of 269, columns 0 to 41 of 225]
-9999 -9999 -9999 -9999 -9999 -1.1520491838455200195 -1.1417213678359985352 -1.0578069686889648438 -0.96464467048645019531 -0.84081220626831054688 -0.77481186389923095703 -0.73060500621795654297 -0.66618144512176513672 -0.60780495405197143555 -0.5884011387825012207 -0.57688724994659423828 -0.54836535453796386719 -0.49576294422149658203 -0.42195963859558105469 -0.38185271620750427246 -0.35440802574157714844 -0.33332037925720214844 -0.30631202459335327148 -0.2853323519229888916 -0.27137428522109985352 -0.2727807164192199707 -0.28944626450538635254 -0.31174808740615844727 -0.34755849838256835938 -0.38094317913055419922 -0.37742710113525390625 -0.33725872635841369629 -0.30117443203926086426 -0.27690166234970092773 -0.25174835324287414551 -0.23289676010608673096 -0.20988644659519195557 -0.17795383930206298828 -0.14128132164478302002 -0.11988463997840881348 -0.098933055996894836426 -0.076384536921977996826
-9999 -9999 -9999 -9999 -9999 -1.154196619987487793 -1.1418933868408203125 -1.1002781391143798828 -1.0459059476852416992 -0.93290257453918457031 -0.82773292064666748047 -0.75903123617172241211 -0.70969468355178833008 -0.66215527057647705078 -0.64628070592880249023 -0.6365674138069152832 -0.60004413127899169922 -0.52511620521545410156 -0.46056798100471496582 -0.4280173182487487793 -0.39154672622680664063 -0.36189317703247070313 -0.3283996284008026123 -0.30626547336578369141 -0.30011036992073059082 -0.3146355748176574707 -0.3337523043155670166 -0.35392868518829345703 -0.3860886693000793457 -0.41589322686195373535 -0.41577118635177612305 -0.37571340799331665039 -0.33514556288719177246 -0.3108043372631072998 -0.28303569555282592773 -0.25225228071212768555 -0.22209745645523071289 -0.1918039172887802124 -0.16428285837173461914 -0.14964440464973449707 -0.13275758922100067139 -0.10892379283905029297
-9999 -9999 -9999 -9999 -9999 -9999 -1.1305059194564819336 -1.1502205133438110352 -1.1418012380599975586 -1.0471692085266113281 -0.90192687511444091797 -0.79170304536819458008 -0.74161857366561889648 -0.71430552005767822266 -0.70112621784210205078 -0.68505936861038208008 -0.6396287083625793457 -0.55844825506210327148 -0.50275117158889770508 -0.46352219581604003906 -0.41815826296806335449 -0.38476213812828063965 -0.34958562254905700684 -0.32821351289749145508 -0.32399773597717285156 -0.34558579325675964355 -0.3702545166015625 -0.391231536865234375 -0.41603630781173706055 -0.43587645888328552246 -0.43366760015487670898 -0.39626643061637878418 -0.35569155216217041016 -0.3334389030933380127 -0.30396795272827148438 -0.26565814018249511719 -0.23465523123741149902 -0.20888210833072662354 -0.1885801851749420166 -0.17914693057537078857 -0.16423720121383666992 -0.13719196617603302002
-9999 -9999 -9999 -9999 -9999 -9999 -1.12740325927734375 -1.2143737077713012695 -1.2118417024612426758 -1.1109476089477539063 -0.93831932544708251953 -0.80741345882415771484 -0.75565296411514282227 -0.74040174484252929688 -0.73056989908218383789 -0.71560835838317871094 -0.66533952951431274414 -0.59690207242965698242 -0.5497182011604309082 -0.49172890186309814453 -0.44061899185180664063 -0.40804284811019897461 -0.37596976757049560547 -0.35877919197082519531 -0.35201480984687805176 -0.37058898806571960449 -0.398548126220703125 -0.42084205150604248047 -0.43883505463600158691 -0.44918045401573181152 -0.44221678376197814941 -0.4078909754753112793 -0.37007188796997070313 -0.34851542115211486816 -0.3166065216064453125 -0.2758051455020904541 -0.25011804699897766113 -0.23216633498668670654 -0.21540857851505279541 -0.20621235668659210205 -0.19016045331954956055 -0.16472971439361572266
-9999 -9999 -9999 -9999 -9999 -9999 -9999 -1.2837328910827636719 -1.2912276983261108398 -1.1451978683471679688 -0.94067656993865966797 -0.81543761491775512695 -0.77037131786346435547 -0.75567847490310668945 -0.74490195512771606445 -0.72962701320648193359 -0.68553256988525390625 -0.64464515447616577148 -0.60246104001998901367 -0.52907299995422363281 -0.46893456578254699707 -0.43943202495574951172 -0.41474050283432006836 -0.40457856655120849609 -0.39561411738395690918 -0.40404567122459411621 -0.42863449454307556152 -0.44545280933380126953 -0.45641541481018066406 -0.46247658133506774902 -0.45390981435775756836 -0.4261130988597869873 -0.39402157068252563477 -0.36796841025352478027 -0.3299763798713684082 -0.2904198765754699707 -0.26822254061698913574 -0.25869974493980407715 -0.24346868693828582764 -0.23118129372596740723 -0.21572111546993255615 -0.19643144309520721436
-9999 -9999 -9999 -9999 -9999 -9999 -9999 -1.4018265008926391602 -1.3733133077621459961 -1.1766985654830932617 -0.94922137260437011719 -0.83916431665420532227 -0.80317133665084838867 -0.77957016229629516602 -0.75712436437606811523 -0.73021346330642700195 -0.68807768821716308594 -0.66614282131195068359 -0.6322129368782043457 -0.56202054023742675781 -0.49841251969337463379 -0.47191774845123291016 -0.4559904932975769043 -0.45359817147254943848 -0.45062026381492614746 -0.454296112060546875 -0.46655714511871337891 -0.47062280774116516113 -0.47022071480751037598 -0.47215214371681213379 -0.46833932399749755859 -0.44714018702507019043 -0.41658765077590942383 -0.38555929064750671387 -0.34482288360595703125 -0.31360226869583129883 -0.29280871152877807617 -0.2786267697811126709 -0.25849780440330505371 -0.24451428651809692383 -0.23179320991039276123 -0.21667189896106719971
-9999 -9999 -9999 -9999 -9999 -9999 -9999 -1.4175877571105957031 -1.3895355463027954102 -1.2012829780578613281 -0.98710012435913085938 -0.87661910057067871094 -0.83848744630813598633 -0.80570673942565917969 -0.77100956439971923828 -0.73286390304565429688 -0.69593590497970581055 -0.67817997932434082031 -0.64829206466674804688 -0.58955562114715576172 -0.53170853853225708008 -0.50529456138610839844 -0.48969563841819763184 -0.48717248439788818359 -0.48955693840980529785 -0.49526780843734741211 -0.49728351831436157227 -0.49313709139823913574 -0.4875157475471496582 -0.48700216412544250488 -0.48539996147155761719 -0.4675255119800567627 -0.43511879444122314453 -0.40590512752532958984 -0.37219646573066711426 -0.34436899423599243164 -0.31993207335472106934 -0.29507112503051757813 -0.26804342865943908691 -0.25353491306304931641 -0.24260216951370239258 -0.22980822622776031494
-9999 -9999 -9999 -9999 -9999 -9999 -9999 -1.4155167341232299805 -1.3766968250274658203 -1.2584013938903808594 -1.0655221939086914063 -0.93331694602966308594 -0.87471574544906616211 -0.83847868442535400391 -0.80172014236450195313 -0.75375580787658691406 -0.7166926264762878418 -0.69730722904205322266 -0.66729199886322021484 -0.61890101432800292969 -0.57582759857177734375 -0.5459747314453125 -0.52306628227233886719 -0.51247328519821166992 -0.5139420628547668457 -0.52107781171798706055 -0.51987856626510620117 -0.5131308436393737793 -0.50926446914672851563 -0.51339423656463623047 -0.51259094476699829102 -0.49497017264366149902 -0.45973482728004455566 -0.43299776315689086914 -0.40100017189979553223 -0.36785075068473815918 -0.33822092413902282715 -0.30834087729454040527 -0.27845644950866699219 -0.2639681398868560791 -0.25453576445579528809 -0.24313858151435852051
-9999 -9999 -9999 -9999 -9999 -9999 -9999 -9999 -1.3833795785903930664 -1.3300765752792358398 -1.1417459249496459961 -0.97720682621002197266 -0.90248703956604003906 -0.86458891630172729492 -0.82546001672744750977 -0.78615546226501464844 -0.74968928098678588867 -0.72278451919555664063 -0.68389523029327392578 -0.63972264528274536133 -0.61141675710678100586 -0.58012413978576660156 -0.55171811580657958984 -0.53590762615203857422 -0.5346240997314453125 -0.54133754968643188477 -0.54090124368667602539 -0.53688740730285644531 -0.54081171751022338867 -0.55342125892639160156 -0.54717659950256347656 -0.51258480548858642578 -0.47377103567123413086 -0.44963347911834716797 -0.41486254334449768066 -0.37788099050521850586 -0.34718888998031616211 -0.3183562159538269043 -0.29156118631362915039 -0.27917724847793579102 -0.27010393142700195313 -0.25803074240684509277
-9999 -9999 -9999 -9999 -9999 -9999 -9999 -1.433917999267578125 -1.4248033761978149414 -1.3659107685089111328 -1.1712993383407592773 -0.98867076635360717773 -0.91459441184997558594 -0.87445414066314697266 -0.83487743139266967773 -0.80898314714431762695 -0.77768617868423461914 -0.74191880226135253906 -0.69239264726638793945 -0.64902597665786743164 -0.62460750341415405273 -0.59791165590286254883 -0.5705521702766418457 -0.55555021762847900391 -0.55626922845840454102 -0.56475788354873657227 -0.56643819808959960938 -0.56409239768981933594 -0.56943368911743164063 -0.58000034093856811523 -0.56308716535568237305 -0.51000809669494628906 -0.47032696008682250977 -0.44893816113471984863 -0.41737338900566101074 -0.38325124979019165039 -0.35423946380615234375 -0.32851111888885498047 -0.3070608675479888916 -0.29679358005523681641 -0.28751397132873535156 -0.27482712268829345703
-9999 -9999 -9999 -9999 -9999 -9999 -9999 -1.4190943241119384766 -1.428480982780456543 -1.367989659309387207 -1.1646877527236938477 -0.98859876394271850586 -0.92078900337219238281 -0.87292128801345825195 -0.85092759132385253906 -0.83337354660034179688 -0.80218982696533203125 -0.75641679763793945313 -0.70157569646835327148 -0.66232824325561523438 -0.6401265263557434082 -0.61415058374404907227 -0.58745390176773071289 -0.57411563396453857422 -0.57983618974685668945 -0.59122979640960693359 -0.59457910060882568359 -0.58821856975555419922 -0.5872300267219543457 -0.59000247716903686523 -0.56347525119781494141 -0.50691956281661987305 -0.46770197153091430664 -0.44769325852394104004 -0.42051899433135986328 -0.38809296488761901855 -0.36139628291130065918 -0.33790135383605957031 -0.32023584842681884766 -0.31240391731262207031 -0.30430245399475097656 -0.29260766506195068359
-9999 -9999 -9999 -9999 -9999 -9999 -1.3243429660797119141 -1.3768084049224853516 -1.3949971199035644531 -1.3223878145217895508 -1.1241067647933959961 -0.98329699039459228516 -0.92480289936065673828 -0.87604403495788574219 -0.86858612298965454102 -0.85881310701370239258 -0.82815957069396972656 -0.77487331628799438477 -0.71634322404861450195 -0.67650318145751953125 -0.65567445755004882813 -0.62967574596405029297 -0.60487532615661621094 -0.59495395421981811523 -0.60489290952682495117 -0.62136006355285644531 -0.62746864557266235352 -0.6216831207275390625 -0.61479675769805908203 -0.60211956501007080078 -0.56136643886566162109 -0.50335520505905151367 -0.4666633903980255127 -0.44693914055824279785 -0.42258033156394958496 -0.39278194308280944824 -0.36873745918273925781 -0.34755408763885498047 -0.33249336481094360352 -0.32755857706069946289 -0.32192057371139526367 -0.31052076816558837891
-9999 -9999 -9999 -9999 -1.3506488800048828125 -1.3272260427474975586 -1.2698934078216552734 -1.2745208740234375 -1.2894991636276245117 -1.2330049276351928711 -1.095419764518737793 -1.0008088350296020508 -0.92821711301803588867 -0.90757983922958374023 -0.91650742292404174805 -0.90098047256469726563 -0.85172301530838012695 -0.78867071866989135742 -0.73329585790634155273 -0.69332063198089599609 -0.67314159870147705078 -0.64757478237152099609 -0.6244055628776550293 -0.61769825220108032227 -0.62905853986740112305 -0.66795217990875244141 -0.69538724422454833984 -0.69714128971099853516 -0.67417579889297485352 -0.6187877655029296875 -0.55355650186538696289 -0.49468046426773071289 -0.46085241436958312988 -0.44213601946830749512 -0.42032408714294433594 -0.39678263664245605469 -0.37964826822280883789 -0.36312314867973327637 -0.34944337606430053711 -0.34479480981826782227 -0.33980205655097961426 -0.32855939865112304688
-9999 -9999 -9999 -9999 -1.3003598451614379883 -1.2779395580291748047 -1.2094959020614624023 -1.1812005043029785156 -1.1867139339447021484 -1.1653883457183837891 -1.1021648645401000977 -1.0366728305816650391 -0.96685880422592163086 -0.96580004692077636719 -0.97473198175430297852 -0.9362799525260925293 -0.85009008646011352539 -0.77727967500686645508 -0.73527294397354125977 -0.70941555500030517578 -0.70234912633895874023 -0.69136106967926025391 -0.66092973947525024414 -0.65193456411361694336 -0.66147840023040771484 -0.74457800388336181641 -0.81518656015396118164 -0.79746133089065551758 -0.72583091259002685547 -0.62235301733016967773 -0.54180109500885009766 -0.4886500239372253418 -0.45702117681503295898 -0.43894127011299133301 -0.41958135366439819336 -0.40263134241104125977 -0.39315420389175415039 -0.38273853063583374023 -0.37182334065437316895 -0.36585435271263122559 -0.35817605257034301758 -0.34770071506500244141
-9999 -9999 -9999 -9999 -1.3081171512603759766 -1.2792537212371826172 -1.2032433748245239258 -1.1652188301086425781 -1.1629126071929931641 -1.1578593254089355469 -1.1295691728591918945 -1.0788770914077758789 -1.0306528806686401367 -1.0177404880523681641 -0.99939632415771484375 -0.94022095203399658203 -0.84052860736846923828 -0.76683241128921508789 -0.73354780673980712891 -0.72734969854354858398 -0.74753046035766601563 -0.7757670283317565918 -0.7441170811653137207 -0.72923284769058227539 -0.73606133460998535156 -0.82602095603942871094 -0.89597105979919433594 -0.83401530981063842773 -0.71622115373611450195 -0.61142814159393310547 -0.53908485174179077148 -0.49007138609886169434 -0.46084451675415039063 -0.44412189722061157227 -0.42517548799514770508 -0.40921223163604736328 -0.39930313825607299805 -0.39054149389266967773 -0.38134527206420898438 -0.37627616524696350098 -0.36970755457878112793 -0.35947978496551513672
-9999 -9999 -9999 -9999 -1.3569208383560180664 -1.3168349266052246094 -1.2230203151702880859 -1.1818940639495849609 -1.1788862943649291992 -1.1790355443954467773 -1.1530122756958007813 -1.1028188467025756836 -1.0706729888916015625 -1.0567569732666015625 -1.0285160541534423828 -0.95730090141296386719 -0.85290640592575073242 -0.78161752223968505859 -0.76011192798614501953 -0.7717075347900390625 -0.81209981441497802734 -0.87659186124801635742 -0.86307102441787719727 -0.84872400760650634766 -0.85543835163116455078 -0.89091598987579345703 -0.8961932063102722168 -0.80929219722747802734 -0.68919962644577026367 -0.605701446533203125 -0.54526364803314208984 -0.4973633885383605957 -0.47006446123123168945 -0.4541600346565246582 -0.4334296882152557373 -0.41486254334449768066 -0.40266644954681396484 -0.39348867535591125488 -0.38607200980186462402 -0.38126888871192932129 -0.37555801868438720703 -0.36625206470489501953
-9999 -9999 -9999 -9999 -1.3797072172164916992 -1.3402605056762695313 -1.2452404499053955078 -1.200944066047668457 -1.1978266239166259766 -1.2007712125778198242 -1.1700360774993896484 -1.1222174167633056641 -1.1135181188583374023 -1.1053832769393920898 -1.0747780799865722656 -0.99750614166259765625 -0.88521301746368408203 -0.82489287853240966797 -0.83389770984649658203 -0.86278831958770751953 -0.90093046426773071289 -0.95352053642272949219 -0.95125114917755126953 -0.94170814752578735352 -0.93925344944000244141 -0.90878522396087646484 -0.84261280298233032227 -0.75449150800704956055 -0.66365128755569458008 -0.6041247248649597168 -0.55307185649871826172 -0.5079256892204284668 -0.48160824179649353027 -0.46487945318222045898 -0.44119402766227722168 -0.42039781808853149414 -0.40700516104698181152 -0.39761665463447570801 -0.39248347282409667969 -0.38757061958312988281 -0.37981066107749938965 -0.37208849191665649414
-9999 -9999 -9999 -9999 -1.4257155656814575195 -1.3836869001388549805 -1.2794284820556640625 -1.2286293506622314453 -1.2232828140258789063 -1.2195367813110351563 -1.1848623752593994141 -1.1643453836441040039 -1.1943913698196411133 -1.1880624294281005859 -1.1506032943725585938 -1.0647628307342529297 -0.94893079996109008789 -0.91530203819274902344 -0.95127660036087036133 -0.97236424684524536133 -0.98457086086273193359 -0.9905688166618347168 -0.9719384312629699707 -0.94762617349624633789 -0.92279422283172607422 -0.85890001058578491211 -0.77020537853240966797 -0.7027740478515625 -0.64322465658187866211 -0.59956657886505126953 -0.55742633342742919922 -0.51876181364059448242 -0.49352249503135681152 -0.4751072227954864502 -0.44995829463005065918 -0.42803046107292175293 -0.41434457898139953613 -0.40436524152755737305 -0.39772814512252807617 -0.39254754781723022461 -0.38561022281646728516 -0.37998977303504943848
-9999 -9999 -9999 -1.5995886325836181641 -1.5506402254104614258 -1.4519600868225097656 -1.3208417892456054688 -1.2636312246322631836 -1.2570160627365112305 -1.2425689697265625 -1.2073055505752563477 -1.2298663854598999023 -1.2905201911926269531 -1.2791018486022949219 -1.2428095340728759766 -1.1675875186920166016 -1.0679566860198974609 -1.0246049165725708008 -1.0140936374664306641 -0.99367135763168334961 -0.98412752151489257813 -0.96998071670532226563 -0.92744719982147216797 -0.8740221858024597168 -0.82013624906539916992 -0.76330935955047607422 -0.70856744050979614258 -0.6734225153923034668 -0.6344235539436340332 -0.59400582313537597656 -0.55789780616760253906 -0.52436822652816772461 -0.49988391995429992676 -0.48257219791412353516 -0.45851802825927734375 -0.43832409381866455078 -0.42529663443565368652 -0.41542088985443115234 -0.40755560994148254395 -0.39945062994956970215 -0.39310941100120544434 -0.39124733209609985352
