INPUT/RASTER/ASCII_standard/BIO13.asc
ncols        225
nrows        269
xllcorner    473009.983799999987
yllcorner    4429051.174800000153
cellsize     50.000000000000
NODATA_value  -9999
[rows 152 to 170 of 269, columns 84 to 125 of 225]
0.34146341681480407715 0.33703643083572387695 0.33364179730415344238 0.33006438612937927246 0.32612392306327819824 0.31944704055786132813 0.29955706000328063965 0.27487462759017944336 0.25023412704467773438 0.22848200798034667969 0.21504792571067810059 0.18470731377601623535 0.12750841677188873291 0.072706386446952819824 0.023484708741307258606 -0.0085871787741780281067 0.0020277118310332298279 0.035288773477077484131 0.10412626713514328003 0.1883007735013961792 0.26126271486282348633 0.29906311631202697754 0.31191560626029968262 0.31361600756645202637 0.30728238821029663086 0.29694780707359313965 0.28672930598258972168 0.28301730751991271973 0.2932358086109161377 0.31068566441535949707 0.32495081424713134766 0.34221792221069335938 0.35222154855728149414 0.36021605134010314941 0.36805498600006103516 0.3723424375057220459 0.3747170567512512207 0.37589019536972045898 0.37410828471183776855 0.37054076790809631348 0.36341929435729980469 0.3530476689338684082
0.31518304347991943359 0.31146362423896789551 0.30748859047889709473 0.3034839332103729248 0.29828268289566040039 0.29086610674858093262 0.27247527241706848145 0.24251130223274230957 0.2055629342794418335 0.17231915891170501709 0.15248353779315948486 0.11650577932596206665 0.051955733448266983032 -0.0026721803005784749985 -0.031240759417414665222 -0.018208004534244537354 0.022733911871910095215 0.058147341012954711914 0.11904589086771011353 0.19193868339061737061 0.25191107392311096191 0.28495973348617553711 0.29980650544166564941 0.30412361025810241699 0.30106484889984130859 0.29305922985076904297 0.28520300984382629395 0.2833754122257232666 0.29802337288856506348 0.32015830278396606445 0.33515202999114990234 0.3473364412784576416 0.35100150108337402344 0.35412201285362243652 0.35889229178428649902 0.36114344000816345215 0.36239314079284667969 0.36372306942939758301 0.36381074786186218262 0.36150774359703063965 0.35601383447647094727 0.34843546152114868164
0.29430025815963745117 0.2921256721019744873 0.28770607709884643555 0.28316795825958251953 0.27741843461990356445 0.27090081572532653809 0.25269028544425964355 0.21031592786312103271 0.15280830860137939453 0.10975477844476699829 0.089724048972129821777 0.056308627128601074219 -0.0045775757171213626862 -0.044410582631826400757 -0.045677553862333297729 -0.0053790020756423473358 0.044686086475849151611 0.078212648630142211914 0.13319125771522521973 0.19728194177150726318 0.24595285952091217041 0.27249380946159362793 0.28729733824729919434 0.29315307736396789551 0.29397672414779663086 0.28760358691215515137 0.28086122870445251465 0.27991163730621337891 0.29418048262596130371 0.31411859393119812012 0.33404311537742614746 0.34416654706001281738 0.34567430615425109863 0.34693139791488647461 0.34882813692092895508 0.34885406494140625 0.34921959042549133301 0.35179799795150756836 0.35410347580909729004 0.35261178016662597656 0.34814032912254333496 0.34291067719459533691
0.27184796333312988281 0.2726148068904876709 0.26954492926597595215 0.26389050483703613281 0.25820642709732055664 0.25211730599403381348 0.23294603824615478516 0.17680294811725616455 0.097286351025104522705 0.040912345051765441895 0.020403722301125526428 -0.0074301115237176418304 -0.049948949366807937622 -0.060284759849309921265 -0.035750482231378555298 0.015890294685959815979 0.064447619020938873291 0.095610640943050384521 0.14544111490249633789 0.2007605433464050293 0.24178148806095123291 0.2633101046085357666 0.27570196986198425293 0.28135147690773010254 0.2842101752758026123 0.27863970398902893066 0.27290499210357666016 0.27399909496307373047 0.28753814101219177246 0.30321472883224487305 0.32406789064407348633 0.3334306180477142334 0.33539158105850219727 0.33647951483726501465 0.33658447861671447754 0.33530515432357788086 0.33468770980834960938 0.33872818946838378906 0.34493833780288696289 0.3438714146614074707 0.33947899937629699707 0.33621525764465332031
0.24743716418743133545 0.24982045590877532959 0.24836331605911254883 0.23959331214427947998 0.23278674483299255371 0.22549487650394439697 0.19874277710914611816 0.12848149240016937256 0.039356414228677749634 -0.026759436354041099548 -0.052153181284666061401 -0.067781619727611541748 -0.076503463089466094971 -0.056569054722785949707 -0.017188007012009620667 0.037633780390024185181 0.083573192358016967773 0.11254556477069854736 0.15708711743354797363 0.20331424474716186523 0.23710505664348602295 0.25370287895202636719 0.26109105348587036133 0.26451411843299865723 0.26653063297271728516 0.26320639252662658691 0.26110094785690307617 0.26530689001083374023 0.27784815430641174316 0.28894093632698059082 0.3019428253173828125 0.30968049168586730957 0.31603509187698364258 0.32201430201530456543 0.32265397906303405762 0.32107210159301757813 0.32020151615142822266 0.3229503333568572998 0.32996806502342224121 0.33047312498092651367 0.32658082246780395508 0.3227354586124420166
0.21763002872467041016 0.22008863091468811035 0.21778067946434020996 0.20767702162265777588 0.20041848719120025635 0.18919233977794647217 0.14481502771377563477 0.059582252055406570435 -0.023543851450085639954 -0.073988042771816253662 -0.086493514478206634521 -0.071346670389175415039 -0.04466249421238899231 -0.017126264050602912903 0.017273342236876487732 0.065614566206932067871 0.10602178424596786499 0.13083143532276153564 0.16816630959510803223 0.20594820380210876465 0.23120735585689544678 0.24169504642486572266 0.24402648210525512695 0.24375109374523162842 0.24239891767501831055 0.24215936660766601563 0.24563796818256378174 0.25126278400421142578 0.2593733668327331543 0.26548099517822265625 0.27123051881790161133 0.27985727787017822266 0.29436075687408447266 0.30881732702255249023 0.31379875540733337402 0.31226381659507751465 0.30947056412696838379 0.30780595541000366211 0.31058686971664428711 0.31148955225944519043 0.3095162510871887207 0.30634757876396179199
0.18024328351020812988 0.18411087989807128906 0.18171894550323486328 0.1737553030252456665 0.1685342937707901001 0.15518295764923095703 0.09847676008939743042 0.0033947064075618982315 -0.071681320667266845703 -0.095699422061443328857 -0.083224825561046600342 -0.037684280425310134888 0.012328946962952613831 0.041249461472034454346 0.067327320575714111328 0.1015799790620803833 0.13114261627197265625 0.14884810149669647217 0.17618675529956817627 0.2047293931245803833 0.2245057523250579834 0.23422165215015411377 0.23330292105674743652 0.22960820794105529785 0.22427730262279510498 0.2256936877965927124 0.23312632739543914795 0.23664446175098419189 0.2355219721794128418 0.23764593899250030518 0.24650360643863677979 0.26337927579879760742 0.286647796630859375 0.30668717622756958008 0.31324553489685058594 0.31104254722595214844 0.30539551377296447754 0.30097717046737670898 0.30023995041847229004 0.29981392621994018555 0.29808264970779418945 0.296146392822265625
0.13968293368816375732 0.1496359407901763916 0.15154628455638885498 0.14691923558712005615 0.14412227272987365723 0.13233055174350738525 0.075082264840602874756 -0.025044210255146026611 -0.096179783344268798828 -0.10454104840755462646 -0.077030748128890991211 -0.020572768524289131165 0.041202537715435028076 0.081066414713859558105 0.10944359004497528076 0.13329005241394042969 0.15372087061405181885 0.16442219913005828857 0.17955917119979858398 0.19970721006393432617 0.22037512063980102539 0.23540958762168884277 0.23433773219585418701 0.22931307554244995117 0.22262752056121826172 0.22502809762954711914 0.2324310988187789917 0.23072205483913421631 0.22047884762287139893 0.21894021332263946533 0.22958350181579589844 0.2532558441162109375 0.28456336259841918945 0.30748984217643737793 0.31327888369560241699 0.31043127179145812988 0.30388528108596801758 0.29819130897521972656 0.29515108466148376465 0.29353094100952148438 0.29149094223976135254 0.28896316885948181152
0.09866940230131149292 0.11683919280767440796 0.12357043474912643433 0.12028569728136062622 0.11754059046506881714 0.10780245810747146606 0.0542698688805103302 -0.048097886145114898682 -0.11714530736207962036 -0.11859750747680664063 -0.084415234625339508057 -0.021414946764707565308 0.051069099456071853638 0.10303958505392074585 0.13833817839622497559 0.16013722121715545654 0.17609290778636932373 0.18285378813743591309 0.18974184989929199219 0.20314630866050720215 0.22569738328456878662 0.24410921335220336914 0.24559351801872253418 0.24196301400661468506 0.23727300763130187988 0.24119493365287780762 0.24623811244964599609 0.23620977997779846191 0.21694096922874450684 0.21370686590671539307 0.22509230673313140869 0.24898692965507507324 0.27994742989540100098 0.29849013686180114746 0.30114263296127319336 0.29855930805206298828 0.29752820730209350586 0.2950115501880645752 0.29138350486755371094 0.28796911239624023438 0.28532403707504272461 0.28135269880294799805
0.072368033230304718018 0.092595107853412628174 0.098448358476161956787 0.093791685998439788818 0.088725045323371887207 0.074663646519184112549 0.019228132441639900208 -0.074472114443778991699 -0.13685497641563415527 -0.13578434288501739502 -0.099284231662750244141 -0.030017009004950523376 0.050147891044616699219 0.10671083629131317139 0.1491222381591796875 0.17758956551551818848 0.19519995152950286865 0.20159777998924255371 0.20536164939403533936 0.21620374917984008789 0.23643329739570617676 0.25026872754096984863 0.25532302260398864746 0.25543043017387390137 0.25495624542236328125 0.26242223381996154785 0.26887935400009155273 0.25438573956489562988 0.22952917218208312988 0.22843261063098907471 0.24397954344749450684 0.2591597437858581543 0.26951035857200622559 0.27053281664848327637 0.26606014370918273926 0.26558348536491394043 0.27765059471130371094 0.29004120826721191406 0.29026719927787780762 0.2846164405345916748 0.27922257781028747559 0.27419912815093994141
0.060526922345161437988 0.076859235763549804688 0.078564584255218505859 0.071303583681583404541 0.062906503677368164063 0.038511767983436584473 -0.020429523661732673645 -0.092653013765811920166 -0.14673635363578796387 -0.14621524512767791748 -0.11074130237102508545 -0.04200259968638420105 0.037649832665920257568 0.09802357107400894165 0.14785650372505187988 0.18389971554279327393 0.20338833332061767578 0.20841546356678009033 0.21057647466659545898 0.22125311195850372314 0.23782128095626831055 0.2491919100284576416 0.2561664283275604248 0.25949192047119140625 0.26480925083160400391 0.27843597531318664551 0.29021039605140686035 0.27741843461990356445 0.25310149788856506348 0.25384116172790527344 0.26980179548263549805 0.26383739709854125977 0.23323869705200195313 0.21586540341377258301 0.21636551618576049805 0.22404266893863677979 0.24783973395824432373 0.27551922202110290527 0.2845300137996673584 0.28112426400184631348 0.27375829219818115234 0.26729255914688110352
0.04185207560658454895 0.054108101874589920044 0.050413388758897781372 0.037837531417608261108 0.024656593799591064453 -0.0074646873399615287781 -0.061305992305278778076 -0.11600305885076522827 -0.15901459753513336182 -0.15363676846027374268 -0.11853082478046417236 -0.05429937317967414856 0.017102930694818496704 0.080936752259731292725 0.13565358519554138184 0.17540261149406433105 0.19755607843399047852 0.20346736907958984375 0.20814627408981323242 0.2199713289737701416 0.23308064043521881104 0.24283483624458312988 0.2496525198221206665 0.25702589750289916992 0.2698771059513092041 0.28967568278312683105 0.3052596747875213623 0.29296290874481201172 0.25616890192031860352 0.24028113484382629395 0.22717428207397460938 0.19137682020664215088 0.13723543286323547363 0.12625132501125335693 0.15558922290802001953 0.17989382147789001465 0.21096175909042358398 0.24649743735790252686 0.26607742905616760254 0.26856568455696105957 0.26084160804748535156 0.25217780470848083496
-0.0095207355916500091553 0.0026056282222270965576 -0.0075560673139989376068 -0.027185466140508651733 -0.042829956859350204468 -0.071993738412857055664 -0.11520656943321228027 -0.15365776419639587402 -0.17547658085823059082 -0.15651276707649230957 -0.1208116188645362854 -0.06434746086597442627 0.0027130614034831523895 0.067180372774600982666 0.12206637114286422729 0.16562002897262573242 0.1931463778018951416 0.20155456662178039551 0.20875629782676696777 0.21877968311309814453 0.22841408848762512207 0.23659135401248931885 0.24269282817840576172 0.25344970822334289551 0.27128115296363830566 0.29185894131660461426 0.30227747559547424316 0.27868047356605529785 0.21041101217269897461 0.16434563696384429932 0.11322598159313201904 0.071997575461864471436 0.040585104376077651978 0.058682035654783248901 0.11696638166904449463 0.15255269408226013184 0.18368484079837799072 0.21771892905235290527 0.24215318262577056885 0.25019338726997375488 0.24177408218383789063 0.22931307554244995117
-0.061940710991621017456 -0.05344114452600479126 -0.070222944021224975586 -0.093724876642227172852 -0.10867290198802947998 -0.13228227198123931885 -0.16426648199558258057 -0.18401566147804260254 -0.18272276222705841064 -0.14847750961780548096 -0.11029057949781417847 -0.059401832520961761475 0.0060175573453307151794 0.06729768216609954834 0.12137978523969650269 0.16827744245529174805 0.19705225527286529541 0.20562344789505004883 0.21261399984359741211 0.21899825334548950195 0.22589126229286193848 0.23332144320011138916 0.23954267799854278564 0.25162830948829650879 0.26833477616310119629 0.27797782421112060547 0.26618364453315734863 0.21381428837776184082 0.11781720072031021118 0.056093759834766387939 -0.0058766524307429790497 -0.022048430517315864563 0.0027908578049391508102 0.062081616371870040894 0.1321478039026260376 0.16628314554691314697 0.18865023553371429443 0.20824012160301208496 0.22386114299297332764 0.2298107147216796875 0.21995157003402709961 0.20480595529079437256
-0.095747582614421844482 -0.095554947853088378906 -0.11770099401473999023 -0.14128565788269042969 -0.15489633381366729736 -0.17586185038089752197 -0.19785600900650024414 -0.19660015404224395752 -0.17515304684638977051 -0.130880698561668396 -0.091792315244674682617 -0.043053466826677322388 0.019966581836342811584 0.078691773116588592529 0.13095492124557495117 0.17546436190605163574 0.20049999654293060303 0.20865133404731750488 0.21535663306713104248 0.21946132183074951172 0.224218025803565979 0.23090481758117675781 0.23734833300113677979 0.24800644814968109131 0.25650107860565185547 0.24270516633987426758 0.19562228024005889893 0.11195159703493118286 0.0079093687236309051514 -0.050489816814661026001 -0.10131929069757461548 -0.085352495312690734863 -0.0033921061549335718155 0.1021615937352180481 0.17792420089244842529 0.20400330424308776855 0.21283134818077087402 0.2137562483549118042 0.21284615993499755859 0.20903289318084716797 0.19546544551849365234 0.17975674569606781006
-0.12131173908710479736 -0.1279293745756149292 -0.15422333776950836182 -0.1769472956657409668 -0.18834508955478668213 -0.20498982071876525879 -0.21385738253593444824 -0.19508004188537597656 -0.15860339999198913574 -0.10856299847364425659 -0.070844084024429321289 -0.025444306433200836182 0.036708865314722061157 0.095301926136016845703 0.14403337240219116211 0.18203631043434143066 0.20078770816326141357 0.20798572897911071777 0.21409089863300323486 0.21762508153915405273 0.22198414802551269531 0.22784605622291564941 0.23258422315120697021 0.23667038977146148682 0.22468480467796325684 0.17776985466480255127 0.10126014798879623413 0.0012781494297087192535 -0.097501091659069061279 -0.14212784171104431152 -0.16631017625331878662 -0.11886794120073318481 0.0014547350583598017693 0.14364437758922576904 0.22422543168067932129 0.2425705641508102417 0.23929201066493988037 0.22425383329391479492 0.20794992148876190186 0.19327233731746673584 0.17422702908515930176 0.15693892538547515869
-0.14461115002632141113 -0.15373803675174713135 -0.18266595900058746338 -0.20464652776718139648 -0.21259412169456481934 -0.2203725278377532959 -0.21247063577175140381 -0.18133723735809326172 -0.13724271953105926514 -0.084362134337425231934 -0.047752123326063156128 -0.0061828987672924995422 0.052578102797269821167 0.10802226513624191284 0.15145365893840789795 0.18175105750560760498 0.19360820949077606201 0.19982452690601348877 0.20654094219207763672 0.21118032932281494141 0.21686440706253051758 0.22229410707950592041 0.22439336776733398438 0.21594072878360748291 0.16964197158813476563 0.086031801998615264893 -0.0078190937638282775879 -0.11268744617700576782 -0.2036549299955368042 -0.22946111857891082764 -0.21469956636428833008 -0.13895176351070404053 -0.00028889291570521891117 0.16809469461441040039 0.2531916499137878418 0.26657631993293762207 0.25484758615493774414 0.23161979019641876221 0.20745968818664550781 0.18430474400520324707 0.16033603250980377197 0.13885557651519775391
-0.1785736083984375 -0.18529744446277618408 -0.20792016386985778809 -0.22441546618938446045 -0.2279990464448928833 -0.21906974911689758301 -0.19111366569995880127 -0.15637570619583129883 -0.1149768829345703125 -0.067396342754364013672 -0.035078715533018112183 0.001276914612390100956 0.05190016329288482666 0.099249787628650665283 0.13768492639064788818 0.16113129258155822754 0.16931967437267303467 0.17459253966808319092 0.18410593271255493164 0.19360820949077606201 0.20204603672027587891 0.20751401782035827637 0.20849573612213134766 0.18981841206550598145 0.11506962776184082031 -0.0018744582775980234146 -0.11949278414249420166 -0.23399060964584350586 -0.32219940423965454102 -0.33244630694389343262 -0.28547084331512451172 -0.18973430991172790527 -0.043501723557710647583 0.13064619898796081543 0.22264604270458221436 0.24008232355117797852 0.23520460724830627441 0.22873514890670776367 0.21368463337421417236 0.19066059589385986328 0.16662149131298065186 0.14355547726154327393
-0.20708414912223815918 -0.21627771854400634766 -0.22849670052528381348 -0.23415483534336090088 -0.22841642796993255615 -0.19865003228187561035 -0.16194123029708862305 -0.13905796408653259277 -0.11138466745615005493 -0.071602284908294677734 -0.040823303163051605225 -0.0056086867116391658783 0.038329008966684341431 0.07573674619197845459 0.10983998328447341919 0.13093023002147674561 0.13770344853401184082 0.14275652170181274414 0.1535714566707611084 0.16617570817470550537 0.17648929357528686523 0.18024945259094238281 0.17830577492713928223 0.15834543108940124512 0.084890790283679962158 -0.048249773681163787842 -0.19334876537322998047 -0.32201293110847473145 -0.40662336349487304688 -0.41242226958274841309 -0.3671620488166809082 -0.27492880821228027344 -0.13330350816249847412 0.026364412158727645874 0.12835676968097686768 0.16444195806980133057 0.18832917511463165283 0.20677557587623596191 0.20977506041526794434 0.19934539496898651123 0.18359099328517913818 0.16761803627014160156
