INPUT/RASTER/ASCII_standard/BIO18.asc
ncols        225
nrows        269
xllcorner    473009.983799999987
yllcorner    4429051.174800000153
cellsize     50.000000000000
NODATA_value  -9999
[rows 76 to 94 of 269, columns 84 to 125 of 225]
1.1825031042098999023 1.189225316047668457 1.1932128667831420898 1.1857724189758300781 1.1691771745681762695 1.1537607908248901367 1.136519312858581543 1.0541088581085205078 1.0217741727828979492 1.0176085233688354492 1.0024300813674926758 0.98352319002151489258 0.97569566965103149414 0.97540771961212158203 0.96746426820755004883 0.9317188262939453125 0.88565433025360107422 0.87019151449203491211 0.88962250947952270508 0.90834069252014160156 0.92635124921798706055 0.94734758138656616211 0.98583298921585083008 1.026348114013671875 1.0429540872573852539 1.0504593849182128906 1.0542520284652709961 1.0491557121276855469 1.0483418703079223633 -9999 -9999 -9999 -9999 -9999 -9999 -9999 -9999 -9999 -9999 -9999 1.1622301340103149414 1.1895229816436767578
1.1699162721633911133 1.1776262521743774414 1.1817586421966552734 1.1757386922836303711 1.1613241434097290039 1.1485232114791870117 1.1325958967208862305 1.0486860275268554688 1.0137175321578979492 1.0071691274642944336 0.99350076913833618164 0.97613370418548583984 0.96677422523498535156 0.96474707126617431641 0.96064108610153198242 0.93956744670867919922 0.9029642939567565918 0.87298244237899780273 0.85911566019058227539 0.85317301750183105469 0.86836892366409301758 0.89873093366622924805 0.94875663518905639648 0.9943268895149230957 1.0110301971435546875 1.0193607807159423828 1.0258960723876953125 1.0241217613220214844 1.0192914009094238281 0.98313605785369873047 -9999 -9999 -9999 -9999 -9999 -9999 -9999 -9999 -9999 1.1091212034225463867 1.1526809930801391602 1.1742821931838989258
1.1576676368713378906 1.1663554906845092773 1.1694676876068115234 1.1614830493927001953 1.1491833925247192383 1.1393927335739135742 1.125113368034362793 1.0385626554489135742 0.9990571141242980957 0.98830699920654296875 0.97541910409927368164 0.9616629481315612793 0.95341753959655761719 0.95015871524810791016 0.94952571392059326172 0.94649422168731689453 0.93563789129257202148 0.91521215438842773438 0.89527106285095214844 0.86039394140243530273 0.8329150080680847168 0.83633184432983398438 0.87373393774032592773 0.91598999500274658203 0.93427795171737670898 0.94519668817520141602 0.95933210849761962891 0.96707445383071899414 0.97004884481430053711 0.97277742624282836914 -9999 -9999 -9999 -9999 -9999 -9999 -9999 -9999 1.0716795921325683594 1.1025201082229614258 1.1274547576904296875 1.1518856287002563477
1.1448245048522949219 1.1524834632873535156 1.1551189422607421875 1.1461414098739624023 1.134240269660949707 1.1224286556243896484 1.1050950288772583008 1.0169544219970703125 0.9690348505973815918 0.94778215885162353516 0.93547368049621582031 0.93110519647598266602 0.93128514289855957031 0.93164861202239990234 0.93644380569458007813 0.94546973705291748047 0.95608466863632202148 0.96314400434494018555 0.96172529458999633789 0.92848718166351318359 0.85363829135894775391 0.79482287168502807617 0.79320752620697021484 0.82986247539520263672 0.85927981138229370117 0.87645459175109863281 0.89931476116180419922 0.91358101367950439453 0.91656678915023803711 0.93162578344345092773 0.96654331684112548828 0.98028457164764404297 -9999 -9999 -9999 -9999 -9999 -9999 1.072050929069519043 1.088230133056640625 1.1117866039276123047 1.1242837905883789063
1.1315125226974487305 1.1389240026473999023 1.1419036388397216797 1.1332411766052246094 1.1196843385696411133 1.1002646684646606445 1.0739209651947021484 0.98293763399124145508 0.9350681304931640625 0.9120534062385559082 0.90152448415756225586 0.90459722280502319336 0.91203147172927856445 0.91831386089324951172 0.93003851175308227539 0.94313269853591918945 0.95624357461929321289 0.96502274274826049805 0.96543717384338378906 0.94670319557189941406 0.88763314485549926758 0.80643427371978759766 0.76839220523834228516 0.79755759239196777344 0.84940236806869506836 0.87549328804016113281 0.89897763729095458984 0.90986478328704833984 0.91345369815826416016 0.93325608968734741211 0.96293509006500244141 0.97694402933120727539 0.9786656498908996582 -9999 -9999 -9999 -9999 1.0393537282943725586 1.0575345754623413086 1.0872635841369628906 1.1053118705749511719 1.1153123378753662109
1.1197071075439453125 1.1278831958770751953 1.1317285299301147461 1.1226929426193237305 1.1041170358657836914 1.0727752447128295898 1.0347840785980224609 0.9415963292121887207 0.9088077545166015625 0.90371227264404296875 0.89526140689849853516 0.89608579874038696289 0.90470874309539794922 0.91211748123168945313 0.92517745494842529297 0.9399229884147644043 0.95405930280685424805 0.96092110872268676758 0.96064805984497070313 0.94689631462097167969 0.90129095315933227539 0.81435048580169677734 0.75570714473724365234 0.78299552202224731445 0.85782772302627563477 0.89063650369644165039 0.9110253453254699707 0.91669058799743652344 0.91917246580123901367 0.93452292680740356445 0.95653063058853149414 0.97037196159362792969 0.97931265830993652344 0.98702609539031982422 -9999 -9999 -9999 1.0498386621475219727 1.0611928701400756836 1.0896015167236328125 1.1019846200942993164 1.1135696172714233398
1.1086813211441040039 1.1156827211380004883 1.1193068027496337891 1.1096470355987548828 1.0858615636825561523 1.0433087348937988281 0.99771654605865478516 0.89881086349487304688 0.8764941096305847168 0.88779819011688232422 0.88488525152206420898 0.88696855306625366211 0.89684957265853881836 0.90581053495407104492 0.9203980565071105957 0.93572920560836791992 0.94815349578857421875 0.95119112730026245117 0.94808590412139892578 0.93066096305847167969 0.88135164976119995117 0.79585796594619750977 0.74780231714248657227 0.79064834117889404297 0.87945443391799926758 0.91391021013259887695 0.92912721633911132813 0.92822474241256713867 0.92632579803466796875 0.93586963415145874023 0.95067751407623291016 0.96005725860595703125 0.97029817104339599609 0.97893607616424560547 0.98362064361572265625 -9999 1.0402868986129760742 1.0477843284606933594 1.0803438425064086914 1.0997432470321655273 1.1053277254104614258 1.1178758144378662109
1.0995895862579345703 1.1009670495986938477 1.1013174057006835938 1.0912326574325561523 1.0646307468414306641 1.020478367805480957 0.97485375404357910156 0.86689931154251098633 0.83905255794525146484 0.85456627607345581055 0.86371511220932006836 0.87460744380950927734 0.88565433025360107422 0.8959128260612487793 0.91175055503845214844 0.92806667089462280273 0.93849551677703857422 0.93746656179428100586 0.93037825822830200195 0.90113472938537597656 0.83665668964385986328 0.7656434178352355957 0.74702537059783935547 0.8095245361328125 0.90002149343490600586 0.9313176274299621582 0.94189918041229248047 0.93686079978942871094 0.93254846334457397461 0.93542188405990600586 0.94519317150115966797 0.95185309648513793945 0.95988690853118896484 0.96797698736190795898 0.97431993484497070313 0.97706782817840576172 1.0485341548919677734 1.0559095144271850586 1.0914872884750366211 1.1085286140441894531 1.1126487255096435547 1.1269956827163696289
1.0838291645050048828 1.0766952037811279297 1.0693337917327880859 1.0597003698348999023 1.0334558486938476563 0.98956942558288574219 0.9401486515998840332 0.83843886852264404297 0.80457919836044311523 0.81848371028900146484 0.8386065363883972168 0.86019551753997802734 0.87459957599639892578 0.88370800018310546875 0.89811289310455322266 0.9125283360481262207 0.91939896345138549805 0.91348969936370849609 0.90188705921173095703 0.86069065332412719727 0.78585928678512573242 0.73735946416854858398 0.75035440921783447266 0.82220786809921264648 0.89956760406494140625 0.92562693357467651367 0.93625503778457641602 0.93503999710083007813 0.93450713157653808594 0.93471693992614746094 0.94070786237716674805 0.94608515501022338867 0.9504273533821105957 0.95528310537338256836 0.9642238616943359375 0.97038948535919189453 1.0474938154220581055 1.0542168617248535156 1.0888096094131469727 1.1109331846237182617 1.1198818683624267578 1.1356545686721801758
1.0516138076782226563 1.0306938886642456055 1.0150247812271118164 1.0068591833114624023 0.98675745725631713867 0.93287855386734008789 0.85812973976135253906 0.79454898834228515625 0.77298808097839355469 0.7878767848014831543 0.81457346677780151367 0.84196722507476806641 0.85746783018112182617 0.86605560779571533203 0.87836319208145141602 0.88537079095840454102 0.88192582130432128906 0.86775964498519897461 0.85151201486587524414 0.80212891101837158203 0.72993576526641845703 0.70899206399917602539 0.74924033880233764648 0.81481140851974487305 0.86805903911590576172 0.89041268825531005859 0.91005611419677734375 0.92199760675430297852 0.92951172590255737305 0.93343251943588256836 0.93673878908157348633 0.93862015008926391602 0.93811798095703125 0.93992125988006591797 0.9473063349723815918 0.95228236913681030273 1.0200859308242797852 1.0445781946182250977 1.0830074548721313477 1.1096251010894775391 1.1220309734344482422 1.1388686895370483398
0.99999213218688964844 0.97701168060302734375 0.96726149320602416992 0.96532040834426879883 0.94967848062515258789 0.89065670967102050781 0.80453002452850341797 0.76561886072158813477 0.75660789012908935547 0.77108919620513916016 0.79619508981704711914 0.82197082042694091797 0.83807188272476196289 0.85130918025970458984 0.8636404871940612793 0.86050015687942504883 0.83790069818496704102 0.80930155515670776367 0.7901611328125 0.74645644426345825195 0.69274002313613891602 0.69667220115661621094 0.74554955959320068359 0.79897457361221313477 0.83778834342956542969 0.8593184351921081543 0.88755500316619873047 0.91110259294509887695 0.92653381824493408203 0.9326108098030090332 0.93168020248413085938 0.92924660444259643555 0.92756539583206176758 0.9308426976203918457 0.94239962100982666016 0.97049570083618164063 1.0179245471954345703 1.0441489219665527344 1.0775845050811767578 1.1015719175338745117 1.1178836822509765625 1.1359829902648925781
0.93627172708511352539 0.92503875494003295898 0.93263274431228637695 0.94119250774383544922 0.92798590660095214844 0.8690668940544128418 0.78608143329620361328 0.75549644231796264648 0.74939572811126708984 0.76016080379486083984 0.77900099754333496094 0.8009955286979675293 0.81922823190689086914 0.84486877918243408203 0.85913497209548950195 0.84160906076431274414 0.80124747753143310547 0.76353025436401367188 0.73989665508270263672 0.7062003016471862793 0.67271375656127929688 0.68985426425933837891 0.74135488271713256836 0.78965455293655395508 0.82288914918899536133 0.84232717752456665039 0.87180250883102416992 0.90139544010162353516 0.92418450117111206055 0.93150287866592407227 0.92834061384201049805 0.92473232746124267578 0.92214161157608032227 0.92868560552597045898 0.94547849893569946289 0.97926789522171020508 1.0226469039916992188 1.0453139543533325195 1.0681618452072143555 1.0854532718658447266 1.1042996644973754883 1.1258929967880249023
0.88239198923110961914 0.88187134265899658203 0.90264558792114257813 0.91797411441802978516 0.90902721881866455078 0.85305273532867431641 0.77291965484619140625 0.74869251251220703125 0.7440764307975769043 0.7507266998291015625 0.76359611749649047852 0.78478646278381347656 0.80737888813018798828 0.84317874908447265625 0.85609388351440429688 0.82361340522766113281 0.77364218235015869141 0.73464930057525634766 0.711170196533203125 0.68657350540161132813 0.66480368375778198242 0.67604982852935791016 0.72126716375350952148 0.77334803342819213867 0.80581444501876831055 0.82306206226348876953 0.85490781068801879883 0.89334315061569213867 0.92152881622314453125 0.92784631252288818359 0.92500013113021850586 0.92189490795135498047 0.92189490795135498047 0.93324816226959228516 0.95357817411422729492 0.98567408323287963867 1.0218847990036010742 1.0391544103622436523 1.0535268783569335938 1.0648660659790039063 1.0830706357955932617 1.109936833381652832
0.85216957330703735352 0.85735982656478881836 0.87839829921722412109 0.89380848407745361328 0.88916516304016113281 0.83951520919799804688 0.76592874526977539063 0.74622380733489990234 0.74244701862335205078 0.74690681695938110352 0.75378006696701049805 0.77445685863494873047 0.79968041181564331055 0.84147995710372924805 0.85377967357635498047 0.81067198514938354492 0.75601613521575927734 0.71856230497360229492 0.69815325736999511719 0.68089509010314941406 0.66348242759704589844 0.66139119863510131836 0.69155740737915039063 0.74621593952178955078 0.78176909685134887695 0.79869890213012695313 0.83612114191055297852 0.88582378625869750977 0.91541409492492675781 0.92060965299606323242 0.92034012079238891602 0.9189942479133605957 0.92323637008666992188 0.93898451328277587891 0.96099048852920532227 0.98828941583633422852 1.0144804716110229492 1.0262410640716552734 1.0346848964691162109 1.0423297882080078125 1.0623112916946411133 1.0931333303451538086
0.84160202741622924805 0.85121876001358032227 0.86639803647994995117 0.87407189607620239258 0.87129068374633789063 0.82768434286117553711 0.77660077810287475586 0.752704620361328125 -9999 -9999 0.75250357389450073242 0.76727110147476196289 0.79198455810546875 0.83530819416046142578 0.84898269176483154297 0.80158638954162597656 0.74308699369430541992 0.70709222555160522461 0.69063913822174072266 0.67911994457244873047 0.66368079185485839844 0.64709514379501342773 0.65581816434860229492 0.70490622520446777344 0.74986368417739868164 0.77080821990966796875 0.81401425600051879883 0.86725836992263793945 0.8915882110595703125 0.90147185325622558594 0.90550148487091064453 0.90924143791198730469 0.9224312901496887207 0.94418358802795410156 0.96430987119674682617 0.98393321037292480469 0.99786841869354248047 1.0040533542633056641 1.0086729526519775391 1.0146156549453735352 1.042242884635925293 1.0796818733215332031
0.84109193086624145508 0.85415279865264892578 0.86178100109100341797 0.86295390129089355469 0.86106115579605102539 0.84861487150192260742 0.80215877294540405273 -9999 -9999 -9999 0.74716579914093017578 0.75029647350311279297 0.77251839637756347656 0.80948942899703979492 0.82084447145462036133 0.77830219268798828125 0.72654348611831665039 0.69530349969863891602 0.6824086308479309082 0.67658710479736328125 0.67013442516326904297 0.64936804771423339844 0.63143301010131835938 0.65878379344940185547 0.71602863073348999023 0.74888831377029418945 0.79896312952041625977 0.84120517969131469727 0.84415674209594726563 0.85876798629760742188 0.87260842323303222656 0.88479048013687133789 0.91342031955718994141 0.94632220268249511719 0.96387708187103271484 0.97338318824768066406 0.97614514827728271484 0.97561573982238769531 0.97426551580429077148 0.97844177484512329102 1.0105903148651123047 1.0539175271987915039
0.83912366628646850586 0.85679090023040771484 0.86107081174850463867 0.85878729820251464844 0.85880929231643676758 -9999 -9999 -9999 -9999 -9999 0.72731167078018188477 0.72972768545150756836 0.74513167142868041992 0.76672589778900146484 0.76764774322509765625 0.73808282613754272461 0.70654004812240600586 0.68693166971206665039 0.67707526683807373047 0.6788056492805480957 0.68438130617141723633 0.67268300056457519531 0.63968282938003540039 0.63629144430160522461 0.69046354293823242188 0.73474937677383422852 0.79595011472702026367 0.83052617311477661133 0.8020165562629699707 0.79779726266860961914 0.81880944967269897461 0.84385210275650024414 0.8922589421272277832 0.94025397300720214844 0.96129602193832397461 0.96588575839996337891 0.96520978212356567383 0.9615936279296875 0.95822411775588989258 0.96058577299118041992 0.97966563701629638672 1.0219366550445556641
0.82031416893005371094 0.85050147771835327148 0.86329281330108642578 0.85869425535202026367 0.85345304012298583984 0.84567558765411376953 -9999 -9999 -9999 -9999 0.7175948023796081543 0.71898370981216430664 0.72642320394515991211 0.73453605175018310547 0.73154759407043457031 0.72116619348526000977 0.69956231117248535156 0.68982005119323730469 0.68088543415069580078 0.68588167428970336914 0.69221764802932739258 0.67942196130752563477 0.64386439323425292969 0.62485039234161376953 0.66573601961135864258 0.71474510431289672852 0.78407889604568481445 0.8142802119255065918 0.76516234874725341797 0.73887562751770019531 0.76230120658874511719 0.79829418659210205078 0.8629767298698425293 0.92391324043273925781 0.95363086462020874023 0.96060067415237426758 0.96012222766876220703 0.95665180683135986328 0.95288902521133422852 0.95392584800720214844 0.96865558624267578125 1.001656651496887207
0.80458009243011474609 0.84104627370834350586 0.85989874601364135742 0.85406148433685302734 0.84695208072662353516 0.84354132413864135742 -9999 -9999 -9999 -9999 0.70406782627105712891 0.70980590581893920898 0.71297341585159301758 0.71618926525115966797 0.71836209297180175781 0.71670812368392944336 -9999 -9999 0.68204867839813232422 0.68880075216293334961 0.69447386264801025391 0.67838513851165771484 0.6436774134635925293 0.61858642101287841797 0.64738309383392333984 0.69514548778533935547 0.76191663742065429688 0.78063565492630004883 0.72706317901611328125 0.70312577486038208008 0.73004639148712158203 0.76667320728302001953 0.83483237028121948242 0.90308630466461181641 0.9405867457389831543 0.9535579681396484375 0.95495742559432983398 0.95349305868148803711 0.95136141777038574219 0.95068454742431640625 0.96286308765411376953 0.98671972751617431641
