INPUT/RASTER/ASCII_standard/BIO16.asc
ncols        225
nrows        269
xllcorner    473009.983799999987
yllcorner    4429051.174800000153
cellsize     50.000000000000
NODATA_value  -9999
[rows 162 to 179 of 269, columns 126 to 167 of 225]
0.30599194765090942383 0.29834097623825073242 0.28212940692901611328 0.25019192695617675781 0.21580305695533752441 0.19253218173980712891 0.16402703523635864258 0.11678569018840789795 0.05728931725025177002 0.0064325574785470962524 -0.030617773532867431641 -0.053746044635772705078 -0.07279637455940246582 -0.098449267446994781494 -0.11604648828506469727 -0.14510859549045562744 -0.18104887008666992188 -0.2062816321849822998 -0.21587714552879333496 -0.24343025684356689453 -0.30626067519187927246 -0.36612707376480102539 -0.38426199555397033691 -0.36779603362083435059 -0.34182128310203552246 -0.27451014518737792969 -0.16914072632789611816 -0.09486468881368637085 -0.065257184207439422607 -0.054486088454723358154 -0.05024433135986328125 -0.047735124826431274414 -0.068974740803241729736 -0.14156062901020050049 -0.25408765673637390137 -0.3621107935905456543 -0.42093652486801147461 -0.4678058922290802002 -0.52686482667922973633 -0.55981212854385375977 -0.56929391622543334961 -0.57312905788421630859
0.28704378008842468262 0.27342620491981506348 0.2479159235954284668 0.20661227405071258545 0.16955229640007019043 0.14571675658226013184 0.11868397891521453857 0.076276049017906188965 0.024407507851719856262 -0.014963165856897830963 -0.039544541388750076294 -0.051776453852653503418 -0.060435339808464050293 -0.073927633464336395264 -0.094014793634414672852 -0.12604092061519622803 -0.13906298577785491943 -0.14163579046726226807 -0.15353815257549285889 -0.2024889141321182251 -0.28961163759231567383 -0.36756283044815063477 -0.39455321431159973145 -0.38872730731964111328 -0.37470695376396179199 -0.33417224884033203125 -0.2668476104736328125 -0.208170279860496521 -0.17275229096412658691 -0.15020217001438140869 -0.13471138477325439453 -0.10907389968633651733 -0.10758803039789199829 -0.16730411350727081299 -0.27120497822761535645 -0.37510201334953308105 -0.43426692485809326172 -0.4825547337532043457 -0.54194509983062744141 -0.57177233695983886719 -0.57679265737533569336 -0.57749611139297485352
0.25950413942337036133 0.23986023664474487305 0.2091099172830581665 0.16663452982902526855 0.12743923068046569824 0.10222380608320236206 0.075688250362873077393 0.041665542870759963989 0.0076331999152898788452 -0.010894856415688991547 -0.015404493547976016998 -0.014323337003588676453 -0.014745392836630344391 -0.02895267680287361145 -0.062963820993900299072 -0.10263706743717193604 -0.12189745903015136719 -0.13166640698909759521 -0.1515223085880279541 -0.21331012248992919922 -0.30236196517944335938 -0.37533327937126159668 -0.4063746333122253418 -0.41274014115333557129 -0.41136026382446289063 -0.39663842320442199707 -0.3673566281795501709 -0.32614356279373168945 -0.28547587990760803223 -0.24864716827869415283 -0.22425851225852966309 -0.18753965198993682861 -0.1696437150239944458 -0.20649363100528717041 -0.2919724583625793457 -0.39123457670211791992 -0.45204338431358337402 -0.50069737434387207031 -0.55329436063766479492 -0.57452434301376342773 -0.57599866390228271484 -0.57605260610580444336
0.23397073149681091309 0.21439428627490997314 0.18575423955917358398 0.14572638273239135742 0.10535742342472076416 0.080481186509132385254 0.057460837066173553467 0.036928497254848480225 0.02466960810124874115 0.020518427714705467224 0.023615431040525436401 0.027400443330407142639 0.020849905908107757568 -0.011143464595079421997 -0.055561464279890060425 -0.10309959203004837036 -0.13625313341617584229 -0.15731930732727050781 -0.17916406691074371338 -0.23655594885349273682 -0.31553435325622558594 -0.38216134905815124512 -0.41787996888160705566 -0.43636369705200195313 -0.44658169150352478027 -0.4527988433837890625 -0.44919306039810180664 -0.42494893074035644531 -0.38534313440322875977 -0.33513391017913818359 -0.30341997742652893066 -0.26347115635871887207 -0.23842725157737731934 -0.25313368439674377441 -0.3161741793155670166 -0.40982043743133544922 -0.47263160347938537598 -0.52032774686813354492 -0.56301707029342651367 -0.57431232929229736328 -0.57321000099182128906 -0.57339310646057128906
0.21068057417869567871 0.1956831514835357666 0.17107863724231719971 0.13264651596546173096 0.091258063912391662598 0.067933216691017150879 0.05465291440486907959 0.050091240555047988892 0.050885245203971862793 0.044826142489910125732 0.035178605467081069946 0.02877838723361492157 0.012665106914937496185 -0.027827195823192596436 -0.070134915411472320557 -0.11676148325204849243 -0.1563075333833694458 -0.18428462743759155273 -0.20516578853130340576 -0.25106966495513916016 -0.3171628117561340332 -0.38090479373931884766 -0.42532089352607727051 -0.45359861850738525391 -0.47342559695243835449 -0.4970048367977142334 -0.51035451889038085938 -0.49965086579322814941 -0.46211102604866027832 -0.4025472104549407959 -0.36454871296882629395 -0.31793561577796936035 -0.28656089305877685547 -0.29022833704948425293 -0.34040671586990356445 -0.42776650190353393555 -0.4900245368480682373 -0.53404939174652099609 -0.56876975297927856445 -0.57518732547760009766 -0.573741912841796875 -0.57279181480407714844
0.18804952502250671387 0.17694887518882751465 0.15578441321849822998 0.1182021796703338623 0.076316513121128082275 0.055030643939971923828 0.050255052745342254639 0.054263617843389511108 0.052336424589157104492 0.031426355242729187012 -0.0009698001667857170105 -0.023889934644103050232 -0.046802360564470291138 -0.083715863525867462158 -0.11107625067234039307 -0.13984543085098266602 -0.17068247497081756592 -0.20127862691879272461 -0.22398293018341064453 -0.26541954278945922852 -0.32172641158103942871 -0.37952300906181335449 -0.43116605281829833984 -0.46492087841033935547 -0.49026352167129516602 -0.53132432699203491211 -0.56200337409973144531 -0.5600993037223815918 -0.52110439538955688477 -0.45653951168060302734 -0.41484656929969787598 -0.35980010032653808594 -0.32097867131233215332 -0.31996688246726989746 -0.36335769295692443848 -0.4420566558837890625 -0.49850997328758239746 -0.53915452957153320313 -0.57181859016418457031 -0.57953888177871704102 -0.57838064432144165039 -0.57517379522323608398
0.16060818731784820557 0.14027050137519836426 0.11050303280353546143 0.072583541274070739746 0.033636845648288726807 0.01427046116441488266 0.011751616373658180237 0.015093373134732246399 0.0021349114831537008286 -0.039791222661733627319 -0.090497665107250213623 -0.12470923364162445068 -0.15068396925926208496 -0.18166749179363250732 -0.19444094598293304443 -0.19880989193916320801 -0.20871761441230773926 -0.22910925745964050293 -0.2494045644998550415 -0.28585359454154968262 -0.32856604456901550293 -0.37799859046936035156 -0.43806928396224975586 -0.47760570049285888672 -0.50666010379791259766 -0.56097811460494995117 -0.60764706134796142578 -0.61690145730972290039 -0.580963134765625 -0.51209670305252075195 -0.46539884805679321289 -0.3997084498405456543 -0.35089260339736938477 -0.34552150964736938477 -0.38368189334869384766 -0.45382604002952575684 -0.50447076559066772461 -0.54278343915939331055 -0.5768909454345703125 -0.58649605512619018555 -0.58570784330368041992 -0.58185923099517822266
0.13639876246452331543 0.073206022381782531738 0.004514997825026512146 -0.046216491609811782837 -0.087899804115295410156 -0.1110068783164024353 -0.11469167470932006836 -0.11029381304979324341 -0.12525463104248046875 -0.17765699326992034912 -0.23787607252597808838 -0.27823346853256225586 -0.30389794707298278809 -0.3258062899112701416 -0.32943713665008544922 -0.31873732805252075195 -0.30684846639633178711 -0.30922663211822509766 -0.32016539573669433594 -0.34341120719909667969 -0.36334228515625 -0.39976432919502258301 -0.4618142545223236084 -0.50526672601699829102 -0.53944170475006103516 -0.59668904542922973633 -0.64433509111404418945 -0.66468816995620727539 -0.63950169086456298828 -0.55930912494659423828 -0.50015580654144287109 -0.42109453678131103516 -0.36856883764266967773 -0.36459109187126159668 -0.40377098321914672852 -0.47161790728569030762 -0.52066117525100708008 -0.55636054277420043945 -0.58881837129592895508 -0.59789544343948364258 -0.59563869237899780273 -0.58992844820022583008
0.16088762879371643066 0.076118014752864837646 -0.026684368029236793518 -0.11090473085641860962 -0.18378548324108123779 -0.22633795440196990967 -0.24053560197353363037 -0.2385139763355255127 -0.2411677241325378418 -0.27271977066993713379 -0.31968745589256286621 -0.3544521331787109375 -0.37956541776657104492 -0.4032275080680847168 -0.41110396385192871094 -0.40417376160621643066 -0.38971209526062011719 -0.38432750105857849121 -0.38929775357246398926 -0.40570011734962463379 -0.42010009288787841797 -0.44734871387481689453 -0.4979954063892364502 -0.53739309310913085938 -0.57058709859848022461 -0.62197577953338623047 -0.66138881444931030273 -0.68047189712524414063 -0.65718370676040649414 -0.56838625669479370117 -0.5005855560302734375 -0.41584485769271850586 -0.36832407116889953613 -0.37170824408531188965 -0.41766414046287536621 -0.4902133941650390625 -0.54025304317474365234 -0.57469010353088378906 -0.60336482524871826172 -0.60972839593887329102 -0.60518026351928710938 -0.59786075353622436523
0.20346708595752716064 0.12002337723970413208 0.0024952972307801246643 -0.11398632079362869263 -0.21605251729488372803 -0.27409192919731140137 -0.30378422141075134277 -0.31631293892860412598 -0.31311571598052978516 -0.32214462757110595703 -0.34754890203475952148 -0.37340223789215087891 -0.40158361196517944336 -0.43604764342308044434 -0.45464122295379638672 -0.45649519562721252441 -0.44740462303161621094 -0.44246906042098999023 -0.4464410245418548584 -0.46183738112449645996 -0.4774303138256072998 -0.4997202455997467041 -0.53691703081130981445 -0.56901836395263671875 -0.59692800045013427734 -0.64046335220336914063 -0.67308306694030761719 -0.68586611747741699219 -0.65599077939987182617 -0.56287062168121337891 -0.49261274933815002441 -0.40579259395599365234 -0.36229965090751647949 -0.37433692812919616699 -0.4274870455265045166 -0.50519347190856933594 -0.55595195293426513672 -0.58916330337524414063 -0.61641967296600341797 -0.62013721466064453125 -0.61317038536071777344 -0.60482758283615112305
0.24307672679424285889 0.16693323850631713867 0.048227645456790924072 -0.087458476424217224121 -0.20559747517108917236 -0.27054011821746826172 -0.31790092587471008301 -0.35366776585578918457 -0.3597634732723236084 -0.36013543605804443359 -0.36952856183052062988 -0.38788703083992004395 -0.41942945122718811035 -0.46716800332069396973 -0.49825558066368103027 -0.50793975591659545898 -0.50477719306945800781 -0.50245690345764160156 -0.50760251283645629883 -0.52363866567611694336 -0.53754919767379760742 -0.55364704132080078125 -0.58062779903411865234 -0.60539031028747558594 -0.62738156318664550781 -0.6627089381217956543 -0.68716311454772949219 -0.69032758474349975586 -0.65095496177673339844 -0.55367982387542724609 -0.4833622276782989502 -0.39768490195274353027 -0.35829687118530273438 -0.37891593575477600098 -0.43780332803726196289 -0.51804405450820922852 -0.56828987598419189453 -0.60126417875289916992 -0.63001984357833862305 -0.63195860385894775391 -0.62125688791275024414 -0.61154574155807495117
0.25949066877365112305 0.20050884783267974854 0.095956563949584960938 -0.040562100708484649658 -0.16524972021579742432 -0.23426066339015960693 -0.29996645450592041016 -0.3645159304141998291 -0.39438745379447937012 -0.4035975337028503418 -0.40796840190887451172 -0.42110031843185424805 -0.45259454846382141113 -0.50920206308364868164 -0.5504671931266784668 -0.56491923332214355469 -0.56640702486038208008 -0.56959843635559082031 -0.57729953527450561523 -0.59241259098052978516 -0.60076695680618286133 -0.60952609777450561523 -0.63012778759002685547 -0.64950382709503173828 -0.66521817445755004883 -0.68953359127044677734 -0.70208156108856201172 -0.69052994251251220703 -0.63650679588317871094 -0.533367156982421875 -0.46571680903434753418 -0.39115169644355773926 -0.36253669857978820801 -0.38852494955062866211 -0.44803673028945922852 -0.52672988176345825195 -0.57592540979385375977 -0.61241298913955688477 -0.64508670568466186523 -0.64448344707489013672 -0.63012778759002685547 -0.61995220184326171875
0.22265423834323883057 0.20530369877815246582 0.13630047440528869629 0.016758469864726066589 -0.10446597635746002197 -0.17623473703861236572 -0.26026046276092529297 -0.35773605108261108398 -0.42395448684692382813 -0.45789819955825805664 -0.46889668703079223633 -0.47951745986938476563 -0.50504124164581298828 -0.55839371681213378906 -0.60108107328414916992 -0.6168320775032043457 -0.61947810649871826172 -0.6256625056266784668 -0.63477426767349243164 -0.64701002836227416992 -0.65255647897720336914 -0.66311943531036376953 -0.68642306327819824219 -0.70408970117568969727 -0.71392804384231567383 -0.72433292865753173828 -0.72359871864318847656 -0.69780701398849487305 -0.62737381458282470703 -0.51298320293426513672 -0.44557183980941772461 -0.38401338458061218262 -0.3690872490406036377 -0.40089175105094909668 -0.46067336201667785645 -0.53422474861145019531 -0.58289992809295654297 -0.62503612041473388672 -0.65843445062637329102 -0.6546147465705871582 -0.63911813497543334961 -0.62678796052932739258
0.12690347433090209961 0.16918806731700897217 0.15359319746494293213 0.077187605202198028564 -0.024568308144807815552 -0.098447345197200775146 -0.19805443286895751953 -0.33409130573272705078 -0.45526564121246337891 -0.52660465240478515625 -0.54726803302764892578 -0.55455088615417480469 -0.56798344850540161133 -0.60007512569427490234 -0.6336314082145690918 -0.6535663604736328125 -0.66050809621810913086 -0.66497915983200073242 -0.67201155424118041992 -0.67845797538757324219 -0.68570232391357421875 -0.70583575963973999023 -0.73863464593887329102 -0.75894922018051147461 -0.7632122039794921875 -0.75850790739059448242 -0.74337750673294067383 -0.70862436294555664063 -0.63059222698211669922 -0.50945258140563964844 -0.43917933106422424316 -0.37854400277137756348 -0.36925876140594482422 -0.40925192832946777344 -0.47456264495849609375 -0.54435026645660400391 -0.59116184711456298828 -0.63359290361404418945 -0.66810512542724609375 -0.66550147533416748047 -0.6456667780876159668 -0.63018560409545898438
0.0057445485144853591919 0.096993394196033477783 0.13489362597465515137 0.11340153962373733521 0.040216293185949325562 -0.033566381782293319702 -0.1437133103609085083 -0.30774652957916259766 -0.47136157751083374023 -0.57605069875717163086 -0.60919266939163208008 -0.6158511042594909668 -0.62179458141326904297 -0.6372082829475402832 -0.66000699996948242188 -0.68285393714904785156 -0.69454431533813476563 -0.69741582870483398438 -0.70050317049026489258 -0.70125091075897216797 -0.70925843715667724609 -0.7309220433235168457 -0.76007473468780517578 -0.77910578250885009766 -0.78008288145065307617 -0.76779508590698242188 -0.74553209543228149414 -0.70433634519577026367 -0.62674748897552490234 -0.51267874240875244141 -0.44696906208992004395 -0.39079517126083374023 -0.38311144709587097168 -0.42524185776710510254 -0.49125793576240539551 -0.55670934915542602539 -0.59827512502670288086 -0.63627552986145019531 -0.67324876785278320313 -0.67700684070587158203 -0.65669995546340942383 -0.63600957393646240234
-0.11241179704666137695 -0.0014515990624204277992 0.078856557607650756836 0.10694928467273712158 0.061839424073696136475 -0.0077650910243391990662 -0.11784070730209350586 -0.28541997075080871582 -0.45572045445442199707 -0.57564789056777954102 -0.62945711612701416016 -0.64732801914215087891 -0.65628755092620849609 -0.67371129989624023438 -0.69459247589111328125 -0.71490317583084106445 -0.72730857133865356445 -0.72953444719314575195 -0.72688651084899902344 -0.72219568490982055664 -0.72858434915542602539 -0.74578070640563964844 -0.76332205533981323242 -0.77446120977401733398 -0.7737038731575012207 -0.76286721229553222656 -0.74142909049987792969 -0.69840252399444580078 -0.6230723261833190918 -0.51808065176010131836 -0.45926073193550109863 -0.41253200173377990723 -0.41269582509994506836 -0.45527914166450500488 -0.51483333110809326172 -0.57278215885162353516 -0.60796695947647094727 -0.64111667871475219727 -0.67822092771530151367 -0.68759483098983764648 -0.6703020930290222168 -0.64505970478057861328
-0.23430305719375610352 -0.11711415648460388184 -0.011143464595079421997 0.056784391403198242188 0.043319076299667358398 -0.012347961775958538055 -0.10947860777378082275 -0.26188123226165771484 -0.42472729086875915527 -0.55613505840301513672 -0.63250404596328735352 -0.66525864601135253906 -0.68471366167068481445 -0.714874267578125 -0.73954814672470092773 -0.75876230001449584961 -0.77049118280410766602 -0.77066463232040405273 -0.76085138320922851563 -0.74752289056777954102 -0.74392098188400268555 -0.74793916940689086914 -0.7505581974983215332 -0.75138497352600097656 -0.74937683343887329102 -0.74523335695266723633 -0.73256403207778930664 -0.69588756561279296875 -0.62749713659286499023 -0.53545045852661132813 -0.48571726679801940918 -0.44945129752159118652 -0.45718899369239807129 -0.49696242809295654297 -0.54540246725082397461 -0.59379631280899047852 -0.62313783168792724609 -0.65000295639038085938 -0.6822121739387512207 -0.69375413656234741211 -0.67990148067474365234 -0.65464746952056884766
-0.3468628227710723877 -0.23239512741565704346 -0.12200923264026641846 -0.035029124468564987183 -0.018040897324681282043 -0.048993583768606185913 -0.12102250754833221436 -0.24723067879676818848 -0.39702194929122924805 -0.53334593772888183594 -0.62607294321060180664 -0.67413145303726196289 -0.70950514078140258789 -0.75647473335266113281 -0.78655630350112915039 -0.80738353729248046875 -0.81913745403289794922 -0.81814306974411010742 -0.80144006013870239258 -0.77385610342025756836 -0.75194579362869262695 -0.73548179864883422852 -0.72270059585571289063 -0.71377575397491455078 -0.70892697572708129883 -0.7103087306022644043 -0.71140336990356445313 -0.68927341699600219727 -0.63504403829574584961 -0.56026697158813476563 -0.52166330814361572266 -0.49706071615219116211 -0.50662344694137573242 -0.53815239667892456055 -0.57631468772888183594 -0.61735624074935913086 -0.64108198881149291992 -0.66113442182540893555 -0.68522244691848754883 -0.69481408596038818359 -0.68345522880554199219 -0.66181665658950805664
