INPUT/RASTER/ASCII_standard/BIO11.asc
ncols        225
nrows        269
xllcorner    473009.983799999987
yllcorner    4429051.174800000153
cellsize     50.000000000000
NODATA_value  -9999
[rows 162 to 179 of 269, columns 84 to 125 of 225]
0.35588142275810241699 0.32382029294967651367 0.30812895298004150391 0.30481612682342529297 0.30803978443145751953 0.32789760828018188477 0.38459151983261108398 0.4556388556957244873 0.50608301162719726563 0.49380961060523986816 0.44351518154144287109 0.33039179444313049316 0.19767811894416809082 0.1027816087007522583 0.016641793772578239441 -0.048757828772068023682 -0.09569800645112991333 -0.1134025081992149353 -0.12805537879467010498 -0.15562191605567932129 -0.19157880544662475586 -0.22127635776996612549 -0.24341814219951629639 -0.25611835718154907227 -0.27454912662506103516 -0.30603051185607910156 -0.33407485485076904297 -0.32975545525550842285 -0.31029897928237915039 -0.3193359673023223877 -0.35228583216667175293 -0.35659888386726379395 -0.32931268215179443359 -0.32052412629127502441 -0.33348873257637023926 -0.35100531578063964844 -0.39235189557075500488 -0.4428215324878692627 -0.46734598278999328613 -0.47251591086387634277 -0.47356072068214416504 -0.4746342003345489502
0.36599826812744140625 0.34484079480171203613 0.33668616414070129395 0.33984607458114624023 0.34876522421836853027 0.37714084982872009277 0.42677268385887145996 0.47678998112678527832 0.51429498195648193359 0.49659365415573120117 0.44807669520378112793 0.35613307356834411621 0.23873484134674072266 0.13217018544673919678 0.038484137505292892456 -0.029795091599225997925 -0.079595766961574554443 -0.098310038447380065918 -0.11628530174493789673 -0.14542223513126373291 -0.17879575490951538086 -0.21377472579479217529 -0.23710784316062927246 -0.25671404600143432617 -0.28857129812240600586 -0.32894635200500488281 -0.36217972636222839355 -0.35850375890731811523 -0.32233026623725891113 -0.3099581301212310791 -0.30544760823249816895 -0.27076169848442077637 -0.21282866597175598145 -0.21229669451713562012 -0.26289692521095275879 -0.30137664079666137695 -0.34853342175483703613 -0.40696656703948974609 -0.44066181778907775879 -0.43924748897552490234 -0.43302640318870544434 -0.43067556619644165039
0.38745200634002685547 0.39230656623840332031 0.39997065067291259766 0.41202425956726074219 0.42371469736099243164 0.44813084602355957031 0.48459422588348388672 0.51539391279220581055 0.52848595380783081055 0.49516659975051879883 0.44602528214454650879 0.36873134970664978027 0.27038505673408508301 0.1642154008150100708 0.060523979365825653076 -0.019337395206093788147 -0.06897243112325668335 -0.087909683585166931152 -0.10904486477375030518 -0.13584052026271820068 -0.16429577767848968506 -0.1956688612699508667 -0.21590577065944671631 -0.24306774139404296875 -0.29054626822471618652 -0.33472150564193725586 -0.36356219649314880371 -0.34596279263496398926 -0.26829299330711364746 -0.21651735901832580566 -0.16293561458587646484 -0.12179924547672271729 -0.09356378018856048584 -0.12657098472118377686 -0.21207053959369659424 -0.26233947277069091797 -0.29600286483764648438 -0.3430226743221282959 -0.38256952166557312012 -0.38746231794357299805 -0.37823098897933959961 -0.37037897109985351563
0.40403524041175842285 0.4266420900821685791 0.46320739388465881348 0.4840272068977355957 0.49481618404388427734 0.51230406761169433594 0.53528046607971191406 0.54448944330215454102 0.53115212917327880859 0.48013463616371154785 0.42784297466278076172 0.35735309123992919922 0.26444745063781738281 0.17245286703109741211 0.074163898825645446777 -0.02223293110728263855 -0.078566879034042358398 -0.097727112472057342529 -0.11859153956174850464 -0.14064411818981170654 -0.16372558474540710449 -0.18702685832977294922 -0.20420257747173309326 -0.23225009441375732422 -0.27589973807334899902 -0.3071422278881072998 -0.3127772212028503418 -0.25989943742752075195 -0.14661994576454162598 -0.07612685859203338623 -0.0067900712601840496063 0.006499452982097864151 -0.035704024136066436768 -0.10987944155931472778 -0.20068906247615814209 -0.24901171028614044189 -0.27217599749565124512 -0.29858303070068359375 -0.32936045527458190918 -0.34540536999702453613 -0.34092986583709716797 -0.32980003952980041504
0.42116954922676086426 0.43271028995513916016 0.49261188507080078125 0.52973783016204833984 0.54090267419815063477 0.5551573634147644043 0.56657707691192626953 0.55229049921035766602 0.51616799831390380859 0.45327529311180114746 0.39954701066017150879 0.33107984066009521484 0.24066519737243652344 0.15538226068019866943 0.071749359369277954102 -0.022592881694436073303 -0.086364760994911193848 -0.10811791568994522095 -0.12929451465606689453 -0.14845155179500579834 -0.16860564053058624268 -0.1903683394193649292 -0.20760139822959899902 -0.23132951557636260986 -0.25616931915283203125 -0.25323873758316040039 -0.20861436426639556885 -0.11029036343097686768 0.017584674060344696045 0.081292845308780670166 0.1413154900074005127 0.12345809489488601685 0.0071747596375644207001 -0.1317249685525894165 -0.22909654676914215088 -0.26907023787498474121 -0.28856492042541503906 -0.29927107691764831543 -0.30505260825157165527 -0.30791309475898742676 -0.30096572637557983398 -0.28932306170463562012
0.44253408908843994141 0.44250223040580749512 0.49538320302963256836 0.55328118801116943359 0.57096976041793823242 0.5819784998893737793 0.57932192087173461914 0.54786598682403564453 0.49624007940292358398 0.42620250582695007324 0.37351584434509277344 0.30840608477592468262 0.21828770637512207031 0.13259384036064147949 0.058090329170227050781 -0.014944716356694698334 -0.075719125568866729736 -0.103967323899269104 -0.12934547662734985352 -0.14853756129741668701 -0.16825205087661743164 -0.18898905813694000244 -0.20401145517826080322 -0.21903383731842041016 -0.21628163754940032959 -0.16499656438827514648 -0.070880487561225891113 0.060294631868600845337 0.19422513246536254883 0.24611224234104156494 0.27475225925445556641 0.21145500242710113525 0.036614306271076202393 -0.16639177501201629639 -0.28108242154121398926 -0.3099517524242401123 -0.3146343231201171875 -0.30678227543830871582 -0.2931073307991027832 -0.27994841337203979492 -0.26461064815521240234 -0.2503910064697265625
0.46349725127220153809 0.46354824304580688477 0.49690264463424682617 0.5520070195198059082 0.58312529325485229492 0.59491765499114990234 0.57772916555404663086 0.53932273387908935547 0.4833901524543762207 0.40953326225280761719 0.35744863748550415039 0.29618048667907714844 0.2092953026294708252 0.12686011195182800293 0.058657329529523849487 0.0042983358725905418396 -0.031285863369703292847 -0.064452335238456726074 -0.10572567582130432129 -0.13039666414260864258 -0.15213388204574584961 -0.17237398028373718262 -0.1839561164379119873 -0.18217228353023529053 -0.13066105544567108154 -0.021551253274083137512 0.10613902658224105835 0.2435894012451171875 0.3580443263053894043 0.38701561093330383301 0.36659076809883117676 0.26649886369705200195 0.071911819279193878174 -0.17229115962982177734 -0.30857247114181518555 -0.33188965916633605957 -0.32464924454689025879 -0.30592858791351318359 -0.28695949912071228027 -0.26914668083190917969 -0.24734893441200256348 -0.225923880934715271
0.50662130117416381836 0.50771707296371459961 0.53012007474899291992 0.54590696096420288086 0.5651118159294128418 0.57746797800064086914 0.55891615152359008789 0.52124869823455810547 0.46550089120864868164 0.39681711792945861816 0.34937363862991333008 0.29397299885749816895 0.21671092510223388672 0.14417280256748199463 0.082200683653354644775 0.037796091288328170776 0.015539642423391342163 -0.0052992999553680419922 -0.047614265233278274536 -0.08250723034143447876 -0.11321775615215301514 -0.13146059215068817139 -0.13917246460914611816 -0.12293006479740142822 -0.027342326939105987549 0.12895929813385009766 0.27862888574600219727 0.42049106955528259277 0.52135384082794189453 0.52781385183334350586 0.46393367648124694824 0.33967724442481994629 0.14118489623069763184 -0.1059199795126914978 -0.24583268165588378906 -0.27650815248489379883 -0.28014907240867614746 -0.28442388772964477539 -0.28201892971992492676 -0.27424651384353637695 -0.25344580411911010742 -0.23149515688419342041
0.55751776695251464844 0.55709731578826904297 0.55965203046798706055 0.55506503582000732422 0.5448239445686340332 0.5080420374870300293 0.49424281716346740723 0.49177414178848266602 0.45356833934783935547 0.39386743307113647461 0.34820777177810668945 0.29413545131683349609 0.22528605163097381592 0.16574120521545410156 0.11050304025411605835 0.071465857326984405518 0.060371082276105880737 0.048897240310907363892 0.025130907073616981506 -0.00025042748893611133099 -0.043527387082576751709 -0.062665320932865142822 -0.06315587460994720459 -0.044451154768466949463 0.04239263385534286499 0.20919017493724822998 0.38615554571151733398 0.53635710477828979492 0.62821155786514282227 0.62899196147918701172 0.5663540959358215332 0.4441076815128326416 0.25306919217109680176 0.030839158222079277039 -0.115912608802318573 -0.17134189605712890625 -0.21388621628284454346 -0.25072547793388366699 -0.26610460877418518066 -0.26701882481575012207 -0.25640824437141418457 -0.24692527949810028076
0.56614387035369873047 0.56620121002197265625 0.56223219633102416992 0.5498568415641784668 0.53170961141586303711 0.4887033998966217041 0.45702770352363586426 0.46570155024528503418 0.44750970602035522461 0.39313477277755737305 0.34664374589920043945 0.29033207893371582031 0.22659206390380859375 0.17881093919277191162 0.13450509309768676758 0.10205215215682983398 0.10145329684019088745 0.094241529703140258789 0.073772095143795013428 0.051891524344682693481 0.011213857680559158325 -0.021583108231425285339 -0.026214690878987312317 -0.012230748310685157776 0.061880964785814285278 0.22296707332134246826 0.40693715214729309082 0.56319415569305419922 0.65193331241607666016 0.65767973661422729492 0.61481374502182006836 0.51280736923217773438 0.34286904335021972656 0.13497334718704223633 -0.021793344989418983459 -0.089903749525547027588 -0.14771573245525360107 -0.19293577969074249268 -0.22172231972217559814 -0.24716098606586456299 -0.2622502744197845459 -0.26463931798934936523
0.56495887041091918945 0.56565970182418823242 0.55912321805953979492 0.5414028167724609375 0.52137613296508789063 0.48144066333770751953 0.43194580078125 0.41111323237419128418 0.40861904621124267578 0.37680637836456298828 0.33822152018547058105 0.28704157471656799316 0.23638083040714263916 0.20160891115665435791 0.1728096306324005127 0.14739644527435302734 0.13860471546649932861 0.12586945295333862305 0.10536178946495056152 0.081843920052051544189 0.050257407128810882568 0.011465504765510559082 -0.0053343395702540874481 0.0013868724927306175232 0.068675443530082702637 0.22712720930576324463 0.4110431373119354248 0.56683510541915893555 0.65383499860763549805 0.66741120815277099609 0.64636838436126708984 0.57350850105285644531 0.4307034909725189209 0.22053660452365875244 0.049808267503976821899 -0.017066199332475662231 -0.064159274101257324219 -0.10058123618364334106 -0.14305865764617919922 -0.20165106654167175293 -0.25199326872825622559 -0.27990061044692993164
0.56201559305191040039 0.56066817045211791992 0.54928028583526611328 0.52376836538314819336 0.49924710392951965332 0.45426276326179504395 0.39000669121742248535 0.33605226874351501465 0.32613608241081237793 0.33323952555656433105 0.32196956872940063477 0.2891216278076171875 0.26029050350189208984 0.24049000442028045654 0.21939940750598907471 0.19295415282249450684 0.17302304506301879883 0.14839665591716766357 0.12591722607612609863 0.10092451423406600952 0.071650609374046325684 0.040637474507093429565 0.018463846296072006226 0.013109175488352775574 0.07511952519416809082 0.23961400985717773438 0.42787802219390869141 0.57719725370407104492 0.65744405984878540039 0.67562317848205566406 0.67285501956939697266 0.63334006071090698242 0.51625078916549682617 0.30139183998107910156 0.12868852913379669189 0.072749577462673187256 0.049066066741943359375 0.025092681869864463806 -0.032843526452779769897 -0.12333779782056808472 -0.20777660608291625977 -0.26675763726234436035
0.5591710209846496582 0.55189234018325805664 0.53147387504577636719 0.49559980630874633789 0.46454843878746032715 0.41209432482719421387 0.34301236271858215332 0.2835057675838470459 0.25437200069427490234 0.26974478363990783691 0.28832527995109558105 0.28227937221527099609 0.27400687336921691895 0.26647976040840148926 0.24834522604942321777 0.21906812489032745361 0.19607585668563842773 0.16516783833503723145 0.13901562988758087158 0.11105729639530181885 0.080037795007228851318 0.057093296200037002563 0.045765984803438186646 0.043166689574718475342 0.11564429104328155518 0.29258418083190917969 0.48295691609382629395 0.62274539470672607422 0.69000846147537231445 0.70143133401870727539 0.6951401829719543457 0.66793996095657348633 0.56981027126312255859 0.3854897916316986084 0.24585741758346557617 0.2039915919303894043 0.19767174124717712402 0.17852425575256347656 0.10327216237783432007 -0.010510628111660480499 -0.11292469501495361328 -0.18729761242866516113
0.55764520168304443359 0.54368674755096435547 0.51479190587997436523 0.47349944710731506348 0.44252452254295349121 0.39398208260536193848 0.32717132568359375 0.26705312728881835938 0.2229989171028137207 0.20986548066139221191 0.22086469829082489014 0.24900141358375549316 0.26815208792686462402 0.27149996161460876465 0.25651261210441589355 0.22778341174125671387 0.20653991401195526123 0.1768423616886138916 0.14987787604331970215 0.12033639848232269287 0.091604009270668029785 0.074042856693267822266 0.073953665792942047119 0.11813209205865859985 0.24633203446865081787 0.42522457242012023926 0.59354472160339355469 0.71795088052749633789 0.77357447147369384766 0.7665888667106628418 0.72575193643569946289 0.67652148008346557617 0.59958428144454956055 0.49355795979499816895 0.42269855737686157227 0.40334400534629821777 0.40223866701126098633 0.37610238790512084961 0.28877443075180053711 0.16948406398296356201 0.065748050808906555176 -0.018448665738105773926
0.55847018957138061523 0.54163849353790283203 0.5114567875862121582 0.47635039687156677246 0.45466729998588562012 0.41259443759918212891 0.34422281384468078613 0.27521732449531555176 0.2159846574068069458 0.18173195421695709229 0.17168200016021728516 0.19791382551193237305 0.23693507909774780273 0.26576620340347290039 0.25816583633422851563 0.22998133301734924316 0.20927937328815460205 0.18142297863960266113 0.15649715065956115723 0.13116678595542907715 0.11024501919746398926 0.11082476377487182617 0.13721586763858795166 0.22500891983509063721 0.39909785985946655273 0.571979522705078125 0.70756328105926513672 0.81410562992095947266 0.86711716651916503906 0.84580361843109130859 0.77054196596145629883 0.69376409053802490234 0.63098603487014770508 0.59500682353973388672 0.58611953258514404297 0.59087216854095458984 0.59400981664657592773 0.55622452497482299805 0.4637520909309387207 0.35445755720138549805 0.25602841377258300781 0.16492255032062530518
0.57413923740386962891 0.55379724502563476563 0.52310264110565185547 0.49129951000213623047 0.47213608026504516602 0.43004411458969116211 0.35828003287315368652 0.28472575545310974121 0.22046652436256408691 0.17870263755321502686 0.16379491984844207764 0.17005106806755065918 0.20563845336437225342 0.25603798031806945801 0.26844832301139831543 0.23876032233238220215 0.2147455364465713501 0.18539518117904663086 0.16030052304267883301 0.14257691800594329834 0.13524410128593444824 0.15979404747486114502 0.216287270188331604 0.33325865864753723145 0.51123696565628051758 0.6742661595344543457 0.79520338773727416992 0.88279575109481811523 0.93158030509948730469 0.90365701913833618164 0.80759781599044799805 0.70944583415985107422 0.65015262365341186523 0.64489352703094482422 0.67404639720916748047 0.70153325796127319336 0.70949041843414306641 0.66064220666885375977 0.56945985555648803711 0.47760862112045288086 0.38894277811050415039 0.30112105607986450195
0.60125982761383056641 0.56685739755630493164 0.52544391155242919922 0.49319162964820861816 0.47339752316474914551 0.43310210108757019043 0.36556187272071838379 0.29430747032165527344 0.23287688195705413818 0.18855828046798706055 0.16906358301639556885 0.17633587121963500977 0.2133503258228302002 0.2644761204719543457 0.29483306407928466797 0.26893571019172668457 0.23554943501949310303 0.19737549126148223877 0.17303897440433502197 0.15622957050800323486 0.162336006760597229 0.21936118602752685547 0.29869377613067626953 0.42969051003456115723 0.60301178693771362305 0.75188183784484863281 0.87065935134887695313 0.9487177729606628418 0.96986252069473266602 0.9300066828727722168 0.82449322938919067383 0.71871852874755859375 0.66156911849975585938 0.66436594724655151367 0.70407521724700927734 0.75357329845428466797 0.78037530183792114258 0.72634124755859375 0.6490122675895690918 0.58560991287231445313 0.51446062326431274414 0.43341425061225891113
0.62479043006896972656 0.57493239641189575195 0.51926422119140625 0.48427250981330871582 0.46705853939056396484 0.4338379204273223877 0.37341710925102233887 0.30680066347122192383 0.25213903188705444336 0.2097508162260055542 0.18942789733409881592 0.20465415716171264648 0.25591376423835754395 0.30774670839309692383 0.33667659759521484375 0.32253336906433105469 0.28452190756797790527 0.22608239948749542236 0.19588790833950042725 0.17562872171401977539 0.19007135927677154541 0.28011012077331542969 0.3786316215991973877 0.50674557685852050781 0.67132604122161865234 0.80912363529205322266 0.92129778861999511719 1.0034463405609130859 1.0012420415878295898 0.94565981626510620117 0.83408766984939575195 0.72961902618408203125 0.67047238349914550781 0.66407287120819091797 0.69717246294021606445 0.76081371307373046875 0.81201279163360595703 0.77214103937149047852 0.71986210346221923828 0.68378734588623046875 0.62919902801513671875 0.55421769618988037109
