INPUT/RASTER/ASCII_standard/BIO15.asc
ncols        225
nrows        269
xllcorner    473009.983799999987
yllcorner    4429051.174800000153
cellsize     50.000000000000
NODATA_value  -9999
[rows 171 to 189 of 269, columns 42 to 83 of 225]
1.0012596845626831055 1.0400983095169067383 1.0724822282791137695 1.0869016647338867188 1.1050280332565307617 1.1454219818115234375 1.1898599863052368164 1.2118358612060546875 1.1888813972473144531 1.1453442573547363281 1.0584645271301269531 0.96141010522842407227 0.88856744766235351563 0.8417835235595703125 0.79836308956146240234 0.76661431789398193359 0.75282990932464599609 0.80489557981491088867 0.81100684404373168945 0.78529155254364013672 0.76023733615875244141 0.7441393733024597168 0.72441220283508300781 0.70433509349822998047 0.68826305866241455078 0.67187994718551635742 0.65507560968399047852 0.64257436990737915039 0.63155728578567504883 0.61481773853302001953 0.59720975160598754883 0.57761871814727783203 0.56003016233444213867 0.54795670509338378906 0.53957074880599975586 0.52879989147186279297 0.5231876373291015625 0.53165781497955322266 0.54421091079711914063 0.55109333992004394531 0.55047768354415893555 0.54249352216720581055
1.0462419986724853516 1.1060844659805297852 1.1513259410858154297 1.1723426580429077148 1.1943510770797729492 1.2225289344787597656 1.2521650791168212891 1.2607195377349853516 1.2082779407501220703 1.1382155418395996094 1.0188223123550415039 0.90027147531509399414 0.82307386398315429688 0.78813010454177856445 0.76415163278579711914 0.7446448206901550293 0.74175447225570678711 0.79049551486968994141 0.79549860954284667969 0.77364581823348999023 0.75287526845932006836 0.73968064785003662109 0.72303181886672973633 0.70460730791091918945 0.68880099058151245117 0.67256045341491699219 0.65472567081451416016 0.64007931947708129883 0.62677454948425292969 0.60722237825393676758 0.58726191520690917969 0.56634885072708129883 0.54773634672164916992 0.53421121835708618164 0.52473652362823486328 0.51277321577072143555 0.50607216358184814453 0.51419246196746826172 0.52954512834548950195 0.53898102045059204102 0.53868287801742553711 0.53139215707778930664
1.1402634382247924805 1.2005660533905029297 1.2450557947158813477 1.2667595148086547852 1.2835832834243774414 1.2885215282440185547 1.2883206605911254883 1.2628321647644042969 1.1728546619415283203 1.0860980749130249023 0.96210998296737670898 0.85039633512496948242 0.78054124116897583008 0.74719822406768798828 0.72895514965057373047 0.72305774688720703125 0.74936276674270629883 0.78744965791702270508 0.78159761428833007813 0.76195472478866577148 0.74424302577972412109 0.73325186967849731445 0.7191823124885559082 0.7026436924934387207 0.687854766845703125 0.6716855168342590332 0.65221762657165527344 0.63571786880493164063 0.62055957317352294922 0.59835684299468994141 0.57566803693771362305 0.55367267131805419922 0.53549438714981079102 0.52272748947143554688 0.51391381025314331055 0.50202822685241699219 0.49404406547546386719 0.50301980972290039063 0.52085459232330322266 0.53007656335830688477 0.52927297353744506836 0.52102309465408325195
1.2609916925430297852 1.2959419488906860352 1.3217608928680419922 1.3339121341705322266 1.3344305753707885742 1.3150534629821777344 1.283505558967590332 1.212347865104675293 1.0902327299118041992 1.0029511451721191406 0.89751720428466796875 0.80842107534408569336 0.75303083658218383789 0.72008311748504638672 0.6997273564338684082 0.70213818550109863281 0.75602489709854125977 0.78687286376953125 0.7708072662353515625 0.75182545185089111328 0.73502105474472045898 0.72511214017868041992 0.71312940120697021484 0.69784796237945556641 0.68361645936965942383 0.66668248176574707031 0.64504355192184448242 0.62783735990524291992 0.61217361688613891602 0.58811092376708984375 0.56305015087127685547 0.54036134481430053711 0.52275991439819335938 0.51122432947158813477 0.50292909145355224609 0.49177584052085876465 0.48638391494750976563 0.49858054518699645996 0.51734852790832519531 0.52596133947372436523 0.52395230531692504883 0.51233249902725219727
1.3613448143005371094 1.3599579334259033203 1.3571971654891967773 1.3526606559753417969 1.3298552036285400391 1.283382415771484375 1.2191720008850097656 1.1146453619003295898 0.98963338136672973633 0.91868305206298828125 0.84158909320831298828 0.77459847927093505859 0.7338091731071472168 0.70351207256317138672 0.67987710237503051758 0.68260544538497924805 0.74159246683120727539 0.77661395072937011719 0.76155936717987060547 0.7423636317253112793 0.72599995136260986328 0.71680390834808349609 0.70569604635238647461 0.69076460599899291992 0.67639696598052978516 0.6589056849479675293 0.63531607389450073242 0.61728036403656005859 0.60177862644195556641 0.57724285125732421875 0.55093783140182495117 0.52782779932022094727 0.5109780430793762207 0.50156164169311523438 0.49233317375183105469 0.48136788606643676758 0.48095962405204772949 0.49753713607788085938 0.51550155878067016602 0.52369958162307739258 0.51952606439590454102 0.50484734773635864258
1.424187779426574707 1.3857704401016235352 1.3550715446472167969 1.3322855234146118164 1.2817946672439575195 1.198719024658203125 1.1000897884368896484 0.99100077152252197266 0.894412994384765625 0.84838730096817016602 0.80011284351348876953 0.75205224752426147461 0.72099691629409790039 0.69416695833206176758 0.66967004537582397461 0.67133557796478271484 0.73049753904342651367 0.76733362674713134766 0.75284290313720703125 0.73272693157196044922 0.71699833869934082031 0.70819759368896484375 0.69650000333786010742 0.68035018444061279297 0.66421979665756225586 0.64497870206832885742 0.62063086032867431641 0.60256278514862060547 0.58820164203643798828 0.56534433364868164063 0.54005676507949829102 0.51640236377716064453 0.49849629402160644531 0.48993533849716186523 0.47968938946723937988 0.46892502903938293457 0.47443357110023498535 0.49742048978805541992 0.51340180635452270508 0.51668751239776611328 0.51006424427032470703 0.49360987544059753418
1.455463409423828125 1.370450139045715332 1.3106725215911865234 1.2688268423080444336 1.1869695186614990234 1.0682567358016967773 0.95209735631942749023 0.8737850189208984375 0.82757788896560668945 0.80118864774703979492 0.76754748821258544922 0.73504698276519775391 0.71232575178146362305 0.69107568264007568359 0.66909974813461303711 0.67765420675277709961 0.73448961973190307617 0.76215559244155883789 0.746822357177734375 0.7273998260498046875 0.71198230981826782227 0.70265662670135498047 0.6888592839241027832 0.67027276754379272461 0.6517251133918762207 0.63014447689056396484 0.60575777292251586914 0.58951073884963989258 0.57686692476272583008 0.55608344078063964844 0.53224110603332519531 0.50719982385635375977 0.48780319094657897949 0.47822478413581848145 0.46874356269836425781 0.4618027806282043457 0.47542512416839599609 0.5018208622932434082 0.51285094022750854492 0.5092671513557434082 0.49983778595924377441 0.48144567012786865234
1.4397932291030883789 1.3378393650054931641 1.2645560503005981445 1.2147716283798217773 1.1220462322235107422 0.9949410557746887207 0.88405042886734008789 0.82939249277114868164 0.80780541896820068359 0.78825968503952026367 0.75607025623321533203 0.72852092981338500977 0.71293497085571289063 0.69854140281677246094 0.6827220916748046875 0.71911102533340454102 0.77338659763336181641 0.76774191856384277344 0.74630391597747802734 0.72716003656387329102 0.71154159307479858398 0.7012373805046081543 0.68484127521514892578 0.66311162710189819336 0.64169305562973022461 0.61816823482513427734 0.59442305564880371094 0.57954996824264526367 0.5679690241813659668 0.54883807897567749023 0.52600020170211791992 0.49963039159774780273 0.47896355390548706055 0.46930739283561706543 0.46129080653190612793 0.46035110950469970703 0.48356485366821289063 0.50744611024856567383 0.51101690530776977539 0.50314939022064208984 0.49225541949272155762 0.47155615687370300293
1.4016933441162109375 1.3016254901885986328 1.2219457626342773438 1.1686875820159912109 1.0776407718658447266 0.96013987064361572266 0.86471211910247802734 0.82186841964721679688 0.80657404661178588867 0.78883647918701171875 0.75699698925018310547 0.7320982813835144043 0.72238379716873168945 0.71362841129302978516 0.70193725824356079102 0.74745744466781616211 0.79343128204345703125 0.76837706565856933594 0.74332928657531738281 0.7254880070686340332 0.70961683988571166992 0.69884598255157470703 0.6808426976203918457 0.65650784969329833984 0.63304132223129272461 0.60820096731185913086 0.58523994684219360352 0.57128059864044189453 0.56044495105743408203 0.54231202602386474609 0.51994079351425170898 0.49347376823425292969 0.47197741270065307617 0.46208143234252929688 0.45400652289390563965 0.45605441927909851074 0.48577475547790527344 0.50731647014617919922 0.5052426457405090332 0.49624100327491760254 0.48510074615478515625 0.46299520134925842285
1.356633305549621582 1.2585420608520507813 1.1761922836303710938 1.1207890510559082031 1.0318872928619384766 0.92993998527526855469 0.85246366262435913086 0.81871885061264038086 0.80645096302032470703 0.79135745763778686523 0.76560330390930175781 0.74430787563323974609 0.73485255241394042969 0.72654438018798828125 0.71500229835510253906 0.75904488563537597656 0.79734557867050170898 0.76494878530502319336 0.73898077011108398438 0.72158664464950561523 0.7054303288459777832 0.69423174858093261719 0.67582666873931884766 0.65047430992126464844 0.62625610828399658203 0.60157126188278198242 0.57914167642593383789 0.56550633907318115234 0.55461883544921875 0.53653132915496826172 0.5139980316162109375 0.48747915029525756836 0.46580132842063903809 0.45547115802764892578 0.44633343815803527832 0.44919788837432861328 0.47922280430793762207 0.49801671504974365234 0.49429681897163391113 0.48630616068840026855 0.47637128829956054688 0.4556979835033416748
1.3057990074157714844 1.2077919244766235352 1.1239256858825683594 1.0659172534942626953 0.98134458065032958984 0.89896237850189208984 0.84083735942840576172 0.81504428386688232422 0.80488908290863037109 0.79427379369735717773 0.7766787409782409668 0.75608968734741210938 0.74211740493774414063 0.73014110326766967773 0.71846294403076171875 0.76367205381393432617 0.8015320897102355957 0.76566809415817260742 0.73627185821533203125 0.71651875972747802734 0.69885247945785522461 0.68676602840423583984 0.66873037815093994141 0.64418810606002807617 0.62054014205932617188 0.59685981273651123047 0.57458573579788208008 0.56041902303695678711 0.54859179258346557617 0.53004413843154907227 0.50736182928085327148 0.48061615228652954102 0.45917809009552001953 0.44871830940246582031 0.43988516926765441895 0.44397446513175964355 0.46757057309150695801 0.48110866546630859375 0.4787108302116394043 0.47289767861366271973 0.46528935432434082031 0.44757771492004394531
1.2529426813125610352 1.1521100997924804688 1.0629814863204956055 0.99610757827758789063 0.91898763179779052734 0.86326044797897338867 0.82853704690933227539 0.81126606464385986328 0.80261439085006713867 0.79339241981506347656 0.77834427356719970703 0.75831902027130126953 0.73933070898056030273 0.72121727466583251953 0.71438014507293701172 0.7595373988151550293 0.79721599817276000977 0.76420998573303222656 0.73123633861541748047 0.7066033482551574707 0.68592357635498046875 0.6730594635009765625 0.65673464536666870117 0.63519942760467529297 0.61418259143829345703 0.59229093790054321289 0.57133245468139648438 0.55770361423492431641 0.54214358329772949219 0.52093231678009033203 0.49697980284690856934 0.47093403339385986328 0.45119392871856689453 0.44167384505271911621 0.43288606405258178711 0.43266570568084716797 0.44263944029808044434 0.45166054368019104004 0.45597666501998901367 0.45573037862777709961 0.45049402117729187012 0.43588659167289733887
1.2272274494171142578 1.1193373203277587891 1.0203127861022949219 0.94178014993667602539 0.87197691202163696289 0.83823210000991821289 0.82059824466705322266 0.80867379903793334961 0.80078035593032836914 0.79037243127822875977 0.77311438322067260742 0.75282990932464599609 0.73057532310485839844 0.7092215418815612793 0.73727631568908691406 0.76944637298583984375 0.77837020158767700195 0.75162452459335327148 0.7218005061149597168 0.69334393739700317383 0.66941082477569580078 0.65609955787658691406 0.64175784587860107422 0.62407857179641723633 0.6067104339599609375 0.58651018142700195313 0.568370819091796875 0.55661487579345703125 0.536304473876953125 0.51200199127197265625 0.48449158668518066406 0.45881518721580505371 0.4400342106819152832 0.43165472149848937988 0.4226595759391784668 0.41225808858871459961 0.4065227210521697998 0.41394308209419250488 0.43086409568786621094 0.43865382671356201172 0.43566626310348510742 0.42489540576934814453
1.2378752231597900391 1.1289222240447998047 1.0415823459625244141 0.95091140270233154297 0.87524968385696411133 0.84041607379913330078 0.82114261388778686523 0.80775356292724609375 0.79899817705154418945 0.78860318660736083984 0.76948523521423339844 0.74657607078552246094 0.72198843955993652344 0.70081609487533569336 0.77085912227630615234 0.78857725858688354492 0.763393402099609375 0.73958343267440795898 0.71315532922744750977 0.68420618772506713867 0.66059064865112304688 0.64787560701370239258 0.63422083854675292969 0.61741644144058227539 0.60092967748641967773 0.58196723461151123047 0.56581741571426391602 0.55519562959671020508 0.53522223234176635742 0.50910514593124389648 0.47987735271453857422 0.45243820548057556152 0.43353411555290222168 0.42515462636947631836 0.41682696342468261719 0.40509697794914245605 0.39501953125 0.39839595556259155273 0.41735190153121948242 0.42820701003074645996 0.4265155494213104248 0.41840824484825134277
1.2611796855926513672 1.1493817567825317383 1.0766427516937255859 0.97621190547943115234 0.88966268301010131836 0.84703284502029418945 0.82243227958679199219 0.80605560541152954102 0.79654198884963989258 0.78565448522567749023 0.76395076513290405273 0.73846226930618286133 0.71144443750381469727 0.68804919719696044922 0.75855880975723266602 0.77510398626327514648 0.74859803915023803711 0.72528064250946044922 0.69999957084655761719 0.67506194114685058594 0.65434974431991577148 0.64289844036102294922 0.62948346138000488281 0.61129224300384521484 0.59562849998474121094 0.57854545116424560547 0.56455367803573608398 0.55497527122497558594 0.53478151559829711914 0.50703132152557373047 0.47769984602928161621 0.44956728816032409668 0.42897173762321472168 0.4192377626895904541 0.41043701767921447754 0.40068364143371582031 0.39513617753982543945 0.39761179685592651367 0.41186279058456420898 0.42032003402709960938 0.41892671585083007813 0.41188222169876098633
1.2808160781860351563 1.1551171541213989258 1.0812894105911254883 0.9840729832649230957 0.89592945575714111328 0.84991025924682617188 0.82343029975891113281 0.80541402101516723633 0.79617261886596679688 0.782245635986328125 0.75631004571914672852 0.72836542129516601563 0.69837290048599243164 0.67254745960235595703 0.74298578500747680664 0.75958925485610961914 0.73289543390274047852 0.70865774154663085938 0.68642258644104003906 0.66895717382431030273 0.65291106700897216797 0.64346224069595336914 0.62965846061706542969 0.60661965608596801758 0.58932280540466308594 0.57498109340667724609 0.56408709287643432617 0.55666673183441162109 0.53755521774291992188 0.50879406929016113281 0.48165303468704223633 0.45407781004905700684 0.42924392223358154297 0.41645756363868713379 0.40658104419708251953 0.40080675482749938965 0.40997043251991271973 0.41662606596946716309 0.41855081915855407715 0.41779905557632446289 0.41331446170806884766 0.4030037224292755127
1.2913795709609985352 1.1522332429885864258 1.0689177513122558594 0.96632242202758789063 0.88581961393356323242 0.84945660829544067383 0.82731866836547851563 0.80952924489974975586 0.79963326454162597656 0.78057366609573364258 0.74955070018768310547 0.71782785654067993164 0.68394047021865844727 0.65722072124481201172 0.72938936948776245117 0.7462520599365234375 0.71989518404006958008 0.69683700799942016602 0.68156206607818603516 0.67466014623641967773 0.66637140512466430664 0.66047400236129760742 0.64700067043304443359 0.61520010232925415039 0.59219372272491455078 0.57693177461624145508 0.56590813398361206055 0.56660807132720947266 0.56201326847076416016 0.54071134328842163086 0.51693379878997802734 0.48502299189567565918 0.4528464972972869873 0.43733826279640197754 0.42658683657646179199 0.42620447278022766113 0.44365692138671875 0.44336527585983276367 0.42583510279655456543 0.41087770462036132813 0.3990116119384765625 0.37983533740043640137
1.3038289546966552734 1.1583056449890136719 1.0650163888931274414 0.9531472325325012207 0.88475030660629272461 0.86569070816040039063 0.84166687726974487305 0.81513500213623046875 0.79968512058258056641 0.776004791259765625 0.74176096916198730469 0.70587104558944702148 0.66840630769729614258 0.65466082096099853516 0.72232544422149658203 0.73585057258605957031 0.71508651971817016602 0.70228725671768188477 0.70443230867385864258 0.71598088741302490234 0.71845650672912597656 0.71769827604293823242 0.70605897903442382813 0.66669541597366333008 0.63551694154739379883 0.60869348049163818359 0.58681476116180419922 0.60254979133605957031 0.63313210010528564453 0.6310647130012512207 0.60688537359237670898 0.56548041105270385742 0.52935069799423217773 0.5126565098762512207 0.50180792808532714844 0.50315588712692260742 0.50134128332138061523 0.46417468786239624023 0.41882950067520141602 0.38503929972648620605 0.35860469937324523926 0.32298049330711364746
1.3293303251266479492 1.1896395683288574219 1.0980224609375 0.98639303445816040039 0.92655706405639648438 0.91231906414031982422 0.86372703313827514648 0.81332045793533325195 0.78739130496978759766 0.76218801736831665039 0.72837835550308227539 0.69084239006042480469 0.65094095468521118164 0.67514622211456298828 0.72540378570556640625 0.72986894845962524414 0.72692674398422241211 0.74303764104843139648 0.78095602989196777344 0.8142795562744140625 0.82081854343414306641 0.82020288705825805664 0.81093555688858032227 0.7755381464958190918 0.7341073155403137207 0.68172407150268554688 0.64203649759292602539 0.66134238243103027344 0.7069079279899597168 0.71136015653610229492 0.68498384952545166016 0.64779782295227050781 0.62074750661849975586 0.60635399818420410156 0.59513592720031738281 0.58405399322509765625 0.54389333724975585938 0.4653606414794921875 0.39574536681175231934 0.34511193633079528809 0.30302003026008605957 0.25358554720878601074
