INPUT/RASTER/ASCII_standard/BIO19.asc
ncols        225
nrows        269
xllcorner    473009.983799999987
yllcorner    4429051.174800000153
cellsize     50.000000000000
NODATA_value  -9999
[rows 126 to 143 of 269, columns 0 to 41 of 225]
-9999 -9999 -9999 -9999 -9999 -9999 -9999 -9999 -9999 -9999 -9999 -9999 -9999 -0.13263106346130371094 -0.098256438970565795898 -0.020662318915128707886 0.10755270719528198242 0.18933747708797454834 0.19323295354843139648 0.14691281318664550781 0.045444291085004806519 -0.040394186973571777344 -0.063506148755550384521 -0.050895333290100097656 -0.024435663595795631409 -0.0043355305679142475128 0.020291132852435112 0.046371433883905410767 0.11532424390316009521 0.27673137187957763672 0.39793822169303894043 0.4640217125415802002 0.54778385162353515625 0.60344666242599487305 0.61445766687393188477 0.60909557342529296875 0.59666609764099121094 0.5753815770149230957 0.56631004810333251953 0.57051825523376464844 0.58006173372268676758 0.59661060571670532227
-9999 -9999 -9999 -9999 -9999 -9999 -9999 -9999 -9999 -9999 -9999 -9999 -9999 -0.10618341714143753052 -0.096642725169658660889 -0.058831568807363510132 0.034852463752031326294 0.098936386406421661377 0.086276531219482421875 0.029637515544891357422 -0.060059431940317153931 -0.12453196942806243896 -0.1242229267954826355 -0.085160769522190093994 -0.039720572531223297119 -0.0063193580135703086853 0.024395732209086418152 0.054448314011096954346 0.12762045860290527344 0.27957108616828918457 0.39344963431358337402 0.46529397368431091309 0.54711389541625976563 0.58463913202285766602 0.59087193012237548828 0.58005893230438232422 0.559192657470703125 0.54747015237808227539 0.54971766471862792969 0.56025493144989013672 0.57411116361618041992 0.59631079435348510742
-9999 -9999 -9999 -9999 -9999 -9999 -9999 -9999 -9999 -9999 -9999 -9999 0.50294506549835205078 0.25864744186401367188 -0.074016548693180084229 -0.097748450934886932373 -0.045600809156894683838 -0.020906597375869750977 -0.049324184656143188477 -0.092701904475688934326 -0.13168355822563171387 -0.1453593820333480835 -0.1222483515739440918 -0.069833293557167053223 -0.017374753952026367188 0.014194380491971969604 0.031597286462783813477 0.052319213747978210449 0.11404363811016082764 0.25470015406608581543 0.37280541658401489258 0.45571166276931762695 0.5293973088264465332 0.55938881635665893555 0.56598526239395141602 0.55152106285095214844 0.52894949913024902344 0.52624487876892089844 0.54252630472183227539 0.56164193153381347656 0.57512623071670532227 0.59469246864318847656
-9999 -9999 -9999 -9999 -9999 -9999 -9999 -9999 -9999 -9999 -9999 0.63948494195938110352 0.63265907764434814453 0.13604153692722320557 -0.10002189874649047852 -0.10176885128021240234 -0.079797774553298950195 -0.080927558243274688721 -0.10435781627893447876 -0.10389886796474456787 -0.078205347061157226563 -0.058326356112957000732 -0.033539619296789169312 0.012792562134563922882 0.057267680764198303223 0.066042229533195495605 0.061371352523565292358 0.070136651396751403809 0.10397645086050033569 0.20197142660617828369 0.32451719045639038086 0.43065288662910461426 0.49676597118377685547 0.52855622768402099609 0.53689312934875488281 0.52470886707305908203 0.50933235883712768555 0.51308351755142211914 0.53964310884475708008 0.56311404705047607422 0.5735263824462890625 0.58725589513778686523
-9999 -9999 -9999 -9999 -9999 -9999 -9999 -9999 -9999 -9999 0.64226454496383666992 0.62933820486068725586 0.51068419218063354492 0.056893859058618545532 -0.021493231877684593201 0.010112914256751537323 0.0097742574289441108704 -0.0040625692345201969147 -0.011056856252253055573 0.015607302077114582062 0.051826033741235733032 0.056978061795234680176 0.063605010509490966797 0.094613417983055114746 0.13336652517318725586 0.13908113539218902588 0.13673643767833709717 0.15120339393615722656 0.17903156578540802002 0.23407907783985137939 0.32074382901191711426 0.40533038973808288574 0.465328216552734375 0.49858507513999938965 0.50941377878189086914 0.50309401750564575195 0.49544093012809753418 0.50330960750579833984 0.53089630603790283203 0.55576264858245849609 0.56541526317596435547 0.57585442066192626953
-9999 -9999 -9999 -9999 -9999 -9999 -9999 -9999 -9999 0.62143802642822265625 0.6303920745849609375 0.54099404811859130859 0.19937042891979217529 0.017478244379162788391 0.071207210421562194824 0.10617772489786148071 0.10082305222749710083 0.089983254671096801758 0.0959874764084815979 0.12692278623580932617 0.14991907775402069092 0.13691779971122741699 0.12905651330947875977 0.1459773331880569458 0.18384863436222076416 0.20720857381820678711 0.22569963335990905762 0.25006535649299621582 0.28040662407875061035 0.32499092817306518555 0.35690611600875854492 0.3941287994384765625 0.43583267927169799805 0.46630996465682983398 0.47990897297859191895 0.48141166567802429199 0.47879308462142944336 0.48896113038063049316 0.51487576961517333984 0.54132252931594848633 0.55320417881011962891 0.56451588869094848633
-9999 -9999 -9999 -9999 -9999 -9999 -9999 -9999 -9999 0.61262553930282592773 0.59017241001129150391 0.35098794102668762207 0.048049911856651306152 0.047580789774656295776 0.10662926733493804932 0.12986890971660614014 0.13239312171936035156 0.13467302918434143066 0.14860886335372924805 0.17090842127799987793 0.18130500614643096924 0.17017836868762969971 0.16296756267547607422 0.1742709428071975708 0.20544034242630004883 0.23678371310234069824 0.26838523149490356445 0.29637163877487182617 0.3309516608715057373 0.37917423248291015625 0.39453500509262084961 0.40138679742813110352 0.41907006502151489258 0.4399788975715637207 0.45411273837089538574 0.45979034900665283203 0.46091181039810180664 0.47367528080940246582 0.49915137887001037598 0.52648448944091796875 0.54056191444396972656 0.55377787351608276367
-9999 -9999 -9999 -9999 -9999 -9999 -9999 -9999 -9999 0.57804459333419799805 0.56044739484786987305 0.30940252542495727539 0.061256617307662963867 0.082384750247001647949 0.11479035019874572754 0.12940256297588348389 0.13819655776023864746 0.14759659767150878906 0.16217365860939025879 0.17519345879554748535 0.17716246843338012695 0.17343538999557495117 0.17320592701435089111 0.18595367670059204102 0.21070803701877593994 0.24091884493827819824 0.27648061513900756836 0.3085975348949432373 0.35603728890419006348 0.40671926736831665039 0.42022019624710083008 0.41621091961860656738 0.41729813814163208008 0.42649090290069580078 0.4371484220027923584 0.44376426935195922852 0.44728687405586242676 0.46128469705581665039 0.48653870820999145508 0.51266431808471679688 0.52656406164169311523 0.54051381349563598633
-9999 -9999 -9999 -9999 -9999 -9999 -9999 -9999 -9999 0.52192467451095581055 0.58238053321838378906 0.44508281350135803223 0.11054047942161560059 0.087166659533977508545 0.1097410246729850769 0.12311612814664840698 0.13647088408470153809 0.14733937382698059082 0.15348516404628753662 0.15458810329437255859 0.14979417622089385986 0.150071755051612854 0.16038969159126281738 0.18094691634178161621 0.20563836395740509033 0.23953552544116973877 0.28930053114891052246 0.33207312226295471191 0.37568494677543640137 0.41308435797691345215 0.42986914515495300293 0.43368229269981384277 0.43315207958221435547 0.43402278423309326172 0.43693560361862182617 0.43955880403518676758 0.44353386759757995605 0.45755669474601745605 0.48033830523490905762 0.49808266758918762207 0.50648152828216552734 0.5151894688606262207
-9999 -9999 -9999 -9999 -9999 -9999 -9999 -9999 -9999 0.49829176068305969238 0.52834713459014892578 0.38518953323364257813 0.0840586051344871521 0.076552629470825195313 0.10831237584352493286 0.12389893084764480591 0.13838531076908111572 0.14395001530647277832 0.13731567561626434326 0.12239347398281097412 0.11207276582717895508 0.11444798856973648071 0.13511995971202850342 0.16792805492877960205 0.201206207275390625 0.24905309081077575684 0.32466894388198852539 0.36685487627983093262 0.38601860404014587402 0.40738916397094726563 0.42861354351043701172 0.44867202639579772949 0.45538133382797241211 0.45329385995864868164 0.44916984438896179199 0.44568517804145812988 0.44942799210548400879 0.46122083067893981934 0.47702947258949279785 0.48254698514938354492 0.48106560111045837402 0.47655016183853149414
-9999 -9999 -9999 -9999 -9999 -9999 -9999 -9999 -9999 0.51188063621520996094 0.52166372537612915039 0.35464841127395629883 0.073166981339454650879 0.071013823151588439941 0.1102471575140953064 0.12812751531600952148 0.14073832333087921143 0.13850466907024383545 0.11891438066959381104 0.093353167176246643066 0.084509223699569702148 0.091996684670448303223 0.12136640399694442749 0.16212461888790130615 0.20219442248344421387 0.25745844841003417969 0.33285036683082580566 0.36066466569900512695 0.37820729613304138184 0.39663079380989074707 0.41783294081687927246 0.44529655575752258301 0.4586429893970489502 0.4575862884521484375 0.45322725176811218262 0.44991931319236755371 0.45147657394409179688 0.45761406421661376953 0.46557158231735229492 0.46586304903030395508 0.46045839786529541016 0.45080667734146118164
-9999 -9999 -9999 -9999 -9999 -9999 -9999 -9999 -9999 0.5346400141716003418 0.47829526662826538086 0.22800268232822418213 0.055774256587028503418 0.070339284837245941162 0.10283186286687850952 0.1240534558892250061 0.14106126129627227783 0.13531148433685302734 0.10467597097158432007 0.0753839835524559021 0.070076502859592437744 0.083320222795009613037 0.1180159151554107666 0.15838459134101867676 0.1998062431812286377 0.26989901065826416016 0.32643902301788330078 0.34755048155784606934 0.36596381664276123047 0.38575768470764160156 0.40632045269012451172 0.43485462665557861328 0.45315968990325927734 0.45455873012542724609 0.45094823837280273438 0.44926884770393371582 0.4478142857551574707 0.44781982898712158203 0.44813719391822814941 0.44645041227340698242 0.43951994180679321289 0.43052148818969726563
-9999 -9999 -9999 -9999 -9999 -9999 -9999 -9999 -9999 0.55541008710861206055 0.44424542784690856934 0.1216227114200592041 0.033404380083084106445 0.070339284837245941162 0.091732054948806762695 0.11136121302843093872 0.13681600987911224365 0.12716336548328399658 0.086744725704193115234 0.06007871776819229126 0.060595031827688217163 0.075384907424449920654 0.10922285914421081543 0.14733381569385528564 0.1956294625997543335 0.27612346410751342773 0.3176237642765045166 0.33381175994873046875 0.35215011239051818848 0.3742720186710357666 0.3983268439769744873 0.42523249983787536621 0.44270110130310058594 0.44520401954650878906 0.44257712364196777344 0.44018709659576416016 0.43602418899536132813 0.4322064518928527832 0.4275938570499420166 0.42422115802764892578 0.41713619232177734375 0.41186389327049255371
-9999 -9999 -9999 -9999 -9999 -9999 -9999 -9999 -9999 0.55640757083892822266 0.44936969876289367676 0.12441339343786239624 0.028235696256160736084 0.062402129173278808594 0.077020823955535888672 0.091293469071388244629 0.11227355152368545532 0.097182027995586395264 0.055864010006189346313 0.042210392653942108154 0.053633131086826324463 0.068325854837894439697 0.097839914262294769287 0.14008229970932006836 0.20414771139621734619 0.26970192790031433105 0.30116373300552368164 0.31709170341491699219 0.33523854613304138184 0.35966256260871887207 0.38656544685363769531 0.4086170196533203125 0.42020446062088012695 0.42221882939338684082 0.42026460170745849609 0.41786810755729675293 0.41363027691841125488 0.40878081321716308594 0.40236946940422058105 0.39773836731910705566 0.39214405417442321777 0.39416673779487609863
-9999 -9999 -9999 -9999 -9999 -9999 -9999 -9999 -9999 0.50683867931365966797 0.3832371830940246582 0.094221092760562896729 0.016981361433863639832 0.041277695447206497192 0.050996970385313034058 0.063468992710113525391 0.070903718471527099609 0.040695685893297195435 0.0090266205370426177979 0.019313098862767219543 0.044085960835218429565 0.060794893652200698853 0.093130171298980712891 0.14867271482944488525 0.21285748481750488281 0.25490742921829223633 0.28257828950881958008 0.29918822646141052246 0.31482845544815063477 0.33705490827560424805 0.36012890934944152832 0.37570345401763916016 0.38483792543411254883 0.38723075389862060547 0.38497394323348999023 0.38249137997627258301 0.38131257891654968262 0.37843862175941467285 0.37108254432678222656 0.3647156059741973877 0.3615233302116394043 0.37118524312973022461
-9999 -9999 -9999 -9999 -9999 -9999 -9999 -9999 -9999 0.39445266127586364746 0.22148306667804718018 0.0048035848885774612427 -0.0051581156440079212189 0.011874671094119548798 0.017420874908566474915 0.028955573216080665588 0.021711457520723342896 -0.027956401929259300232 -0.040081437677145004272 -0.0024544105399399995804 0.033905889838933944702 0.056105513125658035278 0.10163546353578567505 0.16068579256534576416 0.20260247588157653809 0.23398192226886749268 0.26267895102500915527 0.27584400773048400879 0.28901091217994689941 0.30583181977272033691 0.31702601909637451172 0.3248354792594909668 0.33627116680145263672 0.34333947300910949707 0.34322938323020935059 0.34237071871757507324 0.34365037083625793457 0.342578887939453125 0.33414301276206970215 0.32652136683464050293 0.32564049959182739258 0.3387648463249206543
-9999 -9999 -9999 -9999 -9999 -9999 -9999 -9999 0.50413686037063598633 0.40625846385955810547 0.1207103729248046875 -0.040153607726097106934 -0.028381111100316047668 -0.018601693212985992432 -0.015338185243308544159 -0.0084669627249240875244 -0.028910377994179725647 -0.080234512686729431152 -0.074464388191699981689 -0.022623939439654350281 0.025329351425170898438 0.05617583543062210083 0.11886348575353622437 0.16596087813377380371 0.18768490850925445557 0.21792624890804290771 0.24855434894561767578 0.25822180509567260742 0.26537987589836120605 0.27414238452911376953 0.27465963363647460938 0.27737906575202941895 0.29166558384895324707 0.3035481870174407959 0.30812376737594604492 0.31205165386199951172 0.31292417645454406738 0.31061094999313354492 0.30010887980461120605 0.29248261451721191406 0.2937659919261932373 0.30659982562065124512
-9999 -9999 -9999 -9999 -9999 -9999 -9999 -9999 0.41898864507675170898 0.30368050932884216309 0.015128925442695617676 -0.065723143517971038818 -0.061813786625862121582 -0.056312918663024902344 -0.054049655795097351074 -0.055828068405389785767 -0.085397645831108093262 -0.11885900050401687622 -0.090969756245613098145 -0.034148458391427993774 0.017339449375867843628 0.06113077700138092041 0.12956449389457702637 0.16465991735458374023 0.17901769280433654785 0.20905731618404388428 0.23782466351985931396 0.2416553795337677002 0.2384547889232635498 0.23522274196147918701 0.23306125402450561523 0.23938840627670288086 0.2542069554328918457 0.26535767316818237305 0.2745291590690612793 0.28000968694686889648 0.27834969758987426758 0.27568578720092773438 0.26547703146934509277 0.26005482673645019531 0.26303148269653320313 0.27360203862190246582
