INPUT/RASTER/ASCII_standard/BIO15.asc
ncols        225
nrows        269
xllcorner    473009.983799999987
yllcorner    4429051.174800000153
cellsize     50.000000000000
NODATA_value  -9999
[rows 247 to 265 of 269, columns 84 to 125 of 225]
0.50000625848770141602 0.50756275653839111328 0.51150298118591308594 0.51531362533569335938 0.51463311910629272461 0.50298738479614257813 0.48727825284004211426 0.47696104645729064941 0.47274214029312133789 0.4678427577018737793 0.45711076259613037109 0.43031322956085205078 0.38761863112449645996 0.3595962226390838623 0.3480930626392364502 0.33393278717994689941 0.30883967876434326172 0.27817964553833007813 0.23961970210075378418 0.19282931089401245117 0.1561228334903717041 0.15043929219245910645 0.14186537265777587891 0.096157260239124298096 0.036833263933658599854 -0.017293239012360572815 -0.069631077349185943604 -0.10607832670211791992 -0.16650404036045074463 -0.23538701236248016357 -0.29491189122200012207 -0.34903192520141601563 -0.39151915907859802246 -0.42211437225341796875 -0.48517769575119018555 -0.56816905736923217773 -0.64764791727066040039 -0.68845021724700927734 -0.72512423992156982422 -0.76507753133773803711 -0.81107079982757568359 -0.84274184703826904297
0.48235943913459777832 0.48924839496612548828 0.49033713340759277344 0.49069356918334960938 0.48758932948112487793 0.47768038511276245117 0.46855562925338745117 0.461971282958984375 0.45851060748100280762 0.45539987087249755859 0.44332641363143920898 0.42313265800476074219 0.39185050129890441895 0.36759337782859802246 0.35592168569564819336 0.33067950606346130371 0.29071974754333496094 0.2521597743034362793 0.21616618335247039795 0.18967971205711364746 0.17446959018707275391 0.17402242124080657959 0.17087282240390777588 0.13570226728916168213 0.085490085184574127197 0.042102042585611343384 0.0067824264988303184509 -0.01406586822122335434 -0.048542998731136322021 -0.09852835536003112793 -0.14546132087707519531 -0.18897248804569244385 -0.23121346533298492432 -0.26425188779830932617 -0.3314628303050994873 -0.42226341366767883301 -0.52121019363403320313 -0.59637939929962158203 -0.66174340248107910156 -0.7125193476676940918 -0.77059262990951538086 -0.82276844978332519531
0.46037054061889648438 0.46812790632247924805 0.46855562925338745117 0.45981967449188232422 0.44689723849296569824 0.43787616491317749023 0.4385566413402557373 0.43825203180313110352 0.43594491481781005859 0.43401369452476501465 0.42678126692771911621 0.41415044665336608887 0.39426776766777038574 0.37544146180152893066 0.3639577031135559082 0.3322931826114654541 0.28259947896003723145 0.24486255645751953125 0.21958796679973602295 0.21247220039367675781 0.20919299125671386719 0.20433896780014038086 0.19153317809104919434 0.16198784112930297852 0.12370007485151290894 0.088600799441337585449 0.061265364289283752441 0.048615109175443649292 0.032031092792749404907 -0.0063733202405273914337 -0.048082869499921798706 -0.084439389407634735107 -0.12478800117969512939 -0.15796899795532226563 -0.22642424702644348145 -0.32325184345245361328 -0.43618386983871459961 -0.5325902104377746582 -0.62261313199996948242 -0.68344712257385253906 -0.74645859003067016602 -0.80878317356109619141
0.43293789029121398926 0.44111648201942443848 0.44018328189849853516 0.42371591925621032715 0.40633475780487060547 0.40255653858184814453 0.40948438644409179688 0.4131329953670501709 0.41287377476692199707 0.41367089748382568359 0.41300985217094421387 0.40512287616729736328 0.39067101478576660156 0.37498131394386291504 0.36359480023384094238 0.33294773101806640625 0.28434923291206359863 0.25209498405456542969 0.23757182061672210693 0.23845317959785461426 0.23454535007476806641 0.22422164678573608398 0.20020431280136108398 0.16652430593967437744 0.13345995545387268066 0.10762803256511688232 0.087142653763294219971 0.079119592905044555664 0.069392114877700805664 0.034688163548707962036 -0.0073907845653593540192 -0.039612643420696258545 -0.073545396327972412109 -0.10274726897478103638 -0.16579763591289520264 -0.25969597697257995605 -0.37323072552680969238 -0.47500306367874145508 -0.58370321989059448242 -0.66100460290908813477 -0.73279738426208496094 -0.79378038644790649414
0.40043735504150390625 0.40525251626968383789 0.39857092499732971191 0.37887620925903320313 0.36813125014305114746 0.37492948770523071289 0.38573274016380310059 0.39194768667221069336 0.39443626999855041504 0.39825338125228881836 0.39919307827949523926 0.39402151107788085938 0.38417088985443115234 0.37096330523490905762 0.35863059759140014648 0.33092576265335083008 0.28576204180717468262 0.25481685996055603027 0.24619109928607940674 0.25568526983261108398 0.25221163034439086914 0.23735795915126800537 0.20428064465522766113 0.16231834888458251953 0.12099115550518035889 0.095288850367069244385 0.085412316024303436279 0.085723385214805603027 0.085179015994071960449 0.0613042488694190979 0.026516046375036239624 0.00015270785661414265633 -0.025517201051115989685 -0.051874060183763504028 -0.10934457927942276001 -0.1895428001880645752 -0.28713509440422058105 -0.38594576716423034668 -0.50953853130340576172 -0.60556900501251220703 -0.6910489201545715332 -0.74577814340591430664
0.36336150765419006348 0.36176726222038269043 0.34780791401863098145 0.3262208104133605957 0.32539129257202148438 0.34489160776138305664 0.36049702763557434082 0.37061336636543273926 0.37661445140838623047 0.3802954554557800293 0.37971869111061096191 0.38008159399032592773 0.37857809662818908691 0.36911633610725402832 0.35790476202964782715 0.33123037219047546387 0.2858009040355682373 0.25000172853469848633 0.24280819296836853027 0.26302137970924377441 0.25931444764137268066 0.24239343404769897461 0.20832458138465881348 0.16386075317859649658 0.11404389142990112305 0.076125524938106536865 0.062328193336725234985 0.0686338767409324646 0.084083780646324157715 0.081543363630771636963 0.061317209154367446899 0.038466390222311019897 0.011824382469058036804 -0.015012044459581375122 -0.067174904048442840576 -0.12771725654602050781 -0.20034605264663696289 -0.28615003824234008789 -0.4090169370174407959 -0.50354391336441040039 -0.58836930990219116211 -0.64202272891998291016
0.3123003542423248291 0.30543082952499389648 0.28448534011840820313 0.2616863548755645752 0.27582070231437683105 0.3075046539306640625 0.32734844088554382324 0.34001815319061279297 0.34516379237174987793 0.34432777762413024902 0.34722465276718139648 0.36020541191101074219 0.37238258123397827148 0.37133270502090454102 0.36402899026870727539 0.33919510245323181152 0.29433593153953552246 0.25421416759490966797 0.24617813527584075928 0.27378576993942260742 0.26992329955101013184 0.2520560920238494873 0.22041749954223632813 0.17981614172458648682 0.1297076493501663208 0.082982070744037628174 0.060059960931539535522 0.059995155781507492065 0.079288087785243988037 0.094362109899520874023 0.088425822556018829346 0.06715628504753112793 0.033443875610828399658 0.0045012328773736953735 -0.037545312196016311646 -0.070246741175651550293 -0.11778888851404190063 -0.19512912631034851074 -0.30486619472503662109 -0.37590074539184570313 -0.43632644414901733398 -0.4985084235668182373
0.24488200247287750244 0.23441572487354278564 0.21505798399448394775 0.19908963143825531006 0.2192509770393371582 0.25261342525482177734 0.27410978078842163086 0.28817930817604064941 0.29118633270263671875 0.28902828693389892578 0.30246916413307189941 0.33310326933860778809 0.36384105682373046875 0.37619319558143615723 0.37480634450912475586 0.35380250215530395508 0.31537866592407226563 0.28376597166061401367 0.27628728747367858887 0.29370731115341186523 0.28733682632446289063 0.27021491527557373047 0.24144077301025390625 0.20763762295246124268 0.16519576311111450195 0.12055695801973342896 0.09327983856201171875 0.079696372151374816895 0.079994484782218933105 0.094258420169353485107 0.10005213320255279541 0.086403861641883850098 0.051725827157497406006 0.024973649531602859497 -0.0044744857586920261383 -0.022322233766317367554 -0.060441493988037109375 -0.12880600988864898682 -0.21707265079021453857 -0.26213917136192321777 -0.30071857571601867676 -0.38340535759925842285
0.18227879703044891357 0.17627769708633422852 0.16496893763542175293 0.15146324038505554199 0.15773652493953704834 0.18583667278289794922 0.21330821514129638672 0.23105226457118988037 0.23380006849765777588 0.23353436589241027832 0.26050040125846862793 0.30834066867828369141 0.35512456297874450684 0.38034731149673461914 0.38538280129432678223 0.36953109502792358398 0.34098374843597412109 0.32303881645202636719 0.3157221376895904541 0.31153562664985656738 0.30040833353996276855 0.28694799542427062988 0.26333892345428466797 0.2376690208911895752 0.20867453515529632568 0.17234393954277038574 0.14388085901737213135 0.11783507466316223145 0.089715480804443359375 0.090292252600193023682 0.10498391836881637573 0.10074556618928909302 0.068620920181274414063 0.046845886856317520142 0.023087775334715843201 -0.0032755632419139146805 -0.048711493611335754395 -0.10813917964696884155 -0.17369109392166137695 -0.20777937769889831543 -0.25029900670051574707 -0.34770339727401733398
0.15428881347179412842 0.16569477319717407227 0.16050375998020172119 0.13217030465602874756 0.1098249778151512146 0.13318777084350585938 0.17259667813777923584 0.1997960209846496582 0.21026878058910369873 0.22127294540405273438 0.25516033172607421875 0.3069019615650177002 0.35486534237861633301 0.38148790597915649414 0.38888883590698242188 0.37706810235977172852 0.35535788536071777344 0.34144389629364013672 0.32959076762199401855 0.31597489118576049805 0.30541789531707763672 0.29565152525901794434 0.27879530191421508789 0.26022821664810180664 0.23782455921173095703 0.20394365489482879639 0.17328363656997680664 0.14290876686573028564 0.10448490828275680542 0.091957785189151763916 0.10690867900848388672 0.10657816380262374878 0.072152882814407348633 0.05041025206446647644 0.025375450029969215393 -0.0080518117174506187439 -0.059650853276252746582 -0.11824253201484680176 -0.17056092619895935059 -0.20110429823398590088 -0.25089523196220397949 -0.34833201766014099121
0.15047818422317504883 0.18019850552082061768 0.18214918673038482666 0.14068590104579925537 0.093156710267066955566 0.10672722011804580688 0.15036152303218841553 0.18954361975193023682 0.21885566413402557373 0.26227611303329467773 0.29959824681282043457 0.33533909916877746582 0.36752855777740478516 0.38488379120826721191 0.38949152827262878418 0.37554514408111572266 0.35043257474899291992 0.33743885159492492676 0.32600694894790649414 0.31424453854560852051 0.30737504363059997559 0.30210626125335693359 0.29257321357727050781 0.27876940369606018066 0.25501129031181335449 0.21876493096351623535 0.18767718970775604248 0.15140491724014282227 0.11119239777326583862 0.092696584761142730713 -9999 -9999 -9999 -9999 -9999 -9999 -9999 -9999 -9999 -9999 -9999 -9999
0.16897399723529815674 0.20395661890506744385 0.21312674880027770996 0.17471586167812347412 0.11773786693811416626 0.11289033293724060059 0.14984306693077087402 0.19738522171974182129 0.23950305581092834473 0.30447170138359069824 0.35060107707977294922 0.37224647402763366699 0.38560959696769714355 0.39036640524864196777 0.38912212848663330078 0.3657010197639465332 0.3261884152889251709 0.31353816390037536621 0.31334373354911804199 0.31179484724998474121 0.30926740169525146484 0.3067334592342376709 0.30081659555435180664 0.28884035348892211914 0.26657277345657348633 0.22347636520862579346 0.20060610771179199219 -9999 -9999 -9999 -9999 -9999 -9999 -9999 -9999 -9999 -9999 -9999 -9999 -9999 -9999 -9999
0.20487686991691589355 0.23328161239624023438 0.24667066335678100586 0.22415684163570404053 0.17115797102451324463 0.14530013501644134521 0.16631692647933959961 0.21390442550182342529 0.25626853108406066895 0.3240433037281036377 0.37454062700271606445 0.39210972189903259277 0.39700910449028015137 0.39432609081268310547 0.38900548219680786133 0.35995265841484069824 0.31012284755706787109 0.2981465756893157959 0.30675289034843444824 0.31257253885269165039 0.31333723664283752441 0.31157451868057250977 0.3059298396110534668 0.29535987973213195801 0.27271646261215209961 -9999 -9999 -9999 -9999 -9999 -9999 -9999 -9999 -9999 -9999 -9999 -9999 -9999 -9999 -9999 -9999 -9999
0.25173854827880859375 0.27860090136528015137 0.29782253503799438477 0.29123172163963317871 0.25070813298225402832 0.20998363196849822998 0.1984545290470123291 0.23099394142627716064 0.26935946941375732422 0.33262372016906738281 0.38349691033363342285 0.40158444643020629883 0.40369713306427001953 0.3973655402660369873 0.38900548219680786133 0.36100900173187255859 0.31834679841995239258 0.30798423290252685547 0.31347334384918212891 0.31775707006454467773 0.31821718811988830566 0.31506758928298950195 0.31108197569847106934 0.30419304966926574707 -9999 -9999 -9999 -9999 -9999 -9999 -9999 -9999 -9999 -9999 -9999 -9999 -9999 -9999 -9999 -9999 -9999 -9999
0.29646161198616027832 0.33305791020393371582 0.3637244105339050293 0.37165674567222595215 0.34364083409309387207 0.30375236272811889648 0.27263867855072021484 0.2810376286506652832 0.30684363842010498047 0.35310909152030944824 0.39258280396461486816 0.40788364410400390625 0.40698930621147155762 0.39678227901458740234 0.38655579090118408203 0.36376976966857910156 0.33382910490036010742 0.322967529296875 0.3225333094596862793 0.32215744256973266602 0.32110756635665893555 0.3155536353588104248 0.31336966156959533691 -9999 -9999 -9999 -9999 -9999 -9999 -9999 -9999 -9999 -9999 -9999 -9999 -9999 -9999 -9999 -9999 -9999 -9999 -9999
0.32428309321403503418 0.36218202114105224609 0.39940047264099121094 0.41954237222671508789 0.4051164090633392334 0.38043156266212463379 0.35679659247398376465 0.3509121239185333252 0.36097013950347900391 0.38424217700958251953 0.40624403953552246094 0.41462352871894836426 0.40838265419006347656 0.39475381374359130859 0.38387280702590942383 0.36536401510238647461 0.34296685457229614258 0.33210524916648864746 0.32787984609603881836 0.32440623641014099121 0.32147049903869628906 -9999 -9999 -9999 -9999 -9999 -9999 -9999 -9999 -9999 -9999 -9999 -9999 -9999 -9999 -9999 -9999 -9999 -9999 -9999 -9999 -9999
0.34534525871276855469 0.37463784217834472656 0.40658104419708251953 0.43016415834426879883 0.43245834112167358398 0.42670351266860961914 0.41794812679290771484 0.41114991903305053711 0.41250437498092651367 0.41905632615089416504 0.42435100674629211426 0.42260122299194335938 0.40960103273391723633 0.39306885004043579102 0.38153326511383056641 0.36354944109916687012 0.34697189927101135254 0.33820354938507080078 0.3296750187873840332 0.32846310734748840332 -9999 -9999 -9999 -9999 -9999 -9999 -9999 -9999 -9999 -9999 -9999 -9999 -9999 -9999 -9999 -9999 -9999 -9999 -9999 -9999 -9999 -9999
0.35761314630508422852 0.37351021170616149902 0.38437828421592712402 0.3991801142692565918 0.42337891459465026855 0.43965834379196166992 0.44581496715545654297 0.44893217086791992188 0.45142722129821777344 0.45044866204261779785 0.44246447086334228516 0.43031969666481018066 0.41178500652313232422 0.39235597848892211914 0.37921318411827087402 0.36011469364166259766 0.3486957550048828125 0.34412688016891479492 -9999 -9999 -9999 -9999 -9999 -9999 -9999 -9999 -9999 -9999 -9999 -9999 -9999 -9999 -9999 -9999 -9999 -9999 -9999 -9999 -9999 -9999 -9999 -9999
0.34751626849174499512 0.33959689736366271973 0.32090666890144348145 0.32609120011329650879 0.37233072519302368164 0.41026854515075683594 0.43640506267547607422 0.45409727096557617188 0.46042239665985107422 0.46129080653190612793 0.45287242531776428223 0.43718922138214111328 0.41637980937957763672 0.39547318220138549805 0.37826701998710632324 0.3591620326042175293 0.35197496414184570313 0.34482032060623168945 -9999 -9999 -9999 -9999 -9999 -9999 -9999 -9999 -9999 -9999 -9999 -9999 -9999 -9999 -9999 -9999 -9999 -9999 -9999 -9999 -9999 -9999 -9999 -9999
