INPUT/RASTER/ASCII_standard/BIO11.asc
ncols        225
nrows        269
xllcorner    473009.983799999987
yllcorner    4429051.174800000153
cellsize     50.000000000000
NODATA_value  -9999
[rows 126 to 143 of 269, columns 168 to 209 of 225]
-0.62756884098052978516 -0.59299123287200927734 -0.58245068788528442383 -0.58949363231658935547 -0.6140181422233581543 -0.63436329364776611328 -0.61789155006408691406 -0.59821212291717529297 -0.60758680105209350586 -0.65398859977722167969 -0.71234214305877685547 -0.74764919281005859375 -0.75822472572326660156 -0.76141649484634399414 -0.7649586796760559082 -0.77315157651901245117 -0.79037827253341674805 -0.82508647441864013672 -0.85668253898620605469 -0.87238341569900512695 -0.8788115382194519043 -0.88416302204132080078 -0.89119642972946166992 -0.89646828174591064453 -0.89162009954452514648 -0.87494444847106933594 -0.85707432031631469727 -0.80736601352691650391 -0.7615439295768737793 -0.76636344194412231445 -0.77628916501998901367 -9999 -9999 -9999 -9999 -9999 -9999 -9999 -9999 -9999 -9999 -9999
-0.60176384449005126953 -0.56373959779739379883 -0.55655014514923095703 -0.57197391986846923828 -0.5993811488151550293 -0.61417418718338012695 -0.59266632795333862305 -0.57273203134536743164 -0.58333307504653930664 -0.62768667936325073242 -0.68352371454238891602 -0.72059231996536254883 -0.73858988285064697266 -0.74714273214340209961 -0.75233811140060424805 -0.76107567548751831055 -0.7827460169792175293 -0.81708472967147827148 -0.8451130986213684082 -0.86020874977111816406 -0.86856091022491455078 -0.87519294023513793945 -0.88085979223251342773 -0.88835823535919189453 -0.88754278421401977539 -0.87328171730041503906 -0.85318815708160400391 -0.79277366399765014648 -0.73298037052154541016 -0.75706845521926879883 -0.77718746662139892578 -9999 -9999 -9999 -9999 -9999 -9999 -9999 -9999 -9999 -9999 -9999
-0.59286379814147949219 -0.55550217628479003906 -0.546649932861328125 -0.55590987205505371094 -0.57879388332366943359 -0.59743803739547729492 -0.58591008186340332031 -0.56703335046768188477 -0.56582927703857421875 -0.60243594646453857422 -0.66363084316253662109 -0.70720404386520385742 -0.73023134469985961914 -0.74077826738357543945 -0.74774795770645141602 -0.75830435752868652344 -0.78101634979248046875 -0.81395661830902099609 -0.83814662694931030273 -0.84967142343521118164 -0.85522997379302978516 -0.86027568578720092773 -0.86510157585144042969 -0.87435519695281982422 -0.87790691852569580078 -0.86979049444198608398 -0.85221660137176513672 -0.79014891386032104492 -0.71903783082962036133 -0.73873960971832275391 -0.79921460151672363281 -0.88923740386962890625 -9999 -9999 -9999 -9999 -9999 -9999 -9999 -9999 -9999 -9999
-0.59246563911437988281 -0.55905067920684814453 -0.54379576444625854492 -0.53821176290512084961 -0.55110311508178710938 -0.57363349199295043945 -0.57194840908050537109 -0.55583661794662475586 -0.54937982559204101563 -0.58231055736541748047 -0.64814656972885131836 -0.69787400960922241211 -0.725032806396484375 -0.73722016811370849609 -0.74565196037292480469 -0.75836491584777832031 -0.78316646814346313477 -0.81632977724075317383 -0.8366940617561340332 -0.84377527236938476563 -0.84535521268844604492 -0.84767735004425048828 -0.85173875093460083008 -0.8606961369514465332 -0.86456960439682006836 -0.86146384477615356445 -0.84817111492156982422 -0.78944492340087890625 -0.70476400852203369141 -0.69951766729354858398 -0.78452026844024658203 -0.87724435329437255859 -0.88352912664413452148 -0.93163836002349853516 -0.95157587528228759766 -9999 -9999 -9999 -9999 -9999 -9999 -9999
-0.58543545007705688477 -0.56288909912109375 -0.54149907827377319336 -0.51843035221099853516 -0.51730591058731079102 -0.53842520713806152344 -0.53797286748886108398 -0.52784961462020874023 -0.53360885381698608398 -0.57262688875198364258 -0.63760608434677124023 -0.68863952159881591797 -0.71920669078826904297 -0.73470366001129150391 -0.74397641420364379883 -0.75817698240280151367 -0.78517967462539672852 -0.81649857759475708008 -0.83464908599853515625 -0.84120464324951171875 -0.84201055765151977539 -0.84219527244567871094 -0.8441638946533203125 -0.85034036636352539063 -0.85180884599685668945 -0.84896749258041381836 -0.83829951286315917969 -0.78454256057739257813 -0.68932437896728515625 -0.65783661603927612305 -0.72984272241592407227 -0.83008116483688354492 -0.87335175275802612305 -0.92479610443115234375 -0.94612878561019897461 -0.94647920131683349609 -9999 -9999 -9999 -9999 -9999 -9999
-0.56669247150421142578 -0.5532309412956237793 -0.52989149093627929688 -0.49604970216751098633 -0.48469051718711853027 -0.50285375118255615234 -0.50203508138656616211 -0.503009796142578125 -0.52864277362823486328 -0.57523256540298461914 -0.63110464811325073242 -0.6782741546630859375 -0.71108388900756835938 -0.72906553745269775391 -0.74002969264984130859 -0.75716400146484375 -0.78481972217559814453 -0.81248497962951660156 -0.82851397991180419922 -0.83360421657562255859 -0.83433371782302856445 -0.83401197195053100586 -0.83386224508285522461 -0.83620351552963256836 -0.83695846796035766602 -0.8344834446907043457 -0.82508009672164916992 -0.77729260921478271484 -0.68523746728897094727 -0.63107281923294067383 -0.66096466779708862305 -0.74355912208557128906 -0.80224072933197021484 -0.87801837921142578125 -0.92544591426849365234 -0.93505632877349853516 -9999 -9999 -9999 -9999 -9999 -9999
-0.54871088266372680664 -0.5332648158073425293 -0.50713813304901123047 -0.46898010373115539551 -0.44964784383773803711 -0.4693081974983215332 -0.49152642488479614258 -0.50889009237289428711 -0.5404224395751953125 -0.58323752880096435547 -0.62520205974578857422 -0.66530001163482666016 -0.69954311847686767578 -0.7197577357292175293 -0.73308867216110229492 -0.75417929887771606445 -0.78088575601577758789 -0.80426025390625 -0.81730449199676513672 -0.81942278146743774414 -0.8198592066764831543 -0.8186041712760925293 -0.81575000286102294922 -0.81552386283874511719 -0.81465744972229003906 -0.81189250946044921875 -0.80295103788375854492 -0.7606074213981628418 -0.68098175525665283203 -0.61797118186950683594 -0.61306250095367431641 -0.67973947525024414063 -0.74890744686126708984 -0.84412246942520141602 -0.90202361345291137695 -0.91410905122756958008 -9999 -9999 -9999 -9999 -9999 -9999
-0.53246527910232543945 -0.51821696758270263672 -0.49244379997253417969 -0.44890564680099487305 -0.41528367996215820313 -0.43963292241096496582 -0.48650622367858886719 -0.50844413042068481445 -0.5366700291633605957 -0.57762163877487182617 -0.61726087331771850586 -0.65629804134368896484 -0.69111454486846923828 -0.71113485097885131836 -0.72563803195953369141 -0.74932467937469482422 -0.77469968795776367188 -0.79436635971069335938 -0.80472213029861450195 -0.80499291419982910156 -0.80419015884399414063 -0.80184251070022583008 -0.79783529043197631836 -0.7949047088623046875 -0.79153776168823242188 -0.78655892610549926758 -0.77562344074249267578 -0.73901355266571044922 -0.67121851444244384766 -0.60994398593902587891 -0.59692841768264770508 -0.66529047489166259766 -0.73507320880889892578 -0.83208799362182617188 -0.89810240268707275391 -0.91068154573440551758 -9999 -9999 -9999 -9999 -9999 -9999
-0.5132859349250793457 -0.50571739673614501953 -0.48577675223350524902 -0.44364973902702331543 -0.40395316481590270996 -0.41734462976455688477 -0.45975196361541748047 -0.47719526290893554688 -0.50958448648452758789 -0.5584996342658996582 -0.6031081080436706543 -0.64370292425155639648 -0.67851305007934570313 -0.69796639680862426758 -0.71503376960754394531 -0.74285835027694702148 -0.76798802614212036133 -0.78413802385330200195 -0.79118096828460693359 -0.79100257158279418945 -0.78916782140731811523 -0.78661948442459106445 -0.78215032815933227539 -0.77574765682220458984 -0.76768541336059570313 -0.76037168502807617188 -0.74978023767471313477 -0.72016227245330810547 -0.66071939468383789063 -0.60120320320129394531 -0.58738809823989868164 -0.65828573703765869141 -0.72856539487838745117 -0.82673013210296630859 -0.89990854263305664063 -0.91785830259323120117 -0.86791747808456420898 -0.84603369235992431641 -0.84992307424545288086 -0.85038816928863525391 -9999 -9999
-0.48451533913612365723 -0.48392602801322937012 -0.47147426009178161621 -0.43853077292442321777 -0.40263760089874267578 -0.39937892556190490723 -0.42574772238731384277 -0.44323882460594177246 -0.47642758488655090332 -0.52816182374954223633 -0.57829374074935913086 -0.62377500534057617188 -0.66117173433303833008 -0.68320202827453613281 -0.70425438880920410156 -0.73661494255065917969 -0.76209819316864013672 -0.7733745574951171875 -0.77629554271697998047 -0.77602797746658325195 -0.77445119619369506836 -0.77205580472946166992 -0.76576143503189086914 -0.75629758834838867188 -0.74466443061828613281 -0.73632508516311645508 -0.72398477792739868164 -0.69364058971405029297 -0.6417694091796875 -0.59020400047302246094 -0.58249533176422119141 -0.65371465682983398438 -0.72288584709167480469 -0.81656551361083984375 -0.89464306831359863281 -0.89923000335693359375 -0.85347163677215576172 -0.84464484453201293945 -0.84787803888320922852 -0.84807872772216796875 -9999 -9999
-0.44849154353141784668 -0.45355954766273498535 -0.45242553949356079102 -0.43069148063659667969 -0.39723831415176391602 -0.38204073905944824219 -0.39981213212013244629 -0.41452872753143310547 -0.43576583266258239746 -0.47874018549919128418 -0.53898262977600097656 -0.59287977218627929688 -0.63454806804656982422 -0.662044525146484375 -0.68903768062591552734 -0.72872787714004516602 -0.75495016574859619141 -0.76206952333450317383 -0.762165069580078125 -0.76105022430419921875 -0.7599766850471496582 -0.75795716047286987305 -0.75057655572891235352 -0.73810887336730957031 -0.72272336483001708984 -0.7104021906852722168 -0.69157004356384277344 -0.65483909845352172852 -0.60907119512557983398 -0.5694096684455871582 -0.5750191807746887207 -0.65338659286499023438 -0.72229331731796264648 -0.80868798494338989258 -0.86997520923614501953 -0.8610051274299621582 -0.83101451396942138672 -0.83523517847061157227 -0.83563017845153808594 -0.8260739445686340332 -0.81969672441482543945 -9999
-0.41227662563323974609 -0.42086130380630493164 -0.42959570884704589844 -0.4181792140007019043 -0.38506370782852172852 -0.3595294654369354248 -0.3673560023307800293 -0.37192708253860473633 -0.37853997945785522461 -0.41058838367462158203 -0.47913199663162231445 -0.54052758216857910156 -0.5887610316276550293 -0.62340867519378662109 -0.65745115280151367188 -0.7050825953483581543 -0.73439788818359375 -0.74235820770263671875 -0.74233275651931762695 -0.7431322932243347168 -0.74356228113174438477 -0.74139624834060668945 -0.73328936100006103516 -0.71728271245956420898 -0.69214659929275512695 -0.66897594928741455078 -0.64003652334213256836 -0.59919643402099609375 -0.56359308958053588867 -0.54599690437316894531 -0.58000433444976806641 -0.66905558109283447266 -0.73356968164443969727 -0.80686593055725097656 -0.83414256572723388672 -0.81106746196746826172 -0.8064517974853515625 -0.81474661827087402344 -0.81314438581466674805 -0.80972963571548461914 -0.80139023065567016602 -9999
-0.36870980262756347656 -0.37681666016578674316 -0.38693034648895263672 -0.38211718201637268066 -0.34929156303405761719 -0.31521406769752502441 -0.30442827939987182617 -0.29485929012298583984 -0.29347047209739685059 -0.32603806257247924805 -0.39597052335739135742 -0.46110257506370544434 -0.5192203521728515625 -0.55878311395645141602 -0.59856569766998291016 -0.64849698543548583984 -0.68036699295043945313 -0.69795364141464233398 -0.70531827211380004883 -0.71203953027725219727 -0.71635252237319946289 -0.71714252233505249023 -0.70871394872665405273 -0.68647342920303344727 -0.64421260356903076172 -0.6015377044677734375 -0.55988848209381103516 -0.52852809429168701172 -0.52154570817947387695 -0.54439461231231689453 -0.61627978086471557617 -0.70524823665618896484 -0.75756853818893432617 -0.80322182178497314453 -0.78221726417541503906 -0.75277769565582275391 -0.77126580476760864258 -0.78225862979888916016 -0.78303587436676025391 -0.78208345174789428711 -0.77785640954971313477 -0.74573159217834472656
-0.30268904566764831543 -0.30731424689292907715 -0.31034675240516662598 -0.3037115633487701416 -0.27250728011131286621 -0.23619681596755981445 -0.21966454386711120605 -0.21429394185543060303 -0.2168645709753036499 -0.25790220499038696289 -0.32387837767601013184 -0.38654172420501708984 -0.45036774873733520508 -0.49160286784172058105 -0.52859503030776977539 -0.57094502449035644531 -0.60014563798904418945 -0.63232147693634033203 -0.65343117713928222656 -0.6639239192008972168 -0.67188107967376708984 -0.68278473615646362305 -0.67714971303939819336 -0.65147852897644042969 -0.59982711076736450195 -0.54182720184326171875 -0.50209242105484008789 -0.50103169679641723633 -0.53602975606918334961 -0.58857309818267822266 -0.66209548711776733398 -0.74007427692413330078 -0.7821057438850402832 -0.78987812995910644531 -0.74617117643356323242 -0.72707146406173706055 -0.74036097526550292969 -0.75273311138153076172 -0.75517314672470092773 -0.75531011819839477539 -0.75091421604156494141 -0.73992776870727539063
-0.25464034080505371094 -0.25565010309219360352 -0.25199645757675170898 -0.24522426724433898926 -0.2281026989221572876 -0.20226265490055084229 -0.17702466249465942383 -0.16641406714916229248 -0.17603719234466552734 -0.22659599781036376953 -0.28656768798828125 -0.3352343440055847168 -0.38507643342018127441 -0.42040580511093139648 -0.45079141855239868164 -0.48697447776794433594 -0.51679629087448120117 -0.55941385030746459961 -0.59056395292282104492 -0.60178613662719726563 -0.60711854696273803711 -0.62350428104400634766 -0.62335771322250366211 -0.59818345308303833008 -0.54909628629684448242 -0.49735888838768005371 -0.46955665946006774902 -0.49180990457534790039 -0.55652785301208496094 -0.61853820085525512695 -0.68743222951889038086 -0.76127320528030395508 -0.78961694240570068359 -0.759654998779296875 -0.71490317583084106445 -0.70096385478973388672 -0.69824349880218505859 -0.71851861476898193359 -0.72798568010330200195 -0.72975677251815795898 -0.7296994328498840332 -0.72037255764007568359
-0.23348285257816314697 -0.23141552507877349854 -0.22386610507965087891 -0.21645684540271759033 -0.20997135341167449951 -0.19736349582672119141 -0.17202994227409362793 -0.16032038629055023193 -0.17525039613246917725 -0.23092177510261535645 -0.28603890538215637207 -0.31874987483024597168 -0.34917369484901428223 -0.37519848346710205078 -0.40018165111541748047 -0.43481022119522094727 -0.46596032381057739258 -0.50275814533233642578 -0.53139817714691162109 -0.54277646541595458984 -0.54679328203201293945 -0.56255781650543212891 -0.56284773349761962891 -0.53393059968948364258 -0.48818174004554748535 -0.45575746893882751465 -0.43747958540916442871 -0.46227481961250305176 -0.53614759445190429688 -0.61009371280670166016 -0.68621540069580078125 -0.75700473785400390625 -0.76587289571762084961 -0.71356528997421264648 -0.67816907167434692383 -0.66522991657257080078 -0.6579926609992980957 -0.67812448740005493164 -0.69559007883071899414 -0.70493286848068237305 -0.70941156148910522461 -0.69607740640640258789
-0.20822255313396453857 -0.20289973914623260498 -0.19132396578788757324 -0.18364395201206207275 -0.18370765447616577148 -0.17909517884254455566 -0.16025030612945556641 -0.15390178561210632324 -0.17419920861721038818 -0.2291889190673828125 -0.28310513496398925781 -0.31208917498588562012 -0.33346325159072875977 -0.35358229279518127441 -0.37542465329170227051 -0.40986528992652893066 -0.44181811809539794922 -0.47017779946327209473 -0.49358737468719482422 -0.50384759902954101563 -0.50550401210784912109 -0.51047003269195556641 -0.50365966558456420898 -0.47481256723403930664 -0.4368903040885925293 -0.41745293140411376953 -0.39576029777526855469 -0.40645688772201538086 -0.48118340969085693359 -0.57063919305801391602 -0.65898972749710083008 -0.7259852290153503418 -0.71870976686477661133 -0.66137242317199707031 -0.63791823387145996094 -0.62332904338836669922 -0.61373782157897949219 -0.62602710723876953125 -0.64587855339050292969 -0.67009723186492919922 -0.68126845359802246094 -0.66613459587097167969
-0.16462706029415130615 -0.15884235501289367676 -0.14442838728427886963 -0.13359162211418151855 -0.13503143191337585449 -0.13560479879379272461 -0.13036799430847167969 -0.13434019684791564941 -0.16082686185836791992 -0.21352626383304595947 -0.26228532195091247559 -0.28739908337593078613 -0.30635544657707214355 -0.32793977856636047363 -0.35096707940101623535 -0.38676789402961730957 -0.41923040151596069336 -0.44598144292831420898 -0.46664518117904663086 -0.47425195574760437012 -0.47441440820693969727 -0.46928590536117553711 -0.45822614431381225586 -0.43691578507423400879 -0.40691560506820678711 -0.38537904620170593262 -0.3495846092700958252 -0.33819040656089782715 -0.40674996376037597656 -0.50328373908996582031 -0.59667676687240600586 -0.65281003713607788086 -0.64347356557846069336 -0.60614699125289916992 -0.59289568662643432617 -0.57936084270477294922 -0.56804311275482177734 -0.57174456119537353516 -0.58320885896682739258 -0.61014145612716674805 -0.62983363866806030273 -0.62998336553573608398
