INPUT/RASTER/ASCII_standard/BIO16.asc
ncols        225
nrows        269
xllcorner    473009.983799999987
yllcorner    4429051.174800000153
cellsize     50.000000000000
NODATA_value  -9999
[rows 180 to 197 of 269, columns 0 to 41 of 225]
-9999 -9999 -9999 -0.59449011087417602539 -0.55507123470306396484 -0.45398020744323730469 -0.36874419450759887695 -0.36211463809013366699 -0.3991515040397644043 -0.45674571394920349121 -0.48560741543769836426 -0.45287400484085083008 -0.35712900757789611816 -0.2752424776554107666 -0.22739984095096588135 -0.14803794026374816895 -0.055524848401546478271 0.010123136453330516815 0.035533208400011062622 0.046874754130840301514 0.056391242891550064087 0.068405382335186004639 0.070101313292980194092 0.05602507665753364563 0.026697017252445220947 -0.013149674981832504272 -0.066735342144966125488 -0.16291010379791259766 -0.2667242586612701416 -0.37470886111259460449 -0.47893160581588745117 -0.55643373727798461914 -0.60219502449035644531 -0.66268390417098999023 -0.72710812091827392578 -0.75980877876281738281 -0.77146828174591064453 -0.77985352277755737305 -0.7808094024658203125 -0.75384408235549926758 -0.68811708688735961914 -0.61786502599716186523
-9999 -9999 -9999 -9999 -0.34777247905731201172 -0.34519773721694946289 -0.36243456602096557617 -0.38740330934524536133 -0.4278609156608581543 -0.47966778278350830078 -0.4961433708667755127 -0.4589754939079284668 -0.36509409546852111816 -0.28508079051971435547 -0.23756580054759979248 -0.15879553556442260742 -0.064382240176200866699 0.01002099551260471344 0.040800232440233230591 0.05142871662974357605 0.059418868273496627808 0.069999173283576965332 0.070912659168243408203 0.057983107864856719971 0.030104298144578933716 -0.0085725858807563781738 -0.06078416481614112854 -0.16217198967933654785 -0.28012791275978088379 -0.40341445803642272949 -0.51785904169082641602 -0.60321640968322753906 -0.65179330110549926758 -0.70922183990478515625 -0.76177257299423217773 -0.78544241189956665039 -0.79850494861602783203 -0.80876338481903076172 -0.80839335918426513672 -0.76997667551040649414 -0.67903614044189453125 -0.58597576618194580078
-9999 -9999 -9999 -9999 -0.30411571264266967773 -0.31535896658897399902 -0.36185449361801147461 -0.40806090831756591797 -0.44949367642402648926 -0.50186908245086669922 -0.50752156972885131836 -0.46644914150238037109 -0.37980824708938598633 -0.30506965517997741699 -0.25596472620964050293 -0.17273494601249694824 -0.069364033639430999756 0.016029991209506988525 0.050455480813980102539 0.05904692038893699646 0.064666621387004852295 0.075456984341144561768 0.076755918562412261963 0.065375827252864837646 0.036957405507564544678 -0.0076687312684953212738 -0.066825918853282928467 -0.18108934164047241211 -0.31350886821746826172 -0.4445870518684387207 -0.55983912944793701172 -0.64536416530609130859 -0.69423979520797729492 -0.74961966276168823242 -0.79604965448379516602 -0.81296467781066894531 -0.82529103755950927734 -0.83513128757476806641 -0.83325034379959106445 -0.78618824481964111328 -0.67306572198867797852 -0.55671513080596923828
-9999 -9999 -9999 -9999 -9999 -9999 -9999 -9999 -9999 -0.53166931867599487305 -0.51759308576583862305 -0.47420227527618408203 -0.39675214886665344238 -0.32715147733688354492 -0.27529451251029968262 -0.18367949128150939941 -0.070298723876476287842 0.022193161770701408386 0.065988674759864807129 0.078216731548309326172 0.081656776368618011475 0.088136002421379089355 0.091109670698642730713 0.086203031241893768311 0.046980749815702438354 -0.033225268125534057617 -0.12648224830627441406 -0.2644405364990234375 -0.40302515029907226563 -0.52839112281799316406 -0.6201661229133605957 -0.68248200416564941406 -0.72472804784774780273 -0.78210061788558959961 -0.83031326532363891602 -0.84848481416702270508 -0.85568869113922119141 -0.85656744241714477539 -0.84839040040969848633 -0.79818308353424072266 -0.68430316448211669922 -0.56040185689926147461
-9999 -9999 -9999 -9999 -9999 -9999 -9999 -9999 -9999 -0.53787100315093994141 -0.52210849523544311523 -0.47812795639038085938 -0.39835557341575622559 -0.33916947245597839355 -0.28965210914611816406 -0.19522917270660400391 -0.080528281629085540771 0.018084380775690078735 0.076831080019474029541 0.094989113509654998779 0.095309026539325714111 0.093863628804683685303 0.099583543837070465088 0.10335892438888549805 0.051133852452039718628 -0.068365752696990966797 -0.19780968129634857178 -0.36150565743446350098 -0.50664657354354858398 -0.62231105566024780273 -0.68301194906234741211 -0.71809846162796020508 -0.75190919637680053711 -0.81055569648742675781 -0.86006337404251098633 -0.87845271825790405273 -0.87929874658584594727 -0.86887067556381225586 -0.85323339700698852539 -0.80491089820861816406 -0.70877665281295776367 -0.5994256138801574707
-9999 -9999 -9999 -9999 -9999 -9999 -9999 -9999 -9999 -9999 -9999 -9999 -0.34792855381965637207 -0.34186369180679321289 -0.28330585360527038574 -0.21053880453109741211 -0.099534280598163604736 0.0041758115403354167938 0.071856983006000518799 0.092711165547370910645 0.09342037886381149292 0.090693391859531402588 0.093061916530132293701 0.095734938979148864746 0.038624428212642669678 -0.095146059989929199219 -0.23701846599578857422 -0.41475984454154968262 -0.56790637969970703125 -0.68056058883666992188 -0.73109740018844604492 -0.76286339759826660156 -0.79257881641387939453 -0.84109592437744140625 -0.88006383180618286133 -0.8899599909782409668 -0.88497817516326904297 -0.86991906166076660156 -0.85230642557144165039 -0.81097197532653808594 -0.73742437362670898438 -0.64766335487365722656
-9999 -9999 -9999 -9999 -9999 -9999 -9999 -9999 -9999 -9999 -9999 -9999 -9999 -9999 -0.26844525337219238281 -0.20691953599452972412 -0.12409253418445587158 -0.021480940282344818115 0.047691881656646728516 0.071433000266551971436 0.078415229916572570801 0.084300890564918518066 0.087902814149856567383 0.083647564053535461426 0.021967679262161254883 -0.12337175756692886353 -0.26821592450141906738 -0.44401082396507263184 -0.59607619047164916992 -0.70942419767379760742 -0.76608759164810180664 -0.8080984950065612793 -0.83728587627410888672 -0.87272506952285766602 -0.8992239832878112793 -0.89627927541732788086 -0.88062274456024169922 -0.86562526226043701172 -0.85354560613632202148 -0.82617753744125366211 -0.77719980478286743164 -0.70041263103485107422
-9999 -9999 -9999 -9999 -9999 -9999 -9999 -9999 -9999 -9999 -9999 -9999 -9999 -9999 -9999 -0.21860989928245544434 -0.14851009845733642578 -0.051512427628040313721 0.013206648640334606171 0.038007725030183792114 0.053294241428375244141 0.0707912445068359375 0.078600242733955383301 0.068497881293296813965 0.0060760262422263622284 -0.13571929931640625 -0.27423262596130371094 -0.43824851512908935547 -0.58345884084701538086 -0.70021027326583862305 -0.76799744367599487305 -0.82378393411636352539 -0.858783721923828125 -0.89269083738327026367 -0.91577088832855224609 -0.90077924728393554688 -0.87402397394180297852 -0.86423194408416748047 -0.86230474710464477539 -0.84685438871383666992 -0.80940705537796020508 -0.73781371116638183594
-9999 -9999 -9999 -9999 -9999 -9999 -9999 -9999 -9999 -9999 -9999 -9999 -9999 -9999 -9999 -0.23126001656055450439 -0.16967262327671051025 -0.080191023647785186768 -0.021459741517901420593 0.0030233487486839294434 0.023943055421113967896 0.047662977129220962524 0.056635998189449310303 0.046793811023235321045 -0.004456096794456243515 -0.11677304655313491821 -0.24047008156776428223 -0.39323115348815917969 -0.5336138606071472168 -0.65145796537399291992 -0.73319417238235473633 -0.80122035741806030273 -0.8438460230827331543 -0.89087539911270141602 -0.92745357751846313477 -0.91068887710571289063 -0.87844496965408325195 -0.87629616260528564453 -0.88414180278778076172 -0.87492400407791137695 -0.83683490753173828125 -0.76705116033554077148
-9999 -9999 -9999 -9999 -9999 -9999 -9999 -9999 -9999 -9999 -9999 -9999 -9999 -9999 -9999 -0.27130904793739318848 -0.20474566519260406494 -0.11603492498397827148 -0.058789517730474472046 -0.03393062204122543335 -0.012459739111363887787 0.011728489771485328674 0.024875817820429801941 0.025320999324321746826 0.0040601799264550209045 -0.054719280451536178589 -0.15617647767066955566 -0.30633583664894104004 -0.45223608613014221191 -0.57455515861511230469 -0.67919993400573730469 -0.7573477625846862793 -0.80248647928237915039 -0.86735588312149047852 -0.93084543943405151367 -0.92861759662628173828 -0.89937049150466918945 -0.90562617778778076172 -0.91992211341857910156 -0.91197431087493896484 -0.87334179878234863281 -0.80768030881881713867
-9999 -9999 -9999 -9999 -9999 -9999 -9999 -9999 -9999 -9999 -9999 -9999 -9999 -9999 -9999 -0.32106152176856994629 -0.25830435752868652344 -0.16970925033092498779 -0.10727775096893310547 -0.080439627170562744141 -0.061217781156301498413 -0.042735978960990905762 -0.02250235341489315033 -0.0034924990031868219376 0.0083578256890177726746 0.0016839478630572557449 -0.05679294094443321228 -0.19140176475048065186 -0.3485298454761505127 -0.50671404600143432617 -0.64006245136260986328 -0.72498822212219238281 -0.76845991611480712891 -0.84172612428665161133 -0.92813384532928466797 -0.94895529747009277344 -0.93143898248672485352 -0.93865251541137695313 -0.94901889562606811523 -0.93908804655075073242 -0.90324604511260986328 -0.84485590457916259766
-9999 -9999 -9999 -9999 -9999 -9999 -9999 -9999 -9999 -9999 -9999 -9999 -9999 -9999 -9999 -0.35879024863243103027 -0.30329087376594543457 -0.21465337276458740234 -0.15086898207664489746 -0.1245454251766204834 -0.10487839579582214355 -0.084577314555644989014 -0.059074740856885910034 -0.032990150153636932373 -0.014521838165819644928 -0.0091815795749425888062 -0.038864243775606155396 -0.13896469771862030029 -0.28751099109649658203 -0.46605023741722106934 -0.61505132913589477539 -0.71210491657257080078 -0.76164537668228149414 -0.84010922908782958984 -0.933979034423828125 -0.96874564886093139648 -0.96355187892913818359 -0.964351654052734375 -0.96363085508346557617 -0.94840025901794433594 -0.91699850559234619141 -0.87289661169052124023
-9999 -9999 -9999 -9999 -9999 -9999 -9999 -9999 -9999 -9999 -9999 -9999 -9999 -9999 -9999 -0.36501699686050415039 -0.32631701231002807617 -0.25799405574798583984 -0.19952487945556640625 -0.17384308576583862305 -0.15291567146778106689 -0.12257775664329528809 -0.089651621878147125244 -0.06634219735860824585 -0.05277666822075843811 -0.047868099063634872437 -0.065754398703575134277 -0.13808204233646392822 -0.27149406075477600098 -0.4566300809383392334 -0.61809247732162475586 -0.72807168960571289063 -0.78496831655502319336 -0.86220645904541015625 -0.95235484838485717773 -0.98922979831695556641 -0.98699426651000976563 -0.9799754023551940918 -0.96826189756393432617 -0.94766789674758911133 -0.92128652334213256836 -0.89333254098892211914
-9999 -9999 -9999 -9999 -9999 -9999 -9999 -9999 -9999 -9999 -9999 -9999 -9999 -9999 -9999 -9999 -0.34402406215667724609 -0.3051274716854095459 -0.25489899516105651855 -0.19892746210098266602 -0.18924136459827423096 -0.16169981658458709717 -0.12402315437793731689 -0.10324028134346008301 -0.091995090246200561523 -0.084654405713081359863 -0.092519290745258331299 -0.15849488973617553711 -0.30701613426208496094 -0.49911320209503173828 -0.65598881244659423828 -0.76117902994155883789 -0.81736636161804199219 -0.88944733142852783203 -0.97222614288330078125 -1.0064897537231445313 -0.99730861186981201172 -0.98159426450729370117 -0.96835440397262573242 -0.95051246881484985352 -0.93092250823974609375 -0.90918374061584472656
-9999 -9999 -9999 -9999 -9999 -9999 -9999 -9999 -9999 -9999 -9999 -9999 -9999 -9999 -9999 -9999 -0.35648146271705627441 -0.32484462857246398926 -0.29667866230010986328 -9999 -0.20224800705909729004 -0.17598226666450500488 -0.15754865109920501709 -0.14428375661373138428 -0.13471908867359161377 -0.11852293461561203003 -0.1172586977481842041 -0.19207242131233215332 -0.3789024651050567627 -0.57414084672927856445 -0.71612888574600219727 -0.81269681453704833984 -0.86526101827621459961 -0.93004757165908813477 -0.99994695186614990234 -1.0260642766952514648 -1.0118743181228637695 -0.99404007196426391602 -0.98456406593322753906 -0.97128760814666748047 -0.95505100488662719727 -0.92239272594451904297
-9999 -9999 -9999 -9999 -9999 -9999 -9999 -9999 -9999 -9999 -9999 -9999 -9999 -9999 -9999 -9999 -9999 -9999 -9999 -9999 -9999 -0.18572230637073516846 -0.18231117725372314453 -0.20246386528015136719 -0.20305550098419189453 -0.1676991879940032959 -0.1644904017448425293 -0.26166921854019165039 -0.47725301980972290039 -0.67100936174392700195 -0.80703467130661010742 -0.90098160505294799805 -0.94775462150573730469 -0.99600970745086669922 -1.0372921228408813477 -1.0487184524536132813 -1.0386353731155395508 -1.02750396728515625 -1.0206912755966186523 -1.0082666873931884766 -0.98523473739624023438 -0.91907411813735961914
-9999 -9999 -9999 -9999 -9999 -9999 -9999 -9999 -9999 -9999 -9999 -9999 -9999 -9999 -9999 -9999 -9999 -9999 -9999 -9999 -9999 -0.18829512596130371094 -0.18540047109127044678 -0.28821441531181335449 -0.25671055912971496582 -0.20787349343299865723 -0.23417200148105621338 -0.36904484033584594727 -0.56331384181976318359 -0.75200748443603515625 -0.89795589447021484375 -0.98765724897384643555 -1.0229537487030029297 -1.0482367277145385742 -1.0623360872268676758 -1.0628409385681152344 -1.0574254989624023438 -1.0515495538711547852 -1.0457679033279418945 -1.034075617790222168 -1.000361323356628418 -0.90102016925811767578
-9999 -9999 -9999 -9999 -9999 -9999 -9999 -9999 -9999 -9999 -9999 -9999 -9999 -9999 -9999 -9999 -9999 -9999 -9999 -9999 -9999 -9999 -9999 -9999 -9999 -9999 -0.43216627836227416992 -0.47319626808166503906 -0.6212202906608581543 -0.81391865015029907227 -0.96040475368499755859 -1.030022740364074707 -1.0486780405044555664 -1.0589596033096313477 -1.0654504299163818359 -1.0644636154174804688 -1.0587687492370605469 -1.053256988525390625 -1.0482115745544433594 -1.0387452840805053711 -1.0031942129135131836 -0.89765912294387817383
