INPUT/RASTER/ASCII_standard/BIO19.asc
ncols        225
nrows        269
xllcorner    473009.983799999987
yllcorner    4429051.174800000153
cellsize     50.000000000000
NODATA_value  -9999
[rows 216 to 233 of 269, columns 126 to 167 of 225]
-0.92413008213043212891 -0.89831626415252685547 -0.88334876298904418945 -0.87805885076522827148 -0.87657558917999267578 -0.89148390293121337891 -0.92188811302185058594 -0.93084031343460083008 -0.90981215238571166992 -0.89399611949920654297 -0.89528965950012207031 -0.89829498529434204102 -0.90332025289535522461 -0.91121119260787963867 -0.91870790719985961914 -0.93071633577346801758 -0.93771892786026000977 -0.93168699741363525391 -0.90901917219161987305 -0.88232076168060302734 -0.85586756467819213867 -0.82654225826263427734 -0.80371528863906860352 -0.79695785045623779297 -0.79626393318176269531 -0.79811078310012817383 -0.79337978363037109375 -0.78198015689849853516 -0.76754373311996459961 -0.75720733404159545898 -0.74226939678192138672 -0.72732776403427124023 -0.72266519069671630859 -0.74398118257522583008 -0.79802846908569335938 -0.84611403942108154297 -0.87296235561370849609 -0.9070408940315246582 -0.94442456960678100586 -0.9668915867805480957 -0.94325035810470581055 -0.95378017425537109375
-0.93424260616302490234 -0.90996944904327392578 -0.89108699560165405273 -0.87917846441268920898 -0.87309557199478149414 -0.88013708591461181641 -0.90187495946884155273 -0.9140860438346862793 -0.91332453489303588867 -0.91591536998748779297 -0.91895306110382080078 -0.91963410377502441406 -0.92161887884140014648 -0.93147879838943481445 -0.94236022233963012695 -0.95642834901809692383 -0.96484208106994628906 -0.95860648155212402344 -0.93553066253662109375 -0.91244828701019287109 -0.88650864362716674805 -0.84758526086807250977 -0.81919449567794799805 -0.81617623567581176758 -0.82456862926483154297 -0.82793480157852172852 -0.81849962472915649414 -0.80294823646545410156 -0.7845700383186340332 -0.77198517322540283203 -0.75614786148071289063 -0.74108684062957763672 -0.73773545026779174805 -0.75816130638122558594 -0.81178015470504760742 -0.85924303531646728516 -0.88498467206954956055 -0.91912424564361572266 -0.96244645118713378906 -0.9289379119873046875 -0.71602344512939453125 -0.7276617884635925293
-0.94874936342239379883 -0.93118172883987426758 -0.91919553279876708984 -0.91922324895858764648 -0.92158740758895874023 -0.92336213588714599609 -0.93065619468688964844 -0.94354456663131713867 -0.95600551366806030273 -0.96228826045989990234 -0.95935320854187011719 -0.95188796520233154297 -0.94756311178207397461 -0.95817071199417114258 -0.97186875343322753906 -0.98486906290054321289 -0.99173200130462646484 -0.98505139350891113281 -0.96333754062652587891 -0.94144415855407714844 -0.91242331266403198242 -0.86665552854537963867 -0.8373737335205078125 -0.83699065446853637695 -0.84844303131103515625 -0.84949600696563720703 -0.8377678990364074707 -0.82137078046798706055 -0.80119478702545166016 -0.78752821683883666992 -0.77113574743270874023 -0.75482285022735595703 -0.74810892343521118164 -0.76639640331268310547 -0.82239508628845214844 -0.87012815475463867188 -0.89369720220565795898 -0.92400336265563964844 -0.96971929073333740234 -0.92691522836685180664 -0.65522986650466918945 -0.67499876022338867188
-0.96024888753890991211 -0.94968485832214355469 -0.94597536325454711914 -0.95931988954544067383 -0.96990895271301269531 -0.97116643190383911133 -0.97339451313018798828 -0.98430556058883666992 -0.99895018339157104492 -1.0043548345565795898 -0.99834597110748291016 -0.98524659872055053711 -0.97743529081344604492 -0.98909026384353637695 -1.0020147562026977539 -1.009739995002746582 -1.0106236934661865234 -1.0008747577667236328 -0.98112630844116210938 -0.96191811561584472656 -0.93270570039749145508 -0.88709527254104614258 -0.86059582233428955078 -0.86044222116470336914 -0.86941015720367431641 -0.86555910110473632813 -0.8514372706413269043 -0.83493095636367797852 -0.81539988517761230469 -0.80253553390502929688 -0.78521871566772460938 -0.76635754108428955078 -0.75430560111999511719 -0.76843667030334472656 -0.82372105121612548828 -0.86806845664978027344 -0.89558112621307373047 -0.92404407262802124023 -0.96510022878646850586 -0.92554670572280883789 -0.68710160255432128906 -0.72851955890655517578
-0.97253495454788208008 -0.97017914056777954102 -0.97595202922821044922 -0.99807578325271606445 -1.0136345624923706055 -1.0175716876983642578 -1.0183988809585571289 -1.0242689847946166992 -1.0355075597763061523 -1.0405837297439575195 -1.0363005399703979492 -1.0242384672164916992 -1.0171173810958862305 -1.0283809900283813477 -1.0364542007446289063 -1.0351929664611816406 -1.0288788080215454102 -1.0160995721817016602 -0.99616968631744384766 -0.97787386178970336914 -0.94926106929779052734 -0.90547621250152587891 -0.87911367416381835938 -0.87911736965179443359 -0.88659191131591796875 -0.87961429357528686523 -0.86379730701446533203 -0.84785264730453491211 -0.82958555221557617188 -0.8174660801887512207 -0.80002987384796142578 -0.77926075458526611328 -0.76314026117324829102 -0.77203232049942016602 -0.82140409946441650391 -0.85773479938507080078 -0.89285707473754882813 -0.92155689001083374023 -0.95596295595169067383 -0.93731832504272460938 -0.76750487089157104492 -0.78757816553115844727
-0.99037086963653564453 -0.99641120433807373047 -1.0125510692596435547 -1.0363541841506958008 -1.0490409135818481445 -1.0534342527389526367 -1.0549341440200805664 -1.0582652091979980469 -1.0649087429046630859 -1.0685988664627075195 -1.0674598217010498047 -1.0623947381973266602 -1.0604895353317260742 -1.0692964792251586914 -1.0710304975509643555 -1.0612224340438842773 -1.0499246120452880859 -1.0353308916091918945 -1.0142221450805664063 -0.99356222152709960938 -0.96141475439071655273 -0.92047798633575439453 -0.89656746387481689453 -0.89682286977767944336 -0.9042835235595703125 -0.8962815403938293457 -0.87866771221160888672 -0.86311167478561401367 -0.84580409526824951172 -0.83422219753265380859 -0.81760299205780029297 -0.79636752605438232422 -0.7800509333610534668 -0.78529644012451171875 -0.82360261678695678711 -0.85200262069702148438 -0.88639390468597412109 -0.91607910394668579102 -0.94632881879806518555 -0.98613858222961425781 -0.90296405553817749023 -0.80408167839050292969
-1.0155036449432373047 -1.0258141756057739258 -1.0454914569854736328 -1.0672432184219360352 -1.0760631561279296875 -1.0788853168487548828 -1.0823689699172973633 -1.0859137773513793945 -1.0894049406051635742 -1.092421412467956543 -1.093012690544128418 -1.0916395187377929688 -1.094501495361328125 -1.1032861471176147461 -1.101647496223449707 -1.0879077911376953125 -1.0742033720016479492 -1.0561037063598632813 -1.0322190523147583008 -1.008563995361328125 -0.97358697652816772461 -0.93710732460021972656 -0.91998666524887084961 -0.92353326082229614258 -0.93502449989318847656 -0.92371374368667602539 -0.89980047941207885742 -0.88193672895431518555 -0.86487621068954467773 -0.85362279415130615234 -0.83803439140319824219 -0.81865042448043823242 -0.8034432530403137207 -0.80619972944259643555 -0.83220040798187255859 -0.85340631008148193359 -0.8831627964973449707 -0.91407310962677001953 -0.94805538654327392578 -0.95218682289123535156 -0.89203631877899169922 -0.82218873500823974609
-1.0467952489852905273 -1.0533194541931152344 -1.0684896707534790039 -1.0864708423614501953 -1.0947068929672241211 -1.0986930131912231445 -1.1048860549926757813 -1.1100287437438964844 -1.1146173477172851563 -1.119006037712097168 -1.1210842132568359375 -1.1252785921096801758 -1.1350394487380981445 -1.1403071880340576172 -1.1325837373733520508 -1.1158553361892700195 -1.1017899513244628906 -1.0798910856246948242 -1.0526162385940551758 -1.0284577608108520508 -1.0002095699310302734 -0.97112941741943359375 -0.95850378274917602539 -0.9644978642463684082 -0.97978830337524414063 -0.96428686380386352539 -0.93279081583023071289 -0.9102109074592590332 -0.89202153682708740234 -0.88106048107147216797 -0.86660277843475341797 -0.84872150421142578125 -0.83395665884017944336 -0.8327324986457824707 -0.84899169206619262695 -0.86299878358840942383 -0.88596826791763305664 -0.92211854457855224609 -0.96795475482940673828 -0.82923859357833862305 -0.85610908269882202148 -0.91499471664428710938
-1.0684368610382080078 -1.0709731578826904297 -1.0821303129196166992 -1.0978482961654663086 -1.1071649789810180664 -1.1129583120346069336 -1.1209703683853149414 -1.1281182765960693359 -1.1343362331390380859 -1.140015721321105957 -1.1444617509841918945 -1.1539987325668334961 -1.1686478853225708008 -1.1710796356201171875 -1.1587760448455810547 -1.1392754316329956055 -1.1226062774658203125 -1.09981536865234375 -1.0725840330123901367 -1.0510627031326293945 -1.0295635461807250977 -1.0069873332977294922 -0.99721342325210571289 -1.0033962726593017578 -1.0144627094268798828 -0.99677854776382446289 -0.96427392959594726563 -0.9387219548225402832 -0.9201170802116394043 -0.91018134355545043945 -0.89705139398574829102 -0.87910163402557373047 -0.86211979389190673828 -0.85480439662933349609 -0.86281466484069824219 -0.87236827611923217773 -0.89112031459808349609 -0.93552601337432861328 -1.0028992891311645508 -0.73023408651351928711 -0.74954867362976074219 -0.85766911506652832031
-1.0728292465209960938 -1.0796180963516235352 -1.0915275812149047852 -1.1070299148559570313 -1.1170804500579833984 -1.12369537353515625 -1.1314955949783325195 -1.1380124092102050781 -1.1450899839401245117 -1.1520972251892089844 -1.1571456193923950195 -1.1687959432601928711 -1.1576230525970458984 -1.0744864940643310547 -1.0740219354629516602 -1.116512298583984375 -1.1278674602508544922 -1.1107773780822753906 -1.0876200199127197266 -1.0702013969421386719 -1.0519407987594604492 -1.0345360040664672852 -1.0276564359664916992 -1.0317583084106445313 -1.0333201885223388672 -1.0137085914611816406 -0.98398452997207641602 -0.95902657508850097656 -0.94137477874755859375 -0.93290370702743530273 -0.92190849781036376953 -0.90360343456268310547 -0.8830878138542175293 -0.8675734400749206543 -0.8703715205192565918 -0.87831056118011474609 -0.89525914192199707031 -0.94683861732482910156 -0.99174588918685913086 -0.7540900111198425293 -0.81502145528793334961 -0.91684526205062866211
-1.0741533041000366211 -1.0867807865142822266 -1.1019139289855957031 -1.1181334257125854492 -1.1283015012741088867 -1.1348377466201782227 -1.1412389278411865234 -1.1469378471374511719 -1.1533056497573852539 -1.1590119600296020508 -1.1637706756591796875 -1.1761863231658935547 -1.0114638805389404297 -0.7020848393440246582 -0.72750264406204223633 -0.90940964221954345703 -0.99541836977005004883 -1.0730791091918945313 -1.0922363996505737305 -1.0820553302764892578 -1.0718123912811279297 -1.0600954294204711914 -1.0555021762847900391 -1.0585066080093383789 -1.0536340475082397461 -1.0303925275802612305 -1.0007156133651733398 -0.97719007730484008789 -0.96063476800918579102 -0.95257270336151123047 -0.94288390874862670898 -0.92504149675369262695 -0.90121060609817504883 -0.87119966745376586914 -0.86634558439254760742 -0.87240529060363769531 -0.88599973917007446289 -0.94453096389770507813 -0.85331743955612182617 -0.73649370670318603516 -0.89175969362258911133 -0.98309993743896484375
-1.0767284631729125977 -1.0928978919982910156 -1.1131609678268432617 -1.1312346458435058594 -1.1412935256958007813 -1.1475641727447509766 -1.152087092399597168 -1.1561334133148193359 -1.1593283414840698242 -1.1623245477676391602 -1.1662347316741943359 -1.1756653785705566406 -0.76823866367340087891 -0.45593941211700439453 -0.4679858088493347168 -0.57007336616516113281 -0.63383245468139648438 -0.86976826190948486328 -0.99495476484298706055 -1.0142008066177368164 -1.0445828437805175781 -1.069754481315612793 -1.0732771158218383789 -1.0763037204742431641 -1.0704540014266967773 -1.0390865802764892578 -0.99951648712158203125 -0.97709661722183227539 -0.96135187149047851563 -0.95259582996368408203 -0.94162648916244506836 -0.92454832792282104492 -0.90039914846420288086 -0.80486541986465454102 -0.74009215831756591797 -0.73823601007461547852 -0.74959677457809448242 -0.82694476842880249023 -0.73679810762405395508 -0.77548921108245849609 -0.98068952560424804688 -1.0524598360061645508
-1.0820738077163696289 -1.1012070178985595703 -1.1263232231140136719 -1.1448206901550292969 -1.15345001220703125 -1.1589323282241821289 -1.1621977090835571289 -1.16411590576171875 -1.1633598804473876953 -1.1651901006698608398 -1.1691522598266601563 -1.170048832893371582 -0.66481220722198486328 -0.45289891958236694336 -0.44679012894630432129 -0.4351323544979095459 -0.43346869945526123047 -0.54741847515106201172 -0.69769060611724853516 -0.76044028997421264648 -0.86058378219604492188 -1.0037746429443359375 -1.0650420188903808594 -1.0711776018142700195 -1.0662207603454589844 -0.98815667629241943359 -0.87665331363677978516 -0.85043424367904663086 -0.83720070123672485352 -0.8288148045539855957 -0.81743276119232177734 -0.80222278833389282227 -0.78200238943099975586 -0.55883657932281494141 -0.36662092804908752441 -0.34770515561103820801 -0.36901834607124328613 -0.49621370434761047363 -0.67845380306243896484 -0.90692150592803955078 -1.0938416719436645508 -1.1381179094314575195
-1.096486210823059082 -1.1189829111099243164 -1.1448863744735717773 -1.1623467206954956055 -1.1680493354797363281 -1.1706863641738891602 -1.1710305213928222656 -1.161787867546081543 -1.1547046899795532227 -1.1573038101196289063 -1.164831995964050293 -1.104230046272277832 -0.64155590534210205078 -0.4724743962287902832 -0.47036102414131164551 -0.46308174729347229004 -0.45179781317710876465 -0.429080963134765625 -0.44208687543869018555 -0.44894236326217651367 -0.47563612461090087891 -0.72658938169479370117 -0.92152446508407592773 -0.93639487028121948242 -0.92974847555160522461 -0.73676669597625732422 -0.44923013448715209961 -0.40796485543251037598 -0.39973157644271850586 -0.39308243989944458008 -0.38200852274894714355 -0.3711872398853302002 -0.35704782605171203613 -0.26222199201583862305 -0.17622436583042144775 -0.16922268271446228027 -0.23955418169498443604 -0.45947033166885375977 -0.77810597419738769531 -1.0620865821838378906 -1.2223703861236572266 -1.2381235361099243164
-1.1219530105590820313 -1.1286141872406005859 -1.145277857780456543 -1.1579442024230957031 -1.1621135473251342773 -1.1616749763488769531 -1.1441045999526977539 -0.99527120590209960938 -0.92393022775650024414 -0.9293422698974609375 -0.94632697105407714844 -0.77713811397552490234 -0.53804528713226318359 -0.50636512041091918945 -0.50437849760055541992 -0.49278271198272705078 -0.48051056265830993652 -0.4584719538688659668 -0.42986190319061279297 -0.40358358621597290039 -0.37818893790245056152 -0.41850113868713378906 -0.46562907099723815918 -0.46903786063194274902 -0.45743653178215026855 -0.3946831822395324707 -0.31248483061790466309 -0.29492646455764770508 -0.28782761096954345703 -0.28128764033317565918 -0.26951238512992858887 -0.25994670391082763672 -0.24517163634300231934 -0.21984636783599853516 -0.19655953347682952881 -0.22351978719234466553 -0.37470889091491699219 -0.65725165605545043945 -0.95168715715408325195 -1.1599982976913452148 -1.2758551836013793945 -1.2868040800094604492
-1.0286335945129394531 -0.87702530622482299805 -0.86498445272445678711 -0.88039058446884155273 -0.88581925630569458008 -0.88564163446426391602 -0.85473036766052246094 -0.58515095710754394531 -0.45459312200546264648 -0.4628569185733795166 -0.4872633516788482666 -0.49901363253593444824 -0.5104465484619140625 -0.52806228399276733398 -0.52317953109741210938 -0.50831192731857299805 -0.49570757150650024414 -0.47515958547592163086 -0.44672256708145141602 -0.41720944643020629883 -0.38758528232574462891 -0.37538251280784606934 -0.38012000918388366699 -0.38051325082778930664 -0.37020733952522277832 -0.35130548477172851563 -0.33364811539649963379 -0.32507434487342834473 -0.31967157125473022461 -0.31388756632804870605 -0.3037917017936706543 -0.29250034689903259277 -0.27079576253890991211 -0.23929601907730102539 -0.23095636069774627686 -0.30590230226516723633 -0.54180008172988891602 -0.85619324445724487305 -1.1238646507263183594 -1.2498488426208496094 -1.300198674201965332 -1.3049824237823486328
-0.70900976657867431641 -0.50546568632125854492 -0.48655086755752563477 -0.50477361679077148438 -0.51198995113372802734 -0.5131511688232421875 -0.50056815147399902344 -0.42913830280303955078 -0.39290386438369750977 -0.40494838356971740723 -0.4291013181209564209 -0.47517347335815429688 -0.52316468954086303711 -0.54177051782608032227 -0.53598368167877197266 -0.52152973413467407227 -0.50932419300079345703 -0.48796471953392028809 -0.45659729838371276855 -0.42760139703750610352 -0.40261480212211608887 -0.39284372329711914063 -0.39564365148544311523 -0.3952948153018951416 -0.38649806380271911621 -0.37171927094459533691 -0.35803326964378356934 -0.35115835070610046387 -0.34801512956619262695 -0.34344789385795593262 -0.33526089787483215332 -0.32007500529289245605 -0.28991416096687316895 -0.25320410728454589844 -0.27814537286758422852 -0.4033985137939453125 -0.69833558797836303711 -1.0158811807632446289 -1.2422938346862792969 -1.3032336235046386719 -1.2921699285507202148 -1.2692115306854248047
-0.41770446300506591797 -0.39897006750106811523 -0.41633966565132141113 -0.4335677027702331543 -0.44090250134468078613 -0.44306582212448120117 -0.43815621733665466309 -0.42768096923828125 -0.41802093386650085449 -0.42687782645225524902 -0.44761362671852111816 -0.49261525273323059082 -0.54279571771621704102 -0.56185489892959594727 -0.55511415004730224609 -0.54073417186737060547 -0.52974170446395874023 -0.50375020503997802734 -0.46748059988021850586 -0.44090154767036437988 -0.42336356639862060547 -0.41562440991401672363 -0.41561979055404663086 -0.41385710239410400391 -0.40527686476707458496 -0.39227187633514404297 -0.38071867823600769043 -0.37532606720924377441 -0.37392702698707580566 -0.37134638428688049316 -0.36505070328712463379 -0.34449347853660583496 -0.30529898405075073242 -0.27572202682495117188 -0.35122033953666687012 -0.51269966363906860352 -0.82908958196640014648 -1.1267303228378295898 -1.3042949438095092773 -1.3192670345306396484 -1.2516901493072509766 -1.1862053871154785156
