INPUT/RASTER/ASCII_standard/BIO14.asc
ncols        225
nrows        269
xllcorner    473009.983799999987
yllcorner    4429051.174800000153
cellsize     50.000000000000
NODATA_value  -9999
[rows 76 to 94 of 269, columns 42 to 83 of 225]
1.2876876592636108398 1.3062502145767211914 1.3179497718811035156 1.3290656805038452148 1.3376622200012207031 1.3429719209671020508 1.350522160530090332 1.3617757558822631836 1.3787362575531005859 1.3945511579513549805 1.3853343725204467773 1.367184758186340332 1.3504376411437988281 1.3134380578994750977 1.2666885852813720703 1.2365518808364868164 1.2256067991256713867 1.2250597476959228516 1.2288222312927246094 1.2356206178665161133 1.2401863336563110352 1.2437241077423095703 1.246828913688659668 1.2485660314559936523 1.2463916540145874023 1.2428154945373535156 1.2414356470108032227 1.2382960319519042969 1.2301820516586303711 1.2230107784271240234 1.2168761491775512695 1.2044821977615356445 1.185878753662109375 1.1620622873306274414 1.1385281085968017578 1.1242430210113525391 1.1194603443145751953 1.1197608709335327148 1.1304185390472412109 1.1532000303268432617 1.1788938045501708984 1.1970905065536499023
1.2767539024353027344 1.2975465059280395508 1.3155889511108398438 1.3310832977294921875 1.343486785888671875 1.3507251739501953125 1.3561044931411743164 1.3623768091201782227 1.3728768825531005859 1.3716032505035400391 1.3542298078536987305 1.335806727409362793 1.3170777559280395508 1.2789648771286010742 1.2399737834930419922 1.2265275716781616211 1.2284885644912719727 1.2342973947525024414 1.2394677400588989258 1.2457156181335449219 1.2485965490341186523 1.2508589029312133789 1.2533016204833984375 1.2543904781341552734 1.2498360872268676758 1.2459577322006225586 1.2463706731796264648 1.2415932416915893555 1.232873082160949707 1.2249228954315185547 1.2198414802551269531 1.2085556983947753906 1.1906309127807617188 1.16960906982421875 1.1490542888641357422 1.1328935623168945313 1.1225059032440185547 1.1124440431594848633 1.1099560260772705078 1.1308549642562866211 1.1642811298370361328 1.1879912614822387695
1.2626621723175048828 1.2845532894134521484 1.3082826137542724609 1.3270882368087768555 1.3422558307647705078 1.3504428863525390625 1.3540329933166503906 1.3532392978668212891 1.3491413593292236328 1.3313742876052856445 1.3104430437088012695 1.2938266992568969727 1.2773357629776000977 1.2474631071090698242 1.2251738309860229492 1.2264701128005981445 1.2371425628662109375 1.2466529607772827148 1.2509224414825439453 1.2540812492370605469 1.2561180591583251953 1.2581521272659301758 1.2605766057968139648 1.261887669563293457 1.2582880258560180664 1.2539958953857421875 1.2522910833358764648 1.245299220085144043 1.2356642484664916992 1.2268019914627075195 1.2220255136489868164 1.2131397724151611328 1.1977438926696777344 1.1791734695434570313 1.1610203981399536133 1.1428107023239135742 1.1270768642425537109 1.1072990894317626953 1.0928850173950195313 1.1127107143402099609 1.1551418304443359375 1.1823967695236206055
1.2546840906143188477 1.2750551700592041016 1.2975596189498901367 1.3129572868347167969 1.3292591571807861328 1.3393043279647827148 1.3382415771484375 1.3340765237808227539 1.318751215934753418 1.2934486865997314453 1.2740106582641601563 1.2594178915023803711 1.2457208633422851563 1.2257453203201293945 1.2183413505554199219 1.2333521842956542969 1.2508579492568969727 1.2600182294845581055 1.262785792350769043 1.2640438079833984375 1.2654070854187011719 1.267384648323059082 1.2698073387145996094 1.2715783119201660156 1.2701060771942138672 1.2653400897979736328 1.2602429389953613281 1.2519913911819458008 1.2393134832382202148 1.2287664413452148438 1.2236502170562744141 1.2165755033493041992 1.2052593231201171875 1.1881428956985473633 1.1701012849807739258 1.1483869552612304688 1.1294332742691040039 1.1063399314880371094 1.0890823602676391602 1.1049913167953491211 1.1483076810836791992 1.1781952381134033203
1.2582950592041015625 1.2730836868286132813 1.2832335233688354492 1.2857128381729125977 1.2932970523834228516 1.3015180826187133789 1.3062876462936401367 1.3074767589569091797 1.2907785177230834961 1.267857670783996582 1.2499023675918579102 1.2368333339691162109 1.2260023355484008789 1.2133200168609619141 1.2145388126373291016 1.2388875484466552734 1.2612264156341552734 1.2688795328140258789 1.2708055973052978516 1.272156834602355957 1.2736256122589111328 1.2756196260452270508 1.2780544757843017578 1.2797454595565795898 1.2779638767242431641 1.2734051942825317383 1.2680362462997436523 1.2574709653854370117 1.2428547143936157227 1.2314635515213012695 1.2259299755096435547 1.2204556465148925781 1.2122285366058349609 1.1948342323303222656 1.1756383180618286133 1.1532576084136962891 1.1325188875198364258 1.1094813346862792969 1.0931454896926879883 1.1013873815536499023 1.1384375095367431641 1.1709489822387695313
1.265732884407043457 1.2730515003204345703 1.2748094797134399414 1.2690328359603881836 1.2646230459213256836 1.2662730216979980469 1.2769324779510498047 1.2845367193222045898 1.2731969356536865234 1.2541439533233642578 1.2360945940017700195 1.2249046564102172852 1.2160719633102416992 1.2071400880813598633 1.2110733985900878906 1.2356319427490234375 1.2607839107513427734 1.2707839012145996094 1.2738842964172363281 1.2763880491256713867 1.2786678075790405273 1.281199336051940918 1.2837927341461181641 1.2855542898178100586 1.2842553853988647461 1.2799066305160522461 1.2723336219787597656 1.2602071762084960938 1.246466517448425293 1.235422968864440918 1.2300835847854614258 1.2269465923309326172 1.2179293632507324219 1.1998406648635864258 1.18132781982421875 1.1617696285247802734 1.1402190923690795898 1.1147360801696777344 1.0962136983871459961 1.1043231487274169922 1.1358170509338378906 1.164646148681640625
1.2742937803268432617 1.2786765098571777344 1.2793403863906860352 1.2694919109344482422 1.2548539638519287109 1.2504119873046875 1.2630724906921386719 1.2691931724548339844 1.2636595964431762695 1.2474483251571655273 1.2299765348434448242 1.2202430963516235352 1.2133383750915527344 1.2052836418151855469 1.2042791843414306641 1.2197247743606567383 1.2447607517242431641 1.25995635986328125 1.2696844339370727539 1.275841832160949707 1.2800747156143188477 1.2856884002685546875 1.2899988889694213867 1.2921105623245239258 1.2921776771545410156 1.2883741855621337891 1.277814030647277832 1.2642327547073364258 1.2519277334213256836 1.2423416376113891602 1.2377645969390869141 1.232462763786315918 1.2204756736755371094 1.2019968032836914063 1.1815464496612548828 1.1601083278656005859 1.1360750198364257813 1.1066962480545043945 1.0906322002410888672 1.1093741655349731445 1.1399995088577270508 1.1622226238250732422
1.2853887081146240234 1.2903978824615478516 1.290309906005859375 1.2747589349746704102 1.2495844364166259766 1.2384293079376220703 1.2501192092895507813 1.2542268037796020508 1.2520706653594970703 1.2401785850524902344 1.225657343864440918 1.2172750234603881836 1.2112222909927368164 1.2046747207641601563 1.2009261846542358398 1.2076314687728881836 1.2277846336364746094 1.2440969944000244141 1.2583777904510498047 1.2690563201904296875 1.2765256166458129883 1.2867094278335571289 1.2952632904052734375 1.298091888427734375 1.2977782487869262695 1.2928309440612792969 1.2816193103790283203 1.268441319465637207 1.2584300041198730469 1.2507874965667724609 1.2460135221481323242 1.2363829612731933594 1.221455693244934082 1.2014113664627075195 1.1764476299285888672 1.1452594995498657227 1.1161386966705322266 1.0863591432571411133 1.0807725191116333008 1.1163589954376220703 1.1485019922256469727 1.1636487245559692383
1.2973034381866455078 1.2991582155227661133 1.2951064109802246094 1.2770866155624389648 1.2502655982971191406 1.2370197772979736328 1.2373368740081787109 1.2362226247787475586 1.2368036508560180664 1.231675267219543457 1.2202465534210205078 1.2116117477416992188 1.2072054147720336914 1.2033201456069946289 1.2025003433227539063 1.208048701286315918 1.2235786914825439453 1.2368865013122558594 1.2494798898696899414 1.2606018781661987305 1.2698839902877807617 1.2834765911102294922 1.2963696718215942383 1.3003447055816650391 1.2991816997528076172 1.2931637763977050781 1.2823231220245361328 1.2720844745635986328 1.264075160026550293 1.2563898563385009766 1.2503248453140258789 1.2382054328918457031 1.2211072444915771484 1.1995601654052734375 1.1717094182968139648 1.1351802349090576172 1.1019598245620727539 1.0708117485046386719 1.0762006044387817383 1.1229815483093261719 1.1532270908355712891 1.1602642536163330078
1.2997174263000488281 1.2940689325332641602 1.2854244709014892578 1.2737805843353271484 1.2594101428985595703 1.2484309673309326172 1.2284337282180786133 1.2192203998565673828 1.2212936878204345703 1.2223992347717285156 1.2143410444259643555 1.2049169540405273438 1.2013373374938964844 1.1989243030548095703 1.2024950981140136719 1.2130142450332641602 1.2274187803268432617 1.2360919713973999023 1.2441675662994384766 1.2515436410903930664 1.25936126708984375 1.2737849950790405273 1.2892000675201416016 1.2948633432388305664 1.2946873903274536133 1.2909841537475585938 1.282024383544921875 1.2740715742111206055 1.2665753364562988281 1.2578524351119995117 1.2505130767822265625 1.2371870279312133789 1.2181419134140014648 1.1954021453857421875 1.1653866767883300781 1.132640838623046875 1.099750518798828125 1.0643835067749023438 1.0713448524475097656 1.1181161403656005859 1.1447324752807617188 1.1445643901824951172
1.2819668054580688477 1.2661719322204589844 1.2577714920043945313 1.263981938362121582 1.2674499750137329102 1.2552990913391113281 1.2216908931732177734 1.2101290225982666016 1.2108093500137329102 1.2134637832641601563 1.2087560892105102539 1.1993781328201293945 1.1923496723175048828 1.1872864961624145508 1.1950528621673583984 1.2146015167236328125 1.2323416471481323242 1.2387480735778808594 1.2414625883102416992 1.2434114217758178711 1.2479571104049682617 1.2587907314300537109 1.2731403112411499023 1.280787348747253418 1.2833641767501831055 1.2839512825012207031 1.2784317731857299805 1.2702672481536865234 1.2625637054443359375 1.2542284727096557617 1.2464395761489868164 1.2312613725662231445 1.2099399566650390625 1.1866619586944580078 1.1557822227478027344 1.1231558322906494141 1.0936011075973510742 1.057810664176940918 1.0503571033477783203 1.0837047100067138672 1.1087678670883178711 1.1042274236679077148
1.2462835311889648438 1.2322884798049926758 1.2320559024810791016 1.2501610517501831055 1.2582374811172485352 1.2474526166915893555 1.221627354621887207 1.2132120132446289063 1.210796356201171875 1.2067663669586181641 1.1982282400131225586 1.1911571025848388672 1.1827887296676635742 1.1738803386688232422 1.1822764873504638672 1.2062636613845825195 1.2283126115798950195 1.2375763654708862305 1.2401907444000244141 1.239930272102355957 1.2421081066131591797 1.2502560615539550781 1.2607351541519165039 1.2665205001831054688 1.2704641819000244141 1.2742232084274291992 1.2700738906860351563 1.258484959602355957 1.2491879463195800781 1.2410227060317993164 1.2325541973114013672 1.2164387702941894531 1.1972533464431762695 1.1763327121734619141 1.1469199657440185547 1.1143981218338012695 1.0864889621734619141 1.0478742122650146484 1.0221621990203857422 1.0330750942230224609 1.0481939315795898438 1.0422631502151489258
1.2160972356796264648 1.2027990818023681641 1.2077847719192504883 1.2321796417236328125 1.2427092790603637695 1.23897552490234375 1.2283492088317871094 1.2205104827880859375 1.2094930410385131836 1.1972733736038208008 1.187549591064453125 1.1811666488647460938 1.1749126911163330078 1.1672700643539428711 1.1721067428588867188 1.1924471855163574219 1.2145553827285766602 1.2257975339889526367 1.2316073179244995117 1.2326666116714477539 1.2334741353988647461 1.2397272586822509766 1.2469656467437744141 1.2491879463195800781 1.2517701387405395508 1.2554306983947753906 1.2499938011169433594 1.23847198486328125 1.2278639078140258789 1.2208346128463745117 1.2124854326248168945 1.1968822479248046875 1.1789478063583374023 1.1582144498825073242 1.1265027523040771484 1.092181086540222168 1.066537022590637207 1.0312788486480712891 1.0007902383804321289 0.9943027496337890625 0.9945240020751953125 0.98872476816177368164
1.1949222087860107422 1.1810499429702758789 1.18473052978515625 1.2064327001571655273 1.219029545783996582 1.2227877378463745117 1.2296619415283203125 1.2267358303070068359 1.207302093505859375 1.1875069141387939453 1.1788189411163330078 1.1742261648178100586 1.1708521842956542969 1.1675287485122680664 1.1703208684921264648 1.1842358112335205078 1.2036572694778442383 1.2149264812469482422 1.2223887443542480469 1.2237032651901245117 1.222887873649597168 1.2263734340667724609 1.2314208745956420898 1.231243133544921875 1.229613184928894043 1.2278438806533813477 1.2207405567169189453 1.21408843994140625 1.2045814990997314453 1.1966462135314941406 1.188053131103515625 1.1722817420959472656 1.1546784639358520508 1.1317348480224609375 1.0927542448043823242 1.0527266263961791992 1.0317031145095825195 1.0060623884201049805 0.9792118072509765625 0.96764463186264038086 0.96373575925827026367 0.95989918708801269531
1.1779922246932983398 1.1635894775390625 1.1650677919387817383 1.1774703264236450195 1.1868518590927124023 1.1957454681396484375 1.2200392484664916992 1.2266007661819458008 1.2038828134536743164 1.1793380975723266602 1.1731076240539550781 1.1717860698699951172 1.1710970401763916016 1.171822667121887207 1.1744160652160644531 1.1840004920959472656 1.1993459463119506836 1.2080442905426025391 1.2135525941848754883 1.2141127586364746094 1.2107727527618408203 1.2098667621612548828 1.2118730545043945313 1.2099434137344360352 1.2064039707183837891 1.2009383440017700195 1.1934595108032226563 1.1901726722717285156 1.1809575557708740234 1.1689566373825073242 1.1584870815277099609 1.1405570507049560547 1.1220154762268066406 1.0950654745101928711 1.0503710508346557617 1.010258793830871582 0.99434107542037963867 0.97695291042327880859 0.95614105463027954102 0.94637370109558105469 0.94594681262969970703 0.94920057058334350586
1.1657341718673706055 1.1503732204437255859 1.1498339176177978516 1.1550896167755126953 1.1619603633880615234 1.172760009765625 1.198897242546081543 1.2107824087142944336 1.1963360309600830078 1.1788076162338256836 1.174795985221862793 1.1752219200134277344 1.1768997907638549805 1.1805437803268432617 1.1827391386032104492 1.1882517337799072266 1.1979146003723144531 1.2021858692169189453 1.2031058073043823242 1.2014358043670654297 1.1952610015869140625 1.1900228261947631836 1.1904653310775756836 1.188838958740234375 1.1861600875854492188 1.1813391447067260742 1.1753674745559692383 1.1689400672912597656 1.1551148891448974609 1.1355539560317993164 1.1210432052612304688 1.1010067462921142578 1.0789579153060913086 1.0463227033615112305 1.0018608570098876953 0.97132700681686401367 0.9601204991340637207 0.94687634706497192383 0.93138551712036132813 0.92565333843231201172 0.93184113502502441406 0.94742602109909057617
1.1584740877151489258 1.1477893590927124023 1.145327448844909668 1.1457221508026123047 1.1540808677673339844 1.1645120382308959961 1.1813783645629882813 1.1934490203857421875 1.1940397024154663086 1.1904697418212890625 1.1885226964950561523 1.1872403621673583984 1.186329960823059082 1.1901500225067138672 1.1940101385116577148 1.1942819356918334961 1.1948229074478149414 1.1936407089233398438 1.1889870166778564453 1.1825466156005859375 1.1774225234985351563 1.1738107204437255859 1.174624323844909668 1.1751949787139892578 1.1734926700592041016 1.170735478401184082 1.1658196449279785156 1.1547803878784179688 1.1340774297714233398 1.1092069149017333984 1.0928510427474975586 1.0737562179565429688 1.0459010601043701172 1.0052087306976318359 0.96646422147750854492 0.9492371678352355957 0.94166857004165649414 0.92749667167663574219 0.9127184748649597168 0.90953266620635986328 0.91727983951568603516 0.94281500577926635742
1.1548944711685180664 1.1534535884857177734 1.1452804803848266602 1.1425275802612304688 1.1549136638641357422 1.1672229766845703125 1.1840684413909912109 1.1988319158554077148 1.2053446769714355469 1.2059030532836914063 1.2030239105224609375 1.2003102302551269531 1.1953115463256835938 1.1952314376831054688 1.2011142969131469727 1.1998808383941650391 1.1943315267562866211 1.1881872415542602539 1.1769232749938964844 1.165238499641418457 1.1639788150787353516 1.1665897369384765625 1.1693608760833740234 1.1716659069061279297 1.1702677011489868164 1.1668266057968139648 1.1622434854507446289 1.1498966217041015625 1.1294332742691040039 1.1072467565536499023 1.092975616455078125 1.0753878355026245117 1.0398614406585693359 0.99382364749908447266 0.96286636590957641602 0.95384728908538818359 0.94805675745010375977 0.92733204364776611328 0.90757954120635986328 0.90404266119003295898 0.90685647726058959961 0.92609846591949462891
1.1534256935119628906 1.1570332050323486328 1.1413376331329345703 1.1408035755157470703 1.1638829708099365234 1.1822695732116699219 1.2044020891189575195 1.2240273952484130859 1.2301480770111083984 1.2244917154312133789 1.2165685892105102539 1.2117102146148681641 1.2050065994262695313 1.2017911672592163086 1.2067803144454956055 1.2055946588516235352 1.1981271505355834961 1.1893502473831176758 1.1722756624221801758 1.1568884849548339844 1.1568458080291748047 1.1612294912338256836 1.164876103401184082 1.1692274808883666992 1.1688590049743652344 1.1660364866256713867 1.1608147621154785156 1.1471743583679199219 1.1297234296798706055 1.11627197265625 1.1044260263442993164 1.0875316858291625977 1.0482984781265258789 1.0008729696273803711 0.97358846664428710938 0.96741813421249389648 0.96133571863174438477 0.93268704414367675781 0.90828603506088256836 0.9051716923713684082 0.9062213897705078125 0.91748714447021484375
