INPUT/RASTER/ASCII_standard/BIO15.asc
ncols        225
nrows        269
xllcorner    473009.983799999987
yllcorner    4429051.174800000153
cellsize     50.000000000000
NODATA_value  -9999
[rows 133 to 151 of 269, columns 84 to 125 of 225]
0.43535518646240234375 0.41559565067291259766 0.39336049556732177734 0.37262883782386779785 0.35824826359748840332 0.34903275966644287109 0.33229967951774597168 0.31370016932487487793 0.29926773905754089355 0.28777104616165161133 0.27728530764579772949 0.27083706855773925781 0.26234090328216552734 0.24958696961402893066 0.23798009753227233887 0.23520636558532714844 0.23010608553886413574 0.22174602746963500977 0.214772835373878479 0.20163005590438842773 0.1825056225061416626 0.16469027101993560791 0.15166413784027099609 0.14435395598411560059 0.13490514457225799561 0.12019404023885726929 0.10313045233488082886 0.087000079452991485596 0.069029197096824645996 0.054810624569654464722 0.048504937440156936646 0.045459024608135223389 0.042238134890794754028 0.015252653509378433228 -0.028945472091436386108 -0.072728835046291351318 -0.10580614209175109863 -0.15947251021862030029 -0.21392305195331573486 -0.24538019299507141113 -0.26292982697486877441 -0.27335721254348754883
0.42692384123802185059 0.40648382902145385742 0.38486433029174804688 0.3644956052303314209 0.35051032900810241699 0.34134018421173095703 0.32493764162063598633 0.30623444914817810059 0.29077157378196716309 0.27854257822036743164 0.26811519265174865723 0.2621529698371887207 0.25629445910453796387 0.24581521749496459961 0.23063750565052032471 0.22816188633441925049 0.22916638851165771484 0.22297735512256622314 0.21446825563907623291 0.20054778456687927246 0.18303054571151733398 0.16651782393455505371 0.1530056297779083252 0.14474278688430786133 0.13386175036430358887 0.1182433590292930603 0.10130290687084197998 0.085042916238307952881 0.069340273737907409668 0.060221977531909942627 0.059619277715682983398 0.060371033847332000732 0.047779105603694915771 0.0075795482844114303589 -0.043514002114534378052 -0.088334269821643829346 -0.11952570825815200806 -0.16827973723411560059 -0.21823269128799438477 -0.24863348901271820068 -0.26585909724235534668 -0.27105659246444702148
0.42129215598106384277 0.40027534961700439453 0.37728843092918395996 0.35727614164352416992 0.34381580352783203125 0.33446422219276428223 0.3177376091480255127 0.29877519607543945313 0.28394743800163269043 0.27241185307502746582 0.26226314902305603027 0.25731840729713439941 0.25484925508499145508 0.24941846728324890137 0.23739035427570343018 0.23059861361980438232 0.22741013765335083008 0.22119517624378204346 0.21256941556930541992 0.19798144698143005371 0.18200013041496276855 0.16713996231555938721 0.15416567027568817139 0.14605188369750976563 0.13380990922451019287 0.11738791316747665405 0.10095942765474319458 0.085036441683769226074 0.071122452616691589355 0.06716276705265045166 0.068594992160797119141 0.064888052642345428467 0.039710678160190582275 -0.0057252538390457630157 -0.056916013360023498535 -0.099908739328384399414 -0.1289939582347869873 -0.17410585284233093262 -0.22068238258361816406 -0.25164049863815307617 -0.26892444491386413574 -0.27224254608154296875
0.41468188166618347168 0.39337992668151855469 0.37010785937309265137 0.3509121239185333252 0.33778879046440124512 0.32859274744987487793 0.31235867738723754883 0.2934156954288482666 0.27908045053482055664 0.26829016208648681641 0.25946348905563354492 0.25565287470817565918 0.25309300422668457031 0.24829083681106567383 0.24008631706237792969 0.23126612603664398193 0.22295144200325012207 0.21506446599960327148 0.20741729438304901123 0.19443003833293914795 0.18030218780040740967 0.16771674156188964844 0.15585064888000488281 0.14780814945697784424 0.13611054420471191406 0.11959781497716903687 0.10369426757097244263 0.088484153151512145996 0.075853340327739715576 0.072988882660865783691 0.071044683456420898438 0.060312706977128982544 0.027494627982378005981 -0.021512150764465332031 -0.071970596909523010254 -0.11247473955154418945 -0.14021846652030944824 -0.18248535692691802979 -0.22526420652866363525 -0.25451144576072692871 -0.27002614736557006836 -0.27382382750511169434
0.40749481320381164551 0.38635489344596862793 0.36339390277862548828 0.34441852569580078125 0.33182659745216369629 0.3229027092456817627 0.30688250064849853516 0.28853574395179748535 0.27473843097686767578 0.26519888639450073242 0.25915241241455078125 0.25676754117012023926 0.25328093767166137695 0.24661234021186828613 0.23822636902332305908 0.22733885049819946289 0.21558940410614013672 0.20679514110088348389 0.19990620017051696777 0.18967971205711364746 0.17835150659084320068 0.16761952638626098633 0.15719862282276153564 0.15006341040134429932 0.13994710147380828857 0.12384264916181564331 0.10749194025993347168 0.093467779457569122314 0.082126617431640625 0.075594112277030944824 0.069158814847469329834 0.052185956388711929321 0.013094592839479446411 -0.039521913975477218628 -0.090019240975379943848 -0.12933743000030517578 -0.15574613213539123535 -0.1942218393087387085 -0.23129770159721374512 -0.25587239861488342285 -0.26929384469985961914 -0.2748737037181854248
0.40185663104057312012 0.38090464472770690918 0.35791125893592834473 0.33845630288124084473 0.32597455382347106934 0.31734231114387512207 0.30154892802238464355 0.28383079171180725098 0.27101203799247741699 0.26313155889511108398 0.25956720113754272461 0.25818032026290893555 0.25404566526412963867 0.24641792476177215576 0.23650249838829040527 0.22212839126586914063 0.20636741816997528076 0.19691212475299835205 0.19093695282936096191 0.18317960202693939209 0.17426221072673797607 0.16453473269939422607 0.1552997976541519165 0.14975883066654205322 0.14249400794506072998 0.12825597822666168213 0.11115351319313049316 0.097038626670837402344 0.083831034600734710693 0.071524254977703094482 0.060325667262077331543 0.036301847547292709351 -0.0077796243131160736084 -0.061063639819622039795 -0.11163873970508575439 -0.15128095448017120361 -0.17625094950199127197 -0.20941250026226043701 -0.23859493434429168701 -0.25623530149459838867 -0.26687008142471313477 -0.27426451444625854492
0.40018463134765625 0.37944650650024414063 0.3555069267749786377 0.33545574545860290527 0.32282495498657226563 0.3139788508415222168 0.29812714457511901855 0.28169217705726623535 0.27005290985107421875 0.26271679997444152832 0.25900337100028991699 0.25729894638061523438 0.2533651888370513916 0.24757796525955200195 0.23760421574115753174 0.21990552544593811035 0.20009413361549377441 0.18928438425064086914 0.18220102787017822266 0.17382152378559112549 0.16463194787502288818 0.15476189553737640381 0.14572785794734954834 0.14115898311138153076 0.13795106112957000732 0.13093249499797821045 0.11605937778949737549 0.098295874893665313721 0.076851360499858856201 0.057260315865278244019 0.040864236652851104736 0.010437521152198314667 -0.033851332962512969971 -0.084821753203868865967 -0.1366929858922958374 -0.177618369460105896 -0.20090988278388977051 -0.22715008258819580078 -0.24791413545608520508 -0.25797858834266662598 -0.26305297017097473145 -0.26891794800758361816
0.40237507224082946777 0.38291364908218383789 0.35932403802871704102 0.33948025107383728027 0.32650595903396606445 0.31644147634506225586 0.29941031336784362793 0.28350028395652770996 0.27267107367515563965 0.26436287164688110352 0.25823864340782165527 0.25555565953254699707 0.25318372249603271484 0.24971009790897369385 0.24031314253807067871 0.22160993516445159912 0.2003663182258605957 0.18859744071960449219 0.17653693258762359619 0.1640227586030960083 0.15279825031757354736 0.14248104393482208252 0.13332386314868927002 0.1289364546537399292 0.12905310094356536865 0.13105562329292297363 0.1212374269962310791 0.10014934837818145752 0.067823797464370727539 0.040170803666114807129 0.020314052700996398926 -0.012646602466702461243 -0.053338687866926193237 -0.10255284607410430908 -0.15854577720165252686 -0.20078025758266448975 -0.2219785153865814209 -0.24248981475830078125 -0.25733700394630432129 -0.26111525297164916992 -0.26193827390670776367 -0.26621553301811218262
0.40382027626037597656 0.38621231913566589355 0.36569452285766601563 0.34721815586090087891 0.33450308442115783691 0.32377758622169494629 0.30549564957618713379 0.28745347261428833008 0.27468010783195495605 0.26444065570831298828 0.2565536797046661377 0.25345590710639953613 0.25254213809967041016 0.24921756982803344727 0.23864112794399261475 0.21993145346641540527 0.20032095909118652344 0.18881778419017791748 0.17389281094074249268 0.15920114517211914063 0.1460259556770324707 0.13571523129940032959 0.12802268564701080322 0.124484233558177948 0.12489251792430877686 0.12707650661468505859 0.11977279186248779297 0.099604971706867218018 0.062263388186693191528 0.029769340530037879944 0.0095172664150595664978 -0.022963818162679672241 -0.062197756022214889526 -0.11200165748596191406 -0.16978973150253295898 -0.21072807908058166504 -0.23074036836624145508 -0.24983888864517211914 -0.26232713460922241211 -0.26436853408813476563 -0.26532119512557983398 -0.26972156763076782227
0.40407949686050415039 0.38719087839126586914 0.36821550130844116211 0.35069179534912109375 0.33881920576095581055 0.32935097813606262207 0.31191149353981018066 0.29160109162330627441 0.27535408735275268555 0.26298898458480834961 0.25380587577819824219 0.2503452003002166748 0.24989154934883117676 0.24497273564338684082 0.23223175108432769775 0.21327580511569976807 0.19478647410869598389 0.18424244225025177002 0.17086634039878845215 0.15819664299488067627 0.14509922266006469727 0.13331089913845062256 0.1276791989803314209 0.12721908092498779297 0.12753014266490936279 0.12509989738464355469 0.11800357699394226074 0.09867175668478012085 0.055931776762008666992 0.019484527409076690674 -0.0009295629570260643959 -0.033326398581266403198 -0.073247283697128295898 -0.12314839661121368408 -0.17852567136287689209 -0.21735779941082000732 -0.2362165302038192749 -0.25332549214363098145 -0.26404449343681335449 -0.26710984110832214355 -0.26963731646537780762 -0.27482831478118896484
0.40492197871208190918 0.38802689313888549805 0.36890894174575805664 0.3509445488452911377 0.3402773737907409668 0.33253297209739685059 0.31638965010643005371 0.29511362314224243164 0.27593734860420227051 0.26135584712028503418 0.25142747163772583008 0.24755851924419403076 0.24510882794857025146 0.23775975406169891357 0.22419571876525878906 0.20623780786991119385 0.18901868164539337158 0.18003000319004058838 0.17091171443462371826 0.16334877908229827881 0.15213723480701446533 0.13837878406047821045 0.13430891931056976318 0.13600037992000579834 0.13164536654949188232 0.12080970406532287598 0.11248204857110977173 0.093390010297298431396 0.04430546984076499939 0.0063222995959222316742 -0.013715911656618118286 -0.046670086681842803955 -0.088301867246627807617 -0.13740585744380950928 -0.18673667311668395996 -0.22021576762199401855 -0.2363850325345993042 -0.2518997490406036377 -0.26256042718887329102 -0.26871705055236816406 -0.27445244789123535156 -0.28080996870994567871
0.40810400247573852539 0.39094319939613342285 0.37139752507209777832 0.3522860407829284668 0.34157997369766235352 0.33384206891059875488 0.31805518269538879395 0.29738834500312805176 0.2779528200626373291 0.2626908719539642334 0.25186815857887268066 0.24652808904647827148 0.24004094302654266357 0.2305402904748916626 0.2177928239107131958 0.20210961997509002686 0.1882734149694442749 0.18192884325981140137 0.17684151232242584229 0.1733808368444442749 0.16546794772148132324 0.15367962419986724854 0.14840435981750488281 0.14537788927555084229 0.12939657270908355713 0.10647447407245635986 0.090214490890502929688 0.0680635794997215271 0.021558338776230812073 -0.011830039322376251221 -0.030785979703068733215 -0.063966974616050720215 -0.10747166723012924194 -0.15607663989067077637 -0.19884902238845825195 -0.22402639687061309814 -0.23739601671695709229 -0.25225618481636047363 -0.2639408111572265625 -0.27272209525108337402 -0.28119882941246032715 -0.28561863303184509277
0.41439670324325561523 0.39697667956352233887 0.37743100523948669434 0.35800847411155700684 0.34568873047828674316 0.33634361624717712402 0.3201484382152557373 0.30101752281188964844 0.28316977620124816895 0.26833552122116088867 0.25573062896728515625 0.24776589870452880859 0.23678117990493774414 0.22512893378734588623 0.21275086700916290283 0.20094957947731018066 0.1935745924711227417 0.19015279412269592285 0.18623200058937072754 0.18157888948917388916 0.17463161051273345947 0.16646596789360046387 0.15665425360202789307 0.14414009451866149902 0.11553443968296051025 0.0813295021653175354 0.054992083460092544556 0.030048009008169174194 -0.0056798891164362430573 -0.032671853899955749512 -0.051316723227500915527 -0.08475694805383682251 -0.12871529161930084229 -0.17671756446361541748 -0.21523214876651763916 -0.23369555175304412842 -0.24593752622604370117 -0.26002001762390136719 -0.27167224884033203125 -0.27815937995910644531 -0.2860787510871887207 -0.28856733441352844238
0.42264011502265930176 0.40504512190818786621 0.3847865760326385498 0.36440488696098327637 0.35034832358360290527 0.33949321508407592773 0.32314249873161315918 0.30578726530075073242 0.28989019989967346191 0.27518558502197265625 0.2604420781135559082 0.2499952465295791626 0.23496010899543762207 0.21980182826519012451 0.20671737194061279297 0.20112456381320953369 0.20308172702789306641 0.20242717862129211426 0.19603076577186584473 0.18356196582317352295 0.17120334506034851074 0.15605802834033966064 0.13444501161575317383 0.1162149086594581604 0.08713617175817489624 0.053611699491739273071 0.026781754568219184875 0.0034060010220855474472 -0.025556083768606185913 -0.050014108419418334961 -0.069145023822784423828 -0.10289632529020309448 -0.14589552581310272217 -0.19295810163021087646 -0.2300274968147277832 -0.24661152064800262451 -0.25950154662132263184 -0.27395343780517578125 -0.28426417708396911621 -0.29198911786079406738 -0.29710236191749572754 -9999
0.42634704709053039551 0.40849930047988891602 0.38767045736312866211 0.36717212200164794922 0.35215643048286437988 0.34132725000381469727 0.32496356964111328125 0.30800366401672363281 0.29351937770843505859 0.27827686071395874023 0.26189374923706054688 0.25103214383125305176 0.23420186340808868408 0.21528480947017669678 0.20118936896324157715 0.20249198377132415771 0.21259534358978271484 0.21363872289657592773 0.20326966047286987305 0.17984855175018310547 0.15281121432781219482 0.12062824517488479614 0.087661109864711761475 0.067771948873996734619 0.044558215886354446411 0.023612709715962409973 0.0054992553777992725372 -0.014130674302577972412 -0.041686456650495529175 -0.066176883876323699951 -0.085411489009857177734 -0.11856008321046829224 -0.16061958670616149902 -0.20705354213714599609 -0.24427847564220428467 -0.26197069883346557617 -0.2780297696590423584 -0.29555347561836242676 -0.30365431308746337891 -0.30578646063804626465 -0.31045901775360107422 -0.31877371668815612793
0.42530366778373718262 0.40768274664878845215 0.3875732421875 0.36674439907073974609 0.35179349780082702637 0.34159943461418151855 0.32590326666831970215 0.30843138694763183594 0.29337680339813232422 0.27808243036270141602 0.26143363118171691895 0.24990451335906982422 0.23180402815341949463 0.21238148212432861328 0.20015893876552581787 0.20978921651840209961 0.2286090552806854248 0.23037828505039215088 0.21310730278491973877 0.17457976937294006348 0.1253980100154876709 0.077369816601276397705 0.04335280880331993103 0.027533510699868202209 0.011442023329436779022 -0.00046943585039116442204 -0.012912309728562831879 -0.031084090471267700195 -0.059281457215547561646 -0.083324715495109558105 -0.10156778991222381592 -0.13380908966064453125 -0.1752205193042755127 -0.22032594680786132813 -0.2566630244255065918 -0.2747764885425567627 -0.29335653781890869141 -0.31498900055885314941 -0.32487201690673828125 -0.32470998167991638184 -0.32579874992370605469 -0.33150821924209594727
0.42538791894912719727 0.40693747997283935547 0.38570034503936767578 0.36475482583045959473 0.35056218504905700684 0.34080877900123596191 0.32436734437942504883 0.3069667518138885498 0.29152980446815490723 0.27554848790168762207 0.26066890358924865723 0.24751962721347808838 0.22867386043071746826 0.21104645729064941406 0.20424824953079223633 0.22838871181011199951 0.25939869880676269531 0.25840067863464355469 0.22575108706951141357 0.16562996804714202881 0.096954375505447387695 0.045530311763286590576 0.017138527706265449524 0.0049678408540785312653 -0.0069760219193994998932 -0.01742285117506980896 -0.029243580996990203857 -0.046838581562042236328 -0.073875911533832550049 -0.097271107137203216553 -0.1150086820125579834 -0.1470426023006439209 -0.18896602094173431396 -0.23265217244625091553 -0.26663675904273986816 -0.28384941816329956055 -0.30239057540893554688 -0.3253256678581237793 -0.34019228816032409668 -0.34457322955131530762 -0.34676370024681091309 -0.35096314549446105957
0.42510277032852172852 0.40523955225944519043 0.38346451520919799805 0.36214959621429443359 0.34778845310211181641 0.33822301030158996582 0.32217687368392944336 0.30567711591720581055 0.29103729128837585449 0.2750689387321472168 0.26215946674346923828 0.24891945719718933105 0.23245857656002044678 0.2201582789421081543 0.2230421602725982666 0.2608114778995513916 0.29685690999031066895 0.28703224658966064453 0.23343715071678161621 0.15344631671905517578 0.074997887015342712402 0.025258798152208328247 0.00015918852295726537704 -0.011013475246727466583 -0.022315751761198043823 -0.033851332962512969971 -0.046171076595783233643 -0.062806941568851470947 -0.088781438767910003662 -0.11180075258016586304 -0.12969386577606201172 -0.16207773983478546143 -0.20353454351425170898 -0.24383778870105743408 -0.27570322155952453613 -0.29250758886337280273 -0.31049141287803649902 -0.33356904983520507813 -0.35194823145866394043 -0.36363932490348815918 -0.37049588561058044434 -0.37532398104667663574
0.42337244749069213867 0.40275743603706359863 0.38056764006614685059 0.35889631509780883789 0.34432777762413024902 0.33503451943397521973 0.32027804851531982422 0.30629277229309082031 0.2948608696460723877 0.28149774670600891113 0.27064913511276245117 0.2640323638916015625 0.26169285178184509277 0.26377314329147338867 0.27694183588027954102 0.30655848979949951172 0.31780242919921875 0.29276761412620544434 0.22488915920257568359 0.1381778717041015625 0.060448799282312393188 0.013075150549411773682 -0.013294668868184089661 -0.026016211137175559998 -0.039042346179485321045 -0.052949849516153335571 -0.066189847886562347412 -0.083421930670738220215 -0.11084161698818206787 -0.13574680685997009277 -0.15524712204933166504 -0.18746897578239440918 -0.22358572483062744141 -0.25818598270416259766 -0.28707030415534973145 -0.30355063080787658691 -0.3213335573673248291 -0.34451490640640258789 -0.3650067448616027832 -0.38269248604774475098 -0.39617875218391418457 -0.40435734391212463379
