INPUT/RASTER/ASCII_standard/BIO19.asc
ncols        225
nrows        269
xllcorner    473009.983799999987
yllcorner    4429051.174800000153
cellsize     50.000000000000
NODATA_value  -9999
[rows 144 to 161 of 269, columns 126 to 167 of 225]
-9999 -9999 -9999 -9999 -9999 -9999 -9999 -9999 -9999 0.091105632483959197998 0.089156962931156158447 0.084796063601970672607 0.08173611760139465332 0.076875552535057067871 0.067420914769172668457 0.059980638325214385986 0.05568912997841835022 0.052319213747978210449 0.050552830100059509277 0.049299985170364379883 0.051904682070016860962 0.052886418998241424561 -9999 -9999 -9999 -9999 -9999 -9999 -9999 0.022945798933506011963 0.0083002662286162376404 -0.01411032211035490036 -0.075150027871131896973 -0.17927043139934539795 -0.29575368762016296387 -0.37370866537094116211 -0.41722148656845092773 -0.43929249048233032227 -0.46023648977279663086 -0.46148654818534851074 -0.45032382011413574219 -0.44757106900215148926
-9999 -9999 -9999 -9999 -9999 -9999 -9999 -9999 -9999 0.090315431356430053711 0.086831703782081604004 0.081815689802169799805 0.078034944832324981689 0.071727223694324493408 0.063379235565662384033 0.057766411453485488892 0.053501736372709274292 0.051491077989339828491 -9999 -9999 -9999 -9999 -9999 -9999 -9999 -9999 -9999 -9999 -9999 0.0054161287844181060791 0.0033536513801664113998 -0.016925988718867301941 -0.077188447117805480957 -0.1852617114782333374 -0.30780747532844543457 -0.38797575235366821289 -0.43259984254837036133 -0.4600486457347869873 -0.49012991786003112793 -0.49074894189834594727 -0.48294037580490112305 -0.49096176028251647949
-9999 -9999 -9999 -9999 -9999 -9999 -9999 -9999 -9999 0.088139146566390991211 0.085097707808017730713 0.079053692519664764404 0.07427918165922164917 0.067047096788883209229 0.060196232050657272339 0.054167024791240692139 0.048437610268592834473 0.043225437402725219727 -9999 -9999 -9999 -9999 -9999 -9999 -9999 -9999 -9999 -9999 -9999 -0.0025626698043197393417 -0.0047324812039732933044 -0.026300128549337387085 -0.089386582374572753906 -0.19896066188812255859 -0.32200607657432556152 -0.40831923484802246094 -0.4508965611457824707 -0.48195400834083557129 -0.5164572596549987793 -0.51568555831909179688 -0.51598721742630004883 -0.53237318992614746094
-9999 0.11105401813983917236 0.10761192440986633301 0.10562440007925033569 -9999 -9999 -9999 0.098405264317989349365 0.092378832399845123291 0.089360527694225311279 0.085050515830516815186 0.078598447144031524658 0.072753377258777618408 0.064930029213428497314 0.056454345583915710449 0.047599297016859054565 0.040498599410057067871 0.036279264837503433228 -9999 0.027842447161674499512 0.029685629531741142273 0.034007672220468521118 0.032390259206295013428 0.022393397986888885498 0.016516864299774169922 -9999 -9999 -9999 -9999 -0.008548388257622718811 -0.010894005186855792999 -0.035316180437803268433 -0.10294489562511444092 -0.2082792818546295166 -0.32964253425598144531 -0.4267806708812713623 -0.47458684444427490234 -0.50928807258605957031 -0.54357945919036865234 -0.54177695512771606445 -0.55010366439819335938 -0.56082874536514282227
0.13546971976757049561 0.11644754558801651001 0.10871209949254989624 0.10343422740697860718 0.10017905384302139282 0.10275413841009140015 0.10322789102792739868 0.099604442715644836426 0.095491521060466766357 0.090201623737812042236 0.084924675524234771729 0.078476309776306152344 0.07193911820650100708 0.063684582710266113281 0.053130693733692169189 0.041537702083587646484 0.032152459025382995605 0.025939119979739189148 0.015801614150404930115 0.024371674284338951111 0.027851700782775878906 0.031501978635787963867 0.029610680416226387024 0.019757239148020744324 0.010024086572229862213 0.0039652697741985321045 0.004509341903030872345 0.005125586874783039093 -9999 -0.014134380035102367401 -0.016712244600057601929 -0.041635002940893173218 -0.10765185952186584473 -0.20831537246704101563 -0.33019676804542541504 -0.43402662873268127441 -0.48832190036773681641 -0.52687883377075195313 -0.56692737340927124023 -0.56862986087799072266 -0.5717194676399230957 -0.56072878837585449219
0.14580523967742919922 0.13120134174823760986 0.11658541858196258545 0.10489156842231750488 0.10191860049962997437 0.10466579347848892212 0.10553557425737380981 0.10448259115219116211 0.10051585733890533447 0.094342306256294250488 0.086387567222118377686 0.078662298619747161865 0.072259269654750823975 0.063502304255962371826 0.051253277808427810669 0.035488139837980270386 0.01959253847599029541 0.0061646904796361923218 0.00058239989448338747025 0.010802257806062698364 0.014203633181750774384 0.015080810524523258209 0.012910073623061180115 0.0059056086465716362 0.00040196784539148211479 0.00018729995645117014647 0.001278219977393746376 0.0016918258043006062508 -0.0016281242715194821358 -0.0065210717730224132538 -0.018495284020900726318 -0.041196413338184356689 -0.10284033417701721191 -0.20269145071506500244 -0.32463112473487854004 -0.42865440249443054199 -0.48477339744567871094 -0.52695190906524658203 -0.57685571908950805664 -0.5883312225341796875 -0.58576816320419311523 -0.56017827987670898438
0.17787587642669677734 0.15751296281814575195 0.13617756962776184082 0.11818709969520568848 0.11181090772151947021 0.11335151642560958862 0.11407046765089035034 0.11306097358465194702 0.10841323435306549072 0.10062041878700256348 0.090568959712982177734 0.082154348492622375488 0.075129531323909759521 0.064612649381160736084 0.049584049731492996216 0.028261603787541389465 -0.0015513249672949314117 -0.027795400470495223999 -0.032778102904558181763 -0.024666061624884605408 -0.026151156052947044373 -0.029544204473495483398 -0.026698004454374313354 -0.022152965888381004333 -0.018405530601739883423 -0.014961591921746730804 -0.0092756683006882667542 -0.0053144902922213077545 -0.0054865945130586624146 -0.0077711422927677631378 -0.017924377694725990295 -0.037200074642896652222 -0.092614002525806427002 -0.18844471871852874756 -0.30768069624900817871 -0.41268199682235717773 -0.47101429104804992676 -0.5166034698486328125 -0.57772552967071533203 -0.60999321937561035156 -0.60924470424652099609 -0.57155382633209228516
0.21766252815723419189 0.19625774025917053223 0.1727571636438369751 0.15035212039947509766 0.1388377845287322998 0.13391059637069702148 0.1304213106632232666 0.12538217008113861084 0.11764395236968994141 0.10687632113695144653 0.095846831798553466797 0.087648734450340270996 0.078976891934871673584 0.065911762416362762451 0.047722358256578445435 0.021960360929369926453 -0.022035453468561172485 -0.068468488752841949463 -0.08397639542818069458 -0.085865840315818786621 -0.10535713285207748413 -0.11611921340227127075 -0.10136727243661880493 -0.075609900057315826416 -0.057141058146953582764 -0.040532052516937255859 -0.022134460508823394775 -0.013252575881779193878 -0.010581255890429019928 -0.011487117968499660492 -0.019695388153195381165 -0.035364296287298202515 -0.080909051001071929932 -0.16506719589233398438 -0.27879676222801208496 -0.38875299692153930664 -0.45264351367950439453 -0.50208747386932373047 -0.57288622856140136719 -0.63275361061096191406 -0.63866621255874633789 -0.59292900562286376953
0.24586544930934906006 0.23038160800933837891 0.20971705019474029541 0.18770895898342132568 0.17202802002429962158 0.15926083922386169434 0.14997367560863494873 0.13746464252471923828 0.1238147243857383728 0.1111548691987991333 0.099619247019290924072 0.090902991592884063721 0.081417813897132873535 0.066096819937229156494 0.045098230242729187012 0.019264984875917434692 -0.022688711062073707581 -0.075512744486331939697 -0.10396364331245422363 -0.13355357944965362549 -0.18366742134094238281 -0.209719046950340271 -0.19219954311847686768 -0.14626987278461456299 -0.10686998814344406128 -0.069598272442817687988 -0.032985366880893707275 -0.016730751842260360718 -0.010586807504296302795 -0.011072586290538311005 -0.017331266775727272034 -0.029607124626636505127 -0.065780512988567352295 -0.14114652574062347412 -0.25760200619697570801 -0.37684077024459838867 -0.44532537460327148438 -0.49639970064163208008 -0.57336926460266113281 -0.64828461408615112305 -0.65786141157150268555 -0.61752140522003173828
0.24989695847034454346 0.24047839641571044922 0.22399893403053283691 0.20565593242645263672 0.18784774839878082275 0.17247587442398071289 0.16137328743934631348 0.14639186859130859375 0.12848930060863494873 0.1143526807427406311 0.10261534899473190308 0.093416087329387664795 0.083754181861877441406 0.06507622450590133667 0.041093561798334121704 0.014497876167297363281 -0.019897103309631347656 -0.05707906186580657959 -0.08223222196102142334 -0.12651488184928894043 -0.20203171670436859131 -0.26478227972984313965 -0.26750725507736206055 -0.21626178920269012451 -0.16406972706317901611 -0.10805528610944747925 -0.049342691898345947266 -0.023799061775207519531 -0.014999528415501117706 -0.012165357358753681183 -0.013538490980863571167 -0.02043747343122959137 -0.046207800507545471191 -0.11600355058908462524 -0.24315819144248962402 -0.37676766514778137207 -0.45005363225936889648 -0.50357162952423095703 -0.58876520395278930664 -0.67081183195114135742 -0.67408919334411621094 -0.63544434309005737305
0.24917615950107574463 0.24317193031311035156 0.23141886293888092041 0.21584340929985046387 0.19679625332355499268 0.17988283932209014893 0.16841383278369903564 0.15181408822536468506 0.13164548575878143311 0.11536958068609237671 0.10348790138959884644 0.095188021659851074219 0.085314221680164337158 0.064398907124996185303 0.039088454097509384155 0.0094411522150039672852 -0.02417287975549697876 -0.050784297287464141846 -0.069800913333892822266 -0.11471461504697799683 -0.20715320110321044922 -0.30126288533210754395 -0.32477548718452453613 -0.28172901272773742676 -0.23406533896923065186 -0.1665439605712890625 -0.084835067391395568848 -0.044982712715864181519 -0.028526382520794868469 -0.021150873973965644836 -0.016893602907657623291 -0.018094632774591445923 -0.033713571727275848389 -0.099785022437572479248 -0.23707810044288635254 -0.38169762492179870605 -0.46131443977355957031 -0.5216611027717590332 -0.61404603719711303711 -0.68869769573211669922 -0.68519550561904907227 -0.64775627851486206055
0.24695637822151184082 0.243066444993019104 0.23623593151569366455 0.22223162651062011719 0.20227029919624328613 0.18472118675708770752 0.17231948673725128174 0.15397186577320098877 0.13244123756885528564 0.11619309335947036743 0.10217212885618209839 0.093284696340560913086 0.083434954285621643066 0.064086161553859710693 0.03863506019115447998 0.0040198620408773422241 -0.039966698735952377319 -0.075806982815265655518 -0.10304852575063705444 -0.16444632411003112793 -0.26579916477203369141 -0.36300301551818847656 -0.3927955925464630127 -0.35256943106651306152 -0.30723470449447631836 -0.23682086169719696045 -0.14248727262020111084 -0.080542631447315216064 -0.047649405896663665771 -0.033890303224325180054 -0.02533782273530960083 -0.023860130459070205688 -0.03832893073558807373 -0.10584013909101486206 -0.24523824453353881836 -0.39269104599952697754 -0.47621351480484008789 -0.54365718364715576172 -0.63858014345169067383 -0.70155185461044311523 -0.6997095942497253418 -0.66801929473876953125
0.23877309262752532959 0.23816055059432983398 0.23451673984527587891 0.22287100553512573242 0.20351481437683105469 0.18537907302379608154 0.17196141183376312256 0.14986264705657958984 0.12480201572179794312 0.1059167906641960144 0.089525230228900909424 0.078690983355045318604 0.069786891341209411621 0.056659761816263198853 0.032694682478904724121 -0.013077695854008197784 -0.08312235027551651001 -0.1496508866548538208 -0.1965780407190322876 -0.2776743769645690918 -0.37421941757202148438 -0.45469582080841064453 -0.47527062892913818359 -0.42957967519760131836 -0.38276633620262145996 -0.30921205878257751465 -0.21264019608497619629 -0.1334212571382522583 -0.077334642410278320313 -0.049714658409357070923 -0.040037021040916442871 -0.037984725087881088257 -0.057449180632829666138 -0.13148184120655059814 -0.26689749956130981445 -0.4100208580493927002 -0.49358123540878295898 -0.56207513809204101563 -0.65389096736907958984 -0.71054291725158691406 -0.71748262643814086914 -0.6939487457275390625
0.2263491898775100708 0.22712828218936920166 0.22600220143795013428 0.21743029356002807617 0.19909006357192993164 0.17850230634212493896 0.16158054769039154053 0.13048700988292694092 0.095461912453174591064 0.070590965449810028076 0.054530661553144454956 0.044100765138864517212 0.036902911961078643799 0.032778885215520858765 0.0098603097721934318542 -0.052972614765167236328 -0.15941087901592254639 -0.26145401597023010254 -0.32312938570976257324 -0.41263571381568908691 -0.49355348944664001465 -0.53825718164443969727 -0.53617429733276367188 -0.48930084705352783203 -0.44418171048164367676 -0.37012222409248352051 -0.27636879682540893555 -0.1922467350959777832 -0.11544189602136611938 -0.067904986441135406494 -0.054022822529077529907 -0.050291117280721664429 -0.074475489556789398193 -0.15494264662265777588 -0.2858835756778717041 -0.42420464754104614258 -0.50701743364334106445 -0.57306760549545288086 -0.65903007984161376953 -0.71277570724487304688 -0.72606104612350463867 -0.71139979362487792969
0.21822048723697662354 0.21870164573192596436 0.21849159896373748779 0.21067842841148376465 0.19127781689167022705 0.16710546612739562988 0.14407864212989807129 0.10160399973392486572 0.051565099507570266724 0.019756315276026725769 0.006582922767847776413 -0.00071300979470834136009 -0.0053357719443738460541 -0.0072853635065257549286 -0.033847741782665252686 -0.10444016754627227783 -0.21913851797580718994 -0.33147922158241271973 -0.39833346009254455566 -0.48692655563354492188 -0.55210691690444946289 -0.57235789299011230469 -0.5583489537239074707 -0.51458078622817993164 -0.47167772054672241211 -0.39818081259727478027 -0.30351874232292175293 -0.21694742143154144287 -0.13323897123336791992 -0.076643452048301696777 -0.060002062469720840454 -0.056572929024696350098 -0.084150351583957672119 -0.1704931110143661499 -0.30161911249160766602 -0.43673589825630187988 -0.51742792129516601563 -0.58208459615707397461 -0.66393965482711791992 -0.71405631303787231445 -0.72880917787551879883 -0.72231453657150268555
0.21312674880027770996 0.2130009084939956665 0.21147879958152770996 0.20200011134147644043 0.18110051751136779785 0.15438824892044067383 0.1220881342887878418 0.067469954490661621094 0.0028271598275750875473 -0.037145484238862991333 -0.050886079668998718262 -0.056683037430047988892 -0.060464709997177124023 -0.065888777375221252441 -0.093053519725799560547 -0.15681451559066772461 -0.25889927148818969727 -0.36971139907836914063 -0.43802851438522338867 -0.51781558990478515625 -0.56831341981887817383 -0.5825259089469909668 -0.57024824619293212891 -0.52960383892059326172 -0.48693671822547912598 -0.40808236598968505859 -0.30467626452445983887 -0.21173524856567382813 -0.12979966402053833008 -0.078130394220352172852 -0.063727289438247680664 -0.064439766108989715576 -0.097384810447692871094 -0.18987891077995300293 -0.32229569554328918457 -0.4542942345142364502 -0.53265267610549926758 -0.59582889080047607422 -0.67318701744079589844 -0.71872532367706298828 -0.73332643508911132813 -0.73344206809997558594
0.20718544721603393555 0.20765087008476257324 0.20413289964199066162 0.19031643867492675781 0.16455814242362976074 0.13846673071384429932 0.09765484929084777832 0.035435397177934646606 -0.035405006259679794312 -0.084712930023670196533 -0.10870206356048583984 -0.12261106818914413452 -0.13103492558002471924 -0.1401055753231048584 -0.15891769528388977051 -0.20710971951484680176 -0.29775786399841308594 -0.40597084164619445801 -0.47046837210655212402 -0.53319209814071655273 -0.56856048107147216797 -0.5856469273567199707 -0.58095943927764892578 -0.54391348361968994141 -0.50098448991775512695 -0.40996441245079040527 -0.28709757328033447266 -0.18462233245372772217 -0.11288809031248092651 -0.078226625919342041016 -0.071001939475536346436 -0.079348079860210418701 -0.1176635250449180603 -0.21260225772857666016 -0.34738501906394958496 -0.47900605201721191406 -0.55481898784637451172 -0.61432915925979614258 -0.68643814325332641602 -0.72722965478897094727 -0.73975163698196411133 -0.7428874969482421875
0.20300589501857757568 0.20175860822200775146 0.19393339753150939941 0.17101298272609710693 0.1373027116060256958 0.10939218848943710327 0.071099877357482910156 0.011573025956749916077 -0.05943948403000831604 -0.11744793504476547241 -0.15537013113498687744 -0.17983579635620117188 -0.19842584431171417236 -0.22265926003456115723 -0.23945887386798858643 -0.27518996596336364746 -0.35269340872764587402 -0.43646848201751708984 -0.4756647944450378418 -0.50997930765151977539 -0.54765719175338745117 -0.58103251457214355469 -0.58607906103134155273 -0.55290174484252929688 -0.5102189183235168457 -0.40949249267578125 -0.26347208023071289063 -0.15689130127429962158 -0.10583088546991348267 -0.086941957473754882813 -0.085054360330104827881 -0.097233064472675323486 -0.13640162348747253418 -0.22864775359630584717 -0.36717331409454345703 -0.5012963414192199707 -0.57525223493576049805 -0.63074016571044921875 -0.6980940699577331543 -0.73534262180328369141 -0.74745380878448486328 -0.75103002786636352539
