INPUT/RASTER/ASCII_standard/BIO11.asc
ncols        225
nrows        269
xllcorner    473009.983799999987
yllcorner    4429051.174800000153
cellsize     50.000000000000
NODATA_value  -9999
[rows 180 to 197 of 269, columns 168 to 209 of 225]
0.40301591157913208008 0.37168103456497192383 0.34375455975532531738 0.32202371954917907715 0.30431604385375976563 0.29659140110015869141 0.2981618344783782959 0.29984372854232788086 0.30015906691551208496 0.29683351516723632813 0.28555715084075927734 0.27111133933067321777 0.26033189892768859863 0.25206896662712097168 0.24067793786525726318 0.22386536002159118652 0.2038163989782333374 0.18211421370506286621 0.16644836962223052979 0.15669783949851989746 0.14617642760276794434 0.13550530374050140381 0.12700027227401733398 0.11820535361766815186 0.10756927728652954102 0.093158490955829620361 0.061505086719989776611 0.021123662590980529785 -0.011909021995961666107 -0.028313875198364257813 -0.036086272448301315308 -0.040345162153244018555 -0.041348569095134735107 -0.043259810656309127808 -0.047671604901552200317 -0.049592405557632446289 -0.052902042865753173828 -0.055045824497938156128 -0.057294722646474838257 -0.067545369267463684082 -0.089123323559761047363 -0.12286635488271713257
0.40541771054267883301 0.3770484626293182373 0.34753882884979248047 0.32225307822227478027 0.30435425043106079102 0.29821914434432983398 0.29963985085487365723 0.30177727341651916504 0.3028411865234375 0.30087259411811828613 0.28970775008201599121 0.27210518717765808105 0.25836333632469177246 0.24881029129028320313 0.23653373122215270996 0.22117687761783599854 0.20525301992893218994 0.18727774918079376221 0.17464123666286468506 0.1648429185152053833 0.15504142642021179199 0.14708426594734191895 0.13980880379676818848 0.13152673840522766113 0.12100214511156082153 0.10746734589338302612 0.080133356153964996338 0.047565739601850509644 0.016864772886037826538 -0.00202151457779109478 -0.010188901796936988831 -0.013355198316276073456 -0.01461343374103307724 -0.015040279366075992584 -0.019796093925833702087 -0.028196016326546669006 -0.035305846482515335083 -0.03867600858211517334 -0.041195668280124664307 -0.050665885210037231445 -0.07426020503044128418 -0.12403540313243865967
0.40657401084899902344 0.38291916251182556152 0.35451489686965942383 0.32672539353370666504 0.30661907792091369629 0.30044257640838623047 0.3015797734260559082 0.3053512871265411377 0.30699494481086730957 0.30530670285224914551 0.29543191194534301758 0.27624621987342834473 0.25960245728492736816 0.24916386604309082031 0.23792256414890289307 0.22469674050807952881 0.20978584885597229004 0.19338099658489227295 0.1818307042121887207 0.17204193770885467529 0.16286478936672210693 0.15535995364189147949 0.14929813146591186523 0.14056055247783660889 0.12876817584037780762 0.11532574892044067383 0.089291401207447052002 0.060565389692783355713 0.033088058233261108398 0.013615655712783336639 0.0032726342324167490005 -0.00053711427608504891396 -0.0017794235609471797943 -0.0014226577477529644966 -0.0022890889085829257965 -0.0086822034791111946106 -0.014801373705267906189 -0.022162852808833122253 -0.026122314855456352234 -0.036258284002542495728 -0.066707603633403778076 -0.12260833382606506348
0.40841516852378845215 0.3864294886589050293 0.35821950435638427734 0.33163091540336608887 0.31053075194358825684 0.30333173274993896484 0.30522707104682922363 0.30740270018577575684 0.30786138772964477539 0.3078518211841583252 0.30232197046279907227 0.2869364321231842041 0.26898029446601867676 0.25689485669136047363 0.24540190398693084717 0.23202317953109741211 0.21656121313571929932 0.19997479021549224854 0.18838627636432647705 0.17907214164733886719 0.17015299201011657715 0.16299857199192047119 0.15882886946201324463 0.15042576193809509277 0.13679221272468566895 0.12221578508615493774 0.09626744687557220459 0.06862128525972366333 0.044889993965625762939 0.026602566242218017578 0.014335557818412780762 0.0091560836881399154663 0.0062860306352376937866 0.0059228939935564994812 0.0061554289422929286957 0.0047761471942067146301 0.0013008664827793836594 -0.003642887575551867485 -0.008854215964674949646 -0.024051800370216369629 -0.056820094585418701172 -0.10696797817945480347
0.41768154501914978027 0.39432930946350097656 0.36331298947334289551 0.33753028512001037598 0.31709906458854675293 0.30884885787963867188 0.30960062146186828613 0.31018036603927612305 0.31009116768836975098 0.31138128042221069336 0.30804297327995300293 0.29663920402526855469 0.28192260861396789551 0.2688624262809753418 0.25438475608825683594 0.23937192559242248535 0.22250518202781677246 0.20544095337390899658 0.19407542049884796143 0.1849524080753326416 0.17666397988796234131 0.17089520394802093506 0.16762059926986694336 0.15898814797401428223 0.14373002946376800537 0.12796863913536071777 0.10101689398288726807 0.071991451084613800049 0.049218967556953430176 0.032584764063358306885 0.020250860601663589478 0.014634986408054828644 0.011850939132273197174 0.010579961352050304413 0.010392022319138050079 0.011283936910331249237 0.011599292047321796417 0.01256765611469745636 0.0058050341904163360596 -0.018292581662535667419 -0.050790116190910339355 -0.091818176209926605225
0.42968097329139709473 0.40556105971336364746 0.37342026829719543457 0.35032606124877929688 0.32962092757225036621 0.31822034716606140137 0.31689521670341491699 0.31778076291084289551 0.31856435537338256836 0.31636324524879455566 0.31169661879539489746 0.3012930750846862793 0.28884449601173400879 0.27698522806167602539 0.26054853200912475586 0.24307018518447875977 0.22598683834075927734 0.21027003228664398193 0.19985055923461914063 0.19163538515567779541 0.18412739038467407227 0.17858795821666717529 0.17505533993244171143 0.16734984517097473145 0.1503397524356842041 0.13290283083915710449 0.1041736304759979248 0.073510892689228057861 0.051063317805528640747 0.036009076982736587524 0.02535707131028175354 0.021193742752075195313 0.019534144550561904907 0.017817208543419837952 0.017651567235589027405 0.024124318733811378479 0.029058516025543212891 0.028717676177620887756 0.017998777329921722412 -0.020500069484114646912 -0.052038799971342086792 -0.085886947810649871826
0.42550489306449890137 0.40529346466064453125 0.38492599129676818848 0.37052154541015625 0.35155883431434631348 0.33896371722221374512 0.33697602152824401855 0.33913254737854003906 0.34113934636116027832 0.32816836237907409668 0.31425449252128601074 0.29887217283248901367 0.28352805972099304199 0.27369469404220581055 0.2613671720027923584 0.24436983466148376465 0.22882822155952453613 0.21515963971614837646 0.20546643435955047607 0.19828334450721740723 0.19187110662460327148 0.18579335510730743408 0.18269076943397521973 0.17978885769844055176 0.16208754479885101318 0.14269477128982543945 0.11255443841218948364 0.083235941827297210693 0.062597684562206268311 0.050302006304264068604 0.042449973523616790771 0.039742376655340194702 0.03863385319709777832 0.038184709846973419189 0.038117818534374237061 0.050117250531911849976 0.058306936174631118774 0.054557710886001586914 0.035101234912872314453 -0.02883309684693813324 -0.064955629408359527588 -0.089983381330966949463
0.4172929227352142334 0.40070968866348266602 0.38434305787086486816 0.37041643261909484863 0.36386406421661376953 0.36154508590698242188 0.36142721772193908691 0.36517643928527832031 0.36811658740043640137 0.34688264131546020508 0.32068264484405517578 0.29372134804725646973 0.27154773473739624023 0.26543176174163818359 0.27192360162734985352 0.26585221290588378906 0.25240978598594665527 0.23926679790019989014 0.23013742268085479736 0.22383031249046325684 0.21811568737030029297 0.21030189096927642822 0.20252311229705810547 0.19677983224391937256 0.17720548808574676514 0.16011577844619750977 0.13140569627285003662 0.10403984785079956055 0.088100060820579528809 0.079757474362850189209 0.075590960681438446045 0.074555702507495880127 0.074383690953254699707 0.075418949127197265625 0.076110184192657470703 0.074284948408603668213 0.068086139857769012451 0.062368333339691162109 0.039223153144121170044 -0.031594846397638320923 -0.071125768125057220459 -0.093226127326488494873
0.40873053669929504395 0.39511290192604064941 0.3801924586296081543 0.36557781696319580078 0.35810482501983642578 0.35828641057014465332 0.36131891608238220215 0.36603331565856933594 0.3674062192440032959 0.35351786017417907715 0.33116266131401062012 0.30942541360855102539 0.29819685220718383789 0.29901552200317382813 0.31234008073806762695 0.30972486734390258789 0.29715842008590698242 0.28543612360954284668 0.27639591693878173828 0.27222305536270141602 0.26703083515167236328 0.25585642457008361816 0.22931240499019622803 0.19725444912910461426 0.17382895946502685547 0.15692080557346343994 0.1296059340238571167 0.10467692464590072632 0.091011524200439453125 0.084605671465396881104 0.08101889491081237793 0.079696953296661376953 0.0798625946044921875 0.080553829669952392578 0.081448927521705627441 0.0797861441969871521 0.073049008846282958984 0.065620630979537963867 0.041395600885152816772 -0.028511371463537216187 -0.072097316384315490723 -0.094573557376861572266
0.40859356522560119629 0.39620551466941833496 0.38588479161262512207 0.37854242324829101563 0.3717734217643737793 0.37247103452682495117 0.3789246678352355957 0.3848399817943572998 0.3832950592041015625 0.36140811443328857422 0.33637717366218566895 0.32429492473602294922 0.32285830378532409668 0.32929280400276184082 0.32985025644302368164 0.31894659996032714844 0.30738675594329833984 0.29840710759162902832 0.29270520806312561035 0.2897587120532989502 0.28231441974639892578 0.26482334733009338379 0.23194035887718200684 0.19596117734909057617 0.17221714556217193604 0.15607668459415435791 0.1313069462776184082 0.10742911696434020996 0.094378501176834106445 0.089453861117362976074 0.086755819618701934814 0.085230007767677307129 0.084000438451766967773 0.083892136812210083008 0.084369949996471405029 0.082407735288143157959 0.077053062617778778076 0.069971904158592224121 0.048400316387414932251 -0.012033252976834774017 -0.069478906691074371338 -0.095366723835468292236
0.42925411462783813477 0.41590407490730285645 0.40847888588905334473 0.40274196863174438477 0.39211863279342651367 0.39113751053810119629 0.40120023488998413086 0.40940266847610473633 0.40518200397491455078 0.36997047066688537598 0.34040033817291259766 0.33089506626129150391 0.3281046748161315918 0.33618286252021789551 0.34020283818244934082 0.32954445481300354004 0.31820121407508850098 0.31151187419891357422 0.30924066901206970215 0.3072020113468170166 0.29555296897888183594 0.26795458793640136719 0.2295449376106262207 0.19403718411922454834 0.17148131132125854492 0.15710875391960144043 0.13447642326354980469 0.11129938811063766479 0.098223291337490081787 0.093234941363334655762 0.091138944029808044434 0.089973084628582000732 0.089065238833427429199 0.089023828506469726563 0.087631806731224060059 0.083748795092105865479 0.078712664544582366943 0.071558237075805664063 0.054347474128007888794 0.0040307613089680671692 -0.066401802003383636475 -0.094328284263610839844
0.45655626058578491211 0.4450664818286895752 0.44082671403884887695 0.43792161345481872559 0.42204871773719787598 0.41223448514938354492 0.42325916886329650879 0.4347585141658782959 0.4284991919994354248 0.38412642478942871094 0.35264185070991516113 0.34499052166938781738 0.34473249316215515137 0.3489945828914642334 0.35213857889175415039 0.34455728530883789063 0.33374282717704772949 0.32798042893409729004 0.32604050636291503906 0.32233905792236328125 0.3041025996208190918 0.2654221951961517334 0.22163875401020050049 0.18909025192260742188 0.16979622840881347656 0.15726482868194580078 0.13720312714576721191 0.11547546088695526123 0.10227512568235397339 0.097812369465827941895 0.097688138484954833984 0.097828298807144165039 0.096933200955390930176 0.095773711800575256348 0.092919580638408660889 0.086504168808460235596 0.078690364956855773926 0.070889301598072052002 0.055166121572256088257 0.0076016043312847614288 -0.063589088618755340576 -0.090222291648387908936
0.47266167402267456055 0.46909403800964355469 0.46910995244979858398 0.4737606346607208252 0.46315643191337585449 0.44450902938842773438 0.45046257972717285156 0.4584515690803527832 0.44782823324203491211 0.40429326891899108887 0.37668851017951965332 0.37091973423957824707 0.37247741222381591797 0.37116181850433349609 0.36322060227394104004 0.36020082235336303711 0.35248258709907531738 0.3474273383617401123 0.34348061680793762207 0.3308982551097869873 0.30043300986289978027 0.25247031450271606445 0.20731078088283538818 0.17983345687389373779 0.16475054621696472168 0.15453176200389862061 0.13836580514907836914 0.12058486044406890869 0.10985002666711807251 0.10703413188457489014 0.10814584046602249146 0.10915242880582809448 0.10896129906177520752 0.10698316246271133423 0.10147240757942199707 0.09079491347074508667 0.078336782753467559814 0.069385789334774017334 0.055538814514875411987 0.015103241428732872009 -0.052344597876071929932 -0.082077197730541229248
0.46903350949287414551 0.4740537106990814209 0.47833171486854553223 0.49233159422874450684 0.50016450881958007813 0.48732092976570129395 0.48177513480186462402 0.47695562243461608887 0.45926386117935180664 0.42283234000205993652 0.40303182601928710938 0.39846077561378479004 0.39530721306800842285 0.38248276710510253906 0.36422082781791687012 0.36463174223899841309 0.3627268671989440918 0.35972940921783447266 0.35412308573722839355 0.32999998331069946289 0.2866306304931640625 0.23649549484252929688 0.19591021537780761719 0.17370153963565826416 0.1617275923490524292 0.15366531908512115479 0.13950936496257781982 0.12622940540313720703 0.1194635927677154541 0.11747908592224121094 0.11777532845735549927 0.11872457712888717651 0.11930114030838012695 0.11722106486558914185 0.10899633914232254028 0.094665184617042541504 0.079964525997638702393 0.070526160299777984619 0.05726849287748336792 0.031230963766574859619 -0.030699746683239936829 -0.074403554201126098633
0.45210623741149902344 0.46320420503616333008 0.47087147831916809082 0.49055731296539306641 0.51440006494522094727 0.51447653770446777344 0.50471645593643188477 0.49374908208847045898 0.47395178675651550293 0.44122487306594848633 0.41749039292335510254 0.40536993741989135742 0.39396616816520690918 0.37107264995574951172 0.35321205854415893555 0.35763657093048095703 0.36589315533638000488 0.36383858323097229004 0.35612988471984863281 0.32234543561935424805 0.27034366130828857422 0.22398640215396881104 0.19135507941246032715 0.17307402193546295166 0.16288389265537261963 0.15560205280780792236 0.14216600358486175537 0.13165415823459625244 0.12653520703315734863 0.12506353855133056641 0.12502850592136383057 0.12546490132808685303 0.12516547739505767822 0.122129783034324646 0.11248436570167541504 0.097051061689853668213 0.082535155117511749268 0.073166869580745697021 0.059743557125329971313 0.040188331156969070435 -0.019929880276322364807 -0.072673872113227844238
0.43386021256446838379 0.44664007425308227539 0.45704680681228637695 0.4774907529354095459 0.50715965032577514648 0.52016884088516235352 0.51813656091690063477 0.51043742895126342773 0.48896142840385437012 0.45211899280548095703 0.42062166333198547363 0.40221956372261047363 0.38630527257919311523 0.35945227742195129395 0.34474840760231018066 0.35189965367317199707 0.36516371369361877441 0.36518919467926025391 0.35528576374053955078 0.3149998784065246582 0.25671964883804321289 0.21386317908763885498 0.19012869894504547119 0.17578798532485961914 0.16710138320922851563 0.16054262220859527588 0.14841258525848388672 0.13798674941062927246 0.13280726969242095947 0.13088646531105041504 0.13028761744499206543 0.1299149245023727417 0.12782847881317138672 0.12284649908542633057 0.11262451857328414917 0.096738889813423156738 0.081732429563999176025 0.072459705173969268799 0.059733998030424118042 0.039930313825607299805 -0.020280275493860244751 -0.071925304830074310303
0.4247881770133972168 0.43453234434127807617 0.44516843557357788086 0.46168476343154907227 0.49051588773727416992 0.51613610982894897461 0.52242732048034667969 0.51607877016067504883 0.48783695697784423828 0.44197025895118713379 0.41390046477317810059 0.40024143457412719727 0.38638490438461303711 0.36165338754653930664 0.34859639406204223633 0.35300499200820922852 0.36397874355316162109 0.36379078030586242676 0.35012221336364746094 0.30837741494178771973 0.25028830766677856445 0.21334075927734375 0.19493229687213897705 0.18173514306545257568 0.17220440506935119629 0.16503722965717315674 0.1537608802318572998 0.14259603619575500488 0.1361519545316696167 0.13312262296676635742 0.13086736202239990234 0.12939250469207763672 0.12682825326919555664 0.1214926987886428833 0.1104902997612953186 0.094327531754970550537 0.079378411173820495605 0.07011524587869644165 0.057188857346773147583 0.037910766899585723877 -0.019649565219879150391 -0.06912533193826675415
0.42096886038780212402 0.42605596780776977539 0.43524268269538879395 0.45048487186431884766 0.48078766465187072754 0.51289975643157958984 0.52145898342132568359 0.5114981532096862793 0.47377657890319824219 0.42441865801811218262 0.40531897544860839844 0.39976361393928527832 0.39196571707725524902 0.37437909841537475586 0.36265996098518371582 0.36225861310958862305 0.36711955070495605469 0.36159923672676086426 0.34552565217018127441 0.30738994479179382324 0.25541999936103820801 0.22228538990020751953 0.20442798733711242676 0.18936100602149963379 0.17745713889598846436 0.16865585744380950928 0.15634424984455108643 0.14502012729644775391 0.13767775893211364746 0.13360999524593353271 0.13026531040668487549 0.12770424783229827881 0.12479278445243835449 0.11879784613847732544 0.10654675960540771484 0.089992195367813110352 0.075097225606441497803 0.066117554903030395508 0.051859669387340545654 0.032881006598472595215 -0.017489857971668243408 -0.065665975213050842285
