INPUT/RASTER/ASCII_standard/BIO16.asc
ncols        225
nrows        269
xllcorner    473009.983799999987
yllcorner    4429051.174800000153
cellsize     50.000000000000
NODATA_value  -9999
[rows 126 to 143 of 269, columns 84 to 125 of 225]
0.8455295562744140625 0.84041863679885864258 0.83727538585662841797 0.83410322666168212891 0.82641565799713134766 0.81856232881546020508 0.80888199806213378906 0.79398286342620849609 0.78274923563003540039 0.77692526578903198242 0.77281457185745239258 0.7674338221549987793 0.74906766414642333984 0.73821562528610229492 0.74015438556671142578 0.72772204875946044922 0.70336037874221801758 0.6859982609748840332 0.66903895139694213867 0.65032589435577392578 0.64983832836151123047 0.65115267038345336914 0.64970725774765014648 0.66448497772216796875 0.67973488569259643555 0.69980663061141967773 0.7057577967643737793 0.68835520744323730469 0.64998477697372436523 0.61256635189056396484 0.59522545337677001953 0.576045989990234375 0.5551802515983581543 0.50124192237854003906 0.45136031508445739746 0.40798684954643249512 0.38738512992858886719 0.38338813185691833496 0.38343438506126403809 0.40931659936904907227 0.44293653964996337891 0.47464469075202941895
0.82534992694854736328 0.8167546391487121582 0.81034862995147705078 0.80487346649169921875 0.79816102981567382813 0.79281497001647949219 0.78436422348022460938 0.76963853836059570313 0.75704240798950195313 0.7504513859748840332 0.74309527873992919922 0.73436892032623291016 0.71226978302001953125 0.6937167048454284668 0.68738007545471191406 0.67665910720825195313 0.65956676006317138672 0.64800745248794555664 0.63637685775756835938 0.62323915958404541016 0.61845391988754272461 0.61164706945419311523 0.60634726285934448242 0.61752694845199584961 0.6271648406982421875 0.63259375095367431641 0.62692970037460327148 0.61525863409042358398 0.59326356649398803711 0.56861472129821777344 0.55838322639465332031 0.55218923091888427734 0.54240489006042480469 0.51322132349014282227 0.47027379274368286133 0.41920313239097595215 0.40085622668266296387 0.42412132024765014648 0.44703954458236694336 0.48489928245544433594 0.50844573974609375 0.52191686630249023438
0.79971241950988769531 0.79094755649566650391 0.78390556573867797852 0.77893149852752685547 0.77442568540573120117 0.77101844549179077148 0.76339828968048095703 0.74954563379287719727 0.73514944314956665039 0.72433209419250488281 0.71380579471588134766 0.70455908775329589844 0.68334257602691650391 0.66196423768997192383 0.64788800477981567383 0.63703399896621704102 0.62596035003662109375 0.61772352457046508789 0.60994344949722290039 0.59902393817901611328 0.59241366386413574219 0.58492457866668701172 0.57726591825485229492 0.57784408330917358398 0.5803050994873046875 0.57556802034378051758 0.55974382162094116211 0.54936975240707397461 0.54077059030532836914 0.52843463420867919922 0.52392303943634033203 0.52305388450622558594 0.51558023691177368164 0.48515367507934570313 0.44276499748229980469 0.4146645665168762207 0.40915086865425109863 0.43684080243110656738 0.49202990531921386719 0.54636716842651367188 0.57136869430541992188 0.5762965083122253418
0.77486127614974975586 0.76858437061309814453 0.76494389772415161133 0.76163297891616821289 0.75807923078536987305 0.75515955686569213867 0.74726575613021850586 0.73360770940780639648 0.71814578771591186523 0.70414090156555175781 0.6930999755859375 0.68603104352951049805 0.67023187875747680664 0.64927941560745239258 0.63270550966262817383 0.62018454074859619141 0.60967749357223510742 0.60028815269470214844 0.59028410911560058594 0.57847619056701660156 0.57515174150466918945 0.57073271274566650391 0.5604877471923828125 0.55315667390823364258 0.55055689811706542969 0.54175156354904174805 0.52285152673721313477 0.5074532628059387207 0.50254851579666137695 0.49672454595565795898 0.49575132131576538086 0.4956665337085723877 0.48518452048301696777 0.45118299126625061035 0.41149240732192993164 0.39869198203086853027 0.40722367167472839355 0.45230847597122192383 0.52252972126007080078 0.580860137939453125 0.6138941645622253418 0.61904752254486083984
0.75185436010360717773 0.74844324588775634766 0.74743723869323730469 0.74487602710723876953 0.74163830280303955078 0.73888820409774780273 0.73160344362258911133 0.71831345558166503906 0.7029806971549987793 0.68806231021881103516 0.67683249711990356445 0.67066162824630737305 0.65812522172927856445 0.63818645477294921875 0.62016141414642333984 0.6048189997673034668 0.59354299306869506836 0.58143830299377441406 0.56624811887741088867 0.55291384458541870117 0.55488348007202148438 0.55374062061309814453 0.54150295257568359375 0.52515840530395507813 0.5144354701042175293 0.50462412834167480469 0.49027615785598754883 0.4720795750617980957 0.46530547738075256348 0.46618622541427612305 0.46711125969886779785 0.46445751190185546875 0.44743075966835021973 0.41174679994583129883 0.38556969165802001953 0.39374485611915588379 0.41868662834167480469 0.48116436600685119629 0.55716139078140258789 0.60805863142013549805 0.62796270847320556641 0.62604707479476928711
0.7355098724365234375 0.73338991403579711914 0.73250150680541992188 0.73019850254058837891 0.7277317047119140625 0.72469055652618408203 0.71787601709365844727 0.70622223615646362305 0.69228094816207885742 0.67764002084732055664 0.66384899616241455078 0.6556237339973449707 0.64300060272216796875 0.62522220611572265625 0.60766935348510742188 0.58851301670074462891 0.57397615909576416016 0.55968022346496582031 0.54101920127868652344 0.52587723731994628906 0.52879309654235839844 0.52845007181167602539 0.51543956995010375977 0.49916246533393859863 0.48182734847068786621 0.47071897983551025391 0.4617729485034942627 0.44760420918464660645 0.44086286425590515137 0.44247785210609436035 0.44173201918601989746 0.43375152349472045898 0.41039392352104187012 0.38107162714004516602 0.37555214762687683105 0.40115687251091003418 0.43547636270523071289 0.50490164756774902344 0.58025693893432617188 0.62020576000213623047 0.62675434350967407227 0.61818218231201171875
0.72417795658111572266 0.72189998626708984375 0.72060877084732055664 0.71817278861999511719 0.7161858677864074707 0.71299248933792114258 0.70632052421569824219 0.69642055034637451172 0.68388992547988891602 0.66885781288146972656 0.65238988399505615234 0.6420447230339050293 0.62787210941314697266 0.61251044273376464844 0.59581518173217773438 0.56903100013732910156 0.54809778928756713867 0.53539568185806274414 0.51807016134262084961 0.50209951400756835938 0.50130742788314819336 0.4993667304515838623 0.48619049787521362305 0.47382369637489318848 0.45653674006462097168 0.44437035918235778809 0.43770033121109008789 0.42882946133613586426 0.42291298508644104004 0.42082390189170837402 0.41679218411445617676 0.40133801102638244629 0.37239924073219299316 0.35504487156867980957 0.3700307309627532959 0.40697890520095825195 0.44458043575286865234 0.51341599225997924805 0.58490532636642456055 0.61510831117630004883 0.61340469121932983398 0.60002225637435913086
0.71295201778411865234 0.71027708053588867188 0.70793747901916503906 0.70528757572174072266 0.70273786783218383789 0.69901841878890991211 0.6930363774299621582 0.68401324748992919922 0.67273533344268798828 0.65829098224639892578 0.64084601402282714844 0.62938302755355834961 0.61237943172454833984 0.59865778684616088867 0.58412671089172363281 0.55020809173583984375 0.52056974172592163086 0.50876182317733764648 0.49256759881973266602 0.47515922784805297852 0.46979391574859619141 0.46515324711799621582 0.4534397423267364502 0.44335281848907470703 0.4288660883903503418 0.41755729913711547852 0.41296672821044921875 0.40637570619583129883 0.39703458547592163086 0.38964378833770751953 0.38042217493057250977 0.35376906394958496094 0.32227483391761779785 0.32949796319007873535 0.36636713147163391113 0.41057890653610229492 0.44845217466354370117 0.51314425468444824219 0.57521152496337890625 0.59624105691909790039 0.58924341201782226563 0.56757402420043945313
0.69764429330825805664 0.69604474306106567383 0.6926085352897644043 0.68925136327743530273 0.68596935272216796875 0.68211686611175537109 0.67536783218383789063 0.66645073890686035156 0.65700942277908325195 0.64382737874984741211 0.62623018026351928711 0.61392116546630859375 0.59215348958969116211 0.57445991039276123047 0.56619030237197875977 0.53176480531692504883 0.49155968427658081055 0.47638109326362609863 0.46691083908081054688 0.45368835330009460449 0.44567507505416870117 0.43873524665832519531 0.42780998349189758301 0.41934189200401306152 0.40727376937866210938 0.39742773771286010742 0.39239776134490966797 0.3858992457389831543 0.37266135215759277344 0.35670801997184753418 0.33791980147361755371 0.30499175190925598145 0.2892754673957824707 0.31863048672676086426 0.36720931529998779297 0.41346392035484313965 0.44811490178108215332 0.50385516881942749023 0.55736762285232543945 0.57619631290435791016 0.56855112314224243164 0.5370877385139465332
0.68599438667297363281 0.68529289960861206055 0.68431389331817626953 0.68028801679611206055 0.67609250545501708984 0.67253679037094116211 0.66621369123458862305 0.65770125389099121094 0.64715951681137084961 0.63269203901290893555 0.61455136537551879883 0.60042691230773925781 0.57259821891784667969 0.54609543085098266602 0.53229284286499023438 0.50537765026092529297 0.47249779105186462402 0.45745408535003662109 0.4494215548038482666 0.43817827105522155762 0.4275671541690826416 0.41778278350830078125 0.40591704845428466797 0.39718490839004516602 0.38739669322967529297 0.37874937057495117188 0.37271144986152648926 0.36571574211120605469 0.34944635629653930664 0.32489579916000366211 0.30278703570365905762 0.27737116813659667969 0.28263434767723083496 0.32079860568046569824 0.36967805027961730957 0.41294166445732116699 0.44394251704216003418 0.4929472506046295166 0.53997850418090820313 0.55969178676605224609 0.55218535661697387695 0.51979500055313110352
0.67958456277847290039 0.67909312248229980469 0.67866915464401245117 0.67317855358123779297 0.66839140653610229492 0.66454666852951049805 0.65722906589508056641 0.64862799644470214844 0.63726723194122314453 0.62144684791564941406 0.60096848011016845703 0.58485907316207885742 0.55716526508331298828 0.52961409091949462891 0.50915688276290893555 0.48578000068664550781 0.46173247694969177246 0.44952946901321411133 0.43982797861099243164 0.4258365333080291748 0.41206285357475280762 0.39839905500411987305 0.38463500142097473145 0.37578341364860534668 0.36501809954643249512 0.35635727643966674805 0.3494733273983001709 0.34132900834083557129 0.32289731502532958984 0.29661613702774047852 0.28018295764923095703 0.26642471551895141602 0.28443050384521484375 0.32879838347434997559 0.37665835022926330566 0.4158382415771484375 0.44459199905395507813 0.48840099573135375977 0.52827274799346923828 0.54461729526519775391 0.5337556004524230957 0.50669586658477783203
0.67478197813034057617 0.67366611957550048828 0.67274111509323120117 0.66684579849243164063 0.66113168001174926758 0.65678775310516357422 0.64896720647811889648 0.6392638087272644043 0.62696635723114013672 0.60892200469970703125 0.58355242013931274414 0.56495302915573120117 0.53889739513397216797 0.51463592052459716797 0.49449670314788818359 0.47468128800392150879 0.45644423365592956543 0.4456596672534942627 0.43462067842483520508 0.41590568423271179199 0.39736029505729675293 0.38054358959197998047 0.36433202028274536133 0.35396370291709899902 0.3405793309211730957 0.33127483725547790527 0.32518297433853149414 0.31505748629570007324 0.29443648457527160645 0.27436089515686035156 0.26539173722267150879 0.26196324825286865234 0.29053971171379089355 0.34132707118988037109 0.38964572548866271973 0.42715859413146972656 0.45370185375213623047 0.49071362614631652832 0.5199260711669921875 0.52732264995574951172 0.51251983642578125 0.49012389779090881348
0.66500723361968994141 0.66249608993530273438 0.66152673959732055664 0.65646398067474365234 0.65057253837585449219 0.64570254087448120117 0.63735973834991455078 0.6264864802360534668 0.61246418952941894531 0.59147703647613525391 0.56176161766052246094 0.54144895076751708984 0.51654958724975585938 0.49403998255729675293 0.47655838727951049805 0.46270376443862915039 0.45128321647644042969 0.44159328937530517578 0.42893353104591369629 0.40597292780876159668 0.38332065939903259277 0.36479645967483520508 0.34658062458038330078 0.33359518647193908691 0.31556048989295959473 0.30331316590309143066 0.29848551750183105469 0.28846025466918945313 0.2708803713321685791 0.26044076681137084961 0.25936537981033325195 0.26766005158424377441 0.30487418174743652344 0.35727846622467041016 0.4063294529914855957 0.44498899579048156738 0.4691772162914276123 0.49659544229507446289 0.511035919189453125 0.50524467229843139648 0.48525580763816833496 0.46645796298980712891
0.64347082376480102539 0.63752156496047973633 0.6377201080322265625 0.63366335630416870117 0.62804365158081054688 0.62353205680847167969 0.61513334512710571289 0.60193014144897460938 0.58590358495712280273 0.56396055221557617188 0.5345592498779296875 0.51485365629196166992 0.48967874050140380859 0.46414339542388916016 0.44680055975914001465 0.43858492374420166016 0.43469583988189697266 0.42806822061538696289 0.41622945666313171387 0.39408212900161743164 0.37186542153358459473 0.35357826948165893555 0.33501359820365905762 0.32038423418998718262 0.29561400413513183594 0.2714970707893371582 0.26295575499534606934 0.25888359546661376953 0.25477287173271179199 0.25640520453453063965 0.26400607824325561523 0.28310844302177429199 0.32104334235191345215 0.37003457546234130859 0.42211896181106567383 0.46373674273490905762 0.48511514067649841309 0.49978685379028320313 0.49841278791427612305 0.47828322649002075195 0.44800889492034912109 0.42653417587280273438
0.61198627948760986328 0.60411363840103149414 0.60368776321411132813 0.59915113449096679688 0.59407877922058105469 0.59163701534271240234 0.58511149883270263672 0.57090806961059570313 0.55352866649627685547 0.53330659866333007813 0.50815474987030029297 0.49016436934471130371 0.46237036585807800293 0.43297678232192993164 0.41465878486633300781 0.4080600738525390625 0.40918749570846557617 0.40685752034187316895 0.39887312054634094238 0.3828061223030090332 0.36396583914756774902 0.34636670351028442383 0.3278656303882598877 0.31281808018684387207 0.28248208761215209961 0.24346601963043212891 0.22657993435859680176 0.22784417867660522461 0.2414636760950088501 0.25640136003494262695 0.26978573203086853027 0.29325127601623535156 0.32526582479476928711 0.37149345874786376953 0.43140998482704162598 0.47583952546119689941 0.49345794320106506348 0.49743953347206115723 0.48481833934783935547 0.45276907086372375488 0.41463375091552734375 0.39032796025276184082
0.58754938840866088867 0.57974237203598022461 0.57451385259628295898 0.56753355264663696289 0.56201791763305664063 0.56069976091384887695 0.5562286376953125 0.54570615291595458984 0.53179371356964111328 0.51496738195419311523 0.49294340610504150391 0.47568342089653015137 0.4454110562801361084 0.41583436727523803711 0.39951103925704956055 0.39287763833999633789 0.39342111349105834961 0.39283329248428344727 0.38592624664306640625 0.37285020947456359863 0.35729968547821044922 0.33961766958236694336 0.31862279772758483887 0.30214911699295043945 0.27134096622467041016 0.23202426731586456299 0.21103711426258087158 0.21074803173542022705 0.23246945440769195557 0.25542813539505004883 0.26953133940696716309 0.29222598671913146973 0.32178723812103271484 0.3691018223762512207 0.43242752552032470703 0.47466781735420227051 0.49009692668914794922 0.49136888980865478516 0.47423225641250610352 0.4388682246208190918 0.40106242895126342773 0.37705922126770019531
0.56887102127075195313 0.55973803997039794922 0.55186545848846435547 0.54320466518402099609 0.53624939918518066406 0.53273034095764160156 0.52662694454193115234 0.51997035741806030273 0.51216524839401245117 0.49905452132225036621 0.47927185893058776855 0.46264788508415222168 0.4315814971923828125 0.40475109219551086426 0.39203929901123046875 0.38579517602920532227 0.38442495465278625488 0.38216626644134521484 0.37264594435691833496 0.3561973273754119873 0.34048876166343688965 0.32525235414505004883 0.30083093047142028809 0.27929452061653137207 0.24872533977031707764 0.21702682971954345703 0.1957178264856338501 0.19403153657913208008 0.22446002066135406494 0.25398272275924682617 0.26840201020240783691 0.2910099327564239502 0.32183158397674560547 0.36938318610191345215 0.42852109670639038086 0.46699178218841552734 0.48023739457130432129 0.4776973426342010498 0.45718428492546081543 0.42370504140853881836 0.38889798521995544434 0.36642879247665405273
0.5470301508903503418 0.5378316044807434082 0.53024429082870483398 0.52230423688888549805 0.51329267024993896484 0.50678068399429321289 0.49829906225204467773 0.49330955743789672852 0.49055367708206176758 0.48126265406608581543 0.46278086304664611816 0.44683909416198730469 0.41915300488471984863 0.3964525759220123291 0.38510909676551818848 0.37714400887489318848 0.37360376119613647461 0.36869132518768310547 0.35204228758811950684 0.32708317041397094727 0.30821785330772399902 0.29628658294677734375 0.26939067244529724121 0.24434289336204528809 0.22125509381294250488 0.20324546098709106445 0.18397350609302520752 0.18188828229904174805 0.22264653444290161133 0.25480177998542785645 0.26864483952522277832 0.2923069298267364502 0.32625064253807067871 0.37250524759292602539 0.42090484499931335449 0.44972604513168334961 0.45775088667869567871 0.45202133059501647949 0.43138492107391357422 0.4036776423454284668 0.3749103844165802002 0.35537633299827575684
