INPUT/RASTER/ASCII_standard/BIO12.asc
ncols        225
nrows        269
xllcorner    473009.983799999987
yllcorner    4429051.174800000153
cellsize     50.000000000000
NODATA_value  -9999
[rows 228 to 246 of 269, columns 42 to 83 of 225]
-0.41632148623466491699 -0.40352770686149597168 -0.38886538147926330566 -0.38217112421989440918 -0.39343813061714172363 -0.45335224270820617676 -0.60577243566513061523 -0.75540560483932495117 -0.88158178329467773438 -1.0252118110656738281 -1.1266270875930786133 -1.1782734394073486328 -1.1843037605285644531 -1.1588636636734008789 -1.0849076509475708008 -0.99259573221206665039 -0.91718512773513793945 -0.88210123777389526367 -0.92460215091705322266 -0.99122709035873413086 -1.0234426259994506836 -1.0773701667785644531 -1.1776621341705322266 -1.3059673309326171875 -1.4208840131759643555 -1.5001852512359619141 -1.5474034547805786133 -1.6270977258682250977 -1.7198101282119750977 -1.7951740026473999023 -1.8598189353942871094 -1.8937119245529174805 -1.8949073553085327148 -1.8910031318664550781 -1.8954464197158813477 -1.9139994382858276367 -1.9324259757995605469 -1.9459906816482543945 -1.9535491466522216797 -1.9609465599060058594 -1.9697096347808837891 -1.9760726690292358398
-0.41567707061767578125 -0.40415558218955993652 -0.39058035612106323242 -0.38527733087539672852 -0.39378595352172851563 -0.44638544321060180664 -0.59237939119338989258 -0.73978722095489501953 -0.86702483892440795898 -1.0180734395980834961 -1.1157364845275878906 -1.1482607126235961914 -1.1247298717498779297 -1.0787780284881591797 -0.98854547739028930664 -0.88838899135589599609 -0.83015370368957519531 -0.83611470460891723633 -0.93041557073593139648 -1.0458276271820068359 -1.1107857227325439453 -1.1904604434967041016 -1.2761985063552856445 -1.3767359256744384766 -1.4632674455642700195 -1.5303425788879394531 -1.579375147819519043 -1.6618579626083374023 -1.7544995546340942383 -1.8271652460098266602 -1.8877283334732055664 -1.9254772663116455078 -1.9331787824630737305 -1.9302201271057128906 -1.9264409542083740234 -1.9321684837341308594 -1.9466276168823242188 -1.955908656120300293 -1.962227940559387207 -1.9718838930130004883 -1.9804331064224243164 -1.9877312183380126953
-0.41463363170623779297 -0.40431368350982666016 -0.39529463648796081543 -0.39500403404235839844 -0.40870875120162963867 -0.46467345952987670898 -0.60516113042831420898 -0.74041658639907836914 -0.85931730270385742188 -0.99944210052490234375 -1.0661182403564453125 -1.056555628776550293 -1.0077112913131713867 -0.95990288257598876953 -0.88374698162078857422 -0.80349111557006835938 -0.77736902236938476563 -0.82898980379104614258 -0.97114276885986328125 -1.1205486059188842773 -1.2097015380859375 -1.3162014484405517578 -1.3976844549179077148 -1.4780020713806152344 -1.5541007518768310547 -1.6107730865478515625 -1.6519956588745117188 -1.7209514379501342773 -1.8052997589111328125 -1.8745008707046508789 -1.9200959205627441406 -1.9460297822952270508 -1.9536049365997314453 -1.9552807807922363281 -1.9523251056671142578 -1.9521127939224243164 -1.9618605375289916992 -1.9666832685470581055 -1.9706417322158813477 -1.9822204113006591797 -1.9956450462341308594 -2.0071771144866943359
-0.41339293122291564941 -0.40917250514030456543 -0.40773761272430419922 -0.41524040699005126953 -0.44248872995376586914 -0.51555800437927246094 -0.65540426969528198242 -0.77524000406265258789 -0.87015068531036376953 -0.96065270900726318359 -0.95803731679916381836 -0.89606195688247680664 -0.85674256086349487305 -0.84966135025024414063 -0.83551847934722900391 -0.81018233299255371094 -0.81486499309539794922 -0.88639694452285766602 -1.0478045940399169922 -1.2135922908782958984 -1.3195967674255371094 -1.4442371129989624023 -1.5271656513214111328 -1.5919913053512573242 -1.6682600975036621094 -1.724163055419921875 -1.7548127174377441406 -1.7941471338272094727 -1.8526444435119628906 -1.9083998203277587891 -1.940092921257019043 -1.9572952985763549805 -1.9669001102447509766 -1.9744601249694824219 -1.9804948568344116211 -1.9799934625625610352 -1.9805189371109008789 -1.9801952838897705078 -1.9822866916656494141 -1.9966042041778564453 -2.0181174278259277344 -2.0326230525970458984
-0.41327551007270812988 -0.41393497586250305176 -0.41893836855888366699 -0.43588331341743469238 -0.47878623008728027344 -0.57457619905471801758 -0.71784037351608276367 -0.82752180099487304688 -0.89763540029525756836 -0.92622828483581542969 -0.86509907245635986328 -0.79080873727798461914 -0.79033291339874267578 -0.83154195547103881836 -0.87323880195617675781 -0.89731013774871826172 -0.91550934314727783203 -0.96944588422775268555 -1.1106487512588500977 -1.2840837240219116211 -1.4048424959182739258 -1.5410887002944946289 -1.6296287775039672852 -1.6859608888626098633 -1.742442011833190918 -1.798640131950378418 -1.8255827426910400391 -1.8481047153472900391 -1.8881484270095825195 -1.9289177656173706055 -1.9514713287353515625 -1.9659063816070556641 -1.9781429767608642578 -1.9904398918151855469 -2.0064814090728759766 -2.0130867958068847656 -2.0079705715179443359 -1.9981083869934082031 -1.9949915409088134766 -2.0114984512329101563 -2.0355260372161865234 -2.0476830005645751953
-0.41345167160034179688 -0.41576439142227172852 -0.42252942919731140137 -0.44303381443023681641 -0.49591034650802612305 -0.61189603805541992188 -0.76208335161209106445 -0.86650091409683227539 -0.93022739887237548828 -0.92984795570373535156 -0.85021543502807617188 -0.80049329996109008789 -0.83363032341003417969 -0.88915687799453735352 -0.93975532054901123047 -0.97036135196685791016 -0.98936152458190917969 -1.0318744182586669922 -1.1546267271041870117 -1.3308457136154174805 -1.4551789760589599609 -1.5964360237121582031 -1.6917051076889038086 -1.7544904947280883789 -1.8055707216262817383 -1.8560352325439453125 -1.8804347515106201172 -1.8985872268676757813 -1.9233933687210083008 -1.9472539424896240234 -1.9598249197006225586 -1.9730222225189208984 -1.98699188232421875 -2.0027940273284912109 -2.0242981910705566406 -2.0370137691497802734 -2.0349886417388916016 -2.0234925746917724609 -2.0176250934600830078 -2.0305814743041992188 -2.0519936084747314453 -2.0593173503875732422
-0.42003601789474487305 -0.4210644066333770752 -0.42850396037101745605 -0.45035442709922790527 -0.51052147150039672852 -0.64910143613815307617 -0.80362963676452636719 -0.89808708429336547852 -0.98396968841552734375 -0.99294805526733398438 -0.92379206418991088867 -0.88977724313735961914 -0.93584054708480834961 -0.99277341365814208984 -1.0405516624450683594 -1.068781733512878418 -1.0836412906646728516 -1.1252794265747070313 -1.2518787384033203125 -1.422278285026550293 -1.5311843156814575195 -1.6590121984481811523 -1.7548729181289672852 -1.8193281888961791992 -1.8598792552947998047 -1.8939497470855712891 -1.9130688905715942383 -1.9342176914215087891 -1.9507200717926025391 -1.9588100910186767578 -1.9656820297241210938 -1.9786820411682128906 -1.9918537139892578125 -2.0101418495178222656 -2.0317800045013427734 -2.0470445156097412109 -2.0512678623199462891 -2.0468850135803222656 -2.0435664653778076172 -2.0486931800842285156 -2.0631973743438720703 -2.0677688121795654297
-0.42094242572784423828 -0.4324232637882232666 -0.43752300739288330078 -0.45903319120407104492 -0.52551054954528808594 -0.67877089977264404297 -0.83418893814086914063 -0.92110145092010498047 -1.0301218032836914063 -1.0801496505737304688 -1.0565812587738037109 -1.0446833372116088867 -1.0873256921768188477 -1.1352546215057373047 -1.1766502857208251953 -1.1987371444702148438 -1.2070033550262451172 -1.2548328638076782227 -1.3919447660446166992 -1.5408341884613037109 -1.6249581575393676758 -1.7259699106216430664 -1.8064606189727783203 -1.8622084856033325195 -1.8937208652496337891 -1.9137780666351318359 -1.9260494709014892578 -1.9435213804244995117 -1.9555292129516601563 -1.9569475650787353516 -1.9614390134811401367 -1.972942352294921875 -1.9880218505859375 -2.0120599269866943359 -2.0349750518798828125 -2.0521442890167236328 -2.0591351985931396484 -2.0601966381072998047 -2.0590522289276123047 -2.0593249797821044922 -2.0673229694366455078 -2.0728790760040283203
-9999 -0.43953910470008850098 -0.44406068325042724609 -0.46711719036102294922 -0.53709226846694946289 -0.68868434429168701172 -0.83676970005035400391 -0.91365581750869750977 -1.0260535478591918945 -1.1218661069869995117 -1.1659644842147827148 -1.1999613046646118164 -1.2492995262145996094 -1.2908171415328979492 -1.3382837772369384766 -1.3622542619705200195 -1.3686066865921020508 -1.4166650772094726563 -1.5388542413711547852 -1.650536656379699707 -1.7070102691650390625 -1.7689360380172729492 -1.82079315185546875 -1.8685534000396728516 -1.8990842103958129883 -1.9159688949584960938 -1.9250195026397705078 -1.9376206398010253906 -1.9459003210067749023 -1.9417822360992431641 -1.9362534284591674805 -1.9451324939727783203 -1.9703586101531982422 -2.0086467266082763672 -2.0389726161956787109 -2.0579290390014648438 -2.0655283927917480469 -2.0689039230346679688 -2.0688920021057128906 -2.06787109375 -2.0717196464538574219 -2.0793535709381103516
-9999 -0.44113513827323913574 -0.44980183243751525879 -0.47139632701873779297 -0.53666162490844726563 -0.67246061563491821289 -0.80300927162170410156 -0.86368072032928466797 -0.97650152444839477539 -1.1237511634826660156 -1.2416611909866333008 -1.3351715803146362305 -1.4064897298812866211 -1.4480872154235839844 -1.5165039300918579102 -1.5537966489791870117 -1.5668343305587768555 -1.6108634471893310547 -1.6922485828399658203 -1.7474709749221801758 -1.7619330883026123047 -1.7577050924301147461 -1.769232630729675293 -1.8268866539001464844 -1.8744722604751586914 -1.8991097211837768555 -1.9091752767562866211 -1.9201726913452148438 -1.9279947280883789063 -1.9231419563293457031 -1.912350773811340332 -1.921356201171875 -1.9551302194595336914 -2.0081799030303955078 -2.0469632148742675781 -2.0659363269805908203 -2.0729513168334960938 -2.0769865512847900391 -2.079425811767578125 -2.0827262401580810547 -2.0851969718933105469 -2.0912332534790039063
-9999 -9999 -0.45553848147392272949 -0.46840304136276245117 -0.51822304725646972656 -0.6254456639289855957 -0.73679238557815551758 -0.81087344884872436523 -0.95231270790100097656 -1.1266180276870727539 -1.2736297845840454102 -1.393906712532043457 -1.4918242692947387695 -1.5466431379318237305 -1.6168184280395507813 -1.6593374013900756836 -1.6787471771240234375 -1.7121461629867553711 -1.7501134872436523438 -1.7690098285675048828 -1.7471969127655029297 -1.6787953376770019531 -1.6592937707901000977 -1.7464140653610229492 -1.8288350105285644531 -1.867070317268371582 -1.8804152011871337891 -1.8978374004364013672 -1.9158318042755126953 -1.9281438589096069336 -1.9497368335723876953 -1.9740536212921142578 -2.0008864402770996094 -2.0370798110961914063 -2.0611104965209960938 -2.0728971958160400391 -2.0784997940063476563 -2.0840647220611572266 -2.0901219844818115234 -2.1025063991546630859 -2.109561920166015625 -2.1121366024017333984
-9999 -9999 -0.45578995347023010254 -0.47032278776168823242 -0.51004570722579956055 -0.59722769260406494141 -0.70415824651718139648 -0.79237616062164306641 -0.95005720853805541992 -1.1283404827117919922 -1.2750858068466186523 -1.3975384235382080078 -1.505373835563659668 -1.5698020458221435547 -1.6415221691131591797 -1.6771917343139648438 -1.6810357570648193359 -1.6875478029251098633 -1.7071714401245117188 -1.7207225561141967773 -1.6907098293304443359 -1.6043212413787841797 -1.5819287300109863281 -1.6980966329574584961 -1.8074152469635009766 -1.8531774282455444336 -1.8694673776626586914 -1.8936878442764282227 -1.918091893196105957 -1.9434205293655395508 -1.986541748046875 -2.0216090679168701172 -2.0420758724212646484 -2.0596306324005126953 -2.0651593208312988281 -2.0704534053802490234 -2.0752594470977783203 -2.0848445892333984375 -2.0951976776123046875 -2.1196274757385253906 -2.1372094154357910156 -2.1388158798217773438
-9999 -9999 -9999 -0.47896990180015563965 -0.50103867053985595703 -0.5672149658203125 -0.6690050959587097168 -0.76130640506744384766 -0.92263573408126831055 -1.1012156009674072266 -1.2556158304214477539 -1.3859461545944213867 -1.4962584972381591797 -1.5602108240127563477 -1.6255288124084472656 -1.6456929445266723633 -1.6286003589630126953 -1.6119309663772583008 -1.6212315559387207031 -1.6433395147323608398 -1.6290235519409179688 -1.5683519840240478516 -1.5682511329650878906 -1.6987094879150390625 -1.8174581527709960938 -1.8722318410873413086 -1.8969701528549194336 -1.9187740087509155273 -1.937075495719909668 -1.9635484218597412109 -2.0047214031219482422 -2.0408139228820800781 -2.0575678348541259766 -2.0608801841735839844 -2.0505738258361816406 -2.0495877265930175781 -2.0574848651885986328 -2.0746481418609619141 -2.0915269851684570313 -2.1249411106109619141 -2.1522223949432373047 -2.1582362651824951172
-9999 -9999 -9999 -9999 -0.49799120426177978516 -0.54109436273574829102 -0.62584018707275390625 -0.71559989452362060547 -0.87756764888763427734 -1.0621868371963500977 -1.2306561470031738281 -1.3706138134002685547 -1.4824799299240112305 -1.540694117546081543 -1.5831694602966308594 -1.5816591978073120117 -1.5578664541244506836 -1.5356546640396118164 -1.5392471551895141602 -1.5678641796112060547 -1.5786839723587036133 -1.5665075778961181641 -1.6001008749008178711 -1.7215672731399536133 -1.8321641683578491211 -1.8896721601486206055 -1.9228031635284423828 -1.9423755407333374023 -1.9603970050811767578 -1.9841521978378295898 -2.0168826580047607422 -2.0488121509552001953 -2.0611739158630371094 -2.0532224178314208984 -2.0307078361511230469 -2.0235574245452880859 -2.0362939834594726563 -2.0598278045654296875 -2.0808260440826416016 -2.1146361827850341797 -2.1478333473205566406 -2.1629264354705810547
-9999 -9999 -9999 -9999 -0.51417577266693115234 -0.52503174543380737305 -0.58366453647613525391 -0.66518819332122802734 -0.82863599061965942383 -1.0231851339340209961 -1.1986709833145141602 -1.3327881097793579102 -1.4307025671005249023 -1.476398468017578125 -1.5016834735870361328 -1.4976391792297363281 -1.4856901168823242188 -1.4781270027160644531 -1.493433833122253418 -1.5321524143218994141 -1.5654009580612182617 -1.6056658029556274414 -1.6682043075561523438 -1.7577623128890991211 -1.8408082723617553711 -1.8873834609985351563 -1.9282717704772949219 -1.9555743932723999023 -1.9778358936309814453 -1.9976220130920410156 -2.0209705829620361328 -2.0456669330596923828 -2.0520811080932617188 -2.0377287864685058594 -2.0119562149047851563 -2.0035769939422607422 -2.0187664031982421875 -2.0426659584045410156 -2.0619778633117675781 -2.0908298492431640625 -2.1247136592864990234 -2.1494338512420654297
-9999 -9999 -9999 -9999 -0.51854676008224487305 -0.52435868978500366211 -0.5573933720588684082 -0.62909245491027832031 -0.78765285015106201172 -0.97299778461456298828 -1.1276373863220214844 -1.2259705066680908203 -1.2850142717361450195 -1.3129627704620361328 -1.3534580469131469727 -1.3972718715667724609 -1.4261057376861572266 -1.4538916349411010742 -1.4951337575912475586 -1.5499978065490722656 -1.6064653396606445313 -1.6916147470474243164 -1.7605583667755126953 -1.8131985664367675781 -1.8623665571212768555 -1.8915151357650756836 -1.9247876405715942383 -1.9569460153579711914 -1.9788838624954223633 -1.9937961101531982422 -2.0137403011322021484 -2.0318219661712646484 -2.0320057868957519531 -2.0130326747894287109 -1.9875655174255371094 -1.9808849096298217773 -1.9983146190643310547 -2.0223906040191650391 -2.0381505489349365234 -2.0611920356750488281 -2.0928232669830322266 -2.1251654624938964844
-9999 -9999 -9999 -9999 -0.52606314420700073242 -0.53142637014389038086 -0.56129461526870727539 -0.62825828790664672852 -0.77039170265197753906 -0.91656029224395751953 -1.022314906120300293 -1.0715823173522949219 -1.0979242324829101563 -1.1240086555480957031 -1.2072126865386962891 -1.3240084648132324219 -1.4054613113403320313 -1.4707416296005249023 -1.5263540744781494141 -1.5812572240829467773 -1.6538070440292358398 -1.7605824470520019531 -1.8284962177276611328 -1.8633182048797607422 -1.8857513666152954102 -1.8962519168853759766 -1.9107471704483032227 -1.9450029134750366211 -1.9667736291885375977 -1.9786157608032226563 -2.0032591819763183594 -2.0187723636627197266 -2.0130989551544189453 -1.9881724119186401367 -1.9624493122100830078 -1.9560667276382446289 -1.97322845458984375 -2.0035166740417480469 -2.0216345787048339844 -2.0436236858367919922 -2.0740911960601806641 -2.1055943965911865234
-9999 -9999 -9999 -9999 -0.54184418916702270508 -0.54736703634262084961 -0.57819736003875732422 -0.63957351446151733398 -0.76086521148681640625 -0.87032681703567504883 -0.93766546249389648438 -0.95060831308364868164 -0.96724605560302734375 -1.0131964683532714844 -1.1462687253952026367 -1.3096698522567749023 -1.4179871082305908203 -1.5026365518569946289 -1.5724173784255981445 -1.617934107780456543 -1.6760745048522949219 -1.7649896144866943359 -1.8293890953063964844 -1.8626224994659423828 -1.8779940605163574219 -1.8857136964797973633 -1.9003504514694213867 -1.9391187429428100586 -1.9606515169143676758 -1.967905879020690918 -1.9876183271408081055 -1.9969189167022705078 -1.9847228527069091797 -1.9551105499267578125 -1.933361053466796875 -1.9290683269500732422 -1.9420864582061767578 -1.9733955860137939453 -1.9977846145629882813 -2.0269618034362792969 -2.05718231201171875 -2.0868999958038330078
-9999 -9999 -9999 -9999 -0.56270539760589599609 -0.56747388839721679688 -0.59471017122268676758 -0.646556854248046875 -0.74414765834808349609 -0.82070255279541015625 -0.85662662982940673828 -0.84101271629333496094 -0.85795313119888305664 -0.92412787675857543945 -1.1006886959075927734 -1.2981241941452026367 -1.4224438667297363281 -1.5144968032836914063 -1.6060754060745239258 -1.6586523056030273438 -1.6880507469177246094 -1.739094853401184082 -1.7972006797790527344 -1.8379052877426147461 -1.8705785274505615234 -1.8932932615280151367 -1.9182726144790649414 -1.9490201473236083984 -1.9546663761138916016 -1.9532059431076049805 -1.9608111381530761719 -1.9582469463348388672 -1.9398670196533203125 -1.9104806184768676758 -1.894032597541809082 -1.8951423168182373047 -1.9111402034759521484 -1.9402616024017333984 -1.9677839279174804688 -2.0064182281494140625 -2.04273223876953125 -2.0738155841827392578
