INPUT/RASTER/ASCII_standard/BIO12.asc
ncols        225
nrows        269
xllcorner    473009.983799999987
yllcorner    4429051.174800000153
cellsize     50.000000000000
NODATA_value  -9999
[rows 133 to 151 of 269, columns 168 to 209 of 225]
0.065102308988571166992 0.044956281781196594238 0.012621756643056869507 -0.044259902089834213257 -0.093394830822944641113 -0.088773891329765319824 -0.053709566593170166016 -0.032872430980205535889 -0.0052792984060943126678 0.035559318959712982178 0.074613705277442932129 0.11307484656572341919 0.1468969881534576416 0.16530545055866241455 0.17801040410995483398 0.1991516798734664917 0.22177757322788238525 0.23815336823463439941 0.24417006969451904297 0.23939405381679534912 0.23556812107563018799 0.22921262681484222412 0.21949344873428344727 0.20981492102146148682 0.19958381354808807373 0.19050906598567962646 0.17547784745693206787 0.12875351309776306152 0.046919692307710647583 -0.027040923014283180237 -0.046489819884300231934 0.025611277669668197632 0.093382030725479125977 0.16938284039497375488 0.2199255824089050293 0.23082672059535980225 -9999 -9999 -9999 -9999 -9999 -9999
0.046193953603506088257 0.03255999833345413208 0.0053011304698884487152 -0.047801267355680465698 -0.099229350686073303223 -0.098295822739601135254 -0.068406529724597930908 -0.055608231574296951294 -0.030785553157329559326 0.014521927572786808014 0.058635402470827102661 0.098919928073883056641 0.13284444808959960938 0.15069130063056945801 0.16623295843601226807 0.19194398820400238037 0.21435455977916717529 0.2269932478666305542 0.22967337071895599365 0.22530838847160339355 0.22085911035537719727 0.21425668895244598389 0.20407074689865112305 0.19155701994895935059 0.17762193083763122559 0.16637749969959259033 0.15160977840423583984 0.11167456209659576416 0.038822133094072341919 -0.034475982189178466797 -0.056108117103576660156 0.018766446039080619812 0.091718249022960662842 0.17446301877498626709 0.22587753832340240479 0.26112705469131469727 0.30486714839935302734 0.32842352986335754395 0.33311673998832702637 0.33368590474128723145 -9999 -9999
0.025076759979128837585 0.016143547371029853821 -0.0090495264157652854919 -0.053275927901268005371 -0.10012974590063095093 -0.11114230751991271973 -0.08957792818546295166 -0.076184883713722229004 -0.055538967251777648926 -0.014037851244211196899 0.031959231942892074585 0.076777368783950805664 0.11370271444320678711 0.13448263704776763916 0.1544103473424911499 0.18496665358543395996 0.20778074860572814941 0.21522785723209381104 0.21350686252117156982 0.20900335907936096191 0.2048190683126449585 0.19835367798805236816 0.18620884418487548828 0.17090959846973419189 0.15374784171581268311 0.14144340157508850098 0.12482970952987670898 0.085519358515739440918 0.021634770557284355164 -0.042975556105375289917 -0.057612292468547821045 0.017683859914541244507 0.090287856757640838623 0.17777702212333679199 0.23812475800514221191 0.27919977903366088867 0.31149363517761230469 0.32722198963165283203 0.33148759603500366211 0.33190166950225830078 -9999 -9999
0.0021120954770594835281 -0.0038082469254732131958 -0.024089785292744636536 -0.059724766761064529419 -0.10583778470754623413 -0.12988352775573730469 -0.11362668126821517944 -0.099614799022674560547 -0.086730681359767913818 -0.053973060101270675659 -0.0038760025054216384888 0.046505630016326904297 0.087559558451175689697 0.11444351077079772949 0.14070411026477813721 0.17816247045993804932 0.20092688500881195068 0.2034489065408706665 0.19851779937744140625 0.19290761649608612061 0.18917804956436157227 0.18308906257152557373 0.16965988278388977051 0.15084789693355560303 0.12947775423526763916 0.11273004859685897827 0.08889058232307434082 0.042950712144374847412 -0.014073987491428852081 -0.063990361988544464111 -0.062442522495985031128 0.021038521081209182739 0.093677148222923278809 0.18091636896133422852 0.24294595420360565186 0.28229093551635742188 0.30755177140235900879 0.31933823227882385254 0.32207408547401428223 0.31572160124778747559 0.31117293238639831543 -9999
-0.020723080262541770935 -0.02272864803671836853 -0.034778624773025512695 -0.063255593180656433105 -0.1135529056191444397 -0.15083509683609008789 -0.1419636160135269165 -0.13370193541049957275 -0.13055656850337982178 -0.10300559550523757935 -0.044467687606811523438 0.0074723237194120883942 0.051528584212064743042 0.086031287908554077148 0.11983536183834075928 0.16433881223201751709 0.18659128248691558838 0.18669818341732025146 0.18092238903045654297 0.17661915719509124756 0.17376437783241271973 0.16697826981544494629 0.15218795835971832275 0.12820845842361450195 0.095666147768497467041 0.066720917820930480957 0.031111534684896469116 -0.020083164796233177185 -0.065976358950138092041 -0.090315707027912139893 -0.056145757436752319336 0.039258778095245361328 0.10757759958505630493 0.18765129148960113525 0.24399842321872711182 0.27617484331130981445 0.29405182600021362305 0.30283144116401672363 0.30491983890533447266 0.30128812789916992188 0.29091697931289672852 -9999
-0.046184167265892028809 -0.044666439294815063477 -0.048929024487733840942 -0.068730250000953674316 -0.12016133964061737061 -0.16773939132690429688 -0.17596042156219482422 -0.17869774997234344482 -0.18270435929298400879 -0.15098868310451507568 -0.082843005657196044922 -0.034462429583072662354 0.0098859323188662528992 0.048785232007503509521 0.089312173426151275635 0.1373494565486907959 0.15666885673999786377 0.15780565142631530762 0.15694290399551391602 0.15743675827980041504 0.15580610930919647217 0.14826866984367370605 0.13123187422752380371 0.098001465201377868652 0.044754520058631896973 -0.0067172246053814888 -0.058431383222341537476 -0.10052122175693511963 -0.11438554525375366211 -0.092867843806743621826 -0.015927482396364212036 0.07883714139461517334 0.13435164093971252441 0.20067241787910461426 0.24806828796863555908 0.2678559720516204834 0.27338331937789916992 0.2759971916675567627 0.27700600028038024902 0.27329146862030029297 0.26623433828353881836 0.22832578420639038086
-0.07697235792875289917 -0.075340196490287780762 -0.077643886208534240723 -0.090930029749870300293 -0.13239501416683197021 -0.18002124130725860596 -0.20336684584617614746 -0.21149753034114837646 -0.21206367015838623047 -0.17065891623497009277 -0.1040942072868347168 -0.060495674610137939453 -0.016832398250699043274 0.022979345172643661499 0.060276597738265991211 0.10127331316471099854 0.12057615816593170166 0.12737581133842468262 0.13482291996479034424 0.13968777656555175781 0.13890482485294342041 0.13186274468898773193 0.11303419619798660278 0.076007962226867675781 0.0067495964467525482178 -0.065762549638748168945 -0.11777634173631668091 -0.12822426855564117432 -0.096285738050937652588 -0.042499762028455734253 0.035387672483921051025 0.1168270111083984375 0.1640376746654510498 0.21526850759983062744 0.24997447431087493896 0.25748935341835021973 0.25312134623527526855 0.25035992264747619629 0.24857269227504730225 0.24550712108612060547 0.23673652112483978271 0.22284358739852905273
-0.098663210868835449219 -0.10075309872627258301 -0.10978568345308303833 -0.12246503680944442749 -0.1471220850944519043 -0.18241377174854278564 -0.21648886799812316895 -0.23163150250911712646 -0.22420547902584075928 -0.17221428453922271729 -0.1118243783712387085 -0.075127892196178436279 -0.037955611944198608398 -0.004088303539901971817 0.025734743103384971619 0.060109466314315795898 0.082645013928413391113 0.097482003271579742432 0.11301010102033615112 0.12053550034761428833 0.12062283605337142944 0.11256442219018936157 0.090476065874099731445 0.053380571305751800537 -0.019136091694235801697 -0.094439774751663208008 -0.13373054563999176025 -0.12058293074369430542 -0.063255593180656433105 -0.0030975649133324623108 0.067038618028163909912 0.1416978687047958374 0.18247926235198974609 0.2192405015230178833 0.23816540837287902832 0.23378689587116241455 0.22517891228199005127 0.22277282178401947021 0.22091029584407806396 0.21894387900829315186 0.2150577157735824585 0.20635938644409179688
-0.12176639586687088013 -0.12691281735897064209 -0.14027424156665802002 -0.15365374088287353516 -0.16630598902702331543 -0.18663269281387329102 -0.22081167995929718018 -0.23716789484024047852 -0.22363331913948059082 -0.16581964492797851563 -0.10975708067417144775 -0.079934030771255493164 -0.052735388278961181641 -0.028003053739666938782 -0.0040612015873193740845 0.028675340116024017334 0.054774835705757141113 0.074783846735954284668 0.093294702470302581787 0.10187859833240509033 0.10224146395921707153 0.092493675649166107178 0.068225093185901641846 0.028988521546125411987 -0.038256749510765075684 -0.10057994723320007324 -0.13333606719970703125 -0.11840571463108062744 -0.059035163372755050659 0.0059636305086314678192 0.076796941459178924561 0.14554639160633087158 0.17941972613334655762 0.2049455493688583374 0.20964026451110839844 0.19849972426891326904 0.19174975156784057617 0.19246344268321990967 0.19211864471435546875 0.1943124234676361084 0.19699554145336151123 0.19185364246368408203
-0.14841245114803314209 -0.15611854195594787598 -0.17384192347526550293 -0.18693533539772033691 -0.19192968308925628662 -0.20322832465171813965 -0.23009270429611206055 -0.24037802219390869141 -0.22077704966068267822 -0.16384570300579071045 -0.10906597226858139038 -0.081990793347358703613 -0.064554996788501739502 -0.047926239669322967529 -0.027741065248847007751 0.0049352496862411499023 0.034121394157409667969 0.057607021182775497437 0.076772853732109069824 0.084575295448303222656 0.082821175456047058105 0.071334324777126312256 0.047898385673761367798 0.01052434183657169342 -0.045749023556709289551 -0.09521067887544631958 -0.13283166289329528809 -0.13130940496921539307 -0.074516586959362030029 -0.0020691838581115007401 0.074012935161590576172 0.13735698163509368896 0.16380730271339416504 0.17715518176555633545 0.17104963958263397217 0.15761442482471466064 0.15196511149406433105 0.15431398153305053711 0.15793514251708984375 0.16713184118270874023 0.17781014740467071533 0.17594461143016815186
-0.1796658933162689209 -0.18816697597503662109 -0.20832204818725585938 -0.22294823825359344482 -0.22553049027919769287 -0.23086361587047576904 -0.24220140278339385986 -0.24037651717662811279 -0.21305440366268157959 -0.15880768001079559326 -0.11005972325801849365 -0.088135480880737304688 -0.078401245176792144775 -0.066435590386390686035 -0.046425074338912963867 -0.012309328652918338776 0.017771190032362937927 0.041210144758224487305 0.057092078030109405518 0.06163170933723449707 0.058400515466928482056 0.046976905316114425659 0.0263460502028465271 -0.0041410024277865886688 -0.046361837536096572876 -0.085265651345252990723 -0.13323669135570526123 -0.15449692308902740479 -0.10304775834083557129 -0.022541943937540054321 0.0582484416663646698 0.11406107246875762939 0.13275712728500366211 0.1352414935827255249 0.12552534043788909912 0.11521141231060028076 0.10660041123628616333 0.10670882463455200195 0.11373734474182128906 0.12932868301868438721 0.14622394740581512451 0.1534331589937210083
-0.22125284373760223389 -0.2237056046724319458 -0.23570287227630615234 -0.2516269683837890625 -0.25636383891105651855 -0.2527637481689453125 -0.24589332938194274902 -0.23399241268634796143 -0.2028910517692565918 -0.1527503281831741333 -0.11535670608282089233 -0.10206153243780136108 -0.095352217555046081543 -0.084523350000381469727 -0.064106300473213195801 -0.028870325535535812378 0.00088345876429229974747 0.021064117550849914551 0.029000567272305488586 0.029212867841124534607 0.026409288868308067322 0.01749414391815662384 0.0011032883776351809502 -0.020090693607926368713 -0.049471069127321243286 -0.079980708658695220947 -0.12905390560626983643 -0.17430567741394042969 -0.13778384029865264893 -0.048009052872657775879 0.03706048429012298584 0.078624837100505828857 0.088060952723026275635 0.087273478507995605469 0.082922056317329406738 0.078686572611331939697 0.072374753654003143311 0.071171715855598449707 0.076489783823490142822 0.093555182218551635742 0.11291524767875671387 0.1285848766565322876
-0.26510885357856750488 -0.2606143951416015625 -0.26148468255996704102 -0.26728454232215881348 -0.26426565647125244141 -0.25384783744812011719 -0.23847934603691101074 -0.22409857809543609619 -0.19707459211349487305 -0.15477547049522399902 -0.12548844516277313232 -0.11740744858980178833 -0.10758889466524124146 -0.093835994601249694824 -0.073875166475772857666 -0.039748881012201309204 -0.012520124204456806183 0.00097078835824504494667 0.001932919258251786232 0.00057931098854169249535 -0.00065384269692003726959 -0.0072954068891704082489 -0.021060353145003318787 -0.036061465740203857422 -0.058604538440704345703 -0.085687242448329925537 -0.13254407048225402832 -0.18846660852432250977 -0.164743080735206604 -0.07436300814151763916 0.013299314305186271667 0.048836424946784973145 0.054649863392114639282 0.057161342352628707886 0.058745317161083221436 0.058149069547653198242 0.057284805923700332642 0.057762108743190765381 0.062221936881542205811 0.075697794556617736816 0.089432626962661743164 0.090316459536552429199
-0.30532109737396240234 -0.29755178093910217285 -0.2885417640209197998 -0.27300614118576049805 -0.25416404008865356445 -0.24233390390872955322 -0.22803443670272827148 -0.21540175378322601318 -0.19286170601844787598 -0.15945814549922943115 -0.14043986797332763672 -0.13478602468967437744 -0.11801122874021530151 -0.098560824990272521973 -0.07821604609489440918 -0.046342261135578155518 -0.024059671908617019653 -0.019295694306492805481 -0.02243353426456451416 -0.022921375930309295654 -0.020432483404874801636 -0.025886064395308494568 -0.039497431367635726929 -0.051713030785322189331 -0.069306924939155578613 -0.092304714024066925049 -0.13839213550090789795 -0.2030687183141708374 -0.19289934635162353516 -0.11316744983196258545 -0.025247655808925628662 0.023878237232565879822 0.037432387471199035645 0.046230088919401168823 0.051385544240474700928 0.052224207669496536255 0.050200570374727249146 0.048953868448734283447 0.053702790290117263794 0.063801400363445281982 0.076111853122711181641 0.083343647420406341553
-0.31544831395149230957 -0.29722204804420471191 -0.2742468416690826416 -0.25440043210983276367 -0.24067915976047515869 -0.23098857700824737549 -0.21792979538440704346 -0.20692928135395050049 -0.18793208897113800049 -0.16162180900573730469 -0.15107299387454986572 -0.15035177767276763916 -0.13456921279430389404 -0.11386457830667495728 -0.091387756168842315674 -0.057892348617315292358 -0.041227459907531738281 -0.042180556803941726685 -0.046846665441989898682 -0.04678794369101524353 -0.042525358498096466064 -0.046142008155584335327 -0.059661526232957839966 -0.069889627397060394287 -0.083160705864429473877 -0.099164605140686035156 -0.14059044420719146729 -0.21541079878807067871 -0.22239565849304199219 -0.15779736638069152832 -0.069349087774753570557 0.00087593036005273461342 0.024975879117846488953 0.039761677384376525879 0.046424321830272674561 0.048905685544013977051 0.047896876931190490723 0.045719660818576812744 0.049884378910064697266 0.056503359228372573853 0.06541398167610168457 0.071343362331390380859
-0.29793271422386169434 -0.27353915572166442871 -0.2489302903413772583 -0.23783491551876068115 -0.23243252933025360107 -0.22472645342350006104 -0.2118619084358215332 -0.2010631561279296875 -0.18355207145214080811 -0.16097888350486755371 -0.15486279129981994629 -0.15771907567977905273 -0.14316967129707336426 -0.1223777085542678833 -0.10234460234642028809 -0.078365109860897064209 -0.068563118577003479004 -0.0698339119553565979 -0.075445592403411865234 -0.075331158936023712158 -0.06926777958869934082 -0.07177473604679107666 -0.08400841057300567627 -0.093525826930999755859 -0.10721247643232345581 -0.12245449423789978027 -0.16063407063484191895 -0.22992557287216186523 -0.23714531958103179932 -0.175215110182762146 -0.081942610442638397217 -0.0036275649908930063248 0.022776076570153236389 0.038810085505247116089 0.046708896756172180176 0.050286397337913513184 0.050384264439344406128 0.049015600234270095825 0.052231736481189727783 0.056220289319753646851 0.061324551701545715332 0.064105547964572906494
-0.28818944096565246582 -0.26405787467956542969 -0.24391335248947143555 -0.23674932122230529785 -0.23498316109180450439 -0.22879329323768615723 -0.21641056239604949951 -0.20642940700054168701 -0.19094195961952209473 -0.16824981570243835449 -0.16320277750492095947 -0.16624124348163604736 -0.15224291384220123291 -0.13624353706836700439 -0.12277068942785263062 -0.1078764796257019043 -0.10858866572380065918 -0.12231898307800292969 -0.13755950331687927246 -0.13858336210250854492 -0.12727569043636322021 -0.12271799147129058838 -0.12749853730201721191 -0.13362213969230651855 -0.14953267574310302734 -0.16899663209915161133 -0.20430338382720947266 -0.25194618105888366699 -0.24039608240127563477 -0.1670392453670501709 -0.07052351534366607666 0.0021527488715946674347 0.026985963806509971619 0.043620742857456207275 0.05343176424503326416 0.059886626899242401123 0.063349694013595581055 0.064387112855911254883 0.070321001112461090088 0.073790095746517181396 0.072951428592205047607 0.071852281689643859863
-0.29687723517417907715 -0.27482199668884277344 -0.25723111629486083984 -0.24879477918148040771 -0.246084555983543396 -0.24192887544631958008 -0.23461727797985076904 -0.2293443828821182251 -0.2184718400239944458 -0.19967189431190490723 -0.19555234909057617188 -0.19180320203304290771 -0.17579028010368347168 -0.16520532965660095215 -0.15647839009761810303 -0.1488024294376373291 -0.1673991084098815918 -0.20291061699390411377 -0.23166613280773162842 -0.23729738593101501465 -0.22322979569435119629 -0.20586025714874267578 -0.19394579529762268066 -0.19304539263248443604 -0.21172940731048583984 -0.23656110465526580811 -0.26419940590858459473 -0.2759437263011932373 -0.23070551455020904541 -0.14316666126251220703 -0.050443738698959350586 0.013243603520095348358 0.0370273590087890625 0.056312136352062225342 0.06932424008846282959 0.084496997296810150146 0.095103025436401367188 0.097185380756855010986 0.10548169165849685669 0.1062827184796333313 0.097906604409217834473 0.092957429587841033936
-0.3215598762035369873 -0.30170595645904541016 -0.28151175379753112793 -0.26728305220603942871 -0.25883015990257263184 -0.25758796930313110352 -0.2606143951416015625 -0.26418736577033996582 -0.26141089200973510742 -0.25516682863235473633 -0.25297453999519348145 -0.23550111055374145508 -0.21601156890392303467 -0.20448105037212371826 -0.19378919899463653564 -0.19626303017139434814 -0.23657466471195220947 -0.28717011213302612305 -0.32043665647506713867 -0.32919669151306152344 -0.31853798031806945801 -0.29330274462699890137 -0.26163372397422790527 -0.25291883945465087891 -0.27595877647399902344 -0.30249041318893432617 -0.31472858786582946777 -0.28660246729850769043 -0.21203505992889404297 -0.11165122687816619873 -0.020614670589566230774 0.039303950965404510498 0.063230745494365692139 0.087381884455680847168 0.10700845718383789063 0.12982706725597381592 0.14336465299129486084 0.14097061753273010254 0.13635721802711486816 0.12428615987300872803 0.11096689105033874512 0.099934756755828857422
