INPUT/RASTER/ASCII_standard/BIO19.asc
ncols        225
nrows        269
xllcorner    473009.983799999987
yllcorner    4429051.174800000153
cellsize     50.000000000000
NODATA_value  -9999
[rows 216 to 233 of 269, columns 84 to 125 of 225]
-0.94912874698638916016 -1.0621300935745239258 -1.3746495246887207031 -1.446484684944152832 -1.5183502435684204102 -1.5453382730484008789 -1.4015219211578369141 -1.2244199514389038086 -1.1108458042144775391 -1.0797060728073120117 -1.0829547643661499023 -1.0997737646102905273 -1.1373693943023681641 -1.2080302238464355469 -1.3025341033935546875 -1.3655668497085571289 -1.4164413213729858398 -1.4189174175262451172 -1.3949264287948608398 -1.387725830078125 -1.300238490104675293 -0.87536162137985229492 -0.86073553562164306641 -1.0475031137466430664 -1.1732225418090820313 -1.1729487180709838867 -1.1139658689498901367 -1.0476955175399780273 -0.99867910146713256836 -0.90316295623779296875 -0.82973915338516235352 -0.99861711263656616211 -1.2495915889739990234 -1.2413667440414428711 -1.202669978141784668 -1.1578202247619628906 -1.1113843917846679688 -1.0436223745346069336 -0.98031663894653320313 -0.95731663703918457031 -0.95173066854476928711 -0.94359642267227172852
-1.0024358034133911133 -0.97515535354614257813 -0.97311604022979736328 -0.97127562761306762695 -1.2208057641983032227 -1.5213342905044555664 -1.4515117406845092773 -1.3205504417419433594 -1.2149255275726318359 -1.1705346107482910156 -1.1413416862487792969 -1.1236083507537841797 -1.1520556211471557617 -1.2357354164123535156 -1.3379884958267211914 -1.3958175182342529297 -1.4030948877334594727 -1.3974062204360961914 -1.45102691650390625 -1.4341171979904174805 -1.2505983114242553711 -0.90315836668014526367 -0.90675216913223266602 -1.0626473426818847656 -1.1799837350845336914 -1.2019501924514770508 -1.1650559902191162109 -1.1136670112609863281 -1.0726794004440307617 -0.98349410295486450195 -0.87364888191223144531 -0.806873321533203125 -1.1569707393646240234 -1.2609125375747680664 -1.2095209360122680664 -1.1480602025985717773 -1.0934512615203857422 -1.0312002897262573242 -0.98322945833206176758 -0.96649926900863647461 -0.9610150456428527832 -0.95251625776290893555
-1.0547795295715332031 -1.0242532491683959961 -0.98627001047134399414 -0.96063661575317382813 -1.1027837991714477539 -1.3013894557952880859 -1.3485294580459594727 -1.4346204996109008789 -1.3879941701889038086 -1.3325403928756713867 -1.2712379693984985352 -1.2426935434341430664 -1.2743256092071533203 -1.3470647335052490234 -1.3144795894622802734 -1.2273855209350585938 -1.1562342643737792969 -1.1669620275497436523 -1.3442147970199584961 -1.2569116353988647461 -1.0197553634643554688 -0.91596901416778564453 -0.96456444263458251953 -1.0742588043212890625 -1.1740460395812988281 -1.2177855968475341797 -1.2020806074142456055 -1.1625484228134155273 -1.1278249025344848633 -1.0473892688751220703 -0.94058918952941894531 -0.8217881321907043457 -1.1378217935562133789 -1.2487699985504150391 -1.1881586313247680664 -1.1158026456832885742 -1.0600408315658569336 -1.0168999433517456055 -0.99159318208694458008 -0.97985768318176269531 -0.97341674566268920898 -0.9638538360595703125
-1.0933605432510375977 -1.0696730613708496094 -1.0352226495742797852 -1.0055475234985351563 -1.0010468959808349609 -1.0126241445541381836 -1.1023137569427490234 -1.4074299335479736328 -1.5132250785827636719 -1.4662183523178100586 -1.4017337560653686523 -1.4013202190399169922 -1.4407756328582763672 -1.4024573564529418945 -1.1535897254943847656 -0.95980107784271240234 -0.9363911747932434082 -0.9684645533561706543 -1.0629628896713256836 -0.95919775962829589844 -0.92153561115264892578 -0.9542567133903503418 -0.99335867166519165039 -1.066140294075012207 -1.1648671627044677734 -1.2261946201324462891 -1.2145813703536987305 -1.1790862083435058594 -1.1435984373092651367 -1.0679353475570678711 -0.96825730800628662109 -0.84980690479278564453 -1.0241135358810424805 -1.2343705892562866211 -1.1924242973327636719 -1.1020703315734863281 -1.043942570686340332 -1.0102100372314453125 -0.99425065517425537109 -0.98459982872009277344 -0.97897315025329589844 -0.97073060274124145508
-1.1030178070068359375 -1.0803657770156860352 -1.0845776796340942383 -1.0564894676208496094 -0.99701631069183349609 -0.96949255466461181641 -0.98681128025054931641 -1.3001662492752075195 -1.54367828369140625 -1.5139384269714355469 -1.4683845043182373047 -1.4909570217132568359 -1.4717812538146972656 -1.2465529441833496094 -0.98233658075332641602 -0.90325182676315307617 -0.91385197639465332031 -0.91484016180038452148 -0.91706550121307373047 -0.90580743551254272461 -0.95324164628982543945 -1.0055595636367797852 -1.0266710519790649414 -1.065555572509765625 -1.1565459966659545898 -1.233040928840637207 -1.2254294157028198242 -1.1933532953262329102 -1.1521823406219482422 -1.0786752700805664063 -0.98910415172576904297 -0.87677174806594848633 -0.86727273464202880859 -1.2026191949844360352 -1.2132544517517089844 -1.1136430501937866211 -1.0402534008026123047 -1.0056382417678833008 -0.99473547935485839844 -0.98780691623687744141 -0.98302590847015380859 -0.97737789154052734375
-1.0867918729782104492 -1.153106689453125 -1.3269414901733398438 -1.2853107452392578125 -1.0845971107482910156 -0.98748767375946044922 -0.98195719718933105469 -1.2960792779922485352 -1.5313220024108886719 -1.5103141069412231445 -1.4964356422424316406 -1.5245728492736816406 -1.3608303070068359375 -1.0278044939041137695 -0.90338689088821411133 -0.9116618037223815918 -0.93033695220947265625 -0.93500041961669921875 -0.94012933969497680664 -0.96024888753890991211 -0.99688678979873657227 -1.0404551029205322266 -1.0626075267791748047 -1.0856658220291137695 -1.1553672552108764648 -1.2421059608459472656 -1.2509971857070922852 -1.2257171869277954102 -1.1788299083709716797 -1.1034018993377685547 -1.0207167863845825195 -0.91924083232879638672 -0.83183956146240234375 -1.0154445171356201172 -1.1499801874160766602 -1.1556429862976074219 -1.0595558881759643555 -1.0074785947799682617 -0.99822199344635009766 -0.99574869871139526367 -0.99259620904922485352 -0.99024778604507446289
-1.1238323450088500977 -1.3570430278778076172 -1.5964589118957519531 -1.5722773075103759766 -1.3829170465469360352 -1.137846827507019043 -1.0766544342041015625 -1.4090427160263061523 -1.5145473480224609375 -1.4936810731887817383 -1.4959794282913208008 -1.5247347354888916016 -1.365243077278137207 -1.0449566841125488281 -0.90619885921478271484 -0.90331566333770751953 -0.92686063051223754883 -0.94488811492919921875 -0.96020913124084472656 -0.96486610174179077148 -0.97112661600112915039 -1.0059676170349121094 -1.0535026788711547852 -1.1109540462493896484 -1.1761233806610107422 -1.2551183700561523438 -1.279780268669128418 -1.2678134441375732422 -1.2215154170989990234 -1.1433911323547363281 -1.064373016357421875 -0.9736258387565612793 -0.83951300382614135742 -0.768474578857421875 -1.0312410593032836914 -1.2114057540893554688 -1.1193917989730834961 -1.035834193229675293 -1.0173099040985107422 -1.0142285823822021484 -1.0108679533004760742 -1.0114629268646240234
-1.2589361667633056641 -1.4771257638931274414 -1.5199195146560668945 -1.5301144123077392578 -1.5458296537399291992 -1.3563019037246704102 -1.1939176321029663086 -1.4535566568374633789 -1.4485952854156494141 -1.4599059820175170898 -1.4823693037033081055 -1.5001932382583618164 -1.5049872398376464844 -1.2838588953018188477 -0.98167407512664794922 -0.8865299224853515625 -0.91171079874038696289 -0.9407742619514465332 -0.94742065668106079102 -0.95328235626220703125 -0.96765214204788208008 -0.99676001071929931641 -1.0194953680038452148 -1.0895409584045410156 -1.1683768033981323242 -1.2403525114059448242 -1.2867152690887451172 -1.2965751886367797852 -1.2594283819198608398 -1.1833462715148925781 -1.1114130020141601563 -1.0374617576599121094 -0.92686432600021362305 -0.83937239646911621094 -0.9751803278923034668 -1.16905975341796875 -1.1763380765914916992 -1.1120866537094116211 -1.0747927427291870117 -1.056914210319519043 -1.0460197925567626953 -1.0447521209716796875
-1.2306786775588989258 -1.2537212371826171875 -1.2198027372360229492 -1.2034759521484375 -1.2033001184463500977 -1.1817982196807861328 -1.0935437679290771484 -1.1520546674728393555 -1.1224536895751953125 -1.2963392734527587891 -1.4652357101440429688 -1.4371086359024047852 -1.4561382532119750977 -1.4431221485137939453 -1.1824524402618408203 -0.95070636272430419922 -0.89507591724395751953 -0.93138903379440307617 -0.92804223299026489258 -1.0831656455993652344 -1.2504669427871704102 -1.2680373191833496094 -1.0808562040328979492 -1.0050802230834960938 -1.0966777801513671875 -1.2065802812576293945 -1.2941915988922119141 -1.324733734130859375 -1.2974200248718261719 -1.231919407844543457 -1.1750760078430175781 -1.1195787191390991211 -1.0267515182495117188 -0.92328530550003051758 -0.89213716983795166016 -0.92221939563751220703 -1.0998551845550537109 -1.2313827276229858398 -1.1874637603759765625 -1.1332813501358032227 -1.1006602048873901367 -1.0773937702178955078
-1.2174127101898193359 -1.180095672607421875 -1.1401525735855102539 -1.0978454351425170898 -1.0693908929824829102 -1.0790287256240844727 -1.0767719745635986328 -1.0290480852127075195 -0.96340322494506835938 -1.1663587093353271484 -1.4475477933883666992 -1.4436171054840087891 -1.4296563863754272461 -1.4778566360473632813 -1.4457638263702392578 -1.301760554313659668 -0.98696023225784301758 -0.92544215917587280273 -0.92052793502807617188 -1.1817177534103393555 -1.4484832286834716797 -1.4509472846984863281 -1.1361728906631469727 -0.98263174295425415039 -1.0954989194869995117 -1.226853489875793457 -1.3161691427230834961 -1.3432432413101196289 -1.3183214664459228516 -1.2659887075424194336 -1.2173035144805908203 -1.1542929410934448242 -1.0523515939712524414 -0.94776391983032226563 -0.87003284692764282227 -0.80331093072891235352 -1.0707186460494995117 -1.3054792881011962891 -1.2596254348754882813 -1.1799643039703369141 -1.1290630102157592773 -1.0850838422775268555
-1.2842401266098022461 -1.2726147174835205078 -1.2441036701202392578 -1.1986191272735595703 -1.1649236679077148438 -1.1807155609130859375 -1.1787030696868896484 -1.1069467067718505859 -1.0218752622604370117 -1.0406078100204467773 -1.2934736013412475586 -1.4729636907577514648 -1.4824396371841430664 -1.5075696706771850586 -1.542532801628112793 -1.5176415443420410156 -1.2068357467651367188 -0.93820565938949584961 -0.92687636613845825195 -1.1321072578430175781 -1.3861731290817260742 -1.3243765830993652344 -1.0873036384582519531 -1.0253756046295166016 -1.1626325845718383789 -1.281449437141418457 -1.3383133411407470703 -1.346340179443359375 -1.3096088171005249023 -1.2542365789413452148 -1.2083698511123657227 -1.1352069377899169922 -1.0100675821304321289 -0.89778053760528564453 -0.88794928789138793945 -0.95791715383529663086 -1.212521672248840332 -1.3236539363861083984 -1.2675200700759887695 -1.1794756650924682617 -1.1216523647308349609 -1.0784152746200561523
-1.3168270587921142578 -1.3201442956924438477 -1.3082884550094604492 -1.276762843132019043 -1.2501430511474609375 -1.2605026960372924805 -1.2437946796417236328 -1.1638623476028442383 -1.078080296516418457 -1.0164355039596557617 -1.0798512697219848633 -1.3331751823425292969 -1.3840042352676391602 -1.3918211460113525391 -1.398259282112121582 -1.3902610540390014648 -1.1987421512603759766 -0.93930858373641967773 -0.94363343715667724609 -0.99187076091766357422 -1.1458940505981445313 -1.0039865970611572266 -0.95936340093612670898 -1.0641194581985473633 -1.2217893600463867188 -1.3246309757232666016 -1.3516680002212524414 -1.3439002037048339844 -1.29653167724609375 -1.2395207881927490234 -1.1988651752471923828 -1.1257078647613525391 -0.97988641262054443359 -0.86773169040679931641 -1.0243383646011352539 -1.1860878467559814453 -1.2859556674957275391 -1.3057439327239990234 -1.2584956884384155273 -1.1683388948440551758 -1.110165715217590332 -1.0757476091384887695
-1.3306334018707275391 -1.3388407230377197266 -1.3385844230651855469 -1.3272995948791503906 -1.3170038461685180664 -1.3132499456405639648 -1.2720706462860107422 -1.1924307346343994141 -1.1212025880813598633 -1.0699654817581176758 -1.0177216529846191406 -1.0762944221496582031 -1.0956275463104248047 -1.0913268327713012695 -1.0821450948715209961 -1.0745142698287963867 -1.0106070041656494141 -0.94378608465194702148 -0.97396731376647949219 -0.95712047815322875977 -0.94505560398101806641 -0.87612038850784301758 -0.93702775239944458008 -1.0923454761505126953 -1.2540292739868164063 -1.3476550579071044922 -1.3596117496490478516 -1.3450003862380981445 -1.3006150722503662109 -1.2557698488235473633 -1.2197694778442382813 -1.1452769041061401367 -0.98758387565612792969 -0.87054270505905151367 -1.0937825441360473633 -1.252999424934387207 -1.2583994865417480469 -1.2701692581176757813 -1.2386046648025512695 -1.1572353839874267578 -1.1069420576095581055 -1.0805332660675048828
-1.3441269397735595703 -1.3559383153915405273 -1.3625097274780273438 -1.363686680793762207 -1.3651624917984008789 -1.3491957187652587891 -1.2895318269729614258 -1.2155148983001708984 -1.1612113714218139648 -1.1254358291625976563 -1.0762749910354614258 -1.0501679182052612305 -1.0491167306900024414 -1.0346599817276000977 -1.0185043811798095703 -1.0123215913772583008 -1.0002844333648681641 -0.99990141391754150391 -1.0253903865814208984 -1.0197165012359619141 -0.96518534421920776367 -0.94723463058471679688 -0.98531138896942138672 -1.0978102684020996094 -1.2512562274932861328 -1.3516652584075927734 -1.3675330877304077148 -1.3559327125549316406 -1.3281499147415161133 -1.304930567741394043 -1.2708973884582519531 -1.1914193630218505859 -1.0313946008682250977 -0.90190732479095458984 -1.0721390247344970703 -1.2305731773376464844 -1.2324043512344360352 -1.2269312143325805664 -1.2004196643829345703 -1.1452149152755737305 -1.1124696731567382813 -1.0931727886199951172
-1.3660322427749633789 -1.3783303499221801758 -1.3860611915588378906 -1.3930573463439941406 -1.3988404273986816406 -1.3833047151565551758 -1.3235743045806884766 -1.2522528171539306641 -1.2023508548736572266 -1.1750241518020629883 -1.14813232421875 -1.1457914113998413086 -1.1581505537033081055 -1.1501300334930419922 -1.1381826400756835938 -1.133898615837097168 -1.122730255126953125 -1.1167520284652709961 -1.1281756162643432617 -1.1215643882751464844 -1.0730744600296020508 -1.0354863405227661133 -1.0088961124420166016 -1.0522590875625610352 -1.1902877092361450195 -1.3271783590316772461 -1.3732838630676269531 -1.3774124383926391602 -1.3752907514572143555 -1.3719208240509033203 -1.3352783918380737305 -1.2458868026733398438 -1.0955785512924194336 -0.95084607601165771484 -0.93849343061447143555 -1.0960420370101928711 -1.2034972906112670898 -1.1822645664215087891 -1.153851628303527832 -1.1298402547836303711 -1.1182453632354736328 -1.1149125099182128906
-1.3919488191604614258 -1.4002579450607299805 -1.4063103199005126953 -1.4163200855255126953 -1.4271460771560668945 -1.4215646982192993164 -1.3689913749694824219 -1.2892671823501586914 -1.2318195104598999023 -1.2086631059646606445 -1.2072012424468994141 -1.2289899587631225586 -1.2536684274673461914 -1.2722418308258056641 -1.2783468961715698242 -1.2730542421340942383 -1.2476902008056640625 -1.2393181324005126953 -1.2538489103317260742 -1.2502532005310058594 -1.1846388578414916992 -1.1162717342376708984 -1.0193325281143188477 -0.99919354915618896484 -1.1309561729431152344 -1.2996286153793334961 -1.371898651123046875 -1.3868967294692993164 -1.3817113637924194336 -1.3622792959213256836 -1.3162534236907958984 -1.2306915521621704102 -1.0996812582015991211 -0.97369897365570068359 -0.87359058856964111328 -0.93639391660690307617 -1.1460930109024047852 -1.1319998502731323242 -1.0982183218002319336 -1.0814669132232666016 -1.0750795602798461914 -1.0789371728897094727
-1.4058541059494018555 -1.412196040153503418 -1.4170454740524291992 -1.4251880645751953125 -1.4379117488861083984 -1.4388537406921386719 -1.3931535482406616211 -1.3083097934722900391 -1.246634364128112793 -1.2276816368103027344 -1.2406014204025268555 -1.2753490209579467773 -1.3035287857055664063 -1.3289465904235839844 -1.3367532491683959961 -1.3248475790023803711 -1.2909170389175415039 -1.283345341682434082 -1.3035972118377685547 -1.3092184066772460938 -1.2475790977478027344 -1.1680021286010742188 -1.0380345582962036133 -0.98664844036102294922 -1.1111807823181152344 -1.2856086492538452148 -1.3696668148040771484 -1.3882883787155151367 -1.3706939220428466797 -1.3201479911804199219 -1.2544734477996826172 -1.1754413843154907227 -1.0629036426544189453 -0.94862258434295654297 -0.8454487919807434082 -0.8872349858283996582 -0.96998947858810424805 -0.83766520023345947266 -0.78962123394012451172 -0.77732777595520019531 -0.77365159988403320313 -0.77887302637100219727
-1.4145398139953613281 -1.4203127622604370117 -1.424788355827331543 -1.4320666790008544922 -1.4457453489303588867 -1.4522260427474975586 -1.4190450906753540039 -1.337947845458984375 -1.2753453254699707031 -1.2589546442031860352 -1.2767119407653808594 -1.3136061429977416992 -1.3430434465408325195 -1.3677376508712768555 -1.3740805387496948242 -1.3609181642532348633 -1.3264176845550537109 -1.3179411888122558594 -1.3397845029830932617 -1.3534464836120605469 -1.3056662082672119141 -1.2301604747772216797 -1.0976299047470092773 -1.0357537269592285156 -1.1441656351089477539 -1.3053053617477416992 -1.3812385797500610352 -1.392794489860534668 -1.3540968894958496094 -1.2674497365951538086 -1.1784708499908447266 -1.0972514152526855469 -0.98695379495620727539 -0.87203335762023925781 -0.76318007707595825195 -0.72216737270355224609 -0.64991962909698486328 -0.47429814934730529785 -0.42679640650749206543 -0.4144261777400970459 -0.41128572821617126465 -0.4165598750114440918
