INPUT/RASTER/ASCII_standard/BIO13.asc
ncols        225
nrows        269
xllcorner    473009.983799999987
yllcorner    4429051.174800000153
cellsize     50.000000000000
NODATA_value  -9999
[rows 228 to 246 of 269, columns 126 to 167 of 225]
-1.0065375566482543945 -1.0259175300598144531 -1.0495836734771728516 -1.0675547122955322266 -1.0772162675857543945 -1.0856454372406005859 -1.0929830074310302734 -1.0998129844665527344 -1.1045993566513061523 -1.1104859113693237305 -1.1161391735076904297 -1.1345695257186889648 -1.1679861545562744141 -1.1842073202133178711 -1.1836010217666625977 -1.1791789531707763672 -1.1722464561462402344 -1.1556425094604492188 -1.1380752325057983398 -1.1322762966156005859 -1.1241003274917602539 -1.1122357845306396484 -1.1087534427642822266 -1.1125160455703735352 -1.1131063699722290039 -1.1024556159973144531 -1.089935302734375 -1.0812616348266601563 -1.0749601125717163086 -1.0710444450378417969 -1.0660703182220458984 -1.0586748123168945313 -1.0473806858062744141 -1.0385847091674804688 -1.0446170568466186523 -1.0478425025939941406 -1.0658752918243408203 -1.1580047607421875 -1.3632675409317016602 -1.5865778923034667969 -1.7230710983276367188 -1.7559074163436889648
-1.0222166776657104492 -1.0441070795059204102 -1.0683499574661254883 -1.0852749347686767578 -1.0927014350891113281 -1.0992869138717651367 -1.1049784421920776367 -1.1093115806579589844 -1.1119973659515380859 -1.1182273626327514648 -1.1262180805206298828 -1.149996638298034668 -1.1849186420440673828 -1.2019127607345581055 -1.2040553092956542969 -1.2026487588882446289 -1.1974166631698608398 -1.1817660331726074219 -1.1647593975067138672 -1.1558326482772827148 -1.1443384885787963867 -1.1305931806564331055 -1.126425623893737793 -1.1288360357284545898 -1.1274925470352172852 -1.1201944351196289063 -1.1148475408554077148 -1.1092917919158935547 -1.1053798198699951172 -1.1026099920272827148 -1.0978335142135620117 -1.0932176113128662109 -1.0861109495162963867 -1.0757207870483398438 -1.0694613456726074219 -1.0722001791000366211 -1.1241213083267211914 -1.2793079614639282227 -1.502968907356262207 -1.7029613256454467773 -1.8171874284744262695 -1.8303782939910888672
-1.0530437231063842773 -1.0761344432830810547 -1.0960725545883178711 -1.109280705451965332 -1.1154562234878540039 -1.1196448802947998047 -1.1202573776245117188 -1.117966771125793457 -1.12056732177734375 -1.1301004886627197266 -1.1443126201629638672 -1.1758201122283935547 -1.2125326395034790039 -1.2312630414962768555 -1.2334980964660644531 -1.2291218042373657227 -1.2232080698013305664 -1.2110371589660644531 -1.1953494548797607422 -1.1809892654418945313 -1.1656707525253295898 -1.1581838130950927734 -1.161083221435546875 -1.1626453399658203125 -1.1573811769485473633 -1.1467304229736328125 -1.1392656564712524414 -1.1356215476989746094 -1.1331629753112792969 -1.131556391716003418 -1.1274085044860839844 -1.1246473789215087891 -1.1180852651596069336 -1.1048883199691772461 -1.0931422710418701172 -1.1141560077667236328 -1.2217632532119750977 -1.4200836420059204102 -1.6270887851715087891 -1.7749897241592407227 -1.8586233854293823242 -1.868508458137512207
-1.0698416233062744141 -1.0925002098083496094 -1.1141695976257324219 -1.1280753612518310547 -1.1340928077697753906 -1.1374158859252929688 -1.1348843574523925781 -1.1284013986587524414 -1.1287519931793212891 -1.1407907009124755859 -1.1590592861175537109 -1.1937515735626220703 -1.2311642169952392578 -1.2504293918609619141 -1.2506787776947021484 -1.2440587282180786133 -1.2379201650619506836 -1.2267953157424926758 -1.2112336158752441406 -1.1946493387222290039 -1.1780725717544555664 -1.1737689971923828125 -1.1804113388061523438 -1.1829440593719482422 -1.1793555021286010742 -1.1705274581909179688 -1.1625540256500244141 -1.1603695154190063477 -1.1591975688934326172 -1.1582455635070800781 -1.1553819179534912109 -1.1515575647354125977 -1.1403412818908691406 -1.1225777864456176758 -1.1207315921783447266 -1.1747457981109619141 -1.3406881093978881836 -1.560940861701965332 -1.7495206594467163086 -1.8407400846481323242 -1.8792604207992553711 -1.8848950862884521484
-1.0803207159042358398 -1.1042696237564086914 -1.1279481649398803711 -1.1430493593215942383 -1.1499015092849731445 -1.1537345647811889648 -1.151723027229309082 -1.1447571516036987305 -1.1428726911544799805 -1.1553941965103149414 -1.1740814447402954102 -1.2087613344192504883 -1.2461529970169067383 -1.2632892131805419922 -1.2629175186157226563 -1.2565864324569702148 -1.2507208585739135742 -1.2390476465225219727 -1.2214705944061279297 -1.2052395343780517578 -1.1918585300445556641 -1.1892319917678833008 -1.1945406198501586914 -1.1965683698654174805 -1.1940183639526367188 -1.1880304813385009766 -1.1827933788299560547 -1.1817808151245117188 -1.1821649074554443359 -1.1820586919784545898 -1.1805064678192138672 -1.1740012168884277344 -1.1569650173187255859 -1.1356203556060791016 -1.1566883325576782227 -1.2453429698944091797 -1.4519431591033935547 -1.6743693351745605469 -1.834538578987121582 -1.8809756040573120117 -1.8772006034851074219 -1.8637282848358154297
-1.0926606655120849609 -1.1193584203720092773 -1.1424219608306884766 -1.1572144031524658203 -1.164685368537902832 -1.1697001457214355469 -1.1700829267501831055 -1.1669439077377319336 -1.1643606424331665039 -1.1739012002944946289 -1.1902359724044799805 -1.2241885662078857422 -1.2630928754806518555 -1.2805390357971191406 -1.2795128822326660156 -1.2732336521148681641 -1.2682027816772460938 -1.2533510923385620117 -1.232397913932800293 -1.2178301811218261719 -1.2095812559127807617 -1.2083575725555419922 -1.2117373943328857422 -1.2127944231033325195 -1.2103950977325439453 -1.205628514289855957 -1.2018622159957885742 -1.2018733024597167969 -1.2034575939178466797 -1.2047258615493774414 -1.2044738531112670898 -1.1942714452743530273 -1.1710152626037597656 -1.1545903682708740234 -1.2104691267013549805 -1.3240692615509033203 -1.5454432964324951172 -1.7541625499725341797 -1.8806977272033691406 -1.8954889774322509766 -1.852793574333190918 -1.8100339174270629883
-1.1111490726470947266 -1.1398189067840576172 -1.1599323749542236328 -1.1721031665802001953 -1.1785306930541992188 -1.1850790977478027344 -1.1890319585800170898 -1.1903507709503173828 -1.1883231401443481445 -1.1931835412979125977 -1.2075524330139160156 -1.2431176900863647461 -1.2858934402465820313 -1.3068774938583374023 -1.3044447898864746094 -1.2950536012649536133 -1.2881112098693847656 -1.2713751792907714844 -1.2504713535308837891 -1.2395761013031005859 -1.2355949878692626953 -1.2342612743377685547 -1.2353270053863525391 -1.2358715534210205078 -1.2339204549789428711 -1.2294847965240478516 -1.2257901430130004883 -1.2268089056015014648 -1.2291724681854248047 -1.2319434881210327148 -1.2308197021484375 -1.2157728672027587891 -1.1933503150939941406 -1.2046949863433837891 -1.2984050512313842773 -1.4114630222320556641 -1.613392949104309082 -1.8018480539321899414 -1.9038292169570922852 -1.8998838663101196289 -1.8255203962326049805 -1.7542612552642822266
-1.1327270269393920898 -1.1599298715591430664 -1.1775428056716918945 -1.1875883340835571289 -1.1927390098571777344 -1.1997542381286621094 -1.206297755241394043 -1.2085551023483276367 -1.2081599235534667969 -1.2137316465377807617 -1.2321484088897705078 -1.2749117612838745117 -1.3177096843719482422 -1.3354917764663696289 -1.3308832645416259766 -1.3168613910675048828 -1.3054487705230712891 -1.2933483123779296875 -1.2809231281280517578 -1.2751822471618652344 -1.2730422019958496094 -1.2708774805068969727 -1.2688943147659301758 -1.2672828435897827148 -1.2643747329711914063 -1.2611739635467529297 -1.2598180770874023438 -1.2634509801864624023 -1.2669061422348022461 -1.2668542861938476563 -1.2592055797576904297 -1.2417483329772949219 -1.239208221435546875 -1.3064403533935546875 -1.4280151128768920898 -1.5165437459945678711 -1.6713315248489379883 -1.8338013887405395508 -1.9220682382583618164 -1.9123659133911132813 -1.8273307085037231445 -1.7452690601348876953
-1.1544915437698364258 -1.1786924600601196289 -1.1959619522094726563 -1.2060163021087646484 -1.210276484489440918 -1.2148925065994262695 -1.2201727628707885742 -1.2247170209884643555 -1.2304505109786987305 -1.244603276252746582 -1.2678396701812744141 -1.3105499744415283203 -1.3461769819259643555 -1.3563758134841918945 -1.3490196466445922852 -1.3338185548782348633 -1.3226726055145263672 -1.3189482688903808594 -1.3176084756851196289 -1.3144434690475463867 -1.3116341829299926758 -1.3079345226287841797 -1.3004660606384277344 -1.2945770025253295898 -1.2901166677474975586 -1.2895041704177856445 -1.2934248447418212891 -1.3004796504974365234 -1.3027764558792114258 -1.2955427169799804688 -1.2790769338607788086 -1.2657923698425292969 -1.2936520576477050781 -1.4074188470840454102 -1.5437231063842773438 -1.6165677309036254883 -1.738947749137878418 -1.8744270801544189453 -1.9447082281112670898 -1.9341809749603271484 -1.8579108715057373047 -1.7778582572937011719
-1.1740332841873168945 -1.1971203088760375977 -1.2134044170379638672 -1.223590850830078125 -1.227234959602355957 -1.2296564579010009766 -1.2331931591033935547 -1.2400503158569335938 -1.2535140514373779297 -1.2763763666152954102 -1.2992225885391235352 -1.3333690166473388672 -1.364224553108215332 -1.3730661869049072266 -1.3638590574264526367 -1.3497012853622436523 -1.3413474559783935547 -1.3427563905715942383 -1.3479095697402954102 -1.3465622663497924805 -1.344887852668762207 -1.337998509407043457 -1.3262648582458496094 -1.3122688531875610352 -1.3049584627151489258 -1.3073282241821289063 -1.3169144392013549805 -1.3247237205505371094 -1.3247447013854980469 -1.3104276657104492188 -1.2880742549896240234 -1.2812824249267578125 -1.3355793952941894531 -1.4732680320739746094 -1.6113171577453613281 -1.6847088336944580078 -1.7981829643249511719 -1.9071090221405029297 -1.9603143930435180664 -1.9479645490646362305 -1.8798888921737670898 -1.8050290346145629883
-1.1950358152389526367 -1.2170867919921875 -1.2304357290267944336 -1.2390501499176025391 -1.2419952154159545898 -1.2434202432632446289 -1.2461628913879394531 -1.2545588016510009766 -1.2731965780258178711 -1.3001153469085693359 -1.3212254047393798828 -1.3508917093276977539 -1.3805519342422485352 -1.3919422626495361328 -1.3856160640716552734 -1.3734403848648071289 -1.3660904169082641602 -1.3675698041915893555 -1.3761372566223144531 -1.3794862031936645508 -1.3795640468597412109 -1.3664362430572509766 -1.3505558967590332031 -1.3304535150527954102 -1.3217662572860717773 -1.3268156051635742188 -1.3391493558883666992 -1.3459128141403198242 -1.3439135551452636719 -1.3261203765869140625 -1.3048856258392333984 -1.3138037919998168945 -1.3961223363876342773 -1.5549752712249755859 -1.6907089948654174805 -1.7589464187622070313 -1.8577638864517211914 -1.9440808296203613281 -1.9789016246795654297 -1.9511764049530029297 -1.8832947015762329102 -1.8200597763061523438
-1.2186958789825439453 -1.2397058010101318359 -1.2508900165557861328 -1.2570148706436157227 -1.2588671445846557617 -1.2589709758758544922 -1.2606195211410522461 -1.2673001289367675781 -1.2864688634872436523 -1.3151239156723022461 -1.3355312347412109375 -1.3649086952209472656 -1.3968323469161987305 -1.4120187759399414063 -1.4105603694915771484 -1.4035055637359619141 -1.3990057706832885742 -1.396685481071472168 -1.4004011154174804688 -1.4042205810546875 -1.403529047966003418 -1.387414097785949707 -1.3706001043319702148 -1.3504397869110107422 -1.342919468879699707 -1.3493012189865112305 -1.3614189624786376953 -1.364809870719909668 -1.3596950769424438477 -1.3426254987716674805 -1.3269340991973876953 -1.3529688119888305664 -1.4570591449737548828 -1.6219184398651123047 -1.7528795003890991211 -1.8209229707717895508 -1.9183685779571533203 -1.9939619302749633789 -2.0058338642120361328 -1.9534868001937866211 -1.881373286247253418 -1.8303610086441040039
-1.2387932538986206055 -1.2609961032867431641 -1.273266911506652832 -1.2782977819442749023 -1.2797375917434692383 -1.2797647714614868164 -1.2779569625854492188 -1.2795103788375854492 -1.297612309455871582 -1.3276615142822265625 -1.3485960960388183594 -1.3787848949432373047 -1.4136141538619995117 -1.4328657388687133789 -1.4346611499786376953 -1.4317629337310791016 -1.4296241998672485352 -1.4243884086608886719 -1.4211666584014892578 -1.4215962886810302734 -1.4168964624404907227 -1.4002307653427124023 -1.3856272697448730469 -1.369271397590637207 -1.3644196987152099609 -1.3726907968521118164 -1.3845219612121582031 -1.3838354349136352539 -1.3758026361465454102 -1.3574538230895996094 -1.3418661355972290039 -1.374266505241394043 -1.4916712045669555664 -1.6643879413604736328 -1.7994943857192993164 -1.8752397298812866211 -1.9838731288909912109 -2.0557682514190673828 -2.0459756851196289063 -1.9733101129531860352 -1.8974437713623046875 -1.8545137643814086914
-1.2581559419631958008 -1.2822666168212890625 -1.2961230278015136719 -1.3020516633987426758 -1.3050312995910644531 -1.3061329126358032227 -1.3013601303100585938 -1.2996288537979125977 -1.3169194459915161133 -1.3460609912872314453 -1.3662226200103759766 -1.3955222368240356445 -1.4319456815719604492 -1.4555094242095947266 -1.4594461917877197266 -1.4578704833984375 -1.4564133882522583008 -1.4505971670150756836 -1.4430114030838012695 -1.4381349086761474609 -1.4278818368911743164 -1.4105603694915771484 -1.3989638090133666992 -1.388640284538269043 -1.3871670961380004883 -1.3975411653518676758 -1.409402012825012207 -1.4056974649429321289 -1.3956086635589599609 -1.3738874197006225586 -1.3549284934997558594 -1.3917534351348876953 -1.5188517570495605469 -1.7021363973617553711 -1.8523576259613037109 -1.9389512538909912109 -2.0530896186828613281 -2.1152787208557128906 -2.0936143398284912109 -2.0151410102844238281 -1.9409973621368408203 -1.9042294025421142578
-1.2786805629730224609 -1.3056598901748657227 -1.3209055662155151367 -1.3290840387344360352 -1.3335950374603271484 -1.3361351490020751953 -1.3328984975814819336 -1.3327959775924682617 -1.348481297492980957 -1.372822880744934082 -1.3901369571685791016 -1.4166432619094848633 -1.4533891677856445313 -1.4812847375869750977 -1.4890371561050415039 -1.4883654117584228516 -1.4869724512100219727 -1.481264948844909668 -1.4683878421783447266 -1.4561367034912109375 -1.4411875009536743164 -1.4255380630493164063 -1.4186943769454956055 -1.4146082401275634766 -1.4154145717620849609 -1.4277299642562866211 -1.4397302865982055664 -1.4326323270797729492 -1.419327855110168457 -1.3952974081039428711 -1.3850060701370239258 -1.4460195302963256836 -1.5831029415130615234 -1.7547873258590698242 -1.9041812419891357422 -1.9904154539108276367 -2.0937907695770263672 -2.1435458660125732422 -2.1249637603759765625 -2.0619263648986816406 -1.9987865686416625977 -1.9655934572219848633
-1.2928037643432617188 -1.3211450576782226563 -1.3368055820465087891 -1.3452236652374267578 -1.3499125242233276367 -1.3540307283401489258 -1.3548494577407836914 -1.3574291467666625977 -1.37050628662109375 -1.3899604082107543945 -1.4050577878952026367 -1.4313925504684448242 -1.4709192514419555664 -1.5020514726638793945 -1.511952519416809082 -1.5093050003051757813 -1.5043692588806152344 -1.4971157312393188477 -1.478739619255065918 -1.4628396034240722656 -1.4521332979202270508 -1.4427496194839477539 -1.4386757612228393555 -1.4354169368743896484 -1.4358355998992919922 -1.4473321437835693359 -1.4586422443389892578 -1.4502414464950561523 -1.4337695837020874023 -1.4149984121322631836 -1.4331423044204711914 -1.5306669473648071289 -1.6712586879730224609 -1.8211069107055664063 -1.9500675201416015625 -2.0224874019622802734 -2.1064581871032714844 -2.1501488685607910156 -2.1457231044769287109 -2.1101033687591552734 -2.0596740245819091797 -2.0464005470275878906
-1.3055907487869262695 -1.3327811956405639648 -1.3479021787643432617 -1.3563818931579589844 -1.3608138561248779297 -1.3652815818786621094 -1.3684403896331787109 -1.3724191188812255859 -1.3838403224945068359 -1.4006875753402709961 -1.41542816162109375 -1.4450600147247314453 -1.4881110191345214844 -1.5169550180435180664 -1.524561762809753418 -1.5194321870803833008 -1.5107572078704833984 -1.4993742704391479492 -1.4812711477279663086 -1.4693176746368408203 -1.4653327465057373047 -1.4601907730102539063 -1.4555242061614990234 -1.4489806890487670898 -1.4463331699371337891 -1.4549648761749267578 -1.4668059349060058594 -1.463126063346862793 -1.4509922266006469727 -1.4419580698013305664 -1.4868378639221191406 -1.6057924032211303711 -1.743023991584777832 -1.879033207893371582 -1.9894040822982788086 -2.0474278926849365234 -2.1146032810211181641 -2.1568922996520996094 -2.1664798259735107422 -2.1477408409118652344 -2.1112580299377441406 -2.1446597576141357422
-1.3185160160064697266 -1.3442716598510742188 -1.3587157726287841797 -1.366564631462097168 -1.3702803850173950195 -1.374962925910949707 -1.3780698776245117188 -1.3820707798004150391 -1.3941193819046020508 -1.4120001792907714844 -1.4282053709030151367 -1.4599055051803588867 -1.503354191780090332 -1.5260485410690307617 -1.5282971858978271484 -1.5219092369079589844 -1.5125243663787841797 -1.4985839128494262695 -1.4859808683395385742 -1.4805845022201538086 -1.4791113138198852539 -1.4750881195068359375 -1.4704401493072509766 -1.4617455005645751953 -1.4546326398849487305 -1.4618047475814819336 -1.4766725301742553711 -1.4781222343444824219 -1.4712946414947509766 -1.4713625907897949219 -1.526841282844543457 -1.6499547958374023438 -1.7835991382598876953 -1.9113433361053466797 -2.0121390819549560547 -2.0642442703247070313 -2.1259984970092773438 -2.1692347526550292969 -2.1845533847808837891 -2.1712267398834228516 -2.1932270526885986328 -2.2671644687652587891
-1.3307720422744750977 -1.3559089899063110352 -1.3690392971038818359 -1.37598419189453125 -1.3793886899948120117 -1.3838773965835571289 -1.3871905803680419922 -1.3920867443084716797 -1.4043341875076293945 -1.4234795570373535156 -1.4417258501052856445 -1.4755178689956665039 -1.5176415443420410156 -1.5348740816116333008 -1.5309695005416870117 -1.5231664180755615234 -1.5148977041244506836 -1.5028454065322875977 -1.4963970184326171875 -1.4959993362426757813 -1.4951238632202148438 -1.4909623861312866211 -1.4871207475662231445 -1.4793866872787475586 -1.4694052934646606445 -1.4750264883041381836 -1.4923132658004760742 -1.4958956241607666016 -1.4905511140823364258 -1.4916871786117553711 -1.5418659448623657227 -1.6656339168548583984 -1.8039411306381225586 -1.9301084280014038086 -2.0287518501281738281 -2.0803494453430175781 -2.1406762599945068359 -2.1818513870239257813 -2.1967253684997558594 -2.1966810226440429688 -2.2963962554931640625 -2.4007077217102050781
