INPUT/RASTER/ASCII_standard/BIO11.asc
ncols        225
nrows        269
xllcorner    473009.983799999987
yllcorner    4429051.174800000153
cellsize     50.000000000000
NODATA_value  -9999
[rows 234 to 251 of 269, columns 84 to 125 of 225]
1.4632250070571899414 1.4584946632385253906 1.4550416469573974609 1.4513752460479736328 1.4464442729949951172 1.4413794279098510742 1.4353780746459960938 1.4246274232864379883 1.4130388498306274414 1.4073337316513061523 1.404715418815612793 1.4040814638137817383 1.4022116661071777344 1.3997747898101806641 1.39557647705078125 1.3907951116561889648 1.3814715147018432617 1.3740494251251220703 1.3712717294692993164 1.3680958747863769531 1.3573675155639648438 1.3409626483917236328 1.3056746721267700195 1.2798346281051635742 1.2971472740173339844 1.3249877691268920898 1.3311388492584228516 1.3273099660873413086 1.3082357645034790039 1.2677905559539794922 1.2203885316848754883 1.1729291677474975586 1.1011682748794555664 1.0244126319885253906 0.95518738031387329102 0.86636221408843994141 0.81160187721252441406 0.78113663196563720703 0.75879418849945068359 0.74353927373886108398 0.73681807518005371094 0.73528265953063964844
1.4620240926742553711 1.4572682380676269531 1.4538121223449707031 1.4501234292984008789 1.4447273015975952148 1.4390859603881835938 1.4334859848022460938 1.4251688718795776367 1.4160904884338378906 1.4110574722290039063 1.4081429243087768555 1.4064450263977050781 1.4036164283752441406 1.4004341363906860352 1.3971372842788696289 1.3929485082626342773 1.3854945898056030273 1.3777954578399658203 1.3726733922958374023 1.3688668012619018555 1.3618493080139160156 1.3523886203765869141 1.3301703929901123047 1.3091084957122802734 1.314635157585144043 1.3301322460174560547 1.3321326971054077148 1.3269786834716796875 1.3061652183532714844 1.2637292146682739258 1.2125651836395263672 1.154141545295715332 1.0637078285217285156 0.97178971767425537109 0.9078680872917175293 0.84370124340057373047 0.80829858779907226563 0.7880776524543762207 0.76899385452270507813 0.75223863124847412109 0.74388009309768676758 0.74397248029708862305
1.4596986770629882813 1.4547644853591918945 1.4512765407562255859 1.4476960897445678711 1.4414718151092529297 1.4346868991851806641 1.4289467334747314453 1.4223210811614990234 1.4153738021850585938 1.4111881256103515625 1.4080218076705932617 1.4052090644836425781 1.4014279842376708984 1.3973634243011474609 1.3944807052612304688 1.3904988765716552734 1.3844753503799438477 1.3783879280090332031 1.3729854822158813477 1.3682711124420166016 1.3627730607986450195 1.3559978008270263672 1.339481353759765625 1.3214870691299438477 1.3209933042526245117 1.331231236457824707 1.333553314208984375 1.3294346332550048828 1.312520146369934082 1.2798792123794555664 1.2362359762191772461 1.1802237033843994141 1.1007764339447021484 1.0259830951690673828 0.97469478845596313477 0.91533792018890380859 0.86237728595733642578 0.82399946451187133789 0.7949390411376953125 0.77381336688995361328 0.76040917634963989258 0.75632548332214355469
1.454426884651184082 1.4488619565963745117 1.4451764822006225586 1.4421439170837402344 1.437155604362487793 1.4312912225723266602 1.4252294301986694336 1.4198397397994995117 1.4149564504623413086 1.4114015102386474609 1.407677769660949707 1.4037311077117919922 1.3990581035614013672 1.3943691253662109375 1.3911997079849243164 1.3872721195220947266 1.3819715976715087891 1.3775247335433959961 1.373138427734375 1.3681086301803588867 1.3630789518356323242 1.3575298786163330078 1.3439823389053344727 1.328307032585144043 1.3238952159881591797 1.3302692174911499023 1.3319957256317138672 1.3281095027923583984 1.3153678178787231445 1.2934235334396362305 1.2587186098098754883 1.2148427963256835938 1.1628855466842651367 1.1137028932571411133 1.0740795135498046875 1.013779759407043457 0.93869328498840332031 0.86957949399948120117 0.82041591405868530273 0.79320293664932250977 0.77435487508773803711 0.76633083820343017578
1.4510694742202758789 1.4450585842132568359 1.4410799741744995117 1.4383150339126586914 1.4345722198486328125 1.4296507835388183594 1.4233309030532836914 1.4186451435089111328 1.4152941703796386719 1.412226557731628418 1.4077988862991333008 1.4028646945953369141 1.3976150751113891602 1.3926204442977905273 1.3893266916275024414 1.3852684497833251953 1.3799456357955932617 1.3757631778717041016 1.3717622756958007813 1.3669810295104980469 1.3623749017715454102 1.3580969572067260742 1.3476647138595581055 1.3349580764770507813 1.3295397758483886719 1.3310592174530029297 1.3265900611877441406 1.3191648721694946289 1.3063244819641113281 1.2862436771392822266 1.2546062469482421875 1.2177988290786743164 1.1780927181243896484 1.1386828422546386719 1.1053315401077270508 1.0514535903930664063 0.97618877887725830078 0.89033246040344238281 0.82650321722030639648 0.79803520441055297852 0.77972549200057983398 0.77485179901123046875
1.449320673942565918 1.4436315298080444336 1.4397134780883789063 1.4366332292556762695 1.4326035976409912109 1.4274592399597167969 1.4217731952667236328 1.4176194667816162109 1.4146729707717895508 1.411898493766784668 1.4069993495941162109 1.4013420343399047852 1.3956688642501831055 1.3904415369033813477 1.3870650529861450195 1.3830258846282958984 1.3778623342514038086 1.3741322755813598633 1.3703894615173339844 1.365665435791015625 1.361180424690246582 1.3577051162719726563 1.3498977422714233398 1.340491175651550293 1.3359328508377075195 1.3321740627288818359 1.3175116777420043945 1.3033334016799926758 1.2844980955123901367 1.2584573030471801758 1.2264981269836425781 1.1899774074554443359 1.1466208696365356445 1.1107213497161865234 1.0834668874740600586 1.0361094474792480469 0.96508121490478515625 0.88049590587615966797 0.82166457176208496094 0.79953557252883911133 0.78599119186401367188 0.78605490922927856445
1.447673797607421875 1.4423764944076538086 1.4386686086654663086 1.4354959726333618164 1.4310778379440307617 1.4257550239562988281 1.4207475185394287109 1.4168103933334350586 1.413707733154296875 1.4109109640121459961 1.4056104421615600586 1.3994690179824829102 1.3936524391174316406 1.3884283304214477539 1.3851314783096313477 1.3811943531036376953 1.3764830827713012695 1.3731447458267211914 1.3693159818649291992 1.3644517660140991211 1.3599221706390380859 1.356797337532043457 1.3508182764053344727 1.3439059257507324219 1.3386722803115844727 1.3284280300140380859 1.3017088174819946289 1.2788790464401245117 1.2499268054962158203 1.2155371904373168945 1.1828707456588745117 1.1428939104080200195 1.0879966020584106445 1.0480101108551025391 1.0236959457397460938 0.98258823156356811523 0.92127549648284912109 0.85333389043807983398 0.81343030929565429688 0.80064409971237182617 0.79405665397644042969 0.79701268672943115234
1.4465652704238891602 1.4413284063339233398 1.4376747608184814453 1.4345211982727050781 1.4300202131271362305 1.4247611761093139648 1.4198843240737915039 1.4158929586410522461 1.4126915931701660156 1.4096877574920654297 1.4038903713226318359 1.3974590301513671875 1.3918304443359375 1.3867911100387573242 1.3835834264755249023 1.3800092935562133789 1.3758269548416137695 1.3723802566528320313 1.3681946992874145508 1.3631904125213623047 1.3586606979370117188 1.3557333946228027344 1.3508182764053344727 1.3448456525802612305 1.3368407487869262695 1.3164732456207275391 1.2741965055465698242 1.2420110702514648438 1.1997598409652709961 1.1527495384216308594 1.1219116449356079102 1.0831133127212524414 1.0202970504760742188 0.9717928767204284668 0.94468826055526733398 0.91088467836380004883 0.87063068151473999023 0.82987654209136962891 0.80882740020751953125 0.80228137969970703125 0.80039560794830322266 0.8049380183219909668
1.4460619688034057617 1.4404143095016479492 1.4364197254180908203 1.4329603910446166992 1.428223729133605957 1.4231110811233520508 1.4182183742523193359 1.4142715930938720703 1.4113919734954833984 1.4078720808029174805 1.4015586376190185547 1.3951783180236816406 1.3898458480834960938 1.3851474523544311523 1.3821148872375488281 1.3788530826568603516 1.3745750188827514648 1.3705996274948120117 1.3661304712295532227 1.3612536191940307617 1.3569692373275756836 1.354201197624206543 1.3497480154037475586 1.343536376953125 1.3301385641098022461 1.2950448989868164063 1.2348024845123291016 1.1921275854110717773 1.1313436031341552734 1.0674825906753540039 1.042903900146484375 1.0144933462142944336 0.9536902308464050293 0.90100038051605224609 0.87136971950531005859 0.84527486562728881836 0.83084177970886230469 0.8189856410026550293 0.81048697233200073242 0.80642879009246826172 0.80443787574768066406 0.80890381336212158203
1.4455173015594482422 1.4394204616546630859 1.4349194765090942383 1.4309026002883911133 1.425815582275390625 1.4207890033721923828 1.4157527685165405273 1.4117997884750366211 1.4094361066818237305 1.4051103591918945313 1.3985037803649902344 1.3926490545272827148 1.3878104686737060547 1.3834177255630493164 1.3805826902389526367 1.377110600471496582 1.3720554113388061523 1.3673346042633056641 1.3626966476440429688 1.3583836555480957031 1.3547203540802001953 1.3521020412445068359 1.3476201295852661133 1.3401153087615966797 1.3204740285873413086 1.2741582393646240234 1.2024483680725097656 1.1487137079238891602 1.0692632198333740234 1.0026403665542602539 0.98780274391174316406 0.97282499074935913086 0.92258149385452270508 0.87472391128540039063 0.84491169452667236328 0.821460723876953125 0.81786441802978515625 0.81758087873458862305 0.81313085556030273438 0.80991041660308837891 0.80547952651977539063 0.80907267332077026367
1.4448037147521972656 1.4389234781265258789 1.4342569112777709961 1.4298546314239501953 1.4245573282241821289 1.4195179939270019531 1.4143702983856201172 1.4099936485290527344 1.4072763919830322266 1.4025429487228393555 1.3958917856216430664 1.3905211687088012695 1.3863196372985839844 1.3823633193969726563 1.3796684741973876953 1.3757568597793579102 1.3700454235076904297 1.3649805784225463867 1.3605083227157592773 1.3567495346069335938 1.3533155918121337891 1.3505952358245849609 1.3455400466918945313 1.3367196321487426758 1.3180468082427978516 1.2784935235977172852 1.2135972976684570313 1.1584386825561523438 1.0683107376098632813 1.0021370649337768555 0.98594248294830322266 0.97128641605377197266 0.93399482965469360352 0.89386188983917236328 0.85226041078567504883 0.82129508256912231445 0.81626212596893310547 0.82140338420867919922 0.81943160295486450195 0.81404507160186767578 0.80624401569366455078 0.8115031123161315918
1.4437780380249023438 1.4386495351791381836 1.4342441558837890625 1.4293959140777587891 1.4236271381378173828 1.4184858798980712891 1.4131885766983032227 1.408359527587890625 1.4052600860595703125 1.4000902175903320313 1.3932096958160400391 1.3883709907531738281 1.3850358724594116211 1.3814491033554077148 1.3786715269088745117 1.3743616342544555664 1.3683985471725463867 1.3635981082916259766 1.3595685958862304688 1.3559021949768066406 1.3520956039428710938 1.3491331338882446289 1.3436510562896728516 1.3345217704772949219 1.3185405731201171875 1.2892698049545288086 1.2427374124526977539 1.2019035816192626953 1.1315283775329589844 1.0741145610809326172 1.0415437221527099609 1.0153024196624755859 0.98651266098022460938 0.95478916168212890625 0.89870685338973999023 0.85313642024993896484 0.83514207601547241211 0.83936589956283569336 0.83665513992309570313 0.82527685165405273438 0.81235361099243164063 0.81811285018920898438
1.4423795938491821289 1.4380538463592529297 1.4342091083526611328 1.4292303323745727539 1.4228786230087280273 1.4174634218215942383 1.4119526147842407227 1.4065023660659790039 1.4029570817947387695 1.3973921537399291992 1.3900274038314819336 1.3856635093688964844 1.3837968111038208008 1.3804552555084228516 1.3774706125259399414 1.3728549480438232422 1.3670829534530639648 1.3627604246139526367 1.3591417074203491211 1.3550612926483154297 1.3503946065902709961 1.3474193811416625977 1.3423005342483520508 1.3335405588150024414 1.3201459646224975586 1.3002849817276000977 1.2722915410995483398 1.2482831478118896484 1.2037607431411743164 1.1577825546264648438 1.1203476190567016602 1.0883947610855102539 1.0639594793319702148 1.0399765968322753906 0.98827421665191650391 0.93036347627639770508 0.88816636800765991211 0.88387560844421386719 0.8760235905647277832 0.8545093536376953125 0.83067291975021362305 0.82942104339599609375
1.4408729076385498047 1.4370344877243041992 1.4336261749267578125 1.4288352727890014648 1.4221937656402587891 1.4164376258850097656 1.4105383157730102539 1.4045879840850830078 1.4007272720336914063 1.394585728645324707 1.3866891860961914063 1.3821722269058227539 1.3809267282485961914 1.3776967525482177734 1.3745399713516235352 1.3705199956893920898 1.3656877279281616211 1.3620946407318115234 1.3586829900741577148 1.3538125753402709961 1.3485056161880493164 1.3457694053649902344 1.3414053916931152344 1.3343082666397094727 1.3244940042495727539 1.3124436140060424805 1.2979564666748046875 1.2861800193786621094 1.2630698680877685547 1.2346209287643432617 1.207022547721862793 1.1807206869125366211 1.1606907844543457031 1.144429326057434082 1.1058380603790283203 1.0480866432189941406 0.98978406190872192383 0.96726322174072265625 0.94456082582473754883 0.91063302755355834961 0.86989164352416992188 0.85028547048568725586
1.4393343925476074219 1.4357062578201293945 1.4324538707733154297 1.4279561042785644531 1.4216426610946655273 1.4158548116683959961 1.4094393253326416016 1.4031449556350708008 1.3991600275039672852 1.392569422721862793 1.3842332363128662109 1.3780726194381713867 1.3750847578048706055 1.3715999126434326172 1.3685610294342041016 1.3665701150894165039 1.3641269207000732422 1.3613587617874145508 1.3577975034713745117 1.3526211977005004883 1.3474863767623901367 1.3445621728897094727 1.3401758670806884766 1.3355474472045898438 1.3300111293792724609 1.3233696222305297852 1.3164126873016357422 1.311507105827331543 1.3020942211151123047 1.2888365983963012695 1.2752254009246826172 1.2613083124160766602 1.2479200363159179688 1.236315608024597168 1.2081342935562133789 1.161576390266418457 1.1030125617980957031 1.0570663213729858398 1.01171875 0.97035944461822509766 0.91932922601699829102 0.8782055974006652832
1.4373244047164916992 1.4342091083526611328 1.4311096668243408203 1.4267010688781738281 1.4210852384567260742 1.4156891107559204102 1.4090251922607421875 1.4024505615234375 1.3985102176666259766 1.3920215368270874023 1.38343048095703125 1.3760786056518554688 1.3711985349655151367 1.3670669794082641602 1.3641492128372192383 1.3638370037078857422 1.3636171817779541016 1.361301422119140625 1.3573770523071289063 1.3515636920928955078 1.3461580276489257813 1.3431223630905151367 1.3390959501266479492 1.335923314094543457 1.3325754404067993164 1.3282815217971801758 1.3239461183547973633 1.3212003707885742188 1.3169287443161010742 1.3110548257827758789 1.3049833774566650391 1.2980583906173706055 1.2895151376724243164 1.2813954353332519531 1.2611426115036010742 1.2238192558288574219 1.1682083606719970703 1.1121515035629272461 1.0502367019653320313 1.002764582633972168 0.94904589653015136719 0.89810800552368164063
1.4346678256988525391 1.432772517204284668 1.4299405813217163086 1.4250797033309936523 1.4199639558792114258 1.4152877330780029297 1.4092640876770019531 1.40306854248046875 1.3993033170700073242 1.3931077718734741211 1.3846154212951660156 1.3771297931671142578 1.3714342117309570313 1.3668568134307861328 1.3640918731689453125 1.3638975620269775391 1.3640886545181274414 1.3617441654205322266 1.3570457696914672852 1.3497002124786376953 1.343581080436706543 1.3411027193069458008 1.3386309146881103516 1.3363469839096069336 1.3330978155136108398 1.3288580179214477539 1.3247553110122680664 1.3219807147979736328 1.3177728652954101563 1.3134789466857910156 1.3095226287841796875 1.3044960498809814453 1.2985935211181640625 1.2934650182723999023 1.2799906730651855469 1.2516469955444335938 1.2052196264266967773 1.1531924009323120117 1.0833076238632202148 1.0253300666809082031 0.96537744998931884766 0.91726505756378173828
1.4311383962631225586 1.4300234317779541016 1.4271788597106933594 1.4220185279846191406 1.4178743362426757813 1.4149501323699951172 1.4104937314987182617 1.4053237438201904297 1.4018166065216064453 1.3958472013473510742 1.3877785205841064453 1.3802163600921630859 1.3736990690231323242 1.3685768842697143555 1.3660445213317871094 1.3652099370956420898 1.3649041652679443359 1.3625724315643310547 1.3570265769958496094 1.3475563526153564453 1.3408064842224121094 1.3392201662063598633 1.3385608196258544922 1.3375383615493774414 1.3347829580307006836 1.3304475545883178711 1.3260389566421508789 1.3227102756500244141 1.3173651695251464844 1.3128864765167236328 1.3099017143249511719 1.3058339357376098633 1.3015558719635009766 1.2985520362854003906 1.2911332845687866211 1.2747602462768554688 1.2454290390014648438 1.2049201726913452148 1.137265324592590332 1.0727671384811401367 1.0062909126281738281 0.96813601255416870117
