INPUT/RASTER/ASCII_standard/BIO15.asc
ncols        225
nrows        269
xllcorner    473009.983799999987
yllcorner    4429051.174800000153
cellsize     50.000000000000
NODATA_value  -9999
[rows 228 to 246 of 269, columns 84 to 125 of 225]
0.73911684751510620117 0.72264945507049560547 0.70562475919723510742 0.67968916893005371094 0.64864677190780639648 0.62165480852127075195 0.56562948226928710938 0.48232054710388183594 0.41280248761177062988 0.36380866169929504395 0.28900235891342163086 0.2284599989652633667 0.20037928223609924316 0.17570091784000396729 0.14815162122249603271 0.13123708963394165039 0.10927411913871765137 0.10275457054376602173 0.10804927349090576172 0.066378608345985412598 -0.011194934137165546417 -0.028686244040727615356 0.0057779238559305667877 0.086248323321342468262 0.17400947213172912598 0.21691146492958068848 0.20329558849334716797 0.17853297293186187744 0.12727092206478118896 0.071096532046794891357 0.024325583130121231079 -0.048562441021203994751 -0.17660090327262878418 -0.30885180830955505371 -0.4193795323371887207 -0.53240877389907836914 -0.57047617435455322266 -0.58680099248886108398 -0.62736994028091430664 -0.68995368480682373047 -0.72857844829559326172 -0.76076143980026245117
0.73396474123001098633 0.72029054164886474609 0.70856052637100219727 0.6920477747917175293 0.66984504461288452148 0.63356626033782958984 0.56343901157379150391 0.4838759005069732666 0.42621096968650817871 0.38765102624893188477 0.33108130097389221191 0.2879136204719543457 0.26369535923004150391 0.23221878707408905029 0.20031447708606719971 0.18247321248054504395 0.1542434394359588623 0.13236472010612487793 0.12785418331623077393 0.10035672783851623535 0.043197274208068847656 0.017903245985507965088 0.022044388577342033386 0.072807423770427703857 0.15436658263206481934 0.20188279449939727783 0.19107306003570556641 0.1685527414083480835 0.12920863926410675049 0.088335096836090087891 0.042646419256925582886 -0.03446699678897857666 -0.16527271270751953125 -0.29685610532760620117 -0.40219929814338684082 -0.5292332768440246582 -0.59740334749221801758 -0.62670892477035522461 -0.66413474082946777344 -0.71168339252471923828 -0.74049639701843261719 -0.76881039142608642578
0.72962915897369384766 0.71636968851089477539 0.70560532808303833008 0.69356423616409301758 0.67465370893478393555 0.63868600130081176758 0.56820881366729736328 0.4901491999626159668 0.43530982732772827148 0.40245285630226135254 0.36102846264839172363 0.33419203758239746094 0.31932538747787475586 0.29219084978103637695 0.26223722100257873535 0.24497921764850616455 0.21776691079139709473 0.19205811619758605957 0.17829318344593048096 0.14983011782169342041 0.095262922346591949463 0.056385423988103866577 0.017041316255927085876 0.018771653994917869568 0.087356515228748321533 0.15954463183879852295 0.17041270434856414795 0.15938261151313781738 0.13850191235542297363 0.11173677444458007813 0.063773378729820251465 -0.021214039996266365051 -0.14747680723667144775 -0.26345476508140563965 -0.35588845610618591309 -0.49575415253639221191 -0.61134326457977294922 -0.67248183488845825195 -0.7112751007080078125 -0.74115097522735595703 -0.75827288627624511719 -0.77798056602478027344
0.72510564327239990234 0.70878088474273681641 0.69675272703170776367 0.68701231479644775391 0.67197716236114501953 0.64363074302673339844 0.57821494340896606445 0.49337655305862426758 0.43268513679504394531 0.40262782573699951172 0.37912246584892272949 0.36953756213188171387 0.36358183622360229492 0.35524770617485046387 0.33769157528877258301 0.31932538747787475586 0.28144592046737670898 0.25370866060256958008 0.2422962188720703125 0.21569956839084625244 0.14795720577239990234 0.087434284389019012451 0.002045061672106385231 -0.034304980188608169556 0.030294273048639297485 0.12332420051097869873 0.15264272689819335938 0.14952552318572998047 0.12641547620296478271 0.08809531480073928833 0.033683661371469497681 -0.048225443810224533081 -0.16131950914859771729 -0.26171144843101501465 -0.34214946627616882324 -0.47584554553031921387 -0.60691046714782714844 -0.68694669008255004883 -0.72845530509948730469 -0.75436502695083618164 -0.76878452301025390625 -0.78481763601303100586
0.72107470035552978516 0.70320749282836914063 0.69025909900665283203 0.67900866270065307617 0.66539281606674194336 0.64210778474807739258 0.58184409141540527344 0.49289050698280334473 0.42889395356178283691 0.40177887678146362305 0.38859719038009643555 0.38852590322494506836 0.38524669408798217773 0.38197395205497741699 0.36560380458831787109 0.34224748611450195313 0.29769942164421081543 0.27038341760635375977 0.26314452290534973145 0.24306093156337738037 0.17739886045455932617 0.1085418015718460083 0.00044433772563934326172 -0.056345716118812561035 0.0029912383761256933212 0.099274456501007080078 0.13682989776134490967 0.13635681569576263428 0.10434881597757339478 0.044111046940088272095 -0.023391542956233024597 -0.099649511277675628662 -0.19895271956920623779 -0.29068002104759216309 -0.36625751852989196777 -0.49298042058944702148 -0.61599636077880859375 -0.69513821601867675781 -0.73778098821640014648 -0.76179832220077514648 -0.77539479732513427734 -0.79164177179336547852
0.7131811976432800293 0.69487333297729492188 0.68167871236801147461 0.66972190141677856445 0.6568253636360168457 0.63788241147994995117 0.58717119693756103516 0.50068676471710205078 0.4356727302074432373 0.41027501225471496582 0.40061235427856445313 0.40233621001243591309 0.40014573931694030762 0.39646473526954650879 0.3790187835693359375 0.35462555289268493652 0.30926090478897094727 0.28119316697120666504 0.27519854903221130371 0.26096051931381225586 0.20467597246170043945 0.1379251331090927124 0.026691025123000144958 -0.037733249366283416748 0.01137721724808216095 0.099092997610569000244 0.13100378215312957764 0.12544985115528106689 0.078393757343292236328 -0.0067297569476068019867 -0.089170277118682861328 -0.16534399986267089844 -0.26084303855895996094 -0.35064560174942016602 -0.42764237523078918457 -0.54525345563888549805 -0.642612457275390625 -0.70556563138961791992 -0.74529206752777099609 -0.76908910274505615234 -0.78223836421966552734 -0.7985890507698059082
0.70199561119079589844 0.68334424495697021484 0.6699746251106262207 0.65715587139129638672 0.64398717880249023438 0.63058519363403320313 0.59194099903106689453 0.51335644721984863281 0.449359893798828125 0.42415660619735717773 0.41511607170104980469 0.41667142510414123535 0.41475316882133483887 0.41121470928192138672 0.39554446935653686523 0.37351021170616149902 0.33124980330467224121 0.30023983120918273926 0.29124465584754943848 0.28079137206077575684 0.23634049296379089355 0.18170201778411865234 0.084978111088275909424 0.019627101719379425049 0.052237801253795623779 0.12068008631467819214 0.13701784610748291016 0.12036901712417602539 0.054344017058610916138 -0.053215555846691131592 -0.15187717974185943604 -0.23740898072719573975 -0.34484541416168212891 -0.44369497895240783691 -0.5205815434455871582 -0.61578899621963500977 -0.67773765325546264648 -0.71923983097076416016 -0.75319850444793701172 -0.77711212635040283203 -0.79031974077224731445 -0.80499196052551269531
0.69212555885314941406 0.67345476150512695313 0.65929448604583740234 0.64471948146820068359 0.62953531742095947266 0.61759144067764282227 0.58872008323669433594 0.52205348014831542969 0.46237954497337341309 0.43751323223114013672 0.42967811226844787598 0.4318167269229888916 0.42986607551574707031 0.42588692903518676758 0.4161529839038848877 0.39697667956352233887 0.36054241657257080078 0.32959723472595214844 0.31190502643585205078 0.29917699098587036133 0.26550346612930297852 0.22330139577388763428 0.14257176220417022705 0.076592132449150085449 0.08899612724781036377 0.13927958905696868896 0.14820346236228942871 0.12528784573078155518 0.049049314111471176147 -0.066306494176387786865 -0.17357443273067474365 -0.27451723814010620117 -0.40019029378890991211 -0.50924688577651977539 -0.57721608877182006836 -0.64722669124603271484 -0.69214415550231933594 -0.72551959753036499023 -0.75693136453628540039 -0.78159677982330322266 -0.79637914896011352539 -0.81013762950897216797
0.68628001213073730469 0.67067456245422363281 0.65620321035385131836 0.63814812898635864258 0.61696928739547729492 0.60011309385299682617 0.5816237330436706543 0.5287221074104309082 0.47210702300071716309 0.44820633530616760254 0.44265890121459960938 0.4463075101375579834 0.44440868496894836426 0.43812891840934753418 0.43241295218467712402 0.41670382022857666016 0.38833150267601013184 0.36338093876838684082 0.33764621615409851074 0.31522959470748901367 0.28411594033241271973 0.24510234594345092773 0.16884437203407287598 0.10079741477966308594 0.094964817166328430176 0.13554672896862030029 0.15121048688888549805 0.13215085864067077637 0.060805238783359527588 -0.040843971073627471924 -0.14283664524555206299 -0.2484455406665802002 -0.36838966608047485352 -0.46492561697959899902 -0.52538371086120605469 -0.59628218412399291992 -0.66001302003860473633 -0.71038722991943359375 -0.75002944469451904297 -0.77674275636672973633 -0.79658651351928710938 -0.81471943855285644531
0.68179535865783691406 0.67657196521759033203 0.66569089889526367188 0.64108383655548095703 0.60780560970306396484 0.58673697710037231445 0.58183115720748901367 0.54054933786392211914 0.48467302322387695313 0.45996874570846557617 0.45426577329635620117 0.45784309506416320801 0.4548619687557220459 0.44617140293121337891 0.43974259495735168457 0.42632761597633361816 0.40456554293632507324 0.38306918740272521973 0.35373121500015258789 0.32433494925498962402 0.29299443960189819336 0.25463539361953735352 0.17977078258991241455 0.11276071518659591675 0.094154730439186096191 0.12314922362565994263 0.13705672323703765869 0.11926082521677017212 0.060059960931539535522 -0.018336625769734382629 -0.11104251444339752197 -0.20722204446792602539 -0.30194342136383056641 -0.37985396385192871094 -0.43550342321395874023 -0.51474249362945556641 -0.60431820154190063477 -0.68462657928466796875 -0.74181199073791503906 -0.77257567644119262695 -0.79755866527557373047 -0.81958639621734619141
0.67893737554550170898 0.67714875936508178711 0.66952747106552124023 0.64435011148452758789 0.6065095067024230957 0.58542788028717041016 0.58330225944519042969 0.54660874605178833008 0.49659097194671630859 0.47271621227264404297 0.46370807290077209473 0.4630470573902130127 0.4585818946361541748 0.44925621151924133301 0.44164142012596130371 0.4291337430477142334 0.40864187479019165039 0.38487082719802856445 0.35406821966171264648 0.32441270351409912109 0.29755035042762756348 0.26417493820190429688 0.194883689284324646 0.13140559196472167969 0.10931300371885299683 0.11999313533306121826 0.10256015509366989136 0.070150353014469146729 0.019348433241248130798 -0.046164594590663909912 -0.12933743000030517578 -0.212400093674659729 -0.2904078364372253418 -0.35795578360557556152 -0.40890675783157348633 -0.4849249422550201416 -0.57842147350311279297 -0.67629897594451904297 -0.74689280986785888672 -0.77881658077239990234 -0.80343657732009887695 -0.82298231124877929688
0.67769312858581542969 0.66928118467330932617 0.66049343347549438477 0.63969695568084716797 0.6095294952392578125 0.59191507101058959961 0.57774829864501953125 0.53971976041793823242 0.50012290477752685547 0.48083001375198364258 0.47088217735290527344 0.46714931726455688477 0.46050015091896057129 0.45059770345687866211 0.44239318370819091797 0.42881619930267333984 0.40627643465995788574 0.37759950757026672363 0.34481382369995117188 0.31552770733833312988 0.29231399297714233398 0.26506927609443664551 0.20589433610439300537 0.15207241475582122803 0.13462647795677185059 0.12228081375360488892 0.05953502655029296875 0.0056029460392892360687 -0.051388010382652282715 -0.12032282352447509766 -0.19361265003681182861 -0.2674274146556854248 -0.34476763010025024414 -0.40380001068115234375 -0.44552901387214660645 -0.5121631622314453125 -0.59980118274688720703 -0.69543635845184326172 -0.7614224553108215332 -0.7880904078483581543 -0.80895811319351196289 -0.82454413175582885742
0.67348718643188476563 0.66000735759735107422 0.64911985397338867188 0.62934738397598266602 0.60444867610931396484 0.58880430459976196289 0.56571370363235473633 0.52568912506103515625 0.49362930655479431152 0.47978660464286804199 0.47326058149337768555 0.4691842496395111084 0.45981320738792419434 0.44787582755088806152 0.43811595439910888672 0.42304190993309020996 0.39511024951934814453 0.35962861776351928711 0.32574123144149780273 0.29974728822708129883 0.2815431058406829834 0.2594699859619140625 0.21264070272445678711 0.1702766120433807373 0.14727024734020233154 0.10339615494012832642 0.0038337246514856815338 -0.066896237432956695557 -0.13620045781135559082 -0.21083177626132965088 -0.27550879120826721191 -0.34554532170295715332 -0.4297809898853302002 -0.48752370476722717285 -0.52233135700225830078 -0.57792896032333374023 -0.6519381403923034668 -0.72971254587173461914 -0.77873879671096801758 -0.79765588045120239258 -0.81298911571502685547 -0.82619023323059082031
0.66287833452224731445 0.64881527423858642578 0.63750654458999633789 0.61729335784912109375 0.59305566549301147461 0.576892852783203125 0.55192285776138305664 0.51215749979019165039 0.48402497172355651855 0.47467336058616638184 0.47315689921379089355 0.46858155727386474609 0.45516657829284667969 0.4406369328498840332 0.42977532744407653809 0.41118231415748596191 0.37645891308784484863 0.33826836943626403809 0.30745929479598999023 0.28578794002532958984 0.2702732384204864502 0.25239956378936767578 0.21679480373859405518 0.17882460355758666992 0.13583835959434509277 0.052801616489887237549 -0.073383383452892303467 -0.15199382603168487549 -0.23241886496543884277 -0.31577962636947631836 -0.37070325016975402832 -0.43256118893623352051 -0.51804113388061523438 -0.57929635047912597656 -0.61377352476119995117 -0.65860670804977416992 -0.70982992649078369141 -0.76178538799285888672 -0.79442197084426879883 -0.80818045139312744141 -0.81973546743392944336 -0.83158212900161743164
0.63881564140319824219 0.63033241033554077148 0.62241953611373901367 0.60481154918670654297 0.58255696296691894531 0.56483232975006103516 0.54023176431655883789 0.50434833765029907227 0.48015600442886352539 0.47182837128639221191 0.47062295675277709961 0.46228232979774475098 0.44512155652046203613 0.42731267213821411133 0.41486331820487976074 0.39320495724678039551 0.35889631509780883789 0.32718643546104431152 0.3033116757869720459 0.28133574128150939941 0.25945052504539489746 0.24225734174251556396 0.21371001005172729492 0.17230504751205444336 0.098360680043697357178 -0.023365620523691177368 -0.16653643548488616943 -0.24902231991291046143 -0.34335485100746154785 -0.4389705657958984375 -0.48073843121528625488 -0.52522170543670654297 -0.60123342275619506836 -0.66182762384414672852 -0.69640845060348510742 -0.73194193840026855469 -0.75893390178680419922 -0.78560179471969604492 -0.80766201019287109375 -0.819385528564453125 -0.83103126287460327148 -0.84287792444229125977
0.60424774885177612305 0.60499304533004760742 0.60301643610000610352 0.59018468856811523438 0.57086586952209472656 0.55204600095748901367 0.52952569723129272461 0.50243002176284790039 0.48600158095359802246 0.47445303201675415039 0.46539953351020812988 0.44943767786026000977 0.42787650227546691895 0.40729391574859619141 0.39294573664665222168 0.37299177050590515137 0.34837171435356140137 0.3299795985221862793 0.31141898036003112793 0.28145238757133483887 0.24631422758102416992 0.22508357465267181396 0.19581690430641174316 0.14489184319972991943 0.04513499140739440918 -0.093855798244476318359 -0.23996235430240631104 -0.32868263125419616699 -0.43559414148330688477 -0.52355617284774780273 -0.55217480659484863281 -0.58071565628051757813 -0.64325404167175292969 -0.69726389646530151367 -0.73148179054260253906 -0.76409900188446044922 -0.78172636032104492188 -0.79870569705963134766 -0.81740242242813110352 -0.82843899726867675781 -0.8420613408088684082 -0.85457551479339599609
0.57492923736572265625 0.58190244436264038086 0.58519458770751953125 0.57610869407653808594 0.55837762355804443359 0.53960961103439331055 0.51813918352127075195 0.49621510505676269531 0.48479616641998291016 0.47462153434753417969 0.46269062161445617676 0.44230893254280090332 0.41594558954238891602 0.39172735810279846191 0.37599229812622070313 0.35982304811477661133 0.34162533283233642578 0.32690775394439697266 0.30688899755477905273 0.27053245902061462402 0.22859609127044677734 0.20380756258964538574 0.1671075671911239624 0.10998699069023132324 0.022355461493134498596 -0.096182353794574737549 -0.23214668035507202148 -0.32467758655548095703 -0.44612520933151245117 -0.53390580415725708008 -0.56414461135864257813 -0.59262061119079589844 -0.64239209890365600586 -0.68843722343444824219 -0.73526650667190551758 -0.77465599775314331055 -0.79354065656661987305 -0.80598348379135131836 -0.82249623537063598633 -0.83524370193481445313 -0.85156202316284179688 -0.86247545480728149414
0.54498857259750366211 0.55496877431869506836 0.56270021200180053711 0.55960893630981445313 0.54634952545166015625 0.52848231792449951172 0.5081589818000793457 0.48990291357040405273 0.4813614189624786377 0.47331890463829040527 0.46142041683197021484 0.43740308284759521484 0.40552470088005065918 0.37847441434860229492 0.36340036988258361816 0.35067883133888244629 0.33455494046211242676 0.31725156307220458984 0.29246303439140319824 0.25122657418251037598 0.20616652071475982666 0.18149463832378387451 0.14461317658424377441 0.089352563023567199707 0.015142482705414295197 -0.079585373401641845703 -0.18925116956233978271 -0.26685062050819396973 -0.37553134560585021973 -0.46234631538391113281 -0.51325196027755737305 -0.5558363795280456543 -0.59869951009750366211 -0.63746678829193115234 -0.70191055536270141602 -0.75607591867446899414 -0.78649616241455078125 -0.79914641380310058594 -0.81561374664306640625 -0.83311802148818969727 -0.85333770513534545898 -0.86313647031784057617
0.51994729042053222656 0.52911096811294555664 0.53646004199981689453 0.53860509395599365234 0.53246146440505981445 0.51719301939010620117 0.49842500686645507813 0.48466005921363830566 0.47889876365661621094 0.47208109498023986816 0.46142688393592834473 0.43467471003532409668 0.39437147974967956543 0.36589542031288146973 0.35259062051773071289 0.34234470129013061523 0.32443863153457641602 0.3023071587085723877 0.2707074582576751709 0.22288015484809875488 0.17694520950317382813 0.15870861709117889404 0.13216382265090942383 0.080383323132991790771 0.014980466105043888092 -0.05712987855076789856 -0.13582457602024078369 -0.19203785061836242676 -0.27797144651412963867 -0.36144238710403442383 -0.42490753531455993652 -0.4790210723876953125 -0.52080839872360229492 -0.55454671382904052734 -0.62031251192092895508 -0.69094526767730712891 -0.74544113874435424805 -0.76520717144012451172 -0.78575736284255981445 -0.81232160329818725586 -0.84185397624969482422 -0.85706406831741333008
