INPUT/RASTER/ASCII_standard/BIO14.asc
ncols        225
nrows        269
xllcorner    473009.983799999987
yllcorner    4429051.174800000153
cellsize     50.000000000000
NODATA_value  -9999
[rows 247 to 265 of 269, columns 84 to 125 of 225]
-2.3103268146514892578 -2.3469421863555908203 -2.3708274364471435547 -2.396747589111328125 -2.4231374263763427734 -2.4337890148162841797 -2.4406380653381347656 -2.4522268772125244141 -2.4614341259002685547 -2.4768221378326416016 -2.4931955337524414063 -2.4866461753845214844 -2.456508636474609375 -2.4439744949340820313 -2.4452691078186035156 -2.4479053020477294922 -2.4432671070098876953 -2.4273102283477783203 -2.4000754356384277344 -2.3634705543518066406 -2.3378551006317138672 -2.3460788726806640625 -2.3587009906768798828 -2.321563720703125 -2.2659502029418945313 -2.2167274951934814453 -2.1663975715637207031 -2.1278498172760009766 -2.0580132007598876953 -1.9799970388412475586 -1.9118895530700683594 -1.8530074357986450195 -1.8121677637100219727 -1.7782982587814331055 -1.6970572471618652344 -1.5793645381927490234 -1.467451930046081543 -1.4310517311096191406 -1.3964477777481079102 -1.338574528694152832 -1.2713799476623535156 -1.2458691596984863281
-2.3112988471984863281 -2.3468906879425048828 -2.3668069839477539063 -2.3882243633270263672 -2.4114143848419189453 -2.4244806766510009766 -2.4403522014617919922 -2.4570140838623046875 -2.4672255516052246094 -2.4854004383087158203 -2.5036127567291259766 -2.5076184272766113281 -2.4929342269897460938 -2.48531341552734375 -2.4861619472503662109 -2.4735057353973388672 -2.4481666088104248047 -2.4209613800048828125 -2.3966684341430664063 -2.3874080181121826172 -2.391010284423828125 -2.4059085845947265625 -2.4252064228057861328 -2.4025225639343261719 -2.3598797321319580078 -2.3264429569244384766 -2.3017206192016601563 -2.2870609760284423828 -2.2584722042083740234 -2.2125155925750732422 -2.1674985885620117188 -2.12851715087890625 -2.0910036563873291016 -2.0562202930450439453 -1.9751046895980834961 -1.8535667657852172852 -1.7163262367248535156 -1.6212285757064819336 -1.535719752311706543 -1.4594687223434448242 -1.3704282045364379883 -1.3048844337463378906
-2.3097274303436279297 -2.3452434539794921875 -2.3641352653503417969 -2.3744497299194335938 -2.3843398094177246094 -2.3987052440643310547 -2.42810821533203125 -2.4533071517944335938 -2.4650032520294189453 -2.4843575954437255859 -2.5063691139221191406 -2.5191297531127929688 -2.5193831920623779297 -2.5184538364410400391 -2.5190329551696777344 -2.4970452785491943359 -2.4574477672576904297 -2.4305031299591064453 -2.4206748008728027344 -2.4379792213439941406 -2.4577405452728271484 -2.4660425186157226563 -2.4712860584259033203 -2.4562666416168212891 -2.4303636550903320313 -2.4086728096008300781 -2.39543914794921875 -2.3927769660949707031 -2.3913283348083496094 -2.3644924163818359375 -2.3298075199127197266 -2.3038706779479980469 -2.2711658477783203125 -2.2377963066101074219 -2.1588037014007568359 -2.0338752269744873047 -1.8797212839126586914 -1.7508612871170043945 -1.6233315467834472656 -1.5304275751113891602 -1.4335266351699829102 -1.3487844467163085938
-2.2952287197113037109 -2.3281140327453613281 -2.3448522090911865234 -2.3477628231048583984 -2.3515479564666748047 -2.3730113506317138672 -2.4108717441558837891 -2.4411947727203369141 -2.4553649425506591797 -2.4774782657623291016 -2.5040946006774902344 -2.5207395553588867188 -2.5273387432098388672 -2.5300357341766357422 -2.5304312705993652344 -2.5094563961029052734 -2.4707415103912353516 -2.4509055614471435547 -2.4559938907623291016 -2.4843332767486572266 -2.5031092166900634766 -2.5038714408874511719 -2.4937338829040527344 -2.4731321334838867188 -2.4546408653259277344 -2.44609832763671875 -2.4426138401031494141 -2.4465069770812988281 -2.4549040794372558594 -2.4338238239288330078 -2.3993017673492431641 -2.3799214363098144531 -2.3571929931640625 -2.3305678367614746094 -2.2618463039398193359 -2.1448895931243896484 -1.9944171905517578125 -1.8605402708053588867 -1.7037520408630371094 -1.5830608606338500977 -1.4710358381271362305 -1.3899315595626831055
-2.2684521675109863281 -2.2950432300567626953 -2.3033471107482910156 -2.3023669719696044922 -2.3144576549530029297 -2.3498325347900390625 -2.3921706676483154297 -2.4252595901489257813 -2.4429056644439697266 -2.4689617156982421875 -2.4973692893981933594 -2.5172688961029052734 -2.5297369956970214844 -2.5356581211090087891 -2.5347712039947509766 -2.5177593231201171875 -2.4836399555206298828 -2.4657053947448730469 -2.4790637493133544922 -2.5191323757171630859 -2.538448333740234375 -2.5330524444580078125 -2.5106019973754882813 -2.4786317348480224609 -2.4486029148101806641 -2.4401371479034423828 -2.4499802589416503906 -2.4659771919250488281 -2.4883205890655517578 -2.4826686382293701172 -2.4588155746459960938 -2.4481203556060791016 -2.4375898838043212891 -2.4157221317291259766 -2.3570108413696289063 -2.2640328407287597656 -2.1434042453765869141 -2.0193548202514648438 -1.8437697887420654297 -1.694573521614074707 -1.5609641075134277344 -1.4944899082183837891
-2.2299542427062988281 -2.2466323375701904297 -2.2437567710876464844 -2.2393043041229248047 -2.2655477523803710938 -2.3193292617797851563 -2.3686451911926269531 -2.4072120189666748047 -2.4297914505004882813 -2.4558632373809814453 -2.4823391437530517578 -2.5098640918731689453 -2.5336449146270751953 -2.5445866584777832031 -2.5451729297637939453 -2.5295748710632324219 -2.4950642585754394531 -2.4705317020416259766 -2.485996246337890625 -2.5407369136810302734 -2.5597882270812988281 -2.5516264438629150391 -2.5278899669647216797 -2.4925439357757568359 -2.4507060050964355469 -2.4247438907623291016 -2.4246838092803955078 -2.4504325389862060547 -2.4984564781188964844 -2.5226700305938720703 -2.5192925930023193359 -2.5137503147125244141 -2.5021789073944091797 -2.4801177978515625 -2.4302608966827392578 -2.3682913780212402344 -2.2887578010559082031 -2.1898550987243652344 -2.0237576961517333984 -1.8839943408966064453 -1.7579028606414794922 -1.6976600885391235352
-2.1667835712432861328 -2.1757354736328125 -2.1623213291168212891 -2.1559636592864990234 -2.2048275470733642578 -2.2772474288940429688 -2.3333303928375244141 -2.3759236335754394531 -2.3975560665130615234 -2.4176919460296630859 -2.4492843151092529297 -2.4943890571594238281 -2.5368480682373046875 -2.5590825080871582031 -2.5648870468139648438 -2.5518641471862792969 -2.5182158946990966797 -2.4878380298614501953 -2.5022373199462890625 -2.5670440196990966797 -2.5859158039093017578 -2.5765414237976074219 -2.5562555789947509766 -2.5264065265655517578 -2.4844274520874023438 -2.4462213516235351563 -2.4322731494903564453 -2.4494576454162597656 -2.5037400722503662109 -2.5523591041564941406 -2.5687611103057861328 -2.5655682086944580078 -2.5445778369903564453 -2.5199599266052246094 -2.4855120182037353516 -2.4657132625579833984 -2.4252743721008300781 -2.3428695201873779297 -2.2044382095336914063 -2.108493804931640625 -2.0292668342590332031 -1.960147857666015625
-2.0790314674377441406 -2.0827164649963378906 -2.0715692043304443359 -2.0755999088287353516 -2.13434600830078125 -2.2106721401214599609 -2.2703642845153808594 -2.3158497810363769531 -2.3348584175109863281 -2.3535890579223632813 -2.4006052017211914063 -2.4707772731781005859 -2.5388264656066894531 -2.5791356563568115234 -2.5928354263305664063 -2.5850656032562255859 -2.5603029727935791016 -2.5415122509002685547 -2.5564560890197753906 -2.6074819564819335938 -2.6229937076568603516 -2.6147623062133789063 -2.5986127853393554688 -2.5782914161682128906 -2.5472400188446044922 -2.5123975276947021484 -2.4926562309265136719 -2.491001129150390625 -2.5188257694244384766 -2.5662634372711181641 -2.5988445281982421875 -2.606273651123046875 -2.5842256546020507813 -2.5629103183746337891 -2.5467810630798339844 -2.5493361949920654297 -2.523921966552734375 -2.4567334651947021484 -2.3550403118133544922 -2.3031876087188720703 -2.2634665966033935547 -2.1659777164459228516
-1.9983121156692504883 -2.0091946125030517578 -2.0102617740631103516 -2.0179705619812011719 -2.0562212467193603516 -2.1263933181762695313 -2.1966683864593505859 -2.2487127780914306641 -2.267791748046875 -2.2895925045013427734 -2.3565683364868164063 -2.4516103267669677734 -2.5420045852661132813 -2.5997140407562255859 -2.6220023632049560547 -2.621234893798828125 -2.6099760532379150391 -2.6096704006195068359 -2.6242761611938476563 -2.6459085941314697266 -2.6550495624542236328 -2.65215301513671875 -2.6434884071350097656 -2.6345033645629882813 -2.6222784519195556641 -2.5995457172393798828 -2.5786833763122558594 -2.5599293708801269531 -2.5483560562133789063 -2.5767574310302734375 -2.6212496757507324219 -2.6415989398956298828 -2.6229579448699951172 -2.608661651611328125 -2.5999517440795898438 -2.5890729427337646484 -2.5532650947570800781 -2.4995043277740478516 -2.4322941303253173828 -2.3981206417083740234 -2.3543651103973388672 -2.2358841896057128906
-1.9672337770462036133 -2.0056638717651367188 -2.0162875652313232422 -2.0007879734039306641 -1.9946916103363037109 -2.0587544441223144531 -2.1485738754272460938 -2.2155661582946777344 -2.2462360858917236328 -2.2845065593719482422 -2.3614528179168701172 -2.4620850086212158203 -2.5541386604309082031 -2.6137125492095947266 -2.6391415596008300781 -2.6438405513763427734 -2.6418402194976806641 -2.6469914913177490234 -2.6549425125122070313 -2.6631686687469482422 -2.6729595661163330078 -2.6751644611358642578 -2.6757447719573974609 -2.6767315864562988281 -2.6741461753845214844 -2.6553361415863037109 -2.6314918994903564453 -2.6066248416900634766 -2.5810260772705078125 -2.5896887779235839844 -2.6323003768920898438 -2.6577465534210205078 -2.6359164714813232422 -2.6217498779296875 -2.611118316650390625 -2.5898358821868896484 -2.5451989173889160156 -2.4929106235504150391 -2.4445328712463378906 -2.4152317047119140625 -2.3606531620025634766 -2.2423863410949707031
-1.9726864099502563477 -2.0398426055908203125 -2.0615971088409423828 -2.0257229804992675781 -1.9802087545394897461 -2.0294322967529296875 -2.1264464855194091797 -2.2117819786071777344 -2.2701046466827392578 -2.3549218177795410156 -2.4356524944305419922 -2.5127651691436767578 -2.5826828479766845703 -2.6296327114105224609 -2.6513428688049316406 -2.6533055305480957031 -2.6467614173889160156 -2.6531233787536621094 -2.6616179943084716797 -2.6722285747528076172 -2.686824798583984375 -2.694385528564453125 -2.7040057182312011719 -2.7113661766052246094 -2.7072393894195556641 -2.6855747699737548828 -2.6588399410247802734 -2.6244347095489501953 -2.5964784622192382813 -2.5923666954040527344 -9999 -9999 -9999 -9999 -9999 -9999 -9999 -9999 -9999 -9999 -9999 -9999
-2.0122401714324951172 -2.0869910717010498047 -2.1196515560150146484 -2.0889799594879150391 -2.0293548107147216797 -2.049678802490234375 -2.1360177993774414063 -2.2335677146911621094 -2.3102979660034179688 -2.4250557422637939453 -2.5169126987457275391 -2.5734827518463134766 -2.6172084808349609375 -2.6471385955810546875 -2.6610743999481201172 -2.6504960060119628906 -2.6246166229248046875 -2.6314752101898193359 -2.655033111572265625 -2.6791090965270996094 -2.6985881328582763672 -2.7105741500854492188 -2.7251024246215820313 -2.7338714599609375 -2.7281157970428466797 -2.6960930824279785156 -2.6789827346801757813 -9999 -9999 -9999 -9999 -9999 -9999 -9999 -9999 -9999 -9999 -9999 -9999 -9999 -9999 -9999
-2.0786976814270019531 -2.1422317028045654297 -2.1808264255523681641 -2.1749253273010253906 -2.1225132942199707031 -2.1103336811065673828 -2.1714222431182861328 -2.2682657241821289063 -2.3448705673217773438 -2.4627077579498291016 -2.5598394870758056641 -2.6104536056518554688 -2.6426208019256591797 -2.6626086235046386719 -2.67111968994140625 -2.6533830165863037109 -2.6144983768463134766 -2.6223814487457275391 -2.6577465534210205078 -2.6909880638122558594 -2.7107474803924560547 -2.7273342609405517578 -2.7415950298309326172 -2.7437310218811035156 -2.7374711036682128906 -9999 -9999 -9999 -9999 -9999 -9999 -9999 -9999 -9999 -9999 -9999 -9999 -9999 -9999 -9999 -9999 -9999
-2.1639068126678466797 -2.2235922813415527344 -2.2698321342468261719 -2.2876446247100830078 -2.2551417350769042969 -2.2211372852325439453 -2.2328855991363525391 -2.3066270351409912109 -2.3769872188568115234 -2.4880173206329345703 -2.5852015018463134766 -2.6363780498504638672 -2.6647689342498779297 -2.6798870563507080078 -2.6843802928924560547 -2.6690211296081542969 -2.6422131061553955078 -2.6525518894195556641 -2.6836426258087158203 -2.7141928672790527344 -2.7294111251831054688 -2.7437319755554199219 -2.7498562335968017578 -2.7494494915008544922 -9999 -9999 -9999 -9999 -9999 -9999 -9999 -9999 -9999 -9999 -9999 -9999 -9999 -9999 -9999 -9999 -9999 -9999
-2.2481813430786132813 -2.3207962512969970703 -2.3823275566101074219 -2.4204795360565185547 -2.4070515632629394531 -2.3752477169036865234 -2.3581600189208984375 -2.3955628871917724609 -2.4470419883728027344 -2.5334479808807373047 -2.6144015789031982422 -2.6616721153259277344 -2.6860425472259521484 -2.6960268020629882813 -2.6980504989624023438 -2.6891412734985351563 -2.6777744293212890625 -2.6871750354766845703 -2.7101132869720458984 -2.7324140071868896484 -2.7405252456665039063 -2.7463603019714355469 -2.75211334228515625 -9999 -9999 -9999 -9999 -9999 -9999 -9999 -9999 -9999 -9999 -9999 -9999 -9999 -9999 -9999 -9999 -9999 -9999 -9999
-2.3022806644439697266 -2.3760099411010742188 -2.4461209774017333984 -2.5010054111480712891 -2.5069518089294433594 -2.49725341796875 -2.4909236431121826172 -2.5070896148681640625 -2.5355727672576904297 -2.5892653465270996094 -2.645809173583984375 -2.6836643218994140625 -2.7009444236755371094 -2.7064502239227294922 -2.7076280117034912109 -2.7038540840148925781 -2.7007527351379394531 -2.7088031768798828125 -2.72527313232421875 -2.737506866455078125 -2.7434670925140380859 -9999 -9999 -9999 -9999 -9999 -9999 -9999 -9999 -9999 -9999 -9999 -9999 -9999 -9999 -9999 -9999 -9999 -9999 -9999 -9999 -9999
-2.3432903289794921875 -2.4040174484252929688 -2.466335296630859375 -2.5258429050445556641 -2.5548748970031738281 -2.5714242458343505859 -2.5857789516448974609 -2.6002757549285888672 -2.6162614822387695313 -2.6465818881988525391 -2.6801822185516357422 -2.704402923583984375 -2.7127478122711181641 -2.7144238948822021484 -2.7147390842437744141 -2.7116553783416748047 -2.7156233787536621094 -2.7199163436889648438 -2.7301716804504394531 -2.7355206012725830078 -9999 -9999 -9999 -9999 -9999 -9999 -9999 -9999 -9999 -9999 -9999 -9999 -9999 -9999 -9999 -9999 -9999 -9999 -9999 -9999 -9999 -9999
-2.3720643520355224609 -2.4132611751556396484 -2.4458336830139160156 -2.4933540821075439453 -2.5529844760894775391 -2.5998299121856689453 -2.634464263916015625 -2.6621730327606201172 -2.6794514656066894531 -2.6994130611419677734 -2.7150738239288330078 -2.7254152297973632813 -2.7264492511749267578 -2.7242155075073242188 -2.722263336181640625 -2.7172262668609619141 -2.7246885299682617188 -2.7271225452423095703 -9999 -9999 -9999 -9999 -9999 -9999 -9999 -9999 -9999 -9999 -9999 -9999 -9999 -9999 -9999 -9999 -9999 -9999 -9999 -9999 -9999 -9999 -9999 -9999
-2.3691999912261962891 -2.3763678073883056641 -2.3667879104614257813 -2.4013421535491943359 -2.4933297634124755859 -2.5711114406585693359 -2.6333675384521484375 -2.6807546615600585938 -2.7031266689300537109 -2.7254247665405273438 -2.7397246360778808594 -2.7448165416717529297 -2.7427780628204345703 -2.7361643314361572266 -2.7284903526306152344 -2.7219784259796142578 -2.7278883457183837891 -2.7281279563903808594 -9999 -9999 -9999 -9999 -9999 -9999 -9999 -9999 -9999 -9999 -9999 -9999 -9999 -9999 -9999 -9999 -9999 -9999 -9999 -9999 -9999 -9999 -9999 -9999
