INPUT/RASTER/ASCII_standard/BIO12.asc
ncols        225
nrows        269
xllcorner    473009.983799999987
yllcorner    4429051.174800000153
cellsize     50.000000000000
NODATA_value  -9999
[rows 228 to 246 of 269, columns 84 to 125 of 225]
-1.9823589324951171875 -1.9884855747222900391 -1.9870762825012207031 -1.97527313232421875 -1.9639955759048461914 -1.9588115215301513672 -1.9183975458145141602 -1.8418667316436767578 -1.7736879587173461914 -1.7246463298797607422 -1.6506751775741577148 -1.5992320775985717773 -1.5909824371337890625 -1.5851193666458129883 -1.5744771957397460938 -1.5693608522415161133 -1.5661492347717285156 -1.5865000486373901367 -1.6232402324676513672 -1.5953022241592407227 -1.5119853019714355469 -1.5066536664962768555 -1.5831106901168823242 -1.7274816036224365234 -1.8777456283569335938 -1.964108586311340332 -1.9738774299621582031 -1.9592241048812866211 -1.9162595272064208984 -1.8725404739379882813 -1.8373044729232788086 -1.765879511833190918 -1.6160972118377685547 -1.4441543817520141602 -1.2848516702651977539 -1.1276464462280273438 -1.098360896110534668 -1.1103054285049438477 -1.0785430669784545898 -0.99601513147354125977 -0.94501167535781860352 -0.9184258580207824707
-1.9950006008148193359 -2.0045211315155029297 -2.0095334053039550781 -2.0094401836395263672 -2.0092263221740722656 -1.9925794601440429688 -1.9348080158233642578 -1.8635696172714233398 -1.8112953901290893555 -1.7767835855484008789 -1.7290700674057006836 -1.7028155326843261719 -1.7002196311950683594 -1.6851658821105957031 -1.6690957546234130859 -1.663042902946472168 -1.6507925987243652344 -1.6490340232849121094 -1.6715348958969116211 -1.664572596549987793 -1.6118707656860351563 -1.5940796136856079102 -1.6284649372100830078 -1.7325993776321411133 -1.8751317262649536133 -1.9678772687911987305 -1.9813290834426879883 -1.9695109128952026367 -1.942151188850402832 -1.9187588691711425781 -1.8853809833526611328 -1.8092777729034423828 -1.6573137044906616211 -1.4883521795272827148 -1.3394627571105957031 -1.1599086523056030273 -1.0786063671112060547 -1.0674628019332885742 -1.0407670736312866211 -0.98486256599426269531 -0.95171499252319335938 -0.93236392736434936523
-2.0155336856842041016 -2.0255208015441894531 -2.0316324234008789063 -2.0370106697082519531 -2.0408487319946289063 -2.0246202945709228516 -1.9667977094650268555 -1.8981009721755981445 -1.849971771240234375 -1.8234025239944458008 -1.7966164350509643555 -1.7927031517028808594 -1.8027160167694091797 -1.7937210798263549805 -1.7810913324356079102 -1.7764252424240112305 -1.7656883001327514648 -1.7587846517562866211 -1.7680506706237792969 -1.760201573371887207 -1.7131820917129516602 -1.6769493818283081055 -1.6505893468856811523 -1.6897808313369750977 -1.8178420066833496094 -1.9448719024658203125 -1.9867434501647949219 -1.9897141456604003906 -1.9864724874496459961 -1.981740117073059082 -1.9459229707717895508 -1.8605160713195800781 -1.7176946401596069336 -1.5751260519027709961 -1.4508681297302246094 -1.2540228366851806641 -1.0922312736511230469 -1.0245342254638671875 -0.99488437175750732422 -0.97072118520736694336 -0.95909732580184936523 -0.95599412918090820313
-2.0398263931274414063 -2.0460779666900634766 -2.0506219863891601563 -2.0588369369506835938 -2.0674223899841308594 -2.0605595111846923828 -2.0094747543334960938 -1.9328972101211547852 -1.8776899576187133789 -1.8550399541854858398 -1.8521550893783569336 -1.8709279298782348633 -1.8925268650054931641 -1.9085247516632080078 -1.9128115177154541016 -1.9071410894393920898 -1.8830471038818359375 -1.873867034912109375 -1.8860418796539306641 -1.8810340166091918945 -1.8179384469985961914 -1.7527966499328613281 -1.6603567600250244141 -1.639905095100402832 -1.7620911598205566406 -1.9189877510070800781 -1.9854470491409301758 -1.9986352920532226563 -1.9925222396850585938 -1.9727104902267456055 -1.9280850887298583984 -1.8462828397750854492 -1.7216004133224487305 -1.6020340919494628906 -1.4977595806121826172 -1.3132202625274658203 -1.1264704465866088867 -1.0255912542343139648 -0.99098163843154907227 -0.97398704290390014648 -0.96742826700210571289 -0.97131443023681640625
-2.0528550148010253906 -2.0572650432586669922 -2.0606875419616699219 -2.0671498775482177734 -2.0775210857391357422 -2.0767967700958251953 -2.0321774482727050781 -1.9507968425750732422 -1.8916250467300415039 -1.8729289770126342773 -1.8835575580596923828 -1.9145174026489257813 -1.9394108057022094727 -1.9618484973907470703 -1.967747807502746582 -1.955857396125793457 -1.9236238002777099609 -1.9151738882064819336 -1.9327270984649658203 -1.9363858699798583984 -1.8770303726196289063 -1.8013623952865600586 -1.6779009103775024414 -1.6281020641326904297 -1.743503570556640625 -1.9058115482330322266 -1.9833526611328125 -1.9999513626098632813 -1.9821857213973999023 -1.9331517219543457031 -1.8700727224349975586 -1.7944105863571166992 -1.6870886087417602539 -1.5785274505615234375 -1.4807544946670532227 -1.3064476251602172852 -1.1330487728118896484 -1.0336015224456787109 -0.99687337875366210938 -0.98329967260360717773 -0.97829324007034301758 -0.9817879796028137207
-2.0609796047210693359 -2.064861297607421875 -2.0679404735565185547 -2.0735926628112792969 -2.0848658084869384766 -2.0893542766571044922 -2.0565047264099121094 -1.978651881217956543 -1.9186158180236816406 -1.9023288488388061523 -1.9175062179565429688 -1.9504911899566650391 -1.9765756130218505859 -1.9983386993408203125 -2.0028707981109619141 -1.9897849559783935547 -1.9569264650344848633 -1.9476183652877807617 -1.9666727781295776367 -1.9778945446014404297 -1.9315646886825561523 -1.8597271442413330078 -1.7338626384735107422 -1.6742150783538818359 -1.7744784355163574219 -1.9243118762969970703 -1.9942251443862915039 -2.0041928291320800781 -1.9666064977645874023 -1.8836629390716552734 -1.798697352409362793 -1.7209845781326293945 -1.6157765388488769531 -1.5066220760345458984 -1.4035174846649169922 -1.2403873205184936523 -1.1089156866073608398 -1.0376578569412231445 -1.006163477897644043 -0.99291342496871948242 -0.98873364925384521484 -0.99204313755035400391
-2.06729888916015625 -2.0707485675811767578 -2.0735626220703125 -2.0782392024993896484 -2.0893089771270751953 -2.1005113124847412109 -2.0824432373046875 -2.0148589611053466797 -1.9566494226455688477 -1.9408457279205322266 -1.9567698240280151367 -1.9891992807388305664 -2.0154025554656982422 -2.0371537208557128906 -2.0426523685455322266 -2.0332932472229003906 -2.0055463314056396484 -1.9926607608795166016 -2.0077989101409912109 -2.0238268375396728516 -1.9934226274490356445 -1.9388853311538696289 -1.8355895280838012695 -1.7765231132507324219 -1.8521851301193237305 -1.9737840890884399414 -2.0227005481719970703 -2.0182678699493408203 -1.9557640552520751953 -1.8417056798934936523 -1.7324488162994384766 -1.6388044357299804688 -1.5110819339752197266 -1.382359623908996582 -1.2750782966613769531 -1.1446365118026733398 -1.0721228122711181641 -1.0387374162673950195 -1.0176999568939208984 -1.004067540168762207 -0.99981850385665893555 -1.0063395500183105469
-2.075672149658203125 -2.0790898799896240234 -2.0809013843536376953 -2.0835602283477783203 -2.0933637619018554688 -2.107639312744140625 -2.1015954017639160156 -2.0489702224731445313 -1.9965981245040893555 -1.9814058542251586914 -1.9987542629241943359 -2.0315179824829101563 -2.0574097633361816406 -2.0784275531768798828 -2.0868291854858398438 -2.0831913948059082031 -2.0656607151031494141 -2.0529830455780029297 -2.0571129322052001953 -2.0702276229858398438 -2.0539555549621582031 -2.0166509151458740234 -1.9371522665023803711 -1.8791263103485107422 -1.9262059926986694336 -2.0216753482818603516 -2.0602991580963134766 -2.0477929115295410156 -1.9722738265991210938 -1.8478276729583740234 -1.7261279821395874023 -1.6091108322143554688 -1.4509043693542480469 -1.3021564483642578125 -1.2072910070419311523 -1.1178685426712036133 -1.074765324592590332 -1.0563222169876098633 -1.0397039651870727539 -1.0234546661376953125 -1.016998291015625 -1.0260415077209472656
-2.0897576808929443359 -2.0967967510223388672 -2.0981638431549072266 -2.0967862606048583984 -2.1017956733703613281 -2.1130175590515136719 -2.1198396682739257813 -2.0842332839965820313 -2.0360486507415771484 -2.0222685337066650391 -2.0423784255981445313 -2.0766417980194091797 -2.1023647785186767578 -2.1204133033752441406 -2.1304428577423095703 -2.1327314376831054688 -2.1274027824401855469 -2.1221373081207275391 -2.1163389682769775391 -2.1174471378326416016 -2.1047272682189941406 -2.0720434188842773438 -1.9997495412826538086 -1.9400175809860229492 -1.9626750946044921875 -2.0446941852569580078 -2.0916473865509033203 -2.0840933322906494141 -2.0157294273376464844 -1.9112862348556518555 -1.7988538742065429688 -1.6775155067443847656 -1.5313920974731445313 -1.4057805538177490234 -1.3264491558074951172 -1.2390638589859008789 -1.1655609607696533203 -1.1182343959808349609 -1.0859043598175048828 -1.0618149042129516602 -1.0486779212951660156 -1.0525399446487426758
-2.1116306781768798828 -2.1310586929321289063 -2.1366837024688720703 -2.1275067329406738281 -2.1163525581359863281 -2.1203427314758300781 -2.1432275772094726563 -2.1219732761383056641 -2.0751781463623046875 -2.0606348514556884766 -2.08050537109375 -2.1143770217895507813 -2.1386246681213378906 -2.1536633968353271484 -2.1627969741821289063 -2.1680185794830322266 -2.1710209846496582031 -2.1700451374053955078 -2.1599450111389160156 -2.1525056362152099609 -2.1396546363830566406 -2.1080954074859619141 -2.0383536815643310547 -1.9805972576141357422 -1.9865567684173583984 -2.0533969402313232422 -2.098079681396484375 -2.0920929908752441406 -2.0398051738739013672 -1.9672207832336425781 -1.8694417476654052734 -1.7646403312683105469 -1.6611773967742919922 -1.5701935291290283203 -1.5029542446136474609 -1.4062623977661132813 -1.2922054529190063477 -1.1947380304336547852 -1.1309739351272583008 -1.09674072265625 -1.0761114358901977539 -1.0748978853225708008
-2.1316955089569091797 -2.1551811695098876953 -2.1646609306335449219 -2.1548242568969726563 -2.1364955902099609375 -2.1381773948669433594 -2.1640465259552001953 -2.1485064029693603516 -2.1091268062591552734 -2.0957338809967041016 -2.1115057468414306641 -2.1399540901184082031 -2.1623044013977050781 -2.1765286922454833984 -2.1842091083526611328 -2.1905374526977539063 -2.1950802803039550781 -2.1914455890655517578 -2.1796529293060302734 -2.1719498634338378906 -2.1646683216094970703 -2.1394889354705810547 -2.0773780345916748047 -2.0248010158538818359 -2.0262238979339599609 -2.0693480968475341797 -2.0739767551422119141 -2.0490245819091796875 -2.0068352222442626953 -1.9503751993179321289 -1.8651024103164672852 -1.7787816524505615234 -1.7004289627075195313 -1.6260603666305541992 -1.5674908161163330078 -1.4779689311981201172 -1.3596268892288208008 -1.2334597110748291016 -1.1465442180633544922 -1.1102497577667236328 -1.0903460979461669922 -1.0937143564224243164
-2.1500105857849121094 -2.16559600830078125 -2.1736302375793457031 -2.1690726280212402344 -2.1599948406219482422 -2.1657841205596923828 -2.1772091388702392578 -2.1601514816284179688 -2.1334512233734130859 -2.1256997585296630859 -2.1402974128723144531 -2.1648385524749755859 -2.1844680309295654297 -2.1979501247406005859 -2.204898834228515625 -2.2099728584289550781 -2.2120673656463623047 -2.2026071548461914063 -2.1884400844573974609 -2.1811842918395996094 -2.178379058837890625 -2.1608605384826660156 -2.1117722988128662109 -2.0719003677368164063 -2.0792632102966308594 -2.09278106689453125 -2.0389981269836425781 -1.9855825901031494141 -1.9336801767349243164 -1.8707110881805419922 -1.7968995571136474609 -1.7214076519012451172 -1.6418910026550292969 -1.5787397623062133789 -1.5336611270904541016 -1.4579855203628540039 -1.3483010530471801758 -1.2251800298690795898 -1.1460759639739990234 -1.1191573143005371094 -1.1061768531799316406 -1.1167933940887451172
-2.1640481948852539063 -2.1735956668853759766 -2.1791019439697265625 -2.1758074760437011719 -2.1730611324310302734 -2.1811451911926269531 -2.1818828582763671875 -2.1624519824981689453 -2.1447994709014892578 -2.1436762809753417969 -2.1624143123626708984 -2.1864104270935058594 -2.2027065753936767578 -2.2137250900268554688 -2.2188081741333007813 -2.2221148014068603516 -2.2177345752716064453 -2.2001106739044189453 -2.1845583915710449219 -2.1812655925750732422 -2.1845750808715820313 -2.1734344959259033203 -2.1398818492889404297 -2.1146738529205322266 -2.1150531768798828125 -2.0881390571594238281 -1.9855058193206787109 -1.9085503816604614258 -1.8380694389343261719 -1.7650754451751708984 -1.7009137868881225586 -1.6279815435409545898 -1.5344938039779663086 -1.4702854156494140625 -1.4343508481979370117 -1.3740679025650024414 -1.2845264673233032227 -1.190272212028503418 -1.1405756473541259766 -1.1275154352188110352 -1.1247028112411499023 -1.1396316289901733398
-2.1702063083648681641 -2.1790597438812255859 -2.1840119361877441406 -2.1802310943603515625 -2.1782994270324707031 -2.1857132911682128906 -2.1841685771942138672 -2.1648385524749755859 -2.1515283584594726563 -2.1561717987060546875 -2.1811134815216064453 -2.2044153213500976563 -2.2158451080322265625 -2.2237379550933837891 -2.2274885177612304688 -2.2266092300415039063 -2.2140562534332275391 -2.1931378841400146484 -2.1812338829040527344 -2.1831595897674560547 -2.1897411346435546875 -2.1837439537048339844 -2.1641640663146972656 -2.1445465087890625 -2.1196680068969726563 -2.04170989990234375 -1.9010927677154541016 -1.8108978271484375 -1.7227582931518554688 -1.6357283592224121094 -1.5836858749389648438 -1.5204201936721801758 -1.4209171533584594727 -1.3477003574371337891 -1.310321807861328125 -1.2656903266906738281 -1.2128604650497436523 -1.162384033203125 -1.1414791345596313477 -1.1376396417617797852 -1.1417230367660522461 -1.1590609550476074219
-2.1656184196472167969 -2.1810879707336425781 -2.1900029182434082031 -2.1893193721771240234 -2.1897516250610351563 -2.1952428817749023438 -2.1940729618072509766 -2.1784470081329345703 -2.1679372787475585938 -2.1757562160491943359 -2.2018978595733642578 -2.2206346988677978516 -2.2275397777557373047 -2.2314875125885009766 -2.2333049774169921875 -2.2287547588348388672 -2.2166807651519775391 -2.2035782337188720703 -2.2000370025634765625 -2.2015757560729980469 -2.2003908157348632813 -2.1952142715454101563 -2.1843357086181640625 -2.1603801250457763672 -2.0959355831146240234 -1.9657602310180664063 -1.7975199222564697266 -1.6980500221252441406 -1.5861672163009643555 -1.4786419868469238281 -1.4447234869003295898 -1.4062126874923706055 -1.3178668022155761719 -1.2425570487976074219 -1.2034168243408203125 -1.1731436252593994141 -1.16158294677734375 -1.1555271148681640625 -1.1534583568572998047 -1.1532926559448242188 -1.1572436094284057617 -1.1745604276657104492
-2.1541121006011962891 -2.1806528568267822266 -2.1966176033020019531 -2.2016661167144775391 -2.2056531906127929688 -2.2098102569580078125 -2.2111232280731201172 -2.2044529914855957031 -2.2000038623809814453 -2.2074236869812011719 -2.225597381591796875 -2.2352592945098876953 -2.2369306087493896484 -2.2375826835632324219 -2.2371518611907958984 -2.2346870899200439453 -2.2343242168426513672 -2.2374138832092285156 -2.2403395175933837891 -2.2322540283203125 -2.2150185108184814453 -2.2049303054809570313 -2.1931438446044921875 -2.1571340560913085938 -2.0591425895690917969 -1.9038842916488647461 -1.7271848917007446289 -1.6151305437088012695 -1.4762419462203979492 -1.3711197376251220703 -1.356541752815246582 -1.342993617057800293 -1.2749894857406616211 -1.2090691328048706055 -1.1705719232559204102 -1.1449707746505737305 -1.1499515771865844727 -1.1612607240676879883 -1.1651935577392578125 -1.1662671566009521484 -1.1666330099105834961 -1.1826986074447631836
-2.1399962902069091797 -2.1741135120391845703 -2.1963765621185302734 -2.2059271335601806641 -2.2118549346923828125 -2.2160258293151855469 -2.2185506820678710938 -2.2178821563720703125 -2.2190957069396972656 -2.2285544872283935547 -2.2433705329895019531 -2.2477414608001708984 -2.2437016963958740234 -2.2400052547454833984 -2.2379047870635986328 -2.2399976253509521484 -2.2473046779632568359 -2.2548813819885253906 -2.2560949325561523438 -2.2403032779693603516 -2.2147700786590576172 -2.2002701759338378906 -2.1791923046112060547 -2.1351780891418457031 -2.0522632598876953125 -1.9242004156112670898 -1.7623652219772338867 -1.6450846195220947266 -1.4837040901184082031 -1.3782973289489746094 -1.3610693216323852539 -1.347783207893371582 -1.299714207649230957 -1.244646906852722168 -1.1887243986129760742 -1.1517584323883056641 -1.1545454263687133789 -1.1738512516021728516 -1.1813615560531616211 -1.1791481971740722656 -1.1744534969329833984 -1.1929086446762084961
-2.1218800544738769531 -2.1598050594329833984 -2.1874523162841796875 -2.2042076587677001953 -2.2154958248138427734 -2.2206857204437255859 -2.2245614528656005859 -2.2282474040985107422 -2.2328879833221435547 -2.2449138164520263672 -2.2596814632415771484 -2.2597281932830810547 -2.2491297721862792969 -2.2420468330383300781 -2.2407279014587402344 -2.2469675540924072266 -2.2567272186279296875 -2.2612550258636474609 -2.2567484378814697266 -2.2349731922149658203 -2.2055039405822753906 -2.1910450458526611328 -2.1695981025695800781 -2.1277339458465576172 -2.0620260238647460938 -1.9665372371673583984 -1.843684077262878418 -1.7504236698150634766 -1.6137648820877075195 -1.5142663717269897461 -1.465163111686706543 -1.4299241304397583008 -1.392541050910949707 -1.3475995063781738281 -1.2677320241928100586 -1.2065035104751586914 -1.1888222694396972656 -1.2063409090042114258 -1.2122025489807128906 -1.2005544900894165039 -1.1877607107162475586 -1.2064583301544189453
-2.1096251010894775391 -2.1467418670654296875 -2.17400360107421875 -2.1971249580383300781 -2.2169547080993652344 -2.225189208984375 -2.2308943271636962891 -2.2399044036865234375 -2.2478454113006591797 -2.2613422870635986328 -2.2774937152862548828 -2.2742896080017089844 -2.2537100315093994141 -2.2449183464050292969 -2.2457103729248046875 -2.2549386024475097656 -2.2625241279602050781 -2.2612955570220947266 -2.2485544681549072266 -2.2185628414154052734 -2.1877791881561279297 -2.1811888217926025391 -2.1725039482116699219 -2.1349642276763916016 -2.080791473388671875 -2.0160906314849853516 -1.9377696514129638672 -1.8770875930786132813 -1.7790346145629882813 -1.6889045238494873047 -1.6228667497634887695 -1.5714145898818969727 -1.5367643833160400391 -1.5008417367935180664 -1.4215766191482543945 -1.3342907428741455078 -1.2751294374465942383 -1.2785413265228271484 -1.2756789922714233398 -1.2475017309188842773 -1.2173082828521728516 -1.2248501777648925781
