INPUT/RASTER/ASCII_standard/BIO18.asc
ncols        225
nrows        269
xllcorner    473009.983799999987
yllcorner    4429051.174800000153
cellsize     50.000000000000
NODATA_value  -9999
[rows 95 to 113 of 269, columns 0 to 41 of 225]
-9999 -9999 -9999 -9999 -9999 -9999 -9999 -9999 -9999 -9999 -9999 0.4239057004451751709 0.45925694704055786133 0.51553779840469360352 0.58204734325408935547 0.6227328181266784668 0.64965426921844482422 0.6979846954345703125 0.76050317287445068359 0.81080806255340576172 0.85404741764068603516 0.89066636562347412109 0.9105574488639831543 0.92868208885192871094 0.95496356487274169922 0.98545724153518676758 1.0083446502685546875 1.0254342555999755859 1.041455388069152832 1.0598338842391967773 1.0940560102462768555 1.1379363536834716797 1.1709312200546264648 1.1225191354751586914 1.0207390785217285156 0.98156279325485229492 0.97961729764938354492 0.96766006946563720703 0.94097560644149780273 0.92441540956497192383 0.92353224754333496094 0.9249070286750793457
-9999 -9999 -9999 -9999 -9999 -9999 -9999 -9999 -9999 -9999 0.34131440520286560059 0.40984228253364562988 0.4620144963264465332 0.52589553594589233398 0.58446073532104492188 0.62739109992980957031 0.6536795496940612793 0.69996792078018188477 0.76939040422439575195 0.83729404211044311523 0.878192901611328125 0.89683198928833007813 0.9092572331428527832 0.92468315362930297852 0.95107436180114746094 0.9818375706672668457 1.0055406093597412109 1.0241708755493164063 1.0397188663482666016 1.0557805299758911133 1.0888245105743408203 1.1344527006149291992 1.1774146556854248047 1.2039515972137451172 1.1882481575012207031 1.0833112001419067383 0.99837583303451538086 0.96081399917602539063 0.92535740137100219727 0.90508449077606201172 0.90029454231262207031 0.89541327953338623047
-9999 -9999 -9999 -9999 -9999 -9999 -9999 -9999 -9999 -9999 0.31366780400276184082 0.36581015586853027344 0.44933205842971801758 0.51690208911895751953 0.57014977931976318359 0.610980987548828125 0.63722115755081176758 0.68386423587799072266 0.7618999481201171875 0.846340179443359375 0.87796723842620849609 0.88145697116851806641 0.89124846458435058594 0.90793597698211669922 0.93650174140930175781 0.9686591029167175293 0.99324613809585571289 1.0132995843887329102 1.0300415754318237305 1.049744725227355957 1.0810014009475708008 1.1218054294586181641 1.1629184484481811523 1.2020525932312011719 1.2249637842178344727 1.1827120780944824219 1.0872048139572143555 0.9809201359748840332 0.89814978837966918945 0.8574879765510559082 0.84296280145645141602 0.83262968063354492188
-9999 -9999 -9999 -9999 -9999 -9999 -9999 -9999 -9999 -9999 0.22698628902435302734 0.29792055487632751465 0.41523009538650512695 0.49236333370208740234 0.54027062654495239258 0.57903254032135009766 0.60569411516189575195 0.65277177095413208008 0.72146028280258178711 0.79456567764282226563 0.82456243038177490234 0.83376395702362060547 0.84935140609741210938 0.87127572298049926758 0.90434616804122924805 0.93704956769943237305 0.9653809666633605957 0.98969060182571411133 1.0079451799392700195 1.0348429679870605469 1.0678834915161132813 1.1005711555480957031 1.1367731094360351563 1.1774699687957763672 1.2058382034301757813 1.2172029018402099609 1.1894491910934448242 1.0052324533462524414 0.84948837757110595703 0.78266894817352294922 0.75744277238845825195 0.74893659353256225586
-9999 -9999 -9999 -9999 -9999 -9999 -9999 -9999 -9999 -9999 0.1567570120096206665 0.2314004749059677124 0.36524653434753417969 0.45505782961845397949 0.50370168685913085938 0.54120033979415893555 0.56708055734634399414 0.61112409830093383789 0.66023057699203491211 0.70776736736297607422 0.74750381708145141602 0.77618813514709472656 0.79776215553283691406 0.82397073507308959961 0.85940802097320556641 0.89099031686782836914 0.92300546169281005859 0.95429283380508422852 0.97660344839096069336 1.0114814043045043945 1.051137089729309082 1.082594752311706543 1.1129006147384643555 1.1514887809753417969 1.1785690784454345703 1.1982573270797729492 1.1933796405792236328 0.99249994754791259766 0.8031069636344909668 0.72812986373901367188 0.70251125097274780273 0.69067865610122680664
-9999 -9999 -9999 -9999 -9999 -9999 -9999 -9999 -9999 -9999 0.1458778083324432373 0.22076445817947387695 0.31882384419441223145 0.41731426119804382324 0.47539225220680236816 0.51575380563735961914 0.53990715742111206055 0.57702386379241943359 0.61978477239608764648 0.66844618320465087891 0.7159302830696105957 0.74895679950714111328 0.77011817693710327148 0.79434442520141601563 0.82429993152618408203 0.85097295045852661133 0.88454991579055786133 0.92029094696044921875 0.94767856597900390625 0.99044644832611083984 1.0400068759918212891 1.080340266227722168 1.1099271774291992188 1.1430326700210571289 1.1679103374481201172 1.1857197284698486328 1.1863456964492797852 1.0479423999786376953 0.82095330953598022461 0.72774970531463623047 0.702548980712890625 0.68760329484939575195
-9999 -9999 -9999 -9999 -9999 -9999 -9999 -9999 -9999 -9999 -9999 0.1896851956844329834 0.28188532590866088867 0.38515427708625793457 0.4505418241024017334 0.49299544095993041992 0.51499176025390625 0.54625803232192993164 0.58804088830947875977 0.64198386669158935547 0.69590926170349121094 0.73433852195739746094 0.75509256124496459961 0.77244114875793457031 0.79202848672866821289 0.81181418895721435547 0.84458166360855102539 0.88470792770385742188 0.91921722888946533203 0.97292667627334594727 1.0327570438385009766 1.0808284282684326172 1.1137830018997192383 1.1440659761428833008 1.1661649942398071289 1.1819974184036254883 1.1910583972930908203 1.133355259895324707 0.85826319456100463867 0.74172532558441162109 0.7167186737060546875 0.70165967941284179688
-9999 -9999 -9999 -9999 -9999 -9999 -9999 -9999 -9999 -9999 -9999 0.16120280325412750244 0.25428172945976257324 0.35928809642791748047 0.42824614048004150391 0.47096928954124450684 0.49170139431953430176 0.52211606502532958984 0.56495511531829833984 0.61599743366241455078 0.67343366146087646484 0.71832615137100219727 0.7376587986946105957 0.74816668033599853516 0.7607033848762512207 0.77321112155914306641 0.80845963954925537109 0.85803931951522827148 0.89875113964080810547 0.95932328701019287109 1.0247652530670166016 1.0755959749221801758 1.1111298799514770508 1.1424356698989868164 1.1645793914794921875 1.1809991598129272461 1.1902638673782348633 1.1348881721496582031 0.86626547574996948242 0.75942158699035644531 0.74558115005493164063 0.73813813924789428711
-9999 -9999 -9999 -9999 -9999 -9999 -9999 -9999 -9999 -9999 -9999 0.14748968183994293213 0.23600341379642486572 0.33635678887367248535 0.40483373403549194336 0.44516366720199584961 0.46639969944953918457 0.50188875198364257813 0.54608505964279174805 0.59135591983795166016 0.6422068476676940918 0.687717437744140625 0.70589739084243774414 0.71384084224700927734 0.7221081852912902832 0.73658162355422973633 0.78839033842086791992 0.84634280204772949219 0.88972085714340209961 0.95072054862976074219 1.0137728452682495117 1.0623955726623535156 1.0973992347717285156 1.1294265985488891602 1.1527274847030639648 1.1717599630355834961 1.1810220479965209961 1.1179267168045043945 0.87926834821701049805 0.80089455842971801758 0.82692229747772216797 0.83866536617279052734
-9999 -9999 -9999 -9999 -9999 -9999 -9999 -9999 -9999 -9999 -9999 0.14687336981296539307 0.22233419120311737061 0.30849686264991760254 0.36860984563827514648 0.4083735346794128418 0.43366378545761108398 0.4775238335132598877 0.52244091033935546875 0.55398547649383544922 0.58163738250732421875 0.61688500642776489258 0.63463920354843139648 0.6420154571533203125 0.65324407815933227539 0.6955458521842956543 0.77541905641555786133 0.83971798419952392578 0.88279056549072265625 0.94132328033447265625 0.99565869569778442383 1.0368534326553344727 1.0676262378692626953 1.092662811279296875 1.1119121313095092773 1.1386228799819946289 1.1623407602310180664 1.0866138935089111328 0.92550581693649291992 0.88584482669830322266 0.9081808924674987793 0.91767734289169311523
-9999 -9999 -9999 -9999 -9999 -9999 -9999 -9999 -9999 -9999 -9999 0.14992415904998779297 0.21312655508518218994 0.28004607558250427246 0.32489728927612304688 0.36488133668899536133 0.3934453427791595459 0.43792432546615600586 0.47354596853256225586 0.48649618029594421387 0.49237561225891113281 0.51292335987091064453 0.52605879306793212891 0.53562378883361816406 0.56648617982864379883 0.65261989831924438477 0.75718903541564941406 0.82483810186386108398 0.86573255062103271484 0.92144453525543212891 0.97249126434326171875 1.0104384422302246094 1.0376856327056884766 1.0546392202377319336 1.068810582160949707 1.1200566291809082031 1.1863124370574951172 1.1442661285400390625 0.97568249702453613281 0.92934757471084594727 0.92970311641693115234 0.92262619733810424805
-9999 -9999 -9999 -9999 -9999 -9999 -9999 -9999 -9999 -9999 0.043254133313894271851 0.11923379451036453247 0.20183473825454711914 0.2622769474983215332 0.29764840006828308105 0.33374497294425964355 0.35913884639739990234 0.39294934272766113281 0.41327846050262451172 0.41677436232566833496 0.42144665122032165527 0.43477961421012878418 0.44268268346786499023 0.45760995149612426758 0.50697982311248779297 0.61882168054580688477 0.73208314180374145508 0.80063736438751220703 0.83985233306884765625 0.89180243015289306641 0.9461123347282409668 0.99036657810211181641 1.0236722230911254883 1.0522063970565795898 1.0711028575897216797 1.136431574821472168 1.1993407011032104492 1.1913200616836547852 1.0127439498901367188 0.92722034454345703125 0.92214947938919067383 0.90579819679260253906
-9999 -9999 -9999 -9999 -9999 -9999 -9999 -9999 -9999 -9999 0.016142180189490318298 0.080549091100692749023 0.18557476997375488281 0.24636200070381164551 0.27407270669937133789 0.30131018161773681641 0.31832253932952880859 0.33758938312530517578 0.3467197716236114502 0.34818151593208312988 0.35803529620170593262 0.3732821345329284668 0.3846257627010345459 0.40697410702705383301 0.46325674653053283691 0.58268034458160400391 0.69796979427337646484 0.76753449440002441406 0.80577409267425537109 0.85387712717056274414 0.91521304845809936523 0.98039603233337402344 1.040087580680847168 1.1006852388381958008 1.1250914335250854492 1.1505880355834960938 1.1777095794677734375 1.1982442140579223633 1.0860204696655273438 0.92725110054016113281 0.90587460994720458984 0.88381421566009521484
-9999 -9999 -9999 -9999 -9999 -9999 -9999 -9999 -9999 -9999 -0.038014125078916549683 0.038308802992105484009 0.15980690717697143555 0.2194379270076751709 0.23862576484680175781 0.25373128056526184082 0.26039645075798034668 0.26601514220237731934 0.26851281523704528809 0.26974454522132873535 0.28216010332107543945 0.30426877737045288086 0.32762762904167175293 0.36878982186317443848 0.43202382326126098633 0.54685062170028686523 0.65943694114685058594 0.72574543952941894531 0.76517897844314575195 0.81906050443649291992 0.91140377521514892578 1.0168886184692382813 1.0979900360107421875 1.1243451833724975586 1.1314651966094970703 1.1359961032867431641 1.1519329547882080078 1.1828559637069702148 1.0894706249237060547 0.90036040544509887695 0.87670218944549560547 0.85688662528991699219
-9999 -9999 -9999 -9999 -9999 -9999 -9999 -9999 -0.30870696902275085449 -0.29035228490829467773 -0.12293541431427001953 -0.0041685202158987522125 0.11866314709186553955 0.1774206310510635376 0.19554443657398223877 0.20051872730255126953 0.19824755191802978516 0.19464281201362609863 0.19529071450233459473 0.19249014556407928467 0.20552901923656463623 0.23983992636203765869 0.27833324670791625977 0.34237405657768249512 0.41587623953819274902 0.52409666776657104492 0.63356637954711914063 0.6948382258415222168 0.74730014801025390625 0.83494210243225097656 0.96050232648849487305 1.0470319986343383789 1.0883785486221313477 1.1037755012512207031 1.1076401472091674805 1.1112123727798461914 1.1245787143707275391 1.1495555639266967773 1.0475358963012695313 0.85435819625854492188 0.83234345912933349609 0.81730556488037109375
-9999 -9999 -9999 -9999 -9999 -9999 -9999 -0.47891739010810852051 -0.42073670029640197754 -0.29991549253463745117 -0.19291448593139648438 -0.043760996311902999878 0.069101877510547637939 0.12204226106405258179 0.13671582937240600586 0.13675270974636077881 0.13206373155117034912 0.12248209863901138306 0.12175430357456207275 0.11524188518524169922 0.13300397992134094238 0.18354676663875579834 0.23802614212036132813 0.32156383991241455078 0.41164642572402954102 0.52673745155334472656 0.65888822078704833984 0.72057098150253295898 0.775836944580078125 0.86418914794921875 0.94614046812057495117 1.0109941959381103516 1.0521677732467651367 1.0702055692672729492 1.0757119655609130859 1.0822058916091918945 1.0955090522766113281 1.1128251552581787109 0.9998340606689453125 0.79848819971084594727 0.77296876907348632813 0.76218354701995849609
-9999 -9999 -9999 -9999 -9999 -9999 -9999 -0.6030527949333190918 -0.46306127309799194336 -0.31295084953308105469 -0.21624435484409332275 -0.092820972204208374023 0.001125342794694006443 0.049965836107730865479 0.071977071464061737061 0.078637853264808654785 0.071711055934429168701 0.050487320870161056519 0.044619299471378326416 0.050232723355293273926 0.087864801287651062012 0.14867575466632843018 0.21177192032337188721 0.30945554375648498535 0.4294058680534362793 0.5636584162712097168 0.69799697399139404297 0.75925654172897338867 0.794891357421875 0.8449249267578125 0.90385013818740844727 0.96146631240844726563 1.0059497356414794922 1.0294779539108276367 1.038991093635559082 1.0492926836013793945 1.0643736124038696289 1.0782420635223388672 0.95516985654830932617 0.74348998069763183594 0.71349579095840454102 0.70500540733337402344
-9999 -9999 -9999 -9999 -9999 -9999 -9999 -0.60694545507431030273 -0.46796447038650512695 -0.3085753023624420166 -0.2309029996395111084 -0.13728590309619903564 -0.066526360809803009033 -0.026588862761855125427 0.0023465307895094156265 0.017704000696539878845 0.0046721431426703929901 -0.032743088901042938232 -0.032568383961915969849 0.0077211624011397361755 0.076153337955474853516 0.14264355599880218506 0.21642753481864929199 0.33482921123504638672 0.45881533622741699219 0.58381545543670654297 0.68072038888931274414 0.73704075813293457031 0.76815515756607055664 0.81349623203277587891 0.86729961633682250977 0.91886782646179199219 0.96020650863647460938 0.98687332868576049805 1.000992894172668457 1.0151520967483520508 1.0343811511993408203 1.050685882568359375 0.93270474672317504883 0.71605581045150756836 0.67227041721343994141 0.66176080703735351563
-9999 -9999 -9999 -9999 -9999 -9999 -9999 -0.60101336240768432617 -0.46082344651222229004 -0.30663156509399414063 -0.23841537535190582275 -0.16115570068359375 -0.10990530997514724731 -0.0899677276611328125 -0.083565048873424530029 -0.084935486316680908203 -0.10631900280714035034 -0.14592114090919494629 -0.11831491440534591675 -0.025475660338997840881 0.086345121264457702637 0.16330191493034362793 0.25149083137512207031 0.36912783980369567871 0.44792386889457702637 0.5335483551025390625 0.62529546022415161133 0.68287128210067749023 0.71572220325469970703 0.76842904090881347656 0.82628667354583740234 0.88059049844741821289 0.91967290639877319336 0.94487798213958740234 0.9602082371711730957 0.97735667228698730469 1.0022474527359008789 1.0233755111694335938 0.95220601558685302734 0.73814427852630615234 0.64183992147445678711 0.62395137548446655273
