INPUT/RASTER/ASCII_standard/BIO16.asc
ncols        225
nrows        269
xllcorner    473009.983799999987
yllcorner    4429051.174800000153
cellsize     50.000000000000
NODATA_value  -9999
[rows 54 to 71 of 269, columns 42 to 83 of 225]
1.3076845407485961914 1.324959874153137207 1.3341063261032104492 1.3393483161926269531 1.3452475070953369141 1.3512390851974487305 1.3528598546981811523 1.3509480953216552734 1.3472710847854614258 1.3470262289047241211 1.3549084663391113281 1.3619080781936645508 1.3643536567687988281 1.3640685081481933594 1.3642939329147338867 1.3722167015075683594 1.3847550153732299805 1.4582235813140869141 1.5482274293899536133 1.6181441545486450195 1.618778228759765625 1.6052705049514770508 1.57599639892578125 1.5428756475448608398 1.5258333683013916016 1.5126821994781494141 1.4928919076919555664 1.476439356803894043 1.4641091823577880859 1.4541821479797363281 1.4458394050598144531 1.430614471435546875 1.4115352630615234375 1.4098953008651733398 1.415241241455078125 1.4120671749114990234 1.4011033773422241211 1.3939418792724609375 1.3879830837249755859 1.3855760097503662109 1.3816483020782470703 1.3694800138473510742
1.3164802789688110352 1.3293886184692382813 1.3380628824234008789 1.3447464704513549805 1.3527597188949584961 1.3621355295181274414 1.3651746511459350586 1.3644597530364990234 1.3608461618423461914 1.3586280345916748047 1.3626790046691894531 1.3674217462539672852 1.3700253963470458984 1.3732322454452514648 1.3760421276092529297 1.3818063735961914063 1.397565007209777832 1.5211734771728515625 1.6115338802337646484 1.6241203546524047852 1.6175159215927124023 1.6026533842086791992 1.5739438533782958984 1.541441798210144043 1.524143218994140625 1.5111982822418212891 1.4928860664367675781 1.4764143228530883789 1.4610680341720581055 1.445502161979675293 1.4304102659225463867 1.4142295122146606445 1.3964877128601074219 1.3915021419525146484 1.3927297592163085938 1.3915599584579467773 1.3856357336044311523 1.3802030086517333984 1.3751132488250732422 1.375889897346496582 1.3757376670837402344 1.3654984235763549805
1.3298877477645874023 1.3340293169021606445 1.3422834873199462891 1.3528772592544555664 1.3659628629684448242 1.3808119297027587891 1.3866956233978271484 1.3871215581893920898 1.3828759193420410156 1.3790292739868164063 1.3799871206283569336 1.3831996917724609375 1.3865799903869628906 1.3932365179061889648 1.3997176885604858398 1.4023444652557373047 1.450984954833984375 1.5722730159759521484 1.6245887279510498047 1.6217094659805297852 1.613231658935546875 1.5975558757781982422 1.5673297643661499023 1.5316573381423950195 1.5137132406234741211 1.5029691457748413086 1.4888157844543457031 1.4757417440414428711 1.4616327285766601563 1.4444402456283569336 1.4280532598495483398 1.4137341976165771484 1.3943234682083129883 1.3814653158187866211 1.3745331764221191406 1.372002720832824707 1.3689962625503540039 1.3639394044876098633 1.3579207658767700195 1.3603913784027099609 1.3643305301666259766 1.359015345573425293
1.342718958854675293 1.3421157598495483398 1.3498842716217041016 1.3631010055541992188 1.380122065544128418 1.396605372428894043 1.4028803110122680664 1.4028648138046264648 1.3979505300521850586 1.3937453031539916992 1.3950769901275634766 1.4002785682678222656 1.4055649042129516602 1.4117588996887207031 1.4154918193817138672 1.4221079349517822266 1.5097953081130981445 1.6103138923645019531 1.6235094070434570313 1.6149314641952514648 1.6040332317352294922 1.5883516073226928711 1.5564622879028320313 1.5161877870559692383 1.4989432096481323242 1.4929882287979125977 1.4845162630081176758 1.4753139019012451172 1.464949488639831543 1.44950103759765625 1.432938694953918457 1.4188721179962158203 1.3988062143325805664 1.3829704523086547852 1.3712645769119262695 1.3658280372619628906 1.363567352294921875 1.3578089475631713867 1.3496453762054443359 1.3497359752655029297 1.3533455133438110352 1.3511736392974853516
1.3552014827728271484 1.3543670177459716797 1.3611410856246948242 1.3738971948623657227 1.3917353153228759766 1.4063781499862670898 1.4104907512664794922 1.4092553853988647461 1.4057903289794921875 1.4028185606002807617 1.4049828052520751953 1.4119805097579956055 1.4182361364364624023 1.4214719533920288086 1.4201440811157226563 1.4512008428573608398 1.5608986616134643555 1.6210079193115234375 1.6203777790069580078 1.6063921451568603516 1.5918456315994262695 1.5746415853500366211 1.5406399965286254883 1.5031888484954833984 1.4898217916488647461 1.4874012470245361328 1.4828820228576660156 1.4753332138061523438 1.4661693572998046875 1.4518753290176391602 1.4357312917709350586 1.4217436313629150391 1.4016199111938476563 1.3860867023468017578 1.3734192848205566406 1.3656218051910400391 1.3611680269241333008 1.3545461893081665039 1.3473230600357055664 1.3459566831588745117 1.3470282554626464844 1.3448234796524047852
1.3736022710800170898 1.3716982603073120117 1.3767725229263305664 1.3883762359619140625 1.4039517641067504883 1.4132581949234008789 1.4143373966217041016 1.4130731821060180664 1.4115661382675170898 1.4089663028717041016 1.4110882282257080078 1.4174556732177734375 1.4220501184463500977 1.4244513511657714844 1.425127863883972168 1.4834890365600585938 1.599230647087097168 1.6261285543441772461 1.6144554615020751953 1.5942006111145019531 1.5749056339263916016 1.5541843175888061523 1.5195218324661254883 1.4942389726638793945 1.4873164892196655273 1.4863895177841186523 1.482837677001953125 1.475246429443359375 1.4646757841110229492 1.4498594999313354492 1.4353014230728149414 1.4222909212112426758 1.4035354852676391602 1.3883703947067260742 1.3774856328964233398 1.3679729700088500977 1.3594663143157958984 1.3531972169876098633 1.3469858169555664063 1.3445112705230712891 1.3429811000823974609 1.3404506444931030273
1.3959172964096069336 1.3935468196868896484 1.3973106145858764648 1.4061565399169921875 1.4158849716186523438 1.4178622961044311523 1.4160218238830566406 1.4141563177108764648 1.413678288459777832 1.4132697582244873047 1.4161952733993530273 1.4202327728271484375 1.4227265119552612305 1.424025416374206543 1.4416496753692626953 1.5484316349029541016 1.6282407045364379883 1.6233918666839599609 1.6053243875503540039 1.5777540206909179688 1.5524055957794189453 1.5295239686965942383 1.5024565458297729492 1.488686680793762207 1.4873530864715576172 1.4886443614959716797 1.4846819639205932617 1.4750267267227172852 1.4616346359252929688 1.4458991289138793945 1.4318941831588745117 1.4198453426361083984 1.402932286262512207 1.3885747194290161133 1.3790215253829956055 1.3684663772583007813 1.3578532934188842773 1.3524647951126098633 1.3464616537094116211 1.3434051275253295898 1.3400324583053588867 1.3374770879745483398
1.4196892976760864258 1.4182573556900024414 1.4178217649459838867 1.4189511537551879883 1.4203001260757446289 1.4187198877334594727 1.4168293476104736328 1.4149792194366455078 1.4154070615768432617 1.4171935319900512695 1.4207029342651367188 1.4237344264984130859 1.4241815805435180664 1.4253339767456054688 1.4715404510498046875 1.591269373893737793 1.6385357379913330078 1.6175138950347900391 1.5938094854354858398 1.5582468509674072266 1.5293467044830322266 1.5079971551895141602 1.4910802841186523438 1.484400629997253418 1.4858633279800415039 1.4889931678771972656 1.4855954647064208984 1.4738184213638305664 1.4569381475448608398 1.4403507709503173828 1.4266349077224731445 1.4154340028762817383 1.3996638059616088867 1.3872603178024291992 1.3785860538482666016 1.3681039810180664063 1.3570303916931152344 1.3513431549072265625 1.3447271585464477539 1.3411618471145629883 1.337904810905456543 1.3349041938781738281
1.4413143396377563477 1.4390614032745361328 1.4335496425628662109 1.4270954132080078125 1.4203637838363647461 1.4166519641876220703 1.4162125587463378906 1.4167329072952270508 1.4182264804840087891 1.4215817451477050781 1.4250584840774536133 1.4276177883148193359 1.4269105195999145508 1.4347213506698608398 1.5250008106231689453 1.6311681270599365234 1.6382350921630859375 1.6082441806793212891 1.5809762477874755859 1.5404820442199707031 1.5107319355010986328 1.4922616481781005859 1.4815772771835327148 1.4791123867034912109 1.4806522130966186523 1.4830708503723144531 1.4803496599197387695 1.4692683219909667969 1.45227813720703125 1.4354807138442993164 1.4217995405197143555 1.4114273786544799805 1.3964704275131225586 1.3847703933715820313 1.3773988485336303711 1.3680269718170166016 1.357340693473815918 1.3499054908752441406 1.3421428203582763672 1.3387566804885864258 1.3369123935699462891 1.3333683013916015625
1.4515612125396728516 1.4479149580001831055 1.439951777458190918 1.4321967363357543945 1.4224663972854614258 1.4160121679306030273 1.4156305789947509766 1.4180569648742675781 1.4204293489456176758 1.424595952033996582 1.4279068708419799805 1.430128931999206543 1.4299612045288085938 1.4567300081253051758 1.5713903903961181641 1.6454331874847412109 1.6333477497100830078 1.5962935686111450195 1.5674993991851806641 1.5287126302719116211 1.5010727643966674805 1.4838995933532714844 1.474768519401550293 1.4731901884078979492 1.4741575717926025391 1.4754198789596557617 1.4720704555511474609 1.4616385698318481445 1.4467798471450805664 1.4313526153564453125 1.4190918207168579102 1.4082493782043457031 1.3938167095184326172 1.3817119598388671875 1.3752288818359375 1.3677263259887695313 1.3586819171905517578 1.3475658893585205078 1.3368796110153198242 1.3351720571517944336 1.3357136249542236328 1.3311231136322021484
1.4580867290496826172 1.4527097940444946289 1.4421160221099853516 1.4349912405014038086 1.4261742830276489258 1.4191765785217285156 1.4182342290878295898 1.4203869104385375977 1.4230078458786010742 1.4270819425582885742 1.4302117824554443359 1.4317150115966796875 1.4343494176864624023 1.494772791862487793 1.623520970344543457 1.6481871604919433594 1.6255985498428344727 1.5822578668594360352 1.5517657995223999023 1.5173691511154174805 1.4941271543502807617 1.4784898757934570313 1.4691140651702880859 1.4672832489013671875 1.4674953222274780273 1.4668709039688110352 1.4621357917785644531 1.4526809453964233398 1.4397339820861816406 1.4264980554580688477 1.418097376823425293 1.4062932729721069336 1.3922441005706787109 1.379759669303894043 1.3716366291046142578 1.3644963502883911133 1.3570978641510009766 1.3430794477462768555 1.3283305168151855469 1.3292902708053588867 1.3339965343475341797 1.3291457891464233398
1.462284088134765625 1.4538583755493164063 1.4427770376205444336 1.4367718696594238281 1.4302445650100708008 1.4245342016220092773 1.4232969284057617188 1.4246517419815063477 1.4264074563980102539 1.4290361404418945313 1.4319751262664794922 1.43302154541015625 1.4461959600448608398 1.5457451343536376953 1.6427794694900512695 1.6427409648895263672 1.6151010990142822266 1.5690642595291137695 1.5379997491836547852 1.5067600011825561523 1.4877403974533081055 1.4740669727325439453 1.4640456438064575195 1.4608348608016967773 1.4601334333419799805 1.4580693244934082031 1.452565312385559082 1.4434130191802978516 1.4322082996368408203 1.4215451478958129883 1.415133357048034668 1.4042562246322631836 1.3922672271728515625 1.3798117637634277344 1.3672213554382324219 1.3546136617660522461 1.3442395925521850586 1.3305584192276000977 1.3157498836517333984 1.3212423324584960938 1.3311731815338134766 1.3276810646057128906
1.4623901844024658203 1.4526057243347167969 1.443393707275390625 1.4378800392150878906 1.4327402114868164063 1.4296296834945678711 1.4293195009231567383 1.4300132989883422852 1.4302618503570556641 1.4312659502029418945 1.4324685335159301758 1.4339003562927246094 1.4683586359024047852 1.6073633432388305664 1.650264739990234375 1.6329796314239501953 1.6025840044021606445 1.5561963319778442383 1.5270109176635742188 1.4995368719100952148 1.4825794696807861328 1.4708697795867919922 1.4614766836166381836 1.4554002285003662109 1.4534170627593994141 1.4505012035369873047 1.4446541070938110352 1.4348466396331787109 1.4243723154067993164 1.4160159826278686523 1.4105466604232788086 1.4018241167068481445 1.3921110630035400391 1.3792914152145385742 1.3616633415222167969 1.3427575826644897461 1.329583287239074707 1.3162528276443481445 1.3041808605194091797 1.3106003999710083008 1.3222155570983886719 1.3204175233840942383
1.4571501016616821289 1.449026942253112793 1.4431855678558349609 1.4390633106231689453 1.43560791015625 1.4350047111511230469 1.4353226423263549805 1.4350759983062744141 1.4334648847579956055 1.4328230619430541992 1.4317110776901245117 1.4352475404739379883 1.5118496417999267578 1.6233031749725341797 1.6405959129333496094 1.6213201284408569336 1.5872743129730224609 1.540547490119934082 1.5137016773223876953 1.4900839328765869141 1.4770965576171875 1.4681563377380371094 1.4593259096145629883 1.4523012638092041016 1.4488496780395507813 1.4451552629470825195 1.437192082405090332 1.4255517721176147461 1.4165652990341186523 1.411084294319152832 1.4069197177886962891 1.3998082876205444336 1.3896114826202392578 1.3737738132476806641 1.3534495830535888672 1.3330695629119873047 1.320141911506652832 1.3084573745727539063 1.2981892824172973633 1.298366546630859375 1.303928375244140625 1.3036026954650878906
1.4504569768905639648 1.4452612400054931641 1.4426382780075073242 1.441356658935546875 1.4406186342239379883 1.4415090084075927734 1.4416631460189819336 1.4391326904296875 1.4348524808883666992 1.4322391748428344727 1.4351511001586914063 1.4557682275772094727 1.5592663288116455078 1.6370133161544799805 1.6320122480392456055 1.6116108894348144531 1.5757998228073120117 1.5284370183944702148 1.502285003662109375 1.4813981056213378906 1.4730552434921264648 1.4673160314559936523 1.4591274261474609375 1.4515380859375 1.4471749067306518555 1.4421834945678710938 1.4318517446517944336 1.4191515445709228516 1.4109610319137573242 1.4074342250823974609 1.4033100605010986328 1.3957400321960449219 1.3856704235076904297 1.3686012029647827148 1.347733616828918457 1.3277273178100585938 1.3158789873123168945 1.3051599264144897461 1.2953659296035766602 1.289557337760925293 1.2895072698593139648 1.2892682552337646484
1.4481289386749267578 1.4457507133483886719 1.4446927309036254883 1.4439314603805541992 1.4450722932815551758 1.4464714527130126953 1.4459857940673828125 1.44246673583984375 1.4373037815093994141 1.433117985725402832 1.4579807519912719727 1.5478574037551879883 1.61285400390625 1.6349647045135498047 1.6217653751373291016 1.6008533239364624023 1.5645006895065307617 1.5181304216384887695 1.4940115213394165039 1.4771543741226196289 1.4718699455261230469 1.4670866727828979492 1.4587881565093994141 1.4509502649307250977 1.4466295242309570313 1.4415628910064697266 1.4312987327575683594 1.4188836812973022461 1.4086174964904785156 1.4020361900329589844 1.3964319229125976563 1.3894400596618652344 1.3818101882934570313 1.3663175106048583984 1.3458122014999389648 1.3258059024810791016 1.3142235279083251953 1.3040498495101928711 1.2945294380187988281 1.2871290445327758789 1.2843500375747680664 1.2821954488754272461
1.4489325284957885742 1.4492890834808349609 1.4476971626281738281 1.4461939334869384766 1.4475005865097045898 1.4483428001403808594 1.4470092058181762695 1.4435517787933349609 1.4405936002731323242 1.4403314590454101563 1.498210906982421875 1.6168547868728637695 1.6442904472351074219 1.6286069154739379883 1.6063574552536010742 1.5805021524429321289 1.5452036857604980469 1.5064688920974731445 1.4880121946334838867 1.4757821559906005859 1.4707310199737548828 1.4637854099273681641 1.4547121524810791016 1.4485913515090942383 1.4460378885269165039 1.4413509368896484375 1.4329676628112792969 1.4222080707550048828 1.4089412689208984375 1.3989853858947753906 1.3919491767883300781 1.3847897052764892578 1.3770924806594848633 1.3627213239669799805 1.3427613973617553711 1.3222945928573608398 1.3106813430786132813 1.3021688461303710938 1.2940111160278320313 1.2874971628189086914 1.2841033935546875 1.2792795896530151367
1.4500966072082519531 1.4521239995956420898 1.4492197036743164063 1.447568058967590332 1.4483234882354736328 1.4489132165908813477 1.4474717378616333008 1.4434130191802978516 1.4415918588638305664 1.4505667686462402344 1.5550862550735473633 1.6379364728927612305 1.6426194906234741211 1.6216613054275512695 1.5920113325119018555 1.5594224929809570313 1.5267392396926879883 1.4964244365692138672 1.4832481145858764648 1.4747742414474487305 1.4691333770751953125 1.4616018533706665039 1.4529681205749511719 1.4477896690368652344 1.4455926418304443359 1.4409462213516235352 1.4332779645919799805 1.4242104291915893555 1.4109379053115844727 1.3995828628540039063 1.3920166492462158203 1.3811665773391723633 1.3708791732788085938 1.3575545549392700195 1.3387258052825927734 1.3175054788589477539 1.304660797119140625 1.2981294393539428711 1.2932479381561279297 1.2896054983139038086 1.2851575613021850586 1.2785067558288574219
