INPUT/RASTER/ASCII_standard/BIO13.asc
ncols        225
nrows        269
xllcorner    473009.983799999987
yllcorner    4429051.174800000153
cellsize     50.000000000000
NODATA_value  -9999
[rows 209 to 227 of 269, columns 42 to 83 of 225]
-0.31837132573127746582 -0.33642998337745666504 -0.33949369192123413086 -0.34468010067939758301 -0.37927234172821044922 -0.44138106703758239746 -0.46564120054244995117 -0.44803574681282043457 -0.41230618953704833984 -0.35358595848083496094 -0.30317014455795288086 -0.27154776453971862793 -0.26211833953857421875 -0.25383982062339782715 -0.24759016931056976318 -0.24245560169219970703 -0.26002275943756103516 -0.33585083484649658203 -0.49314656853675842285 -0.66271317005157470703 -0.74824601411819458008 -0.80224782228469848633 -0.84343922138214111328 -0.82696241140365600586 -0.78787523508071899414 -0.73849922418594360352 -0.6769745945930480957 -0.6316242218017578125 -0.57946479320526123047 -0.56912404298782348633 -0.61802464723587036133 -0.69210541248321533203 -0.74321269989013671875 -0.79248005151748657227 -0.85169059038162231445 -0.87971454858779907227 -0.91104555130004882813 -0.94653677940368652344 -0.97194653749465942383 -0.97826409339904785156 -0.959320068359375 -0.90939080715179443359
-0.28391492366790771484 -0.29395806789398193359 -0.30226624011993408203 -0.31758841872215270996 -0.34049761295318603516 -0.37973171472549438477 -0.39329424500465393066 -0.38158771395683288574 -0.36175334453582763672 -0.3318017125129699707 -0.29740211367607116699 -0.26999923586845397949 -0.26002895832061767578 -0.24994258582592010498 -0.24257908761501312256 -0.23606270551681518555 -0.25005248188972473145 -0.32228708267211914063 -0.49087688326835632324 -0.67585951089859008789 -0.76957088708877563477 -0.829174041748046875 -0.87404161691665649414 -0.8514226078987121582 -0.79548573493957519531 -0.72968721389770507813 -0.66572868824005126953 -0.62060183286666870117 -0.57056391239166259766 -0.57379800081253051758 -0.64991748332977294922 -0.75866329669952392578 -0.82235634326934814453 -0.85819089412689208984 -0.90128761529922485352 -0.93342250585556030273 -0.96809256076812744141 -0.99955689907073974609 -1.0203260183334350586 -1.0216869115829467773 -0.99360358715057373047 -0.94010311365127563477
-0.26414969563484191895 -0.26734182238578796387 -0.27209973335266113281 -0.28134888410568237305 -0.29863572120666503906 -0.33160537481307983398 -0.34068286418914794922 -0.34063223004341125488 -0.33563721179962158203 -0.3236306309700012207 -0.29599437117576599121 -0.26952627301216125488 -0.25796055793762207031 -0.24624663591384887695 -0.23923878371715545654 -0.23624670505523681641 -0.25639969110488891602 -0.33602988719940185547 -0.51070636510848999023 -0.69916635751724243164 -0.79269862174987792969 -0.85183131694793701172 -0.89805722236633300781 -0.87592351436614990234 -0.81026828289031982422 -0.73677784204483032227 -0.67582494020462036133 -0.63635993003845214844 -0.60291117429733276367 -0.61384713649749755859 -0.688419342041015625 -0.80813938379287719727 -0.8818187713623046875 -0.91893631219863891602 -0.96259492635726928711 -1.0030478239059448242 -1.0332477092742919922 -1.05866241455078125 -1.0778707265853881836 -1.0761542320251464844 -1.0396071672439575195 -0.98555970191955566406
-0.25982272624969482422 -0.26479798555374145508 -0.26683798432350158691 -0.26701581478118896484 -0.26968312263488769531 -0.27771589159965515137 -0.28479662537574768066 -0.30391353368759155273 -0.30890980362892150879 -0.30161300301551818848 -0.2834345698356628418 -0.26648110151290893555 -0.25648859143257141113 -0.24635653197765350342 -0.24356944859027862549 -0.25261604785919189453 -0.28583636879920959473 -0.37481078505516052246 -0.54493921995162963867 -0.72876477241516113281 -0.82119929790496826172 -0.87732386589050292969 -0.92210865020751953125 -0.8995106816291809082 -0.83081644773483276367 -0.76725178956985473633 -0.73040467500686645508 -0.70623719692230224609 -0.69797468185424804688 -0.71677428483963012695 -0.77808773517608642578 -0.88342779874801635742 -0.96033263206481933594 -1.0003410577774047852 -1.0442280769348144531 -1.0922371149063110352 -1.1091794967651367188 -1.1254451274871826172 -1.1517723798751831055 -1.1496373414993286133 -1.1096844673156738281 -1.0698750019073486328
-0.25366076827049255371 -0.25974121689796447754 -0.26495480537414550781 -0.26721832156181335449 -0.26428306102752685547 -0.25851500034332275391 -0.25488573312759399414 -0.25888916850090026855 -0.2579568326473236084 -0.25107246637344360352 -0.25513023138046264648 -0.26087853312492370605 -0.25575014948844909668 -0.25268149375915527344 -0.25776913762092590332 -0.28689342737197875977 -0.35115450620651245117 -0.45612165331840515137 -0.60341989994049072266 -0.76309156417846679688 -0.85259079933166503906 -0.90669512748718261719 -0.95132434368133544922 -0.92856329679489135742 -0.86147439479827880859 -0.8204262852668762207 -0.81347030401229858398 -0.81905925273895263672 -0.83978521823883056641 -0.87205964326858520508 -0.93313109874725341797 -1.0260336399078369141 -1.0894858837127685547 -1.1126247644424438477 -1.1419539451599121094 -1.1722884178161621094 -1.1660387516021728516 -1.1720920801162719727 -1.2022671699523925781 -1.2063311338424682617 -1.1748087406158447266 -1.1505893468856811523
-0.24747161567211151123 -0.25133302807807922363 -0.25691461563110351563 -0.26243939995765686035 -0.26256042718887329102 -0.25644907355308532715 -0.24697890877723693848 -0.24100834131240844727 -0.23716667294502258301 -0.23167400062084197998 -0.24324715137481689453 -0.25792104005813598633 -0.25618603825569152832 -0.25844585895538330078 -0.26898047327995300293 -0.31344297528266906738 -0.40553420782089233398 -0.52338469028472900391 -0.64657348394393920898 -0.78031051158905029297 -0.8593590855598449707 -0.91249895095825195313 -0.96348279714584350586 -0.95128232240676879883 -0.90214586257934570313 -0.88564687967300415039 -0.89412540197372436523 -0.91313368082046508789 -0.94282352924346923828 -0.98336905241012573242 -1.0498565435409545898 -1.1311612129211425781 -1.1754052639007568359 -1.1904903650283813477 -1.2137304544448852539 -1.2288637161254882813 -1.2132785320281982422 -1.2123733758926391602 -1.2343971729278564453 -1.244167327880859375 -1.2295663356781005859 -1.2140440940856933594
-0.24259389936923980713 -0.24319157004356384277 -0.24755929410457611084 -0.25544759631156921387 -0.25854709744453430176 -0.25322854518890380859 -0.24319775402545928955 -0.23727411031723022461 -0.23543168604373931885 -0.23293109238147735596 -0.24431160092353820801 -0.26126381754875183105 -0.26254436373710632324 -0.26452261209487915039 -0.27570432424545288086 -0.32684248685836791992 -0.42921024560928344727 -0.54970210790634155273 -0.65905052423477172852 -0.77103543281555175781 -0.83708703517913818359 -0.89485275745391845703 -0.95943737030029296875 -0.96638721227645874023 -0.94864714145660400391 -0.95638602972030639648 -0.96879273653030395508 -0.98434460163116455078 -1.0080713033676147461 -1.0474696159362792969 -1.1113256216049194336 -1.1753977537155151367 -1.2075783014297485352 -1.2277979850769042969 -1.2561764717102050781 -1.2730545997619628906 -1.2633645534515380859 -1.258758544921875 -1.2670778036117553711 -1.2755885124206542969 -1.2765480279922485352 -1.2670160531997680664
-0.23880040645599365234 -0.23727287352085113525 -0.24021555483341217041 -0.24859657883644104004 -0.25199490785598754883 -0.24728392064571380615 -0.23920419812202453613 -0.23478338122367858887 -0.23526374995708465576 -0.23725806176662445068 -0.25223696231842041016 -0.27288511395454406738 -0.27677494287490844727 -0.27468430995941162109 -0.2815093994140625 -0.32879853248596191406 -0.42466843128204345703 -0.53978741168975830078 -0.64797997474670410156 -0.75162458419799804688 -0.81147348880767822266 -0.87922185659408569336 -0.96220099925994873047 -0.98679083585739135742 -0.9949359893798828125 -1.0257928371429443359 -1.0406765937805175781 -1.05083465576171875 -1.0669137239456176758 -1.0957033634185791016 -1.1420094966888427734 -1.1848951578140258789 -1.2107828855514526367 -1.2379968166351318359 -1.2786275148391723633 -1.310049891471862793 -1.3109945058822631836 -1.3041014671325683594 -1.3003240823745727539 -1.3043015003204345703 -1.3141397237777709961 -1.3118107318878173828
-0.23655664920806884766 -0.23525634407997131348 -0.23639735579490661621 -0.24042548239231109619 -0.24201598763465881348 -0.23896341025829315186 -0.2347364574670791626 -0.23240257799625396729 -0.23384612798690795898 -0.24151957035064697266 -0.27155146002769470215 -0.30218720436096191406 -0.30227982997894287109 -0.29115000367164611816 -0.29174149036407470703 -0.32600650191307067871 -0.40706667304039001465 -0.51662874221801757813 -0.63986694812774658203 -0.75952279567718505859 -0.82658082246780395508 -0.89886480569839477539 -0.99195629358291625977 -1.0268881320953369141 -1.0463285446166992188 -1.0899649858474731445 -1.1095548868179321289 -1.1201660633087158203 -1.1233866214752197266 -1.1226826906204223633 -1.1335173845291137695 -1.1571947336196899414 -1.1803804636001586914 -1.2158346176147460938 -1.2755143642425537109 -1.3291347026824951172 -1.3398730754852294922 -1.330249786376953125 -1.3240346908569335938 -1.329442143440246582 -1.3451323509216308594 -1.3515152931213378906
-0.23677521944046020508 -0.23663815855979919434 -0.2361269146203994751 -0.23546750843524932861 -0.23410174250602722168 -0.23242726922035217285 -0.23110966384410858154 -0.22967475652694702148 -0.22983157634735107422 -0.24923253059387207031 -0.31678330898284912109 -0.37314125895500183105 -0.36631369590759277344 -0.33669549226760864258 -0.3307952880859375 -0.35419967770576477051 -0.42474004626274108887 -0.53914153575897216797 -0.69585072994232177734 -0.83558052778244018555 -0.90771263837814331055 -0.97737622261047363281 -1.0496639013290405273 -1.0747872591018676758 -1.1076062917709350586 -1.1563746929168701172 -1.1799371242523193359 -1.1930551528930664063 -1.1859509944915771484 -1.156811833381652832 -1.1350078582763671875 -1.1530109643936157227 -1.183808445930480957 -1.2310642004013061523 -1.2996917963027954102 -1.3532540798187255859 -1.3531354665756225586 -1.3331503868103027344 -1.334605097770690918 -1.3494371175765991211 -1.3729537725448608398 -1.3862236738204956055
-0.23830522596836090088 -0.24345584213733673096 -0.24088978767395019531 -0.23698638379573822021 -0.23517730832099914551 -0.2322778552770614624 -0.230426788330078125 -0.23018598556518554688 -0.23669742047786712646 -0.28359261155128479004 -0.39694079756736755371 -0.48948395252227783203 -0.49592378735542297363 -0.45909890532493591309 -0.44957563281059265137 -0.47147470712661743164 -0.53222632408142089844 -0.63913959264755249023 -0.79949164390563964844 -0.93039339780807495117 -0.99527192115783691406 -1.0646120309829711914 -1.1087435483932495117 -1.124211430549621582 -1.164513707160949707 -1.2067596912384033203 -1.2276263236999511719 -1.2438598871231079102 -1.2437154054641723633 -1.211691737174987793 -1.1784392595291137695 -1.1897333860397338867 -1.2179734706878662109 -1.2636855840682983398 -1.3317056894302368164 -1.3804926872253417969 -1.3702309131622314453 -1.3409128189086914063 -1.3413499593734741211 -1.3597420454025268555 -1.3903987407684326172 -1.4120755195617675781
-0.24873487651348114014 -0.25057482719421386719 -0.24933378398418426514 -0.24270750582218170166 -0.24029335379600524902 -0.23379179835319519043 -0.2303415834903717041 -0.23365101218223571777 -0.25187760591506958008 -0.33001980185508728027 -0.47229713201522827148 -0.5940608978271484375 -0.63365185260772705078 -0.61535489559173583984 -0.61126750707626342773 -0.638149261474609375 -0.68626326322555541992 -0.76693445444107055664 -0.89344376325607299805 -0.99695378541946411133 -1.0507789850234985352 -1.1178827285766601563 -1.1556066274642944336 -1.1740208864212036133 -1.2029982805252075195 -1.2303998470306396484 -1.2471520900726318359 -1.2673112154006958008 -1.2765849828720092773 -1.257825016975402832 -1.2288575172424316406 -1.2302467823028564453 -1.2473199367523193359 -1.2821716070175170898 -1.3446359634399414063 -1.3932167291641235352 -1.3868052959442138672 -1.3622266054153442383 -1.3616127967834472656 -1.3756396770477294922 -1.4060790538787841797 -1.4292697906494140625
-9999 -0.25492772459983825684 -0.24897320568561553955 -0.24624663591384887695 -0.24402758479118347168 -0.23576633632183074951 -0.23565891385078430176 -0.24610708653926849365 -0.27591177821159362793 -0.37553811073303222656 -0.52485787868499755859 -0.6654866337776184082 -0.74190372228622436523 -0.75656157732009887695 -0.76341998577117919922 -0.79365193843841552734 -0.83459264039993286133 -0.8921298980712890625 -0.98618084192276000977 -1.0644984245300292969 -1.1043844223022460938 -1.1552423238754272461 -1.1925747394561767578 -1.2145590782165527344 -1.2306344509124755859 -1.2447415590286254883 -1.2587659358978271484 -1.2841497659683227539 -1.3010711669921875 -1.2994040250778198242 -1.2891114950180053711 -1.2926456928253173828 -1.3018145561218261719 -1.3221366405487060547 -1.3662941455841064453 -1.4046738147735595703 -1.404085993766784668 -1.3923238515853881836 -1.3942354917526245117 -1.4034389257431030273 -1.4270569086074829102 -1.4351946115493774414
-9999 -9999 -0.24302858114242553711 -0.24253956973552703857 -0.24203327298164367676 -0.24100339412689208984 -0.25333103537559509277 -0.27527457475662231445 -0.31842690706253051758 -0.43027842044830322266 -0.57678264379501342773 -0.72408837080001831055 -0.82242798805236816406 -0.86257463693618774414 -0.87845003604888916016 -0.91054666042327880859 -0.94968813657760620117 -0.99258482456207275391 -1.0506851673126220703 -1.0957379341125488281 -1.1189954280853271484 -1.1553794145584106445 -1.1928982734680175781 -1.2180179357528686523 -1.2375164031982421875 -1.2504614591598510742 -1.2624359130859375 -1.2899116277694702148 -1.3143830299377441406 -1.3249039649963378906 -1.3323354721069335938 -1.3510534763336181641 -1.3628773689270019531 -1.3736798763275146484 -1.3975733518600463867 -1.4199119806289672852 -1.4224545955657958984 -1.4212987422943115234 -1.4251120090484619141 -1.4321433305740356445 -1.4458453655242919922 -1.4270544052124023438
-9999 -0.24165540933609008789 -0.24022172391414642334 -0.23896093666553497314 -0.2411219477653503418 -0.25243699550628662109 -0.28293815255165100098 -0.32104852795600891113 -0.37956377863883972168 -0.49691167473793029785 -0.63145750761032104492 -0.76723819971084594727 -0.86584830284118652344 -0.91787928342819213867 -0.93950051069259643555 -0.9712994694709777832 -0.9995791316032409668 -1.018573760986328125 -1.043768763542175293 -1.0651923418045043945 -1.0805886983871459961 -1.1146894693374633789 -1.1539864540100097656 -1.1819339990615844727 -1.2156679630279541016 -1.2337920665740966797 -1.2414877414703369141 -1.2665913105010986328 -1.3034963607788085938 -1.3275009393692016602 -1.3397408723831176758 -1.3678488731384277344 -1.3888859748840332031 -1.4008666276931762695 -1.4187672138214111328 -1.4363492727279663086 -1.4442116022109985352 -1.4455366134643554688 -1.4489892721176147461 -1.45603179931640625 -1.4640127420425415039 -1.4300366640090942383
-0.24699002504348754883 -0.24559585750102996826 -0.24196411669254302979 -0.24077124893665313721 -0.24744197726249694824 -0.27249982953071594238 -0.33005437254905700684 -0.39099615812301635742 -0.45907050371170043945 -0.57247054576873779297 -0.68844151496887207031 -0.80282825231552124023 -0.89314126968383789063 -0.94384843111038208008 -0.96478313207626342773 -0.98979282379150390625 -0.99581646919250488281 -0.98009049892425537109 -0.97868150472640991211 -0.99436551332473754883 -1.0104570388793945313 -1.0458284616470336914 -1.0878977775573730469 -1.124546051025390625 -1.1677095890045166016 -1.1852581501007080078 -1.1892158985137939453 -1.2156444787979125977 -1.2743178606033325195 -1.3172775506973266602 -1.3273749351501464844 -1.3536479473114013672 -1.3805284500122070313 -1.3998750448226928711 -1.4269939661026000977 -1.4539535045623779297 -1.4709476232528686523 -1.4753524065017700195 -1.4793299436569213867 -1.4865143299102783203 -1.4949706792831420898 -1.4780913591384887695
-0.26087236404418945313 -0.2513898313045501709 -0.2462132871150970459 -0.24567489326000213623 -0.25764194130897521973 -0.29863202571868896484 -0.398563385009765625 -0.49408876895904541016 -0.56649500131607055664 -0.66654616594314575195 -0.75929558277130126953 -0.84212654829025268555 -0.91352021694183349609 -0.93926960229873657227 -0.945629119873046875 -0.95073652267456054688 -0.92045766115188598633 -0.87333649396896362305 -0.861988067626953125 -0.87895512580871582031 -0.89375746250152587891 -0.92576879262924194336 -0.98351848125457763672 -1.0493984222412109375 -1.1094597578048706055 -1.1438395977020263672 -1.1568748950958251953 -1.1940343379974365234 -1.2783977985382080078 -1.34629058837890625 -1.3639775514602661133 -1.3714867830276489258 -1.3785699605941772461 -1.3948047161102294922 -1.4338845014572143555 -1.4769368171691894531 -1.500531315803527832 -1.5115203857421875 -1.5185134410858154297 -1.5247901678085327148 -1.5331577062606811523 -1.5330193042755126953
-0.26631563901901245117 -0.25732460618019104004 -0.25139847397804260254 -0.25171831250190734863 -0.26604768633842468262 -0.31800705194473266602 -0.43485480546951293945 -0.54056656360626220703 -0.62086856365203857422 -0.72087526321411132813 -0.80351483821868896484 -0.86610513925552368164 -0.91406351327896118164 -0.92167276144027709961 -0.91252487897872924805 -0.89243364334106445313 -0.84165233373641967773 -0.79019063711166381836 -0.78109586238861083984 -0.79235535860061645508 -0.8026911616325378418 -0.83579170703887939453 -0.91327816247940063477 -1.0085725784301757813 -1.092637181282043457 -1.1471292972564697266 -1.1731774806976318359 -1.2245194911956787109 -1.3105449676513671875 -1.3834761381149291992 -1.4176484346389770508 -1.4204887151718139648 -1.4103997945785522461 -1.4193933010101318359 -1.4541991949081420898 -1.4965834617614746094 -1.5205150842666625977 -1.5336416959762573242 -1.5419127941131591797 -1.5500568151473999023 -1.5594183206558227539 -1.5654703378677368164
-0.26954358816146850586 -0.26121440529823303223 -0.25449675321578979492 -0.25472396612167358398 -0.26922005414962768555 -0.32243278622627258301 -0.44075375795364379883 -0.54931682348251342773 -0.63932979106903076172 -0.74374741315841674805 -0.82305532693862915039 -0.87558150291442871094 -0.90790277719497680664 -0.9074656367301940918 -0.87761408090591430664 -0.83260077238082885742 -0.77785801887512207031 -0.73689514398574829102 -0.74287313222885131836 -0.76472526788711547852 -0.77662444114685058594 -0.81136608123779296875 -0.89581471681594848633 -1.0041048526763916016 -1.1012269258499145508 -1.1654077768325805664 -1.199031829833984375 -1.257811427116394043 -1.3347693681716918945 -1.4002282619476318359 -1.4475556612014770508 -1.4632866382598876953 -1.457220911979675293 -1.460345149040222168 -1.4802820682525634766 -1.5114104747772216797 -1.533814549446105957 -1.5476179122924804688 -1.5557247400283813477 -1.5652258396148681641 -1.5761914253234863281 -1.5852997303009033203
