INPUT/RASTER/ASCII_standard/BIO14.asc
ncols        225
nrows        269
xllcorner    473009.983799999987
yllcorner    4429051.174800000153
cellsize     50.000000000000
NODATA_value  -9999
[rows 95 to 113 of 269, columns 42 to 83 of 225]
1.154196619987487793 1.1565914154052734375 1.1355583667755126953 1.1394524574279785156 1.1759998798370361328 1.2027668952941894531 1.2330847978591918945 1.2547250986099243164 1.2583177089691162109 1.2464377880096435547 1.2322710752487182617 1.2246694564819335938 1.2168395519256591797 1.2142051458358764648 1.2167732715606689453 1.2155545949935913086 1.2068395614624023438 1.1984790563583374023 1.180451512336730957 1.1602337360382080078 1.1553936004638671875 1.1607573032379150391 1.1655974388122558594 1.1686787605285644531 1.1695333719253540039 1.1698173284530639648 1.1652882099151611328 1.1451549530029296875 1.1229937076568603516 1.1146367788314819336 1.1092522144317626953 1.097766876220703125 1.0602384805679321289 1.0128695964813232422 0.98183655738830566406 0.96965956687927246094 0.95839124917984008789 0.93054485321044921875 0.91587811708450317383 0.92316794395446777344 0.92901682853698730469 0.94000905752182006836
1.1593564748764038086 1.1457700729370117188 1.1278269290924072266 1.1416555643081665039 1.1854388713836669922 1.2160476446151733398 1.251410365104675293 1.2725750207901000977 1.2740193605422973633 1.2613893747329711914 1.2448478937149047852 1.235882878303527832 1.2265685796737670898 1.2227032184600830078 1.223903656005859375 1.2239289283752441406 1.2186576128005981445 1.2133679389953613281 1.1988929510116577148 1.175299525260925293 1.1601248979568481445 1.1629203557968139648 1.1699166297912597656 1.1725587844848632813 1.1739492416381835938 1.1758004426956176758 1.1711832284927368164 1.1425546407699584961 1.1124162673950195313 1.1037334203720092773 1.0998655557632446289 1.0873035192489624023 1.0516324043273925781 1.0067262649536132813 0.97259622812271118164 0.95277839899063110352 0.93790173530578613281 0.92334741353988647461 0.93624478578567504883 0.96551465988159179688 0.97705739736557006836 0.98482984304428100586
1.1557917594909667969 1.1157623529434204102 1.106143951416015625 1.1347395181655883789 1.1866419315338134766 1.221093297004699707 1.2601244449615478516 1.2813552618026733398 1.2814441919326782227 1.2673872709274291992 1.2502516508102416992 1.240826725959777832 1.2318468093872070313 1.2285730838775634766 1.2296845912933349609 1.2312457561492919922 1.2307108640670776367 1.2287569046020507813 1.2185156345367431641 1.1936494112014770508 1.170969843864440918 1.1672474145889282227 1.1730109453201293945 1.177651524543762207 1.1802223920822143555 1.1833096742630004883 1.1773335933685302734 1.1455531120300292969 1.1105754375457763672 1.0965656042098999023 1.0839364528656005859 1.0585458278656005859 1.0198780298233032227 0.98007160425186157227 0.95199871063232421875 0.93588328361511230469 0.92799413204193115234 0.93188381195068359375 0.96865689754486083984 1.0074484348297119141 1.0162183046340942383 1.0176967382431030273
1.1300265789031982422 1.06473541259765625 1.0732291936874389648 1.1237874031066894531 1.1831268072128295898 1.2198423147201538086 1.263500213623046875 1.2862224578857421875 1.2840088605880737305 1.2673559188842773438 1.2491714954376220703 1.2398188114166259766 1.2329810857772827148 1.2326935529708862305 1.2340029478073120117 1.2359290122985839844 1.2366895675659179688 1.2357635498046875 1.2287542819976806641 1.2080705165863037109 1.1852045059204101563 1.1727417707443237305 1.1721494197845458984 1.1791238784790039063 1.1845163106918334961 1.1902545690536499023 1.1864336729049682617 1.1579391956329345703 1.1188182830810546875 1.0955402851104736328 1.0693612098693847656 1.0268324613571166992 0.98269116878509521484 0.94802367687225341797 0.93180543184280395508 0.92853683233261108398 0.93239778280258178711 0.95285069942474365234 0.99660956859588623047 1.0289928913116455078 1.0332293510437011719 1.0325533151626586914
1.110553741455078125 1.0081018209457397461 1.0333721637725830078 1.1050689220428466797 1.1680549383163452148 1.2041851282119750977 1.250090479850769043 1.2777357101440429688 1.2785153388977050781 1.2615044116973876953 1.2429610490798950195 1.2340517044067382813 1.2288779020309448242 1.230668187141418457 1.2310872077941894531 1.2324340343475341797 1.2315899133682250977 1.2289702892303466797 1.2226134538650512695 1.2083057165145874023 1.1919167041778564453 1.1748995780944824219 1.1622713804244995117 1.1658753156661987305 1.1746121644973754883 1.1851634979248046875 1.1866244077682495117 1.1620501279830932617 1.1229267120361328125 1.0979019403457641602 1.0679368972778320313 1.0184684991836547852 0.97289246320724487305 0.94019025564193725586 0.92623525857925415039 0.92622828483581542969 0.9363371729850769043 0.96379411220550537109 1.0034167766571044922 1.0295948982238769531 1.0321151018142700195 1.0326168537139892578
1.1083958148956298828 0.98969697952270507813 0.99621403217315673828 1.0612961053848266602 1.1190308332443237305 1.1637009382247924805 1.2157034873962402344 1.2477828264236450195 1.2580651044845581055 1.2491052150726318359 1.2335795164108276367 1.2237817049026489258 1.2164361476898193359 1.2189965248107910156 1.2209573984146118164 1.2225620746612548828 1.2203955650329589844 1.2169231176376342773 1.2114558219909667969 1.2031919956207275391 1.1933523416519165039 1.1733541488647460938 1.1417287588119506836 1.1346515417098999023 1.1465618610382080078 1.1660948991775512695 1.1740659475326538086 1.1578172445297241211 1.1257213354110717773 1.1057928800582885742 1.0801252126693725586 1.0292620658874511719 0.97624289989471435547 0.94086885452270507813 0.92580145597457885742 0.92417496442794799805 0.93578308820724487305 0.96252137422561645508 0.99331313371658325195 1.0147557258605957031 1.0237903594970703125 1.0314879417419433594
1.1261935234069824219 1.0174797773361206055 0.97586393356323242188 1.0034602880477905273 1.0329644680023193359 1.0924171209335327148 1.1613122224807739258 1.2025438547134399414 1.2284563779830932617 1.2332276105880737305 1.2211769819259643555 1.2089111804962158203 1.1946556568145751953 1.1965851783752441406 1.206677556037902832 1.2120977640151977539 1.2097613811492919922 1.205830693244934082 1.200001835823059082 1.1954039335250854492 1.1920499801635742188 1.1721999645233154297 1.1254311800003051758 1.1031628847122192383 1.1158163547515869141 1.1454643011093139648 1.1616371870040893555 1.1565610170364379883 1.1336323022842407227 1.1156386137008666992 1.0886833667755126953 1.0359778404235839844 0.98108649253845214844 0.94231063127517700195 0.92113465070724487305 0.91700279712677001953 0.93007618188858032227 0.9562003016471862793 0.97820127010345458984 0.9941921234130859375 1.0145840644836425781 1.0343548059463500977
1.1515405178070068359 1.0841054916381835938 1.0213346481323242188 0.99358230829238891602 0.97570013999938964844 1.0211203098297119141 1.0899335145950317383 1.1453065872192382813 1.1955285072326660156 1.2158716917037963867 1.2066270112991333008 1.1919907331466674805 1.172458648681640625 1.174200892448425293 1.1915761232376098633 1.2022259235382080078 1.2017998695373535156 1.1972646713256835938 1.1891629695892333984 1.1851339340209960938 1.1855869293212890625 1.1681882143020629883 1.1212540864944458008 1.0949426889419555664 1.0973775386810302734 1.1255009174346923828 1.1465278863906860352 1.1468336582183837891 1.1314640045166015625 1.1182093620300292969 1.0949112176895141602 1.0465362071990966797 0.99312931299209594727 0.9487902522087097168 0.91681200265884399414 0.90686434507369995117 0.91945946216583251953 0.94569766521453857422 0.96233665943145751953 0.97646766901016235352 1.0112727880477905273 1.0523240566253662109
1.1751461029052734375 1.1375873088836669922 1.0828919410705566406 1.0237851142883300781 0.99016129970550537109 1.0101063251495361328 1.0479081869125366211 1.094466090202331543 1.1659511327743530273 1.2070059776306152344 1.2031545639038085938 1.1781368255615234375 1.1456758975982666016 1.1488399505615234375 1.1729325056076049805 1.1888598203659057617 1.1906831264495849609 1.1867742538452148438 1.1781576871871948242 1.1731207370758056641 1.1739274263381958008 1.1633019447326660156 1.1266944408416748047 1.10187530517578125 1.0852274894714355469 1.0951726436614990234 1.1162101030349731445 1.1302965879440307617 1.1266760826110839844 1.1192617416381835938 1.1051568984985351563 1.0738537311553955078 1.0289136171340942383 0.97288548946380615234 0.9210109710693359375 0.89787751436233520508 0.90391373634338378906 0.92297542095184326172 0.93704450130462646484 0.95703744888305664063 1.007944941520690918 1.0700241327285766602
1.1976349353790283203 1.167072296142578125 1.1144434213638305664 1.0462269783020019531 1.0138714313507080078 1.0090992450714111328 1.0290468931198120117 1.0845445394515991211 1.1700830459594726563 1.2285451889038085938 1.223721623420715332 1.1735702753067016602 1.119511723518371582 1.1311738491058349609 1.1534796953201293945 1.1660670042037963867 1.1702363491058349609 1.1684818267822265625 1.1630762815475463867 1.1583198308944702148 1.1577754020690917969 1.1531103849411010742 1.1256576776504516602 1.0994508266448974609 1.0638442039489746094 1.0572452545166015625 1.0852589607238769531 1.1166073083877563477 1.1258432865142822266 1.1236976385116577148 1.1181632280349731445 1.10521697998046875 1.0723258256912231445 1.0095174312591552734 0.94035840034484863281 0.89902740716934204102 0.89044225215911865234 0.89573711156845092773 0.9107818603515625 0.94151091575622558594 1.0025221109390258789 1.0732213258743286133
1.1866549253463745117 1.144509434700012207 1.0977826118469238281 1.0433582067489624023 1.0127102136611938477 0.9887726902961730957 1.0021953582763671875 1.0667033195495605469 1.1487066745758056641 1.2043018341064453125 1.194960474967956543 1.1568528413772583008 1.1321364641189575195 1.1557456254959106445 1.1510527133941650391 1.1437027454376220703 1.1456811428070068359 1.1465026140213012695 1.1470035314559936523 1.1447377204895019531 1.1424396038055419922 1.1360279321670532227 1.1117706298828125 1.0844138860702514648 1.0393544435501098633 1.0273150205612182617 1.0655944347381591797 1.1099107265472412109 1.1282973289489746094 1.1299463510513305664 1.1275681257247924805 1.1198854446411132813 1.0941603183746337891 1.0388700962066650391 0.96893912553787231445 0.91518294811248779297 0.88924437761306762695 0.88017916679382324219 0.9002043604850769043 0.94159018993377685547 1.0080399513244628906 1.0728963613510131836
1.1500630378723144531 1.0940923690795898438 1.0536839962005615234 1.0223939418792724609 1.0031858682632446289 0.97618365287780761719 0.97684657573699951172 1.0211882591247558594 1.0806095600128173828 1.119572758674621582 1.1139320135116577148 1.1093897819519042969 1.1340695619583129883 1.1784852743148803711 1.1531678438186645508 1.1224397420883178711 1.123259425163269043 1.1275115013122558594 1.1332097053527832031 1.134535670280456543 1.1321625709533691406 1.1208454370498657227 1.0956151485443115234 1.0700904130935668945 1.0244106054306030273 1.0040048360824584961 1.0403692722320556641 1.09554290771484375 1.1229336261749267578 1.1279592514038085938 1.1277250051498413086 1.1215676069259643555 1.0983915328979492188 1.0517187118530273438 0.98953491449356079102 0.93402248620986938477 0.89608120918273925781 0.87682175636291503906 0.89983588457107543945 0.95004475116729736328 1.0223973989486694336 1.0786616802215576172
1.1177747249603271484 1.0586922168731689453 1.0241353511810302734 1.0008224248886108398 0.98631256818771362305 0.96617585420608520508 0.96204918622970581055 0.98540651798248291016 1.0185338258743286133 1.0446152687072753906 1.050316929817199707 1.0598177909851074219 1.1017847061157226563 1.1571812629699707031 1.1252936124801635742 1.0891895294189453125 1.1001513004302978516 1.1114718914031982422 1.1202661991119384766 1.1249502897262573242 1.1223874092102050781 1.1088157892227172852 1.0823657512664794922 1.0585999488830566406 1.0102266073226928711 0.97410249710083007813 0.99831789731979370117 1.0624294281005859375 1.1008690595626831055 1.1099743843078613281 1.1133065223693847656 1.1095021963119506836 1.0859993696212768555 1.044125676155090332 0.98985898494720458984 0.93737643957138061523 0.89777904748916625977 0.87845778465270996094 0.90543127059936523438 0.96393001079559326172 1.0365109443664550781 1.0857510566711425781
1.0956752300262451172 1.04088592529296875 1.0066522359848022461 0.98406147956848144531 0.97326183319091796875 0.96109879016876220703 0.95637363195419311523 0.96622550487518310547 0.98201078176498413086 0.99970912933349609375 1.0108764171600341797 1.0228399038314819336 1.0577914714813232422 1.0955166816711425781 1.0593482255935668945 1.0376355648040771484 1.0732256174087524414 1.0983531475067138672 1.1160323619842529297 1.1232072114944458008 1.116263270378112793 1.1003464460372924805 1.0748878717422485352 1.0497812032699584961 0.99581509828567504883 0.94364434480667114258 0.95071291923522949219 1.0129872560501098633 1.0505983829498291016 1.0584343671798706055 1.0647171735763549805 1.0698238611221313477 1.0494841337203979492 1.0114165544509887695 0.96561133861541748047 0.9203898310661315918 0.88629031181335449219 0.87896394729614257813 0.91694700717926025391 0.97840076684951782227 1.0402151346206665039 1.0802532434463500977
1.0732448101043701172 1.0247399806976318359 0.99156385660171508789 0.97154039144515991211 0.96319043636322021484 0.95334464311599731445 0.94607138633728027344 0.94860124588012695313 0.95804798603057861328 0.96803051233291625977 0.97502499818801879883 0.98089748620986938477 0.99675679206848144531 1.0166949033737182617 0.99352830648422241211 0.99867939949035644531 1.0604414939880371094 1.0991476774215698242 1.120108485221862793 1.1247560977935791016 1.1160715818405151367 1.0980343818664550781 1.0672556161880493164 1.0381008386611938477 0.98057341575622558594 0.91917717456817626953 0.90773808956146240234 0.96580737829208374023 1.0044037103652954102 1.0107152462005615234 1.0145108699798583984 1.0140752792358398438 0.99116140604019165039 0.95809066295623779297 0.92204940319061279297 0.89060771465301513672 0.8727264404296875 0.88469785451889038086 0.93093687295913696289 0.98507291078567504883 1.032318115234375 1.0637954473495483398
1.0381487607955932617 1.0012553930282592773 0.97732573747634887695 0.96314775943756103516 0.95467227697372436523 0.94090545177459716797 0.92575526237487792969 0.92481964826583862305 0.93226188421249389648 0.9375584721565246582 0.93831032514572143555 0.93756723403930664063 0.94159018993377685547 0.95841997861862182617 0.96297436952590942383 0.98570621013641357422 1.0581617355346679688 1.1046917438507080078 1.1239833831787109375 1.1260750293731689453 1.1183739900588989258 1.0984081029891967773 1.0576816797256469727 1.0231719017028808594 0.96412950754165649414 0.89827561378479003906 0.86818164587020874023 0.91792273521423339844 0.9645633697509765625 0.97689712047576904297 0.97748601436614990234 0.96433860063552856445 0.93351376056671142578 0.90126454830169677734 0.87236666679382324219 0.85526680946350097656 0.85872530937194824219 0.88886284828186035156 0.93515151739120483398 0.98114401102066040039 1.0208929777145385742 1.0476565361022949219
0.99717056751251220703 0.97385942935943603516 0.96413564682006835938 0.95855414867401123047 0.95027559995651245117 0.92772316932678222656 0.90434318780899047852 0.90210521221160888672 0.90884530544281005859 0.91339707374572753906 0.91223496198654174805 0.90946996212005615234 0.91035240888595581055 0.93006485700607299805 0.96005338430404663086 0.98158043622970581055 1.042487025260925293 1.0946717262268066406 1.1203576326370239258 1.1229223012924194336 1.1153937578201293945 1.0934721231460571289 1.0493134260177612305 1.0132354497909545898 0.95284110307693481445 0.8848311305046081543 0.84319090843200683594 0.87336850166320800781 0.92278289794921875 0.94531178474426269531 0.95147776603698730469 0.93423855304718017578 0.89293110370635986328 0.85915911197662353516 0.8353932499885559082 0.82653886079788208008 0.84134060144424438477 0.88220548629760742188 0.92921024560928344727 0.97535955905914306641 1.0136580467224121094 1.0355527400970458984
0.96416699886322021484 0.95061182975769042969 0.94685715436935424805 0.94472724199295043945 0.93797314167022705078 0.91413933038711547852 0.89237618446350097656 0.88988292217254638672 0.89625889062881469727 0.89946651458740234375 0.89514380693435668945 0.89234566688537597656 0.89284747838973999023 0.91044825315475463867 0.9454415440559387207 0.96842604875564575195 1.014678955078125 1.0692236423492431641 1.1064348220825195313 1.1115416288375854492 1.1042551994323730469 1.0843415260314941406 1.0418999195098876953 1.006122589111328125 0.94978165626525878906 0.8870194554328918457 0.8332449793815612793 0.82993197441101074219 0.87179434299468994141 0.90288662910461425781 0.91793054342269897461 0.9010136723518371582 0.85522502660751342773 0.82331472635269165039 0.80495339632034301758 0.80274677276611328125 0.82279115915298461914 0.87334322929382324219 0.92491459846496582031 0.97325223684310913086 1.0075485706329345703 1.0236667394638061523
0.9309508204460144043 0.92276895046234130859 0.91939586400985717773 0.91601490974426269531 0.90900301933288574219 0.89335620403289794922 0.879924774169921875 0.87877488136291503906 0.88423961400985717773 0.88832360506057739258 0.88402271270751953125 0.88143187761306762695 0.88239884376525878906 0.89533376693725585938 0.92514199018478393555 0.94960826635360717773 0.99167883396148681641 1.0401498079299926758 1.0834591388702392578 1.0932430028915405273 1.0884447097778320313 1.0751639604568481445 1.0383629798889160156 1.0035090446472167969 0.95432120561599731445 0.90628850460052490234 0.84303152561187744141 0.80019259452819824219 0.82056623697280883789 0.84985089302062988281 0.8694012761116027832 0.86017316579818725586 0.82294535636901855469 0.7900950312614440918 0.7792422175407409668 0.79105418920516967773 0.82128053903579711914 0.877246856689453125 0.93069297075271606445 0.97164845466613769531 0.99726641178131103516 1.0097866058349609375
