INPUT/RASTER/ASCII_standard/BIO14.asc
ncols        225
nrows        269
xllcorner    473009.983799999987
yllcorner    4429051.174800000153
cellsize     50.000000000000
NODATA_value  -9999
[rows 209 to 227 of 269, columns 126 to 167 of 225]
-1.0750535726547241211 -1.153746485710144043 -1.2236399650573730469 -1.2416030168533325195 -1.1960984468460083008 -1.0971128940582275391 -0.96761608123779296875 -0.84720277786254882813 -0.72177165746688842773 -0.58185237646102905273 -0.47599777579307556152 -0.43177372217178344727 -0.42803558707237243652 -0.4480851590633392334 -0.4607238471508026123 -0.4622135162353515625 -0.45819577574729919434 -0.45373111963272094727 -0.44179370999336242676 -0.42584639787673950195 -0.40505895018577575684 -0.38046717643737792969 -0.35824146866798400879 -0.34674835205078125 -0.33610463142395019531 -0.33244839310646057129 -0.334194183349609375 -0.33565771579742431641 -0.33526310324668884277 -0.33389887213706970215 -0.3309090733528137207 -0.32856741547584533691 -0.32474654912948608398 -0.31970867514610290527 -0.34647396206855773926 -0.40414163470268249512 -0.43484538793563842773 -0.46118643879890441895 -0.46751707792282104492 -0.46553260087966918945 -0.46384954452514648438 -0.46402725577354431152
-0.95966678857803344727 -1.049456477165222168 -1.1314301490783691406 -1.1786483526229858398 -1.1689454317092895508 -1.0972095727920532227 -0.98587626218795776367 -0.87021774053573608398 -0.75541728734970092773 -0.6351712346076965332 -0.53631985187530517578 -0.48592716455459594727 -0.46462574601173400879 -0.47038057446479797363 -0.47713634371757507324 -0.47831502556800842285 -0.47614499926567077637 -0.47166553139686584473 -0.46097037196159362793 -0.44587853550910949707 -0.42467555403709411621 -0.39927363395690917969 -0.37743732333183288574 -0.36581790447235107422 -0.35322451591491699219 -0.34841576218605041504 -0.34925293922424316406 -0.35065111517906188965 -0.34952473640441894531 -0.34698793292045593262 -0.34081318974494934082 -0.3337446749210357666 -0.32684949040412902832 -0.32211479544639587402 -0.35136112570762634277 -0.41062560677528381348 -0.44391584396362304688 -0.47376412153244018555 -0.48320740461349487305 -0.48364213109016418457 -0.48687759041786193848 -0.48974716663360595703
-0.79800617694854736328 -0.90066623687744140625 -0.99753665924072265625 -1.0657714605331420898 -1.0844663381576538086 -1.0572437047958374023 -0.9932009577751159668 -0.89226222038269042969 -0.77721178531646728516 -0.66963666677474975586 -0.58324360847473144531 -0.53391546010971069336 -0.50346952676773071289 -0.50172287225723266602 -0.50293725728988647461 -0.50108695030212402344 -0.49932113289833068848 -0.49479722976684570313 -0.48377192020416259766 -0.46872711181640625 -0.44791269302368164063 -0.42126151919364929199 -0.39798256754875183105 -0.38560438156127929688 -0.37242731451988220215 -0.36771178245544433594 -0.36825364828109741211 -0.36884427070617675781 -0.36589279770851135254 -0.36104658246040344238 -0.35178276896476745605 -0.34048128128051757813 -0.32796892523765563965 -0.32226809859275817871 -0.36225748062133789063 -0.42357093095779418945 -0.45617032051086425781 -0.4883219599723815918 -0.50324916839599609375 -0.50883239507675170898 -0.51805001497268676758 -0.52405226230621337891
-0.66268569231033325195 -0.75851857662200927734 -0.85734122991561889648 -0.9337456822395324707 -0.97094124555587768555 -0.9870732426643371582 -0.97073566913604736328 -0.8869647979736328125 -0.76998728513717651367 -0.66664773225784301758 -0.59854710102081298828 -0.56225317716598510742 -0.53707253932952880859 -0.53438150882720947266 -0.53303647041320800781 -0.52964854240417480469 -0.52789145708084106445 -0.52342069149017333984 -0.51008594036102294922 -0.4929834902286529541 -0.47144860029220581055 -0.44263002276420593262 -0.4173151850700378418 -0.40391513705253601074 -0.39108565449714660645 -0.3873240351676940918 -0.38819605112075805664 -0.38700607419013977051 -0.38146552443504333496 -0.37544411420822143555 -0.36358511447906494141 -0.34817183017730712891 -0.3291772305965423584 -0.3186467289924621582 -0.36917617917060852051 -0.43575748801231384277 -0.46941795945167541504 -0.50563347339630126953 -0.52783745527267456055 -0.53925299644470214844 -0.54636073112487792969 -0.55045950412750244141
-0.62687700986862182617 -0.6810557246208190918 -0.75582063198089599609 -0.82893383502960205078 -0.8710479736328125 -0.89925760030746459961 -0.90048158168792724609 -0.83962458372116088867 -0.73445820808410644531 -0.63593173027038574219 -0.58854717016220092773 -0.57008832693099975586 -0.55870407819747924805 -0.55869626998901367188 -0.55876767635345458984 -0.55862659215927124023 -0.55844974517822265625 -0.55192828178405761719 -0.5342038273811340332 -0.51276999711990356445 -0.48776006698608398438 -0.45646652579307556152 -0.43041732907295227051 -0.4157549738883972168 -0.40246379375457763672 -0.40085652470588684082 -0.40347433090209960938 -0.40151160955429077148 -0.39324611425399780273 -0.38527420163154602051 -0.37090715765953063965 -0.35300758481025695801 -0.33173578977584838867 -0.32047006487846374512 -0.37815862894058227539 -0.4507369697093963623 -0.48498892784118652344 -0.52324122190475463867 -0.55098742246627807617 -0.56631100177764892578 -0.57267653942108154297 -0.57403814792633056641
-0.63568001985549926758 -0.63997042179107666016 -0.67967927455902099609 -0.73769283294677734375 -0.77335083484649658203 -0.79892086982727050781 -0.80840772390365600586 -0.77485096454620361328 -0.69448018074035644531 -0.61315721273422241211 -0.5835850834846496582 -0.57633185386657714844 -0.57678312063217163086 -0.58107531070709228516 -0.58396142721176147461 -0.58936166763305664063 -0.59237498044967651367 -0.5827897191047668457 -0.55885130167007446289 -0.53147363662719726563 -0.50184309482574462891 -0.46881684660911560059 -0.44258382916450500488 -0.42764446139335632324 -0.41392031311988830566 -0.41349953413009643555 -0.41646668314933776855 -0.41380968689918518066 -0.40246638655662536621 -0.39160573482513427734 -0.3755486607551574707 -0.35697570443153381348 -0.33906653523445129395 -0.33938711881637573242 -0.40215975046157836914 -0.47344091534614562988 -0.50446093082427978516 -0.53967374563217163086 -0.5704402923583984375 -0.59194725751876831055 -0.60071104764938354492 -0.60085219144821166992
-0.65029007196426391602 -0.62586295604705810547 -0.63228774070739746094 -0.65948861837387084961 -0.67894577980041503906 -0.70187973976135253906 -0.72238230705261230469 -0.71234142780303955078 -0.65851551294326782227 -0.60418522357940673828 -0.59129828214645385742 -0.59064316749572753906 -0.59412342309951782227 -0.60015439987182617188 -0.60538220405578613281 -0.61526191234588623047 -0.62062472105026245117 -0.61042612791061401367 -0.58221739530563354492 -0.55030882358551025391 -0.51687133312225341797 -0.48297831416130065918 -0.45688641071319580078 -0.44397071003913879395 -0.43292188644409179688 -0.43219971656799316406 -0.43153589963912963867 -0.42460411787033081055 -0.410083770751953125 -0.39770033955574035645 -0.38009521365165710449 -0.36153703927993774414 -0.34993505477905273438 -0.36498159170150756836 -0.42812880873680114746 -0.49037089943885803223 -0.51917296648025512695 -0.55273407697677612305 -0.58741295337677001953 -0.62017959356307983398 -0.63794672489166259766 -0.64086163043975830078
-0.6642398834228515625 -0.6314627528190612793 -0.61133998632431030273 -0.60247254371643066406 -0.59891211986541748047 -0.61449271440505981445 -0.64740568399429321289 -0.65508055686950683594 -0.62789189815521240234 -0.60707223415374755859 -0.60700076818466186523 -0.60928928852081298828 -0.61269462108612060547 -0.61910545825958251953 -0.62557113170623779297 -0.63731342554092407227 -0.64386707544326782227 -0.63512247800827026367 -0.60635787248611450195 -0.5731652379035949707 -0.54024958610534667969 -0.50370562076568603516 -0.47471281886100769043 -0.46452119946479797363 -0.46056878566741943359 -0.46013233065605163574 -0.45352116227149963379 -0.43971514701843261719 -0.42125540971755981445 -0.40789106488227844238 -0.3886769413948059082 -0.36921799182891845703 -0.36183062195777893066 -0.38458165526390075684 -0.44515722990036010742 -0.49935859441757202148 -0.52940899133682250977 -0.56719785928726196289 -0.60850179195404052734 -0.6669178009033203125 -0.73454880714416503906 -0.76382213830947875977
-0.67693865299224853516 -0.64598572254180908203 -0.6213486790657043457 -0.60482376813888549805 -0.59594064950942993164 -0.60239237546920776367 -0.6252549290657043457 -0.63675236701965332031 -0.63316321372985839844 -0.63367462158203125 -0.63551187515258789063 -0.63514769077301025391 -0.63518428802490234375 -0.64404565095901489258 -0.65450388193130493164 -0.66867315769195556641 -0.67689245939254760742 -0.66792833805084228516 -0.63875776529312133789 -0.61000710725784301758 -0.57787120342254638672 -0.5302975773811340332 -0.49535825848579406738 -0.49031862616539001465 -0.49775740504264831543 -0.49929758906364440918 -0.4864228367805480957 -0.46666857600212097168 -0.44333913922309875488 -0.42737525701522827148 -0.40714970231056213379 -0.38758799433708190918 -0.38175910711288452148 -0.40350830554962158203 -0.463623046875 -0.51713097095489501953 -0.54591208696365356445 -0.58380460739135742188 -0.63206297159194946289 -0.74469685554504394531 -0.92724859714508056641 -1.0206117630004882813
-0.69491314888000488281 -0.67179971933364868164 -0.65523040294647216797 -0.65263438224792480469 -0.65360915660858154297 -0.65396112203598022461 -0.66006183624267578125 -0.6723912358283996582 -0.68422842025756835938 -0.68906158208847045898 -0.68392699956893920898 -0.67396891117095947266 -0.66665470600128173828 -0.67661893367767333984 -0.69050073623657226563 -0.70348525047302246094 -0.70993006229400634766 -0.7004693150520324707 -0.67289215326309204102 -0.64535152912139892578 -0.60951143503189086914 -0.55400162935256958008 -0.51807618141174316406 -0.51641660928726196289 -0.52782261371612548828 -0.52675455808639526367 -0.51085692644119262695 -0.4898186028003692627 -0.46439576148986816406 -0.44719660282135009766 -0.42635253071784973145 -0.40536648035049438477 -0.39565747976303100586 -0.41495001316070556641 -0.47787249088287353516 -0.53174364566802978516 -0.55799150466918945313 -0.59144812822341918945 -0.64264225959777832031 -0.79028517007827758789 -1.0302720069885253906 -1.1565916538238525391
-0.70901185274124145508 -0.69407069683074951172 -0.68716335296630859375 -0.70008862018585205078 -0.71065485477447509766 -0.71042227745056152344 -0.71065658330917358398 -0.7207158207893371582 -0.73513162136077880859 -0.73906314373016357422 -0.73050928115844726563 -0.71383023262023925781 -0.70232313871383666992 -0.71347737312316894531 -0.72661960124969482422 -0.73357576131820678711 -0.73310184478759765625 -0.72009205818176269531 -0.6948146820068359375 -0.67033791542053222656 -0.63423299789428710938 -0.57892531156539916992 -0.54625707864761352539 -0.54487365484237670898 -0.55339616537094116211 -0.54664212465286254883 -0.52800208330154418945 -0.50686532258987426758 -0.48221430182456970215 -0.4659620821475982666 -0.44406306743621826172 -0.4201342463493347168 -0.40423744916915893555 -0.41871950030326843262 -0.48090410232543945313 -0.53098577260971069336 -0.56165730953216552734 -0.59296566247940063477 -0.63896858692169189453 -0.78325754404067993164 -1.0496437549591064453 -1.2129178047180175781
-0.72392511367797851563 -0.71855443716049194336 -0.72270464897155761719 -0.74587029218673706055 -0.762237548828125 -0.76513761281967163086 -0.7637646794319152832 -0.76798540353775024414 -0.77847146987915039063 -0.78218519687652587891 -0.77587103843688964844 -0.76018512248992919922 -0.74934881925582885742 -0.75994116067886352539 -0.76746445894241333008 -0.76412272453308105469 -0.7553545832633972168 -0.73883837461471557617 -0.71337896585464477539 -0.68998765945434570313 -0.65460318326950073242 -0.60144460201263427734 -0.56895232200622558594 -0.56775361299514770508 -0.57454597949981689453 -0.56419587135314941406 -0.54362094402313232422 -0.52316021919250488281 -0.49999976158142089844 -0.48463001847267150879 -0.46261164546012878418 -0.43648663163185119629 -0.41587692499160766602 -0.42428964376449584961 -0.47974371910095214844 -0.52074187994003295898 -0.55997425317764282227 -0.59153437614440917969 -0.62986850738525390625 -0.7499682307243347168 -1.0396411418914794922 -1.2653436660766601563
-0.74535632133483886719 -0.74977833032608032227 -0.76602005958557128906 -0.79117196798324584961 -0.80422186851501464844 -0.80766898393630981445 -0.80710190534591674805 -0.80839902162551879883 -0.81357800960540771484 -0.81574547290802001953 -0.81316334009170532227 -0.80556863546371459961 -0.80079299211502075195 -0.80849224328994750977 -0.80854016542434692383 -0.79532825946807861328 -0.78091156482696533203 -0.76234990358352661133 -0.73556107282638549805 -0.70945006608963012695 -0.66998076438903808594 -0.62015777826309204102 -0.59052383899688720703 -0.589618682861328125 -0.59643197059631347656 -0.58493882417678833008 -0.56230455636978149414 -0.54232031106948852539 -0.52029931545257568359 -0.50557076930999755859 -0.48452547192573547363 -0.45788213610649108887 -0.43707031011581420898 -0.44126665592193603516 -0.48391130566596984863 -0.51576936244964599609 -0.55408000946044921875 -0.58679699897766113281 -0.62005674839019775391 -0.70223343372344970703 -0.95909965038299560547 -1.2234839200973510742
-0.77531349658966064453 -0.7847315669059753418 -0.80512350797653198242 -0.82792329788208007813 -0.83650064468383789063 -0.83813929557800292969 -0.83990597724914550781 -0.84148102998733520508 -0.84303081035614013672 -0.84444642066955566406 -0.84389412403106689453 -0.84060990810394287109 -0.84141308069229125977 -0.84911406040191650391 -0.84517556428909301758 -0.82729345560073852539 -0.81011521816253662109 -0.78763246536254882813 -0.75772231817245483398 -0.72818332910537719727 -0.68544977903366088867 -0.64082151651382446289 -0.61909061670303344727 -0.62204122543334960938 -0.63359099626541137695 -0.61828482151031494141 -0.58835464715957641602 -0.56571167707443237305 -0.54400426149368286133 -0.52967554330825805664 -0.50985246896743774414 -0.48538878560066223145 -0.4658915102481842041 -0.46722003817558288574 -0.49557691812515258789 -0.51908409595489501953 -0.55202668905258178711 -0.5861924290657043457 -0.62876045703887939453 -0.68540537357330322266 -0.82675683498382568359 -1.0365694761276245117
-0.81255441904067993164 -0.81760883331298828125 -0.83279913663864135742 -0.85125535726547241211 -0.85918200016021728516 -0.86219614744186401367 -0.86714690923690795898 -0.87061935663223266602 -0.8734906315803527832 -0.87653619050979614258 -0.87773489952087402344 -0.88094770908355712891 -0.88981604576110839844 -0.8934714198112487793 -0.88248097896575927734 -0.86105406284332275391 -0.84333574771881103516 -0.81645721197128295898 -0.78276884555816650391 -0.75280904769897460938 -0.71794378757476806641 -0.68195736408233642578 -0.66550648212432861328 -0.67133104801177978516 -0.68733233213424682617 -0.66718959808349609375 -0.62847471237182617188 -0.60037744045257568359 -0.5773894190788269043 -0.56342136859893798828 -0.54494249820709228516 -0.5222594141960144043 -0.50330662727355957031 -0.50003635883331298828 -0.51709437370300292969 -0.53224807977676391602 -0.55732595920562744141 -0.59761673212051391602 -0.6854044795036315918 -0.8160216212272644043 -0.95951086282730102539 -1.1107420921325683594
-0.83851826190948486328 -0.83896774053573608398 -0.84953045845031738281 -0.86539417505264282227 -0.87460750341415405273 -0.87974727153778076172 -0.88684803247451782227 -0.8926900029182434082 -0.89750134944915771484 -0.90208274126052856445 -0.90605521202087402344 -0.91550546884536743164 -0.9301007390022277832 -0.93050324916839599609 -0.91421788930892944336 -0.88958519697189331055 -0.86882215738296508789 -0.84078496694564819336 -0.80715763568878173828 -0.78041064739227294922 -0.75353211164474487305 -0.72518569231033325195 -0.71209919452667236328 -0.71816331148147583008 -0.72928267717361450195 -0.70663970708847045898 -0.66678798198699951172 -0.6352679133415222168 -0.611827850341796875 -0.59907329082489013672 -0.58216947317123413086 -0.55944019556045532227 -0.53794193267822265625 -0.5276196599006652832 -0.53511679172515869141 -0.54510974884033203125 -0.56531178951263427734 -0.61523407697677612305 -0.75926339626312255859 -0.98294138908386230469 -1.187594294548034668 -1.3171241283416748047
-0.84423738718032836914 -0.84965419769287109375 -0.86112552881240844727 -0.87677139043807983398 -0.88686108589172363281 -0.892974853515625 -0.89985436201095581055 -0.9049924015998840332 -0.91083872318267822266 -0.91699427366256713867 -0.92168629169464111328 -0.93370819091796875 -0.95030885934829711914 -0.9523099064826965332 -0.93679904937744140625 -0.90995711088180541992 -0.88612586259841918945 -0.85695791244506835938 -0.82564699649810791016 -0.80356413125991821289 -0.78061795234680175781 -0.75841927528381347656 -0.7487398982048034668 -0.75239872932434082031 -0.75249022245407104492 -0.72763621807098388672 -0.6910495758056640625 -0.66024738550186157227 -0.63794147968292236328 -0.62691009044647216797 -0.6125125885009765625 -0.589397430419921875 -0.56380558013916015625 -0.54397118091583251953 -0.54544341564178466797 -0.5535799860954284668 -0.57170778512954711914 -0.63000005483627319336 -0.80785280466079711914 -1.0756667852401733398 -1.3103387355804443359 -1.4232975244522094727
-0.84636908769607543945 -0.85860264301300048828 -0.87385654449462890625 -0.89038056135177612305 -0.90063226222991943359 -0.90665888786315917969 -0.91193634271621704102 -0.9161536097526550293 -0.92120802402496337891 -0.92588001489639282227 -0.93025147914886474609 -0.94534158706665039063 -0.96826422214508056641 -0.97448945045471191406 -0.9603341221809387207 -0.93332660198211669922 -0.90924882888793945313 -0.87723660469055175781 -0.84574270248413085938 -0.82741975784301757813 -0.8086255192756652832 -0.78941833972930908203 -0.78232628107070922852 -0.78472983837127685547 -0.77736335992813110352 -0.74831736087799072266 -0.71181523799896240234 -0.68270391225814819336 -0.66169869899749755859 -0.6511586308479309082 -0.6383056640625 -0.61574453115463256836 -0.58627521991729736328 -0.55784255266189575195 -0.55826330184936523438 -0.5649197697639465332 -0.57900369167327880859 -0.64506840705871582031 -0.85228329896926879883 -1.1489429473876953125 -1.3968999385833740234 -1.4953427314758300781
-0.84991550445556640625 -0.86629492044448852539 -0.88754671812057495117 -0.90637058019638061523 -0.91653776168823242188 -0.92215150594711303711 -0.92525541782379150391 -0.92758309841156005859 -0.92897957563400268555 -0.93052500486373901367 -0.93392509222030639648 -0.95183598995208740234 -0.98500859737396240234 -0.99616545438766479492 -0.98340219259262084961 -0.96073919534683227539 -0.93932539224624633789 -0.90497499704360961914 -0.87048345804214477539 -0.8533992767333984375 -0.83512508869171142578 -0.81340295076370239258 -0.80477064847946166992 -0.80657655000686645508 -0.79810547828674316406 -0.76743918657302856445 -0.73146319389343261719 -0.7047214508056640625 -0.68445754051208496094 -0.67285817861557006836 -0.65825849771499633789 -0.63631683588027954102 -0.606220245361328125 -0.57822751998901367188 -0.58125036954879760742 -0.58529078960418701172 -0.5953839421272277832 -0.68001818656921386719 -0.93319946527481079102 -1.2597404718399047852 -1.4954820871353149414 -1.5706887245178222656
