INPUT/RASTER/ASCII_standard/BIO3.asc
ncols        225
nrows        269
xllcorner    473009.983799999987
yllcorner    4429051.174800000153
cellsize     50.000000000000
NODATA_value  -9999
[rows 72 to 89 of 269, columns 84 to 125 of 225]
-0.99397408962249755859 -0.9861157536506652832 -0.97276592254638671875 -0.93632298707962036133 -0.89423698186874389648 -0.85876566171646118164 -0.84040230512619018555 -0.82178640365600585938 -0.79864275455474853516 -0.7673066258430480957 -0.73335099220275878906 -0.69039440155029296875 -0.64318996667861938477 -0.61176443099975585938 -0.56519734859466552734 -0.49563050270080566406 -0.40693467855453491211 -0.34868896007537841797 -0.34013107419013977051 -0.34259504079818725586 -0.33223775029182434082 -0.31259191036224365234 -0.30162054300308227539 -0.29966178536415100098 -9999 -9999 -9999 -9999 -9999 -9999 -9999 -9999 -9999 -9999 -9999 -9999 -9999 -9999 -9999 -9999 -9999 -9999
-1.0129709243774414063 -1.0071063041687011719 -0.99283540248870849609 -0.96091622114181518555 -0.92762905359268188477 -0.89636284112930297852 -0.87561714649200439453 -0.85906100273132324219 -0.83765852451324462891 -0.81483745574951171875 -0.78362178802490234375 -0.73970526456832885742 -0.70508116483688354492 -0.68058121204376220703 -0.61960721015930175781 -0.51793855428695678711 -0.43357217311859130859 -0.41920021176338195801 -0.42883464694023132324 -0.41936734318733215332 -0.3774445652961730957 -0.33506706357002258301 -0.30633866786956787109 -0.29849976301193237305 -9999 -9999 -9999 -9999 -9999 -9999 -9999 -9999 -9999 -9999 -9999 -9999 -9999 -9999 -9999 -9999 -9999 -0.67721945047378540039
-1.0267326831817626953 -1.0203162431716918945 -1.0048482418060302734 -0.97543978691101074219 -0.94463992118835449219 -0.91526252031326293945 -0.89462947845458984375 -0.88464140892028808594 -0.87264794111251831055 -0.85120654106140136719 -0.81207811832427978516 -0.76847249269485473633 -0.74038928747177124023 -0.7209377288818359375 -0.65835088491439819336 -0.54439336061477661133 -0.46530866622924804688 -0.4646441042423248291 -0.49259132146835327148 -0.49531957507133483887 -0.44635462760925292969 -0.37525260448455810547 -0.33120006322860717773 -0.32821142673492431641 -0.33766317367553710938 -9999 -9999 -9999 -9999 -9999 -9999 -9999 -9999 -9999 -9999 -9999 -9999 -9999 -9999 -9999 -9999 -0.67372554540634155273
-1.0322630405426025391 -1.0258815288543701172 -1.0120071172714233398 -0.9840170741081237793 -0.95143336057662963867 -0.92133694887161254883 -0.90313297510147094727 -0.89907169342041015625 -0.89277571439743041992 -0.87214267253875732422 -0.83275383710861206055 -0.78677755594253540039 -0.75789755582809448242 -0.73645234107971191406 -0.66590219736099243164 -0.56857854127883911133 -0.48772552609443664551 -0.46881031990051269531 -0.4986852109432220459 -0.51314657926559448242 -0.4745350182056427002 -0.41139239072799682617 -0.37552854418754577637 -0.35677659511566162109 -0.34270775318145751953 -0.32946673035621643066 -0.3237692415714263916 -9999 -9999 -9999 -9999 -9999 -9999 -9999 -9999 -9999 -9999 -9999 -9999 -9999 -0.65100556612014770508 -0.65397864580154418945
-1.0289168357849121094 -1.0242609977722167969 -1.0114668607711791992 -0.98695909976959228516 -0.95584446191787719727 -0.9276135563850402832 -0.91272854804992675781 -0.90843403339385986328 -0.89823997020721435547 -0.87867188453674316406 -0.84462296962738037109 -0.80209392309188842773 -0.7727553248405456543 -0.74209153652191162109 -0.67029386758804321289 -0.5908438563346862793 -0.5134302973747253418 -0.47148418426513671875 -0.4691251218318939209 -0.47062918543815612793 -0.45788171887397766113 -0.43358772993087768555 -0.42387557029724121094 -0.39823687076568603516 -0.35308447480201721191 -0.33554118871688842773 -0.31986728310585021973 -0.29736104607582092285 -0.292728424072265625 -9999 -9999 -9999 -9999 -9999 -9999 -9999 -9999 -9999 -9999 -9999 -0.64209789037704467773 -0.65464323759078979492
-1.0230950117111206055 -1.0195467472076416016 -1.0060219764709472656 -0.98371398448944091797 -0.95711922645568847656 -0.93732565641403198242 -0.92718988656997680664 -0.91600477695465087891 -0.89902895689010620117 -0.87732720375061035156 -0.84719580411911010742 -0.81018155813217163086 -0.77165162563323974609 -0.73359191417694091797 -0.67826491594314575195 -0.62057489156723022461 -0.55344486236572265625 -0.49398654699325561523 -0.45647871494293212891 -0.4285042881965637207 -0.4188931882381439209 -0.42575272917747497559 -0.44030347466468811035 -0.42139992117881774902 -0.3736902773380279541 -0.35047280788421630859 -0.31804454326629638672 -0.2887992560863494873 -0.2755349278450012207 -0.27527064085006713867 -9999 -9999 -9999 -9999 -9999 -9999 -9999 -9999 -9999 -0.6506169438362121582 -0.65094727277755737305 -0.66313505172729492188
-1.0211129188537597656 -1.0172809362411499023 -1.0031266212463378906 -0.97880154848098754883 -0.95841336250305175781 -0.94361782073974609375 -0.93144941329956054688 -0.91644787788391113281 -0.89404654502868652344 -0.86851280927658081055 -0.83917421102523803711 -0.80439853668212890625 -0.74986046552658081055 -0.71893239021301269531 -0.6948559880256652832 -0.66303014755249023438 -0.62164366245269775391 -0.56920427083969116211 -0.522800445556640625 -0.46672332286834716797 -0.40695801377296447754 -0.38418358564376831055 -0.39803090691566467285 -0.39864885807037353516 -0.38204994797706604004 -0.360736846923828125 -0.31802123785018920898 -0.28280252218246459961 -0.26002421975135803223 -0.27131038904190063477 -9999 -9999 -9999 -9999 -9999 -9999 -9999 -9999 -0.6521365046501159668 -0.65532726049423217773 -0.66386961936950683594 -0.66271924972534179688
-1.0184313058853149414 -1.0156602859497070313 -1.0052990913391113281 -0.98436301946640014648 -0.96374553442001342773 -0.93999952077865600586 -0.92078900337219238281 -0.90563970804214477539 -0.87761479616165161133 -0.84338712692260742188 -0.80496209859848022461 -0.76665759086608886719 -0.72983378171920776367 -0.71293950080871582031 -0.70387637615203857422 -0.69355016946792602539 -0.68254774808883666992 -0.65953624248504638672 -0.63382762670516967773 -0.57595497369766235352 -0.45840251445770263672 -0.36771684885025024414 -0.34015050530433654785 -0.3487822115421295166 -0.35778316855430603027 -0.35693982243537902832 -0.34564977884292602539 -0.31256860494613647461 -0.25901764631271362305 -0.26224726438522338867 -0.2992381751537322998 -0.31064093112945556641 -9999 -9999 -9999 -9999 -9999 -9999 -0.65068298578262329102 -0.66133177280426025391 -0.64536637067794799805 -0.602386474609375
-1.0092244148254394531 -1.0096518993377685547 -1.0091505050659179688 -0.99337947368621826172 -0.96585196256637573242 -0.93055552244186401367 -0.90149682760238647461 -0.88705486059188842773 -0.85877341032028198242 -0.81776005029678344727 -0.76250684261322021484 -0.72530996799468994141 -0.71348750591278076172 -0.70951557159423828125 -0.70582348108291625977 -0.70080220699310302734 -0.69388830661773681641 -0.68008375167846679688 -0.66503554582595825195 -0.6227824091911315918 -0.51786082983016967773 -0.39921626448631286621 -0.32936179637908935547 -0.33145657181739807129 -0.36285883188247680664 -0.37583169341087341309 -0.3785832822322845459 -0.35313501954078674316 -0.29392933845520019531 -0.27986049652099609375 -0.31421253085136413574 -0.38238030672073364258 -0.43366545438766479492 -9999 -9999 -9999 -9999 -0.63378876447677612305 -0.62890350818634033203 -0.62082755565643310547 -0.58246469497680664063 -0.54812043905258178711
-0.99798488616943359375 -1.0036512613296508789 -1.0064145326614379883 -0.98866134881973266602 -0.95863491296768188477 -0.91620302200317382813 -0.87927037477493286133 -0.86132293939590454102 -0.84307616949081420898 -0.80945867300033569336 -0.74846911430358886719 -0.7188002467155456543 -0.71404325962066650391 -0.71210390329360961914 -0.70989257097244262695 -0.7058117985725402832 -0.69951969385147094727 -0.68803924322128295898 -0.6766986846923828125 -0.64208233356475830078 -0.55831450223922729492 -0.43221971392631530762 -0.33453074097633361816 -0.33594927191734313965 -0.39221683144569396973 -0.40922379493713378906 -0.40513914823532104492 -0.38407090306282043457 -0.33840936422348022461 -0.31669208407402038574 -0.39881983399391174316 -0.51455736160278320313 -0.62394052743911743164 -0.6586812138557434082 -9999 -9999 -9999 -0.63158124685287475586 -0.61691004037857055664 -0.58134156465530395508 -0.56271004676818847656 -0.55746728181838989258
-0.99669069051742553711 -1.0012533664703369141 -0.99667906761169433594 -0.97732079029083251953 -0.9473565220832824707 -0.89976733922958374023 -0.85773962736129760742 -0.82982349395751953125 -0.81411069631576538086 -0.7843990325927734375 -0.73673212528228759766 -0.71597093343734741211 -0.71231377124786376953 -0.71278792619705200195 -0.7139072418212890625 -0.71009075641632080078 -0.70187878608703613281 -0.68824911117553710938 -0.67435514926910400391 -0.63811820745468139648 -0.55951541662216186523 -0.44088253378868103027 -0.35297566652297973633 -0.36774405837059020996 -0.43528220057487487793 -0.45242130756378173828 -0.44007804989814758301 -0.4124495089054107666 -0.38029330968856811523 -0.38155248761177062988 -0.51286286115646362305 -0.64132839441299438477 -0.66442924737930297852 -0.66630250215530395508 -0.66602659225463867188 -9999 -0.59921908378601074219 -0.60192787647247314453 -0.60519635677337646484 -0.59288805723190307617 -0.58555054664611816406 -0.58693021535873413086
-1.0079185962677001953 -0.99943065643310546875 -0.98386943340301513672 -0.96662539243698120117 -0.93541747331619262695 -0.88412451744079589844 -0.8412806391716003418 -0.79871273040771484375 -0.76585698127746582031 -0.73957312107086181641 -0.71935600042343139648 -0.71145880222320556641 -0.70877325534820556641 -0.71036279201507568359 -0.71122950315475463867 -0.70936787128448486328 -0.70166498422622680664 -0.68325895071029663086 -0.66277360916137695313 -0.61602002382278442383 -0.52632540464401245117 -0.4284693300724029541 -0.37959763407707214355 -0.41774281859397888184 -0.48062503337860107422 -0.49123108386993408203 -0.47377717494964599609 -0.44288793206214904785 -0.41895148158073425293 -0.47949796915054321289 -0.61366486549377441406 -0.67022776603698730469 -0.67150640487670898438 -0.66451478004455566406 -0.64450746774673461914 -0.60781580209732055664 -0.56815105676651000977 -0.57548081874847412109 -0.60856586694717407227 -0.61750078201293945313 -0.61155456304550170898 -0.60987174510955810547
-1.0133246183395385742 -0.99468529224395751953 -0.96881729364395141602 -0.950286865234375 -0.91184633970260620117 -0.86276477575302124023 -0.82459628582000732422 -0.76237475872039794922 -0.71129554510116577148 -0.70051074028015136719 -0.70238786935806274414 -0.70703214406967163086 -0.70935624837875366211 -0.70775890350341796875 -0.70393079519271850586 -0.70001715421676635742 -0.69004464149475097656 -0.66649681329727172852 -0.64106798171997070313 -0.58199447393417358398 -0.48270428180694580078 -0.41020703315734863281 -0.40271404385566711426 -0.45786228775978088379 -0.50754237174987792969 -0.5106398463249206543 -0.49261462688446044922 -0.46830898523330688477 -0.4849700629711151123 -0.61399132013320922852 -0.69407480955123901367 -0.69302552938461303711 -0.67007619142532348633 -0.6472784876823425293 -0.59784716367721557617 -0.5794060826301574707 -0.59348273277282714844 -0.60220772027969360352 -0.64257204532623291016 -0.65795058012008666992 -0.65620946884155273438 -0.64178311824798583984
-1.003973841667175293 -0.97937673330307006836 -0.94443392753601074219 -0.91745829582214355469 -0.87607574462890625 -0.82915890216827392578 -0.78782302141189575195 -0.71244591474533081055 -0.66624033451080322266 -0.66859161853790283203 -0.6842810511589050293 -0.70026201009750366211 -0.70657742023468017578 -0.70365488529205322266 -0.69537681341171264648 -0.68248164653778076172 -0.65836644172668457031 -0.62661439180374145508 -0.59898978471755981445 -0.53202289342880249023 -0.4345360100269317627 -0.39193311333656311035 -0.41787883639335632324 -0.46949434280395507813 -0.50179046392440795898 -0.50670289993286132813 -0.50207805633544921875 -0.50562244653701782227 -0.61573243141174316406 -0.72096109390258789063 -0.71557062864303588867 -0.69118332862854003906 -0.62824279069900512695 -0.59726810455322265625 -0.5708249211311340332 -0.56192111968994140625 -0.63338452577590942383 -0.64093583822250366211 -0.67788791656494140625 -0.69732385873794555664 -0.69881623983383178711 -0.68029749393463134766
-0.97048461437225341797 -0.93954092264175415039 -0.91352140903472900391 -0.89257359504699707031 -0.85273784399032592773 -0.79104095697402954102 -0.73478895425796508789 -0.68174326419830322266 -0.65140199661254882813 -0.65159243345260620117 -0.66589832305908203125 -0.68206191062927246094 -0.69099289178848266602 -0.69636005163192749023 -0.69216269254684448242 -0.66852164268493652344 -0.62022513151168823242 -0.57286524772644042969 -0.54199159145355224609 -0.47991770505905151367 -0.40296277403831481934 -0.39036300778388977051 -0.42574495077133178711 -0.46284466981887817383 -0.48435598611831665039 -0.49369895458221435547 -0.50601887702941894531 -0.59381306171417236328 -0.7391961216926574707 -0.71988451480865478516 -0.64786535501480102539 -0.62382006645202636719 -0.59478074312210083008 -0.58190119266510009766 -0.58398044109344482422 -0.60580652952194213867 -0.64587157964706420898 -0.66749173402786254883 -0.69366675615310668945 -0.70961660146713256836 -0.71598255634307861328 -0.71029287576675415039
-0.91095632314682006836 -0.88873380422592163086 -0.88168382644653320313 -0.87495648860931396484 -0.83552879095077514648 -0.76612514257431030273 -0.72227078676223754883 -0.68386131525039672852 -0.6560967564582824707 -0.64817625284194946289 -0.6499989628791809082 -0.65924090147018432617 -0.67160743474960327148 -0.69012624025344848633 -0.69377559423446655273 -0.65876287221908569336 -0.59237509965896606445 -0.53351914882659912109 -0.49449953436851501465 -0.44207566976547241211 -0.38785627484321594238 -0.39099261164665222168 -0.42969354987144470215 -0.46018248796463012695 -0.4763927161693572998 -0.48728635907173156738 -0.52669852972030639648 -0.64797806739807128906 -0.74764519929885864258 -0.67582035064697265625 -0.62313604354858398438 -0.60756707191467285156 -0.59571349620819091797 -0.59203696250915527344 -0.59984475374221801758 -0.6257088780403137207 -0.66308069229125976563 -0.68117582798004150391 -0.69609963893890380859 -0.70497232675552368164 -0.71387612819671630859 -0.71876913309097290039
-0.85371720790863037109 -0.84451806545257568359 -0.85316920280456542969 -0.85058861970901489258 -0.80976182222366333008 -0.75110799074172973633 -0.71936762332916259766 -0.69198781251907348633 -0.66639578342437744141 -0.65180230140686035156 -0.64216786623001098633 -0.64533919095993041992 -0.66070216894149780273 -0.68781381845474243164 -0.69035941362380981445 -0.64312392473220825195 -0.57271760702133178711 -0.513706207275390625 -0.47387045621871948242 -0.42885407805442810059 -0.38729274272918701172 -0.38147476315498352051 -0.41337835788726806641 -0.45029544830322265625 -0.46710032224655151367 -0.49046155810356140137 -0.58800286054611206055 -0.69569933414459228516 -0.70825636386871337891 -0.66820293664932250977 -0.63997590541839599609 -0.62211006879806518555 -0.61022537946701049805 -0.61155843734741210938 -0.62308943271636962891 -0.64704144001007080078 -0.67670643329620361328 -0.68902248144149780273 -0.69487541913986206055 -0.69716066122055053711 -0.70245784521102905273 -0.71295893192291259766
-0.82036787271499633789 -0.81763184070587158203 -0.82633352279663085938 -0.8156808018684387207 -0.77285254001617431641 -0.73351418972015380859 -0.71455627679824829102 -0.69580817222595214844 -0.67247802019119262695 -0.65571981668472290039 -0.64047336578369140625 -0.6435902714729309082 -0.65945851802825927734 -0.6891701817512512207 -0.68798482418060302734 -0.62902396917343139648 -0.55819791555404663086 -0.50462365150451660156 -0.47032603621482849121 -0.43301641941070556641 -0.39493343234062194824 -0.37169653177261352539 -0.38287776708602905273 -0.42040112614631652832 -0.45844915509223937988 -0.51134330034255981445 -0.6323935389518737793 -0.69978785514831542969 -0.69455283880233764648 -0.67569595575332641602 -0.65860742330551147461 -0.64065992832183837891 -0.62888795137405395508 -0.63423955440521240234 -0.6474844813346862793 -0.66624033451080322266 -0.68521380424499511719 -0.69165360927581787109 -0.69056153297424316406 -0.68660128116607666016 -0.69118332862854003906 -0.70829910039901733398
