INPUT/RASTER/ASCII_standard/BIO3.asc
ncols        225
nrows        269
xllcorner    473009.983799999987
yllcorner    4429051.174800000153
cellsize     50.000000000000
NODATA_value  -9999
[rows 216 to 233 of 269, columns 126 to 167 of 225]
0.44653028249740600586 0.41093459725379943848 0.39009174704551696777 0.38236165046691894531 0.37999480962753295898 0.39960178732872009277 0.43980288505554199219 0.45087918639183044434 0.41151756048202514648 0.34880244731903076172 0.31827464699745178223 0.31724083423614501953 0.3269996345043182373 0.34638118743896484375 0.3590081632137298584 0.37508240342140197754 0.38435539603233337402 0.37611618638038635254 0.34561946988105773926 0.30991885066032409668 0.27480116486549377441 0.23311157524585723877 0.18469847738742828369 0.14065760374069213867 0.10296712815761566162 0.087693504989147186279 0.07881304621696472168 0.065766341984272003174 0.047663409262895584106 0.034461252391338348389 0.015460558235645294189 -0.0034429747611284255981 -0.0091521218419075012207 0.018441440537571907043 0.088338650763034820557 0.15081669390201568604 0.18597322702407836914 0.23079526424407958984 0.28026548027992248535 0.3499450385570526123 0.43130329251289367676 0.46754801273345947266
0.45831778645515441895 0.42537263035774230957 0.39928698539733886719 0.38268810510635375977 0.37414577603340148926 0.38315448164939880371 0.41166523098945617676 0.42740133404731750488 0.42460310459136962891 0.41132321953773498535 0.38174369931221008301 0.36825785040855407715 0.35474476218223571777 0.36486887931823730469 0.38464686274528503418 0.40525263547897338867 0.41896393895149230957 0.4113737642765045166 0.38034847378730773926 0.34923771023750305176 0.31460195779800415039 0.2630564272403717041 0.22492678463459014893 0.21128934621810913086 0.20178705453872680664 0.15605169534683227539 0.11576898396015167236 0.093076191842555999756 0.069365166127681732178 0.053232647478580474854 0.033058255910873413086 0.01397983357310295105 0.0099496189504861831665 0.036451097577810287476 0.10591302812099456787 0.16767208278179168701 0.20143339037895202637 0.24640312790870666504 0.30386769771575927734 0.4369386136531829834 0.65537470579147338867 0.76935553550720214844
0.47151994705200195313 0.451236724853515625 0.43547341227531433105 0.43501484394073486328 0.4378013908863067627 0.4397640228271484375 0.44897872209548950195 0.46572530269622802734 0.48195886611938476563 0.48769521713256835938 0.47602042555809020996 0.46188941597938537598 0.41934090852737426758 0.3986962735652923584 0.41360068321228027344 0.43353411555290222168 0.4481353759765625 0.44391861557960510254 0.41661652922630310059 0.38721188902854919434 0.34841379523277282715 0.28775459527969360352 0.24917802214622497559 0.24868445098400115967 0.26089558005332946777 0.22864608466625213623 0.1596660614013671875 0.11927064508199691772 0.090713255107402801514 0.073065035045146942139 0.052140563726425170898 0.031425960361957550049 0.023081822320818901062 0.04687058180570602417 0.11948051303625106812 0.18165153264999389648 0.21260683238506317139 0.2525825202465057373 0.31343993544578552246 0.48759028315544128418 0.77568262815475463867 0.93071955442428588867
0.4734242856502532959 0.46761408448219299316 0.46912592649459838867 0.48808774352073669434 0.50207495689392089844 0.5033652186393737793 0.50578647851943969727 0.51991748809814453125 0.53917080163955688477 0.54596817493438720703 0.53745687007904052734 0.51938116550445556641 0.49024081230163574219 0.45874917507171630859 0.45461404323577880859 0.46204873919486999512 0.46507626771926879883 0.45893573760986328125 0.43868750333786010742 0.41401651501655578613 0.37493470311164855957 0.31430271267890930176 0.27926665544509887695 0.27906847000122070313 0.29087927937507629395 0.27625858783721923828 0.21368725597858428955 0.14963133633136749268 0.11037074774503707886 0.092306680977344512939 0.070123016834259033203 0.046101070940494537354 0.030897406861186027527 0.049361772835254669189 0.12103507667779922485 0.17879112064838409424 0.21489593386650085449 0.25245037674903869629 0.30734992027282714844 0.47755944728851318359 0.79790127277374267578 0.99913990497589111328
0.47588828206062316895 0.48069965839385986328 0.50307762622833251953 0.53913581371307373047 0.56060439348220825195 0.56555569171905517578 0.5660648345947265625 0.57339459657669067383 0.58809691667556762695 0.59450173377990722656 0.58834952116012573242 0.57154077291488647461 0.55798882246017456055 0.54431253671646118164 0.51552194356918334961 0.49728301167488098145 0.48643213510513305664 0.47250321507453918457 0.45436531305313110352 0.43384501338005065918 0.39628279209136962891 0.3381614387035369873 0.30321088433265686035 0.30320698022842407227 0.31306684017181396484 0.30304375290870666504 0.26507735252380371094 0.19672305881977081299 0.13646027445793151855 0.11189422756433486938 0.089061528444290161133 0.062544502317905426025 0.042098060250282287598 0.053838927298784255981 0.11784044653177261353 0.16513036191463470459 0.21116109192371368408 0.24899925291538238525 0.29506883025169372559 0.43691918253898620605 0.78544139862060546875 1.0639809370040893555
0.49565070867538452148 0.50536674261093139648 0.5389493107795715332 0.58500331640243530273 0.60536426305770874023 0.61262410879135131836 0.61486655473709106445 0.61886954307556152344 0.62734586000442504883 0.63187742233276367188 0.63001191616058349609 0.6226704716682434082 0.61931651830673217773 0.62424445152282714844 0.59522849321365356445 0.54477113485336303711 0.51571238040924072266 0.49483066797256469727 0.47038123011589050293 0.44834911823272705078 0.40972980856895446777 0.35726705193519592285 0.32568991184234619141 0.32603192329406738281 0.33593839406967163086 0.32544118165969848633 0.30092567205429077148 0.25944593548774719238 0.18567396700382232666 0.14145430922508239746 0.11269482970237731934 0.084463894367218017578 0.063656017184257507324 0.070717632770538330078 0.12046766281127929688 0.15745857357978820801 0.20250603556632995605 0.24159951508045196533 0.28179672360420227051 0.37931859493255615234 0.68736380338668823242 1.0118989944458007813
0.52872413396835327148 0.54215168952941894531 0.57115602493286132813 0.61050599813461303711 0.62760621309280395508 0.63982903957366943359 0.64946734905242919922 0.65554958581924438477 0.65991014242172241211 0.66354393959045410156 0.66405302286148071289 0.66176784038543701172 0.66514515876770019531 0.67661005258560180664 0.66572034358978271484 0.61122888326644897461 0.55974161624908447266 0.52758926153182983398 0.48987549543380737305 0.45848101377487182617 0.41904944181442260742 0.37659031152725219727 0.35469424724578857422 0.36004585027694702148 0.37609285116195678711 0.3612467348575592041 0.32970070838928222656 0.30601298809051513672 0.25742888450622558594 0.20623700320720672607 0.15159785747528076172 0.11646465212106704712 0.093876793980598449707 0.097448416054248809814 0.13136518001556396484 0.15905977785587310791 0.1980638653039932251 0.2387507706880569458 0.28952291607856750488 0.35723596811294555664 0.52476775646209716797 0.77844196557998657227
0.57014167308807373047 0.578365325927734375 0.5985863804817199707 0.62274819612503051758 0.63574826717376708984 0.64978212118148803711 0.66870510578155517578 0.68380773067474365234 0.69276976585388183594 0.69887536764144897461 0.70145982503890991211 0.70689302682876586914 0.71987366676330566406 0.72658550739288330078 0.71524882316589355469 0.67899245023727416992 0.63620299100875854492 0.59197944402694702148 0.52513307332992553711 0.48325693607330322266 0.44743582606315612793 0.41310709714889526367 0.39724662899971008301 0.40877375006675720215 0.43411707878112792969 0.41452953219413757324 0.37273499369621276855 0.34296116232872009277 0.3178704380989074707 0.2926165163516998291 0.23515583574771881104 0.17966945469379425049 0.13719868659973144531 0.13162945210933685303 0.15284539759159088135 0.17123593389987945557 0.20143727958202362061 0.24905754625797271729 0.35181829333305358887 0.50689411163330078125 0.68078017234802246094 0.86639159917831420898
0.59838426113128662109 0.60115140676498413086 0.61589258909225463867 0.63698416948318481445 0.64960724115371704102 0.65788531303405761719 0.67438703775405883789 0.6930224299430847168 0.71410620212554931641 0.72634452581405639648 0.73247343301773071289 0.74535298347473144531 0.76518541574478149414 0.76799529790878295898 0.75040143728256225586 0.72179740667343139648 0.69623255729675292969 0.65562343597412109375 0.57793784141540527344 0.51844841241836547852 0.48375439643859863281 0.45347142219543457031 0.44053354859352111816 0.45248815417289733887 0.47585329413414001465 0.45670881867408752441 0.41386884450912475586 0.38002979755401611328 0.35556480288505554199 0.34146100282669067383 0.3166306912899017334 0.26134249567985534668 0.19211764633655548096 0.1622855067253112793 0.17054414749145507813 0.18312448263168334961 0.20786540210247039795 0.26643759012222290039 0.43438133597373962402 0.70107114315032958984 0.95350950956344604492 1.1173841953277587891
0.60315287113189697266 0.61183512210845947266 0.62765288352966308594 0.64848405122756958008 0.66199713945388793945 0.67076879739761352539 0.68159246444702148438 0.6927814483642578125 0.7157268524169921875 0.73866838216781616211 0.74843496084213256836 0.76475012302398681641 0.78717082738876342773 0.79189676046371459961 0.77516180276870727539 0.74494880437850952148 0.71787214279174804688 0.68319755792617797852 0.62996917963027954102 0.56662833690643310547 0.51744574308395385742 0.48938190937042236328 0.47990682721138000488 0.48624947667121887207 0.49365696310997009277 0.4758688509464263916 0.43934041261672973633 0.40642634034156799316 0.38316226005554199219 0.37207043170928955078 0.35730981826782226563 0.32354071736335754395 0.25790691375732421875 0.19296877086162567139 0.1813017427921295166 0.19061359763145446777 0.21302267909049987793 0.28113991022109985352 0.48876398801803588867 0.81115782260894775391 1.1062495708465576172 1.252048492431640625
0.60367369651794433594 0.62044745683670043945 0.64076566696166992188 0.66264230012893676758 0.67635357379913330078 0.68503195047378540039 0.69337218999862670898 0.70092350244522094727 0.71432775259017944336 0.73579239845275878906 0.74909949302673339844 0.77235192060470581055 0.80596554279327392578 0.81633454561233520508 0.80115419626235961914 0.77062636613845825195 0.74316108226776123047 0.70662486553192138672 0.66825813055038452148 0.62619155645370483398 0.56663221120834350586 0.52613967657089233398 0.51691716909408569336 0.52097457647323608398 0.51553362607955932617 0.49130180478096008301 0.45913782715797424316 0.42969045042991638184 0.40812081098556518555 0.3975925147533416748 0.38496944308280944824 0.36124286055564880371 0.31764504313468933105 0.24506619572639465332 0.20788484811782836914 0.20818409323692321777 0.22495786845684051514 0.30185452103614807129 0.54457294940948486328 0.91655743122100830078 1.262740015983581543 1.3970001935958862305
0.60595887899398803711 0.62766063213348388672 0.65513372421264648438 0.67966091632843017578 0.69325947761535644531 0.70155310630798339844 0.70729720592498779297 0.71233403682708740234 0.71687334775924682617 0.72526025772094726563 0.73407071828842163086 0.76515817642211914063 0.82077670097351074219 0.8402360081672668457 0.82674235105514526367 0.80131351947784423828 0.77692627906799316406 0.73749077320098876953 0.69859939813613891602 0.67575502395629882813 0.62705433368682861328 0.56423431634902954102 0.54213225841522216797 0.54443693161010742188 0.53651636838912963867 0.50827378034591674805 0.48073852062225341797 0.45713630318641662598 0.43822500109672546387 0.42692720890045166016 0.41245418787002563477 0.3897380828857421875 0.35775285959243774414 0.3394050896167755127 0.31832903623580932617 0.30158248543739318848 0.3033313453197479248 0.39911988377571105957 0.69728583097457885742 1.1343989372253417969 1.5312371253967285156 1.6479734182357788086
0.61211109161376953125 0.63795965909957885742 0.672214508056640625 0.69745290279388427734 0.70909661054611206055 0.71623986959457397461 0.72023510932922363281 0.72232598066329956055 0.72071701288223266602 0.72282731533050537109 0.72810119390487670898 0.75916534662246704102 0.82871276140213012695 0.85959422588348388672 0.85310393571853637695 0.83825778961181640625 0.8190161585807800293 0.78037738800048828125 0.73758792877197265625 0.71754181385040283203 0.68482983112335205078 0.61448568105697631836 0.56645733118057250977 0.56202292442321777344 0.55383038520812988281 0.54643839597702026367 0.55044919252395629883 0.53425836563110351563 0.52029061317443847656 0.50923371315002441406 0.4945430755615234375 0.47302398085594177246 0.44462981820106506348 0.50069141387939453125 0.55741363763809204102 0.53325569629669189453 0.52282065153121948242 0.66471374034881591797 1.0298542976379394531 1.4734148979187011719 1.7939977645874023438 1.8654844760894775391
0.63053661584854125977 0.66112655401229858398 0.69656294584274291992 0.72045660018920898438 0.72804677486419677734 0.7311947941780090332 0.73233741521835327148 0.73286205530166625977 0.72874635457992553711 0.73142796754837036133 0.74096137285232543945 0.77808439731597900391 0.84068292379379272461 0.88408255577087402344 0.91469585895538330078 0.93141132593154907227 0.91876882314682006836 0.88140869140625 0.83905065059661865234 0.81271630525588989258 0.78130239248275756836 0.73146682977676391602 0.67482233047485351563 0.65817677974700927734 0.63630014657974243164 0.67467463016510009766 0.76019525527954101563 0.75337457656860351563 0.74137717485427856445 0.7320225834846496582 0.72266799211502075195 0.70849031209945678711 0.68737930059432983398 0.68970340490341186523 0.69750732183456420898 0.6910597681999206543 0.75192105770111083984 0.98248273134231567383 1.3693367242813110352 1.7584176063537597656 1.9906581640243530273 2.0121424198150634766
0.67535477876663208008 0.71510112285614013672 0.74405497312545776367 0.76105803251266479492 0.76628524065017700195 0.76489782333374023438 0.76085203886032104492 0.8001708984375 0.82114201784133911133 0.83088141679763793945 0.85193800926208496094 0.9033864140510559082 0.96209847927093505859 1.006116032600402832 1.0921301841735839844 1.1537338495254516602 1.1513825654983520508 1.1223937273025512695 1.0825852155685424805 1.0460023880004882813 1.0076900720596313477 0.98193478584289550781 0.97069913148880004883 0.96053224802017211914 0.91023427248001098633 0.86429291963577270508 0.85955923795700073242 0.84690898656845092773 0.83660221099853515625 0.82758569717407226563 0.81691747903823852539 0.81114226579666137695 0.79357564449310302734 0.76214623451232910156 0.73316907882690429688 0.76570230722427368164 0.95063358545303344727 1.2850830554962158203 1.6260384321212768555 1.8991408348083496094 2.0683243274688720703 2.0832598209381103516
0.73862564563751220703 0.83898067474365234375 0.88372111320495605469 0.90170747041702270508 0.90621179342269897461 0.90276068449020385742 0.89641028642654418945 0.97291827201843261719 1.0118407011032104492 1.0269278287887573242 1.0553607940673828125 1.1125416755676269531 1.1714986562728881836 1.1992671489715576172 1.205951690673828125 1.2027765512466430664 1.1967370510101318359 1.1782648563385009766 1.1430345773696899414 1.1030316352844238281 1.0628654956817626953 1.044859766960144043 1.0488355159759521484 1.0472071170806884766 1.018933415412902832 0.95012056827545166016 0.89922404289245605469 0.88321197032928466797 0.87510102987289428711 0.86654317378997802734 0.85377240180969238281 0.84381151199340820313 0.82069510221481323242 0.78418219089508056641 0.77373164892196655273 0.86681133508682250977 1.1679347753524780273 1.5824134349822998047 1.9146865606307983398 2.0437040328979492188 2.103916168212890625 2.1087548732757568359
0.87676054239273071289 1.0009237527847290039 1.0537946224212646484 1.0740350484848022461 1.0801056623458862305 1.0775640010833740234 1.0653839111328125 1.0632152557373046875 1.0598146915435791016 1.0746918916702270508 1.1043725013732910156 1.1620469093322753906 1.2215440273284912109 1.2427755594253540039 1.2325387001037597656 1.2122943401336669922 1.1978913545608520508 1.1817938089370727539 1.1505197286605834961 1.1134045124053955078 1.0799385309219360352 1.0650690793991088867 1.0666042566299438477 1.0648359060287475586 1.0497100353240966797 1.0045653581619262695 0.9435603022575378418 0.91651856899261474609 0.9090061187744140625 0.90179294347763061523 0.88993161916732788086 0.87053060531616210938 0.83514481782913208008 0.79588806629180908203 0.83001857995986938477 0.98870491981506347656 1.3731532096862792969 1.8092441558837890625 2.1226060390472412109 2.1562428474426269531 2.0966563224792480469 2.0523240566253662109
1.0085800886154174805 1.0682054758071899414 1.105748295783996582 1.1257749795913696289 1.1333651542663574219 1.1333689689636230469 1.1240415573120117188 1.1073572635650634766 1.0918115377426147461 1.1006880998611450195 1.1260353326797485352 1.1824855804443359375 1.2450529336929321289 1.2669839859008789063 1.2554646730422973633 1.2339611053466796875 1.218085169792175293 1.1882996559143066406 1.1510833501815795898 1.1227979660034179688 1.1035834550857543945 1.0920563936233520508 1.0900510549545288086 1.0864871740341186523 1.0735881328582763672 1.0485517978668212891 0.99908941984176635742 0.9559656977653503418 0.94108462333679199219 0.93515783548355102539 0.92539125680923461914 0.89795315265655517578 0.8484013676643371582 0.81600028276443481445 0.91716760396957397461 1.1262996196746826172 1.5475678443908691406 1.9663408994674682617 2.2265093326568603516 2.2195603847503662109 2.0580525398254394531 1.9321908950805664063
