INPUT/RASTER/ASCII_standard/BIO3.asc
ncols        225
nrows        269
xllcorner    473009.983799999987
yllcorner    4429051.174800000153
cellsize     50.000000000000
NODATA_value  -9999
[rows 126 to 143 of 269, columns 42 to 83 of 225]
-0.69448292255401611328 -0.70014929771423339844 -0.70949226617813110352 -0.74708169698715209961 -0.79143345355987548828 -0.85739374160766601563 -0.89470726251602172852 -0.90425229072570800781 -0.91385948657989501953 -0.92330348491668701172 -0.92752802371978759766 -0.92239409685134887695 -0.89211887121200561523 -0.83292484283447265625 -0.77233171463012695313 -0.70457595586776733398 -0.66222178936004638672 -0.6857579350471496582 -0.74304759502410888672 -0.78114223480224609375 -0.7879473567008972168 -0.76827043294906616211 -0.77378916740417480469 -0.77994132041931152344 -0.76995712518692016602 -0.7366816401481628418 -0.67220598459243774414 -0.58895117044448852539 -0.53274577856063842773 -0.49705681204795837402 -0.44502156972885131836 -0.38341408967971801758 -0.36237302422523498535 -0.38031661510467529297 -0.39834958314895629883 -0.40819776058197021484 -0.42920774221420288086 -0.51943480968475341797 -0.69793796539306640625 -0.80628347396850585938 -0.83841246366500854492 -0.84903794527053833008
-0.70122581720352172852 -0.7025394439697265625 -0.70352274179458618164 -0.7211437225341796875 -0.75581055879592895508 -0.83898377418518066406 -0.87856692075729370117 -0.88613379001617431641 -0.89119780063629150391 -0.89839541912078857422 -0.8992621302604675293 -0.88909137248992919922 -0.85655814409255981445 -0.8054828643798828125 -0.75472235679626464844 -0.67622840404510498047 -0.62153488397598266602 -0.62076145410537719727 -0.6798000335693359375 -0.72674405574798583984 -0.71079421043395996094 -0.71046388149261474609 -0.74561649560928344727 -0.75767606496810913086 -0.75069993734359741211 -0.72028869390487670898 -0.65531170368194580078 -0.56382936239242553711 -0.50239676237106323242 -0.46873649954795837402 -0.42201396822929382324 -0.37044122815132141113 -0.35465461015701293945 -0.37480956315994262695 -0.40075138211250305176 -0.43111208081245422363 -0.49025169014930725098 -0.64188802242279052734 -0.76162075996398925781 -0.80233877897262573242 -0.82583606243133544922 -0.83244293928146362305
-0.71345251798629760742 -0.71334367990493774414 -0.71344864368438720703 -0.71359241008758544922 -0.71873414516448974609 -0.76904380321502685547 -0.82084196805953979492 -0.85221314430236816406 -0.86123353242874145508 -0.86064666509628295898 -0.84926724433898925781 -0.82728564739227294922 -0.81222969293594360352 -0.79078835248947143555 -0.74917256832122802734 -0.66248995065689086914 -0.60085135698318481445 -0.58502972126007080078 -0.59022974967956542969 -0.60687142610549926758 -0.63493520021438598633 -0.66645020246505737305 -0.69077140092849731445 -0.70175439119338989258 -0.70506560802459716797 -0.6867606043815612793 -0.63554930686950683594 -0.55255872011184692383 -0.49159249663352966309 -0.4523124992847442627 -0.39832237362861633301 -0.35709139704704284668 -0.34835472702980041504 -0.37153330445289611816 -0.41801097989082336426 -0.51338362693786621094 -0.63157737255096435547 -0.72588515281677246094 -0.75613313913345336914 -0.77618706226348876953 -0.79618269205093383789 -0.80221825838088989258
-0.72069680690765380859 -0.72506898641586303711 -0.72266721725463867188 -0.71639454364776611328 -0.7122904658317565918 -0.7235882878303527832 -0.7535603642463684082 -0.79598057270050048828 -0.82145994901657104492 -0.80702579021453857422 -0.78957188129425048828 -0.77864325046539306641 -0.77814972400665283203 -0.77125519514083862305 -0.73124450445175170898 -0.6508617401123046875 -0.59521603584289550781 -0.55457967519760131836 -0.50944668054580688477 -0.51004910469055175781 -0.55768102407455444336 -0.61033034324645996094 -0.62842935323715209961 -0.63976216316223144531 -0.65523010492324829102 -0.65193444490432739258 -0.61600446701049804688 -0.55185526609420776367 -0.50147175788879394531 -0.4576174616813659668 -0.39865273237228393555 -0.35578942298889160156 -0.34697115421295166016 -0.40261688828468322754 -0.52924799919128417969 -0.64102524518966674805 -0.71867197751998901367 -0.7401250004768371582 -0.74484312534332275391 -0.75334656238555908203 -0.76502525806427001953 -0.76920706033706665039
-0.71845823526382446289 -0.72838026285171508789 -0.72749412059783935547 -0.72068512439727783203 -0.714630126953125 -0.71665489673614501953 -0.71795296669006347656 -0.73373961448669433594 -0.75653344392776489258 -0.75565123558044433594 -0.75162488222122192383 -0.75178426504135131836 -0.75073105096817016602 -0.73852378129959106445 -0.69504255056381225586 -0.61953723430633544922 -0.55872261524200439453 -0.50544756650924682617 -0.47790065407752990723 -0.47195443511009216309 -0.4786662757396697998 -0.52654308080673217773 -0.57326942682266235352 -0.59523546695709228516 -0.61821973323822021484 -0.61922246217727661133 -0.58622288703918457031 -0.54128813743591308594 -0.50765120983123779297 -0.46470239758491516113 -0.41109704971313476563 -0.36986991763114929199 -0.38010674715042114258 -0.50596839189529418945 -0.63964557647705078125 -0.69118332862854003906 -0.71908390522003173828 -0.73132616281509399414 -0.73642903566360473633 -0.7380574345588684082 -0.73776203393936157227 -0.73748999834060668945
-0.71220886707305908203 -0.72485136985778808594 -0.72733479738235473633 -0.7221775054931640625 -0.71987676620483398438 -0.71850484609603881836 -0.70261716842651367188 -0.68301796913146972656 -0.6839351654052734375 -0.7142181396484375 -0.72891658544540405273 -0.73324215412139892578 -0.7282403111457824707 -0.70693111419677734375 -0.65184503793716430664 -0.54799610376358032227 -0.47268897294998168945 -0.46153107285499572754 -0.4711577296257019043 -0.44299674034118652344 -0.41562861204147338867 -0.44009748101234436035 -0.50404846668243408203 -0.54877334833145141602 -0.58055257797241210938 -0.57765722274780273438 -0.54417574405670166016 -0.50501233339309692383 -0.47930365800857543945 -0.4483483433723449707 -0.41228628158569335938 -0.39688441157341003418 -0.48050457239151000977 -0.61085498332977294922 -0.66460412740707397461 -0.68370586633682250977 -0.70803093910217285156 -0.72176945209503173828 -0.72945678234100341797 -0.72921580076217651367 -0.72170335054397583008 -0.71798020601272583008
-0.70156395435333251953 -0.71429586410522460938 -0.71908783912658691406 -0.71592813730239868164 -0.71850097179412841797 -0.71646058559417724609 -0.68719977140426635742 -0.64994454383850097656 -0.63880610466003417969 -0.67084181308746337891 -0.69761538505554199219 -0.71670156717300415039 -0.7152169346809387207 -0.68856775760650634766 -0.60313266515731811523 -0.47394040226936340332 -0.41856673359870910645 -0.43818148970603942871 -0.4618886113166809082 -0.41455593705177307129 -0.37244272232055664063 -0.39018422365188598633 -0.43062627315521240234 -0.48623701930046081543 -0.53164982795715332031 -0.52807819843292236328 -0.49823439121246337891 -0.46240940690040588379 -0.44138777256011962891 -0.42838770151138305664 -0.41625431180000305176 -0.45695286989212036133 -0.59218466281890869141 -0.64532363414764404297 -0.65891051292419433594 -0.67332911491394042969 -0.69645720720291137695 -0.71250033378601074219 -0.72319966554641723633 -0.72349500656127929688 -0.71562111377716064453 -0.71068149805068969727
-0.68526822328567504883 -0.69529128074645996094 -0.70137351751327514648 -0.70117533206939697266 -0.70471972227096557617 -0.70143181085586547852 -0.66413390636444091797 -0.62949424982070922852 -0.61980539560317993164 -0.62773370742797851563 -0.64922946691513061523 -0.68892145156860351563 -0.69814389944076538086 -0.66134345531463623047 -0.54516679048538208008 -0.43181553483009338379 -0.39361980557441711426 -0.41801097989082336426 -0.43990316987037658691 -0.38439735770225524902 -0.34364438056945800781 -0.36060470342636108398 -0.38060808181762695313 -0.41352215409278869629 -0.44891574978828430176 -0.45785450935363769531 -0.4464206695556640625 -0.41935956478118896484 -0.40499147772789001465 -0.4204788506031036377 -0.45835587382316589355 -0.56162965297698974609 -0.64372241497039794922 -0.64513707160949707031 -0.65120375156402587891 -0.6609547734260559082 -0.68003708124160766602 -0.69983452558517456055 -0.71341753005981445313 -0.71697747707366943359 -0.7112877964973449707 -0.70721870660781860352
-0.65212875604629516602 -0.65879392623901367188 -0.66902297735214233398 -0.67465829849243164063 -0.67354291677474975586 -0.66913956403732299805 -0.64390897750854492188 -0.62809514999389648438 -0.6175785064697265625 -0.60910612344741821289 -0.61141854524612426758 -0.62809902429580688477 -0.62692141532897949219 -0.58534455299377441406 -0.50114923715591430664 -0.42372012138366699219 -0.38252410292625427246 -0.38403978943824768066 -0.38211214542388916016 -0.34427785873413085938 -0.32861560583114624023 -0.33634179830551147461 -0.34091222286224365234 -0.33693641424179077148 -0.32585236430168151855 -0.33978515863418579102 -0.36999040842056274414 -0.36272281408309936523 -0.36285492777824401855 -0.44802576303482055664 -0.57429158687591552734 -0.63354778289794921875 -0.64667612314224243164 -0.64807522296905517578 -0.64954817295074462891 -0.64858043193817138672 -0.6560268402099609375 -0.67452228069305419922 -0.68803536891937255859 -0.69836544990539550781 -0.70130747556686401367 -0.70168834924697875977
-0.60116612911224365234 -0.61396801471710205078 -0.62896567583084106445 -0.63299977779388427734 -0.62886464595794677734 -0.63435226678848266602 -0.63826197385787963867 -0.63378095626831054688 -0.62224996089935302734 -0.60410040616989135742 -0.58789014816284179688 -0.54143190383911132813 -0.48303851485252380371 -0.48441040515899658203 -0.47619840502738952637 -0.41967046260833740234 -0.37001371383666992188 -0.3267656862735748291 -0.28157830238342285156 -0.28455141186714172363 -0.31719732284545898438 -0.33440637588500976563 -0.32978931069374084473 -0.2984142601490020752 -0.26249212026596069336 -0.25267890095710754395 -0.27822822332382202148 -0.34343841671943664551 -0.43152794241905212402 -0.53060048818588256836 -0.59515774250030517578 -0.62616747617721557617 -0.6481723785400390625 -0.6496569514274597168 -0.65085399150848388672 -0.65057414770126342773 -0.64921003580093383789 -0.6543400883674621582 -0.65973055362701416016 -0.67007619142532348633 -0.6851749420166015625 -0.69082969427108764648
-0.57191699743270874023 -0.59105759859085083008 -0.60268187522888183594 -0.60145372152328491211 -0.60932761430740356445 -0.62664550542831420898 -0.6317755579948425293 -0.62816119194030761719 -0.61645531654357910156 -0.59088659286499023438 -0.55259758234024047852 -0.47210213541984558105 -0.428539276123046875 -0.43605950474739074707 -0.44932770729064941406 -0.4053179323673248291 -0.34907758235931396484 -0.28419774770736694336 -0.22745606303215026855 -0.25511568784713745117 -0.31270462274551391602 -0.33981627225875854492 -0.33175972104072570801 -0.27869847416877746582 -0.21355433762073516846 -0.18373775482177734375 -0.20371393859386444092 -0.37691989541053771973 -0.51946586370468139648 -0.55409389734268188477 -0.58537173271179199219 -0.62761712074279785156 -0.65302258729934692383 -0.65226089954376220703 -0.64654004573822021484 -0.64830839633941650391 -0.65004175901412963867 -0.64102137088775634766 -0.63473314046859741211 -0.64456963539123535156 -0.66658234596252441406 -0.67868071794509887695
-0.54789501428604125977 -0.56085622310638427734 -0.57969760894775390625 -0.5910847783088684082 -0.60156643390655517578 -0.61490851640701293945 -0.61706548929214477539 -0.61169058084487915039 -0.59439599514007568359 -0.53112125396728515625 -0.47778019309043884277 -0.42913779616355895996 -0.41287311911582946777 -0.40728834271430969238 -0.41072395443916320801 -0.38393485546112060547 -0.33061710000038146973 -0.25885829329490661621 -0.19612765312194824219 -0.22221717238426208496 -0.29333081841468811035 -0.3324514925479888916 -0.32722038030624389648 -0.27255403995513916016 -0.19950883090496063232 -0.15625689923763275146 -0.23258613049983978271 -0.39741295576095581055 -0.47685521841049194336 -0.5227654576301574707 -0.58399987220764160156 -0.63713496923446655273 -0.65615117549896240234 -0.65209764242172241211 -0.64399445056915283203 -0.64089310169219970703 -0.64285963773727416992 -0.63627606630325317383 -0.62558448314666748047 -0.63642370700836181641 -0.65774458646774291992 -0.67028218507766723633
-0.51783359050750732422 -0.53393501043319702148 -0.56621557474136352539 -0.58347904682159423828 -0.59253442287445068359 -0.59727585315704345703 -0.59289586544036865234 -0.5786482691764831543 -0.53030121326446533203 -0.44427925348281860352 -0.41136130690574645996 -0.4093481600284576416 -0.40526351332664489746 -0.39252772927284240723 -0.37496891617774963379 -0.34570419788360595703 -0.30613267421722412109 -0.23740917444229125977 -0.16578638553619384766 -0.17307342588901519775 -0.24999338388442993164 -0.30298468470573425293 -0.3068205714225769043 -0.27171456813812255859 -0.22289729118347167969 -0.22939926385879516602 -0.33398273587226867676 -0.39742073416709899902 -0.42268633842468261719 -0.48358649015426635742 -0.57873374223709106445 -0.64218342304229736328 -0.6553738713264465332 -0.64613974094390869141 -0.63558036088943481445 -0.62946707010269165039 -0.63066017627716064453 -0.63409966230392456055 -0.62493550777435302734 -0.63169395923614501953 -0.64738732576370239258 -0.66041845083236694336
-0.49711510539054870605 -0.52422672510147094727 -0.55758774280548095703 -0.57174211740493774414 -0.57487845420837402344 -0.56951904296875 -0.54895216226577758789 -0.51002579927444458008 -0.43729925155639648438 -0.38245025277137756348 -0.37805861234664916992 -0.39109364151954650879 -0.39414447546005249023 -0.38184785842895507813 -0.35565340518951416016 -0.31052434444427490234 -0.27158632874488830566 -0.21315015852451324463 -0.14258836209774017334 -0.13086692988872528076 -0.19621703028678894043 -0.25661584734916687012 -0.27300485968589782715 -0.27986440062522888184 -0.29646328091621398926 -0.36575809121131896973 -0.39851671457290649414 -0.39046016335487365723 -0.40791016817092895508 -0.45835196971893310547 -0.55756831169128417969 -0.63010442256927490234 -0.64674216508865356445 -0.63478368520736694336 -0.62077313661575317383 -0.61354440450668334961 -0.61452376842498779297 -0.61954110860824584961 -0.61302751302719116211 -0.616649627685546875 -0.63076901435852050781 -0.64711916446685791016
-0.48484179377555847168 -0.5151169896125793457 -0.54094225168228149414 -0.54920476675033569336 -0.54211205244064331055 -0.52036362886428833008 -0.46246382594108581543 -0.40737384557723999023 -0.36678799986839294434 -0.35011526942253112793 -0.35326716303825378418 -0.36684241890907287598 -0.37363976240158081055 -0.3689721524715423584 -0.3499520421028137207 -0.31272792816162109375 -0.26707419753074645996 -0.19900359213352203369 -0.13091745972633361816 -0.11103066056966781616 -0.153073921799659729 -0.2078024446964263916 -0.24603313207626342773 -0.34006109833717346191 -0.41893205046653747559 -0.45032653212547302246 -0.40698519349098205566 -0.37202298641204833984 -0.40298220515251159668 -0.45166733860969543457 -0.52132362127304077148 -0.57670503854751586914 -0.61616384983062744141 -0.61480361223220825195 -0.59986418485641479492 -0.58819329738616943359 -0.58214992284774780273 -0.58052539825439453125 -0.57948774099349975586 -0.59520828723907470703 -0.61550313234329223633 -0.63135194778442382813
-0.46103361248970031738 -0.49132046103477478027 -0.51171636581420898438 -0.51819503307342529297 -0.50657075643539428711 -0.45168676972389221191 -0.37217068672180175781 -0.34442555904388427734 -0.33637678623199462891 -0.33304223418235778809 -0.33582103252410888672 -0.34444886445999145508 -0.35146385431289672852 -0.35545909404754638672 -0.35021242499351501465 -0.33235433697700500488 -0.29305100440979003906 -0.2103169560432434082 -0.12307855486869812012 -0.088069707155227661133 -0.12251890450716018677 -0.19637638330459594727 -0.28284525871276855469 -0.42639398574829101563 -0.47469824552536010742 -0.46319058537483215332 -0.41359212994575500488 -0.36367496848106384277 -0.38652712106704711914 -0.43767625093460083008 -0.48870101571083068848 -0.51937264204025268555 -0.55922007560729980469 -0.58513855934143066406 -0.57748621702194213867 -0.56059974431991577148 -0.54111713171005249023 -0.53477060794830322266 -0.54707109928131103516 -0.57656127214431762695 -0.60002744197845458984 -0.61429446935653686523
-0.42792910337448120117 -0.45732209086418151855 -0.47996434569358825684 -0.48812970519065856934 -0.46356368064880371094 -0.36839696764945983887 -0.32488852739334106445 -0.32460483908653259277 -0.32089719176292419434 -0.31833603978157043457 -0.32022872567176818848 -0.32546371221542358398 -0.33313161134719848633 -0.3432674109935760498 -0.35006862878799438477 -0.34229579567909240723 -0.30790489912033081055 -0.22427308559417724609 -0.11234426498413085938 -0.045602828264236450195 -0.10298188775777816772 -0.28014808893203735352 -0.39367035031318664551 -0.44512262940406799316 -0.45128646492958068848 -0.45229306817054748535 -0.43251895904541015625 -0.37574228644371032715 -0.36869233846664428711 -0.40876907110214233398 -0.45522731542587280273 -0.48305016756057739258 -0.50157284736633300781 -0.53643786907196044922 -0.55383735895156860352 -0.53786027431488037109 -0.50187599658966064453 -0.49599969387054443359 -0.52584737539291381836 -0.56115162372589111328 -0.58379000425338745117 -0.59668511152267456055
-0.48308515548706054688 -0.47078850865364074707 -0.44308224320411682129 -0.42906394600868225098 -0.3728313744068145752 -0.31194674968719482422 -0.29818496108055114746 -0.29908272624015808105 -0.29916432499885559082 -0.29905164241790771484 -0.30047017335891723633 -0.30517274141311645508 -0.31451180577278137207 -0.32674625515937805176 -0.33792746067047119141 -0.33521863818168640137 -0.29987943172454833984 -0.20977674424648284912 -0.089484363794326782227 -0.026477769017219543457 -0.14866283535957336426 -0.35017743706703186035 -0.41532155871391296387 -0.41622710227966308594 -0.41835299134254455566 -0.42532521486282348633 -0.42133384943008422852 -0.38093456625938415527 -0.36636826395988464355 -0.39404731988906860352 -0.42652222514152526855 -0.44777315855026245117 -0.45992985367774963379 -0.47345072031021118164 -0.49556830525398254395 -0.49480268359184265137 -0.46430596709251403809 -0.46135619282722473145 -0.5038502812385559082 -0.54697394371032714844 -0.56812769174575805664 -0.57482010126113891602
