INPUT/RASTER/ASCII_standard/BIO3.asc
ncols        225
nrows        269
xllcorner    473009.983799999987
yllcorner    4429051.174800000153
cellsize     50.000000000000
NODATA_value  -9999
[rows 54 to 71 of 269, columns 0 to 41 of 225]
-9999 -9999 -9999 -9999 -9999 -9999 -9999 -9999 -9999 -9999 -9999 -9999 -9999 -9999 -9999 -9999 -9999 -9999 -9999 -9999 -9999 -1.0212023258209228516 -1.0314780473709106445 -1.0578240156173706055 -1.0759619474411010742 -1.096377253532409668 -1.1112389564514160156 -1.1170024871826171875 -1.108005523681640625 -1.0922809839248657227 -1.0744267702102661133 -1.0468099117279052734 -1.0181981325149536133 -0.99769341945648193359 -0.98516750335693359375 -0.98282784223556518555 -0.97879374027252197266 -0.94833201169967651367 -0.89884239435195922852 -0.87192118167877197266 -0.84728908538818359375 -0.83940351009368896484
-9999 -9999 -9999 -9999 -9999 -9999 -9999 -9999 -9999 -9999 -9999 -9999 -9999 -9999 -9999 -9999 -9999 -9999 -9999 -9999 -1.0075649023056030273 -1.0170243978500366211 -1.0521459579467773438 -1.0752584934234619141 -1.0928018093109130859 -1.1051528453826904297 -1.1016628742218017578 -1.0922771692276000977 -1.0687992572784423828 -1.0585080385208129883 -1.059223175048828125 -1.0506846904754638672 -1.0317034721374511719 -1.0159440040588378906 -1.0075532197952270508 -1.0054856538772583008 -1.0026680231094360352 -0.98501199483871459961 -0.94544440507888793945 -0.92439168691635131836 -0.89334696531295776367 -0.87329310178756713867
-9999 -9999 -9999 -9999 -9999 -9999 -9999 -9999 -9999 -9999 -9999 -9999 -9999 -9999 -9999 -9999 -9999 -9999 -9999 -9999 -1.0058859586715698242 -1.0554027557373046875 -1.1237143278121948242 -1.1434845924377441406 -1.1451168060302734375 -1.1214758157730102539 -1.0819237232208251953 -1.0604473352432250977 -1.0459977388381958008 -1.0510538816452026367 -1.0543262958526611328 -1.0517379045486450195 -1.0475639104843139648 -1.0462735891342163086 -1.0473656654357910156 -1.0495420694351196289 -1.050692439079284668 -1.0472568273544311523 -1.0272806882858276367 -1.0273934602737426758 -1.0099589824676513672 -0.97194200754165649414
-9999 -9999 -9999 -9999 -9999 -9999 -9999 -9999 -9999 -9999 -9999 -9999 -9999 -9999 -9999 -9999 -9999 -0.96400982141494750977 -0.97561079263687133789 -1.023670196533203125 -1.0695649385452270508 -1.1265436410903930664 -1.1823409795761108398 -1.1973775625228881836 -1.1891654729843139648 -1.1367688179016113281 -1.083353877067565918 -1.0568407773971557617 -1.0536189079284667969 -1.0626314878463745117 -1.0646874904632568359 -1.0609915256500244141 -1.0610225200653076172 -1.0666112899780273438 -1.0755072832107543945 -1.0844576358795166016 -1.0905010700225830078 -1.0984293222427368164 -1.0992299318313598633 -1.1143170595169067383 -1.1164778470993041992 -1.0872480869293212891
-9999 -9999 -9999 -9999 -9999 -9999 -9999 -9999 -9999 -9999 -9999 -9999 -9999 -9999 -9999 -9999 -0.97018533945083618164 -1.0013738870620727539 -1.0107322931289672852 -1.0640734434127807617 -1.1379657983779907227 -1.1826363801956176758 -1.2038172483444213867 -1.2101132869720458984 -1.1911009550094604492 -1.1438498497009277344 -1.1141420602798461914 -1.0856041908264160156 -1.0735057592391967773 -1.0746989250183105469 -1.0781149864196777344 -1.0801321268081665039 -1.0786591768264770508 -1.0795763731002807617 -1.0913988351821899414 -1.1048963069915771484 -1.1140837669372558594 -1.1278339624404907227 -1.1374877691268920898 -1.1483581066131591797 -1.1566168069839477539 -1.1519531011581420898
-9999 -9999 -9999 -9999 -9999 -9999 -9999 -9999 -9999 -9999 -9999 -9999 -9999 -9999 -0.93459355831146240234 -0.94680076837539672852 -1.0014165639877319336 -1.0618698596954345703 -1.1037110090255737305 -1.1534143686294555664 -1.1979333162307739258 -1.2120331525802612305 -1.2151539325714111328 -1.2060170173645019531 -1.1775412559509277344 -1.1520268917083740234 -1.1421204805374145508 -1.1230225563049316406 -1.1056891679763793945 -1.093186497688293457 -1.0912705659866333008 -1.096696019172668457 -1.1009322404861450195 -1.1064625978469848633 -1.1219033002853393555 -1.1410866975784301758 -1.1554741859436035156 -1.1732195615768432617 -1.1816530227661132813 -1.1861884593963623047 -1.1964409351348876953 -1.2033276557922363281
-9999 -9999 -9999 -9999 -9999 -9999 -9999 -9999 -9999 -9999 -9999 -9999 -0.99556362628936767578 -0.98791515827178955078 -0.9661667943000793457 -0.9820855259895324707 -1.0701750516891479492 -1.1537330150604248047 -1.2029000520706176758 -1.2302216291427612305 -1.2355731725692749023 -1.224539637565612793 -1.2070702314376831055 -1.1798536777496337891 -1.1692631244659423828 -1.163822174072265625 -1.1595044136047363281 -1.1535154581069946289 -1.1429909467697143555 -1.1289299726486206055 -1.1185842752456665039 -1.1183083057403564453 -1.1269245147705078125 -1.1407835483551025391 -1.1647744178771972656 -1.1907628774642944336 -1.2060170173645019531 -1.2206455469131469727 -1.2280995845794677734 -1.2321531772613525391 -1.2441582679748535156 -1.2572944164276123047
-9999 -9999 -9999 -9999 -9999 -9999 -9999 -9999 -9999 -9999 -9999 -9999 -1.0407549142837524414 -1.0262274742126464844 -0.9990342259407043457 -1.047385096549987793 -1.153336644172668457 -1.2166774272918701172 -1.269190669059753418 -1.2823656797409057617 -1.2679393291473388672 -1.2292578220367431641 -1.2147109508514404297 -1.2007315158843994141 -1.1893171072006225586 -1.1793056726455688477 -1.1712335348129272461 -1.1655788421630859375 -1.1628038883209228516 -1.1586843729019165039 -1.1514245271682739258 -1.1566789150238037109 -1.1704291105270385742 -1.1902731657028198242 -1.2198565006256103516 -1.2460160255432128906 -1.2593969106674194336 -1.271048426628112793 -1.2801543474197387695 -1.2891980409622192383 -1.3041840791702270508 -1.3199434280395507813
-9999 -9999 -9999 -9999 -9999 -9999 -9999 -9999 -9999 -9999 -9999 -9999 -1.0410735607147216797 -1.0313614606857299805 -1.0248788595199584961 -1.1009283065795898438 -1.2211624383926391602 -1.2796257734298706055 -1.3202660083770751953 -1.3170131444931030273 -1.289769291877746582 -1.2630656957626342773 -1.2451765537261962891 -1.2319860458374023438 -1.2223477363586425781 -1.2045363187789916992 -1.189515233039855957 -1.1812217235565185547 -1.1805260181427001953 -1.1817812919616699219 -1.1866081953048706055 -1.2046257257461547852 -1.2238984107971191406 -1.2481379508972167969 -1.2780945301055908203 -1.2977637052536010742 -1.3105654716491699219 -1.3240708112716674805 -1.3384544849395751953 -1.354353785514831543 -1.3723828792572021484 -1.3871823549270629883
-9999 -9999 -9999 -9999 -9999 -9999 -9999 -9999 -9999 -9999 -9999 -9999 -1.1003919839859008789 -1.0461143255233764648 -1.0500434637069702148 -1.1436672210693359375 -1.2685105800628662109 -1.3184278011322021484 -1.3407512903213500977 -1.3304989337921142578 -1.3139001131057739258 -1.2989684343338012695 -1.2722493410110473633 -1.2570689916610717773 -1.2468477487564086914 -1.2303537130355834961 -1.2160284519195556641 -1.2046140432357788086 -1.2044041156768798828 -1.2102181911468505859 -1.2199342250823974609 -1.2381304502487182617 -1.2583981752395629883 -1.2825911045074462891 -1.3098232746124267578 -1.3262821435928344727 -1.3384311199188232422 -1.3531100749969482422 -1.3726277351379394531 -1.3933850526809692383 -1.4105474948883056641 -1.421332240104675293
-9999 -9999 -9999 -9999 -9999 -9999 -9999 -9999 -9999 -9999 -9999 -9999 -1.1103723049163818359 -1.0629425048828125 -1.0787990093231201172 -1.1832814216613769531 -1.2997535467147827148 -1.333887934684753418 -1.3415324687957763672 -1.3385244607925415039 -1.3332816362380981445 -1.3227610588073730469 -1.2957350015640258789 -1.2770956754684448242 -1.2616161108016967773 -1.244084477424621582 -1.2320482730865478516 -1.2230240106582641602 -1.2272018194198608398 -1.2374581098556518555 -1.2488530874252319336 -1.2686311006546020508 -1.2907098531723022461 -1.3130761384963989258 -1.3358117341995239258 -1.3499271869659423828 -1.3610384464263916016 -1.3763664960861206055 -1.3998597860336303711 -1.4244608879089355469 -1.4391281604766845703 -1.4454553127288818359
-9999 -9999 -9999 -9999 -9999 -9999 -9999 -9999 -9999 -9999 -1.1226456165313720703 -1.116955876350402832 -1.0967309474945068359 -1.0694715976715087891 -1.1077644824981689453 -1.2162421941757202148 -1.3093335628509521484 -1.3372768163681030273 -1.3563475608825683594 -1.3637355566024780273 -1.3567788600921630859 -1.3441053628921508789 -1.3245760202407836914 -1.3065974712371826172 -1.2852766513824462891 -1.2625876665115356445 -1.2449977397918701172 -1.2391176223754882813 -1.2488219738006591797 -1.2642511129379272461 -1.2787940502166748047 -1.3005930185317993164 -1.3237948417663574219 -1.3458619117736816406 -1.3649287223815917969 -1.3756513595581054688 -1.3841587305068969727 -1.398441314697265625 -1.4233182668685913086 -1.4500995874404907227 -1.4626255035400390625 -1.4667451381683349609
-9999 -9999 -9999 -9999 -9999 -9999 -9999 -9999 -1.120558619499206543 -1.1232285499572753906 -1.122835993766784668 -1.1148455142974853516 -1.0866885185241699219 -1.0791138410568237305 -1.1366211175918579102 -1.235285639762878418 -1.3130412101745605469 -1.346499323844909668 -1.3784418106079101563 -1.3924173116683959961 -1.386513829231262207 -1.3732572793960571289 -1.3589048385620117188 -1.3415675163269042969 -1.3196519613265991211 -1.2982144355773925781 -1.2683668136596679688 -1.2590860128402709961 -1.2727156877517700195 -1.2903406620025634766 -1.3072192668914794922 -1.3312218189239501953 -1.3540855646133422852 -1.375643610954284668 -1.3930197954177856445 -1.4009441137313842773 -1.4062801599502563477 -1.4163887500762939453 -1.4383548498153686523 -1.4643665552139282227 -1.4741408824920654297 -1.4765115976333618164
-9999 -9999 -9999 -9999 -9999 -9999 -9999 -1.1115537881851196289 -1.1162912845611572266 -1.1300181150436401367 -1.1303251981735229492 -1.1169792413711547852 -1.0991910696029663086 -1.1080015897750854492 -1.1667059659957885742 -1.2621641159057617188 -1.34076690673828125 -1.3689317703247070313 -1.3906373977661132813 -1.4017020463943481445 -1.4004583358764648438 -1.392090916633605957 -1.380513310432434082 -1.3674743175506591797 -1.3532772064208984375 -1.3373818397521972656 -1.307133793830871582 -1.3013547658920288086 -1.314665675163269043 -1.3247509002685546875 -1.3393017053604125977 -1.3648160696029663086 -1.3852236270904541016 -1.4037734270095825195 -1.4192297458648681641 -1.4253509044647216797 -1.426761627197265625 -1.4305042028427124023 -1.448820948600769043 -1.4710434675216674805 -1.4776076078414916992 -1.4781090021133422852
-9999 -9999 -9999 -9999 -9999 -9999 -9999 -1.1115537881851196289 -1.1154751777648925781 -1.1417084932327270508 -1.1431075334548950195 -1.1347440481185913086 -1.1293768882751464844 -1.1376005411148071289 -1.198283076286315918 -1.3072737455368041992 -1.3775479793548583984 -1.3950951099395751953 -1.4092922210693359375 -1.4140219688415527344 -1.408627629280090332 -1.3985501527786254883 -1.3895725011825561523 -1.3826118707656860352 -1.3753521442413330078 -1.3654416799545288086 -1.3524844646453857422 -1.3573268651962280273 -1.3714773654937744141 -1.3807891607284545898 -1.394718170166015625 -1.4166996479034423828 -1.4273951053619384766 -1.4361045360565185547 -1.4402824640274047852 -1.4424277544021606445 -1.4402164220809936523 -1.4417088031768798828 -1.4583076238632202148 -1.4745606184005737305 -1.4797645807266235352 -1.4811753034591674805
-9999 -9999 -9999 -9999 -9999 -9999 -9999 -9999 -9999 -1.1487778425216674805 -1.1459679603576660156 -1.1406280994415283203 -1.1354358196258544922 -1.1420505046844482422 -1.2074511051177978516 -1.3180469274520874023 -1.3826429843902587891 -1.4004660844802856445 -1.4206987619400024414 -1.4275000095367431641 -1.4181259870529174805 -1.4067466259002685547 -1.4002912044525146484 -1.3955420255661010742 -1.3881812095642089844 -1.3800507783889770508 -1.3782241344451904297 -1.3834707736968994141 -1.3979476690292358398 -1.4092688560485839844 -1.4226770401000976563 -1.4458167552947998047 -1.4606122970581054688 -1.4659483432769775391 -1.45880126953125 -1.4549887180328369141 -1.4487587213516235352 -1.4503716230392456055 -1.4616655111312866211 -1.4724969863891601563 -1.4788045883178710938 -1.4827104806900024414
-9999 -9999 -9999 -9999 -9999 -9999 -9999 -9999 -9999 -9999 -9999 -9999 -1.1314755678176879883 -1.1416074037551879883 -1.2073345184326171875 -1.3175027370452880859 -1.3818074464797973633 -1.4001708030700683594 -1.4342118501663208008 -1.4354399442672729492 -1.4271502494812011719 -1.4152772426605224609 -1.4098751544952392578 -1.4046206474304199219 -1.3962494134902954102 -1.3893510103225708008 -1.3889118432998657227 -1.3924950361251831055 -1.4042125940322875977 -1.4119660854339599609 -1.4201275110244750977 -1.4427192211151123047 -1.4652448892593383789 -1.4787502288818359375 -1.4777436256408691406 -1.4724347591400146484 -1.4646968841552734375 -1.4657657146453857422 -1.4659755229949951172 -1.4699319601058959961 -1.4757848978042602539 -1.4814435243606567383
-9999 -9999 -9999 -9999 -9999 -9999 -9999 -9999 -9999 -9999 -9999 -9999 -9999 -9999 -9999 -9999 -9999 -9999 -1.4363455772399902344 -1.4395323991775512695 -1.434262394905090332 -1.4203373193740844727 -1.413264155387878418 -1.4081807136535644531 -1.4025220870971679688 -1.3982547521591186523 -1.3963814973831176758 -1.4012355804443359375 -1.4111343622207641602 -1.4169018268585205078 -1.4231745004653930664 -1.4425365924835205078 -1.4628975391387939453 -1.4812997579574584961 -1.4860372543334960938 -1.4823296070098876953 -1.4806623458862304688 -1.484490513801574707 -1.479267120361328125 -1.4761463403701782227 -1.4789328575134277344 -1.4851706027984619141
