INPUT/RASTER/ASCII_standard/BIO4.asc
ncols        225
nrows        269
xllcorner    473009.983799999987
yllcorner    4429051.174800000153
cellsize     50.000000000000
NODATA_value  -9999
[rows 228 to 246 of 269, columns 84 to 125 of 225]
-0.97551435232162475586 -0.96353173255920410156 -0.95256584882736206055 -0.9375438690185546875 -0.91902327537536621094 -0.9022738337516784668 -0.87182527780532836914 -0.82750266790390014648 -0.78975087404251098633 -0.76215583086013793945 -0.71835803985595703125 -0.68137151002883911133 -0.66301494836807250977 -0.64696520566940307617 -0.62918806076049804688 -0.61989498138427734375 -0.61450499296188354492 -0.62138187885284423828 -0.63525593280792236328 -0.61160773038864135742 -0.56329458951950073242 -0.55218660831451416016 -0.57223778963088989258 -0.61695396900177001953 -0.66142964363098144531 -0.68017983436584472656 -0.6707445979118347168 -0.656925201416015625 -0.62917715311050415039 -0.59799605607986450195 -0.57138502597808837891 -0.52980661392211914063 -0.45349392294883728027 -0.36970302462577819824 -0.29270154237747192383 -0.22093698382377624512 -0.2153173983097076416 -0.21421316266059875488 -0.18561229109764099121 -0.13726633787155151367 -0.10702551901340484619 -0.083125866949558258057
-0.97502237558364868164 -0.96420955657958984375 -0.95552873611450195313 -0.94468313455581665039 -0.93015313148498535156 -0.90930378437042236328 -0.87266713380813598633 -0.83055299520492553711 -0.79910957813262939453 -0.7773965001106262207 -0.74445521831512451172 -0.71797537803649902344 -0.70219898223876953125 -0.68323016166687011719 -0.66782546043395996094 -0.66480797529220581055 -0.66326642036437988281 -0.65403890609741210938 -0.65206003189086914063 -0.63453435897827148438 -0.59961414337158203125 -0.58394712209701538086 -0.58533561229705810547 -0.61253702640533447266 -0.65354692935943603516 -0.67477887868881225586 -0.66671031713485717773 -0.6539732813835144043 -0.63217276334762573242 -0.6088307499885559082 -0.58308339118957519531 -0.53999620676040649414 -0.46331182122230529785 -0.38131392002105712891 -0.31086134910583496094 -0.23436276614665985107 -0.2036190330982208252 -0.18799570202827453613 -0.16111132502555847168 -0.12473706156015396118 -0.10254296660423278809 -0.081901364028453826904
-0.97541594505310058594 -0.9647343754768371582 -0.9564361572265625 -0.94746011495590209961 -0.93430769443511962891 -0.91367703676223754883 -0.87726992368698120117 -0.83640217781066894531 -0.8067626953125 -0.78827488422393798828 -0.76371926069259643555 -0.7463029026985168457 -0.7382233738899230957 -0.72839456796646118164 -0.72298270463943481445 -0.72357308864593505859 -0.70914149284362792969 -0.69301521778106689453 -0.68318641185760498047 -0.66519063711166381836 -0.63315677642822265625 -0.61020827293395996094 -0.58645075559616088867 -0.58633053302764892578 -0.62173169851303100586 -0.65658628940582275391 -0.65928673744201660156 -0.65207093954086303711 -0.63937765359878540039 -0.62316393852233886719 -0.59667319059371948242 -0.55037170648574829102 -0.47815889120101928711 -0.40813270211219787598 -0.354068756103515625 -0.27665182948112487793 -0.20267878472805023193 -0.15823593735694885254 -0.12984280288219451904 -0.10774710029363632202 -0.095272488892078399658 -0.081966966390609741211
-0.97598445415496826172 -0.96394717693328857422 -0.95509141683578491211 -0.94703376293182373047 -0.93543380498886108398 -0.91814863681793212891 -0.88440924882888793945 -0.84096127748489379883 -0.80886185169219970703 -0.79192656278610229492 -0.77706855535507202148 -0.77117562294006347656 -0.77562534809112548828 -0.78491842746734619141 -0.77955031394958496094 -0.76913112401962280273 -0.74644505977630615234 -0.72928017377853393555 -0.72043532133102416992 -0.70358747243881225586 -0.66573727130889892578 -0.63151681423187255859 -0.5815308690071105957 -0.55883389711380004883 -0.5930652618408203125 -0.64017575979232788086 -0.65233331918716430664 -0.6489550471305847168 -0.63515752553939819336 -0.61320394277572631836 -0.58321458101272583008 -0.53808295726776123047 -0.47303128242492675781 -0.41387253999710083008 -0.37391224503517150879 -0.30070453882217407227 -0.21739467978477478027 -0.1631339341402053833 -0.13304618000984191895 -0.11413200199604034424 -0.10386586934328079224 -0.093643464148044586182
-0.97570019960403442383 -0.96298509836196899414 -0.95373570919036865234 -0.945011138916015625 -0.93396872282028198242 -0.91881555318832397461 -0.8874486088752746582 -0.84241539239883422852 -0.80894929170608520508 -0.79365396499633789063 -0.78818744421005249023 -0.79704320430755615234 -0.80297988653182983398 -0.80606299638748168945 -0.79593896865844726563 -0.78215241432189941406 -0.75644880533218383789 -0.73962283134460449219 -0.73274594545364379883 -0.71919989585876464844 -0.68312078714370727539 -0.64500820636749267578 -0.58282101154327392578 -0.54837095737457275391 -0.58010959625244140625 -0.62961447238922119141 -0.64603590965270996094 -0.64396953582763671875 -0.62574416399002075195 -0.59504413604736328125 -0.56626838445663452148 -0.52710616588592529297 -0.46865805983543395996 -0.41526105999946594238 -0.38380664587020874023 -0.31173598766326904297 -0.25935572385787963867 -0.23369584977626800537 -0.20548857748508453369 -0.18789730966091156006 -0.17807942628860473633 -0.16735409200191497803
-0.97375410795211791992 -0.96083128452301025391 -0.9514725804328918457 -0.94242000579833984375 -0.93162906169891357422 -0.9182688593864440918 -0.89110022783279418945 -0.84756481647491455078 -0.81401133537292480469 -0.8017991185188293457 -0.80810743570327758789 -0.82123804092407226563 -0.82015568017959594727 -0.81565123796463012695 -0.80366861820220947266 -0.78943383693695068359 -0.7636318206787109375 -0.74655437469482421875 -0.74016946554183959961 -0.72943323850631713867 -0.69859105348587036133 -0.66235893964767456055 -0.59981095790863037109 -0.56732887029647827148 -0.60250049829483032227 -0.6484521031379699707 -0.66175764799118041992 -0.65710014104843139648 -0.63121068477630615234 -0.5970776677131652832 -0.5934588313102722168 -0.56889230012893676758 -0.51181083917617797852 -0.4594415128231048584 -0.42481651902198791504 -0.35477939248085021973 -0.32575213909149169922 -0.31858006119728088379 -0.29346683621406555176 -0.27613797783851623535 -0.26680114865303039551 -0.25609767436981201172
-0.97057259082794189453 -0.95747482776641845703 -0.94802868366241455078 -0.93862622976303100586 -0.92863345146179199219 -0.91869527101516723633 -0.89691662788391113281 -0.85815894603729248047 -0.82856321334838867188 -0.82368707656860351563 -0.83350491523742675781 -0.83667552471160888672 -0.83172285556793212891 -0.82584089040756225586 -0.81468915939331054688 -0.80156952142715454102 -0.77976900339126586914 -0.77378863096237182617 -0.77538484334945678711 -0.76705384254455566406 -0.74225771427154541016 -0.71301180124282836914 -0.66017234325408935547 -0.64975315332412719727 -0.71120780706405639648 -0.75175851583480834961 -0.7565581202507019043 -0.74627012014389038086 -0.71060651540756225586 -0.66431593894958496094 -0.65219122171401977539 -0.621425628662109375 -0.55764216184616088867 -0.5066394805908203125 -0.46310406923294067383 -0.40008595585823059082 -0.36021313071250915527 -0.33509990572929382324 -0.3109925389289855957 -0.2936636507511138916 -0.28440335392951965332 -0.27526330947875976563
-0.97191739082336425781 -0.95873212814331054688 -0.94888144731521606445 -0.93928223848342895508 -0.94263863563537597656 -0.95069634914398193359 -0.93595856428146362305 -0.90595829486846923828 -0.88630062341690063477 -0.88311910629272460938 -0.88223356008529663086 -0.87893176078796386719 -0.87297326326370239258 -0.86647903919219970703 -0.85842138528823852539 -0.84613263607025146484 -0.83280521631240844727 -0.8591429591178894043 -0.88168692588806152344 -0.87433987855911254883 -0.85472601652145385742 -0.83226948976516723633 -0.78940099477767944336 -0.77716690301895141602 -0.82228761911392211914 -0.85140234231948852539 -0.85232073068618774414 -0.83938694000244140625 -0.79930633306503295898 -0.73656159639358520508 -0.67556607723236083984 -0.61434096097946166992 -0.54196417331695556641 -0.49045857787132263184 -0.44462722539901733398 -0.39253124594688415527 -0.35944780707359313965 -0.33560281991958618164 -0.31302607059478759766 -0.29498654603958129883 -0.2844689488410949707 -0.27613797783851623535
-1.0093084573745727539 -0.99703061580657958984 -0.98673164844512939453 -0.9767169952392578125 -1.0076357126235961914 -1.0505260229110717773 -1.0467103719711303711 -1.0260250568389892578 -1.0070015192031860352 -0.99758815765380859375 -0.9904270172119140625 -0.98660045862197875977 -0.98041236400604248047 -0.97271549701690673828 -0.96686631441116333008 -0.95586764812469482422 -0.9437319636344909668 -0.96018618345260620117 -0.96962141990661621094 -0.95740920305252075195 -0.93954461812973022461 -0.91938406229019165039 -0.88010162115097045898 -0.84344309568405151367 -0.83711284399032592773 -0.8530095219612121582 -0.85680329799652099609 -0.84572809934616088867 -0.80868691205978393555 -0.75401073694229125977 -0.69637167453765869141 -0.63422822952270507813 -0.57703739404678344727 -0.52852743864059448242 -0.48755037784576416016 -0.43674448132514953613 -0.3904539644718170166 -0.35379543900489807129 -0.32469165325164794922 -0.30471697449684143066 -0.29023066163063049316 -0.27844482660293579102
-1.1303919553756713867 -1.1223342418670654297 -1.1135660409927368164 -1.1000854969024658203 -1.1041307449340820313 -1.1183764934539794922 -1.1154574155807495117 -1.0968275070190429688 -1.0758032798767089844 -1.0651434659957885742 -1.0584197044372558594 -1.0564080476760864258 -1.050230860710144043 -1.0416264533996582031 -1.0356352329254150391 -1.0258938074111938477 -1.0109484195709228516 -0.9968884587287902832 -0.97987663745880126953 -0.96237283945083618164 -0.94449728727340698242 -0.9248943328857421875 -0.88692384958267211914 -0.85127115249633789063 -0.83854508399963378906 -0.84858161211013793945 -0.85146796703338623047 -0.84095036983489990234 -0.81003165245056152344 -0.76791757345199584961 -0.71666342020034790039 -0.66255575418472290039 -0.63072961568832397461 -0.59259516000747680664 -0.55594754219055175781 -0.50178521871566772461 -0.4381001889705657959 -0.37938970327377319336 -0.33665239810943603516 -0.3132775425910949707 -0.29470229148864746094 -0.27981147170066833496
-1.1860740184783935547 -1.1795032024383544922 -1.1722217798233032227 -1.1577136516571044922 -1.1366128921508789063 -1.1222031116485595703 -1.1151294708251953125 -1.0947283506393432617 -1.0722390413284301758 -1.0602564811706542969 -1.053204655647277832 -1.0545384883880615234 -1.0506353378295898438 -1.0432008504867553711 -1.0369580984115600586 -1.0275884866714477539 -1.0131677389144897461 -0.99823325872421264648 -0.98067474365234375 -0.96309441328048706055 -0.94715398550033569336 -0.92993444204330444336 -0.89503616094589233398 -0.86159193515777587891 -0.84713846445083618164 -0.84824270009994506836 -0.83640217781066894531 -0.81884372234344482422 -0.79134708642959594727 -0.75501656532287597656 -0.70850735902786254883 -0.6620528101921081543 -0.64061307907104492188 -0.60948669910430908203 -0.57676410675048828125 -0.52603471279144287109 -0.46083000302314758301 -0.38962304592132568359 -0.33664146065711975098 -0.31237009167671203613 -0.2941119074821472168 -0.28124371170997619629
-1.1865112781524658203 -1.177250981330871582 -1.1694885492324829102 -1.1566969156265258789 -1.1386682987213134766 -1.1256470680236816406 -1.1136971712112426758 -1.0922247171401977539 -1.0717142820358276367 -1.0605406761169433594 -1.0515865087509155273 -1.0471585988998413086 -1.04425048828125 -1.0402380228042602539 -1.0364114046096801758 -1.0274026393890380859 -1.012642979621887207 -0.9958279728889465332 -0.97747135162353515625 -0.96002221107482910156 -0.94561243057250976563 -0.9311370849609375 -0.90109306573867797852 -0.87249219417572021484 -0.86017066240310668945 -0.85026532411575317383 -0.81678831577301025391 -0.78842794895172119141 -0.75663465261459350586 -0.71712261438369750977 -0.67446184158325195313 -0.63604307174682617188 -0.61169517040252685547 -0.58255863189697265625 -0.55530250072479248047 -0.51031297445297241211 -0.44871619343757629395 -0.37868997454643249512 -0.3291632533073425293 -0.30911204218864440918 -0.29393696784973144531 -0.28428310155868530273
-1.1856694221496582031 -1.1743865013122558594 -1.1657931804656982422 -1.153362274169921875 -1.1374109983444213867 -1.1251331567764282227 -1.1096081733703613281 -1.087315678596496582 -1.0698119401931762695 -1.0608468055725097656 -1.0525814294815063477 -1.0450813770294189453 -1.0371001958847045898 -1.0309777259826660156 -1.0286817550659179688 -1.0206897258758544922 -1.0073295831680297852 -0.98865586519241333008 -0.97014623880386352539 -0.95404183864593505859 -0.94168746471405029297 -0.92943155765533447266 -0.90498524904251098633 -0.88177436590194702148 -0.86693823337554931641 -0.84212017059326171875 -0.78998047113418579102 -0.75220674276351928711 -0.71236670017242431641 -0.66793477535247802734 -0.6289475560188293457 -0.59988749027252197266 -0.56438785791397094727 -0.52930372953414916992 -0.50545871257781982422 -0.46669012308120727539 -0.41347897052764892578 -0.35589456558227539063 -0.31938910484313964844 -0.30556973814964294434 -0.29493188858032226563 -0.28719127178192138672
-1.1822693347930908203 -1.170724034309387207 -1.1619447469711303711 -1.1493170261383056641 -1.1335843801498413086 -1.1210769414901733398 -1.1047867536544799805 -1.0825817584991455078 -1.0667178630828857422 -1.0595020055770874023 -1.0531718730926513672 -1.0451579093933105469 -1.0338968038558959961 -1.0236307382583618164 -1.0174535512924194336 -1.0078324079513549805 -0.99475651979446411133 -0.97760254144668579102 -0.96201205253601074219 -0.94788652658462524414 -0.93725961446762084961 -0.92703717947006225586 -0.90753263235092163086 -0.88635534048080444336 -0.86240100860595703125 -0.81848293542861938477 -0.75088387727737426758 -0.70710790157318115234 -0.65861982107162475586 -0.60663318634033203125 -0.57523345947265625 -0.55381560325622558594 -0.50984287261962890625 -0.46803489327430725098 -0.44317314028739929199 -0.41088783740997314453 -0.37352958321571350098 -0.33514365553855895996 -0.31145173311233520508 -0.30177596211433410645 -0.2942212224006652832 -0.28751927614212036133
-1.173741459846496582 -1.1643828153610229492 -1.1569265127182006836 -1.1452718973159790039 -1.1302498579025268555 -1.1171083450317382813 -1.1009273529052734375 -1.080460667610168457 -1.0665975809097290039 -1.0593599081039428711 -1.0528875589370727539 -1.0432883501052856445 -1.0304967164993286133 -1.0179673433303833008 -1.0094177722930908203 -0.99674636125564575195 -0.9795048832893371582 -0.96634149551391601563 -0.95506954193115234375 -0.94129389524459838867 -0.9311917424201965332 -0.9225546717643737793 -0.90659236907958984375 -0.88421243429183959961 -0.84585928916931152344 -0.78171509504318237305 -0.70181632041931152344 -0.65324079990386962891 -0.59318554401397705078 -0.53073590993881225586 -0.51257616281509399414 -0.50288945436477661133 -0.45605227351188659668 -0.41188272833824157715 -0.38596045970916748047 -0.3597539365291595459 -0.34053364396095275879 -0.32183811068534851074 -0.30654278397560119629 -0.29849606752395629883 -0.29083198308944702148 -0.28405350446701049805
-1.1611576080322265625 -1.1554942131042480469 -1.1503776311874389648 -1.140526890754699707 -1.1265982389450073242 -1.1129975318908691406 -1.0976036787033081055 -1.0810183286666870117 -1.0710692405700683594 -1.0617104768753051758 -1.0516302585601806641 -1.0389260053634643555 -1.0243741273880004883 -1.010707855224609375 -1.001381993293762207 -0.98885267972946166992 -0.97292321920394897461 -0.96077656745910644531 -0.94847691059112548828 -0.93141043186187744141 -0.91855317354202270508 -0.90980672836303710938 -0.8964793086051940918 -0.87214231491088867188 -0.82204711437225341797 -0.74760395288467407227 -0.66297119855880737305 -0.60833871364593505859 -0.53702247142791748047 -0.47672665119171142578 -0.46906259655952453613 -0.46974045038223266602 -0.42939749360084533691 -0.38908731937408447266 -0.36312133073806762695 -0.33886086940765380859 -0.32695478200912475586 -0.31597799062728881836 -0.30337220430374145508 -0.29586118459701538086 -0.28654623031616210938 -0.2791773378849029541
-1.1501260995864868164 -1.1470648050308227539 -1.1440801620483398438 -1.1356725692749023438 -1.1223124265670776367 -1.1087117195129394531 -1.0937006473541259766 -1.0791925191879272461 -1.0712988376617431641 -1.062344670295715332 -1.0510070323944091797 -1.0365316867828369141 -1.0200884342193603516 -1.0049680471420288086 -0.99507355690002441406 -0.98399841785430908203 -0.97047418355941772461 -0.95920222997665405273 -0.94588577747344970703 -0.925506591796875 -0.90330153703689575195 -0.89087069034576416016 -0.875804901123046875 -0.85181778669357299805 -0.8107751011848449707 -0.74815058708190917969 -0.66997927427291870117 -0.61335700750350952148 -0.5327695012092590332 -0.47533816099166870117 -0.47075721621513366699 -0.46671199798583984375 -0.43381443619728088379 -0.3994846642017364502 -0.36407250165939331055 -0.33448764681816101074 -0.32157573103904724121 -0.31420683860778808594 -0.30328473448753356934 -0.29435244202613830566 -0.28280711174011230469 -0.27661901712417602539
-1.1385370492935180664 -1.1368752717971801758 -1.1357820034027099609 -1.1297359466552734375 -1.1180922985076904297 -1.1048195362091064453 -1.0902458429336547852 -1.0771589279174804688 -1.0703585147857666016 -1.0621696710586547852 -1.050777435302734375 -1.0348808765411376953 -1.0162945985794067383 -1.0000590085983276367 -0.99040514230728149414 -0.98064196109771728516 -0.96792680025100708008 -0.95564901828765869141 -0.94043016433715820313 -0.91798460483551025391 -0.89433646202087402344 -0.88099813461303710938 -0.86105620861053466797 -0.83476221561431884766 -0.80094629526138305664 -0.75524616241455078125 -0.69563913345336914063 -0.65038722753524780273 -0.58143252134323120117 -0.53059381246566772461 -0.51746320724487304688 -0.49831944704055786133 -0.4688548743724822998 -0.44061478972434997559 -0.39291387796401977539 -0.35253813862800598145 -0.33066108822822570801 -0.3229205012321472168 -0.31179064512252807617 -0.29893338680267333984 -0.28409722447395324707 -0.27852135896682739258
-1.1288722753524780273 -1.1270354986190795898 -1.1259094476699829102 -1.1219735145568847656 -1.113128662109375 -1.1008399724960327148 -1.0868674516677856445 -1.0754971504211425781 -1.0697463750839233398 -1.0619510412216186523 -1.0509524345397949219 -1.0339952707290649414 -1.0121947526931762695 -0.99539065361022949219 -0.9864146113395690918 -0.97759163379669189453 -0.96415489912033081055 -0.9499747157096862793 -0.93198984861373901367 -0.90663611888885498047 -0.88237565755844116211 -0.87165033817291259766 -0.85570996999740600586 -0.82820242643356323242 -0.7947254180908203125 -0.76011139154434204102 -0.72138649225234985352 -0.69300431013107299805 -0.64272320270538330078 -0.59983283281326293945 -0.58004403114318847656 -0.55305027961730957031 -0.52526938915252685547 -0.50175243616104125977 -0.45515576004981994629 -0.40433892607688903809 -0.36489248275756835938 -0.35149949789047241211 -0.33705693483352661133 -0.31720250844955444336 -0.29497560858726501465 -0.28487348556518554688
