INPUT/RASTER/ASCII_standard/BIO4.asc
ncols        225
nrows        269
xllcorner    473009.983799999987
yllcorner    4429051.174800000153
cellsize     50.000000000000
NODATA_value  -9999
[rows 133 to 151 of 269, columns 126 to 167 of 225]
1.0634232759475708008 1.0587439537048339844 1.0556608438491821289 1.050915837287902832 1.0390534400939941406 1.0276175737380981445 1.021943211555480957 1.0170452594757080078 1.0185649394989013672 1.0258245468139648438 1.0343850851058959961 -9999 -9999 -9999 -9999 -9999 -9999 -9999 -9999 -9999 -9999 -9999 -9999 -9999 -9999 -9999 1.1271957159042358398 1.1237299442291259766 1.1100089550018310547 1.097807765007019043 1.1015905141830444336 1.1083909273147583008 1.1173560619354248047 1.122778773307800293 1.1250857114791870117 1.131186366081237793 1.162990570068359375 1.1958662271499633789 1.2197221517562866211 1.2298790216445922852 1.2358702421188354492 1.2432281970977783203
1.040190577507019043 1.0323734283447265625 1.0270708799362182617 1.0260212421417236328 1.0233973264694213867 1.0182260274887084961 1.0151101350784301758 1.0130000114440917969 1.0169687271118164063 1.023517608642578125 -9999 -9999 -9999 -9999 -9999 -9999 -9999 -9999 -9999 -9999 -9999 -9999 -9999 -9999 -9999 -9999 1.1270973682403564453 1.1254683732986450195 1.1179573535919189453 1.1038864850997924805 1.0964410305023193359 1.0966925621032714844 1.1008579730987548828 1.1066524982452392578 1.1142510175704956055 1.145257115364074707 1.1922693252563476563 1.2095872163772583008 1.2104946374893188477 1.2135231494903564453 1.2203891277313232422 1.2310378551483154297
1.027027130126953125 1.0168921947479248047 1.0098185539245605469 1.0089219808578491211 1.0106712579727172852 1.0098403692245483398 1.0091625452041625977 1.0113054513931274414 1.0151975154876708984 1.0236597061157226563 -9999 -9999 -9999 -9999 -9999 -9999 -9999 -9999 -9999 -9999 -9999 -9999 -9999 -9999 -9999 -9999 -9999 1.1303335428237915039 1.1263210773468017578 1.1107634305953979492 1.0945714712142944336 1.0895532369613647461 1.0885802507400512695 1.0933251380920410156 1.1103698015213012695 1.1678339242935180664 1.1946744918823242188 1.1948275566101074219 1.1914602518081665039 1.1936249732971191406 1.2027103900909423828 1.2164859771728515625
1.019133448600769043 1.0079162120819091797 1.0004707574844360352 0.99876517057418823242 1.0013453960418701172 1.0051610469818115234 1.0057623386383056641 1.0060466527938842773 -9999 -9999 -9999 -9999 -9999 -9999 -9999 -9999 -9999 -9999 -9999 -9999 -9999 -9999 -9999 -9999 -9999 -9999 -9999 1.1334604024887084961 1.1314049959182739258 1.1149507761001586914 1.0938062667846679688 1.0856610536575317383 1.0808942317962646484 1.0853221416473388672 1.1161643266677856445 1.1720868349075317383 1.1822545528411865234 1.1771488189697265625 1.1723492145538330078 1.1753339767456054688 1.1856437921524047852 1.2011469602584838867
1.011578679084777832 1.0006456375122070313 0.99324399232864379883 0.99170243740081787109 0.99328774213790893555 0.99385625123977661133 -9999 -9999 -9999 -9999 -9999 -9999 -9999 -9999 -9999 -9999 -9999 -9999 -9999 -9999 -9999 -9999 -9999 -9999 -9999 -9999 -9999 1.134181976318359375 1.1311753988265991211 1.1164813041687011719 1.0950744152069091797 1.0852018594741821289 1.0784015655517578125 1.0907121896743774414 1.138041377067565918 1.1708514690399169922 1.166849970817565918 1.1597871780395507813 1.1546158790588378906 1.1587047576904296875 1.1703375577926635742 1.1870323419570922852
0.99928998947143554688 0.98865211009979248047 0.98281389474868774414 0.98339331150054931641 0.98715430498123168945 0.99049979448318481445 -9999 -9999 -9999 -9999 -9999 -9999 -9999 -9999 -9999 -9999 -9999 -9999 -9999 -9999 -9999 -9999 -9999 -9999 -9999 -9999 -9999 -9999 1.1256104707717895508 1.1167109012603759766 1.1005955934524536133 1.0912479162216186523 1.0885802507400512695 1.116984248161315918 1.1532928943634033203 1.1575021743774414063 1.1461317539215087891 1.1391564607620239258 1.1358219385147094727 1.1411025524139404297 1.1542878150939941406 1.1710591316223144531
0.97904199361801147461 0.97271174192428588867 0.97138881683349609375 0.9752591252326965332 0.98132699728012084961 0.98649829626083374023 -9999 -9999 -9999 -9999 -9999 -9999 -9999 -9999 -9999 -9999 -9999 -9999 -9999 -9999 -9999 -9999 -9999 -9999 -9999 -9999 -9999 -9999 1.1203626394271850586 1.1177058219909667969 1.1098887920379638672 1.106783747673034668 1.1217730045318603516 1.1463067531585693359 1.1438686847686767578 1.1323014497756958008 1.1203844547271728516 1.1149725914001464844 1.1154427528381347656 1.1228772401809692383 1.1358109712600708008 1.1509205102920532227
0.96801054477691650391 0.96902728080749511719 0.97207760810852050781 0.9770959019660949707 0.97998219728469848633 -9999 -9999 -9999 -9999 -9999 -9999 -9999 -9999 -9999 -9999 -9999 -9999 -9999 -9999 -9999 -9999 -9999 -9999 -9999 -9999 -9999 -9999 -9999 -9999 1.1225383281707763672 1.1263976097106933594 1.1425238847732543945 1.1689927577972412109 1.1616349220275878906 1.1345099210739135742 1.1171373128890991211 1.1093748807907104492 1.1068712472915649414 1.1086423397064208984 1.1167000532150268555 1.1287482976913452148 1.1426769495010375977
0.96869927644729614258 0.97097337245941162109 0.97505140304565429688 0.98074752092361450195 0.98314183950424194336 -9999 -9999 -9999 -9999 -9999 1.0457663536071777344 1.0503582954406738281 1.0560871362686157227 1.0633904933929443359 1.0721368789672851563 1.0791668891906738281 1.0888754129409790039 1.093784332275390625 1.0852018594741821289 1.0729241371154785156 1.072705388069152832 -9999 -9999 -9999 -9999 -9999 -9999 -9999 -9999 1.1384786367416381836 1.1878194808959960938 1.2159721851348876953 1.2189022302627563477 1.1912634372711181641 1.1544846296310424805 1.1317766904830932617 1.1249982118606567383 1.1242548227310180664 1.1276440620422363281 1.1358437538146972656 1.1475093364715576172 1.1607165336608886719
0.96533191204071044922 0.9681854248046875 0.97309440374374389648 0.97507327795028686523 -9999 -9999 -9999 -9999 -9999 1.0400593280792236328 1.0440170764923095703 1.0511782169342041016 1.0569509267807006836 1.0640683174133300781 1.0720603466033935547 1.0784561634063720703 1.0856392383575439453 1.0825014114379882813 1.0739408731460571289 1.0709888935089111328 1.0732520818710327148 1.081112980842590332 -9999 -9999 -9999 -9999 -9999 -9999 -9999 1.1624985933303833008 1.2456772327423095703 1.2690411806106567383 1.2499301433563232422 1.2153161764144897461 1.1743062734603881836 1.1485480070114135742 1.1405340433120727539 1.1398781538009643555 1.1436609029769897461 1.1521778106689453125 1.1643899679183959961 1.1767880916595458984
0.96247839927673339844 0.96480715274810791016 0.9727007746696472168 0.97477805614471435547 -9999 -9999 -9999 -9999 -9999 1.0393595695495605469 1.0429347753524780273 1.0508940219879150391 1.0567978620529174805 1.0632811784744262695 1.0695348978042602539 1.0739954710006713867 1.0716668367385864258 1.0619909763336181641 1.0595966577529907227 1.0667469501495361328 1.077811121940612793 1.0807303190231323242 -9999 -9999 -9999 -9999 -9999 -9999 -9999 1.2158409357070922852 1.2711075544357299805 1.2789027690887451172 1.255757451057434082 1.2165187597274780273 1.172644495964050293 1.1455086469650268555 1.1353627443313598633 1.1329684257507324219 1.13434600830078125 1.1423927545547485352 1.1549547910690307617 1.1664563417434692383
-9999 -9999 -9999 -9999 -9999 -9999 -9999 -9999 -9999 1.0387254953384399414 1.0422240495681762695 1.0499974489212036133 1.0557482242584228516 1.061280369758605957 1.0633029937744140625 1.061980128288269043 1.0543270111083984375 1.0519435405731201172 1.0562293529510498047 1.0645055770874023438 1.0760400295257568359 1.07884979248046875 -9999 -9999 -9999 -9999 -9999 -9999 -9999 1.2653020620346069336 1.2846972942352294922 1.2803678512573242188 1.258206486701965332 1.2162345647811889648 1.1688834428787231445 1.1401951313018798828 1.1274690628051757813 1.1217730045318603516 1.1184711456298828125 1.1249107122421264648 1.1366200447082519531 1.1452353000640869141
-9999 -9999 -9999 -9999 -9999 -9999 -9999 -9999 -9999 1.0385177135467529297 1.0427269935607910156 1.0488276481628417969 1.0540974140167236328 1.0582190752029418945 1.0521293878555297852 1.0437437295913696289 1.0440061092376708984 1.0492212772369384766 -9999 -9999 -9999 -9999 -9999 -9999 -9999 -9999 -9999 -9999 -9999 1.2862497568130493164 1.2858452796936035156 1.2802038192749023438 1.2581956386566162109 1.214102625846862793 1.1638214588165283203 1.1337883472442626953 1.1200565099716186523 1.1117364168167114258 1.1040177345275878906 1.110107421875 1.1204391717910766602 1.1247358322143554688
-9999 -9999 -9999 -9999 -9999 -9999 -9999 -9999 -9999 1.0374244451522827148 1.0414041280746459961 1.0474172830581665039 1.052140355110168457 1.0539551973342895508 1.0429456233978271484 1.034067988395690918 1.0399609804153442383 1.0460616350173950195 -9999 -9999 -9999 -9999 -9999 -9999 -9999 -9999 -9999 -9999 -9999 1.2845879793167114258 1.2842271327972412109 1.2781484127044677734 1.2542269229888916016 1.2088766098022460938 1.1583658456802368164 1.1257745027542114258 1.1117473840713500977 1.1014046669006347656 1.0912259817123413086 1.0983653068542480469 1.105723261833190918 1.1062152385711669922
-9999 0.9641730189323425293 0.96872115135192871094 0.97135603427886962891 -9999 -9999 -9999 1.015088200569152832 1.0269396305084228516 1.0327451229095458984 1.040190577507019043 1.0466737747192382813 1.0496585369110107422 1.0419944524765014648 1.0293558835983276367 1.0296729803085327148 1.0368341207504272461 1.0433502197265625 -9999 1.0587111711502075195 1.06620025634765625 1.0787295103073120117 1.0880445241928100586 1.0922318696975708008 1.0931283235549926758 -9999 -9999 -9999 -9999 1.2810128927230834961 1.2806192636489868164 1.2737642526626586914 1.2493070363998413086 1.2067884206771850586 1.1567368507385253906 1.1187007427215576172 1.1016561985015869141 1.0896297693252563477 1.0787404775619506836 1.0865904092788696289 1.0906465053558349609 1.0939264297485351563
0.96168029308319091797 0.96492737531661987305 0.96942090988159179688 0.97663670778274536133 0.99022650718688964844 1.0008643865585327148 1.0070524215698242188 1.0151429176330566406 1.023845672607421875 1.033007502555847168 1.0400046110153198242 1.0419507026672363281 1.0369215011596679688 1.0246874094009399414 1.0225774049758911133 1.0264368057250976563 1.0327341556549072266 1.0382772684097290039 1.0440936088562011719 1.0555514097213745117 1.065325617790222168 1.0775924921035766602 1.0868527889251708984 1.0932486057281494141 1.1047393083572387695 1.192837834358215332 1.2473499774932861328 1.2560527324676513672 -9999 1.2770987749099731445 1.2766177654266357422 1.2697517871856689453 1.2464863061904907227 1.2073897123336791992 1.1587157249450683594 1.1175965070724487305 1.0974359512329101563 1.0838243961334228516 1.071120142936706543 1.0760072469711303711 1.0815939903259277344 1.0950198173522949219
0.96700465679168701172 0.97004407644271850586 0.97396904230117797852 0.98079127073287963867 0.99135255813598632813 1.002077937126159668 1.0084627866744995117 1.0167719125747680664 1.027027130126953125 1.0355658531188964844 1.0376868247985839844 1.0293668508529663086 1.0192209482192993164 1.0181385278701782227 1.0215497016906738281 1.0239658355712890625 1.0268303155899047852 1.0294542312622070313 1.0346146821975708008 1.0468050241470336914 1.0587877035140991211 1.069895625114440918 1.0809379816055297852 1.106597900390625 1.1404684782028198242 1.2065588235855102539 1.2472516298294067383 1.2566868066787719727 1.2655863761901855469 1.2735456228256225586 1.2756665945053100586 1.2698830366134643555 1.2483011484146118164 1.209532618522644043 1.1612522602081298828 1.1216636896133422852 1.1012843847274780273 1.0861530303955078125 1.0699939727783203125 1.0702782869338989258 1.0769912004470825195 1.0964847803115844727
0.98350262641906738281 0.98372131586074829102 0.98436635732650756836 0.98813825845718383789 0.99702686071395874023 1.007172703742980957 1.01348114013671875 1.0219761133193969727 1.0319250822067260742 1.0373369455337524414 1.0304601192474365234 1.0188820362091064453 1.0152740478515625 1.0187835693359375 1.0219104290008544922 1.0214949846267700195 1.0174388885498046875 1.014355778694152832 1.0177996158599853516 1.0301321744918823242 1.0396656990051269531 1.0493851900100708008 1.0754387378692626953 1.1384348869323730469 1.1946526765823364258 1.2266209125518798828 1.2443434000015258789 1.2552983760833740234 1.264186859130859375 1.2726052999496459961 1.2764756679534912109 1.272430419921875 1.2535161972045898438 1.2162345647811889648 1.1688944101333618164 1.1288794279098510742 1.107680201530456543 1.0919803380966186523 1.0718635320663452148 1.0641230344772338867 1.0698081254959106445 1.0933470726013183594
1.004198908805847168 1.0039147138595581055 1.0035101175308227539 1.0051282644271850586 1.0114912986755371094 1.0184665918350219727 1.0227195024490356445 1.0293011665344238281 1.036495208740234375 1.0328981876373291016 1.0205875635147094727 1.0153615474700927734 1.0167281627655029297 1.020882725715637207 1.0225554704666137695 1.0199425220489501953 1.0089657306671142578 0.99595540761947631836 0.99416238069534301758 1.0015859603881835938 1.0026682615280151367 1.0167391300201416016 1.0797791481018066406 1.1611647605895996094 1.200775146484375 1.21938323974609375 1.2386473417282104492 1.2521495819091796875 1.2625578641891479492 1.2716650962829589844 1.2765849828720092773 1.2742999792098999023 1.2600870132446289063 1.2281187772750854492 1.1829215288162231445 1.1398890018463134766 1.1158909797668457031 1.0983105897903442383 1.0745203495025634766 1.0561528205871582031 1.0606790781021118164 1.0872682332992553711
