INPUT/RASTER/ASCII_standard/BIO4.asc
ncols        225
nrows        269
xllcorner    473009.983799999987
yllcorner    4429051.174800000153
cellsize     50.000000000000
NODATA_value  -9999
[rows 76 to 94 of 269, columns 84 to 125 of 225]
-0.22818559408187866211 -0.2187175750732421875 -0.20721600949764251709 -0.20037192106246948242 -0.19598776102066040039 -0.15786421298980712891 -0.089488901197910308838 0.031080789864063262939 0.11126378923654556274 0.1261546015739440918 0.12917213141918182373 0.13928520679473876953 0.1560783684253692627 0.23254413902759552002 0.43231284618377685547 0.52704775333404541016 0.54733949899673461914 0.55225938558578491211 0.56800293922424316406 0.58194261789321899414 0.59865921735763549805 0.61848086118698120117 0.6457697749137878418 0.6763057708740234375 0.69607269763946533203 0.70557355880737304688 0.71322667598724365234 0.71822309494018554688 0.71972090005874633789 -9999 -9999 -9999 -9999 -9999 -9999 -9999 -9999 -9999 -9999 -9999 1.0940029621124267578 1.1130374670028686523
-0.23751148581504821777 -0.22763894498348236084 -0.21587498486042022705 -0.20659282803535461426 -0.17846207320690155029 -0.072826936841011047363 0.041653051972389221191 0.091813892126083374023 0.11073900759220123291 0.11744096875190734863 0.12808975577354431152 0.18830899894237518311 0.26443585753440856934 0.38029339909553527832 0.52359288930892944336 0.55542993545532226563 0.55075061321258544922 0.54716455936431884766 0.54812669754028320313 0.55266386270523071289 0.56804668903350830078 0.58930057287216186523 0.6199677586555480957 0.65244984626770019531 0.67255574464797973633 0.68318265676498413086 0.69546049833297729492 0.70323389768600463867 0.70648097991943359375 0.6885617375373840332 -9999 -9999 -9999 -9999 -9999 -9999 -9999 -9999 -9999 1.0528728961944580078 1.0852347612380981445 1.1031867265701293945
-0.24760270118713378906 -0.23712883889675140381 -0.22111190855503082275 -0.18772237002849578857 -0.10228057205677032471 0.029069108888506889343 0.084051422774791717529 0.093825571238994598389 0.10861799120903015137 0.12302775681018829346 0.16778767108917236328 0.31747207045555114746 0.46815139055252075195 0.51878237724304199219 0.539730072021484375 0.5497010350227355957 0.55505824089050292969 0.55579072237014770508 0.55428194999694824219 0.54666161537170410156 0.54506540298461914063 0.55529874563217163086 0.57927495241165161133 0.60770088434219360352 0.62505161762237548828 0.63684839010238647461 0.65442872047424316406 0.66805130243301391602 0.678142547607421875 0.68241733312606811523 -9999 -9999 -9999 -9999 -9999 -9999 -9999 -9999 1.0230911970138549805 1.0464661121368408203 1.0729349851608276367 1.1274800300598144531
-0.25894027948379516602 -0.24870693683624267578 -0.19560509920120239258 -0.076631635427474975586 0.0085149705410003662109 0.066667869687080383301 0.075676709413528442383 0.098056666553020477295 0.15344350039958953857 0.21359714865684509277 0.29531079530715942383 0.42373040318489074707 0.49515604972839355469 0.51786398887634277344 0.52718985080718994141 0.53968638181686401367 0.55306839942932128906 0.56517130136489868164 0.57120633125305175781 0.56466835737228393555 0.544300079345703125 0.52899384498596191406 0.53682190179824829102 0.56131196022033691406 0.58166927099227905273 0.59443908929824829102 0.61303621530532836914 0.62991684675216674805 0.64377993345260620117 0.65646225214004516602 0.67533272504806518555 0.68345600366592407227 -9999 -9999 -9999 -9999 -9999 -9999 1.035817265510559082 1.05142974853515625 1.146853327751159668 1.2722336053848266602
-0.26932668685913085938 -0.24434465169906616211 -0.1031770855188369751 0.035147886723279953003 0.052957825362682342529 0.06451406329870223999 0.087735861539840698242 0.17657783627510070801 0.25766828656196594238 0.3301544189453125 0.41053420305252075195 0.4781551361083984375 0.49900448322296142578 0.50758689641952514648 0.51993030309677124023 0.534099578857421875 0.54835629463195800781 0.56032794713973999023 0.56612247228622436523 0.56557583808898925781 0.55219376087188720703 0.52809733152389526367 0.52127510309219360352 0.54250711202621459961 0.57229965925216674805 0.58824002742767333984 0.60553610324859619141 0.61970537900924682617 0.63455241918563842773 0.653903961181640625 0.6827672123908996582 0.73472106456756591797 0.77351152896881103516 -9999 -9999 -9999 -9999 1.0244359970092773438 1.0809271335601806641 1.1753339767456054688 1.3103024959564208984 1.40594482421875
-0.26706352829933166504 -0.17380459606647491455 -0.011711174622178077698 0.044189520180225372314 0.051230404525995254517 0.10165363550186157227 0.18151958286762237549 0.26711443066596984863 0.30961120128631591797 0.3542290031909942627 0.44051265716552734375 0.48069161176681518555 0.49270704388618469238 0.50049138069152832031 0.51338142156600952148 0.52833783626556396484 0.54308652877807617188 0.55376809835433959961 0.55875360965728759766 0.56002181768417358398 0.55141752958297729492 0.52509075403213500977 0.51044046878814697266 0.53073221445083618164 0.57000368833541870117 0.58909279108047485352 0.60552519559860229492 0.61637079715728759766 0.62904220819473266602 0.65143305063247680664 0.72689300775527954102 0.82067674398422241211 0.90638089179992675781 0.94072163105010986328 -9999 -9999 -9999 1.1026291847229003906 1.1697800159454345703 1.3311846256256103516 1.397843480110168457 1.4243342876434326172
-0.19284997880458831787 -0.062845058739185333252 0.024542825296521186829 0.058610212057828903198 0.10280160605907440186 0.19114066660404205322 0.26361587643623352051 0.28339377045631408691 0.31598517298698425293 0.38617536425590515137 0.45064759254455566406 0.47345393896102905273 0.48481336236000061035 0.49315530061721801758 0.50649362802505493164 0.52174520492553710938 0.53580510616302490234 0.54468274116516113281 0.54844373464584350586 0.54794079065322875977 0.53674536943435668945 0.51034206151962280273 0.50023990869522094727 0.52735388278961181641 0.57283538579940795898 0.59279912710189819336 0.60742753744125366211 0.61550706624984741211 0.62471270561218261719 0.65756654739379882813 0.78423684835433959961 0.89587426185607910156 0.92179650068283081055 0.93447887897491455078 0.94232881069183349609 -9999 1.2334541082382202148 1.2452290058135986328 1.3179447650909423828 1.3916115760803222656 1.4080877304077148438 1.4200594425201416016
-0.060713112354278564453 0.0018786086002364754677 0.041171997785568237305 0.13708765804767608643 0.22053964436054229736 0.26079514622688293457 0.27222016453742980957 0.27904239296913146973 0.34083601832389831543 0.41707217693328857422 0.44925907254219055176 0.46378910541534423828 0.47529068589210510254 0.48421204090118408203 0.49826103448867797852 0.51382970809936523438 0.52676349878311157227 0.53401207923889160156 0.53640645742416381836 0.53077590465545654297 0.51271450519561767578 0.49170118570327758789 0.49288195371627807617 0.52786773443222045898 0.57481426000595092773 0.59384870529174804688 0.60657477378845214844 0.61282849311828613281 0.62786144018173217773 0.70595622062683105469 0.83903330564498901367 0.90222632884979248047 0.91930377483367919922 0.94071066379547119141 0.99972730875015258789 1.1057997941970825195 1.3602993488311767578 1.3642024993896484375 1.3840677738189697266 1.3970562219619750977 1.4044798612594604492 1.4175666570663452148
0.011893283575773239136 0.050432290881872177124 0.094667419791221618652 0.22479259967803955078 0.27177193760871887207 0.27009916305541992188 0.26862320303916931152 0.29833924770355224609 0.37314316630363464355 0.41589140892028808594 0.43484932184219360352 0.45250621438026428223 0.46525412797927856445 0.47394591569900512695 0.48776528239250183105 0.50255769491195678711 0.51385158300399780273 0.51908850669860839844 0.51963514089584350586 0.50903010368347167969 0.48654079437255859375 0.47468936443328857422 0.48806047439575195313 0.52612936496734619141 0.56754374504089355469 0.5846430659294128418 0.59746754169464111328 0.60680437088012695313 0.65686678886413574219 0.79524642229080200195 0.88428521156311035156 0.91444951295852661133 0.96302503347396850586 1.0134701728820800781 1.1427534818649291992 1.1934063434600830078 1.3538597822189331055 1.3569428920745849609 1.3739438056945800781 1.3882223367691040039 1.3977231979370117188 1.4131059646606445313
0.075283117592334747314 0.15608930587768554688 0.19424565136432647705 0.24470168352127075195 0.2508023381233215332 0.25916612148284912109 0.27946880459785461426 0.33765450119972229004 0.38182401657104492188 0.40006035566329956055 0.41893079876899719238 0.4384244382381439209 0.45128169655799865723 0.45988601446151733398 0.47310405969619750977 0.48494455218315124512 0.49234622716903686523 0.49409553408622741699 0.49241185188293457031 0.47835192084312438965 0.45707622170448303223 0.45657330751419067383 0.48072439432144165039 0.51584136486053466797 0.54631179571151733398 0.56120258569717407227 0.57733976840972900391 0.60680437088012695313 0.7326984405517578125 0.87148261070251464844 0.93662172555923461914 0.99299252033233642578 1.1328371763229370117 1.1956913471221923828 1.2642415761947631836 1.2902294397354125977 1.3262101411819458008 1.3418334722518920898 1.3619720935821533203 1.3782404661178588867 1.389239192008972168 1.4056934118270874023
0.1835749894380569458 0.20659999549388885498 0.21778450906276702881 0.2268152087926864624 0.2357584536075592041 0.28272685408592224121 0.34037682414054870605 0.36377355456352233887 0.37463006377220153809 0.38871183991432189941 0.40690442919731140137 0.42538130283355712891 0.43789964914321899414 0.44841724634170532227 0.46130731701850891113 0.46894949674606323242 0.4688511192798614502 0.46465280652046203613 0.46179929375648498535 0.45025399327278137207 0.43654394149780273438 0.44593542814254760742 0.47361791133880615234 0.50390249490737915039 0.52786773443222045898 0.54180735349655151367 0.56154149770736694336 0.65134561061859130859 0.82014101743698120117 0.99152749776840209961 1.1500021219253540039 1.1915367841720581055 1.2441247701644897461 1.2665593624114990234 1.2776345014572143555 1.2943730354309082031 1.3198798894882202148 1.3342131376266479492 1.3533787727355957031 1.368706822395324707 1.3812470436096191406 1.3968923091888427734
0.18431843817234039307 0.18716102838516235352 0.19965751469135284424 0.21311609447002410889 0.24192468822002410889 0.3157227933406829834 0.35526764392852783203 0.3600781857967376709 0.36676919460296630859 0.37964835762977600098 0.39592766761779785156 0.41280829906463623047 0.42509704828262329102 0.44178086519241333008 0.45516294240951538086 0.45637649297714233398 0.44883269071578979492 0.44109210371971130371 0.43678447604179382324 0.42951399087905883789 0.42403653264045715332 0.43869775533676147461 0.46741887927055358887 0.49573549628257751465 0.51731735467910766602 0.5312023162841796875 0.57285726070404052734 0.73753088712692260742 0.95105338096618652344 1.1511281728744506836 1.2361108064651489258 1.2462457418441772461 1.2512421607971191406 1.2605680227279663086 1.2735236883163452148 1.2934546470642089844 1.3165124654769897461 1.3293588161468505859 1.3441840410232543945 1.3567788600921630859 1.3704015016555786133 1.3866916894912719727
0.15981747210025787354 0.16586345434188842773 0.18394671380519866943 0.2081196904182434082 0.25786507129669189453 0.3244692385196685791 0.34785503149032592773 0.35217359662055969238 0.35935661196708679199 0.37079256772994995117 0.38518047332763671875 0.40226882696151733398 0.41635060310363769531 0.43773564696311950684 0.45058199763298034668 0.44518104195594787598 0.43294697999954223633 0.4245503842830657959 0.42041769623756408691 0.41720336675643920898 0.41655832529067993164 0.42909854650497436523 0.45523947477340698242 0.48485711216926574707 0.50747758150100708008 0.54328334331512451172 0.67241358757019042969 0.93646866083145141602 1.1432344913482666016 1.2194160223007202148 1.2366683483123779297 1.2403091192245483398 1.2459943294525146484 1.2570147514343261719 1.2714464664459228516 1.2907323837280273438 1.3108491897583007813 1.3214870691299438477 1.3328464031219482422 1.3430360555648803711 1.356757044792175293 1.3751245737075805664
0.14444559812545776367 0.15288591384887695313 0.17441309988498687744 0.22420221567153930664 0.29301485419273376465 0.3329423367977142334 0.34171065688133239746 0.34835794568061828613 0.35615321993827819824 0.36667081713676452637 0.3778006434440612793 0.39380663633346557617 0.40924412012100219727 0.43358108401298522949 0.44652581214904785156 0.43676260113716125488 0.42207950353622436523 0.41389065980911254883 0.41076380014419555664 0.41047954559326171875 0.41172590851783752441 0.41912758350372314453 0.44731301069259643555 0.49170118570327758789 0.53613311052322387695 0.65269035100936889648 0.88175970315933227539 1.100781559944152832 1.2043831348419189453 1.2224553823471069336 1.2279437780380249023 1.2323936223983764648 1.2408448457717895508 1.2538114786148071289 1.2689646482467651367 1.2863154411315917969 1.3023214340209960938 1.3107069730758666992 1.3197158575057983398 1.3286590576171875 1.3434514999389648438 1.362715601921081543
0.1368799358606338501 0.1477473825216293335 0.18449337780475616455 0.26470917463302612305 0.31623664498329162598 0.33063548803329467773 0.33646279573440551758 0.33957871794700622559 -9999 -9999 0.37661987543106079102 0.38630658388137817383 0.40110993385314941406 0.4264418184757232666 0.44052356481552124023 0.42954680323600769043 0.41333308815956115723 0.40550500154495239258 0.40351518988609313965 0.40466317534446716309 0.40658739209175109863 0.41392347216606140137 0.48399338126182556152 0.60326206684112548828 0.72454237937927246094 0.89155566692352294922 1.0881428718566894531 1.1673309803009033203 1.1958006620407104492 1.2079035043716430664 1.2145071029663085938 1.2206405401229858398 1.2328855991363525391 1.2483886480331420898 1.2628092765808105469 1.2770441770553588867 1.2880209684371948242 1.2941324710845947266 1.3018293380737304688 1.3107944726943969727 1.3286700248718261719 1.3506454229354858398
0.13226617872714996338 0.15381522476673126221 0.22730720043182373047 0.3008975684642791748 0.31681609153747558594 0.32269808650016784668 0.33091974258422851563 -9999 -9999 -9999 0.37074884772300720215 0.37268400192260742188 0.38621911406517028809 0.40881773829460144043 0.4222653806209564209 0.41417491436004638672 0.40141606330871582031 0.39604791998863220215 0.39554500579833984375 0.3996448814868927002 0.41982731223106384277 0.46727675199508666992 0.61198663711547851563 0.83451795578002929688 1.0251903533935546875 1.0908761024475097656 1.1347504854202270508 1.1605962514877319336 1.1693645715713500977 1.1827574968338012695 1.1928486824035644531 1.2017810344696044922 1.2198096513748168945 1.2398281097412109375 1.2532100677490234375 1.263312220573425293 1.2696752548217773438 1.2730098962783813477 1.2784217596054077148 1.2869932651519775391 1.3066289424896240234 1.331272125244140625
0.1324192434549331665 0.18991616368293762207 0.27622166275978088379 0.30405721068382263184 0.30849605798721313477 -9999 -9999 -9999 -9999 -9999 0.35649213194847106934 0.35814303159713745117 0.36863875389099121094 0.38422930240631103516 0.39306318759918212891 0.39048299193382263184 0.38685321807861328125 0.38694068789482116699 0.38890862464904785156 0.40970331430435180664 0.51820290088653564453 0.64949792623519897461 0.75517678260803222656 0.93557214736938476563 1.0679277181625366211 1.0990978479385375977 1.1306178569793701172 1.1514562368392944336 1.1473890542984008789 1.1531289815902709961 1.1661174297332763672 1.1802648305892944336 1.2063510417938232422 1.2325794696807861328 1.2474155426025390625 1.2555170059204101563 1.2604477405548095703 1.2625250816345214844 1.266821742057800293 1.2737642526626586914 1.2876383066177368164 1.3119096755981445313
0.15561917424201965332 0.24057993292808532715 0.29090476036071777344 0.30123651027679443359 0.30659368634223937988 0.30896615982055664063 -9999 -9999 -9999 -9999 0.34927633404731750488 0.35050082206726074219 0.35764011740684509277 0.36768758296966552734 0.37438955903053283691 0.37962648272514343262 0.38139763474464416504 0.38267681002616882324 0.4285628199577331543 0.48396059870719909668 0.68118190765380859375 0.79102629423141479492 0.84686136245727539063 0.97268986701965332031 1.0573773384094238281 1.0864810943603515625 1.1214886903762817383 1.1408073902130126953 1.1285405158996582031 1.125391840934753418 1.1393642425537109375 1.1580051183700561523 1.190760493278503418 1.2223132848739624023 1.2407463788986206055 1.2498427629470825195 1.254860997200012207 1.2570585012435913086 1.2613333463668823242 1.2675433158874511719 1.2795040607452392578 1.3000910282135009766
0.21275530755519866943 0.26509183645248413086 0.29055491089820861816 0.29886403679847717285 0.30578464269638061523 0.30838671326637268066 -9999 -9999 -9999 -9999 0.3346697688102722168 0.3433615565299987793 0.34900298714637756348 0.35573774576187133789 0.36750173568725585938 0.36879181861877441406 -9999 -9999 0.61904937028884887695 0.66234427690505981445 0.77223235368728637695 0.83570969104766845703 0.93638122081756591797 1.0145524740219116211 1.049166560173034668 1.0738971233367919922 1.1079427003860473633 1.1228662729263305664 1.1088281869888305664 1.1063683032989501953 1.12169647216796875 1.1405887603759765625 1.1747872829437255859 1.2093576192855834961 1.2310160398483276367 1.2426159381866455078 1.2483996152877807617 1.251515507698059082 1.2569273710250854492 1.2627218961715698242 1.2738298177719116211 1.2905465364456176758
