INPUT/RASTER/ASCII_standard/BIO4.asc
ncols        225
nrows        269
xllcorner    473009.983799999987
yllcorner    4429051.174800000153
cellsize     50.000000000000
NODATA_value  -9999
[rows 171 to 189 of 269, columns 0 to 41 of 225]
-9999 -9999 -9999 -2.6294445991516113281 -2.6167294979095458984 -2.5477418899536132813 -2.4701936244964599609 -2.4336335659027099609 -2.4250948429107666016 -2.4159219264984130859 -2.4111661911010742188 -2.4198250770568847656 -2.4234876632690429688 -2.4097120761871337891 -2.3959035873413085938 -2.3712058067321777344 -2.3292119503021240234 -2.2767333984375 -2.2294478416442871094 -2.1905372142791748047 -2.1705405712127685547 -2.1207077503204345703 -1.9469707012176513672 -1.7730804681777954102 -1.7071323394775390625 -1.6790890693664550781 -1.6601748466491699219 -1.63976287841796875 -1.567232966423034668 -1.4878042936325073242 -1.4200193881988525391 -1.33412933349609375 -1.3066765069961547852 -1.2931303977966308594 -1.2724450826644897461 -1.2515411376953125 -1.23644256591796875 -1.2227433919906616211 -1.2116026878356933594 -1.1982096433639526367 -1.1827721595764160156 -1.1733042001724243164
-9999 -9999 -9999 -2.6254320144653320313 -2.615581512451171875 -2.5539407730102539063 -2.4765458106994628906 -2.4416911602020263672 -2.4340271949768066406 -2.4268004894256591797 -2.4264287948608398438 -2.4336881637573242188 -2.4279375076293945313 -2.4135167598724365234 -2.4013593196868896484 -2.3782467842102050781 -2.3348753452301025391 -2.2703702449798583984 -2.2044658660888671875 -2.1531679630279541016 -2.1146399974822998047 -1.9811474084854125977 -1.7926177978515625 -1.715496063232421875 -1.6893113851547241211 -1.6678279638290405273 -1.6494276523590087891 -1.5971348285675048828 -1.4793312549591064453 -1.3928289413452148438 -1.358531951904296875 -1.3300185203552246094 -1.3147013187408447266 -1.3007179498672485352 -1.2799233198165893555 -1.2582540512084960938 -1.2467743158340454102 -1.2374484539031982422 -1.2274228334426879883 -1.2129037380218505859 -1.2002213001251220703 -1.1994341611862182617
-9999 -9999 -9999 -2.6263177394866943359 -2.5934200286865234375 -2.5269253253936767578 -2.4701063632965087891 -2.4495303630828857422 -2.4440965652465820313 -2.4358530044555664063 -2.4340817928314208984 -2.4374711513519287109 -2.4265160560607910156 -2.4077441692352294922 -2.3905136585235595703 -2.3559105396270751953 -2.3023166656494140625 -2.2366089820861816406 -2.1707921028137207031 -2.1033680438995361328 -2.0122957229614257813 -1.8348631858825683594 -1.7288999557495117188 -1.7017204761505126953 -1.6775584220886230469 -1.635903477668762207 -1.602196812629699707 -1.5131800174713134766 -1.41949462890625 -1.3780255317687988281 -1.3573402166366577148 -1.3389399051666259766 -1.3262466192245483398 -1.3131926059722900391 -1.2988046407699584961 -1.2801747322082519531 -1.2756594419479370117 -1.2741943597793579102 -1.267722010612487793 -1.2556409835815429688 -1.2525796890258789063 -1.267536163330078125
-9999 -9999 -9999 -2.6073160171508789063 -2.5572972297668457031 -2.5025446414947509766 -2.4686193466186523438 -2.4587576389312744141 -2.4536519050598144531 -2.4458785057067871094 -2.4454631805419921875 -2.4438560009002685547 -2.4256305694580078125 -2.4008781909942626953 -2.3781483173370361328 -2.3336508274078369141 -2.2727427482604980469 -2.2091343402862548828 -2.1397640705108642578 -1.9939500093460083008 -1.8566964864730834961 -1.7598514556884765625 -1.7196725606918334961 -1.6953136920928955078 -1.6366688013076782227 -1.5343353748321533203 -1.4925165176391601563 -1.4411530494689941406 -1.4044507741928100586 -1.3861597776412963867 -1.3702630996704101563 -1.3571106195449829102 -1.3498183488845825195 -1.3462760448455810547 -1.3468117713928222656 -1.3391804695129394531 -1.3447999954223632813 -1.3515238761901855469 -1.3485063314437866211 -1.3412796258926391602 -1.346593022346496582 -1.3685575723648071289
-2.7899854183197021484 -2.7293834686279296875 -2.6646380424499511719 -2.5891561508178710938 -2.5374865531921386719 -2.4979526996612548828 -2.4767754077911376953 -2.4704887866973876953 -2.4628138542175292969 -2.4555871486663818359 -2.4581017494201660156 -2.4531600475311279297 -2.4272923469543457031 -2.3973250389099121094 -2.3707685470581054688 -2.3215699195861816406 -2.2623782157897949219 -2.202060699462890625 -2.1061012744903564453 -1.9079396724700927734 -1.7839369773864746094 -1.7491589784622192383 -1.7169719934463500977 -1.6694241762161254883 -1.5569449663162231445 -1.4556829929351806641 -1.4333031177520751953 -1.4255843162536621094 -1.4145857095718383789 -1.402296900749206543 -1.3911561965942382813 -1.3882589340209960938 -1.3932662010192871094 -1.4076431989669799805 -1.4234851598739624023 -1.4280115365982055664 -1.4409015178680419922 -1.4500962495803833008 -1.4475269317626953125 -1.4432412385940551758 -1.4481283426284790039 -1.4614119529724121094
-2.7446351051330566406 -2.6731438636779785156 -2.6282746791839599609 -2.5725162029266357422 -2.5318124294281005859 -2.5048186779022216797 -2.4899497032165527344 -2.4835102558135986328 -2.4728395938873291016 -2.4685208797454833984 -2.4741623401641845703 -2.4657549858093261719 -2.4325511455535888672 -2.3976092338562011719 -2.3682320117950439453 -2.3161470890045166016 -2.2577097415924072266 -2.18296051025390625 -2.0142636299133300781 -1.8390395641326904297 -1.7797168493270874023 -1.7445889711380004883 -1.6850256919860839844 -1.5975066423416137695 -1.4884930849075317383 -1.4514300823211669922 -1.4462150335311889648 -1.4439080953598022461 -1.4415575265884399414 -1.4371623992919921875 -1.4327454566955566406 -1.4411748647689819336 -1.458317875862121582 -1.4876731634140014648 -1.5135189294815063477 -1.5250532627105712891 -1.537199854850769043 -1.5436394214630126953 -1.5410810708999633789 -1.5357348918914794922 -1.5340511798858642578 -1.5316131114959716797
-2.6402573585510253906 -2.6132199764251708984 -2.5887408256530761719 -2.5598993301391601563 -2.5346877574920654297 -2.5168013572692871094 -2.5046327114105224609 -2.4967391490936279297 -2.4872493743896484375 -2.4924206733703613281 -2.5017027854919433594 -2.4859044551849365234 -2.4419426918029785156 -2.40077972412109375 -2.3679807186126708984 -2.3104290962219238281 -2.2403810024261474609 -2.0945231914520263672 -1.8650711774826049805 -1.7613055706024169922 -1.7274677753448486328 -1.6858783960342407227 -1.5711579322814941406 -1.4984203577041625977 -1.4691853523254394531 -1.4666051864624023438 -1.4697757959365844727 -1.4842619895935058594 -1.5058876276016235352 -1.5174001455307006836 -1.5234242677688598633 -1.5393974781036376953 -1.5593720674514770508 -1.5902032852172851563 -1.6183122396469116211 -1.6325252056121826172 -1.6366906166076660156 -1.6348538398742675781 -1.6301199197769165039 -1.62115478515625 -1.6092923879623413086 -1.5851522684097290039
-9999 -2.5988101959228515625 -2.5835912227630615234 -2.566448211669921875 -2.5464844703674316406 -2.5323808193206787109 -2.5227270126342773438 -2.5170528888702392578 -2.5123953819274902344 -2.5234594345092773438 -2.536907196044921875 -2.5134229660034179688 -2.4520995616912841797 -2.4006595611572265625 -2.3644382953643798828 -2.2991242408752441406 -2.1653692722320556641 -1.9222947359085083008 -1.7587581872940063477 -1.6369093656539916992 -1.573880314826965332 -1.5417590141296386719 -1.4961463212966918945 -1.4740177392959594727 -1.4700053930282592773 -1.4742692708969116211 -1.4857270717620849609 -1.5156180858612060547 -1.5498385429382324219 -1.5715405941009521484 -1.5901705026626586914 -1.6098500490188598633 -1.6266978979110717773 -1.6527403593063354492 -1.6802916526794433594 -1.6911700963973999023 -1.6862720251083374023 -1.6773725748062133789 -1.6700583696365356445 -1.6546864509582519531 -1.6258122920989990234 -1.5737928152084350586
-9999 -9999 -9999 -2.5681428909301757813 -2.5550780296325683594 -2.5418817996978759766 -2.5344035625457763672 -2.5320746898651123047 -2.5335288047790527344 -2.5470311641693115234 -2.5548810958862304688 -2.5245308876037597656 -2.4543626308441162109 -2.3957068920135498047 -2.3588404655456542969 -2.2575020790100097656 -2.0130717754364013672 -1.7746657133102416992 -1.65314483642578125 -1.5592409372329711914 -1.5279833078384399414 -1.5022687911987304688 -1.4803917407989501953 -1.4702240228652954102 -1.4687261581420898438 -1.4757124185562133789 -1.4934676885604858398 -1.5299403667449951172 -1.5670908689498901367 -1.5983812808990478516 -1.6291468143463134766 -1.6521936655044555664 -1.6668877601623535156 -1.6882836818695068359 -1.7103465795516967773 -1.7140091657638549805 -1.7042459249496459961 -1.6923289299011230469 -1.6824235916137695313 -1.6593111753463745117 -1.6044381856918334961 -1.5274257659912109375
-9999 -9999 -9999 -2.5605881214141845703 -2.5560729503631591797 -2.5471622943878173828 -2.5422534942626953125 -2.5420019626617431641 -2.5476653575897216797 -2.5606536865234375 -2.5596587657928466797 -2.5256571769714355469 -2.4537723064422607422 -2.39302825927734375 -2.3521494865417480469 -2.1915757656097412109 -1.8812958002090454102 -1.657332301139831543 -1.5748095512390136719 -1.5363907814025878906 -1.5189526081085205078 -1.4957964420318603516 -1.4757561683654785156 -1.4658179283142089844 -1.4646700620651245117 -1.472563624382019043 -1.4921448230743408203 -1.5321925878524780273 -1.5742300748825073242 -1.6153712272644042969 -1.6536915302276611328 -1.6805977821350097656 -1.6956635713577270508 -1.7140747308731079102 -1.7285064458847045898 -1.7261449098587036133 -1.7155835628509521484 -1.7032839059829711914 -1.6914324760437011719 -1.6548722982406616211 -1.5706112384796142578 -1.4890397787094116211
-9999 -9999 -9999 -9999 -2.5516667366027832031 -2.5499830245971679688 -2.5495021343231201172 -2.5521807670593261719 -2.5594074726104736328 -2.5689957141876220703 -2.5612659454345703125 -2.5249245166778564453 -2.4540238380432128906 -2.3908963203430175781 -2.3132824897766113281 -2.0879087448120117188 -1.7709813117980957031 -1.6015955209732055664 -1.5505163669586181641 -1.5283877849578857422 -1.5134861469268798828 -1.4911279678344726563 -1.4715141057968139648 -1.4608434438705444336 -1.4588755369186401367 -1.4666597843170166016 -1.4855849742889404297 -1.528059840202331543 -1.5780457258224487305 -1.6276271343231201172 -1.6713484525680541992 -1.7022124528884887695 -1.7185683250427246094 -1.7350225448608398438 -1.7429270744323730469 -1.7357878684997558594 -1.7261121273040771484 -1.7138452529907226563 -1.6976532936096191406 -1.6395332813262939453 -1.5396051406860351563 -1.4622319936752319336
-9999 -9999 -9999 -9999 -2.5519511699676513672 -2.5504970550537109375 -2.5513715744018554688 -2.5599648952484130859 -2.5682084560394287109 -2.5752930641174316406 -2.5621516704559326172 -2.5134558677673339844 -2.4280467033386230469 -2.3239095211029052734 -2.1486308574676513672 -1.8787266016006469727 -1.6763885021209716797 -1.5810523033142089844 -1.540009617805480957 -1.5193243026733398438 -1.5057892799377441406 -1.4832671880722045898 -1.4633690118789672852 -1.4517252445220947266 -1.4501072168350219727 -1.4614557027816772461 -1.4843822717666625977 -1.5341932773590087891 -1.5922040939331054688 -1.6458197832107543945 -1.6896722316741943359 -1.7203284502029418945 -1.7366297245025634766 -1.7517173290252685547 -1.7561780214309692383 -1.744818568229675293 -1.7317972183227539063 -1.7103028297424316406 -1.6795810461044311523 -1.6135782003402709961 -1.5230524539947509766 -1.4414809942245483398
-9999 -9999 -9999 -9999 -9999 -9999 -9999 -9999 -9999 -2.5756211280822753906 -2.5612769126892089844 -2.4653830528259277344 -2.3013873100280761719 -2.0710060596466064453 -1.8993462324142456055 -1.7369248867034912109 -1.6442235708236694336 -1.5704035758972167969 -1.5248236656188964844 -1.5019844770431518555 -1.4897067546844482422 -1.4696773290634155273 -1.4487076997756958008 -1.4331718683242797852 -1.4379606246948242188 -1.4702677726745605469 -1.5127863883972167969 -1.5756841897964477539 -1.6362861394882202148 -1.6858347654342651367 -1.716370701789855957 -1.7343009710311889648 -1.7469285726547241211 -1.7628034353256225586 -1.7677341699600219727 -1.7517609596252441406 -1.7196506261825561523 -1.6809804439544677734 -1.6444422006607055664 -1.6009176969528198242 -1.5227792263031005859 -1.4382666349411010742
-9999 -9999 -9999 -9999 -9999 -9999 -9999 -9999 -9999 -2.5756211280822753906 -2.5603694915771484375 -2.4231488704681396484 -2.1492540836334228516 -1.8506286144256591797 -1.7994837760925292969 -1.7295997142791748047 -1.644879460334777832 -1.5673860311508178711 -1.512961268424987793 -1.4866344928741455078 -1.4761496782302856445 -1.4607450962066650391 -1.4380807876586914063 -1.4173299074172973633 -1.4297935962677001953 -1.4851803779602050781 -1.5483624935150146484 -1.6251780986785888672 -1.688261866569519043 -1.7313599586486816406 -1.7445889711380004883 -1.7477704286575317383 -1.7558171749114990234 -1.7721292972564697266 -1.7751576900482177734 -1.7435284852981567383 -1.6939251422882080078 -1.6584036350250244141 -1.6374449729919433594 -1.599015355110168457 -1.5306072235107421875 -1.4544585943222045898
-9999 -9999 -9999 -9999 -9999 -9999 -9999 -9999 -9999 -9999 -9999 -9999 -1.8431503772735595703 -1.8378697633743286133 -1.7893925905227661133 -1.7343883514404296875 -1.6520843505859375 -1.5716280937194824219 -1.5121194124221801758 -1.4847868680953979492 -1.4737116098403930664 -1.4586787223815917969 -1.4379606246948242188 -1.4178109169006347656 -1.4331390857696533203 -1.4968241453170776367 -1.5668503046035766602 -1.6510676145553588867 -1.7178248167037963867 -1.7586051225662231445 -1.7661051750183105469 -1.7673406600952148438 -1.7731022834777832031 -1.7836855649948120117 -1.76976776123046875 -1.7174749374389648438 -1.6803244352340698242 -1.6538993120193481445 -1.6332030296325683594 -1.5983812808990478516 -1.5420322418212890625 -1.476761937141418457
-9999 -9999 -9999 -9999 -9999 -9999 -9999 -9999 -9999 -9999 -9999 -9999 -9999 -9999 -1.7748407125473022461 -1.7241768836975097656 -1.6619788408279418945 -1.582331538200378418 -1.5227135419845581055 -1.4962118864059448242 -1.4798341989517211914 -1.4581539630889892578 -1.4365938901901245117 -1.4205005168914794922 -1.4384962320327758789 -1.5088614225387573242 -1.5803854465484619141 -1.663126826286315918 -1.7288999557495117188 -1.7696912288665771484 -1.7802306413650512695 -1.7865828275680541992 -1.7916666269302368164 -1.7886272668838500977 -1.7475627660751342773 -1.699151158332824707 -1.671588897705078125 -1.6475908756256103516 -1.6297810077667236328 -1.6021094322204589844 -1.5588473081588745117 -1.5009021759033203125
-9999 -9999 -9999 -9999 -9999 -9999 -9999 -9999 -9999 -9999 -9999 -9999 -9999 -9999 -9999 -1.7241550683975219727 -1.6715342998504638672 -1.5954293012619018555 -1.538949131965637207 -1.5132673978805541992 -1.4910842180252075195 -1.4616852998733520508 -1.4375450611114501953 -1.4248627424240112305 -1.4432959556579589844 -1.5115509033203125 -1.5794123411178588867 -1.6555829048156738281 -1.7177482843399047852 -1.7603981494903564453 -1.7761526107788085938 -1.7886272668838500977 -1.7922351360321044922 -1.7698770761489868164 -1.7287468910217285156 -1.6936955451965332031 -1.6638702154159545898 -1.6426163911819458008 -1.6299558877944946289 -1.6083849668502807617 -1.5712891817092895508 -1.5163942575454711914
-9999 -9999 -9999 -9999 -9999 -9999 -9999 -9999 -9999 -9999 -9999 -9999 -9999 -9999 -9999 -1.7250406742095947266 -1.6789468526840209961 -1.6077836751937866211 -1.5549442768096923828 -1.5295795202255249023 -1.5040398836135864258 -1.4709236621856689453 -1.4460837841033935547 -1.43320465087890625 -1.4450560808181762695 -1.4960916042327880859 -1.5556329488754272461 -1.6260199546813964844 -1.6862064599990844727 -1.7288125753402709961 -1.7452230453491210938 -1.7563201189041137695 -1.7566808462142944336 -1.7378870248794555664 -1.7225698232650756836 -1.6938048601150512695 -1.6613008975982666016 -1.6439064741134643555 -1.6362314224243164063 -1.6178201436996459961 -1.5805385112762451172 -1.5268681049346923828
-9999 -9999 -9999 -9999 -9999 -9999 -9999 -9999 -9999 -9999 -9999 -9999 -9999 -9999 -9999 -1.7444359064102172852 -1.6948544979095458984 -1.6237131357192993164 -1.5717920064926147461 -1.5462852716445922852 -1.5204395055770874023 -1.4870827198028564453 -1.4597719907760620117 -1.4407703876495361328 -1.4349758625030517578 -1.4547537565231323242 -1.5018423795700073242 -1.5717374086380004883 -1.636067509651184082 -1.6769461631774902344 -1.6877917051315307617 -1.6911371946334838867 -1.6976532936096191406 -1.7077008485794067383 -1.717595219612121582 -1.6971067190170288086 -1.6661334037780761719 -1.652958989143371582 -1.6485420465469360352 -1.6307758092880249023 -1.59340667724609375 -1.5422509908676147461
