INPUT/RASTER/ASCII_standard/BIO7.asc
ncols        225
nrows        269
xllcorner    473009.983799999987
yllcorner    4429051.174800000153
cellsize     50.000000000000
NODATA_value  -9999
[rows 126 to 143 of 269, columns 42 to 83 of 225]
-1.6679381132125854492 -1.6631822586059570313 -1.6676195859909057617 -1.7093306779861450195 -1.7545619010925292969 -1.7959375381469726563 -1.8100945949554443359 -1.807177424430847168 -1.8040181398391723633 -1.7999460697174072266 -1.7959078550338745117 -1.7826721668243408203 -1.7567487955093383789 -1.7229611873626708984 -1.6867448091506958008 -1.6361166238784790039 -1.5843546390533447266 -1.4796884059906005859 -1.3618035316467285156 -1.3348695039749145508 -1.3479650020599365234 -1.3717228174209594727 -1.3915274143218994141 -1.391629338264465332 -1.3763384819030761719 -1.3458248376846313477 -1.2926446199417114258 -1.2272733449935913086 -1.1839529275894165039 -1.1557238101959228516 -1.1142674684524536133 -1.0657241344451904297 -1.0424504280090332031 -1.0448665618896484375 -1.0489599704742431641 -1.046773076057434082 -1.0325311422348022461 -0.90263783931732177734 -0.60977292060852050781 -0.46536588668823242188 -0.45861858129501342773 -0.46023640036582946777
-1.678400874137878418 -1.6685622930526733398 -1.6600655317306518555 -1.671955108642578125 -1.7041248083114624023 -1.7718951702117919922 -1.7966339588165283203 -1.7966976165771484375 -1.7915426492691040039 -1.7866636514663696289 -1.7826807498931884766 -1.7724556922912597656 -1.7536829710006713867 -1.7222138643264770508 -1.6820611953735351563 -1.6250847578048706055 -1.5861295461654663086 -1.5496796369552612305 -1.4354550838470458984 -1.3601305484771728516 -1.3487632274627685547 -1.3599989414215087891 -1.3777865171432495117 -1.3800030946731567383 -1.367034912109375 -1.3390011787414550781 -1.2872052192687988281 -1.2173880338668823242 -1.1691461801528930664 -1.1411930322647094727 -1.1022548675537109375 -1.059346318244934082 -1.0392869710922241211 -1.0432401895523071289 -1.0528495311737060547 -1.026917576789855957 -0.93984365463256835938 -0.66747117042541503906 -0.46353998780250549316 -0.44578209519386291504 -0.4529158174991607666 -0.45227465033531188965
-1.7005239725112915039 -1.686566472053527832 -1.6746515035629272461 -1.6665283441543579102 -1.6656578779220581055 -1.704320073127746582 -1.7452329397201538086 -1.7742391824722290039 -1.7750756740570068359 -1.7682731151580810547 -1.7629101276397705078 -1.7544260025024414063 -1.7435131072998046875 -1.7228806018829345703 -1.6865707635879516602 -1.623076319694519043 -1.5775648355484008789 -1.5619895458221435547 -1.5333867073059082031 -1.472830653190612793 -1.3859096765518188477 -1.3448227643966674805 -1.3456720113754272461 -1.3472388982772827148 -1.3413662910461425781 -1.3213961124420166016 -1.2798761129379272461 -1.2163902521133422852 -1.1691461801528930664 -1.1372907161712646484 -1.0917792320251464844 -1.0537284612655639648 -1.0375798940658569336 -1.0304164886474609375 -1.0003699064254760742 -0.85352128744125366211 -0.65905082225799560547 -0.48820653557777404785 -0.4309711158275604248 -0.43189257383346557617 -0.43671631813049316406 -0.43572270870208740234
-1.7174155712127685547 -1.7067192792892456055 -1.6898149251937866211 -1.6745792627334594727 -1.6646896600723266602 -1.6643117666244506836 -1.6851058006286621094 -1.7288125753402709961 -1.7534282207489013672 -1.7510842084884643555 -1.7458655834197998047 -1.7379633188247680664 -1.7295938730239868164 -1.7155599594116210938 -1.6817640066146850586 -1.6227917671203613281 -1.5821549892425537109 -1.5669703483581542969 -1.5708854198455810547 -1.5603590011596679688 -1.4646778106689453125 -1.3487123250961303711 -1.3104832172393798828 -1.3103005886077880859 -1.3122199773788452148 -1.3021349906921386719 -1.2706787586212158203 -1.2200376987457275391 -1.1806111335754394531 -1.146386265754699707 -1.097630620002746582 -1.056531071662902832 -1.0315629243850708008 -0.94794553518295288086 -0.74553447961807250977 -0.56748855113983154297 -0.46237227320671081543 -0.43739998340606689453 -0.42500513792037963867 -0.41984590888023376465 -0.41885229945182800293 -0.4166399836540222168
-1.7221714258193969727 -1.7175133228302001953 -1.701708674430847168 -1.6848127841949462891 -1.6712077856063842773 -1.6614965200424194336 -1.6539211273193359375 -1.6713435649871826172 -1.7137850522994995117 -1.7348550558090209961 -1.7340524196624755859 -1.7263029813766479492 -1.7159506082534790039 -1.6988722085952758789 -1.6642524003982543945 -1.6166347265243530273 -1.589033961296081543 -1.5814756155014038086 -1.5773568153381347656 -1.5647368431091308594 -1.5255141258239746094 -1.4083468914031982422 -1.3032432794570922852 -1.2876127958297729492 -1.2907550334930419922 -1.2830268144607543945 -1.2534728050231933594 -1.2159018516540527344 -1.1879996061325073242 -1.1543480157852172852 -1.1102844476699829102 -1.0666031837463378906 -0.97093480825424194336 -0.72735202312469482422 -0.49850374460220336914 -0.43554010987281799316 -0.43250828981399536133 -0.43031719326972961426 -0.42361235618591308594 -0.41379499435424804688 -0.40399885177612304688 -0.3985424041748046875
-1.7213433980941772461 -1.7203965187072753906 -1.7090590000152587891 -1.6945325136184692383 -1.6836789846420288086 -1.6689401865005493164 -1.6455814838409423828 -1.6354498863220214844 -1.6604264974594116211 -1.7062479257583618164 -1.7207489013671875 -1.7170461416244506836 -1.7053350210189819336 -1.6837172508239746094 -1.6479042768478393555 -1.6076538562774658203 -1.5884054899215698242 -1.5885032415390014648 -1.5842314958572387695 -1.5524524450302124023 -1.5235947370529174805 -1.4780663251876831055 -1.3656761646270751953 -1.3093876838684082031 -1.2761521339416503906 -1.2585598230361938477 -1.2283391952514648438 -1.1945983171463012695 -1.1723946332931518555 -1.1469085216522216797 -1.1140679121017456055 -1.0474015474319458008 -0.79192495346069335938 -0.50572663545608520508 -0.42061024904251098633 -0.4193236231803894043 -0.42677158117294311523 -0.42686498165130615234 -0.42263996601104736328 -0.41224509477615356445 -0.39713263511657714844 -0.38866558670997619629
-1.7149442434310913086 -1.7151863574981689453 -1.7078148126602172852 -1.696341395378112793 -1.6907575130462646484 -1.6758362054824829102 -1.6464138031005859375 -1.6253522634506225586 -1.6236962080001831055 -1.6602990627288818359 -1.6894072294235229492 -1.7053010463714599609 -1.6985367536544799805 -1.6766982078552246094 -1.6401590108871459961 -1.5985838174819946289 -1.5793821811676025391 -1.5854331254959106445 -1.5859639644622802734 -1.54201507568359375 -1.5028178691864013672 -1.4967031478881835938 -1.4613063335418701172 -1.3893194198608398438 -1.2886362075805664063 -1.2386872768402099609 -1.2020462751388549805 -1.1690528392791748047 -1.1498596668243408203 -1.1290147304534912109 -1.0934013128280639648 -0.93094772100448608398 -0.57898747920989990234 -0.42380341887474060059 -0.41171431541442871094 -0.41521748900413513184 -0.42155715823173522949 -0.42314100265502929688 -0.42115375399589538574 -0.41192662715911865234 -0.39700525999069213867 -0.38739594817161560059
-1.7037341594696044922 -1.7023499011993408203 -1.6976747512817382813 -1.6901376247406005859 -1.6876025199890136719 -1.6765495538711547852 -1.6502311229705810547 -1.6253522634506225586 -1.6109616756439208984 -1.6124097108840942383 -1.6344562768936157227 -1.6788085699081420898 -1.6886088848114013672 -1.6733776330947875977 -1.6387790441513061523 -1.5923036336898803711 -1.5680277347564697266 -1.5759087800979614258 -1.5774161815643310547 -1.5306563377380371094 -1.4918539524078369141 -1.4892510175704956055 -1.4920322895050048828 -1.455565333366394043 -1.3476592302322387695 -1.2546235322952270508 -1.1833075284957885742 -1.1446282863616943359 -1.125855565071105957 -1.0682252645492553711 -0.96049320697784423828 -0.69389140605926513672 -0.45834681391716003418 -0.41588839888572692871 -0.41103914380073547363 -0.4108905494213104248 -0.41397756338119506836 -0.41765484213829040527 -0.41747650504112243652 -0.41085657477378845215 -0.3982111811637878418 -0.38957002758979797363
-1.6799380779266357422 -1.6760442256927490234 -1.6758786439895629883 -1.6756280660629272461 -1.6776026487350463867 -1.6750887632369995117 -1.659279942512512207 -1.6380995512008666992 -1.6177897453308105469 -1.5982143878936767578 -1.595751643180847168 -1.6217048168182373047 -1.6505284309387207031 -1.6612757444381713867 -1.6388299465179443359 -1.5916624069213867188 -1.5618536472320556641 -1.5565967559814453125 -1.545628666877746582 -1.5121552944183349609 -1.4902743101119995117 -1.4802361726760864258 -1.4740875959396362305 -1.457650303840637207 -1.4243978261947631836 -1.3451879024505615234 -1.1966748237609863281 -1.108118891716003418 -1.0456860065460205078 -0.85479092597961425781 -0.59778994321823120117 -0.48026177287101745605 -0.43951886892318725586 -0.42789682745933532715 -0.41962936520576477051 -0.41076740622520446777 -0.4043597877025604248 -0.40572282671928405762 -0.40495851635932922363 -0.40276318788528442383 -0.39630460739135742188 -0.39126428961753845215
-1.6425582170486450195 -1.6437556743621826172 -1.6520698070526123047 -1.6597385406494140625 -1.6677979230880737305 -1.673258662223815918 -1.6676621437072753906 -1.6545495986938476563 -1.6337513923645019531 -1.6039893627166748047 -1.5860191583633422852 -1.5713483095169067383 -1.5787452459335327148 -1.6193566322326660156 -1.628239750862121582 -1.5895987749099731445 -1.5547454357147216797 -1.5232635736465454102 -1.4874421358108520508 -1.4796247482299804688 -1.4880578517913818359 -1.4847669601440429688 -1.4724994897842407227 -1.4411365985870361328 -1.409586787223815918 -1.3903384208679199219 -1.2600460052490234375 -1.0155333280563354492 -0.78610330820083618164 -0.57679212093353271484 -0.4498882591724395752 -0.44295409321784973145 -0.44623646140098571777 -0.43678003549575805664 -0.42972272634506225586 -0.4218756258487701416 -0.40762090682983398438 -0.39790970087051391602 -0.39135771989822387695 -0.38886091113090515137 -0.39037683606147766113 -0.3886146247386932373
-1.6220571994781494141 -1.6321675777435302734 -1.6474710702896118164 -1.658320307731628418 -1.6647449731826782227 -1.6699253320693969727 -1.6649317741394042969 -1.6537767648696899414 -1.6345412731170654297 -1.6074882745742797852 -1.5897388458251953125 -1.5684268474578857422 -1.5542230606079101563 -1.5672464370727539063 -1.5987452268600463867 -1.5797176361083984375 -1.5425416231155395508 -1.4982955455780029297 -1.4556077718734741211 -1.4626438617706298828 -1.4873316287994384766 -1.4922361373901367188 -1.4789198637008666992 -1.4336843490600585938 -1.3821389675140380859 -1.3547589778900146484 -1.2499229907989501953 -0.82993328571319580078 -0.505756378173828125 -0.44228318333625793457 -0.42909851670265197754 -0.44535323977470397949 -0.45197317004203796387 -0.44216004014015197754 -0.4304955601692199707 -0.4250475764274597168 -0.4144191741943359375 -0.3952770233154296875 -0.38047453761100769043 -0.37746393680572509766 -0.38426220417022705078 -0.38778659701347351074
-1.6119680404663085938 -1.6279850006103515625 -1.6466176509857177734 -1.6570124626159667969 -1.6607067584991455078 -1.6619806289672851563 -1.6547194719314575195 -1.6426175832748413086 -1.6249574422836303711 -1.6013354063034057617 -1.5873864889144897461 -1.5697984695434570313 -1.5496753454208374023 -1.5361212491989135742 -1.550384521484375 -1.5575734376907348633 -1.5309833288192749023 -1.483425140380859375 -1.4371280670166015625 -1.4432766437530517578 -1.4765121936798095703 -1.4902615547180175781 -1.4799516201019287109 -1.4346567392349243164 -1.377179265022277832 -1.3125680685043334961 -1.0744374990463256836 -0.7081928253173828125 -0.53199827671051025391 -0.46224063634872436523 -0.43659743666648864746 -0.45323854684829711914 -0.45574384927749633789 -0.44468656182289123535 -0.43234691023826599121 -0.42385438084602355957 -0.41463997960090637207 -0.39752328395843505859 -0.37804567813873291016 -0.37538325786590576172 -0.38378238677978515625 -0.39036408066749572754
-1.6073311567306518555 -1.6252291202545166016 -1.6449530124664306641 -1.6532927751541137695 -1.6548765897750854492 -1.6495093107223510742 -1.6375772953033447266 -1.6225200891494750977 -1.6046092510223388672 -1.5859384536743164063 -1.5776243209838867188 -1.5684608221054077148 -1.5507793426513671875 -1.5259939432144165039 -1.5072891712188720703 -1.507709503173828125 -1.5038028955459594727 -1.4668562412261962891 -1.4186483621597290039 -1.4141515493392944336 -1.4511831998825073242 -1.4739007949829101563 -1.4697946310043334961 -1.4359390735626220703 -1.3700498342514038086 -1.1849126815795898438 -0.84531325101852416992 -0.67336499691009521484 -0.63319528102874755859 -0.55807036161422729492 -0.47902610898017883301 -0.46322575211524963379 -0.45721304416656494141 -0.44292011857032775879 -0.42987135052680969238 -0.42005398869514465332 -0.41075465083122253418 -0.4013576805591583252 -0.38189703226089477539 -0.37733229994773864746 -0.38521337509155273438 -0.39198616147041320801
-1.6102101802825927734 -1.6242822408676147461 -1.6407577991485595703 -1.6456197500228881836 -1.6425539255142211914 -1.630770564079284668 -1.6157811880111694336 -1.5991655588150024414 -1.5804523229598999023 -1.5644396543502807617 -1.5607750415802001953 -1.5607624053955078125 -1.550057530403137207 -1.5253739356994628906 -1.4920790195465087891 -1.4570982456207275391 -1.4444231986999511719 -1.4273871183395385742 -1.3941346406936645508 -1.3878204822540283203 -1.4194253683090209961 -1.4469412565231323242 -1.4434082508087158203 -1.3787206411361694336 -1.2411544322967529297 -0.95793271064758300781 -0.72043061256408691406 -0.66263467073440551758 -0.66458791494369506836 -0.65202325582504272461 -0.57396411895751953125 -0.50697505474090576172 -0.46249115467071533203 -0.43790104985237121582 -0.42251256108283996582 -0.41270369291305541992 -0.40427911281585693359 -0.39714962244033813477 -0.38124310970306396484 -0.3769543766975402832 -0.38435137271881103516 -0.39072501659393310547
-1.6127111911773681641 -1.6237812042236328125 -1.6317853927612304688 -1.6307535171508789063 -1.6195094585418701172 -1.6036666631698608398 -1.5898195505142211914 -1.5756157636642456055 -1.5595777034759521484 -1.5460193157196044922 -1.543543696403503418 -1.546057581901550293 -1.5414205789566040039 -1.5259472131729125977 -1.4979813098907470703 -1.4565589427947998047 -1.4162491559982299805 -1.3728226423263549805 -1.3490010499954223633 -1.3665509223937988281 -1.3927121162414550781 -1.4117269515991210938 -1.3719606399536132813 -1.1628787517547607422 -0.95079052448272705078 -0.78942817449569702148 -0.69236701726913452148 -0.65349245071411132813 -0.66471958160400390625 -0.68854534626007080078 -0.67536497116088867188 -0.61820596456527709961 -0.49429568648338317871 -0.43213886022567749023 -0.41164636611938476563 -0.39897552132606506348 -0.38749361038208007813 -0.37965500354766845703 -0.3714682161808013916 -0.37459346652030944824 -0.38265287876129150391 -0.38827493786811828613
-1.6021337509155273438 -1.6142356395721435547 -1.616545557975769043 -1.6119638681411743164 -1.5981676578521728516 -1.5799045562744140625 -1.5676922798156738281 -1.5577219724655151367 -1.5451105833053588867 -1.5341085195541381836 -1.5310937166213989258 -1.5304737091064453125 -1.5279047489166259766 -1.5219388008117675781 -1.506444096565246582 -1.481238245964050293 -1.4408180713653564453 -1.361141204833984375 -1.2997995615005493164 -1.3222962617874145508 -1.3638162612915039063 -1.335506439208984375 -1.1972565650939941406 -0.89492237567901611328 -0.77107578516006469727 -0.74430310726165771484 -0.69984894990921020508 -0.65292346477508544922 -0.65701258182525634766 -0.68162393569946289063 -0.70403575897216796875 -0.69665998220443725586 -0.57485586404800415039 -0.44377785921096801758 -0.40103071928024291992 -0.38340020179748535156 -0.36543002724647521973 -0.35869544744491577148 -0.35992261767387390137 -0.36978667974472045898 -0.37889069318771362305 -0.38334926962852478027
-1.5778493881225585938 -1.5926899909973144531 -1.5986857414245605469 -1.5953906774520874023 -1.5869108438491821289 -1.566401362419128418 -1.5514376163482666016 -1.5446478128433227539 -1.5338155031204223633 -1.5234122276306152344 -1.5197051763534545898 -1.5164525508880615234 -1.5146393775939941406 -1.514117121696472168 -1.5097689628601074219 -1.4943295717239379883 -1.4589241743087768555 -1.3784277439117431641 -1.2759865522384643555 -1.2439272403717041016 -1.2673114538192749023 -1.0755202770233154297 -0.88899886608123779297 -0.77041763067245483398 -0.74733066558837890625 -0.73961943387985229492 -0.71580642461776733398 -0.66607415676116943359 -0.65124189853668212891 -0.66702103614807128906 -0.68514412641525268555 -0.6906897425651550293 -0.6468257904052734375 -0.51300472021102905273 -0.40850839018821716309 -0.37265291810035705566 -0.34632605314254760742 -0.33852991461753845215 -0.34962540864944458008 -0.36320072412490844727 -0.3718248903751373291 -0.37528136372566223145
-1.5471997261047363281 -1.5630511045455932617 -1.5722484588623046875 -1.5747368335723876953 -1.5732506513595581055 -1.5558197498321533203 -1.5361467599868774414 -1.5261892080307006836 -1.5177350044250488281 -1.5091787576675415039 -1.5051065683364868164 -1.5014420747756958008 -1.5009452104568481445 -1.5021086931228637695 -1.5020322799682617188 -1.4925205707550048828 -1.4579347372055053711 -1.3742493391036987305 -1.2604154348373413086 -1.1537067890167236328 -0.99803870916366577148 -0.81250238418579101563 -0.75121599435806274414 -0.73610353469848632813 -0.72850698232650756836 -0.72455370426177978516 -0.71194231510162353516 -0.67497855424880981445 -0.65643936395645141602 -0.66364103555679321289 -0.67060488462448120117 -0.67216753959655761719 -0.66324609518051147461 -0.60153090953826904297 -0.48683077096939086914 -0.39906892180442810059 -0.33357453346252441406 -0.31859371066093444824 -0.33762970566749572754 -0.35693749785423278809 -0.36470389366149902344 -0.36369752883911132813
