INPUT/RASTER/ASCII_standard/BIO7.asc
ncols        225
nrows        269
xllcorner    473009.983799999987
yllcorner    4429051.174800000153
cellsize     50.000000000000
NODATA_value  -9999
[rows 18 to 35 of 269, columns 42 to 83 of 225]
0.085824906826019287109 0.10494583845138549805 0.12472070008516311646 0.13782043755054473877 0.15386281907558441162 0.16696254909038543701 0.17709839344024658203 0.18261854350566864014 0.19086053967475891113 0.19912376999855041504 0.21584981679916381836 0.23805779218673706055 0.27699604630470275879 0.31215512752532958984 0.33374738693237304688 0.37632894515991210938 0.42349645495414733887 0.46591666340827941895 0.49813732504844665527 0.51350033283233642578 0.52560216188430786133 0.53510957956314086914 0.53188240528106689453 0.51747906208038330078 0.48539426922798156738 0.46360245347023010254 0.45259612798690795898 0.45475748181343078613 0.47074466943740844727 0.48636668920516967773 0.49784857034683227539 0.50727951526641845703 0.51813298463821411133 0.53332614898681640625 0.55839610099792480469 0.58459126949310302734 0.618442535400390625 0.65243816375732421875 0.67673528194427490234 0.7201830744743347168 0.78228896856307983398 0.83809763193130493164
0.078309014439582824707 0.089982002973556518555 0.10924731194972991943 0.12335765361785888672 0.14305607974529266357 0.16075026988983154297 0.17121306061744689941 0.17551878094673156738 0.1808818131685256958 0.19422358274459838867 0.21232540905475616455 0.22953128814697265625 0.24865646660327911377 0.26384961605072021484 0.2825756371021270752 0.31652027368545532227 0.35106366872787475586 0.38296586275100708008 0.41351348161697387695 0.44763225317001342773 0.46761941909790039063 0.49249827861785888672 0.50473177433013916016 0.50767868757247924805 0.48728811740875244141 0.46997183561325073242 0.46097400784492492676 0.46753874421119689941 0.4854367375373840332 0.50428169965744018555 0.52231132984161376953 0.53560638427734375 0.5432071685791015625 0.55166149139404296875 0.57109665870666503906 0.59707534313201904297 0.62970364093780517578 0.65227675437927246094 0.66815358400344848633 0.70526170730590820313 0.75825935602188110352 0.81604254245758056641
0.075629621744155883789 0.087926805019378662109 0.10561675578355789185 0.11567191034555435181 0.13041494786739349365 0.14911974966526031494 0.15821100771427154541 0.16315789520740509033 0.17001561820507049561 0.18289029598236083984 0.2019942551851272583 0.21739970147609710693 0.23178181052207946777 0.24399830400943756104 0.25865641236305236816 0.27601516246795654297 0.29353949427604675293 0.30860948562622070313 0.33194696903228759766 0.36748397350311279297 0.38470682501792907715 0.41845190525054931641 0.4474284052848815918 0.47211197018623352051 0.47284230589866638184 0.46938160061836242676 0.46405678987503051758 0.47275313735008239746 0.49016284942626953125 0.51237928867340087891 0.53664249181747436523 0.55594599246978759766 0.56616252660751342773 0.57483762502670288086 0.58604353666305541992 0.60576319694519042969 0.63475245237350463867 0.65668439865112304688 0.67295610904693603516 0.70883280038833618164 0.7552019953727722168 0.80820393562316894531
0.07379948347806930542 0.089570112526416778564 0.10772290080785751343 0.11342563480138778687 0.12137039750814437866 0.13589262962341308594 0.14419832825660705566 0.1536547541618347168 0.16539567708969116211 0.17317059636116027832 0.18649962544441223145 0.19866517186164855957 0.21537847816944122314 0.22993467748165130615 0.24504713714122772217 0.25950992107391357422 0.2693570256233215332 0.27781558036804199219 0.29277092218399047852 0.30629953742027282715 0.31904682517051696777 0.34243100881576538086 0.37396377325057983398 0.40502944588661193848 0.42744550108909606934 0.4372755885124206543 0.4447320401668548584 0.46651962399482727051 0.48834118247032165527 0.51399713754653930664 0.5462220311164855957 0.57469326257705688477 0.58930039405822753906 0.60051476955413818359 0.60672706365585327148 0.61817502975463867188 0.63643819093704223633 0.65493917465209960938 0.67347836494445800781 0.71401321887969970703 0.75478589534759521484 0.79764342308044433594
0.054160501807928085327 0.074831321835517883301 0.10584604740142822266 0.11212202906608581543 0.11533220857381820679 0.12365064024925231934 0.13170155882835388184 0.14237667620182037354 0.15630868077278137207 0.16627041995525360107 0.17723852396011352539 0.18716628849506378174 0.19959510862827301025 0.20890292525291442871 0.225115165114402771 0.24074143171310424805 0.24891974031925201416 0.25892394781112670898 0.26985383033752441406 0.27497905492782592773 0.28121683001518249512 0.28842699527740478516 0.30537807941436767578 0.32900854945182800293 0.36392983794212341309 0.37795525789260864258 0.40460482239723205566 0.43915668129920959473 0.4733263850212097168 0.50838357210159301758 0.55251073837280273438 0.58993732929229736328 0.60910075902938842773 0.62287986278533935547 0.62721532583236694336 0.63235753774642944336 0.64277362823486328125 0.65557610988616943359 0.67170345783233642578 0.70835298299789428711 0.74837827682495117188 0.78963071107864379883
0.041442934423685073853 0.06002034991979598999 0.085803672671318054199 0.090415120124816894531 0.09760405123233795166 0.10740018635988235474 0.12255086004734039307 0.13433000445365905762 0.1477524489164352417 0.15969718992710113525 0.17028738558292388916 0.18061430752277374268 0.18855057656764984131 0.19281382858753204346 0.20520442724227905273 0.21303029358386993408 0.22059713304042816162 0.2339006960391998291 0.24997705221176147461 0.25728487968444824219 0.26032096147537231445 0.26291117072105407715 0.26460120081901550293 0.27960324287414550781 0.30734410881996154785 0.32366675138473510742 0.35905089974403381348 0.39601463079452514648 0.44062590599060058594 0.49313521385192871094 0.5562432408332824707 0.59981840848922729492 0.62331724166870117188 0.64081186056137084961 0.64578425884246826172 0.6480687260627746582 0.65428102016448974609 0.66257399320602416992 0.67487114667892456055 0.70072668790817260742 0.73692607879638671875 0.78583884239196777344
0.04521786421537399292 0.05979954451322555542 0.07148526608943939209 0.067952372133731842041 0.065765544772148132324 0.075238965451717376709 0.10462737083435058594 0.12210500240325927734 0.13879282772541046143 0.15749762952327728271 0.16407933831214904785 0.16657614707946777344 0.16919185221195220947 0.17326825857162475586 0.18362915515899658203 0.18570981919765472412 0.18903464078903198242 0.19801549613475799561 0.22098779678344726563 0.23265229165554046631 0.24004504084587097168 0.24672865867614746094 0.25202798843383789063 0.2679939568042755127 0.28963291645050048828 0.30497467517852783203 0.3201211094856262207 0.3522059023380279541 0.39807406067848205566 0.46565765142440795898 0.54967850446701049805 0.6023406982421875 0.63163989782333374023 0.65462493896484375 0.6629009246826171875 0.66405165195465087891 0.66710048913955688477 0.67149960994720458984 0.68157601356506347656 0.70093476772308349609 0.7337328791618347168 0.78486645221710205078
0.058470461517572402954 0.066958747804164886475 0.069188036024570465088 0.060351558029651641846 0.05158301815390586853 0.059251774102449417114 0.076984182000160217285 0.090232528746128082275 0.1125806272029876709 0.14636391401290893555 0.15166325867176055908 0.13994781672954559326 0.12959541380405426025 0.12923447787761688232 0.13934059441089630127 0.14450405538082122803 0.14784161746501922607 0.1576080322265625 0.17909413576126098633 0.19221934676170349121 0.20776067674160003662 0.2269792705774307251 0.25597703456878662109 0.2917900383472442627 0.31655424833297729492 0.32405316829681396484 0.31994277238845825195 0.33174315094947814941 0.36712303757667541504 0.4318955838680267334 0.51045149564743041992 0.57450217008590698242 0.61240434646606445313 0.64884155988693237305 0.67581385374069213867 0.68255263566970825195 0.68360149860382080078 0.68661206960678100586 0.694522857666015625 0.71325737237930297852 0.74646317958831787109 0.79648423194885253906
0.086984135210514068604 0.082113668322563171387 0.072483137249946594238 0.068109482526779174805 0.065905675292015075684 0.070958733558654785156 0.078810073435306549072 0.085476711392402648926 0.098665617406368255615 0.11458911001682281494 0.11146810650825500488 0.092444837093353271484 0.075306907296180725098 0.074083983898162841797 0.092508532106876373291 0.10288640111684799194 0.11498825997114181519 0.12835974991321563721 0.15117068588733673096 0.16923855245113372803 0.19415989518165588379 0.21900479495525360107 0.25146323442459106445 0.29655858874320983887 0.32770070433616638184 0.34121233224868774414 0.34517407417297363281 0.35947552323341369629 0.3865114748477935791 0.4252459108829498291 0.48002275824546813965 0.54304581880569458008 0.5744469761848449707 0.62007737159729003906 0.66620880365371704102 0.6841322779655456543 0.6913636326789855957 0.69476491212844848633 0.70195806026458740234 0.72165650129318237305 0.75567334890365600586 0.80185997486114501953
0.08358287811279296875 0.083663560450077056885 0.08246186375617980957 0.08472512662410736084 0.085744224488735198975 0.082941688597202301025 0.083463981747627258301 0.085451237857341766357 0.089302599430084228516 0.090597711503505706787 0.080691173672676086426 0.064389757812023162842 0.047867536544799804688 0.04155758395791053772 0.046721044927835464478 0.060389775782823562622 0.084882237017154693604 0.10488215088844299316 0.13865269720554351807 0.16078424453735351563 0.18699219822883605957 0.21731902658939361572 0.254669189453125 0.29455435276031494141 0.32590028643608093262 0.34376433491706848145 0.35931414365768432617 0.3891823887825012207 0.4163754880428314209 0.44296982884407043457 0.48145797848701477051 0.51703745126724243164 0.5398101806640625 0.58883756399154663086 0.63338941335678100586 0.6557629704475402832 0.68201339244842529297 0.69366937875747680664 0.70201754570007324219 0.72294735908508300781 0.75516802072525024414 0.79481118917465209961
0.077773988246917724609 0.083510689437389373779 0.092100888490676879883 0.097663499414920806885 0.096712335944175720215 0.086614713072776794434 0.078568041324615478516 0.075234718620777130127 0.070075504481792449951 0.062236901372671127319 0.050831429660320281982 0.038848467171192169189 0.024823050945997238159 0.018682951107621192932 0.026156378909945487976 0.042597919702529907227 0.063018210232257843018 0.084686905145645141602 0.12595637142658233643 0.14856773614883422852 0.17472048103809356689 0.21198570728302001953 0.25870737433433532715 0.30318275094032287598 0.33350959420204162598 0.34657111763954162598 0.36406573653221130371 0.3996791541576385498 0.43239238858222961426 0.46265128254890441895 0.49473607540130615234 0.51482093334197998047 0.53057879209518432617 0.56468904018402099609 0.58842992782592773438 0.61361449956893920898 0.65301984548568725586 0.67341893911361694336 0.68836581707000732422 0.71935504674911499023 0.75402581691741943359 0.79109144210815429688
0.072818592190742492676 0.082928955554962158203 0.096924647688865661621 0.10357429832220077515 0.098631642758846282959 0.083035111427307128906 0.067918404936790466309 0.058610588312149047852 0.044937610626220703125 0.030823023989796638489 0.019150039181113243103 0.009842224419116973877 -0.00081165629671886563301 -0.0032192890066653490067 0.013094864785671234131 0.036525759845972061157 0.059493813663721084595 0.085404530167579650879 0.11679717153310775757 0.13390962779521942139 0.16056768596172332764 0.20145496726036071777 0.25773498415946960449 0.3123207390308380127 0.34664329886436462402 0.35936510562896728516 0.37207418680191040039 0.39812502264976501465 0.43379366397857666016 0.47496119141578674316 0.5099589228630065918 0.52819240093231201172 0.53753417730331420898 0.55088019371032714844 0.54772520065307617188 0.56799262762069702148 0.60728335380554199219 0.62575882673263549805 0.65444660186767578125 0.70817887783050537109 0.75463724136352539063 0.79643326997756958008
0.069094620645046234131 0.077540442347526550293 0.088088169693946838379 0.087621077895164489746 0.076423674821853637695 0.059884469956159591675 0.041986458003520965576 0.030075682327151298523 0.014147938229143619537 -0.00060783553635701537132 -0.011512245982885360718 -0.018756376579403877258 -0.022463366389274597168 -0.018238332122564315796 0.0057658096775412559509 0.036364402621984481812 0.06558720022439956665 0.098219759762287139893 0.12969732284545898438 0.14664842188358306885 0.1690559685230255127 0.19704310595989227295 0.25218936800956726074 0.31179845333099365234 0.35234177112579345703 0.37340751290321350098 0.38298708200454711914 0.3960570991039276123 0.42669814825057983398 0.47520747780799865723 0.5203240513801574707 0.54350018501281738281 0.54846405982971191406 0.54964452981948852539 0.53567856550216674805 0.52912658452987670898 0.54614138603210449219 0.55670183897018432617 0.59638744592666625977 0.66936373710632324219 0.74176257848739624023 0.80853509902954101563
0.076563797891139984131 0.069977842271327972412 0.058334581553936004639 0.033791165798902511597 0.0082880919799208641052 -0.0073848757892847061157 -0.018136421218514442444 -0.021779717877507209778 -0.02571175992488861084 -0.02805569767951965332 -0.032539755105972290039 -0.035117238759994506836 -0.029121510684490203857 -0.018115188926458358765 0.0095280008390545845032 0.042644627392292022705 0.075281426310539245605 0.11324729025363922119 0.14877580106258392334 0.16857188940048217773 0.19452506303787231445 0.22410880029201507568 0.2631702125072479248 0.30948847532272338867 0.35489803552627563477 0.38143295049667358398 0.3893267512321472168 0.40082564949989318848 0.42434996366500854492 0.46914380788803100586 0.51808202266693115234 0.54200547933578491211 0.54803097248077392578 0.55214560031890869141 0.54135584831237792969 0.5191733241081237793 0.50611603260040283203 0.51200139522552490234 0.54450231790542602539 0.60367399454116821289 0.70119374990463256836 0.80472624301910400391
0.078190118074417114258 0.052334606647491455078 0.016249839216470718384 -0.026017490774393081665 -0.062076780945062637329 -0.078475862741470336914 -0.079117044806480407715 -0.071490749716758728027 -0.059754073619842529297 -0.047881513833999633789 -0.043618261814117431641 -0.036955870687961578369 -0.022204343229532241821 -0.0068201227113604545593 0.022292276844382286072 0.054725255817174911499 0.086402401328086853027 0.12304342538118362427 0.1584275662899017334 0.18029582500457763672 0.21165025234222412109 0.24528068304061889648 0.28358200192451477051 0.326770782470703125 0.36296594142913818359 0.38109749555587768555 0.39437133073806762695 0.40814620256423950195 0.42544975876808166504 0.45853239297866821289 0.49584859609603881836 0.52533888816833496094 0.53281235694885253906 0.53927940130233764648 0.5364258885383605957 0.52347481250762939453 0.51497375965118408203 0.51841324567794799805 0.53651082515716552734 0.57560622692108154297 0.66507500410079956055 0.77018284797668457031
0.057549022138118743896 0.019893135875463485718 -0.023962298408150672913 -0.061817757785320281982 -0.09149491041898727417 -0.099537335336208343506 -0.090998098254203796387 -0.08115100860595703125 -0.068798616528511047363 -0.057677648961544036865 -0.046815700829029083252 -0.031304091215133666992 -0.012119462713599205017 0.006827375851571559906 0.03599497675895690918 0.066784650087356567383 0.094865210354328155518 0.12553597986698150635 0.15996471047401428223 0.18202406167984008789 0.21284770965576171875 0.246584281325340271 0.28976881504058837891 0.33494907617568969727 0.36758586764335632324 0.38484695553779602051 0.40078744292259216309 0.41788715124130249023 0.43391680717468261719 0.45160248875617980957 0.47193786501884460449 0.49671906232833862305 0.5025704503059387207 0.5079377293586730957 0.51185274124145507813 0.51522004604339599609 0.52311384677886962891 0.52898645401000976563 0.54386538267135620117 0.57695651054382324219 0.63075244426727294922 0.75157147645950317383
0.019765747711062431335 -0.020009024068713188171 -0.058106523007154464722 -0.082373932003974914551 -0.098280444741249084473 -0.093864329159259796143 -0.078093692660331726074 -0.069550208747386932373 -0.061337929219007492065 -0.051622472703456878662 -0.036412350833415985107 -0.021040866151452064514 -0.008854083716869354248 0.012598051689565181732 0.042619150131940841675 0.072551079094409942627 0.098024427890777587891 0.12559118866920471191 0.16049548983573913574 0.18299645185470581055 0.21333177387714385986 0.24749723076820373535 0.29601931571960449219 0.3417218625545501709 0.37050306797027587891 0.38674077391624450684 0.40331819653511047363 0.42198905348777770996 0.44065561890602111816 0.45784449577331542969 0.47125846147537231445 0.47752594947814941406 0.47361090779304504395 0.46883383393287658691 0.46803128719329833984 0.47873190045356750488 0.51093554496765136719 0.52622640132904052734 0.55210310220718383789 0.58276116847991943359 0.60947442054748535156 -9999
-0.026289252564311027527 -0.055516298860311508179 -0.079664811491966247559 -0.087826140224933624268 -0.087452463805675506592 -0.073511973023414611816 -0.056361306458711624146 -0.049121424555778503418 -0.041936740279197692871 -0.029185205698013305664 -0.01217466406524181366 0.0013794169062748551369 0.0099823512136936187744 0.025600116699934005737 0.048576664179563522339 0.073213495314121246338 0.093158207833766937256 0.11899249255657196045 0.15852098166942596436 0.18522998690605163574 0.21911095082759857178 0.2545375525951385498 0.30271142721176147461 0.34576857089996337891 0.37185338139533996582 0.38678750395774841309 0.40235856175422668457 0.42257925868034362793 0.44213333725929260254 0.46251541376113891602 0.47719049453735351563 0.47809070348739624023 0.46287631988525390625 0.44479572772979736328 0.43730533123016357422 0.44302079081535339355 0.46243047714233398438 0.4749272465705871582 0.51796311140060424805 0.55771243572235107422 0.56469327211380004883 -9999
