INPUT/RASTER/ASCII_standard/BIO7.asc
ncols        225
nrows        269
xllcorner    473009.983799999987
yllcorner    4429051.174800000153
cellsize     50.000000000000
NODATA_value  -9999
[rows 72 to 89 of 269, columns 42 to 83 of 225]
-1.7968504428863525391 -1.7825490236282348633 -1.768952488899230957 -1.7592158317565917969 -1.7520438432693481445 -1.7469907999038696289 -1.7392541170120239258 -1.7267446517944335938 -1.716770172119140625 -1.7059973478317260742 -1.6875261068344116211 -1.6736577749252319336 -1.659241795539855957 -1.6297769546508789063 -1.5878832340240478516 -1.5442146062850952148 -1.5062402486801147461 -1.4745801687240600586 -1.4606395959854125977 -1.4480240345001220703 -1.4350006580352783203 -1.4224190711975097656 -1.4069498777389526367 -1.3890264034271240234 -1.3829202651977539063 -1.3719435930252075195 -1.3524320125579833984 -1.336304783821105957 -1.3150140047073364258 -1.2915151119232177734 -1.2787296772003173828 -1.2573283910751342773 -1.2335238456726074219 -1.2123732566833496094 -1.1850484609603881836 -1.1494222879409790039 -1.1242971420288085938 -1.1129087209701538086 -1.106263279914855957 -1.098547816276550293 -1.0821954011917114258 -1.0619620084762573242
-1.8290287256240844727 -1.8081625699996948242 -1.7906976938247680664 -1.7771732807159423828 -1.7683750391006469727 -1.7637678384780883789 -1.7555301189422607422 -1.7410843372344970703 -1.7284643650054931641 -1.7164771556854248047 -1.6991438865661621094 -1.6848807334899902344 -1.6698659658432006836 -1.6389106512069702148 -1.5943248271942138672 -1.5472295284271240234 -1.5075227022171020508 -1.4770642518997192383 -1.4639389514923095703 -1.4513573646545410156 -1.4412214756011962891 -1.4309285879135131836 -1.4156377315521240234 -1.4027885198593139648 -1.398589015007019043 -1.3875231742858886719 -1.3677865266799926758 -1.3500626087188720703 -1.3285765647888183594 -1.3064705133438110352 -1.2939184904098510742 -1.2682795524597167969 -1.241570591926574707 -1.2160122394561767578 -1.1823351383209228516 -1.1428661346435546875 -1.1171846389770507813 -1.1160466670989990234 -1.1260042190551757813 -1.1222971677780151367 -1.1051422357559204102 -1.0861954689025878906
-1.860196232795715332 -1.8490710258483886719 -1.8323493003845214844 -1.8134618997573852539 -1.8000266551971435547 -1.7940734624862670898 -1.7860734462738037109 -1.7706085443496704102 -1.7572031021118164063 -1.7460099458694458008 -1.7274919748306274414 -1.7110843658447265625 -1.6934581995010375977 -1.6549869775772094727 -1.6060615777969360352 -1.5559810400009155273 -1.5135396718978881836 -1.4820833206176757813 -1.4698200225830078125 -1.4587627649307250977 -1.4497394561767578125 -1.4389029741287231445 -1.4252172708511352539 -1.4141345024108886719 -1.4074805974960327148 -1.3956165313720703125 -1.3777908086776733398 -1.3595317602157592773 -1.339345097541809082 -1.3210054636001586914 -1.309018254280090332 -1.2831627130508422852 -1.2519102096557617188 -1.2192139625549316406 -1.1797789335250854492 -1.1417706012725830078 -1.1235328912734985352 -1.1251634359359741211 -1.1334478855133056641 -1.1313459873199462891 -1.1185095310211181641 -1.1047431230545043945
-1.8711134195327758789 -1.8602812290191650391 -1.8466931581497192383 -1.8335043191909790039 -1.8193684816360473633 -1.8108462095260620117 -1.8019460439682006836 -1.7889693975448608398 -1.7776446342468261719 -1.7671011686325073242 -1.746731877326965332 -1.7256066799163818359 -1.7051693201065063477 -1.6591823101043701172 -1.6060615777969360352 -1.5598069429397583008 -1.5220661163330078125 -1.4935142993927001953 -1.4831066131591796875 -1.4731619358062744141 -1.4615865945816040039 -1.4468733072280883789 -1.4325081110000610352 -1.4213404655456542969 -1.4119222164154052734 -1.396771550178527832 -1.3794341087341308594 -1.3616634607315063477 -1.3408949375152587891 -1.3237485885620117188 -1.3115575313568115234 -1.2892221212387084961 -1.2596256732940673828 -1.2243349552154541016 -1.1850144863128662109 -1.1505943536758422852 -1.1364585161209106445 -1.131201624870300293 -1.1290147304534912109 -1.126407623291015625 -1.1204330921173095703 -1.1143312454223632813
-1.8730030059814453125 -1.8637758493423461914 -1.8518311977386474609 -1.8411730527877807617 -1.8291051387786865234 -1.8211349248886108398 -1.8098227977752685547 -1.7978950738906860352 -1.785831451416015625 -1.7719291448593139648 -1.7477254867553710938 -1.7236406803131103516 -1.7006726264953613281 -1.6522566080093383789 -1.5999978780746459961 -1.5631105899810791016 -1.5346138477325439453 -1.5109112262725830078 -1.5027838945388793945 -1.4944739341735839844 -1.4809113740921020508 -1.4620196819305419922 -1.4449497461318969727 -1.4326397180557250977 -1.4188351631164550781 -1.3994467258453369141 -1.3818587064743041992 -1.3626401424407958984 -1.3409076929092407227 -1.3232346773147583008 -1.3109163045883178711 -1.2896552085876464844 -1.2612646818161010742 -1.2288529872894287109 -1.1947809457778930664 -1.1638468503952026367 -1.1488788127899169922 -1.1367727518081665039 -1.1247557401657104492 -1.1181018352508544922 -1.1178767681121826172 -1.116424560546875
-1.8710879087448120117 -1.8632578849792480469 -1.8541071414947509766 -1.8462642431259155273 -1.8362048864364624023 -1.8297803401947021484 -1.8162941932678222656 -1.8000733852386474609 -1.7814705371856689453 -1.7584388256072998047 -1.7296661138534545898 -1.7052118778228759766 -1.6804773807525634766 -1.6353310346603393555 -1.5907622575759887695 -1.5660107135772705078 -1.5484821796417236328 -1.5326902866363525391 -1.5265969038009643555 -1.5179302692413330078 -1.5022997856140136719 -1.4810386896133422852 -1.463259577751159668 -1.4501683712005615234 -1.4322916269302368164 -1.4102025032043457031 -1.3909966945648193359 -1.3673491477966308594 -1.3442919254302978516 -1.3244279623031616211 -1.3115532398223876953 -1.2908186912536621094 -1.2625088691711425781 -1.2328953742980957031 -1.2033287286758422852 -1.1759699583053588867 -1.1583182811737060547 -1.1393246650695800781 -1.1193078756332397461 -1.1112143993377685547 -1.1171125173568725586 -1.117426753044128418
-1.8687483072280883789 -1.8613045215606689453 -1.8554277420043945313 -1.8487313985824584961 -1.8400307893753051758 -1.8336061239242553711 -1.8175892829895019531 -1.7953218221664428711 -1.765627741813659668 -1.7313687801361083984 -1.7001121044158935547 -1.6768339872360229492 -1.6536918878555297852 -1.6159298419952392578 -1.5840913057327270508 -1.5693058967590332031 -1.5599980354309082031 -1.5512804985046386719 -1.5454503297805786133 -1.5345883369445800781 -1.5198920965194702148 -1.5022870302200317383 -1.4862488508224487305 -1.4726821184158325195 -1.4542022943496704102 -1.4311578273773193359 -1.4089710712432861328 -1.3813066482543945313 -1.3565593957901000977 -1.3332091569900512695 -1.3180543184280395508 -1.2979099750518798828 -1.2684537172317504883 -1.2392096519470214844 -1.2111247777938842773 -1.1826153993606567383 -1.1607385873794555664 -1.1364074945449829102 -1.1119744777679443359 -1.1073120832443237305 -1.1216220855712890625 -1.1242250204086303711
-1.8803617954254150391 -1.8659627437591552734 -1.8582302331924438477 -1.8478014469146728516 -1.8371943235397338867 -1.829096674919128418 -1.8102560043334960938 -1.781729578971862793 -1.7434239387512207031 -1.7034708261489868164 -1.6723585128784179688 -1.6504392623901367188 -1.6311824321746826172 -1.6015561819076538086 -1.5803885459899902344 -1.5751104354858398438 -1.5713312625885009766 -1.5634884834289550781 -1.5567878484725952148 -1.5445713996887207031 -1.5318027734756469727 -1.5191872119903564453 -1.5044016838073730469 -1.4895354509353637695 -1.4763721227645874023 -1.4569326639175415039 -1.4338669776916503906 -1.4073065519332885742 -1.3806781768798828125 -1.3545552492141723633 -1.3378630876541137695 -1.3180288076400756836 -1.2857275009155273438 -1.2541309595108032227 -1.2228444814682006836 -1.1875071525573730469 -1.1602799892425537109 -1.1331081390380859375 -1.1067686080932617188 -1.1040509939193725586 -1.1221655607223510742 -1.1295583248138427734
-1.9226375818252563477 -1.8946632146835327148 -1.8688204288482666016 -1.8438354730606079102 -1.8224427700042724609 -1.8108377456665039063 -1.792362213134765625 -1.7645958662033081055 -1.7277765274047851563 -1.6893563270568847656 -1.6568808555603027344 -1.6350252628326416016 -1.6172037124633789063 -1.590545654296875 -1.5748387575149536133 -1.5774161815643310547 -1.5789533853530883789 -1.5702060461044311523 -1.562872767448425293 -1.5507539510726928711 -1.5384482145309448242 -1.5265756845474243164 -1.5121299028396606445 -1.4982318878173828125 -1.4886353015899658203 -1.4716204404830932617 -1.4506014585494995117 -1.4265463352203369141 -1.3993787765502929688 -1.3740456104278564453 -1.358852386474609375 -1.3409501314163208008 -1.3097486495971679688 -1.27691650390625 -1.2400290966033935547 -1.1987851858139038086 -1.1666451692581176758 -1.1382673978805541992 -1.1102930307388305664 -1.0990955829620361328 -1.1119787693023681641 -1.1247600317001342773
-1.9722043275833129883 -1.9308626651763916016 -1.8939498662948608398 -1.8556995391845703125 -1.8203026056289672852 -1.8021159172058105469 -1.7781329154968261719 -1.7524218559265136719 -1.7233943939208984375 -1.6868594884872436523 -1.6501972675323486328 -1.6282312870025634766 -1.6116411685943603516 -1.5876624584197998047 -1.5740362405776977539 -1.5773057937622070313 -1.5796327590942382813 -1.5712294578552246094 -1.5640234947204589844 -1.5523546934127807617 -1.5400235652923583984 -1.5282317399978637695 -1.5144058465957641602 -1.5030980110168457031 -1.494299769401550293 -1.4777945280075073242 -1.4563976526260375977 -1.4319009780883789063 -1.4047969579696655273 -1.3816463947296142578 -1.3693025112152099609 -1.3536210060119628906 -1.3266190290451049805 -1.2960501909255981445 -1.2592945098876953125 -1.2189804315567016602 -1.1837152242660522461 -1.1526495218276977539 -1.1205943822860717773 -1.1050828695297241211 -1.1097282171249389648 -1.1189724206924438477
-2.0226838588714599609 -1.9762170314788818359 -1.9333339929580688477 -1.8891091346740722656 -1.8433130979537963867 -1.8155043125152587891 -1.7817337512969970703 -1.7515513896942138672 -1.7225365638732910156 -1.6878275871276855469 -1.6501929759979248047 -1.6282355785369873047 -1.611649632453918457 -1.5884054899215698242 -1.5712081193923950195 -1.5675733089447021484 -1.5704395771026611328 -1.5691020488739013672 -1.5648939609527587891 -1.5543208122253417969 -1.5413399934768676758 -1.5307030677795410156 -1.5169706344604492188 -1.5056033134460449219 -1.4978241920471191406 -1.4825206995010375977 -1.4605717658996582031 -1.4355272054672241211 -1.4103723764419555664 -1.390117645263671875 -1.3790476322174072266 -1.3608609437942504883 -1.3346827030181884766 -1.3056764602661132813 -1.27181243896484375 -1.2336724996566772461 -1.1969465017318725586 -1.1637959480285644531 -1.1317238807678222656 -1.1204967498779296875 -1.1222971677780151367 -1.137303471565246582
-2.0563271045684814453 -2.0237667560577392578 -1.985095977783203125 -1.9325399398803710938 -1.8739626407623291016 -1.8367611169815063477 -1.7965829372406005859 -1.7589610815048217773 -1.7242436408996582031 -1.6886174678802490234 -1.6546430587768554688 -1.6341506242752075195 -1.6154245138168334961 -1.5908768177032470703 -1.5687707662582397461 -1.5572847127914428711 -1.557768702507019043 -1.5603377819061279297 -1.5587453842163085938 -1.5512082576751708984 -1.5413314104080200195 -1.5344185829162597656 -1.5215183496475219727 -1.5095906257629394531 -1.5015014410018920898 -1.4848816394805908203 -1.4615101814270019531 -1.4365081787109375 -1.4139095544815063477 -1.3965889215469360352 -1.3856123685836791992 -1.3653874397277832031 -1.3388227224349975586 -1.3083600997924804688 -1.2731585502624511719 -1.231914520263671875 -1.1964412927627563477 -1.1641610860824584961 -1.1407004594802856445 -1.1452907323837280273 -1.1593118906021118164 -1.2047894001007080078
-2.0706539154052734375 -2.0487813949584960938 -2.0188877582550048828 -1.9722636938095092773 -1.9068032503128051758 -1.8605275154113769531 -1.8111901283264160156 -1.7702730894088745117 -1.7354112863540649414 -1.697054743766784668 -1.6600188016891479492 -1.6363713741302490234 -1.6195774078369140625 -1.5962994098663330078 -1.5717262029647827148 -1.556915283203125 -1.5534588098526000977 -1.5536923408508300781 -1.5508515834808349609 -1.5439174175262451172 -1.5368431806564331055 -1.533259272575378418 -1.5246224403381347656 -1.5140831470489501953 -1.5053783655166625977 -1.4871108531951904297 -1.462321162223815918 -1.4386566877365112305 -1.4163001775741577148 -1.3987801074981689453 -1.386852264404296875 -1.3659224510192871094 -1.3387250900268554688 -1.3080925941467285156 -1.2719314098358154297 -1.2280972003936767578 -1.1925474405288696289 -1.1588320732116699219 -1.1499871015548706055 -1.1863605976104736328 -1.2206449508666992188 -1.2658039331436157227
-2.0803396701812744141 -2.0547559261322021484 -2.0268239974975585938 -1.9928411245346069336 -1.9390408992767333984 -1.8956992626190185547 -1.8410031795501708984 -1.798769831657409668 -1.7635512351989746094 -1.7194665670394897461 -1.6761291027069091797 -1.6456325054168701172 -1.6264181137084960938 -1.6017472743988037109 -1.5779597759246826172 -1.564609527587890625 -1.5584523677825927734 -1.5536456108093261719 -1.5470213890075683594 -1.5359811782836914063 -1.5271701812744140625 -1.5243123769760131836 -1.5193612575531005859 -1.5110216140747070313 -1.5030641555786132813 -1.4869961738586425781 -1.4645377397537231445 -1.4422661066055297852 -1.4184317588806152344 -1.3998330831527709961 -1.3867801427841186523 -1.3644319772720336914 -1.3345807790756225586 -1.3034938573837280273 -1.2671712636947631836 -1.2297658920288085938 -1.1957745552062988281 -1.1577832698822021484 -1.1669211387634277344 -1.246916651725769043 -1.278895258903503418 -1.2626532316207885742
-2.0860254764556884766 -2.0509428977966308594 -2.0190448760986328125 -1.9940470457077026367 -1.963750004768371582 -1.9368625879287719727 -1.8904933929443359375 -1.8531347513198852539 -1.8132240772247314453 -1.7589398622512817383 -1.7095090150833129883 -1.6746004819869995117 -1.6468681097030639648 -1.610813140869140625 -1.5846942663192749023 -1.5770510435104370117 -1.5711104869842529297 -1.5632973909378051758 -1.5512251853942871094 -1.532117009162902832 -1.5188050270080566406 -1.5129579305648803711 -1.5055099725723266602 -1.4979176521301269531 -1.4918922185897827148 -1.4796841144561767578 -1.461403965950012207 -1.4401344060897827148 -1.4187332391738891602 -1.4009584188461303711 -1.3872599601745605469 -1.3625211715698242188 -1.3282452821731567383 -1.2954896688461303711 -1.257549285888671875 -1.2213243246078491211 -1.1906111240386962891 -1.1617364883422851563 -1.1998891830444335938 -1.2581903934478759766 -1.2332096099853515625 -1.1505943536758422852
-2.0663354396820068359 -2.0361700057983398438 -2.0146965980529785156 -1.9967392683029174805 -1.9683274030685424805 -1.9438647031784057617 -1.9052534103393554688 -1.8801665306091308594 -1.8475211858749389648 -1.7950670719146728516 -1.7405790090560913086 -1.7028042078018188477 -1.671156764030456543 -1.6250635385513305664 -1.5904947519302368164 -1.5795563459396362305 -1.5761890411376953125 -1.5720913410186767578 -1.558116912841796875 -1.5375225543975830078 -1.5242359638214111328 -1.5149834156036376953 -1.4999897480010986328 -1.489403843879699707 -1.4834336042404174805 -1.4714931249618530273 -1.4534209966659545898 -1.4294636249542236328 -1.4075613021850585938 -1.3900921344757080078 -1.3763470649719238281 -1.3521136045455932617 -1.3219014406204223633 -1.2915490865707397461 -1.2527085542678833008 -1.2153965234756469727 -1.1931971311569213867 -1.1975665092468261719 -1.2184495925903320313 -1.1736855506896972656 -1.0846880674362182617 -1.0426627397537231445
-2.0507178306579589844 -2.0191128253936767578 -1.9999408721923828125 -1.9899748563766479492 -1.9720981121063232422 -1.9538434743881225586 -1.9165060520172119141 -1.888174891471862793 -1.8603279590606689453 -1.8238397836685180664 -1.7738145589828491211 -1.7274283170700073242 -1.6918445825576782227 -1.6454583406448364258 -1.6086007356643676758 -1.5883842706680297852 -1.5759512186050415039 -1.5688982009887695313 -1.5565118789672851563 -1.5401170253753662109 -1.5257136821746826172 -1.5135184526443481445 -1.4984951019287109375 -1.486567378044128418 -1.4771915674209594727 -1.4620239734649658203 -1.4414294958114624023 -1.4143383502960205078 -1.3899265527725219727 -1.3728566169738769531 -1.3592090606689453125 -1.3356804847717285156 -1.3078165054321289063 -1.2784026861190795898 -1.2413327693939208984 -1.21157073974609375 -1.2150822877883911133 -1.2281184196472167969 -1.181630253791809082 -1.072445988655090332 -1.0156564712524414063 -0.99652278423309326172
-2.0391891002655029297 -2.0089938640594482422 -1.9873931407928466797 -1.9744335412979125977 -1.9607648849487304688 -1.9505482912063598633 -1.9298859834671020508 -1.9013723134994506836 -1.8655381202697753906 -1.8297123908996582031 -1.7921668291091918945 -1.7544854879379272461 -1.7255004644393920898 -1.6793903112411499023 -1.6344562768936157227 -1.6051783561706542969 -1.5868684053421020508 -1.5761168003082275391 -1.5599852800369262695 -1.5403336286544799805 -1.5212635993957519531 -1.5065630674362182617 -1.4924526214599609375 -1.4795525074005126953 -1.4671831130981445313 -1.4498753547668457031 -1.4272427558898925781 -1.4004318714141845703 -1.3738290071487426758 -1.3538672924041748047 -1.3397569656372070313 -1.315565943717956543 -1.2876298427581787109 -1.2574388980865478516 -1.2284495830535888672 -1.2248359918594360352 -1.2260504961013793945 -1.1835495233535766602 -1.0996221303939819336 -1.0199664831161499023 -0.99048036336898803711 -0.97558867931365966797
