INPUT/RASTER/ASCII_standard/BIO7.asc
ncols        225
nrows        269
xllcorner    473009.983799999987
yllcorner    4429051.174800000153
cellsize     50.000000000000
NODATA_value  -9999
[rows 180 to 197 of 269, columns 84 to 125 of 225]
-0.086679644882678985596 -0.1393121182918548584 -0.19619509577751159668 -0.22702722251415252686 -0.23615245521068572998 -0.25303560495376586914 -0.29030084609985351563 -0.3349673151969909668 -0.36546823382377624512 -0.38376539945602416992 -0.38742992281913757324 -0.35823684930801391602 -0.30268293619155883789 -0.25915873050689697266 -0.26608014106750488281 -0.36240667104721069336 -0.44048276543617248535 -0.50596016645431518555 -0.53800249099731445313 -0.54652476310729980469 -0.51579880714416503906 -0.41325995326042175293 -0.31378269195556640625 -0.19833095371723175049 -0.040374115109443664551 0.10426219552755355835 0.23130622506141662598 0.34770911931991577148 0.42726713418960571289 0.46247717738151550293 0.45503348112106323242 0.38994246721267700195 0.33917835354804992676 0.32844379544258117676 0.36217188835144042969 0.43953037261962890625 0.52553421258926391602 0.52968710660934448242 0.51417547464370727539 0.50201416015625 0.46491029858589172363 0.40464729070663452148
-0.079010888934135437012 -0.12360092997550964355 -0.18587242066860198975 -0.22465780377388000488 -0.23645393550395965576 -0.25528612732887268066 -0.29517978429794311523 -0.34111589193344116211 -0.3691539764404296875 -0.37982061505317687988 -0.37031322717666625977 -0.32650449872016906738 -0.26977863907814025879 -0.22566841542720794678 -0.21476826071739196777 -0.26205042004585266113 -0.3186276853084564209 -0.3936507105827331543 -0.44118764996528625488 -0.45306870341300964355 -0.410797119140625 -0.30635595321655273438 -0.2156175076961517334 -0.11780477315187454224 0.018869785591959953308 0.14880552887916564941 0.26497912406921386719 0.37390431761741638184 0.40494453907012939453 0.40341585874557495117 0.4175389409065246582 0.40993389487266540527 0.38219302892684936523 0.35735663771629333496 0.37723764777183532715 0.44175541400909423828 0.54036217927932739258 0.59112203121185302734 0.60238742828369140625 0.59718573093414306641 0.56347459554672241211 0.50902473926544189453
-0.063057668507099151611 -0.097647748887538909912 -0.16603386402130126953 -0.21850071847438812256 -0.23912483453750610352 -0.2674134671688079834 -0.31532832980155944824 -0.36317524313926696777 -0.38574838638305664063 -0.38603290915489196777 -0.35629630088806152344 -0.29042822122573852539 -0.21425020694732666016 -0.15013584494590759277 -0.11531646549701690674 -0.12623360753059387207 -0.14692990481853485107 -0.18545202910900115967 -0.24173204600811004639 -0.26268735527992248535 -0.20439462363719940186 -0.11326976120471954346 -0.050450503826141357422 0.014296557754278182983 0.10798192024230957031 0.20538701117038726807 0.30231651663780212402 0.4045836031436920166 0.45832434296607971191 0.43525013327598571777 0.37246060371398925781 0.35849463939666748047 0.40682137012481689453 0.40379378199577331543 0.40761542320251464844 0.44956853985786437988 0.54845130443572998047 0.6495888829231262207 0.6950791478157043457 0.70164811611175537109 0.67667156457901000977 0.62752956151962280273
-0.049333736300468444824 -0.080832533538341522217 -0.16188950836658477783 -0.22613126039505004883 -0.25157913565635681152 -0.28799936175346374512 -0.34304794669151306152 -0.3854808807373046875 -0.39079719781875610352 -0.37222829461097717285 -0.3337910771369934082 -0.25251331925392150879 -0.16454766690731048584 -0.090730585157871246338 -0.041095979511737823486 -0.040633138269186019897 -0.057061940431594848633 -0.08115100860595703125 -0.10301078110933303833 -0.11033983528614044189 -0.05158850550651550293 0.032899450510740280151 0.082470357418060302734 0.12238950282335281372 0.17884360253810882568 0.2492084801197052002 0.33344164490699768066 0.42952615022659301758 0.49973815679550170898 0.48902058601379394531 0.41942429542541503906 0.33148837089538574219 0.32985779643058776855 0.39240956306457519531 0.41552621126174926758 0.44825643301010131836 0.53384840488433837891 0.64156770706176757813 0.70652282238006591797 0.72501528263092041016 0.71727859973907470703 0.68491357564926147461
-0.039936751127243041992 -0.073966324329376220703 -0.16714638471603393555 -0.24176602065563201904 -0.27277648448944091797 -0.31653425097465515137 -0.37245333194732666016 -0.39306470751762390137 -0.37348943948745727539 -0.33838555216789245605 -0.29475942254066467285 -0.21496783196926116943 -0.13081108033657073975 -0.063291214406490325928 -0.0046205567196011543274 0.01677637733519077301 0.0029972442425787448883 -0.020556792616844177246 -0.023805186152458190918 -0.0072065326385200023651 0.04850872233510017395 0.12934488058090209961 0.17763341963291168213 0.20512799918651580811 0.23758220672607421875 0.29048642516136169434 0.36381095647811889648 0.44983604550361633301 0.52223914861679077148 0.52363193035125732422 0.46460881829261779785 0.35640546679496765137 0.26613834500312805176 0.32325485348701477051 0.39803585410118103027 0.44316092133522033691 0.52472746372222900391 0.62409853935241699219 0.69754624366760253906 0.72724884748458862305 0.73489212989807128906 0.72056949138641357422
-0.036217022687196731567 -0.080552279949188232422 -0.18590638041496276855 -0.2720546424388885498 -0.30751943588256835938 -0.35173580050468444824 -0.39195218682289123535 -0.39017724990844726563 -0.35040673613548278809 -0.30424132943153381348 -0.25529885292053222656 -0.17726948857307434082 -0.098883412778377532959 -0.034820001572370529175 0.031617075204849243164 0.067498020827770233154 0.057086180895566940308 0.036551237106323242188 0.039935510605573654175 0.062670022249221801758 0.12579500675201416016 0.1986821591854095459 0.24349300563335418701 0.27227419614791870117 0.30243965983390808105 0.34738638997077941895 0.40662181377410888672 0.47753867506980895996 0.54289299249649047852 0.5479800105094909668 0.49292716383934020996 0.38062191009521484375 0.25878381729125976563 0.23696224391460418701 0.31232923269271850586 0.40193393826484680176 0.51391643285751342773 0.61167824268341064453 0.69063752889633178711 0.73356306552886962891 0.75615739822387695313 0.75645041465759277344
-0.04988574981689453125 -0.1151296272873878479 -0.23149853944778442383 -0.31867861747741699219 -0.35128995776176452637 -0.38175690174102783203 -0.39728975296020507813 -0.37594377994537353516 -0.32174444198608398438 -0.26606315374374389648 -0.21109522879123687744 -0.13272190093994140625 -0.057596970349550247192 0.013477028347551822662 0.086130641400814056396 0.11989694088697433472 0.10932374000549316406 0.09255523979663848877 0.098979838192462921143 0.11733219772577285767 0.19080957770347595215 0.2642529904842376709 0.29353100061416625977 0.31929734349250793457 0.35586619377136230469 0.4066855013370513916 0.45688486099243164063 0.51333898305892944336 0.56472724676132202148 0.56934297084808349609 0.51901197433471679688 0.41247314214706420898 0.28870299458503723145 0.20866937935352325439 0.2059602588415145874 0.30628678202629089355 0.46098250150680541992 0.58848935365676879883 0.68800485134124755859 0.74775832891464233398 0.78595346212387084961 0.79845446348190307617
-0.10456067323684692383 -0.19149447977542877197 -0.29438149929046630859 -0.35337486863136291504 -0.3727760612964630127 -0.38575264811515808105 -0.37745967507362365723 -0.33609682321548461914 -0.27085718512535095215 -0.21039460599422454834 -0.15490439534187316895 -0.082480087876319885254 -0.013363618403673171997 0.05689934268593788147 0.12426634877920150757 0.15992648899555206299 0.15712819993495941162 0.14583738148212432861 0.15135328471660614014 0.16557827591896057129 0.2357180863618850708 0.31325066089630126953 0.33425694704055786133 0.33507648110389709473 0.35065603256225585938 0.40651139616966247559 0.46827334165573120117 0.5328038334846496582 0.57494378089904785156 0.58797132968902587891 0.55796295404434204102 0.46987417340278625488 0.35433754324913024902 0.26246106624603271484 0.21269908547401428223 0.22559499740600585938 0.32575592398643493652 0.51034110784530639648 0.6799411773681640625 0.769176483154296875 0.82619535923004150391 0.85579603910446166992
-0.21715889871120452881 -0.28859809041023254395 -0.34200337529182434082 -0.36371451616287231445 -0.36920920014381408691 -0.36730262637138366699 -0.33026245236396789551 -0.26402068138122558594 -0.19295518100261688232 -0.13707432150840759277 -0.090938650071620941162 -0.035631038248538970947 0.013302931562066078186 0.059922683984041213989 0.11227490007877349854 0.1725931018590927124 0.20053778588771820068 0.21684768795967102051 0.21722985804080963135 0.21477974951267242432 0.26788356900215148926 0.31921240687370300293 0.33229514956474304199 0.31880053877830505371 0.30713179707527160645 0.34032911062240600586 0.4146429896354675293 0.50345790386199951172 0.55378890037536621094 0.59209442138671875 0.59522396326065063477 0.53685480356216430664 0.4355176389217376709 0.33810830116271972656 0.26602792739868164063 0.20973518490791320801 0.20417258143424987793 0.37485548853874206543 0.63596260547637939453 0.78433567285537719727 0.86582571268081665039 0.91744756698608398438
-0.31770622730255126953 -0.34613922238349914551 -0.36149796843528747559 -0.3662452995777130127 -0.36627078056335449219 -0.35306063294410705566 -0.2954133450984954834 -0.21447950601577758789 -0.14397451281547546387 -0.095533110201358795166 -0.063571467995643615723 -0.034747812896966934204 -0.013648117892444133759 0.012844335287809371948 0.057842016220092773438 0.13926416635513305664 0.19739554822444915771 0.26090693473815917969 0.27419349551200866699 0.25219359993934631348 0.29505115747451782227 0.32627820968627929688 0.31711050868034362793 0.30043542385101318359 0.28309369087219238281 0.28548008203506469727 0.34397664666175842285 0.43807390332221984863 0.49986129999160766602 0.56974637508392333984 0.60649353265762329102 0.58262526988983154297 0.50144940614700317383 0.40049019455909729004 0.3180446922779083252 0.23035930097103118896 0.18446141481399536133 0.2803548276424407959 0.52737712860107421875 0.76350772380828857422 0.88568979501724243164 0.95648348331451416016
-0.35857230424880981445 -0.36560836434364318848 -0.37165078520774841309 -0.3740329444408416748 -0.37303933501243591309 -0.35439395904541015625 -0.29076367616653442383 -0.20776616036891937256 -0.141923561692237854 -0.10537170618772506714 -0.092756055295467376709 -0.089184939861297607422 -0.08269239962100982666 -0.05451842769980430603 -0.00011102241114713251591 0.084304742515087127686 0.14683949947357177734 0.24108961224555969238 0.29873692989349365234 0.2948303520679473877 0.34012103080749511719 0.37243935465812683105 0.34803608059883117676 0.3075097203254699707 0.26640161871910095215 0.26087296009063720703 0.29810848832130432129 0.37386184930801391602 0.43618854880332946777 0.5316531062126159668 0.60778015851974487305 0.62552952766418457031 0.56603509187698364258 0.45872348546981811523 0.3713608086109161377 0.26336553692817687988 0.17412175238132476807 0.22736568748950958252 0.4062353968620300293 0.67070555686950683594 0.87061554193496704102 0.96899300813674926758
-0.37506055831909179688 -0.37790977954864501953 -0.38373565673828125 -0.38776537775993347168 -0.38705626130104064941 -0.36552768945693969727 -0.2993793487548828125 -0.21844977140426635742 -0.1629298478364944458 -0.14268364012241363525 -0.14459446072578430176 -0.1553417593240737915 -0.15232691168785095215 -0.11676868796348571777 -0.04505350068211555481 0.051111683249473571777 0.11421119421720504761 0.2134167104959487915 0.30512756109237670898 0.34725475311279296875 0.40384900569915771484 0.43390831351280212402 0.40758994221687316895 0.34990867972373962402 0.2835140526294708252 0.27394723892211914063 0.30326345562934875488 0.33880469202995300293 0.37890642881393432617 0.47771278023719787598 0.58893525600433349609 0.65482026338577270508 0.62417501211166381836 0.51440900564193725586 0.41983193159103393555 0.3091487586498260498 0.18922573328018188477 0.19397304952144622803 0.32737374305725097656 0.53983139991760253906 0.76845037937164306641 0.92280638217926025391
-0.38014757633209228516 -0.3850180506706237793 -0.39300101995468139648 -0.39919206500053405762 -0.39906468987464904785 -0.37745544314384460449 -0.3137359619140625 -0.23903566598892211914 -0.19413140416145324707 -0.18499344587326049805 -0.19092123210430145264 -0.20199973881244659424 -0.19540528953075408936 -0.14990229904651641846 -0.063809260725975036621 0.043612778186798095703 0.10743840038776397705 0.19538281857967376709 0.29091104865074157715 0.36615487933158874512 0.4462521970272064209 0.4927870333194732666 0.47715651988983154297 0.40939885377883911133 0.33740341663360595703 0.3270085752010345459 0.35241821408271789551 0.36308908462524414063 0.37106782197952270508 0.43967899680137634277 0.5626678466796875 0.66315573453903198242 0.66714721918106079102 0.57032382488250732422 0.47411194443702697754 0.36987885832786560059 0.23673719167709350586 0.19442740082740783691 0.29181551933288574219 0.45810776948928833008 0.62319409847259521484 0.80119329690933227539
-0.37396076321601867676 -0.3833789825439453125 -0.39342990517616271973 -0.40070798993110656738 -0.40212199091911315918 -0.38620698451995849609 -0.33455541729927062988 -0.26774042844772338867 -0.22361747920513153076 -0.21241158246994018555 -0.21354109048843383789 -0.21113345026969909668 -0.18603801727294921875 -0.12491726875305175781 -0.033503659069538116455 0.075977817177772521973 0.140177115797996521 0.21748462319374084473 0.30387490987777709961 0.39171740412712097168 0.48436668515205383301 0.53333038091659545898 0.51375085115432739258 0.44861313700675964355 0.40579378604888916016 0.41819286346435546875 0.44463437795639038086 0.46118631958961486816 0.45869800448417663574 0.47851958870887756348 0.57166564464569091797 0.66914719343185424805 0.6977627873420715332 0.63217920064926147461 0.54767853021621704102 0.45046448707580566406 0.31716147065162658691 0.24784542620182037354 0.30666470527648925781 0.44148787856101989746 0.56547033786773681641 0.7015292048454284668
-0.34516260027885437012 -0.3609969019889831543 -0.37912422418594360352 -0.39044052362442016602 -0.3972854912281036377 -0.39055940508842468262 -0.35579949617385864258 -0.29824984073638916016 -0.24905684590339660645 -0.23076818883419036865 -0.22376184165477752686 -0.2000506967306137085 -0.14371973276138305664 -0.056556634604930877686 0.046856924891471862793 0.16064411401748657227 0.22708119451999664307 0.30897891521453857422 0.3987789452075958252 0.48492294549942016602 0.54737275838851928711 0.55054050683975219727 0.51096105575561523438 0.46937736868858337402 0.48395478725433349609 0.54084628820419311523 0.58353400230407714844 0.61148291826248168945 0.61717712879180908203 0.61323660612106323242 0.64147853851318359375 0.69158446788787841797 0.72701954841613769531 0.70501542091369628906 0.64710479974746704102 0.55854046344757080078 0.43684673309326171875 0.36133113503456115723 0.37092769145965576172 0.46063429117202758789 0.56860834360122680664 0.67229789495468139648
-0.28536242246627807617 -0.31548544764518737793 -0.35180374979972839355 -0.37128984928131103516 -0.38773989677429199219 -0.38900527358055114746 -0.36248734593391418457 -0.3074175417423248291 -0.25790181756019592285 -0.23963439464569091797 -0.22920981049537658691 -0.19113354384899139404 -0.11236530542373657227 0.00072124571306630969048 0.13520473241806030273 0.27748861908912658691 0.35778549313545227051 0.45156428217887878418 0.53604376316070556641 0.57954674959182739258 0.5538355708122253418 0.50364470481872558594 0.47658327221870422363 0.48889744281768798828 0.55059146881103515625 0.62589895725250244141 0.68134248256683349609 0.71379667520523071289 0.72396224737167358398 0.72593677043914794922 0.7321999669075012207 0.73241657018661499023 0.74209803342819213867 0.74243772029876708984 0.71705782413482666016 0.65600925683975219727 0.55970817804336547852 0.47425633668899536133 0.44339871406555175781 0.50171267986297607422 0.5960476994514465332 0.6932277679443359375
-0.25511202216148376465 -0.31200349330902099609 -0.35145556926727294922 -0.36793956160545349121 -0.3847929835319519043 -0.38261464238166809082 -0.35217741131782531738 -0.29778701066970825195 -0.25549843907356262207 -0.24272991716861724854 -0.22966840863227844238 -0.1792227625846862793 -0.083477959036827087402 0.043472651392221450806 0.19876283407211303711 0.37175995111465454102 0.47499516606330871582 0.58847665786743164063 0.657176971435546875 0.63583099842071533203 0.53540682792663574219 0.47594633698463439941 0.4797127842903137207 0.53652358055114746094 0.61573338508605957031 0.67879045009613037109 0.73014479875564575195 0.76655650138854980469 0.77938449382781982422 0.77748215198516845703 0.77405965328216552734 0.76732087135314941406 0.74800461530685424805 0.74568188190460205078 0.74476045370101928711 0.72612357139587402344 0.67832338809967041016 0.59634917974472045898 0.54261696338653564453 0.57433229684829711914 0.64299446344375610352 0.72806835174560546875
-0.25220334529876708984 -0.33079323172569274902 -0.36561685800552368164 -0.37346819043159484863 -0.37965926527976989746 -0.36670389771461486816 -0.32686543464660644531 -0.2767467498779296875 -0.2490908205509185791 -0.24586790800094604492 -0.22667478024959564209 -0.15895108878612518311 -0.048076841980218887329 0.081948064267635345459 0.23279242217540740967 0.40682137012481689453 0.52095252275466918945 0.65656125545501708984 0.72085398435592651367 0.67212808132171630859 0.57309240102767944336 0.52718180418014526367 0.54068493843078613281 0.60156786441802978516 0.66684573888778686523 0.70814913511276245117 0.74720627069473266602 0.78909569978713989258 0.80634826421737670898 0.79690033197402954102 0.77591103315353393555 0.76692169904708862305 0.74928694963455200195 0.73533797264099121094 0.74701523780822753906 0.76787286996841430664 0.77711272239685058594 0.72189432382583618164 0.65463769435882568359 0.64957189559936523438 0.68953776359558105469 0.75939309597015380859
