INPUT/RASTER/ASCII_standard/bkd.asc
ncols        225
nrows        269
xllcorner    473009.983799999987
yllcorner    4429051.174800000153
cellsize     50.000000000000
NODATA_value  -9999
[rows 108 to 125 of 269, columns 156 to 194 of 225]
0.3378867805004119873 0.3410606086254119873 0.30923405289649963379 0.27740809321403503418 0.24558152258396148682 0.21375554800033569336 0.18949662148952484131 0.19556640088558197021 0.20163618028163909912 0.20770595967769622803 0.21377573907375335693 0.21781039237976074219 0.21368549764156341553 0.20956121385097503662 0.20543631911277770996 0.20131143927574157715 0.19961114227771759033 0.20762640237808227539 0.21564108133316040039 0.22365634143352508545 0.23167161643505096436 0.23410867154598236084 0.21418775618076324463 0.19426743686199188232 0.17434652149677276611 0.15442620217800140381 0.14008350670337677002 0.14809817075729370117 0.15611344575881958008 0.16412870585918426514 0.17214338481426239014 0.18050001561641693115 0.1902262568473815918 0.19995251297950744629 0.20967875421047210693 0.21940501034259796143 0.22165802121162414551 0.1939563453197479248 0.1662546694278717041
0.34625291824340820313 0.35062298178672790527 0.31680464744567871094 0.28298628330230712891 0.24916793406009674072 0.21535018086433410645 0.18870109319686889648 0.19078668951988220215 0.19287228584289550781 0.19495788216590881348 0.19704347848892211914 0.19908276200294494629 0.20093445479869842529 0.2027861475944519043 0.20463782548904418945 0.20648892223834991455 0.20917353034019470215 0.21519701182842254639 0.22121988236904144287 0.2272427678108215332 0.23326563835144042969 0.23410867154598236084 0.21418775618076324463 0.19426743686199188232 0.17434652149677276611 0.15442620217800140381 0.13968573510646820068 0.14570862054824829102 0.1517314910888671875 0.15775437653064727783 0.16377724707126617432 0.17252868413925170898 0.19221508502960205078 0.21190208196640014648 0.23158849775791168213 0.25127491354942321777 0.25990819931030273438 0.22423873841762542725 0.18856871128082275391
0.35461905598640441895 0.36018538475036621094 0.32437524199485778809 0.28856509923934936523 0.25275436043739318848 0.21694420278072357178 0.18790556490421295166 0.18600697815418243408 0.1841083914041519165 0.18220980465412139893 0.18031181395053863525 0.18035514652729034424 0.18818341195583343506 0.19601106643676757813 0.20383873581886291504 0.21166698634624481201 0.21873652935028076172 0.22276760637760162354 0.22679810225963592529 0.23082917928695678711 0.23486027121543884277 0.23410867154598236084 0.21418775618076324463 0.19426743686199188232 0.17434652149677276611 0.15442620217800140381 0.1392879784107208252 0.14331845939159393311 0.14734955132007598877 0.15138062834739685059 0.1554117053747177124 0.16455733776092529297 0.19420391321182250977 0.22385106980800628662 0.25349763035774230957 0.28314480185508728027 0.29815834760665893555 0.25452056527137756348 0.21088214218616485596
0.36298519372940063477 0.3697477877140045166 0.33194583654403686523 0.29414331912994384766 0.25634077191352844238 0.21853823959827423096 0.18710944056510925293 0.18122726678848266602 0.1753444969654083252 0.16946232318878173828 0.16357955336570739746 0.16162812709808349609 0.17543177306652069092 0.1892360001802444458 0.20304024219512939453 0.21684446930885314941 0.22829891741275787354 0.23033761978149414063 0.23237690329551696777 0.23441559076309204102 0.23645429313182830811 0.23410867154598236084 0.21418775618076324463 0.19426743686199188232 0.17434652149677276611 0.15442620217800140381 0.13889020681381225586 0.14092890918254852295 0.14296759665012359619 0.14500688016414642334 0.14704558253288269043 0.1565860062837600708 0.19619274139404296875 0.23580005764961242676 0.27540737390518188477 0.31501469016075134277 0.33640852570533752441 0.28480234742164611816 0.23319618403911590576
0.37135130167007446289 0.37931019067764282227 0.33951583504676818848 0.29972150921821594238 0.25992718338966369629 0.2201328575611114502 0.18631391227245330811 0.17644755542278289795 0.16658060252666473389 0.15671424567699432373 0.14684729278087615967 0.14290051162242889404 0.16268073022365570068 0.18246093392372131348 0.20224113762378692627 0.22202195227146148682 0.23786190152168273926 0.23790821433067321777 0.23795510828495025635 0.23800201714038848877 0.23804891109466552734 0.23410867154598236084 0.21418775618076324463 0.19426743686199188232 0.17434652149677276611 0.15442620217800140381 0.13849245011806488037 0.13853934407234191895 0.13858565688133239746 0.13863255083560943604 0.13867945969104766846 0.14861467480659484863 0.19818215072154998779 0.2477496415376663208 0.29731711745262145996 0.34688460826873779297 0.37465870380401611328 0.31508415937423706055 0.25550961494445800781
0.36999058723449707031 0.38070058822631835938 0.34669521450996398926 0.31268924474716186523 0.27868390083312988281 0.2446785271167755127 0.21469771862030029297 0.20084659755229949951 0.18699604272842407227 0.17314492166042327881 0.15929438173770904541 0.15141031146049499512 0.16744025051593780518 0.18347018957138061523 0.1995007246732711792 0.21553066372871398926 0.22836007177829742432 0.22836007177829742432 0.22836007177829742432 0.22836007177829742432 0.22836007177829742432 0.22477068006992340088 0.20679526031017303467 0.18881984055042266846 0.1708444058895111084 0.15286898612976074219 0.1388712078332901001 0.1408167034387588501 0.14276158809661865234 0.14470708370208740234 0.1466525644063949585 0.15543426573276519775 0.19161903858184814453 0.22780379652976989746 0.26398855447769165039 0.30017331242561340332 0.31953021883964538574 0.27144041657447814941 0.22335000336170196533
0.36839658021926879883 0.38189387321472167969 0.35386449098587036133 0.32583510875701904297 0.29780572652816772461 0.26977691054344177246 0.2437826693058013916 0.22594794631004333496 0.20811322331428527832 0.19027790427207946777 0.17244318127632141113 0.16057494282722473145 0.17262069880962371826 0.18466705083847045898 0.1967128068208694458 0.20875856280326843262 0.21839931607246398926 0.21839931607246398926 0.21839931607246398926 0.21839931607246398926 0.21839931607246398926 0.21520829200744628906 0.19922465085983276367 0.18324162065982818604 0.16725799441337585449 0.15127494931221008301 0.13926897943019866943 0.14320625364780426025 0.14714354276657104492 0.15108081698417663574 0.15501810610294342041 0.1626100689172744751 0.18485049903392791748 0.20709091424942016602 0.22933132946491241455 0.25157174468040466309 0.26215526461601257324 0.22601741552352905273 0.18987955152988433838
0.36680194735527038574 0.383087158203125 0.3610337674617767334 0.33898094296455383301 0.31692752242088317871 0.29487472772598266602 0.27286821603775024414 0.25104930996894836426 0.22923040390014648438 0.20741090178489685059 0.1855919957160949707 0.16973957419395446777 0.17780114710330963135 0.18586331605911254883 0.1939248889684677124 0.20198704302310943604 0.20843915641307830811 0.20843915641307830811 0.20843915641307830811 0.20843915641307830811 0.20843915641307830811 0.20564530789852142334 0.19165405631065368652 0.17766281962394714355 0.16367156803607940674 0.14968033134937286377 0.13966673612594604492 0.14559641480445861816 0.15152548253536224365 0.15745516121387481689 0.16338422894477844238 0.16978646814823150635 0.17808195948600769043 0.18637803196907043457 0.19467410445213317871 0.20296958088874816895 0.20478031039237976074 0.18059439957141876221 0.15640909969806671143
0.36520791053771972656 0.38428047299385070801 0.36820361018180847168 0.35212677717208862305 0.33604994416236877441 0.31997251510620117188 0.30195376276969909668 0.27615067362785339355 0.25034758448600769043 0.2245438992977142334 0.19874081015586853027 0.1789042055606842041 0.18298217654228210449 0.18705956637859344482 0.19113755226135253906 0.19521494209766387939 0.19847899675369262695 0.19847899675369262695 0.19847899675369262695 0.19847899675369262695 0.19847899675369262695 0.19608290493488311768 0.18408346176147460938 0.17208459973335266113 0.16008515655994415283 0.14808630943298339844 0.14006450772285461426 0.14798596501350402832 0.15590743720531463623 0.16382889449596405029 0.1717503666877746582 0.17696227133274078369 0.17131341993808746338 0.16566514968872070313 0.16001687943935394287 0.15436802804470062256 0.14740476012229919434 0.13517139852046966553 0.12293864041566848755
0.36361390352249145508 0.38547375798225402832 0.37537288665771484375 0.36527204513549804688 0.35517176985740661621 0.34507089853286743164 0.33103927969932556152 0.30125203728675842285 0.27146476507186889648 0.24167689681053161621 0.21188962459564208984 0.18806882202625274658 0.18816262483596801758 0.18825642764568328857 0.18834963440895080566 0.18844343721866607666 0.18851824104785919189 0.18851824104785919189 0.18851824104785919189 0.18851824104785919189 0.18851824104785919189 0.18651992082595825195 0.17651285231113433838 0.16650579869747161865 0.15649874508380889893 0.14649167656898498535 0.14046226441860198975 0.15037612617015838623 0.16028937697410583496 0.17020264267921447754 0.18011648952960968018 0.18413807451725006104 0.16454488039016723633 0.14495226740837097168 0.12535907328128814697 0.10576646029949188232 0.090029798448085784912 0.089748993515968322754 0.089468181133270263672
0.35035109519958496094 0.36527204513549804688 0.35142150521278381348 0.33757096529006958008 0.32371982932090759277 0.30986928939819335938 0.2943712770938873291 0.27227097749710083008 0.25017124414443969727 0.22807154059410095215 0.20597122609615325928 0.1878960728645324707 0.1859505772590637207 0.18400569260120391846 0.18206019699573516846 0.1801147162914276123 0.17855808138847351074 0.17855808138847351074 0.17855808138847351074 0.17855808138847351074 0.17855808138847351074 0.17695751786231994629 0.16894285380840301514 0.16092759370803833008 0.15291231870651245117 0.14489765465259552002 0.14008350670337677002 0.14809817075729370117 0.15611344575881958008 0.16412870585918426514 0.17214338481426239014 0.17535756528377532959 0.15932703018188476563 0.14329709112644195557 0.12726715207099914551 0.11123721301555633545 0.098019540309906005859 0.096074052155017852783 0.094129160046577453613
0.33680748939514160156 0.3445561826229095459 0.32672145962715148926 0.30888614058494567871 0.29105141758918762207 0.27321669459342956543 0.25612109899520874023 0.2419891655445098877 0.22785781323909759521 0.21372586488723754883 0.1995945274829864502 0.18749830126762390137 0.18356102705001831055 0.17962373793125152588 0.17568646371364593506 0.17174917459487915039 0.16859792172908782959 0.16859792172908782959 0.16859792172908782959 0.16859792172908782959 0.16859792172908782959 0.16739512979984283447 0.16137225925922393799 0.15534937381744384766 0.14932650327682495117 0.14330302178859710693 0.13968573510646820068 0.14570862054824829102 0.1517314910888671875 0.15775437653064727783 0.16377724707126617432 0.16619233787059783936 0.15414658188819885254 0.14210082590579986572 0.130054473876953125 0.11800872534513473511 0.1075819358229637146 0.10364464670419692993 0.099707365036010742188
0.32326388359069824219 0.32384034991264343262 0.30202084779739379883 0.28020194172859191895 0.25838303565979003906 0.23656412959098815918 0.21787093579769134521 0.21170736849308013916 0.20554378628730773926 0.19938080012798309326 0.19321721792221069336 0.18710054457187652588 0.18117086589336395264 0.17524179816246032715 0.16931211948394775391 0.16338305175304412842 0.15863776206970214844 0.15863776206970214844 0.15863776206970214844 0.15863776206970214844 0.15863776206970214844 0.15783274173736572266 0.15380164980888366699 0.14977057278156280518 0.14574007689952850342 0.1417089998722076416 0.1392879784107208252 0.14331845939159393311 0.14734955132007598877 0.15138062834739685059 0.1554117053747177124 0.15702770650386810303 0.14896613359451293945 0.14090396463871002197 0.1328423917293548584 0.12478023022413253784 0.11714432388544082642 0.111215248703956604 0.10528557747602462769
0.30972087383270263672 0.30312389135360717773 0.27732080221176147461 0.25151771306991577148 0.22571463882923126221 0.19991095364093780518 0.1796207726001739502 0.18142555654048919678 0.18323034048080444336 0.18503512442111968994 0.18683990836143493652 0.18670277297496795654 0.17878131568431854248 0.17085984349250793457 0.16293838620185852051 0.1550169140100479126 0.14867700636386871338 0.14867700636386871338 0.14867700636386871338 0.14867700636386871338 0.14867700636386871338 0.14827033877372741699 0.14623105525970458984 0.14419235289096832275 0.14215366542339324951 0.14011496305465698242 0.13889020681381225586 0.14092890918254852295 0.14296759665012359619 0.14500688016414642334 0.14704558253288269043 0.1478630751371383667 0.14378508925437927246 0.13970769941806793213 0.13562972843647003174 0.13155233860015869141 0.12670671939849853516 0.11878525465726852417 0.11086438596248626709
0.29617723822593688965 0.28240805864334106445 0.25262078642845153809 0.22283349931240081787 0.19304564595222473145 0.16325837373733520508 0.14137059450149536133 0.15114374458789825439 0.16091689467430114746 0.17068946361541748047 0.18046261370182037354 0.18630500137805938721 0.17639115452766418457 0.16647790372371673584 0.15656463801860809326 0.14665079116821289063 0.13871686160564422607 0.13871686160564422607 0.13871686160564422607 0.13871686160564422607 0.13871686160564422607 0.13870735466480255127 0.13866104185581207275 0.13861414790153503418 0.13856725394725799561 0.13852034509181976318 0.13849245011806488037 0.13853934407234191895 0.13858565688133239746 0.13863255083560943604 0.13867945969104766846 0.13869844377040863037 0.13860465586185455322 0.13851085305213928223 0.13841764628887176514 0.13832384347915649414 0.13626970350742340088 0.12635585665702819824 0.11644259840250015259
0.27834847569465637207 0.27297151088714599609 0.24698141217231750488 0.22099073231220245361 0.1950006335973739624 0.16900993883609771729 0.14980974793434143066 0.15782442688941955566 0.16583968698978424072 0.17385496199131011963 0.18186962604522705078 0.18629550933837890625 0.1763353496789932251 0.16637519001960754395 0.15641443431377410889 0.14645427465438842773 0.13809467852115631104 0.13614919781684875488 0.13420429825782775879 0.13225880265235900879 0.13031332194805145264 0.12953382730484008789 0.13342420756816864014 0.13731458783149719238 0.14120496809482574463 0.14509534835815429688 0.14937458932399749756 0.15521045029163360596 0.1610457301139831543 0.1668815910816192627 0.17271746695041656494 0.17816506326198577881 0.18205544352531433105 0.1859458237886428833 0.18983621895313262939 0.1937271803617477417 0.19329795241355895996 0.17555703222751617432 0.15781551599502563477
0.26041698455810546875 0.26380687952041625977 0.2418009638786315918 0.21979446709156036377 0.19778795540332794189 0.17578144371509552002 0.15937215089797973633 0.16539502143859863281 0.17141790688037872314 0.17744077742099761963 0.18346424400806427002 0.18629550933837890625 0.1763353496789932251 0.16637519001960754395 0.15641443431377410889 0.14645427465438842773 0.1376969069242477417 0.13375963270664215088 0.12982234358787536621 0.12588506937026977539 0.12194778770208358765 0.12036859989166259766 0.12824316322803497314 0.13611772656440734863 0.14399288594722747803 0.15186744928359985352 0.16052804887294769287 0.17233988642692565918 0.18415173888206481934 0.19596417248249053955 0.20777601003646850586 0.21880182623863220215 0.22667638957500457764 0.23455095291137695313 0.24242551624774932861 0.2503000795841217041 0.25146904587745666504 0.225759163498878479 0.20004987716674804688
0.24248547852039337158 0.25464224815368652344 0.23661993443965911865 0.21859760582447052002 0.20057587325572967529 0.18255354464054107666 0.16893453896045684814 0.17296563088893890381 0.17699670791625976563 0.18102720379829406738 0.1850582808256149292 0.18629550933837890625 0.1763353496789932251 0.16637519001960754395 0.15641443431377410889 0.14645427465438842773 0.13729915022850036621 0.13136947154998779297 0.12544040381908416748 0.11951073259115219116 0.11358165740966796875 0.11120396852493286133 0.12306271493434906006 0.13492146134376525879 0.14678020775318145752 0.15863895416259765625 0.17168149352073669434 0.18946991860866546631 0.20725773274898529053 0.22504614293575286865 0.24283397197723388672 0.25943860411643981934 0.27129733562469482422 0.2831560969352722168 0.29501482844352722168 0.30687355995178222656 0.30963951349258422852 0.27596187591552734375 0.24228362739086151123
