INPUT/RASTER/ASCII_standard/bkd.asc
ncols        225
nrows        269
xllcorner    473009.983799999987
yllcorner    4429051.174800000153
cellsize     50.000000000000
NODATA_value  -9999
[rows 180 to 197 of 269, columns 78 to 116 of 225]
0.13620558381080627441 0.13430699706077575684 0.13240841031074523926 0.13050982356071472168 0.13296826183795928955 0.15288916230201721191 0.17280948162078857422 0.19273039698600769043 0.21265071630477905273 0.22617888450622558594 0.21408623456954956055 0.20199358463287353516 0.18990091979503631592 0.17780767381191253662 0.16855578124523162842 0.17068827152252197266 0.17282076179981231689 0.17495326697826385498 0.17708575725555419922 0.17917135357856750488 0.18106994032859802246 0.18296793103218078613 0.18486651778221130371 0.18676510453224182129 0.19145695865154266357 0.20734678208827972412 0.22323662042617797852 0.23912644386291503906 0.25501626729965209961 0.27251556515693664551 0.29646697640419006348 0.32041835784912109375 0.34437036514282226563 0.36832177639007568359 0.38630670309066772461 0.38037702441215515137 0.37444794178009033203 0.36851826310157775879 0.36258921027183532715
0.13142587244510650635 0.12554310262203216553 0.11966093629598617554 0.11377816647291183472 0.11304793506860733032 0.13296826183795928955 0.15288916230201721191 0.17280948162078857422 0.19273039698600769043 0.20745186507701873779 0.20133519172668457031 0.19521850347518920898 0.1891018301248550415 0.18298515677452087402 0.17732264101505279541 0.17347915470600128174 0.16963508725166320801 0.16579160094261169434 0.16194812953472137451 0.1600465625524520874 0.16592873632907867432 0.17181150615215301514 0.1776936948299407959 0.18357644975185394287 0.19185471534729003906 0.20973694324493408203 0.22761856019496917725 0.24550019204616546631 0.26338240504264831543 0.28207796812057495117 0.30403757095336914063 0.32599717378616333008 0.34795618057250976563 0.36991578340530395508 0.38590893149375915527 0.37798747420310974121 0.37006598711013793945 0.36214452981948852539 0.35422307252883911133
0.12664616107940673828 0.11677921563386917114 0.10691285878419876099 0.097045905888080596924 0.093127027153968811035 0.11304793506860733032 0.13296826183795928955 0.15288916230201721191 0.17280948162078857422 0.18872424960136413574 0.18858414888381958008 0.18844343721866607666 0.188303336501121521 0.18816262483596801758 0.1860895007848739624 0.17626945674419403076 0.16644999384880065918 0.15662994980812072754 0.14680989086627960205 0.14092119038105010986 0.15078754723072052002 0.16065450012683868408 0.17052085697650909424 0.1803878098726272583 0.1922524869441986084 0.21212649345397949219 0.23200051486492156982 0.25187453627586364746 0.27174794673919677734 0.29164093732833862305 0.31160816550254821777 0.3315753936767578125 0.35154259204864501953 0.37151041626930236816 0.38551115989685058594 0.37559729814529418945 0.36568406224250793457 0.35577079653739929199 0.34585693478584289551
0.072843372821807861328 0.066773600876331329346 0.060703821480274200439 0.054634634405374526978 0.053754210472106933594 0.073674529790878295898 0.093595437705516815186 0.11351575702428817749 0.13343666493892669678 0.15054473280906677246 0.15638059377670288086 0.1622158735990524292 0.1680517345666885376 0.17388761043548583984 0.17812292277812957764 0.17594352364540100098 0.17376472055912017822 0.17158532142639160156 0.1694059222936630249 0.17003878951072692871 0.18194442987442016602 0.19385008513927459717 0.20575572550296783447 0.21766136586666107178 0.23000159859657287598 0.24408663809299468994 0.25817167758941650391 0.27225673198699951172 0.28634175658226013184 0.30081447958946228027 0.31684499979019165039 0.3328749537467956543 0.34890487790107727051 0.36493483185768127441 0.3765525519847869873 0.3704827725887298584 0.36441299319267272949 0.35834321379661560059 0.35227343440055847168
0.017861539497971534729 0.015775945037603378296 0.013690348714590072632 0.011604752391576766968 0.013912978582084178925 0.033833891153335571289 0.053754210472106933594 0.073674529790878295898 0.093595437705516815186 0.11189679056406021118 0.12370863556861877441 0.13552048802375793457 0.14733232557773590088 0.15914417803287506104 0.16975381970405578613 0.17554278671741485596 0.18133175373077392578 0.18712072074413299561 0.19290968775749206543 0.20031762123107910156 0.21421565115451812744 0.22811309993267059326 0.24201053380966186523 0.25590798258781433105 0.26864951848983764648 0.27675858139991760254 0.28486707806587219238 0.29297614097595214844 0.30108460783958435059 0.30997970700263977051 0.32202544808387756348 0.33407121896743774414 0.34611755609512329102 0.35816332697868347168 0.36738732457160949707 0.36530172824859619141 0.36321613192558288574 0.36113053560256958008 0.35904493927955627441
-0.037120297551155090332 -0.035221710801124572754 -0.03332371637225151062 -0.031425129622220993042 -0.025928251445293426514 -0.0060073402710258960724 0.013912978582084178925 0.033833891153335571289 0.053754210472106933594 0.073248855769634246826 0.091037273406982421875 0.10882509499788284302 0.12661291658878326416 0.14440134167671203613 0.16138471662998199463 0.17514145374298095703 0.18889878690242767334 0.20265612006187438965 0.21641345322132110596 0.23059645295143127441 0.24648629128932952881 0.2623755335807800293 0.27826535701751708984 0.29415518045425415039 0.30729746818542480469 0.30942994356155395508 0.31156304478645324707 0.31369554996490478516 0.31582805514335632324 0.31914433836936950684 0.32720589637756347656 0.33526808023452758789 0.34332963824272155762 0.35139182209968566895 0.35822269320487976074 0.36012127995491027832 0.3620198667049407959 0.36391785740852355957 0.36581644415855407715
-0.092102132737636566162 -0.086219958961009979248 -0.080337189137935638428 -0.074455015361309051514 -0.065768890082836151123 -0.045848570764064788818 -0.025928251445293426514 -0.0060073402710258960724 0.013912978582084178925 0.034600924700498580933 0.05836531519889831543 0.082129709422588348389 0.10589410364627838135 0.12965789437294006348 0.15301503241062164307 0.17474073171615600586 0.19646643102169036865 0.21819153428077697754 0.23991721868515014648 0.26087528467178344727 0.27875691652297973633 0.29663854837417602539 0.31452015042304992676 0.33240178227424621582 0.3459453880786895752 0.34210190176963806152 0.33825844526290893555 0.33441436290740966797 0.3305708765983581543 0.32830896973609924316 0.33238694071769714355 0.33646434545516967773 0.34054231643676757813 0.3446197211742401123 0.34905806183815002441 0.35494083166122436523 0.36082300543785095215 0.36670577526092529297 0.37258794903755187988
-0.1470845639705657959 -0.13721761107444763184 -0.12735125422477722168 -0.11748430132865905762 -0.10561011731624603271 -0.08568979799747467041 -0.065768890082836151123 -0.045848570764064788818 -0.025928251445293426514 -0.0040464173071086406708 0.025693953037261962891 0.055434320122003555298 0.085174687206745147705 0.11491505801677703857 0.14464592933654785156 0.17433999478816986084 0.20403346419334411621 0.23372752964496612549 0.26342099905014038086 0.29115414619445800781 0.3110275566577911377 0.33090156316757202148 0.35077497363090515137 0.37064898014068603516 0.3845933377742767334 0.37477385997772216797 0.36495381593704223633 0.35513377189636230469 0.34531432390213012695 0.33747360110282897949 0.33756738901138305664 0.33766120672225952148 0.33775439858436584473 0.33784821629524230957 0.33989343047142028809 0.34975978732109069824 0.3596267402172088623 0.36949309706687927246 0.37936004996299743652
-0.15304391086101531982 -0.14697413146495819092 -0.14090436697006225586 -0.13483458757400512695 -0.12561058998107910156 -0.10374478250741958618 -0.081878975033760070801 -0.06001316756010055542 -0.038147360086441040039 -0.013515603728592395782 0.022200742736458778381 0.057917680591344833374 0.093634031713008880615 0.1293509751558303833 0.16273653507232666016 0.18678173422813415527 0.21082693338394165039 0.23487213253974914551 0.25891733169555664063 0.28252738714218139648 0.30439317226409912109 0.3262589871883392334 0.3481248021125793457 0.36999058723449707031 0.38472452759742736816 0.37087398767471313477 0.35702344775199890137 0.34317231178283691406 0.32932177186012268066 0.31862485408782958984 0.32057034969329833984 0.32251524925231933594 0.32446074485778808594 0.32640621066093444824 0.33072879910469055176 0.34457933902740478516 0.35842987895011901855 0.37228101491928100586 0.38613155484199523926
-0.15782304108142852783 -0.15573744475841522217 -0.1536518484354019165 -0.15156625211238861084 -0.14513313770294189453 -0.12127553671598434448 -0.097417347133159637451 -0.073559746146202087402 -0.049701549112796783447 -0.022282466292381286621 0.019409855827689170837 0.061102773994207382202 0.10279569029808044434 0.14448860287666320801 0.18146415054798126221 0.19953337311744689941 0.21760199964046478271 0.23567123711109161377 0.25373986363410949707 0.27296498417854309082 0.29682317376136779785 0.32068076729774475098 0.3445383906364440918 0.36839658021926879883 0.38392901420593261719 0.36609429121017456055 0.34825956821441650391 0.33042484521865844727 0.31258952617645263672 0.29910230636596679688 0.3030395805835723877 0.30697688460350036621 0.31091415882110595703 0.31485143303871154785 0.32156357169151306152 0.33939889073371887207 0.35723361372947692871 0.37506833672523498535 0.39290305972099304199
-0.1626027524471282959 -0.16450133919715881348 -0.16639992594718933105 -0.16829851269721984863 -0.16465628147125244141 -0.13880629837512969971 -0.11295630782842636108 -0.087106317281723022461 -0.0612563304603099823 -0.03104992397129535675 0.016619563102722167969 0.064288452267646789551 0.11195734888315200806 0.15962624549865722656 0.20019176602363586426 0.21228441596031188965 0.22437706589698791504 0.23646973073482513428 0.24856297671794891357 0.26340258121490478516 0.2892525792121887207 0.31510257720947265625 0.3409525454044342041 0.36680194735527038574 0.38313347101211547852 0.36131456494331359863 0.33949565887451171875 0.31767675280570983887 0.29585784673690795898 0.27957916259765625 0.28550884127616882324 0.29143792390823364258 0.29736757278442382813 0.30329665541648864746 0.3123989403247833252 0.33421784639358520508 0.35603675246238708496 0.37785625457763671875 0.39967516064643859863
-0.16738246381282806396 -0.17326523363590240479 -0.1791474074125289917 -0.18503017723560333252 -0.18417884409427642822 -0.15633705258369445801 -0.12849467992782592773 -0.10065289586782455444 -0.072811111807823181152 -0.039816789329051971436 0.013828676193952560425 0.067473545670509338379 0.12111900746822357178 0.17476387321949005127 0.2189187854528427124 0.22503545880317687988 0.23115214705467224121 0.23726882040500640869 0.24338549375534057617 0.25384020805358886719 0.28168198466300964355 0.30952376127243041992 0.3373661339282989502 0.36520791053771972656 0.38233795762062072754 0.35653486847877502441 0.33073177933692932129 0.30492869019508361816 0.27912560105323791504 0.26005661487579345703 0.26797807216644287109 0.27589952945709228516 0.28382101655006408691 0.29174247384071350098 0.30323430895805358887 0.32903739809989929199 0.35484048724174499512 0.38064357638359069824 0.40644666552543640137
-0.17216217517852783203 -0.18202912807464599609 -0.19189548492431640625 -0.20176243782043457031 -0.20370139181613922119 -0.17386782169342041016 -0.14403364062309265137 -0.11419947445392608643 -0.084365300834178924561 -0.04858365282416343689 0.011037789285182952881 0.070659227669239044189 0.13028067350387573242 0.18990211188793182373 0.23764640092849731445 0.23778651654720306396 0.23792721331119537354 0.2380673140287399292 0.23820802569389343262 0.24427720904350280762 0.27411139011383056641 0.3039455413818359375 0.33377972245216369629 0.36361390352249145508 0.38154241442680358887 0.35175573825836181641 0.32196846604347229004 0.29218119382858276367 0.2623939216136932373 0.24053405225276947021 0.25044730305671691895 0.26036056876182556152 0.27027443051338195801 0.28018769621849060059 0.29406967759132385254 0.32385694980621337891 0.35364422202110290527 0.38343089818954467773 0.4132181704044342041
-0.15515562891960144043 -0.16706128418445587158 -0.17896692454814910889 -0.19087198376655578613 -0.19443406164646148682 -0.16455298662185668945 -0.134672507643699646 -0.10479143261909484863 -0.0749109610915184021 -0.039063408970832824707 0.02069813944399356842 0.080460280179977416992 0.14022183418273925781 0.19998396933078765869 0.24781256914138793945 0.24781256914138793945 0.24781256914138793945 0.24781256914138793945 0.24781256914138793945 0.25183713436126708984 0.27199134230613708496 0.29214617609977722168 0.3123003840446472168 0.33245521783828735352 0.34417265653610229492 0.3220729529857635498 0.29997324943542480469 0.27787292003631591797 0.25577321648597717285 0.24007514119148254395 0.25003531575202941895 0.25999546051025390625 0.26995620131492614746 0.27991637587547302246 0.29307705163955688477 0.31906774640083312988 0.34505784511566162109 0.37104853987693786621 0.39703863859176635742
-0.13762487471103668213 -0.1515223085880279541 -0.16542035341262817383 -0.1793177872896194458 -0.18447390198707580566 -0.1545928269624710083 -0.12471234798431396484 -0.09483127295970916748 -0.064950205385684967041 -0.029103249311447143555 0.030658893287181854248 0.090420439839363098145 0.15018199384212493896 0.20994412899017333984 0.25777271389961242676 0.25777271389961242676 0.25777271389961242676 0.25777271389961242676 0.25777271389961242676 0.25980845093727111816 0.27000251412391662598 0.2801971733570098877 0.2903912663459777832 0.30058532953262329102 0.30592250823974609375 0.29179054498672485352 0.27765920758247375488 0.26352784037590026855 0.24939590692520141602 0.24007514119148254395 0.25003531575202941895 0.25999546051025390625 0.26995620131492614746 0.27991637587547302246 0.29228153824806213379 0.31428804993629455566 0.33629453182220458984 0.35830044746398925781 0.38030695915222167969
-0.1200941130518913269 -0.13598394393920898438 -0.15187376737594604492 -0.16776300966739654541 -0.17451374232769012451 -0.14463266730308532715 -0.11475159227848052979 -0.084871120750904083252 -0.054990045726299285889 -0.019143089652061462402 0.0406190529465675354 0.1003805994987487793 0.16014274954795837402 0.219904288649559021 0.26773288846015930176 0.26773288846015930176 0.26773288846015930176 0.26773288846015930176 0.26773288846015930176 0.26777979731559753418 0.26801368594169616699 0.2682476043701171875 0.26848152279853820801 0.26871541142463684082 0.26767233014106750488 0.26150876283645629883 0.25534576177597045898 0.24918217957019805908 0.24301919341087341309 0.24007514119148254395 0.25003531575202941895 0.25999546051025390625 0.26995620131492614746 0.27991637587547302246 0.29148599505424499512 0.30950832366943359375 0.32753065228462219238 0.34555238485336303711 0.36357471346855163574
-0.1025633588433265686 -0.12044498324394226074 -0.13832660019397735596 -0.15620882809162139893 -0.16455298662185668945 -0.134672507643699646 -0.10479143261909484863 -0.0749109610915184021 -0.045029886066913604736 -0.0091823376715183258057 0.050579212605953216553 0.11034075915813446045 0.17010290920734405518 0.22986444830894470215 0.27769362926483154297 0.27769362926483154297 0.27769362926483154297 0.27769362926483154297 0.27769362926483154297 0.2757511138916015625 0.26602485775947570801 0.25629863142967224121 0.24657237529754638672 0.23684611916542053223 0.22942216694355010986 0.23122695088386535645 0.23303173482418060303 0.23483711481094360352 0.2366418987512588501 0.24007514119148254395 0.25003531575202941895 0.25999546051025390625 0.26995620131492614746 0.27991637587547302246 0.29069048166275024414 0.30472859740257263184 0.31876674294471740723 0.33280488848686218262 0.34684303402900695801
-0.085032597184181213379 -0.10490661114454269409 -0.1247800290584564209 -0.14465403556823730469 -0.1545928269624710083 -0.12471234798431396484 -0.09483127295970916748 -0.064950205385684967041 -0.035069726407527923584 0.00077782163862138986588 0.060539372265338897705 0.12030151486396789551 0.18006306886672973633 0.2398246079683303833 0.28765380382537841797 0.28765380382537841797 0.28765380382537841797 0.28765380382537841797 0.28765380382537841797 0.28372246026992797852 0.26403602957725524902 0.24434962868690490723 0.22466263175010681152 0.20497623085975646973 0.191171988844871521 0.20094513893127441406 0.21071828901767730713 0.2204914391040802002 0.23026458919048309326 0.24007514119148254395 0.25003531575202941895 0.25999546051025390625 0.26995620131492614746 0.27991637587547302246 0.28989493846893310547 0.29994890093803405762 0.31000286340713500977 0.32005682587623596191 0.33011078834533691406
