INPUT/RASTER/ASCII_standard/bkd.asc
ncols        225
nrows        269
xllcorner    473009.983799999987
yllcorner    4429051.174800000153
cellsize     50.000000000000
NODATA_value  -9999
[rows 234 to 251 of 269, columns 78 to 116 of 225]
0.28487360477447509766 0.29877161979675292969 0.31266906857490539551 0.32656651735305786133 0.33889189362525939941 0.3449147641658782959 0.35093763470649719238 0.35696053504943847656 0.36298340559005737305 0.36817392706871032715 0.37002503871917724609 0.37187671661376953125 0.37372839450836181641 0.37558010220527648926 0.37627589702606201172 0.3723385930061340332 0.36840131878852844238 0.36446404457092285156 0.36052677035331726074 0.35497051477432250977 0.3429241478443145752 0.33087840676307678223 0.31883266568183898926 0.30678629875183105469 0.29196569323539733887 0.26602190732955932617 0.24007810652256011963 0.21413491666316986084 0.18819113075733184814 0.16664175689220428467 0.1627044677734375 0.15876719355583190918 0.15482990443706512451 0.15089263021945953369 0.14695534110069274902 0.1430180668830871582 0.13908018171787261963 0.13514290750026702881 0.13120561838150024414
0.27730357646942138672 0.29319283366203308105 0.3090826570987701416 0.32497248053550720215 0.33849412202835083008 0.34252461791038513184 0.3465557098388671875 0.35058677196502685547 0.35461786389350891113 0.35940647125244140625 0.36723473668098449707 0.37506240606307983398 0.3828900754451751709 0.39071771502494812012 0.39579904079437255859 0.38986936211585998535 0.38394027948379516602 0.37801060080528259277 0.37208154797554016113 0.36572620272636413574 0.35766404867172241211 0.34960246086120605469 0.34154090285301208496 0.33347871899604797363 0.32224392890930175781 0.29829251766204833984 0.27434113621711730957 0.2503897249698638916 0.22643832862377166748 0.20608521997928619385 0.20015554130077362061 0.19422647356986999512 0.18829739093780517578 0.18236772716045379639 0.17643864452838897705 0.17050898075103759766 0.16457931697368621826 0.15865023434162139893 0.15272057056427001953
0.26973298192024230957 0.28761461377143859863 0.3054962456226348877 0.32337784767150878906 0.33809635043144226074 0.34013506770133972168 0.34217375516891479492 0.34421303868293762207 0.34625172615051269531 0.35063961148262023926 0.36444383859634399414 0.37824749946594238281 0.3920517265796661377 0.40585535764694213867 0.41532158851623535156 0.4074001312255859375 0.39947864413261413574 0.39155718684196472168 0.38363572955131530762 0.37648189067840576172 0.37240448594093322754 0.36832651495933532715 0.36424854397773742676 0.36017113924026489258 0.35252276062965393066 0.33056315779685974121 0.30860415101051330566 0.28664454817771911621 0.26468494534492492676 0.24552868306636810303 0.23760722577571868896 0.22968575358390808105 0.22176429629325866699 0.21384282410144805908 0.20592136681079864502 0.19799989461898803711 0.19007843732833862305 0.18215696513652801514 0.17423550784587860107
0.26216238737106323242 0.28203639388084411621 0.30190983414649963379 0.32178384065628051758 0.3376986086368560791 0.33774548768997192383 0.33779180049896240234 0.33783870935440063477 0.33788561820983886719 0.34187275171279907227 0.36165297031402587891 0.38143318891525268555 0.40121337771415710449 0.42099359631538391113 0.43484413623809814453 0.42493087053298950195 0.41501760482788085938 0.40510377287864685059 0.39519050717353820801 0.3872375786304473877 0.38714435696601867676 0.38705056905746459961 0.38695678114891052246 0.38686355948448181152 0.38280159235000610352 0.36283379793167114258 0.34286656975746154785 0.32289934158325195313 0.30293214321136474609 0.28497216105461120605 0.27505889534950256348 0.26514503359794616699 0.25523176789283752441 0.24531851708889007568 0.23540467023849487305 0.22549140453338623047 0.21557755768299102783 0.2056637108325958252 0.19575044512748718262
0.27910363674163818359 0.2970784604549407959 0.31505388021469116211 0.33302929997444152832 0.34702709317207336426 0.34508159756660461426 0.34313669800758361816 0.34119120240211486816 0.33924573659896850586 0.3408896327018737793 0.35692015290260314941 0.37295007705688476563 0.38898003101348876953 0.40500995516777038574 0.41662767529487609863 0.41055789589881896973 0.40448811650276184082 0.39841833710670471191 0.39234855771064758301 0.38710221648216247559 0.38515672087669372559 0.38321185111999511719 0.38126635551452636719 0.37932085990905761719 0.37417486310005187988 0.35619941353797912598 0.33822458982467651367 0.32024917006492614746 0.30227375030517578125 0.2847334742546081543 0.26893746852874755859 0.2531414330005645752 0.23734541237354278564 0.22154937684535980225 0.2069187462329864502 0.19695799052715301514 0.18699783086776733398 0.17703767120838165283 0.16707691550254821777
0.29663437604904174805 0.31261742115020751953 0.32860046625137329102 0.34458407759666442871 0.35658946633338928223 0.35265219211578369141 0.34871491789817810059 0.34477764368057250977 0.34084033966064453125 0.34009408950805664063 0.3521404266357421875 0.36418619751930236816 0.37623193860054016113 0.3882783055305480957 0.39750230312347412109 0.39541670680046081543 0.39333111047744750977 0.3912455141544342041 0.38915991783142089844 0.38670444488525390625 0.38276717066764831543 0.37882989645004272461 0.37489262223243713379 0.37095531821250915527 0.36461246013641357422 0.34862941503524780273 0.33264580368995666504 0.31666275858879089355 0.30067971348762512207 0.28354018926620483398 0.26176819205284118652 0.23999558389186859131 0.21822358667850494385 0.19645157456398010254 0.17703767120838165283 0.16707751154899597168 0.15711675584316253662 0.14715659618377685547 0.13719643652439117432
0.31416454911231994629 0.32815578579902648926 0.34214702248573303223 0.35613828897476196289 0.36615186929702758789 0.36022278666496276855 0.35429310798645019531 0.34836405515670776367 0.34243437647819519043 0.33929857611656188965 0.34736073017120361328 0.35542228817939758301 0.36348447203636169434 0.37154603004455566406 0.37837749719619750977 0.38027548789978027344 0.38217407464981079102 0.38407266139984130859 0.38597124814987182617 0.38630670309066772461 0.38037702441215515137 0.37444794178009033203 0.36851826310157775879 0.36258921027183532715 0.35505005717277526855 0.34105882048606872559 0.32706758379936218262 0.31307634711265563965 0.29908508062362670898 0.28234690427780151367 0.25459831953048706055 0.22685034573078155518 0.19910176098346710205 0.17135319113731384277 0.14715659618377685547 0.13719643652439117432 0.12723627686500549316 0.11727552860975265503 0.10731536895036697388
0.33169531822204589844 0.34369474649429321289 0.35569360852241516113 0.36769306659698486328 0.37571427226066589355 0.3677927851676940918 0.35987192392349243164 0.35195046663284301758 0.34402900934219360352 0.33850303292274475098 0.34258100390434265137 0.34665900468826293945 0.35073637962341308594 0.35481438040733337402 0.35925212502479553223 0.36513489484786987305 0.37101766467094421387 0.37689983844757080078 0.3827826082706451416 0.38590893149375915527 0.37798747420310974121 0.37006598711013793945 0.36214452981948852539 0.35422307252883911133 0.34548768401145935059 0.33348822593688964844 0.3214893639087677002 0.30948990583419799805 0.2974910736083984375 0.28115358948707580566 0.24742904305458068848 0.21370449662208557129 0.1799799501895904541 0.14625538885593414307 0.11727552860975265503 0.10731536895036697388 0.097355209290981292725 0.087395049631595611572 0.077434301376342773438
0.34922605752944946289 0.35923314094543457031 0.36924019455909729004 0.37924784421920776367 0.38527724146842956543 0.37536340951919555664 0.36545014381408691406 0.35553628206253051758 0.345623016357421875 0.3377074897289276123 0.33780130743980407715 0.3378950953483581543 0.33798891305923461914 0.33808210492134094238 0.34012734889984130859 0.34999370574951171875 0.35986065864562988281 0.36972701549530029297 0.37959396839141845703 0.38551115989685058594 0.37559729814529418945 0.36568406224250793457 0.35577079653739929199 0.34585693478584289551 0.33592468500137329102 0.32591763138771057129 0.31591054797172546387 0.30590349435806274414 0.29589644074440002441 0.27996030449867248535 0.24025978147983551025 0.20055866241455078125 0.1608581244945526123 0.1211570054292678833 0.087395049631595611572 0.077434301376342773438 0.067474141716957092285 0.057513982057571411133 0.04755382239818572998
0.3371868431568145752 0.35298287868499755859 0.36877891421318054199 0.3845749199390411377 0.39561617374420166016 0.38760149478912353516 0.37958624958992004395 0.37157097458839416504 0.36355629563331604004 0.35675331950187683105 0.35480785369873046875 0.35286295413970947266 0.35091745853424072266 0.34897196292877197266 0.34823876619338989258 0.35236367583274841309 0.35648795962333679199 0.3606122434139251709 0.36473712325096130371 0.36604917049407958984 0.35608899593353271484 0.34612885117530822754 0.33616808056831359863 0.32620793581008911133 0.31508237123489379883 0.29928636550903320313 0.28349032998085021973 0.26769429445266723633 0.25189825892448425293 0.23207768797874450684 0.19612683355808258057 0.16017659008502960205 0.12422573566436767578 0.088274881243705749512 0.057902246713638305664 0.049887575209140777588 0.041872307658195495605 0.033857043832540512085 0.025842372328042984009
0.32443580031394958496 0.34620779752731323242 0.36797979474067687988 0.38975241780281066895 0.4059740900993347168 0.39995121955871582031 0.39392834901809692383 0.38790547847747802734 0.38188257813453674316 0.37627589702606201172 0.3723385930061340332 0.36840131878852844238 0.36446404457092285156 0.36052677035331726074 0.35700565576553344727 0.35515454411506652832 0.35330286622047424316 0.35145118832588195801 0.34959948062896728516 0.34612885117530822754 0.33616808056831359863 0.32620793581008911133 0.31624776124954223633 0.30628761649131774902 0.29396876692771911621 0.27219617366790771484 0.25042417645454406738 0.22865216434001922607 0.20687955617904663086 0.18307182192802429199 0.15110516548156738281 0.11913849413394927979 0.087172418832778930664 0.055205754935741424561 0.02841953374445438385 0.022396063432097434998 0.016373185440897941589 0.010350308381021022797 0.0043274308554828166962
0.31168475747108459473 0.33943274617195129395 0.36718130111694335938 0.3949298858642578125 0.41633263230323791504 0.41230154037475585938 0.40827044844627380371 0.40423995256423950195 0.40020889043807983398 0.39579904079437255859 0.38986936211585998535 0.38394027948379516602 0.37801060080528259277 0.37208154797554016113 0.36577311158180236816 0.35794484615325927734 0.35011717677116394043 0.34228950738906860352 0.3344618678092956543 0.32620793581008911133 0.31624776124954223633 0.30628761649131774902 0.29632744193077087402 0.28636670112609863281 0.27285456657409667969 0.24510657787322998047 0.21735800802707672119 0.18960942327976226807 0.16186085343360900879 0.134065970778465271 0.10608348250389099121 0.07810100167989730835 0.050118517130613327026 0.022136030718684196472 -0.001063771895132958889 -0.005094855092465877533 -0.0091253444552421569824 -0.013156427070498466492 -0.017187509685754776001
0.29893371462821960449 0.33265826106071472168 0.36638221144676208496 0.40010675787925720215 0.42669054865837097168 0.42465186119079589844 0.42261254787445068359 0.42057386040687561035 0.41853517293930053711 0.41532158851623535156 0.4074001312255859375 0.39947864413261413574 0.39155718684196472168 0.38363572955131530762 0.37453997135162353516 0.36073574423789978027 0.3469320833683013916 0.33312785625457763672 0.31932422518730163574 0.30628761649131774902 0.29632744193077087402 0.28636670112609863281 0.27640655636787414551 0.26644638180732727051 0.25174093246459960938 0.21801638603210449219 0.184291839599609375 0.15056729316711425781 0.11684214323759078979 0.085060112178325653076 0.061061806976795196533 0.037063505500555038452 0.013065204024314880371 -0.010933098383247852325 -0.030547078698873519897 -0.032585773617029190063 -0.034624468535184860229 -0.036663163453340530396 -0.038702450692653656006
0.28618207573890686035 0.32588317990303039551 0.36558371782302856445 0.4052842557430267334 0.43704846501350402832 0.4370015561580657959 0.43695467710494995117 0.43690836429595947266 0.43686145544052124023 0.43484413623809814453 0.42493087053298950195 0.41501760482788085938 0.40510377287864685059 0.39519050717353820801 0.38330683112144470215 0.36352661252021789551 0.34374639391899108887 0.32396620512008666992 0.30418598651885986328 0.28636670112609863281 0.27640655636787414551 0.26644638180732727051 0.2564862370491027832 0.2465260624885559082 0.23062732815742492676 0.19092620909214019775 0.15122568607330322266 0.11152455955743789673 0.071824029088020324707 0.03605365753173828125 0.01603953726589679718 -0.0039745820686221122742 -0.023988701403141021729 -0.044002819806337356567 -0.06002978980541229248 -0.060076691210269927979 -0.060123592615127563477 -0.060170494019985198975 -0.060217391699552536011
0.23997659981250762939 0.27398195862770080566 0.30798730254173278809 0.3419926762580871582 0.37037351727485656738 0.37620881199836730957 0.38204467296600341797 0.38788053393363952637 0.39371639490127563477 0.39639803767204284668 0.38643789291381835938 0.37647715210914611816 0.36651697754859924316 0.35655683279037475586 0.34577322006225585938 0.33168819546699523926 0.31760314106941223145 0.30351868271827697754 0.28943365812301635742 0.27656090259552001953 0.26854622364044189453 0.26053094863891601563 0.25251570343971252441 0.24450102448463439941 0.2316846698522567749 0.19962421059608459473 0.16756433248519897461 0.13550385832786560059 0.10344398766756057739 0.07303097844123840332 0.049219686537981033325 0.025408392772078514099 0.0015976928407326340675 -0.022213600575923919678 -0.04165838286280632019 -0.043603867292404174805 -0.045548763126134872437 -0.047494251281023025513 -0.049439735710620880127
0.19296608865261077881 0.22099487483501434326 0.24902427196502685547 0.27705365419387817383 0.30184450745582580566 0.31365635991096496582 0.32546821236610412598 0.33728063106536865234 0.3490924835205078125 0.35655683279037475586 0.34659665822982788086 0.33663651347160339355 0.32667574286460876465 0.31671559810638427734 0.30712530016899108887 0.29901623725891113281 0.29090774059295654297 0.28279927372932434082 0.27469080686569213867 0.26699849963188171387 0.26097562909126281738 0.2549527585506439209 0.24892987310886383057 0.24290640652179718018 0.23327572643756866455 0.20918363332748413086 0.18509152531623840332 0.16100001335144042969 0.136907920241355896 0.11207667738199234009 0.084281206130981445313 0.056486319750547409058 0.028690846636891365051 0.00089537014719098806381 -0.022135827690362930298 -0.026073109358549118042 -0.030010391026735305786 -0.03394767269492149353 -0.037884954363107681274
0.14595499634742736816 0.16800840198993682861 0.19006121158599853516 0.21211403608322143555 0.23331551253795623779 0.25110393762588500977 0.26889234781265258789 0.28668016195297241211 0.30446857213973999023 0.31671559810638427734 0.30675542354583740234 0.29679527878761291504 0.28683450818061828613 0.27687436342239379883 0.26847735047340393066 0.26634487509727478027 0.26421236991882324219 0.2620798647403717041 0.25994735956192016602 0.2574360966682434082 0.25340503454208374023 0.24937394261360168457 0.24534346163272857666 0.241312369704246521 0.23486679792404174805 0.21874305605888366699 0.20261931419372558594 0.18649557232856750488 0.17037184536457061768 0.15112237632274627686 0.11934272199869155884 0.087563656270503997803 0.055783998221158981323 0.024004934355616569519 -0.0026126813609153032303 -0.0085423514246940612793 -0.014471427537500858307 -0.02040109783411026001 -0.026330173015594482422
0.098944492638111114502 0.11502132564783096313 0.13109816610813140869 0.14717499911785125732 0.16478709876537322998 0.18855148553848266602 0.2123158872127532959 0.23608027398586273193 0.25984406471252441406 0.27687495946884155273 0.26691418886184692383 0.25695404410362243652 0.24699328839778900146 0.23703312873840332031 0.22982943058013916016 0.23367290198802947998 0.23751698434352874756 0.24136045575141906738 0.24520453810691833496 0.24787372350692749023 0.24583442509174346924 0.243795737624168396 0.24175703525543212891 0.23971834778785705566 0.2364578545093536377 0.22830247879028320313 0.22014710307121276855 0.21199172735214233398 0.20383577048778533936 0.19016808271408081055 0.15440423786640167236 0.11864098906517028809 0.082877151668071746826 0.047113902866840362549 0.01690987125039100647 0.0089884074404835700989 0.0010669435141608119011 -0.0068545206449925899506 -0.014775984920561313629
