INPUT/RASTER/ASCII_standard/bkd.asc
ncols        225
nrows        269
xllcorner    473009.983799999987
yllcorner    4429051.174800000153
cellsize     50.000000000000
NODATA_value  -9999
[rows 126 to 143 of 269, columns 39 to 77 of 225]
0.12228321284055709839 0.11028376966714859009 0.09828491508960723877 0.088274292647838592529 0.086235597729682922363 0.084196902811527252197 0.082157611846923828125 0.080118916928768157959 0.078894153237342834473 0.080933444201946258545 0.082972139120101928711 0.085010834038257598877 0.087049528956413269043 0.087506666779518127441 0.081624485552310943604 0.075741715729236602783 0.069859541952610015869 0.063976772129535675049 0.059676159173250198364 0.06171485409140586853 0.063753552734851837158 0.065792247653007507324 0.067831531167030334473 0.070230595767498016357 0.074074074625968933105 0.07791814953088760376 0.081761628389358520508 0.085605107247829437256 0.09026311337947845459 0.098184578120708465576 0.10610604286193847656 0.11402750760316848755 0.12194897234439849854 0.12828887999057769775 0.12828887999057769775 0.12828887999057769775 0.12828887999057769775 0.12828887999057769775 0.12987044453620910645
0.11670441180467605591 0.10669735074043273926 0.096690289676189422607 0.088672056794166564941 0.088625155389308929443 0.088578850030899047852 0.088531948626041412354 0.088485047221183776855 0.088457144796848297119 0.088503450155258178711 0.088550351560115814209 0.088597252964973449707 0.088644154369831085205 0.086711131036281585693 0.076844774186611175537 0.066977821290493011475 0.057111464440822601318 0.047244515269994735718 0.039357483386993408203 0.039404384791851043701 0.039451286196708679199 0.039498183876276016235 0.039544492959976196289 0.041542816907167434692 0.051362868398427963257 0.061182919889688491821 0.071002379059791564941 0.080822430551052093506 0.090660884976387023926 0.10057473182678222656 0.11048799008131027222 0.12040124833583831787 0.13031511008739471436 0.13824903964996337891 0.13824903964996337891 0.13824903964996337891 0.13824903964996337891 0.13824903964996337891 0.14022836089134216309
0.10684754699468612671 0.096886798739433288574 0.086926639080047607422 0.078955307602882385254 0.078955307602882385254 0.078955307602882385254 0.078955307602882385254 0.078955307602882385254 0.078567035496234893799 0.076621554791927337646 0.074676655232906341553 0.072731167078018188477 0.070785686373710632324 0.06801735609769821167 0.061947576701641082764 0.055877801030874252319 0.049808021634817123413 0.043738242238759994507 0.038880165666341781616 0.038880165666341781616 0.038880165666341781616 0.038880165666341781616 0.038880165666341781616 0.040480725467205047607 0.048495396971702575684 0.056510660797357559204 0.064525924623012542725 0.072540596127510070801 0.080167002975940704346 0.086236782371997833252 0.092306561768054962158 0.098376341164112091064 0.10444612056016921997 0.11046958714723587036 0.11630545556545257568 0.12214073538780212402 0.12797659635543823242 0.13381247222423553467 0.13930638134479522705
0.096886798739433288574 0.086926639080047607422 0.07696647942066192627 0.068995147943496704102 0.068995147943496704102 0.068995147943496704102 0.068995147943496704102 0.068995147943496704102 0.068209111690521240234 0.064271241426467895508 0.060333956032991409302 0.056396674364805221558 0.052459392696619033813 0.048891972750425338745 0.046806380152702331543 0.044720783829689025879 0.042635187506675720215 0.040549591183662414551 0.038880165666341781616 0.038880165666341781616 0.038880165666341781616 0.038880165666341781616 0.038880165666341781616 0.040082961320877075195 0.046105835586786270142 0.05212871357798576355 0.058151591569185256958 0.064174465835094451904 0.069411315023899078369 0.071496911346912384033 0.073583103716373443604 0.075668692588806152344 0.077754288911819458008 0.081781812012195587158 0.093593657016754150391 0.10540550202131271362 0.11721794307231903076 0.12902978062629699707 0.13811308145523071289
0.086926639080047607422 0.07696647942066192627 0.067006319761276245117 0.059034988284111022949 0.059034988284111022949 0.059034988284111022949 0.059034988284111022949 0.059034988284111022949 0.057850595563650131226 0.051921520382165908813 0.045991849154233932495 0.040062773972749710083 0.034133106470108032227 0.029767187312245368958 0.03166517987847328186 0.033563766628503799438 0.035462353378534317017 0.037360940128564834595 0.038880165666341781616 0.038880165666341781616 0.038880165666341781616 0.038880165666341781616 0.038880165666341781616 0.039685193449258804321 0.043715685606002807617 0.047746766358613967896 0.051777850836515426636 0.055808931589126586914 0.058655627071857452393 0.056757040321826934814 0.054859045892953872681 0.052960459142923355103 0.051061872392892837524 0.053094629198312759399 0.070882454514503479004 0.088670276105403900146 0.1064586937427520752 0.12424651533365249634 0.13691978156566619873
0.07696647942066192627 0.067006319761276245117 0.057046160101890563965 0.049074232578277587891 0.049074232578277587891 0.049074232578277587891 0.049074232578277587891 0.049074232578277587891 0.047492671757936477661 0.039571207016706466675 0.031649742275476455688 0.023728279396891593933 0.015806814655661582947 0.010641804896295070648 0.016524573788046836853 0.022407343611121177673 0.028289519250392913818 0.034172289073467254639 0.038880165666341781616 0.038880165666341781616 0.038880165666341781616 0.038880165666341781616 0.038880165666341781616 0.039287429302930831909 0.041326124221086502075 0.043364819139242172241 0.045404106378555297852 0.047442801296710968018 0.047899935394525527954 0.042017165571451187134 0.03613499179482460022 0.030252221971750259399 0.02436945401132106781 0.024406855925917625427 0.048171248286962509155 0.07193505018949508667 0.095699436962604522705 0.11946383118629455566 0.13572649657726287842
0.067006319761276245117 0.057046160101890563965 0.047085408121347427368 0.0391140766441822052 0.0391140766441822052 0.0391140766441822052 0.0391140766441822052 0.0391140766441822052 0.037134747952222824097 0.027221489697694778442 0.017307637259364128113 0.0073943785391747951508 -0.002519473666325211525 -0.0084829833358526229858 0.0013833745615556836128 0.011250326409935951233 0.021116683259606361389 0.030983636155724525452 0.038880165666341781616 0.038880165666341781616 0.038880165666341781616 0.038880165666341781616 0.038880165666341781616 0.038889665156602859497 0.038936566561460494995 0.038982871919870376587 0.039029773324728012085 0.039076674729585647583 0.037144247442483901978 0.027277294546365737915 0.017410937696695327759 0.0075439857318997383118 -0.0023223722819238901138 -0.0042809206061065196991 0.025459447875618934631 0.055200412869453430176 0.084940783679485321045 0.11468114703893661499 0.13453319668769836426
0.080777309834957122803 0.07276204228401184082 0.064747370779514312744 0.057555537670850753784 0.053665157407522201538 0.049774777144193649292 0.045884393155574798584 0.041994012892246246338 0.036891337484121322632 0.02693117968738079071 0.016971020027995109558 0.0070102680474519729614 -0.002949891379103064537 -0.0093206651508808135986 -0.0013059930643066763878 0.0067092725075781345367 0.01472453773021697998 0.022739209234714508057 0.029542181640863418579 0.031487669795751571655 0.033432561904191970825 0.035378050059080123901 0.037323538213968276978 0.039268430322408676147 0.041213918477296829224 0.043158814311027526855 0.04510429874062538147 0.047049786895513534546 0.046617589890956878662 0.03665743023157119751 0.026697270572185516357 0.01673651672899723053 0.0067763580009341239929 0.0043832366354763507843 0.032318819314241409302 0.060254406183958053589 0.088189989328384399414 0.11612556874752044678 0.13528241217136383057
0.095119416713714599609 0.089096538722515106201 0.083073660731315612793 0.076680921018123626709 0.068806357681751251221 0.060931794345378875732 0.053057227283716201782 0.045182663947343826294 0.036891337484121322632 0.02693117968738079071 0.016971020027995109558 0.0070102680474519729614 -0.002949891379103064537 -0.0097184302285313606262 -0.0036955527029931545258 0.0023273248225450515747 0.0083502018824219703674 0.014373079873621463776 0.01997978799045085907 0.023917069658637046814 0.027854351326823234558 0.031791634857654571533 0.035728916525840759277 0.039666198194026947021 0.043603479862213134766 0.04754076153039932251 0.051478043198585510254 0.055415324866771697998 0.056577749550342559814 0.046617589890956878662 0.03665743023157119751 0.026697270572185516357 0.01673651672899723053 0.013945630751550197601 0.039889421314001083374 0.065832614898681640625 0.091776408255100250244 0.11771959811449050903 0.13607795536518096924
0.10946152359247207642 0.10543103516101837158 0.10139995068311691284 0.095805704593658447266 0.083946958184242248535 0.072088219225406646729 0.060229469090700149536 0.048370722681283950806 0.036891337484121322632 0.02693117968738079071 0.016971020027995109558 0.0070102680474519729614 -0.002949891379103064537 -0.010116195306181907654 -0.0060857059434056282043 -0.0020546228624880313873 0.0019764602184295654297 0.0060075432993471622467 0.010417394340038299561 0.016346469521522521973 0.022276140749454498291 0.028205215930938720703 0.034134887158870697021 0.040063962340354919434 0.04599362984299659729 0.051922708749771118164 0.057852376252412796021 0.063781455159187316895 0.066537909209728240967 0.056577749550342559814 0.046617589890956878662 0.03665743023157119751 0.026697270572185516357 0.023508025333285331726 0.04745942726731300354 0.071410827338695526123 0.09536281973123550415 0.1193142235279083252 0.13687348365783691406
0.12380363047122955322 0.12176493555307388306 0.11972624063491821289 0.11493109166622161865 0.09908816218376159668 0.083245232701301574707 0.067402303218841552734 0.051559377461671829224 0.036891337484121322632 0.02693117968738079071 0.016971020027995109558 0.0070102680474519729614 -0.002949891379103064537 -0.010513960383832454681 -0.0084752654656767845154 -0.0064365705475211143494 -0.0043972814455628395081 -0.002358586527407169342 0.00085499993292614817619 0.0087764644995331764221 0.016697334125638008118 0.024618798866868019104 0.032540261745452880859 0.040461726486682891846 0.048383191227912902832 0.056304655969142913818 0.064226120710372924805 0.072147585451602935791 0.076498657464981079102 0.066537909209728240967 0.056577749550342559814 0.046617589890956878662 0.03665743023157119751 0.033070418983697891235 0.05503002554178237915 0.076989635825157165527 0.098948650062084197998 0.12090825289487838745 0.13766901195049285889
0.13814572989940643311 0.13809943199157714844 0.13805252313613891602 0.13405588269233703613 0.11422877013683319092 0.094402246177196502686 0.074575141072273254395 0.05474802851676940918 0.036891337484121322632 0.02693117968738079071 0.016971020027995109558 0.0070102680474519729614 -0.002949891379103064537 -0.010911725461483001709 -0.010864824987947940826 -0.010818517766892910004 -0.010771617293357849121 -0.010724716819822788239 -0.0087079880759119987488 0.0012058644788339734077 0.011119122616946697235 0.02103297598659992218 0.030946234241127967834 0.040859490633010864258 0.050773344933986663818 0.060686603188514709473 0.070599861443042755127 0.080513715744018554688 0.086458817124366760254 0.076498657464981079102 0.066537909209728240967 0.056577749550342559814 0.046617589890956878662 0.04263340681791305542 0.062600627541542053223 0.082567840814590454102 0.1025350615382194519 0.12250287830829620361 0.13846454024314880371
0.11358284205198287964 0.11552833020687103271 0.11747381836175918579 0.11621818691492080688 0.102133139967918396 0.088048689067363739014 0.073963649570941925049 0.059878606349229812622 0.046617589890956878662 0.03665743023157119751 0.026697270572185516357 0.01673651672899723053 0.0067763580009341239929 -0.0011949749896302819252 -0.0011949749896302819252 -0.0011949749896302819252 -0.0011949749896302819252 -0.0011949749896302819252 0.00040558463661000132561 0.0084202568978071212769 0.016435522586107254028 0.02445078827440738678 0.032465457916259765625 0.041257258504629135132 0.053162902593612670898 0.065068550407886505127 0.076974198222160339355 0.088879249989986419678 0.097196102142333984375 0.091126330196857452393 0.085056550800800323486 0.07898677140474319458 0.072916992008686065674 0.070871174335479736328 0.084956213831901550293 0.099040664732456207275 0.11312571167945861816 0.12721075117588043213 0.13848294317722320557
0.088084310293197631836 0.09202159196138381958 0.095958873629570007324 0.097490571439266204834 0.089382097125053405762 0.081273622810840606689 0.073165148496627807617 0.065056085586547851563 0.056577749550342559814 0.046617589890956878662 0.03665743023157119751 0.026697270572185516357 0.01673651672899723053 0.0087651843205094337463 0.0087651843205094337463 0.0087651843205094337463 0.0087651843205094337463 0.0087651843205094337463 0.00996797904372215271 0.015990857034921646118 0.022013733163475990295 0.028036611154675483704 0.034060083329677581787 0.041655022650957107544 0.055553056299686431885 0.069450497627258300781 0.083347938954830169678 0.097245380282402038574 0.10795179754495620728 0.10586620122194290161 0.10378000885248184204 0.10169441252946853638 0.099608816206455230713 0.099558949470520019531 0.1076674237847328186 0.11577589809894561768 0.12388496100902557373 0.13199342787265777588 0.13848294317722320557
0.062585189938545227051 0.068514265120029449463 0.074443936347961425781 0.078763544559478759766 0.076631046831607818604 0.074498556554317474365 0.072366058826446533203 0.070233561098575592041 0.066537909209728240967 0.056577749550342559814 0.046617589890956878662 0.03665743023157119751 0.026697270572185516357 0.018725343048572540283 0.018725343048572540283 0.018725343048572540283 0.018725343048572540283 0.018725343048572540283 0.019530372694134712219 0.023561455309391021729 0.027592537924647331238 0.031623028218746185303 0.035654112696647644043 0.042052786797285079956 0.057942617684602737427 0.073832444846630096436 0.0897216796875 0.10561151057481765747 0.11870748549699783325 0.12060607224702835083 0.1225040629506111145 0.12440264970064163208 0.12630124390125274658 0.12824612855911254883 0.13037863373756408691 0.13251112401485443115 0.13464361429214477539 0.13677611947059631348 0.13848294317722320557
0.037086065858602523804 0.04500753059983253479 0.052928995341062545776 0.060036525130271911621 0.063880003988742828369 0.067723482847213745117 0.071567557752132415771 0.07541103661060333252 0.076498657464981079102 0.066537909209728240967 0.056577749550342559814 0.046617589890956878662 0.03665743023157119751 0.028686096891760826111 0.028686096891760826111 0.028686096891760826111 0.028686096891760826111 0.028686096891760826111 0.029092766344547271729 0.03113205544650554657 0.033170752227306365967 0.035209447145462036133 0.037248142063617706299 0.04245055466890335083 0.060332175344228744507 0.07821439206600189209 0.096096016466617584229 0.11397764086723327637 0.12946318089962005615 0.13534593582153320313 0.14122812449932098389 0.14711089432239532471 0.15299364924430847168 0.15693390369415283203 0.15309043228626251221 0.14924634993076324463 0.1454028785228729248 0.14155939221382141113 0.13848294317722320557
0.011587535962462425232 0.021500794216990470886 0.031414054334163665771 0.041308905929327011108 0.051128957420587539673 0.060949008911848068237 0.070768468081951141357 0.080588519573211669922 0.086458817124366760254 0.076498657464981079102 0.066537909209728240967 0.056577749550342559814 0.046617589890956878662 0.038646254688501358032 0.038646254688501358032 0.038646254688501358032 0.038646254688501358032 0.038646254688501358032 0.038655754178762435913 0.038702059537172317505 0.038748960942029953003 0.038795862346887588501 0.038842763751745223999 0.042848318815231323242 0.062722332775592803955 0.082595750689506530762 0.10246975719928741455 0.12234377115964889526 0.14021886885166168213 0.15008582174777984619 0.15995217859745025635 0.16981913149356842041 0.17968548834323883057 0.18562167882919311523 0.17580163478851318359 0.16598157584667205811 0.15616212785243988037 0.14634206891059875488 0.13848294317722320557
0.030440418049693107605 0.040401171892881393433 0.050361331552267074585 0.059544362127780914307 0.065614141523838043213 0.071683920919895172119 0.077753700315952301025 0.083823479712009429932 0.086692728102207183838 0.076732568442821502686 0.066772408783435821533 0.056811656802892684937 0.046851497143507003784 0.038880165666341781616 0.038880165666341781616 0.038880165666341781616 0.038880165666341781616 0.038880165666341781616 0.038103040307760238647 0.034212656319141387939 0.030322276055812835693 0.026431895792484283447 0.02254151366651058197 0.023017052561044692993 0.040992476046085357666 0.058967307209968566895 0.076942734420299530029 0.09491815418004989624 0.11207015067338943481 0.12592068314552307129 0.13977122306823730469 0.15362235903739929199 0.16747289896011352539 0.17618098855018615723 0.16427534818649291992 0.15236969292163848877 0.14046405255794525146 0.12855899333953857422 0.12058410793542861938
