INPUT/RASTER/ASCII_standard/clay.asc
ncols        225
nrows        269
xllcorner    473009.983799999987
yllcorner    4429051.174800000153
cellsize     50.000000000000
NODATA_value  -9999
[rows 144 to 161 of 269, columns 117 to 155 of 225]
0.06426671147346496582 0.061649169772863388062 0.059031628072261810303 0.056413657963275909424 0.053796119987964630127 0.067387223243713378906 0.14594607055187225342 0.22450490295886993408 0.30306333303451538086 0.38162216544151306152 0.44430610537528991699 0.44336327910423278809 0.44242003560066223145 0.4414767920970916748 0.44053399562835693359 0.42662376165390014648 0.3607394099235534668 0.29485505819320678711 0.22897070646286010742 0.16308678686618804932 0.11088073998689651489 0.11349827796220779419 0.11611581593751907349 0.11873378604650497437 0.12135133147239685059 0.12401138991117477417 0.12684069573879241943 0.12966997921466827393 0.13249927759170532227 0.13532857596874237061 0.13576325774192810059 0.12504225969314575195 0.11078882217407226563 0.090911149978637695313 0.061263453215360641479 0.050694074481725692749 0.14678020775318145752 0.20772284269332885742 0.24982210993766784668
0.072555296123027801514 0.066334456205368041992 0.060113608837127685547 0.053892765194177627563 0.047671917825937271118 0.056760717183351516724 0.12721222639083862305 0.19766417145729064941 0.26811566948890686035 0.33856719732284545898 0.39512306451797485352 0.39598125219345092773 0.39683988690376281738 0.3976980745792388916 0.39855670928955078125 0.38716736435890197754 0.32668775320053100586 0.26620814204216003418 0.20572897791862487793 0.14524936676025390625 0.098088122904300689697 0.10430897027254104614 0.11052981764078140259 0.11675065755844116211 0.12297150492668151855 0.12743601202964782715 0.12486056983470916748 0.12228512018918991089 0.11971010267734527588 0.11713466048240661621 0.1128840520977973938 0.10074003040790557861 0.086203962564468383789 0.068492397665977478027 0.04643745720386505127 0.040398731827735900879 0.10900155454874038696 0.16324442625045776367 0.20720827579498291016
0.080843456089496612549 0.071019306778907775879 0.061195589601993560791 0.051371436566114425659 0.041547715663909912109 0.046134211122989654541 0.10847882181406021118 0.17082343995571136475 0.23316805064678192139 0.29551264643669128418 0.3459396064281463623 0.34859967231750488281 0.35125929117202758789 0.3539193570613861084 0.35657942295074462891 0.34771141409873962402 0.29263654351234436035 0.23756168782711029053 0.18248681724071502686 0.12741196155548095703 0.085295937955379486084 0.095120094716548919678 0.10494381189346313477 0.11476796120405197144 0.12459168583154678345 0.13086064159870147705 0.12288044393062591553 0.11490068584680557251 0.10692049562931060791 0.098940737545490264893 0.090373814105987548828 0.078890398144721984863 0.066373541951179504395 0.052677631378173828125 0.037627421319484710693 0.035024054348468780518 0.084825180470943450928 0.1300204843282699585 0.1712207496166229248
0.089131623506546020508 0.075704596936702728271 0.062277566641569137573 0.048850540071725845337 0.035423513501882553101 0.035507272928953170776 0.089744985103607177734 0.14398269355297088623 0.19821998476982116699 0.25245767831802368164 0.29675614833831787109 0.30121764540672302246 0.30567914247512817383 0.3101406395435333252 0.31460213661193847656 0.30825501680374145508 0.25858488678932189941 0.20891478657722473145 0.15924508869647979736 0.10957497358322143555 0.072503753006458282471 0.085930779576301574707 0.099357806146144866943 0.11278483271598815918 0.12621186673641204834 0.13428525626659393311 0.12090075761079788208 0.10751581937074661255 0.094131320714950561523 0.080746389925479888916 0.068222656846046447754 0.059139870107173919678 0.050039902329444885254 0.040922753512859344482 0.031788855791091918945 0.031722705811262130737 0.068025074899196624756 0.1042591482400894165 0.14042448997497558594
0.14227919280529022217 0.12964722514152526855 0.11701525002717971802 0.10438285022974014282 0.091750875115394592285 0.091203659772872924805 0.13909338414669036865 0.1869831085205078125 0.2348728477954864502 0.2827625572681427002 0.31865215301513671875 0.30644327402114868164 0.29423439502716064453 0.28202548623085021973 0.26981619000434875488 0.25296282768249511719 0.21749372780323028564 0.18202464282512664795 0.1465555727481842041 0.11108648031949996948 0.084519356489181518555 0.093633070588111877441 0.10274635255336761475 0.11186005920171737671 0.1209737733006477356 0.12873104214668273926 0.13105262815952301025 0.13337379693984985352 0.13569539785385131836 0.1380169987678527832 0.13561722636222839355 0.11429462581872940063 0.092972025275230407715 0.071649424731731414795 0.050326827913522720337 0.042213056236505508423 0.087040677666664123535 0.13186830282211303711 0.17669551074504852295
0.19650617241859436035 0.18477492034435272217 0.17304366827011108398 0.1613124161958694458 0.14958073198795318604 0.14849531650543212891 0.19007956981658935547 0.23166383802890777588 0.27324810624122619629 0.31483235955238342285 0.34225812554359436035 0.31293427944183349609 0.28361046314239501953 0.25428661704063415527 0.22496278584003448486 0.19729004800319671631 0.17623333632946014404 0.15517660975456237793 0.13411988317966461182 0.11306317150592803955 0.097131565213203430176 0.10174125432968139648 0.10635094344615936279 0.1109606325626373291 0.11557032167911529541 0.12296076864004135132 0.14149659872055053711 0.16003198921680450439 0.17856737971305847168 0.19710278511047363281 0.20516157150268554688 0.17122805118560791016 0.13729453086853027344 0.10336100310087203979 0.069427907466888427734 0.053019534796476364136 0.10685478150844573975 0.16069045662879943848 0.21452569961547851563
0.25073313713073730469 0.23990260064601898193 0.22907207906246185303 0.21824154257774353027 0.20741100609302520752 0.20578739047050476074 0.24106620252132415771 0.27634456753730773926 0.31162336468696594238 0.34690216183662414551 0.36586409807205200195 0.31942531466484069824 0.27298653125762939453 0.22654816508293151855 0.18010938167572021484 0.14161686599254608154 0.13497249782085418701 0.12832857668399810791 0.12168464064598083496 0.11504027992486953735 0.1097442135214805603 0.10984987020492553711 0.10995553433895111084 0.11006163060665130615 0.11016729474067687988 0.11719049513339996338 0.15194012224674224854 0.18668974936008453369 0.22143937647342681885 0.25618898868560791016 0.27470636367797851563 0.22816190123558044434 0.18161745369434356689 0.13507300615310668945 0.088528566062450408936 0.063826017081737518311 0.12666930258274078369 0.189512595534324646 0.25235590338706970215
0.30496010184288024902 0.29503029584884643555 0.28510048985481262207 0.27517068386077880859 0.26524084806442260742 0.26307904720306396484 0.29205238819122314453 0.32102572917938232422 0.34999907016754150391 0.37897196412086486816 0.38947007060050964355 0.3259163200855255127 0.26236301660537719727 0.1988092958927154541 0.13525599241256713867 0.08594366908073425293 0.093712098896503448486 0.10148053616285324097 0.10924896597862243652 0.11701739579439163208 0.12235642224550247192 0.11795849353075027466 0.11356013268232345581 0.10916220396757125854 0.1047638431191444397 0.11142022907733917236 0.16238407790660858154 0.21334794163703918457 0.26431137323379516602 0.3152752220630645752 0.34425070881843566895 0.28509533405303955078 0.22593995928764343262 0.16678458452224731445 0.10762921720743179321 0.074632495641708374023 0.14648383855819702148 0.21833474934101104736 0.29018566012382507324
0.35918709635734558105 0.35015800595283508301 0.34112888574600219727 0.33210024237632751465 0.32307112216949462891 0.32037112116813659668 0.34303900599479675293 0.36570644378662109375 0.38837432861328125 0.41104221343994140625 0.41307601332664489746 0.33240777254104614258 0.25173908472061157227 0.17107084393501281738 0.090402588248252868652 0.030270475894212722778 0.052451699972152709961 0.074632495641708374023 0.096813291311264038086 0.11899451166391372681 0.13496907055377960205 0.12606668472290039063 0.11716472357511520386 0.10826276987791061401 0.09936081618070602417 0.10564995557069778442 0.17282761633396148682 0.24000568687915802002 0.30718335509300231934 0.37436142563819885254 0.41379547119140625 0.34202918410301208496 0.27026244997978210449 0.19849616289138793945 0.12672987580299377441 0.085438974201679229736 0.16629792749881744385 0.24715688824653625488 0.32801586389541625977
0.32967469096183776855 0.3206666409969329834 0.31165900826454162598 0.30265098810195922852 0.29364293813705444336 0.29110613465309143066 0.31450548768043518066 0.33790442347526550293 0.36130380630493164063 0.38470315933227539063 0.39321380853652954102 0.34205022454261779785 0.29088708758354187012 0.23972348868846893311 0.18855990469455718994 0.14894761145114898682 0.15563406050205230713 0.16232050955295562744 0.16900695860385894775 0.17569342255592346191 0.17819240689277648926 0.1639067530632019043 0.14962109923362731934 0.13533544540405273438 0.12105023115873336792 0.12047208845615386963 0.17483693361282348633 0.22920136153697967529 0.28356578946113586426 0.33793020248413085938 0.36740180850028991699 0.29709804058074951172 0.22679471969604492188 0.15649139881134033203 0.086187638342380523682 0.044529497623443603516 0.11768316477537155151 0.19083726406097412109 0.26399135589599609375
0.29814696311950683594 0.28913933038711547852 0.28013128042221069336 0.27112367749214172363 0.26211562752723693848 0.25975880026817321777 0.28405845165252685547 0.3083585202693939209 0.33265861868858337402 0.35695868730545043945 0.37230572104454040527 0.3517691493034362793 0.33123216032981872559 0.31069517135620117188 0.2901585996150970459 0.27181991934776306152 0.26229214668273925781 0.2527643740177154541 0.24323703348636627197 0.23370924592018127441 0.22215238213539123535 0.20246198773384094238 0.182772025465965271 0.16308163106441497803 0.14339123666286468506 0.13578988611698150635 0.17664267122745513916 0.21749545633792877197 0.25834822654724121094 0.29920101165771484375 0.31821835041046142578 0.24971644580364227295 0.18121455609798431396 0.1127126738429069519 0.044210787862539291382 0.0023752483539283275604 0.067422017455101013184 0.13246922194957733154 0.19751597940921783447
0.26661965250968933105 0.2576116025447845459 0.24860396981239318848 0.23959591984748840332 0.23058830201625823975 0.2284110337495803833 0.25361183285713195801 0.27881264686584472656 0.30401343107223510742 0.32921424508094787598 0.35139805078506469727 0.36148762702941894531 0.37157723307609558105 0.38166725635528564453 0.39175686240196228027 0.39469182491302490234 0.36895024776458740234 0.34320867061614990234 0.31746667623519897461 0.29172509908676147461 0.26611235737800598145 0.24101723730564117432 0.21592251956462860107 0.1908273845911026001 0.1657326817512512207 0.15110769867897033691 0.17844884097576141357 0.20578996837139129639 0.23313067853450775146 0.26047182083129882813 0.26903486251831054688 0.2023344188928604126 0.1356344074010848999 0.068933956325054168701 0.0022335043177008628845 -0.039778999984264373779 0.017160870134830474854 0.074100740253925323486 0.13104103505611419678
0.23509232699871063232 0.22608427703380584717 0.21707665920257568359 0.20806860923767089844 0.19906099140644073486 0.19706369936466217041 0.22316521406173706055 0.24926672875881195068 0.27536824345588684082 0.3014697730541229248 0.33048993349075317383 0.37120613455772399902 0.41192275285720825195 0.45263892412185668945 0.49335554242134094238 0.5175641179084777832 0.47560834884643554688 0.43365252017974853516 0.39169672131538391113 0.34974092245101928711 0.31007236242294311523 0.27957290410995483398 0.24907301366329193115 0.21857357025146484375 0.18807367980480194092 0.16642549633979797363 0.18025499582290649414 0.19408406317234039307 0.20791313052177429199 0.22174261510372161865 0.21985183656215667725 0.15495282411575317383 0.090053819119930267334 0.025155233219265937805 -0.039743777364492416382 -0.081933245062828063965 -0.033100277185440063477 0.015732690691947937012 0.0645656585693359375
0.20356458425521850586 0.19455696642398834229 0.18554891645908355713 0.17654129862785339355 0.16753368079662322998 0.16571591794490814209 0.19271859526634216309 0.21972082555294036865 0.24672307074069976807 0.27372574806213378906 0.30958181619644165039 0.38092461228370666504 0.45226782560348510742 0.52361100912094116211 0.59495383501052856445 0.64043647050857543945 0.58226644992828369141 0.52409636974334716797 0.46592634916305541992 0.40775632858276367188 0.35403233766555786133 0.31812813878059387207 0.28222393989562988281 0.24631930887699127197 0.21041512489318847656 0.1817433089017868042 0.18206073343753814697 0.18237815797328948975 0.18269556760787963867 0.18301342427730560303 0.17066837847232818604 0.1075708046555519104 0.044473659247159957886 -0.018623486161231994629 -0.081721059978008270264 -0.12408706545829772949 -0.083361424505710601807 -0.042635355144739151001 -0.0019097168697044253349
0.21619398891925811768 0.20806561410427093506 0.19993765652179718018 0.19180928170680999756 0.18368090689182281494 0.18380117416381835938 0.21698217093944549561 0.25016316771507263184 0.28334414958953857422 0.31652471423149108887 0.35465943813323974609 0.41264820098876953125 0.4706369936466217041 0.52862578630447387695 0.58661454916000366211 0.6213328242301940918 0.56278181076049804688 0.50423121452331542969 0.44568017125129699707 0.38712912797927856445 0.33553388714790344238 0.31181707978248596191 0.28810030221939086914 0.2643839418888092041 0.24066716432571411133 0.22168591618537902832 0.22168591618537902832 0.22168591618537902832 0.22168591618537902832 0.22168591618537902832 0.20962263643741607666 0.14920617640018463135 0.088790148496627807617 0.028374111279845237732 -0.032041922211647033691 -0.073354296386241912842 -0.038096539676189422607 -0.0028392141684889793396 0.032418541610240936279
0.22988559305667877197 0.22265793383121490479 0.21543070673942565918 0.20820347964763641357 0.20097582042217254639 0.20307621359825134277 0.24256223440170288086 0.28204870223999023438 0.3215351402759552002 0.36102160811424255371 0.4013245701789855957 0.44490057229995727539 0.48847699165344238281 0.53205341100692749023 0.57562935352325439453 0.59881311655044555664 0.54026252031326293945 0.48171150684356689453 0.42316046357154846191 0.36460945010185241699 0.31553250551223754883 0.30442664027214050293 0.29332077503204345703 0.28221535682678222656 0.27110949158668518066 0.26222127676010131836 0.26222127676010131836 0.26222127676010131836 0.26222127676010131836 0.26222127676010131836 0.25069749355316162109 0.19298361241817474365 0.13526973128318786621 0.077556289732456207275 0.019842408597469329834 -0.02038626745343208313 0.0094663156196475028992 0.039319328963756561279 0.069172345101833343506
0.24357721209526062012 0.23725070059299468994 0.23092377185821533203 0.22459726035594940186 0.21827074885368347168 0.22235083580017089844 0.2681427299976348877 0.31393465399742126465 0.35972613096237182617 0.40551805496215820313 0.44798973202705383301 0.47715336084365844727 0.50631695985794067383 0.53548103570938110352 0.56464463472366333008 0.57629382610321044922 0.5177428126335144043 0.45919179916381835938 0.40064078569412231445 0.34208974242210388184 0.29553070664405822754 0.29703620076179504395 0.29854124784469604492 0.30004674196243286133 0.30155181884765625 0.3027566373348236084 0.3027566373348236084 0.3027566373348236084 0.3027566373348236084 0.3027566373348236084 0.29177233576774597168 0.23676104843616485596 0.18174932897090911865 0.12673802673816680908 0.071726739406585693359 0.032581333070993423462 0.057029601186513900757 0.081477873027324676514 0.10592614114284515381
0.25726881623268127441 0.25184303522109985352 0.24641725420951843262 0.24099145829677581787 0.23556524515151977539 0.24162544310092926025 0.2937228083610534668 0.34582018852233886719 0.39791756868362426758 0.45001494884490966797 0.49465486407279968262 0.50940614938735961914 0.52415740489959716797 0.5389086604118347168 0.55365949869155883789 0.55377417802810668945 0.49522313475608825684 0.43667212128639221191 0.3781210780143737793 0.31957048177719116211 0.27552932500839233398 0.28964573144912719727 0.30376172065734863281 0.31787815690040588379 0.33199414610862731934 0.34329199790954589844 0.34329199790954589844 0.34329199790954589844 0.34329199790954589844 0.34329199790954589844 0.33284717798233032227 0.28053805232048034668 0.22822891175746917725 0.17592020332813262939 0.12361107021570205688 0.085549362003803253174 0.10459288954734802246 0.12363641709089279175 0.14267994463443756104
