INPUT/RASTER/ASCII_standard/clay.asc
ncols        225
nrows        269
xllcorner    473009.983799999987
yllcorner    4429051.174800000153
cellsize     50.000000000000
NODATA_value  -9999
[rows 126 to 143 of 269, columns 39 to 77 of 225]
-0.37478888034820556641 -0.38830053806304931641 -0.40181216597557067871 -0.41246315836906433105 -0.41164705157279968262 -0.41083097457885742188 -0.41001486778259277344 -0.409198760986328125 -0.40527415275573730469 -0.38889071345329284668 -0.37250724434852600098 -0.35612377524375915527 -0.33974030613899230957 -0.32877403497695922852 -0.33951997756958007813 -0.35026589035987854004 -0.36101180315017700195 -0.37175771594047546387 -0.38346019387245178223 -0.39899703860282897949 -0.41453391313552856445 -0.43007078766822814941 -0.44560763239860534668 -0.44821274280548095703 -0.39898717403411865234 -0.34976160526275634766 -0.30053606629371643066 -0.25131049752235412598 -0.21126179397106170654 -0.20799738168716430664 -0.20473298430442810059 -0.20146857202053070068 -0.19820415973663330078 -0.17644301056861877441 -0.08054587244987487793 0.015351271256804466248 0.11124841868877410889 0.20714555680751800537 0.2787456214427947998
-0.36578083038330078125 -0.37929290533065795898 -0.39280456304550170898 -0.40273565053939819336 -0.3983166813850402832 -0.39389726519584655762 -0.38947787880897521973 -0.38505887985229492188 -0.37968936562538146973 -0.37051206827163696289 -0.36133521795272827148 -0.35215795040130615234 -0.34298110008239746094 -0.33832159638404846191 -0.35176965594291687012 -0.36521816253662109375 -0.37866622209548950195 -0.39211431145668029785 -0.41173553466796875 -0.45609757304191589355 -0.50045913457870483398 -0.54482114315032958984 -0.58918321132659912109 -0.61215990781784057617 -0.54942268133163452148 -0.48668506741523742676 -0.42394787073135375977 -0.36121022701263427734 -0.3074703514575958252 -0.28979358077049255371 -0.27211639285087585449 -0.25443917512893676758 -0.23676240444183349609 -0.19932952523231506348 -0.082714557647705078125 0.033900842070579528809 0.15051580965518951416 0.26713079214096069336 0.35243448615074157715
-0.2872816920280456543 -0.3051916956901550293 -0.32310128211975097656 -0.33477926254272460938 -0.32147938013076782227 -0.30817908048629760742 -0.29487916827201843262 -0.28157886862754821777 -0.26931157708168029785 -0.26118320226669311523 -0.25305524468421936035 -0.24492686986923217773 -0.23679891228675842285 -0.23281590640544891357 -0.24544787406921386719 -0.25808027386665344238 -0.27071225643157958984 -0.28334420919418334961 -0.30051544308662414551 -0.33587884902954101563 -0.37124228477478027344 -0.40660569071769714355 -0.44196912646293640137 -0.46172007918357849121 -0.41889661550521850586 -0.3760731816291809082 -0.33324930071830749512 -0.29042583703994750977 -0.2532584071159362793 -0.23876099288463592529 -0.22426402568817138672 -0.20976661145687103271 -0.19526962935924530029 -0.16414865851402282715 -0.066398099064826965332 0.03135202452540397644 0.12910257279872894287 0.22685270011425018311 0.29927402734756469727
-0.2071104198694229126 -0.22952444851398468018 -0.25193804502487182617 -0.26542177796363830566 -0.24311383068561553955 -0.22080589830875396729 -0.19849796593189239502 -0.17619001865386962891 -0.15689350664615631104 -0.14966584742069244385 -0.14243862032890319824 -0.13521096110343933105 -0.12798373401165008545 -0.12454193085432052612 -0.13627319037914276123 -0.14800444245338439941 -0.15973612666130065918 -0.17146737873554229736 -0.18593901395797729492 -0.21139365434646606445 -0.23684830963611602783 -0.26230296492576599121 -0.28775805234909057617 -0.30371585488319396973 -0.28161022067070007324 -0.25950503349304199219 -0.2373993992805480957 -0.21529376506805419922 -0.19542683660984039307 -0.18453273177146911621 -0.17363862693309783936 -0.16274453699588775635 -0.15185043215751647949 -0.12757052481174468994 -0.049637511372566223145 0.028295937925577163696 0.10622895509004592896 0.18416197597980499268 0.24306134879589080811
-0.12693913280963897705 -0.15385717153549194336 -0.18077480792999267578 -0.19606468081474304199 -0.16474869847297668457 -0.13343271613121032715 -0.10211716592311859131 -0.070801183581352233887 -0.044475022703409194946 -0.038148514926433563232 -0.031822003424167633057 -0.025495495647192001343 -0.019168557599186897278 -0.016267959028482437134 -0.027098491787910461426 -0.037929024547338485718 -0.04875955730676651001 -0.059590090066194534302 -0.07136214524507522583 -0.086908459663391113281 -0.10245434939861297607 -0.11800066381692886353 -0.13354697823524475098 -0.14571161568164825439 -0.14432424306869506836 -0.14293687045574188232 -0.14154906570911407471 -0.14016169309616088867 -0.13759526610374450684 -0.13030447065830230713 -0.12301324307918548584 -0.11572244763374328613 -0.10843165218830108643 -0.090991981327533721924 -0.032876495271921157837 0.025239421054720878601 0.083355337381362915039 0.14147125184535980225 0.18684867024421691895
-0.04676783829927444458 -0.078189484775066375732 -0.10961113125085830688 -0.12670718133449554443 -0.086383149027824401855 -0.046059548854827880859 -0.0057359468191862106323 0.034587655216455459595 0.067943036556243896484 0.073368825018405914307 0.078794613480567932129 0.084220401942729949951 0.089646190404891967773 0.092006020247936248779 0.082076206803321838379 0.072146385908126831055 0.062216576188802719116 0.052286759018898010254 0.043214283883571624756 0.037576735019683837891 0.031939189881086349487 0.026301642879843711853 0.020664095878601074219 0.012292606756091117859 -0.0070378445088863372803 -0.026368295773863792419 -0.045699175447225570679 -0.065029628574848175049 -0.079763703048229217529 -0.076076209545135498047 -0.072388291358947753906 -0.068700365722179412842 -0.065012872219085693359 -0.054413855075836181641 -0.016115475445985794067 0.022183332592248916626 0.060482144355773925781 0.098780520260334014893 0.13063599169254302979
0.033403016626834869385 -0.0025222229305654764175 -0.038447894155979156494 -0.057349674403667449951 -0.0080180261284112930298 0.041313625872135162354 0.090644843876361846924 0.13997650146484375 0.18036109209060668945 0.18488615751266479492 0.18941123783588409424 0.19393630325794219971 0.19846136868000030518 0.20027999579906463623 0.19125090539455413818 0.18222180008888244629 0.17319314181804656982 0.16416403651237487793 0.15779072046279907227 0.16206192970275878906 0.16633315384387969971 0.17060437798500061035 0.17487516999244689941 0.17029683291912078857 0.13024812936782836914 0.090199857950210571289 0.050151150673627853394 0.010102446191012859344 -0.021932136267423629761 -0.021847520023584365845 -0.021762901917099952698 -0.021678285673260688782 -0.021593669429421424866 -0.017835732549428939819 0.00064554158598184585571 0.019127245992422103882 0.037608522921800613403 0.056089796125888824463 0.074423313140869140625
0.033880222588777542114 -0.0047896979376673698425 -0.04346004873514175415 -0.063813634216785430908 -0.01075196731835603714 0.042309697717428207397 0.095371365547180175781 0.1484330296516418457 0.18951560556888580322 0.18258433043956756592 0.17565304040908813477 0.16872175037860870361 0.16179090738296508789 0.15549875795841217041 0.15176874399185180664 0.14803873002529144287 0.14430828392505645752 0.14057826995849609375 0.13866814970970153809 0.14405141770839691162 0.14943511784076690674 0.15481881797313690186 0.16020208597183227539 0.15747071802616119385 0.12221296131610870361 0.086955636739730834961 0.051697880029678344727 0.016440123319625854492 -0.011601572856307029724 -0.010721900500357151031 -0.0098422290757298469543 -0.0089629860594868659973 -0.0080833137035369873047 -0.0057140411809086799622 0.0026260924059897661209 0.010965796187520027161 0.01930592954158782959 0.027645632624626159668 0.03668804466724395752
0.032440017908811569214 -0.0089324899017810821533 -0.050304997712373733521 -0.072101794183254241943 -0.015437252819538116455 0.041227720677852630615 0.097892262041568756104 0.15455722808837890625 0.19618487358093261719 0.17754381895065307617 0.15890233218669891357 0.14026084542274475098 0.12161978334188461304 0.10703475028276443481 0.10870947688817977905 0.11038420349359512329 0.11205850541591644287 0.11373323202133178711 0.11632843315601348877 0.12261242419481277466 0.12889683246612548828 0.13518124818801879883 0.14146566390991210938 0.14053402841091156006 0.11068143695592880249 0.080828428268432617188 0.050975412130355834961 0.021122401580214500427 -0.0024139820598065853119 -0.00063359097111970186234 0.0011468000011518597603 0.0029271910898387432098 0.0047075822949409484863 0.0058191991411149501801 0.0042505650781095027924 0.0026819310151040554047 0.001113296952098608017 -0.00045533711090683937073 -0.00060223549371585249901
0.030999813228845596313 -0.013075280934572219849 -0.057150375097990036011 -0.080390386283397674561 -0.020122537389397621155 0.040145311504602432251 0.10041315853595733643 0.16068100929260253906 0.20285457372665405273 0.17250289022922515869 0.14215162396430969238 0.11179992556571960449 0.081448234617710113525 0.058570746332406997681 0.065650217235088348389 0.072729684412479400635 0.079808726906776428223 0.086888201534748077393 0.093988716602325439453 0.10117384791374206543 0.10835855454206466675 0.11554368585348129272 0.12272882461547851563 0.123597756028175354 0.099149487912654876709 0.074701219797134399414 0.050252947956323623657 0.025805108249187469482 0.0067736087366938591003 0.0094551481306552886963 0.012136258184909820557 0.014817368239164352417 0.017498478293418884277 0.017352867871522903442 0.0058754668571054935455 -0.0056019341573119163513 -0.017079336568713188171 -0.028556736186146736145 -0.03789251670241355896
0.029559178277850151062 -0.017218073830008506775 -0.063995324075222015381 -0.088678970932960510254 -0.024807821959257125854 0.039063330739736557007 0.10293405503034591675 0.16680520772933959961 0.20952385663986206055 0.16746237874031066895 0.12540048360824584961 0.083339013159275054932 0.041277114301919937134 0.010107170790433883667 0.022590955719351768494 0.03507516905665397644 0.047558952122926712036 0.060043167322874069214 0.071649000048637390137 0.079734846949577331543 0.087820701301097869873 0.095906555652618408203 0.10399241000413894653 0.10666105896234512329 0.087617538869380950928 0.068574011325836181641 0.049530483782291412354 0.030487386509776115417 0.01596162840723991394 0.019543457776308059692 0.023125717416405677795 0.026707544922828674316 0.030289374291896820068 0.028886107727885246277 0.0074999397620558738708 -0.013886229135096073151 -0.035271968692541122437 -0.056658137589693069458 -0.075183220207691192627
0.028118971735239028931 -0.02136086486279964447 -0.070840269327163696289 -0.096967138350009918213 -0.029493106529116630554 0.037980921566486358643 0.10545537620782852173 0.17292940616607666016 0.21619355678558349609 0.16242188215255737305 0.10864977538585662842 0.054878100752830505371 0.0011059949174523353577 -0.038356833159923553467 -0.020468307659029960632 -0.0025793500244617462158 0.01530917733907699585 0.033197704702615737915 0.049309276044368743896 0.058295849710702896118 0.06728242337703704834 0.0762689933180809021 0.085255563259124755859 0.089724369347095489502 0.076085582375526428223 0.062447231262922286987 0.04880844801664352417 0.035169664770364761353 0.025149220600724220276 0.02963219769299030304 0.034114744514226913452 0.038597721606492996216 0.043080270290374755859 0.040419347584247589111 0.0091244122013449668884 -0.022170094773173332214 -0.053464602679014205933 -0.084759533405303955078 -0.1124735027551651001
0.032654352486133575439 -0.0028147310949862003326 -0.038283813744783401489 -0.056869465857744216919 -0.007782645057886838913 0.041304174810647964478 0.090390995144844055176 0.13947781920433044434 0.16867364943027496338 0.11814533919095993042 0.067616596817970275879 0.017088279128074645996 -0.033440463244915008545 -0.069052577018737792969 -0.044879637658596038818 -0.020706694573163986206 0.0034662480466067790985 0.027639189735054969788 0.049135319888591766357 0.059902280569076538086 0.070669673383235931396 0.081436634063720703125 0.092203602194786071777 0.098298594355583190918 0.085666194558143615723 0.073034219443798065186 0.060401823371648788452 0.047769851982593536377 0.038559496402740478516 0.043063517659902572632 0.04756711423397064209 0.052071139216423034668 0.056575160473585128784 0.055640939623117446899 0.03290949016809463501 0.010178472846746444702 -0.012552975676953792572 -0.035283993929624557495 -0.056701518595218658447
0.037334054708480834961 0.01627733185887336731 -0.0047793891280889511108 -0.015607344917953014374 0.014563088305294513702 0.044733092188835144043 0.074903525412082672119 0.1050739586353302002 0.1198501288890838623 0.072924695909023284912 0.025999255478382110596 -0.02092618308961391449 -0.067851617932319641113 -0.099321372807025909424 -0.06884253770112991333 -0.038364134728908538818 -0.0078857317566871643066 0.022592673078179359436 0.049495261162519454956 0.06206366419792175293 0.074632495641708374023 0.087200894951820373535 0.099769726395606994629 0.10748618096113204956 0.095754928886890411377 0.084023252129554748535 0.072292000055313110352 0.060560747981071472168 0.052071139216423034668 0.056575160473585128784 0.061079185456037521362 0.06558278203010559082 0.070086807012557983398 0.070951446890830993652 0.057228043675422668457 0.043504644185304641724 0.029781242832541465759 0.016057843342423439026 0.0013100204523652791977
0.0420133247971534729 0.035368964076042175293 0.028725035488605499268 0.02565477415919303894 0.036908391863107681274 0.048162437975406646729 0.059416055679321289063 0.070670105516910552979 0.07102660834789276123 0.027704048901796340942 -0.015618083067238330841 -0.058940216898918151855 -0.10226278007030487061 -0.1295897364616394043 -0.092805445194244384766 -0.056021578609943389893 -0.019237710162997245789 0.017546584829688072205 0.049854777753353118896 0.064225047826766967773 0.078595310449600219727 0.092965580523014068604 0.10733585059642791748 0.11667377501726150513 0.1058432459831237793 0.095012709498405456543 0.084182173013687133789 0.073351643979549407959 0.06558278203010559082 0.070086807012557983398 0.074590831995010375977 0.079094856977462768555 0.083598449826240539551 0.086261518299579620361 0.081546165049076080322 0.076830387115478515625 0.072115033864974975586 0.067399255931377410889 0.05932155996561050415
0.04669259488582611084 0.054461028426885604858 0.062229461967945098877 0.066916890442371368408 0.059254124760627746582 0.051591355353593826294 0.043929018080234527588 0.0362662486732006073 0.022202663123607635498 -0.017516594380140304565 -0.057235423475503921509 -0.096954680979251861572 -0.1366739422082901001 -0.15985810756683349609 -0.11676834523677825928 -0.073679022490978240967 -0.030589690431952476501 0.012500068172812461853 0.050214719027280807495 0.066386424005031585693 0.082558132708072662354 0.098729841411113739014 0.11490154266357421875 0.12586179375648498535 0.11593198031187057495 0.10600216686725616455 0.09607235342264175415 0.08614253997802734375 0.079094424843788146973 0.083598449826240539551 0.088102474808692932129 0.092606499791145324707 0.097110517323017120361 0.10157202184200286865 0.10586428642272949219 0.11015655845403671265 0.11444882303476333618 0.11874108761548995972 0.11733266711235046387
0.051371868699789047241 0.073553092777729034424 0.095733888447284698486 0.10817858576774597168 0.081599853932857513428 0.055020701140165328979 0.028441548347473144531 0.0018623926443979144096 -0.026620857417583465576 -0.062736809253692626953 -0.09885276108980178833 -0.13496914505958557129 -0.17108508944511413574 -0.19012647867202758789 -0.14073124527931213379 -0.091336458921432495117 -0.041941668838262557983 0.007453550584614276886 0.050574235618114471436 0.068547807633876800537 0.08652095496654510498 0.10449452698230743408 0.1224676668643951416 0.13504938781261444092 0.12602029740810394287 0.1169911995530128479 0.10796210169792175293 0.098933003842830657959 0.092606499791145324707 0.097110092639923095703 0.10161411762237548828 0.10611814260482788086 0.11062216758728027344 0.11688252538442611694 0.13018241524696350098 0.14348272979259490967 0.15678304433822631836 0.17008292675018310547 0.17534421384334564209
0.039344239979982376099 0.058345675468444824219 0.077346675097942352295 0.086279556155204772949 0.054857913404703140259 0.023436265066266059875 -0.0079853814095258712769 -0.03940702974796295166 -0.06911443173885345459 -0.091951541602611541748 -0.11478865891695022583 -0.13762576878070831299 -0.16046288609504699707 -0.17042791843414306641 -0.12880112230777740479 -0.087174773216247558594 -0.045547980815172195435 -0.0039216233417391777039 0.033692948520183563232 0.055227305740118026733 0.076761230826377868652 0.098295584321022033691 0.11982951313257217407 0.13579204678535461426 0.12942300736904144287 0.12305397540330886841 0.11668494343757629395 0.11031591147184371948 0.10559111088514328003 0.10745611786842346191 0.10932155698537826538 0.11118656396865844727 0.11305157095193862915 0.11618840694427490234 0.12442244589328765869 0.13265648484230041504 0.14089052379131317139 0.14912456274032592773 0.15102136135101318359
