INPUT/RASTER/ASCII_standard/clay.asc
ncols        225
nrows        269
xllcorner    473009.983799999987
yllcorner    4429051.174800000153
cellsize     50.000000000000
NODATA_value  -9999
[rows 198 to 215 of 269, columns 39 to 77 of 225]
-0.40127527713775634766 -0.35711598396301269531 -0.31295627355575561523 -0.27702414989471435547 -0.27406772971153259277 -0.27111127972602844238 -0.26815527677536010742 -0.26519882678985595703 -0.26625460386276245117 -0.28339061141014099121 -0.30052661895751953125 -0.31766259670257568359 -0.33479860424995422363 -0.35487169027328491211 -0.38671642541885375977 -0.41856160759925842285 -0.45040631294250488281 -0.4822514951229095459 -0.50357109308242797852 -0.48270505666732788086 -0.46183863282203674316 -0.4409726262092590332 -0.42010617256164550781 -0.40628013014793395996 -0.4206714332103729248 -0.43506318330764770508 -0.44945448637008666992 -0.46384581923484802246 -0.47716245055198669434 -0.48617005348205566406 -0.49517810344696044922 -0.50418573617935180664 -0.51319336891174316406 -0.52296721935272216797 -0.53581094741821289063 -0.54865467548370361328 -0.56149888038635253906 -0.57434260845184326172 -0.57538932561874389648
-0.38524144887924194336 -0.34198245406150817871 -0.29872345924377441406 -0.26567044854164123535 -0.27352392673492431641 -0.28137698769569396973 -0.28923004865646362305 -0.29708307981491088867 -0.30661001801490783691 -0.32284528017044067383 -0.33908012509346008301 -0.35531541705131530762 -0.37155067920684814453 -0.38820517063140869141 -0.40653827786445617676 -0.42487135529518127441 -0.44320443272590637207 -0.46153753995895385742 -0.47330272197723388672 -0.4587421715259552002 -0.44418117403984069824 -0.42962062358856201172 -0.41505965590476989746 -0.40646007657051086426 -0.42175212502479553223 -0.43704459071159362793 -0.4523366093635559082 -0.46762865781784057617 -0.48166602849960327148 -0.49067407846450805664 -0.49968171119689941406 -0.50868976116180419922 -0.51769739389419555664 -0.52549284696578979492 -0.52842783927917480469 -0.5313631892204284668 -0.53429818153381347656 -0.53723359107971191406 -0.53286826610565185547
-0.36920717358589172363 -0.32684889435768127441 -0.28449106216430664063 -0.25431719422340393066 -0.272979736328125 -0.29164227843284606934 -0.31030479073524475098 -0.32896733283996582031 -0.34696540236473083496 -0.36229953169822692871 -0.3776340782642364502 -0.39296862483024597168 -0.40830320119857788086 -0.42153820395469665527 -0.42635965347290039063 -0.43118110299110412598 -0.43600255250930786133 -0.44082400202751159668 -0.44303435087203979492 -0.43477925658226013184 -0.42652374505996704102 -0.41826865077018737793 -0.41001355648040771484 -0.40664005279541015625 -0.42283281683921813965 -0.43902599811553955078 -0.45521876215934753418 -0.47141194343566894531 -0.48617005348205566406 -0.49517768621444702148 -0.50418573617935180664 -0.51319336891174316406 -0.52220141887664794922 -0.52801805734634399414 -0.52104467153549194336 -0.51407128572463989258 -0.5070978999137878418 -0.50012409687042236328 -0.49034720659255981445
-0.3531729280948638916 -0.31171536445617675781 -0.27025824785232543945 -0.24296392500400543213 -0.27243593335151672363 -0.30190753936767578125 -0.3313795626163482666 -0.36085158586502075195 -0.38732078671455383301 -0.40175420045852661133 -0.41618803143501281738 -0.43062186241149902344 -0.44505527615547180176 -0.45487168431282043457 -0.44618150591850280762 -0.43749088048934936523 -0.42880067229270935059 -0.4201100468635559082 -0.41276597976684570313 -0.41081592440605163574 -0.40886631608009338379 -0.40691667795181274414 -0.40496703982353210449 -0.40681961178779602051 -0.42391350865364074707 -0.44100740551948547363 -0.45810088515281677246 -0.47519478201866149902 -0.49067407846450805664 -0.49968171119689941406 -0.50868976116180419922 -0.51769739389419555664 -0.5267054438591003418 -0.53054368495941162109 -0.51366156339645385742 -0.49677938222885131836 -0.47989726066589355469 -0.46301510930061340332 -0.44782614707946777344
-0.33713865280151367188 -0.29658225178718566895 -0.25602585077285766602 -0.23161065578460693359 -0.27189174294471740723 -0.31217324733734130859 -0.35245433449745178223 -0.39273583889007568359 -0.42767617106437683105 -0.44120886921882629395 -0.45474198460578918457 -0.46827465295791625977 -0.48180779814720153809 -0.48820516467094421387 -0.46600288152694702148 -0.4438006281852722168 -0.42159879207611083984 -0.39939650893211364746 -0.38249760866165161133 -0.38685300946235656738 -0.39120885729789733887 -0.39556470513343811035 -0.39992052316665649414 -0.4069995880126953125 -0.42499420046806335449 -0.44298881292343139648 -0.46098300814628601074 -0.47897762060165405273 -0.49517768621444702148 -0.50418573617935180664 -0.51319336891174316406 -0.52220141887664794922 -0.53120946884155273438 -0.53306889533996582031 -0.50627839565277099609 -0.47948747873306274414 -0.45269700884819030762 -0.42590609192848205566 -0.40530508756637573242
-0.40941610932350158691 -0.37591767311096191406 -0.34241926670074462891 -0.32071784138679504395 -0.34629961848258972168 -0.37188142538070678711 -0.39746320247650146484 -0.42304500937461853027 -0.44375768303871154785 -0.44495475292205810547 -0.44615185260772705078 -0.44734895229339599609 -0.44854605197906494141 -0.44641259312629699707 -0.4309298396110534668 -0.41544708609580993652 -0.39996433258056640625 -0.38448202610015869141 -0.37421932816505432129 -0.38488063216209411621 -0.39554193615913391113 -0.40620324015617370605 -0.41686454415321350098 -0.4279403388500213623 -0.44067838788032531738 -0.45341646671295166016 -0.46615451574325561523 -0.47889259457588195801 -0.48860204219818115234 -0.48617520928382873535 -0.48374795913696289063 -0.4813207089900970459 -0.47889342904090881348 -0.47278428077697753906 -0.4519182741641998291 -0.43105223774909973145 -0.41018581390380859375 -0.38931980729103088379 -0.37387055158615112305
-0.48381841182708740234 -0.45752659440040588379 -0.4312343597412109375 -0.41224282979965209961 -0.42251110076904296875 -0.43277937173843383789 -0.44304767251014709473 -0.4533163607120513916 -0.45925500988960266113 -0.44784119725227355957 -0.43642735481262207031 -0.42501351237297058105 -0.41359969973564147949 -0.40281212329864501953 -0.39453598856925964355 -0.38625940680503845215 -0.37798327207565307617 -0.36970672011375427246 -0.36647066473960876465 -0.38343742489814758301 -0.40040418505668640137 -0.41737094521522521973 -0.43433770537376403809 -0.44938105344772338867 -0.45671436190605163574 -0.46404770016670227051 -0.47138059139251708984 -0.47871389985084533691 -0.48176011443138122559 -0.46762263774871826172 -0.45348519086837768555 -0.43934813141822814941 -0.42521068453788757324 -0.41098859906196594238 -0.39642804861068725586 -0.3818670809268951416 -0.36730653047561645508 -0.35274598002433776855 -0.34270277619361877441
-0.5582211613655090332 -0.53913509845733642578 -0.52004945278167724609 -0.50376737117767333984 -0.49872258305549621582 -0.49367734789848327637 -0.48863252997398376465 -0.48358774185180664063 -0.47475278377532958984 -0.45072802901268005371 -0.42670285701751708984 -0.40267810225486755371 -0.37865334749221801758 -0.35921165347099304199 -0.35814169049263000488 -0.35707172751426696777 -0.35600179433822631836 -0.35493141412734985352 -0.35872197151184082031 -0.3819942176342010498 -0.4052664339542388916 -0.4285386502742767334 -0.4518108665943145752 -0.47082132101058959961 -0.47274991869926452637 -0.47467848658561706543 -0.47660705447196960449 -0.47853565216064453125 -0.47491815686225891113 -0.44907048344612121582 -0.4232228398323059082 -0.39737516641616821289 -0.37152749300003051758 -0.3491929173469543457 -0.34093782305717468262 -0.3326823115348815918 -0.32442721724510192871 -0.31617215275764465332 -0.31153538823127746582
-0.63262343406677246094 -0.62074398994445800781 -0.60886454582214355469 -0.59529191255569458008 -0.57493358850479125977 -0.55457532405853271484 -0.53421700000762939453 -0.51385867595672607422 -0.49025014042854309082 -0.45361447334289550781 -0.41697877645492553711 -0.38034266233444213867 -0.34370699524879455566 -0.31561160087585449219 -0.32174783945083618164 -0.32788407802581787109 -0.33402028679847717285 -0.3401565253734588623 -0.35097330808639526367 -0.3805510103702545166 -0.41012868285179138184 -0.43970635533332824707 -0.4692840576171875 -0.49226161837577819824 -0.48878589272499084473 -0.48530972003936767578 -0.48183354735374450684 -0.47835740447044372559 -0.46807578206062316895 -0.43051835894584655762 -0.39296045899391174316 -0.35540258884429931641 -0.31784471869468688965 -0.28739681839942932129 -0.28544718027114868164 -0.28349757194519042969 -0.28154793381690979004 -0.27959832549095153809 -0.28036761283874511719
-0.70702576637268066406 -0.70235246419906616211 -0.69767963886260986328 -0.68681645393371582031 -0.65114510059356689453 -0.61547327041625976563 -0.57980185747146606445 -0.54413008689880371094 -0.50574791431427001953 -0.45650088787078857422 -0.40725427865982055664 -0.35800725221633911133 -0.30876064300537109375 -0.27201113104820251465 -0.2853539884090423584 -0.29869639873504638672 -0.31203880906105041504 -0.32538121938705444336 -0.34322464466094970703 -0.3791077733039855957 -0.41499093174934387207 -0.45087409019470214844 -0.48675721883773803711 -0.51370233297348022461 -0.50482141971588134766 -0.4959405362606048584 -0.48705962300300598145 -0.47817912697792053223 -0.46123385429382324219 -0.41196575760841369629 -0.36269769072532653809 -0.31342962384223937988 -0.26416197419166564941 -0.22560113668441772461 -0.22995696961879730225 -0.23431281745433807373 -0.23866865038871765137 -0.243024483323097229 -0.24919980764389038086
-0.73639768362045288086 -0.72045880556106567383 -0.70451986789703369141 -0.68351513147354125977 -0.6422061920166015625 -0.6008968353271484375 -0.55958789587020874023 -0.51827853918075561523 -0.4767303466796875 -0.43422430753707885742 -0.39171826839447021484 -0.34921181201934814453 -0.30670580267906188965 -0.27538508176803588867 -0.28889670968055725098 -0.30240878462791442871 -0.31592044234275817871 -0.32943207025527954102 -0.34568411111831665039 -0.37291958928108215332 -0.40015462040901184082 -0.42738968133926391602 -0.45462471246719360352 -0.47936549782752990723 -0.49410730600357055664 -0.50884908437728881836 -0.52359092235565185547 -0.53833317756652832031 -0.54041421413421630859 -0.49175092577934265137 -0.44308719038963317871 -0.39442387223243713379 -0.34576013684272766113 -0.30613237619400024414 -0.3027197718620300293 -0.29930716753005981445 -0.2958945930004119873 -0.29248198866844177246 -0.29157054424285888672
-0.76468634605407714844 -0.73703682422637939453 -0.70938771963119506836 -0.67793214321136474609 -0.63121801614761352539 -0.58450436592102050781 -0.53779065608978271484 -0.49107655882835388184 -0.4466419517993927002 -0.41134208440780639648 -0.37604224681854248047 -0.34074240922927856445 -0.30544212460517883301 -0.27988910675048828125 -0.29340073466300964355 -0.30691239237785339355 -0.32042446732521057129 -0.33393609523773193359 -0.34838971495628356934 -0.36661669611930847168 -0.38484412431716918945 -0.40307155251502990723 -0.42129853367805480957 -0.44368636608123779297 -0.48274973034858703613 -0.52181267738342285156 -0.5608755946159362793 -0.59993898868560791016 -0.62166488170623779297 -0.57390189170837402344 -0.52613931894302368164 -0.47837671637535095215 -0.43061369657516479492 -0.39008823037147521973 -0.37856829166412353516 -0.36704879999160766602 -0.35552889108657836914 -0.3440093696117401123 -0.33571004867553710938
-0.79297459125518798828 -0.75361531972885131836 -0.71425598859786987305 -0.67234873771667480469 -0.62023031711578369141 -0.56811183691024780273 -0.51599341630935668945 -0.46387502551078796387 -0.41655355691909790039 -0.38845989108085632324 -0.36036622524261474609 -0.33227255940437316895 -0.3041788935661315918 -0.28439271450042724609 -0.29790475964546203613 -0.31141641736030578613 -0.32492849230766296387 -0.33844012022018432617 -0.35109487175941467285 -0.36031424999237060547 -0.36953362822532653809 -0.3787530064582824707 -0.38797280192375183105 -0.40800768136978149414 -0.47139173746109008789 -0.53477579355239868164 -0.59816032648086547852 -0.66154438257217407227 -0.702915191650390625 -0.65605330467224121094 -0.60919141769409179688 -0.5623295903205871582 -0.51546728610992431641 -0.47404363751411437988 -0.45441681146621704102 -0.43479043245315551758 -0.41516360640525817871 -0.39553678035736083984 -0.37985000014305114746
-0.82126283645629882813 -0.77019333839416503906 -0.71912384033203125 -0.66676568984985351563 -0.60924255847930908203 -0.55171936750411987305 -0.49419620633125305176 -0.43667304515838623047 -0.38646516203880310059 -0.3655776679515838623 -0.34469017386436462402 -0.32380270957946777344 -0.30291563272476196289 -0.28889670968055725098 -0.30240878462791442871 -0.31592044234275817871 -0.32943207025527954102 -0.34294414520263671875 -0.35380002856254577637 -0.35401177406311035156 -0.35422354936599731445 -0.35443487763404846191 -0.35464662313461303711 -0.37232854962348937988 -0.46003419160842895508 -0.54773938655853271484 -0.63544499874114990234 -0.72315019369125366211 -0.78416585922241210938 -0.73820471763610839844 -0.69224315881729125977 -0.64628195762634277344 -0.6003208160400390625 -0.55799949169158935547 -0.53026574850082397461 -0.50253164768218994141 -0.47479790449142456055 -0.44706416130065917969 -0.42398995161056518555
-0.8495514988899230957 -0.7867717742919921875 -0.7239920496940612793 -0.66118270158767700195 -0.59825479984283447266 -0.53532689809799194336 -0.47239899635314941406 -0.40947106480598449707 -0.35637676715850830078 -0.34269544482231140137 -0.32901415228843688965 -0.31533327698707580566 -0.30165198445320129395 -0.29340073466300964355 -0.30691239237785339355 -0.32042446732521057129 -0.33393609523773193359 -0.34744817018508911133 -0.35650518536567687988 -0.34770932793617248535 -0.33891305327415466309 -0.33011674880981445313 -0.32132044434547424316 -0.33664986491203308105 -0.44867619872093200684 -0.56070291996002197266 -0.67272925376892089844 -0.78475600481033325195 -0.86541610956192016602 -0.8203557133674621582 -0.775295257568359375 -0.7302348017692565918 -0.68517440557479858398 -0.64195489883422851563 -0.60611432790756225586 -0.57027322053909301758 -0.53443264961242675781 -0.49859157204627990723 -0.46812990307807922363
-0.84621667861938476563 -0.79006499052047729492 -0.73844093084335327148 -0.68796718120574951172 -0.62755113840103149414 -0.56713509559631347656 -0.50671911239624023438 -0.4463030397891998291 -0.39577946066856384277 -0.38490641117095947266 -0.37403336167335510254 -0.36316072940826416016 -0.35228767991065979004 -0.34505441784858703613 -0.35240879654884338379 -0.35976314544677734375 -0.36711752414703369141 -0.3744723200798034668 -0.38014036417007446289 -0.37904894351959228516 -0.37795752286911010742 -0.37686607241630554199 -0.37577506899833679199 -0.39316922426223754883 -0.48465642333030700684 -0.57614362239837646484 -0.66763079166412353516 -0.75911796092987060547 -0.82229030132293701172 -0.7719733119010925293 -0.72165632247924804688 -0.67133933305740356445 -0.62102276086807250977 -0.57478755712509155273 -0.54491353034973144531 -0.5150394439697265625 -0.48516538739204406738 -0.4552917778491973877 -0.43081343173980712891
-0.84095668792724609375 -0.79353171586990356445 -0.75411224365234375 -0.71552997827529907227 -0.65781652927398681641 -0.60010266304016113281 -0.54238921403884887695 -0.48467531800270080566 -0.43685430288314819336 -0.42868384718894958496 -0.42051294445991516113 -0.41234245896339416504 -0.40417200326919555664 -0.39784246683120727539 -0.39889138936996459961 -0.39994028210639953613 -0.40098920464515686035 -0.40203809738159179688 -0.40427851676940917969 -0.41129443049430847168 -0.41830989718437194824 -0.42532578110694885254 -0.43234169483184814453 -0.45190751552581787109 -0.52177572250366210938 -0.59164440631866455078 -0.66151261329650878906 -0.73138082027435302734 -0.77617192268371582031 -0.72045022249221801758 -0.66472846269607543945 -0.60900717973709106445 -0.55328541994094848633 -0.50398385524749755859 -0.48041525483131408691 -0.45684710144996643066 -0.43327850103378295898 -0.4097099006175994873 -0.39153701066970825195
-0.83392876386642456055 -0.797634124755859375 -0.77089220285415649414 -0.74309313297271728516 -0.68808186054229736328 -0.63307058811187744141 -0.57805931568145751953 -0.52304798364639282227 -0.47792914509773254395 -0.47246083617210388184 -0.46699252724647521973 -0.46152463555335998535 -0.45605632662773132324 -0.45063009858131408691 -0.44537398219108581543 -0.44011741876602172852 -0.4348608553409576416 -0.42960432171821594238 -0.42841708660125732422 -0.44353988766670227051 -0.4586626887321472168 -0.47378548979759216309 -0.48890829086303710938 -0.51064580678939819336 -0.55889505147933959961 -0.60714471340179443359 -0.65539443492889404297 -0.70364362001419067383 -0.73005354404449462891 -0.66892707347869873047 -0.60780060291290283203 -0.54667460918426513672 -0.48554810881614685059 -0.43318012356758117676 -0.41591697931289672852 -0.3986542820930480957 -0.38139113783836364746 -0.36412802338600158691 -0.35226103663444519043
