INPUT/RASTER/ASCII_standard/clay.asc
ncols        225
nrows        269
xllcorner    473009.983799999987
yllcorner    4429051.174800000153
cellsize     50.000000000000
NODATA_value  -9999
[rows 108 to 125 of 269, columns 78 to 116 of 225]
0.21093098819255828857 0.22718730568885803223 0.24344362318515777588 0.25970038771629333496 0.28008103370666503906 0.31699204444885253906 0.35390305519104003906 0.39081403613090515137 0.42772504687309265137 0.4561481773853302002 0.45055314898490905762 0.44495812058448791504 0.43936309218406677246 0.43376764655113220215 0.41891932487487792969 0.36698171496391296387 0.31504455208778381348 0.26310697197914123535 0.21116979420185089111 0.16573911905288696289 0.14638718962669372559 0.12703569233417510986 0.10768419504165649414 0.088332697749137878418 0.074137680232524871826 0.08061237633228302002 0.087087497115135192871 0.093562193214893341064 0.10003688931465148926 0.10313249379396438599 0.092682525515556335449 0.08223298192024230957 0.071783438324928283691 0.061333894729614257813 0.055605288594961166382 0.068799510598182678223 0.081994161009788513184 0.095188386738300323486 0.10838260501623153687
0.19525796175003051758 0.20971284806728363037 0.22416773438453674316 0.23862262070178985596 0.2577413022518157959 0.29555302858352661133 0.33336475491523742676 0.37117648124694824219 0.40898820757865905762 0.43975138664245605469 0.4422632753849029541 0.44477513432502746582 0.44728702306747436523 0.44979891180992126465 0.44647479057312011719 0.41975948214530944824 0.3930441439151763916 0.36632883548736572266 0.33961352705955505371 0.31041124463081359863 0.27124264836311340332 0.23207360506057739258 0.19290457665920257568 0.15373598039150238037 0.12224216759204864502 0.12151068449020385742 0.12077920138835906982 0.1200477108359336853 0.11931622773408889771 0.11358632892370223999 0.087823279201984405518 0.062060657888650894165 0.03629760444164276123 0.010534550994634628296 -0.0047514699399471282959 0.021954394876956939697 0.048660691827535629272 0.075366556644439697266 0.10207284986972808838
0.17958493530750274658 0.19223795831203460693 0.20489139854907989502 0.21754485368728637695 0.23540158569812774658 0.27411404252052307129 0.31282648444175720215 0.35153934359550476074 0.3902517855167388916 0.42335462570190429688 0.43397340178489685059 0.44459259510040283203 0.45521137118339538574 0.46583056449890136719 0.47403067350387573242 0.47253721952438354492 0.47104376554489135742 0.46955028176307678223 0.46805682778358459473 0.45508378744125366211 0.39609766006469726563 0.33711153268814086914 0.27812537550926208496 0.21913924813270568848 0.17034623026847839355 0.16240856051445007324 0.15447089076042175293 0.14653280377388000488 0.13859513401985168457 0.12404059618711471558 0.082964032888412475586 0.041887901723384857178 0.00081176869571208953857 -0.040264796465635299683 -0.065108232200145721436 -0.024890720844268798828 0.015327217057347297668 0.055545154958963394165 0.095763094723224639893
0.163911476731300354 0.17476348578929901123 0.18561506271362304688 0.1964670717716217041 0.21306186914443969727 0.25267502665519714355 0.29228863120079040527 0.33190178871154785156 0.37151494622230529785 0.40695783495903015137 0.42568349838256835938 0.44440960884094238281 0.46313571929931640625 0.48186182975769042969 0.50158655643463134766 0.5253149867057800293 0.54904377460479736328 0.57277214527130126953 0.59650051593780517578 0.59975594282150268555 0.52095270156860351563 0.44214943051338195801 0.36334577202796936035 0.28454253077507019043 0.21845029294490814209 0.20330643653869628906 0.18816259503364562988 0.17301832139492034912 0.15787446498870849609 0.1344944387674331665 0.078104794025421142578 0.021715577691793441772 -0.034674067050218582153 -0.091063708066940307617 -0.1254654228687286377 -0.071735836565494537354 -0.018006255850195884705 0.035723324865102767944 0.089452907443046569824
0.14823845028877258301 0.15728902816772460938 0.16633917391300201416 0.1753893047571182251 0.19072215259075164795 0.23123602569103240967 0.27175033092498779297 0.31226423382759094238 0.35277852416038513184 0.39056062698364257813 0.41739407181739807129 0.44422706961631774902 0.47106006741523742676 0.49789306521415710449 0.52914249897003173828 0.57809269428253173828 0.62704336643218994141 0.6759936213493347168 0.72494429349899291992 0.74442851543426513672 0.64580768346786499023 0.54718691110610961914 0.44856658577919006348 0.34994581341743469238 0.26655477285385131836 0.24420432746410369873 0.22185429930686950684 0.19950383901596069336 0.17715337872505187988 0.14494870603084564209 0.073245979845523834229 0.0015428243204951286316 -0.070160329341888427734 -0.14186306297779083252 -0.18582217395305633545 -0.11858095228672027588 -0.051339298486709594727 0.015901925042271614075 0.083143152296543121338
0.13872012495994567871 0.15476512908935546875 0.17080968618392944336 0.1868546903133392334 0.20708714425563812256 0.24410381913185119629 0.28112047910690307617 0.31813758611679077148 0.35515424609184265137 0.38824376463890075684 0.40559107065200805664 0.42293882369995117188 0.44028657674789428711 0.45763432979583740234 0.47965449094772338867 0.52040117979049682617 0.56114828586578369141 0.60189497470855712891 0.64264208078384399414 0.65423804521560668945 0.54899436235427856445 0.44375070929527282715 0.33850750327110290527 0.23326383531093597412 0.14998319745063781738 0.15473161637783050537 0.15948005020618438721 0.16422890126705169678 0.16897732019424438477 0.15628091990947723389 0.073662623763084411621 -0.0089552542194724082947 -0.0915735587477684021 -0.17419186234474182129 -0.22699882090091705322 -0.16031984984874725342 -0.093640446662902832031 -0.026961043477058410645 0.039717931300401687622
0.12934955954551696777 0.15260073542594909668 0.17585191130638122559 0.19910308718681335449 0.22438335418701171875 0.25779670476913452148 0.29121050238609313965 0.32462430000305175781 0.35803768038749694824 0.38626492023468017578 0.39370432496070861816 0.40114331245422363281 0.40858229994773864746 0.41602128744125366211 0.42831265926361083984 0.46005171537399291992 0.491790771484375 0.52352982759475708008 0.55526894330978393555 0.55839675664901733398 0.44684761762619018555 0.33529847860336303711 0.22374936938285827637 0.11220024526119232178 0.029448788613080978394 0.062122080475091934204 0.094794936478137969971 0.1274677962064743042 0.16014066338539123535 0.16763418912887573242 0.074206829071044921875 -0.019220959395170211792 -0.1126483231782913208 -0.20607611536979675293 -0.26771414279937744141 -0.2019354701042175293 -0.13615721464157104492 -0.070378959178924560547 -0.0046002762392163276672
0.11997898668050765991 0.15043634176254272461 0.18089370429515838623 0.21135106682777404785 0.24167956411838531494 0.27149003744125366211 0.30130052566528320313 0.33111104369163513184 0.36092153191566467285 0.38428652286529541016 0.38181716203689575195 0.37934738397598266602 0.37687802314758300781 0.37440824508666992188 0.37697079777717590332 0.39970225095748901367 0.42243328690528869629 0.44516474008560180664 0.46789574623107910156 0.46255543828010559082 0.34470084309577941895 0.22684626281261444092 0.10899167507886886597 -0.008862906135618686676 -0.091085188090801239014 -0.030487893149256706238 0.030109401792287826538 0.090706698596477508545 0.15130399167537689209 0.17898745834827423096 0.074750617146492004395 -0.029486235231161117554 -0.13372308015823364258 -0.23796035349369049072 -0.3084290623664855957 -0.24355152249336242676 -0.17867398262023925781 -0.11379645019769668579 -0.048918481916189193726
0.11060884594917297363 0.14827238023281097412 0.18593592941761016846 0.22359946370124816895 0.25897577404975891113 0.285182952880859375 0.3113905787467956543 0.33759775757789611816 0.36380535364151000977 0.38230812549591064453 0.36992999911308288574 0.35755187273025512695 0.34517332911491394043 0.33279520273208618164 0.32562896609306335449 0.33935236930847167969 0.35307577252388000488 0.36679917573928833008 0.38052257895469665527 0.36671411991119384766 0.24255408346652984619 0.11839403212070465088 -0.0057664434425532817841 -0.12992648780345916748 -0.21161916851997375488 -0.1230974346399307251 -0.034576132893562316895 0.053945597261190414429 0.14246688783168792725 0.19034115970134735107 0.075294822454452514648 -0.039751939475536346436 -0.15479826927185058594 -0.26984462141990661621 -0.34914436936378479004 -0.28516757488250732422 -0.2211907505989074707 -0.15721394121646881104 -0.09323711693286895752
0.1012382805347442627 0.1461080014705657959 0.19097815454006195068 0.23584786057472229004 0.27627196907997131348 0.29887628555297851563 0.32148015499114990234 0.34408447146415710449 0.36668878793716430664 0.38032928109169006348 0.35804283618927001953 0.33575594425201416016 0.31346905231475830078 0.29118216037750244141 0.27428713440895080566 0.27900290489196777344 0.28371825814247131348 0.28843405842781066895 0.29314941167831420898 0.27087283134460449219 0.14040730893611907959 0.0099413730204105377197 -0.12052413821220397949 -0.25098964571952819824 -0.33215314149856567383 -0.21570740640163421631 -0.099261239171028137207 0.017184494063258171082 0.13363023102283477783 0.20169442892074584961 0.075838603079319000244 -0.050017215311527252197 -0.17587304115295410156 -0.30172884464263916016 -0.38985928893089294434 -0.32678318023681640625 -0.26370710134506225586 -0.20063142478466033936 -0.13755533099174499512
0.084658093750476837158 0.12705846130847930908 0.1694583892822265625 0.21185876429080963135 0.24993851780891418457 0.27069887518882751465 0.29145920276641845703 0.31221956014633178711 0.33297991752624511719 0.34404453635215759277 0.31624722480773925781 0.28844949603080749512 0.26065221428871154785 0.23285491764545440674 0.21291282773017883301 0.22445335984230041504 0.2359943389892578125 0.24753530323505401611 0.25907626748085021973 0.24434004724025726318 0.12428156286478042603 0.004223075229674577713 -0.11583498120307922363 -0.23589347302913665771 -0.31175789237022399902 -0.21048907935619354248 -0.10922026634216308594 -0.0079514486715197563171 0.093317367136478424072 0.15445329248905181885 0.054732061922550201416 -0.044989164918661117554 -0.14471039175987243652 -0.24443161487579345703 -0.31551453471183776855 -0.27181097865104675293 -0.22810785472393035889 -0.18440473079681396484 -0.14070118963718414307
0.067903943359851837158 0.10760215669870376587 0.14730036258697509766 0.18699814379215240479 0.2225548475980758667 0.24151375889778137207 0.26047268509864807129 0.27943158149719238281 0.2983900606632232666 0.30693379044532775879 0.27373176813125610352 0.24052971601486206055 0.20732767879962921143 0.1741256415843963623 0.15129669010639190674 0.17004384100437164307 0.18879099190235137939 0.20753814280033111572 0.22628529369831085205 0.21947471797466278076 0.1102257072925567627 0.00097670720424503087997 -0.10827186703681945801 -0.21752086281776428223 -0.28797194361686706543 -0.20291736721992492676 -0.11786278337240219116 -0.032807771116495132446 0.052246816456317901611 0.10580200701951980591 0.033104497939348220825 -0.03959344327449798584 -0.11229095607995986938 -0.18498846888542175293 -0.23840105533599853516 -0.2145150303840637207 -0.1906290203332901001 -0.16674299538135528564 -0.14285698533058166504
0.051150232553482055664 0.088145852088928222656 0.12514190375804901123 0.16213753819465637207 0.19517162442207336426 0.21232908964157104492 0.22948613762855529785 0.24664360284805297852 0.26380065083503723145 0.2698230445384979248 0.23121626675128936768 0.19260992109775543213 0.154003143310546875 0.11539635807275772095 0.089680552482604980469 0.11563432216644287109 0.14158765971660614014 0.16754098236560821533 0.19349431991577148438 0.19460980594158172607 0.096170283854007720947 -0.0022692312486469745636 -0.10070874541997909546 -0.19914826750755310059 -0.26418602466583251953 -0.19534565508365631104 -0.1265048682689666748 -0.05766452103853225708 0.011176264844834804535 0.057151157408952713013 0.011476933956146240234 -0.034197289496660232544 -0.079871512949466705322 -0.12554574012756347656 -0.16128714382648468018 -0.15721866488456726074 -0.15314975380897521973 -0.14908082783222198486 -0.14501234889030456543
0.034396514296531677246 0.068689979612827301025 0.10298345237970352173 0.13727648556232452393 0.16778840124607086182 0.18314400315284729004 0.19849960505962371826 0.21385520696640014648 0.22921124100685119629 0.23271231353282928467 0.18870122730731964111 0.14468969404697418213 0.10067817568778991699 0.056667082011699676514 0.028064852580428123474 0.061224367469549179077 0.094384312629699707031 0.12754382193088531494 0.16070376336574554443 0.1697444617748260498 0.082114428281784057617 -0.0055155991576611995697 -0.093145631253719329834 -0.18077608942985534668 -0.24040007591247558594 -0.18777352571487426758 -0.13514696061611175537 -0.082520842552185058594 -0.029894284904003143311 0.0084998793900012969971 -0.010150629095733165741 -0.028801137581467628479 -0.047452077269554138184 -0.066102586686611175537 -0.084173664450645446777 -0.099922284483909606934 -0.11567090451717376709 -0.13141909241676330566 -0.14716771245002746582
0.01764279976487159729 0.049233678728342056274 0.080824993550777435303 0.11241587251424789429 0.14040516316890716553 0.15395933389663696289 0.16751348972320556641 0.18106722831726074219 0.19462139904499053955 0.19560201466083526611 0.14618574082851409912 0.096769906580448150635 0.047353640198707580566 -0.0020621991716325283051 -0.033551283180713653564 0.0068148435093462467194 0.047180969268083572388 0.087546661496162414551 0.12791278958320617676 0.14487911760807037354 0.068058580160140991211 -0.0087619675323367118835 -0.085582941770553588867 -0.16240347921848297119 -0.21661414206027984619 -0.18020181357860565186 -0.14378948509693145752 -0.10737716406583786011 -0.070964835584163665771 -0.040150970220565795898 -0.031778194010257720947 -0.023405415937304496765 -0.015032637864351272583 -0.0066598602570593357086 -0.0070601799525320529938 -0.042625907808542251587 -0.078191630542278289795 -0.11375735700130462646 -0.14932309091091156006
0.075132891535758972168 0.092586308717727661133 0.1100397258996963501 0.12749357521533966064 0.1443357616662979126 0.15872707962989807129 0.17311839759349822998 0.18750971555709838867 0.20190103352069854736 0.20440430939197540283 0.15925927460193634033 0.11411422491073608398 0.068969607353210449219 0.023824557662010192871 -0.0036853831261396408081 0.039488993585109710693 0.082662940025329589844 0.12583687901496887207 0.16901126503944396973 0.18897870182991027832 0.11593026667833328247 0.042882259935140609741 -0.030166177079081535339 -0.10321418195962905884 -0.15623848140239715576 -0.12900300323963165283 -0.10176796466112136841 -0.074532486498355865479 -0.047297447919845581055 -0.024580173194408416748 -0.019970484077930450439 -0.015360796824097633362 -0.010751108638942241669 -0.0061414209194481372833 -0.0070120729506015777588 -0.029849184677004814148 -0.052685867995023727417 -0.075522981584072113037 -0.098360091447830200195
0.13440896570682525635 0.13745000958442687988 0.14049106836318969727 0.14353212714195251465 0.14901933073997497559 0.16431136429309844971 0.17960382997989654541 0.19489586353302001953 0.21018789708614349365 0.21431136131286621094 0.17367033660411834717 0.13302932679653167725 0.092388294637203216553 0.051747273653745651245 0.028381843119859695435 0.074258372187614440918 0.12013448029756546021 0.16601100564002990723 0.21188753843307495117 0.23473711311817169189 0.16529197990894317627 0.095846854150295257568 0.026402151212096214294 -0.043042976409196853638 -0.094982288777828216553 -0.076754868030548095703 -0.05852743983268737793 -0.040300015360116958618 -0.022072590887546539307 -0.0074635059572756290436 -0.0073578422889113426208 -0.0072521786205470561981 -0.0071465149521827697754 -0.0070404214784502983093 -0.0088178059086203575134 -0.018143275752663612366 -0.027468314394354820251 -0.036793783307075500488 -0.046119254082441329956
0.19368545711040496826 0.18231372535228729248 0.17094241082668304443 0.15957067906856536865 0.15370333194732666016 0.16989608108997344971 0.18608926236629486084 0.20228202641010284424 0.21847477555274963379 0.22421884536743164063 0.18808141350746154785 0.15194441378116607666 0.11580742150545120239 0.079669989645481109619 0.060448639094829559326 0.10902732610702514648 0.15760645270347595215 0.20618513226509094238 0.25476425886154174805 0.2804959416389465332 0.21465413272380828857 0.14881187677383422852 0.082970052957534790039 0.017128225415945053101 -0.033726099878549575806 -0.024506293237209320068 -0.015286917798221111298 -0.0060671125538647174835 0.003152263350784778595 0.0096527310088276863098 0.0052543706260621547699 0.00085643952479586005211 -0.0035419210325926542282 -0.0079398518428206443787 -0.010623968206346035004 -0.0064373649656772613525 -0.0022507617250084877014 0.001935412292368710041 0.006122015882283449173
