INPUT/RASTER/ASCII_standard/elevation.asc
ncols        225
nrows        269
xllcorner    473009.983799999987
yllcorner    4429051.174800000153
cellsize     50.000000000000
NODATA_value  -9999
[rows 133 to 151 of 269, columns 84 to 125 of 225]
0.50358307361602783203 0.5117130279541015625 0.51932001113891601563 0.52872204780578613281 0.53879261016845703125 0.54322195053100585938 0.54379498958587646484 0.54178053140640258789 0.53590065240859985352 0.52706623077392578125 0.51471763849258422852 0.50087374448776245117 0.48791307210922241211 0.47463122010231018066 0.45712965726852416992 0.43522155284881591797 0.41785761713981628418 0.39564108848571777344 0.37932607531547546387 0.36943149566650390625 0.3695284426212310791 0.37056592106819152832 0.36414468288421630859 0.35506650805473327637 0.34823781251907348633 0.3440431058406829834 0.34001088142395019531 0.33582285046577453613 0.32907733321189880371 0.32059723138809204102 0.30983597040176391602 0.28367352485656738281 0.20877024531364440918 0.20750235021114349365 0.27558860182762145996 0.34508267045021057129 0.42416143417358398438 0.53256285190582275391 0.63905405998229980469 0.67631018161773681641 0.67258280515670776367 0.66387897729873657227
0.49806520342826843262 0.50137507915496826172 0.50521171092987060547 0.51426255702972412109 0.52423393726348876953 0.52908444404602050781 0.53062760829925537109 0.52955865859985351563 0.52527159452438354492 0.51794409751892089844 0.50712275505065917969 0.49305158853530883789 0.47567224502563476563 0.45863258838653564453 0.44436395168304443359 0.42598572373390197754 0.40087991952896118164 0.37355381250381469727 0.36109569668769836426 0.34983810782432556152 0.34665563702583312988 0.34668943285942077637 0.34037455916404724121 0.33200162649154663086 0.3257274329662322998 0.32177004218101501465 0.31858655810356140137 0.31483060121536254883 0.30794790387153625488 0.29649740457534790039 0.26955127716064453125 0.20844909548759460449 0.16223031282424926758 0.21668541431427001953 0.2971394956111907959 0.36752629280090332031 0.43765744566917419434 0.53886520862579345703 0.62779229879379272461 0.65459996461868286133 0.65135973691940307617 0.64114564657211303711
0.49406653642654418945 0.49654331803321838379 0.49715411663055419922 0.50281625986099243164 0.51159083843231201172 0.51636254787445068359 0.51817303895950317383 0.51756620407104492188 0.51435893774032592773 0.50828784704208374023 0.49748924374580383301 0.47938355803489685059 0.45889118313789367676 0.43817108869552612305 0.42375522851943969727 0.40543535351753234863 0.38087174296379089355 0.35543686151504516602 0.33958774805068969727 0.32200923562049865723 0.31740936636924743652 0.31953078508377075195 0.31484061479568481445 0.30636927485466003418 0.30237269401550292969 0.29989340901374816895 0.30132126808166503906 0.3003984987735748291 0.29323634505271911621 0.2638396918773651123 0.20914644002914428711 0.16332136094570159912 0.1638545989990234375 0.2346522212028503418 0.31146401166915893555 0.37981781363487243652 0.44699943065643310547 0.53382074832916259766 0.60615628957748413086 0.63835960626602172852 0.63787412643432617188 0.6251843571662902832
0.48812556266784667969 0.49612268805503845215 0.49680650234222412109 0.49889829754829406738 0.50354301929473876953 0.50706684589385986328 0.50874346494674682617 0.50824403762817382813 0.50546616315841674805 0.4982941746711730957 0.48300686478614807129 0.46222585439682006836 0.44337299466133117676 0.42473366856575012207 0.4068317115306854248 0.38632827997207641602 0.36691799759864807129 0.34714487195014953613 0.32586506009101867676 0.30095505714416503906 0.29567828774452209473 0.29751610755920410156 0.29242888092994689941 0.28568527102470397949 0.28675797581672668457 0.2835515141487121582 0.28267067670822143555 0.28306210041046142578 0.26295134425163269043 0.2207301706075668335 0.17503376305103302002 0.15588811039924621582 0.17883683741092681885 0.26085326075553894043 0.33037215471267700195 0.39500483870506286621 0.45816525816917419434 0.53654086589813232422 0.60262912511825561523 0.63243764638900756836 0.62751662731170654297 0.6059010624885559082
0.48321747779846191406 0.49569082260131835938 0.49663528800010681152 0.49733117222785949707 0.49868163466453552246 0.50026190280914306641 0.50123411417007446289 0.50057786703109741211 0.49705839157104492188 0.48446661233901977539 0.46506342291831970215 0.44300910830497741699 0.42293879389762878418 0.4036763608455657959 0.38652682304382324219 0.37033861875534057617 0.36076745390892028809 0.34912511706352233887 0.32691627740859985352 0.30325376987457275391 0.2916272580623626709 0.2848402857780456543 0.27472463250160217285 0.26593151688575744629 0.26126262545585632324 0.25824782252311706543 0.25617477297782897949 0.24980691075325012207 0.21179775893688201904 0.17297948896884918213 0.15779037773609161377 0.15737998485565185547 0.20038460195064544678 0.2893117070198059082 0.35435330867767333984 0.41843903064727783203 0.47827142477035522461 0.54841154813766479492 0.6085173487663269043 0.62620449066162109375 0.60898071527481079102 0.58773761987686157227
0.47256526350975036621 0.4863605201244354248 0.49251711368560791016 0.4955971837043762207 0.49696892499923706055 0.49719476699829101563 0.49610373377799987793 0.49177181720733642578 0.48256120085716247559 0.4669602513313293457 0.4475708305835723877 0.42381882667541503906 0.39833307266235351563 0.37405785918235778809 0.36147522926330566406 0.35796806216239929199 0.35886561870574951172 0.35374125838279724121 0.33185899257659912109 0.30739235877990722656 0.28975504636764526367 0.27612140774726867676 0.2614396512508392334 0.24646596610546112061 0.23138113319873809814 0.22534964978694915771 0.23038078844547271729 0.21124847233295440674 0.15668848156929016113 0.14217960834503173828 0.15340779721736907959 0.16996301710605621338 0.2387943565845489502 0.32246363162994384766 0.38367447257041931152 0.44902473688125610352 0.50799983739852905273 0.56786876916885375977 0.6052888035774230957 0.60122317075729370117 0.5771573185920715332 0.56118977069854736328
0.45358830690383911133 0.46448555588722229004 0.47288683056831359863 0.48116984963417053223 0.48777022957801818848 0.48738548159599304199 0.47988653182983398438 0.47103670239448547363 0.45991715788841247559 0.44691768288612365723 0.42908746004104614258 0.4024804234504699707 0.37517830729484558105 0.3505834043025970459 0.33718916773796081543 0.33572566509246826172 0.34228619933128356934 0.34002962708473205566 0.32619768381118774414 0.30692753195762634277 0.28739398717880249023 0.27084189653396606445 0.25363147258758544922 0.23859396576881408691 0.21950273215770721436 0.18248870968818664551 0.18935891985893249512 0.16023962199687957764 0.11544597148895263672 0.13130198419094085693 0.16713443398475646973 0.20808540284633636475 0.27544033527374267578 0.34328696131706237793 0.40400564670562744141 0.47290852665901184082 0.53412979841232299805 0.57952338457107543945 0.59969878196716308594 0.578826904296875 0.54641711711883544922 0.52652114629745483398
0.43151044845581054688 0.43712568283081054688 0.4421793520450592041 0.44623306393623352051 0.449733734130859375 0.44993770122528076172 0.44504752755165100098 0.44043931365013122559 0.43428793549537658691 0.42324012517929077148 0.40528208017349243164 0.37940782308578491211 0.35399109125137329102 0.32878142595291137695 0.31106528639793395996 0.30518105626106262207 0.31264036893844604492 0.31674307584762573242 0.31180456280708312988 0.30183717608451843262 0.28508403897285461426 0.26581534743309020996 0.24900780618190765381 0.23591531813144683838 0.22010248899459838867 0.16828118264675140381 0.14783091843128204346 0.10540664941072463989 0.075958922505378723145 0.14532619714736938477 0.19247673451900482178 0.23663496971130371094 0.28892570734024047852 0.35120275616645812988 0.41328942775726318359 0.48913237452507019043 0.54890912771224975586 0.57414901256561279297 0.57867383956909179688 0.55710953474044799805 0.51282536983489990234 0.48886004090309143066
0.40755242109298706055 0.41127353906631469727 0.41497316956520080566 0.41578602790832519531 0.41482281684875488281 0.41213142871856689453 0.40834924578666687012 0.40720999240875244141 0.4052695930004119873 0.39766657352447509766 0.38344737887382507324 0.36100018024444580078 0.33428740501403808594 0.30632069706916809082 0.29260280728340148926 0.29065570235252380371 0.29481765627861022949 0.30044624209403991699 0.29967653751373291016 0.2934112846851348877 0.27296918630599975586 0.25412255525588989258 0.24034002423286437988 0.22904844582080841064 0.2054290771484375 0.13266120851039886475 0.076422706246376037598 0.04724961891770362854 0.066350854933261871338 0.15722629427909851074 0.20704106986522674561 0.25150126218795776367 0.29718202352523803711 0.35563498735427856445 0.42220267653465270996 0.50041270256042480469 0.55489659309387207031 0.56690698862075805664 0.56686484813690185547 0.54319816827774047852 0.49242076277732849121 0.46304145455360412598
0.37575241923332214355 0.38025364279747009277 0.384185791015625 0.38373452425003051758 0.37743905186653137207 0.37087392807006835938 0.36711779236793518066 0.3704535067081451416 0.37660679221153259277 0.3757838904857635498 0.36744040250778198242 0.34423100948333740234 0.31613081693649291992 0.29209041595458984375 0.28535494208335876465 0.28467407822608947754 0.28570276498794555664 0.28724363446235656738 0.28486382961273193359 0.26892441511154174805 0.24309395253658294678 0.23538918793201446533 0.22697789967060089111 0.1924127042293548584 0.12155293673276901245 0.05553724244236946106 0.022166749462485313416 0.02208020724356174469 0.073585994541645050049 0.16495712101459503174 0.2162189185619354248 0.26221624016761779785 0.30929607152938842773 0.36659976840019226074 0.43549680709838867188 0.50750976800918579102 0.55143529176712036133 0.56127274036407470703 0.55693191289901733398 0.52712172269821166992 0.48109206557273864746 0.44623786211013793945
0.34709608554840087891 0.3511333167552947998 0.3562780916690826416 0.35544791817665100098 0.34746184945106506348 0.34009844064712524414 0.33717811107635498047 0.34405979514122009277 0.35713538527488708496 0.36088570952415466309 0.35255575180053710938 0.3287468254566192627 0.30409333109855651855 0.28569963574409484863 0.27826952934265136719 0.27359914779663085938 0.26857012510299682617 0.26131203770637512207 0.24753324687480926514 0.2234271615743637085 0.20879609882831573486 0.20622214674949645996 0.19147346913814544678 0.099127225577831268311 0.011678450740873813629 0.015534900128841400146 0.018373068422079086304 0.023260727524757385254 0.092035554349422454834 0.17755851149559020996 0.2256374359130859375 0.27210792899131774902 0.32175147533416748047 0.38323923945426940918 0.45221281051635742188 0.50222569704055786133 0.51896631717681884766 0.51896840333938598633 0.51440107822418212891 0.49829208850860595703 0.46579119563102722168 0.43648838996887207031
0.31096705794334411621 0.31253004074096679688 0.31704527139663696289 0.31855693459510803223 0.3157196044921875 0.31001970171928405762 0.30619701743125915527 0.31348973512649536133 0.32571470737457275391 0.33042615652084350586 0.32269969582557678223 0.30775249004364013672 0.29424190521240234375 0.2834981381893157959 0.27397286891937255859 0.25881105661392211914 0.24613815546035766602 0.23114444315433502197 0.20638313889503479004 0.16652342677116394043 0.12922996282577514648 0.11411196738481521606 0.097691670060157775879 -0.0029451076406985521317 -0.041999652981758117676 0.02685525454580783844 0.055439230054616928101 0.063731439411640167236 0.13696809113025665283 0.19467802345752716064 0.2372929006814956665 0.28289255499839782715 0.3352235257625579834 0.39713501930236816406 0.46075651049613952637 0.49542826414108276367 0.4971217811107635498 0.49532401561737060547 0.48803380131721496582 0.47304886579513549805 0.45227599143981933594 0.43521007895469665527
0.28083825111389160156 0.28127327561378479004 0.28449848294258117676 0.2868576347827911377 0.28919762372970581055 0.28724968433380126953 0.28395253419876098633 0.28596678376197814941 0.29050597548484802246 0.29203912615776062012 0.28793451189994812012 0.28233575820922851563 0.28079259395599365234 0.27953949570655822754 0.27551248669624328613 0.25276792049407958984 0.22328932583332061768 0.19420737028121948242 0.14569468796253204346 0.019798411056399345398 -0.067791126668453216553 -0.081961959600448608398 -0.07966744154691696167 -0.091450326144695281982 -0.01615479588508605957 0.091601386666297912598 0.14520275592803955078 0.15672414004802703857 0.1841350942850112915 0.21700718998908996582 0.25416031479835510254 0.29708778858184814453 0.35162442922592163086 0.41846674680709838867 0.47483539581298828125 0.4958935081958770752 0.49643152952194213867 0.4934069514274597168 0.48074632883071899414 0.46534973382949829102 0.45123916864395141602 0.43646985292434692383
0.25045317411422729492 0.25255668163299560547 0.25584277510643005371 0.25853914022445678711 0.26204669475555419922 0.26259681582450866699 0.2613099515438079834 0.26019886136054992676 0.25867050886154174805 0.25594684481620788574 0.25124812126159667969 0.2523212432861328125 0.25817316770553588867 0.26378464698791503906 0.26712018251419067383 0.24358505010604858398 0.18837775290012359619 0.10045330226421356201 -0.0089820045977830886841 -0.10039608925580978394 -0.11164220422506332397 -0.083678409457206726074 -0.061724618077278137207 -0.030980216339230537415 0.067592680454254150391 0.14858978986740112305 0.17852278053760528564 0.192348480224609375 0.21108789741992950439 0.23784844577312469482 0.2718226313591003418 0.31407779455184936523 0.36880671977996826172 0.4368210136890411377 0.48688539862632751465 0.49948012828826904297 0.50069630146026611328 0.49664238095283508301 0.48180839419364929199 0.46622869372367858887 0.45787373185157775879 -9999
0.22106757760047912598 0.22473885118961334229 0.22855046391487121582 0.23173502087593078613 0.23582147061824798584 0.23823194205760955811 0.23899309337139129639 0.23645459115505218506 0.23144431412220001221 0.22542680799961090088 0.22146046161651611328 0.22648075222969055176 0.23518398404121398926 0.24106447398662567139 0.23846425116062164307 0.20336395502090454102 0.10134083032608032227 -0.073002435266971588135 -0.17029951512813568115 -0.13619476556777954102 -0.05417270958423614502 0.05579790845513343811 0.12557683885097503662 0.14742490649223327637 0.17293965816497802734 0.19681990146636962891 0.21129685640335083008 0.22339650988578796387 0.23880228400230407715 0.26072749495506286621 0.29288786649703979492 0.33651247620582580566 0.39215874671936035156 0.45217987895011901855 0.49683547019958496094 0.51125049591064453125 0.51805084943771362305 0.51657068729400634766 0.50175815820693969727 0.47752737998962402344 0.45536816120147705078 0.43316954374313354492
0.18948486447334289551 0.19140672683715820313 0.19425761699676513672 0.20063067972660064697 0.20918627083301544189 0.21446889638900756836 0.21656800806522369385 0.21174457669258117676 0.20476135611534118652 0.19837141036987304688 0.19655318558216094971 0.20088446140289306641 0.2089087069034576416 0.21530970931053161621 0.2044537663459777832 0.14666542410850524902 -0.0098764142021536827087 -0.18505549430847167969 -0.21260429918766021729 -0.097694091498851776123 0.049591265618801116943 0.16071759164333343506 0.21295054256916046143 0.22854837775230407715 0.23344312608242034912 0.23742178082466125488 0.24286164343357086182 0.25086066126823425293 0.26263207197189331055 0.28113585710525512695 0.31167045235633850098 0.35309606790542602539 0.40775531530380249023 0.46279913187026977539 0.50685602426528930664 0.52505844831466674805 0.53740000724792480469 0.54023945331573486328 0.52600270509719848633 0.49678021669387817383 0.45941981673240661621 0.4380353093147277832
0.15736037492752075195 0.15989908576011657715 0.16327944397926330566 0.17404218018054962158 0.1855729520320892334 0.19050607085227966309 0.19015447795391082764 0.1850255429744720459 0.17886707186698913574 0.17277407646179199219 0.1713854372501373291 0.1728445589542388916 0.17393186688423156738 0.17335589230060577393 0.15674999356269836426 0.061601247638463973999 -0.11150018870830535889 -0.2324218451976776123 -0.16636486351490020752 -0.01063444092869758606 0.14539335668087005615 0.23650798201560974121 0.27826452255249023438 0.28775352239608764648 0.28778666257858276367 0.28088393807411193848 0.27579858899116516113 0.27822342514991760254 0.28550446033477783203 0.30410292744636535645 0.33450657129287719727 0.36964356899261474609 0.41878080368041992188 0.47523742914199829102 0.52411049604415893555 0.54304385185241699219 0.55720466375350952148 0.56220281124114990234 0.55393522977828979492 0.52824741601943969727 0.49633103609085083008 0.4697195887565612793
0.13190422952175140381 0.1383940577507019043 0.14683808386325836182 0.1559254378080368042 0.1648632735013961792 0.16796942055225372314 0.16417656838893890381 0.15916086733341217041 0.15494115650653839111 0.14579290151596069336 0.13991804420948028564 0.13329683244228363037 0.12579350173473358154 0.11237195134162902832 0.075283892452716827393 -0.048166885972023010254 -0.19167816638946533203 -0.23889750242233276367 -0.12498472630977630615 0.031196132302284240723 0.18191795051097869873 0.27032765746116638184 0.29707756638526916504 0.30654507875442504883 0.30893719196319580078 0.30210056900978088379 0.29303821921348571777 0.29146441817283630371 0.29854086041450500488 0.32153606414794921875 0.34996071457862854004 0.38210126757621765137 0.43213918805122375488 0.48611924052238464355 0.52814435958862304688 0.54744684696197509766 0.56116640567779541016 0.56523787975311279297 0.56549894809722900391 0.55799961090087890625 0.53903537988662719727 0.51456081867218017578
0.10479522496461868286 0.11233003437519073486 0.12227489054203033447 0.13196970522403717041 0.13963568210601806641 0.14180904626846313477 0.13806144893169403076 0.1348326951265335083 0.12859497964382171631 0.11086235940456390381 0.095311857759952545166 0.077272698283195495605 0.051049761474132537842 0.018542816862463951111 -0.038945231586694717407 -0.16851632297039031982 -0.24423059821128845215 -0.22057953476905822754 -0.092175401747226715088 0.048429306596517562866 0.17476746439933776855 0.2577152252197265625 0.3030026853084564209 0.32273703813552856445 0.32779338955879211426 0.31942424178123474121 0.30973586440086364746 0.30750516057014465332 0.31849208474159240723 0.34067735075950622559 0.36735510826110839844 0.40674453973770141602 0.45637100934982299805 0.49685361981391906738 0.52428227663040161133 0.54516547918319702148 0.56166398525238037109 0.56690448522567749023 0.56974971294403076172 0.57094091176986694336 0.56783246994018554688 0.55896842479705810547
