INPUT/RASTER/ASCII_standard/elevation.asc
ncols        225
nrows        269
xllcorner    473009.983799999987
yllcorner    4429051.174800000153
cellsize     50.000000000000
NODATA_value  -9999
[rows 57 to 75 of 269, columns 0 to 41 of 225]
-9999 -9999 -9999 -9999 -9999 -9999 -9999 -9999 -9999 -9999 -9999 -9999 -9999 -9999 -9999 0.63748252391815185547 0.68478590250015258789 0.72797948122024536133 0.78440499305725097656 0.84592342376708984375 0.88136279582977294922 0.97807079553604125977 1.070992588996887207 1.1214807033538818359 1.1410505771636962891 1.1455136537551879883 1.144631505012512207 1.1487205028533935547 1.1552104949951171875 1.1631473302841186523 1.1702275276184082031 1.1767730712890625 1.179909825325012207 1.1889833211898803711 1.205580592155456543 1.2234350442886352539 1.2394776344299316406 1.2516820430755615234 1.2611520290374755859 1.2715262174606323242 1.2837289571762084961 1.2942066192626953125
-9999 -9999 -9999 -9999 -9999 -9999 -9999 -9999 -9999 -9999 -9999 -9999 -9999 -9999 0.59246093034744262695 0.59203135967254638672 0.64665597677230834961 0.80717712640762329102 0.91018074750900268555 0.98022538423538208008 1.0451862812042236328 1.0951634645462036133 1.1163257360458374023 1.1352887153625488281 1.1519953012466430664 1.1562824249267578125 1.1538295745849609375 1.1555658578872680664 1.159979701042175293 1.1661356687545776367 1.1720714569091796875 1.1779121160507202148 1.1856003999710083008 1.2029347419738769531 1.2202277183532714844 1.2370436191558837891 1.2511919736862182617 1.2649344205856323242 1.2783586978912353516 1.2893831729888916016 1.300182342529296875 1.3096352815628051758
-9999 -9999 -9999 -9999 -9999 -9999 -9999 -9999 -9999 -9999 -9999 -9999 0.69656151533126831055 0.61677324771881103516 0.57873094081878662109 0.59717589616775512695 0.75290739536285400391 0.94576025009155273438 1.0048192739486694336 1.0347753763198852539 1.0821317434310913086 1.1126934289932250977 1.1287702322006225586 1.1422367095947265625 1.1533199548721313477 1.1586976051330566406 1.1589095592498779297 1.1599496603012084961 1.1636148691177368164 1.1691048145294189453 1.1744692325592041016 1.1806885004043579102 1.1933245658874511719 1.2136676311492919922 1.2327502965927124023 1.2504495382308959961 1.2642083168029785156 1.2786452770233154297 1.2938445806503295898 1.3069260120391845703 1.321301579475402832 1.3367674350738525391
-9999 -9999 -9999 -9999 -9999 -9999 -9999 -9999 -9999 -9999 -9999 -9999 0.68798941373825073242 0.61189895868301391602 0.57786846160888671875 0.72596544027328491211 0.93001335859298706055 1.0260673761367797852 1.0757038593292236328 1.097102046012878418 1.1116623878479003906 1.1248472929000854492 1.1421440839767456055 1.1507320404052734375 1.1570773124694824219 1.1607383489608764648 1.1621247529983520508 1.1636512279510498047 1.1675312519073486328 1.172978520393371582 1.1781589984893798828 1.1877391338348388672 1.2032938003540039063 1.2230474948883056641 1.2413961887359619141 1.2614551782608032227 1.2782443761825561523 1.2936993837356567383 1.311140894889831543 1.330212712287902832 1.3522658348083496094 1.3702470064163208008
-9999 -9999 -9999 -9999 -9999 -9999 -9999 -9999 -9999 -9999 -9999 -9999 0.62869441509246826172 0.58450406789779663086 0.65088802576065063477 0.86251497268676757813 0.99319672584533691406 1.0616281032562255859 1.1103386878967285156 1.1287418603897094727 1.1412519216537475586 1.1496547460556030273 1.1562173366546630859 1.1589387655258178711 1.1612980365753173828 1.1627941131591796875 1.1636962890625 1.1658991575241088867 1.1699552536010742188 1.1752307415008544922 1.1811656951904296875 1.1957298517227172852 1.2122954130172729492 1.2310203313827514648 1.2485823631286621094 1.2708910703659057617 1.2917008399963378906 1.3085883855819702148 1.3333836793899536133 1.3563331365585327148 1.3780671358108520508 1.3922350406646728516
-9999 -9999 -9999 -9999 -9999 -9999 -9999 -9999 -9999 -9999 -9999 0.79832434654235839844 0.64107269048690795898 0.57252448797225952148 0.71461814641952514648 0.93560123443603515625 1.0272313356399536133 1.0890817642211914063 1.1273947954177856445 1.148395538330078125 1.1687686443328857422 1.175312042236328125 1.1709173917770385742 1.1672201156616210938 1.1653532981872558594 1.1648210287094116211 1.1651977300643920898 1.1677238941192626953 1.1716114282608032227 1.1769115924835205078 1.186062932014465332 1.2055710554122924805 1.2233462333679199219 1.2415242195129394531 1.2601815462112426758 1.2854055166244506836 1.3101716041564941406 1.3326059579849243164 1.3642469644546508789 1.3827532529830932617 1.3961638212203979492 1.4090437889099121094
-9999 -9999 -9999 -9999 -9999 -9999 -9999 -9999 -9999 -9999 -9999 0.7749779820442199707 0.63522201776504516602 0.5693276524543762207 0.74164229631423950195 0.96006876230239868164 1.0432718992233276367 1.1037410497665405273 1.1369240283966064453 1.1604605913162231445 1.1778244972229003906 1.1797201633453369141 1.1770346164703369141 1.1712986230850219727 1.166543126106262207 1.1650947332382202148 1.1657978296279907227 1.1689968109130859375 1.1729472875595092773 1.1787233352661132813 1.1922093629837036133 1.2148866653442382813 1.2336536645889282227 1.2525181770324707031 1.2736787796020507813 1.2998833656311035156 1.3281019926071166992 1.3541805744171142578 1.3810937404632568359 1.3957647085189819336 1.4108980894088745117 1.424542546272277832
-9999 -9999 -9999 -9999 -9999 -9999 -9999 -9999 -9999 -9999 -9999 0.78036987781524658203 0.63660669326782226563 0.56717932224273681641 0.75598120689392089844 0.96921467781066894531 1.0500334501266479492 1.1092797517776489258 1.1435129642486572266 1.167670130729675293 1.1794135570526123047 1.1798326969146728516 1.1790378093719482422 1.1725794076919555664 1.1653419733047485352 1.1642968654632568359 1.1660680770874023438 1.1698851585388183594 1.1741355657577514648 1.1823105812072753906 1.2007013559341430664 1.2251404523849487305 1.2428442239761352539 1.2617487907409667969 1.2869991064071655273 1.3140107393264770508 1.3426785469055175781 1.3695404529571533203 1.3919613361358642578 1.4067327976226806641 1.4244133234024047852 1.4402958154678344727
-9999 -9999 -9999 -9999 -9999 -9999 -9999 -9999 -9999 0.42760834097862243652 0.45496883988380432129 0.52597767114639282227 0.53895944356918334961 0.53372812271118164063 0.76099187135696411133 0.97322356700897216797 1.0559859275817871094 1.114551544189453125 1.1506322622299194336 1.1746822595596313477 1.1798151731491088867 1.17984771728515625 1.1790945529937744141 1.1739799976348876953 1.1679749488830566406 1.1651463508605957031 1.1656656265258789063 1.1704381704330444336 1.1757967472076416016 1.1897423267364501953 1.2128151655197143555 1.2380237579345703125 1.2543733119964599609 1.2731165885925292969 1.2978454828262329102 1.324793696403503418 1.352522730827331543 1.3774226903915405273 1.3981381654739379883 1.4136507511138916016 1.4329457283020019531 1.4519766569137573242
-9999 -9999 -9999 -9999 -9999 -9999 -9999 0.58732759952545166016 0.66644686460494995117 0.54300171136856079102 0.45164769887924194336 0.45656767487525939941 0.45626008510589599609 0.52897685766220092773 0.80534535646438598633 0.99051618576049804688 1.065707087516784668 1.1183968782424926758 1.152163386344909668 1.1754121780395507813 1.1811590194702148438 1.1807590723037719727 1.1785544157028198242 1.1749329566955566406 1.1714261770248413086 1.1686789989471435547 1.1677305698394775391 1.1722056865692138672 1.1782052516937255859 1.1970498561859130859 1.2241778373718261719 1.2505555152893066406 1.2666122913360595703 1.2858201265335083008 1.3079353570938110352 1.3331259489059448242 1.3606156110763549805 1.3836424350738525391 1.4002436399459838867 1.4147697687149047852 1.4333994388580322266 1.4511667490005493164
-9999 -9999 -9999 -9999 -9999 -9999 -9999 0.5570666193962097168 0.67667889595031738281 0.72667360305786132813 0.62510257959365844727 0.49371683597564697266 0.49511027336120605469 0.6611258387565612793 0.91423761844635009766 1.0279874801635742188 1.087954401969909668 1.1250796318054199219 1.1522885560989379883 1.1752123832702636719 1.1893661022186279297 1.1866701841354370117 1.1792250871658325195 1.1767877340316772461 1.1747261285781860352 1.1731749773025512695 1.1727933883666992188 1.1757287979125976563 1.1799077987670898438 1.1998896598815917969 1.2324045896530151367 1.2582900524139404297 1.2743752002716064453 1.2930800914764404297 1.3127241134643554688 1.3365801572799682617 1.3640546798706054688 1.3850876092910766602 1.3978692293167114258 1.4109848737716674805 1.4280843734741210938 1.4436081647872924805
-9999 -9999 -9999 -9999 -9999 -9999 -9999 0.53267127275466918945 0.70246428251266479492 0.78248399496078491211 0.79085463285446166992 0.73329627513885498047 0.74129903316497802734 0.85836261510848999023 0.97802865505218505859 1.0461430549621582031 1.1015956401824951172 1.12627410888671875 1.1506961584091186523 1.1737331151962280273 1.1925383806228637695 1.1878985166549682617 1.1793092489242553711 1.177974700927734375 1.1770908832550048828 1.1764206886291503906 1.1766183376312255859 1.1796220541000366211 1.1860020160675048828 1.2090106010437011719 1.2408865690231323242 1.2635997533798217773 1.2785546779632568359 1.2959908246994018555 1.3139399290084838867 1.3360692262649536133 1.361353754997253418 1.3809006214141845703 1.3918616771697998047 1.403937220573425293 1.4210546016693115234 1.4365341663360595703
-9999 -9999 -9999 -9999 -9999 -9999 -9999 -9999 -9999 0.78447842597961425781 0.82205027341842651367 0.83858674764633178711 0.85269832611083984375 0.93392795324325561523 0.98859637975692749023 1.038130640983581543 1.1013683080673217773 1.1219983100891113281 1.1461442708969116211 1.1702004671096801758 1.1798198223114013672 1.1751157045364379883 1.1734139919281005859 1.1749634742736816406 1.1769683361053466797 1.1785056591033935547 1.1795629262924194336 1.1867064237594604492 1.2001653909683227539 1.2218042612075805664 1.2441964149475097656 1.2628427743911743164 1.2780205011367797852 1.295271754264831543 1.3133600950241088867 1.3332473039627075195 1.3558789491653442383 1.3740131855010986328 1.3855634927749633789 1.3976569175720214844 1.4153912067413330078 1.4308657646179199219
-9999 -9999 -9999 -9999 -9999 -9999 -9999 -9999 -9999 -9999 -9999 -9999 0.91658699512481689453 0.93684411048889160156 0.99941730499267578125 1.0260109901428222656 1.1020147800445556641 1.1204788684844970703 1.1495896577835083008 1.1719200611114501953 1.1691715717315673828 1.1616463661193847656 1.1628011465072631836 1.1672967672348022461 1.1725473403930664063 1.1775622367858886719 1.1814075708389282227 1.1926618814468383789 1.2060781717300415039 1.2250165939331054688 1.2419208288192749023 1.2575985193252563477 1.2738969326019287109 1.2922129631042480469 1.3113094568252563477 1.3301389217376708984 1.3508093357086181641 1.3687142133712768555 1.3845566511154174805 1.396191716194152832 1.4116659164428710938 1.4257775545120239258
-9999 -9999 -9999 -9999 -9999 -9999 -9999 -9999 -9999 -9999 -9999 -9999 -9999 -9999 -9999 -9999 -9999 -9999 1.1687486171722412109 1.1656414270401000977 1.1465704441070556641 1.1423588991165161133 1.1478008031845092773 1.1553707122802734375 1.1636445522308349609 1.1728242635726928711 1.1817367076873779297 1.1921576261520385742 1.2039302587509155273 1.2223222255706787109 1.2388508319854736328 1.2519013881683349609 1.2674160003662109375 1.2863514423370361328 1.3064630031585693359 1.3251532316207885742 1.3447072505950927734 1.3626555204391479492 1.3821802139282226563 1.3943971395492553711 1.4079614877700805664 1.420918583869934082
-9999 -9999 -9999 -9999 -9999 -9999 -9999 -9999 -9999 -9999 -9999 -9999 -9999 -9999 -9999 -9999 -9999 -9999 -9999 1.1369802951812744141 1.1289771795272827148 1.1268045902252197266 1.1347227096557617188 1.1444725990295410156 1.1543496847152709961 1.164799809455871582 1.1738539934158325195 1.1809012889862060547 1.192798614501953125 1.2147949934005737305 1.2356448173522949219 1.2495111227035522461 1.2615324258804321289 1.2786915302276611328 1.2973892688751220703 1.3165298700332641602 1.3366098403930664063 1.3545671701431274414 1.376498103141784668 1.3904023170471191406 1.4031777381896972656 1.4152381420135498047
-9999 -9999 -9999 -9999 -9999 -9999 -9999 -9999 -9999 -9999 -9999 -9999 -9999 -9999 -9999 -9999 -9999 -9999 -9999 -9999 1.1135021448135375977 1.1174397468566894531 1.1236119270324707031 1.133374333381652832 1.1434704065322875977 1.1525788307189941406 1.1591417789459228516 1.1647497415542602539 1.1751152276992797852 1.1987861394882202148 1.2178324460983276367 1.2352797985076904297 1.2508211135864257813 1.2637441158294677734 1.2774648666381835938 1.2969087362289428711 1.3188004493713378906 1.3368854522705078125 1.3612995147705078125 1.3816893100738525391 1.397784113883972168 1.4095308780670166016
-9999 -9999 -9999 -9999 -9999 -9999 -9999 -9999 -9999 -9999 -9999 -9999 -9999 -9999 -9999 -9999 -9999 -9999 -9999 -9999 -9999 1.1176803112030029297 1.1201276779174804688 1.1259095668792724609 1.1332663297653198242 1.1401629447937011719 1.1444871425628662109 1.1474450826644897461 1.1522872447967529297 1.1665297746658325195 1.1719187498092651367 1.1699489355087280273 1.1668196916580200195 1.1843041181564331055 1.2252237796783447266 1.2685679197311401367 1.2920852899551391602 1.3123984336853027344 1.3418207168579101563 1.3696138858795166016 1.3922649621963500977 1.4034491777420043945
-9999 -9999 -9999 -9999 -9999 -9999 -9999 -9999 -9999 -9999 -9999 -9999 -9999 -9999 -9999 -9999 -9999 -9999 -9999 -9999 -9999 -9999 1.1182050704956054688 1.1227527856826782227 1.1252564191818237305 1.128161311149597168 1.129593968391418457 1.128764033317565918 1.1150369644165039063 1.071171879768371582 1.0449122190475463867 1.0251468420028686523 1.0153164863586425781 1.0432360172271728516 1.1237558126449584961 1.2191183567047119141 1.2631543874740600586 1.285738825798034668 1.324194788932800293 1.3607448339462280273 1.3874695301055908203 1.3976761102676391602
