INPUT/RASTER/ASCII_standard/elevation.asc
ncols        225
nrows        269
xllcorner    473009.983799999987
yllcorner    4429051.174800000153
cellsize     50.000000000000
NODATA_value  -9999
[rows 209 to 227 of 269, columns 42 to 83 of 225]
-0.81720423698425292969 -0.82692116498947143555 -0.82604551315307617188 -0.82188940048217773438 -0.84926575422286987305 -0.92271220684051513672 -1.0038044452667236328 -0.96433156728744506836 -0.81549715995788574219 -0.73868662118911743164 -0.69967252016067504883 -0.67143577337265014648 -0.64322489500045776367 -0.61629503965377807617 -0.58707791566848754883 -0.55564475059509277344 -0.55705881118774414063 -0.6650600433349609375 -0.82811522483825683594 -1.0741252899169921875 -1.2344287633895874023 -1.347561955451965332 -1.3800559043884277344 -1.3662621974945068359 -1.2739186286926269531 -1.1925389766693115234 -1.1400786638259887695 -1.0670981407165527344 -0.94088482856750488281 -0.87385231256484985352 -0.95687407255172729492 -1.061555027961730957 -1.1100299358367919922 -1.1688622236251831055 -1.2848516702651977539 -1.2947663068771362305 -1.31192779541015625 -1.4050382375717163086 -1.4821703433990478516 -1.501797795295715332 -1.4326725006103515625 -1.2735865116119384766
-0.79825961589813232422 -0.80371010303497314453 -0.80286848545074462891 -0.79437041282653808594 -0.78437948226928710938 -0.78537380695343017578 -0.80772024393081665039 -0.78660750389099121094 -0.72855538129806518555 -0.70349001884460449219 -0.67817187309265136719 -0.65131437778472900391 -0.62426543235778808594 -0.59627580642700195313 -0.56353926658630371094 -0.53439056873321533203 -0.53218322992324829102 -0.61404722929000854492 -0.79348915815353393555 -1.0706095695495605469 -1.2543929815292358398 -1.3722646236419677734 -1.4102743864059448242 -1.3865995407104492188 -1.2743296623229980469 -1.1658045053482055664 -1.0686364173889160156 -0.99386644363403320313 -0.87641376256942749023 -0.84814697504043579102 -1.0148624181747436523 -1.1700227260589599609 -1.2630693912506103516 -1.3007752895355224609 -1.3799358606338500977 -1.4058992862701416016 -1.4023602008819580078 -1.4309519529342651367 -1.4993110895156860352 -1.5697349309921264648 -1.4923448562622070313 -1.357247471809387207
-0.78035223484039306641 -0.78864133358001708984 -0.79215764999389648438 -0.77846920490264892578 -0.75997519493103027344 -0.73841261863708496094 -0.72095632553100585938 -0.70961803197860717773 -0.69467186927795410156 -0.6790491938591003418 -0.65994048118591308594 -0.6349093317985534668 -0.60664397478103637695 -0.57487565279006958008 -0.5422732234001159668 -0.52033567428588867188 -0.53267139196395874023 -0.66256010532379150391 -0.87643086910247802734 -1.11865997314453125 -1.2917444705963134766 -1.4034252166748046875 -1.4448647499084472656 -1.4170607328414916992 -1.3004895448684692383 -1.1746990680694580078 -1.0732550621032714844 -1.017518162727355957 -0.9756031036376953125 -0.96705520153045654297 -1.0367981195449829102 -1.1866090297698974609 -1.3493824005126953125 -1.4294539690017700195 -1.4613341093063354492 -1.5052015781402587891 -1.4958863258361816406 -1.5039167404174804688 -1.5506033897399902344 -1.6074583530426025391 -1.5276023149490356445 -1.4064455032348632813
-0.76396805047988891602 -0.77073645591735839844 -0.77271252870559692383 -0.7619025111198425293 -0.74560564756393432617 -0.72007590532302856445 -0.69288575649261474609 -0.6795699000358581543 -0.67086440324783325195 -0.65774124860763549805 -0.6393248438835144043 -0.61717003583908081055 -0.59230864048004150391 -0.56284421682357788086 -0.53511232137680053711 -0.52598577737808227539 -0.55506330728530883789 -0.71539300680160522461 -0.93340134620666503906 -1.1514563560485839844 -1.32222747802734375 -1.4353555440902709961 -1.4756703376770019531 -1.4471385478973388672 -1.3138345479965209961 -1.1853197813034057617 -1.1127684116363525391 -1.0990643501281738281 -1.1230869293212890625 -1.1205599308013916016 -1.1473000049591064453 -1.2734941244125366211 -1.441565394401550293 -1.5213717222213745117 -1.5242822170257568359 -1.5914419889450073242 -1.588108062744140625 -1.5828484296798706055 -1.6089303493499755859 -1.6144851446151733398 -1.5395083427429199219 -1.4644160270690917969
-0.74417489767074584961 -0.74795001745223999023 -0.74979448318481445313 -0.74466973543167114258 -0.73496907949447631836 -0.70715355873107910156 -0.67250055074691772461 -0.65663141012191772461 -0.64738976955413818359 -0.63566815853118896484 -0.61823499202728271484 -0.59799933433532714844 -0.5755488276481628418 -0.55322945117950439453 -0.53975516557693481445 -0.55100899934768676758 -0.60498672723770141602 -0.81396716833114624023 -1.0176712274551391602 -1.2047611474990844727 -1.3485584259033203125 -1.4568084478378295898 -1.4844381809234619141 -1.4719941616058349609 -1.3525298833847045898 -1.2378034591674804688 -1.2227731943130493164 -1.2388694286346435547 -1.269321441650390625 -1.3000218868255615234 -1.3741174936294555664 -1.4849753379821777344 -1.5909224748611450195 -1.632441401481628418 -1.6377965211868286133 -1.6759866476058959961 -1.6639360189437866211 -1.6433413028717041016 -1.6512272357940673828 -1.6480371952056884766 -1.6014590263366699219 -1.5560553073883056641
-0.7228285670280456543 -0.72381055355072021484 -0.72717839479446411133 -0.7286529541015625 -0.7240130305290222168 -0.69511586427688598633 -0.66200327873229980469 -0.64442479610443115234 -0.62899857759475708008 -0.61775267124176025391 -0.60432046651840209961 -0.58732318878173828125 -0.56496900320053100586 -0.5508473515510559082 -0.55455678701400756836 -0.57841849327087402344 -0.67301982641220092773 -0.90578955411911010742 -1.0851452350616455078 -1.2452034950256347656 -1.3563218116760253906 -1.4487117528915405273 -1.4836748838424682617 -1.4813848733901977539 -1.4051249027252197266 -1.3331816196441650391 -1.3422952890396118164 -1.3509789705276489258 -1.371808171272277832 -1.425572514533996582 -1.5233864784240722656 -1.6152678728103637695 -1.6712110042572021484 -1.7060358524322509766 -1.7238346338272094727 -1.7439502477645874023 -1.7233462333679199219 -1.7022978067398071289 -1.7062669992446899414 -1.7085883617401123047 -1.673997044563293457 -1.6427164077758789063
-0.69250911474227905273 -0.6873772740364074707 -0.68623620271682739258 -0.69153195619583129883 -0.6917171478271484375 -0.67402058839797973633 -0.64796030521392822266 -0.62920480966567993164 -0.61102592945098876953 -0.60109859704971313477 -0.59594297409057617188 -0.58398973941802978516 -0.56556183099746704102 -0.56150293350219726563 -0.57454514503479003906 -0.61518228054046630859 -0.74261295795440673828 -0.95098483562469482422 -1.0906922817230224609 -1.2076191902160644531 -1.2959845066070556641 -1.392470240592956543 -1.4732959270477294922 -1.4846907854080200195 -1.4592887163162231445 -1.44959259033203125 -1.4641312360763549805 -1.4568794965744018555 -1.4749203920364379883 -1.5378718376159667969 -1.6105960607528686523 -1.6619259119033813477 -1.719575047492980957 -1.7536783218383789063 -1.7719877958297729492 -1.7899990081787109375 -1.7815352678298950195 -1.7633841037750244141 -1.7591924667358398438 -1.7603330612182617188 -1.7435168027877807617 -1.7180389165878295898
-0.68340134620666503906 -0.66854214668273925781 -0.66272026300430297852 -0.6628850102424621582 -0.66226357221603393555 -0.64966881275177001953 -0.62954181432723999023 -0.61342972517013549805 -0.59955400228500366211 -0.59683382511138916016 -0.59622907638549804688 -0.5899861454963684082 -0.57930642366409301758 -0.57828420400619506836 -0.58633303642272949219 -0.61767530441284179688 -0.72294992208480834961 -0.90450912714004516602 -1.0179799795150756836 -1.1235975027084350586 -1.2314487695693969727 -1.3637013435363769531 -1.48044586181640625 -1.5139153003692626953 -1.4982370138168334961 -1.5375384092330932617 -1.569563746452331543 -1.5649553537368774414 -1.5792777538299560547 -1.6098277568817138672 -1.6256673336029052734 -1.6559906005859375 -1.7124438285827636719 -1.7556244134902954102 -1.7955912351608276367 -1.83975982666015625 -1.831073760986328125 -1.8075482845306396484 -1.7953964471817016602 -1.7901536226272583008 -1.7843915224075317383 -1.7744506597518920898
-0.68127030134201049805 -0.66098666191101074219 -0.65001749992370605469 -0.64303201436996459961 -0.63603037595748901367 -0.62163561582565307617 -0.60586780309677124023 -0.59582078456878662109 -0.59299427270889282227 -0.5954691767692565918 -0.59989511966705322266 -0.6156673431396484375 -0.60983622074127197266 -0.59508383274078369141 -0.59490090608596801758 -0.60753256082534790039 -0.68088054656982421875 -0.83147162199020385742 -0.95874589681625366211 -1.0922478437423706055 -1.245840907096862793 -1.4088195562362670898 -1.543767094612121582 -1.599871516227722168 -1.5851231813430786133 -1.6271628141403198242 -1.6711381673812866211 -1.6804388761520385742 -1.6714972257614135742 -1.6473457813262939453 -1.6086534261703491211 -1.6157834529876708984 -1.6509530544281005859 -1.7239533662796020508 -1.8010051250457763672 -1.8805304765701293945 -1.8708629608154296875 -1.840542912483215332 -1.8252849578857421875 -1.8218469619750976563 -1.8214119672775268555 -1.8197818994522094727
-0.67029780149459838867 -0.65371358394622802734 -0.63904666900634765625 -0.62750649452209472656 -0.61813807487487792969 -0.60312640666961669922 -0.58872014284133911133 -0.5821787714958190918 -0.58766037225723266602 -0.59773677587509155273 -0.64721477031707763672 -0.73684358596801757813 -0.72538936138153076172 -0.64284014701843261719 -0.61709141731262207031 -0.61069291830062866211 -0.69035142660140991211 -0.86143630743026733398 -1.0212649106979370117 -1.1897215843200683594 -1.3553442955017089844 -1.5095659494400024414 -1.5984456539154052734 -1.6210645437240600586 -1.630694270133972168 -1.6775497198104858398 -1.7302902936935424805 -1.7413467168807983398 -1.7267892360687255859 -1.6846082210540771484 -1.6179347038269042969 -1.6200451850891113281 -1.6607353687286376953 -1.7402126789093017578 -1.8312764167785644531 -1.8912372589111328125 -1.8823770284652709961 -1.8419719934463500977 -1.8206448554992675781 -1.8341090679168701172 -1.8457007408142089844 -1.8532586097717285156
-0.66121941804885864258 -0.65084892511367797852 -0.63712853193283081055 -0.62181329727172851563 -0.60962688922882080078 -0.59721606969833374023 -0.58678346872329711914 -0.58248323202133178711 -0.58738571405410766602 -0.61363244056701660156 -0.74623185396194458008 -0.90953904390335083008 -0.91543912887573242188 -0.79197788238525390625 -0.73859906196594238281 -0.72978574037551879883 -0.82898026704788208008 -1.0031529664993286133 -1.1731280088424682617 -1.3573936223983764648 -1.4984258413314819336 -1.6146308183670043945 -1.63774871826171875 -1.6363219022750854492 -1.6720805168151855469 -1.7268505096435546875 -1.7590754032135009766 -1.7663916349411010742 -1.7681523561477661133 -1.7441698312759399414 -1.6891658306121826172 -1.6830971240997314453 -1.7157461643218994141 -1.7770380973815917969 -1.8598095178604125977 -1.8946300745010375977 -1.8903453350067138672 -1.8432941436767578125 -1.8169522285461425781 -1.841892242431640625 -1.8637162446975708008 -1.8777067661285400391
-0.65829491615295410156 -0.65106666088104248047 -0.64316606521606445313 -0.62666988372802734375 -0.61325812339782714844 -0.60100203752517700195 -0.59309983253479003906 -0.59102922677993774414 -0.59449160099029541016 -0.64606761932373046875 -0.82614398002624511719 -1.0372359752655029297 -1.106438755989074707 -1.0182846784591674805 -0.95915716886520385742 -0.97763174772262573242 -1.0465130805969238281 -1.1593656539916992188 -1.3159202337265014648 -1.476899266242980957 -1.5933625698089599609 -1.6712194681167602539 -1.704189300537109375 -1.7153111696243286133 -1.73389434814453125 -1.75461578369140625 -1.7698479890823364258 -1.7855798006057739258 -1.7956644296646118164 -1.7848353385925292969 -1.7512983083724975586 -1.7424317598342895508 -1.7539829015731811523 -1.7931685447692871094 -1.8694825172424316406 -1.8950365781784057617 -1.8941990137100219727 -1.8730635643005371094 -1.8511692285537719727 -1.8610690832138061523 -1.8807644844055175781 -1.8926134109497070313
-9999 -0.65041166543960571289 -0.64084213972091674805 -0.62633055448532104492 -0.61398196220397949219 -0.60318648815155029297 -0.59718543291091918945 -0.59697812795639038086 -0.60569661855697631836 -0.68297278881072998047 -0.88269883394241333008 -1.1104612350463867188 -1.2271320819854736328 -1.2201029062271118164 -1.1906149387359619141 -1.2299691438674926758 -1.2808450460433959961 -1.3331376314163208008 -1.4568545818328857422 -1.5856815576553344727 -1.6546586751937866211 -1.7204390764236450195 -1.7527892589569091797 -1.7580816745758056641 -1.7584578990936279297 -1.7580932378768920898 -1.7802163362503051758 -1.8110374212265014648 -1.8365449905395507813 -1.8362201452255249023 -1.8216074705123901367 -1.8185380697250366211 -1.8261511325836181641 -1.8573553562164306641 -1.8903375864028930664 -1.8983153104782104492 -1.9001936912536621094 -1.8966821432113647461 -1.8877680301666259766 -1.8876689672470092773 -1.8934587240219116211 -1.8946306705474853516
-9999 -0.63272303342819213867 -0.6304385066032409668 -0.62077414989471435547 -0.61111080646514892578 -0.60355204343795776367 -0.60329616069793701172 -0.6147391200065612793 -0.63847589492797851563 -0.76570969820022583008 -0.99536997079849243164 -1.1843622922897338867 -1.3044528961181640625 -1.3542106151580810547 -1.376126408576965332 -1.42307281494140625 -1.4683190584182739258 -1.5270293951034545898 -1.5855231285095214844 -1.6173843145370483398 -1.6463294029235839844 -1.6998083591461181641 -1.7364368438720703125 -1.7497179508209228516 -1.7563240528106689453 -1.759171605110168457 -1.7761977910995483398 -1.8189595937728881836 -1.8708548545837402344 -1.8830268383026123047 -1.8806025981903076172 -1.8814548254013061523 -1.8863565921783447266 -1.8939554691314697266 -1.9002879858016967773 -1.9103500843048095703 -1.9192862510681152344 -1.9243314266204833984 -1.9195647239685058594 -1.9097422361373901367 -1.9015071392059326172 -1.8905478715896606445
-9999 -0.63071191310882568359 -0.62340587377548217773 -0.61161565780639648438 -0.60627549886703491211 -0.6043688654899597168 -0.61320662498474121094 -0.63680803775787353516 -0.69741642475128173828 -0.89037603139877319336 -1.1029609441757202148 -1.2497771978378295898 -1.3517919778823852539 -1.4144283533096313477 -1.4589853286743164063 -1.4837082624435424805 -1.5030074119567871094 -1.5355613231658935547 -1.5382086038589477539 -1.5581468343734741211 -1.5782694816589355469 -1.6262377500534057617 -1.6684479713439941406 -1.6933740377426147461 -1.7270106077194213867 -1.7412744760513305664 -1.7434303760528564453 -1.7671538591384887695 -1.8210902214050292969 -1.8715305328369140625 -1.8868409395217895508 -1.8854551315307617188 -1.8928596973419189453 -1.8969141244888305664 -1.9079260826110839844 -1.9279836416244506836 -1.9453841447830200195 -1.9599916934967041016 -1.9585258960723876953 -1.9431464672088623047 -1.924813389778137207 -1.8977464437484741211
-0.64320904016494750977 -0.62898588180541992188 -0.61379384994506835938 -0.60332471132278442383 -0.60488438606262207031 -0.6130218505859375 -0.63367646932601928711 -0.69017541408538818359 -0.84891170263290405273 -1.0435606241226196289 -1.1956385374069213867 -1.2985321283340454102 -1.378182530403137207 -1.4451367855072021484 -1.4821623563766479492 -1.4854462146759033203 -1.4849693775177001953 -1.4524796009063720703 -1.4134389162063598633 -1.4230110645294189453 -1.4476485252380371094 -1.5015704631805419922 -1.5584838390350341797 -1.593291163444519043 -1.6292136907577514648 -1.6462920904159545898 -1.6384660005569458008 -1.6567903757095336914 -1.7332842350006103516 -1.8273520469665527344 -1.8650412559509277344 -1.8474735021591186523 -1.8739768266677856445 -1.8958824872970581055 -1.916290283203125 -1.9484195709228515625 -1.9745349884033203125 -1.9984705448150634766 -1.998111724853515625 -1.9796882867813110352 -1.9597008228302001953 -1.9332447052001953125
-0.64557027816772460938 -0.62665462493896484375 -0.60841947793960571289 -0.60157555341720581055 -0.60708713531494140625 -0.62242448329925537109 -0.65592616796493530273 -0.80126088857650756836 -0.9990437626838684082 -1.1427303552627563477 -1.2509183883666992188 -1.3306313753128051758 -1.3869870901107788086 -1.4298125505447387695 -1.4526152610778808594 -1.4629262685775756836 -1.430515289306640625 -1.3290222883224487305 -1.2790673971176147461 -1.2941956520080566406 -1.3243849277496337891 -1.3709805011749267578 -1.437386631965637207 -1.4883552789688110352 -1.5357373952865600586 -1.5815736055374145508 -1.605088353157043457 -1.6275109052658081055 -1.7320195436477661133 -1.8444525003433227539 -1.8793371915817260742 -1.8654412031173706055 -1.8815268278121948242 -1.8971734046936035156 -1.9297745227813720703 -1.9742690324783325195 -2.0050725936889648438 -2.0261564254760742188 -2.0265259742736816406 -2.0135767459869384766 -2.0002610683441162109 -1.9836313724517822266
-0.63972628116607666016 -0.61782526969909667969 -0.60187935829162597656 -0.59882491827011108398 -0.60619854927062988281 -0.62683922052383422852 -0.67262816429138183594 -0.8725668787956237793 -1.1055487394332885742 -1.2227013111114501953 -1.3013128042221069336 -1.3597893714904785156 -1.3893450498580932617 -1.3890020847320556641 -1.3716853857040405273 -1.3595488071441650391 -1.289803624153137207 -1.1768234968185424805 -1.1369597911834716797 -1.1407649517059326172 -1.1436976194381713867 -1.1789242029190063477 -1.2915917634963989258 -1.3959022760391235352 -1.4814016819000244141 -1.5679877996444702148 -1.6652770042419433594 -1.7375009059906005859 -1.8306139707565307617 -1.8939493894577026367 -1.9142018556594848633 -1.9184817075729370117 -1.9085291624069213867 -1.9215748310089111328 -1.961594700813293457 -2.0087566375732421875 -2.0281376838684082031 -2.0318491458892822266 -2.0322101116180419922 -2.0307850837707519531 -2.0286655426025390625 -2.0264534950256347656
-0.63167095184326171875 -0.60848349332809448242 -0.59605038166046142578 -0.59480893611907958984 -0.59922033548355102539 -0.61889064311981201172 -0.68019133806228637695 -0.87418806552886962891 -1.1051878929138183594 -1.2400200366973876953 -1.3236690759658813477 -1.3649079799652099609 -1.380276799201965332 -1.3625609874725341797 -1.3220893144607543945 -1.2699278593063354492 -1.1749119758605957031 -1.069788813591003418 -1.0472791194915771484 -1.0612878799438476563 -1.0492467880249023438 -1.0908926725387573242 -1.2249519824981689453 -1.3592599630355834961 -1.4808601140975952148 -1.603636622428894043 -1.7170422077178955078 -1.7897454500198364258 -1.8635380268096923828 -1.9100773334503173828 -1.9475331306457519531 -1.9709783792495727539 -1.9639418125152587891 -1.9727855920791625977 -1.9984524250030517578 -2.0264627933502197266 -2.0338997840881347656 -2.0358986854553222656 -2.0380072593688964844 -2.0394089221954345703 -2.0392203330993652344 -2.0404109954833984375
