INPUT/RASTER/ASCII_standard/elevation.asc
ncols        225
nrows        269
xllcorner    473009.983799999987
yllcorner    4429051.174800000153
cellsize     50.000000000000
NODATA_value  -9999
[rows 76 to 94 of 269, columns 84 to 125 of 225]
1.1712001562118530273 1.1750748157501220703 1.1770241260528564453 1.1774612665176391602 1.1775221824645996094 1.1793239116668701172 1.1796784400939941406 1.1689400672912597656 1.1559771299362182617 1.1437660455703735352 1.1337275505065917969 1.1238985061645507813 1.1137290000915527344 1.1082682609558105469 1.0957620143890380859 1.0616910457611083984 1.0115553140640258789 0.98177689313888549805 0.97647130489349365234 0.98276823759078979492 0.98939716815948486328 1.0073424577713012695 1.0411703586578369141 1.0945291519165039063 1.1124927997589111328 1.1174856424331665039 1.1173458099365234375 1.1035254001617431641 1.0890316963195800781 -9999 -9999 -9999 -9999 -9999 -9999 -9999 -9999 -9999 -9999 -9999 1.1549472808837890625 1.1748887300491333008
1.168763279914855957 1.1733760833740234375 1.1741505861282348633 1.1726598739624023438 1.1712986230850219727 1.1721060276031494141 1.1735783815383911133 1.1632012128829956055 1.1485077142715454102 1.1350914239883422852 1.124415278434753418 1.114851832389831543 1.1055940389633178711 1.0973697900772094727 1.0773612260818481445 1.0485879182815551758 1.0140340328216552734 0.98833322525024414063 0.97561132907867431641 0.972064971923828125 0.96044784784317016602 0.95573496818542480469 0.98944807052612304688 1.0521526336669921875 1.0834909677505493164 1.0936269760131835938 1.0875928401947021484 1.0741782188415527344 1.0622924566268920898 1.0360391139984130859 -9999 -9999 -9999 -9999 -9999 -9999 -9999 -9999 -9999 1.12557220458984375 1.1381331682205200195 1.1553915739059448242
1.1704236268997192383 1.1726790666580200195 1.1698963642120361328 1.164797663688659668 1.1608610153198242188 1.1576837301254272461 1.1540656089782714844 1.1437147855758666992 1.1305687427520751953 1.1184031963348388672 1.11176300048828125 1.1054159402847290039 1.0943989753723144531 1.0834879875183105469 1.0622862577438354492 1.040320277214050293 1.0165847539901733398 0.99829119443893432617 0.98374629020690917969 0.97145020961761474609 0.93573135137557983398 0.88853269815444946289 0.91627293825149536133 0.97503530979156494141 0.99821197986602783203 1.0062673091888427734 1.0046428442001342773 1.0096884965896606445 1.0137366056442260742 1.0032068490982055664 -9999 -9999 -9999 -9999 -9999 -9999 -9999 -9999 1.1091312170028686523 1.1170914173126220703 1.1260639429092407227 1.1418309211730957031
1.1713198423385620117 1.1684374809265136719 1.1625901460647583008 1.1559712886810302734 1.1499642133712768555 1.1422650814056396484 1.1339194774627685547 1.1232870817184448242 1.1121040582656860352 1.1018553972244262695 1.0946722030639648438 1.0875257253646850586 1.0788292884826660156 1.0704746246337890625 1.0542162656784057617 1.0370738506317138672 1.0181325674057006836 1.0030421018600463867 0.9897587895393371582 0.97775381803512573242 0.94189941883087158203 0.86803030967712402344 0.85684567689895629883 0.90947675704956054688 0.94291627407073974609 0.96848815679550170898 0.97466623783111572266 0.97622483968734741211 0.97932702302932739258 0.97969567775726318359 0.98510760068893432617 -9999 -9999 -9999 -9999 -9999 -9999 -9999 1.0923111438751220703 1.1091749668121337891 1.1179348230361938477 1.1300998926162719727
1.1522076129913330078 1.153468012809753418 1.1498719453811645508 1.1436802148818969727 1.1362513303756713867 1.1242433786392211914 1.1116166114807128906 1.096606135368347168 1.0851858854293823242 1.0762046575546264648 1.0689580440521240234 1.0621711015701293945 1.0557332038879394531 1.0515562295913696289 1.0425691604614257813 1.0308098793029785156 1.0167140960693359375 1.0041544437408447266 0.9922720789909362793 0.98213136196136474609 0.96831381320953369141 0.89975106716156005859 0.84382808208465576172 0.85938483476638793945 0.90770292282104492188 0.95874869823455810547 0.9744873046875 0.97543281316757202148 0.97591245174407958984 0.98361033201217651367 1.0110944509506225586 1.0404067039489746094 1.0431685447692871094 -9999 -9999 -9999 -9999 1.0645471811294555664 1.0754740238189697266 1.1010663509368896484 1.1130700111389160156 1.1201223134994506836
1.1332232952117919922 1.1382653713226318359 1.1373398303985595703 1.1325964927673339844 1.1257394552230834961 1.1130608320236206055 1.0917639732360839844 1.0674186944961547852 1.0568321943283081055 1.0510315895080566406 1.045981287956237793 1.0408746004104614258 1.0375756025314331055 1.0359102487564086914 1.030630946159362793 1.022755742073059082 1.012339472770690918 1.0021207332611083984 0.99170315265655517578 0.98247128725051879883 0.97442638874053955078 0.92043864727020263672 0.84831076860427856445 0.84528654813766479492 0.90000671148300170898 0.97195148468017578125 0.99967592954635620117 0.9965457916259765625 0.99453675746917724609 1.012833714485168457 1.0333398580551147461 1.0428774356842041016 1.0431768894195556641 1.0432131290435791016 1.0432735681533813477 -9999 -9999 1.0767694711685180664 1.0836732387542724609 1.104193568229675293 1.1115314960479736328 1.1130996942520141602
1.1191067695617675781 1.1252981424331665039 1.1266623735427856445 1.1241971254348754883 1.1183826923370361328 1.0983766317367553711 1.0646030902862548828 1.0316860675811767578 1.0217977762222290039 1.0215153694152832031 1.0200653076171875 1.0176316499710083008 1.0176361799240112305 1.0183382034301757813 1.0166515111923217773 1.0121480226516723633 1.00510406494140625 0.99733364582061767578 0.98880326747894287109 0.98083889484405517578 0.97284740209579467773 0.90885949134826660156 0.84385979175567626953 0.85447591543197631836 0.92509317398071289063 1.011882781982421875 1.0396713018417358398 1.0384280681610107422 1.0343962907791137695 1.0402944087982177734 1.0427906513214111328 1.0427297353744506836 1.0421884059906005859 1.0422301292419433594 1.0423368215560913086 -9999 -9999 1.094575047492980957 1.1054226160049438477 1.1109025478363037109 1.1114884614944458008 1.1123135089874267578
1.1128985881805419922 1.1165746450424194336 1.1191430091857910156 1.1174522638320922852 1.1056694984436035156 1.0768210887908935547 1.0415230989456176758 1.0003370046615600586 0.98897552490234375 0.99335020780563354492 0.99654287099838256836 0.99704504013061523438 1.0012257099151611328 1.0042078495025634766 1.0050494670867919922 1.0026555061340332031 0.99777531623840332031 0.99167978763580322266 0.98463964462280273438 0.97711068391799926758 0.95541799068450927734 0.87131845951080322266 0.83975577354431152344 0.87353605031967163086 0.94650852680206298828 1.0116866827011108398 1.034588932991027832 1.0382165908813476563 1.0379354953765869141 1.0380309820175170898 1.0375472307205200195 1.0363385677337646484 1.0365186929702758789 1.0379438400268554688 1.039435267448425293 1.0378358364105224609 1.0658317804336547852 1.0930773019790649414 1.1072518825531005859 1.1114397048950195313 1.1114660501480102539 1.1132013797760009766
1.1114664077758789063 1.1097952127456665039 1.1047803163528442383 1.0950359106063842773 1.0785261392593383789 1.051321864128112793 1.0207121372222900391 0.9818223118782043457 0.97048133611679077148 0.96938610076904296875 0.97413903474807739258 0.97841483354568481445 0.98583161830902099609 0.99033308029174804688 0.99276584386825561523 0.99214065074920654297 0.98912817239761352539 0.98440819978713989258 0.97850245237350463867 0.95193457603454589844 0.88755255937576293945 0.82957214117050170898 0.84132021665573120117 0.89723569154739379883 0.96107012033462524414 0.99362379312515258789 1.0069775581359863281 1.0153248310089111328 1.0185887813568115234 1.0203584432601928711 1.0216383934020996094 1.0238410234451293945 1.0271613597869873047 1.0304465293884277344 1.0339761972427368164 1.0348104238510131836 1.0566011667251586914 1.0790812969207763672 1.1015017032623291016 1.1111549139022827148 1.111382603645324707 1.1126074790954589844
1.1024739742279052734 1.0835939645767211914 1.0665795803070068359 1.0549149513244628906 1.0431972742080688477 1.0234235525131225586 0.99795883893966674805 0.96702170372009277344 0.95382100343704223633 0.95109921693801879883 0.96071016788482666016 0.97188729047775268555 0.97727209329605102539 0.98020118474960327148 0.98218476772308349609 0.9820855259895324707 0.97998261451721191406 0.9760379791259765625 0.9667072296142578125 0.90584444999694824219 0.83572143316268920898 0.81029176712036132813 0.83856087923049926758 0.89359384775161743164 0.93799233436584472656 0.96451556682586669922 0.9791660308837890625 0.99265575408935546875 0.99974554777145385742 1.0045797824859619141 1.0091050863265991211 1.0131964683532714844 1.017966151237487793 1.0226490497589111328 1.0278699398040771484 1.029248356819152832 1.0491113662719726563 1.0747257471084594727 1.1040875911712646484 1.1111394166946411133 1.1112540960311889648 1.1116186380386352539
1.0629302263259887695 1.0420281887054443359 1.026782989501953125 1.0202946662902832031 1.0134580135345458984 0.9996592402458190918 0.97870016098022460938 0.95204389095306396484 0.93394631147384643555 0.93025481700897216797 0.94369995594024658203 0.95842087268829345703 0.96895319223403930664 0.97390842437744140625 0.97539609670639038086 0.97503906488418579102 0.9697322845458984375 0.95308071374893188477 0.92738372087478637695 0.86624479293823242188 0.83139187097549438477 0.82681363821029663086 0.83690720796585083008 0.87697899341583251953 0.90859550237655639648 0.93403971195220947266 0.95568156242370605469 0.97484517097473144531 0.98540455102920532227 0.99256318807601928711 0.99795508384704589844 1.0019977092742919922 1.0074392557144165039 1.0134025812149047852 1.0212709903717041016 1.0284616947174072266 1.0409375429153442383 1.0722575187683105469 1.1001307964324951172 1.1051694154739379883 1.105858922004699707 1.1075963973999023438
1.0019085407257080078 0.99037313461303710938 0.98470556735992431641 0.98695647716522216797 0.9859650731086730957 0.97946965694427490234 0.96329146623611450195 0.93825423717498779297 0.91623038053512573242 0.91009235382080078125 0.92157638072967529297 0.93289697170257568359 0.9504368901252746582 0.96715813875198364258 0.97673779726028442383 0.96799391508102416992 0.94090723991394042969 0.91017073392868041992 0.87759292125701904297 0.84104955196380615234 0.82668727636337280273 0.82565128803253173828 0.83656352758407592773 0.88336849212646484375 0.90613353252410888672 0.91926163434982299805 0.94058650732040405273 0.96472781896591186523 0.97839820384979248047 0.98420548439025878906 0.98813176155090332031 0.99109297990798950195 0.99657499790191650391 1.0037198066711425781 1.0136895179748535156 1.0245741605758666992 1.0390698909759521484 1.0612852573394775391 1.0774216651916503906 1.0820800065994262695 1.0811578035354614258 1.0836757421493530273
0.96201062202453613281 0.96488088369369506836 0.97144019603729248047 0.97418868541717529297 0.97243404388427734375 0.96851694583892822266 0.95157676935195922852 0.92910867929458618164 0.90918731689453125 0.900848388671875 0.90642380714416503906 0.91202086210250854492 0.932743072509765625 0.96251946687698364258 0.97818213701248168945 0.95632636547088623047 0.91315281391143798828 0.87337255477905273438 0.84238332509994506836 0.82014137506484985352 0.80669456720352172852 0.80016571283340454102 0.81065171957015991211 0.86275935173034667969 0.90100854635238647461 0.90936082601547241211 0.92675060033798217773 0.95434778928756713867 0.97271430492401123047 0.97675365209579467773 0.97868055105209350586 0.98002600669860839844 0.98421549797058105469 0.99277251958847045898 1.0052801370620727539 1.0185488462448120117 1.0342699289321899414 1.0486166477203369141 1.0567841529846191406 1.0572096109390258789 1.0537712574005126953 1.0548360347747802734
0.92926508188247680664 0.94383800029754638672 0.9565073847770690918 0.96034526824951171875 0.9523270726203918457 0.94109451770782470703 0.93484592437744140625 0.92562323808670043945 0.90963691473007202148 0.89977735280990600586 0.90301465988159179688 0.9050661921501159668 0.91962075233459472656 0.9601008296012878418 0.97785556316375732422 0.94736850261688232422 0.89296323060989379883 0.84909236431121826172 0.82827425003051757813 0.80558973550796508789 0.78468656539916992188 0.76163709163665771484 0.76104903221130371094 0.80778729915618896484 0.86055678129196166992 0.88491666316986083984 0.90745687484741210938 0.93822586536407470703 0.95836752653121948242 0.96226125955581665039 0.96121942996978759766 0.96620094776153564453 0.97415113449096679688 0.98312944173812866211 0.99734616279602050781 1.0103029012680053711 1.0233743190765380859 1.0349843502044677734 1.0417888164520263672 1.0410572290420532227 1.0394966602325439453 1.0404988527297973633
0.91569441556930541992 0.93055051565170288086 0.94031709432601928711 0.94288915395736694336 0.93625521659851074219 0.92722272872924804688 0.92399626970291137695 0.92236548662185668945 -9999 0.90213835239410400391 0.902019500732421875 0.90308803319931030273 0.91448158025741577148 0.95678514242172241211 0.98826068639755249023 0.94876068830490112305 0.88771814107894897461 0.84246927499771118164 0.82353508472442626953 0.79991799592971801758 0.7739715576171875 0.73462384939193725586 0.71798974275588989258 0.76584076881408691406 0.81801134347915649414 0.8457253575325012207 0.88138532638549804688 0.92063963413238525391 0.93834888935089111328 0.93797814846038818359 0.93661934137344360352 0.94800704717636108398 0.96605956554412841797 0.97812706232070922852 0.98990768194198608398 1.0006401538848876953 1.0113329887390136719 1.0213377475738525391 1.0291223526000976563 1.0315021276473999023 1.0317261219024658203 1.0333306789398193359
0.9091351628303527832 0.91819518804550170898 0.92415225505828857422 0.92539429664611816406 0.9233506321907043457 0.92263865470886230469 -9999 -9999 -9999 -9999 0.89689248800277709961 0.89785671234130859375 0.90504705905914306641 0.93303376436233520508 0.9606768488883972168 0.93058305978775024414 0.87798660993576049805 0.83964067697525024414 0.8231951594352722168 0.80907642841339111328 0.79351967573165893555 0.7581170201301574707 0.71600031852722167969 0.72345089912414550781 0.76768714189529418945 0.81394034624099731445 0.86433631181716918945 0.90822303295135498047 0.91226571798324584961 0.89432036876678466797 0.90926069021224975586 0.92566412687301635742 0.95236170291900634766 0.97351551055908203125 0.98341095447540283203 0.99124521017074584961 0.99976557493209838867 1.0087676048278808594 1.016923069953918457 1.0210316181182861328 1.0211242437362670898 1.0233100652694702148
0.90595167875289916992 0.91039514541625976563 0.91322910785675048828 0.91343098878860473633 0.91291093826293945313 -9999 -9999 -9999 -9999 -9999 0.88760846853256225586 0.88900232315063476563 0.89360678195953369141 0.90529519319534301758 0.91532158851623535156 0.89216077327728271484 0.85805147886276245117 0.8376324772834777832 0.82734835147857666016 0.82776248455047607422 0.82953631877899169922 0.80538785457611083984 0.7417653203010559082 0.70472443103790283203 0.72827351093292236328 0.78576719760894775391 0.84811514616012573242 0.89787757396697998047 0.88137447834014892578 0.84492498636245727539 0.86684870719909667969 0.89028477668762207031 0.92814612388610839844 0.96114939451217651367 0.97725206613540649414 0.98190659284591674805 0.98771053552627563477 0.99637353420257568359 1.0032202005386352539 1.0057997703552246094 1.0060970783233642578 1.0092973709106445313
0.90092968940734863281 0.90653139352798461914 0.9067745208740234375 0.90660810470581054688 0.90547162294387817383 0.90049803256988525391 -9999 -9999 -9999 -9999 0.87511175870895385742 0.87574863433837890625 0.87634253501892089844 0.87884539365768432617 0.87654983997344970703 0.8625290989875793457 0.84495961666107177734 0.83921360969543457031 0.83638709783554077148 0.8387114405632019043 0.84449583292007446289 0.83216387033462524414 0.77199923992156982422 0.70807558298110961914 0.71120524406433105469 0.7623882293701171875 0.82719027996063232422 0.8736286163330078125 0.85434329509735107422 0.82373648881912231445 0.82552993297576904297 0.84815102815628051758 0.89881598949432373047 0.94062322378158569336 0.96693539619445800781 0.97357767820358276367 0.97737008333206176758 0.98486489057540893555 0.9897587895393371582 0.98953646421432495117 0.98859512805938720703 0.99500304460525512695
0.90020567178726196289 0.9072716832160949707 0.90755987167358398438 0.90663731098175048828 0.90416532754898071289 0.90068697929382324219 -9999 -9999 -9999 -9999 0.86693173646926879883 0.86700010299682617188 0.86628192663192749023 0.86812454462051391602 0.86495733261108398438 0.85906118154525756836 -9999 0.83802497386932373047 0.8385416865348815918 0.84533619880676269531 0.85914123058319091797 0.85233968496322631836 0.79898291826248168945 0.7151336669921875 0.7059230804443359375 0.74166607856750488281 0.7962398529052734375 0.82727074623107910156 0.8027140498161315918 0.77856808900833129883 0.78853362798690795898 0.81744581460952758789 0.86789309978485107422 0.91788780689239501953 0.94780433177947998047 0.96219080686569213867 0.97089588642120361328 0.97609347105026245117 0.97880983352661132813 0.97741013765335083008 0.97644251585006713867 0.98088306188583374023
