INPUT/RASTER/ASCII_standard/fla.asc
ncols        225
nrows        269
xllcorner    473009.983799999987
yllcorner    4429051.174800000153
cellsize     50.000000000000
NODATA_value  -9999
[rows 171 to 189 of 269, columns 82 to 122 of 225]
-0.20092143118381500244 0.16351075470447540283 -0.077900648117065429688 -0.42535996437072753906 0.58322823047637939453 1.2284195423126220703 0.87217259407043457031 0.6521892547607421875 0.43807566165924072266 0.4971370995044708252 0.88166409730911254883 0.51792383193969726563 0.22429765760898590088 0.19039435684680938721 0.054167512804269790649 -0.12420558929443359375 -0.18561060726642608643 -0.011368491686880588531 0.20051322877407073975 -0.075425781309604644775 -0.14633354544639587402 -0.24847139418125152588 -0.27712976932525634766 -0.40928161144256591797 -0.52327615022659301758 -0.57014733552932739258 -0.52632290124893188477 -0.42386984825134277344 -0.30038100481033325195 -0.127595558762550354 0.96023029088973999023 3.2394487857818603516 -0.19941110908985137939 -0.25232169032096862793 -0.30631515383720397949 -0.24196833372116088867 -0.21363407373428344727 -0.3673407137393951416 -0.49031814932823181152 -0.49096190929412841797 -0.51746338605880737305
-0.38584175705909729004 -0.31665813922882080078 -0.47101628780364990234 -0.20434260368347167969 -0.098126381635665893555 0.081953682005405426025 0.42132011055946350098 0.38588219881057739258 0.32387328147888183594 0.22625531256198883057 0.31731885671615600586 0.51899409294128417969 0.13350434601306915283 0.048058979213237762451 0.028669642284512519836 -0.12558043003082275391 -0.041979588568210601807 0.16234061121940612793 0.071690484881401062012 -0.15159265697002410889 -0.17954412102699279785 -0.24162675440311431885 -0.3009198606014251709 -0.44728240370750427246 -0.5008150935173034668 -0.54902315139770507813 -0.54223239421844482422 -0.47400543093681335449 -0.39992958307266235352 -0.30543258786201477051 -0.11508310586214065552 0.50299042463302612305 -0.17123875021934509277 -0.094415009021759033203 -0.055923406034708023071 -0.10508828610181808472 -0.31579065322875976563 -0.48581138253211975098 -0.47374197840690612793 -0.37154662609100341797 -0.4559237062931060791
-0.36790013313293457031 -0.44557049870491027832 -0.39389517903327941895 0.039976146072149276733 0.00088809523731470108032 -0.12836627662181854248 -0.17793609201908111572 -0.18355120718479156494 -0.21675410866737365723 -0.2100467979907989502 -0.27422162890434265137 -0.1659508049488067627 -0.095274843275547027588 -0.20725500583648681641 -0.29740852117538452148 -0.29069843888282775879 0.22855274379253387451 0.64991700649261474609 0.37377649545669555664 0.14493744075298309326 0.13556540012359619141 -0.10435459762811660767 -0.29403734207153320313 -0.39389494061470031738 -0.45620498061180114746 -0.53979128599166870117 -0.559856414794921875 -0.51586782932281494141 -0.45366182923316955566 -0.36548060178756713867 -0.2084468454122543335 0.34598693251609802246 0.61236923933029174805 0.4333203434944152832 0.014378297142684459686 -0.28196886181831359863 -0.44945299625396728516 -0.49570733308792114258 -0.42926490306854248047 -0.20608758926391601563 -0.31242704391479492188
-0.27949410676956176758 -0.5244166254997253418 -0.31129086017608642578 0.083116427063941955566 0.05227723345160484314 -0.11156231909990310669 -0.2506809532642364502 -0.3122564852237701416 -0.35528618097305297852 -0.36874586343765258789 -0.36899727582931518555 -0.4020017087459564209 -0.45740821957588195801 -0.47129899263381958008 -0.51022297143936157227 -0.53443497419357299805 -0.24429357051849365234 0.61270111799240112305 0.36044201254844665527 0.11022546887397766113 -0.081651143729686737061 -0.32022082805633544922 -0.37129613757133483887 -0.4100297391414642334 -0.45598068833351135254 -0.52094662189483642578 -0.53227245807647705078 -0.49346682429313659668 -0.46412205696105957031 -0.40319240093231201172 -0.3427791893482208252 -0.40227809548377990723 0.038891751319169998169 -0.057865101844072341919 -0.2613557279109954834 -0.42909142374992370605 -0.46944591403007507324 -0.4798170626163482666 -0.32251977920532226563 0.022644681856036186218 -0.23628318309783935547
-0.36279252171516418457 -0.57223367691040039063 -0.24030321836471557617 0.16005299985408782959 0.16777484118938446045 0.11728907376527786255 -0.050149776041507720947 -0.1730232536792755127 -0.25887241959571838379 -0.31980109214782714844 -0.35354974865913391113 -0.37165012955665588379 -0.47902354598045349121 -0.54414135217666625977 -0.57724565267562866211 -0.57176071405410766602 -0.26260170340538024902 -0.036167487502098083496 -0.012979261577129364014 -0.085237450897693634033 -0.20738540589809417725 -0.30875220894813537598 -0.34344565868377685547 -0.39386886358261108398 -0.44103452563285827637 -0.4777348935604095459 -0.45065924525260925293 -0.37651750445365905762 -0.33997130393981933594 -0.28421500325202941895 -0.304668426513671875 -0.5172443389892578125 -0.49726158380508422852 -0.51675945520401000977 -0.52458035945892333984 -0.48499268293380737305 -0.41192325949668884277 -0.44831755757331848145 -0.19300369918346405029 0.2522029876708984375 -0.1445776820182800293
-0.43899205327033996582 -0.53594058752059936523 -0.028321553021669387817 0.077196344733238220215 -0.14126425981521606445 -0.14197888970375061035 -0.21500992774963378906 -0.31809070706367492676 -0.35361561179161071777 -0.40420392155647277832 -0.45608147978782653809 -0.4632307589054107666 -0.5197976231575012207 -0.5720780491828918457 -0.57905519008636474609 -0.56588822603225708008 -0.33254393935203552246 -0.19041052460670471191 -0.18532969057559967041 -0.23940309882164001465 -0.26342540979385375977 -0.33955308794975280762 -0.40749609470367431641 -0.41875717043876647949 -0.44511592388153076172 -0.43423876166343688965 -0.40538918972015380859 -0.36642122268676757813 -0.34114000201225280762 -0.2798538506031036377 -0.29790294170379638672 -0.43819531798362731934 -0.45688849687576293945 -0.47675523161888122559 -0.50083506107330322266 -0.40984439849853515625 -0.3153464198112487793 -0.41367956995964050293 0.065539464354515075684 0.51898157596588134766 -0.16888117790222167969
-0.079808212816715240479 -0.31740346550941467285 -0.08885504305362701416 0.059811819344758987427 -0.0080511961132287979126 -0.17164710164070129395 -0.21817345917224884033 -0.34896600246429443359 -0.41106462478637695313 -0.45001047849655151367 -0.49359595775604248047 -0.52584427595138549805 -0.56673324108123779297 -0.57885116338729858398 -0.57691591978073120117 -0.49251985549926757813 -0.13927765190601348877 -0.10281148552894592285 -0.10041178762912750244 -0.17359618842601776123 -0.23635333776473999023 -0.37857604026794433594 -0.49757781624794006348 -0.5348504185676574707 -0.50335973501205444336 -0.35802498459815979004 -0.25100362300872802734 -0.16178900003433227539 -0.19662438333034515381 -0.11057211458683013916 0.23912756145000457764 -0.011358240619301795959 -0.30787193775177001953 -0.41165965795516967773 -0.46392548084259033203 -0.40260371565818786621 -0.18549285829067230225 -0.12156859040260314941 0.52572494745254516602 0.50077223777770996094 -0.24923957884311676025
0.66351145505905151367 -0.046257663518190383911 -0.27646693587303161621 -0.23899948596954345703 -0.053478650748729705811 -0.11580899357795715332 -0.19955459237098693848 -0.30685228109359741211 -0.41215965151786804199 -0.45594730973243713379 -0.49835342168807983398 -0.52353250980377197266 -0.5545641779899597168 -0.56196749210357666016 -0.51916420459747314453 -0.31807067990303039551 0.069458790123462677002 -0.12710444629192352295 -0.17651759088039398193 -0.2779235541820526123 -0.33767434954643249512 -0.44564640522003173828 -0.51840066909790039063 -0.55651944875717163086 -0.49683338403701782227 -0.40855330228805541992 -0.33839461207389831543 -0.15230382978916168213 -0.12497963756322860718 -0.11048608273267745972 0.15444254875183105469 -0.048290129750967025757 -0.32744508981704711914 -0.44554466009140014648 -0.49138137698173522949 -0.48283091187477111816 -0.30204874277114868164 0.024195071309804916382 0.7248255610466003418 0.10444150865077972412 -0.22783581912517547607
2.6091935634613037109 -0.0030224302317947149277 -0.30493196845054626465 -0.29250749945640563965 -0.10787787288427352905 0.020238678902387619019 0.0061208759434521198273 -0.076966203749179840088 -0.2421553879976272583 -0.35371103882789611816 -0.45439368486404418945 -0.47012999653816223145 -0.51338458061218261719 -0.53558379411697387695 -0.44826203584671020508 -0.022044701501727104187 0.40764153003692626953 0.014504202641546726227 -0.16075211763381958008 -0.3086459040641784668 -0.31354326009750366211 -0.44526746869087219238 -0.52580881118774414063 -0.52613991498947143555 -0.44844850897789001465 -0.32692754268646240234 -0.23230183124542236328 -0.10683625936508178711 -0.030379546806216239929 0.071015730500221252441 -0.23430080711841583252 -0.36317142844200134277 -0.43875327706336975098 -0.49056914448738098145 -0.53032499551773071289 -0.55069500207901000977 -0.45467308163642883301 -0.0075735007412731647491 1.3797237873077392578 0.20598766207695007324 -0.12744368612766265869
1.1263221502304077148 -0.134454384446144104 -0.14250591397285461426 -0.080529160797595977783 -0.10395585000514984131 -0.17230086028575897217 -0.14945715665817260742 -0.15427739918231964111 -0.1891953200101852417 -0.29900056123733520508 -0.41053509712219238281 -0.42058351635932922363 -0.4854482114315032959 -0.48895633220672607422 -0.41426110267639160156 0.1506725996732711792 0.93708014488220214844 0.0076591251417994499207 -0.23169891536235809326 -0.31842881441116333008 -0.32300907373428344727 -0.47605171799659729004 -0.51050764322280883789 -0.49825748801231384277 -0.44017350673675537109 -0.37597647309303283691 -0.29080590605735778809 -0.10292665660381317139 -0.036019030958414077759 0.12088077515363693237 -0.18586701154708862305 -0.38576111197471618652 -0.4080632328987121582 -0.44010376930236816406 -0.47059097886085510254 -0.53519988059997558594 -0.55373460054397583008 -0.4105980992317199707 1.7945210933685302734 0.65979367494583129883 -0.12796455621719360352
-0.18402171134948730469 -0.076722994446754455566 0.083797976374626159668 -0.053617782890796661377 -0.10347028076648712158 -0.17745976150035858154 -0.22799955308437347412 -0.29857513308525085449 -0.38184702396392822266 -0.43789580464363098145 -0.47421434521675109863 -0.45329293608665466309 -0.47577562928199768066 -0.43659603595733642578 -0.37571132183074951172 0.28274741768836975098 1.4509155750274658203 -0.12834075093269348145 -0.20210161805152893066 -0.19229489564895629883 -0.3417479395866394043 -0.47813966870307922363 -0.48255461454391479492 -0.45689499378204345703 -0.42854750156402587891 -0.38018476963043212891 -0.35322415828704833984 -0.19326120615005493164 -0.031160308048129081726 0.28688278794288635254 0.62645947933197021484 -0.14204393327236175537 -0.33529928326606750488 -0.38127413392066955566 -0.43319943547248840332 -0.52253919839859008789 -0.51742839813232421875 -0.45874527096748352051 1.4311889410018920898 1.7822076082229614258 -0.22925338149070739746
-0.35958424210548400879 -0.046415325254201889038 0.30169051885604858398 0.22128187119960784912 0.26533195376396179199 0.091418586671352386475 -0.1282812952995300293 -0.2813707888126373291 -0.45096662640571594238 -0.52368700504302978516 -0.57117748260498046875 -0.55958592891693115234 -0.44415509700775146484 -0.31874886155128479004 -0.22575451433658599854 0.57830697298049926758 1.8157273530960083008 -0.16266900300979614258 -0.12175282835960388184 -0.14014163613319396973 -0.37004816532135009766 -0.45690649747848510742 -0.44380307197570800781 -0.36791032552719116211 -0.39711773395538330078 -0.35882076621055603027 -0.4075641632080078125 -0.33809375762939453125 -0.2433589249849319458 -0.026856226846575737 1.3888318538665771484 0.17460118234157562256 -0.32934331893920898438 -0.33659037947654724121 -0.41701242327690124512 -0.50649946928024291992 -0.50383591651916503906 -0.4855067133903503418 0.11790782958269119263 1.1867235898971557617 -0.22737066447734832764
-0.32168954610824584961 -0.27993121743202209473 0.37105721235275268555 0.36418044567108154297 0.14802639186382293701 -0.092424109578132629395 -0.18083558976650238037 -0.22757793962955474854 -0.35668972134590148926 -0.48517283797264099121 -0.57032084465026855469 -0.5652065277099609375 -0.48435068130493164063 -0.37933516502380371094 -0.18973913788795471191 0.2485081404447555542 2.7119688987731933594 0.022906262427568435669 0.022202041000127792358 -0.068117722868919372559 -0.36373004317283630371 -0.41489568352699279785 -0.40365895628929138184 -0.28299489617347717285 -0.26685684919357299805 -0.31532901525497436523 -0.39027175307273864746 -0.32957494258880615234 -0.28845965862274169922 -0.20217120647430419922 0.044674146920442581177 -0.17247283458709716797 -0.16922576725482940674 -0.22932249307632446289 -0.36358660459518432617 -0.51863628625869750977 -0.56516915559768676758 -0.55734694004058837891 -0.49914848804473876953 -0.38609778881072998047 0.0038294414989650249481
-0.44402679800987243652 -0.4508450925350189209 0.1717516481876373291 0.11755680292844772339 -0.25378498435020446777 -0.35314136743545532227 -0.37298813462257385254 -0.38840368390083312988 -0.45801961421966552734 -0.52232825756072998047 -0.55366957187652587891 -0.51969367265701293945 -0.43602797389030456543 -0.3749580681324005127 -0.27794888615608215332 -0.19880425930023193359 0.4885851442813873291 0.42471644282341003418 0.36873421072959899902 -0.23249140381813049316 -0.33908009529113769531 -0.40879458189010620117 -0.27762487530708312988 -0.042187422513961791992 0.029862975701689720154 -0.18133266270160675049 -0.43302214145660400391 -0.36466658115386962891 -0.32553106546401977539 -0.2617683708667755127 -0.33207660913467407227 -0.45064720511436462402 -0.035839457064867019653 -0.23461163043975830078 -0.43401542305946350098 -0.53894919157028198242 -0.57786124944686889648 -0.56267619132995605469 -0.5006694793701171875 -0.4309113621711730957 -0.36450707912445068359
-0.46069109439849853516 -0.41277453303337097168 -0.015948988497257232666 0.024993240833282470703 -0.17250801622867584229 -0.33557918667793273926 -0.44157063961029052734 -0.48148265480995178223 -0.52298200130462646484 -0.54004955291748046875 -0.50762569904327392578 -0.4743270576000213623 -0.40748831629753112793 -0.36599341034889221191 -0.25489377975463867188 -0.35411956906318664551 -0.38889449834823608398 0.85183656215667724609 0.32192656397819519043 -0.38180875778198242188 -0.23493966460227966309 -0.47905880212783813477 -0.45999503135681152344 -0.18199820816516876221 0.34913468360900878906 0.43183502554893493652 -0.29908478260040283203 -0.37598982453346252441 -0.38877978920936584473 -0.2924893498420715332 -0.19934076070785522461 -0.23066698014736175537 -0.28926455974578857422 -0.40947669744491577148 -0.46996515989303588867 -0.52460443973541259766 -0.56916844844818115234 -0.56230503320693969727 -0.48647859692573547363 -0.37534257769584655762 -0.28798526525497436523
1.3242365121841430664 1.1259734630584716797 0.46042335033416748047 0.048498805612325668335 -0.15818290412425994873 -0.30097159743309020996 -0.47891408205032348633 -0.53420698642730712891 -0.55946213006973266602 -0.50472283363342285156 -0.4194920659065246582 -0.3467712700366973877 -0.25017619132995605469 -0.28744477033615112305 -0.15361237525939941406 -0.069432221353054046631 -0.12497662007808685303 1.1497560739517211914 0.36255040764808654785 -0.38811856508255004883 -0.15024672448635101318 -0.39688196778297424316 -0.50165379047393798828 -0.37001201510429382324 -0.19103659689426422119 0.38971284031867980957 0.82900077104568481445 0.42853245139122009277 -0.26256021857261657715 -0.29806020855903625488 0.071626372635364532471 0.13756075501441955566 -0.24885332584381103516 -0.37721025943756103516 -0.40939229726791381836 -0.47841307520866394043 -0.51716148853302001953 -0.55377197265625 -0.47893685102462768555 -0.37543767690658569336 -0.30040702223777770996
1.5215193033218383789 1.0278532505035400391 0.25810673832893371582 -0.16612623631954193115 -0.30039417743682861328 -0.3619397580623626709 -0.45277655124664306641 -0.51401078701019287109 -0.53000730276107788086 -0.48886886239051818848 -0.43118363618850708008 -0.38557285070419311523 -0.18687605857849121094 -0.14685115218162536621 -0.14265818893909454346 0.055322173982858657837 1.6500105857849121094 3.5094106197357177734 0.68063026666641235352 -0.4889901578426361084 -0.31827878952026367188 -0.19491627812385559082 -0.48432970046997070313 -0.34894451498985290527 -0.20445853471755981445 -0.36377263069152832031 0.010117108002305030823 1.1237342357635498047 0.23720914125442504883 0.16192591190338134766 0.79857265949249267578 1.0353711843490600586 -0.2187376171350479126 -0.34350234270095825195 -0.38204368948936462402 -0.42983779311180114746 -0.46417865157127380371 -0.55468374490737915039 -0.5311145782470703125 -0.46140402555465698242 -0.40120166540145874023
-0.2529830634593963623 -0.06753575056791305542 0.26415610313415527344 -0.1338091045618057251 -0.23605982959270477295 -0.43533924221992492676 -0.4583854973316192627 -0.50261455774307250977 -0.44880354404449462891 -0.41010242700576782227 -0.33596488833427429199 -0.31969189643859863281 -0.066038466989994049072 0.26985999941825866699 0.9415543675422668457 1.4998716115951538086 1.3697257041931152344 1.3731753826141357422 0.053842578083276748657 -0.47744378447532653809 -0.33226975798606872559 -0.13591629266738891602 -0.35836830735206604004 -0.47957089543342590332 -0.53002119064331054688 -0.52724766731262207031 -0.50172948837280273438 -0.40904843807220458984 -0.332355499267578125 -0.10900218784809112549 0.42570254206657409668 0.96894967555999755859 -0.19634237885475158691 -0.28544902801513671875 -0.29182934761047363281 -0.3390382230281829834 -0.44547012448310852051 -0.54388755559921264648 -0.53630357980728149414 -0.51209026575088500977 -0.44530215859413146973
-0.28000926971435546875 -0.28903970122337341309 -0.082609504461288452148 -0.22608825564384460449 -0.3293921053409576416 -0.38604426383972167969 -0.52667397260665893555 -0.51786071062088012695 -0.36880061030387878418 -0.25130370259284973145 -0.14476253092288970947 -0.030098870396614074707 -0.21294444799423217773 -0.18637613952159881592 0.035384792834520339966 -0.040630199015140533447 -0.32799360156059265137 -0.40055298805236816406 -0.35377168655395507813 -0.2746804654598236084 -0.02061322331428527832 -0.27981063723564147949 -0.30366456508636474609 -0.3472283482551574707 -0.52674585580825805664 -0.56355243921279907227 -0.52501386404037475586 -0.48905283212661743164 -0.44209951162338256836 -0.40396478772163391113 -0.34907490015029907227 -0.30848360061645507813 -0.34055730700492858887 -0.28266641497611999512 -0.21127571165561676025 -0.35814827680587768555 -0.45790013670921325684 -0.51384049654006958008 -0.49284520745277404785 -0.41444939374923706055 -0.27424651384353637695
