INPUT/RASTER/ASCII_standard/fla.asc
ncols        225
nrows        269
xllcorner    473009.983799999987
yllcorner    4429051.174800000153
cellsize     50.000000000000
NODATA_value  -9999
[rows 209 to 227 of 269, columns 41 to 81 of 225]
-0.43311986327171325684 -0.10477239638566970825 1.0730904340744018555 0.10148729383945465088 -0.42905008792877197266 -0.38567748665809631348 -0.39479732513427734375 0.34177961945533752441 0.81573528051376342773 0.31985500454902648926 0.047004453837871551514 -0.24922095239162445068 -0.29005989432334899902 -0.29286235570907592773 -0.39108949899673461914 -0.44721779227256774902 -0.51460427045822143555 -0.53841805458068847656 -0.50563788414001464844 -0.49783000349998474121 -0.48527032136917114258 -0.43952035903930664063 -0.14510254561901092529 1.3930284976959228516 1.3466314077377319336 -0.17715162038803100586 -0.48964110016822814941 -0.45562636852264404297 -0.40604254603385925293 -0.49218741059303283691 -0.54569566249847412109 -0.45476052165031433105 -0.2207787632942199707 -0.24639888107776641846 -0.46957451105117797852 0.046071775257587432861 -0.26438260078430175781 -0.53269094228744506836 -0.52362650632858276367 -0.39337247610092163086 0.37038320302963256836
-0.41377317905426025391 -0.15004934370517730713 0.71204715967178344727 0.63217878341674804688 -0.27771833539009094238 -0.37269216775894165039 -0.42863979935646057129 -0.15754115581512451172 0.3479194343090057373 0.17604564130306243896 0.19876775145530700684 -0.016381580382585525513 -0.28495863080024719238 -0.34050592780113220215 -0.3883953094482421875 -0.45623719692230224609 -0.52818894386291503906 -0.53656303882598876953 -0.5098965764045715332 -0.48180001974105834961 -0.43919515609741210938 -0.3889426887035369873 -0.29313564300537109375 2.6029033660888671875 0.62885212898254394531 -0.42683878540992736816 -0.46876618266105651855 -0.50019294023513793945 -0.51391756534576416016 -0.54860073328018188477 -0.55923366546630859375 -0.47008213400840759277 -0.14484734833240509033 0.26674410700798034668 -0.39842307567596435547 0.01871932297945022583 0.079637929797172546387 -0.4848378598690032959 -0.51566612720489501953 -0.38780754804611206055 0.84908753633499145508
-0.40641078352928161621 -0.19566798210144042969 0.256256103515625 1.7922427654266357422 0.13967470824718475342 -0.35813987255096435547 -0.42654874920845031738 -0.36803355813026428223 0.0056493710726499557495 0.05139818042516708374 -0.10399625450372695923 -0.065044157207012176514 -0.20250421762466430664 -0.35161429643630981445 -0.46428161859512329102 -0.51001721620559692383 -0.55662506818771362305 -0.54947263002395629883 -0.46845424175262451172 -0.37209594249725341797 -0.28742277622222900391 -0.20865552127361297607 -0.1243572235107421875 3.3307890892028808594 0.59437847137451171875 -0.33309194445610046387 -0.44808554649353027344 -0.51324313879013061523 -0.52736783027648925781 -0.52241158485412597656 -0.52801543474197387695 -0.53712159395217895508 -0.47261068224906921387 0.22641676664352416992 0.26093271374702453613 -0.24329200387001037598 0.56519520282745361328 -0.39459154009819030762 -0.48068514466285705566 -0.48325195908546447754 -0.055928632616996765137
-0.38639312982559204102 -0.24952615797519683838 -0.088765114545822143555 1.0042456388473510742 0.64478546380996704102 -0.074529483914375305176 -0.38593205809593200684 -0.43996307253837585449 -0.32139727473258972168 -0.07521413266658782959 -0.20754580199718475342 -0.27944070100784301758 -0.32610851526260375977 -0.34325239062309265137 -0.44748175144195556641 -0.52399277687072753906 -0.54712951183319091797 -0.52946460247039794922 -0.47508969902992248535 -0.42077773809432983398 -0.36234831809997558594 -0.26332053542137145996 -0.045712389051914215088 1.3589253425598144531 0.084412954747676849365 -0.43742442131042480469 -0.49805539846420288086 -0.5029194951057434082 -0.49828490614891052246 -0.41911396384239196777 -0.46049919724464416504 -0.51651251316070556641 -0.48891672492027282715 -0.18963904678821563721 0.75191515684127807617 -0.47114908695220947266 0.87936788797378540039 -0.26000478863716125488 -0.44911327958106994629 -0.44351798295974731445 -0.47324445843696594238
-0.44970211386680603027 -0.37276098132133483887 -0.31269252300262451172 0.14206129312515258789 0.54222393035888671875 0.063505545258522033691 -0.19618712365627288818 -0.30978026986122131348 -0.39325135946273803711 -0.25826761126518249512 -0.24867379665374755859 -0.33416023850440979004 -0.41554233431816101074 -0.45414245128631591797 -0.51198154687881469727 -0.54431349039077758789 -0.50068998336791992188 -0.44291281700134277344 -0.37553799152374267578 -0.33331477642059326172 -0.26538503170013427734 -0.13092346489429473877 0.34290868043899536133 -0.32038542628288269043 -0.44213405251502990723 -0.47341951727867126465 -0.51286643743515014648 -0.46608111262321472168 -0.4347661137580871582 -0.32962876558303833008 -0.33771714568138122559 -0.42830789089202880859 -0.41797313094139099121 -0.13425295054912567139 0.87561738491058349609 -0.35101929306983947754 0.95866006612777709961 -0.10772222280502319336 -0.45472350716590881348 -0.3741989433765411377 -0.40107247233390808105
-0.50778186321258544922 -0.44359794259071350098 -0.38916718959808349609 -0.28275564312934875488 0.14816637337207794189 0.50960516929626464844 -0.067238427698612213135 -0.28374052047729492188 -0.37411266565322875977 -0.43346998095512390137 -0.40153107047080993652 -0.4311250150203704834 -0.47931411862373352051 -0.52137833833694458008 -0.54549759626388549805 -0.51914077997207641602 -0.4684283137321472168 -0.39440459012985229492 -0.25551831722259521484 0.018618823960423469543 0.71164280176162719727 1.2858070135116577148 1.1953892707824707031 -0.27631726861000061035 -0.52685302495956420898 -0.47611245512962341309 -0.51232761144638061523 -0.39714592695236206055 -0.37709024548530578613 -0.35504284501075744629 -0.22955380380153656006 -0.2493851780891418457 -0.24236723780632019043 -0.12652504444122314453 1.0622979402542114258 0.071954078972339630127 0.72244483232498168945 -0.26202514767646789551 -0.44756367802619934082 -0.29093000292778015137 -0.16085952520370483398
-0.53085118532180786133 -0.50085389614105224609 -0.45262041687965393066 -0.41164022684097290039 -0.23682081699371337891 0.058521803468465805054 -0.11714833229780197144 -0.27692967653274536133 -0.3540267646312713623 -0.43454864621162414551 -0.50670170783996582031 -0.4807122349739074707 -0.49687337875366210938 -0.53959727287292480469 -0.53769856691360473633 -0.45259296894073486328 -0.34683465957641601563 -0.17107830941677093506 0.077376283705234527588 0.38433739542961120605 0.29257026314735412598 -0.10719700902700424194 -0.34728199243545532227 -0.46385270357131958008 -0.5209891200065612793 -0.51833754777908325195 -0.45499122142791748047 -0.26969426870346069336 -0.33997645974159240723 -0.37759360671043395996 -0.26123902201652526855 -0.058981452137231826782 0.16576838493347167969 0.5735314488410949707 1.2861254215240478516 1.4689121246337890625 0.44191312789916992188 -0.30101117491722106934 -0.40377011895179748535 -0.23609609901905059814 0.012711367569863796234
-0.42739921808242797852 -0.45276167988777160645 -0.47249454259872436523 -0.41393736004829406738 -0.34815317392349243164 -0.24992288649082183838 -0.34448227286338806152 -0.39648339152336120605 -0.4566103518009185791 -0.48352250456809997559 -0.49786770343780517578 -0.47819656133651733398 -0.49788129329681396484 -0.5184529423713684082 -0.51942366361618041992 -0.48117116093635559082 -0.41914021968841552734 -0.31335368752479553223 -0.21924257278442382813 -0.32561606168746948242 -0.43078061938285827637 -0.48961627483367919922 -0.4838714301586151123 -0.37593743205070495605 -0.37151855230331420898 -0.53808140754699707031 -0.37673810124397277832 -0.079868555068969726563 -0.34656593203544616699 -0.38201528787612915039 -0.33231937885284423828 -0.39482089877128601074 -0.2810821235179901123 -0.095442235469818115234 0.030961276963353157043 1.4307744503021240234 2.7349441051483154297 -0.051667243242263793945 -0.31920185685157775879 -0.1169719398021697998 0.083045594394207000732
-0.29785645008087158203 -0.36571457982063293457 -0.45539483428001403809 -0.44709742069244384766 -0.42025339603424072266 -0.37465393543243408203 -0.45622304081916809082 -0.47350379824638366699 -0.5192139744758605957 -0.50775742530822753906 -0.47789484262466430664 -0.49757644534111022949 -0.40879985690116882324 -0.42542302608489990234 -0.48655450344085693359 -0.41698175668716430664 -0.50300002098083496094 -0.47245135903358459473 -0.45456218719482421875 -0.47468215227127075195 -0.47233721613883972168 -0.44943034648895263672 -0.4230740666389465332 -0.33599257469177246094 -0.31966492533683776855 -0.52370792627334594727 -0.37307828664779663086 0.15462288260459899902 -0.11897356808185577393 -0.1779076308012008667 -0.30671709775924682617 -0.54698592424392700195 -0.54403746128082275391 -0.53955280780792236328 -0.5212319493293762207 -0.31732797622680664063 2.1109864711761474609 0.42332300543785095215 0.11104650795459747314 -0.032963395118713378906 0.10007668286561965942
-0.39650413393974304199 -0.4640146791934967041 -0.50781995058059692383 -0.52287924289703369141 -0.51449906826019287109 -0.47079527378082275391 -0.50100064277648925781 -0.54313158988952636719 -0.55900013446807861328 -0.53477895259857177734 -0.50149309635162353516 -0.42946720123291015625 -0.20254401862621307373 -0.30419340729713439941 -0.45395052433013916016 -0.46725478768348693848 -0.55658119916915893555 -0.53497517108917236328 -0.49102345108985900879 -0.46299403905868530273 -0.43193620443344116211 -0.43091261386871337891 -0.37034523487091064453 -0.42584112286567687988 -0.5402444005012512207 -0.5228474736213684082 -0.43910440802574157715 0.18926595151424407959 0.40080842375755310059 -0.023947201669216156006 -0.42240455746650695801 -0.54923683404922485352 -0.54384225606918334961 -0.52286642789840698242 -0.48401230573654174805 -0.42522212862968444824 -0.27704948186874389648 -0.01474468037486076355 -0.3026230931282043457 -0.4907684624195098877 -0.10369154065847396851
-0.50829797983169555664 -0.4830595552921295166 -0.47076472640037536621 -0.44955208897590637207 -0.46024876832962036133 -0.4762605130672454834 -0.50224131345748901367 -0.53286010026931762695 -0.55094003677368164063 -0.53253406286239624023 -0.48773047327995300293 -0.36571559309959411621 0.16589356958866119385 -0.052203990519046783447 -0.45620614290237426758 -0.45748084783554077148 -0.52343845367431640625 -0.50386571884155273438 -0.42688390612602233887 -0.37822246551513671875 -0.28143101930618286133 -0.27167010307312011719 -0.1698185652494430542 -0.296234130859375 -0.55156338214874267578 -0.50282841920852661133 -0.41282218694686889648 0.053341325372457504272 0.88098055124282836914 0.37471500039100646973 -0.37392410635948181152 -0.50563246011734008789 -0.50911355018615722656 -0.46157145500183105469 -0.40879952907562255859 -0.34115555882453918457 -0.52679920196533203125 -0.52505069971084594727 -0.53870016336441040039 -0.55516493320465087891 -0.46272176504135131836
-9999 -0.43530380725860595703 -0.13130851089954376221 0.004160286393016576767 -0.1665179133415222168 -0.31946572661399841309 -0.4346466362476348877 -0.48956686258316040039 -0.50960963964462280273 -0.48710921406745910645 -0.44137427210807800293 -0.34166443347930908203 0.27098774909973144531 0.53675806522369384766 -0.36988225579261779785 -0.40969154238700866699 -0.46064746379852294922 -0.47910857200622558594 -0.44101551175117492676 -0.3585275113582611084 -0.28415471315383911133 -0.21504127979278564453 -0.047363761812448501587 0.0079709552228450775146 -0.4457537531852722168 -0.44593232870101928711 -0.39786776900291442871 -0.2830422520637512207 0.78492242097854614258 1.1303987503051757813 -0.2832082211971282959 -0.4840335547924041748 -0.49049103260040283203 -0.45933553576469421387 -0.48054537177085876465 -0.46976095438003540039 -0.55309081077575683594 -0.55479896068572998047 -0.51687002182006835938 -0.53388738632202148438 -0.49517449736595153809
-9999 -9999 0.39124953746795654297 0.038190022110939025879 -0.11271516978740692139 -0.29013031721115112305 -0.42900952696800231934 -0.47287136316299438477 -0.50654780864715576172 -0.47572684288024902344 -0.41989195346832275391 -0.3816508948802947998 -0.16374455392360687256 1.052412867546081543 0.2382040172815322876 -0.40251311659812927246 -0.39295408129692077637 -0.37739804387092590332 -0.42870441079139709473 -0.38080945611000061035 -0.18125495314598083496 0.086953587830066680908 0.69903200864791870117 0.21440511941909790039 -0.50778919458389282227 -0.54073131084442138672 -0.52922970056533813477 -0.42862755060195922852 0.35907039046287536621 2.1258764266967773438 0.13751453161239624023 -0.44348061084747314453 -0.42951634526252746582 -0.42011657357215881348 -0.4523849189281463623 -0.4573529660701751709 -0.44080471992492675781 -0.46034362912178039551 -0.46142822504043579102 -0.48808947205543518066 -0.49101501703262329102
-9999 -9999 -0.46161681413650512695 -0.36286640167236328125 -0.35900887846946716309 -0.40904024243354797363 -0.5164750218391418457 -0.49312227964401245117 -0.41294130682945251465 -0.39203783869743347168 -0.3896884918212890625 -0.31387183070182800293 -0.27125000953674316406 0.54000145196914672852 1.4578614234924316406 0.057629086077213287354 -0.2425190359354019165 0.057061422616243362427 0.86826050281524658203 0.41367006301879882813 -0.28463608026504516602 -0.12337107956409454346 0.15273581445217132568 0.027667779475450515747 -0.32448744773864746094 -0.48262667655944824219 -0.5380827784538269043 -0.39277300238609313965 -0.073641590774059295654 1.9732329845428466797 0.46588715910911560059 -0.42445075511932373047 -0.44310277700424194336 -0.47653985023498535156 -0.44327005743980407715 -0.33968344330787658691 -0.25921407341957092285 -0.29371234774589538574 -0.32891640067100524902 -0.40997433662414550781 -0.50631308555603027344
-9999 -9999 -0.45809635519981384277 -0.47501251101493835449 -0.49764803051948547363 -0.52613306045532226563 -0.55333322286605834961 -0.50852960348129272461 -0.41183084249496459961 -0.30324003100395202637 -0.31699264049530029297 -0.27934145927429199219 -0.22523528337478637695 -0.039505444467067718506 1.1907901763916015625 1.3971213102340698242 0.089167073369026184082 0.22295868396759033203 0.41464844346046447754 -0.24242489039897918701 -0.2449057847261428833 -0.33128905296325683594 -0.25152665376663208008 -0.14790961146354675293 -0.28278017044067382813 -0.22686812281608581543 -0.34009894728660583496 -0.44134786725044250488 -0.46320003271102905273 -0.37254789471626281738 -0.41558846831321716309 -0.45046848058700561523 -0.53351557254791259766 -0.55323022603988647461 -0.52374398708343505859 -0.33326432108879089355 -0.053665500134229660034 -0.047474954277276992798 -0.034711204469203948975 -0.2628548741340637207 -0.39439126849174499512
-0.10074388235807418823 -0.31987196207046508789 -0.44215059280395507813 -0.51586985588073730469 -0.55517429113388061523 -0.51837390661239624023 -0.47178357839584350586 -0.41874831914901733398 -0.36290809512138366699 -0.22560106217861175537 -0.16185335814952850342 -0.10688815265893936157 -0.11932796984910964966 -0.020048936828970909119 0.77117174863815307617 0.85790705680847167969 -0.46599891781806945801 -0.35244160890579223633 -0.37022009491920471191 -0.43973582983016967773 -0.31791013479232788086 -0.35678198933601379395 -0.35039043426513671875 -0.32005918025970458984 -0.3732738494873046875 -0.35876604914665222168 -0.41937986016273498535 -0.51740193367004394531 -0.54178154468536376953 -0.52549374103546142578 -0.50901734828948974609 -0.51808792352676391602 -0.56076228618621826172 -0.54551941156387329102 -0.51086801290512084961 -0.4187571108341217041 -0.13329683244228363037 0.11253029108047485352 0.46430811285972595215 0.0095125008374452590942 -0.2816543281078338623
-0.3235003054141998291 -0.2615063786506652832 -0.35940924286842346191 -0.48769754171371459961 -0.53665357828140258789 -0.41838946938514709473 -0.28237542510032653809 -0.2003055959939956665 -0.096132270991802215576 -0.086660772562026977539 -0.14749515056610107422 -0.095581412315368652344 -0.07991755753755569458 -0.031482633203268051147 0.24186646938323974609 -0.14606899023056030273 -0.23778356611728668213 -0.33982995152473449707 -0.40661066770553588867 -0.44435665011405944824 -0.35539126396179199219 -0.41581118106842041016 -0.44133833050727844238 -0.43464389443397521973 -0.44301092624664306641 -0.45470133423805236816 -0.50159150362014770508 -0.52072387933731079102 -0.55024969577789306641 -0.52051723003387451172 -0.44570070505142211914 -0.42340749502182006836 -0.54179131984710693359 -0.5298830866813659668 -0.51252841949462890625 -0.47220879793167114258 -0.2872111201286315918 0.020607834681868553162 0.38052806258201599121 -0.085398055613040924072 -0.21676473319530487061
-0.27208033204078674316 -0.31241074204444885254 -0.38760346174240112305 -0.46584552526473999023 -0.50371575355529785156 -0.38434329628944396973 -0.21596772968769073486 -0.026052268221974372864 0.10951601713895797729 0.5503113865852355957 0.82323080301284790039 0.70072722434997558594 1.0205804109573364258 2.1453151702880859375 -0.16203281283378601074 -0.36086538434028625488 -0.23952260613441467285 -0.39813625812530517578 -0.45041123032569885254 -0.47035071253776550293 -0.4382578432559967041 -0.52333164215087890625 -0.52101898193359375 -0.49942883849143981934 -0.48149842023849487305 -0.46680337190628051758 -0.45953664183616638184 -0.38034036755561828613 -0.34952005743980407715 -0.26589325070381164551 -0.1434405595064163208 -0.14715357124805450439 -0.39241307973861694336 -0.50971221923828125 -0.48279556632041931152 -0.45931297540664672852 -0.31642737984657287598 -0.30860492587089538574 -0.44868180155754089355 -0.41143599152565002441 -0.24514505267143249512
-0.1950400620698928833 -0.27870777249336242676 -0.40916275978088378906 -0.45101279020309448242 -0.47970849275588989258 -0.44635984301567077637 -0.37855142354965209961 -0.26202696561813354492 -0.14880719780921936035 -0.074209652841091156006 0.21969750523567199707 0.89674967527389526367 2.5834043025970458984 3.3368005752563476563 -0.057200316339731216431 -0.35131549835205078125 -0.35559502243995666504 -0.39258977770805358887 -0.47640311717987060547 -0.51468557119369506836 -0.51036298274993896484 -0.55938839912414550781 -0.54863405227661132813 -0.52835196256637573242 -0.51174819469451904297 -0.45359975099563598633 -0.31177988648414611816 -0.11695823073387145996 0.024960840120911598206 0.090196028351783752441 0.25819951295852661133 0.49385887384414672852 0.23287302255630493164 -0.46370804309844970703 -0.46966248750686645508 -0.42146852612495422363 -0.345691680908203125 -0.39619326591491699219 -0.47781378030776977539 -0.31524094939231872559 -0.18619595468044281006
