INPUT/RASTER/ASCII_standard/fla.asc
ncols        225
nrows        269
xllcorner    473009.983799999987
yllcorner    4429051.174800000153
cellsize     50.000000000000
NODATA_value  -9999
[rows 0 to 18 of 269, columns 41 to 81 of 225]
-9999 -9999 -9999 -9999 -9999 -0.16967006027698516846 -0.34809342026710510254 -0.4248352348804473877 -9999 -9999 -9999 -9999 -9999 -9999 -9999 -9999 -9999 -9999 -0.53531616926193237305 -0.53453367948532104492 -0.53064745664596557617 -0.52248531579971313477 -0.54202669858932495117 -0.5625184178352355957 -0.566131591796875 -9999 -9999 -9999 -9999 -9999 -9999 -9999 -9999 -9999 -9999 -9999 -9999 -9999 -9999 -9999 -9999
-9999 -9999 -9999 -9999 -0.27376666665077209473 -0.26489275693893432617 -0.30001562833786010742 -0.33617722988128662109 -0.50060218572616577148 -0.50928896665573120117 -0.53252494335174560547 -0.5450928807258605957 -0.55531722307205200195 -0.55872589349746704102 -0.56258821487426757813 -0.56654435396194458008 -0.53066420555114746094 -0.46045741438865661621 -0.4212258458137512207 -0.44671151041984558105 -0.43556323647499084473 -0.41841024160385131836 -0.44550403952598571777 -0.48350432515144348145 -0.51623988151550292969 -0.54192996025085449219 -0.53873902559280395508 -9999 -9999 -9999 -9999 -9999 -9999 -9999 -9999 -9999 -9999 -9999 -9999 -9999 -9999
-9999 -9999 -9999 -9999 -0.15741452574729919434 -0.21868741512298583984 -0.2675673067569732666 -0.34345886111259460449 -0.44518193602561950684 -0.46144813299179077148 -0.49183312058448791504 -0.50531089305877685547 -0.50211620330810546875 -0.5192477107048034668 -0.51945340633392333984 -0.52708142995834350586 -0.45775073766708374023 -0.40398731827735900879 -0.33861294388771057129 -0.31315860152244567871 -0.24944712221622467041 -0.24702511727809906006 -0.31573268771171569824 -0.3672046363353729248 -0.45318838953971862793 -0.46803376078605651855 -0.52505624294281005859 -0.5706545710563659668 -9999 -9999 -9999 -9999 -9999 -9999 -9999 -9999 -9999 -9999 -9999 -9999 -9999
-0.25452506542205810547 -0.28989830613136291504 -0.30845734477043151855 -0.42622986435890197754 -0.36346653103828430176 -0.33074620366096496582 -0.31854993104934692383 -0.33243185281753540039 -0.39366504549980163574 -0.41185787320137023926 -0.45402935147285461426 -0.43334269523620605469 -0.25252181291580200195 -0.42736002802848815918 -0.38938412070274353027 -0.30910667777061462402 -0.20559555292129516602 -0.10245197266340255737 0.0080446014180779457092 0.055989813059568405151 -0.024789992719888687134 -0.15462376177310943604 -0.26800101995468139648 -0.36213731765747070313 -0.48006942868232727051 -0.49682760238647460938 -0.54545903205871582031 -0.55672407150268554688 -0.52844858169555664063 -9999 -9999 -9999 -9999 -9999 -9999 -9999 -9999 -9999 -9999 -9999 -9999
-0.35500624775886535645 -0.31541651487350463867 -0.29607507586479187012 -0.41996338963508605957 -0.49060598015785217285 -0.47501337528228759766 -0.43271559476852416992 -0.40277567505836486816 -0.40323212742805480957 -0.43348091840744018555 -0.47051820158958435059 -0.528896331787109375 -0.51052331924438476563 -0.46000844240188598633 -0.13291151821613311768 -0.067444413900375366211 0.0053016822785139083862 0.29359632730484008789 0.38442188501358032227 0.1480944901704788208 -0.1610454171895980835 -0.20594549179077148438 -0.34866008162498474121 -0.41051855683326721191 -0.49035358428955078125 -0.51859766244888305664 -0.55039507150650024414 -0.52596563100814819336 -0.51197332143783569336 -0.53194755315780639648 -0.55042833089828491211 -9999 -9999 -9999 -9999 -9999 -9999 -9999 -9999 -9999 -9999
-0.34262683987617492676 -0.29750293493270874023 -0.18507595360279083252 -0.28804850578308105469 -0.43277910351753234863 -0.43646845221519470215 -0.32134041190147399902 -0.33987861871719360352 -0.36182546615600585938 -0.40250593423843383789 -0.43720474839210510254 -0.48587846755981445313 -0.50186973810195922852 -0.34074065089225769043 0.25890704989433288574 -0.057240959256887435913 0.42209884524345397949 0.79831230640411376953 0.23450370132923126221 -0.079750932753086090088 -0.15623140335083007813 -0.1761007159948348999 -0.29916629195213317871 -0.36203616857528686523 -0.43715330958366394043 -0.46788164973258972168 -0.50717043876647949219 -0.48520880937576293945 -0.47084325551986694336 -0.48509997129440307617 -0.44756117463111877441 -0.55446124076843261719 -9999 -9999 -9999 -9999 -9999 -9999 -9999 -9999 -9999
0.055048976093530654907 -0.0070398072712123394012 0.15762509405612945557 0.2670657038688659668 0.032834511250257492065 -0.13133583962917327881 -0.24235068261623382568 -0.36423438787460327148 -0.37022817134857177734 -0.40878543257713317871 -0.41556066274642944336 -0.44908043742179870605 -0.44871249794960021973 -0.16387383639812469482 0.4935200810432434082 0.14599187672138214111 1.2682393789291381836 0.38052427768707275391 -0.20259656012058258057 -0.24758209288120269775 -0.237287178635597229 -0.24356696009635925293 -0.34012719988822937012 -0.34925645589828491211 -0.39643555879592895508 -0.41955539584159851074 -0.45090797543525695801 -0.44181773066520690918 -0.42887988686561584473 -0.4593836367130279541 -0.5345776677131652832 -0.55838340520858764648 -0.53918778896331787109 -9999 -9999 -9999 -9999 -9999 -9999 -9999 -9999
0.54995363950729370117 0.51459980010986328125 0.22422096133232116699 -0.098168030381202697754 -0.055904470384120941162 -0.14513567090034484863 -0.20275312662124633789 -0.33548155426979064941 -0.34950742125511169434 -0.37449094653129577637 -0.38559308648109436035 -0.40160837769508361816 -0.3846015632152557373 -0.18864445388317108154 0.22063368558883666992 1.3772019147872924805 1.3205828666687011719 0.014729764312505722046 -0.17788740992546081543 -0.2184765934944152832 -0.26759681105613708496 -0.26137024164199829102 -0.3215738832950592041 -0.27557507157325744629 -0.32564342021942138672 -0.32495149970054626465 -0.31675374507904052734 -0.29329535365104675293 -0.30660381913185119629 -0.47416105866432189941 -0.55393326282501220703 -0.53855204582214355469 -0.50915873050689697266 -0.52513796091079711914 -0.55956435203552246094 -9999 -9999 -9999 -9999 -9999 -9999
-0.23723998665809631348 -0.29885533452033996582 -0.29345056414604187012 -0.31002828478813171387 -0.30876410007476806641 -0.33085101842880249023 -0.44831183552742004395 -0.46830904483795166016 -0.32048788666725158691 -0.33858036994934082031 -0.33866778016090393066 -0.3461284935474395752 -0.36713987588882446289 -0.46174529194831848145 -0.52848786115646362305 0.17389446496963500977 0.096147462725639343262 -0.17802637815475463867 -0.27122533321380615234 -0.27756130695343017578 -0.28516232967376708984 -0.26546406745910644531 -0.29420697689056396484 -0.18423540890216827393 -0.27517983317375183105 -0.23375003039836883545 -0.20320506393909454346 -0.20987534523010253906 -0.35453361272811889648 -0.48082426190376281738 -0.52196723222732543945 -0.51560235023498535156 -0.48611149191856384277 -0.48252663016319274902 -0.52131497859954833984 -0.54852390289306640625 -0.55763065814971923828 -0.56418222188949584961 -0.56825816631317138672 -0.55358415842056274414 -0.54235875606536865234
-0.18260481953620910645 -0.20712165534496307373 -0.23112152516841888428 -0.27139103412628173828 -0.29949727654457092285 -0.34391409158706665039 -0.34713980555534362793 -0.33759468793869018555 -0.31262457370758056641 -0.32457765936851501465 -0.23901709914207458496 -0.14054624736309051514 -0.39942938089370727539 -0.53121489286422729492 -0.42761203646659851074 -0.21566569805145263672 -0.16877573728561401367 -0.23339445888996124268 -0.25624105334281921387 -0.12803035974502563477 -0.2486705482006072998 -0.31250113248825073242 -0.25699430704116821289 0.015668472275137901306 -0.15259982645511627197 -0.045119080692529678345 -0.030143974348902702332 -0.15328019857406616211 -0.33527162671089172363 -0.3852589726448059082 -0.44979616999626159668 -0.50536203384399414063 -0.44904044270515441895 -0.31719660758972167969 -0.31875517964363098145 -0.42133572697639465332 -0.48935112357139587402 -0.52101624011993408203 -0.53769463300704956055 -0.518627166748046875 -0.48782432079315185547
0.19627551734447479248 0.068896315991878509521 -0.093816712498664855957 -0.2381896674633026123 -0.306610107421875 -0.33188748359680175781 -0.33220708370208740234 -0.34616851806640625 -0.37241247296333312988 -0.35766306519508361816 -0.21201583743095397949 0.051730874925851821899 -0.28409984707832336426 -0.40865662693977355957 -0.11960522830486297607 -0.12995550036430358887 -0.26672822237014770508 -0.32463893294334411621 -0.13892224431037902832 -0.15352530777454376221 -0.36583730578422546387 -0.37171146273612976074 -0.20169398188591003418 0.21495930850505828857 -0.023215241730213165283 0.15321138501167297363 0.036836333572864532471 -0.14931525290012359619 -0.27904450893402099609 -0.3530343174934387207 -0.42281699180603027344 -0.51794034242630004883 -0.52106118202209472656 -0.38818064332008361816 -0.15617744624614715576 -0.12980277836322784424 -0.31391996145248413086 -0.43144217133522033691 -0.47246927022933959961 -0.46702799201011657715 -0.45049616694450378418
-0.0738886222243309021 -0.12889678776264190674 -0.17080880701541900635 -0.21206812560558319092 -0.27060031890869140625 -0.29888814687728881836 -0.28877106308937072754 -0.35235294699668884277 -0.40521872043609619141 -0.3334554135799407959 -0.14949293434619903564 0.30096802115440368652 -0.031535495072603225708 -0.070315413177013397217 0.26555079221725463867 0.05544880405068397522 -0.10086846351623535156 -0.021977808326482772827 -0.044340811669826507568 -0.199854239821434021 -0.36467206478118896484 -0.35615453124046325684 -0.11943051964044570923 0.50854569673538208008 0.49608162045478820801 0.67660963535308837891 0.27364215254783630371 -0.034301489591598510742 -0.18342895805835723877 -0.28886151313781738281 -0.36047261953353881836 -0.47193840146064758301 -0.53215098381042480469 -0.47354927659034729004 -0.24262949824333190918 0.16249996423721313477 0.070834629237651824951 -0.25992989540100097656 -0.34585535526275634766 -0.38740432262420654297 -0.41180455684661865234
-0.12070345133543014526 -0.19049771130084991455 -0.25246596336364746094 -0.3077583611011505127 -0.36982378363609313965 -0.33672645688056945801 -0.30222648382186889648 -0.40338727831840515137 -0.37853831052780151367 -0.30419024825096130371 -0.077788777649402618408 0.17614887654781341553 0.29288488626480102539 0.85807031393051147461 0.47847190499305725098 -0.0045268712565302848816 -0.19514791667461395264 -0.076569832861423492432 -0.15077373385429382324 -0.25621303915977478027 -0.38013133406639099121 -0.3501961827278137207 0.0496557578444480896 1.0278971195220947266 1.0673297643661499023 0.81718504428863525391 0.094910994172096252441 -0.1087355390191078186 -0.20486378669738769531 -0.28716439008712768555 -0.37420037388801574707 -0.46461448073387145996 -0.53206002712249755859 -0.53543323278427124023 -0.4325733184814453125 -0.090613469481468200684 0.38393241167068481445 0.12967498600482940674 -0.088316768407821655273 -0.21789152920246124268 -0.3375187218189239502
-0.31436100602149963379 -0.34515368938446044922 -0.37784713506698608398 -0.43241044878959655762 -0.47564959526062011719 -0.35286149382591247559 -0.27571791410446166992 -0.38484436273574829102 -0.33257532119750976563 -0.2069358527660369873 0.16492378711700439453 -0.34831395745277404785 -0.092463664710521697998 0.514896392822265625 0.0044289827346801757813 -0.20086811482906341553 -0.23421788215637207031 -0.01591172441840171814 -0.10714884847402572632 -0.26162287592887878418 -0.35309132933616638184 -0.2610124051570892334 0.83148157596588134766 2.2855618000030517578 1.774117588996887207 0.60284668207168579102 0.26310721039772033691 0.074004717171192169189 -0.062418825924396514893 -0.23671023547649383545 -0.32961857318878173828 -0.42557466030120849609 -0.50764286518096923828 -0.536334991455078125 -0.46958380937576293945 -0.28430959582328796387 0.16101939976215362549 0.74550765752792358398 0.8766486048698425293 0.6240317225456237793 0.23022320866584777832
-0.38470908999443054199 -0.4265003502368927002 -0.43528306484222412109 -0.49050655961036682129 -0.46462342143058776855 -0.30301755666732788086 -0.20604655146598815918 -0.34878075122833251953 -0.26369649171829223633 0.13537058234214782715 0.38897460699081420898 -0.15644337236881256104 -0.23316740989685058594 -0.25973683595657348633 -0.34723418951034545898 -0.33422943949699401855 -0.23502658307552337646 0.0078657930716872215271 -0.097461037337779998779 -0.27294954657554626465 -0.31569001078605651855 -0.0046733999624848365784 2.0104274749755859375 2.7445809841156005859 0.99914252758026123047 0.48803472518920898438 0.28742083907127380371 0.11991757899522781372 -0.07627025991678237915 -0.28658649325370788574 -0.34973624348640441895 -0.44622197747230529785 -0.49486610293388366699 -0.49641743302345275879 -0.46144735813140869141 -0.39736843109130859375 -0.27602276206016540527 -0.013996721245348453522 0.55352139472961425781 1.1948528289794921875 1.3590220212936401367
-0.39630767703056335449 -0.4084040224552154541 -0.43108123540878295898 -0.48148322105407714844 -0.3550987541675567627 -0.10122901201248168945 -0.11353472620248794556 -0.38986232876777648926 -0.19537423551082611084 0.86690592765808105469 0.46463090181350708008 -0.16060233116149902344 -0.3932196199893951416 -0.45568177103996276855 -0.46696603298187255859 -0.34302055835723876953 -0.14148780703544616699 0.15137898921966552734 -0.048080045729875564575 -0.20947439968585968018 -0.18597538769245147705 0.97223496437072753906 4.0666193962097167969 2.4688799381256103516 0.78608113527297973633 0.062815800309181213379 -0.22654207050800323486 -0.28543356060981750488 -0.24695026874542236328 -0.24578966200351715088 -0.34370595216751098633 -0.44466379284858703613 -0.47863429784774780273 -0.43039804697036743164 -0.38283500075340270996 -0.35081627964973449707 -0.3219757080078125 -0.28326675295829772949 -0.14970783889293670654 0.29765421152114868164 1.0924757719039916992
-0.3817526400089263916 -0.43535381555557250977 -0.41009655594825744629 -0.4044939577579498291 -0.14627437293529510498 -0.20491114258766174316 -0.24361315369606018066 -0.41378235816955566406 0.058868207037448883057 1.6120334863662719727 0.3331025540828704834 -0.34718775749206542969 -0.47709196805953979492 -0.53044843673706054688 -0.51675093173980712891 -0.2788295745849609375 0.010306448675692081451 0.2420155256986618042 -0.00018439782434143126011 -0.096987321972846984863 0.34758326411247253418 4.4362425804138183594 4.8704166412353515625 0.95046007633209228516 -0.084516063332557678223 -0.29580470919609069824 -0.37282612919807434082 -0.43243554234504699707 -0.41471332311630249023 -0.36378782987594604492 -0.39387047290802001953 -0.4599158167839050293 -0.48989579081535339355 -0.4144719541072845459 -0.37537720799446105957 -0.34395834803581237793 -0.36855220794677734375 -0.37702128291130065918 -0.39628562331199645996 -0.33262354135513305664 -0.13413958251476287842
-0.41617557406425476074 -0.44324523210525512695 -0.30595219135284423828 -0.23322364687919616699 0.013184159062802791595 -0.29477146267890930176 -0.44421663880348205566 -0.39863657951354980469 1.2151277065277099609 1.6096427440643310547 -0.13463753461837768555 -0.43443483114242553711 -0.4560743868350982666 -0.47818702459335327148 -0.41725876927375793457 -0.17416259646415710449 0.20925574004650115967 0.31349584460258483887 0.2029301375150680542 1.0421113967895507813 6.1263632774353027344 5.7903494834899902344 0.93287539482116699219 0.063818983733654022217 -0.088198579847812652588 -0.21350415050983428955 -0.33738312125205993652 -0.44613543152809143066 -0.41853392124176025391 -0.34516406059265136719 -0.34884992241859436035 -0.45902600884437561035 -0.45944741368293762207 -0.36155164241790771484 -0.33017763495445251465 -0.27895411849021911621 -0.30952781438827514648 -0.31990373134613037109 -0.34976270794868469238 -0.38544395565986633301 -0.3734722137451171875
-0.43435236811637878418 -0.37543472647666931152 -0.17382588982582092285 -0.043798070400953292847 0.060106847435235977173 -0.31636595726013183594 -0.38277930021286010742 0.81842064857482910156 2.5988790988922119141 0.45452126860618591309 -0.27283820509910583496 -0.36445751786231994629 -0.36663508415222167969 -0.37151601910591125488 -0.23833519220352172852 0.041649788618087768555 0.54274791479110717773 0.63504838943481445313 1.4007365703582763672 6.570430755615234375 5.7026019096374511719 0.88591176271438598633 0.2315035015344619751 0.071531012654304504395 -0.071905680000782012939 -0.19963969290256500244 -0.29808971285820007324 -0.35095050930976867676 -0.33824723958969116211 -0.33339616656303405762 -0.35347276926040649414 -0.40730673074722290039 -0.39269039034843444824 -0.30968248844146728516 -0.33951789140701293945 -0.29137590527534484863 -0.33893954753875732422 -0.32606610655784606934 -0.30927923321723937988 -0.33785235881805419922 -0.36344176530838012695
