INPUT/RASTER/ASCII_standard/fla.asc
ncols        225
nrows        269
xllcorner    473009.983799999987
yllcorner    4429051.174800000153
cellsize     50.000000000000
NODATA_value  -9999
[rows 209 to 227 of 269, columns 164 to 204 of 225]
1.1048102378845214844 1.3637191057205200195 -0.050395276397466659546 -0.29482454061508178711 -0.36543866991996765137 -0.36078280210494995117 -0.24797266721725463867 -0.3102181851863861084 -0.30075016617774963379 -0.2969347834587097168 -0.27591282129287719727 -0.35737305879592895508 -0.28232476115226745605 -0.13158789277076721191 1.2972811460494995117 1.3647330999374389648 0.14287590980529785156 0.0071446867659687995911 -0.099593684077262878418 -0.24045090377330780029 -0.39490666985511779785 -0.43869420886039733887 -0.46790596842765808105 -0.47904878854751586914 -0.38530078530311584473 -0.24346975982189178467 -0.20214341580867767334 -0.17291648685932159424 -0.29224976897239685059 -0.39743855595588684082 -0.40373495221138000488 1.1735309362411499023 1.9330703020095825195 0.021326769143342971802 -0.23855890333652496338 -0.22551697492599487305 -0.17707087099552154541 -0.11750800162553787231 -0.10940527170896530151 0.077381506562232971191 0.026337243616580963135
1.0681722164154052734 1.9402575492858886719 -0.0011313466820865869522 -0.30096617341041564941 -0.29166901111602783203 -0.33236131072044372559 -0.24513001739978790283 -0.33123257756233215332 -0.29288586974143981934 -0.31175184249877929688 -0.38812395930290222168 -0.40694373846054077148 -0.38653206825256347656 -0.10998467355966567993 2.3392348289489746094 0.55842280387878417969 0.10086516290903091431 0.34588894248008728027 0.30525165796279907227 0.18938219547271728516 -0.024351371452212333679 -0.20441868901252746582 -0.37378618121147155762 -0.32954141497611999512 -0.26804196834564208984 -0.2436962425708770752 -0.20510286092758178711 0.01073514111340045929 -0.15974108874797821045 -0.2996037900447845459 -0.36967226862907409668 -0.45080256462097167969 -0.29198443889617919922 -0.30582943558692932129 -0.24282109737396240234 -0.11082693934440612793 -0.010046438314020633698 0.15068835020065307617 0.3692340552806854248 0.53620249032974243164 0.330883026123046875
0.58243149518966674805 2.3904929161071777344 0.57196855545043945313 -0.28798705339431762695 -0.13348324596881866455 -0.20222643017768859863 -0.21450130641460418701 -0.32144880294799804688 -0.38307261466979980469 -0.37873736023902893066 -0.36876228451728820801 -0.39116358757019042969 -0.45912238955497741699 -0.49110844731330871582 0.29890295863151550293 -0.011060842312872409821 0.33267426490783691406 0.48538932204246520996 0.3451499640941619873 0.2831967771053314209 0.011876054108142852783 -0.045886296778917312622 -0.11475310474634170532 -0.17230062186717987061 -0.26383703947067260742 -0.30099397897720336914 -0.18153674900531768799 0.23577634990215301514 0.034854114055633544922 -0.1688724905252456665 -0.27827027440071105957 -0.40225681662559509277 -0.43958288431167602539 -0.39151942729949951172 -0.26043328642845153809 -0.057340011000633239746 0.35447877645492553711 0.69440370798110961914 0.57840359210968017578 0.40837347507476806641 0.090128414332866668701
0.29334092140197753906 2.1165015697479248047 1.7336641550064086914 -0.022968575358390808105 -0.0071770497597754001617 0.05547091364860534668 -0.071975141763687133789 -0.32384261488914489746 -0.43852096796035766602 -0.42595869302749633789 -0.38080579042434692383 -0.36687305569648742676 -0.39573547244071960449 -0.48332703113555908203 -0.54141038656234741211 -0.54723405838012695313 0.091218553483486175537 0.90782117843627929688 0.34418001770973205566 0.34488457441329956055 0.01622250676155090332 -0.06101271510124206543 -0.07654892653226852417 -0.19634759426116943359 -0.30151826143264770508 -0.39661014080047607422 -0.236185416579246521 0.39834898710250854492 0.45304313302040100098 -0.027157403528690338135 -0.23896519839763641357 -0.39788651466369628906 -0.48409092426300048828 -0.30726477503776550293 0.25859662890434265137 0.63751959800720214844 1.2822183370590209961 1.0146096944808959961 0.4385013878345489502 0.1568794548511505127 0.0052486183121800422668
0.39934763312339782715 1.2774896621704101563 2.3166153430938720703 0.69059544801712036133 0.11528132855892181396 0.2877254784107208252 0.15167638659477233887 -0.31686449050903320313 -0.40611135959625244141 -0.39696753025054931641 -0.34543344378471374512 -0.28559154272079467773 -0.13926865160465240479 -0.15406855940818786621 0.14952392876148223877 -0.039108913391828536987 0.32951414585113525391 0.70771712064743041992 0.02723386324942111969 0.087797783315181732178 0.019617026671767234802 -0.080774784088134765625 -0.23067256808280944824 -0.35923665761947631836 -0.45304706692695617676 -0.4385420680046081543 -0.22937382757663726807 0.42958471179008483887 1.1420350074768066406 0.24627904593944549561 -0.21333217620849609375 -0.41522011160850524902 -0.49113938212394714355 0.80940395593643188477 2.9051184654235839844 3.06122589111328125 2.1758754253387451172 1.1765280961990356445 0.43358412384986877441 0.3066202998161315918 0.26612934470176696777
0.68439412117004394531 1.2761389017105102539 3.1057174205780029297 1.3292866945266723633 0.1847928166389465332 0.40541115403175354004 0.24574752151966094971 -0.23616069555282592773 -0.32375818490982055664 -0.35307598114013671875 -0.27089321613311767578 -0.1564585268497467041 -0.11958738416433334351 -0.14564403891563415527 0.011793885380029678345 -0.22593452036380767822 -0.16475477814674377441 -0.052763290703296661377 -0.14592008292675018311 -0.16132508218288421631 -0.22984428703784942627 -0.33099630475044250488 -0.4173977971076965332 -0.50900435447692871094 -0.55632621049880981445 -0.51127701997756958008 -0.30032378435134887695 0.088953770697116851807 1.8403359651565551758 0.72725701332092285156 -0.25653642416000366211 -0.41558223962783813477 0.41895321011543273926 3.5062439441680908203 2.2349553108215332031 1.8237013816833496094 0.96185535192489624023 0.51573389768600463867 0.24610015749931335449 0.34395709633827209473 0.35425573587417602539
-0.10731125622987747192 0.40041583776473999023 3.2580065727233886719 2.5312390327453613281 0.43192145228385925293 0.61145007610321044922 0.13242650032043457031 -0.24448464810848236084 -0.21479976177215576172 -0.30994725227355957031 -0.19028858840465545654 0.12028605490922927856 0.063051529228687286377 -0.065600886940956115723 -0.24467357993125915527 -0.37167277932167053223 -0.41127482056617736816 -0.35270988941192626953 -0.28737288713455200195 -0.26022738218307495117 -0.31361395120620727539 -0.37759643793106079102 -0.47426256537437438965 -0.52397841215133666992 -0.55584949254989624023 -0.52286314964294433594 -0.37905338406562805176 -0.14640112221240997314 1.7731348276138305664 1.6356911659240722656 -0.08913552016019821167 0.78815478086471557617 4.0824389457702636719 2.0266587734222412109 0.59869444370269775391 0.37584909796714782715 0.17356353998184204102 0.17907373607158660889 0.16033545136451721191 0.23564545810222625732 0.10071384906768798828
-0.16381523013114929199 0.17611189186573028564 2.6647782325744628906 4.0399003028869628906 1.4447971582412719727 0.65303504467010498047 -0.13247129321098327637 -0.29705402255058288574 -0.14403973519802093506 -0.17245973646640777588 0.59996443986892700195 0.15152788162231445313 -0.20900224149227142334 -0.018861632794141769409 -0.20240090787410736084 -0.28047642111778259277 -0.4033788144588470459 -0.43292272090911865234 -0.41983100771903991699 -0.39451584219932556152 -0.44175559282302856445 -0.44950425624847412109 -0.47092133760452270508 -0.50307881832122802734 -0.52302348613739013672 -0.50182682275772094727 -0.41496902704238891602 -0.33824971318244934082 -0.2437566220760345459 -0.20896084606647491455 0.62177664041519165039 3.3905839920043945313 2.7154748439788818359 0.56681805849075317383 0.2862529456615447998 0.10564428567886352539 0.033149760216474533081 0.044689420610666275024 -0.094789549708366394043 -0.02369518764317035675 -0.045212704688310623169
-0.1700115203857421875 -0.058191485702991485596 1.6504545211791992188 5.5514473915100097656 3.4123058319091796875 0.25698444247245788574 -0.35426440834999084473 -0.3302943110466003418 -0.067011460661888122559 0.24672196805477142334 0.45192235708236694336 -0.18697366118431091309 -0.29063782095909118652 -0.25922149419784545898 0.081843212246894836426 -0.12489593774080276489 -0.24951727688312530518 -0.28733989596366882324 -0.37839522957801818848 -0.39197018742561340332 -0.4188391566276550293 -0.42415595054626464844 -0.43831598758697509766 -0.46487757563591003418 -0.49736034870147705078 -0.46865433454513549805 -0.39483499526977539063 -0.32928669452667236328 -0.12315022200345993042 0.92459481954574584961 4.5498056411743164063 3.8359277248382568359 1.4845203161239624023 0.47436514496803283691 -0.06530405580997467041 -0.27586206793785095215 -0.39769092202186584473 -0.39928671717643737793 -0.19527679681777954102 0.023076830431818962097 -0.13728663325309753418
0.30341652035713195801 0.49645578861236572266 1.3528363704681396484 6.6461529731750488281 6.1168909072875976563 -0.20103941857814788818 -0.4735202789306640625 -0.27160662412643432617 0.016080360859632492065 0.15932594239711761475 0.22045053541660308838 -0.17287628352642059326 -0.34155932068824768066 -0.24200652539730072021 1.1105772256851196289 0.60995328426361083984 -0.1366878896951675415 -0.25505718588829040527 -0.31737756729125976563 -0.29237386584281921387 -0.35247862339019775391 -0.40439736843109130859 -0.41670045256614685059 -0.40794679522514343262 -0.46872088313102722168 -0.43856325745582580566 -0.39071837067604064941 -0.34729102253913879395 0.15280327200889587402 5.6416845321655273438 5.2720670700073242188 1.5738657712936401367 0.52102220058441162109 -0.1155557781457901001 -0.33246055245399475098 -0.43661481142044067383 -0.51155316829681396484 -0.54765456914901733398 -0.25919386744499206543 -0.0064455321989953517914 -0.17679952085018157959
0.38162133097648620605 0.80837982892990112305 1.1762377023696899414 5.6167287826538085938 10.01113128662109375 -0.10184656083583831787 -0.38245439529418945313 0.045042376965284347534 0.17079739272594451904 -0.14226357638835906982 0.043761689215898513794 0.065157599747180938721 -0.23815365135669708252 -0.33429223299026489258 0.30653345584869384766 0.70935815572738647461 0.3005116879940032959 0.026112807914614677429 -0.22728748619556427002 -0.24822641909122467041 -0.36805588006973266602 -0.48379853367805480957 -0.48413333296775817871 -0.46125805377960205078 -0.45526322722434997559 -0.38934972882270812988 -0.3196843564510345459 -0.25369885563850402832 4.288967132568359375 7.6082043647766113281 1.1113015413284301758 -0.043725591152906417847 -0.32460886240005493164 -0.42541587352752685547 -0.47184094786643981934 -0.48322814702987670898 -0.47257006168365478516 -0.4789809882640838623 -0.32917296886444091797 0.10634384304285049438 0.073108300566673278809
0.020352404564619064331 -0.077406793832778930664 -0.13004040718078613281 0.49706563353538513184 4.7233791351318359375 -0.15083716809749603271 -0.46339082717895507813 -0.2509466707706451416 0.14750677347183227539 0.032736424356698989868 -0.20716072618961334229 -0.077327802777290344238 0.068865559995174407959 -0.038864258676767349243 -0.026313848793506622314 0.37677201628684997559 0.30288243293762207031 0.14210446178913116455 -0.22930271923542022705 -0.28103145956993103027 -0.4391396939754486084 -0.49843439459800720215 -0.49590888619422912598 -0.45756578445434570313 -0.41088557243347167969 -0.36292219161987304688 -0.2456769794225692749 1.2880048751831054688 9.343418121337890625 2.2067079544067382813 -0.25506708025932312012 -0.40238854289054870605 -0.45841184258460998535 -0.53000926971435546875 -0.55866581201553344727 -0.52563226222991943359 -0.47951745986938476563 -0.46665185689926147461 -0.37652286887168884277 -0.062523305416107177734 0.070408590137958526611
-0.38798815011978149414 -0.43094372749328613281 -0.46339303255081176758 -0.45208400487899780273 -0.44989994168281555176 -0.39341041445732116699 -0.27351650595664978027 -0.22768193483352661133 0.18576823174953460693 0.54214674234390258789 0.1515013575553894043 -0.2378361821174621582 0.016923030838370323181 0.1427027285099029541 0.070497192442417144775 0.089983373880386352539 0.12990660965442657471 0.26887339353561401367 0.031628273427486419678 -0.21403986215591430664 -0.44501319527626037598 -0.44617065787315368652 -0.46277928352355957031 -0.41610458493232727051 -0.32923915982246398926 -0.33482843637466430664 -0.018526043742895126343 7.1520705223083496094 6.601261138916015625 0.2433306276798248291 -0.14704503118991851807 -0.27702808380126953125 -0.42062118649482727051 -0.52068668603897094727 -0.56797933578491210938 -0.57354682683944702148 -0.54254877567291259766 -0.49501457810401916504 -0.28394278883934020996 0.055739410221576690674 0.12092241644859313965
-0.44557860493659973145 -0.40972465276718139648 -0.46664878726005554199 -0.51264613866806030273 -0.3873138427734375 1.1259871721267700195 1.2062448263168334961 0.67410141229629516602 0.48687842488288879395 0.50108587741851806641 0.94230228662490844727 0.64974421262741088867 0.084952272474765777588 -0.11774618923664093018 -0.17850901186466217041 -0.16895976662635803223 -0.2628892362117767334 -0.20085316896438598633 -0.22457371652126312256 -0.26992145180702209473 -0.40847089886665344238 -0.43333110213279724121 -0.41858461499214172363 -0.36515629291534423828 -0.23474192619323730469 -0.26186394691467285156 0.67465943098068237305 10.672163009643554688 2.6239163875579833984 -0.025321917608380317688 -0.17975959181785583496 -0.29843908548355102539 -0.3744519352912902832 -0.47339001297950744629 -0.54045659303665161133 -0.53462064266204833984 -0.50587648153305053711 -0.4564603269100189209 -0.26373589038848876953 0.23448736965656280518 0.34344261884689331055
-0.30059760808944702148 -0.26093897223472595215 -0.30464452505111694336 -0.45824697613716125488 -0.24889622628688812256 1.2729874849319458008 0.67628002166748046875 0.25483012199401855469 -0.11202541738748550415 -0.20803499221801757813 -0.063641585409641265869 0.10144332051277160645 -0.035771600902080535889 -0.21331010758876800537 -0.3242053985595703125 -0.34582978487014770508 -0.40873068571090698242 -0.43053048849105834961 -0.47934922575950622559 -0.45743298530578613281 -0.47328928112983703613 -0.4556267857551574707 -0.37878972291946411133 -0.35030573606491088867 -0.26426610350608825684 -0.36655381321907043457 -0.19311624765396118164 2.1705417633056640625 0.72302442789077758789 -0.12598708271980285645 -0.24901412427425384521 -0.35461860895156860352 -0.44776043295860290527 -0.52612566947937011719 -0.52846920490264892578 -0.46733671426773071289 -0.46889945864677429199 -0.39006254076957702637 -0.24629178643226623535 0.19213187694549560547 0.88636153936386108398
-0.093283265829086303711 0.055666968226432800293 0.14913727343082427979 -0.19649706780910491943 -0.26882851123809814453 -0.056066799908876419067 0.09425525367259979248 0.096812367439270019531 0.014484585262835025787 -0.20103350281715393066 -0.27609044313430786133 -0.24669516086578369141 -0.22596804797649383545 -0.25476986169815063477 -0.34095725417137145996 -0.39691779017448425293 -0.49108302593231201172 -0.53158420324325561523 -0.48009580373764038086 -0.47898754477500915527 -0.52008575201034545898 -0.44436627626419067383 -0.31351310014724731445 -0.27271497249603271484 -0.38739436864852905273 -0.53301191329956054688 -0.51942664384841918945 -0.1994234621524810791 -0.0050464952364563941956 -0.16309174895286560059 -0.30812841653823852539 -0.4200128018856048584 -0.49966087937355041504 -0.5409755706787109375 -0.4664510190486907959 -0.37497091293334960938 -0.41404920816421508789 -0.37031909823417663574 -0.179711952805519104 0.13034519553184509277 1.1343746185302734375
-0.21268194913864135742 0.1265697777271270752 0.66841256618499755859 0.45139339566230773926 -0.14334776997566223145 -0.34594109654426574707 -0.29989379644393920898 -0.28677666187286376953 -0.21684689819812774658 -0.22751538455486297607 -0.28606757521629333496 -0.32885354757308959961 -0.33016288280487060547 -0.33295202255249023438 -0.38105738162994384766 -0.42507603764533996582 -0.51020288467407226563 -0.54323673248291015625 -0.48365372419357299805 -0.47088351845741271973 -0.49578946828842163086 -0.44467940926551818848 -0.23559552431106567383 -0.029532132670283317566 -0.29617825150489807129 -0.45292782783508300781 -0.43765100836753845215 -0.37352743744850158691 -0.26726013422012329102 -0.201501503586769104 -0.25659829378128051758 -0.38417512178421020508 -0.48597359657287597656 -0.53746575117111206055 -0.46170875430107116699 -0.30527329444885253906 -0.31517016887664794922 -0.36144050955772399902 -0.20128189027309417725 0.0086663337424397468567 0.52142292261123657227
-0.39721563458442687988 -0.40303349494934082031 0.0033125511836260557175 0.39244452118873596191 -0.073877163231372833252 -0.36874681711196899414 -0.43525111675262451172 -0.41445282101631164551 -0.30975395441055297852 -0.26143121719360351563 -0.27868148684501647949 -0.33944466710090637207 -0.38155478239059448242 -0.42224720120429992676 -0.46359562873840332031 -0.50205659866333007813 -0.53374707698822021484 -0.50174957513809204102 -0.45719110965728759766 -0.41128370165824890137 -0.38574060797691345215 -0.38861352205276489258 0.36484777927398681641 0.27038580179214477539 -0.089378602802753448486 -0.12605252861976623535 -0.18863891065120697021 -0.37660351395606994629 -0.45197087526321411133 -0.41875833272933959961 -0.37080332636833190918 -0.42886447906494140625 -0.49777930974960327148 -0.52573674917221069336 -0.43082076311111450195 -0.22918452322483062744 -0.028550570830702781677 -0.087463602423667907715 -0.18628367781639099121 -0.073312997817993164063 -0.15425814688205718994
-0.33970287442207336426 -0.42741313576698303223 -0.33733338117599487305 0.80515646934509277344 1.3386511802673339844 0.45852962136268615723 -0.00031267569283954799175 -0.18980346620082855225 -0.20905049145221710205 -0.27173012495040893555 -0.25216311216354370117 -0.32982322573661804199 -0.41286203265190124512 -0.48037204146385192871 -0.5155506134033203125 -0.5414943695068359375 -0.50115668773651123047 -0.43435272574424743652 -0.39908009767532348633 -0.36944225430488586426 -0.30399912595748901367 -0.25890064239501953125 1.1915732622146606445 0.2573623955249786377 0.13901622593402862549 -0.0080999182537198066711 -0.20169663429260253906 -0.36305928230285644531 -0.42675805091857910156 -0.49574846029281616211 -0.47189000248908996582 -0.49399381875991821289 -0.53296607732772827148 -0.51646417379379272461 -0.37952342629432678223 -0.18171402812004089355 0.083940520882606506348 0.66841810941696166992 0.80613344907760620117 0.70633882284164428711 -0.023155061528086662292
