INPUT/RASTER/ASCII_standard/green.asc
ncols        225
nrows        269
xllcorner    473009.983799999987
yllcorner    4429051.174800000153
cellsize     50.000000000000
NODATA_value  -9999
[rows 180 to 197 of 269, columns 42 to 83 of 225]
0.2878080904483795166 0.32105943560600280762 -1.0817452669143676758 -1.5649716854095458984 -1.3880470991134643555 -1.1905502080917358398 -1.046236872673034668 -0.95673549175262451172 -0.97050297260284423828 -0.68694174289703369141 -0.25365859270095825195 -0.12638300657272338867 0.22242717444896697998 1.4023174047470092773 1.5598387718200683594 0.28965106606483459473 -0.43802285194396972656 -0.80193716287612915039 -0.60261768102645874023 -0.60459786653518676758 0.87010592222213745117 1.4136719703674316406 1.1246559619903564453 1.454323887825012207 -0.23794594407081604004 -1.1135630607604980469 -0.94741016626358032227 -0.44833618402481079102 -0.42700234055519104004 -0.68103730678558349609 -0.68303209543228149414 -0.34323361515998840332 0.44512090086936950684 0.09669323265552520752 -0.009772884659469127655 -0.18037900328636169434 1.4818997383117675781 2.114013671875 1.5761055946350097656 0.5820820927619934082 -0.70116937160491943359 -0.66428399085998535156
-0.12590181827545166016 -0.27025243639945983887 -1.1438326835632324219 -1.8413209915161132813 -1.5238918066024780273 -0.74040693044662475586 -0.80447214841842651367 -0.87611842155456542969 -0.85906732082366943359 -0.85424494743347167969 -0.063700564205646514893 1.3452702760696411133 0.57860809564590454102 1.0564025640487670898 1.3354041576385498047 1.0450339317321777344 0.50471419095993041992 -0.68008428812026977539 -0.52877748012542724609 -0.29805719852447509766 0.49558454751968383789 -0.056000448763370513916 -0.1477962881326675415 0.0061570028774440288544 -0.0068355579860508441925 -0.21811927855014801025 -0.44043052196502685547 -0.55211901664733886719 -0.78463208675384521484 -0.61679685115814208984 -0.1612005382776260376 -0.1643206477165222168 -0.2309220433235168457 -0.089629627764225006104 0.22558698058128356934 0.65713280439376831055 2.4893584251403808594 2.1350338459014892578 0.44723251461982727051 -0.043821346014738082886 -0.68977451324462890625 -0.8487574458122253418
-0.78616964817047119141 -0.49135723710060119629 -1.1095844507217407227 -1.7149255275726318359 -0.62372732162475585938 -0.11598498374223709106 -0.71593773365020751953 -0.65046632289886474609 -0.52195447683334350586 -0.79244840145111083984 -0.32280021905899047852 1.5397247076034545898 1.4254697561264038086 0.46462640166282653809 0.29380303621292114258 0.63645535707473754883 -0.080888889729976654053 -0.64476686716079711914 -0.63409787416458129883 -0.52711027860641479492 -0.44068628549575805664 -0.81885045766830444336 -0.66244626045227050781 -0.58591985702514648438 -0.72894608974456787109 -0.702014923095703125 -0.2637570500373840332 -0.51339358091354370117 -0.79779922962188720703 -0.58034187555313110352 -0.52189898490905761719 -0.4392147064208984375 -0.32931372523307800293 0.17366228997707366943 0.64756637811660766602 0.90032887458801269531 1.9653276205062866211 0.64971244335174560547 0.074283130466938018799 -0.21450981497764587402 -0.27619192004203796387 -0.33507627248764038086
-0.90862929821014404297 -1.2705570459365844727 -1.5022933483123779297 -1.5409271717071533203 -0.23665246367454528809 -0.5155665278434753418 -0.093613415956497192383 0.32148224115371704102 0.076972268521785736084 -0.27447682619094848633 -0.71231663227081298828 0.073483683168888092041 0.47554472088813781738 -0.19498038291931152344 -0.4595114588737487793 -0.44574049115180969238 -0.45383477210998535156 -0.13907773792743682861 -0.3848362267017364502 -0.74755811691284179688 -0.59368717670440673828 -0.56172573566436767578 -0.57851755619049072266 -0.73680680990219116211 -0.69824719429016113281 -0.55417746305465698242 -0.35037606954574584961 -0.40950158238410949707 -0.73836535215377807617 -0.88952440023422241211 -0.65082138776779174805 -0.76706302165985107422 -0.51387417316436767578 0.068404972553253173828 0.66836476325988769531 0.63543921709060668945 0.45033919811248779297 -0.52019792795181274414 0.037805385887622833252 0.20625318586826324463 -0.15375444293022155762 -0.25628116726875305176
-1.032080531120300293 -1.5714502334594726563 -1.7292249202728271484 -1.274561762809753418 -0.30805578827857971191 -0.095289967954158782959 0.12368977814912796021 0.86298745870590209961 0.65543466806411743164 -0.58714443445205688477 -0.40368765592575073242 0.4853757321834564209 -0.35924175381660461426 -0.92630696296691894531 -0.87630355358123779297 -0.72259783744812011719 -0.65699678659439086914 -0.081743225455284118652 0.21063230931758880615 -0.65691965818405151367 -0.78384953737258911133 -0.59560602903366088867 -0.43605491518974304199 -0.7382742762565612793 -0.56380993127822875977 -0.25437277555465698242 -0.1002635657787322998 -0.53348070383071899414 -0.44617319107055664063 -0.53318053483963012695 -0.46121606230735778809 -0.70157581567764282227 -0.61366623640060424805 -0.17084817588329315186 0.015146506950259208679 -0.25483644008636474609 -0.52273464202880859375 -0.82816934585571289063 -0.22749595344066619873 -0.052335508167743682861 -0.25062724947929382324 -0.53588432073593139648
-0.69352471828460693359 -1.8955419063568115234 -1.899120330810546875 -1.1461007595062255859 0.061802700161933898926 0.88508337736129760742 0.97267824411392211914 0.92767465114593505859 0.80273020267486572266 0.11199244856834411621 -0.57977426052093505859 -0.65365880727767944336 -0.51123058795928955078 -0.66985440254211425781 -0.7997964024543762207 -0.86121279001235961914 -0.5907223820686340332 -0.49644002318382263184 -0.54362064599990844727 -0.82667028903961181641 -0.69232118129730224609 -0.52972584962844848633 -0.60830837488174438477 -0.32237276434898376465 -0.094248183071613311768 -0.29097840189933776855 -0.20338591933250427246 -0.5457223057746887207 -0.09360173344612121582 -0.24878367781639099121 -0.71257120370864868164 -0.45146739482879638672 -0.65148180723190307617 -0.48686772584915161133 -0.58563667535781860352 -0.59458470344543457031 -0.3376153409481048584 -0.61679917573928833008 -0.59855914115905761719 -0.52315688133239746094 -0.70822477340698242188 -0.51414048671722412109
-0.69398838281631469727 -2.0194520950317382813 -2.0907788276672363281 -1.667506098747253418 -0.042907446622848510742 1.0628033876419067383 1.7037619352340698242 0.62398773431777954102 -0.11483632773160934448 0.19299668073654174805 -0.65631526708602905273 -0.60389244556427001953 -0.5939528346061706543 -0.72061467170715332031 -0.81327652931213378906 -0.35073694586753845215 -0.52923762798309326172 -0.55801296234130859375 -0.62976485490798950195 -0.60388606786727905273 -0.58391690254211425781 -0.69337058067321777344 -0.86561703681945800781 -0.77970927953720092773 -0.56985569000244140625 -0.78046548366546630859 -0.80604767799377441406 -0.27516356110572814941 0.069581650197505950928 -0.05247098580002784729 -0.30585834383964538574 0.14165009558200836182 -0.27164578437805175781 -0.74555742740631103516 -0.59039479494094848633 -0.59716057777404785156 -0.58557182550430297852 -0.41820493340492248535 -0.76926046609878540039 -0.98032575845718383789 -1.0730062723159790039 -0.66772824525833129883
-1.0375913381576538086 -1.9396893978118896484 -2.1389453411102294922 -1.5248010158538818359 -0.45081743597984313965 0.47667878866195678711 0.79777002334594726563 -0.22066709399223327637 0.26907342672348022461 -0.083244591951370239258 -0.55567711591720581055 -0.65444779396057128906 -0.84853029251098632813 -0.77789551019668579102 -0.72364431619644165039 -0.56850206851959228516 -0.88543432950973510742 -0.9330914616584777832 -0.71742099523544311523 -0.75953221321105957031 -0.81810766458511352539 -1.0487363338470458984 -1.2871176004409790039 -1.2287733554840087891 -1.0939729213714599609 -0.95871978998184204102 -0.75497323274612426758 -0.5583025813102722168 -0.51727050542831420898 -0.61082935333251953125 -0.63886475563049316406 -0.34955793619155883789 -0.26455414295196533203 -0.74020427465438842773 -0.65041023492813110352 -0.64685100317001342773 -0.68067115545272827148 -0.859210968017578125 -1.1859899759292602539 -1.3597711324691772461 -1.2573103904724121094 -1.3484866619110107422
-0.82073432207107543945 -1.5161788463592529297 -1.9411113262176513672 -0.96270823478698730469 0.18276274204254150391 -0.23703730106353759766 -0.48195311427116394043 0.44404116272926330566 1.4517685174942016602 0.6238225102424621582 -0.51467889547348022461 -0.78727859258651733398 -0.71946543455123901367 -0.69650173187255859375 -0.72276657819747924805 -0.8176714777946472168 -1.0278526544570922852 -0.94003945589065551758 -0.90128713846206665039 -1.1650397777557373047 -1.2590308189392089844 -1.2712945938110351563 -1.3503273725509643555 -1.286921381950378418 -1.2637853622436523438 -1.2925577163696289063 -0.85204106569290161133 -0.61428987979888916016 -0.91447824239730834961 -0.97648507356643676758 -1.0404738187789916992 -0.85645639896392822266 -0.35903328657150268555 -0.79048568010330200195 -0.79758840799331665039 -0.5302035212516784668 -0.70058596134185791016 -1.3327196836471557617 -1.1629042625427246094 -1.2832838296890258789 -1.1988331079483032227 -1.3030264377593994141
-0.21926793456077575684 -1.1010954380035400391 -1.8005850315093994141 -1.2702212333679199219 -0.38667219877243041992 -0.80563366413116455078 -1.0457569360733032227 0.30186870694160461426 1.28076934814453125 0.60727649927139282227 -0.72022402286529541016 -0.92211240530014038086 -0.72319930791854858398 -0.70512801408767700195 -0.70417153835296630859 -0.72878897190093994141 -0.98934739828109741211 -1.0215277671813964844 -1.12381744384765625 -0.54357856512069702148 -1.0120921134948730469 -1.3769559860229492188 -1.2988984584808349609 -1.3026299476623535156 -1.4036961793899536133 -1.4732921123504638672 -1.1561133861541748047 -0.7808170318603515625 -0.82080209255218505859 -0.80787664651870727539 -0.91259437799453735352 -0.89876270294189453125 -0.25915309786796569824 -0.79085534811019897461 -1.0384842157363891602 -0.57517731189727783203 -0.93915820121765136719 -1.1380100250244140625 -0.93891412019729614258 -1.3506958484649658203 -1.2910062074661254883 -1.0165168046951293945
-0.38210210204124450684 -1.0617253780364990234 -1.3167454004287719727 -1.2440124750137329102 -1.0597649812698364258 -1.7081030607223510742 -1.0551551580429077148 0.043904278427362442017 0.76535373926162719727 0.028367396444082260132 -0.75885015726089477539 -1.0351014137268066406 -0.665454864501953125 -0.69922596216201782227 -0.28684863448143005371 -0.038388751447200775146 -0.86353695392608642578 -1.2101882696151733398 -1.2929122447967529297 -0.57487833499908447266 -0.83550155162811279297 -0.98288118839263916016 -0.92509990930557250977 -1.0037099123001098633 -1.1761304140090942383 -1.1218389272689819336 -1.4284958839416503906 -0.97275584936141967773 -0.33521232008934020996 0.028132060542702674866 -0.92806410789489746094 -1.2071697711944580078 -1.2295213937759399414 -1.5415700674057006836 -1.4419304132461547852 -1.1992588043212890625 -1.3568466901779174805 -1.4344102144241333008 -1.4489700794219970703 -1.4506816864013671875 -1.0995473861694335938 -0.4876035153865814209
-0.06062717735767364502 -1.2046031951904296875 -1.3010134696960449219 -1.0778093338012695313 -1.7505891323089599609 -1.8428533077239990234 -0.52566319704055786133 -0.4041665196418762207 0.12681806087493896484 -0.26898348331451416016 -0.8598696589469909668 -0.96859574317932128906 -0.942455291748046875 -0.95426183938980102539 -0.65339899063110351563 -0.63107001781463623047 -0.9641844630241394043 -1.1624581813812255859 -1.1947675943374633789 -0.88078951835632324219 -0.043839450925588607788 -0.83179396390914916992 -0.78098928928375244141 -0.92057073116302490234 -1.2682036161422729492 -1.2633759975433349609 -1.1481119394302368164 -0.83955538272857666016 -0.50512701272964477539 -0.011496739462018013 -1.1525284051895141602 -1.6574636697769165039 -1.7622216939926147461 -1.6476659774780273438 -1.6962404251098632813 -1.5782679319381713867 -1.4787299633026123047 -1.6375242471694946289 -1.3181785345077514648 -1.0708876848220825195 -0.72772794961929321289 -0.49726751446723937988
-0.65146839618682861328 -1.4159640073776245117 -1.7320969104766845703 -1.8207089900970458984 -2.2471661567687988281 -1.8010592460632324219 -1.2154736518859863281 -0.99578440189361572266 -0.33884924650192260742 -0.61524873971939086914 -0.86464762687683105469 -0.81746178865432739258 -0.63377028703689575195 -0.72505980730056762695 -0.82982134819030761719 -0.73783224821090698242 -0.640472412109375 -0.34217840433120727539 -0.80235528945922851563 -0.71013724803924560547 -0.7297344207763671875 -1.2951599359512329102 -1.4260566234588623047 -1.1736205816268920898 -0.65430992841720581055 -0.77242845296859741211 -1.1948411464691162109 -1.0707055330276489258 -0.86111056804656982422 -0.90263611078262329102 -1.5896236896514892578 -1.713025212287902832 -1.6085866689682006836 -1.5278124809265136719 -1.3857626914978027344 -1.3876535892486572266 -1.0770701169967651367 -0.777378082275390625 -0.35000467300415039063 -0.44516235589981079102 -0.5547924041748046875 -0.11026974767446517944
-0.98881483078002929688 -1.4684131145477294922 -1.9387655258178710938 -1.9835278987884521484 -2.3874301910400390625 -1.7926571369171142578 -1.5165274143218994141 -1.1073157787322998047 0.034730825573205947876 -0.56703281402587890625 -0.76862978935241699219 -0.52917575836181640625 -0.3100394904613494873 -0.53334754705429077148 -0.53661364316940307617 -0.58427309989929199219 -0.34391686320304870605 0.004094450734555721283 -0.76777833700180053711 -1.0424294471740722656 -0.49642193317413330078 -1.3759638071060180664 -1.6474820375442504883 -1.1344647407531738281 -0.39162594079971313477 -0.14812272787094116211 -0.49699011445045471191 -1.0156992673873901367 -1.1202914714813232422 -1.1601643562316894531 -1.6441049575805664063 -1.6280996799468994141 -1.4222626686096191406 -0.87891501188278198242 -0.4116820991039276123 -0.70218372344970703125 -0.66597515344619750977 -0.056225858628749847412 0.39674496650695800781 0.037198647856712341309 0.052709836512804031372 0.63400208950042724609
-0.99350810050964355469 -1.670696258544921875 -1.9031356573104858398 -2.1268117427825927734 -1.8083477020263671875 -0.9844105839729309082 -0.79340314865112304688 -0.36871713399887084961 -0.001254637143574655056 -0.5988890528678894043 -0.58292412757873535156 -0.19039277732372283936 0.10473322123289108276 -0.28410986065864562988 -0.44919344782829284668 -0.75815057754516601563 -0.97504031658172607422 -0.40016695857048034668 -0.39906209707260131836 -0.72765028476715087891 0.72907745838165283203 -0.94742596149444580078 -1.8699806928634643555 -1.4689147472381591797 -0.70799118280410766602 -0.4959004521369934082 0.085543654859066009521 0.065285444259643554688 -0.70860493183135986328 -1.0911756753921508789 -1.3320528268814086914 -1.4084787368774414063 -1.1978135108947753906 -0.86767488718032836914 -0.89430648088455200195 -0.65261006355285644531 -0.24019594490528106689 0.42735505104064941406 0.32358449697494506836 0.43480640649795532227 0.40714240074157714844 0.23309965431690216064
-1.3147529363632202148 -1.8169826269149780273 -1.9423177242279052734 -1.1901986598968505859 -0.59286612272262573242 -0.25757989287376403809 -0.31412023305892944336 -0.19584289193153381348 -0.20905444025993347168 -0.7592309117317199707 -0.5059878230094909668 0.42739126086235046387 0.20461575686931610107 -0.41219422221183776855 -0.34663462638854980469 -0.27346774935722351074 -0.73458713293075561523 -0.67080396413803100586 -0.7235730290412902832 -0.37238383293151855469 -0.32610660791397094727 -1.3154729604721069336 -1.6471006870269775391 -1.4930130243301391602 -0.54803597927093505859 0.36136680841445922852 0.87695813179016113281 0.59370875358581542969 -0.12875680625438690186 -1.2624732255935668945 -1.582011103630065918 -1.2229524850845336914 -1.0830714702606201172 -0.83032298088073730469 -0.59168124198913574219 0.1491072922945022583 1.1725220680236816406 0.97572648525238037109 0.54783272743225097656 0.1992082744836807251 -0.19167223572731018066 -0.13265883922576904297
-1.0887025594711303711 -1.8081607818603515625 -0.97860246896743774414 -0.24511931836605072021 0.25156334042549133301 0.31941384077072143555 0.4689979255199432373 0.0001258480042451992631 -0.50295585393905639648 -0.47073403000831604004 -0.51100695133209228516 -0.68171995878219604492 -0.9612979888916015625 -0.81198889017105102539 -0.11704195290803909302 0.14020128548145294189 0.83230262994766235352 0.14766666293144226074 -0.62222361564636230469 -0.51248025894165039063 -1.2887772321701049805 -1.4499471187591552734 -1.0552065372467041016 -0.56597989797592163086 0.31554567813873291016 1.4290686845779418945 1.3363519906997680664 0.99303394556045532227 0.055855635553598403931 -1.322281956672668457 -1.2910068035125732422 -1.1781053543090820313 -0.94354611635208129883 -0.62087112665176391602 -0.45357200503349304199 0.46162134408950805664 0.72728765010833740234 -0.051116779446601867676 -0.23280416429042816162 -0.39641499519348144531 -0.69879496097564697266 -0.45083439350128173828
-0.72402501106262207031 -1.6535937786102294922 -0.92820835113525390625 -0.77927130460739135742 -0.18598736822605133057 0.80219703912734985352 0.77929055690765380859 0.5138187408447265625 -0.33781388401985168457 -0.10204932093620300293 -0.66054254770278930664 -0.90545958280563354492 -0.94048148393630981445 -0.58485883474349975586 -0.27810788154602050781 -0.068993598222732543945 0.3250700831413269043 -0.34699434041976928711 -0.65489917993545532227 -1.4637840986251831055 -1.5947245359420776367 -1.3682841062545776367 -0.62548679113388061523 -0.44669583439826965332 0.6198247075080871582 1.7555849552154541016 0.94361913204193115234 -0.49324166774749755859 -1.2556093931198120117 -1.2070757150650024414 -1.004535675048828125 -0.72874343395233154297 -0.50718957185745239258 -0.37791392207145690918 -0.29432100057601928711 -0.038532990962266921997 -0.12457914650440216064 -0.43309012055397033691 -0.77330261468887329102 -1.09769439697265625 -1.060448765754699707 -0.64819878339767456055
