INPUT/RASTER/ASCII_standard/green.asc
ncols        225
nrows        269
xllcorner    473009.983799999987
yllcorner    4429051.174800000153
cellsize     50.000000000000
NODATA_value  -9999
[rows 144 to 161 of 269, columns 0 to 41 of 225]
-9999 -9999 -9999 -9999 -9999 -9999 -9999 -0.24002717435359954834 -1.3242697715759277344 -1.676441192626953125 -1.7561998367309570313 -1.1439827680587768555 -1.0257550477981567383 -0.97972255945205688477 -0.93774151802062988281 -0.80670464038848876953 -0.35763469338417053223 -0.33295705914497375488 -0.72516202926635742188 -0.91500496864318847656 -0.83321940898895263672 -0.84190291166305541992 -0.25620290637016296387 0.47827708721160888672 1.3400998115539550781 1.3479505777359008789 0.45497643947601318359 0.11144235730171203613 -0.30182489752769470215 -0.25107046961784362793 -0.57928901910781860352 -0.66215491294860839844 -0.8313058018684387207 -0.87381643056869506836 -0.87808752059936523438 -0.64750152826309204102 -0.594268798828125 -0.93204033374786376953 -0.34999355673789978027 -0.25281417369842529297 0.17958717048168182373 -0.068041153252124786377
-9999 -9999 -9999 -9999 -9999 -9999 -9999 -0.53740727901458740234 -1.308583378791809082 -1.6047675609588623047 -1.4261664152145385742 -1.1128686666488647461 -1.3975709676742553711 -1.2722078561782836914 -1.2446273565292358398 -1.0553596019744873047 -0.72224277257919311523 -1.2206913232803344727 -1.1234909296035766602 -1.069113612174987793 -0.89772206544876098633 -0.68631279468536376953 -0.51689505577087402344 -0.30637279152870178223 0.42784965038299560547 1.5087292194366455078 1.7514984607696533203 0.9863522648811340332 -0.58115881681442260742 0.10966302454471588135 -0.26127228140830993652 -0.72119164466857910156 -0.93683987855911254883 -0.83884298801422119141 -0.93705540895462036133 -0.64529240131378173828 -0.47372800111770629883 -1.171921849250793457 -0.84868156909942626953 -0.59151250123977661133 -0.49479559063911437988 -0.55640059709548950195
-9999 -9999 -9999 -9999 -9999 -9999 -9999 -0.84568351507186889648 -1.2649008035659790039 -1.3677352666854858398 -1.2023409605026245117 -1.5267934799194335938 -1.5735793113708496094 -1.4579362869262695313 -1.3930207490921020508 -0.96011775732040405273 -1.1950448751449584961 -1.3805887699127197266 -1.1279494762420654297 -0.94721865653991699219 -0.69958627223968505859 -0.58653652667999267578 -0.65691965818405151367 -0.34932374954223632813 0.015196144580841064453 0.48600172996520996094 0.84275144338607788086 0.85619306564331054688 0.043381050229072570801 0.16201516985893249512 -0.19920709729194641113 -0.61829584836959838867 -0.80661940574645996094 -0.50225746631622314453 -0.55242735147476196289 -0.79457753896713256836 -0.70489913225173950195 -0.83311665058135986328 -0.83166903257369995117 -0.85526865720748901367 -0.94864290952682495117 -0.76321703195571899414
-9999 -9999 -9999 -9999 -9999 -9999 -0.81982976198196411133 -0.82115072011947631836 -1.2321405410766601563 -1.207225799560546875 -1.4969513416290283203 -1.6736493110656738281 -1.1767960786819458008 -1.1766203641891479492 -1.2162380218505859375 -0.95659476518630981445 -1.1186838150024414063 -1.3085209131240844727 -0.71823561191558837891 -0.74488121271133422852 -0.053717158734798431396 -0.50005418062210083008 -0.83898371458053588867 -0.67537170648574829102 -0.66069322824478149414 -0.069045566022396087646 0.51471334695816040039 0.26989156007766723633 0.33866471052169799805 0.33188727498054504395 -0.61815923452377319336 -0.44328024983406066895 -0.47487667202949523926 -0.2837238609790802002 0.13111427426338195801 -0.45218217372894287109 -0.63245868682861328125 -1.1356863975524902344 -1.3984096050262451172 -1.1610413789749145508 -0.87133574485778808594 -0.64353060722351074219
-9999 -9999 -9999 -9999 -9999 -9999 -0.5680897831916809082 -0.52340388298034667969 -1.4571373462677001953 -1.9182089567184448242 -1.8298414945602416992 -1.0964184999465942383 -0.43869322538375854492 -0.21902966499328613281 0.12100764364004135132 -0.19205765426158905029 -0.7625548243522644043 -1.2662321329116821289 -1.0690920352935791016 -0.97810262441635131836 0.15116983652114868164 -0.52527022361755371094 -1.0643595457077026367 -0.75515663623809814453 -0.30835008621215820313 0.10825392603874206543 0.10411188751459121704 0.46052756905555725098 -0.12756611406803131104 0.0350648537278175354 -0.68156516551971435547 -0.40914711356163024902 -0.36177089810371398926 -0.66115516424179077148 -0.20244048535823822021 -0.16904139518737792969 -0.48620259761810302734 -0.83964884281158447266 -1.1735581159591674805 -0.6470991969108581543 -0.18382437527179718018 -0.21813912689685821533
-9999 -9999 -9999 -9999 -9999 -9999 -0.6187922358512878418 -1.0168414115905761719 -1.7728515863418579102 -1.7464365959167480469 -1.0700153112411499023 -0.39548650383949279785 -0.19370034337043762207 0.39604011178016662598 0.61099171638488769531 -0.36676144599914550781 -0.36235719919204711914 -0.54506474733352661133 -0.88014596700668334961 -0.73436349630355834961 -0.72676384449005126953 -0.87278515100479125977 -0.8026110529899597168 -0.18500164151191711426 0.75776457786560058594 0.10702760517597198486 -0.30791622400283813477 0.24258376657962799072 0.24201557040214538574 0.062620244920253753662 -0.19662949442863464355 0.20108921825885772705 -0.069000020623207092285 -0.08913326263427734375 -0.36756381392478942871 -0.35714942216873168945 0.041334848850965499878 -0.0089728571474552154541 -1.0052942037582397461 -1.124568939208984375 -0.32250472903251647949 -0.054017901420593261719
-9999 -9999 -9999 -9999 -9999 -1.0025448799133300781 -0.79830670356750488281 -1.2784568071365356445 -1.7557893991470336914 -0.81906944513320922852 -0.1933873295783996582 0.3766549229621887207 0.72216457128524780273 0.28267213702201843262 -0.41281265020370483398 -0.28940346837043762207 -0.11264764517545700073 -0.22000780701637268066 -0.41189581155776977539 -0.17984059453010559082 -0.0035577814560383558273 -0.62282800674438476563 -0.24780671298503875732 0.49786198139190673828 0.29534643888473510742 -0.41694417595863342285 -0.33750963211059570313 -0.29151096940040588379 0.25618305802345275879 0.40222951769828796387 0.25027981400489807129 -0.3610432744026184082 -0.54478096961975097656 -0.61915957927703857422 -0.6107972264289855957 -0.14428317546844482422 0.2714367210865020752 0.10671284794807434082 -1.0247757434844970703 -1.2270845174789428711 -0.81843352317810058594 -0.67276370525360107422
-9999 -9999 -9999 -9999 -9999 -1.1417554616928100586 -1.0374857187271118164 -1.1979279518127441406 -1.3086903095245361328 -0.63305610418319702148 -0.1858647465705871582 0.016369322314858436584 0.34846827387809753418 -0.00051709369290620088577 0.054293539375066757202 0.86211150884628295898 0.54201471805572509766 -0.073304399847984313965 -0.39767810702323913574 0.055813007056713104248 0.15865740180015563965 -0.20520672202110290527 -0.15596064925193786621 0.59040880203247070313 0.010104583576321601868 -0.13390851020812988281 0.07578448951244354248 0.095413193106651306152 0.25312370061874389648 0.078380204737186431885 0.11945489048957824707 0.20601959526538848877 -0.092137746512889862061 -0.77281153202056884766 -0.6845836639404296875 -0.51092517375946044922 -0.40593767166137695313 -0.42149323225021362305 -1.085389256477355957 -0.97471392154693603516 -0.80725705623626708984 -0.70746272802352905273
-9999 -9999 -9999 -9999 -9999 -0.89493012428283691406 -0.082456246018409729004 -0.15014848113059997559 -0.96910554170608520508 -0.77134227752685546875 -0.086802087724208831787 0.16899117827415466309 -0.1224908977746963501 -0.17529387772083282471 -0.12686185538768768311 0.47653630375862121582 0.47724464535713195801 0.083811625838279724121 0.1338647305965423584 0.35869401693344116211 0.36675676703453063965 -0.36707618832588195801 -0.3624114990234375 -0.0038836321327835321426 0.24234376847743988037 0.22910067439079284668 0.36703765392303466797 0.55967199802398681641 0.032176580280065536499 -0.070763580501079559326 0.05081896856427192688 0.13774223625659942627 0.11065926402807235718 -0.81874829530715942383 -1.0378056764602661133 -1.0710798501968383789 -0.5044257044792175293 -0.6899287104606628418 -1.0518376827239990234 -0.76953083276748657227 -0.41446816921234130859 -0.0019378721481189131737
-9999 -9999 -9999 -9999 -9999 -1.1781433820724487305 -0.90407907962799072266 0.10490899533033370972 -0.21668623387813568115 -1.1006445884704589844 -0.25247198343276977539 -0.057626783847808837891 0.32503098249435424805 -0.17698560655117034912 -0.3089358210563659668 -0.4390640556812286377 -0.14574074745178222656 -0.19466854631900787354 -0.092965804040431976318 0.89718598127365112305 0.47960326075553894043 -0.28542143106460571289 -0.31456869840621948242 0.22353611886501312256 0.55419909954071044922 0.39452239871025085449 0.028693247586488723755 -0.028762729838490486145 -0.090027309954166412354 0.16714528203010559082 0.55768007040023803711 0.22460359334945678711 -0.61809146404266357422 -0.95467990636825561523 -1.1619775295257568359 -1.2510690689086914063 -1.0042045116424560547 -0.83122050762176513672 -0.67542189359664916992 -0.022871142253279685974 0.24869726598262786865 0.1688849031925201416
-9999 -9999 -9999 -9999 -9999 -1.7019183635711669922 -1.0878938436508178711 -0.53223627805709838867 -0.0317117348313331604 -1.1819391250610351563 -0.90007191896438598633 -0.14545810222625732422 0.024373101070523262024 -0.44265657663345336914 0.048491295427083969116 -0.40426051616668701172 -0.28920084238052368164 -0.069660477340221405029 0.33877333998680114746 1.7517144680023193359 0.49278211593627929688 -0.20911867916584014893 -0.1027547493577003479 -0.17245465517044067383 0.23297643661499023438 -0.093512386083602905273 0.0035455268807709217072 0.44528967142105102539 0.17316417396068572998 0.092822156846523284912 1.2087510824203491211 0.76271486282348632813 -0.97272491455078125 -1.1722103357315063477 -1.2137900590896606445 -1.0697022676467895508 -0.91408586502075195313 -0.84052652120590209961 -0.25182846188545227051 0.62911725044250488281 0.48804268240928649902 0.20217713713645935059
-9999 -9999 -9999 -9999 -9999 -9999 -0.93691056966781616211 -0.4090805351734161377 -0.72173297405242919922 -1.4013924598693847656 -1.0978766679763793945 -0.35689014196395874023 0.3613154292106628418 0.50918030738830566406 0.57745188474655151367 1.1707900762557983398 0.53949785232543945313 0.14135636389255523682 0.44336843490600585938 1.0197420120239257813 0.32565581798553466797 0.13187107443809509277 0.14848829805850982666 0.088624052703380584717 0.41110047698020935059 0.41255921125411987305 0.55643218755722045898 1.0225473642349243164 0.52217870950698852539 0.51572012901306152344 1.0174429416656494141 0.18319663405418395996 -0.86252844333648681641 -1.1899089813232421875 -1.2252187728881835938 -0.95081996917724609375 -0.51821130514144897461 -0.16291797161102294922 0.59890836477279663086 0.68397343158721923828 0.32394772768020629883 0.097979120910167694092
-9999 -9999 -9999 -9999 -9999 -9999 -0.82408511638641357422 -0.33008340001106262207 -0.83783680200576782227 -1.7655847072601318359 -0.77453190088272094727 -0.25074520707130432129 0.53503817319869995117 0.85141801834106445313 1.0290427207946777344 1.3036419153213500977 1.2297141551971435547 1.7575306892395019531 1.1229484081268310547 0.68346130847930908203 -0.053732343018054962158 -0.22926418483257293701 0.10620071738958358765 0.36086344718933105469 0.5684191584587097168 -0.088186658918857574463 -0.32964017987251281738 0.65389591455459594727 0.1673584282398223877 -0.10023437440395355225 -0.3047663271427154541 -0.83320015668869018555 -0.93230545520782470703 -1.117316126823425293 -0.91287642717361450195 -0.2173630446195602417 0.44047725200653076172 0.56753444671630859375 0.92118799686431884766 0.97728508710861206055 0.6360301971435546875 0.81174772977828979492
-9999 -9999 -9999 -9999 -9999 -9999 -9999 -0.51651489734649658203 -1.1062260866165161133 -1.6734764575958251953 -0.23265174031257629395 -0.011811493895947933197 0.14594630897045135498 1.2413069009780883789 0.50756800174713134766 -0.28103879094123840332 1.0466328859329223633 1.8950548171997070313 1.774476170539855957 0.28563517332077026367 -0.88017636537551879883 -0.61708009243011474609 0.2250076979398727417 0.96836388111114501953 0.91882878541946411133 -0.16281636059284210205 -0.16195677220821380615 0.28927734494209289551 0.066493667662143707275 0.024771362543106079102 -0.36637428402900695801 -0.78432959318161010742 -0.66101324558258056641 -0.71296656131744384766 -0.37047600746154785156 0.093018949031829833984 1.1427500247955322266 1.0682481527328491211 0.42293155193328857422 1.2464230060577392578 0.82552284002304077148 0.28764575719833374023
-9999 -9999 -9999 -9999 -9999 -9999 -9999 -1.3502140045166015625 -1.5432512760162353516 -1.266564488410949707 -0.2506103217601776123 0.097381725907325744629 0.29512044787406921387 0.32328084111213684082 -0.32507592439651489258 -0.28057748079299926758 1.1489850282669067383 1.7325476408004760742 1.639081120491027832 0.40496480464935302734 -0.17309583723545074463 -0.27882209420204162598 0.24114489555358886719 1.4705089330673217773 1.3866187334060668945 0.027500214055180549622 0.2676328122615814209 0.24814133346080780029 0.061589553952217102051 -0.34563663601875305176 -0.85178762674331665039 -0.74080634117126464844 -0.37948304414749145508 -0.18451228737831115723 0.18248887360095977783 0.50387209653854370117 0.88214373588562011719 0.62069946527481079102 -0.26678547263145446777 -0.14186266064643859863 -0.41043415665626525879 0.062011759728193283081
-9999 -9999 -9999 -9999 -9999 -9999 -9999 -1.0242273807525634766 -1.1125533580780029297 -1.2418885231018066406 -0.87133049964904785156 0.070354819297790527344 0.19844095408916473389 0.46734532713890075684 -0.20393952727317810059 0.97363764047622680664 1.2592859268188476563 1.5683155059814453125 1.9802782535552978516 0.85909241437911987305 0.19677607715129852295 -0.17064553499221801758 0.55494362115859985352 1.3799942731857299805 1.1835653781890869141 0.59020674228668212891 0.97602784633636474609 0.14887253940105438232 -0.30511495471000671387 -0.7126191258430480957 -0.98577702045440673828 -0.95722889900207519531 -0.95703095197677612305 -0.63533121347427368164 0.065230555832386016846 0.0084543079137802124023 -0.17553971707820892334 -0.58043533563613891602 -0.72228831052780151367 -0.89243489503860473633 -0.41993930935859680176 0.045375276356935501099
-9999 -9999 -9999 -9999 -9999 -9999 -9999 -1.2568677663803100586 -1.0692917108535766602 -1.1463997364044189453 -1.174231410026550293 -0.54293620586395263672 0.083413951098918914795 1.0183404684066772461 0.35543200373649597168 1.2952808141708374023 0.82369208335876464844 1.7090269327163696289 1.7084966897964477539 0.54110491275787353516 -0.11638499796390533447 -0.19215226173400878906 0.52825778722763061523 0.92556184530258178711 0.54282349348068237305 0.37880215048789978027 0.39993047714233398438 -0.13960856199264526367 -0.74774438142776489258 -1.0584189891815185547 -1.224742889404296875 -1.0504286289215087891 -0.887310028076171875 -0.95401304960250854492 -1.032715916633605957 -0.97696858644485473633 -0.68216139078140258789 -0.56104195117950439453 -0.46958014369010925293 -0.46594089269638061523 -0.14717319607734680176 -0.33430075645446777344
-9999 -9999 -9999 -9999 -9999 -9999 -0.80840921401977539063 -0.92031025886535644531 -1.2724280357360839844 -1.4331581592559814453 -1.4937301874160766602 -0.76526790857315063477 -0.06910454481840133667 0.74440997838973999023 0.92423158884048461914 0.56033825874328613281 0.21492734551429748535 0.74344527721405029297 0.68388992547988891602 -0.034490808844566345215 -0.70448392629623413086 -0.42943745851516723633 -0.18353298306465148926 0.35688957571983337402 -0.076599694788455963135 0.24915508925914764404 0.22939500212669372559 -0.42309972643852233887 -0.92630404233932495117 -1.1960586309432983398 -1.4200021028518676758 -1.2836208343505859375 -0.79321044683456420898 -0.64502966403961181641 -0.91727721691131591797 -0.89060181379318237305 -0.63162887096405029297 -0.49870464205741882324 -0.43885907530784606934 0.076859563589096069336 0.26703539490699768066 -0.42324745655059814453
