INPUT/RASTER/ASCII_standard/green.asc
ncols        225
nrows        269
xllcorner    473009.983799999987
yllcorner    4429051.174800000153
cellsize     50.000000000000
NODATA_value  -9999
[rows 144 to 161 of 269, columns 84 to 125 of 225]
-0.6324049830436706543 -0.89319401979446411133 -1.3836054801940917969 -1.4120123386383056641 -1.2383439540863037109 -1.1040613651275634766 -0.6016909480094909668 -0.56335502862930297852 -0.57700103521347045898 -0.58280503749847412109 -0.43678542971611022949 -0.27261748909950256348 -0.25236219167709350586 0.8562310338020324707 1.6332030296325683594 1.9765735864639282227 1.225371241569519043 -0.081283651292324066162 -0.1766761094331741333 -0.40352416038513183594 -0.47454380989074707031 -0.17688399553298950195 -0.29555198550224304199 -0.037783183157444000244 -0.22028869390487670898 -0.30710685253143310547 -0.11907822638750076294 -0.33857595920562744141 -0.5682684779167175293 0.026632446795701980591 0.19553399085998535156 0.041545074433088302612 -0.39871174097061157227 0.24915158748626708984 0.15510223805904388428 -0.53798598051071166992 -0.16325199604034423828 0.10282658785581588745 0.75899267196655273438 1.3223567008972167969 0.56646811962127685547 1.2793146371841430664
-0.44678577780723571777 -0.43304282426834106445 -0.88731819391250610352 -1.3969864845275878906 -1.0665260553359985352 -0.70797717571258544922 -1.0951174497604370117 -1.1793380975723266602 -0.94920527935028076172 -0.65543055534362792969 -0.72057676315307617188 -0.059824813157320022583 1.1503800153732299805 1.8210914134979248047 1.9822123050689697266 1.619190216064453125 0.87510931491851806641 -0.048799619078636169434 -0.46934247016906738281 -0.77721107006072998047 -0.37085735797882080078 0.10372997075319290161 0.10540360957384109497 -0.1810499727725982666 -0.075039349496364593506 -0.25691652297973632813 0.46793162822723388672 0.42570477724075317383 0.24938634037971496582 -0.10107702761888504028 -0.019044442102313041687 0.025542775169014930725 -0.15418307483196258545 -0.65711355209350585938 -0.66691476106643676758 -0.73851430416107177734 -0.2475544363260269165 0.88757163286209106445 1.4868925809860229492 1.6457768678665161133 1.2100124359130859375 1.3753535747528076172
-0.11068786680698394775 -0.81110131740570068359 -1.0539405345916748047 -1.1442829370498657227 -0.0849760398268699646 1.0484256744384765625 -0.037125058472156524658 -1.3063620328903198242 -1.2665417194366455078 -0.68284696340560913086 0.13241358101367950439 1.5887261629104614258 2.9191658496856689453 1.3784111738204956055 0.93430787324905395508 0.02689990215003490448 -0.38876569271087646484 -0.73551154136657714844 -0.72194087505340576172 -0.91153860092163085938 -0.66515409946441650391 -0.62801414728164672852 -0.63855993747711181641 -0.59786128997802734375 -0.58116525411605834961 -0.36565658450126647949 0.51430398225784301758 0.51266539096832275391 0.63040375709533691406 1.1582483053207397461 0.5304114222526550293 0.030135633423924446106 -0.32379645109176635742 -0.33835461735725402832 -0.56426775455474853516 -0.93199360370635986328 -0.2443268895149230957 0.37324109673500061035 0.95102024078369140625 1.3711053133010864258 -0.012533270753920078278 -9999
0.53954285383224487305 -0.66248542070388793945 -1.0224550962448120117 -0.6526088714599609375 0.9719511866569519043 1.4890322685241699219 -0.22305199503898620605 -0.56216025352478027344 -0.55667507648468017578 -0.30724290013313293457 1.2099856138229370117 2.3885455131530761719 1.8770781755447387695 0.060353308916091918945 -0.14614601433277130127 -0.27734991908073425293 -0.98227620124816894531 -0.67672353982925415039 -0.76074278354644775391 -0.71474528312683105469 -0.8846734166145324707 -1.1003905534744262695 -1.0285913944244384766 -0.63354074954986572266 -0.54171866178512573242 0.061542253941297531128 0.51518464088439941406 0.51077806949615478516 0.44506251811981201172 1.029061436653137207 0.88376075029373168945 0.54927861690521240234 0.056517846882343292236 0.085186854004859924316 -0.74983906745910644531 -0.83926224708557128906 -0.28600364923477172852 -0.228224143385887146 -0.22614699602127075195 0.03520091623067855835 0.82410788536071777344 1.9203345775604248047
0.95205444097518920898 -0.068594165146350860596 -0.3547884821891784668 -0.031822688877582550049 0.70008498430252075195 1.3907742500305175781 -0.43261185288429260254 -0.8673350214958190918 -0.77887010574340820313 -0.63897919654846191406 0.43158584833145141602 1.856465458869934082 -0.37218233942985534668 -0.76646327972412109375 -0.88901108503341674805 -1.2697814702987670898 -0.63108932971954345703 -0.77106022834777832031 -0.57092493772506713867 -0.62703663110733032227 -1.1401420831680297852 -1.0846207141876220703 -0.30900821089744567871 -0.22975996136665344238 -0.12798888981342315674 0.66445511579513549805 1.0743120908737182617 1.0603623390197753906 0.69920432567596435547 0.4946034848690032959 0.59924471378326416016 0.67529577016830444336 0.16246016323566436768 -0.67474216222763061523 -0.75925368070602416992 -0.72802984714508056641 -0.18764640390872955322 -0.24912938475608825684 -0.20421223342418670654 0.39026591181755065918 1.007857203483581543 1.7668718099594116211
0.77834808826446533203 -0.27843490242958068848 0.32967111468315124512 -0.14142526686191558838 0.31025323271751403809 0.13208189606666564941 -0.87606704235076904297 -0.92335683107376098633 -1.0183545351028442383 -1.0857682228088378906 -0.27245748043060302734 1.9207280874252319336 -0.016899552196264266968 -1.1081695556640625 -1.2372764348983764648 -0.81410050392150878906 0.04065920412540435791 -0.75734704732894897461 -0.55493080615997314453 -0.78849673271179199219 -1.1396368741989135742 -0.67061126232147216797 0.037979405373334884644 0.26390889286994934082 -0.093822471797466278076 0.31291726231575012207 0.40209463238716125488 1.0950123071670532227 1.2309948205947875977 0.87201786041259765625 0.51667314767837524414 0.35103535652160644531 -0.31217855215072631836 -1.1056321859359741211 -0.70470815896987915039 -0.24725370109081268311 0.17446640133857727051 0.25295433402061462402 0.040919650346040725708 -0.3859322965145111084 -0.36323490738868713379 0.083620086312294006348
0.89195662736892700195 0.82238519191741943359 0.064363375306129455566 -1.0024112462997436523 -0.79156488180160522461 -0.8116245269775390625 -0.85517579317092895508 -0.5902201533317565918 -0.93135416507720947266 0.056801654398441314697 0.61439913511276245117 0.54855746030807495117 -0.86292845010757446289 -1.0636401176452636719 -0.66664791107177734375 0.30743271112442016602 1.0619665384292602539 -0.074872337281703948975 -0.36184915900230407715 -0.3464419245719909668 -0.86214655637741088867 -0.075032927095890045166 0.42890253663063049316 0.83858138322830200195 0.53612607717514038086 0.63379949331283569336 0.30970197916030883789 0.37396577000617980957 0.8721141815185546875 0.80521845817565917969 0.43916684389114379883 -0.040986798703670501709 -0.18474820256233215332 -0.82123655080795288086 -0.61594486236572265625 0.096836306154727935791 1.5009520053863525391 0.99701249599456787109 -0.12269703298807144165 -0.26425457000732421875 -0.68800455331802368164 -0.86911261081695556641
0.14288635551929473877 0.18993379175662994385 -0.45369228720664978027 -1.249121546745300293 -1.298140406608581543 -1.2280778884887695313 -0.88689601421356201172 -0.50691336393356323242 -0.10415800660848617554 1.39527130126953125 0.22940784692764282227 -0.71447491645812988281 -0.32058644294738769531 -0.3959560096263885498 -0.58666616678237915039 0.40979942679405212402 1.1570150852203369141 -0.010054353624582290649 -0.29399165511131286621 -0.1085061877965927124 -0.65207397937774658203 -0.11954306066036224365 0.51342105865478515625 0.31057733297348022461 0.91281163692474365234 1.2805941104888916016 0.50832247734069824219 0.28096756339073181152 0.22377087175846099854 0.34548538923263549805 0.015166945755481719971 -0.3212229609489440918 -0.65996623039245605469 -0.50683045387268066406 -0.39169016480445861816 -0.042864233255386352539 1.4748361110687255859 1.3974027633666992188 0.51910006999969482422 0.28724807500839233398 -0.38584005832672119141 -0.21236783266067504883
-0.089114576578140258789 -0.49245682358741760254 -0.69890767335891723633 -1.2402552366256713867 -1.3244210481643676758 -0.86898183822631835938 -0.37053442001342773438 -0.35462087392807006836 -0.37889790534973144531 0.58025836944580078125 2.141998291015625 0.88090574741363525391 1.5749200582504272461 1.1538867950439453125 0.91987287998199462891 1.0032801628112792969 0.45407304167747497559 -0.36390411853790283203 -0.14525721967220306396 0.011125932447612285614 -0.07453130185604095459 0.22159443795680999756 1.2632995843887329102 0.56680798530578613281 0.64930427074432373047 0.28786239027976989746 0.36110228300094604492 0.28721246123313903809 0.19779799878597259521 0.14894494414329528809 0.10893949121236801147 -0.45377930998802185059 -0.56069099903106689453 0.24009025096893310547 0.46970453858375549316 0.71042633056640625 0.1889918595552444458 0.17312912642955780029 0.45415654778480529785 0.82039040327072143555 0.53197115659713745117 1.8613895177841186523
0.042575765401124954224 -0.08414564281702041626 -0.23384653031826019287 -1.1696298122406005859 -1.0680373907089233398 -0.77197235822677612305 -0.52533447742462158203 -0.037297911942005157471 -0.063905537128448486328 1.2308750152587890625 2.3243541717529296875 2.3871428966522216797 1.6339691877365112305 2.1595661640167236328 1.5008352994918823242 0.57898712158203125 0.55984598398208618164 0.49378243088722229004 0.83081936836242675781 0.9975497126579284668 0.44997188448905944824 0.52085900306701660156 1.3832913637161254883 0.48555266857147216797 0.10577909648418426514 -0.16339974105358123779 0.16189371049404144287 -0.040900371968746185303 -0.014180626720190048218 -0.10653356462717056274 -0.17924962937831878662 -0.83224534988403320313 -0.56744390726089477539 0.89393627643585205078 1.7914822101593017578 1.4175062179565429688 0.62368875741958618164 0.45023524761199951172 0.73897796869277954102 1.9787026643753051758 1.2244876623153686523 1.5313600301742553711
0.55639070272445678711 0.097020253539085388184 -0.36268889904022216797 -0.70828026533126831055 -0.73497021198272705078 -0.69371801614761352539 -0.16631136834621429443 0.59121584892272949219 0.60224509239196777344 2.2237610816955566406 2.7496592998504638672 2.0551350116729736328 1.6022787094116210938 1.6025367975234985352 1.0184952020645141602 0.64106690883636474609 0.41762334108352661133 0.62271416187286376953 0.92973482608795166016 0.95756644010543823242 0.42121353745460510254 0.33876982331275939941 0.69528889656066894531 0.74038589000701904297 0.12979802489280700684 -0.23290809988975524902 -0.059121724218130111694 -0.30315983295440673828 -0.38922351598739624023 -0.67428958415985107422 -0.35500863194465637207 -0.97875255346298217773 -0.26142644882202148438 1.4896757602691650391 2.0016641616821289063 1.7535703182220458984 1.7281013727188110352 1.7177722454071044922 1.697897791862487793 2.1550309658050537109 2.5433304309844970703 2.0972130298614501953
0.28410869836807250977 -0.11789803951978683472 -0.14590133726596832275 -0.33733209967613220215 -0.50016689300537109375 -0.36353328824043273926 -0.1927496492862701416 -0.3050244450569152832 0.92121720314025878906 1.7698009014129638672 2.0398352146148681641 1.3783037662506103516 1.2875912189483642578 1.4308112859725952148 2.1322729587554931641 1.3338853120803833008 0.83394527435302734375 0.61431384086608886719 -0.086210533976554870605 0.012251810170710086823 0.17934831976890563965 0.71406966447830200195 0.64338052272796630859 0.45670437812805175781 0.060047894716262817383 -0.30345767736434936523 -0.26749381422996520996 -0.73798757791519165039 -0.84734022617340087891 -0.76697015762329101563 -0.56195348501205444336 -0.28013131022453308105 0.32382741570472717285 2.9907863140106201172 2.6307518482208251953 2.4312319755554199219 2.3423764705657958984 1.8738372325897216797 1.2088018655776977539 2.4542903900146484375 3.0011377334594726563 2.50704193115234375
1.5214116573333740234 1.1124757528305053711 0.40896141529083251953 -0.099359013140201568604 -0.42414385080337524414 -0.69330865144729614258 -0.60555851459503173828 -0.13266584277153015137 2.2279608249664306641 2.3070478439331054688 1.9719754457473754883 0.36609107255935668945 0.23975740373134613037 0.55315673351287841797 1.5464251041412353516 1.046667933464050293 0.16671840846538543701 -0.010136108845472335815 -0.20741759240627288818 0.18029142916202545166 0.27732947468757629395 0.093149758875370025635 0.076691381633281707764 0.50779223442077636719 0.31669023633003234863 -0.054525364190340042114 -0.14987111091613769531 -0.048467345535755157471 -0.91472530364990234375 -0.67538976669311523438 -0.86355096101760864258 -0.077616952359676361084 0.82163828611373901367 1.7003270387649536133 3.0421049594879150391 3.5388903617858886719 3.2840681076049804688 3.3168132305145263672 2.4476904869079589844 2.9202578067779541016 2.6350510120391845703 1.4395636320114135742
1.1989563703536987305 1.2537342309951782227 0.8706817626953125 0.40551021695137023926 0.0072420034557580947876 -0.3317406773567199707 0.24924910068511962891 1.582907557487487793 3.9169738292694091797 2.5342602729797363281 0.88704431056976318359 0.82346612215042114258 -0.0072752810083329677582 -0.24597482383251190186 0.057329554110765457153 -0.013011535629630088806 0.14024975895881652832 1.0145757198333740234 0.2722466886043548584 0.0064822696149349212646 0.056419160217046737671 0.47620344161987304688 0.43585169315338134766 0.93939942121505737305 0.39183732867240905762 0.62503886222839355469 0.93504363298416137695 0.23146514594554901123 -0.87189114093780517578 -0.69381844997406005859 -0.89003652334213256836 -0.48674920201301574707 0.046171803027391433716 0.090313456952571868896 1.283675074577331543 2.9347436428070068359 3.7390782833099365234 3.2099950313568115234 2.1340913772583007813 1.4600723981857299805 0.70409733057022094727 0.13572464883327484131
1.0931792259216308594 1.3079487085342407227 1.1988985538482666016 0.91965627670288085938 1.5866857767105102539 0.9425837397575378418 0.89772439002990722656 3.1018710136413574219 3.2693662643432617188 1.9464399814605712891 1.1308406591415405273 2.2289104461669921875 0.22694820165634155273 -0.81168699264526367188 -0.79534077644348144531 -0.83936154842376708984 -0.42881378531455993652 0.34640747308731079102 0.49943050742149353027 0.1768694072961807251 0.9226595759391784668 2.1046702861785888672 2.0268723964691162109 1.0330457687377929688 1.9534778594970703125 3.1205484867095947266 2.2708809375762939453 0.20858727395534515381 -0.17753627896308898926 0.022861808538436889648 -0.71233820915222167969 -0.86911785602569580078 -0.49126553535461425781 -0.020528288558125495911 0.39155119657516479492 0.9833208918571472168 2.1999971866607666016 2.6395707130432128906 1.2527666091918945313 0.58727586269378662109 0.073435798287391662598 -0.02652966231107711792
-0.17918772995471954346 0.52786362171173095703 0.70451021194458007813 0.63132232427597045898 2.1676201820373535156 1.4035011529922485352 -0.3084563910961151123 1.7203124761581420898 3.3856856822967529297 1.8527666330337524414 1.9045349359512329102 2.0742013454437255859 1.2325060367584228516 -0.19687651097774505615 -0.5765005946159362793 -0.32999289035797119141 -0.7396214604377746582 -0.50032281875610351563 -0.33811345696449279785 -0.11465939134359359741 0.57475453615188598633 1.0064902305603027344 1.5117740631103515625 0.56408029794692993164 0.98909920454025268555 0.89542537927627563477 0.083601988852024078369 -0.34032842516899108887 0.45827463269233703613 0.53161615133285522461 -0.2831942141056060791 -0.80243766307830810547 -0.62281632423400878906 -0.15576036274433135986 -0.18408949673175811768 0.049303587526082992554 0.81156206130981445313 0.96221071481704711914 0.22586612403392791748 -0.05993226170539855957 -0.15793094038963317871 -0.037582885473966598511
0.035861961543560028076 -0.15839110314846038818 0.40432885289192199707 0.37600380182266235352 1.0855480432510375977 0.9341513514518737793 -0.27240082621574401855 0.37648907303810119629 2.5391399860382080078 1.035254359245300293 0.58200562000274658203 0.29812318086624145508 1.6071676015853881836 1.0268868207931518555 0.93112933635711669922 0.75438344478607177734 -0.071985229849815368652 -0.57544767856597900391 -0.41252416372299194336 -0.63149458169937133789 -0.54098695516586303711 -0.17407339811325073242 -0.28229430317878723145 -0.3580697476863861084 -0.53358000516891479492 -0.72956216335296630859 -0.98772513866424560547 -0.85824102163314819336 0.20254094898700714111 0.34030973911285400391 -0.60256630182266235352 -0.91443562507629394531 -0.79511123895645141602 -0.7330372929573059082 -0.80271208286285400391 -0.67355555295944213867 0.0066265081986784934998 -0.075740106403827667236 -0.074607804417610168457 0.070857025682926177979 0.0057599092833697795868 0.17934423685073852539
0.52590966224670410156 -0.16517439484596252441 0.32058700919151306152 0.44309282302856445313 -0.083191454410552978516 0.53143221139907836914 0.001628381083719432354 0.63109457492828369141 0.23596340417861938477 -0.2882092595100402832 -0.35664197802543640137 -0.74774789810180664063 -0.18163160979747772217 -0.20247495174407958984 0.79610282182693481445 0.663219451904296875 0.50631481409072875977 -0.48178085684776306152 -0.17027063667774200439 -0.11558029800653457642 -0.14015106856822967529 -0.56862992048263549805 -0.70465677976608276367 -0.13655969500541687012 -0.60375583171844482422 -0.74083846807479858398 -0.76894104480743408203 -0.8201427459716796875 -0.26293423771858215332 -0.24263748526573181152 -1.2886557579040527344 -1.2800219058990478516 -1.0191942453384399414 -0.94985228776931762695 -0.59133028984069824219 -0.29001078009605407715 -0.18160298466682434082 0.039310835301876068115 -0.089178808033466339111 0.067621290683746337891 0.08261976391077041626 0.10570026189088821411
