INPUT/RASTER/ASCII_standard/green.asc
ncols        225
nrows        269
xllcorner    473009.983799999987
yllcorner    4429051.174800000153
cellsize     50.000000000000
NODATA_value  -9999
[rows 162 to 179 of 269, columns 84 to 125 of 225]
0.71307110786437988281 0.54902869462966918945 0.54473888874053955078 0.26624938845634460449 0.85997360944747924805 -0.43978640437126159668 -0.011971499770879745483 -0.55382126569747924805 -0.75633037090301513672 -0.57946944236755371094 -0.31398183107376098633 -0.84481924772262573242 -1.0319713354110717773 -1.1166043281555175781 -0.92335683107376098633 -0.52385115623474121094 0.59165674448013305664 0.44597759842872619629 0.46582993865013122559 -0.0020435692276805639267 -0.36174812912940979004 -0.67118352651596069336 -0.40474230051040649414 -0.14508496224880218506 -0.42802250385284423828 -0.73198848962783813477 -0.57132899761199951172 -0.19275841116905212402 -0.41064497828483581543 -0.93204146623611450195 -1.3117835521697998047 -1.0791028738021850586 -1.0624593496322631836 -1.1710388660430908203 -0.44628998637199401855 -0.23911561071872711182 -0.47528076171875 0.21440880000591278076 0.087481826543807983398 0.12849402427673339844 0.058168124407529830933 0.050375156104564666748
0.09897594153881072998 0.55583417415618896484 0.5830059051513671875 0.09641351550817489624 1.802845001220703125 0.83886575698852539063 0.4358622133731842041 -0.58653008937835693359 -0.84342825412750244141 -0.46427893638610839844 0.095514215528964996338 -0.24628666043281555176 -0.85250532627105712891 -1.0282082557678222656 -0.43901675939559936523 -0.50115787982940673828 -0.38168573379516601563 0.42033350467681884766 -0.13128010928630828857 -0.63929861783981323242 -1.068093419075012207 -0.63634729385375976563 -0.18827533721923828125 -0.34774997830390930176 -0.47426524758338928223 -0.62753415107727050781 -0.1130085289478302002 -0.024840259924530982971 -0.5888805389404296875 -1.1071131229400634766 -0.9263846278190612793 -0.85232782363891601563 -0.93950682878494262695 -0.96969300508499145508 -0.6275615692138671875 -0.33304175734519958496 -0.84709435701370239258 -0.12809751927852630615 -0.030806595459580421448 0.10701826214790344238 0.078638896346092224121 0.03534223511815071106
0.19280514121055603027 0.2357082068920135498 0.43091955780982971191 0.21837271749973297119 1.5149390697479248047 2.4627261161804199219 1.0459005832672119141 -0.37552437186241149902 -1.0661821365356445313 0.28657242655754089355 0.80598056316375732422 0.29808580875396728516 -0.31660848855972290039 -1.1020723581314086914 -0.47163158655166625977 -1.2104294300079345703 -1.4715057611465454102 -0.87303626537322998047 -0.64697480201721191406 -1.0981563329696655273 -0.79635161161422729492 0.32748067378997802734 0.078999787569046020508 -0.49935048818588256836 -0.60963749885559082031 -0.56119263172149658203 -0.10306366533041000366 -0.16552302241325378418 -0.72664874792098999023 -0.65278464555740356445 -0.55015105009078979492 -1.0155427455902099609 -0.67068189382553100586 -0.94374233484268188477 -1.1771085262298583984 -0.79083955287933349609 -0.68309456110000610352 -0.61611247062683105469 -0.27589702606201171875 -0.16241751611232757568 0.29271513223648071289 0.52805978059768676758
1.2044414281845092773 0.85327208042144775391 0.87166219949722290039 0.71344774961471557617 0.81638383865356445313 1.4652708768844604492 1.7126801013946533203 -0.27313897013664245605 -0.49827075004577636719 0.95264893770217895508 0.94053345918655395508 0.19677315652370452881 0.25383028388023376465 -0.2858237922191619873 -1.0005757808685302734 -1.5135878324508666992 -1.3331161737442016602 -0.14033326506614685059 -0.80988025665283203125 -1.2921477556228637695 -0.20825441181659698486 0.98539340496063232422 0.26474159955978393555 -0.23420040309429168701 -0.37629577517509460449 -0.47776260972023010254 -0.41711470484733581543 -0.84495294094085693359 -0.66046255826950073242 -0.40176117420196533203 -0.19689169526100158691 -0.91449576616287231445 -0.37273010611534118652 -0.44867488741874694824 -0.749874114990234375 -0.92611366510391235352 -0.64550262689590454102 -0.34617561101913452148 -0.48332482576370239258 -0.50481462478637695313 0.08464727550745010376 0.37642076611518859863
1.5612671375274658203 2.0660259723663330078 1.234688878059387207 1.2992020845413208008 0.93051677942276000977 0.58493477106094360352 1.2909729480743408203 0.22084404528141021729 0.43101647496223449707 0.80151790380477905273 0.70876848697662353516 0.029260274022817611694 0.009898444637656211853 -0.41248270869255065918 -1.2391515970230102539 -1.5564697980880737305 -0.90499997138977050781 0.10806822031736373901 -0.84362387657165527344 -1.00070953369140625 -0.060550678521394729614 0.33458340167999267578 0.063907884061336517334 -0.22103498876094818115 -0.58597767353057861328 -0.82794451713562011719 -0.51545500755310058594 -0.54825961589813232422 -0.70199918746948242188 -0.3427092134952545166 -0.40156087279319763184 -0.85511040687561035156 -0.50756335258483886719 -0.39230275154113769531 -0.83131510019302368164 -1.2889267206192016602 -0.86759668588638305664 -0.26816070079803466797 -0.30286729335784912109 -0.42043042182922363281 -0.37387001514434814453 -0.33875989913940429688
0.88190954923629760742 1.7741397619247436523 1.8709489107131958008 1.5109599828720092773 1.1131472587585449219 -0.22879993915557861328 -0.10769155621528625488 1.0136296749114990234 0.77519702911376953125 0.80688977241516113281 0.69299274682998657227 0.57271122932434082031 -0.35148265957832336426 -1.0161495208740234375 -1.3635843992233276367 -1.3153830766677856445 -0.18348860740661621094 -0.29466494917869567871 -0.78670573234558105469 -0.77596610784530639648 -0.10631983727216720581 0.053574681282043457031 0.096011750400066375732 -0.18636462092399597168 -0.92099177837371826172 -1.0264849662780761719 0.14757147431373596191 0.43441572785377502441 -0.84992831945419311523 -0.79464876651763916016 -0.56671160459518432617 -0.23478728532791137695 -0.21001680195331573486 -0.99240678548812866211 -1.1873290538787841797 -1.2985463142395019531 -0.74076896905899047852 -0.29013225436210632324 0.047576230019330978394 0.11706531792879104614 -0.022215938195586204529 -0.052840635180473327637
0.32290476560592651367 0.56270158290863037109 1.4041037559509277344 1.620926976203918457 0.92089426517486572266 -0.57212787866592407227 -0.48283839225769042969 0.79118764400482177734 0.82559758424758911133 0.62075084447860717773 0.68360614776611328125 0.45176288485527038574 -0.3210652768611907959 -0.59825313091278076172 -0.39565059542655944824 -0.29057723283767700195 -0.030488921329379081726 -0.88686740398406982422 -0.83657193183898925781 -0.49853995442390441895 -0.47446906566619873047 -0.27145656943321228027 -0.092786528170108795166 -0.17657391726970672607 -0.62737762928009033203 -0.36890515685081481934 0.74460971355438232422 0.85059404373168945313 -0.43426331877708435059 -1.1421333551406860352 -0.27809095382690429688 0.19082842767238616943 0.45340383052825927734 -0.72111749649047851563 -1.26923370361328125 -0.80905628204345703125 -0.42307811975479125977 -0.53263574838638305664 -0.13727563619613647461 0.26781615614891052246 0.40853804349899291992 0.72530686855316162109
0.41649451851844787598 0.42100387811660766602 1.0372246503829956055 1.0036678314208984375 0.0069044739939272403717 -0.58256036043167114258 -0.4373162686824798584 0.27315065264701843262 0.76189672946929931641 0.54641664028167724609 2.0861995220184326172 1.6500561237335205078 0.60396021604537963867 0.41701775789260864258 -0.11161402612924575806 0.33049452304840087891 -0.24494414031505584717 -0.66633665561676025391 -0.70751059055328369141 -0.44884890317916870117 -0.15522603690624237061 -0.25868299603462219238 -0.14624236524105072021 -0.20066116750240325928 -0.91832423210144042969 -0.20616674423217773438 1.0558886528015136719 1.1022580862045288086 0.51102447509765625 -0.40206134319305419922 0.10330543667078018188 0.53864467144012451172 0.53676551580429077148 0.18049581348896026611 -0.83635526895523071289 -0.91048806905746459961 -0.63422983884811401367 -0.4534645378589630127 -0.078071862459182739258 0.23726154863834381104 0.21507684886455535889 0.26489520072937011719
0.25948303937911987305 0.45162332057952880859 -0.002990170847624540329 -0.25617253780364990234 -0.11916932463645935059 -0.94555318355560302734 -0.4422816932201385498 -0.18866483867168426514 0.46583753824234008789 1.3972824811935424805 2.0755422115325927734 1.4815878868103027344 1.4641653299331665039 1.681980133056640625 0.46737745404243469238 0.73921215534210205078 0.10002940893173217773 -0.55302125215530395508 -0.86333137750625610352 -1.0302404165267944336 -0.72273039817810058594 -0.40497353672981262207 -0.25593078136444091797 -0.56869536638259887695 -0.94473564624786376953 -0.23791499435901641846 0.867328643798828125 1.0143696069717407227 0.82353091239929199219 0.4643122255802154541 0.24741780757904052734 0.75006157159805297852 0.60212367773056030273 0.49287962913513183594 0.1764039844274520874 -0.38049912452697753906 -0.5286133885383605957 -0.53432804346084594727 -0.52140611410140991211 -0.0064402157440781593323 -0.15874323248863220215 -0.22068403661251068115
-0.12149348855018615723 0.12304158508777618408 0.35320243239402770996 0.23108614981174468994 0.014625613577663898468 -0.74525672197341918945 -0.49740239977836608887 -0.034801475703716278076 -0.092560529708862304688 1.2368209362030029297 1.0664426088333129883 0.20007078349590301514 1.1320203542709350586 1.2356857061386108398 0.49150440096855163574 -0.14367118477821350098 -0.14030756056308746338 -0.62380319833755493164 -0.99577504396438598633 -0.92374455928802490234 -0.44433081150054931641 -0.23138220608234405518 -0.067279085516929626465 -0.1763105541467666626 -0.65131771564483642578 0.53366410732269287109 1.2679070234298706055 1.6311018466949462891 1.2288072109222412109 0.59206956624984741211 0.43645083904266357422 0.89137089252471923828 0.63937050104141235352 0.83528196811676025391 0.95188277959823608398 0.46558934450149536133 -0.10353258252143859863 -0.59237092733383178711 -0.65676140785217285156 0.032134532928466796875 -0.040034942328929901123 -0.60271871089935302734
-0.013879885897040367126 0.32453811168670654297 0.61692065000534057617 0.049608998000621795654 0.040790595114231109619 -0.24775239825248718262 -0.33414486050605773926 -0.039556674659252166748 -0.16809245944023132324 0.14316606521606445313 0.2104892432689666748 0.31377628445625305176 1.1958432197570800781 0.38302126526832580566 -0.25583386421203613281 -0.69809949398040771484 -0.68476474285125732422 -0.37716645002365112305 -0.70425385236740112305 -0.38806203007698059082 -0.30543553829193115234 -0.11415367573499679565 -0.15168079733848571777 -0.012212675996124744415 -0.55038058757781982422 0.00050016737077385187149 0.91730111837387084961 2.2554140090942382813 2.0359811782836914063 1.1206833124160766602 1.0998072624206542969 0.97602605819702148438 0.72460669279098510742 0.6571941375732421875 0.65941846370697021484 0.70815587043762207031 0.60936826467514038086 -0.21621789038181304932 -0.98805332183837890625 -0.17169199883937835693 -0.46230748295783996582 -0.99809396266937255859
0.11111474782228469849 0.69449758529663085938 1.1911435127258300781 0.11672312021255493164 -0.47269439697265625 -0.7463563084602355957 -0.5018609166145324707 -0.18895390629768371582 0.23576834797859191895 0.28884345293045043945 -0.02553167194128036499 0.48048037290573120117 0.9210122227668762207 0.52575141191482543945 -0.41664811968803405762 -0.54081350564956665039 -0.43053236603736877441 -0.36115831136703491211 -0.38685846328735351563 -0.08956422656774520874 -0.37543794512748718262 -0.22779726982116699219 -0.17908728122711181641 -0.045074529945850372314 -0.57367187738418579102 -0.21336349844932556152 0.0074732522480189800262 1.9057729244232177734 2.4645400047302246094 1.0977388620376586914 1.3299173116683959961 1.0727137327194213867 0.96350824832916259766 0.30774044990539550781 0.52024233341217041016 0.76674067974090576172 1.1598490476608276367 0.3401514887809753418 -0.60061413049697875977 -0.65636080503463745117 -0.51541000604629516602 -1.1620756387710571289
1.0656092166900634766 1.5758848190307617188 0.69812285900115966797 -0.037320103496313095093 -0.66126435995101928711 -0.25707593560218811035 0.20598982274532318115 0.5978940129280090332 0.61622458696365356445 0.42020851373672485352 0.43814373016357421875 0.62952369451522827148 -0.19032095372676849365 -0.3855381309986114502 -0.26598426699638366699 0.24501830339431762695 0.18826133012771606445 -0.061749551445245742798 0.16419978439807891846 0.32104718685150146484 -0.29807412624359130859 -0.22236000001430511475 -0.11196966469287872314 -0.10251007229089736938 -0.15266770124435424805 1.0948482751846313477 0.89819276332855224609 1.4323920011520385742 2.0859086513519287109 0.89348310232162475586 0.59404456615447998047 0.38264638185501098633 0.59266698360443115234 0.44422101974487304688 0.62702786922454833984 0.48972856998443603516 0.99372363090515136719 0.086494930088520050049 -0.056598424911499023438 -0.7598896026611328125 -0.6008593440055847168 -0.84972101449966430664
0.77010780572891235352 0.87360095977783203125 0.74626928567886352539 -0.10337433218955993652 0.032503012567758560181 -0.3074601292610168457 -0.13788354396820068359 0.38309660553932189941 -0.68543571233749389648 -0.29774594306945800781 0.61128836870193481445 1.1649726629257202148 1.1366866827011108398 0.30935043096542358398 0.90332520008087158203 1.9606535434722900391 0.63039851188659667969 0.14584586024284362793 -0.013939450494945049286 -0.18685221672058105469 -0.040562842041254043579 -0.01415084395557641983 -0.2027260512113571167 -0.52852112054824829102 0.37663039565086364746 1.239470362663269043 1.054264068603515625 1.3713148832321166992 1.6412909030914306641 0.92814940214157104492 0.60213416814804077148 0.67065799236297607422 1.0474305152893066406 0.99577158689498901367 0.78334796428680419922 0.75894302129745483398 0.46474084258079528809 -0.058407541364431381226 -0.75630348920822143555 -1.0884730815887451172 -1.2337960004806518555 -1.0179322957992553711
1.1177675724029541016 0.41154778003692626953 -0.018747206777334213257 0.11451924592256546021 1.0239301919937133789 0.7676054835319519043 -0.096631325781345367432 0.24639236927032470703 -0.42137879133224487305 -0.0569172687828540802 0.27560329437255859375 1.0678691864013671875 1.483956456184387207 0.43817409873008728027 0.65875393152236938477 0.86305344104766845703 0.086314484477043151855 -0.18163102865219116211 -0.79960954189300537109 -0.51420295238494873047 -0.10000429302453994751 -0.011225196532905101776 -0.2979888617992401123 -0.79432755708694458008 0.09496237337589263916 -0.016849914565682411194 -0.17394667863845825195 0.82736170291900634766 0.88715940713882446289 0.87380707263946533203 0.90706777572631835938 1.0125201940536499023 1.1902873516082763672 1.1832833290100097656 1.0766636133193969727 1.2036706209182739258 0.88539582490921020508 -0.22867964208126068115 -0.99678528308868408203 -1.1924568414688110352 -1.3758447170257568359 -1.4140503406524658203
0.62444555759429931641 1.1016736030578613281 0.88949757814407348633 -0.23369762301445007324 1.3756070137023925781 0.72703129053115844727 0.81809777021408081055 0.79767429828643798828 -0.10347594320774078369 -0.62438893318176269531 -0.0087112421169877052307 0.42201763391494750977 0.051771409809589385986 -0.094937838613986968994 -0.46259886026382446289 -0.56639742851257324219 -0.84884041547775268555 -1.095523834228515625 -0.87336444854736328125 -0.642120361328125 -0.0089845359325408935547 -0.12260010093450546265 -0.48954111337661743164 -0.062231902033090591431 0.30391842126846313477 0.7027670741081237793 -0.096480078995227813721 0.22928579151630401611 0.54345887899398803711 0.94187426567077636719 1.1909846067428588867 1.3706842660903930664 0.96042847633361816406 1.1940294504165649414 1.2319197654724121094 0.98273169994354248047 0.67864364385604858398 -0.63235121965408325195 -1.162400364875793457 -1.1877728700637817383 -1.1510061025619506836 -1.0840793848037719727
0.37960976362228393555 0.91672241687774658203 0.44506311416625976563 0.67953652143478393555 1.9593349695205688477 0.80514138936996459961 0.29057490825653076172 1.0105609893798828125 0.35072177648544311523 -0.10750702768564224243 -0.030004233121871948242 0.018124127760529518127 -0.30420279502868652344 0.55050492286682128906 -0.32258123159408569336 -1.2066324949264526367 -1.5169712305068969727 -1.538433074951171875 -1.0196701288223266602 -0.55311405658721923828 0.020646842196583747864 -0.27308174967765808105 0.50379210710525512695 0.97974532842636108398 0.53954285383224487305 0.74090969562530517578 0.62081509828567504883 0.86963003873825073242 1.2223352193832397461 1.0061497688293457031 1.4840755462646484375 2.3170359134674072266 1.8670632839202880859 1.1880339384078979492 1.1177494525909423828 1.0101697444915771484 0.56848627328872680664 -0.74901449680328369141 -1.0784815549850463867 -1.1066968441009521484 -0.98802644014358520508 -0.39073538780212402344
0.41442146897315979004 0.51267886161804199219 -0.19871306419372558594 0.90714722871780395508 1.7562471628189086914 1.0687036514282226563 0.43594864010810852051 1.1367690563201904297 0.74130213260650634766 0.27383562922477722168 0.032949160784482955933 -0.43296164274215698242 -0.15802963078022003174 0.87093693017959594727 0.2262258380651473999 -0.54708641767501831055 -1.4230457544326782227 -1.4239461421966552734 -1.1101468801498413086 -0.64591199159622192383 -0.36298903822898864746 -0.17053808271884918213 1.2281439304351806641 1.2602658271789550781 0.55747103691101074219 0.56738847494125366211 1.4626436233520507813 1.4568951129913330078 1.321408390998840332 0.65407693386077880859 1.0809102058410644531 2.2629680633544921875 2.3775997161865234375 1.2738219499588012695 0.995128631591796875 0.89756089448928833008 0.35107332468032836914 -0.99422115087509155273 -0.8917236328125 -0.85778671503067016602 -0.90906375646591186523 -0.015399354510009288788
