INPUT/RASTER/ASCII_standard/ndvi.asc
ncols        225
nrows        269
xllcorner    473009.983799999987
yllcorner    4429051.174800000153
cellsize     50.000000000000
NODATA_value  -9999
[rows 133 to 151 of 269, columns 168 to 209 of 225]
0.24217027425765991211 0.39578008651733398438 1.3004324436187744141 0.98568743467330932617 0.4543119966983795166 0.75589549541473388672 1.2322652339935302734 0.4438253939151763916 0.37880572676658630371 0.8198121190071105957 0.59315007925033569336 0.83698052167892456055 1.1970820426940917969 0.76250445842742919922 1.0437031984329223633 1.2250961065292358398 1.9151465892791748047 1.1735121011734008789 0.98274397850036621094 1.0105521678924560547 1.0207601785659790039 1.1768845319747924805 0.82798868417739868164 0.81751310825347900391 1.8691803216934204102 1.2788243293762207031 1.1764215230941772461 1.7684173583984375 2.0079832077026367188 1.7209007740020751953 1.7514377832412719727 1.561173558235168457 1.021729588508605957 0.13803350925445556641 0.64316105842590332031 0.84444689750671386719 1.6660364866256713867 -9999 -9999 -9999 -9999 -9999
0.22078460454940795898 0.37046024203300476074 0.83090472221374511719 0.93772023916244506836 0.3183841407299041748 0.85040640830993652344 0.85863959789276123047 -0.34388881921768188477 0.15550884604454040527 0.54247212409973144531 0.55355191230773925781 1.2231932878494262695 1.3441700935363769531 0.72101897001266479492 1.7063052654266357422 1.1834151744842529297 0.43494147062301635742 0.68717789649963378906 0.52007955312728881836 0.79772877693176269531 1.2808842658996582031 1.3423029184341430664 0.61072862148284912109 1.3014180660247802734 2.1899673938751220703 1.6932365894317626953 1.2532211542129516602 1.5432883501052856445 1.9919006824493408203 1.5887507200241088867 1.7055542469024658203 1.397599339485168457 1.3165225982666015625 0.4744739234447479248 1.425571441650390625 1.2580193281173706055 0.39887443184852600098 0.79844450950622558594 0.5772101283073425293 0.45293268561363220215 -9999 -9999
0.15732993185520172119 0.18563938140869140625 0.41043367981910705566 0.42576527595520019531 -1.0868180990219116211 0.17211839556694030762 0.80999487638473510742 -0.45245653390884399414 0.54039442539215087891 0.73237472772598266602 0.78535276651382446289 1.9223592281341552734 1.495625615119934082 0.81900948286056518555 2.0502097606658935547 1.1073000431060791016 0.49352154135704040527 0.72384566068649291992 1.1136260032653808594 1.2481491565704345703 1.0868421792984008789 1.1649318933486938477 1.0842883586883544922 1.3108597993850708008 2.2344582080841064453 2.0134479999542236328 1.2814782857894897461 1.8709946870803833008 1.8736935853958129883 1.5086938142776489258 1.7122902870178222656 1.5659700632095336914 1.2075215578079223633 0.36163550615310668945 1.5533161163330078125 1.2158418893814086914 0.72599697113037109375 0.7895291447639465332 0.47751903533935546875 -0.1781679689884185791 -1.3124120235443115234 -9999
-0.03227253258228302002 -0.16100296378135681152 -0.53016388416290283203 -1.2033879756927490234 -1.3095377683639526367 0.43581482768058776855 1.2508673667907714844 -0.083684518933296203613 0.36606672406196594238 0.96723115444183349609 1.0565545558929443359 0.8772284388542175293 1.2395360469818115234 1.2517001628875732422 1.1080814599990844727 0.71057975292205810547 -0.18482644855976104736 -0.26521411538124084473 -0.17152544856071472168 0.93809026479721069336 1.3050723075866699219 1.3091225624084472656 1.376073002815246582 1.5383535623550415039 2.1445279121398925781 2.2700939178466796875 2.1372377872467041016 1.7301481962203979492 1.4557574987411499023 1.4906641244888305664 1.8530917167663574219 1.8673225641250610352 0.98243916034698486328 0.32613804936408996582 1.1534774303436279297 0.70521938800811767578 0.74766314029693603516 0.68816596269607543945 0.40968471765518188477 -0.1008510887622833252 -0.67490100860595703125 -9999
0.26816263794898986816 -0.3812008202075958252 -0.88609790802001953125 -1.1868543624877929688 -0.78915882110595703125 0.32410010695457458496 0.46971744298934936523 0.10361866652965545654 0.27486276626586914063 0.32733431458473205566 0.27191951870918273926 -0.59922635555267333984 1.164774775505065918 1.7688055038452148438 1.3265420198440551758 1.1004168987274169922 -0.69092708826065063477 -1.3389476537704467773 -0.40167069435119628906 0.95602935552597045898 1.0341211557388305664 1.1137731075286865234 1.3061549663543701172 2.1991152763366699219 2.2566809654235839844 2.3866591453552246094 2.3156180381774902344 2.1011929512023925781 1.3307001590728759766 1.0360993146896362305 1.991694331169128418 2.16181182861328125 1.1489977836608886719 0.80008620023727416992 1.1335694789886474609 0.66353374719619750977 0.79878026247024536133 0.9675388336181640625 0.55002492666244506836 0.0971070900559425354 -0.43360033631324768066 -1.6730202436447143555
0.03222545236349105835 -0.071105778217315673828 -0.1387122422456741333 -0.66312128305435180664 -0.88452243804931640625 0.061463776975870132446 0.11456513404846191406 0.70694488286972045898 0.77728980779647827148 0.22236634790897369385 0.66618555784225463867 -0.33637398481369018555 1.0396682024002075195 1.3538501262664794922 1.1205977201461791992 1.2795026302337646484 -0.74318027496337890625 -1.1402949094772338867 0.88106358051300048828 1.8421729803085327148 1.2825372219085693359 1.3070840835571289063 1.4385254383087158203 2.1595716476440429688 2.1383278369903564453 2.2586586475372314453 1.6987575292587280273 1.4722357988357543945 1.9909155368804931641 1.5407675504684448242 1.9645067453384399414 2.0871610641479492188 1.2551763057708740234 1.1140884160995483398 1.0385316610336303711 0.92436629533767700195 0.51669454574584960938 0.4561831057071685791 -0.048449732363224029541 -0.048596385866403579712 -0.066947951912879943848 -0.65530133247375488281
0.16176560521125793457 0.48421365022659301758 0.7181155085563659668 0.55023181438446044922 -0.48126825690269470215 -0.76439702510833740234 -0.74645215272903442383 0.37632679939270019531 0.40530169010162353516 0.64405065774917602539 0.88595575094223022461 0.1907949596643447876 0.81395471096038818359 0.91471898555755615234 0.81062728166580200195 0.88209092617034912109 0.37514260411262512207 0.51874059438705444336 0.72900122404098510742 1.501308441162109375 1.4905358552932739258 1.4944336414337158203 1.3340076208114624023 1.9377613067626953125 2.1637046337127685547 1.5273756980895996094 1.3281636238098144531 1.1929035186767578125 1.8894841670989990234 1.2868944406509399414 1.5918660163879394531 1.5431296825408935547 1.2920010089874267578 1.2330451011657714844 0.70259326696395874023 0.50302451848983764648 0.54841595888137817383 0.55693328380584716797 -0.06123038753867149353 -0.0034657847136259078979 0.31565928459167480469 -0.18996736407279968262
0.72637277841567993164 0.99679523706436157227 0.44207343459129333496 0.32301858067512512207 0.57926666736602783203 0.11129140853881835938 -0.19449652731418609619 0.15398524701595306396 0.53361177444458007813 0.98675537109375 0.4726842343807220459 0.31778180599212646484 0.41338217258453369141 -0.070071883499622344971 0.68899947404861450195 0.57540792226791381836 0.32716172933578491211 0.26400899887084960938 1.2498146295547485352 1.7581071853637695313 1.6095788478851318359 1.3804876804351806641 1.9835934638977050781 2.2164561748504638672 2.0475835800170898438 1.029013514518737793 1.0644904375076293945 0.43947875499725341797 1.6246892213821411133 1.4711270332336425781 0.79189389944076538086 0.98166817426681518555 1.1869862079620361328 0.83731180429458618164 0.2498210221529006958 0.50175315141677856445 0.84219974279403686523 0.84854030609130859375 0.28424111008644104004 0.25643709301948547363 0.17404869198799133301 -0.00015460983559023588896
0.41786706447601318359 0.90390765666961669922 -0.16311134397983551025 -0.52336239814758300781 0.70230364799499511719 0.85124075412750244141 0.63283812999725341797 0.52163666486740112305 0.24640902876853942871 0.51737070083618164063 -0.03818860277533531189 -0.16047738492488861084 0.41883236169815063477 0.052422206848859786987 0.28379014134407043457 -0.3534075319766998291 -0.70185631513595581055 -0.17708510160446166992 0.49044266343116760254 1.709588170051574707 1.8013898134231567383 1.590733647346496582 1.8204094171524047852 1.6431494951248168945 0.95592772960662841797 0.60563194751739501953 1.2232812643051147461 0.44288027286529541016 1.692019343376159668 1.8206984996795654297 0.74044555425643920898 1.0968689918518066406 0.80666381120681762695 0.51169109344482421875 0.030679069459438323975 0.16903741657733917236 0.54567676782608032227 0.35192823410034179688 0.45291617512702941895 0.39933034777641296387 0.057805091142654418945 0.1785367429256439209
-0.74590849876403808594 -1.0125968456268310547 -1.5850591659545898438 -1.4006357192993164063 -1.1827471256256103516 0.15855316817760467529 1.0872480869293212891 1.2934381961822509766 0.078343592584133148193 -0.23333762586116790771 0.27103883028030395508 0.18657323718070983887 0.32215514779090881348 -0.0625154152512550354 -0.034143909811973571777 -0.6612103581428527832 -1.1938315629959106445 -1.0803632736206054688 -1.0494366884231567383 -0.032136619091033935547 0.78937834501266479492 1.0038727521896362305 0.94327878952026367188 1.2729201316833496094 0.96115744113922119141 0.85262215137481689453 1.5122648477554321289 0.57828700542449951172 1.4446429014205932617 1.6544877290725708008 0.86674338579177856445 1.2417420148849487305 0.21951711177825927734 0.065687596797943115234 -0.28567588329315185547 -0.25610497593879699707 -0.39476105570793151855 -0.20754481852054595947 -0.32891154289245605469 -0.36458259820938110352 -0.036868479102849960327 -0.091736197471618652344
-1.2418031692504882813 -1.7811700105667114258 -1.8567137718200683594 -1.6502779722213745117 -1.2370343208312988281 0.24050132930278778076 1.2593145370483398438 1.3709443807601928711 0.32205668091773986816 -0.67873489856719970703 -0.56549793481826782227 -0.23930214345455169678 0.072929807007312774658 -0.87341594696044921875 -0.37961173057556152344 -1.033350825309753418 -1.2095104455947875977 0.062553182244300842285 -0.21611867845058441162 -0.70442688465118408203 -0.77518975734710693359 -0.11239097267389297485 0.60280710458755493164 1.1140046119689941406 1.2865785360336303711 0.82340872287750244141 1.4076757431030273438 0.94002002477645874023 1.6004383563995361328 1.7731919288635253906 0.79287046194076538086 0.82469063997268676758 0.0086439391598105430603 -0.62694656848907470703 -0.50253558158874511719 -0.48685541749000549316 -0.39913153648376464844 0.014533556066453456879 -0.5417506098747253418 -0.64305830001831054688 -0.10912143439054489136 0.020519282668828964233
0.69722926616668701172 -0.31631287932395935059 -0.55352067947387695313 -0.69537979364395141602 -0.93855106830596923828 0.01913526095449924469 0.92080187797546386719 1.203370213508605957 0.49395075440406799316 -1.005553126335144043 -0.94371873140335083008 -0.61489713191986083984 -0.6561616063117980957 -0.83782738447189331055 -0.7935059666633605957 -1.2261645793914794922 -1.2690719366073608398 0.42338141798973083496 0.99305617809295654297 0.59307098388671875 0.1975749582052230835 0.47875273227691650391 0.082932204008102416992 0.89406555891036987305 1.8048062324523925781 1.2540508508682250977 1.135684967041015625 1.4598286151885986328 1.9401464462280273438 1.9448974132537841797 0.89686608314514160156 0.38860440254211425781 -0.14144571125507354736 -1.0592193603515625 -0.86601006984710693359 -0.71570384502410888672 -0.89200764894485473633 -0.80260491371154785156 -0.69231110811233520508 -0.64426952600479125977 -0.34913864731788635254 0.24859307706356048584
0.3413028419017791748 0.26466971635818481445 0.62516903877258300781 0.86608922481536865234 0.18248742818832397461 -0.84229052066802978516 0.25756001472473144531 1.1769175529479980469 0.51245552301406860352 -0.86299431324005126953 -0.4839999079704284668 -0.54530692100524902344 -1.3018532991409301758 -0.63188767433166503906 -0.52096021175384521484 -0.25847023725509643555 0.066201135516166687012 0.988506317138671875 1.3421552181243896484 1.20960235595703125 0.32807725667953491211 0.042767580598592758179 -0.32848754525184631348 0.15932045876979827881 1.6244833469390869141 1.1275599002838134766 1.1691837310791015625 1.6980766057968139648 1.9510426521301269531 1.6925175189971923828 1.4459617137908935547 0.33758968114852905273 -0.3502877652645111084 -1.2397354841232299805 -1.2927500009536743164 -1.403735041618347168 -1.5118477344512939453 -1.1526337862014770508 -0.94460332393646240234 -0.39892047643661499023 -0.45753800868988037109 -0.22553525865077972412
1.4572439193725585938 1.1311156749725341797 1.3026326894760131836 0.95958065986633300781 0.14428949356079101563 -1.4735480546951293945 -0.4859053194522857666 0.30572211742401123047 -0.45946252346038818359 -0.99758005142211914063 0.016876047477126121521 -0.17284975945949554443 -1.2208832502365112305 -1.0382131338119506836 -0.74010711908340454102 0.21024116873741149902 1.4538562297821044922 1.2057983875274658203 1.5658365488052368164 0.95499467849731445313 0.29198613762855529785 0.01540010794997215271 0.10211759060621261597 -0.27967154979705810547 0.4763463437557220459 0.56542801856994628906 1.135669708251953125 1.4230186939239501953 1.8982015848159790039 1.2722496986389160156 1.7064430713653564453 1.3161753416061401367 0.24788574874401092529 -0.31530702114105224609 -0.40563604235649108887 -0.50789356231689453125 -1.0422827005386352539 -1.4707773923873901367 -1.7934987545013427734 -1.171970367431640625 -0.86168754100799560547 -0.70176255702972412109
1.4470599889755249023 0.96038413047790527344 0.86405622959136962891 0.54913115501403808594 0.085493102669715881348 -1.3039062023162841797 -1.4452168941497802734 -0.21077324450016021729 -0.53793978691101074219 -1.0216392278671264648 -0.22518670558929443359 -0.3057359158992767334 -0.90029919147491455078 -0.66176998615264892578 -0.94551700353622436523 -0.21282479166984558105 0.70555013418197631836 0.54533213376998901367 1.1272169351577758789 1.1009862422943115234 0.63682073354721069336 -0.25276002287864685059 -0.27385812997817993164 -0.13060924410820007324 -0.064536064863204956055 0.50803345441818237305 0.55201047658920288086 0.4358635246753692627 1.7328560352325439453 1.9411703348159790039 1.578067779541015625 1.4862892627716064453 1.2636700868606567383 0.88813376426696777344 0.82643079757690429688 0.83970248699188232422 0.14499552547931671143 -0.85837292671203613281 -1.6059309244155883789 -1.6472156047821044922 -1.4269313812255859375 -1.0592942237854003906
1.0011664628982543945 0.078159496188163757324 0.23201625049114227295 0.45102149248123168945 0.73978924751281738281 -0.4586200714111328125 -1.2340972423553466797 0.033516246825456619263 -0.60642379522323608398 -0.45363262295722961426 0.06822099536657333374 -0.91535508632659912109 -0.53937065601348876953 -0.29458650946617126465 -0.26742878556251525879 -0.18055288493633270264 -0.062841720879077911377 -0.30447289347648620605 0.57037204504013061523 1.1758464574813842773 0.68671411275863647461 -0.097802057862281799316 0.02395223081111907959 -0.23439063131809234619 -0.42466402053833007813 0.33718639612197875977 0.010529454797506332397 -0.18229593336582183838 0.87539267539978027344 1.6601415872573852539 1.3662028312683105469 1.3350404500961303711 0.99026191234588623047 1.0123502016067504883 0.4724598228931427002 0.4304924309253692627 0.26407891511917114258 -0.87763005495071411133 -0.97208291292190551758 -0.77558594942092895508 -1.174264073371887207 -1.1829581260681152344
0.83221065998077392578 -0.12516298890113830566 -0.32990247011184692383 0.36233705282211303711 -0.11462949961423873901 -0.77187544107437133789 -0.66195589303970336914 0.38754040002822875977 -0.2867082059383392334 0.21673938632011413574 1.6112271547317504883 0.4981829524040222168 0.19257703423500061035 -0.39081746339797973633 -0.28699257969856262207 0.014806694351136684418 -0.066135346889495849609 -0.063977479934692382813 0.70196843147277832031 0.66806191205978393555 0.54556751251220703125 0.42065972089767456055 0.36034497618675231934 0.17116883397102355957 -0.31693667173385620117 -0.067705303430557250977 0.22033444046974182129 -0.083152122795581817627 1.2842153310775756836 0.52477449178695678711 1.3755424022674560547 1.2257241010665893555 0.77703523635864257813 1.030507206916809082 0.12142657488584518433 -0.65366357564926147461 0.26509711146354675293 0.11493804305791854858 0.14847193658351898193 -0.14539299905300140381 -0.73277640342712402344 -0.69138121604919433594
0.64587825536727905273 -0.32133752107620239258 -0.2504596710205078125 -0.001925161341205239296 0.11673138290643692017 -0.52716010808944702148 -0.27191552519798278809 0.41967192292213439941 0.35843586921691894531 0.18588057160377502441 1.7307394742965698242 1.6420495510101318359 1.0109983682632446289 0.12504492700099945068 -0.21938481926918029785 0.39904674887657165527 0.43073073029518127441 -0.30844032764434814453 0.22616827487945556641 0.33994579315185546875 0.69979459047317504883 0.72977507114410400391 0.48701313138008117676 0.5653031468391418457 0.39555197954177856445 0.28643956780433654785 -0.53033018112182617188 1.2455507516860961914 1.7495690584182739258 0.5023695826530456543 1.4787245988845825195 1.0786716938018798828 0.65914839506149291992 0.45056349039077758789 0.17016087472438812256 -0.67095661163330078125 -0.94597768783569335938 -0.4706478416919708252 -0.87330675125122070313 -0.45024052262306213379 0.38900348544120788574 0.11986342817544937134
0.88649809360504150391 0.47266173362731933594 -0.28662282228469848633 -0.52734345197677612305 0.0046720481477677822113 0.084906235337257385254 -0.022282183170318603516 -0.046044915914535522461 0.267665863037109375 0.63025075197219848633 1.4162344932556152344 1.4452420473098754883 1.2259503602981567383 0.83884668350219726563 0.5816364288330078125 0.46554207801818847656 0.4031003415584564209 0.077023208141326904297 -0.19400577247142791748 0.090246170759201049805 1.3796135187149047852 1.126328587532043457 0.9820473790168762207 1.1283638477325439453 1.0439493656158447266 0.62205767631530761719 0.67947369813919067383 1.3375356197357177734 1.1851854324340820313 0.58356696367263793945 1.4274156093597412109 1.1402316093444824219 0.65277063846588134766 0.52833104133605957031 0.85663646459579467773 0.37355744838714599609 -1.1870379447937011719 -1.067511439323425293 -0.79741370677947998047 -0.42204684019088745117 0.20188388228416442871 0.42506110668182373047
