INPUT/RASTER/ASCII_standard/ndvi.asc
ncols        225
nrows        269
xllcorner    473009.983799999987
yllcorner    4429051.174800000153
cellsize     50.000000000000
NODATA_value  -9999
[rows 190 to 208 of 269, columns 84 to 125 of 225]
-0.91074550151824951172 -0.84424543380737304688 -0.23325932025909423828 0.12942954897880554199 -0.44599261879920959473 0.41770574450492858887 -0.2503096163272857666 -1.5021505355834960938 -1.4818205833435058594 -1.4404217004776000977 -1.6913323402404785156 -1.9072244167327880859 -1.6638165712356567383 -1.6244760751724243164 -1.5572084188461303711 -1.4882135391235351563 -1.0821278095245361328 -0.65384244918823242188 -1.3388379812240600586 -1.289653778076171875 -0.99935793876647949219 -1.8112167119979858398 -1.5152029991149902344 -1.0664151906967163086 -0.3317280113697052002 -1.0762712955474853516 -0.25591328740119934082 0.8112576603889465332 0.099878802895545959473 -0.25920009613037109375 -0.52034270763397216797 -0.032797336578369140625 -0.46465608477592468262 -1.3274188041687011719 -1.1251951456069946289 -0.70568257570266723633 -0.62736588716506958008 -1.6553995609283447266 -1.5692679882049560547 -1.1202094554901123047 -0.92958468198776245117 -0.54544830322265625
-0.032079529017210006714 -0.015868024900555610657 0.39386183023452758789 -0.59513455629348754883 -1.6408406496047973633 -0.73148667812347412109 -0.86799222230911254883 -1.5390915870666503906 -1.6969705820083618164 -1.0532917976379394531 -1.2014451026916503906 -0.98716437816619873047 -0.21159370243549346924 -0.26283809542655944824 0.10051542520523071289 -0.43113869428634643555 -1.5358219146728515625 -0.73664432764053344727 -0.77225071191787719727 -0.86944931745529174805 -0.76622807979583740234 -1.0364133119583129883 -1.3310816287994384766 -0.99831956624984741211 -0.40732568502426147461 -0.83749347925186157227 -0.93629503250122070313 -0.25285139679908752441 0.78876763582229614258 -0.18829397857189178467 -0.31165224313735961914 -0.28086963295936584473 -0.0060986974276602268219 -1.0014189481735229492 -1.1513985395431518555 -0.74374639987945556641 -0.16085501015186309814 -1.527294158935546875 -1.1492019891738891602 -1.0953859090805053711 -1.0646755695343017578 -0.92143321037292480469
-0.28058105707168579102 0.64457803964614868164 0.74617302417755126953 -1.0894706249237060547 -1.9149185419082641602 -0.97929996252059936523 -1.1083928346633911133 -1.8612669706344604492 -1.4662539958953857422 -1.1945868730545043945 -1.2322404384613037109 -1.2622137069702148438 -0.35004213452339172363 -0.53091543912887573242 -0.83846426010131835938 -0.8491878509521484375 -1.4213011264801025391 -1.0244083404541015625 -0.31106930971145629883 -0.54448986053466796875 -0.90209829807281494141 -0.58589500188827514648 -0.26679399609565734863 -0.19505327939987182617 -0.013896089978516101837 0.15411774814128875732 -0.65701532363891601563 -0.85731548070907592773 -0.24497336149215698242 0.5939807891845703125 -0.096374303102493286133 0.24009935557842254639 0.50602489709854125977 -1.0349050760269165039 -0.98596161603927612305 -0.83621317148208618164 -0.052503593266010284424 -1.8622664213180541992 -0.60801625251770019531 0.091929256916046142578 -0.91594219207763671875 -0.91415750980377197266
0.055643294006586074829 0.52077484130859375 -0.3036715388298034668 -1.6064752340316772461 -1.9767633676528930664 -1.466883540153503418 -1.1566463708877563477 -1.8146789073944091797 -1.2890026569366455078 -2.0168938636779785156 -2.0797812938690185547 -2.0025575160980224609 -1.4848701953887939453 -0.25778150558471679688 -0.94661664962768554688 -1.0222085714340209961 -1.51155853271484375 -1.0259687900543212891 -0.10348348319530487061 -0.53982061147689819336 -0.70486319065093994141 -0.47166940569877624512 -0.12229830771684646606 -0.41492560505867004395 -0.11102370917797088623 0.32970690727233886719 -0.13383373618125915527 -0.50683766603469848633 -0.13174395263195037842 0.19267864525318145752 0.17934882640838623047 -0.21201585233211517334 0.58551770448684692383 -1.1625152826309204102 -1.1487985849380493164 -0.75406384468078613281 0.36256647109985351563 -1.332345128059387207 -1.4491357803344726563 0.72364193201065063477 -0.32933446764945983887 -0.8683376312255859375
-0.18042036890983581543 0.36544501781463623047 -0.47910043597221374512 -1.581465601921081543 -1.5259251594543457031 -1.4792815446853637695 -1.3979882001876831055 -1.5645132064819335938 -1.856949925422668457 -2.3296787738800048828 -2.0013594627380371094 -1.971173405647277832 -1.511462092399597168 -0.62353903055191040039 -1.1383882761001586914 -1.1249588727951049805 -1.4879634380340576172 -0.204240456223487854 0.11567496508359909058 -0.6428852081298828125 0.1765645444393157959 -0.033393368124961853027 -0.5078131556510925293 -0.7163035273551940918 -0.49564111232757568359 0.10765576362609863281 0.14443771541118621826 -0.23196618258953094482 0.21555596590042114258 -0.32673820853233337402 -0.11573094874620437622 -0.69190156459808349609 -0.17799225449562072754 -0.38332045078277587891 -0.88390362262725830078 -0.45236670970916748047 0.18575590848922729492 -0.15663616359233856201 -1.1473217010498046875 0.0014967875322327017784 0.73419767618179321289 -0.75103628635406494141
-0.51208567619323730469 -0.12295588105916976929 0.18352498114109039307 -1.4067339897155761719 -1.8895123004913330078 -1.6266539096832275391 -1.4196592569351196289 -1.856528162956237793 -2.2041807174682617188 -2.2925992012023925781 -2.2043855190277099609 -1.9023653268814086914 -1.3866044282913208008 -0.9737955927848815918 -1.4189133644104003906 -1.4618458747863769531 -0.83302950859069824219 0.21553815901279449463 0.094189256429672241211 -0.27184641361236572266 -0.52864837646484375 -0.52130323648452758789 -0.87931239604949951172 -0.73683887720108032227 -0.10042920708656311035 -0.0032382134813815355301 0.61813396215438842773 -0.15068343281745910645 -0.72127294540405273438 -0.21964617073535919189 0.2659416496753692627 -0.86191612482070922852 -0.79916512966156005859 -0.47964015603065490723 -0.25400996208190917969 0.038780763745307922363 0.16185832023620605469 0.52159398794174194336 -0.22391450405120849609 -0.2764981389045715332 0.71264410018920898438 -0.80855894088745117188
-0.47200670838356018066 -0.64237350225448608398 -0.68065863847732543945 -1.0516535043716430664 -1.6788084506988525391 -1.5280343294143676758 -1.3888666629791259766 -1.451073765754699707 -1.7725403308868408203 -1.9655170440673828125 -2.0300996303558349609 -1.0409330129623413086 -0.6536648869514465332 -1.0558115243911743164 -1.0717315673828125 -1.3990168571472167969 0.0061097536236047744751 0.55778020620346069336 0.49096876382827758789 0.054056320339441299438 -0.91570913791656494141 -1.2621736526489257813 -1.0036977529525756836 -0.32471600174903869629 0.22043238580226898193 0.25234210491180419922 -0.25406545400619506836 -0.15404096245765686035 -0.55808806419372558594 -0.73592025041580200195 -0.39340245723724365234 -0.48365107178688049316 -0.69549006223678588867 -0.69471335411071777344 -0.42721208930015563965 -0.4527823030948638916 0.46945738792419433594 0.22236241400241851807 -0.20134462416172027588 -0.77254796028137207031 -0.13758093118667602539 -0.10419186204671859741
0.30704614520072937012 -0.12390937656164169312 -1.8285121917724609375 -1.3832350969314575195 -1.5201747417449951172 -1.4567455053329467773 -1.7960371971130371094 -1.9309335947036743164 -1.9698882102966308594 -1.4089944362640380859 -1.5137333869934082031 -0.77827203273773193359 -0.77451151609420776367 -0.50302368402481079102 -0.40811967849731445313 -0.82717341184616088867 -0.88999384641647338867 0.31477597355842590332 0.04506371915340423584 -0.35467001795768737793 -1.0217473506927490234 -1.475317835807800293 -1.1540437936782836914 -1.0181020498275756836 -0.73969727754592895508 -0.16348503530025482178 -0.71141481399536132813 -1.1570278406143188477 -0.91041892766952514648 -1.2655503749847412109 -0.78730785846710205078 -0.90108036994934082031 -0.59183251857757568359 0.47232338786125183105 0.69193434715270996094 0.26449793577194213867 -0.054155513644218444824 0.36599025130271911621 -0.076276279985904693604 -0.40632870793342590332 -0.71666598320007324219 -0.16944038867950439453
0.93418908119201660156 -0.82474213838577270508 -1.9191292524337768555 -1.2545493841171264648 -0.27240970730781555176 -0.41095265746116638184 -1.8826868534088134766 -2.00798797607421875 -1.7864661216735839844 -1.3218268156051635742 -1.4980368614196777344 -1.1631437540054321289 -1.3496280908584594727 -0.11767015606164932251 1.0094585418701171875 0.60544002056121826172 -1.1439508199691772461 -0.35895800590515136719 -0.32505828142166137695 -0.23927202820777893066 -0.43898451328277587891 -1.1481604576110839844 -1.4756662845611572266 -1.5115281343460083008 -1.9161802530288696289 -1.4639341831207275391 -0.90469348430633544922 -0.96230882406234741211 -0.64915901422500610352 -0.75692409276962280273 -1.031617283821105957 -1.5184726715087890625 -1.3272509574890136719 -1.0416953563690185547 0.24452613294124603271 0.42021375894546508789 0.7617371678352355957 0.91219449043273925781 0.05577449500560760498 -0.37984377145767211914 -0.71062815189361572266 -0.18858124315738677979
1.116499781608581543 -0.53830879926681518555 -1.6515064239501953125 -1.2193462848663330078 -0.86064893007278442383 -0.94860297441482543945 -0.96787846088409423828 -1.3054068088531494141 -0.4334926903247833252 0.2018404155969619751 -0.32447952032089233398 -0.66851854324340820313 -0.91701221466064453125 -0.90781795978546142578 0.62154018878936767578 -0.26558780670166015625 -0.86450403928756713867 -0.52071797847747802734 -0.28901192545890808105 0.30759322643280029297 -0.39361011981964111328 -0.61652857065200805664 -0.70813035964965820313 -1.3737763166427612305 -1.2622637748718261719 -1.2614141702651977539 -1.3213845491409301758 -0.95475709438323974609 0.33868589997291564941 0.78519797325134277344 -0.69040411710739135742 -1.4669348001480102539 -1.7942681312561035156 -1.5976655483245849609 -1.2201114892959594727 -0.7631397247314453125 0.088340491056442260742 0.22957503795623779297 0.44509574770927429199 0.24479088187217712402 0.92488873004913330078 1.4749624729156494141
0.24146819114685058594 -0.93772643804550170898 -1.3328428268432617188 -1.1526777744293212891 -0.33838257193565368652 -0.71330714225769042969 -0.73430812358856201172 -0.93526792526245117188 -0.55478608608245849609 -0.33543437719345092773 -0.14562161266803741455 -0.58634805679321289063 -0.67168176174163818359 -0.1409711986780166626 0.02349787391722202301 -1.0013295412063598633 -1.4655768871307373047 -1.1354644298553466797 -0.27378323674201965332 0.7186463475227355957 -0.37484610080718994141 -0.25169599056243896484 0.18380519747734069824 -0.79163199663162231445 -1.3449540138244628906 -1.3216398954391479492 -0.72028565406799316406 -0.31519937515258789063 0.5140603184700012207 0.29106351733207702637 -1.0477724075317382813 -1.2374041080474853516 -2.0030753612518310547 -1.9489924907684326172 -1.5883485078811645508 -1.0857564210891723633 -0.16728749871253967285 0.39556509256362915039 0.19525864720344543457 1.2295840978622436523 1.8906066417694091797 1.7367401123046875
-0.56173759698867797852 -1.1700167655944824219 -1.0223478078842163086 -0.37065082788467407227 -0.61447179317474365234 -0.69726377725601196289 -0.87153148651123046875 -0.54462760686874389648 0.27203711867332458496 -0.45960971713066101074 -0.34212481975555419922 0.16469104588031768799 -0.37609264254570007324 -0.42950955033302307129 -0.98748779296875 -1.3849437236785888672 -1.4949896335601806641 -1.3842358589172363281 -0.0032596872188150882721 0.94512140750885009766 -0.073088973760604858398 -0.83157324790954589844 -0.83416187763214111328 -1.6703664064407348633 -1.1040414571762084961 -1.5967023372650146484 -1.1915508508682250977 -0.040593158453702926636 0.48143041133880615234 -0.045565679669380187988 -1.4251983165740966797 -1.637385249137878418 -1.8237543106079101563 -1.9312453269958496094 -1.7531538009643554688 -1.6126587390899658203 -0.48349893093109130859 0.82779961824417114258 0.91979312896728515625 0.70339983701705932617 0.082972534000873565674 -0.48722019791603088379
-0.47609984874725341797 -1.5699270963668823242 -1.2929607629776000977 -0.21966293454170227051 -0.54532289505004882813 -0.8744729161262512207 -0.91790366172790527344 -0.25971782207489013672 0.20068946480751037598 0.32884585857391357422 -0.0085857454687356948853 -0.0825977325439453125 -0.07115945965051651001 0.10342802107334136963 -0.91712296009063720703 -2.0210044384002685547 -1.9048079252243041992 -1.403878331184387207 0.55243420600891113281 0.55983173847198486328 0.37386569380760192871 -0.92954957485198974609 -1.3589349985122680664 -2.1539590358734130859 -1.81003570556640625 -1.4586871862411499023 -1.1908440589904785156 0.13982868194580078125 0.90599328279495239258 0.06140014156699180603 -1.1574037075042724609 -1.7753393650054931641 -1.8529201745986938477 -1.9523080587387084961 -1.7948248386383056641 -1.7096848487854003906 -1.6271474361419677734 0.05053407326340675354 1.136829376220703125 -0.032668229192495346069 -0.61970806121826171875 -1.0703606605529785156
-1.3611558675765991211 -0.95376145839691162109 -1.2296352386474609375 0.19699227809906005859 -0.4913832545280456543 -1.0095032453536987305 -1.0376555919647216797 -0.20992475748062133789 -0.053170330822467803955 -0.15208211541175842285 0.09815146028995513916 -0.49175119400024414063 -0.7251612544059753418 -0.10324124246835708618 -0.66830879449844360352 -1.695244908332824707 -1.7596231698989868164 -1.8971673250198364258 -0.46096858382225036621 -0.50867635011672973633 0.057127613574266433716 -0.68755751848220825195 -1.7646003961563110352 -1.9265443086624145508 -1.7521350383758544922 -1.9372366666793823242 -1.8756617307662963867 -0.31578153371810913086 -0.52135694026947021484 -1.2857152223587036133 -1.7505965232849121094 -1.7414509057998657227 -1.821636199951171875 -1.78148651123046875 -1.8409123420715332031 -1.8430291414260864258 -1.8409546613693237305 -0.41056615114212036133 0.52764493227005004883 0.92157471179962158203 0.78628736734390258789 -0.21651542186737060547
-1.1859226226806640625 -0.3229611515998840332 -0.96213603019714355469 -0.71860384941101074219 -0.37651738524436950684 -1.1760115623474121094 -1.1981383562088012695 -0.87077623605728149414 -0.96887254714965820313 -0.3711140751838684082 -0.39916139841079711914 -0.040857654064893722534 -0.94308233261108398438 -0.39507925510406494141 -0.97390609979629516602 -1.6019939184188842773 -1.587047576904296875 -1.9315351247787475586 -1.4878458976745605469 -1.1819465160369873047 -0.74478632211685180664 -1.158574223518371582 -1.5675973892211914063 -1.5511029958724975586 -1.6313006877899169922 -1.4985469579696655273 -1.9265865087509155273 -1.3814984560012817383 -1.1730905771255493164 -1.0241388082504272461 -1.4921699762344360352 -1.6247293949127197266 -1.3955146074295043945 -0.94937187433242797852 -1.2827166318893432617 -1.5454833507537841797 -1.1633805036544799805 0.20475117862224578857 -0.96116864681243896484 0.42304360866546630859 0.76660913228988647461 0.14127032458782196045
-1.2953150272369384766 -0.51056212186813354492 -0.95780062675476074219 -1.4927430152893066406 -0.95391309261322021484 -1.6153126955032348633 -1.7168813943862915039 -1.4580959081649780273 -1.3356657028198242188 -0.43490236997604370117 -0.6867281794548034668 -0.45519551634788513184 -1.0993664264678955078 -0.9198449254035949707 -0.49937576055526733398 -0.70598506927490234375 -0.90031415224075317383 -1.6097043752670288086 -1.7818491458892822266 -1.5070952177047729492 -1.3684620857238769531 -1.5263611078262329102 -1.8136768341064453125 -1.7688136100769042969 -1.9278295040130615234 -1.3603579998016357422 -0.93767195940017700195 -0.64048039913177490234 -0.93672710657119750977 -1.2084892988204956055 -1.8506704568862915039 -1.6361497640609741211 -1.0955618619918823242 -0.70082634687423706055 -1.5876743793487548828 -1.4277393817901611328 -0.091154307126998901367 0.88999730348587036133 -0.8604119420051574707 0.37536153197288513184 0.76495563983917236328 0.57899534702301025391
-0.96243429183959960938 -1.5952601432800292969 -2.0956249237060546875 -1.8219481706619262695 -1.2284663915634155273 -1.4032580852508544922 -1.8213140964508056641 -1.7884728908538818359 -1.6093823909759521484 -1.0471060276031494141 -0.86767274141311645508 -0.34579423069953918457 -0.36541694402694702148 -1.2644603252410888672 -1.1852325201034545898 -0.60557192564010620117 -1.1687787771224975586 -1.177158355712890625 -1.1034069061279296875 -1.0211431980133056641 -1.3144568204879760742 -1.3908644914627075195 -1.6372861862182617188 -1.7562518119812011719 -1.8239804506301879883 -1.2452813386917114258 -0.29463496804237365723 -0.40696743130683898926 -0.78576803207397460938 -0.82584387063980102539 -0.92130225896835327148 -0.44260209798812866211 -0.15055066347122192383 -0.097930639982223510742 0.29804831743240356445 0.94036388397216796875 1.0490272045135498047 0.27293220162391662598 0.26410850882530212402 0.56373000144958496094 0.63207161426544189453 0.55805045366287231445
-0.073426790535449981689 -1.1915985345840454102 -2.1967990398406982422 -1.8515796661376953125 -1.4156720638275146484 -1.5451437234878540039 -1.7856807708740234375 -1.4206709861755371094 -0.99666243791580200195 -0.7292588353157043457 -1.2461639642715454102 -1.1939101219177246094 -1.0654282569885253906 -1.8415539264678955078 -1.5296967029571533203 -1.2170047760009765625 -1.3926463127136230469 -0.60064417123794555664 -0.39645594358444213867 -0.6852169036865234375 -0.87530380487442016602 -1.1904847621917724609 -1.2154469490051269531 -1.8969973325729370117 -1.907786250114440918 -0.68752688169479370117 0.4919573664665222168 -1.052785038948059082 -1.1909514665603637695 -0.80992853641510009766 -0.6790192723274230957 -1.1301249265670776367 -1.3769718408584594727 -0.30747556686401367188 0.21000652015209197998 0.91628766059875488281 0.25237405300140380859 0.028977915644645690918 0.6808757781982421875 0.53820776939392089844 0.68343853950500488281 1.3453406095504760742
0.35257428884506225586 -1.5673836469650268555 -2.0331656932830810547 -1.4862570762634277344 -1.2073664665222167969 -1.2588249444961547852 -1.7277014255523681641 -2.0162880420684814453 -1.7113252878189086914 -1.3027255535125732422 -0.97131425142288208008 -0.9163525700569152832 -1.2583487033843994141 -1.6505285501480102539 -1.4864706993103027344 -1.2594877481460571289 -1.4282629489898681641 -0.88763952255249023438 0.32230627536773681641 -0.37181144952774047852 -0.74011784791946411133 -0.80020481348037719727 -1.0595226287841796875 -1.70845794677734375 -1.8647439479827880859 -0.76988571882247924805 -0.25300511717796325684 -2.0753226280212402344 -1.868178248405456543 -2.1099972724914550781 -2.0388796329498291016 -1.4139906167984008789 -0.077370926737785339355 0.30723103880882263184 0.37592273950576782227 1.1988623142242431641 1.3164472579956054688 1.163348078727722168 0.85230058431625366211 0.25534924864768981934 0.82203233242034912109 1.4381127357482910156
