INPUT/RASTER/ASCII_standard/ndvi.asc
ncols        225
nrows        269
xllcorner    473009.983799999987
yllcorner    4429051.174800000153
cellsize     50.000000000000
NODATA_value  -9999
[rows 171 to 189 of 269, columns 0 to 41 of 225]
-9999 -9999 -9999 1.5923824310302734375 2.2399780750274658203 2.0942411422729492188 1.4493221044540405273 0.56094366312026977539 -0.048374835401773452759 -0.28103750944137573242 -0.10259754955768585205 0.58964723348617553711 0.40836066007614135742 1.4924606084823608398 1.5834964513778686523 0.93447661399841308594 0.73517078161239624023 1.3683502674102783203 1.6426120996475219727 1.9228992462158203125 1.8930745124816894531 2.1294002532958984375 1.6200524568557739258 0.69096070528030395508 0.87372213602066040039 1.5547863245010375977 0.84880870580673217773 0.29400965571403503418 0.65248095989227294922 0.53538364171981811523 0.60878443717956542969 0.74017578363418579102 0.68124401569366455078 0.70243120193481445313 1.0079668760299682617 0.87621545791625976563 0.17223362624645233154 -0.16465772688388824463 -0.32519236207008361816 -0.065007179975509643555 0.30324447154998779297 0.8752962946891784668
-9999 -9999 -9999 1.2917642593383789063 2.1290771961212158203 2.2302110195159912109 1.7306101322174072266 0.49754449725151062012 0.028990484774112701416 0.19889585673809051514 0.29559215903282165527 0.79686641693115234375 1.4783700704574584961 1.7849380970001220703 1.5366404056549072266 0.94692885875701904297 0.87744444608688354492 1.3982937335968017578 1.7342350482940673828 1.0557055473327636719 0.29350554943084716797 0.54779320955276489258 0.23858779668807983398 -0.2643719017505645752 -0.30345496535301208496 -0.04299876093864440918 0.30652135610580444336 0.62528270483016967773 0.69772446155548095703 0.7553507685661315918 0.61406701803207397461 0.31635719537734985352 0.41163989901542663574 0.39885529875755310059 0.81444257497787475586 0.96188282966613769531 -0.31454992294311523438 -0.5135275721549987793 0.33077824115753173828 0.500091552734375 0.80259186029434204102 1.1441587209701538086
-9999 -9999 2.2069201469421386719 2.0094475746154785156 2.102985382080078125 1.5285441875457763672 1.2025647163391113281 1.016452789306640625 0.62623566389083862305 0.53233253955841064453 1.0656374692916870117 1.6255697011947631836 0.63852238655090332031 0.9889996647834777832 1.2493627071380615234 1.0177197456359863281 1.1090604066848754883 1.2475750446319580078 1.3202302455902099609 -0.14933215081691741943 -0.37777572870254516602 -0.22360600531101226807 0.20461997389793395996 0.25287425518035888672 -0.85901558399200439453 -1.1834423542022705078 -0.66024529933929443359 0.38859862089157104492 0.5111739039421081543 0.38549327850341796875 0.41870430111885070801 0.37339222431182861328 -0.23532475531101226807 -0.20691893994808197021 0.5903987884521484375 0.80058246850967407227 0.56767100095748901367 0.5567023158073425293 0.56189846992492675781 0.81062334775924682617 1.4998738765716552734 1.4623856544494628906
2.3923113346099853516 2.415485382080078125 2.2830383777618408203 2.1884887218475341797 1.8501911163330078125 1.5748058557510375977 1.19327545166015625 0.81830555200576782227 0.26653715968132019043 1.1161934137344360352 1.0270965099334716797 0.98117113113403320313 0.055839702486991882324 0.80364906787872314453 1.0333673954010009766 0.75958770513534545898 1.1527509689331054688 1.3687546253204345703 1.5718266963958740234 0.11191650480031967163 0.92713487148284912109 1.2732726335525512695 1.2127417325973510742 0.79614102840423583984 0.26161178946495056152 -0.66740137338638305664 0.03756931796669960022 -0.0039863963611423969269 0.20431332290172576904 0.74356603622436523438 0.51245158910751342773 0.054299864917993545532 0.11329502612352371216 0.67525041103363037109 1.1071549654006958008 0.99680417776107788086 1.7122913599014282227 2.1896908283233642578 2.1422705650329589844 1.9019641876220703125 1.8749338388442993164 1.683188319206237793
2.2249476909637451172 2.0231504440307617188 1.8854743242263793945 1.7775201797485351563 1.4520838260650634766 1.6560720205307006836 1.4603288173675537109 1.3650013208389282227 0.35595539212226867676 0.40808883309364318848 0.42803472280502319336 -0.11064660549163818359 -0.35685461759567260742 -0.24857939779758453369 0.48726058006286621094 0.84972476959228515625 1.4328191280364990234 0.88296300172805786133 1.4181640148162841797 1.7255202531814575195 1.7754282951354980469 1.6610969305038452148 1.7833102941513061523 1.4723379611968994141 0.96430021524429321289 0.55587083101272583008 0.67114025354385375977 -0.0006063479231670498848 0.17393530905246734619 1.1261892318725585938 1.2178986072540283203 1.0087819099426269531 1.427172541618347168 2.2636322975158691406 2.4662728309631347656 1.8951182365417480469 1.6159875392913818359 2.0184309482574462891 1.5711185932159423828 1.5673391819000244141 1.6628535985946655273 1.3790469169616699219
1.6329760551452636719 0.98959153890609741211 0.75500142574310302734 0.52812916040420532227 0.4776795506477355957 0.65716648101806640625 0.54616069793701171875 0.93355870246887207031 0.52870267629623413086 0.010559570044279098511 0.33614176511764526367 0.3137944638729095459 0.023172099143266677856 -0.60051637887954711914 0.27699890732765197754 1.3111383914947509766 1.105220794677734375 0.70935994386672973633 0.4367122650146484375 1.1447746753692626953 1.4962441921234130859 1.6952378749847412109 1.2555288076400756836 1.3339039087295532227 1.9457453489303588867 1.5280523300170898438 0.4835917055606842041 0.11919774115085601807 0.74141865968704223633 1.0447407960891723633 1.3921355009078979492 1.7806417942047119141 2.0788009166717529297 2.0528469085693359375 2.3986415863037109375 2.0299246311187744141 1.174239039421081543 1.2297323942184448242 0.76102280616760253906 1.3103952407836914063 1.3786970376968383789 0.93034964799880981445
0.27167335152626037598 0.6980266571044921875 0.33139890432357788086 0.0044924002140760421753 -0.024223215878009796143 -0.17558953166007995605 -0.3020382225513458252 0.1579825282096862793 0.72171163558959960938 0.61951351165771484375 0.6868565678596496582 0.36646345257759094238 -0.035419251769781112671 0.19652587175369262695 0.93078386783599853516 1.3360095024108886719 0.79864251613616943359 0.59589481353759765625 -0.24007938802242279053 -0.11783748865127563477 0.84089744091033935547 1.0686402320861816406 0.37019416689872741699 1.0200630426406860352 1.6274750232696533203 1.156429290771484375 1.0723520517349243164 0.76954215764999389648 -0.16078247129917144775 -0.84910929203033447266 -0.18964971601963043213 -0.13962279260158538818 0.2218580394983291626 0.081942044198513031006 2.0139544010162353516 2.2467138767242431641 1.4166769981384277344 0.53329205513000488281 0.21521814167499542236 0.055566303431987762451 0.37554666399955749512 0.31748902797698974609
-9999 0.27736079692840576172 -0.017809320241212844849 -0.44984796643257141113 -0.41963520646095275879 -0.22678938508033752441 -0.44634512066841125488 0.46000704169273376465 0.68539422750473022461 0.65221363306045532227 1.5107213258743286133 0.89385497570037841797 0.19541446864604949951 0.20367485284805297852 0.48087653517723083496 0.92322528362274169922 1.4213835000991821289 0.94018292427062988281 0.47088018059730529785 -0.0041225724853575229645 0.17640794813632965088 -0.23111298680305480957 0.060458429157733917236 0.3036231696605682373 1.7688672542572021484 1.4118386507034301758 1.3244957923889160156 0.38083294034004211426 -0.67156994342803955078 -0.80382186174392700195 -1.0081821680068969727 -1.2780821323394775391 -0.97945344448089599609 -0.11565631628036499023 2.0741820335388183594 2.2308359146118164063 1.4113787412643432617 -0.17346020042896270752 -0.72537076473236083984 -0.074408829212188720703 0.15925760567188262939 0.67709898948669433594
-9999 -9999 -0.53278183937072753906 -0.77752858400344848633 -0.87127798795700073242 -0.52239316701889038086 -0.41888099908828735352 0.056156836450099945068 -0.45332831144332885742 0.50374835729598999023 1.4683501720428466797 1.3385270833969116211 0.60434037446975708008 -0.99036163091659545898 -0.57416182756423950195 0.63283574581146240234 1.4367090463638305664 1.2857997417449951172 0.99988907575607299805 0.39763680100440979004 0.21356596052646636963 0.34782436490058898926 1.2693538665771484375 0.65718483924865722656 1.4926732778549194336 1.9947745800018310547 1.2561788558959960938 -0.77513897418975830078 -1.3488135337829589844 -1.1683768033981323242 -1.1214728355407714844 -0.9387938380241394043 -0.80547219514846801758 0.55454230308532714844 2.0960030555725097656 1.6076604127883911133 0.83553129434585571289 0.26543676853179931641 -0.55152124166488647461 -0.78203731775283813477 -1.2216777801513671875 0.11560766398906707764
-9999 -9999 -0.81235092878341674805 -1.0216541290283203125 -0.43200078606605529785 -0.096851177513599395752 -0.3049914240837097168 -0.65914833545684814453 -1.2700095176696777344 -0.53081434965133666992 0.8998572230339050293 1.1598117351531982422 1.3097709417343139648 0.50247722864151000977 0.6488005518913269043 0.81934678554534912109 1.2043250799179077148 1.3862861394882202148 1.0091453790664672852 0.51900142431259155273 0.35472351312637329102 0.8426030278205871582 1.4980270862579345703 0.49011924862861633301 0.13254064321517944336 0.8954073786735534668 0.96049332618713378906 -1.0764063596725463867 -1.5166045427322387695 -1.2920904159545898438 -1.1915990114212036133 0.30246907472610473633 -0.20877407491207122803 0.42004325985908508301 1.3075449466705322266 0.63934892416000366211 0.2961769402027130127 0.31188407540321350098 0.26879534125328063965 0.15504112839698791504 -0.76658028364181518555 -0.98126846551895141602
-9999 -9999 -9999 -1.045220494270324707 0.17816513776779174805 -0.26346293091773986816 -0.55046379566192626953 -0.86489236354827880859 -0.55367624759674072266 0.055664245039224624634 -0.09903602302074432373 -0.37660720944404602051 -0.20741100609302520752 0.70966291427612304688 0.46229583024978637695 0.96066588163375854492 1.2588745355606079102 0.94402199983596801758 1.1836661100387573242 1.2038913965225219727 1.1972763538360595703 1.5307087898254394531 1.4474308490753173828 0.6754601597785949707 -0.25423935055732727051 -0.28128182888031005859 0.65300214290618896484 -0.95678037405014038086 -1.4974117279052734375 -1.2305026054382324219 -1.0353345870971679688 -0.028566448017954826355 0.68514674901962280273 1.4994454383850097656 1.6658133268356323242 0.30842152237892150879 0.3491942286491394043 0.55166536569595336914 0.18167220056056976318 1.0147521495819091797 1.6199188232421875 0.46833917498588562012
-9999 -9999 -9999 -9999 -9999 -0.74070787429809570313 -0.26683589816093444824 0.030518013983964920044 0.51821762323379516602 0.7257830500602722168 0.0034558905754238367081 -1.1135075092315673828 -1.0888266563415527344 -0.45642894506454467773 0.6217549443244934082 1.3425668478012084961 1.6263474225997924805 0.90552502870559692383 0.36709091067314147949 1.1028580665588378906 1.541638493537902832 1.2239149808883666992 1.3390817642211914063 1.0023732185363769531 0.73933202028274536133 0.58869242668151855469 0.17029075324535369873 0.21661788225173950195 -1.096293330192565918 -1.4733719825744628906 -0.96853548288345336914 -0.26707813143730163574 -0.074620164930820465088 0.63259088993072509766 1.570217132568359375 0.65440344810485839844 0.45450028777122497559 0.10928228497505187988 -0.14965608716011047363 0.25623047351837158203 1.7945684194564819336 2.0867290496826171875
-9999 -9999 -9999 -9999 -9999 -9999 -9999 -9999 0.73099046945571899414 0.99703669548034667969 0.24609188735485076904 -1.1978477239608764648 -1.0656670331954956055 -0.81316012144088745117 0.59636855125427246094 1.3600497245788574219 1.3920140266418457031 0.25915825366973876953 -0.23590429127216339111 0.94785773754119873047 1.5409770011901855469 0.35437834262847900391 0.37822514772415161133 0.70451492071151733398 0.94772887229919433594 0.92904055118560791016 0.96258807182312011719 1.8627952337265014648 -0.326465606689453125 -0.78801178932189941406 -0.19238658249378204346 -0.13362684845924377441 0.39942514896392822266 0.87008649110794067383 1.177104949951171875 0.32091569900512695313 0.013511711731553077698 -0.43467113375663757324 -0.022685211151838302612 0.18576508760452270508 1.8287789821624755859 1.8608893156051635742
-9999 -9999 -9999 -9999 -9999 -9999 -9999 -9999 -9999 0.61486548185348510742 0.13782794773578643799 -1.0747395753860473633 -0.93582522869110107422 -1.0672407150268554688 0.17405839264392852783 0.76093268394470214844 1.3403372764587402344 0.365081787109375 -0.40789341926574707031 0.88754612207412719727 1.1349092721939086914 -0.004963983781635761261 -0.58528637886047363281 0.35148513317108154297 0.8717784881591796875 1.2018675804138183594 1.2063907384872436523 1.9534780979156494141 1.4509588479995727539 1.4499469995498657227 0.9654032588005065918 0.50391989946365356445 0.82099318504333496094 1.3416219949722290039 1.013599395751953125 0.65137219429016113281 0.18939679861068725586 0.059832282364368438721 -0.14379449188709259033 0.64872145652770996094 1.9979443550109863281 1.0659166574478149414
-9999 -9999 -9999 -9999 -9999 -9999 -9999 -9999 -9999 -9999 -9999 -9999 -0.810028076171875 -0.81579357385635375977 -0.20769645273685455322 -0.18402642011642456055 0.52670633792877197266 1.1780331134796142578 0.58309376239776611328 0.52415359020233154297 0.25390160083770751953 -0.29667446017265319824 -0.42211937904357910156 0.30930143594741821289 0.79763114452362060547 1.8246560096740722656 1.5673223733901977539 2.0478854179382324219 2.1967587471008300781 1.8934751749038696289 0.31417366862297058105 -0.16354422271251678467 0.44199329614639282227 1.0588895082473754883 1.3979140520095825195 2.3124105930328369141 1.3579562902450561523 0.35459363460540771484 -0.16483187675476074219 0.73161029815673828125 -0.29404181241989135742 -0.51675599813461303711
-9999 -9999 -9999 -9999 -9999 -9999 -9999 -9999 -9999 -9999 -9999 -9999 -9999 0.2215267568826675415 0.33873459696769714355 -0.028202438727021217346 0.079981110990047454834 1.2050713300704956055 0.6144695281982421875 -0.090718276798725128174 -0.63436555862426757813 -0.61073589324951171875 -0.93081367015838623047 -0.32768175005912780762 0.26159816980361938477 1.5015875101089477539 1.6960391998291015625 2.0183937549591064453 1.3255605697631835938 1.4160170555114746094 0.79706442356109619141 0.22023493051528930664 0.45185035467147827148 0.78022962808609008789 1.8389362096786499023 1.5949206352233886719 0.074517570436000823975 -0.19460415840148925781 -0.47900381684303283691 -1.5166915655136108398 -1.9070814847946166992 -1.0977506637573242188
-9999 -9999 -9999 -9999 -9999 -9999 -9999 -9999 -9999 -9999 -9999 -9999 -9999 -9999 0.63414251804351806641 0.40462395548820495605 -0.37659204006195068359 -0.57455992698669433594 -1.2326939105987548828 -1.0938605070114135742 -1.0491032600402832031 -0.43963658809661865234 -0.67896270751953125 -0.92973655462265014648 -0.70149594545364379883 0.62120288610458374023 1.6088545322418212891 1.4750525951385498047 1.4407556056976318359 1.6357336044311523438 1.7278803586959838867 1.6475228071212768555 1.2899233102798461914 0.41953286528587341309 1.2616572380065917969 0.50137627124786376953 0.95421582460403442383 -0.40470612049102783203 -1.4469825029373168945 -1.3367475271224975586 -1.2197927236557006836 0.42429143190383911133
-9999 -9999 -9999 -9999 -9999 -9999 -9999 -9999 -9999 -9999 -9999 -9999 -9999 -9999 -0.0036113883834332227707 0.083084881305694580078 -0.5013885498046875 -1.3774756193161010742 -1.7565786838531494141 -1.1686936616897583008 -0.42556095123291015625 0.60287672281265258789 -0.44533976912498474121 0.042305629700422286987 -0.40444841980934143066 1.0862163305282592773 2.0107390880584716797 1.2609035968780517578 1.1904063224792480469 0.72413736581802368164 0.15245430171489715576 -0.58427160978317260742 -1.089213252067565918 -1.3985069990158081055 0.30881461501121520996 0.43840295076370239258 1.061400294303894043 -0.67803305387496948242 -1.2088822126388549805 -0.14455838501453399658 -0.9826590418815612793 -0.50854378938674926758
-9999 -9999 -9999 -9999 -9999 -9999 -9999 -9999 -9999 -9999 -9999 -9999 -9999 -9999 0.4985249638557434082 -0.10995341837406158447 -0.70316332578659057617 -0.87617510557174682617 -1.1743791103363037109 -0.72892916202545166016 0.84149634838104248047 1.187565922737121582 -0.30175828933715820313 -0.41237571835517883301 -0.40067896246910095215 0.9438101649284362793 2.2613854408264160156 1.5281540155410766602 -0.73519116640090942383 -1.4530096054077148438 -1.5110770463943481445 -1.3728420734405517578 -1.544085383415222168 -1.3912169933319091797 -0.1983356475830078125 1.3644037246704101563 0.82360982894897460938 -0.4118461906909942627 -0.80944067239761352539 -1.1297363042831420898 -1.4544398784637451172 -0.25659704208374023438
