INPUT/RASTER/ASCII_standard/ndvi.asc
ncols        225
nrows        269
xllcorner    473009.983799999987
yllcorner    4429051.174800000153
cellsize     50.000000000000
NODATA_value  -9999
[rows 171 to 189 of 269, columns 168 to 209 of 225]
-0.63955962657928466797 -1.0342879295349121094 -1.0637587308883666992 -0.25200161337852478027 0.31755998730659484863 0.55929410457611083984 0.89360177516937255859 0.81733214855194091797 0.54841285943984985352 -0.069894589483737945557 0.87400549650192260742 1.1020033359527587891 0.51689201593399047852 1.3735102415084838867 1.1505836248397827148 1.2178467512130737305 1.2875076532363891602 1.0338456630706787109 0.92963451147079467773 0.70087927579879760742 0.14257001876831054688 1.4013739824295043945 1.5991101264953613281 1.516453862190246582 1.1872816085815429688 0.59979993104934692383 0.54674363136291503906 0.44644859433174133301 0.53644531965255737305 0.80596220493316650391 0.60628587007522583008 0.68702256679534912109 1.1467728614807128906 0.77533203363418579102 0.53911590576171875 0.44046184420585632324 -0.11027107387781143188 -0.83456832170486450195 -0.60684829950332641602 0.028633285313844680786 0.37078049778938293457 0.11183480173349380493
0.19705617427825927734 -0.15846066176891326904 -0.13395446538925170898 0.047431875020265579224 0.59082698822021484375 0.52188521623611450195 0.69957590103149414063 0.8441041111946105957 1.008038640022277832 0.36462745070457458496 1.0009747743606567383 1.1167653799057006836 0.29909715056419372559 -0.021825730800628662109 -0.26396232843399047852 0.83560538291931152344 1.1821602582931518555 1.2597115039825439453 1.1055654287338256836 0.91961771249771118164 0.81456071138381958008 1.207665562629699707 1.2006487846374511719 1.0621042251586914063 1.6426858901977539063 1.5216315984725952148 1.0005191564559936523 1.2451548576354980469 0.80203068256378173828 0.94687438011169433594 0.38617548346519470215 0.7789637446403503418 0.88823878765106201172 0.51616054773330688477 0.52159005403518676758 0.37531569600105285645 -0.064637929201126098633 -0.74035823345184326172 -0.40073606371879577637 0.12634463608264923096 0.70569598674774169922 0.84131717681884765625
0.33553183078765869141 0.2841923832893371582 0.49202203750610351563 -0.10273163020610809326 0.1539640277624130249 0.44433629512786865234 0.66961979866027832031 0.6331036686897277832 0.64754146337509155273 0.71023172140121459961 0.35136258602142333984 1.2179033756256103516 0.64089107513427734375 0.91165900230407714844 0.66054284572601318359 0.52241629362106323242 0.97834444046020507813 1.2704302072525024414 1.4076637029647827148 1.2128570079803466797 1.2194195985794067383 1.2550668716430664063 1.5120180845260620117 0.85128450393676757813 1.4105612039566040039 1.4444113969802856445 1.0584939718246459961 0.7845414280891418457 0.69800543785095214844 0.38806441426277160645 -0.27348732948303222656 0.96051162481307983398 0.37380754947662353516 0.40152567625045776367 0.49850559234619140625 0.4441375434398651123 0.18979302048683166504 -0.72806048393249511719 0.29047298431396484375 0.34884777665138244629 -0.031431123614311218262 -0.15787354111671447754
-0.136541023850440979 0.45087930560111999512 1.0275998115539550781 0.90388256311416625977 0.14420989155769348145 -0.95140427350997924805 -0.01589814014732837677 1.0593079328536987305 0.95273417234420776367 0.38525629043579101563 0.51139909029006958008 1.055464625358581543 0.94635796546936035156 1.002628326416015625 1.0635724067687988281 0.47114518284797668457 0.55024230480194091797 1.3021497726440429688 1.6090363264083862305 1.2146152257919311523 1.2320295572280883789 1.742558598518371582 1.5589444637298583984 0.81432628631591796875 1.2303829193115234375 0.85753393173217773438 0.54582208395004272461 0.58462572097778320313 0.4727573096752166748 0.67992204427719116211 -0.4685910344123840332 -0.18350659310817718506 0.97454303503036499023 0.90798354148864746094 0.70705485343933105469 0.52137428522109985352 0.59819775819778442383 -0.49822637438774108887 -0.74832719564437866211 -0.38179317116737365723 0.15576574206352233887 0.37583160400390625
0.22752742469310760498 0.28100350499153137207 0.95569831132888793945 1.1617789268493652344 1.2442680597305297852 0.085117571055889129639 -0.57603740692138671875 0.22265073657035827637 0.72956818342208862305 0.19976764917373657227 0.015686864033341407776 0.61669808626174926758 0.49349012970924377441 0.71765619516372680664 1.2538020610809326172 1.0895731449127197266 0.92286598682403564453 1.214152216911315918 1.3014154434204101563 1.2159130573272705078 1.4284175634384155273 1.8122189044952392578 1.334557652473449707 0.86778122186660766602 0.98473525047302246094 -0.23070026934146881104 0.031893916428089141846 0.49626523256301879883 0.082915708422660827637 0.083453342318534851074 -0.42918115854263305664 -0.36360764503479003906 1.2704930305480957031 1.0760345458984375 -0.2514197230339050293 0.32704806327819824219 0.81098949909210205078 -0.32028660178184509277 -0.8384278416633605957 -1.0653983354568481445 -0.60295343399047851563 -0.27357506752014160156
0.5937519073486328125 0.80811220407485961914 0.93062543869018554688 1.3011279106140136719 2.0229487419128417969 1.5741406679153442383 0.53239798545837402344 -0.057868406176567077637 -0.049603041261434555054 0.20508454740047454834 -0.12407828867435455322 0.27830225229263305664 0.94769853353500366211 1.0423712730407714844 1.3928781747817993164 1.1671049594879150391 0.88929754495620727539 0.74830317497253417969 0.95395243167877197266 1.1081490516662597656 1.2759484052658081055 1.2837445735931396484 0.59654086828231811523 -0.11581920832395553589 0.29448601603507995605 -0.14804135262966156006 0.59036475419998168945 0.52868276834487915039 0.023018900305032730103 -0.21701535582542419434 0.67227965593338012695 0.53284239768981933594 1.2137185335159301758 1.2228335142135620117 -0.063137374818325042725 0.30990400910377502441 0.43127936124801635742 -0.23268555104732513428 -0.50018179416656494141 -0.73893523216247558594 -0.80465143918991088867 0.011582200415432453156
1.1760160923004150391 1.2396695613861083984 1.2721836566925048828 1.9181010723114013672 2.2293133735656738281 1.8914247751235961914 1.528378605842590332 1.0205407142639160156 -0.2050472944974899292 0.20189592242240905762 0.4670842587947845459 0.42315778136253356934 1.0512624979019165039 1.4399720430374145508 1.317661285400390625 1.2203011512756347656 0.80888843536376953125 0.72324621677398681641 0.98072069883346557617 1.3654590845108032227 0.85511732101440429688 0.7958901524543762207 0.12217371165752410889 -0.95466572046279907227 -1.0082216262817382813 -0.23037579655647277832 0.68031144142150878906 0.39249509572982788086 0.085573494434356689453 0.18402019143104553223 0.43426844477653503418 0.80189657211303710938 1.498950958251953125 1.042180180549621582 -0.13534685969352722168 -0.21494023501873016357 -0.85907715559005737305 -0.88621151447296142578 -0.87544417381286621094 -1.0574383735656738281 -0.84021937847137451172 -0.25604394078254699707
-0.088881470263004302979 0.82495802640914916992 1.4747912883758544922 1.4632707834243774414 1.7921754121780395508 1.5343730449676513672 1.6970254182815551758 1.0340174436569213867 0.49466255307197570801 0.38211297988891601563 0.28436183929443359375 0.34140497446060180664 0.83317178487777709961 1.1532967090606689453 1.6122374534606933594 1.6734983921051025391 1.2144596576690673828 0.94203227758407592773 0.90616661310195922852 1.2795135974884033203 0.98656004667282104492 0.43146765232086181641 0.40758183598518371582 -0.48153904080390930176 -0.61362147331237792969 -0.16123472154140472412 0.11721795052289962769 -0.076888024806976318359 -0.58076977729797363281 -0.42105013132095336914 0.7860648036003112793 1.3994691371917724609 1.4223707914352416992 0.067511826753616333008 -1.045933842658996582 -0.90957701206207275391 -1.3247932195663452148 -0.86956816911697387695 -1.3724724054336547852 -1.472212672233581543 -1.0281978845596313477 -0.54111266136169433594
0.1937093883752822876 1.3397018909454345703 1.2676924467086791992 1.001362919807434082 0.76654446125030517578 1.5665488243103027344 1.6387771368026733398 1.1750948429107666016 0.76882565021514892578 0.17400889098644256592 -0.2943413853645324707 -0.46944057941436767578 0.35890778899192810059 1.2533756494522094727 1.7335693836212158203 1.624673008918762207 1.3861541748046875 0.92059737443923950195 0.93997651338577270508 1.3894554376602172852 0.90684098005294799805 0.44959139823913574219 0.43859595060348510742 0.3603350222110748291 -0.13070482015609741211 -0.5382435917854309082 -0.68603265285491943359 -0.27876415848731994629 -0.47840908169746398926 -0.98415857553482055664 0.7801036834716796875 1.389720916748046875 1.0259573459625244141 -0.94270759820938110352 -1.3905153274536132813 -1.4526226520538330078 -1.3039433956146240234 -1.6891387701034545898 -1.6991903781890869141 -1.5207555294036865234 -1.0959331989288330078 -0.64332830905914306641
0.1331424415111541748 0.30472069978713989258 0.42346599698066711426 -0.39969798922538757324 -0.94120156764984130859 0.33538466691970825195 0.27801889181137084961 0.4890460669994354248 0.5070603489875793457 0.039147913455963134766 -0.54078090190887451172 -0.4380092918872833252 0.84961450099945068359 1.2336641550064086914 1.5262836217880249023 1.0202186107635498047 0.69900292158126831055 0.59401327371597290039 0.89698785543441772461 1.0571076869964599609 0.80033081769943237305 0.85441893339157104492 0.83614933490753173828 0.84612315893173217773 -0.71754825115203857422 -1.081095576286315918 -0.7021891474723815918 -0.40118202567100524902 0.096045702695846557617 -0.55968606472015380859 0.018890930339694023132 0.92218852043151855469 0.39032572507858276367 -1.0444102287292480469 -1.3917578458786010742 -1.3465516567230224609 -1.3441431522369384766 -1.8126593828201293945 -1.2967252731323242188 -1.1217606067657470703 -1.1510201692581176758 -0.11256773769855499268
1.0187515020370483398 0.78220838308334350586 0.93828427791595458984 0.49856635928153991699 0.025623269379138946533 0.38753199577331542969 -0.32519105076789855957 -0.98791098594665527344 -0.52087640762329101563 -0.11693794280290603638 0.23278564214706420898 0.21988061070442199707 0.26925754547119140625 0.86058950424194335938 0.82178455591201782227 0.5757567286491394043 0.18218652904033660889 -0.182466164231300354 0.50127023458480834961 0.36985582113265991211 0.58663326501846313477 0.67086368799209594727 0.18975137174129486084 -0.04315064847469329834 -1.0044307708740234375 -0.095782719552516937256 -0.14338020980358123779 -0.79105347394943237305 0.28311216831207275391 -0.31557306647300720215 -0.32003048062324523926 0.69133436679840087891 0.081375345587730407715 -0.62743264436721801758 -1.3466427326202392578 -1.4578243494033813477 -1.516675114631652832 -1.6640676259994506836 -0.54499161243438720703 -0.70401442050933837891 -1.0940721035003662109 0.19561900198459625244
0.35627695918083190918 0.57689666748046875 1.6337957382202148438 1.0291967391967773438 -0.59033066034317016602 -0.29710000753402709961 -1.3430521488189697266 -0.95976394414901733398 -1.2431552410125732422 -1.0692589282989501953 -0.16023017466068267822 -0.25615838170051574707 0.15726524591445922852 0.48239439725875854492 0.96322101354598999023 0.25952094793319702148 0.0042572347447276115417 0.1487026512622833252 0.50245076417922973633 0.21172313392162322998 0.03615439683198928833 -0.091595828533172607422 -1.0910649299621582031 -0.69546151161193847656 -0.39939209818840026855 0.65946024656295776367 0.13094896078109741211 -0.93929767608642578125 -0.25564721226692199707 0.26659083366394042969 -0.07070169597864151001 0.52757525444030761719 0.23830653727054595947 0.063505895435810089111 -0.66530084609985351563 -1.5184143781661987305 -1.550886988639831543 -1.6283605098724365234 -1.3139046430587768555 -1.3745911121368408203 -1.2597326040267944336 -0.70629221200942993164
0.15631935000419616699 0.57934969663619995117 1.4074689149856567383 0.8661740422248840332 -0.90752649307250976563 -0.93873834609985351563 -0.85266506671905517578 -0.88953137397766113281 -0.89349222183227539063 -1.0216230154037475586 -0.68597137928009033203 -1.4039938449859619141 -0.52053409814834594727 -0.44219383597373962402 0.33133473992347717285 0.053182434290647506714 0.5344492793083190918 0.35105225443840026855 0.40761902928352355957 0.41924691200256347656 -0.57565164566040039063 -0.61612373590469360352 -0.18080323934555053711 -0.50014096498489379883 -0.064108677208423614502 1.5661062002182006836 1.1074393987655639648 0.76836031675338745117 0.52559047937393188477 1.0697877407073974609 0.74645090103149414063 -0.0085930777713656425476 0.036388251930475234985 0.14359813928604125977 0.030091155320405960083 -0.95033764839172363281 -1.6731306314468383789 -1.5271373987197875977 -1.6980173587799072266 -1.4439387321472167969 -1.6726461648941040039 -1.4135229587554931641
-0.0017015181947499513626 -0.013760699890553951263 0.29295480251312255859 0.21399675309658050537 0.24825133383274078369 0.63559043407440185547 0.76831108331680297852 -0.16606190800666809082 -0.90921479463577270508 -1.5747452974319458008 -1.4596049785614013672 -1.3538886308670043945 -0.49872681498527526855 -0.698394775390625 -0.22740453481674194336 0.04804309457540512085 0.57794994115829467773 0.14931727945804595947 -0.055855881422758102417 0.27518880367279052734 0.28118473291397094727 0.41967350244522094727 0.47749832272529602051 0.98048132658004760742 1.3020340204238891602 1.9477738142013549805 1.5124088525772094727 1.3557245731353759766 1.1556656360626220703 1.1323769092559814453 0.75990694761276245117 0.27473285794258117676 0.021879471838474273682 -0.1986090540885925293 -0.41662859916687011719 -1.1481444835662841797 -1.7488824129104614258 -1.6803430318832397461 -1.6479004621505737305 -1.3625092506408691406 -1.3430588245391845703 -1.2915196418762207031
1.1452105045318603516 1.168773651123046875 0.30245310068130493164 -0.023474248126149177551 0.31299549341201782227 0.54844689369201660156 0.71089661121368408203 -0.020338006317615509033 -0.79407578706741333008 -1.8380173444747924805 -2.0069949626922607422 -1.2955267429351806641 -0.13014833629131317139 0.22925031185150146484 0.62103766202926635742 0.74500614404678344727 0.34140601754188537598 -0.088172048330307006836 0.024854920804500579834 0.24609896540641784668 0.70154500007629394531 0.45552527904510498047 0.4857629239559173584 0.66323262453079223633 1.1696515083312988281 1.8131674528121948242 1.4592487812042236328 0.78258734941482543945 0.68447244167327880859 0.65474075078964233398 0.43261992931365966797 0.085949026048183441162 -0.17566913366317749023 -0.18646240234375 -0.658588409423828125 -1.2865699529647827148 -1.5887269973754882813 -1.5914883613586425781 -1.5595421791076660156 -1.0485311746597290039 -0.71342498064041137695 -0.33283078670501708984
1.2625387907028198242 1.3903117179870605469 1.2372267246246337891 0.37171149253845214844 0.40484392642974853516 0.56417942047119140625 0.44858080148696899414 0.42784929275512695313 -0.4110469520092010498 -1.5770013332366943359 -1.3821663856506347656 -0.21699675917625427246 -0.00058644526870921254158 -0.10491699725389480591 0.075989320874214172363 -0.24254418909549713135 -0.59029293060302734375 -0.38164365291595458984 0.15456451475620269775 0.14126297831535339355 0.14817209541797637939 0.38045084476470947266 -0.26203674077987670898 -0.640476226806640625 0.075921751558780670166 1.3427716493606567383 1.14148712158203125 0.62026643753051757813 0.80374383926391601563 -0.13014310598373413086 0.19046996533870697021 -0.053728654980659484863 -0.28673884272575378418 -0.54766094684600830078 -0.39607465267181396484 -0.51833254098892211914 -1.010009765625 -1.4255964756011962891 -1.2417585849761962891 -1.0926964282989501953 -1.0249462127685546875 -0.67308568954467773438
1.03271484375 1.316165924072265625 1.3041018247604370117 0.96834856271743774414 0.53866785764694213867 0.37619036436080932617 0.4912827610969543457 0.31797429919242858887 0.042429760098457336426 -0.39946305751800537109 -0.31644880771636962891 0.36559113860130310059 0.29318079352378845215 0.30002838373184204102 -0.29515635967254638672 -0.78743541240692138672 -0.32126367092132568359 0.17436347901821136475 0.53758001327514648438 0.38827547430992126465 0.11968535184860229492 0.84063315391540527344 1.0025047063827514648 1.2208065986633300781 0.41293826699256896973 0.99641603231430053711 1.2978749275207519531 0.37528008222579956055 0.20026887953281402588 0.40654534101486206055 0.11412491649389266968 0.069985523819923400879 -0.58438503742218017578 -0.47224867343902587891 0.019556883722543716431 0.51155179738998413086 0.20684906840324401855 0.083911627531051635742 1.0264999866485595703 0.81258219480514526367 0.63721644878387451172 -0.892360687255859375
0.96029901504516601563 0.91773110628128051758 0.94848883152008056641 1.2830327749252319336 0.51459115743637084961 0.16144062578678131104 0.56044375896453857422 0.54796373844146728516 0.10995268821716308594 0.34234222769737243652 0.52116662263870239258 0.65920495986938476563 0.47355368733406066895 0.63970661163330078125 0.69876146316528320313 0.63756239414215087891 0.47152754664421081543 0.61731296777725219727 0.048009052872657775879 0.290294647216796875 0.26140883564949035645 0.35602843761444091797 1.2725011110305786133 1.3385198116302490234 1.1085067987442016602 1.164063572883605957 0.95353263616561889648 0.7448329925537109375 0.57640540599822998047 0.860073089599609375 0.78852117061614990234 0.41401565074920654297 -0.11137645691633224487 0.32555797696113586426 0.63740289211273193359 0.88404977321624755859 0.35741481184959411621 0.52958571910858154297 1.3556162118911743164 1.650545954704284668 1.7284517288208007813 -0.49520799517631530762
1.1140382289886474609 0.91998982429504394531 0.78417694568634033203 1.3254113197326660156 0.58929812908172607422 0.41790530085563659668 0.62565064430236816406 0.67261856794357299805 0.47168517112731933594 0.25668638944625854492 0.50428628921508789063 0.89049851894378662109 0.7472273707389831543 0.60961800813674926758 0.59441053867340087891 0.8244234919548034668 1.0578744411468505859 0.75639438629150390625 0.75817698240280151367 0.19031938910484313965 -0.45216664671897888184 0.32666939496994018555 1.1193956136703491211 1.1302033662796020508 1.059286952018737793 0.64439082145690917969 0.82955574989318847656 0.51982790231704711914 0.36401072144508361816 0.86901253461837768555 1.0435193777084350586 0.7981624603271484375 0.30997866392135620117 0.85863697528839111328 1.3833506107330322266 1.5821299552917480469 0.84164822101593017578 0.81139147281646728516 0.99720013141632080078 1.4084242582321166992 1.4570270776748657227 0.35351547598838806152
