INPUT/RASTER/ASCII_standard/ndwi.asc
ncols        225
nrows        269
xllcorner    473009.983799999987
yllcorner    4429051.174800000153
cellsize     50.000000000000
NODATA_value  -9999
[rows 234 to 251 of 269, columns 42 to 83 of 225]
0.41772350668907165527 0.58342242240905761719 0.95283997058868408203 -0.12873136997222900391 -0.34860032796859741211 -0.38384577631950378418 -0.071276947855949401855 -0.073200300335884094238 0.43641057610511779785 0.24781575798988342285 0.89220637083053588867 1.3675110340118408203 1.4633879661560058594 0.56013792753219604492 0.18335586786270141602 1.2178939580917358398 1.0557593107223510742 0.78790050745010375977 0.38139122724533081055 -0.044819355010986328125 1.1195670366287231445 2.2272169589996337891 2.5134932994842529297 2.3458473682403564453 2.2229106426239013672 2.1201150417327880859 1.7755646705627441406 1.2782665491104125977 1.3824151754379272461 2.2011592388153076172 0.82837158441543579102 -0.3526058495044708252 0.71482074260711669922 1.3800143003463745117 2.2863538265228271484 2.2814671993255615234 2.3918015956878662109 2.2894814014434814453 2.1767537593841552734 2.3929700851440429688 2.7441587448120117188 2.6330900192260742188
-9999 0.10017263889312744141 0.80396246910095214844 -0.072237089276313781738 -0.011129016987979412079 -0.46417003870010375977 0.63798928260803222656 0.45752403140068054199 0.38813623785972595215 -0.58284026384353637695 0.59432363510131835938 1.3955451250076293945 1.2018743753433227539 0.46378949284553527832 0.50904393196105957031 1.3542650938034057617 1.065787196159362793 1.1459250450134277344 0.57921212911605834961 0.51389265060424804688 1.5987387895584106445 1.9894382953643798828 2.1507108211517333984 1.9658907651901245117 1.1524274349212646484 0.4902547299861907959 2.0164117813110351563 2.5599515438079833984 2.6156072616577148438 2.44017791748046875 1.6137701272964477539 0.49093347787857055664 0.28397437930107116699 -0.088333301246166229248 1.4032155275344848633 2.0189449787139892578 2.3806679248809814453 2.4653384685516357422 2.428920745849609375 2.2633659839630126953 2.6657881736755371094 2.1359643936157226563
-9999 1.1313579082489013672 0.42474022507667541504 -0.13644520938396453857 -0.041357729583978652954 0.22590251266956329346 0.94370788335800170898 0.46289727091789245605 0.60867780447006225586 1.5199466943740844727 1.0152227878570556641 0.92775827646255493164 0.77934348583221435547 0.52860432863235473633 -0.030608199536800384521 0.44891643524169921875 0.54623371362686157227 1.2750633955001831055 0.88189810514450073242 0.88520395755767822266 1.4844969511032104492 1.2050153017044067383 0.38654741644859313965 0.26456773281097412109 -0.46189376711845397949 0.63722831010818481445 2.595951080322265625 2.5955300331115722656 2.340953826904296875 1.944011688232421875 1.1432029008865356445 0.088626399636268615723 -0.014779097400605678558 0.47372290492057800293 1.6137777566909790039 1.9509267807006835938 2.3635528087615966797 2.6040003299713134766 2.7974658012390136719 2.2496669292449951172 2.2240831851959228516 1.9354465007781982422
-9999 0.94983750581741333008 0.48449847102165222168 0.2932535707950592041 0.67226439714431762695 0.097705379128456115723 1.2848757505416870117 0.21060404181480407715 -0.2583681941032409668 1.8329281806945800781 2.1018016338348388672 1.2004510164260864258 1.4340755939483642578 1.1513906717300415039 0.26258054375648498535 0.2530822455883026123 1.0455633401870727539 1.5592819452285766602 0.97299283742904663086 0.16077204048633575439 0.012828114442527294159 -0.25955459475517272949 -0.4137834012508392334 -0.084967687726020812988 0.71430850028991699219 1.7220222949981689453 2.5742642879486083984 2.1690828800201416016 1.1327674388885498047 1.0855237245559692383 1.1675620079040527344 0.43856781721115112305 0.26389870047569274902 0.94478243589401245117 1.5755814313888549805 1.7761795520782470703 2.1798303127288818359 2.5030035972595214844 2.8070862293243408203 2.7211518287658691406 2.6511895656585693359 2.3987953662872314453
-9999 1.0241347551345825195 1.481551051139831543 1.1777262687683105469 1.2586715221405029297 -0.52846342325210571289 1.024837493896484375 -0.32372799515724182129 -0.70779132843017578125 1.1073675155639648438 1.9886595010757446289 1.8709228038787841797 1.5365755558013916016 0.7503001093864440918 0.12624412775039672852 0.42778000235557556152 0.30110326409339904785 0.42649146914482116699 0.24533829092979431152 0.13323378562927246094 0.25481766462326049805 0.075364656746387481689 0.012046719901263713837 -0.19310291111469268799 -0.072373963892459869385 0.69578433036804199219 1.3056246042251586914 0.77794921398162841797 0.21324904263019561768 0.97379463911056518555 1.614176630973815918 2.0370783805847167969 1.8778859376907348633 1.8766274452209472656 1.7036396265029907227 2.1604640483856201172 2.236988067626953125 2.319309234619140625 2.3844974040985107422 2.5200355052947998047 2.6505994796752929688 2.4775536060333251953
-9999 -9999 1.3788932561874389648 1.1280260086059570313 1.2480838298797607422 -0.29160708189010620117 -0.28989720344543457031 0.57830607891082763672 -0.38365274667739868164 0.3834228515625 1.0803869962692260742 1.6146490573883056641 1.6308683156967163086 0.33739519119262695313 -0.53539180755615234375 -0.11962838470935821533 0.91639691591262817383 1.0162922143936157227 0.99414354562759399414 1.0858132839202880859 0.99207824468612670898 1.0300422906875610352 0.30359709262847900391 0.019427062943577766418 -0.25785085558891296387 0.1218249201774597168 0.70700120925903320313 0.94825631380081176758 0.71856683492660522461 0.82509636878967285156 1.365370631217956543 2.3125641345977783203 2.6375916004180908203 2.0376422405242919922 1.0195782184600830078 1.8740330934524536133 2.4391596317291259766 2.2723453044891357422 2.5674703121185302734 2.3159515857696533203 2.6031475067138671875 2.2169108390808105469
-9999 -9999 0.83700168132781982422 1.0880972146987915039 1.4067211151123046875 0.92294937372207641602 -0.98772341012954711914 0.19979016482830047607 0.34385776519775390625 1.1034958362579345703 1.5684007406234741211 1.1517977714538574219 -0.3218148350715637207 -0.54055255651473999023 -0.33160832524299621582 -0.43117681145668029785 0.90599465370178222656 1.3875728845596313477 0.58119982481002807617 0.64167565107345581055 0.40277692675590515137 0.72798442840576171875 0.19536992907524108887 -0.32861399650573730469 -0.70278835296630859375 -0.23005774617195129395 0.76140153408050537109 1.3315142393112182617 0.53942942619323730469 0.9763946533203125 0.94121921062469482422 1.6230181455612182617 2.1498432159423828125 1.3933761119842529297 0.83015143871307373047 1.3599672317504882813 2.2194039821624755859 2.3731160163879394531 2.3832077980041503906 2.0999116897583007813 2.0499029159545898438 1.7668181657791137695
-9999 -9999 -9999 1.0717650651931762695 1.3350080251693725586 0.92618983983993530273 -0.20729619264602661133 -0.87633490562438964844 0.99918687343597412109 1.4787242412567138672 1.719216465950012207 1.0920788049697875977 0.03212650492787361145 -0.01373213157057762146 -0.35453993082046508789 -0.62796449661254882813 -0.19044107198715209961 0.58233666419982910156 -0.025142015889286994934 0.068609945476055145264 0.31802478432655334473 0.39200645685195922852 0.56410771608352661133 0.023727795109152793884 -0.8899357914924621582 -0.13795487582683563232 0.95546507835388183594 0.82629805803298950195 0.69824141263961791992 0.28008580207824707031 1.052473902702331543 1.2635931968688964844 1.3961313962936401367 0.98184400796890258789 0.72278839349746704102 0.88627392053604125977 2.3185365200042724609 2.4557981491088867188 2.0663740634918212891 1.5984854698181152344 1.8952312469482421875 1.9583541154861450195
-9999 -9999 -9999 0.55909961462020874023 0.35720172524452209473 -1.0883833169937133789 -1.1582399606704711914 -1.245921015739440918 -0.48932170867919921875 0.99076515436172485352 1.4207820892333984375 1.2909537553787231445 1.4404467344284057617 1.6287462711334228516 0.57560592889785766602 -0.62567293643951416016 0.0054441960528492927551 1.1837097406387329102 0.89254856109619140625 0.012195848859846591949 0.270061492919921875 0.29975855350494384766 0.82795381546020507813 0.22456800937652587891 -0.5207659602165222168 0.18107603490352630615 0.7718384861946105957 0.59779703617095947266 1.0821039676666259766 0.71590650081634521484 1.5211861133575439453 1.4299095869064331055 1.472643733024597168 0.85255801677703857422 1.0227440595626831055 0.51821792125701904297 1.6983884572982788086 2.3851397037506103516 2.4211456775665283203 2.0166685581207275391 2.0364103317260742188 2.3004376888275146484
-9999 -9999 -9999 -9999 -1.9951195716857910156 -1.8698381185531616211 -0.87013840675354003906 -1.1091556549072265625 -0.53334385156631469727 0.84442490339279174805 1.2503248453140258789 1.0312873125076293945 1.6577242612838745117 1.3073211908340454102 0.73593980073928833008 0.50374990701675415039 0.64355349540710449219 1.2752130031585693359 0.6995570063591003418 0.14771459996700286865 -0.034249596297740936279 0.081577509641647338867 0.55718141794204711914 0.12764911353588104248 -0.089717850089073181152 0.30937990546226501465 0.80913603305816650391 0.374279022216796875 0.12876757979393005371 0.89722055196762084961 1.3576296567916870117 1.8922349214553833008 1.8611048460006713867 0.89127331972122192383 1.352023005485534668 0.69378542900085449219 1.5971167087554931641 2.2268297672271728516 2.2683775424957275391 2.2130589485168457031 2.2556219100952148438 2.0977809429168701172
-9999 -9999 -9999 -9999 -1.4213700294494628906 -0.33671292662620544434 0.76204502582550048828 -0.26054793596267700195 0.99397808313369750977 0.69465208053588867188 1.222268223762512207 1.2657836675643920898 1.3950098752975463867 0.1322240978479385376 -0.24214637279510498047 -0.23917298018932342529 0.45082804560661315918 0.61994570493698120117 0.82152599096298217773 0.73019528388977050781 -0.1200844496488571167 0.044993966817855834961 0.62767791748046875 0.79924297332763671875 0.42836681008338928223 0.11029348522424697876 -0.096931189298629760742 -0.28091219067573547363 -0.3958174586296081543 0.12632380425930023193 1.4630590677261352539 2.1396222114562988281 1.7899509668350219727 1.1277838945388793945 1.5761876106262207031 0.72750383615493774414 1.2378133535385131836 2.032436370849609375 2.0749821662902832031 2.0452823638916015625 2.1425945758819580078 2.1092407703399658203
-9999 -9999 -9999 -9999 1.0118939876556396484 1.4257493019104003906 0.71376562118530273438 0.3288943171501159668 1.6236079931259155273 1.0497359037399291992 1.5938149690628051758 1.6164339780807495117 1.5103186368942260742 1.3694200515747070313 1.1480062007904052734 -0.14927998185157775879 -0.035196464508771896362 0.46554175019264221191 1.2061715126037597656 1.4728908538818359375 0.33966174721717834473 0.22334179282188415527 -0.50804352760314941406 -0.16814324259757995605 0.29528009891510009766 0.81740707159042358398 0.41481956839561462402 -0.16432666778564453125 0.17013089358806610107 1.004347681999206543 1.6346726417541503906 1.532230377197265625 1.2726604938507080078 1.293217778205871582 1.6033729314804077148 0.79275226593017578125 0.73472177982330322266 2.0066397190093994141 2.078060150146484375 1.9257102012634277344 2.1423521041870117188 2.5230383872985839844
-9999 -9999 -9999 -9999 1.9583122730255126953 0.93752110004425048828 -0.2384058833122253418 -0.15423391759395599365 0.84053325653076171875 1.5283576250076293945 1.6863590478897094727 1.4139972925186157227 0.92017924785614013672 1.418688654899597168 1.6832503080368041992 0.72078794240951538086 0.02408784814178943634 0.60087049007415771484 0.63502049446105957031 1.1969255208969116211 0.87485688924789428711 -0.19884845614433288574 -0.86867678165435791016 -0.31241616606712341309 -0.20328146219253540039 0.079660281538963317871 0.058204635977745056152 0.063415966928005218506 0.90372145175933837891 1.1864620447158813477 1.0375635623931884766 0.96029490232467651367 1.2103420495986938477 1.6582825183868408203 1.8366808891296386719 0.91848468780517578125 0.073564901947975158691 1.4108221530914306641 1.1985337734222412109 1.5182214975357055664 2.0460526943206787109 2.4479706287384033203
-9999 -9999 -9999 -9999 -9999 -0.84325081110000610352 -1.0405855178833007813 0.35800305008888244629 0.73521310091018676758 1.3203510046005249023 1.6030609607696533203 1.4081113338470458984 0.65950673818588256836 1.4331551790237426758 1.6940892934799194336 1.3324723243713378906 0.56435948610305786133 0.8000513911247253418 0.9540335536003112793 0.56900238990783691406 -0.38510826230049133301 -0.41724246740341186523 0.021504141390323638916 0.040949616581201553345 -0.12744385004043579102 -0.62352740764617919922 0.078376345336437225342 1.5098661184310913086 1.2521189451217651367 0.73454248905181884766 0.0013370258966460824013 0.11273623257875442505 1.4854259490966796875 1.9099434614181518555 1.6483711004257202148 0.72942155599594116211 -0.74437129497528076172 0.72480779886245727539 1.7146531343460083008 2.0751111507415771484 1.9870563745498657227 1.8250601291656494141
-9999 -9999 -9999 -9999 -9999 -9999 -9999 -9999 1.6756606101989746094 1.0943657159805297852 1.8251938819885253906 2.039386749267578125 1.1097306013107299805 0.85553240776062011719 1.3946774005889892578 0.61088615655899047852 0.33126404881477355957 0.71105980873107910156 0.33609235286712646484 -1.3274397850036621094 -1.1242768764495849609 -0.904796600341796875 -0.81728094816207885742 -0.30446788668632507324 -0.25450822710990905762 -0.30042558908462524414 0.6651261448860168457 1.4625427722930908203 1.6032718420028686523 1.3516614437103271484 0.42571875452995300293 0.28495189547538757324 1.5499798059463500977 1.9928442239761352539 1.4408022165298461914 0.22254098951816558838 0.20852594077587127686 1.1077705621719360352 2.0027041435241699219 2.0068280696868896484 1.5536379814147949219 1.603057861328125
-9999 -9999 -9999 -9999 -9999 -9999 -9999 -9999 -9999 1.596848607063293457 2.4185185432434082031 1.8178497552871704102 0.30072328448295593262 -0.37020510435104370117 0.67534708976745605469 -0.12526054680347442627 -0.22029797732830047607 -0.098044037818908691406 -0.29132977128028869629 -0.87030696868896484375 -0.76246690750122070313 -0.442043304443359375 -0.18112663924694061279 -0.25835442543029785156 0.24424739181995391846 -0.33901011943817138672 -0.25549033284187316895 0.6059010624885559082 1.5246078968048095703 1.2962892055511474609 1.5497111082077026367 1.3453475236892700195 1.5097267627716064453 1.4533387422561645508 1.1181788444519042969 0.73132807016372680664 1.2440062761306762695 0.92620569467544555664 1.3982473611831665039 1.4003719091415405273 1.3860520124435424805 1.8053015470504760742
-9999 -9999 -9999 -9999 -9999 -9999 -9999 -9999 -9999 -9999 2.5554521083831787109 1.7649708986282348633 0.60904961824417114258 0.28692069649696350098 0.58988147974014282227 -0.69927817583084106445 -1.2756849527359008789 -1.2239158153533935547 -1.1258432865142822266 -0.31801819801330566406 -0.1949945986270904541 0.023217080160975456238 0.25884515047073364258 0.48938038945198059082 -0.10209911316633224487 -0.55125308036804199219 -0.56525838375091552734 0.094591036438941955566 1.2688622474670410156 0.48283457756042480469 1.2667238712310791016 1.3513627052307128906 0.78897708654403686523 0.12664811313152313232 0.66117829084396362305 -0.21325419843196868896 -0.34610497951507568359 0.62294721603393554688 1.6797804832458496094 2.1081531047821044922 2.1031618118286132813 1.9242271184921264648
-9999 -9999 -9999 -9999 -9999 -9999 -9999 -9999 -9999 -9999 -9999 2.0059564113616943359 1.5832967758178710938 1.1668729782104492188 0.74427419900894165039 -0.49524909257888793945 -1.2919609546661376953 -1.1500372886657714844 -0.64543145895004272461 -0.12347100675106048584 -0.69133913516998291016 -0.64226144552230834961 -0.33787071704864501953 0.078508108854293823242 0.11138590425252914429 -0.58466351032257080078 -0.18338145315647125244 1.1322153806686401367 1.1284815073013305664 0.065746873617172241211 1.2709449529647827148 1.2687244415283203125 0.40190410614013671875 0.49393087625503540039 0.19794546067714691162 0.062459912151098251343 0.69680118560791015625 0.76111960411071777344 1.7098667621612548828 2.1077780723571777344 2.0211546421051025391 1.7736060619354248047
