INPUT/RASTER/ASCII_standard/ndwi.asc
ncols        225
nrows        269
xllcorner    473009.983799999987
yllcorner    4429051.174800000153
cellsize     50.000000000000
NODATA_value  -9999
[rows 108 to 125 of 269, columns 0 to 41 of 225]
-9999 -9999 -9999 -9999 -9999 -9999 -9999 -9999 -9999 -0.63148385286331176758 -0.60010856389999389648 0.11076180636882781982 0.21574388444423675537 0.14895257353782653809 -0.53425544500350952148 -0.15174622833728790283 -0.31606623530387878418 -0.31598198413848876953 -0.18679507076740264893 -0.46874091029167175293 -0.1835673600435256958 0.33716228604316711426 0.13816268742084503174 0.095501638948917388916 -0.21504016220569610596 0.14354817569255828857 -0.29296609759330749512 -0.34016892313957214355 -0.3931643068790435791 -0.2618681490421295166 -0.37851339578628540039 -0.3179022669792175293 -0.85855388641357421875 0.43791922926902770996 1.0069231986999511719 1.4187765121459960938 1.3241456747055053711 0.8108908534049987793 0.7658488154411315918 0.88388991355895996094 0.49220567941665649414 1.0563818216323852539
-9999 -9999 -9999 -9999 -9999 -9999 -9999 -9999 -0.045802481472492218018 -0.47622188925743103027 -0.71707355976104736328 -0.19924834370613098145 0.17322021722793579102 0.47423413395881652832 -0.41683083772659301758 -0.34599822759628295898 -0.40750363469123840332 0.11740467697381973267 0.33729711174964904785 -0.12100782245397567749 -0.11385219544172286987 0.23253975808620452881 0.28529304265975952148 0.070222273468971252441 -0.23266902565956115723 -0.14254978299140930176 -0.64346009492874145508 -0.88516420125961303711 -0.42612943053245544434 -0.26939556002616882324 -0.31328335404396057129 -0.74333554506301879883 -0.27366769313812255859 0.49783733487129211426 1.1186094284057617188 1.8224124908447265625 1.4686243534088134766 0.81469768285751342773 0.92680120468139648438 0.69603204727172851563 0.57145845890045166016 1.0341187715530395508
-9999 -9999 -9999 -9999 -9999 -9999 -9999 0.75368767976760864258 0.024980578571557998657 0.11218159645795822144 -0.27380049228668212891 -0.14753946661949157715 -0.0036250813864171504974 0.16263206303119659424 0.17382591962814331055 -0.12956281006336212158 -0.21038244664669036865 0.31049427390098571777 0.33716535568237304688 -0.44206219911575317383 -0.35300421714782714844 -0.13440234959125518799 0.27602204680442810059 -0.061734747141599655151 -0.1854457557201385498 -0.24185883998870849609 -0.60837447643280029297 -0.74388968944549560547 -0.61114871501922607422 -0.35406088829040527344 -0.31614539027214050293 -0.3567651212215423584 0.54685270786285400391 0.48532122373580932617 1.0040340423583984375 1.6414289474487304688 1.248189091682434082 0.60601139068603515625 0.66294229030609130859 0.58043885231018066406 0.55245727300643920898 0.59530013799667358398
-9999 -9999 -9999 -9999 -9999 -9999 -9999 0.25036576390266418457 0.26981532573699951172 -0.088161185383796691895 -0.014897583983838558197 0.2159665524959564209 -0.11332564800977706909 -0.050269708037376403809 -0.13796560466289520264 -0.65107434988021850586 -0.30660268664360046387 0.5377890467643737793 0.36143198609352111816 -0.7101523280143737793 -0.35188013315200805664 0.15861886739730834961 -0.04685148969292640686 -0.11340685188770294189 -0.53466504812240600586 -0.46758466958999633789 -0.55749249458312988281 -0.52452582120895385742 -1.1238641738891601563 -1.0613169670104980469 -0.78247523307800292969 -0.10862809419631958008 0.62026184797286987305 0.69275581836700439453 0.55465793609619140625 1.088959813117980957 1.3844963312149047852 1.0143514871597290039 0.87796664237976074219 0.39345535635948181152 0.4513454139232635498 0.48099547624588012695
-9999 -9999 -9999 -9999 -9999 -9999 -9999 -0.56980478763580322266 0.0040550511330366134644 -0.11986126750707626343 0.026504041627049446106 0.64093917608261108398 0.37618604302406311035 0.14667426049709320068 -0.59100812673568725586 -0.7874056696891784668 -0.69641566276550292969 -0.44530472159385681152 -0.60288584232330322266 -0.61474108695983886719 0.40247967839241027832 0.662425994873046875 -0.049853984266519546509 -0.29090842604637145996 -0.48706385493278503418 -0.3638579249382019043 -0.40590661764144897461 -0.70416265726089477539 -1.3505179882049560547 -0.92000257968902587891 -0.46515417098999023438 0.32848882675170898438 0.85098654031753540039 0.67232871055603027344 0.76029938459396362305 1.0910701751708984375 1.3267115354537963867 1.0750714540481567383 0.92130386829376220703 0.35688865184783935547 0.53597086668014526367 0.40178665518760681152
-9999 -9999 -9999 -9999 -9999 -9999 -2.6354193687438964844 -1.4338508844375610352 -0.45455223321914672852 -0.16277359426021575928 0.93248444795608520508 0.85144668817520141602 0.33249181509017944336 0.74333703517913818359 -0.59642428159713745117 -0.93803137540817260742 -0.33537331223487854004 -0.06456972658634185791 -0.42285367846488952637 0.2349242866039276123 0.62599718570709228516 0.92271852493286132813 -0.066582970321178436279 -0.42760741710662841797 -0.32865434885025024414 0.20517973601818084717 0.12401639670133590698 -0.15155318379402160645 -0.72120726108551025391 -0.52944451570510864258 0.54700642824172973633 0.71099036931991577148 0.48761945962905883789 0.69092899560928344727 0.47705888748168945313 0.42791891098022460938 0.94179528951644897461 1.1098343133926391602 1.1463845968246459961 1.1263871192932128906 1.0215791463851928711 0.86341530084609985352
-9999 -9999 -9999 -9999 -9999 -1.9835814237594604492 -1.7764589786529541016 -0.91789793968200683594 0.13594363629817962646 0.32954037189483642578 1.0683254003524780273 1.1275198459625244141 0.94199138879776000977 0.7578061223030090332 -0.3243903815746307373 -0.97000873088836669922 -1.1531996726989746094 -0.87670165300369262695 -0.035415049642324447632 0.57537358999252319336 0.84570115804672241211 0.55624270439147949219 -0.22469063103199005127 0.013610019348561763763 0.26783171296119689941 0.80975961685180664063 0.32115495204925537109 -0.24664883315563201904 -0.3354060053825378418 -0.2935835421085357666 0.046517431735992431641 0.20122118294239044189 0.17096439003944396973 0.46218430995941162109 0.28655552864074707031 0.091362297534942626953 0.39226743578910827637 0.35109919309616088867 -0.11458916217088699341 0.024164967238903045654 -0.00021197283058427274227 0.68930798768997192383
-9999 -9999 -9999 -9999 -9999 -1.0834686756134033203 -0.59696310758590698242 0.036456346511840820313 0.13076549768447875977 0.57821011543273925781 0.78123974800109863281 0.87826079130172729492 0.80949860811233520508 0.86152464151382446289 -0.48538103699684143066 -1.8803404569625854492 -1.5049719810485839844 -0.36939001083374023438 0.42150023579597473145 0.56076407432556152344 0.7578137516975402832 0.46305966377258300781 -0.49760296940803527832 -0.22236484289169311523 -0.071733526885509490967 0.042359698563814163208 -1.1705869436264038086 -1.3700513839721679688 -1.2488173246383666992 -1.0855146646499633789 -0.69896614551544189453 -0.44659376144409179688 -0.22507877647876739502 0.14835503697395324707 0.087719365954399108887 0.44610548019409179688 0.44606563448905944824 0.26543185114860534668 -0.38798409700393676758 -1.0007103681564331055 -0.96899700164794921875 -0.6377232670783996582
-9999 -9999 -9999 -9999 -9999 -0.56067728996276855469 0.10084372013807296753 0.27763232588768005371 -0.91824012994766235352 -0.50003701448440551758 -0.43052259087562561035 -0.4074484705924987793 -0.18280792236328125 -0.10993807762861251831 -1.8769779205322265625 -2.4388165473937988281 -0.81279432773590087891 0.16444920003414154053 0.49512901902198791504 0.055179160088300704956 0.39763963222503662109 0.23379765450954437256 -0.37756910920143127441 -0.50092774629592895508 -0.59167516231536865234 -1.1179102659225463867 -1.7344874143600463867 -1.5329259634017944336 -1.0225000381469726563 -1.374523162841796875 -1.5740565061569213867 -1.3694047927856445313 -0.92325025796890258789 0.16806760430335998535 0.038051307201385498047 0.40733963251113891602 0.51485586166381835938 0.21550945937633514404 -0.17384129762649536133 -0.16789351403713226318 -0.12403176724910736084 -0.69533550739288330078
-9999 -9999 -9999 -9999 -9999 -9999 0.42569372057914733887 0.078065320849418640137 -0.54217612743377685547 -0.48481771349906921387 -0.49749878048896789551 -0.59167003631591796875 -0.72514492273330688477 -1.2959609031677246094 -1.9639158248901367188 -1.4118139743804931641 -0.29052281379699707031 -0.41037639975547790527 0.042053781449794769287 -0.15790034830570220947 -0.43408790230751037598 -0.2215007096529006958 -0.1307757645845413208 -0.37109732627868652344 -1.1389276981353759766 -0.92508065700531005859 -0.91111361980438232422 -0.98878723382949829102 -0.63799953460693359375 -0.69217568635940551758 -1.2645831108093261719 -1.8902871608734130859 -1.3578355312347412109 -0.79363942146301269531 0.058419644832611083984 0.50290411710739135742 0.57700836658477783203 0.78921049833297729492 0.36001423001289367676 0.016844887286424636841 0.57444459199905395508 -0.4628467559814453125
-9999 -9999 -9999 -9999 -9999 -9999 -9999 -1.5744190216064453125 -1.7127400636672973633 -0.80512082576751708984 -0.026445871219038963318 0.0054069138132035732269 -0.85645073652267456055 -2.1598761081695556641 -1.2236763238906860352 -0.48131829500198364258 -0.071348451077938079834 -0.46669602394104003906 -0.087741889059543609619 -0.69407552480697631836 -0.51051485538482666016 -0.094220824539661407471 -0.73646032810211181641 -0.68946433067321777344 -1.5393457412719726563 0.072940297424793243408 0.090024225413799285889 -0.56459498405456542969 -0.32103702425956726074 -0.20488204061985015869 -1.7409601211547851563 -2.3685994148254394531 -1.7770861387252807617 -1.5505845546722412109 -0.82354742288589477539 -0.43513280153274536133 -0.15099547803401947021 -0.22809046506881713867 0.30191528797149658203 0.84249746799468994141 0.52364170551300048828 -0.24452324211597442627
-9999 -9999 -9999 -9999 -9999 -9999 -9999 -3.3585448265075683594 -2.5061135292053222656 -1.801943659782409668 -0.55369174480438232422 0.18964020907878875732 -0.78706449270248413086 -2.0346100330352783203 -0.8840993046760559082 -0.42236033082008361816 -0.060667354613542556763 -0.54067003726959228516 -0.83622288703918457031 -0.72915500402450561523 -0.86797910928726196289 -0.74245607852935791016 -0.23631808161735534668 -0.90154588222503662109 -1.3254113197326660156 0.23216132819652557373 0.53996568918228149414 0.21932449936866760254 -0.44458052515983581543 -1.003438115119934082 -1.9254661798477172852 -2.5396418571472167969 -2.0322668552398681641 -1.5547233819961547852 -0.89166456460952758789 -0.1351852715015411377 0.72034466266632080078 0.55224889516830444336 1.3980629444122314453 1.1082301139831542969 -0.63346284627914428711 -0.56407302618026733398
-9999 -9999 -9999 -9999 -9999 -9999 -9999 -9999 -1.2412801980972290039 -1.0869165658950805664 -0.96860736608505249023 -1.014109492301940918 -1.8130036592483520508 -1.2481396198272705078 -1.3960702419281005859 -1.0137535333633422852 -0.18743295967578887939 -0.96307373046875 -1.0355206727981567383 -0.99474114179611206055 -0.68438220024108886719 -0.55885809659957885742 -0.14178779721260070801 -0.97620421648025512695 -1.1748044490814208984 -0.18294785916805267334 -0.1231395527720451355 -0.02963171154260635376 -0.76941877603530883789 -0.84282690286636352539 -1.2970741987228393555 -2.2174623012542724609 -2.0804488658905029297 -1.3957811594009399414 -0.74059605598449707031 0.54337573051452636719 0.64351826906204223633 1.1893593072891235352 0.92366540431976318359 0.52438277006149291992 -0.53594642877578735352 0.013510429300367832184
-9999 -9999 -9999 -9999 -9999 -9999 -9999 -9999 -9999 -0.055982563644647598267 0.21300287544727325439 -0.66741621494293212891 -2.1503341197967529297 -2.0868859291076660156 -1.5171576738357543945 -2.0272536277770996094 -0.40806490182876586914 -0.31321951746940612793 -0.43386980891227722168 -0.62833070755004882813 -0.43422272801399230957 -0.22974160313606262207 0.036727536469697952271 -0.63876509666442871094 -1.2512917518615722656 -0.92193514108657836914 -0.74250513315200805664 -1.1045122146606445313 -1.4675273895263671875 -0.86914968490600585938 -1.3010582923889160156 -2.2223529815673828125 -1.7262055873870849609 -1.0416580438613891602 -0.22159723937511444092 1.0777057409286499023 1.1505321264266967773 0.94792586565017700195 1.2357832193374633789 0.70408344268798828125 0.25386774539947509766 0.21423369646072387695
-9999 -9999 -9999 -9999 -9999 -9999 -9999 -9999 -9999 -9999 -9999 0.31673523783683776855 -0.34162497520446777344 -2.2166483402252197266 -1.4718945026397705078 -2.3174378871917724609 -1.0296208858489990234 -0.33842381834983825684 0.1268825232982635498 0.14038430154323577881 0.047730889171361923218 0.14819671213626861572 -0.26808556914329528809 -0.85379654169082641602 -1.1975455284118652344 -1.2887837886810302734 -1.3450783491134643555 -1.5697623491287231445 -1.7249615192413330078 -1.5210973024368286133 -1.6763353347778320313 -2.1608517169952392578 -1.075688481330871582 -0.73194557428359985352 -0.042736660689115524292 1.5624555349349975586 1.3215808868408203125 0.59755140542984008789 0.50331324338912963867 0.9787623286247253418 0.84394377470016479492 0.40607154369354248047
-9999 -9999 -9999 -9999 -9999 -9999 -9999 -9999 -9999 -9999 -9999 -0.46041372418403625488 -0.89848411083221435547 -2.2323293685913085938 -1.9913769960403442383 -1.6802018880844116211 -1.1517318487167358398 -0.78230619430541992188 -0.067481823265552520752 0.18552486598491668701 0.24024543166160583496 -0.13158166408538818359 -0.98579496145248413086 -1.6636255979537963867 -1.5985764265060424805 -1.2106311321258544922 -1.1338160037994384766 -1.7598382234573364258 -1.7021979093551635742 -1.8819031715393066406 -2.1969428062438964844 -1.9320369958877563477 -1.1058716773986816406 -0.71928083896636962891 0.39266732335090637207 1.5455528497695922852 0.87146115303039550781 0.45572733879089355469 0.84046632051467895508 1.0037976503372192383 0.86647963523864746094 0.38952693343162536621
-9999 -9999 -9999 -9999 -9999 -9999 -9999 -9999 -9999 -9999 -9999 -9999 -1.111182093620300293 -2.3683347702026367188 -2.6718578338623046875 -1.7373462915420532227 -0.91204309463500976563 0.017913304269313812256 0.87838083505630493164 0.021817209199070930481 -0.39508408308029174805 -1.1926871538162231445 -1.5009415149688720703 -0.73450171947479248047 0.17324830591678619385 0.30634063482284545898 -0.51170176267623901367 -1.9039517641067504883 -2.2587118148803710938 -2.1276776790618896484 -1.8611701726913452148 -1.2972463369369506836 -0.92602396011352539063 -0.61245512962341308594 0.94953310489654541016 1.7094495296478271484 1.2987059354782104492 1.2298007011413574219 1.0557771921157836914 0.85194718837738037109 0.2678000330924987793 -0.32105338573455810547
-9999 -9999 -9999 -9999 -9999 -9999 -9999 -9999 -9999 -9999 -9999 -9999 -1.3696554899215698242 -3.4307222366333007813 -2.3339891433715820313 -1.3663430213928222656 -0.43414661288261413574 0.39166682958602905273 0.6718527674674987793 -0.28029423952102661133 -1.2314285039901733398 -2.1470389366149902344 -0.96149003505706787109 0.65685814619064331055 1.1847296953201293945 0.26887151598930358887 -0.94325035810470581055 -2.2464761734008789063 -2.2689495086669921875 -1.7010645866394042969 -1.0654772520065307617 -0.78327757120132446289 -0.55054521560668945313 -0.25012323260307312012 0.48222938179969787598 1.0305988788604736328 1.0028778314590454102 0.87747222185134887695 0.58610266447067260742 0.52549201250076293945 -0.077710427343845367432 -0.65241599082946777344
