INPUT/RASTER/ASCII_standard/ndwi.asc
ncols        225
nrows        269
xllcorner    473009.983799999987
yllcorner    4429051.174800000153
cellsize     50.000000000000
NODATA_value  -9999
[rows 108 to 125 of 269, columns 84 to 125 of 225]
-0.60148292779922485352 0.51828736066818237305 1.1320396661758422852 1.1270581483840942383 0.23905290663242340088 -0.075920879840850830078 0.036491073668003082275 -0.42726677656173706055 -0.65267598628997802734 -0.97199952602386474609 -1.3105387687683105469 -0.89398932456970214844 -0.12870021164417266846 0.18067358434200286865 0.42850011587142944336 0.091069661080837249756 -0.14377294480800628662 1.0016398429870605469 0.96730244159698486328 0.80668509006500244141 1.0583312511444091797 0.72127515077590942383 -0.30886414647102355957 0.19763903319835662842 -0.015088590793311595917 -0.56461232900619506836 -0.49995481967926025391 0.41672658920288085938 0.60341233015060424805 0.29596853256225585938 0.78583258390426635742 1.2152750492095947266 0.68691325187683105469 0.89557093381881713867 -1.1220982074737548828 -0.44615814089775085449 0.85129147768020629883 1.0866651535034179688 0.93252527713775634766 0.3822155296802520752 1.0784769058227539063 0.93765538930892944336
-1.291527867317199707 -0.37562328577041625977 0.55742400884628295898 0.23225887119770050049 -0.0676401481032371521 -0.26418474316596984863 -0.090239286422729492188 0.2800464630126953125 0.082566253840923309326 -0.27643984556198120117 -0.36938437819480895996 -0.61059355735778808594 -0.656192779541015625 -0.71325033903121948242 -0.63134342432022094727 -0.44325113296508789063 0.51708364486694335938 0.95300137996673583984 0.4753888547420501709 0.870243072509765625 0.775543212890625 -0.24941946566104888916 -0.20403119921684265137 0.1558574289083480835 -0.6232388615608215332 -1.8286366462707519531 -0.96380817890167236328 0.32479584217071533203 0.93230617046356201172 0.036272488534450531006 0.26699769496917724609 0.83635562658309936523 1.1896064281463623047 1.2642219066619873047 -0.2806231379508972168 -1.2816987037658691406 0.26422095298767089844 0.70677542686462402344 0.96923601627349853516 0.87296622991561889648 1.3569090366363525391 1.2032353878021240234
0.13935878872871398926 -0.12736111879348754883 -0.7331212162971496582 -1.2712473869323730469 -1.5086119174957275391 -1.7241606712341308594 -1.3693556785583496094 -0.55144155025482177734 -0.20873896777629852295 0.3849728703498840332 0.71210527420043945313 0.18906413018703460693 -1.2409685850143432617 -1.8930429220199584961 -0.94398784637451171875 -0.053110305219888687134 0.9388637542724609375 1.2283263206481933594 0.33197394013404846191 0.55082094669342041016 0.54221540689468383789 0.35569053888320922852 0.78258138895034790039 0.66647541522979736328 -0.46118235588073730469 -1.9288828372955322266 -0.9077040553092956543 -0.061541188508272171021 0.22228409349918365479 -0.29077306389808654785 -0.50065088272094726563 0.14497512578964233398 0.72990369796752929688 0.79038459062576293945 -0.10636766999959945679 -1.5702873468399047852 -0.3098385930061340332 0.61902183294296264648 1.1211104393005371094 1.2325999736785888672 0.99929308891296386719 0.8158054351806640625
-0.91072702407836914063 -0.97564244270324707031 -1.2579984664916992188 -1.5897966623306274414 -1.5130208730697631836 -1.4343503713607788086 -1.0431395769119262695 -0.97449743747711181641 -1.4458210468292236328 -1.0244152545928955078 -0.33235856890678405762 -0.90642064809799194336 -1.5455038547515869141 -1.6274915933609008789 0.065841354429721832275 1.2455910444259643555 1.6176254749298095703 1.1970970630645751953 -0.067036479711532592773 0.19784995913505554199 0.20665417611598968506 0.66173189878463745117 1.2319493293762207031 0.76736414432525634766 -0.63278567790985107422 -0.99072235822677612305 -0.68569678068161010742 -0.65197473764419555664 -0.34493595361709594727 -0.076993383467197418213 -0.20483709871768951416 -0.34341910481452941895 1.0414597988128662109 0.30964446067810058594 -0.63507521152496337891 -1.3254178762435913086 -0.26951864361763000488 0.9058475494384765625 1.5245609283447265625 1.0277476310729980469 0.49460399150848388672 1.1975685358047485352
-1.3090244531631469727 -1.6382308006286621094 -1.5777019262313842773 -1.2345775365829467773 -0.53089547157287597656 -0.0036843244452029466629 0.43604081869125366211 0.2675094306468963623 -0.5918400883674621582 -0.91997504234313964844 -0.88495224714279174805 -1.4224481582641601563 -1.1095554828643798828 -0.56607347726821899414 0.078335486352443695068 0.33334520459175109863 0.9750213623046875 1.1588665246963500977 0.28128546476364135742 0.12927062809467315674 0.14630553126335144043 0.7089036107063293457 0.94739115238189697266 0.69808870553970336914 0.22452205419540405273 0.060953304171562194824 -0.076559275388717651367 -0.031958021223545074463 0.0069237374700605869293 0.31623727083206176758 0.42653232812881469727 0.25379163026809692383 1.5240875482559204102 0.34318107366561889648 -1.1281899213790893555 -0.70172196626663208008 0.35482436418533325195 0.014737677760422229767 0.75981986522674560547 1.2682576179504394531 1.130080103874206543 0.83829379081726074219
-0.46154290437698364258 -1.0307041406631469727 -0.84793102741241455078 -1.1760572195053100586 -0.63515484333038330078 -0.37363097071647644043 0.26327970623970031738 -0.59594321250915527344 -0.72298353910446166992 -0.48995041847229003906 -0.66690343618392944336 -0.71963328123092651367 -0.63410282135009765625 -0.017947062849998474121 -0.18655350804328918457 0.15053272247314453125 0.97522002458572387695 1.1671247482299804688 0.78596025705337524414 0.3300730586051940918 0.68306189775466918945 1.2418413162231445313 1.0455675125122070313 0.024104190990328788757 -0.093824505805969238281 0.37614414095878601074 0.44076645374298095703 0.25401738286018371582 -0.34351563453674316406 -0.27122902870178222656 0.095907151699066162109 0.020466879010200500488 1.4721018075942993164 0.47500684857368469238 -0.99404859542846679688 -0.10493562370538711548 0.71488559246063232422 0.37734177708625793457 0.39524284005165100098 0.96874928474426269531 1.5451105833053588867 1.4966232776641845703
-0.39675512909889221191 -0.86990350484848022461 -0.64408826828002929688 -1.277035832405090332 -1.11614990234375 -0.66219007968902587891 -0.65621674060821533203 -0.99752759933471679688 -0.21597069501876831055 -0.45055538415908813477 -0.85194826126098632813 -0.69473797082901000977 0.13487011194229125977 0.14815278351306915283 0.01888621598482131958 1.0140507221221923828 1.7910796403884887695 1.3952025175094604492 0.99625891447067260742 0.78140825033187866211 0.74437069892883300781 1.2330285310745239258 1.226055145263671875 0.78180664777755737305 0.63656336069107055664 0.63184434175491333008 0.33108988404273986816 -0.22074741125106811523 -0.07935288548469543457 -0.92443662881851196289 -0.65937399864196777344 -0.30626970529556274414 1.4796695709228515625 0.59433537721633911133 0.080246582627296447754 -0.47412079572677612305 0.35940954089164733887 1.2632428407669067383 1.3459465503692626953 1.0244100093841552734 1.4489781856536865234 1.9924468994140625
-0.50910937786102294922 -0.77377623319625854492 -0.88941228389739990234 -1.6347483396530151367 -1.4215104579925537109 -1.0173505544662475586 -1.3547967672348022461 -0.89775788784027099609 -0.65250998735427856445 -0.63824266195297241211 -0.92286360263824462891 -0.58187603950500488281 0.18087226152420043945 0.18980517983436584473 0.75262796878814697266 1.8174197673797607422 1.7680785655975341797 1.2529519796371459961 0.96208906173706054688 0.6112130284309387207 0.1458581387996673584 0.46927660703659057617 0.65615642070770263672 0.34608244895935058594 -0.12045522779226303101 0.28090193867683410645 0.26652070879936218262 -0.1555163264274597168 0.34172195196151733398 -0.32612681388854980469 -0.5597508549690246582 -0.35144498944282531738 1.6265043020248413086 0.78748989105224609375 0.51687526702880859375 -0.68754756450653076172 0.089822493493556976318 0.64350450038909912109 1.5791732072830200195 1.2387633323669433594 1.3927938938140869141 1.5898109674453735352
-0.6117401123046875 -0.2356761246919631958 0.021350925788283348083 -0.58373200893402099609 -0.79749685525894165039 -0.5862712860107421875 -0.94120544195175170898 -0.66309964656829833984 -1.0101759433746337891 -1.0358445644378662109 -0.7560666203498840332 -0.48142862319946289063 -0.10729359090328216553 -0.048405084758996963501 0.69114702939987182617 1.5765895843505859375 0.91100937128067016602 0.76344847679138183594 0.95580059289932250977 0.4908650517463684082 0.15408116579055786133 -0.11051774024963378906 -0.50694853067398071289 -0.2834141850471496582 -0.32056564092636108398 -0.34686642885208129883 0.3447704017162322998 0.43909233808517456055 0.39303451776504516602 0.21173016726970672607 0.00203721621073782444 0.13829189538955688477 2.504302978515625 0.86620026826858520508 0.98925757408142089844 0.27210128307342529297 -1.1308257579803466797 0.80987960100173950195 1.6897859573364257813 1.2219158411026000977 1.7680402994155883789 1.5211596488952636719
-0.45237812399864196777 0.5352967381477355957 0.41916984319686889648 -0.27409926056861877441 -0.62321841716766357422 -0.37277144193649291992 -0.65937703847885131836 -0.46170836687088012695 -0.24031238257884979248 -0.14453850686550140381 -0.26805391907691955566 0.04998059198260307312 0.19536378979682922363 0.1213473975658416748 0.76839733123779296875 0.78347873687744140625 0.38253319263458251953 0.58152461051940917969 0.4544086754322052002 -0.18883538246154785156 -0.6765753626823425293 -0.43808728456497192383 -0.7371947169303894043 -0.22240467369556427002 -0.49337118864059448242 -1.1428183317184448242 0.11263868212699890137 0.50449448823928833008 0.39940211176872253418 0.33881342411041259766 0.14828301966190338135 -0.021754443645477294922 2.3253641128540039063 1.0527966022491455078 1.217455744743347168 0.77950382232666015625 -2.1654379367828369141 -1.2112092971801757813 1.2765920162200927734 1.5186239480972290039 1.0412350893020629883 -0.20676606893539428711
-0.51975214481353759766 0.43946617841720581055 -0.15841667354106903076 0.19277906417846679688 -0.071754977107048034668 -0.36107710003852844238 -0.36365109682083129883 -0.31783330440521240234 -0.45807975530624389648 -0.056969776749610900879 0.44005095958709716797 0.14093944430351257324 0.036793928593397140503 0.30554494261741638184 0.63535958528518676758 0.14045070111751556396 0.44715395569801330566 0.32653635740280151367 0.064357221126556396484 -1.0106360912322998047 -1.3061383962631225586 -0.69579356908798217773 -0.82046526670455932617 -0.58122080564498901367 -0.37819728255271911621 -0.34962990880012512207 0.25131264328956604004 0.29584595561027526855 0.3692658543586730957 0.50468754768371582031 0.4239082634449005127 0.42823863029479980469 2.444927215576171875 1.4162255525588989258 1.0670410394668579102 1.4802303314208984375 0.39157131314277648926 -0.8978125452995300293 -0.29173067212104797363 1.0003160238265991211 0.42781728506088256836 0.16399210691452026367
-0.14856192469596862793 0.86892235279083251953 0.13166230916976928711 0.11901547014713287354 -0.030093910172581672668 -0.22995764017105102539 -0.066923610866069793701 -0.66596680879592895508 -0.80326235294342041016 -0.39366939663887023926 -0.32244712114334106445 -0.45786628127098083496 -0.53569614887237548828 0.25901472568511962891 0.24356609582901000977 0.068086966872215270996 -0.20757503807544708252 -0.08289928734302520752 0.47135317325592041016 -0.07133312523365020752 -0.91328567266464233398 -0.50792348384857177734 -0.24533987045288085938 -0.16996292769908905029 -0.37214633822441101074 -0.53973287343978881836 -0.41058275103569030762 -0.11415198445320129395 0.16097530722618103027 0.65785050392150878906 0.86701792478561401367 0.73882585763931274414 2.6424450874328613281 1.4081838130950927734 1.1877526044845581055 1.2736885547637939453 1.4981396198272705078 0.12504395842552185059 -0.25036835670471191406 -0.36400449275970458984 1.0584343671798706055 1.4064836502075195313
0.12988604605197906494 0.68532031774520874023 0.17025193572044372559 0.15551832318305969238 -0.012007958255708217621 -0.010498284362256526947 -0.20065230131149291992 -0.64243459701538085938 -0.85145086050033569336 -0.69550246000289916992 -0.52685213088989257813 -0.52273982763290405273 -0.51818734407424926758 -0.11335475742816925049 1.2481951713562011719 0.90267294645309448242 0.30577987432479858398 0.35988503694534301758 0.06898327171802520752 -0.080862559378147125244 -0.68407011032104492188 -0.60656404495239257813 -0.55137717723846435547 -0.16525259613990783691 0.0018257801420986652374 0.050485685467720031738 -0.10839622467756271362 -0.040425162762403488159 -0.14777746796607971191 0.40916290879249572754 0.7312596440315246582 1.1546695232391357422 2.9356122016906738281 0.85787916183471679688 1.0288277864456176758 1.2657592296600341797 1.2410533428192138672 1.3177611827850341797 0.27760985493659973145 -0.61926704645156860352 0.30890288949012756348 0.90666013956069946289
0.090577326714992523193 0.40361908078193664551 0.13017816841602325439 0.16600330173969268799 0.29756808280944824219 -0.048337671905755996704 0.12334633618593215942 -0.22142870724201202393 -0.48970118165016174316 -0.3123334348201751709 -0.31073591113090515137 -0.41659131646156311035 -0.922271728515625 -0.31178033351898193359 0.76224422454833984375 0.75148290395736694336 0.6536375880241394043 0.53295463323593139648 -0.12539793550968170166 0.33192285895347595215 0.15967094898223876953 -0.090505883097648620605 -0.62908452749252319336 -0.5854403376579284668 -0.08423379063606262207 0.12467011064291000366 0.072562366724014282227 -0.033646441996097564697 -0.70736998319625854492 -0.14507271349430084229 0.41793748736381530762 0.92795079946517944336 2.5576357841491699219 0.99346530437469482422 0.79127323627471923828 0.58567625284194946289 0.83335208892822265625 1.6882895231246948242 1.0590595006942749023 -0.78771615028381347656 -0.009660201147198677063 0.97487634420394897461
0.039703469723463058472 0.023772226646542549133 -0.033211313188076019287 0.38550555706024169922 0.39857578277587890625 0.37011057138442993164 0.80679285526275634766 0.033018723130226135254 -0.37086904048919677734 -0.037720926105976104736 0.010260749608278274536 -0.066965490579605102539 -0.11603090912103652954 -0.70928925275802612305 -0.10460621118545532227 0.9387677311897277832 0.88285315036773681641 0.1623481065034866333 -0.47906351089477539063 0.28626748919486999512 0.65743678808212280273 0.55484944581985473633 0.0657024383544921875 -0.6779282689094543457 -0.032103061676025390625 -0.03885675966739654541 0.14719825983047485352 0.12793204188346862793 -1.1478407382965087891 -0.71248787641525268555 -0.93350541591644287109 0.13315257430076599121 2.2660021781921386719 1.2060744762420654297 0.86860519647598266602 0.61727976799011230469 0.72965395450592041016 1.6745426654815673828 1.6756478548049926758 -0.75109380483627319336 0.028987137600779533386 0.84457302093505859375
0.087081991136074066162 0.62141197919845581055 0.47381228208541870117 0.80801397562026977539 0.84364348649978637695 0.55934327840805053711 0.35696271061897277832 0.049678247421979904175 -0.15202099084854125977 0.15446726977825164795 0.25393873453140258789 0.029627574607729911804 -0.22628304362297058105 -0.53402560949325561523 0.069838210940361022949 0.48365324735641479492 -0.12522275745868682861 -0.089609578251838684082 0.20188920199871063232 0.022008728235960006714 0.11411464959383010864 -0.10021559149026870728 -0.15112571418285369873 -0.64759331941604614258 0.039670784026384353638 0.49455854296684265137 0.36676588654518127441 -0.058050960302352905273 -0.71431720256805419922 -1.0518610477447509766 -1.2679798603057861328 0.83444553613662719727 1.5917123556137084961 0.85285526514053344727 0.74177068471908569336 0.57998126745223999023 0.45851126313209533691 1.2278901338577270508 1.1298936605453491211 -0.57338899374008178711 0.31526947021484375 0.35241836309432983398
0.20005981624126434326 0.53949022293090820313 0.26659780740737915039 0.23115624487400054932 0.61463886499404907227 0.45711034536361694336 0.34991586208343505859 0.57252532243728637695 0.26957172155380249023 0.51453721523284912109 0.78444087505340576172 0.041801489889621734619 -0.16360911726951599121 -0.14960122108459472656 0.11747924238443374634 0.21960487961769104004 -0.64777976274490356445 -0.32695469260215759277 0.26528885960578918457 0.31154686212539672852 0.18655294179916381836 -0.081609226763248443604 0.13560605049133300781 -0.42675453424453735352 -0.27407628297805786133 0.27276062965393066406 -0.023590974509716033936 -0.11903084814548492432 -0.30635192990303039551 -0.31337323784828186035 -0.28427934646606445313 1.7548873424530029297 0.86705875396728515625 0.86413085460662841797 1.10810089111328125 0.50368553400039672852 0.4072589576244354248 0.14244298636913299561 -0.62677353620529174805 -0.90785372257232666016 0.802089691162109375 0.68244141340255737305
0.40445667505264282227 0.53947234153747558594 0.19342818856239318848 0.46174663305282592773 0.58577889204025268555 0.56200611591339111328 0.71857911348342895508 0.61139941215515136719 0.24689085781574249268 0.42836222052574157715 0.34985610842704772949 -0.3026053309440612793 -0.68350630998611450195 -0.54942983388900756836 0.046260032802820205688 0.0067158765159547328949 -0.62072408199310302734 -0.072780489921569824219 0.49746349453926086426 0.21812584996223449707 0.41554173827171325684 0.44559270143508911133 0.52368664741516113281 -0.15027435123920440674 -0.3129304349422454834 0.092891380190849304199 -0.28465929627418518066 -0.0095856366679072380066 0.084594815969467163086 0.0426252707839012146 1.0444520711898803711 2.1544568538665771484 1.3349151611328125 1.3219623565673828125 0.98364377021789550781 1.093690037727355957 -0.64932262897491455078 -1.5055251121520996094 -0.73384439945220947266 0.14875645935535430908 0.69803100824356079102 0.67629289627075195313
