INPUT/RASTER/ASCII_standard/ndwi.asc
ncols        225
nrows        269
xllcorner    473009.983799999987
yllcorner    4429051.174800000153
cellsize     50.000000000000
NODATA_value  -9999
[rows 54 to 71 of 269, columns 0 to 41 of 225]
-9999 -9999 -9999 -9999 -9999 -9999 -9999 -9999 -9999 -9999 -9999 -9999 -9999 -9999 -9999 -9999 -9999 -9999 -9999 -9999 -9999 -1.0796153545379638672 -0.95543754100799560547 -0.48612925410270690918 0.19127143919467926025 -0.072260074317455291748 0.068768776953220367432 0.089394003152847290039 0.61666077375411987305 0.098406076431274414063 -0.41953456401824951172 -0.33182281255722045898 0.52268159389495849609 1.2834590673446655273 1.1271021366119384766 0.81933808326721191406 0.88807415962219238281 0.92475372552871704102 0.7337309718132019043 0.089280113577842712402 0.18274863064289093018 0.47694447636604309082
-9999 -9999 -9999 -9999 -9999 -9999 -9999 -9999 -9999 -9999 -9999 -9999 -9999 -9999 -9999 -9999 -9999 -9999 -9999 -9999 -1.3692214488983154297 -1.3088022470474243164 -0.96169430017471313477 -0.11415556073188781738 0.016031319275498390198 -0.032238401472568511963 0.47162795066833496094 0.71048885583877563477 0.37205690145492553711 0.38730123639106750488 -0.0062930565327405929565 -0.10310675203800201416 0.71707808971405029297 0.94719403982162475586 0.82288444042205810547 0.73176473379135131836 0.75478672981262207031 0.755207061767578125 0.80025517940521240234 0.58449798822402954102 0.14494293928146362305 0.082742452621459960938
-9999 -9999 -9999 -9999 -9999 -9999 -9999 -9999 -9999 -9999 -9999 -9999 -9999 -9999 -9999 -9999 -9999 -1.6575354337692260742 -1.6662133932113647461 -1.6010166406631469727 -1.5742474794387817383 -1.3010072708129882813 -0.84635853767395019531 -0.19193592667579650879 -0.70487970113754272461 -0.70198398828506469727 -0.35497760772705078125 0.48429724574089050293 -0.071800939738750457764 0.46059599518775939941 0.62017142772674560547 0.14513753354549407959 0.19410233199596405029 0.55276626348495483398 0.71834260225296020508 0.52614831924438476563 0.044331058859825134277 0.11586385220289230347 0.84325075149536132813 0.74169969558715820313 -0.21425621211528778076 -0.40912872552871704102
-9999 -9999 -9999 -9999 -9999 -9999 -9999 -9999 -9999 -9999 -9999 -9999 -9999 -9999 -9999 -3.1524691581726074219 -2.4736585617065429688 -1.9434249401092529297 -1.5077043771743774414 -1.3719179630279541016 -0.98758095502853393555 -1.1406810283660888672 -0.36381554603576660156 -0.9274355769157409668 -0.83452320098876953125 -0.90444827079772949219 -1.1666013002395629883 -0.68913847208023071289 -0.90574651956558227539 -0.29621422290802001953 0.13551309704780578613 -0.072403587400913238525 0.26169496774673461914 0.61046737432479858398 0.3255608975887298584 -0.37618505954742431641 -1.1853584051132202148 -1.1814391613006591797 0.099060304462909698486 0.34295228123664855957 -0.64511483907699584961 -0.49954470992088317871
-9999 -9999 -9999 -9999 -9999 -9999 -9999 -9999 -9999 -9999 -9999 -9999 -9999 -9999 -3.5446116924285888672 -3.1403958797454833984 -2.4403896331787109375 -1.7918426990509033203 -1.189350128173828125 -1.2189975976943969727 -0.26465561985969543457 -0.030691957101225852966 0.38067826628684997559 -0.35709145665168762207 -0.16083848476409912109 -0.7494671940803527832 -0.50389856100082397461 -0.28922304511070251465 -0.95955950021743774414 -0.75800889730453491211 -0.60736125707626342773 -0.23494936525821685791 0.47511154413223266602 -0.051831983029842376709 -0.79187339544296264648 -1.4718240499496459961 -1.5284562110900878906 -1.1529539823532104492 -0.34557995200157165527 -0.21923619508743286133 -1.0126780271530151367 -0.38753110170364379883
-9999 -9999 -9999 -9999 -9999 -9999 -9999 -9999 -9999 -9999 -9999 -9999 -2.8884265422821044922 -2.8785779476165771484 -2.897098541259765625 -2.5324091911315917969 -1.7268644571304321289 -1.0397560596466064453 -0.78468608856201171875 -0.62778168916702270508 0.66543406248092651367 1.1244821548461914063 0.12039695680141448975 0.57462334632873535156 1.1586601734161376953 0.59662032127380371094 0.42402061820030212402 0.3756885826587677002 -0.62000244855880737305 -0.67176800966262817383 -0.88086038827896118164 -0.24873459339141845703 0.49649211764335632324 -0.68400168418884277344 -1.1857275962829589844 -1.4512723684310913086 -1.3717249631881713867 -0.64139378070831298828 -0.41990226507186889648 -0.20246534049510955811 -0.40129896998405456543 -0.78022605180740356445
-9999 -9999 -9999 -9999 -9999 -9999 -9999 -9999 -9999 -9999 -9999 -9999 -2.9291551113128662109 -3.0481474399566650391 -2.0536596775054931641 -1.0257098674774169922 -0.57024091482162475586 -0.76047921180725097656 -1.0273692607879638672 0.54044729471206665039 1.1108429431915283203 1.3403915166854858398 0.37710785865783691406 1.3564544916152954102 1.7931746244430541992 1.5938910245895385742 1.19277191162109375 0.15196527540683746338 -0.62366020679473876953 -0.72486960887908935547 -1.0330269336700439453 -0.46667915582656860352 0.18292227387428283691 -0.50493377447128295898 -1.4330347776412963867 -1.2328865528106689453 -1.1129354238510131836 -0.69980883598327636719 -0.54635530710220336914 -0.34999099373817443848 -0.2039658278226852417 -0.24422957003116607666
-9999 -9999 -9999 -9999 -9999 -9999 -9999 -9999 -9999 -9999 -9999 -9999 -2.893535614013671875 -2.6386847496032714844 -0.94768130779266357422 -0.49431088566780090332 -0.95207500457763671875 -1.2016543149948120117 -0.90946400165557861328 0.4735145270824432373 0.63198888301849365234 0.24388939142227172852 0.39359527826309204102 0.81476509571075439453 1.9429601430892944336 1.8798863887786865234 1.4365284442901611328 1.1931692361831665039 0.79368996620178222656 -0.15207973122596740723 -0.070836201310157775879 0.055069863796234130859 -0.1445109248161315918 -0.9004504084587097168 -1.3275343179702758789 -1.7135684490203857422 -0.69000464677810668945 -0.61223649978637695313 -0.63079082965850830078 -0.60934793949127197266 -0.52954715490341186523 -0.79532736539840698242
-9999 -9999 -9999 -9999 -9999 -9999 -9999 -9999 -9999 -9999 -9999 -1.3927189111709594727 -1.9561713933944702148 -2.5268688201904296875 -1.0028308629989624023 -0.41281557083129882813 -0.84470582008361816406 -1.2308666706085205078 0.052274212241172790527 0.59564435482025146484 -0.31022724509239196777 -0.69238811731338500977 0.45155173540115356445 0.51979601383209228516 1.1531209945678710938 1.6308698654174804688 1.4841153621673583984 1.3074483871459960938 1.2932345867156982422 0.4557768702507019043 0.68595105409622192383 0.20086011290550231934 -0.37549254298210144043 -0.93053966760635375977 -1.4963868856430053711 -1.6377753019332885742 -1.1391611099243164063 -0.60882341861724853516 -0.59310108423233032227 -0.59329617023468017578 -0.35078516602516174316 -0.48992386460304260254
-9999 -9999 -9999 -9999 -9999 -9999 -9999 -9999 -9999 -9999 -9999 -1.3790414333343505859 -1.6261259317398071289 -2.6397042274475097656 -0.65953433513641357422 -0.42954456806182861328 -0.8051974177360534668 -1.0540984869003295898 0.30085709691047668457 0.14836779236793518066 -0.25002720952033996582 -0.2706744074821472168 1.1820713281631469727 1.1049764156341552734 0.73388212919235229492 1.5244547128677368164 1.9765708446502685547 1.0118613243103027344 -0.013266870751976966858 0.54831284284591674805 0.38965001702308654785 -0.35422736406326293945 -0.32378569245338439941 -0.54748040437698364258 -1.1609512567520141602 -1.11318206787109375 -0.47110146284103393555 -0.31347948312759399414 -0.87197905778884887695 -0.78030109405517578125 -0.42263510823249816895 -0.33638912439346313477
-9999 -9999 -9999 -9999 -9999 -9999 -9999 -9999 -9999 -9999 -9999 -0.38046535849571228027 -1.1324284076690673828 -2.2289872169494628906 -0.33897793292999267578 -0.42193898558616638184 -0.92834460735321044922 -0.05977360159158706665 1.0232164859771728516 0.36804267764091491699 0.45364770293235778809 1.1647980213165283203 1.4459470510482788086 1.6371629238128662109 1.7823510169982910156 1.8863995075225830078 2.1050121784210205078 1.4845367670059204102 -0.36542734503746032715 -0.20778137445449829102 -0.60456812381744384766 -0.86261868476867675781 -0.95351827144622802734 -0.52100956439971923828 -0.98804825544357299805 -0.98209178447723388672 -0.45924162864685058594 -0.68953275680541992188 -0.7283649444580078125 -0.10123651474714279175 -0.22637191414833068848 -0.28785282373428344727
-9999 -9999 -9999 -9999 -9999 -9999 -9999 -9999 -9999 -2.7455682754516601563 -2.0677635669708251953 -0.54769539833068847656 -0.97283607721328735352 -1.7566339969635009766 -0.51760053634643554688 -0.66138362884521484375 -0.68994593620300292969 0.63474524021148681641 1.0441323518753051758 0.026459610089659690857 0.71581512689590454102 1.5107798576354980469 1.6698976755142211914 1.6630637645721435547 1.7203431129455566406 1.5994675159454345703 1.5315200090408325195 1.6809046268463134766 0.4825935065746307373 -0.82213634252548217773 -1.0825508832931518555 -0.66258639097213745117 -0.19814877212047576904 0.25600457191467285156 -0.54900079965591430664 -0.692386627197265625 -0.84435546398162841797 -0.90153563022613525391 -0.60932445526123046875 -0.4620781242847442627 -0.14687146246433258057 -0.20103941857814788818
-9999 -9999 -9999 -9999 -9999 -9999 -9999 0.17111657559871673584 -0.37509211897850036621 -1.0920987129211425781 -2.3096177577972412109 -1.7802474498748779297 -2.3566403388977050781 -0.66302764415740966797 -0.23733900487422943115 -0.91369014978408813477 -0.92895185947418212891 0.70246857404708862305 1.2333711385726928711 0.050459641963243484497 0.40097460150718688965 1.5129891633987426758 1.7089214324951171875 1.6720345020294189453 1.7096997499465942383 1.2574100494384765625 1.4093645811080932617 1.334817051887512207 0.5719814300537109375 -0.38827574253082275391 -1.2013790607452392578 -0.46739673614501953125 -0.24326431751251220703 0.031626511365175247192 -0.58684837818145751953 -0.60102581977844238281 -0.58493572473526000977 -0.99312067031860351563 -0.81794643402099609375 -0.75645530223846435547 -0.19525404274463653564 0.61631453037261962891
-9999 -9999 -9999 -9999 -9999 -9999 -9999 -0.027177216485142707825 -0.53460633754730224609 -1.3325107097625732422 -1.8167819976806640625 -2.0621957778930664063 -1.9809594154357910156 0.011205061338841915131 -0.40058395266532897949 -0.84640192985534667969 -1.1197615861892700195 -0.32456198334693908691 0.63448578119277954102 0.41945943236351013184 0.99377429485321044922 1.5254409313201904297 1.6570827960968017578 1.6943098306655883789 1.6730692386627197266 1.1065862178802490234 1.3446559906005859375 0.6591313481330871582 -0.17256399989128112793 -0.19535619020462036133 -0.8590641021728515625 -0.86843520402908325195 -0.91407984495162963867 -0.47691440582275390625 -0.2494036257266998291 0.024783441796898841858 -0.065043158829212188721 -0.74765211343765258789 -0.76892495155334472656 -0.53890907764434814453 -0.23323439061641693115 -0.19248239696025848389
-9999 -9999 -9999 -9999 -9999 -9999 -9999 -0.19440063834190368652 -0.96189093589782714844 -0.83807367086410522461 -0.53637391328811645508 -0.33473643660545349121 -0.43543565273284912109 0.034426763653755187988 -0.52090793848037719727 -0.51513069868087768555 -0.59248870611190795898 0.39442417025566101074 1.5735604763031005859 1.0530203580856323242 0.61156690120697021484 1.3387490510940551758 1.4510915279388427734 1.4971457719802856445 1.5024991035461425781 1.5181949138641357422 1.4326817989349365234 0.1698433607816696167 -0.38130089640617370605 -0.080020390450954437256 -0.83150589466094970703 -0.94111454486846923828 -0.69299489259719848633 -0.79633551836013793945 -0.51593816280364990234 -0.35902860760688781738 -0.22694851458072662354 -0.27767935395240783691 -0.7705847620964050293 -0.49079105257987976074 -0.34822851419448852539 -0.092587552964687347412
-9999 -9999 -9999 -9999 -9999 -9999 -9999 -9999 -9999 0.4873835146427154541 -0.35377386212348937988 -0.41643807291984558105 -0.38259145617485046387 0.046150736510753631592 -0.26358515024185180664 -0.3686974644660949707 -0.30135816335678100586 0.28270322084426879883 1.5075857639312744141 0.9990132451057434082 1.3783729076385498047 1.7497817277908325195 1.252423405647277832 0.69199329614639282227 1.7164503335952758789 1.7177460193634033203 1.2310607433319091797 -0.29107490181922912598 -0.66997998952865600586 -0.80163878202438354492 -1.2791675329208374023 -1.3230415582656860352 -1.0218029022216796875 -0.84546375274658203125 -0.69971793889999389648 -0.67466533184051513672 -1.1018774509429931641 -0.1895789802074432373 -0.58812516927719116211 -0.6610813140869140625 -0.6529083251953125 -0.35477435588836669922
-9999 -9999 -9999 -9999 -9999 -9999 -9999 -9999 -9999 -9999 -9999 -9999 -0.24494814872741699219 0.30590552091598510742 -0.32436639070510864258 -0.37727749347686767578 -0.23522770404815673828 -0.25593364238739013672 0.90780103206634521484 0.63630646467208862305 0.97037333250045776367 0.97694367170333862305 0.54101419448852539063 0.74631398916244506836 0.95230782032012939453 1.034039616584777832 0.61814647912979125977 -0.54474401473999023438 -0.72015112638473510742 -0.71799641847610473633 -1.5456193685531616211 -0.85714840888977050781 -0.99294906854629516602 -0.52185732126235961914 -1.0530836582183837891 -1.2361627817153930664 -1.5250263214111328125 -0.66967409849166870117 -0.80445533990859985352 -0.47487410902976989746 -1.0135579109191894531 -1.0526460409164428711
-9999 -9999 -9999 -9999 -9999 -9999 -9999 -9999 -9999 -9999 -9999 -9999 -9999 -9999 -9999 -9999 -9999 -9999 0.43287387490272521973 0.45925843715667724609 -0.43675842881202697754 -0.16289156675338745117 0.23376394808292388916 0.68741321563720703125 0.82483643293380737305 0.68000835180282592773 -0.010844549164175987244 -0.79514199495315551758 -1.0331796407699584961 -0.98261475563049316406 -1.5285818576812744141 -1.1990001201629638672 -1.4904794692993164063 -1.1626336574554443359 -0.30441120266914367676 -0.4642772674560546875 -1.0825018882751464844 -0.36891451478004455566 -0.54444265365600585938 -0.69240653514862060547 -1.1333435773849487305 -0.83145481348037719727
