INPUT/RASTER/ASCII_standard/nitrogen.asc
ncols        225
nrows        269
xllcorner    473009.983799999987
yllcorner    4429051.174800000153
cellsize     50.000000000000
NODATA_value  -9999
[rows 34 to 50 of 269, columns 39 to 77 of 225]
1.5620675086975097656 1.5905420780181884766 1.6190161705017089844 1.6523901224136352539 1.7053998708724975586 1.7584096193313598633 1.8114194869995117188 1.8644292354583740234 1.8899911642074584961 1.8055380582809448242 1.721085667610168457 1.6366325616836547852 1.5521800518035888672 1.4600505828857421875 1.3371524810791015625 1.2142543792724609375 1.0913556814193725586 0.9684575200080871582 0.87413233518600463867 0.8943309783935546875 0.91452956199645996094 0.93472820520401000977 0.9549267888069152832 0.99389564990997314453 1.1080991029739379883 1.2223020792007446289 1.3365049362182617188 1.4507083892822265625 1.5264379978179931641 1.4479618072509765625 1.3694856166839599609 1.2910094261169433594 1.2125338315963745117 1.1541235446929931641 1.1761415004730224609 1.1981595754623413086 1.2201769351959228516 1.2421950101852416992 1.2538300752639770508
1.5513952970504760742 1.6035687923431396484 1.6557424068450927734 1.7046992778778076172 1.7407643795013427734 1.7768290042877197266 1.8128942251205444336 1.8489593267440795898 1.8646981716156005859 1.7989673614501953125 1.733237147331237793 1.6675062179565429688 1.6017760038375854492 1.5197559595108032227 1.3724480867385864258 1.225139617919921875 1.0778317451477050781 0.93052327632904052734 0.81720685958862304688 0.84013062715530395508 0.86305439472198486328 0.88597869873046875 0.9089024662971496582 0.94423198699951171875 1.0292856693267822266 1.1143387556076049805 1.1993924379348754883 1.2844455242156982422 1.3431632518768310547 1.2963252067565917969 1.2494872808456420898 1.2026498317718505859 1.1558117866516113281 1.1229119300842285156 1.1458774805068969727 1.1688436269760131836 1.1918091773986816406 1.2147747278213500977 1.2261747121810913086
1.540722966194152832 1.6165955066680908203 1.6924680471420288086 1.7570084333419799805 1.7761284112930297852 1.7952489852905273438 1.8143689632415771484 1.8334894180297851563 1.8394052982330322266 1.7923972606658935547 1.7453886270523071289 1.6983799934387207031 1.6513718366622924805 1.5794619321823120117 1.4077436923980712891 1.2360254526138305664 1.0643078088760375977 0.89258950948715209961 0.76028084754943847656 0.78593033552169799805 0.81157976388931274414 0.83722865581512451172 0.86287808418273925781 0.89456880092620849609 0.95047211647033691406 1.0063760280609130859 1.0622793436050415039 1.118183135986328125 1.1598889827728271484 1.1446892023086547852 1.1294894218444824219 1.1142896413803100586 1.0990897417068481445 1.0916997194290161133 1.1156134605407714844 1.1395270824432373047 1.1634408235549926758 1.18735504150390625 1.1985194683074951172
1.5300507545471191406 1.6296222209930419922 1.7291938066482543945 1.8093175888061523438 1.811492919921875 1.8136682510375976563 1.8158441781997680664 1.8180195093154907227 1.8141124248504638672 1.785826563835144043 1.7575401067733764648 1.7292542457580566406 1.7009677886962890625 1.6391679048538208008 1.4430392980575561523 1.2469112873077392578 1.0507832765579223633 0.85465526580810546875 0.70335483551025390625 0.73172944784164428711 0.76010459661483764648 0.78847914934158325195 0.81685376167297363281 0.84490513801574707031 0.87165862321853637695 0.8984127044677734375 0.92516624927520751953 0.95192033052444458008 0.97661429643630981445 0.99305266141891479492 1.009490966796875 1.0259293317794799805 1.0423676967620849609 1.0604882240295410156 1.0853494405746459961 1.1102112531661987305 1.1350730657577514648 1.1599347591400146484 1.170864105224609375
1.5929570198059082031 1.6860272884368896484 1.7790970802307128906 1.8517200946807861328 1.842389225959777832 1.8330583572387695313 1.8237274885177612305 1.8143966197967529297 1.8010681867599487305 1.7717177867889404297 1.7423673868179321289 1.713016510009765625 1.6836661100387573242 1.6234639883041381836 1.439606785774230957 1.2557488679885864258 1.0718909502029418945 0.88803315162658691406 0.74266159534454345703 0.751544952392578125 0.76042890548706054688 0.76931226253509521484 0.77819621562957763672 0.79021096229553222656 0.81477558612823486328 0.83934015035629272461 0.86390477418899536133 0.88846933841705322266 0.91484087705612182617 0.94845330715179443359 0.98206621408462524414 1.0156786441802978516 1.0492916107177734375 1.0795290470123291016 1.0970596075057983398 1.1160886287689208984 1.1368167400360107422 1.159481048583984375 1.1702144145965576172
1.6576341390609741211 1.7434760332107543945 1.829317927360534668 1.8938841819763183594 1.8731781244277954102 1.8524715900421142578 1.8317650556564331055 1.8110589981079101563 1.7883188724517822266 1.7574276924133300781 1.7265369892120361328 1.6956458091735839844 1.6647546291351318359 1.6059464216232299805 1.4352413415908813477 1.264536738395690918 1.0938321352005004883 0.92312705516815185547 0.78428328037261962891 0.77314150333404541016 0.7619991302490234375 0.75085735321044921875 0.73971498012542724609 0.73539537191390991211 0.7584196925163269043 0.78144401311874389648 0.80446833372116088867 0.82749211788177490234 0.85599040985107421875 0.90642988681793212891 0.95686882734298706055 1.0073077678680419922 1.0577466487884521484 1.1001039743423461914 1.1111124753952026367 1.1242284774780273438 1.1401197910308837891 1.1597738265991210938 1.1702144145965576172
1.7223111391067504883 1.8009246587753295898 1.8795381784439086914 1.9360482692718505859 1.9039665460586547852 1.8718848228454589844 1.8398025035858154297 1.8077207803726196289 1.7755689620971679688 1.7431374788284301758 1.7107065916061401367 1.6782751083374023438 1.6458436250686645508 1.5884283781051635742 1.4308764934539794922 1.2733246088027954102 1.1157727241516113281 0.95822095870971679688 0.82590490579605102539 0.79473739862442016602 0.76356989145278930664 0.73240238428115844727 0.70123434066772460938 0.68058025836944580078 0.70206379890441894531 0.72354781627655029297 0.7450313568115234375 0.76651537418365478516 0.79714047908782958984 0.8644059300422668457 0.93167084455490112305 0.99893629550933837891 1.0662016868591308594 1.1210150718688964844 1.1267387866973876953 1.1343085765838623047 1.1447898149490356445 1.1602630615234375 1.1702144145965576172
1.7869876623153686523 1.8583732843399047852 1.9297584295272827148 1.9782129526138305664 1.9347554445266723633 1.8912980556488037109 1.8478406667709350586 1.8043831586837768555 1.7628197669982910156 1.7288479804992675781 1.6948761940002441406 1.6609039306640625 1.6269321441650390625 1.5709108114242553711 1.4265116453170776367 1.2821130752563476563 1.1377139091491699219 0.99331480264663696289 0.86752659082412719727 0.81633335351943969727 0.76514011621475219727 0.71394687891006469727 0.66275364160537719727 0.62576466798782348633 0.64570844173431396484 0.66565167903900146484 0.68559491634368896484 0.70553815364837646484 0.73829054832458496094 0.8223819732666015625 0.90647339820861816406 0.99056541919708251953 1.0746568441390991211 1.1422719955444335938 1.1442179679870605469 1.1471171379089355469 1.1518938541412353516 1.1612473726272583008 1.1702144145965576172
1.8516647815704345703 1.9158219099044799805 1.9799791574478149414 2.0203769207000732422 1.9655438661575317383 1.9107112884521484375 1.8558781147003173828 1.8010449409484863281 1.7500704526901245117 1.7145578861236572266 1.6790457963943481445 1.6435332298278808594 1.6080206632614135742 1.5533926486968994141 1.4221467971801757813 1.2909009456634521484 1.1596544981002807617 1.0284087657928466797 0.90914881229400634766 0.83792984485626220703 0.76671087741851806641 0.69549190998077392578 0.62427300214767456055 0.57094961404800415039 0.58935254812240600586 0.60775548219680786133 0.62615847587585449219 0.64456087350845336914 0.67944008111953735352 0.7803580164909362793 0.88127595186233520508 0.98219394683837890625 1.083111882209777832 1.163882136344909668 1.1639019250869750977 1.1639351844787597656 1.1640058755874633789 1.1642476320266723633 1.1702144145965576172
1.8101385831832885742 1.8787543773651123047 1.9473702907562255859 1.9938703775405883789 1.9517300128936767578 1.9095891714096069336 1.8674488067626953125 1.8253078460693359375 1.7843914031982421875 1.748379826545715332 1.7123689651489257813 1.6763573884963989258 1.6403459310531616211 1.5862580537796020508 1.4597183465957641602 1.3331780433654785156 1.206638336181640625 1.0800986289978027344 0.96471875905990600586 0.89407044649124145508 0.8234227299690246582 0.75277447700500488281 0.68212676048278808594 0.62816655635833740234 0.64109498262405395508 0.65402340888977050781 0.66695177555084228516 0.67987966537475585938 0.70516580343246459961 0.77998113632202148438 0.85479652881622314453 0.9296118617057800293 1.0044271945953369141 1.0643037557601928711 1.0643037557601928711 1.0643037557601928711 1.0643037557601928711 1.0643037557601928711 -9999
1.7660567760467529297 1.839412689208984375 1.9127680063247680664 1.9657117128372192383 1.9368426799774169922 1.907973170280456543 1.8791041374206542969 1.8502352237701416016 1.8198451995849609375 1.7833596467971801758 1.7468745708465576172 1.7103890180587768555 1.6739040613174438477 1.6203360557556152344 1.4982990026473999023 1.3762614727020263672 1.2542244195938110352 1.1321873664855957031 1.0206242799758911133 0.9510428309440612793 0.88146132230758666992 0.81187981367111206055 0.74229830503463745117 0.68807989358901977539 0.69543880224227905273 0.70279777050018310547 0.71015667915344238281 0.71751558780670166016 0.73292559385299682617 0.78060609102249145508 0.82828593254089355469 0.87596642971038818359 0.9236462712287902832 0.96180605888366699219 0.96180605888366699219 0.96180605888366699219 0.96180605888366699219 0.96180605888366699219 -9999
1.7219749689102172852 1.8000702857971191406 1.8781657218933105469 1.9375529289245605469 1.9219553470611572266 1.9063577651977539063 1.890759587287902832 1.8751620054244995117 1.8552989959716796875 1.8183393478393554688 1.7813802957534790039 1.7444212436676025391 1.7074617147445678711 1.6544134616851806641 1.5368791818618774414 1.419344782829284668 1.3018105030059814453 1.1842762231826782227 1.0765298604965209961 1.0080145597457885742 0.93949985504150390625 0.87098455429077148438 0.80246984958648681641 0.74799263477325439453 0.74978208541870117188 0.75157207250595092773 0.75336152315139770508 0.75515156984329223633 0.76068598031997680664 0.78123098611831665039 0.80177539587020874023 0.82232040166854858398 0.84286534786224365234 0.85930770635604858398 0.85930770635604858398 0.85930770635604858398 0.85930770635604858398 0.85930770635604858398 -9999
1.6778937578201293945 1.7607285976409912109 1.8435639142990112305 1.9093942642211914063 1.9070680141448974609 1.9047417640686035156 1.9024155139923095703 1.9000887870788574219 1.8907527923583984375 1.8533196449279785156 1.8158860206604003906 1.7784528732299804688 1.7410198450088500977 1.6884914636611938477 1.5754598379135131836 1.4624282121658325195 1.3493965864181518555 1.2363649606704711914 1.1324354410171508789 1.0649869441986083984 0.99753838777542114258 0.93008989095687866211 0.86264079809188842773 0.80790537595748901367 0.80412590503692626953 0.80034643411636352539 0.79656696319580078125 0.79278749227523803711 0.78844636678695678711 0.7818558812141418457 0.7752653956413269043 0.76867437362670898438 0.76208388805389404297 0.75680935382843017578 0.75680935382843017578 0.75680935382843017578 0.75680935382843017578 0.75680935382843017578 -9999
1.63381195068359375 1.7213867902755737305 1.8089616298675537109 1.8812354803085327148 1.8921806812286376953 1.903125762939453125 1.9140709638595581055 1.9250160455703735352 1.9262065887451171875 1.8882994651794433594 1.8503923416137695313 1.8124845027923583984 1.7745773792266845703 1.7225688695907592773 1.6140404939651489258 1.5055116415023803711 1.3969826698303222656 1.2884544134140014648 1.1883410215377807617 1.1219587326049804688 1.0555769205093383789 0.98919463157653808594 0.92281234264373779297 0.86781871318817138672 0.85846972465515136719 0.84912079572677612305 0.83977186679840087891 0.83042287826538085938 0.81620681285858154297 0.78248083591461181641 0.74875485897064208984 0.71502888202667236328 0.68130296468734741211 0.65431100130081176758 0.65431100130081176758 0.65431100130081176758 0.65431100130081176758 0.65431100130081176758 -9999
1.4815154075622558594 1.580656886100769043 1.6797984838485717773 1.762939453125 1.7819492816925048828 1.8009591102600097656 1.8199683427810668945 1.8389781713485717773 1.8458116054534912109 1.8038436174392700195 1.7618755102157592773 1.719906926155090332 1.6779389381408691406 1.6247574090957641602 1.5266329050064086914 1.4285084009170532227 1.3303834199905395508 1.232258915901184082 1.1406390666961669922 1.0750918388366699219 1.0095452070236206055 0.94399803876876831055 0.87845081090927124023 0.82703328132629394531 0.83224904537200927734 0.83746427297592163086 0.84268003702163696289 0.84789580106735229492 0.84486162662506103516 0.80876255035400390625 0.77266347408294677734 0.73656380176544189453 0.70046472549438476563 0.67229866981506347656 0.67679631710052490234 0.68353593349456787109 0.69474780559539794922 0.71709406375885009766 0.76103746891021728516
1.3266147375106811523 1.4374873638153076172 1.548359990119934082 1.6424750089645385742 1.6694239377975463867 1.6963723897933959961 1.7233214378356933594 1.7502698898315429688 1.7626298666000366211 1.7165139913558959961 1.6703985929489135742 1.6242827177047729492 1.5781674385070800781 1.5237727165222167969 1.4361939430236816406 1.3486157655715942383 1.261036992073059082 1.1734582185745239258 1.0904448032379150391 1.0257270336151123047 0.9610093235969543457 0.89629161357879638672 0.83157384395599365234 0.78382503986358642578 0.80408978462219238281 0.82435393333435058594 0.84461867809295654297 0.86488282680511474609 0.87353789806365966797 0.83566129207611083984 0.79778462648391723633 0.75990796089172363281 0.7220312952995300293 0.69284701347351074219 0.69946068525314331055 0.70825481414794921875 0.72051817178726196289 0.73880922794342041016 0.76103746891021728516
1.1717145442962646484 1.2943177223205566406 1.4169213771820068359 1.5220104455947875977 1.5568985939025878906 1.5917862653732299805 1.6266745328903198242 1.6615622043609619141 1.6794475317001342773 1.6291849613189697266 1.5789217948913574219 1.5286591053009033203 1.4783959388732910156 1.4227881431579589844 1.3457555770874023438 1.2687230110168457031 1.1916905641555786133 1.1146579980850219727 1.0402500629425048828 0.97636169195175170898 0.91247344017028808594 0.8485851287841796875 0.78469687700271606445 0.74061679840087890625 0.77593046426773071289 0.81124359369277954102 0.84655725955963134766 0.88187038898468017578 0.90221476554870605469 0.86256057024002075195 0.82290631532669067383 0.7832520604133605957 0.74359786510467529297 0.71306145191192626953 0.7197163701057434082 0.72768104076385498047 0.73738652467727661133 0.74947130680084228516 0.76103746891021728516
