INPUT/RASTER/ASCII_standard/nitrogen.asc
ncols        225
nrows        269
xllcorner    473009.983799999987
yllcorner    4429051.174800000153
cellsize     50.000000000000
NODATA_value  -9999
[rows 204 to 220 of 269, columns 78 to 116 of 225]
0.16229136288166046143 0.15931253135204315186 0.15633371472358703613 0.15335544943809509277 0.14764414727687835693 0.13098315894603729248 0.11432161927223205566 0.097660072147846221924 0.080998525023460388184 0.057620488107204437256 0.0073194317519664764404 -0.042981624603271484375 -0.093282677233219146729 -0.14358316361904144287 -0.17225778102874755859 -0.11424973607063293457 -0.056241702288389205933 0.0017663362668827176094 0.059774372726678848267 0.09700463712215423584 0.050953723490238189697 0.0049028070643544197083 -0.04114810749888420105 -0.087199024856090545654 -0.12994451820850372314 -0.1594406813383102417 -0.18893627822399139404 -0.21843242645263671875 -0.2479285895824432373 -0.27135577797889709473 -0.27045908570289611816 -0.26956295967102050781 -0.26866680383682250977 -0.2677701115608215332 -0.26621910929679870605 -0.262042999267578125 -0.25786629319190979004 -0.25369018316268920898 -0.24951349198818206787
0.18411444127559661865 0.19191917777061462402 0.19972334802150726318 0.2075275033712387085 0.21307325363159179688 0.20956443250179290771 0.20605617761611938477 0.20254792273044586182 0.19903908669948577881 0.18266175687313079834 0.11470527201890945435 0.04674878343939781189 -0.021208269521594047546 -0.089164756238460540771 -0.1325137019157409668 -0.077230796217918395996 -0.021948454901576042175 0.033334452658891677856 0.088617362082004547119 0.12631602585315704346 0.093536496162414550781 0.060756959021091461182 0.027977421879768371582 -0.0048021147958934307098 -0.040025398135185241699 -0.08504400402307510376 -0.13006317615509033203 -0.17508178949356079102 -0.22010040283203125 -0.2565192878246307373 -0.25846692919731140137 -0.26041400432586669922 -0.26236167550086975098 -0.26430931687355041504 -0.26628804206848144531 -0.26839220523834228516 -0.27049580216407775879 -0.27259996533393859863 -0.27470356225967407227
0.20593808591365814209 0.22452524304389953613 0.24311241507530212402 0.26170012354850769043 0.27850180864334106445 0.28814628720283508301 0.29779073596000671387 0.30743521451950073242 0.31707966327667236328 0.30770358443260192871 0.22209110856056213379 0.13647861778736114502 0.050866141915321350098 -0.034746341407299041748 -0.092769637703895568848 -0.040212422609329223633 0.012344791553914546967 0.064902000129222869873 0.1174597814679145813 0.15562742948532104492 0.13611926138401031494 0.11661110818386077881 0.097102954983711242676 0.077594794332981109619 0.04989372938871383667 -0.010647894814610481262 -0.071189515292644500732 -0.13173113763332366943 -0.19227276742458343506 -0.24168276786804199219 -0.24647420644760131836 -0.25126564502716064453 -0.2560570836067199707 -0.26084852218627929688 -0.26635697484016418457 -0.27474144101142883301 -0.28312531113624572754 -0.29150921106338500977 -0.29989364743232727051
0.22776116430759429932 0.25713130831718444824 0.28650203347206115723 0.3158721923828125 0.34393036365509033203 0.36672756075859069824 0.38952529430389404297 0.41232249140739440918 0.43512022495269775391 0.43274542689323425293 0.32947695255279541016 0.22620846331119537354 0.12294055521488189697 0.019672075286507606506 -0.053025562316179275513 -0.0031934797298163175583 0.046638038009405136108 0.096470117568969726563 0.1463022083044052124 0.18493825197219848633 0.17870204150676727295 0.17246526479721069336 0.16622848808765411377 0.15999226272106170654 0.13981229066848754883 0.063748218119144439697 -0.012316422536969184875 -0.088381059467792510986 -0.16444513201713562012 -0.22684626281261444092 -0.23448148369789123535 -0.24211671948432922363 -0.24975194036960601807 -0.2573871612548828125 -0.26642647385597229004 -0.28109064698219299316 -0.29575482010841369629 -0.31041899323463439941 -0.32508316636085510254
0.15002855658531188965 0.18532191216945648193 0.22061581909656524658 0.25590917468070983887 0.28738293051719665527 0.30354666709899902344 0.3197104334831237793 0.33587476611137390137 0.35203850269317626953 0.34870767593383789063 0.26724135875701904297 0.18577449023723602295 0.10430762171745300293 0.02284131757915019989 -0.035632304847240447998 -0.0019481580238789319992 0.031735423952341079712 0.065419569611549377441 0.099103718996047973633 0.12437064200639724731 0.11590030044317245483 0.10742996633052825928 0.098959632217884063721 0.090489298105239868164 0.068426080048084259033 -0.0081188287585973739624 -0.08466374129056930542 -0.16120865941047668457 -0.2377535700798034668 -0.29918906092643737793 -0.30006429553031921387 -0.3009395301342010498 -0.30181476473808288574 -0.30268996953964233398 -0.30590894818305969238 -0.31852263212203979492 -0.33113574981689453125 -0.34374943375587463379 -0.35636255145072937012
0.069900244474411010742 0.11100038141012191772 0.1520999521017074585 0.1932000964879989624 0.22790072858333587646 0.236955299973487854 0.24600930511951446533 0.25506332516670227051 0.26411733031272888184 0.25963947176933288574 0.20092402398586273193 0.14220857620239257813 0.083492554724216461182 0.024777103215456008911 -0.018776953220367431641 -0.0015639389166608452797 0.015649640932679176331 0.032862655818462371826 0.05007623136043548584 0.06164066120982170105 0.05056328698992729187 0.03948591277003288269 0.028408538550138473511 0.017331164330244064331 -0.0068418658338487148285 -0.08350543677806854248 -0.16016900539398193359 -0.23683257400989532471 -0.31349557638168334961 -0.37362980842590332031 -0.36751395463943481445 -0.36139810085296630859 -0.35528221726417541504 -0.34916636347770690918 -0.34634009003639221191 -0.3567021489143371582 -0.3670641779899597168 -0.37742623686790466309 -0.38778829574584960938
-0.010227513499557971954 0.036678288131952285767 0.083584658801555633545 0.13049045205116271973 0.16841852664947509766 0.17036335170269012451 0.17230761051177978516 0.17425188422203063965 0.1761967092752456665 0.17057128250598907471 0.1346066892147064209 0.098642088472843170166 0.062677487730979919434 0.026712888851761817932 -0.0019216017099097371101 -0.0011791548458859324455 -0.00043670804006978869438 0.0003057387948501855135 0.0010481856297701597214 -0.0010898804757744073868 -0.014774294570088386536 -0.028458142653107643127 -0.042142558842897415161 -0.055826406925916671753 -0.082109816372394561768 -0.15889203548431396484 -0.23567369580268859863 -0.31245592236518859863 -0.38923758268356323242 -0.44807112216949462891 -0.43496361374855041504 -0.42185664176940917969 -0.40874913334846496582 -0.39564216136932373047 -0.38677179813385009766 -0.3948822021484375 -0.40299263596534729004 -0.41110303997993469238 -0.41921401023864746094
-0.090355835855007171631 -0.037643805146217346191 0.015068790875375270844 0.067780822515487670898 0.10893633216619491577 0.10377141088247299194 0.098605923354625701904 0.093441002070903778076 0.088275521993637084961 0.081503093242645263672 0.06828991323709487915 0.055076166987419128418 0.041862420737743377686 0.028649240732192993164 0.014933184720575809479 -0.00079493579687550663948 -0.016523055732250213623 -0.032251175493001937866 -0.04797986149787902832 -0.063820421695709228516 -0.08011130988597869873 -0.096402198076248168945 -0.11269365251064300537 -0.12898454070091247559 -0.15737776458263397217 -0.23427808284759521484 -0.31117838621139526367 -0.38807928562164306641 -0.46497958898544311523 -0.52251189947128295898 -0.50241327285766601563 -0.48231464624404907227 -0.46221661567687988281 -0.44211798906326293945 -0.42720293998718261719 -0.43306171894073486328 -0.43892106413841247559 -0.44478040933609008789 -0.45063918828964233398
-0.17048415541648864746 -0.11196532845497131348 -0.053447071462869644165 0.0050717503763735294342 0.049454703927040100098 0.037179470062255859375 0.024904234334826469421 0.012629564851522445679 0.00035433121956884860992 -0.0075651016086339950562 0.0019725714810192584991 0.011510244570672512054 0.021047353744506835938 0.030585026368498802185 0.031788535416126251221 -0.00041015172610059380531 -0.032609403133392333984 -0.064808659255504608154 -0.097007341682910919189 -0.12655040621757507324 -0.14544832706451416016 -0.16434624791145324707 -0.18324418365955352783 -0.20214210450649261475 -0.23264572024345397949 -0.30966469645500183105 -0.38668364286422729492 -0.46370261907577514648 -0.54072159528732299805 -0.59695231914520263672 -0.56986290216445922852 -0.54277318716049194336 -0.51568353176116943359 -0.48859438300132751465 -0.46763408184051513672 -0.47124180197715759277 -0.47484949231147766113 -0.47845721244812011719 -0.48206490278244018555
-0.23743771016597747803 -0.1934779733419418335 -0.14951822161674499512 -0.10555847734212875366 -0.072676107287406921387 -0.084192506968975067139 -0.095708906650543212891 -0.10722531378269195557 -0.11874114722013473511 -0.12816524505615234375 -0.12920151650905609131 -0.13023720681667327881 -0.13127346336841583252 -0.13230973482131958008 -0.13805153965950012207 -0.16265343129634857178 -0.18725532293319702148 -0.21185776591300964355 -0.23645965754985809326 -0.25884887576103210449 -0.2723700106143951416 -0.2858905792236328125 -0.2994111180305480957 -0.31293225288391113281 -0.3365910947322845459 -0.40088450908660888672 -0.46517792344093322754 -0.52947133779525756836 -0.59376502037048339844 -0.64056432247161865234 -0.61724478006362915039 -0.59392493963241577148 -0.57060533761978149414 -0.54728555679321289063 -0.52457255125045776367 -0.5042908787727355957 -0.48400974273681640625 -0.46372804045677185059 -0.44344636797904968262
-0.30407428741455078125 -0.27516350150108337402 -0.2462527155876159668 -0.21734192967414855957 -0.19631384313106536865 -0.20688270032405853271 -0.21745097637176513672 -0.22801926732063293457 -0.23858754336833953857 -0.24952366948127746582 -0.26193565130233764648 -0.27434703707695007324 -0.28675901889801025391 -0.29917040467262268066 -0.31238359212875366211 -0.32880952954292297363 -0.34523546695709228516 -0.36166140437126159668 -0.37808731198310852051 -0.3928209841251373291 -0.40077263116836547852 -0.40872427821159362793 -0.41667589545249938965 -0.42462697625160217285 -0.44122636318206787109 -0.49248516559600830078 -0.54374450445175170898 -0.59500354528427124023 -0.64626264572143554688 -0.68343466520309448242 -0.66414380073547363281 -0.64485287666320800781 -0.62556195259094238281 -0.60627132654190063477 -0.58190846443176269531 -0.53721672296524047852 -0.49252527952194213867 -0.44783380627632141113 -0.40314236283302307129
-0.37071087956428527832 -0.3568490445613861084 -0.34298720955848693848 -0.32912537455558776855 -0.31995216012001037598 -0.32957231998443603516 -0.33919304609298706055 -0.34881320595741271973 -0.3584333956241607666 -0.3708826601505279541 -0.39466977119445800781 -0.41845688223838806152 -0.44224455952644348145 -0.46603167057037353516 -0.48671621084213256836 -0.49496617913246154785 -0.50321561098098754883 -0.51146554946899414063 -0.51971554756164550781 -0.52679365873336791992 -0.52917581796646118164 -0.53155797719955444336 -0.53394013643264770508 -0.5363222956657409668 -0.54586166143417358398 -0.58408606052398681641 -0.62231081724166870117 -0.66053551435470581055 -0.69876021146774291992 -0.72630476951599121094 -0.71104282140731811523 -0.69578081369400024414 -0.68051886558532714844 -0.66525661945343017578 -0.63924413919448852539 -0.57014262676239013672 -0.50104135274887084961 -0.43193957209587097168 -0.36283835768699645996
-0.4373480379581451416 -0.43853458762168884277 -0.43972170352935791016 -0.44090825319290161133 -0.44358989596366882324 -0.45226249098777770996 -0.46093454957008361816 -0.46960717439651489258 -0.47827979922294616699 -0.49224162101745605469 -0.52740442752838134766 -0.56256669759750366211 -0.59772980213165283203 -0.63289237022399902344 -0.66104853153228759766 -0.66112232208251953125 -0.66119605302810668945 -0.6612694859504699707 -0.66134321689605712891 -0.66076576709747314453 -0.65757870674133300781 -0.65439170598983764648 -0.65120464563369750977 -0.64801758527755737305 -0.65049695968627929688 -0.67568701505661010742 -0.70087707042694091797 -0.72606748342514038086 -0.75125753879547119141 -0.76917487382888793945 -0.75794184207916259766 -0.74670851230621337891 -0.73547548055648803711 -0.72424215078353881836 -0.69658005237579345703 -0.60306847095489501953 -0.50955688953399658203 -0.41604590415954589844 -0.32253432273864746094
-0.50398463010787963867 -0.52022010087966918945 -0.53645622730255126953 -0.55269169807434082031 -0.56722819805145263672 -0.5749524235725402832 -0.58267688751220703125 -0.59040141105651855469 -0.59812563657760620117 -0.61360031366348266602 -0.66013860702514648438 -0.70667684078216552734 -0.75321507453918457031 -0.79975330829620361328 -0.83538115024566650391 -0.82727867364883422852 -0.81917619705200195313 -0.81107366085052490234 -0.80297118425369262695 -0.79473817348480224609 -0.78598159551620483398 -0.77722537517547607422 -0.76846915483474731445 -0.7597128748893737793 -0.75513219833374023438 -0.76728796958923339844 -0.77944368124008178711 -0.79159939289093017578 -0.80375516414642333984 -0.81204521656036376953 -0.80484086275100708008 -0.79763644933700561523 -0.79043203592300415039 -0.78322768211364746094 -0.75391572713851928711 -0.63599437475204467773 -0.51807302236557006836 -0.40015166997909545898 -0.28223031759262084961
-0.55097913742065429688 -0.56444430351257324219 -0.5779094696044921875 -0.5913746953010559082 -0.60551422834396362305 -0.62235772609710693359 -0.63920092582702636719 -0.65604436397552490234 -0.67288756370544433594 -0.69206321239471435547 -0.72058641910552978516 -0.74910956621170043945 -0.77763277292251586914 -0.80615592002868652344 -0.82959187030792236328 -0.83263683319091796875 -0.83568203449249267578 -0.83872699737548828125 -0.84177190065383911133 -0.84153348207473754883 -0.82813358306884765625 -0.81473362445831298828 -0.8013337254524230957 -0.78793376684188842773 -0.77798140048980712891 -0.7818470001220703125 -0.78571236133575439453 -0.78957772254943847656 -0.79344338178634643555 -0.79509413242340087891 -0.78786879777908325195 -0.78064322471618652344 -0.77341794967651367188 -0.76619267463684082031 -0.73894417285919189453 -0.63144195079803466797 -0.52393972873687744141 -0.41643691062927246094 -0.30893465876579284668
-0.59750157594680786133 -0.60776728391647338867 -0.61803299188613891602 -0.62829869985580444336 -0.6417471766471862793 -0.66795152425765991211 -0.69415581226348876953 -0.72036039829254150391 -0.74656468629837036133 -0.76949381828308105469 -0.77929478883743286133 -0.78909575939178466797 -0.79889672994613647461 -0.80869770050048828125 -0.81946855783462524414 -0.83412623405456542969 -0.84878361225128173828 -0.86344128847122192383 -0.87809872627258300781 -0.88623118400573730469 -0.86820989847183227539 -0.85018885135650634766 -0.83216756582260131836 -0.81414657831192016602 -0.79886287450790405273 -0.79455226659774780273 -0.79024165868759155273 -0.78593075275421142578 -0.78162014484405517578 -0.77670383453369140625 -0.76935988664627075195 -0.76201593875885009766 -0.75467199087142944336 -0.74732804298400878906 -0.72223287820816040039 -0.62598741054534912109 -0.52974200248718261719 -0.43349680304527282715 -0.3372510373592376709
-0.64402371644973754883 -0.65109020471572875977 -0.65815645456314086914 -0.66522270441055297852 -0.67797988653182983398 -0.71354532241821289063 -0.74911069869995117188 -0.78467643260955810547 -0.82024180889129638672 -0.84692442417144775391 -0.8380031585693359375 -0.82908225059509277344 -0.82016104459762573242 -0.81123977899551391602 -0.809345245361328125 -0.83561539649963378906 -0.86188548803329467773 -0.88815534114837646484 -0.91442549228668212891 -0.93092882633209228516 -0.90828645229339599609 -0.88564407825469970703 -0.86300146579742431641 -0.84035909175872802734 -0.81974428892135620117 -0.80725747346878051758 -0.79477065801620483398 -0.782283782958984375 -0.76979696750640869141 -0.75831335783004760742 -0.75085097551345825195 -0.74338865280151367188 -0.7359263300895690918 -0.72846376895904541016 -0.70552134513854980469 -0.62053292989730834961 -0.53554481267929077148 -0.45055612921714782715 -0.36556798219680786133
