INPUT/RASTER/ASCII_standard/nitrogen.asc
ncols        225
nrows        269
xllcorner    473009.983799999987
yllcorner    4429051.174800000153
cellsize     50.000000000000
NODATA_value  -9999
[rows 68 to 84 of 269, columns 39 to 77 of 225]
1.0865303277969360352 1.123856663703918457 1.161182403564453125 1.1653839349746704102 1.0368168354034423828 0.90824985504150390625 0.7796828150749206543 0.65111577510833740234 0.56005078554153442383 0.61929792165756225586 0.67854559421539306641 0.73779273033142089844 0.79704046249389648438 0.84670531749725341797 0.85796236991882324219 0.86921942234039306641 0.88047647476196289063 0.89173293113708496094 0.89246129989624023438 0.85098820924758911133 0.80951458215713500977 0.76804155111312866211 0.72656846046447753906 0.69562417268753051758 0.7068812251091003418 0.71813827753067016602 0.72939532995223999023 0.74065178632736206055 0.74753159284591674805 0.7368672490119934082 0.72620290517807006836 0.71553856134414672852 0.70487368106842041016 0.69527441263198852539 0.68994164466857910156 0.68460947275161743164 0.67927730083465576172 0.6739451289176940918 0.66541832685470581055
1.0865303277969360352 1.123856663703918457 1.161182403564453125 1.1653839349746704102 1.0368168354034423828 0.90824985504150390625 0.7796828150749206543 0.65111577510833740234 0.56005078554153442383 0.61929792165756225586 0.67854559421539306641 0.73779273033142089844 0.79704046249389648438 0.84670531749725341797 0.85796236991882324219 0.86921942234039306641 0.88047647476196289063 0.89173293113708496094 0.89246129989624023438 0.85098820924758911133 0.80951458215713500977 0.76804155111312866211 0.72656846046447753906 0.69562417268753051758 0.7068812251091003418 0.71813827753067016602 0.72939532995223999023 0.74065178632736206055 0.74753159284591674805 0.7368672490119934082 0.72620290517807006836 0.71553856134414672852 0.70487368106842041016 0.69527441263198852539 0.68994164466857910156 0.68460947275161743164 0.67927730083465576172 0.6739451289176940918 0.66541832685470581055
1.0865303277969360352 1.123856663703918457 1.161182403564453125 1.1653839349746704102 1.0368168354034423828 0.90824985504150390625 0.7796828150749206543 0.65111577510833740234 0.56005078554153442383 0.61929792165756225586 0.67854559421539306641 0.73779273033142089844 0.79704046249389648438 0.84670531749725341797 0.85796236991882324219 0.86921942234039306641 0.88047647476196289063 0.89173293113708496094 0.89246129989624023438 0.85098820924758911133 0.80951458215713500977 0.76804155111312866211 0.72656846046447753906 0.69562417268753051758 0.7068812251091003418 0.71813827753067016602 0.72939532995223999023 0.74065178632736206055 0.74753159284591674805 0.7368672490119934082 0.72620290517807006836 0.71553856134414672852 0.70487368106842041016 0.69527441263198852539 0.68994164466857910156 0.68460947275161743164 0.67927730083465576172 0.6739451289176940918 0.66541832685470581055
1.0865303277969360352 1.123856663703918457 1.161182403564453125 1.1653839349746704102 1.0368168354034423828 0.90824985504150390625 0.7796828150749206543 0.65111577510833740234 0.56005078554153442383 0.61929792165756225586 0.67854559421539306641 0.73779273033142089844 0.79704046249389648438 0.84670531749725341797 0.85796236991882324219 0.86921942234039306641 0.88047647476196289063 0.89173293113708496094 0.89246129989624023438 0.85098820924758911133 0.80951458215713500977 0.76804155111312866211 0.72656846046447753906 0.69562417268753051758 0.7068812251091003418 0.71813827753067016602 0.72939532995223999023 0.74065178632736206055 0.74753159284591674805 0.7368672490119934082 0.72620290517807006836 0.71553856134414672852 0.70487368106842041016 0.69527441263198852539 0.68994164466857910156 0.68460947275161743164 0.67927730083465576172 0.6739451289176940918 0.66541832685470581055
1.0865303277969360352 1.123856663703918457 1.161182403564453125 1.1653839349746704102 1.0368168354034423828 0.90824985504150390625 0.7796828150749206543 0.65111577510833740234 0.56005078554153442383 0.61929792165756225586 0.67854559421539306641 0.73779273033142089844 0.79704046249389648438 0.84670531749725341797 0.85796236991882324219 0.86921942234039306641 0.88047647476196289063 0.89173293113708496094 0.89246129989624023438 0.85098820924758911133 0.80951458215713500977 0.76804155111312866211 0.72656846046447753906 0.69562417268753051758 0.7068812251091003418 0.71813827753067016602 0.72939532995223999023 0.74065178632736206055 0.74753159284591674805 0.7368672490119934082 0.72620290517807006836 0.71553856134414672852 0.70487368106842041016 0.69527441263198852539 0.68994164466857910156 0.68460947275161743164 0.67927730083465576172 0.6739451289176940918 0.66541832685470581055
1.1196031570434570313 1.1498705148696899414 1.1801384687423706055 1.1808623075485229492 1.0631721019744873047 0.94548183679580688477 0.82779157161712646484 0.71010130643844604492 0.62552338838577270508 0.67366266250610351563 0.72180187702178955078 0.76994115114212036133 0.81808042526245117188 0.86026430130004882813 0.87857967615127563477 0.89689505100250244141 0.91521042585372924805 0.93352580070495605469 0.93951004743576049805 0.89606952667236328125 0.85262906551361083984 0.80918914079666137695 0.76574867963790893555 0.72981059551239013672 0.72394222021102905273 0.71807438135147094727 0.71220600605010986328 0.7063376307487487793 0.69807916879653930664 0.68024069070816040039 0.66240221261978149414 0.6445636749267578125 0.62672519683837890625 0.61119878292083740234 0.60494112968444824219 0.59868288040161132813 0.59242516756057739258 0.58616691827774047852 0.57895600795745849609
1.1534714698791503906 1.1765104532241821289 1.1995500326156616211 1.1967130899429321289 1.0901618003845214844 0.98360991477966308594 0.8770580291748046875 0.77050620317459106445 0.69257128238677978516 0.72933483123779296875 0.76609897613525390625 0.80286252498626708984 0.83962607383728027344 0.87414926290512084961 0.89969307184219360352 0.92523688077926635742 0.95078009366989135742 0.97632384300231933594 0.98769050836563110352 0.94223570823669433594 0.89678150415420532227 0.8513266444206237793 0.80587184429168701172 0.76481974124908447266 0.74141401052474975586 0.71800887584686279297 0.69460314512252807617 0.67119801044464111328 0.64743685722351074219 0.62225186824798583984 0.59706628322601318359 0.57188129425048828125 0.54669576883316040039 0.52510094642639160156 0.51789456605911254883 0.51068878173828125 0.50348299741744995117 0.49627718329429626465 0.49041330814361572266
1.1873391866683959961 1.2031503915786743164 1.2189615964889526367 1.2125643491744995117 1.1171509027481079102 1.0217379331588745117 0.92632454633712768555 0.8309116363525390625 0.75961977243423461914 0.78500765562057495117 0.81039601564407348633 0.83578389883041381836 0.86117225885391235352 0.888034820556640625 0.92080646753311157227 0.95357811450958251953 0.98635029792785644531 1.0191218852996826172 1.0358716249465942383 0.98840248584747314453 0.94093334674835205078 0.89346420764923095703 0.84599506855010986328 0.79982888698577880859 0.75888639688491821289 0.71794331073760986328 0.67700082063674926758 0.63605779409408569336 0.59679454565048217773 0.56426244974136352539 0.53173041343688964844 0.4991989433765411377 0.46666687726974487305 0.43900254368782043457 0.43084862828254699707 0.42269471287727355957 0.41454079747200012207 0.40638685226440429688 0.40187004208564758301
1.2212076187133789063 1.2297903299331665039 1.2383736371994018555 1.2284151315689086914 1.1441406011581420898 1.0598660707473754883 0.97559159994125366211 0.89131653308868408203 0.82666772603988647461 0.8406804203987121582 0.8546931147575378418 0.86870580911636352539 0.88271850347518920898 0.90191984176635742188 0.94191986322402954102 0.98191988468170166016 1.0219199657440185547 1.0619199275970458984 1.0840520858764648438 1.0345686674118041992 0.9850851893424987793 0.93560171127319335938 0.88611769676208496094 0.83483803272247314453 0.77635818719863891602 0.71787780523300170898 0.65939795970916748047 0.60091811418533325195 0.54615217447280883789 0.50627362728118896484 0.46639510989189147949 0.42651656270027160645 0.38663744926452636719 0.35290470719337463379 0.34380266070365905762 0.33470064401626586914 0.32559916377067565918 0.31649711728096008301 0.31332731246948242188
1.2550759315490722656 1.2564308643341064453 1.2577852010726928711 1.2442663908004760742 1.1711302995681762695 1.0979942083358764648 1.0248581171035766602 0.95172196626663208008 0.89371562004089355469 0.89635318517684936523 0.89899015426635742188 0.90162718296051025391 0.90426415205001831055 0.91580539941787719727 0.96303325891494750977 1.0102616548538208008 1.0574901103973388672 1.1047179698944091797 1.1322331428527832031 1.0807348489761352539 1.0292370319366455078 0.9777386784553527832 0.9262409210205078125 0.86984717845916748047 0.79382997751235961914 0.7178122401237487793 0.64179503917694091797 0.56577789783477783203 0.49550986289978027344 0.44828426837921142578 0.40105921030044555664 0.35383361577987670898 0.30660855770111083984 0.2668063044548034668 0.25675669312477111816 0.24670656025409698486 0.23665696382522583008 0.22660681605339050293 0.22478459775447845459
1.3339753150939941406 1.3380531072616577148 1.3421308994293212891 1.3321830034255981445 1.2660199403762817383 1.199856877326965332 1.1336938142776489258 1.0675306320190429688 1.0155600309371948242 1.0204757452011108398 1.0253908634185791016 1.030306696891784668 1.0352224111557006836 1.0490825176239013672 1.0987948179244995117 1.1485071182250976563 1.1982194185256958008 1.2479317188262939453 1.2775866985321044922 1.2268517017364501953 1.1761161088943481445 1.1253805160522460938 1.074644923210144043 1.0143435001373291016 0.91569751501083374023 0.81705152988433837891 0.71840608119964599609 0.61976009607315063477 0.53125524520874023438 0.4833939671516418457 0.43553328514099121094 0.38767257332801818848 0.33981186151504516602 0.3003514409065246582 0.29456046223640441895 0.28877007961273193359 0.28297910094261169434 0.27718812227249145508 0.27605128288269042969
1.413958430290222168 1.420998692512512207 1.4280389547348022461 1.4218343496322631836 1.3625437021255493164 1.3032536506652832031 1.2439630031585693359 1.1846723556518554688 1.1387231349945068359 1.1462453603744506836 1.1537675857543945313 1.161290287971496582 1.1688125133514404297 1.1852322816848754883 1.2373148202896118164 1.2893968820571899414 1.3414788246154785156 1.3935608863830566406 1.425278782844543457 1.3753726482391357422 1.3254665136337280273 1.2755609750747680664 1.2256549596786499023 1.1614739894866943359 1.0400770902633666992 0.91868025064468383789 0.79728341102600097656 0.67588716745376586914 0.56907880306243896484 0.52074402570724487305 0.47240924835205078125 0.42407450079917907715 0.37573975324630737305 0.33677542209625244141 0.33536905050277709961 0.3339621424674987793 0.3325557708740234375 0.3311494290828704834 0.33068215847015380859
1.4939415454864501953 1.5039441585540771484 1.5139468908309936523 1.5114850997924804688 1.4590674638748168945 1.4066498279571533203 1.3542320728302001953 1.3018144369125366211 1.2618856430053710938 1.2720148563385009766 1.2821441888809204102 1.2922739982604980469 1.3024032115936279297 1.3213825225830078125 1.3758342266082763672 1.4302866458892822266 1.4847383499145507813 1.5391906499862670898 1.572970271110534668 1.523894190788269043 1.4748176336288452148 1.4257409572601318359 1.3766648769378662109 1.3086043596267700195 1.1644567251205444336 1.0203090906143188477 0.87616133689880371094 0.73201364278793334961 0.60690289735794067383 0.55809408426284790039 0.50928527116775512695 0.46047642827033996582 0.41166761517524719238 0.37319937348365783691 0.37617707252502441406 0.37915477156639099121 0.38213303685188293457 0.38511073589324951172 0.3853130042552947998
1.5739246606826782227 1.5868897438049316406 1.5998543500900268555 1.601136326789855957 1.5555912256240844727 1.5100464820861816406 1.4645012617111206055 1.4189560413360595703 1.3850487470626831055 1.3977850675582885742 1.4105207920074462891 1.4232571125030517578 1.4359934329986572266 1.4575322866439819336 1.5143543481826782227 1.5711762905120849609 1.62799835205078125 1.6848204135894775391 1.7206623554229736328 1.6724152565002441406 1.6241680383682250977 1.5759214162826538086 1.5276743173599243164 1.4557354450225830078 1.288836359977722168 1.1219377517700195313 0.95503926277160644531 0.78814011812210083008 0.6447264552116394043 0.59544354677200317383 0.54616069793701171875 0.49687835574150085449 0.44759547710418701172 0.40962335467338562012 0.41698566079139709473 0.42434740066528320313 0.43170973658561706543 0.43907147645950317383 0.4399433135986328125
1.65390777587890625 1.6698353290557861328 1.6857622861862182617 1.6907876729965209961 1.6521148681640625 1.6134426593780517578 1.5747704505920410156 1.5360982418060302734 1.5082112550735473633 1.523554682731628418 1.538897395133972168 1.5542407035827636719 1.5695841312408447266 1.5936825275421142578 1.6528743505477905273 1.7120660543441772461 1.7712578773498535156 1.8304495811462402344 1.8683539628982543945 1.8209367990493774414 1.7735190391540527344 1.7261013984680175781 1.678684234619140625 1.6028659343719482422 1.4132165908813476563 1.2235665321350097656 1.0339165925979614258 0.84426665306091308594 0.68255054950714111328 0.63279360532760620117 0.58303666114807128906 0.53328031301498413086 0.48352336883544921875 0.44604730606079101563 0.45779368281364440918 0.46954005956649780273 0.48128640651702880859 0.49303278326988220215 0.49457418918609619141
1.5928683280944824219 1.5939384698867797852 1.5950086116790771484 1.59113311767578125 1.5674329996109008789 1.5437334775924682617 1.5200333595275878906 1.4963332414627075195 1.4827754497528076172 1.5098668336868286133 1.5369576215744018555 1.5640491247177124023 1.5911399126052856445 1.6239589452743530273 1.6797351837158203125 1.7355113029479980469 1.791287541389465332 1.8470636606216430664 1.8778481483459472656 1.8084654808044433594 1.73908233642578125 1.6696991920471191406 1.6003159284591674805 1.5095379352569580078 1.3330074548721313477 1.1564774513244628906 0.97994685173034667969 0.80341625213623046875 0.65314424037933349609 0.60812050104141235352 0.56309682130813598633 0.51807314157485961914 0.47304943203926086426 0.43910425901412963867 0.44956517219543457031 0.46002611517906188965 0.47048702836036682129 0.48094797134399414063 0.48308038711547851563
1.5284359455108642578 1.5142203569412231445 1.5000042915344238281 1.4869239330291748047 1.4783914089202880859 1.4698582887649536133 1.4613258838653564453 1.4527933597564697266 1.4537640810012817383 1.4928233623504638672 1.5318820476531982422 1.5709413290023803711 1.6100004911422729492 1.6516877412796020508 1.7039092779159545898 1.7561303377151489258 1.8083519935607910156 1.8605729341506958008 1.8840171098709106445 1.7921203374862670898 1.700223088264465332 1.6083258390426635742 1.5164290666580200195 1.4104247093200683594 1.247876286506652832 1.0853279829025268555 0.92278009653091430664 0.76023173332214355469 0.62212079763412475586 0.58195519447326660156 0.54178959131240844727 0.50162458419799804688 0.46145901083946228027 0.43111813068389892578 0.44015747308731079102 0.44919621944427490234 0.45823553204536437988 0.46727427840232849121 0.46999603509902954102
