INPUT/RASTER/ASCII_standard/nitrogen.asc
ncols        225
nrows        269
xllcorner    473009.983799999987
yllcorner    4429051.174800000153
cellsize     50.000000000000
NODATA_value  -9999
[rows 187 to 203 of 269, columns 117 to 155 of 225]
-0.053021043539047241211 0.0028856568969786167145 0.058791790157556533813 0.11469849199056625366 0.17060461640357971191 0.21451520919799804688 0.21034361422061920166 0.20617143809795379639 0.20199984312057495117 0.1978276669979095459 0.19458158314228057861 0.19504378736019134521 0.19550597667694091797 0.19596816599369049072 0.19642978906631469727 0.21677419543266296387 0.31680732965469360352 0.41684046387672424316 0.51687359809875488281 0.61690670251846313477 0.68521010875701904297 0.62633758783340454102 0.56746560335159301758 0.50859367847442626953 0.44972112774848937988 0.39071920514106750488 0.33119690418243408203 0.27167400717735290527 0.21215170621871948242 0.15262882411479949951 0.11270902305841445923 0.15135863423347473145 0.19000825285911560059 0.22865730524063110352 0.26730692386627197266 0.29354342818260192871 0.2700252532958984375 0.24650709331035614014 0.22298949956893920898
-0.11370731145143508911 -0.079522550106048583984 -0.045338355004787445068 -0.011154159903526306152 0.023030601441860198975 0.050205059349536895752 0.049283497035503387451 0.048362504690885543823 0.047440942376852035522 0.046519946306943893433 0.052806448191404342651 0.087982267141342163086 0.12315865606069564819 0.15833447873592376709 0.19351029396057128906 0.23937135934829711914 0.32805815339088439941 0.41674494743347167969 0.50543177127838134766 0.59411853551864624023 0.65451723337173461914 0.60153174400329589844 0.54854679107666015625 0.49556183815002441406 0.44257634878158569336 0.39159557223320007324 0.34864947199821472168 0.30570340156555175781 0.26275730133056640625 0.21981121599674224854 0.19334079325199127197 0.23290687799453735352 0.27247294783592224121 0.3120390474796295166 0.35160514712333679199 0.37354800105094909668 0.32485559582710266113 0.27616316080093383789 0.2274707406759262085
-0.1751038283109664917 -0.16355182230472564697 -0.15199983119964599609 -0.14044839143753051758 -0.1288964003324508667 -0.11905417591333389282 -0.11606517434120178223 -0.11307618021965026855 -0.11008717864751815796 -0.10709817707538604736 -0.090489745140075683594 -0.019291128963232040405 0.051907487213611602783 0.12310610711574554443 0.19430471956729888916 0.26653450727462768555 0.3428980708122253418 0.41926103830337524414 0.4956245720386505127 0.57198810577392578125 0.62368249893188476563 0.57650381326675415039 0.52932512760162353516 0.48214581608772277832 0.43496710062026977539 0.39208769798278808594 0.36644163727760314941 0.3407961428165435791 0.31515008211135864258 0.28950405120849609375 0.27697396278381347656 0.31701412796974182129 0.35705426335334777832 0.39709442853927612305 0.43713456392288208008 0.45434644818305969238 0.38005882501602172852 0.30577176809310913086 0.23148413002490997314
-0.23650033771991729736 -0.24758109450340270996 -0.25866186618804931641 -0.26974263787269592285 -0.2808233797550201416 -0.28831398487091064453 -0.28141441941261291504 -0.27451542019844055176 -0.26761585474014282227 -0.26071631908416748047 -0.23378537595272064209 -0.12656453251838684082 -0.019343111664056777954 0.087877735495567321777 0.19509859383106231689 0.29369768500328063965 0.35773739218711853027 0.4217770993709564209 0.48581680655479431152 0.54985707998275756836 0.59284836053848266602 0.55147588253021240234 0.51010286808013916016 0.46873036026954650879 0.42735788226127624512 0.39257985353469848633 0.38423436880111694336 0.37588834762573242188 0.3675428926944732666 0.35919740796089172363 0.36060774326324462891 0.40112194418907165527 0.44163614511489868164 0.4821497797966003418 0.52266401052474975586 0.53514432907104492188 0.4352620542049407959 0.33537977933883666992 0.23549753427505493164
-0.29789739847183227539 -0.3316103816032409668 -0.36532390117645263672 -0.39903685450553894043 -0.43275040388107299805 -0.45757320523262023926 -0.44676366448402404785 -0.43595409393310546875 -0.42514398694038391113 -0.41433444619178771973 -0.37708100676536560059 -0.23383735120296478271 -0.090594276785850524902 0.052649371325969696045 0.19589301943778991699 0.32086026668548583984 0.37257671356201171875 0.42429316043853759766 0.47600960731506347656 0.52772605419158935547 0.56201422214508056641 0.52644741535186767578 0.49088114500045776367 0.45531490445137023926 0.41974866390228271484 0.39307197928428649902 0.40202653408050537109 0.41098111867904663086 0.41993567347526550293 0.428890228271484375 0.44424149394035339355 0.48522919416427612305 0.52621746063232421875 0.56720572710037231445 0.60819339752197265625 0.61594277620315551758 0.49046528339385986328 0.36498782038688659668 0.23951092362403869629
-0.35929390788078308105 -0.41563963890075683594 -0.47198536992073059082 -0.5283311009407043457 -0.58467710018157958984 -0.62683272361755371094 -0.61211287975311279297 -0.59739279747009277344 -0.58267265558242797852 -0.56795257329940795898 -0.52037662267684936523 -0.34111076593399047852 -0.1618448793888092041 0.017421003431081771851 0.19668687880039215088 0.34802341461181640625 0.38741660118103027344 0.42680925130844116211 0.4662024378776550293 0.50559502840042114258 0.53117954730987548828 0.50141948461532592773 0.47165948152542114258 0.44189944863319396973 0.41213884949684143066 0.3935635685920715332 0.41981869935989379883 0.44607385993003845215 0.47232845425605773926 0.49858361482620239258 0.5278746485710144043 0.56933701038360595703 0.61079877614974975586 0.6522610783576965332 0.69372284412384033203 0.69674062728881835938 0.54566854238510131836 0.39459642767906188965 0.24352431297302246094
-0.30019819736480712891 -0.35233163833618164063 -0.40446507930755615234 -0.45659852027893066406 -0.50873196125030517578 -0.54597294330596923828 -0.52352440357208251953 -0.50107526779174804688 -0.47862669825553894043 -0.45617759227752685547 -0.40910962224006652832 -0.26336345076560974121 -0.11761674284934997559 0.028129413723945617676 0.17387557029724121094 0.2968024909496307373 0.32826891541481018066 0.35973533987998962402 0.39120173454284667969 0.42266815900802612305 0.44646486639976501465 0.43952068686485290527 0.43257591128349304199 0.42563173174858093262 0.41868752241134643555 0.41406333446502685547 0.41873949766159057617 0.42341625690460205078 0.42809242010116577148 0.43276858329772949219 0.44169658422470092773 0.46766415238380432129 0.49363228678703308105 0.51960039138793945313 0.54556798934936523438 0.54130989313125610352 0.4159030616283416748 0.29049566388130187988 0.16508881747722625732
-0.23820276558399200439 -0.28547808527946472168 -0.33275341987609863281 -0.38002875447273254395 -0.42730352282524108887 -0.45909538865089416504 -0.42882570624351501465 -0.39855602383613586426 -0.36828690767288208008 -0.33801722526550292969 -0.29171714186668395996 -0.18116374313831329346 -0.070610366761684417725 0.039942454546689987183 0.1504958420991897583 0.24369551241397857666 0.26734137535095214844 0.29098722338676452637 0.31463310122489929199 0.33827894926071166992 0.36045405268669128418 0.37673419713973999023 0.3930149078369140625 0.40929561853408813477 0.42557635903358459473 0.4350439608097076416 0.41720658540725708008 0.39936864376068115234 0.38153126835823059082 0.36369335651397705078 0.35143223404884338379 0.36152195930480957031 0.37161108851432800293 0.38170078396797180176 0.39179050922393798828 0.38019555807113647461 0.28168687224388122559 0.18317818641662597656 0.084669508039951324463
-0.17620788514614105225 -0.21862511336803436279 -0.26104176044464111328 -0.30345842242240905762 -0.34587565064430236816 -0.37221723794937133789 -0.33412700891494750977 -0.29603677988052368164 -0.25794655084609985352 -0.21985687315464019775 -0.17432464659214019775 -0.098964601755142211914 -0.023603986948728561401 0.0517560616135597229 0.12711611390113830566 0.19058853387832641602 0.20641383528709411621 0.22223915159702301025 0.23806388676166534424 0.25388920307159423828 0.2744426429271697998 0.31394827365875244141 0.35345390439033508301 0.39295953512191772461 0.43246516585350036621 0.45602515339851379395 0.41567310690879821777 0.37532162666320800781 0.33496958017349243164 0.29461809992790222168 0.26116788387298583984 0.25537917017936706543 0.24959045648574829102 0.2438017427921295166 0.23801302909851074219 0.21908120810985565186 0.14747068285942077637 0.075860157608985900879 0.004250199533998966217
-0.11421301215887069702 -0.15177156031131744385 -0.18933010101318359375 -0.22688864171504974365 -0.26444718241691589355 -0.28533908724784851074 -0.23942831158638000488 -0.19351752102375030518 -0.14760673046112060547 -0.10169594734907150269 -0.056932166218757629395 -0.016764888539910316467 0.02340238913893699646 0.063569664955139160156 0.10373694449663162231 0.13748155534267425537 0.14548629522323608398 0.15349048376083374023 0.1614952385425567627 0.16949942708015441895 0.18843126296997070313 0.25116181373596191406 0.31389290094375610352 0.37662345170974731445 0.43935400247573852539 0.47700631618499755859 0.41414019465446472168 0.35127460956573486328 0.28840845823287963867 0.22554285824298858643 0.17090351879596710205 0.14923639595508575439 0.12756925821304321289 0.10590213537216186523 0.084235571324825286865 0.057966850697994232178 0.01325505133718252182 -0.031457312405109405518 -0.07616911083459854126
-0.052218135446310043335 -0.084918007254600524902 -0.11761843413114547729 -0.15031887590885162354 -0.183019295334815979 -0.19846151769161224365 -0.1447296142578125 -0.090998269617557525635 -0.037266928702592849731 0.016464410349726676941 0.060460317879915237427 0.06543426215648651123 0.070408768951892852783 0.075382709503173828125 0.080357216298580169678 0.084374561905860900879 0.084558762609958648682 0.084742397069931030273 0.084926031529903411865 0.085109665989875793457 0.10242042690515518188 0.18837589025497436523 0.27433133125305175781 0.3602873682975769043 0.44624280929565429688 0.49798694252967834473 0.41260725259780883789 0.32722699642181396484 0.24184730648994445801 0.15646761655807495117 0.080639161169528961182 0.043093618005514144897 0.0055480687879025936127 -0.031996913254261016846 -0.069542460143566131592 -0.1031475067138671875 -0.12096114456653594971 -0.13877478241920471191 -0.15658898651599884033
-0.076060056686401367188 -0.096264898777008056641 -0.11646973341703414917 -0.13667513430118560791 -0.15687997639179229736 -0.16295515000820159912 -0.11239588260650634766 -0.061836045235395431519 -0.011276771314442157745 0.039283066987991333008 0.08092167973518371582 0.086804747581481933594 0.092687822878360748291 0.098570890724658966064 0.10445339977741241455 0.10860748589038848877 0.10583037137985229492 0.103053264319896698 0.10027614980936050415 0.097499035298824310303 0.10878264904022216797 0.17642328143119812012 0.24406391382217407227 0.31170454621315002441 0.37934461236000061035 0.41639465093612670898 0.33083301782608032227 0.24527081847190856934 0.15970918536186218262 0.074147559702396392822 0.00036337165511213243008 -0.026215547695755958557 -0.052793901413679122925 -0.079372815787792205811 -0.10595174133777618408 -0.13176278769969940186 -0.15449894964694976807 -0.17723454535007476807 -0.19997014105319976807
-0.10196716338396072388 -0.10949333012104034424 -0.11701950430870056152 -0.1245451122522354126 -0.13207128643989562988 -0.12868563830852508545 -0.081562303006649017334 -0.034438963979482650757 0.012684373185038566589 0.059807710349559783936 0.099051170051097869873 0.10671125352382659912 0.11437190324068069458 0.12203198671340942383 0.12969264388084411621 0.13470104336738586426 0.12908014655113220215 0.12345924973487854004 0.11783835291862487793 0.1122174486517906189 0.11736824363470077515 0.16569396853446960449 0.21401968598365783691 0.26234540343284606934 0.31067168712615966797 0.33233428001403808594 0.24712806940078735352 0.16192184388637542725 0.076715610921382904053 -0.0084911826997995376587 -0.079671718180179595947 -0.094638183712959289551 -0.10960408300161361694 -0.12457054108381271362 -0.13953644037246704102 -0.15719017386436462402 -0.18561391532421112061 -0.21403707563877105713 -0.24246081709861755371
-0.12787425518035888672 -0.12272120267152786255 -0.11756871640682220459 -0.1124156564474105835 -0.10726260393857955933 -0.094415560364723205566 -0.050728723406791687012 -0.0070418855175375938416 0.036644950509071350098 0.080332353711128234863 0.11718009412288665771 0.12661832571029663086 0.13605599105358123779 0.14549364149570465088 0.15493130683898925781 0.16079460084438323975 0.15232992172241210938 0.14386467635631561279 0.13539998233318328857 0.1269353032112121582 0.12595328688621520996 0.15496464073657989502 0.18397600948810577393 0.21298681199550628662 0.24199818074703216553 0.24827393889427185059 0.16342312097549438477 0.078572295606136322021 -0.0062785330228507518768 -0.091129355132579803467 -0.15970738232135772705 -0.16306081414222717285 -0.1664142608642578125 -0.16976825892925262451 -0.17312170565128326416 -0.18261700868606567383 -0.21672888100147247314 -0.25084018707275390625 -0.28495147824287414551
-0.15378135442733764648 -0.13594964146614074707 -0.11811792105436325073 -0.10028563439846038818 -0.082453913986682891846 -0.060145478695631027222 -0.019895143806934356689 0.020355192944407463074 0.060606095939874649048 0.10085643082857131958 0.13530957698822021484 0.14652481675148010254 0.15774007141590118408 0.16895531117916107178 0.18017055094242095947 0.18688817322254180908 0.1755796968936920166 0.16427065432071685791 0.15296219289302825928 0.14165315032005310059 0.13453888893127441406 0.14423532783985137939 0.15393178164958953857 0.16362822055816650391 0.17332467436790466309 0.16421303153038024902 0.079718165099620819092 -0.0047772536054253578186 -0.089272677898406982422 -0.17376810312271118164 -0.23974247276782989502 -0.23148344457149505615 -0.22322499752044677734 -0.21496598422527313232 -0.2067069709300994873 -0.208044394850730896 -0.24784326553344726563 -0.28764271736145019531 -0.327442169189453125
-0.1796884685754776001 -0.14917750656604766846 -0.11866712570190429688 -0.088156178593635559082 -0.057645231485366821289 -0.025875965133309364319 0.010938436724245548248 0.047752838581800460815 0.084566675126552581787 0.12138107419013977051 0.15343850851058959961 0.16643132269382476807 0.17942415177822113037 0.19241639971733093262 0.20540921390056610107 0.21298173069953918457 0.19882890582084655762 0.18467664718627929688 0.17052382230758666992 0.15637156367301940918 0.14312449097633361816 0.13350601494312286377 0.12388753890991210938 0.11426963657140731812 0.10465116053819656372 0.080152675509452819824 -0.0039867791347205638885 -0.088126800954341888428 -0.17226681113243103027 -0.25640627741813659668 -0.31977754831314086914 -0.29990607500076293945 -0.28003516793251037598 -0.26016369462013244629 -0.24029223620891571045 -0.23347178101539611816 -0.27895823121070861816 -0.32444524765014648438 -0.36993226408958435059
-0.20931796729564666748 -0.17607963085174560547 -0.14284072816371917725 -0.10960238426923751831 -0.076363481581211090088 -0.042265731841325759888 -0.0047218804247677326202 0.032821405678987503052 0.070364691317081451416 0.10790854692459106445 0.13750810921192169189 0.13526889681816101074 0.13302913308143615723 0.13078992068767547607 0.12855072319507598877 0.12865523993968963623 0.13815675675868988037 0.14765827357769012451 0.15715920925140380859 0.16666072607040405273 0.17262347042560577393 0.16440287232398986816 0.15618172287940979004 0.14796112477779388428 0.13974052667617797852 0.11620033532381057739 0.031259104609489440918 -0.053682126104831695557 -0.13862392306327819824 -0.22356514632701873779 -0.2897186279296875 -0.28056687116622924805 -0.27141511440277099609 -0.26226335763931274414 -0.2531121671199798584 -0.25524345040321350098 -0.3025995790958404541 -0.34995627403259277344 -0.39731240272521972656
