INPUT/RASTER/ASCII_standard/pH.asc
ncols        225
nrows        269
xllcorner    473009.983799999987
yllcorner    4429051.174800000153
cellsize     50.000000000000
NODATA_value  -9999
[rows 34 to 50 of 269, columns 0 to 39 of 225]
-9999 -9999 -9999 -9999 -9999 -9999 -9999 -9999 -9999 -9999 -9999 -9999 -9999 -9999 -9999 -9999 -9999 -9999 -9999 -9999 -9999 -9999 -6.3227586746215820313 -6.3227586746215820313 -6.3227586746215820313 -6.3227586746215820313 -6.3227586746215820313 -5.7144331932067871094 -3.4858391284942626953 -2.0723481178283691406 -1.0959123373031616211 -0.38096630573272705078 0.062736690044403076172 0.043195862323045730591 0.02365503460168838501 0.0041142073459923267365 -0.015426620841026306152 -0.03024844825267791748 -0.026156535372138023376 -0.022064622491598129272
-9999 -9999 -9999 -9999 -9999 -9999 -9999 -9999 -9999 -9999 -9999 -9999 -9999 -9999 -9999 -9999 -9999 -9999 -9999 -9999 -9999 -9999 -6.3227586746215820313 -6.3227586746215820313 -6.3227586746215820313 -6.3227586746215820313 -6.3227586746215820313 -5.9041848182678222656 -4.1018972396850585938 -2.6768729686737060547 -1.5218794345855712891 -0.5668061375617980957 0.082277521491050720215 0.062736690044403076172 0.043195862323045730591 0.02365503460168838501 0.0041142073459923267365 -0.012268351390957832336 -0.015992676839232444763 -0.019717467948794364929
-9999 -9999 -9999 -9999 -9999 -9999 -9999 -9999 -9999 -9999 -9999 -9999 -9999 -9999 -9999 -9999 -9999 -9999 -9999 -9999 -9999 -9999 -6.3227586746215820313 -6.3227586746215820313 -6.3227586746215820313 -6.3227586746215820313 -6.3227586746215820313 -6.0032439231872558594 -4.4961476325988769531 -3.1284315586090087891 -1.8816140890121459961 -0.74034416675567626953 0.10181834548711776733 0.082277521491050720215 0.062736690044403076172 0.043195862323045730591 0.02365503460168838501 0.0057117445394396781921 -0.0058288187719881534576 -0.017369847744703292847
-9999 -9999 -9999 -9999 -9999 -9999 -9999 -9999 -9999 -9999 -9999 -9999 -9999 -9999 -9999 -9999 -9999 -9999 -9999 -9999 -9999 -9999 -6.3227586746215820313 -6.3227586746215820313 -6.3227586746215820313 -6.3227586746215820313 -6.3227586746215820313 -6.0640888214111328125 -4.7701063156127929688 -3.4785623550415039063 -2.1894500255584716797 -0.90276318788528442383 0.12135917693376541138 0.10181834548711776733 0.082277521491050720215 0.062736690044403076172 0.043195862323045730591 0.023691840469837188721 0.0043345731683075428009 -0.01502222847193479538
-9999 -9999 -9999 -9999 -9999 -9999 -9999 -9999 -9999 -9999 -9999 -9999 -9999 -9999 -9999 -9999 -9999 -6.3227586746215820313 -6.3227586746215820313 -6.3227586746215820313 -6.3227586746215820313 -6.3227586746215820313 -6.1083254814147949219 -5.5682950019836425781 -5.3447031974792480469 -5.2224407196044921875 -5.1453499794006347656 -4.8927779197692871094 -3.8473279476165771484 -2.8018779754638671875 -1.7564280033111572266 -0.71097815036773681641 0.12258073687553405762 0.1068560183048248291 0.091131761670112609863 0.075407035648822784424 0.059682782739400863647 0.043195862323045730591 0.02365503460168838501 0.0041142073459923267365
-9999 -9999 -9999 -9999 -9999 -9999 -9999 -9999 -9999 -9999 -9999 -9999 -9999 -9999 -9999 -9999 -9999 -6.3227586746215820313 -6.3227586746215820313 -6.3227586746215820313 -6.3227586746215820313 -6.3227586746215820313 -6.0874180793762207031 -5.2252497673034667969 -4.678417205810546875 -4.3006672859191894531 -4.024078369140625 -3.6921072006225585938 -2.8967802524566650391 -2.1014533042907714844 -1.3061262369155883789 -0.51079916954040527344 0.12336110323667526245 0.11154473572969436646 0.099728360772132873535 0.087911993265151977539 0.076095625758171081543 0.062736690044403076172 0.043195862323045730591 0.02365503460168838501
-9999 -9999 -9999 -9999 -9999 -9999 -9999 -9999 -9999 -9999 -9999 -9999 -9999 -9999 -9999 -9999 -9999 -6.3227586746215820313 -6.3227586746215820313 -6.3227586746215820313 -6.3227586746215820313 -6.3227586746215820313 -6.0796418190002441406 -5.0328316688537597656 -4.2051448822021484375 -3.5342981815338134766 -2.9795699119567871094 -2.4914364814758300781 -1.9462321996688842773 -1.4010280370712280273 -0.85582387447357177734 -0.31061971187591552734 0.12414146959781646729 0.11623298376798629761 0.10832496732473373413 0.10041695088148117065 0.092508465051651000977 0.082277521491050720215 0.062736690044403076172 0.043195862323045730591
-9999 -9999 -9999 -9999 -9999 -9999 -9999 -9999 -9999 -9999 -9999 -9999 -9999 -9999 -9999 -9999 -9999 -6.3227586746215820313 -6.3227586746215820313 -6.3227586746215820313 -6.3227586746215820313 -6.3227586746215820313 -6.0755820274353027344 -4.9096922874450683594 -3.8516268730163574219 -2.887088775634765625 -2.0042023658752441406 -1.2907657623291015625 -0.99568450450897216797 -0.70060324668884277344 -0.40552151203155517578 -0.11044024676084518433 0.12492183595895767212 0.12092170119285583496 0.11692157387733459473 0.11292190849781036377 0.10892177373170852661 0.10181834548711776733 0.082277521491050720215 0.062736690044403076172
-9999 -9999 -9999 -9999 -9999 -9999 -9999 -9999 -9999 -9999 -9999 -9999 -9999 -9999 -9999 -9999 -9999 -6.3227586746215820313 -6.3227586746215820313 -6.3227586746215820313 -6.3227586746215820313 -6.3227586746215820313 -6.0730881690979003906 -4.8241248130798339844 -3.5775151252746582031 -2.3332526683807373047 -1.091330409049987793 -0.090095289051532745361 -0.04513643309473991394 -0.0001780381426215171814 0.044780354946851730347 0.08973874896764755249 0.12570220232009887695 0.12561042606830596924 0.1255181729793548584 0.12542639672756195068 0.12533462047576904297 0.12135917693376541138 0.10181834548711776733 0.082277521491050720215
-9999 -9999 -9999 -9999 -9999 -9999 -9999 -9999 -9999 -9999 -9999 -9999 -9999 -9999 -9999 -9999 -9999 -5.063365936279296875 -5.063365936279296875 -5.063365936279296875 -5.063365936279296875 -5.063365936279296875 -4.8631801605224609375 -3.8606283664703369141 -2.8580763339996337891 -1.8555243015289306641 -0.85297262668609619141 -0.043564517050981521606 -0.0082994345575571060181 0.026966115459799766541 0.062231201678514480591 0.097496747970581054688 0.12572036683559417725 0.12572036683559417725 0.12572036683559417725 0.12572036683559417725 0.12572036683559417725 0.12181854248046875 0.10227771103382110596 0.082736887037754058838
-9999 -9999 -9999 -9999 -9999 -9999 -9999 -9999 -9999 -9999 -9999 -9999 -9999 -9999 -9999 -9999 -9999 -3.7736699581146240234 -3.7736699581146240234 -3.7736699581146240234 -3.7736699581146240234 -3.7736699581146240234 -3.6242082118988037109 -2.8756873607635498047 -2.1271665096282958984 -1.3786456584930419922 -0.63012480735778808594 -0.024804055690765380859 0.0065531418658792972565 0.037910338491201400757 0.069267541170120239258 0.1006242707371711731 0.12572036683559417725 0.12572036683559417725 0.12572036683559417725 0.12572036683559417725 0.12572036683559417725 0.12181854248046875 0.10227771103382110596 0.082736887037754058838
-9999 -9999 -9999 -9999 -9999 -9999 -9999 -9999 -9999 -9999 -9999 -9999 -9999 -9999 -9999 -9999 -9999 -2.4839742183685302734 -2.4839742183685302734 -2.4839742183685302734 -2.4839742183685302734 -2.4839742183685302734 -2.3852362632751464844 -1.8907464742660522461 -1.3962563276290893555 -0.90176665782928466797 -0.40727651119232177734 -0.0060435943305492401123 0.021405251696705818176 0.048854097723960876465 0.076303407549858093262 0.10375225543975830078 0.12572036683559417725 0.12572036683559417725 0.12572036683559417725 0.12572036683559417725 0.12572036683559417725 0.12181854248046875 0.10227771103382110596 0.082736887037754058838
-9999 -9999 -9999 -9999 -9999 -9999 -9999 -9999 -9999 -9999 -9999 -9999 -9999 -9999 -9999 -9999 -9999 -1.1942781209945678711 -1.1942781209945678711 -1.1942781209945678711 -1.1942781209945678711 -1.1942781209945678711 -1.1462644338607788086 -0.90580546855926513672 -0.66534656286239624023 -0.42488762736320495605 -0.18442872166633605957 0.01271686796098947525 0.036257829517126083374 0.059798322618007659912 0.083339281380176544189 0.10688024014234542847 0.12572036683559417725 0.12572036683559417725 0.12572036683559417725 0.12572036683559417725 0.12572036683559417725 0.12181854248046875 0.10227771103382110596 0.082736887037754058838
-9999 -9999 -9999 -9999 -9999 -9999 -9999 -9999 -9999 -9999 -9999 -9999 -9999 -9999 -9999 -9999 -9999 0.095417484641075134277 0.095417484641075134277 0.095417484641075134277 0.095417484641075134277 0.095417484641075134277 0.092707864940166473389 0.079135559499263763428 0.065563246607780456543 0.051991403102874755859 0.038419090211391448975 0.031477328389883041382 0.05110993608832359314 0.070742547512054443359 0.090375155210494995117 0.11000776290893554688 0.12572036683559417725 0.12572036683559417725 0.12572036683559417725 0.12572036683559417725 0.12572036683559417725 0.12181854248046875 0.10227771103382110596 0.082736887037754058838
-9999 -9999 -9999 -9999 -9999 -9999 -9999 -9999 -9999 -9999 -9999 -9999 -9999 -9999 -9999 -9999 -9999 0.10663844645023345947 0.10663844645023345947 0.10663844645023345947 0.10663844645023345947 0.10663844645023345947 0.10349880903959274292 0.087774552404880523682 0.072049833834171295166 0.056325577199459075928 0.04060085490345954895 0.031918060034513473511 0.051458887755870819092 0.070999719202518463135 0.090540543198585510254 0.1100813746452331543 0.12648256123065948486 0.13029867410659790039 0.1341152489185333252 0.13793134689331054688 0.14174792170524597168 0.14013826847076416016 0.11678086966276168823 0.09342394024133682251
-9999 -9999 -9999 -9999 -9999 -9999 -9999 -9999 -9999 -9999 -9999 -9999 -9999 -9999 -9999 -9999 -9999 0.08709761500358581543 0.08709761500358581543 0.08709761500358581543 0.08709761500358581543 0.08709761500358581543 0.084738351404666900635 0.072921976447105407715 0.061105608940124511719 0.049289237707853317261 0.037473335862159729004 0.031918060034513473511 0.051458887755870819092 0.070999719202518463135 0.090540543198585510254 0.1100813746452331543 0.12726293504238128662 0.13498738408088684082 0.14271184802055358887 0.15043631196022033691 0.15816076099872589111 0.15889874100685119629 0.1316334456205368042 0.10436816513538360596
-9999 -9999 -9999 -9999 -9999 -9999 -9999 -9999 -9999 -9999 -9999 -9999 -9999 -9999 -9999 -9999 -9999 0.067556791007518768311 0.067556791007518768311 0.067556791007518768311 0.067556791007518768311 0.067556791007518768311 0.065977886319160461426 0.058069869875907897949 0.050161849707365036011 0.042253367602825164795 0.034345347434282302856 0.031918060034513473511 0.051458887755870819092 0.070999719202518463135 0.090540543198585510254 0.1100813746452331543 0.12804329395294189453 0.13967564702033996582 0.15130844712257385254 0.16294126212596893311 0.17457360029220581055 0.17765919864177703857 0.14648555219173431396 0.1153119206428527832
