INPUT/RASTER/ASCII_standard/pH.asc
ncols        225
nrows        269
xllcorner    473009.983799999987
yllcorner    4429051.174800000153
cellsize     50.000000000000
NODATA_value  -9999
[rows 238 to 254 of 269, columns 40 to 79 of 225]
0.32112911343574523926 0.32112911343574523926 0.32112911343574523926 0.32112911343574523926 0.32112911343574523926 0.32112911343574523926 0.32112911343574523926 0.32112911343574523926 0.32112911343574523926 0.32112911343574523926 0.32112911343574523926 0.32112911343574523926 0.32112911343574523926 0.32112911343574523926 0.32112911343574523926 0.32112911343574523926 0.32112911343574523926 0.32112911343574523926 0.32112911343574523926 0.32112911343574523926 0.32112911343574523926 0.32112911343574523926 0.32112911343574523926 0.32112911343574523926 0.32112911343574523926 0.32112911343574523926 0.32112911343574523926 0.32426875829696655273 0.33999347686767578125 0.35571771860122680664 0.37144243717193603516 0.38716670870780944824 0.40051352977752685547 0.40433010458946228027 0.40814620256423950195 0.41196277737617492676 0.41577887535095214844 0.4219729006290435791 0.43769761919975280762 0.45342186093330383301
0.32112911343574523926 0.32112911343574523926 0.32112911343574523926 0.32112911343574523926 0.32112911343574523926 0.32112911343574523926 0.32112911343574523926 0.32112911343574523926 0.32112911343574523926 0.32112911343574523926 0.32112911343574523926 0.32112911343574523926 0.32112911343574523926 0.32112911343574523926 0.32112911343574523926 0.32112911343574523926 0.32112911343574523926 0.32112911343574523926 0.32112911343574523926 0.32112911343574523926 0.32112911343574523926 0.32112911343574523926 0.32112911343574523926 0.32112911343574523926 0.32112911343574523926 0.32112911343574523926 0.32112911343574523926 0.32348838448524475098 0.33530476689338684082 0.34712111949920654297 0.35893750190734863281 0.37075385451316833496 0.38175305724143981934 0.38947752118110656738 0.39720198512077331543 0.40492644906044006348 0.41265136003494262695 0.42119252681732177734 0.43300887942314147949 0.44482526183128356934
0.32112911343574523926 0.32112911343574523926 0.32112911343574523926 0.32112911343574523926 0.32112911343574523926 0.32112911343574523926 0.32112911343574523926 0.32112911343574523926 0.32112911343574523926 0.32112911343574523926 0.32112911343574523926 0.32112911343574523926 0.32112911343574523926 0.32112911343574523926 0.32112911343574523926 0.32112911343574523926 0.32112911343574523926 0.32112911343574523926 0.32112911343574523926 0.32112911343574523926 0.32112911343574523926 0.32112911343574523926 0.32112911343574523926 0.32112911343574523926 0.32112911343574523926 0.32112911343574523926 0.32112911343574523926 0.32270801067352294922 0.33061650395393371582 0.3385245203971862793 0.34643253684043884277 0.35434103012084960938 0.3629926145076751709 0.37462541460990905762 0.38625821471214294434 0.39789056777954101563 0.40952336788177490234 0.42041215300559997559 0.42832064628601074219 0.43622866272926330566
0.32112911343574523926 0.32112911343574523926 0.32112911343574523926 0.32112911343574523926 0.32112911343574523926 0.32112911343574523926 0.32112911343574523926 0.32112911343574523926 0.32112911343574523926 0.32112911343574523926 0.32112911343574523926 0.32112911343574523926 0.32112911343574523926 0.32112911343574523926 0.32112911343574523926 0.32112911343574523926 0.32112911343574523926 0.32112911343574523926 0.32112911343574523926 0.32112911343574523926 0.32112911343574523926 0.32112911343574523926 0.32112911343574523926 0.32112911343574523926 0.32112911343574523926 0.32112911343574523926 0.32112911343574523926 0.32192766666412353516 0.32592779397964477539 0.32992792129516601563 0.33392757177352905273 0.33792772889137268066 0.34423214197158813477 0.35977283120155334473 0.37531399726867675781 0.39085468649864196777 0.40639537572860717773 0.41963177919387817383 0.42363193631172180176 0.42763206362724304199
0.32112911343574523926 0.32112911343574523926 0.32112911343574523926 0.32112911343574523926 0.32112911343574523926 0.32112911343574523926 0.32112911343574523926 0.32112911343574523926 0.32112911343574523926 0.32112911343574523926 0.32112911343574523926 0.32112911343574523926 0.32112911343574523926 0.32112911343574523926 0.32112911343574523926 0.32112911343574523926 0.32112911343574523926 0.32112911343574523926 0.32112911343574523926 0.32112911343574523926 0.32112911343574523926 0.32112911343574523926 0.32112911343574523926 0.32112911343574523926 0.32112911343574523926 0.32112911343574523926 0.32112911343574523926 0.3211472928524017334 0.32123905420303344727 0.32133132219314575195 0.32142308354377746582 0.32151487469673156738 0.32547166943550109863 0.34492072463035583496 0.36436977982521057129 0.38381883502006530762 0.40326786041259765625 0.41885143518447875977 0.41894319653511047363 0.41903546452522277832
-9999 -9999 0.32112911343574523926 0.32112911343574523926 0.32112911343574523926 0.32112911343574523926 0.32112911343574523926 0.32189130783081054688 0.32570740580558776855 0.32952398061752319336 0.33334010839462280273 0.33715665340423583984 0.33944883942604064941 0.33563226461410522461 0.33181616663932800293 0.32799959182739257813 0.32418349385261535645 0.32112911343574523926 0.32112911343574523926 0.32112911343574523926 0.32112911343574523926 0.32112911343574523926 0.32112911343574523926 0.32112911343574523926 0.32112911343574523926 0.32112911343574523926 0.32112911343574523926 0.32112911343574523926 0.32112911343574523926 0.32112911343574523926 0.32112911343574523926 0.32112911343574523926 0.32503095269203186035 0.34457176923751831055 0.36411261558532714844 0.38365343213081359863 0.40319424867630004883 0.41883325576782226563 0.41883325576782226563 0.41883325576782226563
-9999 -9999 0.32112911343574523926 0.32112911343574523926 0.32112911343574523926 0.32112911343574523926 0.32112911343574523926 0.32267168164253234863 0.33039614558219909668 0.33812057971954345703 0.34584504365921020508 0.35356950759887695313 0.35820931196212768555 0.3504848480224609375 0.34276038408279418945 0.3350359499454498291 0.32731100916862487793 0.32112911343574523926 0.32112911343574523926 0.32112911343574523926 0.32112911343574523926 0.32112911343574523926 0.32112911343574523926 0.32112911343574523926 0.32112911343574523926 0.32112911343574523926 0.32112911343574523926 0.32112911343574523926 0.32112911343574523926 0.32112911343574523926 0.32112911343574523926 0.32112911343574523926 0.32503095269203186035 0.34457176923751831055 0.36411261558532714844 0.38365343213081359863 0.40319424867630004883 0.41883325576782226563 0.41883325576782226563 0.41883325576782226563
-9999 -9999 0.32112911343574523926 0.32112911343574523926 0.32112911343574523926 0.32112911343574523926 0.32112911343574523926 0.32345205545425415039 0.33508437871932983398 0.3467172086238861084 0.35835000872611999512 0.36998236179351806641 0.37696978449821472168 0.36533695459365844727 0.35370415449142456055 0.34207180142402648926 0.33043900132179260254 0.32112911343574523926 0.32112911343574523926 0.32112911343574523926 0.32112911343574523926 0.32112911343574523926 0.32112911343574523926 0.32112911343574523926 0.32112911343574523926 0.32112911343574523926 0.32112911343574523926 0.32112911343574523926 0.32112911343574523926 0.32112911343574523926 0.32112911343574523926 0.32112911343574523926 0.32503095269203186035 0.34457176923751831055 0.36411261558532714844 0.38365343213081359863 0.40319424867630004883 0.41883325576782226563 0.41883325576782226563 0.41883325576782226563
-9999 -9999 0.32112911343574523926 0.32112911343574523926 0.32112911343574523926 0.32112911343574523926 0.32112911343574523926 0.32423239946365356445 0.33977311849594116211 0.35531380772590637207 0.37085497379302978516 0.38639566302299499512 0.39573022723197937012 0.38018953800201416016 0.36464837193489074707 0.34910768270492553711 0.33356699347496032715 0.32112911343574523926 0.32112911343574523926 0.32112911343574523926 0.32112911343574523926 0.32112911343574523926 0.32112911343574523926 0.32112911343574523926 0.32112911343574523926 0.32112911343574523926 0.32112911343574523926 0.32112911343574523926 0.32112911343574523926 0.32112911343574523926 0.32112911343574523926 0.32112911343574523926 0.32503095269203186035 0.34457176923751831055 0.36411261558532714844 0.38365343213081359863 0.40319424867630004883 0.41883325576782226563 0.41883325576782226563 0.41883325576782226563
-9999 -9999 0.32112911343574523926 0.32112911343574523926 0.32112911343574523926 0.32112911343574523926 0.32112911343574523926 0.32501277327537536621 0.34446182847023010254 0.36391040682792663574 0.38335946202278137207 0.4028084874153137207 0.41449069976806640625 0.39504164457321166992 0.37559258937835693359 0.35614356398582458496 0.33669450879096984863 0.32112911343574523926 0.32112911343574523926 0.32112911343574523926 0.32112911343574523926 0.32112911343574523926 0.32112911343574523926 0.32112911343574523926 0.32112911343574523926 0.32112911343574523926 0.32112911343574523926 0.32112911343574523926 0.32112911343574523926 0.32112911343574523926 0.32112911343574523926 0.32112911343574523926 0.32503095269203186035 0.34457176923751831055 0.36411261558532714844 0.38365343213081359863 0.40319424867630004883 0.41883325576782226563 0.41883325576782226563 0.41883325576782226563
-9999 -9999 0.32112911343574523926 0.32112911343574523926 0.32112911343574523926 0.32112911343574523926 0.32112911343574523926 0.32499366998672485352 0.34328171610832214355 0.35996571183204650879 0.37524831295013427734 0.38929769396781921387 0.39661169052124023438 0.38088744878768920898 0.36516273021697998047 0.34943845868110656738 0.33371374011039733887 0.32036691904067993164 0.31655082106590270996 0.31273424625396728516 0.30891814827919006348 0.30510157346725463867 0.30204719305038452148 0.30204719305038452148 0.30204719305038452148 0.30204719305038452148 0.30204719305038452148 0.3028093874454498291 0.30662548542022705078 0.31044206023216247559 0.31425863504409790039 0.31807473301887512207 0.32503095269203186035 0.34457176923751831055 0.36411261558532714844 0.38365343213081359863 0.40319424867630004883 0.41883325576782226563 0.41883325576782226563 0.41883325576782226563
-9999 -9999 0.32112911343574523926 0.32112911343574523926 0.32112911343574523926 0.32112911343574523926 0.32112911343574523926 0.32493171095848083496 0.34139347076416015625 0.35451200604438781738 0.3652121126651763916 0.37410593032836914063 0.37785124778747558594 0.36603486537933349609 0.35421848297119140625 0.3424021303653717041 0.33058622479438781738 0.31958654522895812988 0.31186211109161376953 0.30413764715194702148 0.29641318321228027344 0.28868871927261352539 0.28250637650489807129 0.28250637650489807129 0.28250637650489807129 0.28250637650489807129 0.28250637650489807129 0.28404891490936279297 0.29177337884902954102 0.29949784278869628906 0.30722230672836303711 0.31494674086570739746 0.32503095269203186035 0.34457176923751831055 0.36411261558532714844 0.38365343213081359863 0.40319424867630004883 0.41883325576782226563 0.41883325576782226563 0.41883325576782226563
-9999 -9999 0.32112911343574523926 0.32112911343574523926 0.32112911343574523926 0.32112911343574523926 0.32112911343574523926 0.32481431961059570313 0.33845651149749755859 0.34722501039505004883 0.35333609580993652344 0.3578389286994934082 0.3590907752513885498 0.35118275880813598633 0.34327474236488342285 0.33536624908447265625 0.32745823264122009277 0.31880620121955871582 0.30717384815216064453 0.29554104804992675781 0.2839082181453704834 0.27227541804313659668 0.2629655301570892334 0.2629655301570892334 0.2629655301570892334 0.2629655301570892334 0.2629655301570892334 0.26528847217559814453 0.27692079544067382813 0.28855362534523010254 0.30018642544746398926 0.31181922554969787598 0.32503095269203186035 0.34457176923751831055 0.36411261558532714844 0.38365343213081359863 0.40319424867630004883 0.41883325576782226563 0.41883325576782226563 0.41883325576782226563
-9999 -9999 0.32112911343574523926 0.32112911343574523926 0.32112911343574523926 0.32112911343574523926 0.32112911343574523926 0.32450681924819946289 0.33326181769371032715 0.33699452877044677734 0.33906355500221252441 0.34037828445434570313 0.34033030271530151367 0.33633017539978027344 0.33233052492141723633 0.3283303678035736084 0.32433024048805236816 0.31802582740783691406 0.3024851381778717041 0.28694397211074829102 0.27140328288078308105 0.25586211681365966797 0.2434247136116027832 0.2434247136116027832 0.2434247136116027832 0.2434247136116027832 0.2434247136116027832 0.24652753770351409912 0.26206868886947631836 0.27760937809944152832 0.29315054416656494141 0.30869126319885253906 0.32503095269203186035 0.34457176923751831055 0.36411261558532714844 0.38365343213081359863 0.40319424867630004883 0.41883325576782226563 0.41883325576782226563 0.41883325576782226563
-9999 -9999 0.32112911343574523926 0.32112911343574523926 0.32112911343574523926 0.32112911343574523926 0.32112911343574523926 0.32154142856597900391 0.32158148288726806641 0.32158568501472473145 0.32158708572387695313 0.32158800959587097168 0.32156985998153686523 0.32147806882858276367 0.32138627767562866211 0.32129451632499694824 0.32120272517204284668 0.3172454535961151123 0.29779639840126037598 0.27834737300872802734 0.25889831781387329102 0.23944926261901855469 0.22388340532779693604 0.22388340532779693604 0.22388340532779693604 0.22388340532779693604 0.22388340532779693604 0.22776706516742706299 0.24721612036228179932 0.2666651606559753418 0.28611421585083007813 0.30556371808052062988 0.32503095269203186035 0.34457176923751831055 0.36411261558532714844 0.38365343213081359863 0.40319424867630004883 0.41883325576782226563 0.41883325576782226563 0.41883325576782226563
-9999 -9999 -9999 -9999 -9999 -9999 -9999 0.32112911343574523926 0.32112911343574523926 0.32112911343574523926 0.32112911343574523926 0.32112911343574523926 0.32112911343574523926 0.32112911343574523926 0.32112911343574523926 0.32112911343574523926 0.32112911343574523926 0.317264556884765625 0.29897651076316833496 0.2822920382022857666 0.26700991392135620117 0.25296008586883544922 0.24174423515796661377 0.23792813718318939209 0.23411156237125396729 0.23029498755931854248 0.2264788895845413208 0.22732633352279663086 0.2468671649694442749 0.26640799641609191895 0.28594928979873657227 0.30549010634422302246 0.32426875829696655273 0.33999347686767578125 0.35571771860122680664 0.37144243717193603516 0.38716670870780944824 0.40051352977752685547 0.40433010458946228027 0.40814620256423950195
-9999 -9999 -9999 -9999 -9999 -9999 -9999 0.32112911343574523926 0.32112911343574523926 0.32112911343574523926 0.32112911343574523926 0.32112911343574523926 0.32112911343574523926 0.32112911343574523926 0.32112911343574523926 0.32112911343574523926 0.32112911343574523926 0.31732651591300964355 0.30086475610733032227 0.28774622082710266113 0.27704614400863647461 0.26815229654312133789 0.26050469279289245605 0.2527802586555480957 0.24505579471588134766 0.23733133077621459961 0.22960686683654785156 0.22732633352279663086 0.2468671649694442749 0.26640799641609191895 0.28594928979873657227 0.30549010634422302246 0.32348838448524475098 0.33530476689338684082 0.34712111949920654297 0.35893750190734863281 0.37075385451316833496 0.38175305724143981934 0.38947752118110656738 0.39720198512077331543
