INPUT/RASTER/ASCII_standard/pH.asc
ncols        225
nrows        269
xllcorner    473009.983799999987
yllcorner    4429051.174800000153
cellsize     50.000000000000
NODATA_value  -9999
[rows 68 to 84 of 269, columns 0 to 39 of 225]
-9999 -9999 -6.3227586746215820313 -6.3227586746215820313 -6.3227586746215820313 -6.3227586746215820313 -6.3227586746215820313 -6.0691394805908203125 -4.798984527587890625 -3.5288293361663818359 -2.2586743831634521484 -0.98851913213729858398 0.028016231954097747803 0.028016231954097747803 0.028016231954097747803 0.028016231954097747803 0.028016231954097747803 0.031918060034513473511 0.051458887755870819092 0.070999719202518463135 0.090540543198585510254 0.1100813746452331543 0.12572036683559417725 0.12572036683559417725 0.12572036683559417725 0.12572036683559417725 0.12572036683559417725 0.12181854248046875 0.10227771103382110596 0.082736887037754058838 0.063196055591106414795 0.043655231595039367676 0.024114402011036872864 0.0045735747553408145905 -0.014967253431677818298 -0.034508079290390014648 -0.054048907011747360229 -0.065786078572273254395 -0.046245250850915908813 -0.026704421266913414001
-9999 -9999 -6.3227586746215820313 -6.3227586746215820313 -6.3227586746215820313 -6.3227586746215820313 -6.3227586746215820313 -6.0691394805908203125 -4.798984527587890625 -3.5288293361663818359 -2.2586743831634521484 -0.98851913213729858398 0.028016231954097747803 0.028016231954097747803 0.028016231954097747803 0.028016231954097747803 0.028016231954097747803 0.031918060034513473511 0.051458887755870819092 0.070999719202518463135 0.090540543198585510254 0.1100813746452331543 0.12572036683559417725 0.12572036683559417725 0.12572036683559417725 0.12572036683559417725 0.12572036683559417725 0.12181854248046875 0.10227771103382110596 0.082736887037754058838 0.063196055591106414795 0.043655231595039367676 0.024114402011036872864 0.0045735747553408145905 -0.014967253431677818298 -0.034508079290390014648 -0.054048907011747360229 -0.065786078572273254395 -0.046245250850915908813 -0.026704421266913414001
-9999 -9999 -6.3227586746215820313 -6.3227586746215820313 -6.3227586746215820313 -6.3227586746215820313 -6.3227586746215820313 -6.0691394805908203125 -4.798984527587890625 -3.5288293361663818359 -2.2586743831634521484 -0.98851913213729858398 0.028016231954097747803 0.028016231954097747803 0.028016231954097747803 0.028016231954097747803 0.028016231954097747803 0.031918060034513473511 0.051458887755870819092 0.070999719202518463135 0.090540543198585510254 0.1100813746452331543 0.12572036683559417725 0.12572036683559417725 0.12572036683559417725 0.12572036683559417725 0.12572036683559417725 0.12181854248046875 0.10227771103382110596 0.082736887037754058838 0.063196055591106414795 0.043655231595039367676 0.024114402011036872864 0.0045735747553408145905 -0.014967253431677818298 -0.034508079290390014648 -0.054048907011747360229 -0.065786078572273254395 -0.046245250850915908813 -0.026704421266913414001
-9999 -9999 -6.3227586746215820313 -6.3227586746215820313 -6.3227586746215820313 -6.3227586746215820313 -6.3227586746215820313 -6.0691394805908203125 -4.798984527587890625 -3.5288293361663818359 -2.2586743831634521484 -0.98851913213729858398 0.028016231954097747803 0.028016231954097747803 0.028016231954097747803 0.028016231954097747803 0.028016231954097747803 0.031918060034513473511 0.051458887755870819092 0.070999719202518463135 0.090540543198585510254 0.1100813746452331543 0.12572036683559417725 0.12572036683559417725 0.12572036683559417725 0.12572036683559417725 0.12572036683559417725 0.12181854248046875 0.10227771103382110596 0.082736887037754058838 0.063196055591106414795 0.043655231595039367676 0.024114402011036872864 0.0045735747553408145905 -0.014967253431677818298 -0.034508079290390014648 -0.054048907011747360229 -0.065786078572273254395 -0.046245250850915908813 -0.026704421266913414001
-9999 -9999 -6.3227586746215820313 -6.3227586746215820313 -6.3227586746215820313 -6.3227586746215820313 -6.3227586746215820313 -6.0691394805908203125 -4.798984527587890625 -3.5288293361663818359 -2.2586743831634521484 -0.98851913213729858398 0.028016231954097747803 0.028016231954097747803 0.028016231954097747803 0.028016231954097747803 0.028016231954097747803 0.031918060034513473511 0.051458887755870819092 0.070999719202518463135 0.090540543198585510254 0.1100813746452331543 0.12572036683559417725 0.12572036683559417725 0.12572036683559417725 0.12572036683559417725 0.12572036683559417725 0.12181854248046875 0.10227771103382110596 0.082736887037754058838 0.063196055591106414795 0.043655231595039367676 0.024114402011036872864 0.0045735747553408145905 -0.014967253431677818298 -0.034508079290390014648 -0.054048907011747360229 -0.065786078572273254395 -0.046245250850915908813 -0.026704421266913414001
-9999 -9999 -9999 -9999 -9999 -9999 -9999 -9999 -9999 -9999 -9999 -9999 0.028016231954097747803 0.028016231954097747803 0.028016231954097747803 0.028016231954097747803 0.028016231954097747803 0.032818626612424850464 0.055545210838317871094 0.076278716325759887695 0.095269799232482910156 0.11272948980331420898 0.12572036683559417725 0.12572036683559417725 0.12572036683559417725 0.12572036683559417725 0.12572036683559417725 0.12181854248046875 0.10227771103382110596 0.082736887037754058838 0.063196055591106414795 0.043655231595039367676 0.024114402011036872864 0.0045735747553408145905 -0.014967253431677818298 -0.034508079290390014648 -0.054048907011747360229 -0.065786078572273254395 -0.046245250850915908813 -0.026704421266913414001
-9999 -9999 -9999 -9999 -9999 -9999 -9999 -9999 -9999 -9999 -9999 -9999 0.028016231954097747803 0.028016231954097747803 0.028016231954097747803 0.028016231954097747803 0.028016231954097747803 0.034304816275835037231 0.061527706682682037354 0.083221875131130218506 0.1009168475866317749 0.11562453210353851318 0.12572036683559417725 0.12572036683559417725 0.12572036683559417725 0.12572036683559417725 0.12572036683559417725 0.12181854248046875 0.10227771103382110596 0.082736887037754058838 0.063196055591106414795 0.043655231595039367676 0.024114402011036872864 0.0045735747553408145905 -0.014967253431677818298 -0.034508079290390014648 -0.054048907011747360229 -0.065786078572273254395 -0.046245250850915908813 -0.026704421266913414001
-9999 -9999 -9999 -9999 -9999 -9999 -9999 -9999 -9999 -9999 -9999 -9999 0.028016231954097747803 0.028016231954097747803 0.028016231954097747803 0.028016231954097747803 0.028016231954097747803 0.037122521549463272095 0.070831529796123504639 0.09249868243932723999 0.10759864747524261475 0.11872456967830657959 0.12572036683559417725 0.12572036683559417725 0.12572036683559417725 0.12572036683559417725 0.12572036683559417725 0.12181854248046875 0.10227771103382110596 0.082736887037754058838 0.063196055591106414795 0.043655231595039367676 0.024114402011036872864 0.0045735747553408145905 -0.014967253431677818298 -0.034508079290390014648 -0.054048907011747360229 -0.065786078572273254395 -0.046245250850915908813 -0.026704421266913414001
-9999 -9999 -9999 -9999 -9999 -9999 -9999 -9999 -9999 -9999 -9999 -9999 0.028016231954097747803 0.028016231954097747803 0.028016231954097747803 0.028016231954097747803 0.028016231954097747803 0.044517125934362411499 0.087286770343780517578 0.10552264004945755005 0.11562965810298919678 0.12205195426940917969 0.12572036683559417725 0.12572036683559417725 0.12572036683559417725 0.12572036683559417725 0.12572036683559417725 0.12181854248046875 0.10227771103382110596 0.082736887037754058838 0.063196055591106414795 0.043655231595039367676 0.024114402011036872864 0.0045735747553408145905 -0.014967253431677818298 -0.034508079290390014648 -0.054048907011747360229 -0.065786078572273254395 -0.046245250850915908813 -0.026704421266913414001
-9999 -9999 -9999 -9999 -9999 -9999 -9999 -9999 -9999 -9999 -9999 -9999 0.028016231954097747803 0.028016231954097747803 0.028016231954097747803 0.028016231954097747803 0.028016231954097747803 0.11580296605825424194 0.12428729236125946045 0.12513940036296844482 0.12546274065971374512 0.12563277781009674072 0.12572036683559417725 0.12572036683559417725 0.12572036683559417725 0.12572036683559417725 0.12572036683559417725 0.12181854248046875 0.10227771103382110596 0.082736887037754058838 0.063196055591106414795 0.043655231595039367676 0.024114402011036872864 0.0045735747553408145905 -0.014967253431677818298 -0.034508079290390014648 -0.054048907011747360229 -0.065786078572273254395 -0.046245250850915908813 -0.026704421266913414001
-9999 -9999 -9999 -9999 -9999 -9999 -9999 -9999 -9999 -9999 -9999 -9999 -9999 -9999 -9999 -9999 -9999 0.12572036683559417725 0.12572036683559417725 0.12572036683559417725 0.12572036683559417725 0.12572036683559417725 0.12572036683559417725 0.12572036683559417725 0.12572036683559417725 0.12572036683559417725 0.12572036683559417725 0.12091797590255737305 0.098191395401954650879 0.077457882463932037354 0.058466807007789611816 0.041007112711668014526 0.024876598268747329712 0.0091518769040703773499 -0.0065723797306418418884 -0.02229710109531879425 -0.03802135959267616272 -0.047466348856687545776 -0.031742092221975326538 -0.016017369925975799561
-9999 -9999 -9999 -9999 -9999 -9999 -9999 -9999 -9999 -9999 -9999 -9999 -9999 -9999 -9999 -9999 -9999 0.12572036683559417725 0.12572036683559417725 0.12572036683559417725 0.12572036683559417725 0.12572036683559417725 0.12572036683559417725 0.12572036683559417725 0.12572036683559417725 0.12572036683559417725 0.12572036683559417725 0.11943178623914718628 0.092208899557590484619 0.070514723658561706543 0.052819754928350448608 0.038112070411443710327 0.025656964629888534546 0.013840594328939914703 0.0020242242608219385147 -0.0097921462729573249817 -0.021608516573905944824 -0.028705885633826255798 -0.016889516264200210571 -0.005073145497590303421
-9999 -9999 -9999 -9999 -9999 -9999 -9999 -9999 -9999 -9999 -9999 -9999 -9999 -9999 -9999 -9999 -9999 0.12572036683559417725 0.12572036683559417725 0.12572036683559417725 0.12572036683559417725 0.12572036683559417725 0.12572036683559417725 0.12572036683559417725 0.12572036683559417725 0.12572036683559417725 0.12572036683559417725 0.11661408096551895142 0.08290506899356842041 0.061237923800945281982 0.046137958765029907227 0.035012036561965942383 0.02643733099102973938 0.018528847023844718933 0.01062082778662443161 0.0027128099463880062103 -0.0051956744864583015442 -0.0099454233422875404358 -0.002037405502051115036 0.0058706128038465976715
-9999 -9999 -9999 -9999 -9999 -9999 -9999 -9999 -9999 -9999 -9999 -9999 -9999 -9999 -9999 -9999 -9999 0.12572036683559417725 0.12572036683559417725 0.12572036683559417725 0.12572036683559417725 0.12572036683559417725 0.12572036683559417725 0.12572036683559417725 0.12572036683559417725 0.12572036683559417725 0.12572036683559417725 0.10921947658061981201 0.066449835896492004395 0.048213966190814971924 0.038106944411993026733 0.031684651970863342285 0.027217697352170944214 0.023217564448714256287 0.019217431545257568359 0.015217765234410762787 0.011217633262276649475 0.0088150380179286003113 0.012815170921385288239 0.016814837232232093811
-9999 -9999 -9999 -9999 -9999 -9999 -9999 -9999 -9999 -9999 -9999 -9999 -9999 -9999 -9999 -9999 -9999 0.12572036683559417725 0.12572036683559417725 0.12572036683559417725 0.12572036683559417725 0.12572036683559417725 0.12572036683559417725 0.12572036683559417725 0.12572036683559417725 0.12572036683559417725 0.12572036683559417725 0.037933632731437683105 0.029449310153722763062 0.028597196564078330994 0.028273869305849075317 0.028103819116950035095 0.027998061850666999817 0.02790628187358379364 0.027814036235213279724 0.027722256258130073547 0.02763047441840171814 0.027575500309467315674 0.027667280286550521851 0.027759060263633728027
-9999 -9999 -9999 -9999 -9999 -9999 -9999 -9999 -9999 -9999 -9999 -9999 -9999 -9999 -9999 -9999 -9999 -9999 -9999 -9999 -9999 -9999 -9999 -9999 -9999 -9999 -9999 0.0470981597900390625 0.0470981597900390625 0.0470981597900390625 0.0470981597900390625 0.0470981597900390625 0.0470981597900390625 0.0470981597900390625 0.0470981597900390625 0.0470981597900390625 0.0470981597900390625 0.0470981597900390625 0.0470981597900390625 0.0470981597900390625
-9999 -9999 -9999 -9999 -9999 -9999 -9999 -9999 -9999 -9999 -9999 -9999 -9999 -9999 -9999 -9999 -9999 -9999 -9999 -9999 -9999 -9999 -9999 -9999 -9999 -9999 -9999 0.066638983786106109619 0.066638983786106109619 0.066638983786106109619 0.066638983786106109619 0.066638983786106109619 0.066638983786106109619 0.066638983786106109619 0.066638983786106109619 0.066638983786106109619 0.066638983786106109619 0.066638983786106109619 0.066638983786106109619 0.066638983786106109619
