INPUT/RASTER/ASCII_standard/pH.asc
ncols        225
nrows        269
xllcorner    473009.983799999987
yllcorner    4429051.174800000153
cellsize     50.000000000000
NODATA_value  -9999
[rows 136 to 152 of 269, columns 40 to 79 of 225]
0.2811291813850402832 0.2811291813850402832 0.27412405610084533691 0.23904255032539367676 0.20396055281162261963 0.16887903213500976563 0.13379704952239990234 0.110421009361743927 0.13396196067333221436 0.15750245749950408936 0.18104341626167297363 0.20458437502384185791 0.22182697057723999023 0.21382717788219451904 0.20582690834999084473 0.19782711565494537354 0.1898273080587387085 0.18342459201812744141 0.18342459201812744141 0.18342459201812744141 0.18342459201812744141 0.18342459201812744141 0.18502211570739746094 0.19302192330360412598 0.20102219283580780029 0.20902198553085327148 0.21702177822589874268 0.22032122313976287842 0.20478051900863647461 0.18923982977867126465 0.17369866371154785156 0.1581579744815826416 0.14882339537143707275 0.16436408460140228271 0.1799052506685256958 0.19544595479965209961 0.21098664402961730957 0.22262597084045410156 0.21862584352493286133 0.21462571620941162109
0.32021084427833557129 0.32021084427833557129 0.31242534518241882324 0.27343547344207763672 0.2344456017017364502 0.19545572996139526367 0.15646585822105407715 0.12918147444725036621 0.14881408214569091797 0.16844668984413146973 0.18807929754257202148 0.20771190524101257324 0.2233877032995223999 0.22320415079593658447 0.2230205833911895752 0.22283703088760375977 0.22265300154685974121 0.22250624001026153564 0.22250624001026153564 0.22250624001026153564 0.22250624001026153564 0.22250624001026153564 0.22254304587841033936 0.22272661328315734863 0.22291016578674316406 0.22309373319149017334 0.22327776253223419189 0.21954084932804107666 0.20009180903434753418 0.18064321577548980713 0.16119417548179626465 0.14174512028694152832 0.13006293773651123047 0.14951197803020477295 0.16896103322505950928 0.18841007351875305176 0.20785912871360778809 0.22340634465217590332 0.22331456840038299561 0.22322231531143188477
0.28983619809150695801 0.28602010011672973633 0.27744820713996887207 0.24981531500816345215 0.22218245267868041992 0.19455003738403320313 0.1669171750545501709 0.1479419320821762085 0.16366618871688842773 0.17939090728759765625 0.19511516392230987549 0.210839882493019104 0.22342450916767120361 0.22342450916767120361 0.22342450916767120361 0.22342450916767120361 0.22342450916767120361 0.222662314772605896 0.21884620189666748047 0.21502964198589324951 0.21121352910995483398 0.20739695429801940918 0.20510478317737579346 0.20892135798931121826 0.21273745596408843994 0.21655403077602386475 0.22037012875080108643 0.21952268481254577637 0.19998185336589813232 0.18044102191925048828 0.16090019047260284424 0.14135937392711639404 0.12886001169681549072 0.14458473026752471924 0.16030898690223693848 0.17603370547294616699 0.19175796210765838623 0.20510478317737579346 0.20892135798931121826 0.21273745596408843994
0.25779041647911071777 0.25006598234176635742 0.24070717394351959229 0.22479934990406036377 0.20889106392860412598 0.19298279285430908203 0.17707450687885284424 0.16670238971710205078 0.17851875722408294678 0.19033513963222503662 0.20215150713920593262 0.21396741271018981934 0.22342450916767120361 0.22342450916767120361 0.22342450916767120361 0.22342450916767120361 0.22342450916767120361 0.22188195586204528809 0.21415749192237854004 0.20643302798271179199 0.19870857894420623779 0.19098411500453948975 0.18634432554244995117 0.19406877458095550537 0.20179323852062225342 0.20951768755912780762 0.21724261343479156494 0.21952268481254577637 0.19998185336589813232 0.18044102191925048828 0.16090019047260284424 0.14135937392711639404 0.12807963788509368896 0.13989600539207458496 0.15171237289905548096 0.1635287553071975708 0.1753451228141784668 0.18634432554244995117 0.19406877458095550537 0.20179323852062225342
0.22574464976787567139 0.21411183476448059082 0.20396661758422851563 0.19978292286396026611 0.1955992281436920166 0.19141553342342376709 0.18723183870315551758 0.18546286225318908691 0.19337087869644165039 0.20127889513969421387 0.20918737351894378662 0.2170953899621963501 0.22342450916767120361 0.22342450916767120361 0.22342450916767120361 0.22342450916767120361 0.22342450916767120361 0.22110158205032348633 0.20946924388408660889 0.19783642888069152832 0.18620361387729644775 0.17457127571105957031 0.16758385300636291504 0.17921666800975799561 0.19084948301315307617 0.20248182117938995361 0.21411463618278503418 0.21952268481254577637 0.19998185336589813232 0.18044102191925048828 0.16090019047260284424 0.14135937392711639404 0.12729927897453308105 0.13520775735378265381 0.14311577379703521729 0.15102379024028778076 0.15893228352069854736 0.16758385300636291504 0.17921666800975799561 0.19084948301315307617
0.1936988532543182373 0.17815816402435302734 0.16722604632377624512 0.17476695775985717773 0.1823078542947769165 0.18984875082969665527 0.19738964736461639404 0.2042233198881149292 0.20822344720363616943 0.21222311258316040039 0.21622325479984283447 0.22022338211536407471 0.22342450916767120361 0.22342450916767120361 0.22342450916767120361 0.22342450916767120361 0.22342450916767120361 0.22032122313976287842 0.20478051900863647461 0.18923982977867126465 0.17369866371154785156 0.1581579744815826416 0.14882339537143707275 0.16436408460140228271 0.1799052506685256958 0.19544595479965209961 0.21098664402961730957 0.21952268481254577637 0.19998185336589813232 0.18044102191925048828 0.16090019047260284424 0.14135937392711639404 0.1265189051628112793 0.13051903247833251953 0.13451917469501495361 0.13851884007453918457 0.1425189673900604248 0.14882339537143707275 0.16436408460140228271 0.1799052506685256958
0.16165307164192199707 0.14220403134822845459 0.13048548996448516846 0.14975097775459289551 0.16901600360870361328 0.18828149139881134033 0.20754697918891906738 0.22298377752304077148 0.2230755537748336792 0.22316734492778778076 0.22325912117958068848 0.22335089743137359619 0.22342450916767120361 0.22342450916767120361 0.22342450916767120361 0.22342450916767120361 0.22342450916767120361 0.21954084932804107666 0.20009180903434753418 0.18064321577548980713 0.16119417548179626465 0.14174512028694152832 0.13006293773651123047 0.14951197803020477295 0.16896103322505950928 0.18841007351875305176 0.20785912871360778809 0.21952268481254577637 0.19998185336589813232 0.18044102191925048828 0.16090019047260284424 0.14135937392711639404 0.12573854625225067139 0.1258303225040435791 0.12592256069183349609 0.12601435184478759766 0.12610612809658050537 0.13006293773651123047 0.14951197803020477295 0.16896103322505950928
0.17311117053031921387 0.15738691389560699463 0.1479419320821762085 0.16366618871688842773 0.17939090728759765625 0.19511516392230987549 0.210839882493019104 0.22190058231353759766 0.21426790952682495117 0.20663523674011230469 0.19900254905223846436 0.19136987626552581787 0.18602332472801208496 0.18983942270278930664 0.19365599751472473145 0.19747211039066314697 0.20128867030143737793 0.20196515321731567383 0.19005699455738067627 0.17814885079860687256 0.166240692138671875 0.15433254837989807129 0.1479419320821762085 0.16366618871688842773 0.17939090728759765625 0.19511516392230987549 0.210839882493019104 0.21876049041748046875 0.19540354609489440918 0.17204615473747253418 0.14868922531604766846 0.12533181905746459961 0.10816283524036407471 0.11579551547765731812 0.12342819571495056152 0.13106086850166320801 0.13869354128837585449 0.1479419320821762085 0.16366618871688842773 0.17939090728759765625
0.18561613559722900391 0.17379976809024810791 0.16670238971710205078 0.17851875722408294678 0.19033513963222503662 0.20215150713920593262 0.21396741271018981934 0.22033984959125518799 0.20489093661308288574 0.18944156169891357422 0.17399263381958007813 0.15854372084140777588 0.14772203564643859863 0.15544648468494415283 0.16317094862461090088 0.17089539766311645508 0.17861986160278320313 0.18398505449295043945 0.17989313602447509766 0.17580123245716094971 0.17170931398868560791 0.16761787235736846924 0.16670238971710205078 0.17851875722408294678 0.19033513963222503662 0.20215150713920593262 0.21396741271018981934 0.21798011660575866699 0.19071483612060546875 0.16344955563545227051 0.13618426024913787842 0.10891897976398468018 0.090182743966579437256 0.1056316569447517395 0.12108056992292404175 0.13652949035167694092 0.15197886526584625244 0.16670238971710205078 0.17851875722408294678 0.19033513963222503662
0.1981210857629776001 0.19021260738372802734 0.18546286225318908691 0.19337087869644165039 0.20127889513969421387 0.20918737351894378662 0.2170953899621963501 0.21877911686897277832 0.19551350176334381104 0.17224834859371185303 0.14898273348808288574 0.12571758031845092773 0.10942073911428451538 0.12105308473110198975 0.13268589973449707031 0.14431869983673095703 0.15595105290412902832 0.16600495576858520508 0.16972927749156951904 0.17345407605171203613 0.1771783977746963501 0.18090271949768066406 0.18546286225318908691 0.19337087869644165039 0.20127889513969421387 0.20918737351894378662 0.2170953899621963501 0.21719975769519805908 0.1860265880823135376 0.15485294163227081299 0.12367931008338928223 0.092506133019924163818 0.072202645242214202881 0.095467798411846160889 0.1187334209680557251 0.14199857413768768311 0.16526372730731964111 0.18546286225318908691 0.19337087869644165039 0.20127889513969421387
0.21062605082988739014 0.20662590861320495605 0.2042233198881149292 0.20822344720363616943 0.21222311258316040039 0.21622325479984283447 0.22022338211536407471 0.21721838414669036865 0.18613652884960174561 0.15505467355251312256 0.12397328019142150879 0.092891424894332885742 0.071119450032711029053 0.086660146713256835938 0.10220084339380264282 0.11774200201034545898 0.13328270614147186279 0.1480248570442199707 0.15956541895866394043 0.17110645771026611328 0.18264748156070709229 0.19418804347515106201 0.2042233198881149292 0.20822344720363616943 0.21222311258316040039 0.21622325479984283447 0.22022338211536407471 0.21641938388347625732 0.18133786320686340332 0.14625634253025054932 0.11117435246706008911 0.076092824339866638184 0.054222550243139266968 0.085303939878940582275 0.11638579517602920532 0.14746765792369842529 0.17854905128479003906 0.2042233198881149292 0.20822344720363616943 0.21222311258316040039
0.22313053905963897705 0.22303874790668487549 0.22298377752304077148 0.2230755537748336792 0.22316734492778778076 0.22325912117958068848 0.22335089743137359619 0.21565765142440795898 0.17675955593585968018 0.13786146044731140137 0.098963372409343719482 0.060065276920795440674 0.032818160951137542725 0.052267208695411682129 0.071715787053108215332 0.091164834797382354736 0.11061388254165649414 0.13004475831985473633 0.14940203726291656494 0.16875882446765899658 0.1881161034107208252 0.20747336745262145996 0.22298377752304077148 0.2230755537748336792 0.22316734492778778076 0.22325912117958068848 0.22335089743137359619 0.21563902497291564941 0.17664915323257446289 0.13765974342823028564 0.098669864237308502197 0.05967998504638671875 0.036242455244064331055 0.075140550732612609863 0.11403817683458328247 0.1529362797737121582 0.19183437526226043701 0.22298377752304077148 0.2230755537748336792 0.22316734492778778076
0.21121352910995483398 0.20739695429801940918 0.20510478317737579346 0.20892135798931121826 0.21273745596408843994 0.21655403077602386475 0.22037012875080108643 0.21638305485248565674 0.18111750483512878418 0.1458524167537689209 0.11058686673641204834 0.075321778655052185059 0.050237793475389480591 0.065962046384811401367 0.081686772406101226807 0.097411029040813446045 0.11313574761152267456 0.12962220609188079834 0.14916302263736724854 0.16870385408401489258 0.18824468553066253662 0.20778551697731018066 0.222662314772605896 0.21884620189666748047 0.21502964198589324951 0.21121352910995483398 0.20739695429801940918 0.19806331396102905273 0.16661433875560760498 0.13516536355018615723 0.10371638089418411255 0.072267405688762664795 0.05337742343544960022 0.084826402366161346436 0.11627538502216339111 0.14772436022758483887 0.17917333543300628662 0.20434258878231048584 0.20434258878231048584 0.20434258878231048584
0.19870857894420623779 0.19098411500453948975 0.18634432554244995117 0.19406877458095550537 0.20179323852062225342 0.20951768755912780762 0.21724261343479156494 0.21716341376304626465 0.18580621480941772461 0.15444901585578918457 0.12309181690216064453 0.091734617948532104492 0.068998254835605621338 0.080814622342586517334 0.092630997300148010254 0.10444736480712890625 0.11626327037811279297 0.12962220609188079834 0.14916302263736724854 0.16870385408401489258 0.18824468553066253662 0.20778551697731018066 0.22188195586204528809 0.21415749192237854004 0.20643302798271179199 0.19870857894420623779 0.19098411500453948975 0.18008321523666381836 0.15645048022270202637 0.13281774520874023438 0.10918500274419784546 0.085552729666233062744 0.071357518434524536133 0.094990260899066925049 0.11862300336360931396 0.14225573837757110596 0.16588801145553588867 0.1848017573356628418 0.1848017573356628418 0.1848017573356628418
0.18620361387729644775 0.17457127571105957031 0.16758385300636291504 0.17921666800975799561 0.19084948301315307617 0.20248182117938995361 0.21411463618278503418 0.21794377267360687256 0.19049446284770965576 0.16304561495780944824 0.13559678196907043457 0.10814746469259262085 0.087758712470531463623 0.095666736364364624023 0.1035747528076171875 0.11148323863744735718 0.11939125508069992065 0.12962220609188079834 0.14916302263736724854 0.16870385408401489258 0.18824468553066253662 0.20778551697731018066 0.22110158205032348633 0.20946924388408660889 0.19783642888069152832 0.18620361387729644775 0.17457127571105957031 0.16210313141345977783 0.14628662168979644775 0.1304705888032913208 0.11465408653020858765 0.098837584257125854492 0.089337617158889770508 0.10515411943197250366 0.12097015976905822754 0.13678665459156036377 0.15260316431522369385 0.16526092588901519775 0.16526092588901519775 0.16526092588901519775
0.17369866371154785156 0.1581579744815826416 0.14882339537143707275 0.16436408460140228271 0.1799052506685256958 0.19544595479965209961 0.21098664402961730957 0.21872414648532867432 0.19518318772315979004 0.17164222896099090576 0.14810173213481903076 0.12456077337265014648 0.10651917755603790283 0.11051931232213973999 0.11451897770166397095 0.11851910501718521118 0.12251923978328704834 0.12962220609188079834 0.14916302263736724854 0.16870385408401489258 0.18824468553066253662 0.20778551697731018066 0.22032122313976287842 0.20478051900863647461 0.18923982977867126465 0.17369866371154785156 0.1581579744815826416 0.14412303268909454346 0.13612276315689086914 0.12812297046184539795 0.12012317031621932983 0.11212290078401565552 0.10731771588325500488 0.11531797796487808228 0.12331777811050415039 0.13131757080554962158 0.1393178403377532959 0.14572009444236755371 0.14572009444236755371 0.14572009444236755371
0.16119417548179626465 0.14174512028694152832 0.13006293773651123047 0.14951197803020477295 0.16896103322505950928 0.18841007351875305176 0.20785912871360778809 0.21950450539588928223 0.19987189769744873047 0.18023882806301116943 0.16060622036457061768 0.14097361266613006592 0.12527963519096374512 0.12537142634391784668 0.12546320259571075439 0.12555497884750366211 0.12564675509929656982 0.12962220609188079834 0.14916302263736724854 0.16870385408401489258 0.18824468553066253662 0.20778551697731018066 0.21954084932804107666 0.20009180903434753418 0.18064321577548980713 0.16119417548179626465 0.14174512028694152832 0.12614293396472930908 0.1259593665599822998 0.1257753521203994751 0.12559178471565246582 0.12540823221206665039 0.12529781460762023926 0.12548136711120605469 0.12566539645195007324 0.12584896385669708252 0.12603251636028289795 0.12617927789688110352 0.12617927789688110352 0.12617927789688110352
