INPUT/RASTER/ASCII_standard/rivers.asc
ncols        225
nrows        269
xllcorner    473009.983799999987
yllcorner    4429051.174800000153
cellsize     50.000000000000
NODATA_value  -9999
[rows 190 to 208 of 269, columns 126 to 167 of 225]
-1.083310246467590332 -1.0216884613037109375 -0.85277658700942993164 -0.68538558483123779297 -0.82298630475997924805 -0.92989557981491088867 -1.012179255485534668 -1.0489819049835205078 -1.0567566156387329102 -1.1054286956787109375 -1.0143845081329345703 -0.87827545404434204102 -0.74143463373184204102 -0.58233237266540527344 -0.41174536943435668945 -0.26565286517143249512 -0.16178435087203979492 -0.16457742452621459961 -0.20673285424709320068 -0.21286943554878234863 -0.1822939068078994751 -0.1182996705174446106 -0.02663877047598361969 0.086497351527214050293 0.21573951840400695801 0.35691967606544494629 0.50696885585784912109 0.64470660686492919922 0.46424704790115356445 0.28514078259468078613 0.10797110199928283691 -0.066302254796028137207 -0.23775085806846618652 -0.4056593775749206543 -0.56855195760726928711 -0.72704327106475830078 -0.86661618947982788086 -0.99903643131256103516 -1.1212650537490844727 -0.97658509016036987305 -0.92831343412399291992 -0.90825569629669189453
-1.0218222141265869141 -1.0763252973556518555 -0.93265074491500854492 -0.84706681966781616211 -0.93429052829742431641 -1.0850731134414672852 -1.0863096714019775391 -1.0391130447387695313 -1.1271721124649047852 -1.0820311307907104492 -0.96752631664276123047 -0.82017558813095092773 -0.66619610786437988281 -0.58490753173828125 -0.51893889904022216797 -0.41907545924186706543 -0.33065301179885864258 -0.23588962852954864502 -0.13269326090812683105 -0.027497321367263793945 -0.0018947317730635404587 0.052450492978096008301 0.13185659050941467285 0.23197661340236663818 0.34863445162773132324 0.47825577855110168457 0.61797386407852172852 0.69526803493499755859 0.52031594514846801758 0.3479346930980682373 0.17686849832534790039 0.009511729702353477478 -0.15451228618621826172 -0.31357973814010620117 -0.46725809574127197266 -0.60505330562591552734 -0.74051326513290405273 -0.89923381805419921875 -1.0378224849700927734 -1.1269328594207763672 -1.1074560880661010742 -1.0868942737579345703
-0.94156312942504882813 -1.0795156955718994141 -1.035655975341796875 -1.0055702924728393555 -1.096950531005859375 -1.099385380744934082 -0.93597888946533203125 -0.87400317192077636719 -0.95811223983764648438 -1.0475988388061523438 -1.0766515731811523438 -0.92041057348251342773 -0.80274832248687744141 -0.76383787393569946289 -0.67730325460433959961 -0.57501274347305297852 -0.49372437596321105957 -0.39290064573287963867 -0.27083918452262878418 -0.1291878819465637207 0.024923590943217277527 0.18715909123420715332 0.29689264297485351563 0.38621842861175537109 0.49188151955604553223 0.6109250187873840332 0.74080902338027954102 0.76233500242233276367 0.59180665016174316406 0.4247430264949798584 0.26026526093482971191 0.10099557042121887207 -0.057426106184720993042 -0.2059711068868637085 -0.3439311683177947998 -0.48579066991806030273 -0.63839393854141235352 -0.77573359012603759766 -0.8957112431526184082 -0.9569962620735168457 -0.98280835151672363281 -0.99484688043594360352
-0.82598590850830078125 -0.97617959976196289063 -1.1113719940185546875 -1.120174407958984375 -1.0204863548278808594 -0.93894636631011962891 -0.83796483278274536133 -0.71545797586441040039 -0.78785467147827148438 -0.94192725419998168945 -1.0756521224975585938 -1.0527919530868530273 -0.97652912139892578125 -0.93421888351440429688 -0.82460099458694458008 -0.74592012166976928711 -0.65048867464065551758 -0.53344297409057617188 -0.3881797492504119873 -0.22809800505638122559 -0.0597707405686378479 0.11348242312669754028 0.28987085819244384766 0.4683628380298614502 0.64298611879348754883 0.75254452228546142578 0.87330901622772216797 0.83999669551849365234 0.67527461051940917969 0.51426053047180175781 0.35541906952857971191 0.20124380290508270264 0.055898640304803848267 -0.082373730838298797607 -0.22969438135623931885 -0.37684935331344604492 -0.51317501068115234375 -0.63531666994094848633 -0.72858166694641113281 -0.77520465850830078125 -0.79729551076889038086 -0.81189894676208496094
-0.71444565057754516602 -0.89156717061996459961 -1.0672310590744018555 -1.0285236835479736328 -0.86691975593566894531 -0.76161593198776245117 -0.6931788325309753418 -0.57540118694305419922 -0.68310898542404174805 -0.82680678367614746094 -0.96169781684875488281 -1.0605258941650390625 -1.1206573247909545898 -1.085711359977722168 -0.98902267217636108398 -0.90372109413146972656 -0.79597747325897216797 -0.64330923557281494141 -0.47361794114112854004 -0.29713323712348937988 -0.11736925691366195679 0.064205296337604522705 0.24687905609607696533 0.43026831746101379395 0.61414837837219238281 0.79837971925735473633 0.98287069797515869141 0.92833489179611206055 0.76932299137115478516 0.61219775676727294922 0.46121048927307128906 0.31804889440536499023 0.17961770296096801758 0.02931462414562702179 -0.11473952978849411011 -0.25056302547454833984 -0.37439119815826416016 -0.48177897930145263672 -0.55105268955230712891 -0.59105157852172851563 -0.61163622140884399414 -0.63805079460144042969
-0.73475384712219238281 -0.91731220483779907227 -1.0973289012908935547 -0.99371069669723510742 -0.80818253755569458008 -0.62261873483657836914 -0.52705252170562744141 -0.43557795882225036621 -0.56551831960678100586 -0.70017999410629272461 -0.81251060962677001953 -0.88863503932952880859 -0.93505549430847167969 -1.0392576456069946289 -1.1164830923080444336 -1.0577702522277832031 -0.88277417421340942383 -0.6989014744758605957 -0.51393526792526245117 -0.32862389087677001953 -0.1431598961353302002 0.042384684085845947266 0.22797721624374389648 0.41360047459602355957 0.59924447536468505859 0.78490340709686279297 0.97057306766510009766 1.024805903434753418 0.87049436569213867188 0.72193050384521484375 0.58035135269165039063 0.4399185478687286377 0.28965321183204650879 0.14759026467800140381 0.012065844610333442688 -0.11330831050872802734 -0.22609150409698486328 -0.31488695740699768066 -0.37131592631340026855 -0.40610703825950622559 -0.42594489455223083496 -0.45790705084800720215
-0.75087058544158935547 -0.93614655733108520508 -1.1137678623199462891 -0.96868592500686645508 -0.78354400396347045898 -0.59834271669387817383 -0.41360250115394592285 -0.3033764958381652832 -0.43781623244285583496 -0.55635184049606323242 -0.64677453041076660156 -0.71302980184555053711 -0.78430545330047607422 -0.87319320440292358398 -0.95627927780151367188 -0.985637664794921875 -0.85162174701690673828 -0.68006080389022827148 -0.50052827596664428711 -0.31823778152465820313 -0.1346896737813949585 0.049533531069755554199 0.23416027426719665527 0.4190470576286315918 0.60411125421524047852 0.7893015742301940918 0.97458511590957641602 1.1297905445098876953 0.98307883739471435547 0.84274554252624511719 0.69839721918106079102 0.55070698261260986328 0.41002818942070007324 0.27470216155052185059 0.14841163158416748047 0.03267922624945640564 -0.06680056452751159668 -0.14131890237331390381 -0.191308632493019104 -0.22084906697273254395 -0.2402413785457611084 -0.27539771795272827148
-0.79309344291687011719 -0.9438813328742980957 -1.1158998012542724609 -0.97552090883255004883 -0.78987616300582885742 -0.60417860746383666992 -0.41846901178359985352 -0.23275485634803771973 -0.29686436057090759277 -0.39791309833526611328 -0.47518149018287658691 -0.53665292263031005859 -0.62442106008529663086 -0.70316183567047119141 -0.79365289211273193359 -0.80825370550155639648 -0.72854113578796386719 -0.59445691108703613281 -0.43646541237831115723 -0.26747056841850280762 -0.092790260910987854004 0.085144460201263427734 0.26509702205657958984 0.44638034701347351074 0.62858539819717407227 0.81145364046096801758 0.99481445550918579102 1.1785513162612915039 1.1051993370056152344 0.957912445068359375 0.81203746795654296875 0.67252725362777709961 0.53734242916107177734 0.4104461371898651123 0.29286286234855651855 0.18690642714500427246 0.099871769547462463379 0.035664770752191543579 -0.010442039929330348969 -0.036902047693729400635 -0.056823622435331344604 -0.10450606793165206909
-0.90952545404434204102 -1.0506228208541870117 -1.0752216577529907227 -0.93437379598617553711 -0.76554167270660400391 -0.58663630485534667969 -0.40434113144874572754 -0.2209761887788772583 -0.14401482045650482178 -0.23167791962623596191 -0.30172660946846008301 -0.37098142504692077637 -0.45808768272399902344 -0.54489535093307495117 -0.61543345451354980469 -0.62494856119155883789 -0.57037001848220825195 -0.46713656187057495117 -0.33374482393264770508 -0.18273112177848815918 -0.02121393941342830658 0.14685526490211486816 0.31921282410621643066 0.49450215697288513184 0.67187201976776123047 0.85076630115509033203 1.0308078527450561523 1.2117333412170410156 1.2181220054626464844 1.0736100673675537109 0.93506413698196411133 0.79998511075973510742 0.6725203394889831543 0.55380791425704956055 0.4435335695743560791 0.34834867715835571289 0.27131137251853942871 0.21466253697872161865 0.17160315811634063721 0.14626616239547729492 0.1272287517786026001 0.065545603632926940918
-1.0193674564361572266 -1.13529205322265625 -0.97460359334945678711 -0.83356422185897827148 -0.67494112253189086914 -0.51977956295013427734 -0.3519611358642578125 -0.17825268208980560303 -0.031020734459161758423 -0.061027280986309051514 -0.1259613335132598877 -0.20918466150760650635 -0.28928533196449279785 -0.37952238321304321289 -0.43333536386489868164 -0.44036653637886047363 -0.39928102493286132813 -0.3172632753849029541 -0.2050336003303527832 -0.072082340717315673828 0.074801154434680938721 0.23114413022994995117 0.39405545592308044434 0.5616486668586730957 0.73266673088073730469 0.9062506556510925293 1.0817990303039550781 1.2588803768157958984 1.3354107141494750977 1.1976263523101806641 1.0626291036605834961 0.93467533588409423828 0.81474322080612182617 0.70185989141464233398 0.60099321603775024414 0.51489436626434326172 0.44597205519676208496 0.39427217841148376465 0.35448718070983886719 0.33007538318634033203 0.25288370251655578613 0.06716737896203994751
-1.074505925178527832 -1.0099068880081176758 -0.88147437572479248047 -0.72771304845809936523 -0.57574349641799926758 -0.45041075348854064941 -0.38972643017768859863 -0.29186403751373291016 -0.16799847781658172607 -0.026782505214214324951 0.04363396763801574707 -0.042846608906984329224 -0.13031020760536193848 -0.20645824074745178223 -0.24973787367343902588 -0.25530728697776794434 -0.22247894108295440674 -0.15508814156055450439 -0.05958823859691619873 0.057308889925479888916 0.18996928632259368896 0.33414122462272644043 0.48676511645317077637 0.64567410945892333984 0.80933117866516113281 0.97663480043411254883 1.1467843055725097656 1.3191890716552734375 1.460206151008605957 1.3252742290496826172 1.196941375732421875 1.0758113861083984375 0.96125864982604980469 0.85622298717498779297 0.76355683803558349609 0.68514657020568847656 0.6227709650993347168 0.57443183660507202148 0.53799480199813842773 0.44773414731025695801 0.26315829157829284668 0.078930675983428955078
-0.88983494043350219727 -0.84849196672439575195 -0.74930542707443237305 -0.68052828311920166016 -0.65272432565689086914 -0.63068985939025878906 -0.551097869873046875 -0.43058609962463378906 -0.28632858395576477051 -0.12844222784042358398 0.037599969655275344849 0.12435724586248397827 0.035423211753368377686 -0.029295017942786216736 -0.065409809350967407227 -0.070018596947193145752 -0.042723961174488067627 0.014211202040314674377 0.096697151660919189453 0.2000208050012588501 0.31976157426834106445 0.45221790671348571777 0.59447777271270751953 0.74432086944580078125 0.90007644891738891602 1.0604887008666992188 1.2246099710464477539 1.3917188644409179688 1.5612603425979614258 1.4592847824096679688 1.3372138738632202148 1.2213764190673828125 1.1131591796875 1.0155409574508666992 0.93002212047576904297 0.85815751552581787109 0.80093705654144287109 0.75501966476440429688 0.65941679477691650391 0.4776757359504699707 0.29695340991020202637 0.11736471205949783325
-0.88257014751434326172 -0.85918158292770385742 -0.86234432458877563477 -0.86564832925796508789 -0.83354216814041137695 -0.80495548248291015625 -0.69310164451599121094 -0.54314982891082763672 -0.37727239727973937988 -0.20390503108501434326 -0.026543438434600830078 0.15316879749298095703 0.20638740062713623047 0.15027882158756256104 0.11932791024446487427 0.11539800465106964111 0.13873836398124694824 0.18791097402572631836 0.26019519567489624023 0.35223448276519775391 0.46062260866165161133 0.58227419853210449219 0.7145798802375793457 0.85542064905166625977 1.003113865852355957 1.1563370227813720703 1.3140543699264526367 1.4754526615142822266 1.6398906707763671875 1.5988550186157226563 1.4819991588592529297 1.3712782859802246094 1.2698044776916503906 1.1787923574447631836 1.0995186567306518555 1.0332683324813842773 0.98033040761947631836 0.88289046287536621094 0.70423680543899536133 0.5271294713020324707 0.35211920738220214844 0.18004097044467926025
-1.0603718757629394531 -1.0419851541519165039 -1.047069549560546875 -1.048282623291015625 -1.0145106315612792969 -0.95523589849472045898 -0.79116034507751464844 -0.61250644922256469727 -0.43021094799041748047 -0.24650220572948455811 -0.062103133648633956909 0.12268378585577011108 0.30770987272262573242 0.33138045668601989746 0.30431795120239257813 0.30089294910430908203 0.32127177715301513672 0.36448690295219421387 0.4286511838436126709 0.51132291555404663086 0.60987997055053710938 0.72180002927780151367 0.84482288360595703125 0.97701317071914672852 1.1167597770690917969 1.2627439498901367188 1.4138963222503662109 1.5693516731262207031 1.7284100055694580078 1.7429895401000976563 1.6302491426467895508 1.5256949663162231445 1.4303264617919921875 1.3452020883560180664 1.2714072465896606445 1.2099745273590087891 1.0420613288879394531 0.86671650409698486328 0.69341754913330078125 0.52280396223068237305 0.35520485043525695801 0.19194053113460540771
-1.0266808271408081055 -1.1010580062866210938 -1.0426200628280639648 -1.0382492542266845703 -1.0575635433197021484 -0.98120850324630737305 -0.80416083335876464844 -0.62100487947463989258 -0.4365012049674987793 -0.2514896690845489502 -0.066232994198799133301 0.11916048824787139893 0.30463817715644836426 0.49017122387886047363 0.48947429656982421875 0.48643946647644042969 0.50451946258544921875 0.54303354024887084961 0.60062521696090698242 0.67547911405563354492 0.76556098461151123047 0.86882239580154418945 0.98334068059921264648 1.1073950529098510742 1.2394939661026000977 1.3783713579177856445 1.5229665040969848633 1.672397613525390625 1.8259334564208984375 1.889853358268737793 1.7827850580215454102 1.6838859319686889648 1.5940427780151367188 1.5141760110855102539 1.3531296253204345703 1.1715439558029174805 0.9906718134880065918 0.81071138381958007813 0.63194078207015991211 0.45476034283638000488 0.27976572513580322266 0.10787780582904815674
-0.90362149477005004883 -1.05776214599609375 -1.0329240560531616211 -0.85539042949676513672 -0.8807722926139831543 -0.84751862287521362305 -0.724033355712890625 -0.56593209505081176758 -0.3949591219425201416 -0.21825607120990753174 -0.038579359650611877441 0.14282119274139404297 0.32530519366264343262 0.50851273536682128906 0.66539627313613891602 0.67202180624008178711 0.68826657533645629883 0.72298413515090942383 0.77516984939575195313 0.84344446659088134766 0.92621338367462158203 1.0218117237091064453 1.128617405891418457 1.2451250553131103516 1.3699833154678344727 1.5020080804824829102 1.6401785612106323242 1.7836232185363769531 1.9316027164459228516 2.0407838821411132813 1.9389698505401611328 1.8452509641647338867 1.6910717487335205078 1.5066080093383789063 1.3223333358764648438 1.1382937431335449219 0.95455121994018554688 0.77119112014770507813 0.58833539485931396484 0.40616336464881896973 0.22494870424270629883 0.045131161808967590332
-0.84253448247909545898 -1.021044611930847168 -1.087746739387512207 -0.95020496845245361328 -0.78879654407501220703 -0.67640155553817749023 -0.59014219045639038086 -0.46263909339904785156 -0.31276717782020568848 -0.15064892172813415527 0.018582511693239212036 0.1519321054220199585 0.27085214853286743164 0.40302491188049316406 0.54533374309539794922 0.6954212188720703125 0.85152876377105712891 0.90396767854690551758 0.95164096355438232422 1.0143281221389770508 1.090763092041015625 1.179587244987487793 1.2794355154037475586 1.3890024423599243164 1.5070806741714477539 1.6325829029083251953 1.7645466327667236328 1.9021310806274414063 2.0446071624755859375 2.1913475990295410156 2.0473484992980957031 1.8617975711822509766 1.6762686967849731445 1.4907668828964233398 1.3052983283996582031 1.1198713779449462891 0.93449687957763671875 0.74919056892395019531 0.56397461891174316406 0.37888199090957641602 0.19396401941776275635 0.009305196814239025116
-0.77443391084671020508 -0.91948497295379638672 -1.0395511388778686523 -1.0463140010833740234 -0.88764923810958862305 -0.733661651611328125 -0.58020550012588500977 -0.4127432405948638916 -0.26322653889656066895 -0.20026640594005584717 -0.10728417336940765381 0.0084456261247396469116 0.14076754450798034668 0.28506416082382202148 0.4380525052547454834 0.59743678569793701172 0.76160883903503417969 0.92942899465560913086 1.1000770330429077148 1.1874866485595703125 1.2584079504013061523 1.3412357568740844727 1.4348212480545043945 1.5380361080169677734 1.649811863899230957 1.7691613435745239258 1.8951913118362426758 2.0271036624908447266 2.1641941070556640625 2.1842503547668457031 2.04449462890625 1.8587877750396728516 1.6730830669403076172 1.4873802661895751953 1.3016805648803710938 1.1159842014312744141 0.93029230833053588867 0.74460607767105102539 0.55892735719680786133 0.37325912714004516602 0.18760560452938079834 0.0019738480914384126663
-0.65810728073120117188 -0.81645488739013671875 -0.97532707452774047852 -1.0528125762939453125 -0.99459034204483032227 -0.82684653997421264648 -0.65962100028991699219 -0.51820576190948486328 -0.4417909085750579834 -0.36418539285659790039 -0.25381705164909362793 -0.12128805369138717651 0.025863189250230789185 0.18276262283325195313 0.34632450342178344727 0.51457315683364868164 0.68621313571929931641 0.86037135124206542969 1.0364429950714111328 1.2139986753463745117 1.3927259445190429688 1.506047368049621582 1.593995213508605957 1.6914120912551879883 1.7973555326461791992 1.9109369516372680664 2.0313360691070556641 2.1578059196472167969 2.1887316703796386719 2.0526964664459228516 1.9216685295104980469 1.7965476512908935547 1.6780898571014404297 1.4966260194778442383 1.3116270303726196289 1.1267458200454711914 0.94201439619064331055 0.75747603178024291992 0.57319355010986328125 0.3892593085765838623 0.20581609010696411133 0.023096647113561630249
