INPUT/RASTER/ASCII_standard/rivers.asc
ncols        225
nrows        269
xllcorner    473009.983799999987
yllcorner    4429051.174800000153
cellsize     50.000000000000
NODATA_value  -9999
[rows 133 to 151 of 269, columns 42 to 83 of 225]
-0.0085932193323969841003 0.16790156066417694092 0.34639897942543029785 0.51090884208679199219 0.64685559272766113281 0.78557562828063964844 0.7454153895378112793 0.55974078178405761719 0.37407743930816650391 0.18843026459217071533 0.0028070074040442705154 -0.18277838826179504395 -0.36829853057861328125 -0.55369132757186889648 -0.73878002166748046875 -0.92313218116760253906 -1.1073937416076660156 -0.98998749256134033203 -0.86422145366668701172 -1.0427796840667724609 -1.0619289875030517578 -0.90153461694717407227 -0.72941452264785766602 -0.55389308929443359375 -0.37385544180870056152 -0.22827324271202087402 -0.32192975282669067383 -0.38531744480133056641 -0.49021548032760620117 -0.60648357868194580078 -0.77191758155822753906 -0.95762521028518676758 -1.1339341402053833008 -0.97886323928833007813 -0.79889392852783203125 -0.61538803577423095703 -0.43072676658630371094 -0.24562619626522064209 -0.06031246483325958252 0.12512080371379852295 0.31062775850296020508 0.49618321657180786133
0.064634688198566436768 0.23225080966949462891 0.40401801466941833496 0.57869136333465576172 0.75509583950042724609 0.90891152620315551758 0.75845444202423095703 0.5741665959358215332 0.38993376493453979492 0.20584918558597564697 0.022284004837274551392 -0.16046740114688873291 -0.34184527397155761719 -0.52198004722595214844 -0.69856417179107666016 -0.87470841407775878906 -1.0387334823608398438 -1.0557690858840942383 -0.97280848026275634766 -1.0932966470718383789 -1.0301431417465209961 -0.84758991003036499023 -0.66276097297668457031 -0.48625770211219787598 -0.31618344783782958984 -0.37409505248069763184 -0.48583227396011352539 -0.5634848475456237793 -0.63071554899215698242 -0.75267022848129272461 -0.85962939262390136719 -0.99926763772964477539 -1.0847884416580200195 -0.95012909173965454102 -0.784473419189453125 -0.60558933019638061523 -0.42345181107521057129 -0.23984736204147338867 -0.055521402508020401001 0.12921167910099029541 0.31419649720191955566 0.49934786558151245117
0.15987896919250488281 0.31709975004196166992 0.47989001870155334473 0.64715975522994995117 0.81776052713394165039 0.96899104118347167969 0.78652578592300415039 0.60474795103073120117 0.4238974153995513916 0.24370205402374267578 0.064826369285583496094 -0.11168756335973739624 -0.28814333677291870117 -0.46445822715759277344 -0.64526730775833129883 -0.82122069597244262695 -0.98164790868759155273 -1.1159479618072509766 -1.0879653692245483398 -1.0428133010864257813 -0.92114406824111938477 -0.78249716758728027344 -0.61769527196884155273 -0.44285672903060913086 -0.35185578465461730957 -0.50309997797012329102 -0.63632810115814208984 -0.73682159185409545898 -0.78323155641555786133 -0.89070230722427368164 -1.0143055915832519531 -1.1186105012893676758 -1.0166634321212768555 -0.85555565357208251953 -0.69044631719589233398 -0.53725945949554443359 -0.37084433436393737793 -0.19718427956104278564 -0.019645899534225463867 0.16011361777782440186 0.34124198555946350098 0.52338409423828125
0.26925477385520935059 0.41867697238922119141 0.57234716415405273438 0.73162794113159179688 0.89515727758407592773 1.0094302892684936523 0.83004730939865112305 0.65195691585540771484 0.47539639472961425781 0.29902246594429016113 0.12038449198007583618 -0.058323990553617477417 -0.23420415818691253662 -0.40671291947364807129 -0.57089018821716308594 -0.72150528430938720703 -0.86379033327102661133 -1.0263483524322509766 -1.1062109470367431641 -0.95071500539779663086 -0.7801844477653503418 -0.65936028957366943359 -0.52364629507064819336 -0.36855947971343994141 -0.43523523211479187012 -0.60559695959091186523 -0.76391470432281494141 -0.89765542745590209961 -0.967487335205078125 -1.0439581871032714844 -1.119902491569519043 -1.0021848678588867188 -0.89333373308181762695 -0.75851160287857055664 -0.60415810346603393555 -0.44186741113662719727 -0.28082728385925292969 -0.12242794781923294067 0.043945129960775375366 0.21535684168338775635 0.39011389017105102539 0.56718868017196655273
0.37764075398445129395 0.52863281965255737305 0.67857992649078369141 0.82948529720306396484 0.98591244220733642578 1.0625962018966674805 0.88610816001892089844 0.70678877830505371094 0.52887105941772460938 0.3528563380241394043 0.17890526354312896729 0.0083566419780254364014 -0.15667477250099182129 -0.31287631392478942871 -0.45958951115608215332 -0.61346024274826049805 -0.78244119882583618164 -0.95486927032470703125 -1.1048572063446044922 -1.0067374706268310547 -0.82551336288452148438 -0.64208924770355224609 -0.45835840702056884766 -0.29837006330490112305 -0.48279419541358947754 -0.66620242595672607422 -0.84667730331420898438 -1.0207791328430175781 -1.1268534660339355469 -1.0947911739349365234 -0.98849463462829589844 -0.86300122737884521484 -0.74365556240081787109 -0.63089770078659057617 -0.49741029739379882813 -0.34776183962821960449 -0.18922789394855499268 -0.026988809928297996521 0.13172486424446105957 0.29266619682312011719 0.45899167656898498535 0.62918275594711303711
0.49280366301536560059 0.63729357719421386719 0.7878062129020690918 0.93873476982116699219 1.0879098176956176758 1.1161212921142578125 0.94005262851715087891 0.76555985212326049805 0.5930359959602355957 0.42354035377502441406 0.25817543268203735352 0.098598003387451171875 -0.053517170250415802002 -0.19939850270748138428 -0.36959916353225708008 -0.53973442316055297852 -0.69961708784103393555 -0.874237060546875 -1.0585715770721435547 -1.0345962047576904297 -0.85433584451675415039 -0.68107533454895019531 -0.51339524984359741211 -0.34617322683334350586 -0.504604339599609375 -0.6898829340934753418 -0.87454074621200561523 -1.0584567785263061523 -1.033390045166015625 -0.92254263162612915039 -0.83411884307861328125 -0.73276078701019287109 -0.60289537906646728516 -0.48847910761833190918 -0.36902832984924316406 -0.23541161417961120605 -0.089269340038299560547 0.064753822982311248779 0.2259177863597869873 0.38811042904853820801 0.54562008380889892578 0.70784592628479003906
0.62007570266723632813 0.75488132238388061523 0.89771479368209838867 1.0468943119049072266 1.1976047754287719727 1.1790410280227661133 1.0076124668121337891 0.83876633644104003906 0.67322456836700439453 0.5119813084602355957 0.35642725229263305664 0.20662486553192138672 0.044364087283611297607 -0.12447717785835266113 -0.29685449600219726563 -0.47789350152015686035 -0.65813040733337402344 -0.83582305908203125 -1.0073891878128051758 -1.0908105373382568359 -0.92730611562728881836 -0.7608038783073425293 -0.58627527952194213867 -0.41187646985054016113 -0.5154139399528503418 -0.70111012458801269531 -0.88676977157592773438 -1.07209014892578125 -1.0196536779403686523 -0.83411830663681030273 -0.68020772933959960938 -0.57361614704132080078 -0.47176027297973632813 -0.34112438559532165527 -0.22904105484485626221 -0.10676273703575134277 0.02640842832624912262 0.1700925976037979126 0.32180365920066833496 0.47868674993515014648 0.64096909761428833008 0.8011519312858581543
0.75637251138687133789 0.8827158808708190918 1.0170980691909790039 1.1586432456970214844 1.3061079978942871094 1.2540127038955688477 1.0883613824844360352 0.92612743377685546875 0.76818287372589111328 0.61568659543991088867 0.45901310443878173828 0.2878474891185760498 0.10759317129850387573 -0.071883402764797210693 -0.24879503250122070313 -0.42418685555458068848 -0.59668046236038208008 -0.76593071222305297852 -0.93153685331344604492 -1.0991723537445068359 -0.99900496006011962891 -0.82160675525665283203 -0.64104086160659790039 -0.45957827568054199219 -0.52169370651245117188 -0.70741444826126098633 -0.89313501119613647461 -1.0788538455963134766 -1.0137355327606201172 -0.82801550626754760742 -0.64282840490341186523 -0.46243909001350402832 -0.32072678208351135254 -0.20983038842678070068 -0.078919120132923126221 0.03182940557599067688 0.15565818548202514648 0.28851094841957092285 0.43054795265197753906 0.58027178049087524414 0.73417603969573974609 0.8931713104248046875
0.90037816762924194336 1.0184310674667358398 1.1453580856323242188 1.279408574104309082 1.3492974042892456055 1.2589293718338012695 1.1799410581588745117 1.0259304046630859375 0.87333440780639648438 0.69356513023376464844 0.51511132717132568359 0.33844983577728271484 0.16270570456981658936 -0.010003582574427127838 -0.18281352519989013672 -0.35150623321533203125 -0.51766389608383178711 -0.69172799587249755859 -0.86919397115707397461 -1.042069554328918457 -1.0464098453521728516 -0.86427849531173706055 -0.68243259191513061523 -0.49836009740829467773 -0.50639551877975463867 -0.68916070461273193359 -0.86788105964660644531 -1.0514165163040161133 -1.0491527318954467773 -0.87474131584167480469 -0.69651579856872558594 -0.51679527759552001953 -0.33768951892852783203 -0.156125679612159729 0.026748379692435264587 0.18112306296825408936 0.29335007071495056152 0.41815596818923950195 0.5507831573486328125 0.69163018465042114258 0.83903110027313232422 0.99140721559524536133
1.0506742000579833984 1.1610262393951416016 1.2806175947189331055 1.2991185188293457031 1.1920694112777709961 1.0953516960144042969 1.0103610754013061523 0.93853640556335449219 0.85163867473602294922 0.68395286798477172852 0.51128661632537841797 0.33702564239501953125 0.16592928767204284668 -0.0013816870050504803658 -0.16350100934505462646 -0.32135096192359924316 -0.49974074959754943848 -0.68257755041122436523 -0.86531782150268554688 -1.0470137596130371094 -1.0455594062805175781 -0.86444228887557983398 -0.68048948049545288086 -0.4967511296272277832 -0.46422317624092102051 -0.64106172323226928711 -0.81584000587463378906 -0.98996728658676147461 -1.1026096343994140625 -0.9187247157096862793 -0.73521327972412109375 -0.55031484365463256836 -0.36502251029014587402 -0.17956455051898956299 0.005978680681437253952 0.19153358042240142822 0.3718515932559967041 0.54315549135208129883 0.68069750070571899414 0.81315672397613525391 0.95310455560684204102 1.0986968278884887695
1.2060511112213134766 1.3094106912612915039 1.2766115665435791016 1.1535233259201049805 1.0393314361572265625 0.93550574779510498047 0.84367525577545166016 0.76557570695877075195 0.70295411348342895508 0.60627204179763793945 0.43644627928733825684 0.27040746808052062988 0.097676761448383331299 -0.075955227017402648926 -0.24893112480640411377 -0.41665908694267272949 -0.57622379064559936523 -0.73569780588150024414 -0.90036988258361816406 -1.0812728404998779297 -1.0142174959182739258 -0.83155155181884765625 -0.64834314584732055664 -0.46576836705207824707 -0.43838128447532653809 -0.62364357709884643555 -0.80860596895217895508 -0.9943211674690246582 -1.0982263088226318359 -0.91253483295440673828 -0.72895795106887817383 -0.54565042257308959961 -0.37255576252937316895 -0.21085387468338012695 -0.042880617082118988037 0.12983569502830505371 0.30468830466270446777 0.48195999860763549805 0.66093623638153076172 0.84115493297576904297 1.0223054885864257813 1.2041716575622558594
1.3655637502670288086 1.2825486660003662109 1.1447253227233886719 1.0141111612319946289 0.89209693670272827148 0.7803236842155456543 0.68067938089370727539 0.59525549411773681641 0.52624201774597167969 0.47574406862258911133 0.36674663424491882324 0.19228354096412658691 0.021319694817066192627 -0.14484050869941711426 -0.31607151031494140625 -0.48675322532653808594 -0.663051605224609375 -0.83191752433776855469 -0.98996776342391967773 -1.1137909889221191406 -0.96352219581604003906 -0.79063993692398071289 -0.61229765415191650391 -0.43128624558448791504 -0.4353275597095489502 -0.62027525901794433594 -0.80582267045974731445 -0.99093478918075561523 -1.1021708250045776367 -0.93994909524917602539 -0.78515166044235229492 -0.62601667642593383789 -0.45694056153297424316 -0.28261259198188781738 -0.10472676903009414673 0.075506791472434997559 0.25717917084693908691 0.43971133232116699219 0.62263548374176025391 0.80608969926834106445 0.98993700742721557617 1.1740835905075073242
1.3167232275009155273 1.1660163402557373047 1.0207698345184326172 0.88216155767440795898 0.751651763916015625 0.63103258609771728516 0.52245950698852539063 0.42843729257583618164 0.35172155499458312988 0.29509210586547851563 0.26098811626434326172 0.13435254991054534912 -0.044021647423505783081 -0.22053438425064086914 -0.39363113045692443848 -0.56003606319427490234 -0.72672021389007568359 -0.90201997756958007813 -1.0631777048110961914 -1.0309385061264038086 -0.87429332733154296875 -0.71345299482345581055 -0.54859131574630737305 -0.38894242048263549805 -0.5028756260871887207 -0.58976143598556518555 -0.76393753290176391602 -0.92708700895309448242 -1.0787397623062133789 -1.04015350341796875 -0.86991322040557861328 -0.68980586528778076172 -0.50705945491790771484 -0.32324489951133728027 -0.13872602581977844238 0.046168472617864608765 0.23128639161586761475 0.41654804348945617676 0.60190749168395996094 0.78733670711517333984 0.97281700372695922852 1.1583362817764282227
1.2165801525115966797 1.0590180158615112305 0.90618741512298583984 0.75923120975494384766 0.61962300539016723633 0.48925349116325378418 0.37051808834075927734 0.26636829972267150879 0.18026268482208251953 0.11592068523168563843 0.076801761984825134277 0.065366275608539581299 -0.084791481494903564453 -0.26842978596687316895 -0.45094949007034301758 -0.63114345073699951172 -0.80774503946304321289 -0.97478216886520385742 -1.1176466941833496094 -0.96094489097595214844 -0.78582608699798583984 -0.61884707212448120117 -0.45957142114639282227 -0.52944201231002807617 -0.65141576528549194336 -0.75506222248077392578 -0.84337508678436279297 -0.92691808938980102539 -1.0279133319854736328 -1.0685925483703613281 -0.88353943824768066406 -0.69967931509017944336 -0.51471692323684692383 -0.32940721511840820313 -0.14394432306289672852 0.041599813848733901978 0.2271918952465057373 0.41281479597091674805 0.5984585881233215332 0.78411722183227539063 0.96978706121444702148 1.1554647684097290039
1.1272568702697753906 0.96301019191741943359 0.80263781547546386719 0.64718341827392578125 0.49804824590682983398 0.35712325572967529297 0.22695158421993255615 0.11089713126420974731 0.01323283463716506958 -0.061031814664602279663 -0.10683449357748031616 -0.12032917886972427368 -0.11420472711324691772 -0.29848358035087585449 -0.4819501340389251709 -0.66366308927536010742 -0.84708732366561889648 -1.0304205417633056641 -1.0574337244033813477 -0.88700753450393676758 -0.72041976451873779297 -0.54568636417388916016 -0.48494946956634521484 -0.64905023574829101563 -0.79184699058532714844 -0.91350197792053222656 -0.99270409345626831055 -1.0670957565307617188 -1.1070064306259155273 -1.0025205612182617188 -0.83562999963760375977 -0.66051119565963745117 -0.48374927043914794922 -0.3031495511531829834 -0.12167844921350479126 0.061093475669622421265 0.24465094506740570068 0.4287179410457611084 0.61313408613204956055 0.79760348796844482422 0.98209309577941894531 1.1667803525924682617
1.0500780344009399414 0.87956166267395019531 0.7119738459587097168 0.54818719625473022461 0.38942387700080871582 0.23742319643497467041 0.094687022268772125244 -0.035185173153877258301 -0.14712834358215332031 -0.2344624251127243042 -0.28956407308578491211 -0.30601319670677185059 -0.28158286213874816895 -0.31751990318298339844 -0.50304555892944335938 -0.68841034173965454102 -0.87327778339385986328 -1.0543444156646728516 -1.02655792236328125 -0.84890443086624145508 -0.66656583547592163086 -0.48232924938201904297 -0.53756088018417358398 -0.72018086910247802734 -0.89894688129425048828 -1.0527564287185668945 -1.1072821617126464844 -1.0154157876968383789 -0.93517041206359863281 -0.86585772037506103516 -0.74252796173095703125 -0.58838117122650146484 -0.42108032107353210449 -0.24922612309455871582 -0.073477402329444885254 0.10305228829383850098 0.28192684054374694824 0.46236079931259155273 0.64349985122680664063 0.8253129124641418457 1.0077949762344360352 1.0529526472091674805
0.98636704683303833008 0.81028610467910766602 0.63617074489593505859 0.46466135978698730469 0.29669201374053955078 0.1336650550365447998 -0.022253178060054779053 -0.16763415932655334473 -0.2970028221607208252 -0.4018815457820892334 -0.47064292430877685547 -0.49167612195014953613 -0.46052876114845275879 -0.3836269676685333252 -0.49752241373062133789 -0.68157809972763061523 -0.86339193582534790039 -1.0309959650039672852 -1.0213792324066162109 -0.84775888919830322266 -0.66488003730773925781 -0.48138427734375 -0.58981359004974365234 -0.76715773344039916992 -0.93588620424270629883 -1.104588627815246582 -0.98221892118453979492 -0.85487359762191772461 -0.7650299072265625 -0.69957280158996582031 -0.60763150453567504883 -0.48042437434196472168 -0.3330141901969909668 -0.17344065010547637939 -0.006524150259792804718 0.16435694694519042969 0.3378906548023223877 0.51374620199203491211 0.69017446041107177734 0.8677577972412109375 0.87729322910308837891 0.86723703145980834961
0.93736410140991210938 0.7567374110221862793 0.57719838619232177734 0.3991279900074005127 0.22310204803943634033 0.050029005855321884155 -0.11858782172203063965 -0.28012034296989440918 -0.42971286177635192871 -0.55806970596313476563 -0.64824110269546508789 -0.6772925257682800293 -0.63455450534820556641 -0.53507673740386962891 -0.5323111414909362793 -0.70803886651992797852 -0.87729883193969726563 -1.0345780849456787109 -1.0576691627502441406 -0.87222081422805786133 -0.6869131922721862793 -0.50136524438858032227 -0.62057584524154663086 -0.80546683073043823242 -0.98957479000091552734 -1.1018491983413696289 -0.92713904380798339844 -0.75527012348175048828 -0.60244566202163696289 -0.52371180057525634766 -0.4509169459342956543 -0.34687468409538269043 -0.21806585788726806641 -0.074528545141220092773 0.08040860295295715332 0.24170666933059692383 0.40842252969741821289 0.53897744417190551758 0.6159731745719909668 0.70849376916885375977 0.69259876012802124023 0.68152284622192382813
0.90412747859954833984 0.72027498483657836914 0.53683459758758544922 0.35395792126655578613 0.17188133299350738525 -0.0090087791904807090759 -0.18803487718105316162 -0.3639049530029296875 -0.53386139869689941406 -0.69112318754196166992 -0.81655782461166381836 -0.86276847124099731445 -0.79608923196792602539 -0.66167950630187988281 -0.58788913488388061523 -0.76346504688262939453 -0.9319159388542175293 -1.1162211894989013672 -0.9917303919792175293 -0.83099055290222167969 -0.65631335973739624023 -0.48436754941940307617 -0.66573548316955566406 -0.8427708745002746582 -1.0173175334930419922 -1.0828167200088500977 -0.90233814716339111328 -0.71872192621231079102 -0.53382021188735961914 -0.35196477174758911133 -0.2851263880729675293 -0.19657827913761138916 -0.08521792292594909668 0.044257421046495437622 0.1855958104133605957 0.25708281993865966797 0.3016287386417388916 0.36790174245834350586 0.45319119095802307129 0.54102456569671630859 0.50813513994216918945 0.49581006169319152832
