INPUT/RASTER/ASCII_standard/rivers.asc
ncols        225
nrows        269
xllcorner    473009.983799999987
yllcorner    4429051.174800000153
cellsize     50.000000000000
NODATA_value  -9999
[rows 152 to 170 of 269, columns 126 to 167 of 225]
1.422402501106262207 1.4408204555511474609 1.3431645631790161133 1.16131591796875 0.98013931512832641602 0.7998225092887878418 0.6206302642822265625 0.44294446706771850586 0.26733633875846862793 0.09047804027795791626 -0.087919056415557861328 -0.26326617598533630371 -0.43383622169494628906 -0.59443694353103637695 -0.73393720388412475586 -0.82688790559768676758 -0.86336678266525268555 -0.96152842044830322266 -1.0525168180465698242 -1.1362655162811279297 -1.1196146011352539063 -1.0690093040466308594 -0.96883565187454223633 -0.82550352811813354492 -0.66203397512435913086 -0.49198931455612182617 -0.31742781400680541992 -0.1404066234827041626 0.039295420050621032715 0.20907741785049438477 0.079532705247402191162 -0.033870935440063476563 -0.12570017576217651367 -0.18967479467391967773 -0.21996018290519714355 -0.37289485335350036621 -0.53371196985244750977 -0.68387520313262939453 -0.85251015424728393555 -1.0325130224227905273 -1.057423710823059082 -0.87275099754333496094
1.2774815559387207031 1.2763173580169677734 1.1929415464401245117 1.1165056228637695313 1.0302243232727050781 0.85444289445877075195 0.67701983451843261719 0.49933132529258728027 0.32363966107368469238 0.15059043467044830322 -0.018559958785772323608 -0.18154995143413543701 -0.3346264958381652832 -0.47164821624755859375 -0.58055651187896728516 -0.65031868219375610352 -0.70599323511123657227 -0.80436003208160400391 -0.89656215906143188477 -0.96064865589141845703 -0.97254937887191772461 -1.0472265481948852539 -1.073054194450378418 -0.90439325571060180664 -0.72633260488510131836 -0.54629880189895629883 -0.364109039306640625 -0.18056309223175048828 0.0030410855542868375778 0.18626745045185089111 0.22481098771095275879 0.12451288104057312012 0.045030049979686737061 -0.0092363953590393066406 -0.16436181962490081787 -0.34910210967063903809 -0.5342280268669128418 -0.71909469366073608398 -0.90261942148208618164 -1.0824286937713623047 -1.0097572803497314453 -0.842502593994140625
1.1384907960891723633 1.1151131391525268555 1.0255370140075683594 0.9457829594612121582 0.8762314915657043457 0.80482554435729980469 0.71294373273849487305 0.56513172388076782227 0.39672064781188964844 0.23278506100177764893 0.075138725340366363525 -0.073423556983470916748 -0.20915609598159790039 -0.32528740167617797852 -0.41290265321731567383 -0.46946421265602111816 -0.55137985944747924805 -0.64161992073059082031 -0.72808003425598144531 -0.77675813436508178711 -0.7929217219352722168 -0.96567422151565551758 -1.1208939552307128906 -0.94278931617736816406 -0.75735670328140258789 -0.57180744409561157227 -0.38663259148597717285 -0.20124176144599914551 -0.015741953626275062561 0.16982065141201019287 0.35542249679565429688 0.28949621319770812988 0.18399512767791748047 -0.00059965078253298997879 -0.18475756049156188965 -0.36816513538360595703 -0.55012136697769165039 -0.72913271188735961914 -0.90215373039245605469 -1.0784952640533447266 -1.0180288553237915039 -0.8326892852783203125
1.0065836906433105469 0.9579684138298034668 0.86136841773986816406 0.77785116434097290039 0.7026717066764831543 0.64018684625625610352 0.5523217320442199707 0.45455348491668701172 0.35782358050346374512 0.27893075346946716309 0.18835000693798065186 0.053405169397592544556 -0.06644916534423828125 -0.16540956497192382813 -0.23971427977085113525 -0.29377323389053344727 -0.39144110679626464844 -0.48128774762153625488 -0.55415213108062744141 -0.59257602691650390625 -0.77643620967864990234 -0.96137166023254394531 -1.1139904260635375977 -0.94257754087448120117 -0.75763809680938720703 -0.57322031259536743164 -0.38889810442924499512 -0.20524166524410247803 -0.02090311981737613678 0.16382813453674316406 0.3488057255744934082 0.36309674382209777832 0.17741805315017700195 -0.0082468064501881599426 -0.193889617919921875 -0.37949427962303161621 -0.56502389907836914063 -0.75037074089050292969 -0.93503659963607788086 -1.1155457496643066406 -0.99643748998641967773 -0.84716320037841796875
0.88314616680145263672 0.80586773157119750977 0.70130169391632080078 0.61025416851043701172 0.53095167875289916992 0.46375608444213867188 0.39056026935577392578 0.29901963472366333008 0.19737736880779266357 0.10837906599044799805 0.042093586176633834839 -0.012291880324482917786 -0.070000693202018737793 -0.10297826677560806274 -0.10639444738626480103 -0.13699214160442352295 -0.22806994616985321045 -0.31306970119476318359 -0.45863074064254760742 -0.62993955612182617188 -0.80656945705413818359 -0.97326874732971191406 -1.1344444751739501953 -0.95197111368179321289 -0.76846498250961303711 -0.5834853053092956543 -0.39813470840454101563 -0.21263587474822998047 -0.027062831446528434753 0.15855237841606140137 0.34419411420822143555 0.37820547819137573242 0.19463180005550384521 0.0117472037672996521 -0.17005790770053863525 -0.35003721714019775391 -0.52828061580657958984 -0.7003434300422668457 -0.86500811576843261719 -1.0229734182357788086 -1.0883082151412963867 -0.95076870918273925781
0.76982223987579345703 0.66009062528610229492 0.54650568962097167969 0.44659516215324401855 0.36256781220436096191 0.28953409194946289063 0.2249787449836730957 0.13717384636402130127 0.043979816138744354248 -0.057166069746017456055 -0.13431333005428314209 -0.18649223446846008301 -0.24871172010898590088 -0.2877655327320098877 -0.29165127873420715332 -0.27483522891998291016 -0.37361648678779602051 -0.4601077735424041748 -0.55219054222106933594 -0.68910413980484008789 -0.87047731876373291016 -1.0394010543823242188 -1.0692582130432128906 -0.88759809732437133789 -0.72223395109176635742 -0.54785060882568359375 -0.3692277073860168457 -0.18788230419158935547 -0.0051199086010456085205 0.1774997711181640625 0.36079835891723632813 0.4155120849609375 0.23640742897987365723 0.059019532054662704468 -0.1154084429144859314 -0.28506126999855041504 -0.45109501481056213379 -0.61180061101913452148 -0.78304654359817504883 -0.95934236049652099609 -1.1188410520553588867 -0.96675884723663330078
0.65674513578414916992 0.52230226993560791016 0.39857298135757446289 0.28834602236747741699 0.19497220218181610107 0.11642012745141983032 0.053232416510581970215 -0.02325217612087726593 -0.11390875279903411865 -0.21501047909259796143 -0.30665874481201171875 -0.36536937952041625977 -0.42550480365753173828 -0.47203397750854492188 -0.47664818167686462402 -0.43991884589195251465 -0.53132337331771850586 -0.62570309638977050781 -0.71661287546157836914 -0.79578286409378051758 -0.92531198263168334961 -1.080361485481262207 -1.0259487628936767578 -0.84178888797760009766 -0.65675973892211914063 -0.49620658159255981445 -0.33609533309936523438 -0.17075096070766448975 -0.0042628315277397632599 0.16703835129737854004 0.34082189202308654785 0.47124963998794555664 0.2988535761833190918 0.1302223503589630127 -0.047995194792747497559 -0.23296302556991577148 -0.41765961050987243652 -0.60217881202697753906 -0.78543817996978759766 -0.96695989370346069336 -1.1144248247146606445 -0.94312119483947753906
0.53935539722442626953 0.39465725421905517578 0.2596829533576965332 0.1375201493501663208 0.032184205949306488037 -0.05271450430154800415 -0.12348521500825881958 -0.19016239047050476074 -0.27784237265586853027 -0.36986380815505981445 -0.47178888320922851563 -0.54470664262771606445 -0.59958881139755249023 -0.65519082546234130859 -0.66108334064483642578 -0.61965769529342651367 -0.6823298335075378418 -0.78711199760437011719 -0.87206953763961791992 -0.96589273214340209961 -1.0163272619247436523 -1.0946255922317504883 -1.0266231298446655273 -0.90733456611633300781 -0.74986612796783447266 -0.58555006980895996094 -0.41911146044731140137 -0.24612094461917877197 -0.070671409368515014648 0.10775674134492874146 0.28804686665534973145 0.46957302093505859375 0.33067604899406433105 0.14497357606887817383 -0.040722675621509552002 -0.22640906274318695068 -0.41207772493362426758 -0.59771066904067993164 -0.78325176239013671875 -0.96840173006057739258 -1.1186292171478271484 -0.94764411449432373047
0.43517702817916870117 0.27989551424980163574 0.13280095160007476807 -0.0029227484483271837234 -0.12271020561456680298 -0.22030751407146453857 -0.29736885428428649902 -0.35314926505088806152 -0.43778583407402038574 -0.52615553140640258789 -0.62356424331665039063 -0.72120654582977294922 -0.77060264348983764648 -0.8352196812629699707 -0.84390228986740112305 -0.80537724494934082031 -0.83198559284210205078 -0.94408249855041503906 -1.0404117107391357422 -1.118542790412902832 -1.0653105974197387695 -1.0340846776962280273 -1.1062415838241577148 -0.99747639894485473633 -0.83277708292007446289 -0.65777492523193359375 -0.47741100192070007324 -0.29514086246490478516 -0.11197378486394882202 0.071971364319324493408 0.2563870549201965332 0.44110831618309020996 0.27502655982971191406 0.10666763037443161011 -0.056001007556915283203 -0.21191045641899108887 -0.39419320225715637207 -0.57423174381256103516 -0.75643491744995117188 -0.94147509336471557617 -1.1222705841064453125 -0.96658861637115478516
0.3009662926197052002 0.18138013780117034912 0.021870713680982589722 -0.12864388525485992432 -0.26550233364105224609 -0.38126993179321289063 -0.46799415349960327148 -0.53339922428131103516 -0.60508054494857788086 -0.69235980510711669922 -0.78353118896484375 -0.88424825668334960938 -0.94524902105331420898 -1.0115813016891479492 -1.0253418684005737305 -0.99109369516372680664 -1.0083937644958496094 -1.0813555717468261719 -1.0657678842544555664 -0.99127793312072753906 -0.89521849155426025391 -0.86580008268356323242 -1.0444312095642089844 -1.0503154993057250977 -0.86593776941299438477 -0.68047499656677246094 -0.4948635399341583252 -0.30920311808586120605 -0.12352057546377182007 0.06217374652624130249 0.20725116133689880371 0.32951915264129638672 0.20545142889022827148 0.034946892410516738892 -0.13932295143604278564 -0.30861464142799377441 -0.46914386749267578125 -0.61400878429412841797 -0.74893647432327270508 -0.90361648797988891602 -1.0836273431777954102 -1.009451746940612793
0.11604866385459899902 0.10298279672861099243 -0.068139627575874328613 -0.23349171876907348633 -0.38924676179885864258 -0.52802228927612304688 -0.6355794072151184082 -0.71056318283081054688 -0.76137322187423706055 -0.85015571117401123047 -0.93793815374374389648 -1.0385342836380004883 -1.1300122737884521484 -1.0913307666778564453 -1.0720449686050415039 -1.1014606952667236328 -1.0778310298919677734 -1.0310010910034179688 -0.91502755880355834961 -0.82168483734130859375 -0.73660999536514282227 -0.87027341127395629883 -1.0435675382614135742 -1.0565792322158813477 -0.87429779767990112305 -0.69694972038269042969 -0.51471436023712158203 -0.33270320296287536621 -0.15510502457618713379 -0.053146839141845703125 0.066922865808010101318 0.19642665982246398926 0.13620193302631378174 -0.038344036787748336792 -0.20944696664810180664 -0.37951999902725219727 -0.55234944820404052734 -0.72389245033264160156 -0.87661260366439819336 -1.0090035200119018555 -1.1225837469100952148 -1.0161707401275634766
-0.068590782582759857178 -0.074165128171443939209 -0.13160778582096099854 -0.30951440334320068359 -0.48307570815086364746 -0.64766645431518554688 -0.79034799337387084961 -0.88325828313827514648 -0.94028586149215698242 -1.0182945728302001953 -1.0910439491271972656 -1.0613772869110107422 -0.98371541500091552734 -0.90913546085357666016 -0.89404779672622680664 -0.91576564311981201172 -0.9016399383544921875 -0.86068761348724365234 -0.77549499273300170898 -0.66391611099243164063 -0.63390052318572998047 -0.81551641225814819336 -0.99362874031066894531 -1.0953333377838134766 -0.91994953155517578125 -0.74029737710952758789 -0.5568249821662902832 -0.40407904982566833496 -0.31211990118026733398 -0.19564422965049743652 -0.064404353499412536621 0.05102947726845741272 0.085244096815586090088 -0.095818430185317993164 -0.2749017179012298584 -0.45109826326370239258 -0.62376701831817626953 -0.7942676544189453125 -0.95945298671722412109 -1.1358360052108764648 -1.1160422563552856445 -1.0844049453735351563
-0.25277829170227050781 -0.25951898097991943359 -0.22765098512172698975 -0.34835445880889892578 -0.53293550014495849609 -0.71651679277420043945 -0.89681524038314819336 -1.0507334470748901367 -1.1059075593948364258 -1.104681849479675293 -0.99757939577102661133 -0.91526079177856445313 -0.8251450657844543457 -0.74486953020095825195 -0.71390050649642944336 -0.7300472259521484375 -0.71719455718994140625 -0.68419003486633300781 -0.61574190855026245117 -0.51779037714004516602 -0.61865901947021484375 -0.80420482158660888672 -0.98959183692932128906 -1.1011422872543334961 -0.92060643434524536133 -0.77962702512741088867 -0.66672003269195556641 -0.56840670108795166016 -0.45814815163612365723 -0.32406702637672424316 -0.20946232974529266357 -0.089718230068683624268 0.035148553550243377686 -0.14300437271595001221 -0.31779763102531433105 -0.49743178486824035645 -0.67963850498199462891 -0.86156177520751953125 -1.0383905172348022461 -1.0914021730422973633 -0.95369052886962890625 -0.90350341796875
-0.43615844845771789551 -0.44467681646347045898 -0.40473005175590515137 -0.34454080462455749512 -0.52796906232833862305 -0.70942336320877075195 -0.88464617729187011719 -1.0214074850082397461 -0.97968602180480957031 -0.9292653203010559082 -0.8479124903678894043 -0.75195652246475219727 -0.65899884700775146484 -0.56895339488983154297 -0.53120589256286621094 -0.54432725906372070313 -0.53197109699249267578 -0.50396734476089477539 -0.44758403301239013672 -0.41363027691841125488 -0.59581232070922851563 -0.77551573514938354492 -0.95052671432495117188 -1.1135661602020263672 -1.0420790910720825195 -0.9293410181999206543 -0.81777328252792358398 -0.72047007083892822266 -0.58429473638534545898 -0.46826988458633422852 -0.35221460461616516113 -0.21679157018661499023 -0.067171573638916015625 -0.18774719536304473877 -0.37043461203575134277 -0.55121821165084838867 -0.73023325204849243164 -0.90149515867233276367 -1.0728094577789306641 -1.0195587873458862305 -0.83730149269104003906 -0.72690087556838989258
-0.6178786158561706543 -0.62942481040954589844 -0.5762119293212890625 -0.49066072702407836914 -0.46939483284950256348 -0.62954765558242797852 -0.76525002717971801758 -0.84100329875946044922 -0.81209540367126464844 -0.75047725439071655273 -0.68982529640197753906 -0.59007686376571655273 -0.50300270318984985352 -0.41110542416572570801 -0.34763404726982116699 -0.35860684514045715332 -0.34651482105255126953 -0.32218730449676513672 -0.27408415079116821289 -0.3647021949291229248 -0.53609347343444824219 -0.70179575681686401367 -0.85267418622970581055 -0.97315901517868041992 -1.086079716682434082 -1.059134364128112793 -0.98169803619384765625 -0.84552854299545288086 -0.73016947507858276367 -0.61455821990966796875 -0.47782528400421142578 -0.3226267397403717041 -0.15877591073513031006 -0.20632471144199371338 -0.39201217889785766602 -0.57767766714096069336 -0.76328837871551513672 -0.94868421554565429688 -1.1228173971176147461 -0.960849761962890625 -0.79529303312301635742 -0.61726629734039306641
-0.79529684782028198242 -0.81306564807891845703 -0.7410132288932800293 -0.66767591238021850586 -0.60259419679641723633 -0.51674699783325195313 -0.60640794038772583008 -0.65654873847961425781 -0.63817358016967773438 -0.57216286659240722656 -0.51984983682632446289 -0.5664399266242980957 -0.55660307407379150391 -0.49130073189735412598 -0.40921238064765930176 -0.30370897054672241211 -0.17694127559661865234 -0.1389582902193069458 -0.12141603231430053711 -0.28743696212768554688 -0.44439637660980224609 -0.59010434150695800781 -0.71513521671295166016 -0.82954078912734985352 -0.96827435493469238281 -1.0430781841278076172 -1.1073297262191772461 -0.99262541532516479492 -0.8762912750244140625 -0.73675143718719482422 -0.57391476631164550781 -0.40095669031143188477 -0.23074977099895477295 -0.19536663591861724854 -0.37853896617889404297 -0.56008553504943847656 -0.73997020721435546875 -0.91666901111602783203 -1.0920914411544799805 -1.0026841163635253906 -0.8258507847785949707 -0.65001946687698364258
-0.95549178123474121094 -0.99141162633895874023 -0.90525925159454345703 -0.83965766429901123047 -0.77228391170501708984 -0.68809711933135986328 -0.63340640068054199219 -0.54289990663528442383 -0.45799329876899719238 -0.56014752388000488281 -0.68237775564193725586 -0.75053501129150390625 -0.73617899417877197266 -0.65814632177352905273 -0.56437081098556518555 -0.43931603431701660156 -0.30852526426315307617 -0.17018759250640869141 -0.076299488544464111328 -0.18572527170181274414 -0.32764619588851928711 -0.45430403947830200195 -0.57065087556838989258 -0.70704352855682373047 -0.80387836694717407227 -0.90725809335708618164 -1.0223618745803833008 -1.1358950138092041016 -0.98825043439865112305 -0.80712568759918212891 -0.6459611058235168457 -0.47934395074844360352 -0.30631852149963378906 -0.15288247168064117432 -0.33118844032287597656 -0.50851905345916748047 -0.68662559986114501953 -0.86481565237045288086 -1.0404235124588012695 -1.0567299127578735352 -0.87102025747299194336 -0.68530142307281494141
-1.0042108297348022461 -1.1186707019805908203 -1.0727665424346923828 -1.0072518587112426758 -0.9270954132080078125 -0.8714568018913269043 -0.79637509584426879883 -0.70428001880645751953 -0.59253036975860595703 -0.66244053840637207031 -0.82189697027206420898 -0.93171131610870361328 -0.90592336654663085938 -0.82356345653533935547 -0.70136189460754394531 -0.57111561298370361328 -0.43061280250549316406 -0.27545177936553955078 -0.2604440152645111084 -0.26739910244941711426 -0.23540276288986206055 -0.31004992127418518066 -0.44474205374717712402 -0.55491483211517333984 -0.64467734098434448242 -0.75997424125671386719 -0.90367597341537475586 -1.0739812850952148438 -1.060398101806640625 -0.89322829246520996094 -0.7155373692512512207 -0.53302490711212158203 -0.34960234165191650391 -0.16555862128734588623 -0.30450868606567382813 -0.48974296450614929199 -0.67500501871109008789 -0.86072492599487304688 -1.0464408397674560547 -1.0475137233734130859 -0.8628635406494140625 -0.67882746458053588867
-0.87143987417221069336 -0.95598185062408447266 -1.0229700803756713867 -1.0903146266937255859 -1.0874836444854736328 -1.0484602451324462891 -0.95780766010284423828 -0.85371536016464233398 -0.73153895139694213867 -0.70527946949005126953 -0.89087277650833129883 -1.0757153034210205078 -1.0643693208694458008 -0.96161657571792602539 -0.83360522985458374023 -0.68917322158813476563 -0.52562534809112548828 -0.38765808939933776855 -0.44374957680702209473 -0.45255893468856811523 -0.412364959716796875 -0.33044135570526123047 -0.29871726036071777344 -0.38859573006629943848 -0.49815207719802856445 -0.67430120706558227539 -0.85639083385467529297 -1.040228724479675293 -1.0794973373413085938 -0.90671998262405395508 -0.72420632839202880859 -0.54023110866546630859 -0.35543200373649597168 -0.17028030753135681152 -0.3332131803035736084 -0.51683974266052246094 -0.7013962864875793457 -0.88503175973892211914 -1.0660752058029174805 -1.0286954641342163086 -0.85071724653244018555 -0.66727399826049804688
