INPUT/RASTER/ASCII_standard/rivers.asc
ncols        225
nrows        269
xllcorner    473009.983799999987
yllcorner    4429051.174800000153
cellsize     50.000000000000
NODATA_value  -9999
[rows 171 to 189 of 269, columns 84 to 125 of 225]
-1.0927028656005859375 -1.0759545564651489258 -1.0353639125823974609 -0.91428297758102416992 -0.83932256698608398438 -0.74432271718978881836 -0.60994523763656616211 -0.4765936732292175293 -0.32969933748245239258 -0.19047240912914276123 -0.046155896037817001343 0.10167150944471359253 0.22524966299533843994 0.35344490408897399902 0.49103575944900512695 0.63405364751815795898 0.77561467885971069336 0.92302423715591430664 0.81713819503784179688 0.63201463222503662109 0.44703057408332824707 0.26224148273468017578 0.077736146748065948486 -0.10633335262537002563 -0.28968372941017150879 -0.47172206640243530273 -0.65097826719284057617 -0.82446348667144775391 -0.99963396787643432617 -1.0848162174224853516 -0.90373492240905761719 -0.74482381343841552734 -0.70403462648391723633 -0.61546844244003295898 -0.48482346534729003906 -0.332286834716796875 -0.16812090575695037842 -0.0040768156759440898895 -0.17397285997867584229 -0.33682394027709960938 -0.4873282313346862793 -0.61474531888961791992
-1.1194244623184204102 -1.0440102815628051758 -0.93887674808502197266 -0.78901392221450805664 -0.66741549968719482422 -0.58992797136306762695 -0.48274242877960205078 -0.34882676601409912109 -0.21413850784301757813 -0.071039363741874694824 0.071967169642448425293 0.21378618478775024414 0.3607876896858215332 0.48733246326446533203 0.61603730916976928711 0.75283664464950561523 0.79525208473205566406 0.84606117010116577148 0.83998084068298339844 0.65721273422241210938 0.47511890530586242676 0.29395619034767150879 0.11412843316793441772 -0.064916037023067474365 -0.24940375983715057373 -0.43324449658393859863 -0.61575603485107421875 -0.79481840133666992188 -0.97887223958969116211 -1.1007559299468994141 -0.93069565296173095703 -0.9290447235107421875 -0.87407422065734863281 -0.74521911144256591797 -0.58319860696792602539 -0.40978953242301940918 -0.23149605095386505127 -0.12289157509803771973 -0.079434663057327270508 -0.22528101503849029541 -0.35410177707672119141 -0.4561939537525177002
-1.0519770383834838867 -0.89523160457611083984 -0.79797875881195068359 -0.67634093761444091797 -0.5331166386604309082 -0.42505663633346557617 -0.33495867252349853516 -0.22055207192897796631 -0.086946129798889160156 0.048402361571788787842 0.18918690085411071777 0.33448138833045959473 0.47460496425628662109 0.56186676025390625 0.55957227945327758789 0.57748639583587646484 0.61499017477035522461 0.67086637020111083984 0.74347984790802001953 0.69644558429718017578 0.51266777515411376953 0.32702422142028808594 0.14140300452709197998 -0.044184427708387374878 -0.22971738874912261963 -0.41515395045280456543 -0.60042411088943481445 -0.78603321313858032227 -0.9713948369026184082 -1.1151503324508666992 -1.0824531316757202148 -1.1110602617263793945 -0.99706280231475830078 -0.81495189666748046875 -0.63022518157958984375 -0.44496774673461914063 -0.32853326201438903809 -0.30413800477981567383 -0.2411664128303527832 -0.14693632721900939941 -0.20281994342803955078 -0.29122489690780639648
-1.003191828727722168 -0.83459734916687011719 -0.65686851739883422852 -0.53888106346130371094 -0.41372317075729370117 -0.27318984270095825195 -0.17528653144836425781 -0.076242923736572265625 0.041842166334390640259 0.17505720257759094238 0.31093496084213256836 0.44833016395568847656 0.40173423290252685547 0.37661352753639221191 0.37403798103332519531 0.39412143826484680176 0.43599715828895568848 0.49799385666847229004 0.57793349027633666992 0.67344361543655395508 0.50561082363128662109 0.32571643590927124023 0.14406572282314300537 -0.036228604614734649658 -0.21437269449234008789 -0.39361983537673950195 -0.57485926151275634766 -0.75810998678207397461 -0.943820953369140625 -1.1291588544845581055 -1.0050116777420043945 -0.9869620203971862793 -0.9414272308349609375 -0.78699898719787597656 -0.61197781562805175781 -0.49154973030090332031 -0.5142116546630859375 -0.48287767171859741211 -0.40442377328872680664 -0.29183900356292724609 -0.15678891539573669434 -0.12623554468154907227
-0.93705976009368896484 -0.76222628355026245117 -0.58896183967590332031 -0.42037200927734375 -0.27810382843017578125 -0.15108886361122131348 -0.012000330723822116852 0.0782793387770652771 0.18402358889579772949 0.3043289482593536377 0.34675446152687072754 0.27264273166656494141 0.22003704309463500977 0.19149050116539001465 0.18855597078800201416 0.21140040457248687744 0.2587604820728302002 0.32826432585716247559 0.41694784164428710938 0.52174139022827148438 0.45333263278007507324 0.27312844991683959961 0.094561651349067687988 -0.081538192927837371826 -0.25498744845390319824 -0.4383353888988494873 -0.62127554416656494141 -0.80162233114242553711 -0.97544306516647338867 -1.1043119430541992188 -0.94573670625686645508 -0.80590927600860595703 -0.78280347585678100586 -0.67882448434829711914 -0.57378232479095458984 -0.66817343235015869141 -0.69985413551330566406 -0.65631860494613647461 -0.55412423610687255859 -0.41778463125228881836 -0.26309907436370849609 -0.098214522004127502441
-0.90042597055435180664 -0.7153943181037902832 -0.52994304895401000977 -0.35129782557487487793 -0.17525036633014678955 -0.016453595831990242004 0.11155164241790771484 0.23959633708000183105 0.33466660976409912109 0.28692805767059326172 0.1837110668420791626 0.09988514333963394165 0.039594676345586776733 0.0065610986202955245972 0.0031516065355390310287 0.029625443741679191589 0.084043785929679870605 0.16290770471096038818 0.26209583878517150879 0.37762600183486938477 0.41859465837478637695 0.23656533658504486084 0.053239107131958007813 -0.13004642724990844727 -0.3122444450855255127 -0.49243515729904174805 -0.66830843687057495117 -0.83845418691635131836 -1.0103131532669067383 -1.0822035074234008789 -0.89652335643768310547 -0.71437811851501464844 -0.6063690185546875 -0.54093396663665771484 -0.70204907655715942383 -0.83380419015884399414 -0.88538187742233276367 -0.81581860780715942383 -0.67690372467041015625 -0.51322335004806518555 -0.33984965085983276367 -0.16192831099033355713
-0.86001855134963989258 -0.68949228525161743164 -0.51113665103912353516 -0.32946255803108215332 -0.14640536904335021973 0.037310574203729629517 0.22157095372676849365 0.37419497966766357422 0.27416303753852844238 0.14332120120525360107 0.027466936036944389343 -0.068523108959197998047 -0.13891351222991943359 -0.17806315422058105469 -0.18213011324405670166 -0.15068146586418151855 -0.086896710097789764404 0.0038233485538512468338 0.11565010994672775269 0.24347171187400817871 0.3810094296932220459 0.19822265207767486572 0.016371974721550941467 -0.16406516730785369873 -0.34676697850227355957 -0.52764713764190673828 -0.70711100101470947266 -0.89246016740798950195 -1.0756012201309204102 -1.0227588415145874023 -0.85897785425186157227 -0.68631929159164428711 -0.50705438852310180664 -0.59301596879959106445 -0.77657932043075561523 -0.95574599504470825195 -1.0698671340942382813 -0.92714995145797729492 -0.74663013219833374023 -0.56279581785202026367 -0.37804502248764038086 -0.1929143071174621582
-0.79763656854629516602 -0.62018740177154541016 -0.44476857781410217285 -0.27598336338996887207 -0.10221493989229202271 0.07509724050760269165 0.25460135936737060547 0.30970367789268493652 0.1560223996639251709 0.011827912181615829468 -0.11884956061840057373 -0.23016145825386047363 -0.31423097848892211914 -0.36216437816619873047 -0.36720076203346252441 -0.32853999733924865723 -0.25187590718269348145 -0.14597019553184509277 -0.019086945801973342896 0.12246025353670120239 0.2742728888988494873 0.17347647249698638916 -0.010896819643676280975 -0.19489881396293640137 -0.38004222512245178223 -0.56481260061264038086 -0.74868017435073852539 -0.92925864458084106445 -1.0954596996307373047 -0.98452943563461303711 -0.80687880516052246094 -0.6273511052131652832 -0.4445590972900390625 -0.62453687191009521484 -0.80964690446853637695 -0.99407213926315307617 -1.0895923376083374023 -0.90997481346130371094 -0.7373625636100769043 -0.56468003988265991211 -0.38793033361434936523 -0.20819711685180664063
-0.81754356622695922852 -0.63251858949661254883 -0.4471206963062286377 -0.27604013681411743164 -0.11030689626932144165 0.06129229813814163208 0.23656430840492248535 0.22032745182514190674 0.055200599133968353271 -0.10292986780405044556 -0.25032186508178710938 -0.38068920373916625977 -0.48379188776016235352 -0.54525637626647949219 -0.55186069011688232422 -0.50189691781997680664 -0.40685364603996276855 -0.28159034252166748047 -0.13737992942333221436 0.018719783052802085876 0.18250270187854766846 0.16021189093589782715 -0.025191567838191986084 -0.21046806871891021729 -0.39578929543495178223 -0.58122795820236206055 -0.7663853764533996582 -0.9504324793815612793 -1.1036651134490966797 -0.95361238718032836914 -0.77001357078552246094 -0.58499866724014282227 -0.42449054121971130371 -0.605655670166015625 -0.78210836648941040039 -0.95330655574798583984 -1.125738978385925293 -0.97333341836929321289 -0.78887087106704711914 -0.60488343238830566406 -0.42000433802604675293 -0.31926876306533813477
-0.83999460935592651367 -0.69092392921447753906 -0.52508968114852905273 -0.35070538520812988281 -0.17312042415142059326 0.0032242671586573123932 0.18213599920272827148 0.15165007114410400391 -0.02359654940664768219 -0.19483096897602081299 -0.35940527915954589844 -0.51205384731292724609 -0.64167493581771850586 -0.72599488496780395508 -0.73554593324661254883 -0.66578054428100585938 -0.54396533966064453125 -0.39524471759796142578 -0.23276726901531219482 -0.079622037708759307861 0.065216988325119018555 0.14638133347034454346 -0.037719789892435073853 -0.22116832435131072998 -0.40347567200660705566 -0.58351743221282958984 -0.76632839441299438477 -0.95204842090606689453 -1.1375659704208374023 -0.95482081174850463867 -0.76910078525543212891 -0.58338022232055664063 -0.58989548683166503906 -0.55058574676513671875 -0.73394930362701416016 -0.91624164581298828125 -1.0941933393478393555 -1.0036487579345703125 -0.82285958528518676758 -0.66233211755752563477 -0.57768297195434570313 -0.46698132157325744629
-0.93779325485229492188 -0.76012182235717773438 -0.58356475830078125 -0.40260463953018188477 -0.22052265703678131104 -0.037335969507694244385 0.14657811820507049561 0.10709826648235321045 -0.075463265180587768555 -0.25670528411865234375 -0.43560734391212463379 -0.60979157686233520508 -0.77247208356857299805 -0.89900630712509155273 -0.91583818197250366211 -0.80590826272964477539 -0.64801287651062011719 -0.47554948925971984863 -0.34172484278678894043 -0.1938820183277130127 -0.036415640264749526978 0.088358417153358459473 -0.051654294133186340332 -0.23737384378910064697 -0.42309275269508361816 -0.60881030559539794922 -0.79452431201934814453 -0.98022222518920898438 -1.1120779514312744141 -0.93300879001617431641 -0.76296716928482055664 -0.74333465099334716797 -0.77526313066482543945 -0.71826910972595214844 -0.68596768379211425781 -0.8618615269660949707 -1.0401500463485717773 -1.0698720216751098633 -0.92260271310806274414 -0.82898813486099243164 -0.72899025678634643555 -0.60126024484634399414
-0.97720378637313842773 -0.79215317964553833008 -0.60663574934005737305 -0.42315596342086791992 -0.2390308082103729248 -0.05436144024133682251 0.13061466813087463379 0.089299827814102172852 -0.096373073756694793701 -0.28202521800994873047 -0.4676392972469329834 -0.65317183732986450195 -0.83847165107727050781 -1.0224256515502929688 -1.0628341436386108398 -0.88951331377029418945 -0.73760533332824707031 -0.60329264402389526367 -0.45090690255165100098 -0.28734853863716125488 -0.1168268546462059021 -0.066218256950378417969 -0.16466447710990905762 -0.23524424433708190918 -0.40081483125686645508 -0.58019787073135375977 -0.75353288650512695313 -0.92784005403518676758 -1.0922623872756958008 -1.0016872882843017578 -0.86994665861129760742 -0.90233755111694335938 -0.95989817380905151367 -0.86191779375076293945 -0.70260930061340332031 -0.79438316822052001953 -0.94443720579147338867 -1.095358729362487793 -1.0689053535461425781 -0.98874974250793457031 -0.86364954710006713867 -0.73449563980102539063
-0.99212723970413208008 -0.81110370159149169922 -0.62670725584030151367 -0.44160783290863037109 -0.25624728202819824219 -0.070761643350124359131 0.11472524702548980713 0.099408484995365142822 -0.084483377635478973389 -0.26759904623031616211 -0.44932055473327636719 -0.62815803289413452148 -0.79952484369277954102 -0.97334778308868408203 -1.1295552253723144531 -0.99927502870559692383 -0.86300480365753173828 -0.70254147052764892578 -0.53015756607055664063 -0.35360732674598693848 -0.17361012101173400879 -0.209326133131980896 -0.32489439845085144043 -0.41083958745002746582 -0.45589032769203186035 -0.51335042715072631836 -0.68689018487930297852 -0.86295616626739501953 -1.0332713127136230469 -1.0553386211395263672 -1.0478117465972900391 -1.0879615545272827148 -1.1102919578552246094 -0.92570674419403076172 -0.74006640911102294922 -0.68735212087631225586 -0.8357086181640625 -0.95161145925521850586 -1.0303485393524169922 -1.1260726451873779297 -0.99616736173629760742 -0.83883672952651977539
-1.0082550048828125 -0.82264059782028198242 -0.63694745302200317383 -0.45123931765556335449 -0.2655258476734161377 -0.079809755086898803711 0.064452297985553741455 -0.048722706735134124756 -0.154225960373878479 -0.24299761652946472168 -0.38678577542304992676 -0.55840504169464111328 -0.72933459281921386719 -0.89029413461685180664 -1.0174752473831176758 -1.1144393682479858398 -0.93854373693466186523 -0.75425589084625244141 -0.57445627450942993164 -0.40054771304130554199 -0.22510220110416412354 -0.33482009172439575195 -0.47177705168724060059 -0.57985508441925048828 -0.63993191719055175781 -0.63860839605331420898 -0.64147937297821044922 -0.82685053348541259766 -1.0120000839233398438 -1.0958039760589599609 -1.0522632598876953125 -1.0072999000549316406 -0.94289940595626831055 -0.85063511133193969727 -0.69535839557647705078 -0.57339531183242797852 -0.6965453028678894043 -0.78271251916885375977 -0.88934332132339477539 -1.024039149284362793 -1.0746895074844360352 -0.89955234527587890625
-0.96676295995712280273 -0.79204148054122924805 -0.61317461729049682617 -0.43178692460060119629 -0.2492694854736328125 -0.065914578735828399658 -0.075565285980701446533 -0.19574829936027526855 -0.30735146999359130859 -0.40925654768943786621 -0.48530471324920654297 -0.53450405597686767578 -0.62950652837753295898 -0.76526403427124023438 -0.94420206546783447266 -1.1075046062469482422 -0.98522472381591796875 -0.81198173761367797852 -0.63594985008239746094 -0.4560394585132598877 -0.2745437324047088623 -0.43324291706085205078 -0.59440672397613525391 -0.73397123813629150391 -0.8220093846321105957 -0.82423365116119384766 -0.81685227155685424805 -0.81937927007675170898 -1.0004825592041015625 -1.106204986572265625 -1.0070722103118896484 -0.82707327604293823242 -0.76705276966094970703 -0.70336663722991943359 -0.58813470602035522461 -0.44178885221481323242 -0.53633058071136474609 -0.62670063972473144531 -0.79038929939270019531 -0.95904260873794555664 -1.1139857769012451172 -0.97011506557464599609
-0.89658844470977783203 -0.7291781306266784668 -0.55733287334442138672 -0.38151380419731140137 -0.20548357069492340088 -0.085263825953006744385 -0.21590775251388549805 -0.33818486332893371582 -0.45577931404113769531 -0.56703931093215942383 -0.65778917074203491211 -0.71345722675323486328 -0.76624977588653564453 -0.81410020589828491211 -0.88205510377883911133 -1.0563856363296508789 -1.0370405912399291992 -0.85280740261077880859 -0.66740614175796508789 -0.51501101255416870117 -0.40875476598739624023 -0.49212068319320678711 -0.67322331666946411133 -0.84843921661376953125 -0.99450588226318359375 -1.0095844268798828125 -0.99022364616394042969 -0.97644793987274169922 -0.93739563226699829102 -1.1167685985565185547 -0.97342956066131591797 -0.79395884275436401367 -0.61138117313385009766 -0.53453642129898071289 -0.44685769081115722656 -0.32553848624229431152 -0.3759047091007232666 -0.55055016279220581055 -0.71882206201553344727 -0.88048040866851806641 -1.0537472963333129883 -1.0385237932205200195
-0.79926657676696777344 -0.64678806066513061523 -0.48164981603622436523 -0.31400755047798156738 -0.14344872534275054932 -0.20733754336833953857 -0.34755662083625793457 -0.4776147007942199707 -0.60077565908432006836 -0.7174097895622253418 -0.82323813438415527344 -0.89146924018859863281 -0.94783747196197509766 -0.97806596755981445313 -1.0627601146697998047 -1.0505328178405761719 -1.0429641008377075195 -0.87344324588775634766 -0.76111209392547607422 -0.67001652717590332031 -0.53967213630676269531 -0.50042247772216796875 -0.68482238054275512695 -0.8674170374870300293 -1.0379160642623901367 -1.0809693336486816406 -1.0877121686935424805 -1.1044539213180541992 -1.0932962894439697266 -1.1073775291442871094 -0.93932974338531494141 -0.7604834437370300293 -0.62350791692733764648 -0.47853040695190429688 -0.31946763396263122559 -0.18699507415294647217 -0.30390155315399169922 -0.47194582223892211914 -0.64818894863128662109 -0.81650745868682861328 -1.002193450927734375 -1.0901693105697631836
-0.66057527065277099609 -0.53707873821258544922 -0.39075452089309692383 -0.23171703517436981201 -0.14935214817523956299 -0.31435304880142211914 -0.46843063831329345703 -0.60949629545211791992 -0.73961645364761352539 -0.86325585842132568359 -0.97573959827423095703 -1.072600245475769043 -1.1134059429168701172 -1.122353672981262207 -1.0481857061386108398 -1.0373990535736083984 -1.1242361068725585938 -0.98864305019378662109 -0.92966914176940917969 -0.80096757411956787109 -0.64430606365203857422 -0.53265243768692016602 -0.62463766336441040039 -0.77562868595123291016 -0.87731748819351196289 -0.89999413490295410156 -0.91091060638427734375 -0.94286429882049560547 -1.0070297718048095703 -1.0715987682342529297 -1.0192321538925170898 -0.88484632968902587891 -0.73459976911544799805 -0.57897228002548217773 -0.43658676743507385254 -0.27785772085189819336 -0.24209173023700714111 -0.42400011420249938965 -0.60328650474548339844 -0.77863484621047973633 -0.93914788961410522461 -1.1010285615921020508
-0.50203156471252441406 -0.39996856451034545898 -0.27461090683937072754 -0.13131067156791687012 -0.2116174846887588501 -0.39021277427673339844 -0.56427460908889770508 -0.72800427675247192383 -0.87004983425140380859 -1.0010478496551513672 -1.1202521324157714844 -1.0412851572036743164 -0.9847583770751953125 -0.95138442516326904297 -0.88371628522872924805 -0.89339339733123779297 -1.0391525030136108398 -1.1067062616348266602 -1.0576835870742797852 -0.88992851972579956055 -0.73779135942459106445 -0.71270740032196044922 -0.64886134862899780273 -0.62979710102081298828 -0.69660234451293945313 -0.71522164344787597656 -0.72620332241058349609 -0.76949000358581542969 -0.85160660743713378906 -0.99609851837158203125 -1.1281785964965820313 -0.97620970010757446289 -0.84158360958099365234 -0.69266706705093383789 -0.52521187067031860352 -0.34954413771629333496 -0.19168598949909210205 -0.36405998468399047852 -0.52855569124221801758 -0.68958544731140136719 -0.84774047136306762695 -0.97402948141098022461
