INPUT/RASTER/ASCII_standard/roads.asc
ncols        225
nrows        269
xllcorner    473009.983799999987
yllcorner    4429051.174800000153
cellsize     50.000000000000
NODATA_value  -9999
[rows 216 to 233 of 269, columns 42 to 83 of 225]
-0.69649308919906616211 -0.80843967199325561523 -0.87604123353958129883 -0.98980766534805297852 -1.119877934455871582 -1.0207151174545288086 -0.91882187128067016602 -0.69321310520172119141 -0.83259212970733642578 -1.0982770919799804688 -0.76728844642639160156 -0.39643388986587524414 -0.075948745012283325195 0.22722639143466949463 0.51228934526443481445 0.83812159299850463867 1.0131336450576782227 0.89891993999481201172 0.86379408836364746094 0.91184061765670776367 1.0375369787216186523 1.2285039424896240234 1.4704037904739379883 1.7504355907440185547 2.0585701465606689453 2.3874309062957763672 2.7317271232604980469 2.7687094211578369141 2.6104290485382080078 2.4908742904663085938 2.4148411750793457031 2.3844029903411865234 2.3993377685546875 2.4611921310424804688 2.3215441703796386719 1.9121552705764770508 1.5027843713760375977 1.0934414863586425781 0.68414515256881713867 0.27493637800216674805 -0.13407683372497558594 -0.54248690605163574219
-0.30932334065437316895 -0.40211176872253417969 -0.48042717576026916504 -0.59983748197555541992 -0.7492656707763671875 -0.82365143299102783203 -0.99083250761032104492 -1.0205144882202148438 -1.0962903499603271484 -0.84195375442504882813 -0.54135411977767944336 -0.21819500625133514404 0.14799234271049499512 0.50306802988052368164 0.80342060327529907227 1.0900127887725830078 1.3984752893447875977 1.3024189472198486328 1.2731966972351074219 1.3132071495056152344 1.4191935062408447266 1.5834372043609619141 1.7961465120315551758 2.0476052761077880859 2.3293747901916503906 2.6346569061279296875 2.6152360439300537109 2.4034912586212158203 2.2285087108612060547 2.0949239730834960938 2.0093171596527099609 1.9750654697418212891 1.9919586181640625 2.0617165565490722656 2.1779265403747558594 1.9468305110931396484 1.5427746772766113281 1.140650629997253418 0.74170345067977905273 0.34850582480430603027 -0.032746683806180953979 -0.38353586196899414063
0.084588594734668731689 0.0019676818046718835831 -0.087409764528274536133 -0.22453588247299194336 -0.35084459185600280762 -0.4386017918586730957 -0.67880880832672119141 -1.0678735971450805664 -0.79546517133712768555 -0.58440840244293212891 -0.27161768078804016113 0.0372888222336769104 0.34963241219520568848 0.69541209936141967773 1.0619375705718994141 1.3809262514114379883 1.668282628059387207 1.7076219320297241211 1.6826120615005493164 1.7168754339218139648 1.8083398342132568359 1.9519181251525878906 2.1407549381256103516 2.3675286769866943359 2.6253740787506103516 2.5471448898315429688 2.2828691005706787109 2.0490672588348388672 1.8533722162246704102 1.70281219482421875 1.6049616336822509766 1.5657610893249511719 1.5852015018463134766 1.6644327640533447266 1.7962181568145751953 1.96312713623046875 1.6432869434356689453 1.2581437826156616211 0.88261616230010986328 0.52326697111129760742 0.19333647191524505615 -0.079107433557510375977
0.48160645365715026855 0.40866601467132568359 0.30460876226425170898 0.1541039198637008667 -0.060147166252136230469 -0.41941696405410766602 -0.77948665618896484375 -1.0684382915496826172 -0.69526058435440063477 -0.29391142725944519043 -0.006653462536633014679 0.29760289192199707031 0.61619812250137329102 0.92295128107070922852 1.2577947378158569336 1.6103163957595825195 1.9590084552764892578 2.1138906478881835938 2.0920350551605224609 2.1219885349273681641 2.2023541927337646484 2.3296213150024414063 2.498859405517578125 2.7045161724090576172 2.5685875415802001953 2.2571957111358642578 1.9686943292617797852 1.7094806432723999023 1.4885342121124267578 1.3163857460021972656 1.2023831605911254883 1.1565073728561401367 1.179394841194152832 1.2709447145462036133 1.4208216667175292969 1.6007841825485229492 1.7110983133316040039 1.4362877607345581055 1.0910788774490356445 0.77152943611145019531 0.49286296963691711426 0.27925053238868713379
-9999 0.81112456321716308594 0.57036316394805908203 0.17420063912868499756 -0.21958467364311218262 -0.60487407445907592773 -0.96806567907333374023 -0.9103628993034362793 -0.56618219614028930664 -0.18749919533729553223 0.19880004227161407471 0.57197821140289306641 0.87246334552764892578 1.1951749324798583984 1.4987808465957641602 1.8255474567413330078 2.169189453125 2.5208694934844970703 2.5014636516571044922 2.5280663967132568359 2.5996937751770019531 2.7138295173645019531 2.8668341636657714844 2.6789622306823730469 2.3292610645294189453 1.9941092729568481445 1.6787186861038208008 1.3905167579650878906 1.1389664411544799805 0.93822383880615234375 0.80269163846969604492 0.74733811616897583008 0.7751458287239074707 0.88382768630981445313 1.0475875139236450195 1.2180141210556030273 1.312468409538269043 1.4343245029449462891 1.3501198291778564453 1.0685393810272216797 0.83249771595001220703 0.65199697017669677734
-9999 -9999 0.49837541580200195313 0.092917852103710174561 -0.30857551097869873047 -0.71126419305801391602 -1.106509089469909668 -0.74585545063018798828 -0.36669880151748657227 -0.017040319740772247314 0.34610772132873535156 0.72336333990097045898 1.1054527759552001953 1.4491962194442749023 1.7727924585342407227 2.0757689476013183594 2.3966166973114013672 2.7340064048767089844 2.9108960628509521484 2.9348204135894775391 2.9993989467620849609 3.1027719974517822266 2.8709161281585693359 2.4935843944549560547 2.1240251064300537109 1.7652163505554199219 1.4216955900192260742 1.1005361080169677734 0.81285566091537475586 0.57421422004699707031 0.40813821554183959961 0.33832201361656188965 0.37371098995208740234 0.50587624311447143555 0.68634647130966186523 0.82462012767791748047 0.91517406702041625977 1.0530068874359130859 1.2422150373458862305 1.3971710205078125 1.1946533918380737305 1.0281287431716918945
-9999 -9999 0.43026369810104370117 0.031246459111571311951 -0.3733049929141998291 -0.77102679014205932617 -1.0793361663818359375 -0.67091482877731323242 -0.264347076416015625 0.13654175400733947754 0.54158294200897216797 0.89621818065643310547 1.2608908414840698242 1.6369606256484985352 2.0166790485382080078 2.3448355197906494141 2.653385162353515625 2.9699234962463378906 3.3017060756683349609 3.3420653343200683594 3.4008443355560302734 3.1305067539215087891 2.7363681793212890625 2.3457696437835693359 1.9596794843673706055 1.5791954994201660156 1.2085133790969848633 0.85313498973846435547 0.52295744419097900391 0.23616479337215423584 0.023712908849120140076 -0.070659101009368896484 -0.023333961144089698792 0.13206355273723602295 0.32315707206726074219 0.42829379439353942871 0.52381664514541625977 0.68268698453903198242 0.90658533573150634766 1.1818739175796508789 1.4924215078353881836 1.3917672634124755859
-9999 0.77620577812194824219 0.36707222461700439453 -0.041826032102108001709 -0.45006468892097473145 -0.85469925403594970703 -1.0028747320175170898 -0.60289365053176879883 -0.2040005028247833252 0.20037820935249328613 0.60276430845260620117 1.007832646369934082 1.411173701286315918 1.8109022378921508789 2.1760988235473632813 2.5506188869476318359 2.9188692569732666016 3.231380462646484375 3.5446450710296630859 3.5699980258941650391 3.4221944808959960938 3.0432448387145996094 2.6404397487640380859 2.238739013671875 1.8391548395156860352 1.4426729679107666016 1.050986170768737793 0.66599047183990478516 0.29305097460746765137 -0.053046327084302902222 -0.33726269006729125977 -0.47932526469230651855 -0.40781456232070922852 -0.22583794593811035156 -0.073270499706268310547 0.024960314854979515076 0.14068682491779327393 0.33335849642753601074 0.60297781229019165039 0.91945034265518188477 1.2642728090286254883 1.6268298625946044922
1.209836125373840332 0.80575311183929443359 0.40451470017433166504 0.0091302478685975074768 -0.37120109796524047852 -0.69507068395614624023 -0.75911986827850341797 -0.48127096891403198242 -0.1105220988392829895 0.28176832199096679688 0.68166458606719970703 1.0846240520477294922 1.4825402498245239258 1.8835467100143432617 2.2865555286407470703 2.6899702548980712891 3.0914552211761474609 3.4643375873565673828 3.3697230815887451172 3.1953144073486328125 3.0390472412109375 2.9061899185180664063 2.5668096542358398438 2.1688542366027832031 1.7656223773956298828 1.3613753318786621094 0.95665270090103149414 0.55289846658706665039 0.1511783897876739502 -0.24379760026931762695 -0.62209427356719970703 -0.88537359237670898438 -0.78332114219665527344 -0.57576209306716918945 -0.46983456611633300781 -0.37565299868583679199 -0.2323732525110244751 0.024231214076280593872 0.35120868682861328125 0.71145719289779663086 1.0888338088989257813 1.4759094715118408203
1.3038392066955566406 0.91837954521179199219 0.54434281587600708008 0.19146054983139038086 -0.11790489405393600464 -0.33150130510330200195 -0.36452373862266540527 -0.19759672880172729492 0.089817762374877929688 0.43261492252349853516 0.80153805017471313477 1.1841285228729248047 1.5745935440063476563 1.9699596166610717773 2.3685657978057861328 2.7694184780120849609 3.1703767776489257813 3.2283561229705810547 3.0100128650665283203 2.8221390247344970703 2.6569623947143554688 2.5148065090179443359 2.4093344211578369141 2.0854918956756591797 1.6830440759658813477 1.2815035581588745117 0.87929642200469970703 0.48074001073837280273 0.088541112840175628662 -0.31600227952003479004 -0.72230297327041625977 -1.1131917238235473633 -1.0583320856094360352 -0.95879524946212768555 -0.86340153217315673828 -0.77060306072235107422 -0.55391639471054077148 -0.20356447994709014893 0.18146754801273345947 0.57789111137390136719 0.97929453849792480469 1.3832938671112060547
1.459891200065612793 1.101544499397277832 0.76402086019515991211 0.46062692999839782715 0.21465647220611572266 0.062181241810321807861 0.040315061807632446289 0.15573605895042419434 0.37723943591117858887 0.66600710153579711914 0.99479651451110839844 1.347729802131652832 1.7158401012420654297 2.0939335823059082031 2.4788746833801269531 2.8686861991882324219 3.1610991954803466797 2.8977448940277099609 2.6604073047637939453 2.4542577266693115234 2.2802836894989013672 2.127864837646484375 2.0098783969879150391 1.9265218973159790039 1.6198979616165161133 1.2125931978225708008 0.80597728490829467773 0.40087044239044189453 -0.0011021677637472748756 -0.40472996234893798828 -0.80119055509567260742 -1.0504304170608520508 -0.76742511987686157227 -0.89528650045394897461 -1.0029579401016235352 -1.0849655866622924805 -0.69057303667068481445 -0.28180140256881713867 0.1274092942476272583 0.53673577308654785156 0.94610965251922607422 1.3555073738098144531
1.6676300764083862305 1.3396062850952148438 1.039432525634765625 0.78027904033660888672 0.58088296651840209961 0.46382436156272888184 0.44753322005271911621 0.53496909141540527344 0.71141970157623291016 0.95440614223480224609 1.2435863018035888672 1.5641293525695800781 1.9061197042465209961 2.2630796432495117188 2.6307494640350341797 3.0062747001647949219 2.8670296669006347656 2.58287811279296875 2.3239755630493164063 2.096405029296875 1.9072158336639404297 1.7455257177352905273 1.6128472089767456055 1.5244692564010620117 1.3723772764205932617 1.0747603178024291992 0.74861687421798706055 0.37853857874870300293 -0.029514770954847335815 -0.43662241101264953613 -0.84598672389984130859 -1.0052347183227539063 -0.59603071212768554688 -0.49823936820030212402 -0.60064172744750976563 -0.6850935816764831543 -0.50609952211380004883 -0.17308740317821502686 0.20317515730857849121 0.59461772441864013672 0.99286174774169921875 1.3946913480758666992
1.916502833366394043 1.6183388233184814453 1.3520978689193725586 1.1290924549102783203 0.9631831049919128418 0.86863577365875244141 0.8556677699089050293 0.92582273483276367188 1.0711693763732910156 1.2781341075897216797 1.5323883295059204102 1.8217399120330810547 2.1368775367736816406 2.471038818359375 2.8193984031677246094 2.9197230339050292969 2.5948123931884765625 2.2881093025207519531 2.0049612522125244141 1.7523168325424194336 1.538851618766784668 1.3656340837478637695 1.2200795412063598633 1.1214240789413452148 1.0357656478881835938 0.79339712858200073242 0.49875840544700622559 0.17251102626323699951 -0.15597032010555267334 -0.48489481210708618164 -0.84003716707229614258 -1.0110343694686889648 -0.60192030668258666992 -0.19251611828804016113 -0.19843122363090515137 -0.27610424160957336426 -0.17055711150169372559 0.072938583791255950928 0.38947448134422302246 0.74237722158432006836 1.1145626306533813477 1.4978519678115844727
2.1972932815551757813 1.9266380071640014648 1.6896538734436035156 1.4954721927642822266 1.3541483879089355469 1.27501678466796875 1.2642502784729003906 1.3227491378784179688 1.4457994699478149414 1.624766230583190918 1.8495926856994628906 2.1107499599456787109 2.4001855850219726563 2.7115137577056884766 3.0398344993591308594 2.6953725814819335938 2.3495790958404541016 2.0190858840942382813 1.7092397212982177734 1.4275543689727783203 1.1843324899673461914 0.99283349514007568359 0.83413410186767578125 0.72118955850601196289 0.65076792240142822266 0.48333504796028137207 0.21447266638278961182 -0.075773313641548156738 -0.39893984794616699219 -0.70410758256912231445 -1.0625568628311157227 -0.97177922725677490234 -0.56883579492568969727 -0.16069510579109191895 0.18884265422821044922 0.13318125903606414795 0.20680792629718780518 0.39106962084770202637 0.65198111534118652344 0.96105229854583740234 1.2316477298736572266 1.1743147373199462891
2.5026090145111083984 2.2564399242401123047 2.0441708564758300781 1.8729966878890991211 1.7502532005310058594 1.6822870969772338867 1.6730848550796508789 1.7232155799865722656 1.8296656608581542969 1.9866713285446166992 2.1870625019073486328 2.4235081672668457031 2.6893186569213867188 2.9788000583648681641 2.8778944015502929688 2.5034492015838623047 2.1374104022979736328 1.7829481363296508789 1.4448475837707519531 1.130459904670715332 0.8511034846305847168 0.62359559535980224609 0.45202589035034179688 0.32207372784614562988 0.24378344416618347168 0.13091598451137542725 -0.07801447063684463501 -0.36426946520805358887 -0.65272814035415649414 -0.93549203872680664063 -0.93802309036254882813 -0.71185225248336791992 -0.43443128466606140137 -0.071734197437763214111 0.21644468605518341064 0.21844643354415893555 0.33188331127166748047 0.54065370559692382813 0.81429541110992431641 0.93465352058410644531 0.83485943078994750977 0.76556640863418579102
2.8267772197723388672 2.6020491123199462891 2.4105579853057861328 2.2579433917999267578 2.1496360301971435547 2.0901091098785400391 2.0820755958557128906 2.1259157657623291016 2.2195949554443359375 2.3591010570526123047 2.539211273193359375 2.7542824745178222656 2.9988558292388916016 3.1318616867065429688 2.7387115955352783203 2.3493216037750244141 1.965111851692199707 1.5882788896560668945 1.2223696708679199219 0.8733775019645690918 0.55186235904693603516 0.27678406238555908203 0.080217607319355010986 -0.074507407844066619873 -0.16112519800662994385 -0.2580706179141998291 -0.41881006956100463867 -0.65163433551788330078 -0.9411519169807434082 -1.0094950199127197266 -0.71063190698623657227 -0.3856283724308013916 -0.14555884897708892822 -0.096934191882610321045 -0.1902612149715423584 -0.18547827005386352539 -0.029605235904455184937 0.23557177186012268066 0.55935817956924438477 0.5444087982177734375 0.4445635676383972168 0.35720205307006835938
3.1655330657958984375 2.9594602584838867188 2.7854855060577392578 2.6480441093444824219 2.5512304306030273438 2.4982969760894775391 2.491168975830078125 2.5301134586334228516 2.6136932373046875 2.7390172481536865234 2.9021952152252197266 3.0988485813140869141 3.3245458602905273438 3.0416200160980224609 2.6390697956085205078 2.23818206787109375 1.8396303653717041016 1.4444997310638427734 1.0546463727951049805 0.67349463701248168945 0.30797839164733886719 -0.026265988126397132874 -0.29101809859275817871 -0.45629233121871948242 -0.55952537059783935547 -0.64091140031814575195 -0.78452438116073608398 -0.99186605215072631836 -1.0301061868667602539 -0.73669153451919555664 -0.44384875893592834473 -0.21273979544639587402 -0.41605934500694274902 -0.50599485635757446289 -0.59375631809234619141 -0.58116602897644042969 -0.34267973899841308594 -0.0014145507011562585831 0.37123304605484008789 0.1639909595251083374 0.042741652578115463257 -0.050342589616775512695
3.1844999790191650391 2.96286773681640625 2.7717278003692626953 2.6157507896423339844 2.4994716644287109375 2.4267859458923339844 2.4003863334655761719 2.4213051795959472656 2.4887220859527587891 2.6001172065734863281 2.7517068386077880859 2.9390017986297607422 3.1499888896942138672 2.9902684688568115234 2.5821545124053955078 2.1743702888488769531 1.7670549154281616211 1.360438227653503418 0.95492959022521972656 0.55132979154586791992 0.15144354104995727539 -0.23971430957317352295 -0.60238230228424072266 -0.83019804954528808594 -0.96599686145782470703 -1.0270427465438842773 -1.0662053823471069336 -0.93367272615432739258 -0.70144534111022949219 -0.49676924943923950195 -0.61743390560150146484 -0.59538388252258300781 -0.75734663009643554688 -0.91359466314315795898 -0.98298305273056030273 -0.91659587621688842773 -0.52665466070175170898 -0.12114649266004562378 0.055408157408237457275 -0.19664995372295379639 -0.35648962855339050293 -0.45558115839958190918
