INPUT/RASTER/ASCII_standard/roads.asc
ncols        225
nrows        269
xllcorner    473009.983799999987
yllcorner    4429051.174800000153
cellsize     50.000000000000
NODATA_value  -9999
[rows 0 to 17 of 269, columns 42 to 83 of 225]
-9999 -9999 -9999 -9999 -9999 0.85513269901275634766 1.173198699951171875 -9999 -9999 -9999 -9999 -9999 -9999 -9999 -9999 -9999 -9999 -9999 -0.12942513823509216309 -0.48677396774291992188 -0.7873484492301940918 -1.1152553558349609375 -0.93413597345352172852 -9999 -9999 -9999 -9999 -9999 -9999 -9999 -9999 -9999 -9999 -9999 -9999 -9999 -9999 -9999 -9999 -9999 -9999 -9999
-9999 -9999 -9999 -9999 0.27679643034934997559 0.6042849421501159668 0.84646284580230712891 -9999 1.4152948856353759766 1.4153933525085449219 1.2481633424758911133 0.97662580013275146484 0.5968176722526550293 0.23425801098346710205 -0.092814676463603973389 -9999 -0.41560027003288269043 -0.28622907400131225586 -0.29339250922203063965 -0.68428814411163330078 -1.0294531583786010742 -0.93682920932769775391 -0.94381821155548095703 -1.1181619167327880859 -0.87288045883178710938 -9999 -9999 -9999 -9999 -9999 -9999 -9999 -9999 -9999 -9999 -9999 -9999 -9999 -9999 -9999 -9999 -9999
-9999 -9999 -9999 -0.30055102705955505371 0.04530431702733039856 0.27386954426765441895 0.53609651327133178711 0.83762079477310180664 1.1610409021377563477 1.0638319253921508789 0.86738926172256469727 0.74121463298797607422 0.47204864025115966797 0.072456769645214080811 -0.31727236509323120117 -0.67130291461944580078 -0.82122272253036499023 -0.65406471490859985352 -0.5675767064094543457 -0.84414112567901611328 -1.0610439777374267578 -0.68298882246017456055 -0.58698874711990356445 -0.8010628819465637207 -1.0425678491592407227 -0.91796296834945678711 -9999 -9999 -9999 -9999 -9999 -9999 -9999 -9999 -9999 -9999 -9999 -9999 -9999 -9999 -9999 -9999
-0.616733551025390625 -0.96120703220367431641 -0.87024587392807006836 -0.4777106940746307373 -0.28983947634696960449 -0.042925495654344558716 0.26108646392822265625 0.58576017618179321289 0.88989096879959106445 0.73602110147476196289 0.50056570768356323242 0.34331589937210083008 0.29047542810440063477 0.038654558360576629639 -0.36816224455833435059 -0.7689927220344543457 -1.0206179618835449219 -0.99450135231018066406 -0.97691708803176879883 -1.0959790945053100586 -0.83770346641540527344 -0.53165805339813232422 -0.76520490646362304688 -1.0200098752975463867 -1.0833613872528076172 -1.0944852828979492188 -0.83128201961517333984 -9999 -9999 -9999 -9999 -9999 -9999 -9999 -9999 -9999 -9999 -9999 -9999 -9999 -9999 -9999
-0.69948619604110717773 -1.0903397798538208008 -1.0320321321487426758 -0.84216600656509399414 -0.62189555168151855469 -0.31189626455307006836 0.010718652978539466858 0.31084617972373962402 0.62315762042999267578 0.44683885574340820313 0.15964683890342712402 -0.045952737331390380859 -0.11892539262771606445 -0.032503277063369750977 -0.2160348743200302124 -0.50940281152725219727 -0.69264572858810424805 -0.91184067726135253906 -0.91596007347106933594 -0.81780791282653808594 -0.83732837438583374023 -0.85086292028427124023 -0.99901401996612548828 -0.91011446714401245117 -0.74160462617874145508 -0.84010177850723266602 -1.1134821176528930664 -0.90568703413009643555 -0.69541597366333007813 -9999 -9999 -9999 -9999 -9999 -9999 -9999 -9999 -9999 -9999 -9999 -9999 -9999
-0.52257144451141357422 -0.74290901422500610352 -0.87176269292831420898 -1.0590355396270751953 -0.88572156429290771484 -0.55622172355651855469 -0.26819834113121032715 0.048775266855955123901 0.35099250078201293945 0.22130623459815979004 -0.1285673975944519043 -0.41241747140884399414 -0.52826398611068725586 -0.39226183295249938965 -0.21315470337867736816 -0.30679404735565185547 -0.47428435087203979492 -0.72089964151382446289 -1.0844550132751464844 -1.0410152673721313477 -1.0341303348541259766 -1.0347547531127929688 -0.95938533544540405273 -0.67962270975112915039 -0.36154815554618835449 -0.53955596685409545898 -0.77214080095291137695 -1.0022242069244384766 -0.99142932891845703125 -0.77500832080841064453 -9999 -9999 -9999 -9999 -9999 -9999 -9999 -9999 -9999 -9999 -9999 -9999
-0.20478171110153198242 -0.33702629804611206055 -0.4949366152286529541 -0.79512566328048706055 -1.1121718883514404297 -0.84724122285842895508 -0.52922022342681884766 -0.22336755692958831787 0.061430025845766067505 0.09507866203784942627 -0.30676561594009399414 -0.69423782825469970703 -0.93714505434036254883 -0.76842248439788818359 -0.52455192804336547852 -0.66339010000228881836 -0.84005934000015258789 -1.0203381776809692383 -0.97598481178283691406 -0.64141279458999633789 -0.6254037022590637207 -0.63348537683486938477 -0.6004180908203125 -0.38991114497184753418 -0.10101179033517837524 -0.20715183019638061523 -0.45084396004676818848 -0.65477013587951660156 -0.90692096948623657227 -1.1052798032760620117 -0.95556020736694335938 -9999 -9999 -9999 -9999 -9999 -9999 -9999 -9999 -9999 -9999 -9999
0.16241368651390075684 0.041624695062637329102 -0.236611977219581604 -0.57068049907684326172 -0.83483225107192993164 -1.0834276676177978516 -0.79499834775924682617 -0.51546686887741088867 -0.18078058958053588867 0.099127151072025299072 -0.30075436830520629883 -0.68299186229705810547 -0.98847103118896484375 -1.0794829130172729492 -0.7652212977409362793 -0.91288304328918457031 -1.0403268337249755859 -0.87828731536865234375 -0.67020761966705322266 -0.39735636115074157715 -0.21603274345397949219 -0.22688917815685272217 -0.20759341120719909668 -0.051241002976894378662 0.086202241480350494385 -0.17635799944400787354 -0.32458201050758361816 -0.4820690453052520752 -0.84078675508499145508 -1.0632880926132202148 -0.91586613655090332031 -0.72275638580322265625 -0.34268754720687866211 -9999 -9999 -9999 -9999 -9999 -9999 -9999 -9999 -9999
0.54925835132598876953 0.32824653387069702148 0.0079344455152750015259 -0.26332446932792663574 -0.57072526216506958008 -0.88678145408630371094 -1.0504047870635986328 -0.75307404994964599609 -0.47390735149383544922 -0.13555440306663513184 -0.11379562318325042725 -0.41346088051795959473 -0.60242974758148193359 -0.9387753605842590332 -0.9313614964485168457 -0.95432955026626586914 -0.89119499921798706055 -0.5097357630729675293 -0.32357963919639587402 -0.094407387077808380127 0.18163947761058807373 0.17956487834453582764 0.1939761042594909668 0.090679191052913665771 -0.19419068098068237305 -0.49241104722023010254 -0.72340339422225952148 -0.73014932870864868164 -1.0196479558944702148 -1.0198621749877929688 -0.73367810249328613281 -0.45431619882583618164 -0.2410154491662979126 -0.088396139442920684814 -0.12143251299858093262 -0.25373280048370361328 -0.48050576448440551758 -9999 -9999 -9999 -9999 -0.94376409053802490234
0.8995418548583984375 0.58683925867080688477 0.310455322265625 0.0069981715641915798187 -0.30785858631134033203 -0.60319167375564575195 -0.92900514602661132813 -1.0508810281753540039 -0.65108215808868408203 -0.24244841933250427246 0.16514790058135986328 -0.15368767082691192627 -0.4704233705997467041 -0.83085358142852783203 -1.0941817760467529297 -0.93023568391799926758 -0.96076339483261108398 -0.55317407846450805664 -0.14404541254043579102 0.24036459624767303467 0.4827836155891418457 0.58744066953659057617 0.23488664627075195313 -0.14334024488925933838 -0.48459029197692871094 -0.7569624781608581543 -1.0631539821624755859 -1.0613614320755004883 -1.0278898477554321289 -0.93748807907104492188 -1.0107924938201904297 -0.80744075775146484375 -0.59326207637786865234 -0.47078222036361694336 -0.44307255744934082031 -0.65819692611694335938 -0.80985867977142333984 -1.0258554220199584961 -0.98297727108001708984 -0.57587516307830810547 -0.77244240045547485352 -0.90539258718490600586
1.1658146381378173828 0.88482147455215454102 0.5852438807487487793 0.27116504311561584473 -0.027304098010063171387 -0.35297799110412597656 -0.63008385896682739258 -0.75593203306198120117 -0.52732115983963012695 -0.16996613144874572754 0.076598711311817169189 -0.29304096102714538574 -0.69546812772750854492 -1.0382583141326904297 -1.0323418378829956055 -0.91491746902465820313 -0.93477261066436767578 -0.52603131532669067383 -0.11672071367502212524 0.29165625572204589844 0.70029371976852416992 0.52939713001251220703 0.15598984062671661377 -0.25298872590065002441 -0.66115069389343261719 -1.058819890022277832 -0.94951266050338745117 -0.7904427647590637207 -0.64092868566513061523 -0.64447706937789916992 -0.99010145664215087891 -1.0902343988418579102 -0.97810024023056030273 -0.80519467592239379883 -0.61847400665283203125 -1.0177738666534423828 -1.1205846071243286133 -1.0740364789962768555 -0.77925121784210205078 -0.45947322249412536621 -0.43337479233741760254 -0.76938235759735107422
1.4612706899642944336 1.159270167350769043 0.85020107030868530273 0.54382187128067016602 0.22281092405319213867 -0.059859149158000946045 -0.28122094273567199707 -0.34976807236671447754 -0.2177689671516418457 0.049283701926469802856 -0.15931475162506103516 -0.49839374423027038574 -0.82636290788650512695 -1.0499141216278076172 -0.72169661521911621094 -1.0348116159439086914 -0.85383516550064086914 -0.4573625028133392334 -0.053818911314010620117 0.34579971432685852051 0.69061309099197387695 0.31272235512733459473 -0.043353460729122161865 -0.34820991754531860352 -0.729228973388671875 -1.0348361730575561523 -0.84130460023880004883 -0.43365806341171264648 -0.28380304574966430664 -0.5820891261100769043 -0.95145624876022338867 -1.0993317365646362305 -0.93060064315795898438 -0.92024147510528564453 -0.51106393337249755859 -0.7596085667610168457 -0.97727656364440917969 -0.89667421579360961914 -0.53237992525100708008 -0.40470024943351745605 -0.50164043903350830078 -0.869152069091796875
1.7343628406524658203 1.4283820390701293945 1.1163781881332397461 0.8005478978157043457 0.51653146743774414063 0.27407270669937133789 0.1047374233603477478 0.05864931643009185791 0.14919401705265045166 0.11363258957862854004 -0.27944886684417724609 -0.6861680150032043457 -1.0671777725219726563 -0.8573862910270690918 -0.94180184602737426758 -1.0022071599960327148 -0.62522768974304199219 -0.30154815316200256348 0.057197734713554382324 0.44030091166496276855 0.59175443649291992188 0.18682366609573364258 -0.21408529579639434814 -0.60220003128051757813 -0.92571198940277099609 -1.0531767606735229492 -0.6586437225341796875 -0.32174226641654968262 -0.043618485331535339355 -0.37300741672515869141 -0.62314170598983764648 -0.79863065481185913086 -1.1098723411560058594 -0.79063367843627929688 -0.42093110084533691406 -0.44656622409820556641 -0.58503246307373046875 -0.67683398723602294922 -0.87012457847595214844 -0.78376573324203491211 -0.91049587726593017578 -0.91931486129760742188
2.0068192481994628906 1.6915833950042724609 1.3788877725601196289 1.0943009853363037109 0.84306496381759643555 0.6337725520133972168 0.50217872858047485352 0.46759358048439025879 0.42353981733322143555 0.016921078786253929138 -0.38758757710456848145 -0.79120498895645141602 -1.0731036663055419922 -0.72014516592025756836 -0.96248668432235717773 -0.88882297277450561523 -0.48304194211959838867 -0.090758882462978363037 0.26465550065040588379 0.60939466953277587891 0.57294231653213500977 0.18047729134559631348 -0.22349026799201965332 -0.61867618560791015625 -0.98828101158142089844 -0.86891752481460571289 -0.79615259170532226563 -0.54027575254440307617 -0.17121897637844085693 -0.048703704029321670532 -0.33928292989730834961 -0.70729207992553710938 -1.0765938758850097656 -0.77978420257568359375 -0.37085741758346557617 -0.083970800042152404785 -0.33328893780708312988 -0.72768491506576538086 -1.0537343025207519531 -1.0237215757369995117 -0.95112043619155883789 -1.0357363224029541016
2.268093109130859375 1.9574919939041137695 1.6719067096710205078 1.4145084619522094727 1.1868448257446289063 1.0114104747772216797 0.9043858647346496582 0.83107548952102661133 0.4239864051342010498 0.018573958426713943481 -0.38243183493614196777 -0.76995927095413208008 -1.0609493255615234375 -0.98107105493545532227 -1.0581524372100830078 -0.74978542327880859375 -0.38624432682991027832 0.00061193993315100669861 0.35108810663223266602 0.26908484101295471191 0.30402112007141113281 0.00045387414866127073765 -0.30754756927490234375 -0.59090954065322875977 -0.81383180618286132813 -1.0914142131805419922 -1.0103290081024169922 -0.62949895858764648438 -0.22338761389255523682 -0.18908390402793884277 -0.4149640202522277832 -0.62271046638488769531 -1.0314904451370239258 -0.8190975189208984375 -0.40979987382888793945 -0.00039430800825357437134 -0.16755722463130950928 -0.47666826844215393066 -0.74590730667114257813 -0.8079929351806640625 -0.73960059881210327148 -0.96034997701644897461
2.5362353324890136719 2.2499501705169677734 1.9871873855590820313 1.750142216682434082 1.5491465330123901367 1.3989655971527099609 1.3057436943054199219 0.91122460365295410156 0.52274250984191894531 0.14553751051425933838 -0.20388154685497283936 -0.5033181309700012207 -0.79465121030807495117 -1.0830901861190795898 -1.0414853096008300781 -0.71990698575973510742 -0.41410326957702636719 -0.065546520054340362549 -0.026556253433227539063 -0.13932381570339202881 -0.090576201677322387695 -0.17313583195209503174 -0.55867666006088256836 -0.88044130802154541016 -1.0929818153381347656 -0.96233719587326049805 -0.88775050640106201172 -0.49183458089828491211 -0.10056945681571960449 -0.44482907652854919434 -0.76717090606689453125 -0.94062793254852294922 -1.0566803216934204102 -0.79610401391983032227 -0.38698157668113708496 0.022371035069227218628 0.0049564368091523647308 -0.17963008582592010498 -0.35785561800003051758 -0.40542253851890563965 -0.45763346552848815918 -0.55701678991317749023
2.6499691009521484375 2.5406200885772705078 2.3186590671539306641 2.1011888980865478516 1.9233852624893188477 1.6425975561141967773 1.2363150119781494141 0.83134865760803222656 0.42855119705200195313 0.029410647228360176086 -0.35885503888130187988 -0.72104942798614501953 -1.0155903100967407227 -0.8881886601448059082 -0.9572289586067199707 -0.98106038570404052734 -0.59043335914611816406 -0.18621504306793212891 -0.37052023410797119141 -0.54627794027328491211 -0.46693161129951477051 -0.3030758202075958252 -0.67824095487594604492 -1.0488462448120117188 -0.80887043476104736328 -1.0020480155944824219 -0.88688117265701293945 -0.48589599132537841797 -0.18783649802207946777 -0.58848220109939575195 -0.98763769865036010742 -0.93965965509414672852 -0.82463121414184570313 -0.6386629939079284668 -0.29467245936393737793 0.017403522506356239319 -0.31554639339447021484 -0.54237085580825805664 -0.52808356285095214844 -0.6173699498176574707 -0.70443075895309448242 -0.62858116626739501953
2.2641758918762207031 2.1419610977172851563 2.0678536891937255859 2.0452234745025634766 2.0347721576690673828 1.6254239082336425781 1.2161101102828979492 0.80685245990753173828 0.39769589900970458984 -0.011248365975916385651 -0.41961428523063659668 -0.82507336139678955078 -1.0448246002197265625 -0.71811711788177490234 -0.79431676864624023438 -1.0589073896408081055 -0.65420299768447875977 -0.26266452670097351074 -0.60922598838806152344 -0.94210600852966308594 -0.76377457380294799805 -0.37634491920471191406 -0.75673753023147583008 -1.082672119140625 -0.77924877405166625977 -1.0710159540176391602 -0.68902564048767089844 -0.33710649609565734863 -0.25656831264495849609 -0.65536218881607055664 -1.0637298822402954102 -0.79861271381378173828 -0.45359084010124206543 -0.30249997973442077637 -0.059740070253610610962 -0.11667529493570327759 -0.51868641376495361328 -0.89368605613708496094 -0.87697362899780273438 -0.97725099325180053711 -1.0855379104614257813 -0.96039867401123046875
