INPUT/RASTER/ASCII_standard/roads.asc
ncols        225
nrows        269
xllcorner    473009.983799999987
yllcorner    4429051.174800000153
cellsize     50.000000000000
NODATA_value  -9999
[rows 108 to 125 of 269, columns 126 to 167 of 225]
-9999 -9999 -9999 -9999 -9999 -9999 -9999 -9999 -9999 -9999 -9999 -9999 -9999 -9999 -9999 -9999 -9999 -9999 -9999 -9999 -9999 -9999 -9999 -9999 -9999 -0.63280069828033447266 -0.81976819038391113281 -1.0064737796783447266 -1.0063490867614746094 -0.96624869108200073242 -0.78569298982620239258 -0.5553035736083984375 -0.25164815783500671387 -0.0060630585066974163055 0.19088113307952880859 0.098951213061809539795 0.0098612243309617042542 0.0033060554414987564087 0.052185237407684326172 0.15947590768337249756 0.21182529628276824951 0.13921786844730377197
0.3981132209300994873 -9999 -9999 -9999 -9999 -9999 -9999 -9999 -9999 -9999 -9999 -9999 -9999 -9999 -9999 -9999 -9999 -9999 -9999 -9999 -9999 -9999 -9999 -9999 -9999 -0.85722726583480834961 -1.0533393621444702148 -0.86288332939147949219 -0.66351795196533203125 -0.56023675203323364258 -0.42677703499794006348 -0.23169863224029541016 0.022485867142677307129 0.31272611021995544434 0.57291525602340698242 0.48963505029678344727 0.41769376397132873535 0.41261968016624450684 0.45271003246307373047 0.55804353952407836914 0.6152541041374206543 0.47202989459037780762
0.2257938086986541748 0.31531774997711181641 -9999 -9999 -9999 -9999 -9999 -9999 -9999 -9999 -9999 -9999 -9999 -9999 -9999 -9999 -9999 -9999 -9999 -9999 -9999 -9999 -9999 -9999 -9999 -0.86540514230728149414 -1.0354820489883422852 -0.63220047950744628906 -0.30440637469291687012 -0.15264974534511566162 -0.058892138302326202393 0.12941180169582366943 0.3362636566162109375 0.60111415386199951172 0.88340234756469726563 0.88603478670120239258 0.82620054483413696289 0.82198899984359741211 0.85508447885513305664 0.95252209901809692383 1.0191801786422729492 0.82706159353256225586
-0.16717875003814697266 -0.092740453779697418213 -0.05251302570104598999 -9999 -9999 -9999 -9999 -9999 -9999 -9999 -9999 -9999 -9999 -9999 -9999 -9999 -9999 -9999 -9999 -9999 -9999 -9999 -9999 -9999 -0.90430796146392822266 -1.0405405759811401367 -0.81368476152420043945 -0.49909612536430358887 -0.1312408447265625 0.24462687969207763672 0.32767924666404724121 0.48840889334678649902 0.68106657266616821289 0.90975660085678100586 1.1799510717391967773 1.286627650260925293 1.235032200813293457 1.2313851118087768555 1.2598619461059570313 1.3443223237991333008 1.3835058212280273438 1.1999143362045288086
-0.54550570249557495117 -0.49899896979331970215 -0.43486955761909484863 -9999 -9999 -9999 -9999 -9999 -9999 -9999 -9999 -9999 -9999 -9999 -9999 -9999 -9999 -9999 -9999 -9999 -9999 -9999 -9999 -0.37678313255310058594 -0.66656625270843505859 -0.68593347072601318359 -0.4990679323673248291 -0.23675692081451416016 0.070148378610610961914 0.41443711519241333008 0.56247323751449584961 0.74051994085311889648 0.93826180696487426758 1.0359491109848022461 1.1867570877075195313 1.395592808723449707 1.6440454721450805664 1.6407961845397949219 1.6659991741180419922 1.7402901649475097656 1.7426090240478515625 1.5809834003448486328
-0.92114484310150146484 -0.89580237865447998047 -0.75495678186416625977 -9999 -9999 -9999 -9999 -9999 -9999 -9999 -9999 -9999 -9999 -9999 -9999 -9999 -9999 -9999 -9999 -9999 -9999 -9999 -9999 -0.097325980663299560547 -0.28928855061531066895 -0.51459199190139770508 -0.55693805217742919922 -0.41295272111892700195 -0.11263537406921386719 0.054101895540952682495 0.18744492530822753906 0.39749234914779663086 0.54896783828735351563 0.6475620269775390625 0.82849955558776855469 1.071576237678527832 1.3586539030075073242 1.6762641668319702148 2.0151717662811279297 2.1395795345306396484 2.1136608123779296875 1.9692975282669067383
-0.93179839849472045898 -0.98049455881118774414 -9999 -9999 -9999 -9999 -9999 -9999 -9999 -9999 -9999 -9999 -9999 -9999 -9999 -9999 -9999 -9999 -9999 -9999 -9999 -9999 -9999 -0.13413450121879577637 -0.52460694313049316406 -0.86799466609954833984 -0.96530544757843017578 -0.66879546642303466797 -0.41488173604011535645 -0.34372889995574951172 -0.1718553006649017334 0.029712159186601638794 0.14382727444171905518 0.27121278643608093262 0.49460569024085998535 0.7806313633918762207 1.1053816080093383789 1.4543015956878662109 1.8188259601593017578 2.1669590473175048828 2.4811046123504638672 2.3624415397644042969
-0.52255541086196899414 -0.573253631591796875 -0.45148858428001403809 -9999 -9999 -9999 -9999 -9999 -9999 -9999 -9999 -9999 -9999 -9999 -9999 -9999 -9999 -9999 -9999 -9999 -9999 -9999 -9999 -9999 -0.68810659646987915039 -0.98503077030181884766 -0.88384765386581420898 -0.63378584384918212891 -0.82431334257125854492 -0.72684270143508911133 -0.50145614147186279297 -0.3549022674560546875 -0.25728729367256164551 -0.080079697072505950928 0.20349590480327606201 0.54012674093246459961 0.90364152193069458008 1.2808616161346435547 1.5907976627349853516 1.9042266607284545898 2.1783196926116943359 2.3140637874603271484
-0.22787943482398986816 -0.16414700448513031006 -0.07270221412181854248 -9999 -9999 -9999 -9999 -9999 -9999 -9999 -9999 -9999 -9999 -9999 -9999 -9999 -9999 -9999 -9999 -9999 -9999 -9999 -9999 -9999 -9999 -0.99340021610260009766 -0.72836244106292724609 -0.70441859960556030273 -1.0287195444107055664 -1.075832366943359375 -0.87723368406295776367 -0.73055833578109741211 -0.64430868625640869141 -0.37072864174842834473 -0.010944229550659656525 0.3744411170482635498 0.70204347372055053711 1.0139260292053222656 1.3283677101135253906 1.5994656085968017578 1.8270466327667236328 1.9203233718872070313
-0.27419269084930419922 0.13315251469612121582 -9999 -9999 -9999 -9999 -9999 -9999 -9999 -9999 -9999 -9999 -9999 -9999 -9999 -9999 -9999 -9999 -9999 -0.79878854751586914063 -0.55622452497482299805 -9999 -9999 -9999 -9999 -0.71792107820510864258 -0.42052441835403442383 -0.47194665670394897461 -0.62887245416641235352 -0.84724283218383789063 -0.98176705837249755859 -1.106911778450012207 -0.91709351539611816406 -0.50889229774475097656 -0.14022646844387054443 0.12343491613864898682 0.43865641951560974121 0.75282496213912963867 1.0207142829895019531 1.3180791139602661133 1.4238841533660888672 1.5313264131546020508
-0.13698561489582061768 0.13089136779308319092 -9999 -9999 -9999 -9999 -9999 -9999 -9999 -9999 -9999 -9999 -9999 -9999 -9999 -9999 -9999 -9999 -9999 -1.1141953468322753906 -0.7158679962158203125 -0.37074458599090576172 -9999 -9999 -9999 -0.33771902322769165039 -0.14641490578651428223 -0.11999630182981491089 -0.28655263781547546387 -0.4863185882568359375 -0.61221498250961303711 -0.72851365804672241211 -0.69468551874160766602 -0.68255662918090820313 -0.45442616939544677734 -0.13503329455852508545 0.17565272748470306396 0.44217908382415771484 0.74188953638076782227 0.97016996145248413086 1.0230944156646728516 1.1495015621185302734
-0.38548994064331054688 -9999 -9999 -9999 -9999 -9999 -9999 -9999 -9999 -9999 -9999 -9999 -9999 -9999 -9999 -9999 -9999 -9999 -0.64109843969345092773 -0.97469300031661987305 -0.92472171783447265625 -0.58007895946502685547 -0.43970561027526855469 -0.75138807296752929688 -0.8551813960075378418 -0.54473865032196044922 -0.15802073478698730469 0.24194562435150146484 0.063709169626235961914 -0.10379649698734283447 -0.2349710315465927124 -0.41966524720191955566 -0.82850384712219238281 -1.0274118185043334961 -0.70215278863906860352 -0.39855554699897766113 -0.13594551384449005127 0.16824224591255187988 0.45741564035415649414 0.56100767850875854492 0.6263014674186706543 0.77915620803833007813
-0.7831592559814453125 -9999 -9999 -9999 -9999 -9999 -9999 -9999 -9999 -9999 -9999 -9999 -9999 -9999 -9999 -9999 -9999 -0.49245104193687438965 -0.83054584264755249023 -0.96168482303619384766 -1.1090456247329711914 -0.74259579181671142578 -0.56064087152481079102 -0.96821111440658569336 -0.92754918336868286133 -0.57507234811782836914 -0.17598550021648406982 0.22927500307559967041 0.4290402531623840332 0.29377582669258117676 0.053407281637191772461 -0.32287684082984924316 -0.65231907367706298828 -0.98697465658187866211 -0.96882456541061401367 -0.71498239040374755859 -0.40836897492408752441 -0.11631149798631668091 0.079325191676616668701 0.1520268172025680542 0.23698885738849639893 0.42849209904670715332
-1.094984889030456543 -9999 -9999 -9999 -9999 -9999 -9999 -9999 -9999 -9999 -9999 -9999 -9999 -9999 -9999 -9999 -9999 -0.61910665035247802734 -0.86459916830062866211 -0.96605724096298217773 -1.1195889711380004883 -0.88059687614440917969 -0.8297557830810546875 -0.98668688535690307617 -0.94082581996917724609 -0.54182547330856323242 -0.13570447266101837158 0.27235111594200134277 0.68103456497192382813 0.59245240688323974609 0.24204771220684051514 -0.078768812119960784912 -0.41762202978134155273 -0.72070968151092529297 -0.96704834699630737305 -0.97538912296295166016 -0.67633622884750366211 -0.42719450592994689941 -0.30607420206069946289 -0.25651776790618896484 -0.13601954281330108643 0.11425485461950302124
-0.84186321496963500977 -9999 -9999 -9999 -9999 -9999 -9999 -9999 -9999 -9999 -9999 -9999 -9999 -9999 -9999 -9999 -9999 -0.73685193061828613281 -9999 -1.099239349365234375 -0.84328418970108032227 -1.0441455841064453125 -0.92367768287658691406 -0.9351469874382019043 -0.92444491386413574219 -0.51582360267639160156 -0.10654284060001373291 0.30055755376815795898 0.48059520125389099121 0.42458319664001464844 0.47456046938896179199 0.15285913646221160889 -0.14515388011932373047 -0.38803055882453918457 -0.69706493616104125977 -0.91514444351196289063 -0.96794044971466064453 -0.81192243099212646484 -0.68471086025238037109 -0.66347998380661010742 -0.46473404765129089355 -0.1286732405424118042
-0.53363740444183349609 -0.79890286922454833984 -0.87798887491226196289 -0.97807800769805908203 -1.0605127811431884766 -9999 -9999 -9999 -9999 -9999 -9999 -9999 -9999 -9999 -9999 -9999 -9999 -9999 -9999 -9999 -0.77869844436645507813 -1.0754522085189819336 -0.80399781465530395508 -0.9658673405647277832 -0.90829515457153320313 -0.51850360631942749023 -0.11600098758935928345 0.28459089994430541992 0.090099029242992401123 0.015152741223573684692 0.0821226462721824646 0.27080830931663513184 0.18437807261943817139 -0.12049217522144317627 -0.3937695920467376709 -0.66731089353561401367 -0.92737758159637451172 -1.0385692119598388672 -1.0479512214660644531 -1.0429788827896118164 -0.64803522825241088867 -0.2398958057165145874
-0.22066988050937652588 -0.49568706750869750977 -0.83527904748916625977 -0.89291602373123168945 -1.0577148199081420898 -9999 -9999 -9999 -9999 -9999 -9999 -9999 -9999 -9999 -9999 -9999 -9999 -9999 -9999 -9999 -0.65423160791397094727 -0.87391674518585205078 -1.0942280292510986328 -0.78152459859848022461 -0.71409171819686889648 -0.38198950886726379395 0.0019428161904215812683 -0.020545631647109985352 -0.28233316540718078613 -0.39425972104072570801 -0.29385253787040710449 -0.038171276450157165527 0.22780817747116088867 0.0034516258165240287781 -0.10186165571212768555 -0.35874101519584655762 -0.54977202415466308594 -0.66546589136123657227 -0.89433717727661132813 -0.80686891078948974609 -0.53254008293151855469 -0.17239472270011901855
0.058103270828723907471 -0.25777453184127807617 -0.55802184343338012695 -0.93655741214752197266 -0.93993401527404785156 -9999 -9999 -9999 -9999 -9999 -9999 -9999 -9999 -9999 -9999 -9999 -9999 -9999 -9999 -9999 -0.84588682651519775391 -0.66884940862655639648 -1.0756477117538452148 -0.77258777618408203125 -0.59489464759826660156 -0.35951697826385498047 -0.039071440696716308594 -0.25985509157180786133 -0.59739792346954345703 -0.80358684062957763672 -0.61592185497283935547 -0.2598788142204284668 -0.04854688793420791626 -0.34853008389472961426 -0.50791919231414794922 -0.51549714803695678711 -0.34944307804107666016 -0.32939776778221130371 -0.5028139948844909668 -0.46201375126838684082 -0.23047445714473724365 0.043395280838012695313
