INPUT/RASTER/ASCII_standard/roads.asc
ncols        225
nrows        269
xllcorner    473009.983799999987
yllcorner    4429051.174800000153
cellsize     50.000000000000
NODATA_value  -9999
[rows 90 to 107 of 269, columns 0 to 41 of 225]
-9999 -9999 -9999 -9999 -9999 -9999 -9999 -9999 -9999 -9999 -9999 -9999 -9999 -9999 -9999 -9999 -9999 -9999 -9999 -9999 -9999 -9999 -9999 -9999 -9999 -9999 -9999 -9999 -9999 -9999 -9999 0.39375510811805725098 0.39749160408973693848 0.50701129436492919922 0.23493900895118713379 -0.11176394671201705933 -0.52119177579879760742 -0.93054294586181640625 -0.92085707187652587891 -0.6050726771354675293 -0.54755628108978271484 -0.94769573211669921875
-9999 -9999 -9999 -9999 -9999 -9999 -9999 -9999 -9999 -9999 -9999 -9999 -9999 -9999 -9999 -9999 -9999 -9999 -9999 1.606696009635925293 1.2013798952102661133 0.79780930280685424805 0.3973687589168548584 0.0033789030276238918304 -0.37401428818702697754 -9999 -9999 -0.46471118927001953125 -0.096602126955986022949 0.29424726963043212891 0.12508153915405273438 -0.011297471821308135986 -0.0062140021473169326782 0.13863334059715270996 -0.029471036046743392944 -0.19412195682525634766 -0.45227491855621337891 -0.81825006008148193359 -1.0329416990280151367 -0.88298952579498291016 -0.47779640555381774902 -0.87784081697463989258
-9999 -9999 -9999 -9999 -9999 -9999 -9999 -9999 -9999 -9999 -9999 -9999 -9999 -9999 -9999 -9999 -9999 1.1140313148498535156 1.2184107303619384766 1.3858720064163208008 1.174322962760925293 0.76500087976455688477 0.355747222900390625 -0.053359836339950561523 -0.46205094456672668457 -0.86837404966354370117 -0.98637777566909790039 -0.59878635406494140625 -0.23410204052925109863 0.094315454363822937012 -0.21342284977436065674 -0.41135647892951965332 -0.40347063541412353516 -0.19495515525341033936 -0.35450154542922973633 -0.58289957046508789063 -0.69097006320953369141 -0.98887240886688232422 -1.0001028776168823242 -0.83779412508010864258 -0.44065251946449279785 -0.75584954023361206055
-9999 -9999 -9999 -9999 -9999 -9999 -9999 -9999 -9999 -9999 -9999 -9999 -9999 -9999 -9999 0.72452217340469360352 0.67227625846862792969 0.71182966232299804688 0.83765578269958496094 1.0347667932510375977 1.2022745609283447266 0.79628640413284301758 0.39215120673179626465 -0.0081275347620248794556 -0.39819866418838500977 -0.75889611244201660156 -1.0476050376892089844 -0.77179664373397827148 -0.44162076711654663086 -0.12174577265977859497 -0.46652838587760925293 -0.78843194246292114258 -0.77215117216110229492 -0.44124597311019897461 -0.64364707469940185547 -0.93352335691452026367 -1.0728862285614013672 -1.0122053623199462891 -1.0963106155395507813 -0.73469388484954833984 -0.36072990298271179199 -0.4474252164363861084
-9999 -9999 -9999 -9999 -9999 -9999 -9999 -9999 -9999 -9999 -9999 -9999 -9999 0.74585491418838500977 0.50015646219253540039 0.32986205816268920898 0.26289653778076171875 0.31370535492897033691 0.47111913561820983887 0.70795637369155883789 0.99786686897277832031 0.8956534266471862793 0.51457196474075317383 0.14883352816104888916 -0.18897394835948944092 -0.54932808876037597656 -0.90290665626525878906 -1.0020253658294677734 -0.69811320304870605469 -0.38276877999305725098 -0.51734912395477294922 -0.90221494436264038086 -0.95383501052856445313 -0.58140236139297485352 -0.80122053623199462891 -1.0488947629928588867 -0.77647835016250610352 -1.0149199962615966797 -0.85713726282119750977 -0.53688037395477294922 -0.23310410976409912109 -0.30837550759315490723
-9999 -9999 -9999 -9999 -9999 -9999 -9999 -9999 -9999 -9999 -9999 1.1666121482849121094 0.80456727743148803711 0.46560043096542358398 0.16791287064552307129 -0.053699705749750137329 -0.14642739295959472656 -0.075714960694313049316 0.13125273585319519043 0.42087084054946899414 0.75544005632400512695 1.0630731582641601563 0.71527910232543945313 0.36055105924606323242 0.012013417668640613556 -0.33975338935852050781 -0.68727380037307739258 -0.96655100584030151367 -0.91496729850769042969 -0.50688356161117553711 -0.39560884237289428711 -0.7625992894172668457 -0.97375762462615966797 -0.75779521465301513672 -0.7371895909309387207 -1.0932075977325439453 -0.70840787887573242188 -1.0310451984405517578 -0.87772762775421142578 -0.49472576379776000977 -0.62192952632904052734 -0.71664178371429443359
-9999 -9999 -9999 -9999 -9999 -9999 -9999 -9999 -9999 -9999 1.4202560186386108398 1.0232940912246704102 0.63205319643020629883 0.25140094757080078125 -0.10678263008594512939 -0.40826040506362915039 -0.55557674169540405273 -0.4415124356746673584 -0.15369780361652374268 0.18129836022853851318 0.5139515995979309082 0.85885733366012573242 0.92633706331253051758 0.56913715600967407227 0.21790900826454162598 -0.12532249093055725098 -0.52589756250381469727 -0.92257064580917358398 -0.97864902019500732422 -0.65437233448028564453 -0.32421627640724182129 -0.58643752336502075195 -0.96584624052047729492 -0.88495266437530517578 -0.75587850809097290039 -1.081709742546081543 -0.6956297755241394043 -0.95127576589584350586 -0.89336317777633666992 -0.75577336549758911133 -0.98404037952423095703 -1.1043863296508789063
-9999 -9999 -9999 -9999 -9999 -9999 -9999 -9999 -9999 -9999 1.3602315187454223633 0.95185869932174682617 0.54401028156280517578 0.13719263672828674316 -0.26713609695434570313 -0.66248112916946411133 -0.96326553821563720703 -0.71798461675643920898 -0.3921019434928894043 -0.047672715038061141968 0.29730486869812011719 0.6628265380859375 1.0429762601852416992 0.76240682601928710938 0.37113496661186218262 -0.010099670849740505219 -0.37237790226936340332 -0.6998685002326965332 -1.0104128122329711914 -0.88272398710250854492 -0.54687869548797607422 -0.51440840959548950195 -0.87782329320907592773 -1.0752505064010620117 -0.84917503595352172852 -1.0024324655532836914 -0.88314455747604370117 -1.0589402914047241211 -0.85012465715408325195 -1.0128588676452636719 -0.92564314603805541992 -0.73301291465759277344
-9999 -9999 -9999 -9999 -9999 -9999 -9999 -9999 -9999 -9999 1.3667815923690795898 0.95968890190124511719 0.553737640380859375 0.15001395344734191895 -0.24841836094856262207 -0.62879234552383422852 -0.96936941146850585938 -0.96231901645660400391 -0.61710304021835327148 -0.25102177262306213379 0.13870181143283843994 0.53719633817672729492 0.93914735317230224609 0.90465915203094482422 0.54180586338043212891 0.19308955967426300049 -0.12810532748699188232 -0.50211536884307861328 -0.89496630430221557617 -1.0315252542495727539 -0.92324167490005493164 -0.86526507139205932617 -0.7001628875732421875 -0.86714392900466918945 -1.0835835933685302734 -1.0005551576614379883 -0.95548570156097412109 -1.0828279256820678711 -1.0081957578659057617 -1.0140855312347412109 -0.65647262334823608398 -0.34691482782363891602
-9999 -9999 -9999 -9999 -9999 -9999 -9999 -9999 -9999 -9999 1.4393974542617797852 1.0459293127059936523 0.65964233875274658203 0.28642109036445617676 -0.065091066062450408936 -0.3954626917839050293 -0.72443222999572753906 -1.0743374824523925781 -0.72526198625564575195 -0.3177471458911895752 0.089655198156833648682 0.49783736467361450195 0.90652710199356079102 1.1018533706665039063 0.76492202281951904297 0.39917558431625366211 0.015969809144735336304 -0.34525388479232788086 -0.65873330831527709961 -0.83352047204971313477 -0.90221333503723144531 -1.0072530508041381836 -1.0437786579132080078 -0.72413372993469238281 -0.91352784633636474609 -0.82294362783432006836 -0.80880540609359741211 -0.95723146200180053711 -0.99219381809234619141 -0.86000418663024902344 -0.47637057304382324219 -0.57573026418685913086
-9999 -9999 -9999 -9999 -9999 -9999 -9999 -9999 -9999 -9999 1.561855316162109375 1.192694544792175293 0.83952033519744873047 0.5032208561897277832 0.11075329035520553589 -0.29687207937240600586 -0.70473158359527587891 -1.0892452001571655273 -0.74368721246719360352 -0.33518365025520324707 0.0096258120611310005188 0.3584423363208770752 0.73210608959197998047 1.1182652711868286133 0.93099802732467651367 0.56718611717224121094 0.22440294921398162842 -0.079830288887023925781 -0.31215846538543701172 -0.43317312002182006836 -0.50366699695587158203 -0.78632348775863647461 -1.0765564441680908203 -0.72512733936309814453 -0.51120269298553466797 -0.42643108963966369629 -0.7661063075065612793 -1.040500640869140625 -1.0692750215530395508 -0.83002442121505737305 -0.80038994550704956055 -0.97618263959884643555
-9999 -9999 -9999 -9999 -9999 -9999 -9999 -9999 -9999 -9999 1.3126618862152099609 1.0327275991439819336 0.64806807041168212891 0.27745831012725830078 -0.064348839223384857178 -0.33911225199699401855 -0.65215498208999633789 -1.0227706432342529297 -0.88634759187698364258 -0.55697393417358398438 -0.17619536817073822021 0.22144430875778198242 0.6245219111442565918 1.029996037483215332 0.99217998981475830078 0.7918160557746887207 0.49913874268531799316 0.24386903643608093262 0.060923714190721511841 -0.26293554902076721191 -0.5021902918815612793 -0.67428350448608398438 -0.97263038158416748047 -0.90164625644683837891 -0.54132753610610961914 -0.48440605401992797852 -0.86319893598556518555 -1.0343648195266723633 -0.92855226993560791016 -1.0153520107269287109 -0.97783666849136352539 -0.95686483383178710938
-9999 -9999 -9999 -9999 -9999 -9999 -9999 -9999 -9999 -9999 -9999 0.73361760377883911133 0.47112274169921875 0.13401432335376739502 -0.26199746131896972656 -0.63661205768585205078 -0.86814695596694946289 -0.80004084110260009766 -0.96155267953872680664 -0.60607790946960449219 -0.20487524569034576416 0.20135445892810821533 0.60909307003021240234 0.826953887939453125 0.65140479803085327148 0.43802726268768310547 0.21676956117153167725 0.0074393814429640769958 -0.13491371273994445801 -0.4909216761589050293 -0.8419730067253112793 -1.0476474761962890625 -1.0400562286376953125 -0.92229288816452026367 -0.55906569957733154297 -0.52849555015563964844 -0.93476903438568115234 -1.0313528776168823242 -0.82567125558853149414 -0.64062929153442382813 -0.61668705940246582031 -0.60174691677093505859
-9999 -9999 -9999 -9999 -9999 -9999 -9999 -9999 -9999 -9999 -9999 0.43107962608337402344 0.15457424521446228027 -0.093797802925109863281 -0.37965023517608642578 -0.77047616243362426758 -1.0925126075744628906 -0.70630288124084472656 -0.57384181022644042969 -0.38460165262222290039 -0.063664972782135009766 0.30309584736824035645 0.6754181981086730957 0.45629593729972839355 0.29278108477592468262 0.08052549511194229126 -0.10262468457221984863 -0.35372170805931091309 -0.51633077859878540039 -0.63777065277099609375 -0.90514773130416870117 -0.97719335556030273438 -0.65341764688491821289 -0.57989329099655151367 -0.34334424138069152832 -0.39416292309761047363 -0.70527660846710205078 -0.93420952558517456055 -0.98245042562484741211 -0.59364658594131469727 -0.22797314822673797607 -0.20479632914066314697
-9999 -9999 -9999 -9999 -9999 -9999 -9999 -9999 -9999 -9999 -9999 0.12723699212074279785 -0.14582206308841705322 -0.42446669936180114746 -0.66571629047393798828 -0.95869100093841552734 -0.96809357404708862305 -0.58133524656295776367 -0.19553817808628082275 -0.047453921288251876831 0.19417777657508850098 0.46597766876220703125 0.3239625096321105957 0.10265795141458511353 -0.08467372506856918335 -0.24745929241180419922 -0.47688636183738708496 -0.66924142837524414063 -0.90265703201293945313 -1.0204620361328125 -1.0995707511901855469 -0.83586204051971435547 -0.48107486963272094727 -0.19392265379428863525 -0.023681331425905227661 -0.12805791199207305908 -0.36645725369453430176 -0.73708653450012207031 -1.0274817943572998047 -0.75808608531951904297 -0.369205474853515625 0.026044908910989761353
-9999 -9999 -9999 -9999 -9999 -9999 -9999 -9999 -9999 -9999 0.11342378705739974976 -0.18772442638874053955 -0.42991349101066589355 -0.71669346094131469727 -1.0034722089767456055 -0.96362203359603881836 -0.72338050603866577148 -0.41445982456207275391 -0.05694249272346496582 0.31992852687835693359 0.27046769857406616211 0.084701552987098693848 -0.065638482570648193359 -0.20382688939571380615 -0.45923161506652832031 -0.62204855680465698242 -0.81818246841430664063 -0.99470114707946777344 -0.99667757749557495117 -0.83031737804412841797 -0.72382664680480957031 -0.56369370222091674805 -0.27235507965087890625 0.078164249658584594727 0.3356157839298248291 0.17244704067707061768 -0.20562946796417236328 -0.60916602611541748047 -1.0114830732345581055 -0.82757890224456787109 -0.42013207077980041504 -0.011224874295294284821
-9999 -9999 -9999 -9999 -9999 -9999 -9999 -9999 -9999 -9999 -0.096344724297523498535 -0.4591197669506072998 -0.76575273275375366211 -0.91689169406890869141 -0.92212158441543579102 -0.67854541540145874023 -0.41624954342842102051 -0.14433699846267700195 0.15865483880043029785 0.21897710859775543213 -0.063821665942668914795 -0.28753170371055603027 -0.44791904091835021973 -0.56356626749038696289 -0.77844858169555664063 -0.9834963679313659668 -1.1054979562759399414 -0.86535423994064331055 -0.70465081930160522461 -0.44138187170028686523 -0.3279450535774230957 -0.21052674949169158936 0.010295561514794826508 0.30358451604843139648 0.40509048104286193848 0.13549451529979705811 -0.23821850121021270752 -0.63031089305877685547 -1.0332790613174438477 -0.81377530097961425781 -0.40493351221084594727 -0.10302128642797470093
-9999 -9999 -9999 -9999 -9999 -9999 -9999 -9999 -9999 -9999 -0.19743296504020690918 -0.60472524166107177734 -1.0060737133026123047 -0.91189587116241455078 -0.62746340036392211914 -0.36492919921875 -0.099508166313171386719 0.15908968448638916016 0.29232224822044372559 -0.035043574869632720947 -0.35892814397811889648 -0.63720595836639404297 -0.82496547698974609375 -0.96969133615493774414 -1.017300724983215332 -0.97682565450668334961 -0.74781578779220581055 -0.57588160037994384766 -0.34778425097465515137 -0.13085398077964782715 0.069538734853267669678 0.17089188098907470703 0.34432801604270935059 0.27706196904182434082 0.091633327305316925049 -0.17012582719326019287 -0.42751243710517883301 -0.77247101068496704102 -1.085383296012878418 -0.71667730808258056641 -0.65299409627914428711 -0.42728638648986816406
