INPUT/RASTER/ASCII_standard/sand.asc
ncols        225
nrows        269
xllcorner    473009.983799999987
yllcorner    4429051.174800000153
cellsize     50.000000000000
NODATA_value  -9999
[rows 216 to 233 of 269, columns 120 to 159 of 225]
0.40649688243865966797 0.43085005879402160645 0.44418826699256896973 0.41337823867797851563 0.38256877660751342773 0.35175877809524536133 0.32094931602478027344 0.29444497823715209961 0.28519681096076965332 0.27594923973083496094 0.26670110225677490234 0.25745350122451782227 0.25132736563682556152 0.25771549344062805176 0.26410362124443054199 0.27049174904823303223 0.27687931060791015625 0.28046327829360961914 0.27280768752098083496 0.26515153050422668457 0.25749596953392028809 0.24983982741832733154 0.24441751837730407715 0.24794562160968780518 0.2514737248420715332 0.25500181317329406738 0.25852993130683898926 0.25847128033638000488 0.24403432011604309082 0.22959735989570617676 0.2151603996753692627 0.20072343945503234863 0.19158701598644256592 0.20369461178779602051 0.21580222249031066895 0.22790983319282531738 0.24001744389533996582 0.25204685330390930176 0.26376175880432128906 0.27547609806060791016
0.46366098523139953613 0.49855715036392211914 0.51834547519683837891 0.47757789492607116699 0.43681085109710693359 0.39604327082633972168 0.35527625679969787598 0.31975001096725463867 0.30523094534873962402 0.29071131348609924316 0.2761916816234588623 0.26167258620262145996 0.2517954707145690918 0.26052635908126831055 0.2692572474479675293 0.27798810601234436035 0.2867189943790435791 0.29252898693084716797 0.28663018345832824707 0.28073137998580932617 0.27483317255973815918 0.26893436908721923828 0.26480129361152648926 0.2677434384822845459 0.27068611979484558105 0.2736282646656036377 0.27657094597816467285 0.27428907155990600586 0.25106593966484069824 0.22784279286861419678 0.20462021231651306152 0.18139706552028656006 0.1668662726879119873 0.18717409670352935791 0.20748247206211090088 0.22779029607772827148 0.24809810519218444824 0.26669049263000488281 0.27840483188629150391 0.29011973738670349121
0.44842076301574707031 0.47212541103363037109 0.4846229255199432373 0.45220080018043518066 0.41977921128273010254 0.38735765218734741211 0.35493606328964233398 0.32709220051765441895 0.31759661436080932617 0.3081009984016418457 0.29860541224479675293 0.28910979628562927246 0.28280770778656005859 0.28930586576461791992 0.29580402374267578125 0.30230221152305603027 0.3088003695011138916 0.31340208649635314941 0.31040465831756591797 0.30740723013877868652 0.30440980195999145508 0.30141234397888183594 0.29845625162124633789 0.29566493630409240723 0.29287418723106384277 0.29008287191390991211 0.28729212284088134766 0.28072300553321838379 0.25900921225547790527 0.23729595541954040527 0.21558213233947753906 0.19386889040470123291 0.18012793362140655518 0.19834046065807342529 0.21655353903770446777 0.23476606607437133789 0.25297912955284118652 0.27069395780563354492 0.28641232848167419434 0.30213069915771484375
0.43143826723098754883 0.4434280097484588623 0.44830456376075744629 0.4246686398983001709 0.40103322267532348633 0.37739729881286621094 0.35376191139221191406 0.33400207757949829102 0.32977795600891113281 0.32555440068244934082 0.32133027911186218262 0.31710615754127502441 0.31455504894256591797 0.31871044635772705078 0.32286587357521057129 0.32702070474624633789 0.3311761319637298584 0.33448749780654907227 0.33441877365112304688 0.33435007929801940918 0.33428135514259338379 0.33421266078948974609 0.33243072032928466797 0.3237819671630859375 0.31513375043869018555 0.30648553371429443359 0.29783731698989868164 0.2869307100772857666 0.26697480678558349609 0.24701833724975585938 0.22706243395805358887 0.207105979323387146 0.19430346786975860596 0.21017323434352874756 0.22604300081729888916 0.24191275238990783691 0.25778251886367797852 0.27444103360176086426 0.29425951838493347168 0.3140780031681060791
0.41445577144622802734 0.41473117470741271973 0.41198623180389404297 0.39713644981384277344 0.3822866976261138916 0.36743748188018798828 0.35258772969245910645 0.34091192483901977539 0.34195986390113830566 0.34300720691680908203 0.3440551459789276123 0.34510251879692077637 0.34630295634269714355 0.34811502695083618164 0.34992712736129760742 0.3517392277717590332 0.3535518646240234375 0.35557344555854797363 0.35843288898468017578 0.36129292845726013184 0.3641529381275177002 0.36701241135597229004 0.36640465259552001953 0.35189896821975708008 0.33739331364631652832 0.32288765907287597656 0.30838197469711303711 0.29313895106315612793 0.2749398648738861084 0.25674074888229370117 0.23854218423366546631 0.22034306824207305908 0.20847900211811065674 0.22200600802898406982 0.23553246259689331055 0.24905945360660552979 0.26258647441864013672 0.27818864583969116211 0.30210724472999572754 0.32602584362030029297
0.39747330546379089355 0.38603377342224121094 0.37566787004470825195 0.36960428953170776367 0.36354070901870727539 0.35747712850570678711 0.35141354799270629883 0.34782233834266662598 0.3541412055492401123 0.36046060919761657715 0.36677947640419006348 0.37309888005256652832 0.37805029749870300293 0.3775196373462677002 0.37698894739151000977 0.37645828723907470703 0.3759276270866394043 0.37665882706642150879 0.38244700431823730469 0.38823577761650085449 0.39402395486831665039 0.3998126983642578125 0.40037912130355834961 0.38001599907875061035 0.3596534430980682373 0.33929032087326049805 0.31892719864845275879 0.29934722185134887695 0.28290545940399169922 0.26646369695663452148 0.25002193450927734375 0.23357959091663360596 0.22265453636646270752 0.23383823037147521973 0.2450224757194519043 0.25620615482330322266 0.26739040017127990723 0.28193572163581848145 0.30995500087738037109 0.33797368407249450684
0.38049080967903137207 0.35733693838119506836 0.33935007452964782715 0.34207212924957275391 0.34479418396949768066 0.34751677513122558594 0.3502388298511505127 0.35473218560218811035 0.36632308363914489746 0.37791344523429870605 0.38950434327125549316 0.40109467506408691406 0.4097976386547088623 0.40692421793937683105 0.40405023097991943359 0.40117681026458740234 0.3983033597469329834 0.39774420857429504395 0.40646111965179443359 0.41517859697341918945 0.4238955378532409668 0.43261244893074035645 0.43435359001159667969 0.40813300013542175293 0.38191300630569458008 0.35569241642951965332 0.32947239279747009277 0.30555492639541625977 0.29087048768997192383 0.27618607878684997559 0.26150166988372802734 0.24681669473648071289 0.23682951927185058594 0.24567100405693054199 0.25451192259788513184 0.26335287094116210938 0.27219435572624206543 0.28568336367607116699 0.31780216097831726074 0.34992098808288574219
0.40743142366409301758 0.38629016280174255371 0.36881276965141296387 0.36602202057838439941 0.36323070526123046875 0.3604399263858795166 0.35764864087104797363 0.35649791359901428223 0.36192077398300170898 0.36734363436698913574 0.3727665245532989502 0.37818938493728637695 0.38285869359970092773 0.38450601696968078613 0.38615274429321289063 0.38780006766319274902 0.38944736123085021973 0.39263415336608886719 0.40199178457260131836 0.41134998202323913574 0.42070761322975158691 0.4300658106803894043 0.43263480067253112793 0.40799281001091003418 0.38335025310516357422 0.35870829224586486816 0.33406630158424377441 0.31233462691307067871 0.30226701498031616211 0.29219940304756164551 0.28213179111480712891 0.2720641791820526123 0.26450523734092712402 0.26699939370155334473 0.26949352025985717773 0.27198821306228637695 0.27448236942291259766 0.28234070539474487305 0.31169557571411132813 0.34105101227760314941
0.43542888760566711426 0.4166304171085357666 0.3998585045337677002 0.39121028780937194824 0.38256207108497619629 0.37391331791877746582 0.36526510119438171387 0.35814020037651062012 0.35712018609046936035 0.35609963536262512207 0.3550796210765838623 0.35405963659286499023 0.35450762510299682617 0.36084043979644775391 0.36717382073402404785 0.37350666522979736328 0.37983947992324829102 0.38689345121383666992 0.39683705568313598633 0.40678119659423828125 0.41672480106353759766 0.42666840553283691406 0.4300568699836730957 0.40717223286628723145 0.38428702950477600098 0.36140239238739013672 0.33851721882820129395 0.31912717223167419434 0.31374564766883850098 0.30836409330368041992 0.30298256874084472656 0.29760047793388366699 0.29250496625900268555 0.28855621814727783203 0.28460749983787536621 0.2806593477725982666 0.27671059966087341309 0.27882713079452514648 0.30525383353233337402 0.33168053627014160156
0.46342581510543823242 0.4469706416130065918 0.43090423941612243652 0.41639858484268188477 0.40189293026924133301 0.38738724589347839355 0.3728815913200378418 0.3597819209098815918 0.35231903195381164551 0.3448556065559387207 0.33739274740219116211 0.3299293220043182373 0.32615655660629272461 0.33717545866966247559 0.34819436073303222656 0.35921326279640197754 0.37023216485977172852 0.38115331530570983887 0.39168286323547363281 0.40221187472343444824 0.41274145245552062988 0.42327100038528442383 0.42747893929481506348 0.40635165572166442871 0.38522380590438842773 0.36409595608711242676 0.34296810626983642578 0.32592028379440307617 0.32522481679916381836 0.32452881336212158203 0.32383278012275695801 0.32313677668571472168 0.32050523161888122559 0.31011363863945007324 0.29972147941589355469 0.28932988643646240234 0.27893829345703125 0.27531355619430541992 0.29881152510643005371 0.3223094940185546875
0.4914232790470123291 0.47731086611747741699 0.46195000410079956055 0.44158688187599182129 0.42122432589530944824 0.40086120367050170898 0.38049808144569396973 0.36142417788505554199 0.34751790761947631836 0.33361160755157470703 0.3197053074836730957 0.30579957365989685059 0.29780548810958862305 0.31351047754287719727 0.32921487092971801758 0.3449198603630065918 0.3606242835521697998 0.37541258335113525391 0.38652813434600830078 0.39764311909675598145 0.40875807404518127441 0.41987362504005432129 0.42490157485008239746 0.40553107857704162598 0.38616058230400085449 0.36679008603096008301 0.34741958975791931152 0.33271339535713195801 0.33670344948768615723 0.34069350361824035645 0.34468358755111694336 0.34867364168167114258 0.34850549697875976563 0.33167049288749694824 0.31483545899391174316 0.2980009913444519043 0.28116598725318908691 0.27179998159408569336 0.2923692166805267334 0.31293901801109313965
0.51942074298858642578 0.50765109062194824219 0.49299573898315429688 0.46677571535110473633 0.44055515527725219727 0.41433456540107727051 0.38811454176902770996 0.36306646466255187988 0.34271731972694396973 0.32236757874488830566 0.30201843380928039551 0.28166928887367248535 0.2694549858570098877 0.28984546661376953125 0.3102359771728515625 0.33062645792961120605 0.3510169684886932373 0.36967244744300842285 0.38137337565422058105 0.39307433366775512695 0.40477529168128967285 0.41647621989250183105 0.42232364416122436523 0.40471047163009643555 0.38709732890129089355 0.36948364973068237305 0.35187047719955444336 0.33950647711753845215 0.34818208217620849609 0.35685822367668151855 0.3655337989330291748 0.37420994043350219727 0.37650519609451293945 0.35322731733322143555 0.32994943857192993164 0.30667155981063842773 0.28339368104934692383 0.2682864069938659668 0.2859274744987487793 0.30356797575950622559
0.48679473996162414551 0.4602088630199432373 0.43583834171295166016 0.4203478693962097168 0.40485739707946777344 0.38936692476272583008 0.37387588620185852051 0.35761344432830810547 0.33825689554214477539 0.31890037655830383301 0.29954329133033752441 0.28018677234649658203 0.26798921823501586914 0.28448629379272460938 0.3009828031063079834 0.31747984886169433594 0.33397635817527770996 0.34951880574226379395 0.36123314499855041504 0.37294805049896240234 0.38466241955757141113 0.39637732505798339844 0.40258669853210449219 0.38673090934753417969 0.37087455391883850098 0.35501873493194580078 0.33916237950325012207 0.32788431644439697266 0.33495390415191650391 0.34202408790588378906 0.34909427165985107422 0.35616442561149597168 0.35862895846366882324 0.34263518452644348145 0.32664197683334350586 0.31064820289611816406 0.29465442895889282227 0.28422096371650695801 0.2960732877254486084 0.30792561173439025879
0.45270967483520507813 0.41089472174644470215 0.37655884027481079102 0.37219673395156860352 0.36783522367477416992 0.36347368359565734863 0.35911214351654052734 0.35199004411697387695 0.33380487561225891113 0.31561973690986633301 0.29743456840515136719 0.27924942970275878906 0.26717031002044677734 0.27956727147102355957 0.29196366667747497559 0.30436062812805175781 0.31675758957862854004 0.32901769876480102539 0.3407326042652130127 0.352447509765625 0.36416187882423400879 0.37587678432464599609 0.38243696093559265137 0.36833795905113220215 0.35423949360847473145 0.34014049172401428223 0.32604148983955383301 0.31581857800483703613 0.3211314082145690918 0.32644423842430114746 0.33175706863403320313 0.33706989884376525879 0.33964893221855163574 0.33126997947692871094 0.32289043068885803223 0.31451147794723510742 0.30613249540328979492 0.30062362551689147949 0.30661848187446594238 0.31261336803436279297
0.41862514615058898926 0.3615811467170715332 0.31727877259254455566 0.32404616475105285645 0.33081358671188354492 0.33758044242858886719 0.34434786438941955566 0.34636661410331726074 0.32935285568237304688 0.31233909726142883301 0.29532530903816223145 0.27831155061721801758 0.26635196805000305176 0.27464824914932250977 0.28294512629508972168 0.29124140739440917969 0.29953825473785400391 0.30851715803146362305 0.32023206353187561035 0.33194643259048461914 0.34366133809089660645 0.35537624359130859375 0.36228722333908081055 0.34994557499885559082 0.3376038968563079834 0.32526224851608276367 0.31292060017585754395 0.30375343561172485352 0.30730891227722167969 0.31086438894271850586 0.31442043185234069824 0.31797590851783752441 0.32066890597343444824 0.31990417838096618652 0.3191394507884979248 0.31837472319602966309 0.31761056184768676758 0.31702572107315063477 0.31716370582580566406 0.31730112433433532715
0.38454064726829528809 0.31226760149002075195 0.25799927115440368652 0.27589505910873413086 0.29379141330718994141 0.31168776750564575195 0.3295841217041015625 0.34074321389198303223 0.32490083575248718262 0.30905899405479431152 0.29321661591529846191 0.27737420797348022461 0.26553305983543395996 0.26972982287406921387 0.27392598986625671387 0.27812275290489196777 0.28231891989707946777 0.2880166172981262207 0.29973152279853820801 0.3114458918571472168 0.3231607973575592041 0.33487516641616821289 0.34213748574256896973 0.3315531611442565918 0.32096830010414123535 0.31038400530815124512 0.29979968070983886719 0.29168772697448730469 0.29348641633987426758 0.29528453946113586426 0.29708322882652282715 0.29888191819190979004 0.30168884992599487305 0.30853837728500366211 0.31538847088813781738 0.32223856449127197266 0.32908809185028076172 0.33342838287353515625 0.32770833373069763184 0.32198885083198547363
0.35045555233955383301 0.2629534602165222168 0.19871918857097625732 0.22774448990821838379 0.25676977634429931641 0.28579452633857727051 0.31481981277465820313 0.33511981368064880371 0.32044881582260131836 0.30577835440635681152 0.29110735654830932617 0.27643632888793945313 0.26471415162086486816 0.26481080055236816406 0.26490688323974609375 0.26500350236892700195 0.26509958505630493164 0.26751607656478881836 0.27923044562339782715 0.29094535112380981445 0.30266025662422180176 0.31437462568283081055 0.32198774814605712891 0.31316024065017700195 0.30433326959609985352 0.29550573229789733887 0.28667879104614257813 0.27962258458137512207 0.27966335415840148926 0.27970468997955322266 0.27974602580070495605 0.27978736162185668945 0.28270882368087768555 0.2971731722354888916 0.31163749098777770996 0.32610180974006652832 0.34056615829467773438 0.34983104467391967773 0.33825355768203735352 0.32667660713195800781
0.3322620391845703125 0.26041686534881591797 0.20750984549522399902 0.23050451278686523438 0.25349974632263183594 0.27649444341659545898 0.29948911070823669434 0.3154259026050567627 0.30307027697563171387 0.29071465134620666504 0.27835959196090698242 0.26600396633148193359 0.25611567497253417969 0.25611567497253417969 0.25611567497253417969 0.25611567497253417969 0.25611567497253417969 0.25845450162887573242 0.27016943693161010742 0.28188434243202209473 0.29359868168830871582 0.30531361699104309082 0.31282061338424682617 0.30346241593360900879 0.29410478472709655762 0.28474658727645874023 0.27538895606994628906 0.26812773942947387695 0.26927176117897033691 0.27041578292846679688 0.27155977487564086914 0.2727037966251373291 0.27677148580551147461 0.29255858063697814941 0.30834567546844482422 0.32413330674171447754 0.33992040157318115234 0.35067287087440490723 0.34124594926834106445 0.33181962370872497559
