INPUT/RASTER/ASCII_standard/sand.asc
ncols        225
nrows        269
xllcorner    473009.983799999987
yllcorner    4429051.174800000153
cellsize     50.000000000000
NODATA_value  -9999
[rows 90 to 107 of 269, columns 160 to 199 of 225]
-0.24782049655914306641 -0.24782049655914306641 -0.25039619207382202148 -0.26329588890075683594 -0.2761961519718170166 -0.28909584879875183105 -0.30199554562568664551 -0.31676152348518371582 -0.33900544047355651855 -0.36124935746192932129 -0.38349384069442749023 -0.40573775768280029297 -0.42354026436805725098 -0.42354026436805725098 -0.42354026436805725098 -0.42354026436805725098 -0.42354026436805725098 0.030402516946196556091 0.030402516946196556091 0.030402516946196556091 0.030402516946196556091 0.030402516946196556091 0.02429983578622341156 -0.0019777191337198019028 -0.022754203528165817261 -0.039594251662492752075 -0.053518973290920257568 -0.065726570785045623779 -0.079184867441654205322 -0.092642605304718017578 -0.1061008945107460022 -0.11955863237380981445 -0.13241867721080780029 -0.14287897944450378418 -0.15333983302116394043 -0.16380013525485992432 -0.17426098883152008057 -0.18263269960880279541 -0.18263269960880279541 -0.18263269960880279541
-0.24782049655914306641 -0.24782049655914306641 -0.25027945637702941895 -0.26259317994117736816 -0.27490746974945068359 -0.28722175955772399902 -0.29953548312187194824 -0.31394952535629272461 -0.33677941560745239258 -0.35960930585861206055 -0.38243919610977172852 -0.40526908636093139648 -0.42354026436805725098 -0.42354026436805725098 -0.42354026436805725098 -0.42354026436805725098 -0.42354026436805725098 0.030402516946196556091 0.030402516946196556091 0.030402516946196556091 0.030402516946196556091 0.030402516946196556091 0.02517571672797203064 0.00052312290063127875328 -0.021849833428859710693 -0.042245354503393173218 -0.060914251953363418579 -0.077558226883411407471 -0.091601938009262084961 -0.10564564168453216553 -0.11968934535980224609 -0.13373361527919769287 -0.14776335656642913818 -0.16173835098743438721 -0.17571334540843963623 -0.18968833982944488525 -0.20366390049457550049 -0.21484814584255218506 -0.21484814584255218506 -0.21484814584255218506
-0.24782049655914306641 -0.24782049655914306641 -0.2501621246337890625 -0.26189047098159790039 -0.27361878752708435059 -0.2853476405143737793 -0.29707595705986022949 -0.31113755702972412109 -0.3345534205436706543 -0.35796871781349182129 -0.38138458132743835449 -0.4048004150390625 -0.42354026436805725098 -0.42354026436805725098 -0.42354026436805725098 -0.42354026436805725098 -0.42354026436805725098 0.030402516946196556091 0.030402516946196556091 0.030402516946196556091 0.030402516946196556091 0.030402516946196556091 0.025714205577969551086 0.002260361798107624054 -0.021148793399333953857 -0.044514380395412445068 -0.067835278809070587158 -0.089389890432357788086 -0.10401900112628936768 -0.11864867806434631348 -0.13327835500240325928 -0.14790803194046020508 -0.16310858726501464844 -0.18059772253036499023 -0.19808742403984069824 -0.2155771106481552124 -0.23306626081466674805 -0.24706359207630157471 -0.24706359207630157471 -0.24706359207630157471
-0.17486204206943511963 -0.183087959885597229 -0.19033129513263702393 -0.20318965613842010498 -0.21604801714420318604 -0.22890692949295043945 -0.24176529049873352051 -0.255706787109375 -0.27398857474327087402 -0.29226979613304138184 -0.31055158376693725586 -0.32883337140083312988 -0.34346416592597961426 -0.34346416592597961426 -0.34346416592597961426 -0.34346416592597961426 -0.34346416592597961426 0.044701501727104187012 0.044701501727104187012 0.044701501727104187012 0.044701501727104187012 0.044701501727104187012 0.041051622480154037476 0.022769836708903312683 0.0044880495406687259674 -0.013793178834021091461 -0.032074965536594390869 -0.050429370254278182983 -0.069076478481292724609 -0.087723590433597564697 -0.10637070238590240479 -0.12501780688762664795 -0.14207962155342102051 -0.15278793871402740479 -0.16349625587463378906 -0.17420457303524017334 -0.18491289019584655762 -0.19179704785346984863 -0.1813322901725769043 -0.16565300524234771729
-0.1137425154447555542 -0.121441669762134552 -0.12906317412853240967 -0.14309291541576385498 -0.1571232229471206665 -0.17115294933319091797 -0.18518325686454772949 -0.19900967180728912354 -0.21201941370964050293 -0.22502970695495605469 -0.23803944885730743408 -0.25104975700378417969 -0.26146200299263000488 -0.26146200299263000488 -0.26146200299263000488 -0.26146200299263000488 -0.26146200299263000488 0.059345141053199768066 0.059345141053199768066 0.059345141053199768066 0.059345141053199768066 0.059345141053199768066 0.05674710497260093689 0.043737363070249557495 0.030727062374353408813 0.017717320472002029419 0.0047075785696506500244 -0.010246641933917999268 -0.032993860542774200439 -0.055741075426340103149 -0.078488290309906005859 -0.10123550891876220703 -0.12017588317394256592 -0.12385536730289459229 -0.12753485143184661865 -0.13121433556079864502 -0.13489381968975067139 -0.13535410165786743164 -0.12079816311597824097 -0.10144554078578948975
-0.06292743980884552002 -0.06401558220386505127 -0.067795060575008392334 -0.082996733486652374268 -0.098197855055332183838 -0.1133995354175567627 -0.12860120832920074463 -0.14231255650520324707 -0.1500508040189743042 -0.15778906643390655518 -0.16552788019180297852 -0.17326612770557403564 -0.17945930361747741699 -0.17945930361747741699 -0.17945930361747741699 -0.17945930361747741699 -0.17945930361747741699 0.073988221585750579834 0.073988221585750579834 0.073988221585750579834 0.073988221585750579834 0.073988221585750579834 0.072443142533302307129 0.064704887568950653076 0.056966632604598999023 0.049227818846702575684 0.041489563882350921631 0.029935529455542564392 0.0030882037244737148285 -0.02375912107527256012 -0.050606444478034973145 -0.0774537697434425354 -0.098271593451499938965 -0.094922237098217010498 -0.091572888195514678955 -0.088224090635776519775 -0.084874741733074188232 -0.079827249050140380859 -0.066698528826236724854 -0.050984058529138565063
-0.020013164728879928589 -0.010391318239271640778 -0.0065269391052424907684 -0.02289999835193157196 -0.039273057132959365845 -0.055646114051342010498 -0.072019174695014953613 -0.085615441203117370605 -0.088082209229469299316 -0.090548977255821228027 -0.093015745282173156738 -0.095482513308525085449 -0.097456596791744232178 -0.097456596791744232178 -0.097456596791744232178 -0.097456596791744232178 -0.097456596791744232178 0.088631860911846160889 0.088631860911846160889 0.088631860911846160889 0.088631860911846160889 0.088631860911846160889 0.088139176368713378906 0.085672408342361450195 0.083205640316009521484 0.080738879740238189697 0.078271552920341491699 0.070118255913257598877 0.039170823991298675537 0.0082233930006623268127 -0.02272459864616394043 -0.05367203056812286377 -0.076367855072021484375 -0.065989665687084197998 -0.055611480027437210083 -0.045233294367790222168 -0.034855104982852935791 -0.025194717571139335632 -0.018059190362691879272 -0.010281832888722419739
0.016709608957171440125 0.039797570556402206421 0.05474117770791053772 0.037196740508079528809 0.01965174451470375061 0.0021073061507195234299 -0.015437131747603416443 -0.028918329626321792603 -0.026113610714673995972 -0.023308333009481430054 -0.020503614097833633423 -0.017698893323540687561 -0.015453889966011047363 -0.015453889966011047363 -0.015453889966011047363 -0.015453889966011047363 -0.015453889966011047363 0.10327494144439697266 0.10327494144439697266 0.10327494144439697266 0.10327494144439697266 0.10327494144439697266 0.10383521765470504761 0.10663993656635284424 0.10944465547800064087 0.1122493743896484375 0.11505409330129623413 0.11030042916536331177 0.075252890586853027344 0.040205348283052444458 0.005157808307558298111 -0.029889730736613273621 -0.05446356162428855896 -0.037056539207696914673 -0.019650075584650039673 -0.0022430531680583953857 0.015163970179855823517 0.028564728796482086182 0.025906922295689582825 0.023243527859449386597
0.035356160253286361694 0.053637389093637466431 0.063617855310440063477 0.040326006710529327393 0.017034713178873062134 -0.0062571363523602485657 -0.029548985883593559265 -0.04817598685622215271 -0.048107281327247619629 -0.048038572072982788086 -0.047969307750463485718 -0.047900598496198654175 -0.048749107867479324341 -0.054356314241886138916 -0.062757626175880432129 -0.076733738183975219727 -0.10459044575691223145 -0.11167011409997940063 0.0099433148279786109924 0.060295876115560531616 0.087829157710075378418 0.10518981516361236572 0.11495801806449890137 0.11445471644401550293 0.11395142227411270142 0.1134481281042098999 0.11294538527727127075 0.10632432997226715088 0.075184181332588195801 0.044044032692909240723 0.012903883121907711029 -0.018236264586448669434 -0.040905836969614028931 -0.029625514522194862366 -0.018345192074775695801 -0.0070648686960339546204 0.0042154537513852119446 0.012658658437430858612 0.0097299311310052871704 0.0068012028932571411133
0.053632363677024841309 0.06664266437292098999 0.071234337985515594482 0.042085029184818267822 0.012936281971633434296 -0.016213024035096168518 -0.04536177217960357666 -0.069261379539966583252 -0.072121396660804748535 -0.074980854988098144531 -0.077840879559516906738 -0.080700896680355072021 -0.08423458784818649292 -0.091528758406639099121 -0.10122713446617126465 -0.11475133895874023438 -0.13492342829704284668 -0.13266110420227050781 -0.032649762928485870361 0.030782921239733695984 0.074601560831069946289 0.10668630152940750122 0.12597076594829559326 0.1219533383846282959 0.11793534457683563232 0.11391790956258773804 0.10990047454833984375 0.1012857779860496521 0.074245736002922058105 0.047205694019794464111 0.020165653899312019348 -0.0068743871524930000305 -0.027549207210540771484 -0.022711750119924545288 -0.017874851822853088379 -0.013037395663559436798 -0.0081999395042657852173 -0.0049137091264128684998 -0.0078418785706162452698 -0.010770605877041816711
0.071909122169017791748 0.079647377133369445801 0.078850813210010528564 0.043844614177942276001 0.0088378507643938064575 -0.026168353855609893799 -0.061174556612968444824 -0.090346768498420715332 -0.096135511994361877441 -0.10192370414733886719 -0.10771245509386062622 -0.11350063979625701904 -0.11914415657520294189 -0.12475024163722991943 -0.13146011531352996826 -0.13963630795478820801 -0.14981731772422790527 -0.1404686272144317627 -0.056540429592132568359 0.0098193064332008361816 0.06360445171594619751 0.1080794408917427063 0.136983528733253479 0.12945139408111572266 0.1219198182225227356 0.11438768357038497925 0.10685555636882781982 0.09624722599983215332 0.07330729067325592041 0.050367359071969985962 0.027427425608038902283 0.004487491212785243988 -0.014192576520144939423 -0.01579798571765422821 -0.017403954640030860901 -0.019009923562407493591 -0.020615333691239356995 -0.02248551882803440094 -0.025414247065782546997 -0.028342973440885543823
0.0901853218674659729 0.092652648687362670898 0.08646729588508605957 0.045603636652231216431 0.004739977419376373291 -0.036123681813478469849 -0.076987899839878082275 -0.1114327162504196167 -0.12014962732791900635 -0.12886655330657958984 -0.1375840306282043457 -0.14630094170570373535 -0.15349121391773223877 -0.15461845695972442627 -0.15584681928157806396 -0.15719136595726013184 -0.15866829454898834229 -0.14454415440559387207 -0.071829810738563537598 -0.0058398642577230930328 0.054316643625497817993 0.10938097536563873291 0.1479962766170501709 0.13695001602172851563 0.1259037405252456665 0.11485746502876281738 0.10381119698286056519 0.091208674013614654541 0.072368845343589782715 0.053529020398855209351 0.034689195454120635986 0.015849368646740913391 -0.00083538686158135533333 -0.0088842213153839111328 -0.016933614388108253479 -0.024982450529932975769 -0.033031284809112548828 -0.040057327598333358765 -0.042986053973436355591 -0.045914784073829650879
0.10846208035945892334 0.10565736144781112671 0.094083778560161590576 0.047362662851810455322 0.00064154557185247540474 -0.046079568564891815186 -0.092800684273242950439 -0.13251809775829315186 -0.14416374266147613525 -0.15580938756465911865 -0.16745503246784210205 -0.1791006922721862793 -0.18728972971439361572 -0.18161717057228088379 -0.17593343555927276611 -0.17023909091949462891 -0.16453413665294647217 -0.14704778790473937988 -0.082453779876232147217 -0.017981544137001037598 0.0463694743812084198 0.11059927940368652344 0.15900903940200805664 0.14444862306118011475 0.12988765537738800049 0.11532724648714065552 0.10076627880334854126 0.086170122027397155762 0.07143040001392364502 0.056690685451030731201 0.041950967162847518921 0.02721124701201915741 0.012521243654191493988 -0.0019710159394890069962 -0.016462717205286026001 -0.03095441870391368866 -0.045446678996086120605 -0.057629697024822235107 -0.060558423399925231934 -0.063486590981483459473
0.090473562479019165039 0.089832849800586700439 0.080305963754653930664 0.035162884742021560669 -0.0099796317517757415771 -0.055122151970863342285 -0.10026522725820541382 -0.13770523667335510254 -0.14427211880683898926 -0.15083898603916168213 -0.15740586817264556885 -0.16397273540496826172 -0.1688582301139831543 -0.1670042574405670166 -0.16515082120895385742 -0.16329739987850189209 -0.16144396364688873291 -0.14789462089538574219 -0.087467752397060394287 -0.027041440829634666443 0.033385429531335830688 0.093812294304370880127 0.13959161937236785889 0.12666454911231994629 0.1137369200587272644 0.10080984979867935181 0.087882220745086669922 0.074497662484645843506 0.059282578527927398682 0.044067494571208953857 0.028851848095655441284 0.013636763207614421844 -0.0013498553307726979256 -0.015421491116285324097 -0.029492568224668502808 -0.043564204126596450806 -0.057635281234979629517 -0.069000512361526489258 -0.069545701146125793457 -0.070137813687324523926
0.071611948311328887939 0.073313996195793151855 0.066013678908348083496 0.022627953439950942993 -0.020757775753736495972 -0.064142942428588867188 -0.10752867162227630615 -0.14250974357128143311 -0.14380513131618499756 -0.1450999528169631958 -0.14639534056186676025 -0.14769072830677032471 -0.14917604625225067139 -0.15142272412776947021 -0.15366940200328826904 -0.15591552853584289551 -0.15816220641136169434 -0.14871352910995483398 -0.092386767268180847168 -0.03606000170111656189 0.02026620134711265564 0.076592966914176940918 0.11944188177585601807 0.10827215760946273804 0.097101882100105285645 0.085931599140167236328 0.074761323630809783936 0.062666565179824829102 0.046865507960319519043 0.031064454466104507446 0.015263400040566921234 -0.00053765426855534315109 -0.015876188874244689941 -0.029361857101321220398 -0.042847521603107452393 -0.05633319169282913208 -0.069818854331970214844 -0.080402605235576629639 -0.079247429966926574707 -0.077871046960353851318
0.052750896662473678589 0.056795701384544372559 0.051720838993787765503 0.010092460550367832184 -0.031535360962152481079 -0.073163740336894989014 -0.11479212343692779541 -0.14731423556804656982 -0.14333814382553100586 -0.13936148583889007568 -0.13538537919521331787 -0.13140928745269775391 -0.12949384748935699463 -0.13584063947200775146 -0.1421874314546585083 -0.14853422343730926514 -0.15488100051879882813 -0.14953187108039855957 -0.097305215895175933838 -0.045079119503498077393 0.0071475333534181118011 0.059373628348112106323 0.099292702972888946533 0.089879214763641357422 0.080466277897357940674 0.07105334848165512085 0.061640419065952301025 0.050834905356168746948 0.034447882324457168579 0.018061416223645210266 0.0016743928426876664162 -0.014712071977555751801 -0.030402524396777153015 -0.043302781879901885986 -0.056202478706836700439 -0.069102175533771514893 -0.082001872360706329346 -0.091991275548934936523 -0.090035066008567810059 -0.087447643280029296875
0.033889282494783401489 0.040277406573295593262 0.037428557872772216797 -0.0024424726143479347229 -0.042313504964113235474 -0.08218453824520111084 -0.12205556780099868774 -0.15211874246597290039 -0.14287115633487701416 -0.13362300395965576172 -0.12437542527914047241 -0.11512728035449981689 -0.10981222242116928101 -0.120259113609790802 -0.13070601224899291992 -0.14115290343761444092 -0.15159924328327178955 -0.15035077929496765137 -0.10222423076629638672 -0.05409768223762512207 -0.0059716929681599140167 0.042154856026172637939 0.079142965376377105713 0.07148682326078414917 0.063831239938735961914 0.056175097823143005371 0.048519518226385116577 0.039003245532512664795 0.02203081175684928894 0.0050583779811859130859 -0.011914055794477462769 -0.028886489570140838623 -0.044928859919309616089 -0.057243146002292633057 -0.069557435810565948486 -0.081871159374713897705 -0.094185449182987213135 -0.10377098619937896729 -0.10210189968347549438 -0.099616132676601409912
0.015028230845928192139 0.023759113624691963196 0.023136276751756668091 -0.014977964572608470917 -0.053091648966073989868 -0.091205328702926635742 -0.12931901216506958008 -0.15692380070686340332 -0.14240416884422302246 -0.1278845369815826416 -0.11336546391248703003 -0.09884583204984664917 -0.090130031108856201172 -0.10467702895402908325 -0.11922403424978256226 -0.13377103209495544434 -0.14831803739070892334 -0.15116912126541137695 -0.10714323818683624268 -0.063116803765296936035 -0.019090361893177032471 0.024935519322752952576 0.058993224054574966431 0.053094431757926940918 0.047195639461278915405 0.04129740595817565918 0.035398613661527633667 0.027171587571501731873 0.0096137421205639839172 -0.0079446602612733840942 -0.025503063574433326721 -0.043061465024948120117 -0.059455193579196929932 -0.071184068918228149414 -0.082912385463714599609 -0.094640709459781646729 -0.10636902600526809692 -0.11574676632881164551 -0.11569034308195114136 -0.11559482663869857788
