INPUT/RASTER/ASCII_standard/sand.asc
ncols        225
nrows        269
xllcorner    473009.983799999987
yllcorner    4429051.174800000153
cellsize     50.000000000000
NODATA_value  -9999
[rows 180 to 197 of 269, columns 0 to 39 of 225]
0.22948227822780609131 0.22948227822780609131 0.22891139984130859375 0.22605137526988983154 0.22319191694259643555 0.22033189237117767334 0.21747186779975891113 0.21713280677795410156 0.22689765691757202148 0.23666249215602874756 0.24642734229564666748 0.25619220733642578125 0.27924048900604248047 0.35553097724914550781 0.43182146549224853516 0.5081119537353515625 0.58440244197845458984 0.65045720338821411133 0.67548459768295288086 0.70051199197769165039 0.72553944587707519531 0.75056684017181396484 0.77108359336853027344 0.77352297306060791016 0.77596235275268554688 0.77840179204940795898 0.7808405756950378418 0.78184610605239868164 0.77710527181625366211 0.77236443758010864258 0.76762360334396362305 0.76288282871246337891 0.76009035110473632813 0.76510602235794067383 0.77012223005294799805 0.77513843774795532227 0.78015464544296264648 0.78423964977264404297 0.7845910191535949707 0.78494292497634887695
0.23241101205348968506 0.23241101205348968506 0.23125527799129486084 0.22546651959419250488 0.21967832744121551514 0.21388958394527435303 0.20810139179229736328 0.207055702805519104 0.22502076625823974609 0.24298582971096038818 0.26095089316368103027 0.27891594171524047852 0.31226980686187744141 0.4073034822940826416 0.5023377537727355957 0.5973713994026184082 0.69240564107894897461 0.76983511447906494141 0.77670472860336303711 0.7835744023323059082 0.79044401645660400391 0.79731422662734985352 0.80248010158538818359 0.80081939697265625 0.79915869235992431641 0.79749798774719238281 0.7958367466926574707 0.79402852058410644531 0.7916310429573059082 0.78923296928405761719 0.78683489561080932617 0.78443688154220581055 0.78071266412734985352 0.77167123556137084961 0.76262974739074707031 0.75358831882476806641 0.74454683065414428711 0.73936921358108520508 0.74967867136001586914 0.75998759269714355469
0.23533974587917327881 0.23533974587917327881 0.23359915614128112793 0.22488167881965637207 0.21616475284099578857 0.20744784176349639893 0.19873036444187164307 0.19697859883308410645 0.2231438755989074707 0.24930915236473083496 0.27547442913055419922 0.30163970589637756348 0.34529915452003479004 0.4590765833854675293 0.57285398244857788086 0.68663084506988525391 0.80040830373764038086 0.88921302556991577148 0.87792545557022094727 0.86663728952407836914 0.85534918308258056641 0.8440615534782409668 0.83387720584869384766 0.82811582088470458984 0.82235503196716308594 0.81659418344497680664 0.81083285808563232422 0.80621153116226196289 0.80615627765655517578 0.80610096454620361328 0.8060461878776550293 0.80599093437194824219 0.80133497714996337891 0.77823585271835327148 0.75513672828674316406 0.73203760385513305664 0.70893901586532592773 0.69449925422668457031 0.71476572751998901367 0.73503226041793823242
0.2354084402322769165 0.2354084402322769165 0.23365388810634613037 0.22486826777458190918 0.21608208119869232178 0.20729646086692810059 0.19851027429103851318 0.19950234889984130859 0.23747526109218597412 0.27211782336235046387 0.30384895205497741699 0.3330211639404296875 0.37696215510368347168 0.48832029104232788086 0.59967839717864990234 0.71103596687316894531 0.82239413261413574219 0.90826344490051269531 0.89197307825088500977 0.87568265199661254883 0.85939228534698486328 0.84310191869735717773 0.82878059148788452148 0.82235169410705566406 0.81592220067977905273 0.8094927668571472168 0.80306327342987060547 0.79837501049041748047 0.800662994384765625 0.80295044183731079102 0.80523848533630371094 0.80752646923065185547 0.80433636903762817383 0.77919107675552368164 0.75404632091522216797 0.72890108823776245117 0.70375579595565795898 0.68669730424880981445 0.70204985141754150391 0.71740287542343139648
0.2354084402322769165 0.2354084402322769165 0.23365388810634613037 0.22486826777458190918 0.21608208119869232178 0.20729646086692810059 0.19851027429103851318 0.20405882596969604492 0.25851985812187194824 0.30192124843597412109 0.33732068538665771484 0.36674484610557556152 0.40859273076057434082 0.51702213287353515625 0.62545156478881835938 0.73388040065765380859 0.84230983257293701172 0.92490017414093017578 0.9039236903190612793 0.8829472661018371582 0.86197131872177124023 0.84099489450454711914 0.82280635833740234375 0.81579148769378662109 0.80877661705017089844 0.80176120996475219727 0.79474633932113647461 0.7900568842887878418 0.79468768835067749023 0.79931843280792236328 0.80394923686981201172 0.80857998132705688477 0.80691426992416381836 0.78001165390014648438 0.75310957431793212891 0.72620695829391479492 0.69930487871170043945 0.67978692054748535156 0.68986850976943969727 0.69995003938674926758
0.2354084402322769165 0.2354084402322769165 0.23365388810634613037 0.22486826777458190918 0.21608208119869232178 0.20729646086692810059 0.19851027429103851318 0.21269921958446502686 0.29125034809112548828 0.34174087643623352051 0.37692919373512268066 0.40285539627075195313 0.44022333621978759766 0.54572403430938720703 0.65122467279434204102 0.75672537088394165039 0.86222547292709350586 0.94153630733489990234 0.91587436199188232422 0.89021182060241699219 0.86454981565475463867 0.83888787031173706055 0.81683218479156494141 0.80923134088516235352 0.80163049697875976563 0.79402965307235717773 0.78642934560775756836 0.78173881769180297852 0.78871238231658935547 0.79568588733673095703 0.80265945196151733398 0.80963349342346191406 0.80949217081069946289 0.78083223104476928711 0.75217282772064208984 0.72351336479187011719 0.69485396146774291992 0.67287707328796386719 0.67768716812133789063 0.68249666690826416016
0.2354084402322769165 0.2354084402322769165 0.23365388810634613037 0.22486826777458190918 0.21608208119869232178 0.20729646086692810059 0.19851027429103851318 0.2353715747594833374 0.34913894534111022949 0.39764645695686340332 0.4245306551456451416 0.4416148066520690918 0.47185394167900085449 0.57442587614059448242 0.67699784040451049805 0.77956980466842651367 0.8821417689323425293 0.9581725001335144043 0.92782443761825561523 0.89747691154479980469 0.86712884902954101563 0.83678078651428222656 0.81085795164108276367 0.80267113447189331055 0.79448491334915161133 0.78629863262176513672 0.77811187505722045898 0.77342021465301513672 0.78273701667785644531 0.7920538783073425293 0.80137020349502563477 0.81068706512451171875 0.8120695948600769043 0.78165280818939208984 0.75123602151870727539 0.72081929445266723633 0.69040250778198242188 0.66596722602844238281 0.66550523042678833008 0.66504329442977905273
0.2354084402322769165 0.2354084402322769165 0.23365388810634613037 0.22486826777458190918 0.21608208119869232178 0.20729646086692810059 0.19851027429103851318 0.45393747091293334961 0.4793033897876739502 0.48185059428215026855 0.48281753063201904297 0.48332640528678894043 0.50348395109176635742 0.6031277775764465332 0.70277100801467895508 0.80241417884826660156 0.90205740928649902344 0.97480922937393188477 0.93977504968643188477 0.90474146604537963867 0.86970734596252441406 0.83467376232147216797 0.80488377809524536133 0.79611152410507202148 0.78733932971954345703 0.77856713533401489258 0.76979488134384155273 0.76510208845138549805 0.77676171064376831055 0.78842133283615112305 0.80008095502853393555 0.81174057722091674805 0.81464749574661254883 0.78247338533401489258 0.75029981136322021484 0.71812570095062255859 0.68595159053802490234 0.65905737876892089844 0.65332388877868652344 0.64759045839309692383
-9999 -9999 -9999 -9999 -9999 -9999 -9999 0.48434475064277648926 0.48434475064277648926 0.48434475064277648926 0.48434475064277648926 0.48434475064277648926 0.50361466407775878906 0.59481078386306762695 0.6780077815055847168 0.75421392917633056641 0.82427495718002319336 0.87201213836669921875 0.85002350807189941406 0.82803487777709960938 0.8060461878776550293 0.78405755758285522461 0.7642485499382019043 0.75317436456680297852 0.74210071563720703125 0.73102706670761108398 0.7199528813362121582 0.7129726409912109375 0.72239953279495239258 0.73182642459869384766 0.74125277996063232422 0.7506796717643737793 0.75316208600997924805 0.72781014442443847656 0.70245873928070068359 0.67710733413696289063 0.65175539255142211914 0.63223797082901000977 0.63610398769378662109 0.63997006416320800781
-9999 -9999 -9999 -9999 -9999 -9999 -9999 0.48434475064277648926 0.48434475064277648926 0.48434475064277648926 0.48434475064277648926 0.48434475064277648926 0.50260365009307861328 0.5816491246223449707 0.64464217424392700195 0.69602143764495849609 0.73872792720794677734 0.76634162664413452148 0.75782525539398193359 0.74930834770202636719 0.74079138040542602539 0.73227441310882568359 0.72277939319610595703 0.70936244726181030273 0.69594603776931762695 0.68252909183502197266 0.66911208629608154297 0.65978914499282836914 0.6668726801872253418 0.67395681142807006836 0.68104040622711181641 0.68812400102615356445 0.69013494253158569336 0.67181235551834106445 0.65348923206329345703 0.63516670465469360352 0.61684358119964599609 0.60493987798690795898 0.61876344680786132813 0.63258707523345947266
-9999 -9999 -9999 -9999 -9999 -9999 -9999 0.48434475064277648926 0.48434475064277648926 0.48434475064277648926 0.48434475064277648926 0.48434475064277648926 0.50068706274032592773 0.56117928028106689453 0.60006326436996459961 0.62716144323348999023 0.64712792634963989258 0.66067117452621459961 0.66562646627426147461 0.67058122158050537109 0.67553657293319702148 0.68049132823944091797 0.68131023645401000977 0.66555047035217285156 0.64979076385498046875 0.63403105735778808594 0.61827135086059570313 0.60660558938980102539 0.61134642362594604492 0.61608719825744628906 0.62082803249359130859 0.62556886672973632813 0.62710779905319213867 0.61581408977508544922 0.60451978445053100586 0.59322607517242431641 0.58193176984786987305 0.5776411890983581543 0.60142236948013305664 0.62520354986190795898
-9999 -9999 -9999 -9999 -9999 -9999 -9999 0.48434475064277648926 0.48434475064277648926 0.48434475064277648926 0.48434475064277648926 0.48434475064277648926 0.4956563413143157959 0.52497488260269165039 0.53747576475143432617 0.54440402984619140625 0.54880690574645996094 0.55500066280364990234 0.57342767715454101563 0.59185469150543212891 0.61028116941452026367 0.62870818376541137695 0.63984102010726928711 0.62173855304718017578 0.60363608598709106445 0.58553361892700195313 0.56743055582046508789 0.55342149734497070313 0.55581957101821899414 0.55821764469146728516 0.56061565876007080078 0.5630137324333190918 0.5640811920166015625 0.55981576442718505859 0.55555033683776855469 0.55128484964370727539 0.54701995849609375 0.55034303665161132813 0.58408123254776000977 0.61782002449035644531
-9999 -9999 -9999 -9999 -9999 -9999 -9999 0.48434475064277648926 0.48434475064277648926 0.48434475064277648926 0.48434475064277648926 0.48434475064277648926 0.44716167449951171875 0.44356822967529296875 0.4432068169116973877 0.44306996464729309082 0.44299790263175964355 0.44933015108108520508 0.48122888803482055664 0.5131276249885559082 0.54502630233764648438 0.57692503929138183594 0.59837186336517333984 0.5779266357421875 0.55748081207275390625 0.53703558444976806641 0.51658982038497924805 0.50023794174194335938 0.50029325485229492188 0.50034803152084350586 0.50040328502655029297 0.50045806169509887695 0.50105404853820800781 0.50381743907928466797 0.50658082962036132813 0.50934422016143798828 0.51210814714431762695 0.52304440736770629883 0.5667406916618347168 0.61043643951416015625
-9999 -9999 -9999 -9999 -9999 -9999 -9999 -9999 -9999 -9999 -9999 -9999 0.44041493535041809082 0.44041493535041809082 0.44041493535041809082 0.44041493535041809082 0.44041493535041809082 0.44889444112777709961 0.48902300000190734863 0.52563184499740600586 0.55916446447372436523 0.58999288082122802734 0.60838025808334350586 0.58559167385101318359 0.56280314922332763672 0.54001516103744506836 0.51722657680511474609 0.49933078885078430176 0.50104683637619018555 0.50276285409927368164 0.50447881221771240234 0.50619482994079589844 0.50792425870895385742 0.50970900058746337891 0.511493682861328125 0.51327842473983764648 0.51506316661834716797 0.52480620145797729492 0.56644797325134277344 0.60809034109115600586
-9999 -9999 -9999 -9999 -9999 -9999 -9999 -9999 -9999 -9999 -9999 -9999 0.44041493535041809082 0.44041493535041809082 0.44041493535041809082 0.44041493535041809082 0.44041493535041809082 0.45227229595184326172 0.50360351800918579102 0.54451018571853637695 0.5778757929801940918 0.60560905933380126953 0.61962705850601196289 0.5944957733154296875 0.56936442852020263672 0.54423314332962036133 0.51910179853439331055 0.49968159198760986328 0.50315493345260620117 0.50662833452224731445 0.51010113954544067383 0.51357448101043701172 0.51647639274597167969 0.51708972454071044922 0.51770251989364624023 0.51831585168838500977 0.5189291834831237793 0.52726686000823974609 0.56656587123870849609 0.60586541891098022461
-9999 -9999 -9999 -9999 -9999 -9999 -9999 -9999 -9999 -9999 -9999 -9999 0.44041493535041809082 0.44041493535041809082 0.44041493535041809082 0.44041493535041809082 0.44041493535041809082 0.45867773890495300293 0.52628034353256225586 0.56973367929458618164 0.60001748800277709961 0.62233012914657592773 0.63087385892868041992 0.60339981317520141602 0.5759251713752746582 0.54845106601715087891 0.52097648382186889648 0.50003296136856079102 0.50526309013366699219 0.51049327850341796875 0.51572340726852416992 0.520954132080078125 0.52502852678298950195 0.52446991205215454102 0.52391189336776733398 0.52335327863693237305 0.52279525995254516602 0.52972799539566040039 0.56668370962142944336 0.60364001989364624023
-9999 -9999 -9999 -9999 -9999 -9999 -9999 -9999 -9999 -9999 -9999 -9999 0.44041493535041809082 0.44041493535041809082 0.44041493535041809082 0.44041493535041809082 0.44041493535041809082 0.47548595070838928223 0.56638824939727783203 0.60514652729034423828 0.62662738561630249023 0.640277862548828125 0.64212065935134887695 0.61230325698852539063 0.5824864506721496582 0.55266904830932617188 0.52285164594650268555 0.50038373470306396484 0.5073712468147277832 0.51435875892639160156 0.52134627103805541992 0.52833378314971923828 0.53358066082000732422 0.53185069561004638672 0.53012073040008544922 0.52839130163192749023 0.52666133642196655273 0.53218865394592285156 0.56680160760879516602 0.60141509771347045898
-9999 -9999 -9999 -9999 -9999 -9999 -9999 -9999 -9999 -9999 -9999 -9999 0.44041493535041809082 0.44041493535041809082 0.44041493535041809082 0.44041493535041809082 0.44041493535041809082 0.6375217437744140625 0.65657156705856323242 0.65848481655120849609 0.65921097993850708008 0.65959304571151733398 0.65336745977401733398 0.62120735645294189453 0.58904719352722167969 0.55688703060150146484 0.52472686767578125 0.50073456764221191406 0.50947940349578857422 0.51822370290756225586 0.52696853876113891602 0.53571337461471557617 0.54213225841522216797 0.53923141956329345703 0.53633010387420654297 0.53342872858047485352 0.53052735328674316406 0.53464925289154052734 0.5669199824333190918 0.59919017553329467773
