INPUT/RASTER/ASCII_standard/sand.asc
ncols        225
nrows        269
xllcorner    473009.983799999987
yllcorner    4429051.174800000153
cellsize     50.000000000000
NODATA_value  -9999
[rows 72 to 89 of 269, columns 160 to 199 of 225]
-9999 -9999 -9999 -9999 -9999 -9999 -9999 -9999 -9999 -9999 -9999 -9999 -9999 -9999 -9999 -9999 -9999 -9999 -9999 -9999 -9999 -9999 -9999 -9999 -9999 -9999 -9999 -9999 -9999 -9999 -9999 -9999 -9999 -9999 -9999 -9999 -9999 -9999 -9999 -9999
-0.37960991263389587402 -0.37960991263389587402 -0.37785536050796508789 -0.36906972527503967285 -0.3602835536003112793 -0.35149791836738586426 -0.34271171689033508301 -0.32106047868728637695 -0.24784395098686218262 -0.17462743818759918213 -0.10141091048717498779 -0.028194386512041091919 0.030402516946196556091 0.030402516946196556091 0.030402516946196556091 0.030402516946196556091 0.030402516946196556091 -9999 -9999 -9999 -9999 -9999 -9999 -9999 -9999 -9999 -9999 -9999 -9999 -9999 -9999 -9999 -9999 -9999 -9999 -9999 -9999 -9999 -9999 -9999
-0.37960991263389587402 -0.37960991263389587402 -0.37785536050796508789 -0.36906972527503967285 -0.3602835536003112793 -0.35149791836738586426 -0.34271171689033508301 -0.32106047868728637695 -0.24784395098686218262 -0.17462743818759918213 -0.10141091048717498779 -0.028194386512041091919 0.030402516946196556091 0.030402516946196556091 0.030402516946196556091 0.030402516946196556091 0.030402516946196556091 -9999 -9999 -9999 -9999 -9999 -9999 -9999 -9999 -9999 -9999 -9999 -9999 -9999 -9999 -9999 -9999 -9999 -9999 -9999 -9999 -9999 -9999 -9999
-0.37960991263389587402 -0.37960991263389587402 -0.37785536050796508789 -0.36906972527503967285 -0.3602835536003112793 -0.35149791836738586426 -0.34271171689033508301 -0.32106047868728637695 -0.24784395098686218262 -0.17462743818759918213 -0.10141091048717498779 -0.028194386512041091919 0.030402516946196556091 0.030402516946196556091 0.030402516946196556091 0.030402516946196556091 0.030402516946196556091 -9999 -9999 -9999 -9999 -9999 -9999 -9999 -9999 -9999 -9999 -9999 -9999 -9999 -9999 -9999 -9999 -9999 -9999 -9999 -9999 -9999 -9999 -9999
-0.37960991263389587402 -0.37960991263389587402 -0.37785536050796508789 -0.36906972527503967285 -0.3602835536003112793 -0.35149791836738586426 -0.34271171689033508301 -0.32106047868728637695 -0.24784395098686218262 -0.17462743818759918213 -0.10141091048717498779 -0.028194386512041091919 0.030402516946196556091 0.030402516946196556091 0.030402516946196556091 0.030402516946196556091 0.030402516946196556091 -9999 -9999 -9999 -9999 -9999 -9999 -9999 -9999 -9999 -9999 -9999 -9999 -9999 -9999 -9999 -9999 -9999 -9999 -9999 -9999 -9999 -9999 -9999
-0.37960991263389587402 -0.37960991263389587402 -0.37785536050796508789 -0.36906972527503967285 -0.3602835536003112793 -0.35149791836738586426 -0.34271171689033508301 -0.32106047868728637695 -0.24784395098686218262 -0.17462743818759918213 -0.10141091048717498779 -0.028194386512041091919 0.030402516946196556091 0.030402516946196556091 0.030402516946196556091 0.030402516946196556091 0.030402516946196556091 -9999 -9999 -9999 -9999 -9999 -9999 -9999 -9999 -9999 -9999 -9999 -9999 -9999 -9999 -9999 -9999 -9999 -9999 -9999 -9999 -9999 -9999 -9999
-0.36817038059234619141 -0.36817038059234619141 -0.3669872581958770752 -0.36106109619140625 -0.3551349341869354248 -0.34920877218246459961 -0.34328261017799377441 -0.32677549123764038086 -0.2678585052490234375 -0.20894098281860351563 -0.15002399682998657227 -0.091106459498405456543 -0.04395354539155960083 -0.04395354539155960083 -0.04395354539155960083 -0.04395354539155960083 -0.04395354539155960083 -9999 -9999 -9999 -9999 -9999 0.015758875757455825806 0.015758875757455825806 0.015758875757455825806 0.015758875757455825806 0.015758875757455825806 -0.1924238055944442749 -1.2350271940231323242 -2.2776303291320800781 -3.3202338218688964844 -4.3628368377685546875 -5.1972575187683105469 -5.1972575187683105469 -5.1972575187683105469 -5.1972575187683105469 -5.1972575187683105469 -5.1972575187683105469 -5.1972575187683105469 -5.1972575187683105469
-0.35645604133605957031 -0.35645604133605957031 -0.3558572232723236084 -0.35285976529121398926 -0.34986233711242675781 -0.34686490893363952637 -0.34386748075485229492 -0.33262848854064941406 -0.28835457563400268555 -0.24408012628555297852 -0.19980622828006744385 -0.15553233027458190918 -0.12009879946708679199 -0.12009879946708679199 -0.12009879946708679199 -0.12009879946708679199 -0.12009879946708679199 -9999 -9999 -9999 -9999 -9999 0.015758875757455825806 0.015758875757455825806 0.015758875757455825806 0.015758875757455825806 0.015758875757455825806 -0.1924238055944442749 -1.2350271940231323242 -2.2776303291320800781 -3.3202338218688964844 -4.3628368377685546875 -5.1972575187683105469 -5.1972575187683105469 -5.1972575187683105469 -5.1972575187683105469 -5.1972575187683105469 -5.1972575187683105469 -5.1972575187683105469 -5.1972575187683105469
-0.34474167227745056152 -0.34474167227745056152 -0.34472769498825073242 -0.34465900063514709473 -0.34459030628204345703 -0.34452158212661743164 -0.34445232152938842773 -0.33848091959953308105 -0.30885007977485656738 -0.27921983599662780762 -0.24958901107311248779 -0.21995820105075836182 -0.19624404609203338623 -0.19624404609203338623 -0.19624404609203338623 -0.19624404609203338623 -0.19624404609203338623 -9999 -9999 -9999 -9999 -9999 0.015758875757455825806 0.015758875757455825806 0.015758875757455825806 0.015758875757455825806 0.015758875757455825806 -0.1924238055944442749 -1.2350271940231323242 -2.2776303291320800781 -3.3202338218688964844 -4.3628368377685546875 -5.1972575187683105469 -5.1972575187683105469 -5.1972575187683105469 -5.1972575187683105469 -5.1972575187683105469 -5.1972575187683105469 -5.1972575187683105469 -5.1972575187683105469
-0.33302676677703857422 -0.33302676677703857422 -0.33359766006469726563 -0.33645766973495483398 -0.33931767940521240234 -0.3421777188777923584 -0.34503716230392456055 -0.34433335065841674805 -0.32934615015983581543 -0.31435897946357727051 -0.29937124252319335938 -0.28438407182693481445 -0.27238929271697998047 -0.27238929271697998047 -0.27238929271697998047 -0.27238929271697998047 -0.27238929271697998047 -9999 -9999 -9999 -9999 -9999 0.015758875757455825806 0.015758875757455825806 0.015758875757455825806 0.015758875757455825806 0.015758875757455825806 -0.1924238055944442749 -1.2350271940231323242 -2.2776303291320800781 -3.3202338218688964844 -4.3628368377685546875 -5.1972575187683105469 -5.1972575187683105469 -5.1972575187683105469 -5.1972575187683105469 -5.1972575187683105469 -5.1972575187683105469 -5.1972575187683105469 -5.1972575187683105469
-0.32131239771842956543 -0.32131239771842956543 -0.32246816158294677734 -0.32825690507888793945 -0.33404508233070373535 -0.33983382582664489746 -0.34562203288078308105 -0.35018631815910339355 -0.34984222054481506348 -0.3494981229305267334 -0.34915402531623840332 -0.34880992770195007324 -0.34853455424308776855 -0.34853455424308776855 -0.34853455424308776855 -0.34853455424308776855 -0.34853455424308776855 -9999 -9999 -9999 -9999 -9999 0.015758875757455825806 0.015758875757455825806 0.015758875757455825806 0.015758875757455825806 0.015758875757455825806 -0.1924238055944442749 -1.2350271940231323242 -2.2776303291320800781 -3.3202338218688964844 -4.3628368377685546875 -5.1972575187683105469 -5.1972575187683105469 -5.1972575187683105469 -5.1972575187683105469 -5.1972575187683105469 -5.1972575187683105469 -5.1972575187683105469 -5.1972575187683105469
-0.30673804879188537598 -0.30673804879188537598 -0.30825015902519226074 -0.31582307815551757813 -0.32339653372764587402 -0.33096945285797119141 -0.3385429084300994873 -0.34540361166000366211 -0.34940707683563232422 -0.35341110825538635254 -0.35741513967514038086 -0.36141860485076904297 -0.3646227419376373291 -0.3646227419376373291 -0.3646227419376373291 -0.3646227419376373291 -0.3646227419376373291 -9999 -9999 -9999 -9999 -9999 0.0071793734095990657806 0.0071793734095990657806 0.0071793734095990657806 0.0071793734095990657806 0.0071793734095990657806 -0.16080214083194732666 -1.0020718574523925781 -1.843341827392578125 -2.6846115589141845703 -3.5258815288543701172 -4.1991701126098632813 -4.1991701126098632813 -4.1991701126098632813 -4.1991701126098632813 -4.1991701126098632813 -4.1991701126098632813 -4.1991701126098632813 -4.1991701126098632813
-0.29209440946578979492 -0.29209440946578979492 -0.29395732283592224121 -0.3032881319522857666 -0.31261840462684631348 -0.32194864749908447266 -0.33127945661544799805 -0.34036505222320556641 -0.34846863150596618652 -0.35657277703285217285 -0.36467635631561279297 -0.3727805018424987793 -0.37926638126373291016 -0.37926638126373291016 -0.37926638126373291016 -0.37926638126373291016 -0.37926638126373291016 -9999 -9999 -9999 -9999 -9999 -0.0016068103723227977753 -0.0016068103723227977753 -0.0016068103723227977753 -0.0016068103723227977753 -0.0016068103723227977753 -0.12841911613941192627 -0.76351153850555419922 -1.3986036777496337891 -2.0336956977844238281 -2.6687879562377929688 -3.1770672798156738281 -3.1770672798156738281 -3.1770672798156738281 -3.1770672798156738281 -3.1770672798156738281 -3.1770672798156738281 -3.1770672798156738281 -3.1770672798156738281
-0.27745130658149719238 -0.27745130658149719238 -0.2796650230884552002 -0.29075264930725097656 -0.30184024572372436523 -0.3129278719425201416 -0.32401546835899353027 -0.33532595634460449219 -0.34753018617630004883 -0.35973444581031799316 -0.37193810939788818359 -0.38414236903190612793 -0.393909454345703125 -0.393909454345703125 -0.393909454345703125 -0.393909454345703125 -0.393909454345703125 -9999 -9999 -9999 -9999 -9999 -0.010392435826361179352 -0.010392435826361179352 -0.010392435826361179352 -0.010392435826361179352 -0.010392435826361179352 -0.096036642789840698242 -0.52495092153549194336 -0.95386517047882080078 -1.3827797174453735352 -1.8116942644119262695 -2.154964447021484375 -2.154964447021484375 -2.154964447021484375 -2.154964447021484375 -2.154964447021484375 -2.154964447021484375 -2.154964447021484375 -2.154964447021484375
-0.26280766725540161133 -0.26280766725540161133 -0.26537275314331054688 -0.27821770310401916504 -0.29106211662292480469 -0.30390706658363342285 -0.31675201654434204102 -0.33028739690780639648 -0.34659174084663391113 -0.36289611458778381348 -0.37919989228248596191 -0.39550423622131347656 -0.40855309367179870605 -0.40855309367179870605 -0.40855309367179870605 -0.40855309367179870605 -0.40855309367179870605 -9999 -9999 -9999 -9999 -9999 -0.019178619608283042908 -0.019178619608283042908 -0.019178619608283042908 -0.019178619608283042908 -0.019178619608283042908 -0.063653610646724700928 -0.28639054298400878906 -0.50912696123123168945 -0.73186361789703369141 -0.95460027456283569336 -1.1328619718551635742 -1.1328619718551635742 -1.1328619718551635742 -1.1328619718551635742 -1.1328619718551635742 -1.1328619718551635742 -1.1328619718551635742 -1.1328619718551635742
-0.24816459417343139648 -0.24816459417343139648 -0.25108048319816589355 -0.265682220458984375 -0.28028452396392822266 -0.2948862612247467041 -0.30948856472969055176 -0.32524883747100830078 -0.34565329551696777344 -0.36605775356292724609 -0.38646167516708374023 -0.40686613321304321289 -0.4231961667537689209 -0.4231961667537689209 -0.4231961667537689209 -0.4231961667537689209 -0.4231961667537689209 -9999 -9999 -9999 -9999 -9999 -0.027964245527982711792 -0.027964245527982711792 -0.027964245527982711792 -0.027964245527982711792 -0.027964245527982711792 -0.031271144747734069824 -0.047829657793045043945 -0.064388729631900787354 -0.080947801470756530762 -0.09750687330961227417 -0.11075904220342636108 -0.11075904220342636108 -0.11075904220342636108 -0.11075904220342636108 -0.11075904220342636108 -0.11075904220342636108 -0.11075904220342636108 -0.11075904220342636108
-0.24782049655914306641 -0.24782049655914306641 -0.25063022971153259277 -0.26470130681991577148 -0.27877295017242431641 -0.29284402728080749512 -0.30691567063331604004 -0.32238492369651794434 -0.34345746040344238281 -0.36452999711036682129 -0.38560253381729125977 -0.40667507052421569824 -0.42354026436805725098 -0.42354026436805725098 -0.42354026436805725098 -0.42354026436805725098 -0.42354026436805725098 0.030402516946196556091 0.030402516946196556091 0.030402516946196556091 0.030402516946196556091 0.030402516946196556091 0.018108896911144256592 -0.012850824743509292603 -0.025668967515230178833 -0.032678250223398208618 -0.037097875028848648071 -0.04206380993127822876 -0.054350167512893676758 -0.066636525094509124756 -0.078923441469669342041 -0.091209799051284790039 -0.10172819346189498901 -0.10516022145748138428 -0.10859224200248718262 -0.11202371120452880859 -0.11545573174953460693 -0.11820235848426818848 -0.11820235848426818848 -0.11820235848426818848
-0.24782049655914306641 -0.24782049655914306641 -0.25051349401473999023 -0.26399859786033630371 -0.2774842679500579834 -0.29096993803977966309 -0.30445560812950134277 -0.31957292556762695313 -0.34123143553733825684 -0.36288994550704956055 -0.38454791903495788574 -0.40620642900466918945 -0.42354026436805725098 -0.42354026436805725098 -0.42354026436805725098 -0.42354026436805725098 -0.42354026436805725098 0.030402516946196556091 0.030402516946196556091 0.030402516946196556091 0.030402516946196556091 0.030402516946196556091 0.022621249780058860779 -0.0058845519088208675385 -0.023964684456586837769 -0.036454372107982635498 -0.045599732547998428345 -0.053894910961389541626 -0.066767238080501556396 -0.079639561474323272705 -0.092511892318725585938 -0.10538421571254730225 -0.11707343161106109619 -0.1240195930004119873 -0.13096575438976287842 -0.13791191577911376953 -0.14485809206962585449 -0.15041780471801757813 -0.15041780471801757813 -0.15041780471801757813
