INPUT/RASTER/ASCII_standard/silt.asc
ncols        225
nrows        269
xllcorner    473009.983799999987
yllcorner    4429051.174800000153
cellsize     50.000000000000
NODATA_value  -9999
[rows 238 to 254 of 269, columns 78 to 116 of 225]
0.24522237479686737061 0.25961089134216308594 0.27399882674217224121 0.28838735818862915039 0.2978076934814453125 0.28731548786163330078 0.27682331204414367676 0.26633110642433166504 0.25583890080451965332 0.23536495864391326904 0.17488251626491546631 0.11440006643533706665 0.053917620331048965454 -0.0065648234449326992035 -0.056688744574785232544 -0.065294630825519561768 -0.073900520801544189453 -0.082507029175758361816 -0.091112919151782989502 -0.10233315080404281616 -0.12403065711259841919 -0.14572754502296447754 -0.16742505133152008057 -0.18912255764007568359 -0.20880630612373352051 -0.22041821479797363281 -0.23203013837337493896 -0.24364206194877624512 -0.25525459647178649902 -0.25354921817779541016 -0.19846580922603607178 -0.1433824002742767334 -0.088298998773097991943 -0.033215597271919250488 0.019538210704922676086 0.062956847250461578369 0.10637548565864562988 0.14979350566864013672 0.19321215152740478516
0.21679906547069549561 0.22923165559768676758 0.24166424572467803955 0.25409683585166931152 0.26247206330299377441 0.25458800792694091797 0.24670331180095672607 0.23881924152374267578 0.23093456029891967773 0.21684320271015167236 0.1778742372989654541 0.13890589773654937744 0.099936924874782562256 0.060967959463596343994 0.023635365068912506104 -0.0071361865848302841187 -0.037907116115093231201 -0.068678669631481170654 -0.099450223147869110107 -0.12684768438339233398 -0.14072205126285552979 -0.15459641814231872559 -0.16847078502178192139 -0.18234515190124511719 -0.19680891931056976318 -0.21363647282123565674 -0.23046401143074035645 -0.24729156494140625 -0.26411911845207214355 -0.26932108402252197266 -0.22792801260948181152 -0.18653556704521179199 -0.14514249563217163086 -0.10374943166971206665 -0.059738915413618087769 -0.005238066893070936203 0.049263402819633483887 0.10376425087451934814 0.158265724778175354
0.18837575614452362061 0.19885241985321044922 0.20932906866073608398 0.21980571746826171875 0.22713707387447357178 0.22186051309108734131 0.21658395230770111084 0.21130676567554473877 0.2060302048921585083 0.19832208752632141113 0.18086659908294677734 0.16341109573841094971 0.14595560729503631592 0.12850011885166168213 0.10396009683609008789 0.05102287977933883667 -0.0019137144554406404495 -0.05485092848539352417 -0.10778752714395523071 -0.15136283636093139648 -0.15741406381130218506 -0.16346529126167297363 -0.16951651871204376221 -0.17556713521480560303 -0.18481153249740600586 -0.20685471594333648682 -0.22889727354049682617 -0.25094047188758850098 -0.27298301458358764648 -0.28509294986724853516 -0.25739082694053649902 -0.22968810796737670898 -0.2019853740930557251 -0.17428326606750488281 -0.13901665806770324707 -0.073432981967926025391 -0.0078486809507012367249 0.057734999805688858032 0.12331867963075637817
0.15995246171951293945 0.16847379505634307861 0.17699450254440307617 0.18551521003246307373 0.19180208444595336914 0.18913301825523376465 0.186463966965675354 0.18379490077495574951 0.18112584948539733887 0.17980033159255981445 0.18385832011699676514 0.18791630864143371582 0.1919742971658706665 0.19603228569030761719 0.184284210205078125 0.10918194800615310669 0.034079689532518386841 -0.041023191064596176147 -0.116125449538230896 -0.17587737739086151123 -0.17410546541213989258 -0.17233355343341827393 -0.17056164145469665527 -0.16878972947597503662 -0.17281475663185119629 -0.20007295906543731689 -0.2273311614990234375 -0.25458934903144836426 -0.28184753656387329102 -0.30086544156074523926 -0.28685304522514343262 -0.27284127473831176758 -0.25882887840270996094 -0.2448171079158782959 -0.21829441189765930176 -0.14162728190422058105 -0.064960762858390808105 0.011705746874213218689 0.088372260332107543945
0.13152915239334106445 0.13809454441070556641 0.14465993642807006836 0.15122471749782562256 0.15646645426750183105 0.15640552341938018799 0.15634398162364959717 0.1562830507755279541 0.15622149407863616943 0.16127859055995941162 0.18685005605220794678 0.21242152154445648193 0.23799359798431396484 0.2635650634765625 0.26460832357406616211 0.16734039783477783203 0.070073090493679046631 -0.027194831520318984985 -0.1244627535343170166 -0.20039252936840057373 -0.19079747796058654785 -0.18120242655277252197 -0.17160737514495849609 -0.16201232373714447021 -0.16081736981868743896 -0.19329120218753814697 -0.22576503455638885498 -0.25823825597763061523 -0.29071205854415893555 -0.31663730740547180176 -0.31631585955619812012 -0.31599381566047668457 -0.31567236781120300293 -0.31535032391548156738 -0.29757153987884521484 -0.20982219278812408447 -0.12207285314798355103 -0.034323506057262420654 0.053425837308168411255
0.12844230234622955322 0.13559770584106445313 0.14275373518466949463 0.14990976452827453613 0.15614502131938934326 0.15869159996509552002 0.16123755276203155518 0.16378413140773773193 0.16633071005344390869 0.1728127896785736084 0.19507047533988952637 0.21732753515243530273 0.23958520591259002686 0.26184228062629699707 0.26038369536399841309 0.16386869549751281738 0.06735305488109588623 -0.029161963611841201782 -0.12567760050296783447 -0.20071396231651306152 -0.18966220319271087646 -0.1786098480224609375 -0.16755810379981994629 -0.15650634467601776123 -0.15264420211315155029 -0.17760078608989715576 -0.20255798101425170898 -0.22751519083976745605 -0.25247177481651306152 -0.2742252349853515625 -0.2831376194953918457 -0.2920500338077545166 -0.3009624183177947998 -0.30987480282783508301 -0.30134105682373046875 -0.22288024425506591797 -0.14442005753517150879 -0.065959252417087554932 0.01250155176967382431
0.12596473097801208496 0.13377232849597930908 0.1415799260139465332 0.14938752353191375732 0.15666541457176208496 0.1618194878101348877 0.16697420179843902588 0.17212827503681182861 0.1772823631763458252 0.18507067859172821045 0.203416481614112854 0.22176228463649749756 0.24010807275772094727 0.25845387578010559082 0.25412482023239135742 0.15891355276107788086 0.063701674342155456543 -0.031509589403867721558 -0.12672084569931030273 -0.20045407116413116455 -0.18809795379638671875 -0.17574183642864227295 -0.1633863300085067749 -0.1510302126407623291 -0.1445630490779876709 -0.16169649362564086914 -0.17883054912090301514 -0.19596461951732635498 -0.21309804916381835938 -0.23041303455829620361 -0.24845232069492340088 -0.26649162173271179199 -0.28453090786933898926 -0.30257019400596618652 -0.3032938838005065918 -0.23461215198040008545 -0.1659304201602935791 -0.097248703241348266602 -0.028566353023052215576
0.12348716706037521362 0.13194695115089416504 0.14040611684322357178 0.14886589348316192627 0.15718641877174377441 0.16494800150394439697 0.17271021008491516113 0.18047179281711578369 0.1882333904504776001 0.19732795655727386475 0.21176186203956604004 0.22619640827178955078 0.24063095450401306152 0.25506487488746643066 0.24786593019962310791 0.15395842492580413818 0.060050915926694869995 -0.033857215195894241333 -0.1277647167444229126 -0.20019356906414031982 -0.18653370440006256104 -0.1728738248348236084 -0.15921457111835479736 -0.14555470645427703857 -0.13648128509521484375 -0.14579220116138458252 -0.15510311722755432129 -0.16441404819488525391 -0.17372496426105499268 -0.18660084903240203857 -0.21376702189445495605 -0.24093320965766906738 -0.26809939742088317871 -0.29526618123054504395 -0.30524608492851257324 -0.24634343385696411133 -0.18744079768657684326 -0.12853752076625823975 -0.069634877145290374756
0.12100960314273834229 0.13012094795703887939 0.13923291862010955811 0.14834426343441009521 0.15770679712295532227 0.16807651519775390625 0.17844623327255249023 0.18881593644618988037 0.1991850435733795166 0.2095852196216583252 0.22010788321495056152 0.230630531907081604 0.24115382134914398193 0.25167647004127502441 0.24160705506801605225 0.14900329709053039551 0.05639953911304473877 -0.036204218864440917969 -0.12880797684192657471 -0.1999330669641494751 -0.18496944010257720947 -0.17000581324100494385 -0.15504218637943267822 -0.14007857441902160645 -0.12840013206005096436 -0.1298879086971282959 -0.13137568533420562744 -0.13286347687244415283 -0.13435125350952148438 -0.14278866350650787354 -0.17908172309398651123 -0.21537479758262634277 -0.25166848301887512207 -0.28796157240867614746 -0.30719891190528869629 -0.25807473063468933105 -0.20895053446292877197 -0.15982697904109954834 -0.11070278286933898926
0.11853203922510147095 0.12829557061195373535 0.13805910944938659668 0.14782264828681945801 0.15822780132293701172 0.17120501399040222168 0.18418224155902862549 0.1971594691276550293 0.21013668179512023926 0.22184310853481292725 0.22845388948917388916 0.23506528139114379883 0.24167606234550476074 0.24828746914863586426 0.23534816503524780273 0.14404816925525665283 0.052748162299394607544 -0.038551844656467437744 -0.12985184788703918457 -0.19967256486415863037 -0.18340519070625305176 -0.16713781654834747314 -0.15087042748928070068 -0.13460305333137512207 -0.12031897157430648804 -0.11398361623287200928 -0.10764826089143753052 -0.10131290555000305176 -0.094977542757987976074 -0.098976470530033111572 -0.14439643919467926025 -0.18981702625751495361 -0.23523698747158050537 -0.28065693378448486328 -0.30915173888206481934 -0.26980665326118469238 -0.23046091198921203613 -0.19111579656600952148 -0.15177068114280700684
0.0876634940505027771 0.092986062169075012207 0.098308637738227844238 0.10363120585680007935 0.10922360420227050781 0.11589593440294265747 0.12256826460361480713 0.12924058735370635986 0.13591292500495910645 0.14268223941326141357 0.14983826875686645508 0.15699367225170135498 0.16414970159530639648 0.17130574584007263184 0.16440150141716003418 0.1011430695652961731 0.03788401186466217041 -0.025374427437782287598 -0.088632866740226745605 -0.13562454283237457275 -0.11741676926612854004 -0.099208995699882507324 -0.081001214683055877686 -0.062793441116809844971 -0.049207553267478942871 -0.054147139191627502441 -0.059086728841066360474 -0.064026318490505218506 -0.068966522812843322754 -0.081777751445770263672 -0.12613892555236816406 -0.17050071060657501221 -0.2148618847131729126 -0.25922304391860961914 -0.28869581222534179688 -0.25849315524101257324 -0.22828985750675201416 -0.19808717072010040283 -0.16788387298583984375
0.056111682206392288208 0.056870803236961364746 0.057629927992820739746 0.058389052748680114746 0.059027560055255889893 0.059180505573749542236 0.059334069490432739258 0.059487015008926391602 0.059639960527420043945 0.061321720480918884277 0.069129936397075653076 0.076937533915042877197 0.084745131433010101318 0.092552721500396728516 0.091898046433925628662 0.057324040681123733521 0.022750031203031539917 -0.011823977343738079071 -0.04639798775315284729 -0.07004210352897644043 -0.04987839236855506897 -0.029714673757553100586 -0.0095509579405188560486 0.010612757876515388489 0.023420870304107666016 0.0067462632432579994202 -0.0099277226254343986511 -0.026602329686284065247 -0.043276935815811157227 -0.065219402313232421875 -0.10827682167291641235 -0.15133424103260040283 -0.19439165294170379639 -0.23744907975196838379 -0.2677008509635925293 -0.24662508070468902588 -0.22554866969585418701 -0.20447289943695068359 -0.18339711427688598633
0.024560488760471343994 0.020756166428327560425 0.016951221972703933716 0.013146900571882724762 0.0088315214961767196655 0.0024650797713547945023 -0.0039007407613098621368 -0.010266561061143875122 -0.016633003950119018555 -0.020038180053234100342 -0.011579018086194992065 -0.0031192351598292589188 0.0053405482321977615356 0.013800331391394138336 0.019394593313336372375 0.0135056348517537117 0.007616053801029920578 0.0017270946409553289413 -0.0041624861769378185272 -0.0044590481556951999664 0.01766060851514339447 0.03977964445948600769 0.061899300664663314819 0.084018953144550323486 0.096048675477504730225 0.067639663815498352051 0.039230663329362869263 0.010821657255291938782 -0.017587348818778991699 -0.04866105690598487854 -0.090414725244045257568 -0.13216838240623474121 -0.17392204701900482178 -0.21567571163177490234 -0.24670590460300445557 -0.23475700616836547852 -0.22280812263488769531 -0.21085861325263977051 -0.19890971481800079346
-0.0069913254119455814362 -0.015359093435108661652 -0.023726861923933029175 -0.032094631344079971313 -0.041364517062902450562 -0.054249722510576248169 -0.067134931683540344238 -0.080020137131214141846 -0.092905968427658081055 -0.10139869898557662964 -0.092287354171276092529 -0.083175383508205413818 -0.074064031243324279785 -0.064952060580253601074 -0.053108241409063339233 -0.030312772840261459351 -0.0075179245322942733765 0.015277544967830181122 0.03807301446795463562 0.061124011874198913574 0.085198983550071716309 0.10927458107471466064 0.13334955275058746338 0.15742453932762145996 0.16867709159851074219 0.1285330653190612793 0.088389664888381958008 0.048246264457702636719 0.0081022409722208976746 -0.032102089375257492065 -0.072552002966403961182 -0.11300191283226013184 -0.15345183014869689941 -0.19390173256397247314 -0.22571094334125518799 -0.222888946533203125 -0.22006694972515106201 -0.21724493801593780518 -0.21442233026027679443
-0.038543138653039932251 -0.051474355161190032959 -0.064405567944049835205 -0.077336780726909637451 -0.09156055748462677002 -0.11096514761447906494 -0.13036973774433135986 -0.14977434277534484863 -0.16917893290519714355 -0.18275922536849975586 -0.17299568653106689453 -0.1632321476936340332 -0.15346860885620117188 -0.14370507001876831055 -0.12561169266700744629 -0.074131801724433898926 -0.022651903331279754639 0.028828617185354232788 0.080308511853218078613 0.1267070770263671875 0.15273799002170562744 0.17876890301704406738 0.20479981601238250732 0.23083072900772094727 0.24130488932132720947 0.18942646682262420654 0.13754867017269134521 0.085670255124568939209 0.033791828900575637817 -0.015543744899332523346 -0.054689902812242507935 -0.093836061656475067139 -0.1329815983772277832 -0.17212775349617004395 -0.20471598207950592041 -0.21102087199687957764 -0.21732576191425323486 -0.22363066673278808594 -0.22993555665016174316
-0.052400719374418258667 -0.057800382375717163086 -0.063199423253536224365 -0.068598464131355285645 -0.075935415923595428467 -0.09103644639253616333 -0.10613809525966644287 -0.12123911827802658081 -0.13634076714515686035 -0.1468553394079208374 -0.13898682594299316406 -0.13111767172813415527 -0.12324853241443634033 -0.11537938565015792847 -0.10222683846950531006 -0.067898407578468322754 -0.03356935456395149231 0.00075969385216012597084 0.035088744014501571655 0.069041028618812561035 0.10148439556360244751 0.13392713665962219238 0.16636988520622253418 0.19881324470043182373 0.21665233373641967773 0.17595747113227844238 0.13526198267936706543 0.09456710517406463623 0.053872235119342803955 0.013619409874081611633 -0.024859018623828887939 -0.063338071107864379883 -0.10181649774312973022 -0.14029555022716522217 -0.17226515710353851318 -0.17814789712429046631 -0.18403063714504241943 -0.18991339206695556641 -0.19579613208770751953
-0.065833039581775665283 -0.06340894848108291626 -0.06098546832799911499 -0.058561373502016067505 -0.058726128190755844116 -0.06926371157169342041 -0.07980190962553024292 -0.090339496731758117676 -0.10087769478559494019 -0.10813071578741073608 -0.10221751034259796143 -0.096304304897785186768 -0.090391099452972412109 -0.084477894008159637451 -0.07653538137674331665 -0.060460112988948822021 -0.044384848326444625854 -0.028310202062129974365 -0.012234935536980628967 0.0084099937230348587036 0.047372121363878250122 0.086334876716136932373 0.12529700994491577148 0.16425913572311401367 0.18965899944305419922 0.16069851815700531006 0.13173805177211761475 0.10277757793664932251 0.073817104101181030273 0.043086588382720947266 0.0052597238682210445404 -0.032567139714956283569 -0.070394001901149749756 -0.1082208678126335144 -0.13953891396522521973 -0.14477008581161499023 -0.15000064671039581299 -0.15523119270801544189 -0.16046175360679626465
