INPUT/RASTER/ASCII_standard/silt.asc
ncols        225
nrows        269
xllcorner    473009.983799999987
yllcorner    4429051.174800000153
cellsize     50.000000000000
NODATA_value  -9999
[rows 170 to 186 of 269, columns 0 to 38 of 225]
-2.4563529491424560547 -2.4563529491424560547 -2.3675699234008789063 -1.9229345321655273438 -1.4782994985580444336 -1.0336643457412719727 -0.58902901411056518555 -0.23717550933361053467 -0.25720119476318359375 -0.27722752094268798828 -0.29725322127342224121 -0.31727892160415649414 -0.32822373509407043457 -0.30276790261268615723 -0.27731207013130187988 -0.25185626745223999023 -0.22640043497085571289 -0.21352890133857727051 -0.25109526515007019043 -0.28866162896156311035 -0.32622861862182617188 -0.3637949824333190918 -0.39415431022644042969 -0.39562657475471496582 -0.39709880948066711426 -0.3985710442066192627 -0.40004327893257141113 -0.40086519718170166016 -0.3990777432918548584 -0.39729028940200805664 -0.39550283551216125488 -0.39371600747108459473 -0.3776569068431854248 -0.30439680814743041992 -0.23113609850406646729 -0.15787538886070251465 -0.084614671766757965088 -0.024850936606526374817 -0.019182689487934112549
-1.3024475574493408203 -1.3024475574493408203 -1.2581840753555297852 -1.0365068912506103516 -0.81482940912246704102 -0.59315228462219238281 -0.37147513031959533691 -0.19962221384048461914 -0.22747103869915008545 -0.25531986355781555176 -0.28316932916641235352 -0.31101816892623901367 -0.3284836113452911377 -0.30433216691017150879 -0.28018009662628173828 -0.25602802634239196777 -0.23187656700611114502 -0.22213105857372283936 -0.27012807130813598633 -0.31812569499015808105 -0.36612269282341003418 -0.4141203463077545166 -0.45139572024345397949 -0.44569638371467590332 -0.43999767303466796875 -0.43429896235466003418 -0.42860025167465209961 -0.42225059866905212402 -0.41329157352447509766 -0.40433317422866821289 -0.39537477493286132813 -0.38641637563705444336 -0.36670154333114624023 -0.30387145280838012695 -0.24104200303554534912 -0.17821194231510162354 -0.1153824925422668457 -0.062274303287267684937 -0.048130728304386138916
-0.14854270219802856445 -0.14854270219802856445 -0.14879822731018066406 -0.15007898211479187012 -0.15135972201824188232 -0.15264047682285308838 -0.15392123162746429443 -0.16206890344619750977 -0.19774088263511657715 -0.23341284692287445068 -0.26908481121063232422 -0.3047567903995513916 -0.32874411344528198242 -0.30589640140533447266 -0.28304809331893920898 -0.26020041108131408691 -0.23735208809375762939 -0.2307332158088684082 -0.28916087746620178223 -0.34758913516998291016 -0.40601742267608642578 -0.46444505453109741211 -0.50863653421401977539 -0.49576684832572937012 -0.48289656639099121094 -0.47002628445625305176 -0.45715659856796264648 -0.44363537430763244629 -0.42750602960586547852 -0.41137665510177612305 -0.39524668455123901367 -0.3791173398494720459 -0.35574552416801452637 -0.30334672331809997559 -0.2509479224681854248 -0.19854849576950073242 -0.14614969491958618164 -0.099697664380073547363 -0.077079385519027709961
-0.15326096117496490479 -0.15326096117496490479 -0.15481713414192199707 -0.16260918974876403809 -0.17040185630321502686 -0.17819453775882720947 -0.18598657846450805664 -0.1970949023962020874 -0.22149193286895751953 -0.24588896334171295166 -0.27028536796569824219 -0.29468238353729248047 -0.31092303991317749023 -0.29447162151336669922 -0.2780208289623260498 -0.26156944036483764648 -0.24511802196502685547 -0.24252295494079589844 -0.29546701908111572266 -0.34841042757034301758 -0.4013538658618927002 -0.45429793000221252441 -0.49482929706573486328 -0.48561036586761474609 -0.4763914644718170166 -0.46717256307601928711 -0.45795366168022155762 -0.44579586386680603027 -0.42185828089714050293 -0.39792135357856750488 -0.37398377060890197754 -0.3500461876392364502 -0.32339853048324584961 -0.28588625788688659668 -0.24837461113929748535 -0.21086296439170837402 -0.17335069179534912109 -0.13762897253036499023 -0.10908195376396179199
-0.18585726618766784668 -0.18585726618766784668 -0.18767331540584564209 -0.1967697441577911377 -0.2058661729097366333 -0.21496260166168212891 -0.22405903041362762451 -0.2338673323392868042 -0.24652934074401855469 -0.25919196009635925293 -0.27185398340225219727 -0.28451660275459289551 -0.2926667630672454834 -0.28273475170135498047 -0.27280271053314208984 -0.26287069916725158691 -0.25293868780136108398 -0.25438979268074035645 -0.3014666438102722168 -0.34854286909103393555 -0.3956190943717956543 -0.44269534945487976074 -0.47931233048439025879 -0.47400468587875366211 -0.46869766712188720703 -0.46338999271392822266 -0.45808297395706176758 -0.44749316573143005371 -0.41573306918144226074 -0.38397237658500671387 -0.3522122800350189209 -0.32045155763626098633 -0.29053673148155212402 -0.26801919937133789063 -0.24550162255764007568 -0.22298344969749450684 -0.20046588778495788574 -0.1755727231502532959 -0.14115850627422332764
-0.21845357120037078857 -0.21845357120037078857 -0.22053012251853942871 -0.23093031346797943115 -0.24133048951625823975 -0.25173068046569824219 -0.26213085651397705078 -0.27063912153244018555 -0.27156737446784973145 -0.27249497175216674805 -0.27342256903648376465 -0.27435019612312316895 -0.27441111207008361816 -0.27099847793579101563 -0.26758521795272827148 -0.26417258381843566895 -0.26075994968414306641 -0.26625660061836242676 -0.30746564269065856934 -0.34867528080940246582 -0.3898843228816986084 -0.43109336495399475098 -0.4637947380542755127 -0.46239897608757019043 -0.46100321412086486816 -0.4596080780029296875 -0.45821228623390197754 -0.44919109344482421875 -0.40960723161697387695 -0.37002402544021606445 -0.33044016361236572266 -0.29085692763328552246 -0.25767496228218078613 -0.25015148520469665527 -0.24262802302837371826 -0.23510456085205078125 -0.22758108377456665039 -0.21351709961891174316 -0.17323504388332366943
-0.25104925036430358887 -0.25104925036430358887 -0.25338631868362426758 -0.26509025692939758301 -0.27679479122161865234 -0.28849872946739196777 -0.3002026677131652832 -0.30741155147552490234 -0.29660475254058837891 -0.28579798340797424316 -0.27499055862426757813 -0.26418378949165344238 -0.25615483522415161133 -0.25926160812377929688 -0.26236772537231445313 -0.26547446846961975098 -0.26858061552047729492 -0.27812343835830688477 -0.31346526741981506348 -0.34880709648132324219 -0.3841489255428314209 -0.4194907844066619873 -0.4482778012752532959 -0.45079389214515686035 -0.4533093869686126709 -0.45582550764083862305 -0.45834100246429443359 -0.45088839530944824219 -0.40348201990127563477 -0.35607567429542541504 -0.30866867303848266602 -0.26126229763031005859 -0.22481317818164825439 -0.23228380084037780762 -0.23975504934787750244 -0.24722567200660705566 -0.25469627976417541504 -0.25146085023880004883 -0.20531159639358520508
-0.28364557027816772461 -0.28364557027816772461 -0.28624314069747924805 -0.29925081133842468262 -0.31225851178169250488 -0.32526680827140808105 -0.33827447891235351563 -0.34418398141860961914 -0.32164216041564941406 -0.29910096526145935059 -0.2765591740608215332 -0.25401735305786132813 -0.23789919912815093994 -0.24752470850944519043 -0.25715023279190063477 -0.26677572727203369141 -0.27640125155448913574 -0.28999024629592895508 -0.31946489214897155762 -0.34893953800201416016 -0.378414154052734375 -0.40788817405700683594 -0.43276083469390869141 -0.43918821215629577637 -0.44561555981636047363 -0.45204293727874755859 -0.45847031474113464355 -0.45258632302284240723 -0.39735680818557739258 -0.34212669730186462402 -0.28689718246459960938 -0.23166766762733459473 -0.19195139408111572266 -0.21441672742366790771 -0.23688143491744995117 -0.25934678316116333008 -0.28181147575378417969 -0.28940460085868835449 -0.23738875985145568848
-0.26213023066520690918 -0.26213023066520690918 -0.26422542333602905273 -0.27471762895584106445 -0.28520983457565307617 -0.29570138454437255859 -0.30619359016418457031 -0.31194141507148742676 -0.29867324233055114746 -0.28540503978729248047 -0.27213686704635620117 -0.25886866450309753418 -0.25287154316902160645 -0.27601888775825500488 -0.29916688799858093262 -0.32231423258781433105 -0.34546160697937011719 -0.36641305685043334961 -0.37856152653694152832 -0.39070937037467956543 -0.40285781025886535645 -0.41500627994537353516 -0.4248860776424407959 -0.42567628622055053711 -0.42646586894989013672 -0.42725548148155212402 -0.42804569005966186523 -0.41812112927436828613 -0.36525416374206542969 -0.31238719820976257324 -0.2595196068286895752 -0.2066526561975479126 -0.16762711107730865479 -0.18407851457595825195 -0.20052930712699890137 -0.21698071062564849854 -0.23343212902545928955 -0.23910845816135406494 -0.20159618556499481201
-0.23931299149990081787 -0.23931299149990081787 -0.24088719487190246582 -0.24877189099788665771 -0.25665658712387084961 -0.26454064249992370605 -0.2724253237247467041 -0.27803826332092285156 -0.27454915642738342285 -0.27105942368507385254 -0.26757031679153442383 -0.26408058404922485352 -0.26864400506019592285 -0.30548173189163208008 -0.34231942892074584961 -0.37915775179862976074 -0.41599544882774353027 -0.44438889622688293457 -0.43893516063690185547 -0.43348139524459838867 -0.42802765965461730957 -0.42257389426231384277 -0.41719537973403930664 -0.41211774945259094238 -0.40704014897346496582 -0.40196254849433898926 -0.3968855440616607666 -0.38278612494468688965 -0.33252665400505065918 -0.28226721286773681641 -0.23200775682926177979 -0.18174830079078674316 -0.14350798726081848145 -0.15344001352787017822 -0.163372039794921875 -0.17330406606197357178 -0.18323607742786407471 -0.18668851256370544434 -0.16417095065116882324
-0.21649576723575592041 -0.21649576723575592041 -0.21754959225654602051 -0.22282615303993225098 -0.22810271382331848145 -0.23337990045547485352 -0.23865646123886108398 -0.24413508176803588867 -0.25042444467544555664 -0.25671440362930297852 -0.26300373673439025879 -0.26929309964179992676 -0.28441587090492248535 -0.33494454622268676758 -0.3854725956916809082 -0.43600124120712280273 -0.48652929067611694336 -0.52236479520797729492 -0.49930879473686218262 -0.47625344991683959961 -0.453197479248046875 -0.43014213442802429199 -0.40950465202331542969 -0.39855983853340148926 -0.38761505484580993652 -0.37667024135589599609 -0.36572542786598205566 -0.34745112061500549316 -0.29979917407035827637 -0.25214722752571105957 -0.20449589192867279053 -0.15684394538402557373 -0.11938887089490890503 -0.12280151247978210449 -0.12621414661407470703 -0.12962740659713745117 -0.13304004073143005371 -0.13426919281482696533 -0.12674571573734283447
-0.19367854297161102295 -0.19367854297161102295 -0.19421134889125823975 -0.19688041508197784424 -0.19954946637153625488 -0.20221851766109466553 -0.20488758385181427002 -0.21023191511631011963 -0.22630034387111663818 -0.24236877262592315674 -0.25843718647956848145 -0.2745049893856048584 -0.30018836259841918945 -0.36440673470497131348 -0.4286257624626159668 -0.49284413456916809082 -0.55706310272216796875 -0.60034060478210449219 -0.55968308448791503906 -0.51902550458908081055 -0.47836792469024658203 -0.43770974874496459961 -0.40181395411491394043 -0.38500133156776428223 -0.36818930506706237793 -0.35137730836868286133 -0.33456528186798095703 -0.31211549043655395508 -0.26707169413566589355 -0.22202785313129425049 -0.17698341608047485352 -0.1319395899772644043 -0.095269754528999328613 -0.092163003981113433838 -0.089056879281997680664 -0.085950128734111785889 -0.082844004034996032715 -0.081849865615367889404 -0.089320488274097442627
-0.17086130380630493164 -0.17086130380630493164 -0.17087374627590179443 -0.17093528807163238525 -0.17099621891975402832 -0.17105777561664581299 -0.17111870646476745605 -0.17632874846458435059 -0.20217624306678771973 -0.22802312672138214111 -0.2538706362247467041 -0.27971753478050231934 -0.31596022844314575195 -0.39386957883834838867 -0.47177830338478088379 -0.54968762397766113281 -0.62759697437286376953 -0.67831647396087646484 -0.62005668878555297852 -0.56179690361022949219 -0.50353777408599853516 -0.44527798891067504883 -0.39412322640419006348 -0.3714434206485748291 -0.34876421093940734863 -0.32608437538146972656 -0.30340516567230224609 -0.27678051590919494629 -0.23434418439865112305 -0.19190786778926849365 -0.14947155117988586426 -0.10703524202108383179 -0.071150638163089752197 -0.061525125056505203247 -0.051898989826440811157 -0.042273476719856262207 -0.032647963613271713257 -0.029429925605654716492 -0.051895260810852050781
-0.17032538354396820068 -0.17032538354396820068 -0.17032538354396820068 -0.17032538354396820068 -0.17032538354396820068 -0.17032538354396820068 -0.17032538354396820068 -0.17532590031623840332 -0.19899116456508636475 -0.22057986259460449219 -0.24035499989986419678 -0.2585354149341583252 -0.28819224238395690918 -0.368968963623046875 -0.44974631071090698242 -0.53052365779876708984 -0.61130100488662719727 -0.66474181413650512695 -0.60861515998840332031 -0.55248850584030151367 -0.49636182188987731934 -0.4402351677417755127 -0.39075908064842224121 -0.36794185638427734375 -0.34512463212013244629 -0.32230740785598754883 -0.29948955774307250977 -0.27340269088745117188 -0.23421114683151245117 -0.19501897692680358887 -0.15582680702209472656 -0.11663464456796646118 -0.082680486142635345459 -0.06971880793571472168 -0.056756511330604553223 -0.043794833123683929443 -0.030833153054118156433 -0.023998554795980453491 -0.0417232513427734375
-0.17032538354396820068 -0.17032538354396820068 -0.17032538354396820068 -0.17032538354396820068 -0.17032538354396820068 -0.17032538354396820068 -0.17032538354396820068 -0.17498520016670227051 -0.19515761733055114746 -0.21123412251472473145 -0.22434626519680023193 -0.2352450639009475708 -0.25937598943710327148 -0.34276083111763000488 -0.42614570260047912598 -0.50953114032745361328 -0.59291601181030273438 -0.64896434545516967773 -0.59544521570205688477 -0.54192602634429931641 -0.48840752243995666504 -0.43488836288452148438 -0.38749939203262329102 -0.36468216776847839355 -0.34186494350433349609 -0.31904771924018859863 -0.29623049497604370117 -0.2707939445972442627 -0.23486208915710449219 -0.19892960786819458008 -0.16299714148044586182 -0.12706466019153594971 -0.095068320631980895996 -0.07884632796049118042 -0.062624953687191009521 -0.046403583139181137085 -0.030182210728526115417 -0.019697476178407669067 -0.032206539064645767212
-0.17032538354396820068 -0.17032538354396820068 -0.17032538354396820068 -0.17032538354396820068 -0.17032538354396820068 -0.17032538354396820068 -0.17032538354396820068 -0.17433923482894897461 -0.18919654190540313721 -0.19874683022499084473 -0.205402374267578125 -0.21030589938163757324 -0.23056037724018096924 -0.31655272841453552246 -0.40254509449005126953 -0.4885380864143371582 -0.57453042268753051758 -0.63318687677383422852 -0.58227586746215820313 -0.53136420249938964844 -0.48045319318771362305 -0.42954155802726745605 -0.38424032926559448242 -0.36142247915267944336 -0.3386052548885345459 -0.31578803062438964844 -0.29297077655792236328 -0.26818519830703735352 -0.2355124056339263916 -0.20284025371074676514 -0.17016746103763580322 -0.13749468326568603516 -0.10745552182197570801 -0.087974458932876586914 -0.06849339604377746582 -0.049012329429388046265 -0.029531266540288925171 -0.015396396629512310028 -0.022690448909997940063
-0.17032538354396820068 -0.17032538354396820068 -0.17032538354396820068 -0.17032538354396820068 -0.17032538354396820068 -0.17032538354396820068 -0.17032538354396820068 -0.17264379560947418213 -0.1786527484655380249 -0.18121485412120819092 -0.18263487517833709717 -0.18353761732578277588 -0.20174415409564971924 -0.29034462571144104004 -0.37894511222839355469 -0.46754497289657592773 -0.55614548921585083008 -0.6174094080924987793 -0.56910592317581176758 -0.52080237865447998047 -0.47249886393547058105 -0.42419534921646118164 -0.38098064064979553223 -0.35816341638565063477 -0.3353455662727355957 -0.31252834200859069824 -0.28971108794212341309 -0.26557645201683044434 -0.23616334795951843262 -0.20675025880336761475 -0.17733716964721679688 -0.14792409539222717285 -0.11984335631132125854 -0.097102597355842590332 -0.074361838400363922119 -0.051621079444885253906 -0.028880322352051734924 -0.011095318011939525604 -0.013173737563192844391
