INPUT/RASTER/ASCII_standard/silt.asc
ncols        225
nrows        269
xllcorner    473009.983799999987
yllcorner    4429051.174800000153
cellsize     50.000000000000
NODATA_value  -9999
[rows 153 to 169 of 269, columns 117 to 155 of 225]
-0.21230535209178924561 -0.20188963413238525391 -0.19147452712059020996 -0.18105880916118621826 -0.17064370214939117432 -0.16813506186008453369 -0.19731810688972473145 -0.2265017777681350708 -0.25568544864654541016 -0.28486850857734680176 -0.29910221695899963379 -0.25341492891311645508 -0.20772761106491088867 -0.16204030811786651611 -0.11635299772024154663 -0.07842044532299041748 -0.071570925414562225342 -0.064721405506134033203 -0.057871881872415542603 -0.051022361963987350464 -0.043745715171098709106 -0.034756846725940704346 -0.025767356157302856445 -0.016778485849499702454 -0.007788995746523141861 -0.0044037145562469959259 -0.023478172719478607178 -0.042552009224891662598 -0.061626467853784561157 -0.080700926482677459717 -0.090886607766151428223 -0.065446332097053527832 -0.040006052702665328979 -0.014565775170922279358 0.010874503292143344879 0.017633251845836639404 -0.050488922744989395142 -0.11861047893762588501 -0.18673202395439147949
-0.14046341180801391602 -0.1293961256742477417 -0.11832883954048156738 -0.10726154595613479614 -0.096194259822368621826 -0.094465248286724090576 -0.13016830384731292725 -0.16587074100971221924 -0.20157317817211151123 -0.23727624118328094482 -0.26271528005599975586 -0.24701614677906036377 -0.23131763935089111328 -0.21561852097511291504 -0.19991938769817352295 -0.18325410783290863037 -0.16271425783634185791 -0.1421743929386138916 -0.12163453549146652222 -0.10109467804431915283 -0.081689462065696716309 -0.066833391785621643066 -0.051976706832647323608 -0.037120014429092407227 -0.022263947874307632446 -0.01275096554309129715 -0.024653850123286247253 -0.036556735634803771973 -0.048460241407155990601 -0.060363125056028366089 -0.064939625561237335205 -0.040151536464691162109 -0.015362823382019996643 0.0094252675771713256836 0.034213978797197341919 0.043184198439121246338 -0.011247639544308185577 -0.065678857266902923584 -0.12011007219552993774
-0.068622089922428131104 -0.056902617216110229492 -0.045183140784502029419 -0.033463664352893829346 -0.021744808182120323181 -0.020796060562133789063 -0.063017882406711578369 -0.10523970425128936768 -0.14746153354644775391 -0.18968334794044494629 -0.22632831335067749023 -0.24061737954616546631 -0.25490704178810119629 -0.26919671893119812012 -0.28348639607429504395 -0.28808778524398803711 -0.25385758280754089355 -0.21962738037109375 -0.18539719283580780029 -0.15116699039936065674 -0.11963321268558502197 -0.098909318447113037109 -0.078186057507991790771 -0.05746216699481010437 -0.036738276481628417969 -0.021097594872117042542 -0.025829527527093887329 -0.030561460182070732117 -0.035293392837047576904 -0.040025327354669570923 -0.038993265479803085327 -0.014856740832328796387 0.0092797838151454925537 0.033416308462619781494 0.057552836835384368896 0.068735145032405853271 0.027994263917207717896 -0.012747235596179962158 -0.053488112986087799072
0.0032198512926697731018 0.015590893104672431946 0.027962556108832359314 0.040333598852157592773 0.052704639732837677002 0.052873749285936355591 0.004132540430873632431 -0.044608667492866516113 -0.093349874019622802734 -0.14209108054637908936 -0.18994073569774627686 -0.2342192232608795166 -0.2784970700740814209 -0.32277557253837585449 -0.36705341935157775879 -0.39292144775390625 -0.34500092267990112305 -0.2970803678035736084 -0.24915921688079833984 -0.20123869180679321289 -0.15757696330547332764 -0.13098587095737457275 -0.10439478605985641479 -0.077804319560527801514 -0.051213230937719345093 -0.029444225132465362549 -0.027005206793546676636 -0.024566186591982841492 -0.022127168253064155579 -0.019687527790665626526 -0.013046284206211566925 0.01043805386871099472 0.033923014998435974121 0.057407353073358535767 0.08089230954647064209 0.094286084175109863281 0.067235544323921203613 0.040185008198022842407 0.013134465552866458893
0.075061798095703125 0.088084399700164794922 0.10110763460397720337 0.11413086205720901489 0.12715408205986022949 0.12654294073581695557 0.071282342076301574707 0.016022369265556335449 -0.039238225668668746948 -0.094498820602893829346 -0.15355378389358520508 -0.22782045602798461914 -0.3020871281623840332 -0.37635377049446105957 -0.45062044262886047363 -0.49775511026382446289 -0.43614423274993896484 -0.37453338503837585449 -0.31292188167572021484 -0.2513110041618347168 -0.19552069902420043945 -0.1630624234676361084 -0.1306041330099105835 -0.098145842552185058594 -0.065687559545040130615 -0.037791475653648376465 -0.028180884197354316711 -0.018570913001894950867 -0.0089603215456008911133 0.00064964895136654376984 0.012900697998702526093 0.035732850432395935059 0.058565620332956314087 0.081398397684097290039 0.10423116385936737061 0.11983703076839447021 0.10647682845592498779 0.093116626143455505371 0.079756423830986022949
0.032059710472822189331 0.044461838901042938232 0.056863967329263687134 0.069265469908714294434 0.081667602062225341797 0.080401152372360229492 0.024350969120860099792 -0.031699214130640029907 -0.087749399244785308838 -0.14379896223545074463 -0.20070400834083557129 -0.26103287935256958008 -0.32136237621307373047 -0.38169190287590026855 -0.44202077388763427734 -0.47908166050910949707 -0.42287790775299072266 -0.36667478084564208984 -0.31047165393829345703 -0.25426793098449707031 -0.20354093611240386963 -0.17476448416709899902 -0.14598804712295532227 -0.11721160262823104858 -0.088435158133506774902 -0.062943272292613983154 -0.050618242472410202026 -0.038293205201625823975 -0.025967551395297050476 -0.013642516918480396271 0.0016674093203619122505 0.028941148892045021057 0.056214887648820877075 0.083488628268241882324 0.11076236516237258911 0.12896952033042907715 0.11083821207284927368 0.092706911265850067139 0.074575610458850860596
-0.01370468921959400177 -0.0019547482952475547791 0.0097951926290988922119 0.021545132622122764587 0.033295072615146636963 0.031377058476209640503 -0.025325311347842216492 -0.082027055323123931885 -0.13872942328453063965 -0.19543117284774780273 -0.2498636394739151001 -0.2951984107494354248 -0.34053382277488708496 -0.38586860895156860352 -0.43120402097702026367 -0.45743575692176818848 -0.40709984302520751953 -0.35676330327987670898 -0.30642735958099365234 -0.2560914456844329834 -0.2108411937952041626 -0.18597663938999176025 -0.16111145913600921631 -0.13624626398086547852 -0.11138170212507247925 -0.088499814271926879883 -0.073566652834415435791 -0.058634113520383834839 -0.043700952082872390747 -0.028767790645360946655 -0.010459295473992824554 0.021377267315983772278 0.053214453160762786865 0.085051640868186950684 0.11688882112503051758 0.13770659267902374268 0.11436027288436889648 0.091013334691524505615 0.06766640394926071167
-0.059469711035490036011 -0.04837133362889289856 -0.03727358207106590271 -0.02617520652711391449 -0.015077453106641769409 -0.017647655680775642395 -0.075001589953899383545 -0.13235552608966827393 -0.18970945477485656738 -0.24706339836120605469 -0.29902327060699462891 -0.32936459779739379883 -0.35970526933670043945 -0.39004597067832946777 -0.42038667201995849609 -0.43578985333442687988 -0.39132112264633178711 -0.34685239195823669434 -0.30238366127014160156 -0.25791496038436889648 -0.21814209222793579102 -0.19718816876411437988 -0.1762348562479019165 -0.15528155863285064697 -0.13432824611663818359 -0.11405635625123977661 -0.096515685319900512695 -0.078975021839141845703 -0.061434354633092880249 -0.043893687427043914795 -0.022586621344089508057 0.013813387602567672729 0.050214018672704696655 0.086614646017551422119 0.12301527708768844604 0.1464442908763885498 0.11788233369588851929 0.089319765567779541016 0.060757815837860107422
-0.10523410886526107788 -0.094787918031215667725 -0.08434235304594039917 -0.073896169662475585938 -0.063449978828430175781 -0.066671743988990783691 -0.12467786669731140137 -0.18268398940563201904 -0.24068948626518249512 -0.29869562387466430664 -0.34818351268768310547 -0.36353012919425964355 -0.37887671589851379395 -0.39422270655632019043 -0.40956932306289672852 -0.41414394974708557129 -0.37554243206977844238 -0.33694151043891906738 -0.29833999276161193848 -0.25973844528198242188 -0.22544236481189727783 -0.20840030908584594727 -0.19135826826095581055 -0.17431622743606567383 -0.15727479755878448486 -0.13961227238178253174 -0.11946409940719604492 -0.099315926432609558105 -0.079167135059833526611 -0.059018962085247039795 -0.034713950008153915405 0.0062495069578289985657 0.047213584184646606445 0.088177658617496490479 0.12914173305034637451 0.15518197417259216309 0.12140439450740814209 0.087626814842224121094 0.053849231451749801636
-0.15099912881851196289 -0.14120513200759887695 -0.13141050934791564941 -0.12161650508642196655 -0.11182250827550888062 -0.11569646000862121582 -0.17435415089130401611 -0.23301184177398681641 -0.29167014360427856445 -0.35032784938812255859 -0.39734312891960144043 -0.39769566059112548828 -0.39804756641387939453 -0.39840006828308105469 -0.39875259995460510254 -0.3924980461597442627 -0.35976433753967285156 -0.32703000307083129883 -0.2942962944507598877 -0.26156195998191833496 -0.23274263739585876465 -0.21961183845996856689 -0.20648168027400970459 -0.19335150718688964844 -0.18022134900093078613 -0.16516882181167602539 -0.14241251349449157715 -0.11965683847665786743 -0.096900537610054016113 -0.074144236743450164795 -0.046841274946928024292 -0.0013137519126757979393 0.044213149696588516235 0.089740671217441558838 0.1352681964635848999 0.16391904652118682861 0.12492645531892776489 0.08593323826789855957 0.04694064706563949585
-0.18963485956192016602 -0.17667317390441894531 -0.16371150314807891846 -0.15074981749057769775 -0.1377875208854675293 -0.13722299039363861084 -0.18634718656539916992 -0.2354707568883895874 -0.28459495306015014648 -0.33371913433074951172 -0.37303376197814941406 -0.37303376197814941406 -0.37303376197814941406 -0.37303376197814941406 -0.37303376197814941406 -0.36652559041976928711 -0.33392927050590515137 -0.30133295059204101563 -0.26873666048049926758 -0.23614096641540527344 -0.2082125544548034668 -0.1989936530590057373 -0.18977473676204681396 -0.18055583536624908447 -0.17133754491806030273 -0.15800470113754272461 -0.12818500399589538574 -0.098364695906639099121 -0.068544998764991760254 -0.038724683225154876709 -0.0079077444970607757568 0.026904383674263954163 0.061716511845588684082 0.09652926027774810791 0.13134139776229858398 0.15253654122352600098 0.11915065348148345947 0.085764132440090179443 0.052378237247467041016
-0.22809959948062896729 -0.21187824010848999023 -0.19565686583518981934 -0.17943549156188964844 -0.16321349143981933594 -0.15808738768100738525 -0.1974325031042098999 -0.2367782294750213623 -0.27612334489822387695 -0.3154684603214263916 -0.34695684909820556641 -0.34695684909820556641 -0.34695684909820556641 -0.34695684909820556641 -0.34695684909820556641 -0.34044864773750305176 -0.30785235762596130371 -0.27525603771209716797 -0.24265973269939422607 -0.21006403863430023193 -0.18291652202606201172 -0.17760948836803436279 -0.17230184376239776611 -0.16699481010437011719 -0.16168779134750366211 -0.15005348622798919678 -0.1130628436803817749 -0.076071575284004211426 -0.039080306887626647949 -0.0020890403538942337036 0.032254308462142944336 0.055983606725931167603 0.079713523387908935547 0.10344282537698745728 0.12717273831367492676 0.14066971838474273682 0.11315102130174636841 0.08563232421875 0.058113630861043930054
-0.26656436920166015625 -0.24708329141139984131 -0.22760222852230072021 -0.20812116563320159912 -0.18864010274410247803 -0.17895241081714630127 -0.20851844549179077148 -0.23808509111404418945 -0.26765114068984985352 -0.29721778631210327148 -0.32087993621826171875 -0.32087993621826171875 -0.32087993621826171875 -0.32087993621826171875 -0.32087993621826171875 -0.3143717348575592041 -0.28177541494369506836 -0.24917912483215332031 -0.21658280491828918457 -0.18398712575435638428 -0.15762047469615936279 -0.15622471272945404053 -0.15482893586158752441 -0.15343379974365234375 -0.15203802287578582764 -0.14210289716720581055 -0.097940057516098022461 -0.053777836263179779053 -0.009615617804229259491 0.034546602517366409302 0.072416365146636962891 0.085062831640243530273 0.097709916532039642334 0.11035700142383575439 0.12300408631563186646 0.12880226969718933105 0.10715139657258987427 0.085499897599220275879 0.06384839862585067749
-0.30502909421920776367 -0.28228834271430969238 -0.25954759120941162109 -0.2368068397045135498 -0.21406607329845428467 -0.19981743395328521729 -0.21960438787937164307 -0.2393919527530670166 -0.25917953252792358398 -0.27896711230278015137 -0.29480302333831787109 -0.29480302333831787109 -0.29480302333831787109 -0.29480302333831787109 -0.29480302333831787109 -0.28829482197761535645 -0.2556985020637512207 -0.22310219705104827881 -0.19050589203834533691 -0.15791019797325134277 -0.13232444226741790771 -0.13484054803848266602 -0.13735666871070861816 -0.13987214863300323486 -0.14238826930522918701 -0.13415168225765228271 -0.082817889750003814697 -0.031484719365835189819 0.019849073141813278198 0.071182243525981903076 0.11257841438055038452 0.11414267122745513916 0.1157069280743598938 0.11727118492126464844 0.11883543431758880615 0.11693545430898666382 0.10115177184343338013 0.085367470979690551758 0.069583170115947723389
-0.34349322319030761719 -0.3174934089183807373 -0.29149296879768371582 -0.26549249887466430664 -0.23949205875396728516 -0.2206818312406539917 -0.23069033026695251465 -0.24069881439208984375 -0.25070792436599731445 -0.26071643829345703125 -0.26872608065605163574 -0.26872608065605163574 -0.26872608065605163574 -0.26872608065605163574 -0.26872608065605163574 -0.26221787929534912109 -0.22962158918380737305 -0.1970252692699432373 -0.16442896425724029541 -0.13183328509330749512 -0.10702902078628540039 -0.11345639079809188843 -0.11988376826047897339 -0.12631113827228546143 -0.13273850083351135254 -0.12620046734809875488 -0.067695721983909606934 -0.0091909803450107574463 0.049313765019178390503 0.10781788825988769531 0.152740478515625 0.14322189986705780029 0.13370332121849060059 0.12418474256992340088 0.11466678231954574585 0.10506862401962280273 0.095152147114276885986 0.085235044360160827637 0.075318567454814910889
-0.32109877467155456543 -0.28992933034896850586 -0.25875926017761230469 -0.22758978605270385742 -0.19641971588134765625 -0.17291796207427978516 -0.18015046417713165283 -0.18738298118114471436 -0.19461548328399658203 -0.20184798538684844971 -0.20878018438816070557 -0.21450936794281005859 -0.22023916244506835938 -0.2259683459997177124 -0.23169814050197601318 -0.22964769601821899414 -0.19641473889350891113 -0.16318178176879882813 -0.12994946539402008057 -0.096716508269309997559 -0.070531405508518218994 -0.072594277560710906982 -0.074657157063484191895 -0.076720654964447021484 -0.078783527016639709473 -0.07151558995246887207 -0.026847910135984420776 0.017820391803979873657 0.062488071620464324951 0.10715574771165847778 0.14082452654838562012 0.13040943443775177002 0.1199937090277671814 0.10957860201597213745 0.099162884056568145752 0.089128896594047546387 0.080623105168342590332 0.072117313742637634277 0.063612148165702819824
-0.29724016785621643066 -0.26085507869720458984 -0.22446998953819274902 -0.1880849003791809082 -0.15169981122016906738 -0.12350343167781829834 -0.12812781333923339844 -0.13275280594825744629 -0.13737718760967254639 -0.14200218021869659424 -0.14801858365535736084 -0.15961559116840362549 -0.17121258378028869629 -0.18280896544456481934 -0.19440595805644989014 -0.19692145287990570068 -0.16303630173206329346 -0.12915179133415222168 -0.095267266035079956055 -0.061382751911878585815 -0.033764578402042388916 -0.031264007091522216797 -0.028763437643647193909 -0.026262870058417320251 -0.023762920871376991272 -0.015706013888120651245 0.014619139954447746277 0.044944915920495986938 0.075270071625709533691 0.10559584945440292358 0.12765581905841827393 0.11658853292465209961 0.10552123934030532837 0.094453953206539154053 0.083386667072772979736 0.073090933263301849365 0.0658895149827003479 0.058687478303909301758 0.051486063748598098755
