INPUT/RASTER/ASCII_standard/silt.asc
ncols        225
nrows        269
xllcorner    473009.983799999987
yllcorner    4429051.174800000153
cellsize     50.000000000000
NODATA_value  -9999
[rows 85 to 101 of 269, columns 39 to 77 of 225]
0.53007340431213378906 0.53146916627883911133 0.53286492824554443359 0.53438508510589599609 0.53640192747116088867 0.53841876983642578125 0.54043626785278320313 0.54245316982269287109 0.54341679811477661133 0.54015713930130004883 0.53689742088317871094 0.53363776206970214844 0.53037804365158081055 0.53015673160552978516 0.54211431741714477539 0.55407190322875976563 0.56602948904037475586 0.57798773050308227539 0.59437572956085205078 0.62852072715759277344 0.66266578435897827148 0.69681078195571899414 0.7309557795524597168 0.76142895221710205078 0.77718216180801391602 0.79293537139892578125 0.80868917703628540039 0.82444238662719726563 0.8238461613655090332 0.75771725177764892578 0.69158893823623657227 0.62546002864837646484 0.55933171510696411133 0.5011546015739440918 0.47484764456748962402 0.44854068756103515625 0.42223432660102844238 0.39592736959457397461 0.37598997354507446289
0.53124845027923583984 0.52873235940933227539 0.52621686458587646484 0.52408498525619506836 0.52349495887756347656 0.52290433645248413086 0.52231371402740478516 0.52172303199768066406 0.52059960365295410156 0.51733988523483276367 0.51408022642135620117 0.51082050800323486328 0.50756084918975830078 0.51098400354385375977 0.54119604825973510742 0.57140743732452392578 0.60161876678466796875 0.63183015584945678711 0.66074466705322265625 0.6844590306282043457 0.70817339420318603516 0.73188775777816772461 0.75560212135314941406 0.77681529521942138672 0.78800570964813232422 0.79919546842575073242 0.81038522720336914063 0.82157564163208007813 0.8142026066780090332 0.73242801427841186523 0.65065282583236694336 0.56887823343276977539 0.48710364103317260742 0.41835665702819824219 0.401828765869140625 0.38530087471008300781 0.36877301335334777832 0.35224512219429016113 0.34247723221778869629
0.53242290019989013672 0.52599555253982543945 0.5195681452751159668 0.51378554105758666992 0.51058739423751831055 0.50738924741744995117 0.5041911005973815918 0.50099229812622070313 0.4977817535400390625 0.4945220649242401123 0.49126234650611877441 0.48800265789031982422 0.48474296927452087402 0.49181196093559265137 0.54027712345123291016 0.58874231576919555664 0.63720810413360595703 0.68567323684692382813 0.72711354494094848633 0.74039727449417114258 0.75368100404739379883 0.76696473360061645508 0.78024846315383911133 0.79220235347747802734 0.79882931709289550781 0.80545562505722045898 0.81208193302154541016 0.81870824098587036133 0.80455911159515380859 0.70713824033737182617 0.60971736907958984375 0.51229649782180786133 0.41487562656402587891 0.33555933833122253418 0.32881051301956176758 0.32206171751022338867 0.31531229615211486816 0.30856350064277648926 0.30896452069282531738
0.51895391941070556641 0.51498109102249145508 0.51100826263427734375 0.50755894184112548828 0.50620919466018676758 0.50485944747924804688 0.50350970029830932617 0.50215989351272583008 0.50182729959487915039 0.50557005405426025391 0.50931286811828613281 0.51305621862411499023 0.51679903268814086914 0.52981168031692504883 0.57997971773147583008 0.63014715909957885742 0.68031460046768188477 0.73048204183578491211 0.77272689342498779297 0.78321909904479980469 0.79371124505996704102 0.80420345067977905273 0.81469565629959106445 0.82248771190643310547 0.81945806741714477539 0.81642776727676391602 0.81339812278747558594 0.81036847829818725586 0.78994297981262207031 0.69979381561279296875 0.60964399576187133789 0.51949477195739746094 0.42934560775756835938 0.35347986221313476563 0.33486548066139221191 0.3162504732608795166 0.29763609170913696289 0.27902108430862426758 0.27048918604850769043
0.50513237714767456055 0.50376707315444946289 0.50240176916122436523 0.50143003463745117188 0.50203621387481689453 0.50264239311218261719 0.50324857234954833984 0.5038540959358215332 0.50651884078979492188 0.51743257045745849609 0.52834689617156982422 0.53926122188568115234 0.55017554759979248047 0.56918787956237792969 0.62065905332565307617 0.67213022708892822266 0.72360205650329589844 0.77507323026657104492 0.81784093379974365234 0.82572561502456665039 0.83360970020294189453 0.84149438142776489258 0.84937846660614013672 0.85313117504119873047 0.84032243490219116211 0.82751369476318359375 0.81470495462417602539 0.80189627408981323242 0.77520692348480224609 0.69288086891174316406 0.61055421829223632813 0.52822816371917724609 0.44590207934379577637 0.37382450699806213379 0.34282290935516357422 0.31182131171226501465 0.28082036972045898438 0.2498187720775604248 0.23189449310302734375
0.49131086468696594238 0.4925530552864074707 0.49379587173461914063 0.49530169367790222168 0.49786320328712463379 0.5004253387451171875 0.50298678874969482422 0.50554895401000976563 0.51121032238006591797 0.5292956233024597168 0.54738092422485351563 0.56546622514724731445 0.58355152606964111328 0.60856342315673828125 0.66133898496627807617 0.71411395072937011719 0.7668889164924621582 0.81966447830200195313 0.86295503377914428711 0.86823159456253051758 0.87350875139236450195 0.87878531217575073242 0.88406187295913696289 0.88377463817596435547 0.86118745803833007813 0.83859968185424804688 0.81601244211196899414 0.79342466592788696289 0.76047086715698242188 0.68596792221069335938 0.61146438121795654297 0.53696149587631225586 0.46245855093002319336 0.39416852593421936035 0.35078033804893493652 0.30739217996597290039 0.26400461792945861816 0.22061644494533538818 0.19329980015754699707
0.47748872637748718262 0.48133903741836547852 0.48518937826156616211 0.48917275667190551758 0.49369019269943237305 0.49820762872695922852 0.50272566080093383789 0.50724309682846069336 0.51590186357498168945 0.54115808010101318359 0.56641435623168945313 0.59167122840881347656 0.6169274449348449707 0.6479390263557434082 0.70201832056045532227 0.75609767436981201172 0.81017637252807617188 0.86425566673278808594 0.90806913375854492188 0.91073817014694213867 0.91340720653533935547 0.91607630252838134766 0.91874533891677856445 0.91441816091537475586 0.88205188512802124023 0.84968560934066772461 0.81731933355331420898 0.78495305776596069336 0.74573475122451782227 0.67905497550964355469 0.6123746037483215332 0.54569482803344726563 0.47901505231857299805 0.41451254487037658691 0.35873776674270629883 0.30296364426612854004 0.2471888810396194458 0.19141474366188049316 0.15470512211322784424
0.46366718411445617676 0.47012501955032348633 0.4765828549861907959 0.48304381966590881348 0.4895171821117401123 0.49599057435989379883 0.50246393680572509766 0.50893729925155639648 0.52059274911880493164 0.55302059650421142578 0.58544838428497314453 0.61787623167037963867 0.65030401945114135742 0.68731522560119628906 0.74269825220108032227 0.79808074235916137695 0.85346382856369018555 0.90884685516357421875 0.95318317413330078125 0.95324474573135375977 0.95330566167831420898 0.9533672332763671875 0.95342814922332763672 0.94506222009658813477 0.90291690826416015625 0.86077153682708740234 0.81862616539001464844 0.77648085355758666992 0.73099869489669799805 0.67214208841323852539 0.61328482627868652344 0.55442816019058227539 0.49557089805603027344 0.43485656380653381348 0.36669519543647766113 0.29853448271751403809 0.23037314414978027344 0.16221241652965545654 0.11611042916774749756
0.51707690954208374023 0.50895410776138305664 0.50083130598068237305 0.49677643179893493652 0.50902497768402099609 0.52127355337142944336 0.53352212905883789063 0.5457713007926940918 0.56157422065734863281 0.5916239619255065918 0.62167370319366455078 0.65172344446182250977 0.68177318572998046875 0.71498066186904907227 0.76084512472152709961 0.80670964717864990234 0.85257411003112792969 0.89843863248825073242 0.93514513969421386719 0.93514513969421386719 0.93514513969421386719 0.93514513969421386719 0.93514513969421386719 0.92642980813980102539 0.88278114795684814453 0.83913308382034301758 0.79548501968383789063 0.75183635950088500977 0.70696789026260375977 0.65720701217651367188 0.60744684934616088867 0.55768597126007080078 0.50792515277862548828 0.4565932154655456543 0.39896386861801147461 0.34133389592170715332 0.28370392322540283203 0.22607454657554626465 0.18396401405334472656
0.57210373878479003906 0.54898685216903686523 0.52586996555328369141 0.51098650693893432617 0.52910226583480834961 0.54721802473068237305 0.56533443927764892578 0.58345019817352294922 0.60342860221862792969 0.63087087869644165039 0.65831243991851806641 0.68575465679168701172 0.71319693326950073242 0.74236506223678588867 0.77845042943954467773 0.81453585624694824219 0.85062193870544433594 0.886707305908203125 0.91558760404586791992 0.91558760404586791992 0.91558760404586791992 0.91558760404586791992 0.91558760404586791992 0.90661180019378662109 0.8616593480110168457 0.81670755147933959961 0.77175509929656982422 0.72680330276489257813 0.6827132105827331543 0.64207988977432250977 0.60144597291946411133 0.5608119964599609375 0.52017867565155029297 0.47836410999298095703 0.43181693553924560547 0.3852697908878326416 0.33872264623641967773 0.29217612743377685547 0.25437909364700317383
0.6271311640739440918 0.58902019262313842773 0.55090856552124023438 0.52519661188125610352 0.54917955398559570313 0.57316315174102783203 0.59714609384536743164 0.62112969160079956055 0.64528298377990722656 0.6701170802116394043 0.69495183229446411133 0.71978592872619628906 0.7446206212043762207 0.76974880695343017578 0.79605579376220703125 0.82236212491989135742 0.8486690521240234375 0.87497603893280029297 0.89603006839752197266 0.89603006839752197266 0.89603006839752197266 0.89603006839752197266 0.89603006839752197266 0.88679373264312744141 0.84053754806518554688 0.79428136348724365234 0.74802583456039428711 0.70176964998245239258 0.65845918655395507813 0.62695211172103881836 0.59544509649276733398 0.56393867731094360352 0.53243160247802734375 0.50013494491577148438 0.46467065811157226563 0.42920571565628051758 0.39374139904975891113 0.35827708244323730469 0.32479420304298400879
0.68215864896774291992 0.62905293703079223633 0.57594788074493408203 0.53940671682357788086 0.56925690174102783203 0.59910768270492553711 0.6289584040641784668 0.65880858898162841797 0.68713742494583129883 0.70936399698257446289 0.73159056901931762695 0.75381720066070556641 0.77604436874389648438 0.79713320732116699219 0.81366109848022460938 0.83018898963928222656 0.84671688079833984375 0.86324477195739746094 0.87647187709808349609 0.87647187709808349609 0.87647187709808349609 0.87647187709808349609 0.87647187709808349609 0.86697572469711303711 0.81941574811935424805 0.77185583114624023438 0.7242959141731262207 0.67673659324645996094 0.63420450687408447266 0.61182439327239990234 0.58944481611251831055 0.56706470251083374023 0.54468512535095214844 0.5219052433967590332 0.49752372503280639648 0.47314223647117614746 0.44876015186309814453 0.42437866330146789551 0.39520990848541259766
0.73718547821044921875 0.66908568143844604492 0.600986480712890625 0.5536168217658996582 0.58933418989181518555 0.6250521540641784668 0.66077011823654174805 0.6964880824089050293 0.7289918065071105957 0.74861025810241699219 0.76822930574417114258 0.78784841299057006836 0.80746752023696899414 0.82451701164245605469 0.83126580715179443359 0.8380152583122253418 0.8447640538215637207 0.85151284933090209961 0.85691434144973754883 0.85691434144973754883 0.85691434144973754883 0.85691434144973754883 0.85691434144973754883 0.84715765714645385742 0.79829400777816772461 0.74943029880523681641 0.7005665898323059082 0.65170294046401977539 0.60994988679885864258 0.59669721126556396484 0.5834439396858215332 0.57019132375717163086 0.55693805217742919922 0.54367607831954956055 0.53037679195404052734 0.51707816123962402344 0.50377887487411499023 0.49048024415969848633 0.46562498807907104492
0.76903754472732543945 0.69421947002410888672 0.6194019317626953125 0.56719088554382324219 0.60559344291687011719 0.64399540424346923828 0.68239736557006835938 0.72079998254776000977 0.75454956293106079102 0.76965123414993286133 0.78475224971771240234 0.79985386133193969727 0.81495553255081176758 0.82669055461883544922 0.82493418455123901367 0.82317781448364257813 0.82142084836959838867 0.81966447830200195313 0.81736844778060913086 0.81291258335113525391 0.80845606327056884766 0.80400013923645019531 0.79954361915588378906 0.78773963451385498047 0.74648457765579223633 0.70522952079772949219 0.66397446393966674805 0.6227194666862487793 0.58824306726455688477 0.58093404769897460938 0.57362449169158935547 0.56631553173065185547 0.55900651216506958008 0.55017244815826416016 0.53522378206253051758 0.52027565240859985352 0.50532698631286621094 0.49037888646125793457 0.46460473537445068359
0.80033200979232788086 0.71899509429931640625 0.63765758275985717773 0.58075004816055297852 0.62176012992858886719 0.66277021169662475586 0.70377969741821289063 0.7447897791862487793 0.77971506118774414063 0.79025322198867797852 0.8007914423942565918 0.81132900714874267578 0.82186722755432128906 0.82825791835784912109 0.8180262446403503418 0.80779516696929931641 0.79756343364715576172 0.78733175992965698242 0.77734190225601196289 0.76832258701324462891 0.75930261611938476563 0.75028270483016967773 0.74126332998275756836 0.72736907005310058594 0.69393718242645263672 0.6605052947998046875 0.62707334756851196289 0.59364145994186401367 0.56659716367721557617 0.56515538692474365234 0.56371361017227172852 0.56227183341979980469 0.56083005666732788086 0.55630081892013549805 0.53939676284790039063 0.52249276638031005859 0.50558871030807495117 0.48868468403816223145 0.46186605095863342285
0.83162641525268554688 0.74377012252807617188 0.65591382980346679688 0.59430980682373046875 0.63792741298675537109 0.68154501914978027344 0.72516256570816040039 0.76878017187118530273 0.80488115549087524414 0.810855865478515625 0.81683003902435302734 0.82280480861663818359 0.82877892255783081055 0.82982528209686279297 0.81111890077590942383 0.7924124598503112793 0.77370548248291015625 0.75499904155731201172 0.73731541633605957031 0.72373199462890625 0.71014922857284545898 0.69656580686569213867 0.68298244476318359375 0.6669979095458984375 0.64138913154602050781 0.61578041315078735352 0.59017163515090942383 0.56456285715103149414 0.54495126008987426758 0.54937666654586791992 0.55380272865295410156 0.55822813510894775391 0.56265354156494140625 0.56242972612380981445 0.54356974363327026367 0.52470982074737548828 0.5058498382568359375 0.48698988556861877441 0.45912674069404602051
0.86292147636413574219 0.7685458064079284668 0.67416948080062866211 0.60786896944046020508 0.6540940403938293457 0.70031917095184326172 0.74654489755630493164 0.79276996850967407227 0.83004659414291381836 0.83145791292190551758 0.8328692317008972168 0.83427995443344116211 0.83569121360778808594 0.83139264583587646484 0.80421090126037597656 0.77702981233596801758 0.7498480677604675293 0.72266638278961181641 0.69728887081146240234 0.67914205789566040039 0.66099518537521362305 0.642848968505859375 0.62470209598541259766 0.60662740468978881836 0.5888417363166809082 0.57105612754821777344 0.55327051877975463867 0.53548491001129150391 0.52330535650253295898 0.5335986018180847168 0.54389119148254394531 0.55418443679809570313 0.56447708606719970703 0.56855869293212890625 0.54774278402328491211 0.52692687511444091797 0.50611156225204467773 0.48529568314552307129 0.45638805627822875977
