INPUT/RASTER/ASCII_standard/slope.asc
ncols        225
nrows        269
xllcorner    473009.983799999987
yllcorner    4429051.174800000153
cellsize     50.000000000000
NODATA_value  -9999
[rows 57 to 75 of 269, columns 82 to 122 of 225]
-0.62756866216659545898 -0.91309779882431030273 -0.93029695749282836914 -0.57241213321685791016 -0.38824498653411865234 -0.31296187639236450195 -0.16522121429443359375 -0.86971926689147949219 -0.86533892154693603516 -0.44468009471893310547 -0.33649405837059020996 -0.13706347346305847168 -9999 -9999 -9999 -9999 -9999 -9999 -9999 -9999 -9999 -9999 -9999 -9999 -9999 -9999 -9999 -9999 -9999 -9999 -9999 -9999 -9999 -9999 -9999 -9999 -9999 -9999 -9999 -9999 -9999
-0.47129046916961669922 -0.60151213407516479492 -0.6294231414794921875 -0.49327552318572998047 -0.40098878741264343262 -0.33380120992660522461 -0.25010120868682861328 -0.85101640224456787109 -0.9573929905891418457 -0.68391436338424682617 -0.36250856518745422363 -0.3511193394660949707 -9999 -9999 -9999 -9999 -9999 -9999 -9999 -9999 -9999 -9999 -9999 -9999 -9999 -9999 -9999 -9999 -9999 -9999 -9999 -9999 -9999 -9999 -9999 -9999 -9999 -9999 -9999 -9999 -9999
-0.54891729354858398438 -0.58781450986862182617 -0.57169705629348754883 -0.567424774169921875 -0.46791556477546691895 -0.35528618097305297852 -0.34284561872482299805 -0.82234901189804077148 -0.84306275844573974609 -0.71926170587539672852 -0.45203518867492675781 -0.44137620925903320313 -0.57415688037872314453 -9999 -9999 -9999 -9999 -9999 -9999 -9999 -9999 -9999 -9999 -9999 -9999 -9999 -9999 -9999 -9999 -9999 -9999 -9999 -9999 -9999 -9999 -9999 -9999 -9999 -9999 -9999 -9999
-0.61330962181091308594 -0.67308634519577026367 -0.7114315032958984375 -0.70908397436141967773 -0.604770660400390625 -0.3598334193229675293 -0.41674944758415222168 -0.69635814428329467773 -0.66409546136856079102 -0.52590954303741455078 -0.37921726703643798828 -0.52092063426971435547 -0.55386263132095336914 -0.55249160528182983398 -9999 -9999 -9999 -9999 -9999 -9999 -9999 -9999 -9999 -9999 -9999 -9999 -9999 -9999 -9999 -9999 -9999 -9999 -9999 -9999 -9999 -9999 -9999 -9999 -9999 -9999 -9999
-0.69502800703048706055 -0.7879078984260559082 -0.8130410313606262207 -0.80461907386779785156 -0.68939381837844848633 -0.36964520812034606934 -0.44551709294319152832 -0.53563678264617919922 -0.48865658044815063477 -0.31877064704895019531 -0.12402916699647903442 -0.44756805896759033203 -0.56209075450897216797 -0.55104076862335205078 -0.64797925949096679688 -9999 -9999 -9999 -9999 -9999 -9999 -9999 -9999 -9999 -9999 -9999 -9999 -9999 -9999 -9999 -9999 -9999 -9999 -9999 -9999 -9999 -9999 -9999 -9999 -9999 -9999
-0.63101619482040405273 -0.86880576610565185547 -0.90072786808013916016 -0.8739350438117980957 -0.64664500951766967773 -0.38362658023834228516 -0.45746394991874694824 -0.40613692998886108398 -0.42637223005294799805 -0.58540630340576171875 -0.23175838589668273926 -0.18705679476261138916 -0.54115527868270874023 -0.51751840114593505859 -0.41649383306503295898 -9999 -9999 -9999 -9999 -9999 -9999 -9999 -9999 -9999 -9999 -9999 -9999 -9999 -9999 -9999 -9999 -9999 -9999 -9999 -9999 -9999 -9999 -9999 -9999 -9999 -9999
-0.45328375697135925293 -0.76823258399963378906 -0.83784258365631103516 -0.78302758932113647461 -0.52105820178985595703 -0.39558684825897216797 -0.40858235955238342285 -0.19346691668033599854 -0.41918405890464782715 -0.66658294200897216797 -0.55040538311004638672 -0.14133940637111663818 -0.13702875375747680664 -0.2685915827751159668 -0.2405849844217300415 -0.42550644278526306152 -9999 -9999 -9999 -9999 -9999 -9999 -9999 -9999 -9999 -9999 -9999 -9999 -9999 -9999 -9999 -9999 -9999 -9999 -9999 -9999 -9999 -9999 -9999 -9999 -9999
-0.3809013664722442627 -0.56352353096008300781 -0.75358319282531738281 -0.6702448725700378418 -0.46429580450057983398 -0.38322100043296813965 -0.28290399909019470215 -0.17376735806465148926 -0.53262448310852050781 -0.55278241634368896484 -0.55273139476776123047 -0.47294640541076660156 -0.35312023758888244629 -0.3508847653865814209 -0.28052756190299987793 -0.37925603985786437988 -0.47661790251731872559 -0.55943876504898071289 -0.46582064032554626465 -9999 -9999 -9999 -9999 -9999 -9999 -9999 -9999 -9999 -9999 -9999 -9999 -9999 -9999 -9999 -9999 -9999 -9999 -9999 -9999 -9999 -9999
-0.45375385880470275879 -0.50850659608840942383 -0.59871280193328857422 -0.54969042539596557617 -0.52156966924667358398 -0.43819645047187805176 -0.28739538788795471191 -0.25875449180603027344 -0.43671432137489318848 -0.36983159184455871582 -0.45758977532386779785 -0.46097829937934875488 -0.39586159586906433105 -0.39765891432762145996 -0.29635229706764221191 -0.34505382180213928223 -0.40759587287902832031 -0.51049268245697021484 -0.61534237861633300781 -0.7448832392692565918 -0.70964169502258300781 -9999 -9999 -9999 -9999 -9999 -9999 -9999 -9999 -9999 -9999 -9999 -9999 -9999 -9999 -9999 -9999 -9999 -9999 -9999 -9999
-0.55949670076370239258 -0.55940598249435424805 -0.58008038997650146484 -0.58973670005798339844 -0.61460125446319580078 -0.53765767812728881836 -0.34420192241668701172 -0.28256615996360778809 -0.36477071046829223633 -0.39615327119827270508 -0.69175893068313598633 -0.62022137641906738281 -0.44390821456909179688 -0.38264292478561401367 -0.34827134013175964355 -0.39402547478675842285 -0.43383648991584777832 -0.54479438066482543945 -0.63601094484329223633 -0.67648428678512573242 -0.64996516704559326172 -0.57691335678100585938 -0.49056488275527954102 -9999 -9999 -9999 -9999 -9999 -9999 -9999 -9999 -9999 -9999 -9999 -9999 -9999 -9999 -9999 -9999 -9999 -9999
-0.67831408977508544922 -0.64730226993560791016 -0.68360471725463867188 -0.7026303410530090332 -0.72953701019287109375 -0.69567859172821044922 -0.42808172106742858887 -0.35379400849342346191 -0.38617378473281860352 -0.3866303563117980957 -0.65251088142395019531 -0.90724194049835205078 -0.76808780431747436523 -0.49869707226753234863 -0.41740509867668151855 -0.40518519282341003418 -0.40921127796173095703 -0.53544205427169799805 -0.6193707585334777832 -0.70704805850982666016 -0.67794710397720336914 -0.61778080463409423828 -0.66953539848327636719 -0.8099924921989440918 -9999 -9999 -9999 -9999 -9999 -9999 -9999 -9999 -9999 -9999 -9999 -9999 -9999 -9999 -9999 -9999 -9999
-0.6804803013801574707 -0.68762880563735961914 -0.75494343042373657227 -0.7806733250617980957 -0.81870627403259277344 -0.80064415931701660156 -0.5133545994758605957 -0.46162253618240356445 -0.4462744593620300293 -0.41016149520874023438 -0.48556336760520935059 -0.74441885948181152344 -0.69791471958160400391 -0.71247869729995727539 -0.51041263341903686523 -0.35819140076637268066 -0.22891357541084289551 -0.3568210303783416748 -0.5208905339241027832 -0.63925278186798095703 -0.63692313432693481445 -0.591594696044921875 -0.60461014509201049805 -0.63620531558990478516 -9999 -9999 -9999 -9999 -9999 -9999 -9999 -9999 -9999 -9999 -9999 -9999 -9999 -9999 -9999 -9999 -9999
-0.76143211126327514648 -0.72053962945938110352 -0.89789110422134399414 -0.90414273738861083984 -0.92609417438507080078 -0.83729779720306396484 -0.57004839181900024414 -0.55068796873092651367 -0.518985748291015625 -0.4826024472713470459 -0.47680673003196716309 -0.5241292119026184082 -0.46559301018714904785 -0.84693866968154907227 -0.86537599563598632813 -0.72389703989028930664 -0.39793863892555236816 -0.27861830592155456543 -0.31765767931938171387 -0.28512752056121826172 -0.33639371395111083984 -0.31117272377014160156 -0.4228477776050567627 -0.5144227147102355957 -9999 -9999 -9999 -9999 -9999 -9999 -9999 -9999 -9999 -9999 -9999 -9999 -9999 -9999 -9999 -9999 -9999
-0.68725442886352539063 -0.57994854450225830078 -0.82544213533401489258 -0.94076699018478393555 -0.93486261367797851563 -0.78308987617492675781 -0.62376362085342407227 -0.5870926976203918457 -0.5507424473762512207 -0.56768393516540527344 -0.5523306727409362793 -0.60454583168029785156 -0.65628677606582641602 -0.92535382509231567383 -0.96465188264846801758 -0.95919716358184814453 -0.75948542356491088867 -0.35146960616111755371 -0.041864085942506790161 0.120972461998462677 -0.06633351743221282959 -0.32962027192115783691 -0.51793116331100463867 -0.54512453079223632813 -0.62070542573928833008 -9999 -9999 -9999 -9999 -9999 -9999 -9999 -9999 -9999 -9999 -9999 -9999 -9999 -9999 -9999 -9999
-0.63478004932403564453 -0.54031991958618164063 -0.56221151351928710938 -0.62992262840270996094 -0.64877450466156005859 -0.68212395906448364258 -0.68325006961822509766 -0.59967255592346191406 -0.55151361227035522461 -0.64052367210388183594 -0.63855528831481933594 -0.68381541967391967773 -0.65934920310974121094 -0.8344351649284362793 -0.94528067111968994141 -0.89487993717193603516 -0.50547719001770019531 -0.024377331137657165527 0.26978394389152526855 0.17299179732799530029 -0.10798178613185882568 -0.62770384550094604492 -0.84960252046585083008 -0.72015684843063354492 -0.714473724365234375 -0.70131433010101318359 -9999 -9999 -9999 -9999 -9999 -9999 -9999 -9999 -9999 -9999 -9999 -9999 -9999 -9999 -9999
-0.60365575551986694336 -0.5060494542121887207 -0.47146406769752502441 -0.44733858108520507813 -0.46023327112197875977 -0.49519437551498413086 -0.53540843725204467773 -0.49660900235176086426 -0.56366699934005737305 -0.7253964543342590332 -0.69716358184814453125 -0.72286546230316162109 -0.67004698514938354492 -0.70869904756546020508 -0.80567508935928344727 -0.73732328414916992188 -0.1409184187650680542 0.35247895121574401855 0.20145520567893981934 0.20771189033985137939 0.11458639800548553467 -0.32123675942420959473 -0.91489225625991821289 -0.88823407888412475586 -0.8012110590934753418 -0.7862548828125 -9999 -9999 -9999 -9999 -9999 -9999 -9999 -9999 -9999 -9999 -9999 -9999 -9999 -9999 -9999
-0.70781505107879638672 -0.70441448688507080078 -0.64701306819915771484 -0.59858292341232299805 -0.59582245349884033203 -0.59482294321060180664 -0.56273448467254638672 -0.62137955427169799805 -0.79171460866928100586 -0.79492932558059692383 -0.74391901493072509766 -0.78788048028945922852 -0.76265710592269897461 -0.777278900146484375 -0.7527071833610534668 -0.69585573673248291016 -0.054221693426370620728 0.27621594071388244629 -0.48094317317008972168 -0.34823468327522277832 0.093899302184581756592 -0.060716867446899414063 -0.78686690330505371094 -0.84043574333190917969 -0.89505171775817871094 -0.91288578510284423828 -9999 -9999 -9999 -9999 -9999 -9999 -9999 -9999 -9999 -9999 -9999 -9999 -9999 -9999 -9999
-0.58158028125762939453 -0.73450464010238647461 -0.87792593240737915039 -0.87801957130432128906 -0.8915913701057434082 -0.90599101781845092773 -0.91024482250213623047 -0.93174469470977783203 -0.86855018138885498047 -0.8017781376838684082 -0.752349853515625 -0.80499476194381713867 -0.80490976572036743164 -0.85400652885437011719 -0.75697046518325805664 -0.78976547718048095703 -0.41015529632568359375 0.46109277009963989258 -0.22397273778915405273 -0.54466992616653442383 -0.020598756149411201477 0.16452020406723022461 -0.046368014067411422729 -0.29729810357093811035 -0.50058114528656005859 -0.49180451035499572754 -9999 -9999 -9999 -9999 -9999 -9999 -9999 -9999 -9999 -9999 -9999 -9999 -9999 -9999 -9999
-0.42278087139129638672 -0.7396189570426940918 -0.88674515485763549805 -0.91213369369506835938 -0.92412203550338745117 -0.93627661466598510742 -0.93651872873306274414 -0.94115424156188964844 -0.85635244846343994141 -0.78229176998138427734 -0.73751473426818847656 -0.79209440946578979492 -0.78574186563491821289 -0.80068176984786987305 -0.70890969038009643555 -0.79363417625427246094 -0.67137491703033447266 0.37929096817970275879 0.01288938615471124649 -0.74896919727325439453 -0.36878630518913269043 -0.16030135750770568848 -0.17448972165584564209 -0.19101421535015106201 -0.25554579496383666992 -0.48079946637153625488 -0.83992022275924682617 -0.75216335058212280273 -0.72425132989883422852 -9999 -9999 -9999 -9999 -9999 -9999 -9999 -9999 -9999 -9999 -9999 -9999
