INPUT/RASTER/ASCII_standard/slope.asc
ncols        225
nrows        269
xllcorner    473009.983799999987
yllcorner    4429051.174800000153
cellsize     50.000000000000
NODATA_value  -9999
[rows 19 to 37 of 269, columns 41 to 81 of 225]
-0.09818353503942489624 -0.65990531444549560547 -0.715877532958984375 -0.71829891204833984375 -0.70727980136871337891 -0.69459676742553710938 -0.70098245143890380859 -0.73880672454833984375 -0.78863877058029174805 -0.81773650646209716797 -0.8977069854736328125 -0.75615072250366210938 -0.68784487247467041016 -0.68482434749603271484 -0.70107269287109375 -0.72134327888488769531 -0.76366364955902099609 -0.81796032190322875977 -0.83781832456588745117 -0.80806827545166015625 -0.6664212346076965332 -0.66491556167602539063 -0.64516627788543701172 -0.67639583349227905273 -0.64859759807586669922 -0.28816312551498413086 -0.2663631141185760498 -0.59680402278900146484 -0.66415321826934814453 -0.67513573169708251953 -0.66758149862289428711 -0.62837570905685424805 -0.52890819311141967773 -0.38755175471305847168 -0.31507316231727600098 -0.39771440625190734863 -0.46320736408233642578 -0.44668066501617431641 -0.4424762427806854248 -0.41382360458374023438 -0.43506419658660888672
-0.27616873383522033691 -0.74017196893692016602 -0.73088347911834716797 -0.71355640888214111328 -0.69359225034713745117 -0.67334717512130737305 -0.67002439498901367188 -0.72987544536590576172 -0.77573633193969726563 -0.77427154779434204102 -0.87707608938217163086 -0.90377628803253173828 -0.8159262537956237793 -0.78932249546051025391 -0.79849058389663696289 -0.77700287103652954102 -0.7763824462890625 -0.83721786737442016602 -0.88098883628845214844 -0.87320023775100708008 -0.59622919559478759766 -0.60465919971466064453 -0.63298076391220092773 -0.63540762662887573242 -0.61521357297897338867 -0.3535480797290802002 -0.37501689791679382324 -0.69006389379501342773 -0.73130464553833007813 -0.721218109130859375 -0.68885689973831176758 -0.62018889188766479492 -0.43668779730796813965 -0.28920203447341918945 -0.24617563188076019287 -0.30058360099792480469 -0.42671447992324829102 -0.44738802313804626465 -0.41898888349533081055 -0.36710542440414428711 -0.39930874109268188477
-0.35294753313064575195 -0.82360726594924926758 -0.76746565103530883789 -0.77119326591491699219 -0.77756822109222412109 -0.72200846672058105469 -0.68125116825103759766 -0.71854180097579956055 -0.74814260005950927734 -0.72808742523193359375 -0.84860605001449584961 -0.91995841264724731445 -0.86736685037612915039 -0.81243777275085449219 -0.77935701608657836914 -0.73166537284851074219 -0.72406178712844848633 -0.76215207576751708984 -0.77085912227630615234 -0.69986122846603393555 -0.54121869802474975586 -0.59370273351669311523 -0.6126689910888671875 -0.59419065713882446289 -0.57815092802047729492 -0.45305639505386352539 -0.47270375490188598633 -0.76496255397796630859 -0.79118168354034423828 -0.78095978498458862305 -0.7528851628303527832 -0.56694972515106201172 -0.27141278982162475586 -0.25790905952453613281 -0.26965793967247009277 -0.25421720743179321289 -0.35161373019218444824 -0.42509698867797851563 -0.46373713016510009766 -0.43394356966018676758 -0.52670085430145263672
-0.2808990180492401123 -0.69158840179443359375 -0.7193272709846496582 -0.70679616928100585938 -0.78634810447692871094 -0.80091255903244018555 -0.70768541097640991211 -0.72779631614685058594 -0.74205261468887329102 -0.68685889244079589844 -0.79684549570083618164 -0.92083847522735595703 -0.8484904170036315918 -0.76421838998794555664 -0.72737061977386474609 -0.70650380849838256836 -0.71731519699096679688 -0.7446625828742980957 -0.72464680671691894531 -0.66124093532562255859 -0.62782996892929077148 -0.64491212368011474609 -0.6375102996826171875 -0.61869043111801147461 -0.66068816184997558594 -0.55210870504379272461 -0.48423951864242553711 -0.67775905132293701172 -0.74902927875518798828 -0.74136292934417724609 -0.58701682090759277344 -0.35372120141983032227 -0.25827252864837646484 -0.4430650174617767334 -0.51558077335357666016 -0.40756320953369140625 -0.42044496536254882813 -0.52436625957489013672 -0.55457770824432373047 -0.56155699491500854492 -0.62870448827743530273
-0.3981055915355682373 -0.30807611346244812012 -0.27051594853401184082 -0.26684033870697021484 -0.37726297974586486816 -0.78041934967041015625 -0.7571232914924621582 -0.73330283164978027344 -0.71601825952529907227 -0.65150618553161621094 -0.68645304441452026367 -0.82904821634292602539 -0.82033407688140869141 -0.69462126493453979492 -0.65222984552383422852 -0.61930382251739501953 -0.64700597524642944336 -0.65077030658721923828 -0.58593612909317016602 -0.56502568721771240234 -0.58956122398376464844 -0.63884341716766357422 -0.66881269216537475586 -0.70943790674209594727 -0.75299072265625 -0.56077569723129272461 -0.40024337172508239746 -0.38285940885543823242 -0.43449002504348754883 -0.43577417731285095215 -0.35199427604675292969 -0.31746429204940795898 -0.25402790307998657227 -0.40060162544250488281 -0.4484831392765045166 -0.43935343623161315918 -0.44030722975730895996 -0.54480570554733276367 -0.58082777261734008789 -0.61555176973342895508 -0.67552125453948974609
-0.5207818150520324707 -0.49293524026870727539 -0.53831082582473754883 -0.51978069543838500977 -0.091714203357696533203 -0.6553242802619934082 -0.77832949161529541016 -0.74256497621536254883 -0.72125440835952758789 -0.6815643310546875 -0.70568221807479858398 -0.72914206981658935547 -0.79368835687637329102 -0.59206622838973999023 -0.5561116337776184082 -0.56786108016967773438 -0.62922626733779907227 -0.62945413589477539063 -0.61322748661041259766 -0.62090295553207397461 -0.63117635250091552734 -0.69028133153915405273 -0.76612716913223266602 -0.82019770145416259766 -0.78831505775451660156 -0.61352014541625976563 -0.47080057859420776367 -0.45035812258720397949 -0.51589018106460571289 -0.50077229738235473633 -0.33271095156669616699 -0.20763941109180450439 -0.21487800776958465576 -0.35744881629943847656 -0.42635250091552734375 -0.40429040789604187012 -0.42258745431900024414 -0.54041957855224609375 -0.63244158029556274414 -0.66598558425903320313 -0.70402169227600097656
0.25796228647232055664 -0.22984801232814788818 -0.53994810581207275391 -0.65993028879165649414 -0.31327575445175170898 -0.37809044122695922852 -0.52682650089263916016 -0.66704696416854858398 -0.64411985874176025391 -0.63440304994583129883 -0.70222759246826171875 -0.74262040853500366211 -0.81305164098739624023 -0.48617967963218688965 -0.38450354337692260742 -0.49520424008369445801 -0.55831128358840942383 -0.56165307760238647461 -0.55426841974258422852 -0.56848567724227905273 -0.64473050832748413086 -0.74312436580657958984 -0.783176422119140625 -0.7313899993896484375 -0.60160994529724121094 -0.48461526632308959961 -0.40774405002593994141 -0.29541283845901489258 -0.20995956659317016602 -0.077462606132030487061 0.15880592167377471924 0.073377698659896850586 -0.12117730081081390381 -0.30330970883369445801 -0.37232452630996704102 -0.33088096976280212402 -0.45431259274482727051 -0.64326578378677368164 -0.69705206155776977539 -0.72450125217437744141 -0.76170498132705688477
0.20560589432716369629 -0.13005396723747253418 -0.39770740270614624023 -0.57812094688415527344 -0.58418816328048706055 -0.61473631858825683594 -0.58687049150466918945 -0.71772694587707519531 -0.62900567054748535156 -0.57248097658157348633 -0.67587351799011230469 -0.74084550142288208008 -0.67388695478439331055 -0.15306699275970458984 -0.24076446890830993652 -0.49192139506340026855 -0.54860198497772216797 -0.60569655895233154297 -0.66359555721282958984 -0.81406360864639282227 -0.93535310029983520508 -0.95076131820678710938 -0.73963683843612670898 -0.57489085197448730469 -0.5538260340690612793 -0.49578613042831420898 -0.4348290562629699707 -0.30097445845603942871 -0.095993854105472564697 0.07769107818603515625 0.053417626768350601196 -0.14234261214733123779 -0.22960488498210906982 -0.38329109549522399902 -0.42492732405662536621 -0.24456590414047241211 -0.37303760647773742676 -0.7637379765510559082 -0.77487075328826904297 -0.78776210546493530273 -0.80411791801452636719
0.042071774601936340332 -0.29741558432579040527 -0.46858906745910644531 -0.57098460197448730469 -0.63806462287902832031 -0.57565414905548095703 -0.52697145938873291016 -0.59635150432586669922 -0.52742338180541992188 -0.51644611358642578125 -0.59384775161743164063 -0.3645820915699005127 0.082481302320957183838 0.15839631855487823486 -0.11603473871946334839 -0.27170526981353759766 -0.46887886524200439453 -0.68922901153564453125 -0.86579942703247070313 -0.95054584741592407227 -0.91056394577026367188 -0.69948613643646240234 -0.43625363707542419434 -0.40587484836578369141 -0.33237364888191223145 -0.11122243106365203857 -0.12163441628217697144 -0.15224401652812957764 -0.094616338610649108887 -0.065886005759239196777 -0.13222000002861022949 -0.19093899428844451904 -0.31264629960060119629 -0.45840030908584594727 -0.60448640584945678711 -0.34601217508316040039 -0.12244983017444610596 -0.76160824298858642578 -0.88603651523590087891 -0.88894492387771606445 -0.88299536705017089844
-0.39577311277389526367 -0.60182970762252807617 -0.57266449928283691406 -0.64931440353393554688 -0.70730078220367431641 -0.54172372817993164063 -0.38940453529357910156 -0.40010982751846313477 -0.41975891590118408203 -0.36407679319381713867 -0.19098655879497528076 0.081629611551761627197 0.11189318448305130005 -0.14139965176582336426 -0.3948065340518951416 -0.61050248146057128906 -0.84410178661346435547 -0.95270079374313354492 -0.93437689542770385742 -0.77902328968048095703 -0.54118269681930541992 -0.36248022317886352539 -0.36196014285087585449 -0.3496506810188293457 -0.10116956382989883423 -0.1702509075403213501 -0.39317482709884643555 -0.39608588814735412598 -0.40599346160888671875 -0.46760717034339904785 -0.4361858367919921875 -0.41746017336845397949 -0.41671738028526306152 -0.42121332883834838867 -0.49452194571495056152 -0.44717615842819213867 -0.061895888298749923706 -0.38213655352592468262 -0.89845162630081176758 -0.93630367517471313477 -0.84358185529708862305
-0.78237134218215942383 -0.68063712120056152344 -0.59280872344970703125 -0.67965805530548095703 -0.59336704015731811523 -0.32979652285575866699 -0.18220798671245574951 -0.22718471288681030273 -0.26051080226898193359 0.15211288630962371826 0.26781222224235534668 0.26328271627426147461 -0.1726802140474319458 -0.58126187324523925781 -0.65029680728912353516 -0.63672459125518798828 -0.78851622343063354492 -0.88147187232971191406 -0.64524662494659423828 -0.41916126012802124023 -0.32240572571754455566 -0.23330295085906982422 -0.21944431960582733154 -0.14573861658573150635 -0.15242606401443481445 -0.52525407075881958008 -0.5814978480339050293 -0.49254411458969116211 -0.46001166105270385742 -0.4645639955997467041 -0.41750761866569519043 -0.51639091968536376953 -0.49974513053894042969 -0.42604285478591918945 -0.42441967129707336426 -0.41528531908988952637 -0.24312804639339447021 -0.13616417348384857178 -0.70233118534088134766 -0.80724114179611206055 -0.60941207408905029297
-0.81669503450393676758 -0.66432350873947143555 -0.56859934329986572266 -0.6613985896110534668 -0.28526392579078674316 -0.078112572431564331055 -0.096709959208965301514 -0.13183946907520294189 0.012249547988176345825 0.27448666095733642578 0.00042204101919196546078 -0.49657970666885375977 -0.8626753687858581543 -0.83334863185882568359 -0.73939490318298339844 -0.61275917291641235352 -0.65520137548446655273 -0.64350283145904541016 -0.5341427922248840332 -0.46574816107749938965 -0.40906807780265808105 -0.30059450864791870117 -0.31988263130187988281 -0.38914021849632263184 -0.5183238983154296875 -0.59601151943206787109 -0.5837681889533996582 -0.57549101114273071289 -0.54180049896240234375 -0.51178497076034545898 -0.43634974956512451172 -0.54390740394592285156 -0.54898786544799804688 -0.49233618378639221191 -0.40504482388496398926 -0.33784875273704528809 -0.27518072724342346191 -0.11540888994932174683 -0.3443253934383392334 -0.4591884315013885498 -0.43808832764625549316
-0.66538524627685546875 -0.56109672784805297852 -0.49146699905395507813 -0.42129611968994140625 0.19677858054637908936 0.10543978214263916016 -0.096256189048290252686 0.046367712318897247314 0.069453574717044830322 0.097767360508441925049 -0.51961106061935424805 -0.92664903402328491211 -0.92102682590484619141 -0.86482715606689453125 -0.80334943532943725586 -0.67503684759140014648 -0.59938752651214599609 -0.55412936210632324219 -0.54135185480117797852 -0.505641937255859375 -0.35782593488693237305 -0.33472073078155517578 -0.49634027481079101563 -0.62088149785995483398 -0.59091818332672119141 -0.59163415431976318359 -0.55325138568878173828 -0.51462393999099731445 -0.42154544591903686523 -0.37926653027534484863 -0.42163482308387756348 -0.53633356094360351563 -0.5539709925651550293 -0.47975063323974609375 -0.30586779117584228516 -0.28945118188858032227 -0.28256538510322570801 -0.27479758858680725098 -0.40031364560127258301 -0.53702867031097412109 -0.51586425304412841797
-0.32166448235511779785 -0.38039091229438781738 -0.28221812844276428223 0.28723967075347900391 0.48002594709396362305 0.1374193727970123291 -0.051732506603002548218 0.053123500198125839233 -0.1907154470682144165 -0.30239415168762207031 -0.77733308076858520508 -0.9530849456787109375 -0.94190514087677001953 -0.87545108795166015625 -0.76284825801849365234 -0.65472114086151123047 -0.57357364892959594727 -0.5244076848030090332 -0.50769436359405517578 -0.52690410614013671875 -0.36457735300064086914 -0.49298080801963806152 -0.62370884418487548828 -0.66187214851379394531 -0.59071409702301025391 -0.55294156074523925781 -0.42083394527435302734 -0.33307021856307983398 -0.29365521669387817383 -0.34067243337631225586 -0.47007089853286743164 -0.54487645626068115234 -0.61425584554672241211 -0.60970997810363769531 -0.24343319237232208252 -0.2414852827787399292 -0.34604662656784057617 -0.40293595194816589355 -0.48677304387092590332 -0.56025356054306030273 -0.52977418899536132813
0.031400844454765319824 -0.28798282146453857422 0.1084737926721572876 0.49235931038856506348 0.092221185564994812012 -0.27399581670761108398 -0.3240273892879486084 -0.51511651277542114258 -0.59256166219711303711 -0.47208136320114135742 -0.48752611875534057617 -0.55998688936233520508 -0.55398792028427124023 -0.50530791282653808594 -0.47733798623085021973 -0.51856696605682373047 -0.4835758507251739502 -0.43672120571136474609 -0.49002271890640258789 -0.55813121795654296875 -0.46589314937591552734 -0.58452969789505004883 -0.61130231618881225586 -0.65395760536193847656 -0.61910992860794067383 -0.49881124496459960938 -0.31384071707725524902 -0.43488103151321411133 -0.63545399904251098633 -0.83270364999771118164 -0.83052629232406616211 -0.74011957645416259766 -0.74056029319763183594 -0.75550490617752075195 -0.336727142333984375 -0.20357862114906311035 -0.43459102511405944824 -0.52112036943435668945 -0.6653811335563659668 -0.81135398149490356445 -0.61600023508071899414
0.14782060682773590088 0.023525862023234367371 0.54283910989761352539 0.27670803666114807129 -0.3200581669807434082 -0.39828830957412719727 -0.64125579595565795898 -0.83746701478958129883 -0.73001658916473388672 -0.58741056919097900391 -0.4805393218994140625 -0.38483145833015441895 -0.37674799561500549316 -0.4264717400074005127 -0.46622878313064575195 -0.48191305994987487793 -0.40395507216453552246 -0.4790324866771697998 -0.54284834861755371094 -0.58926463127136230469 -0.53200834989547729492 -0.63127213716506958008 -0.56918066740036010742 -0.62106299400329589844 -0.61631315946578979492 -0.3913796544075012207 -0.34544214606285095215 -0.63615912199020385742 -0.86356842517852783203 -0.87420618534088134766 -0.85446298122406005859 -0.80236583948135375977 -0.79765176773071289063 -0.80416941642761230469 -0.44816821813583374023 -0.16659455001354217529 -0.42631620168685913086 -0.54115366935729980469 -0.53610473871231079102 -0.57833647727966308594 -0.4696992337703704834
0.16471430659294128418 0.2258250117301940918 0.33596876263618469238 -0.33970764279365539551 -0.57104313373565673828 -0.51747310161590576172 -0.68783074617385864258 -0.76434332132339477539 -0.64285218715667724609 -0.47818768024444580078 -0.34949514269828796387 -0.31035462021827697754 -0.30395522713661193848 -0.32740920782089233398 -0.34856233000755310059 -0.39343482255935668945 -0.47119218111038208008 -0.57795429229736328125 -0.5816218256950378418 -0.62961167097091674805 -0.57370752096176147461 -0.63354140520095825195 -0.55762249231338500977 -0.5907993316650390625 -0.56520843505859375 -0.4219824373722076416 -0.55083763599395751953 -0.68127381801605224609 -0.87686163187026977539 -0.88594496250152587891 -0.87897849082946777344 -0.86342155933380126953 -0.86494487524032592773 -0.864772796630859375 -0.50651770830154418945 -0.24197679758071899414 -0.46667471528053283691 -0.62240010499954223633 -0.590351104736328125 -0.58512210845947265625 -0.54268378019332885742
0.065519742667675018311 0.055098142474889755249 -0.028613649308681488037 -0.59644079208374023438 -0.65450268983840942383 -0.60504424571990966797 -0.58455067873001098633 -0.53130692243576049805 -0.4693673551082611084 -0.40123528242111206055 -0.39081874489784240723 -0.3948504328727722168 -0.38697659969329833984 -0.39321213960647583008 -0.40224531292915344238 -0.48287618160247802734 -0.58872622251510620117 -0.66312003135681152344 -0.66159039735794067383 -0.70855247974395751953 -0.61663305759429931641 -0.62705320119857788086 -0.56326699256896972656 -0.57191520929336547852 -0.49838289618492126465 -0.51462006568908691406 -0.64394134283065795898 -0.71237701177597045898 -0.86891543865203857422 -0.93041598796844482422 -0.87993657588958740234 -0.86764127016067504883 -0.86618542671203613281 -0.87399941682815551758 -0.41489109396934509277 -0.29597082734107971191 -0.60719305276870727539 -0.70926815271377563477 -0.66128486394882202148 -0.60498487949371337891 -0.52468103170394897461
-0.13209559023380279541 -0.14535552263259887695 -0.21470980346202850342 -0.66654098033905029297 -0.69599181413650512695 -0.63733011484146118164 -0.56701254844665527344 -0.49476096034049987793 -0.41305503249168395996 -0.31754961609840393066 -0.32454690337181091309 -0.35005846619606018066 -0.34650462865829467773 -0.32355675101280212402 -0.35583215951919555664 -0.45620375871658325195 -0.57389843463897705078 -0.66234189271926879883 -0.69236558675765991211 -0.69887006282806396484 -0.51086789369583129883 -0.55861699581146240234 -0.54918628931045532227 -0.51752018928527832031 -0.38936460018157958984 -0.47919976711273193359 -0.62188881635665893555 -0.67926478385925292969 -0.74199372529983520508 -0.87422358989715576172 -9999 -9999 -9999 -9999 -9999 -0.51165270805358886719 -0.79672974348068237305 -0.82363039255142211914 -0.79910957813262939453 -0.7628218531608581543 -0.68149870634078979492
