INPUT/RASTER/ASCII_standard/slope.asc
ncols        225
nrows        269
xllcorner    473009.983799999987
yllcorner    4429051.174800000153
cellsize     50.000000000000
NODATA_value  -9999
[rows 57 to 75 of 269, columns 41 to 81 of 225]
-0.66195255517959594727 -0.62417358160018920898 -0.45318931341171264648 -0.53625875711441040039 -0.47639670968055725098 -0.52738112211227416992 -0.46878391504287719727 -0.48803690075874328613 -0.55015569925308227539 -0.56881773471832275391 -0.56187134981155395508 -0.45428261160850524902 -0.34694305062294006348 -0.56685876846313476563 -0.79605501890182495117 -0.815399169921875 -0.83049434423446655273 -0.90039515495300292969 -0.9049593806266784668 -0.82741606235504150391 -0.74956965446472167969 -0.71585947275161743164 -0.50839453935623168945 -0.40682306885719299316 -0.45767873525619506836 -0.52079945802688598633 -0.66047853231430053711 -0.72778964042663574219 -0.73741585016250610352 -0.6557801365852355957 -0.71038532257080078125 -0.82146722078323364258 -0.75851005315780639648 -0.71177369356155395508 -0.79925757646560668945 -0.79798495769500732422 -0.72744649648666381836 -0.62959200143814086914 -0.48846608400344848633 -0.4485492706298828125 -0.48686400055885314941
-0.50630360841751098633 -0.36539313197135925293 -0.39674040675163269043 -0.52521044015884399414 -0.4636128842830657959 -0.4990806281566619873 -0.43937787413597106934 -0.47857636213302612305 -0.55027532577514648438 -0.55208325386047363281 -0.52556890249252319336 -0.48591852188110351563 -0.49605363607406616211 -0.76627016067504882813 -0.81919300556182861328 -0.82559067010879516602 -0.84165275096893310547 -0.91831737756729125977 -0.87669658660888671875 -0.78653991222381591797 -0.74548035860061645508 -0.60723274946212768555 -0.24800440669059753418 -0.21896563470363616943 -0.25290030241012573242 -0.38104385137557983398 -0.55419021844863891602 -0.70826315879821777344 -0.8068523406982421875 -0.6989154815673828125 -0.69371801614761352539 -0.81540215015411376953 -0.8550503849983215332 -0.67777222394943237305 -0.71831876039505004883 -0.71779030561447143555 -0.65154927968978881836 -0.60452055931091308594 -0.6525719761848449707 -0.54459291696548461914 -0.41207483410835266113
-0.23902052640914916992 -0.28172418475151062012 -0.4424406886100769043 -0.58053910732269287109 -0.4166062772274017334 -0.47234657406806945801 -0.42228183150291442871 -0.5370852351188659668 -0.58714318275451660156 -0.55781286954879760742 -0.5488452911376953125 -0.53811895847320556641 -0.6977875828742980957 -0.86797612905502319336 -0.83610695600509643555 -0.82420974969863891602 -0.80600643157958984375 -0.85180568695068359375 -0.77539229393005371094 -0.72322893142700195313 -0.58989900350570678711 -0.23161587119102478027 -0.1048868522047996521 -0.12600782513618469238 -0.29703620076179504395 -0.56020581722259521484 -0.62105602025985717773 -0.6800143122673034668 -0.73301547765731811523 -0.70446032285690307617 -0.67581850290298461914 -0.771419525146484375 -0.77772200107574462891 -0.67309373617172241211 -0.70152324438095092773 -0.68436795473098754883 -0.69464409351348876953 -0.73873424530029296875 -0.77034562826156616211 -0.65230578184127807617 -0.48148164153099060059
-0.30432072281837463379 -0.49958139657974243164 -0.51228785514831542969 -0.43619480729103088379 -0.30450066924095153809 -0.43331882357597351074 -0.4999783635139465332 -0.60757094621658325195 -0.63856208324432373047 -0.61412084102630615234 -0.6212437748908996582 -0.70039212703704833984 -0.89042782783508300781 -0.89864832162857055664 -0.85676723718643188477 -0.82847350835800170898 -0.76819652318954467773 -0.71538615226745605469 -0.66306746006011962891 -0.55499482154846191406 -0.25450286269187927246 -0.11579886823892593384 -0.10498432070016860962 -0.23991805315017700195 -0.73558467626571655273 -0.87753093242645263672 -0.74864655733108520508 -0.7369740605354309082 -0.74734759330749511719 -0.74179315567016601563 -0.69709986448287963867 -0.73472833633422851563 -0.74131488800048828125 -0.69551408290863037109 -0.71910881996154785156 -0.7073472142219543457 -0.73645627498626708984 -0.73153853416442871094 -0.77750021219253540039 -0.73615497350692749023 -0.57848089933395385742
-0.53956091403961181641 -0.5813388824462890625 -0.51410073041915893555 -0.42708003520965576172 -0.36312410235404968262 -0.51908254623413085938 -0.50973176956176757813 -0.50567305088043212891 -0.52466827630996704102 -0.58463001251220703125 -0.69592404365539550781 -0.86806571483612060547 -0.93437254428863525391 -0.91854631900787353516 -0.87944877147674560547 -0.83520829677581787109 -0.76274436712265014648 -0.63289827108383178711 -0.43815326690673828125 -0.25819683074951171875 -0.16494822502136230469 -0.12798742949962615967 -0.20820194482803344727 -0.68458068370819091797 -0.93835330009460449219 -0.95262700319290161133 -0.8828830718994140625 -0.8284905552864074707 -0.82219254970550537109 -0.80740565061569213867 -0.74007123708724975586 -0.72841531038284301758 -0.73560416698455810547 -0.72716116905212402344 -0.75174480676651000977 -0.74428230524063110352 -0.76309156417846679688 -0.70724755525588989258 -0.80441153049468994141 -0.83126115798950195313 -0.66772258281707763672
-0.56369996070861816406 -0.57881796360015869141 -0.50878697633743286133 -0.54803466796875 -0.55035191774368286133 -0.57672297954559326172 -0.49939367175102233887 -0.59178048372268676758 -0.73911434412002563477 -0.83948159217834472656 -0.90359383821487426758 -0.93658792972564697266 -0.94523900747299194336 -0.94758087396621704102 -0.92430186271667480469 -0.89048045873641967773 -0.76931095123291015625 -0.50300127267837524414 -0.34503194689750671387 -0.31758573651313781738 -0.27150875329971313477 -0.26074627041816711426 -0.59518170356750488281 -0.91340053081512451172 -0.92913728952407836914 -0.93605887889862060547 -0.94052791595458984375 -0.89593255519866943359 -0.87605178356170654297 -0.84279406070709228516 -0.72721576690673828125 -0.71024549007415771484 -0.73688405752182006836 -0.74552243947982788086 -0.77303552627563476563 -0.77518427371978759766 -0.77127707004547119141 -0.64132511615753173828 -0.71713787317276000977 -0.72022402286529541016 -0.59946483373641967773
-0.54295372962951660156 -0.57424271106719970703 -0.58635818958282470703 -0.66681915521621704102 -0.61199557781219482422 -0.588291168212890625 -0.57037085294723510742 -0.84779006242752075195 -0.93497645854949951172 -0.93623805046081542969 -0.93037617206573486328 -0.92493283748626708984 -0.92379242181777954102 -0.93699371814727783203 -0.93917900323867797852 -0.88583850860595703125 -0.56761384010314941406 -0.37601038813591003418 -0.30424466729164123535 -0.28266912698745727539 -0.25201338529586791992 -0.44909739494323730469 -0.80288743972778320313 -0.86150920391082763672 -0.83626562356948852539 -0.81449985504150390625 -0.83607822656631469727 -0.87641835212707519531 -0.84194344282150268555 -0.75032389163970947266 -0.68515819311141967773 -0.71269410848617553711 -0.73656982183456420898 -0.74543261528015136719 -0.77476733922958374023 -0.78924322128295898438 -0.77190130949020385742 -0.55892938375473022461 -0.60636782646179199219 -0.57659554481506347656 -0.46874678134918212891
-0.53232121467590332031 -0.62056517601013183594 -0.65259772539138793945 -0.68098491430282592773 -0.62362134456634521484 -0.57459336519241333008 -0.7565472722053527832 -0.94896966218948364258 -0.94664007425308227539 -0.94258850812911987305 -0.93809795379638671875 -0.93320423364639282227 -0.92273229360580444336 -0.92163771390914916992 -0.91267496347427368164 -0.7030239105224609375 -0.45578160881996154785 -0.40313115715980529785 -0.39401146769523620605 -0.3365681767463684082 -0.45556744933128356934 -0.74271041154861450195 -0.82103300094604492188 -0.82132345438003540039 -0.80967319011688232422 -0.78247600793838500977 -0.72928977012634277344 -0.67730540037155151367 -0.6620680689811706543 -0.67365485429763793945 -0.70336359739303588867 -0.72910928726196289063 -0.7464097142219543457 -0.75328212976455688477 -0.7793865203857421875 -0.79252719879150390625 -0.6700426936149597168 -0.48703491687774658203 -0.53903979063034057617 -0.63070815801620483398 -0.48081615567207336426
-0.53189998865127563477 -0.78292369842529296875 -0.72993445396423339844 -0.72616779804229736328 -0.61783415079116821289 -0.67837321758270263672 -0.9143975377082824707 -0.95066523551940917969 -0.94790154695510864258 -0.94494277238845825195 -0.94120329618453979492 -0.93559825420379638672 -0.92060744762420654297 -0.90259569883346557617 -0.76170331239700317383 -0.49787834286689758301 -0.42388916015625 -0.37593922019004821777 -0.37464320659637451172 -0.35704109072685241699 -0.61804461479187011719 -0.74970155954360961914 -0.770214080810546875 -0.77071309089660644531 -0.75786453485488891602 -0.73146176338195800781 -0.68625432252883911133 -0.6339734196662902832 -0.60482770204544067383 -0.61817759275436401367 -0.65576589107513427734 -0.70894420146942138672 -0.73388534784317016602 -0.74350911378860473633 -0.76814240217208862305 -0.66156369447708129883 -0.47939068078994750977 -0.45213621854782104492 -0.58193933963775634766 -0.84426003694534301758 -0.6937427520751953125
-0.56694024801254272461 -0.7690270543098449707 -0.71421343088150024414 -0.73294818401336669922 -0.62796419858932495117 -0.82189548015594482422 -0.9492251276969909668 -0.95136022567749023438 -0.94915539026260375977 -0.9471111297607421875 -0.94490927457809448242 -0.94111216068267822266 -0.9278742671012878418 -0.88698619604110717773 -0.61796927452087402344 -0.49763196706771850586 -0.47025674581527709961 -0.42796170711517333984 -0.44448781013488769531 -0.46200740337371826172 -0.69299370050430297852 -0.76841109991073608398 -0.78813850879669189453 -0.79368007183074951172 -0.78115874528884887695 -0.76590669155120849609 -0.72925490140914916992 -0.67307585477828979492 -0.64397537708282470703 -0.66576242446899414063 -0.69075798988342285156 -0.72275614738464355469 -0.74992465972900390625 -0.78125625848770141602 -0.80405521392822265625 -0.61348992586135864258 -0.47311979532241821289 -0.5400593876838684082 -0.82014310359954833984 -0.94304507970809936523 -0.82788074016571044922
-0.60506033897399902344 -0.68721473217010498047 -0.65994447469711303711 -0.71471309661865234375 -0.62922006845474243164 -0.79811584949493408203 -0.94168740510940551758 -0.95174300670623779297 -0.94965451955795288086 -0.94819760322570800781 -0.94665175676345825195 -0.94165140390396118164 -0.92786496877670288086 -0.83024579286575317383 -0.48308509588241577148 -0.45824432373046875 -0.4563007056713104248 -0.42828977108001708984 -0.46048492193222045898 -0.44077944755554199219 -0.62816917896270751953 -0.72032678127288818359 -0.74594467878341674805 -0.75710505247116088867 -0.7571506500244140625 -0.74552845954895019531 -0.70355200767517089844 -0.64229375123977661133 -0.64977556467056274414 -0.67539495229721069336 -0.67887276411056518555 -0.69066393375396728516 -0.72609102725982666016 -0.75471001863479614258 -0.77641564607620239258 -0.62558978796005249023 -0.51728981733322143555 -0.68881928920745849609 -0.94241070747375488281 -0.91569769382476806641 -0.86475634574890136719
-0.60808342695236206055 -0.67874348163604736328 -0.63586699962615966797 -0.68854981660842895508 -0.61840111017227172852 -0.68527507781982421875 -0.83236515522003173828 -0.94089525938034057617 -0.94909965991973876953 -0.94895666837692260742 -0.94933843612670898438 -0.94693738222122192383 -0.93265622854232788086 -0.72442936897277832031 -0.4067509770393371582 -0.45389556884765625 -0.47074222564697265625 -0.45828530192375183105 -0.48860505223274230957 -0.43450030684471130371 -0.63255113363265991211 -0.75665575265884399414 -0.78723120689392089844 -0.79972600936889648438 -0.79785084724426269531 -0.79155236482620239258 -0.76297527551651000977 -0.75950223207473754883 -0.79903495311737060547 -0.79968214035034179688 -0.76345944404602050781 -0.73808765411376953125 -0.73880696296691894531 -0.75152230262756347656 -0.75442522764205932617 -0.68269163370132446289 -0.60836541652679443359 -0.66054379940032958984 -0.90054190158843994141 -0.85516345500946044922 -0.79538530111312866211
-0.6213849186897277832 -0.68460696935653686523 -0.65034937858581542969 -0.69410860538482666016 -0.6422989964485168457 -0.6693267822265625 -0.65353173017501831055 -0.74335110187530517578 -0.91667562723159790039 -0.94772875308990478516 -0.94892871379852294922 -0.94889456033706665039 -0.88065707683563232422 -0.52713894844055175781 -0.35856795310974121094 -0.41904374957084655762 -0.44569709897041320801 -0.47529897093772888184 -0.53321611881256103516 -0.46108925342559814453 -0.63553416728973388672 -0.77928274869918823242 -0.79659867286682128906 -0.80594527721405029297 -0.81155991554260253906 -0.82615995407104492188 -0.82090699672698974609 -0.81995797157287597656 -0.83807569742202758789 -0.82886534929275512695 -0.78131616115570068359 -0.74317413568496704102 -0.72819823026657104492 -0.73387956619262695313 -0.73748958110809326172 -0.72271656990051269531 -0.69327181577682495117 -0.69838857650756835938 -0.80974501371383666992 -0.74873274564743041992 -0.77927213907241821289
-0.64673691987991333008 -0.70434653759002685547 -0.66761952638626098633 -0.68833309412002563477 -0.64493155479431152344 -0.66021686792373657227 -0.67421895265579223633 -0.67731928825378417969 -0.79798686504364013672 -0.94601202011108398438 -0.94903773069381713867 -0.93560552597045898438 -0.709316253662109375 -0.42246669530868530273 -0.36526048183441162109 -0.40565600991249084473 -0.41937342286109924316 -0.53336012363433837891 -0.57070422172546386719 -0.52283471822738647461 -0.65956163406372070313 -0.81803601980209350586 -0.85854399204254150391 -0.86244249343872070313 -0.87210917472839355469 -0.88039368391036987305 -0.86066764593124389648 -0.83592146635055541992 -0.8191025853157043457 -0.81097060441970825195 -0.7843310236930847168 -0.75817340612411499023 -0.74831002950668334961 -0.74710488319396972656 -0.75147306919097900391 -0.76503968238830566406 -0.74473363161087036133 -0.68620133399963378906 -0.65162163972854614258 -0.64493334293365478516 -0.69720447063446044922
-0.66974967718124389648 -0.72726118564605712891 -0.70489490032196044922 -0.7120679020881652832 -0.66430735588073730469 -0.67385041713714599609 -0.67279136180877685547 -0.67165207862854003906 -0.63821214437484741211 -0.79682022333145141602 -0.84178686141967773438 -0.74069523811340332031 -0.50908476114273071289 -0.43244913220405578613 -0.42540657520294189453 -0.38588392734527587891 -0.45077493786811828613 -0.62015289068222045898 -0.57155513763427734375 -0.56391251087188720703 -0.66212195158004760742 -0.81771302223205566406 -0.89500641822814941406 -0.9056212306022644043 -0.89876925945281982422 -0.88932871818542480469 -0.87642174959182739258 -0.84530317783355712891 -0.79867792129516601563 -0.77744597196578979492 -0.75114923715591430664 -0.72080689668655395508 -0.71869170665740966797 -0.74054992198944091797 -0.77713954448699951172 -0.80406641960144042969 -0.74405366182327270508 -0.61259889602661132813 -0.60083609819412231445 -0.60214942693710327148 -0.63685184717178344727
-0.68367141485214233398 -0.74329769611358642578 -0.72944492101669311523 -0.75241583585739135742 -0.70361995697021484375 -0.67640233039855957031 -0.65996533632278442383 -0.66110205650329589844 -0.60604119300842285156 -0.62937778234481811523 -0.67068332433700561523 -0.58800119161605834961 -0.52202361822128295898 -0.46571117639541625977 -0.47654449939727783203 -0.42402729392051696777 -0.53802460432052612305 -0.55923002958297729492 -0.53484159708023071289 -0.53935724496841430664 -0.72551620006561279297 -0.91379696130752563477 -0.94279116392135620117 -0.93059939146041870117 -0.91360461711883544922 -0.90564370155334472656 -0.89018023014068603516 -0.86613315343856811523 -0.79055017232894897461 -0.74420762062072753906 -0.72287821769714355469 -0.69620567560195922852 -0.78867042064666748047 -0.81508719921112060547 -0.78365588188171386719 -0.71286809444427490234 -0.54166072607040405273 -0.52750003337860107422 -0.57065534591674804688 -0.57393670082092285156 -0.66080939769744873047
-0.69682383537292480469 -0.75722622871398925781 -0.74471455812454223633 -0.77471941709518432617 -0.75181990861892700195 -0.73976224660873413086 -0.71752196550369262695 -0.73585426807403564453 -0.7014363408088684082 -0.69563281536102294922 -0.73769724369049072266 -0.68219673633575439453 -0.60633420944213867188 -0.52902233600616455078 -0.53124272823333740234 -0.50515031814575195313 -0.55779123306274414063 -0.41675934195518493652 -0.47732695937156677246 -0.66720145940780639648 -0.90141910314559936523 -0.94060158729553222656 -0.93252235651016235352 -0.92557936906814575195 -0.9082590937614440918 -0.90467149019241333008 -0.88707238435745239258 -0.88174909353256225586 -0.79914933443069458008 -0.71316492557525634766 -0.71126878261566162109 -0.72267138957977294922 -0.91475439071655273438 -0.83713430166244506836 -0.66383528709411621094 -0.44058075547218322754 -0.40422582626342773438 -0.53176128864288330078 -0.61130172014236450195 -0.67486518621444702148 -0.71335613727569580078
-0.71943891048431396484 -0.77160966396331787109 -0.74980717897415161133 -0.77633637189865112305 -0.75297313928604125977 -0.76332104206085205078 -0.73963028192520141602 -0.72109395265579223633 -0.68237215280532836914 -0.66381365060806274414 -0.69250077009201049805 -0.69883489608764648438 -0.62189561128616333008 -0.53250986337661743164 -0.53352034091949462891 -0.53254419565200805664 -0.54304361343383789063 -0.22598475217819213867 -0.54266774654388427734 -0.85329699516296386719 -0.90990430116653442383 -0.93239545822143554688 -0.92121714353561401367 -0.91863143444061279297 -0.90094727277755737305 -0.89964318275451660156 -0.88097041845321655273 -0.87580204010009765625 -0.82093703746795654297 -0.71901410818099975586 -0.72833347320556640625 -0.72466450929641723633 -0.8569323420524597168 -0.71006101369857788086 -0.62994343042373657227 -0.45393136143684387207 -0.49776884913444519043 -0.66106534004211425781 -0.72711139917373657227 -0.62136119604110717773 -0.49830475449562072754
-0.73502039909362792969 -0.76916259527206420898 -0.74045163393020629883 -0.76975691318511962891 -0.7497456669807434082 -0.77640545368194580078 -0.76535248756408691406 -0.78228968381881713867 -0.75385451316833496094 -0.7215321660041809082 -0.72113871574401855469 -0.77229142189025878906 -0.64291077852249145508 -0.50901734828948974609 -0.51993697881698608398 -0.47716200351715087891 -0.23958607017993927002 -0.27382186055183410645 -0.86049824953079223633 -0.92117518186569213867 -0.90040385723114013672 -0.92259299755096435547 -0.90948385000228881836 -0.91017079353332519531 -0.89206606149673461914 -0.89308971166610717773 -0.87382328510284423828 -0.86755222082138061523 -0.82981795072555541992 -0.74570047855377197266 -0.74726468324661254883 -0.73127669095993041992 -0.80185514688491821289 -0.66708505153656005859 -0.68189638853073120117 -0.58418536186218261719 -0.74761468172073364258 -0.89090585708618164063 -0.62454932928085327148 -0.30521610379219055176 -0.19034484028816223145
