INPUT/RASTER/ASCII_standard/slope.asc
ncols        225
nrows        269
xllcorner    473009.983799999987
yllcorner    4429051.174800000153
cellsize     50.000000000000
NODATA_value  -9999
[rows 76 to 94 of 269, columns 82 to 122 of 225]
-0.44019624590873718262 -0.68565362691879272461 -0.84829056262969970703 -0.89437055587768554688 -0.90910440683364868164 -0.8906052708625793457 -0.87238895893096923828 -0.86915671825408935547 -0.81851863861083984375 -0.7170276641845703125 -0.68649804592132568359 -0.73657810688018798828 -0.70256340503692626953 -0.69086045026779174805 -0.71277654170989990234 -0.72905927896499633789 -0.39522275328636169434 0.010548671707510948181 -0.13916696608066558838 -0.59042257070541381836 -0.79395616054534912109 -0.46231678128242492676 -0.13687621057033538818 0.20423758029937744141 0.32710230350494384766 -0.039778556674718856812 -0.755023956298828125 -0.74710732698440551758 -0.55177253484725952148 -0.10816581547260284424 -0.097400963306427001953 -9999 -9999 -9999 -9999 -9999 -9999 -9999 -9999 -9999 -9999
-0.43157473206520080566 -0.55219912528991699219 -0.82336384057998657227 -0.90369516611099243164 -0.89600795507431030273 -0.84135115146636962891 -0.80628335475921630859 -0.75119918584823608398 -0.65546303987503051758 -0.59153920412063598633 -0.58932161331176757813 -0.65967339277267456055 -0.67082178592681884766 -0.75017488002777099609 -0.72845369577407836914 -0.64402210712432861328 -0.40833365917205810547 -0.29324984550476074219 -0.4210090339183807373 -0.51322263479232788086 -0.85538965463638305664 -0.80023211240768432617 -0.42719954252243041992 0.15316130220890045166 0.47892022132873535156 0.61402666568756103516 0.19170267879962921143 0.10892819613218307495 0.18939130008220672607 0.068298563361167907715 0.014183158054947853088 0.40271294116973876953 -9999 -9999 -9999 -9999 -9999 -9999 -9999 -9999 -9999
-0.58036816120147705078 -0.34613966941833496094 -0.76706755161285400391 -0.8935419917106628418 -0.84193372726440429688 -0.78663122653961181641 -0.75412398576736450195 -0.68200528621673583984 -0.55367511510848999023 -0.51432126760482788086 -0.49326279759407043457 -0.61299562454223632813 -0.68366193771362304688 -0.6776345372200012207 -0.6449114680290222168 -0.58561432361602783203 -0.48309829831123352051 -0.5022252202033996582 -0.58795887231826782227 -0.58410215377807617188 -0.70792526006698608398 -0.53325736522674560547 0.084279067814350128174 0.67960870265960693359 0.9219258427619934082 0.7330582737922668457 0.59557127952575683594 0.50548040866851806641 0.36606320738792419434 0.21735112369060516357 0.10506462305784225464 -0.0080114407464861869812 -9999 -9999 -9999 -9999 -9999 -9999 -9999 -9999 -0.46815842390060424805
-0.69833523035049438477 -0.20489907264709472656 -0.5768451690673828125 -0.71375405788421630859 -0.72992920875549316406 -0.72418290376663208008 -0.68823349475860595703 -0.59947735071182250977 -0.49572983384132385254 -0.49367845058441162109 -0.48561814427375793457 -0.55243659019470214844 -0.51087653636932373047 -0.50628584623336791992 -0.53720051050186157227 -0.55968570709228515625 -0.59211558103561401367 -0.59160625934600830078 -0.67373991012573242188 -0.66716277599334716797 -0.7627849578857421875 -0.59349936246871948242 0.24509941041469573975 0.40073496103286743164 0.095133453607559204102 0.40588593482971191406 -0.026133231818675994873 -0.57680052518844604492 -0.88940119743347167969 -0.8146387934684753418 -0.6588961482048034668 -0.56078684329986572266 -0.072439648211002349854 -9999 -9999 -9999 -9999 -9999 -9999 -9999 -0.11916340142488479614
-0.85060030221939086914 -0.34301528334617614746 -0.53598743677139282227 -0.67566740512847900391 -0.7192046046257019043 -0.72094082832336425781 -0.66962373256683349609 -0.61735838651657104492 -0.5179538726806640625 -0.41666758060455322266 -0.41826236248016357422 -0.49182757735252380371 -0.51059120893478393555 -0.53519439697265625 -0.58554756641387939453 -0.62978911399841308594 -0.66802167892456054688 -0.66006040573120117188 -0.73711371421813964844 -0.70429807901382446289 -0.78726947307586669922 -0.76029008626937866211 -0.30146369338035583496 0.7644526362419128418 -0.43535798788070678711 -0.044280290603637695313 0.25746965408325195313 -0.33283019065856933594 -0.80356484651565551758 -0.89526933431625366211 -0.85328352451324462891 -0.47476255893707275391 -0.097948864102363586426 -0.74432146549224853516 -0.96466028690338134766 -9999 -9999 -9999 -9999 -0.30233043432235717773 -0.22422535717487335205
-0.94396024942398071289 -0.61940288543701171875 -0.57475227117538452148 -0.66629087924957275391 -0.71351772546768188477 -0.73598802089691162109 -0.70843714475631713867 -0.59129238128662109375 -0.24826388061046600342 -0.22825843095779418945 -0.31024798750877380371 -0.40634015202522277832 -0.45708239078521728516 -0.51100021600723266602 -0.58552193641662597656 -0.627838134765625 -0.67539590597152709961 -0.68724638223648071289 -0.75317162275314331055 -0.72987103462219238281 -0.79990917444229125977 -0.79611569643020629883 -0.67115622758865356445 0.70656526088714599609 -0.32025042176246643066 -0.48829761147499084473 0.56270271539688110352 0.28880199790000915527 0.012744983658194541931 -0.1232503056526184082 -0.17057880759239196777 -0.19219090044498443604 -0.48479792475700378418 -0.92413866519927978516 -0.9630648493766784668 -0.95910096168518066406 -0.95403003692626953125 -9999 -9999 -0.076152339577674865723 -0.24668745696544647217
-0.96429818868637084961 -0.87906998395919799805 -0.74453258514404296875 -0.76850926876068115234 -0.81693130731582641602 -0.83723527193069458008 -0.73097723722457885742 -0.36356043815612792969 -0.11876005679368972778 -0.2486184537410736084 -0.38174012303352355957 -0.5022144317626953125 -0.56847536563873291016 -0.61424547433853149414 -0.66209828853607177734 -0.69700515270233154297 -0.74203902482986450195 -0.75094556808471679688 -0.78824669122695922852 -0.76656782627105712891 -0.8146648406982421875 -0.81625807285308837891 -0.58294892311096191406 0.86852627992630004883 -0.47910559177398681641 -0.16515100002288818359 0.83418047428131103516 0.26471972465515136719 -0.59878706932067871094 -0.58553743362426757813 -0.46839112043380737305 -0.71660542488098144531 -0.90375816822052001953 -0.92844432592391967773 -0.91121208667755126953 -0.91428494453430175781 -0.91613280773162841797 -9999 -9999 -0.14470106363296508789 -0.55108129978179931641
-0.96392661333084106445 -0.95458739995956420898 -0.88005781173706054688 -0.8000628352165222168 -0.79503554105758666992 -0.70490759611129760742 -0.3883298337459564209 -0.18176433444023132324 -0.033972501754760742188 -0.15424706041812896729 -0.37589308619499206543 -0.36626678705215454102 -0.43966919183731079102 -0.51388216018676757813 -0.61332970857620239258 -0.66855710744857788086 -0.71447336673736572266 -0.73819780349731445313 -0.77242541313171386719 -0.76596331596374511719 -0.80609899759292602539 -0.69121223688125610352 0.31015065312385559082 0.6931889653205871582 -0.70654755830764770508 0.25958305597305297852 0.55784875154495239258 -0.094869330525398254395 -0.53756117820739746094 -0.68515157699584960938 -0.69499248266220092773 -0.71752190589904785156 -0.71848195791244506836 -0.74839812517166137695 -0.80731558799743652344 -0.83664733171463012695 -0.85728603601455688477 -0.85418725013732910156 0.081498675048351287842 -0.20516078174114227295 -0.68776160478591918945
-0.87037622928619384766 -0.95568662881851196289 -0.94751882553100585938 -0.757587432861328125 -0.49277156591415405273 -0.33003777265548706055 -0.25460201501846313477 -0.30009406805038452148 -0.14395926892757415771 -0.4301122128963470459 -0.74138432741165161133 -0.67252111434936523438 -0.6912224888801574707 -0.74641364812850952148 -0.72830528020858764648 -0.76211774349212646484 -0.77899885177612304688 -0.79452723264694213867 -0.80880248546600341797 -0.79479795694351196289 -0.76212227344512939453 0.2203305363655090332 0.97334074974060058594 0.06740239262580871582 -0.33022138476371765137 0.37229785323143005371 0.036207564175128936768 -0.40468767285346984863 -0.40287268161773681641 -0.50866639614105224609 -0.58830726146697998047 -0.64089369773864746094 -0.69804430007934570313 -0.75257611274719238281 -0.78916943073272705078 -0.8071079254150390625 -0.8325564265251159668 -0.85576009750366210938 0.0012035667896270751953 -0.15767242014408111572 -0.57698822021484375
-0.14541280269622802734 -0.49852845072746276855 -0.47304138541221618652 -0.11475579440593719482 -0.10647068172693252563 -0.169733390212059021 -0.208248138427734375 -0.29662972688674926758 -0.18000504374504089355 -0.4434719383716583252 -0.52333146333694458008 -0.53753942251205444336 -0.55748039484024047852 -0.74962443113327026367 -0.8030140995979309082 -0.78196465969085693359 -0.76338118314743041992 -0.76332831382751464844 -0.76596939563751220703 -0.69341129064559936523 -0.28239545226097106934 0.84346443414688110352 0.26505666971206665039 -0.13941885530948638916 -0.11353401094675064087 0.15600673854351043701 0.04255979880690574646 -0.20911936461925506592 -0.33992528915405273438 -0.5107479095458984375 -0.60241794586181640625 -0.68081605434417724609 -0.72011297941207885742 -0.73677325248718261719 -0.7534224390983581543 -0.76458507776260375977 -0.79485619068145751953 -0.79265320301055908203 -0.27016237378120422363 -0.067323550581932067871 -0.59607422351837158203
0.061842549592256546021 0.11672779172658920288 0.07341445237398147583 -0.0016834320267662405968 -0.18961974978446960449 -0.35995516180992126465 -0.41836494207382202148 -0.47982817888259887695 -0.34747701883316040039 -0.50672668218612670898 -0.5033518671989440918 -0.55456537008285522461 -0.49650263786315917969 -0.53654104471206665039 -0.69293051958084106445 -0.85407465696334838867 -0.91390949487686157227 -0.87681061029434204102 -0.61184710264205932617 -0.22123332321643829346 0.19592928886413574219 0.33827137947082519531 -0.64956426620483398438 -0.67976790666580200195 -0.46987304091453552246 -0.1238206028938293457 -0.38870817422866821289 -0.40201833844184875488 -0.42155349254608154297 -0.63466948270797729492 -0.71113669872283935547 -0.7693430781364440918 -0.76516890525817871094 -0.75714665651321411133 -0.75198423862457275391 -0.74710494279861450195 -0.77625811100006103516 -0.75203263759613037109 -0.61950403451919555664 -0.14229802787303924561 -0.51652669906616210938
-0.06794417649507522583 0.11620614677667617798 0.058682825416326522827 -0.15092973411083221436 -0.40739238262176513672 -0.47914901375770568848 -0.54474735260009765625 -0.64439845085144042969 -0.42888188362121582031 -0.49548628926277160645 -0.49350267648696899414 -0.6211217045783996582 -0.48522618412971496582 -0.39080080389976501465 -0.45053589344024658203 -0.60332667827606201172 -0.81342786550521850586 -0.5085837244987487793 -0.11998230218887329102 0.11125512421131134033 0.14033852517604827881 -0.19903668761253356934 -0.62882214784622192383 -0.60820990800857543945 -0.31886827945709228516 -0.028928138315677642822 -0.73417192697525024414 -0.58122783899307250977 -0.40356144309043884277 -0.56738382577896118164 -0.75429314374923706055 -0.78978568315505981445 -0.76373946666717529297 -0.73424917459487915039 -0.71271598339080810547 -0.69738501310348510742 -0.73148775100708007813 -0.68617796897888183594 -0.66202402114868164063 -0.4217179417610168457 -0.49696817994117736816
-0.35689595341682434082 -0.32432627677917480469 -0.33149161934852600098 -0.56975537538528442383 -0.7651087641716003418 -0.82687538862228393555 -0.72452902793884277344 -0.59232175350189208984 -0.37526148557662963867 -0.52960336208343505859 -0.51121801137924194336 -0.6950359344482421875 -0.76178753376007080078 -0.63800787925720214844 -0.37818533182144165039 -0.40866145491600036621 -0.73791092634201049805 -0.1617056429386138916 -0.15369717776775360107 -0.036582704633474349976 -0.37933111190795898438 -0.48553931713104248047 -0.53567713499069213867 -0.37445285916328430176 -0.020277375355362892151 0.42745572328567504883 -0.48042264580726623535 -0.69349473714828491211 -0.39360719919204711914 -0.47011160850524902344 -0.71798652410507202148 -0.81699210405349731445 -0.77602648735046386719 -0.76544719934463500977 -0.72185754776000976563 -0.66787964105606079102 -0.70624679327011108398 -0.63525408506393432617 -0.65996575355529785156 -0.62013977766036987305 -0.63521277904510498047
-0.44240644574165344238 -0.464298248291015625 -0.45143681764602661133 -0.50675112009048461914 -0.58410173654556274414 -0.60131227970123291016 -0.49420937895774841309 -0.37615066766738891602 -0.29545748233795166016 -0.42386257648468017578 -0.43846583366394042969 -0.79242455959320068359 -0.87639039754867553711 -0.86405813694000244141 -0.37445223331451416016 -0.22305181622505187988 -0.61053776741027832031 0.054109882563352584839 -0.034620486199855804443 -0.24030087888240814209 -0.604595184326171875 -0.4442367851734161377 -0.38492828607559204102 -0.06823956221342086792 0.26812306046485900879 0.48420494794845581055 0.31185036897659301758 -0.18653801083564758301 -0.14200556278228759766 -0.3862298429012298584 -0.46911984682083129883 -0.54161721467971801758 -0.49981570243835449219 -0.59909665584564208984 -0.74518179893493652344 -0.67444086074829101563 -0.68670243024826049805 -0.63299071788787841797 -0.64759755134582519531 -0.61660170555114746094 -0.70223516225814819336
-0.77327585220336914063 -0.78460556268692016602 -0.6925640106201171875 -0.60636693239212036133 -0.63109219074249267578 -0.62520384788513183594 -0.55706709623336791992 -0.53725218772888183594 -0.55875456333160400391 -0.30843463540077209473 -9999 -0.89430636167526245117 -0.89662951231002807617 -0.8685442805290222168 -0.47665110230445861816 0.081376619637012481689 -0.20942032337188720703 0.23926986753940582275 -0.015470651909708976746 -0.35991466045379638672 -0.65988194942474365234 -0.46268624067306518555 -0.34644401073455810547 -0.11686601489782333374 -0.074311442673206329346 0.32854235172271728516 0.15309979021549224854 -0.22911101579666137695 0.11642207205295562744 -0.47349002957344055176 -0.46811270713806152344 -0.40077707171440124512 -0.48977395892143249512 -0.51279532909393310547 -0.61920070648193359375 -0.74660259485244750977 -0.73438715934753417969 -0.68423748016357421875 -0.69853568077087402344 -0.66574317216873168945 -0.72763985395431518555
-0.57940328121185302734 -0.72863715887069702148 -0.81812846660614013672 -0.71353799104690551758 -0.71321618556976318359 -0.69886445999145507813 -0.63863021135330200195 -0.48278471827507019043 -9999 -9999 -9999 -9999 -0.82412266731262207031 -0.79959666728973388672 -0.63637053966522216797 -0.0076267863623797893524 0.012615617364645004272 0.25806260108947753906 -0.074557855725288391113 -0.42949363589286804199 -0.71777546405792236328 -0.48627635836601257324 -0.13703669607639312744 0.25119322538375854492 -0.096052475273609161377 0.0033849475439637899399 0.405658721923828125 -0.0095401406288146972656 0.23728519678115844727 -0.5510037541389465332 -0.23471413552761077881 0.32326880097389221191 -0.17833569645881652832 -0.31790459156036376953 -0.33382281661033630371 -0.64880365133285522461 -0.78154927492141723633 -0.71528035402297973633 -0.69802021980285644531 -0.66185480356216430664 -0.69585931301116943359
-0.45738518238067626953 -0.52173340320587158203 -0.83194863796234130859 -0.81657433509826660156 -0.77204376459121704102 -0.75542092323303222656 -0.76313006877899169922 -9999 -9999 -9999 -9999 -9999 -0.76029610633850097656 -0.73039680719375610352 -0.65926337242126464844 -0.32379356026649475098 -0.041130799800157546997 0.18997935950756072998 -0.19120576977729797363 -0.62307065725326538086 -0.76502966880798339844 -0.65314763784408569336 -0.47550356388092041016 0.18631614744663238525 0.35762512683868408203 -0.5998566746711730957 0.074964664876461029053 0.15715683996677398682 0.3486499488353729248 -0.39735612273216247559 0.090176798403263092041 -0.25538039207458496094 0.11144056171178817749 0.065758630633354187012 -0.12465814501047134399 -0.3613274693489074707 -0.80502837896347045898 -0.77312898635864257813 -0.71025949716567993164 -0.68164908885955810547 -0.68673408031463623047
-0.48679581284523010254 -0.47045612335205078125 -0.73499339818954467773 -0.93029260635375976563 -0.93136781454086303711 -0.9258206486701965332 -0.87156426906585693359 -0.72975742816925048828 -9999 -9999 -9999 -9999 -0.78606897592544555664 -0.7423241734504699707 -0.65676409006118774414 -0.49370461702346801758 -0.13239608705043792725 0.13208338618278503418 -0.19498737156391143799 -0.67605167627334594727 -0.87088876962661743164 -0.77044248580932617188 -0.67606383562088012695 -0.18517538905143737793 0.62471508979797363281 -0.43767035007476806641 -0.36365872621536254883 0.18528915941715240479 0.34541118144989013672 -0.052572920918464660645 0.24203386902809143066 -0.32104596495628356934 -0.26405063271522521973 0.066074900329113006592 0.087089642882347106934 -0.11377885937690734863 -0.55171763896942138672 -0.77287232875823974609 -0.79545509815216064453 -0.7218227386474609375 -0.7321389317512512207
-0.45450714230537414551 -0.48078787326812744141 -0.72101068496704101563 -0.87662851810455322266 -0.90074557065963745117 -0.93003106117248535156 -0.83397656679153442383 -0.76481920480728149414 -9999 -9999 -9999 -9999 -0.77159100770950317383 -0.73133379220962524414 -0.68062961101531982422 -0.67168331146240234375 -0.4100882112979888916 -0.10448841750621795654 -9999 -0.92922407388687133789 -0.89385581016540527344 -0.68798989057540893555 -0.57592290639877319336 -0.35133323073387145996 0.68946081399917602539 -0.085136175155639648438 -0.63121092319488525391 0.081599436700344085693 0.40657004714012145996 0.27127766609191894531 0.50564485788345336914 0.1459140479564666748 -0.095440305769443511963 -0.017028169706463813782 0.13968439400196075439 -0.091971263289451599121 -0.51167327165603637695 -0.64252638816833496094 -0.77591842412948608398 -0.77327626943588256836 -0.77502769231796264648
