INPUT/RASTER/ASCII_standard/soc.asc
ncols        225
nrows        269
xllcorner    473009.983799999987
yllcorner    4429051.174800000153
cellsize     50.000000000000
NODATA_value  -9999
[rows 198 to 215 of 269, columns 156 to 194 of 225]
-0.22211252152919769287 -0.23250494897365570068 -0.22729466855525970459 -0.2220843881368637085 -0.2168741077184677124 -0.21166382730007171631 -0.19309011101722717285 -0.12095273286104202271 -0.048815358430147171021 0.023322014138102531433 0.095458954572677612305 0.15602345764636993408 0.17020168900489807129 0.1843799203634262085 0.1985581517219543457 0.21273638308048248291 0.21646030247211456299 0.17828300595283508301 0.14010572433471679688 0.10192842781543731689 0.063751138746738433838 0.033019948750734329224 0.032133754342794418335 0.031247561797499656677 0.03036136925220489502 0.029475174844264984131 0.04389918595552444458 0.11968778073787689209 0.19547595083713531494 0.27126455307006835938 0.34705314040184020996 0.39573234319686889648 0.33575460314750671387 0.27577686309814453125 0.21579869091510772705 0.15582095086574554443 0.10304871946573257446 0.079156108200550079346 0.055263496935367584229
-0.23681043088436126709 -0.25319808721542358398 -0.23800602555274963379 -0.22281351685523986816 -0.20762144029140472412 -0.1924289315938949585 -0.16967131197452545166 -0.11659056693315505981 -0.063510254025459289551 -0.010429501533508300781 0.042650815099477767944 0.090862691402435302734 0.11956056952476501465 0.14825801551342010498 0.17695587873458862305 0.20565332472324371338 0.22154119610786437988 0.18608653545379638672 0.15063142776489257813 0.11517632752656936646 0.079721227288246154785 0.050987873226404190063 0.049194280058145523071 0.047400690615177154541 0.045607101172208786011 0.04381351172924041748 0.053524859249591827393 0.10934900492429733276 0.16517314314842224121 0.22099772095680236816 0.27682185173034667969 0.31024798750877380371 0.25390025973320007324 0.19755209982395172119 0.14120437204837799072 0.084856219589710235596 0.037525776773691177368 0.026337582617998123169 0.015149387530982494354
-0.25150793790817260742 -0.27389165759086608887 -0.24871736764907836914 -0.22354263067245483398 -0.19836832582950592041 -0.17319402098655700684 -0.14625252783298492432 -0.11222883313894271851 -0.078204706311225891113 -0.044181019067764282227 -0.010157326236367225647 0.025702361017465591431 0.068919442594051361084 0.1121365278959274292 0.15535362064838409424 0.19857069849967956543 0.22662210464477539063 0.193889617919921875 0.16115714609622955322 0.1284246593713760376 0.095691755414009094238 0.068955793976783752441 0.06625480949878692627 0.063553817570209503174 0.06085240095853805542 0.058151412755250930786 0.063150100409984588623 0.099010221660137176514 0.13487033545970916748 0.17073045670986175537 0.20659101009368896484 0.22476403415203094482 0.17204590141773223877 0.11932776868343353271 0.066609628498554229736 0.013891493901610374451 -0.027997165918350219727 -0.026480942964553833008 -0.024964289739727973938
-0.26620540022850036621 -0.29458481073379516602 -0.25942829251289367676 -0.2242717444896697998 -0.18911564350128173828 -0.15395912528038024902 -0.12283372879028320313 -0.10786666721105575562 -0.092899598181247711182 -0.077932536602020263672 -0.062965467572212219238 -0.039457969367504119873 0.018278324976563453674 0.076014623045921325684 0.13375134766101837158 0.1914876401424407959 0.23170344531536102295 0.20169314742088317871 0.17168286442756652832 0.14167256653308868408 0.11166227608919143677 0.086923718452453613281 0.083315335214138031006 0.07970695197582244873 0.076098136603832244873 0.072489753365516662598 0.072775773704051971436 0.088671870529651641846 0.10456753522157669067 0.12046363204717636108 0.13635973632335662842 0.13928011059761047363 0.090191558003425598145 0.041103437542915344238 -0.0079846801236271858215 -0.057073231786489486694 -0.093520104885101318359 -0.079299040138721466064 -0.065078400075435638428
-0.28090333938598632813 -0.3152783811092376709 -0.27013963460922241211 -0.22500130534172058105 -0.17986254394054412842 -0.13472421467304229736 -0.099414937198162078857 -0.10350450128316879272 -0.10759405791759490967 -0.11168361455202102661 -0.11577361077070236206 -0.1046187281608581543 -0.032362792640924453735 0.039893142879009246826 0.11214908212423324585 0.18440458178520202637 0.23678433895111083984 0.20949624478816986084 0.18220856785774230957 0.15492047369480133057 0.1276327967643737793 0.10489206761121749878 0.10037586092948913574 0.095860078930854797363 0.091343864798545837402 0.086827650666236877441 0.082401446998119354248 0.078333087265491485596 0.074265167117118835449 0.070196807384490966797 0.066128455102443695068 0.05379573628306388855 0.0083372062072157859802 -0.037120893597602844238 -0.082579426467418670654 -0.12803795933723449707 -0.15904304385185241699 -0.1321175694465637207 -0.10519250482320785522
-0.33938127756118774414 -0.37052530050277709961 -0.33312773704528808594 -0.29572975635528564453 -0.25833177566528320313 -0.22093424201011657715 -0.18943239748477935791 -0.18156395852565765381 -0.17369510233402252197 -0.16582667827606201172 -0.15795780718326568604 -0.13645680248737335205 -0.060315106064081192017 0.015826581045985221863 0.09196783602237701416 0.16810952126979827881 0.22485014796257019043 0.20382902026176452637 0.18280830979347229004 0.16178716719150543213 0.14076647162437438965 0.12374445796012878418 0.12275181710720062256 0.12175917625427246094 0.12076653540134429932 0.11977346241474151611 0.11559606343507766724 0.098652802407741546631 0.081709541380405426025 0.06476628035306930542 0.047823019325733184814 0.025733949616551399231 -0.016980757936835289001 -0.059695463627576828003 -0.10241016745567321777 -0.14512488245964050293 -0.17599798738956451416 -0.15940782427787780762 -0.14281766116619110107
-0.39891290664672851563 -0.42660385370254516602 -0.39737331867218017578 -0.36814278364181518555 -0.33891180157661437988 -0.30968126654624938965 -0.28217938542366027832 -0.26160612702369689941 -0.24103283882141113281 -0.22045999765396118164 -0.19988670945167541504 -0.16749304533004760742 -0.087721772491931915283 -0.0079500637948513031006 0.0718212127685546875 0.15159247815608978271 0.2125066220760345459 0.19783768057823181152 0.18316918611526489258 0.16850025951862335205 0.15383176505565643311 0.14261847734451293945 0.14525584876537322998 0.14789280295372009277 0.1505301743745803833 0.15316712856292724609 0.14935752749443054199 0.11970984935760498047 0.090062171220779418945 0.060414496809244155884 0.03076681867241859436 -0.0009466240881010890007 -0.04093870893120765686 -0.080931223928928375244 -0.12092331051826477051 -0.16091582179069519043 -0.19178418815135955811 -0.18608364462852478027 -0.18038310110569000244
-0.45844453573226928711 -0.48268243670463562012 -0.46161890029907226563 -0.44055536389350891113 -0.41949182748794555664 -0.39842826128005981445 -0.37492597103118896484 -0.34164828062057495117 -0.3083705604076385498 -0.27509331703186035156 -0.24181561172008514404 -0.19852928817272186279 -0.11512800306081771851 -0.031726706773042678833 0.051674153655767440796 0.13507544994354248047 0.20016308128833770752 0.19184635579586029053 0.18353007733821868896 0.17521378397941589355 0.16689707338809967041 0.16149249672889709473 0.16775946319103240967 0.17402642965316772461 0.18029339611530303955 0.18656077980995178223 0.18311943113803863525 0.14076733589172363281 0.098415240645408630371 0.056062713265419006348 0.013710620813071727753 -0.027626764029264450073 -0.064896658062934875488 -0.10216655582189559937 -0.13943645358085632324 -0.1767063438892364502 -0.20757080614566802979 -0.21275945007801055908 -0.21794852614402770996
-0.51797616481781005859 -0.53876101970672607422 -0.5258648991584777832 -0.51296836137771606445 -0.5000718235969543457 -0.48717570304870605469 -0.4676729738712310791 -0.42169085144996643066 -0.37570872902870178223 -0.32972663640975952148 -0.28374451398849487305 -0.22956554591655731201 -0.14253465831279754639 -0.055503353476524353027 0.031527526676654815674 0.11855883896350860596 0.18781954050064086914 0.18585546314716339111 0.1838909536600112915 0.18192687630653381348 0.17996236681938171387 0.18036651611328125 0.19026349484920501709 0.20016048848628997803 0.21005703508853912354 0.21995401382446289063 0.21688133478164672852 0.16182439029216766357 0.10676787793636322021 0.051711365580558776855 -0.0033455779775977134705 -0.05430690571665763855 -0.088854610919952392578 -0.12340231239795684814 -0.15794958174228668213 -0.19249729812145233154 -0.22335699200630187988 -0.23943527042865753174 -0.25551396608352661133
-0.57750773429870605469 -0.59483957290649414063 -0.59011048078536987305 -0.58538138866424560547 -0.58065181970596313477 -0.57592272758483886719 -0.56041955947875976563 -0.50173300504684448242 -0.44304648041725158691 -0.38435995578765869141 -0.32567298412322998047 -0.26060223579406738281 -0.16994132101535797119 -0.07927999645471572876 0.011380900628864765167 0.10204179584980010986 0.17547601461410522461 0.17986413836479187012 0.18425182998180389404 0.1886399686336517334 0.19302809238433837891 0.19924053549766540527 0.21276754140853881836 0.22629411518573760986 0.23982067406177520752 0.25334766507148742676 0.2506428062915802002 0.18288187682628631592 0.11512050777673721313 0.047359582036733627319 -0.020401775836944580078 -0.080987475812435150146 -0.11281256377696990967 -0.14463764429092407227 -0.17646272480487823486 -0.20828780531883239746 -0.23914319276809692383 -0.26611152291297912598 -0.2930794060230255127
-0.55657750368118286133 -0.56921917200088500977 -0.56290936470031738281 -0.55659997463226318359 -0.55029016733169555664 -0.54398083686828613281 -0.52644515037536621094 -0.46391573548316955566 -0.40138584375381469727 -0.3388563990592956543 -0.27632653713226318359 -0.20887067914009094238 -0.12166887521743774414 -0.03446750342845916748 0.0527342967689037323 0.13993608951568603516 0.2076234668493270874 0.19709645211696624756 0.18656943738460540771 0.17604199051856994629 0.16551499068737030029 0.16157731413841247559 0.18405061960220336914 0.20652393996715545654 0.22899726033210754395 0.25147101283073425293 0.25551298260688781738 0.18568108975887298584 0.1158491969108581543 0.046017311513423919678 -0.023814573884010314941 -0.084983140230178833008 -0.11142744868993759155 -0.13787218928337097168 -0.16431650519371032715 -0.19076082110404968262 -0.21682997047901153564 -0.24139544367790222168 -0.26596093177795410156
-0.53371125459671020508 -0.5416329503059387207 -0.53350830078125 -0.52538371086120605469 -0.51725912094116210938 -0.50913453102111816406 -0.48942193388938903809 -0.42326247692108154297 -0.35710299015045166016 -0.29094353318214416504 -0.22478407621383666992 -0.15514777600765228271 -0.071575999259948730469 0.011995784007012844086 0.095567569136619567871 0.17913934588432312012 0.24084144830703735352 0.21488782763481140137 0.18893377482891082764 0.16297972202301025391 0.13702568411827087402 0.12255363166332244873 0.15410134196281433105 0.18564949929714202881 0.21719764173030853271 0.24874535202980041504 0.25968819856643676758 0.18804109096527099609 0.11639441549777984619 0.044747304171323776245 -0.02689937688410282135 -0.088433578610420227051 -0.10943308472633361816 -0.13043257594108581543 -0.15143208205699920654 -0.17243158817291259766 -0.19359983503818511963 -0.21544270217418670654 -0.23728598654270172119
-0.51084506511688232422 -0.51404666900634765625 -0.50410729646682739258 -0.49416747689247131348 -0.48422807455062866211 -0.47428870201110839844 -0.45239868760108947754 -0.38260918855667114258 -0.31282013654708862305 -0.24303066730499267578 -0.17324161529541015625 -0.10142488777637481689 -0.021483123302459716797 0.058459073305130004883 0.13840083777904510498 0.21834303438663482666 0.27405986189842224121 0.23267877101898193359 0.19129811227321624756 0.14991702139377593994 0.10853637009859085083 0.083529524505138397217 0.12415250390768051147 0.16477504372596740723 0.2053975909948348999 0.24602013826370239258 0.26386299729347229004 0.1904011070728302002 0.1169392019510269165 0.043477293103933334351 -0.029984178021550178528 -0.091883592307567596436 -0.10743828117847442627 -0.1229929700493812561 -0.13854809105396270752 -0.15410278737545013428 -0.17036971449851989746 -0.18949037790298461914 -0.20861104130744934082
-0.48797881603240966797 -0.48646044731140136719 -0.47470584511756896973 -0.46295166015625 -0.45119702816009521484 -0.43944284319877624512 -0.4153754115104675293 -0.34195634722709655762 -0.2685368657112121582 -0.19511780142784118652 -0.12169872969388961792 -0.04770199209451675415 0.028610184788703918457 0.10492236167192459106 0.18123453855514526367 0.2575467228889465332 0.30727782845497131348 0.25047013163566589355 0.19366244971752166748 0.13685475289821624756 0.080047063529491424561 0.044505849480628967285 0.094203226268291473389 0.14390060305595397949 0.19359754025936126709 0.24329492449760437012 0.2680377960205078125 0.19276110827922821045 0.11748441308736801147 0.0422077178955078125 -0.033068981021642684937 -0.09533360600471496582 -0.10544347763061523438 -0.11555378884077072144 -0.12566366791725158691 -0.13577397167682647705 -0.14713957905769348145 -0.16353762149810791016 -0.1799361109733581543
-0.46511259675025939941 -0.45887419581413269043 -0.44530481100082397461 -0.43173539638519287109 -0.41816598176956176758 -0.40459656715393066406 -0.37835216522216796875 -0.30130308866500854492 -0.22425401210784912109 -0.14720492064952850342 -0.070156268775463104248 0.0060209003277122974396 0.078703060746192932129 0.15138565003871917725 0.22406780719757080078 0.29674997925758361816 0.34049582481384277344 0.26826152205467224121 0.1960267871618270874 0.12379248440265655518 0.051557753235101699829 0.0054821744561195373535 0.064253948628902435303 0.12302572280168533325 0.18179792165756225586 0.24056969583034515381 0.27221262454986572266 0.19512112438678741455 0.11802963167428970337 0.040937706828117370605 -0.036153782159090042114 -0.098783612251281738281 -0.10344911366701126099 -0.10811417549848556519 -0.11277967691421508789 -0.11744473874568939209 -0.12390945106744766235 -0.1375853121280670166 -0.15126116573810577393
-0.47663140296936035156 -0.4589335024356842041 -0.44886645674705505371 -0.43879896402359008789 -0.42873150110244750977 -0.41866403818130493164 -0.3930816948413848877 -0.30531388521194458008 -0.21754567325115203857 -0.12977789342403411865 -0.042009670287370681763 0.039543945342302322388 0.096190236508846282959 0.15283696353435516357 0.20948325097560882568 0.26612955331802368164 0.29820775985717773438 0.231813773512840271 0.16541978716850280762 0.099025800824165344238 0.032631807029247283936 -0.0097886556759476661682 0.043879717588424682617 0.097548089921474456787 0.15121603012084960938 0.20488439500331878662 0.23278824985027313232 0.15742629766464233398 0.082064360380172729492 0.006702421233057975769 -0.068659953773021697998 -0.12811021506786346436 -0.12378612905740737915 -0.11946204304695129395 -0.11513795703649520874 -0.11081386357545852661 -0.10936341434717178345 -0.1194308847188949585 -0.12949836254119873047
-0.48897796869277954102 -0.45965826511383056641 -0.45322081446647644043 -0.44678336381912231445 -0.44034591317176818848 -0.43390804529190063477 -0.40905654430389404297 -0.31039911508560180664 -0.21174171566963195801 -0.11308386921882629395 -0.014426460489630699158 0.072581052780151367188 0.11289291083812713623 0.15320520102977752686 0.1935170590877532959 0.23382934927940368652 0.25410318374633789063 0.19406141340732574463 0.13401962816715240479 0.073977842926979064941 0.013936063274741172791 -0.024487441405653953552 0.023735685274004936218 0.07195924222469329834 0.12018280476331710815 0.16840593516826629639 0.19231498241424560547 0.11876783519983291626 0.045220687985420227051 -0.028326459228992462158 -0.10187360644340515137 -0.15805949270725250244 -0.14466100931167602539 -0.13126209378242492676 -0.11786360293626785278 -0.10446468740701675415 -0.09502681344747543335 -0.10146426409482955933 -0.1079017147421836853
-0.50132453441619873047 -0.46038305759429931641 -0.45757564902305603027 -0.45476776361465454102 -0.45196032524108886719 -0.44915246963500976563 -0.42503139376640319824 -0.3154843449592590332 -0.20593732595443725586 -0.096390284597873687744 0.013156749308109283447 0.10561773180961608887 0.12959557771682739258 0.15357343852519989014 0.1775512993335723877 0.20152914524078369141 0.20999862253665924072 0.15630903840065002441 0.10261946916580200195 0.04892989620566368103 -0.0047596800141036510468 -0.039186660200357437134 0.003592089284211397171 0.046370405703783035278 0.089149154722690582275 0.13192790746688842773 0.15184129774570465088 0.080109372735023498535 0.0083770155906677246094 -0.063354909420013427734 -0.13508726656436920166 -0.18800877034664154053 -0.16553544998168945313 -0.14306214451789855957 -0.12058882415294647217 -0.098115503787994384766 -0.080690205097198486328 -0.083497636020183563232 -0.086305506527423858643
