INPUT/RASTER/ASCII_standard/soc.asc
ncols        225
nrows        269
xllcorner    473009.983799999987
yllcorner    4429051.174800000153
cellsize     50.000000000000
NODATA_value  -9999
[rows 108 to 125 of 269, columns 39 to 77 of 225]
1.2902150154113769531 1.2774158716201782227 1.2646166086196899414 1.2578629255294799805 1.2753392457962036133 1.2928155660629272461 1.3102915287017822266 1.3277678489685058594 1.3429932594299316406 1.3491961956024169922 1.3553996086120605469 1.3616025447845458984 1.3678053617477416992 1.3972527980804443359 1.5198668241500854492 1.6424808502197265625 1.7650949954986572266 1.8877085447311401367 1.9541510343551635742 1.7954518795013427734 1.6367526054382324219 1.4780534505844116211 1.3193542957305908203 1.1974744796752929688 1.2231727838516235352 1.2488707304000854492 1.2745690345764160156 1.3002668619155883789 1.3122551441192626953 1.2692942619323730469 1.2263329029083251953 1.1833720207214355469 1.1404106616973876953 1.1014128923416137695 1.0782996416091918945 1.0551867485046386719 1.0320738554000854492 1.0089610815048217773 0.97415500879287719727
1.1617044210433959961 1.1915558576583862305 1.2214072942733764648 1.2467949390411376953 1.2542891502380371094 1.2617832422256469727 1.2692778110504150391 1.2767719030380249023 1.2852768898010253906 1.2978320121765136719 1.3103871345520019531 1.3229422569274902344 1.3354973793029785156 1.3691229820251464844 1.4871996641159057617 1.6052763462066650391 1.7233529090881347656 1.841429591178894043 1.9033346176147460938 1.7400979995727539063 1.5768613815307617188 1.4136252403259277344 1.2503886222839355469 1.1301324367523193359 1.1821470260620117188 1.2341611385345458984 1.2861756086349487305 1.3381901979446411133 1.3661667108535766602 1.2977966070175170898 1.2294267416000366211 1.1610566377639770508 1.0926864147186279297 1.036976933479309082 1.0320132970809936523 1.0270496606826782227 1.022086024284362793 1.0171220302581787109 0.99684166908264160156
1.0331937074661254883 1.1056963205337524414 1.1781984567642211914 1.2357270717620849609 1.2332394123077392578 1.2307512760162353516 1.2282636165618896484 1.225775599479675293 1.2275600433349609375 1.2464674711227416992 1.2653747797012329102 1.2842825651168823242 1.3031898736953735352 1.3409928083419799805 1.4545325040817260742 1.5680717229843139648 1.6816109418869018555 1.7951506376266479492 1.8525183200836181641 1.6847442388534545898 1.5169706344604492188 1.3491966724395751953 1.1814225912094116211 1.0627899169921875 1.1411211490631103516 1.219451904296875 1.2977826595306396484 1.3761135339736938477 1.420078277587890625 1.3262993097305297852 1.2325202226638793945 1.1387412548065185547 1.0449621677398681641 0.97254139184951782227 0.98572701215744018555 0.99891257286071777344 1.0120977163314819336 1.0252833366394042969 1.0195282697677612305
0.90468311309814453125 1.01983642578125 1.134989619255065918 1.2246592044830322266 1.2121893167495727539 1.1997194290161132813 1.1872495412826538086 1.1747796535491943359 1.1698433160781860352 1.1951028108596801758 1.2203627824783325195 1.2456222772598266602 1.2708823680877685547 1.3128631114959716797 1.4218653440475463867 1.5308672189712524414 1.6398694515228271484 1.7488713264465332031 1.8017019033432006836 1.6293909549713134766 1.4570795297622680664 1.2847684621810913086 1.1124570369720458984 0.99544787406921386719 1.1000952720642089844 1.2047423124313354492 1.3093897104263305664 1.4140367507934570313 1.4739898443222045898 1.3548015356063842773 1.235613703727722168 1.1164258718490600586 0.99723798036575317383 0.9081058502197265625 0.93944025039672851563 0.97077506780624389648 1.0021098852157592773 1.0334447622299194336 1.0422148704528808594
0.77617293596267700195 0.93397641181945800781 1.0917803049087524414 1.2135913372039794922 1.19113922119140625 1.1686874628067016602 1.146235346794128418 1.1237832307815551758 1.112126469612121582 1.1437386274337768555 1.1753504276275634766 1.20696258544921875 1.2385742664337158203 1.2847334146499633789 1.38919830322265625 1.4936625957489013672 1.5981274843215942383 1.7025923728942871094 1.7508856058120727539 1.5740370750427246094 1.3971883058547973633 1.2203398942947387695 1.0434914827346801758 0.92810583114624023438 1.059069514274597168 1.1900331974029541016 1.3209968805313110352 1.451960444450378418 1.5279014110565185547 1.3833042383193969727 1.2387071847915649414 1.0941104888916015625 0.94951337575912475586 0.843669891357421875 0.89315396547317504883 0.94263797998428344727 0.99212205410003662109 1.0416060686111450195 1.0649015903472900391
0.71751797199249267578 0.83290272951126098633 0.94828790426254272461 1.0389341115951538086 1.0304261445999145508 1.0219177007675170898 1.0134092569351196289 1.0049009323120117188 1.0049644708633422852 1.0393841266632080078 1.0738037824630737305 1.1082233190536499023 1.142642974853515625 1.1892582178115844727 1.2847551107406616211 1.3802515268325805664 1.4757484197616577148 1.5712453126907348633 1.6194173097610473633 1.477908015251159668 1.3363983631134033203 1.194889068603515625 1.0533792972564697266 0.96710741519927978516 1.1022342443466186523 1.2373605966567993164 1.3724873065948486328 1.5076136589050292969 1.5857056379318237305 1.4351946115493774414 1.2846840620040893555 1.1341731548309326172 0.98366212844848632813 0.87069362401962280273 0.9081980586051940918 0.94570249319076538086 0.98320734500885009766 1.0207117795944213867 1.0367194414138793945
0.66054368019104003906 0.73146301507949829102 0.80238229036331176758 0.86034101247787475586 0.86635220050811767578 0.87236303091049194336 0.87837427854537963867 0.88438546657562255859 0.89661264419555664063 0.93375444412231445313 0.97089666128158569336 1.0080385208129882813 1.0451806783676147461 1.0921628475189208984 1.1785849332809448242 1.2650068998336791992 1.351428985595703125 1.4378510713577270508 1.4860088825225830078 1.3807976245880126953 1.2755867242813110352 1.1703754663467407227 1.0651646852493286133 1.008668065071105957 1.1474244594573974609 1.2861808538436889648 1.4249372482299804688 1.563694000244140625 1.6436033248901367188 1.48764801025390625 1.3316922187805175781 1.1757367849349975586 1.0197809934616088867 0.89991807937622070313 0.92471814155578613281 0.94951814413070678711 0.97431814670562744141 0.9991181492805480957 1.0073140859603881836
0.60356938838958740234 0.63002324104309082031 0.65647667646408081055 0.68174785375595092773 0.70227831602096557617 0.72280877828598022461 0.74333918094635009766 0.76386964321136474609 0.7882607579231262207 0.82812517881393432617 0.86798959970474243164 0.90785402059555053711 0.94771802425384521484 0.99506711959838867188 1.0724147558212280273 1.1497619152069091797 1.2271096706390380859 1.3044573068618774414 1.3525999784469604492 1.283687591552734375 1.2147752046585083008 1.1458623409271240234 1.0769499540328979492 1.0502287149429321289 1.1926146745681762695 1.3350011110305786133 1.477387547492980957 1.61977386474609375 1.7015014886856079102 1.5401008129119873047 1.3787006139755249023 1.2173000574111938477 1.0558998584747314453 0.92914259433746337891 0.9412377476692199707 0.95333331823348999023 0.96542894840240478516 0.97752451896667480469 0.97790831327438354492
0.54659515619277954102 0.52858304977416992188 0.51057142019271850586 0.50315433740615844727 0.53820443153381347656 0.57325404882431030273 0.60830414295196533203 0.64335381984710693359 0.67990887165069580078 0.72249549627304077148 0.76508253812789916992 0.80766916275024414063 0.85025578737258911133 0.89797174930572509766 0.96624457836151123047 1.0345174074172973633 1.1027902364730834961 1.1710630655288696289 1.219191431999206543 1.1865775585174560547 1.1539632081985473633 1.1213492155075073242 1.0887348651885986328 1.0917890071868896484 1.2378053665161132813 1.3838213682174682617 1.5298378467559814453 1.675853729248046875 1.7593991756439208984 1.5925542116165161133 1.425708770751953125 1.2588636875152587891 1.0920183658599853516 0.95836663246154785156 0.95775783061981201172 0.95714896917343139648 0.95653975009918212891 0.95593088865280151367 0.94850295782089233398
0.4896208345890045166 0.42714330554008483887 0.36466580629348754883 0.32456120848655700684 0.37413051724433898926 0.42369979619979858398 0.47326910495758056641 0.52283841371536254883 0.57155698537826538086 0.61686623096466064453 0.6621754765510559082 0.70748424530029296875 0.75279349088668823242 0.80087602138519287109 0.86007446050643920898 0.91927289962768554688 0.97847086191177368164 1.0376693010330200195 1.0857828855514526367 1.0894670486450195313 1.0931515693664550781 1.096836090087890625 1.1005202531814575195 1.1333496570587158203 1.2829957008361816406 1.4326416254043579102 1.5822880268096923828 1.7319340705871582031 1.8172968626022338867 1.645007014274597168 1.47271728515625 1.3004269599914550781 1.1281372308731079102 0.98759114742279052734 0.97427791357040405273 0.960964202880859375 0.94765096902847290039 0.93433731794357299805 0.91909718513488769531
0.48668575286865234375 0.42847996950149536133 0.37027460336685180664 0.33454170823097229004 0.3888829350471496582 0.44322419166564941406 0.49756541848182678223 0.55190622806549072266 0.60091817378997802734 0.62856847047805786133 0.65621876716613769531 0.68386900424957275391 0.71151930093765258789 0.74330288171768188477 0.79165446758270263672 0.84000569581985473633 0.88835734128952026367 0.93670856952667236328 0.98197323083877563477 1.0148670673370361328 1.0477609634399414063 1.0806548595428466797 1.11354827880859375 1.1634019613265991211 1.2812323570251464844 1.3990623950958251953 1.5168927907943725586 1.6347231864929199219 1.7006134986877441406 1.5583244562149047852 1.4160354137420654297 1.273746490478515625 1.1314574480056762695 1.0107922554016113281 0.97679930925369262695 0.94280588626861572266 0.90881294012069702148 0.87481993436813354492 0.84414589405059814453
0.48505052924156188965 0.43228957056999206543 0.37952902913093566895 0.34905961155891418457 0.40793827176094055176 0.46681648492813110352 0.5256951451301574707 0.58457338809967041016 0.63359266519546508789 0.6430937647819519043 0.65259480476379394531 0.66209584474563598633 0.67159688472747802734 0.68668079376220703125 0.72414278984069824219 0.76160436868667602539 0.79906642436981201172 0.83652800321578979492 0.87887620925903320313 0.94080895185470581055 1.0027412176132202148 1.0646740198135375977 1.1266067028045654297 1.1931772232055664063 1.2783392667770385742 1.3635008335113525391 1.4486624002456665039 1.5338239669799804688 1.579729914665222168 1.4682945013046264648 1.3568590879440307617 1.2454236745834350586 1.1339883804321289063 1.0338484048843383789 0.97898405790328979492 0.92411923408508300781 0.8692544102668762207 0.81438958644866943359 0.76809895038604736328
0.48341530561447143555 0.43609914183616638184 0.38878342509269714355 0.3635775446891784668 0.42699360847473144531 0.4904092252254486084 0.55382490158081054688 0.61724096536636352539 0.66626715660095214844 0.65761899948120117188 0.64897084236145019531 0.64032262563705444336 0.6316744685173034668 0.63005870580673217773 0.65663111209869384766 0.68320351839065551758 0.70977550745010375977 0.7363478541374206543 0.77577918767929077148 0.86675029993057250977 0.95772188901901245117 1.0486930608749389648 1.1396646499633789063 1.2229529619216918945 1.2754456996917724609 1.3279387950897216797 1.3804315328598022461 1.4329246282577514648 1.4588458538055419922 1.3782640695571899414 1.2976822853088378906 1.2171006202697753906 1.136519312858581543 1.0569050312042236328 0.98116838932037353516 0.90543216466903686523 0.82969546318054199219 0.75395923852920532227 0.6920515894889831543
0.48178011178970336914 0.43990874290466308594 0.39803782105445861816 0.37809586524963378906 0.44604891538619995117 0.51400196552276611328 0.58195501565933227539 0.6499080657958984375 0.69894170761108398438 0.67214429378509521484 0.64534687995910644531 0.61854946613311767578 0.59175205230712890625 0.57343667745590209961 0.58911943435668945313 0.60480219125747680664 0.62048500776290893555 0.63616734743118286133 0.67268168926239013672 0.79269212484359741211 0.91270214319229125977 1.0327125787734985352 1.1527225971221923828 1.2527283430099487305 1.2725526094436645508 1.2923768758773803711 1.3122011423110961914 1.3320252895355224609 1.3379616737365722656 1.288233637809753418 1.2385059595108032227 1.1887778043746948242 1.1390502452850341797 1.0799612998962402344 0.98335313796997070313 0.88674503564834594727 0.7901369929313659668 0.69352889060974121094 0.61600470542907714844
0.48014488816261291504 0.44371834397315979004 0.40729179978370666504 0.39261379837989807129 0.46510425209999084473 0.53759431838989257813 0.61008477210998535156 0.682575225830078125 0.73161619901657104492 0.68666952848434448242 0.64172291755676269531 0.59677624702453613281 0.5518296360969543457 0.51681458950042724609 0.52160775661468505859 0.52640092372894287109 0.5311940312385559082 0.5359871983528137207 0.56958466768264770508 0.71863353252410888672 0.86768281459808349609 1.0167316198348999023 1.1657809019088745117 1.2825036048889160156 1.2696590423583984375 1.2568148374557495117 1.2439702749252319336 1.2311260700225830078 1.2170776128768920898 1.1982035636901855469 1.1793291568756103516 1.1604551076889038086 1.1415811777114868164 1.1030174493789672852 0.98553788661956787109 0.86805796623229980469 0.75057846307754516602 0.63309895992279052734 0.53995734453201293945
0.48312020301818847656 0.44416317343711853027 0.40520614385604858398 0.39047056436538696289 0.4728151857852935791 0.55515933036804199219 0.63750398159027099609 0.71984857320785522461 0.77810674905776977539 0.73982256650924682617 0.70153838396072387695 0.66325461864471435547 0.62497049570083618164 0.59452921152114868164 0.59552186727523803711 0.59651446342468261719 0.59750711917877197266 0.59850019216537475586 0.62229156494140625 0.73746341466903686523 0.85263526439666748047 0.9678071141242980957 1.0829789638519287109 1.1750898361206054688 1.1747696399688720703 1.174449920654296875 1.1741300821304321289 1.1738103628158569336 1.1674529314041137695 1.1368979215621948242 1.1063427925109863281 1.0757877826690673828 1.0452321767807006836 1.0027074813842773438 0.91220796108245849609 0.82170808315277099609 0.73120856285095214844 0.64070862531661987305 0.56635445356369018555
0.48620632290840148926 0.44452708959579467773 0.40284785628318786621 0.38792622089385986328 0.48025307059288024902 0.57257944345474243164 0.66490632295608520508 0.75723272562026977539 0.82492917776107788086 0.79390501976013183594 0.76288044452667236328 0.73185634613037109375 0.70083218812942504883 0.67547613382339477539 0.67283874750137329102 0.67020183801651000977 0.66756445169448852539 0.66492748260498046875 0.67874699831008911133 0.75852781534194946289 0.83830863237380981445 0.91808938980102539063 0.99787020683288574219 1.0643749237060546875 1.0776669979095458984 1.0909590721130371094 1.1042510271072387695 1.1175431013107299805 1.1195430755615234375 1.076283574104309082 1.0330237150192260742 0.98976421356201171875 0.94650471210479736328 0.89942914247512817383 0.83706110715866088867 0.77469265460968017578 0.7123241424560546875 0.64995568990707397461 0.59521633386611938477
0.48929283022880554199 0.4448910057544708252 0.4004891514778137207 0.3853823244571685791 0.48769095540046691895 0.58999955654144287109 0.69230818748474121094 0.79461681842803955078 0.87175202369689941406 0.84798753261566162109 0.824222564697265625 0.80045801401138305664 0.77669346332550048828 0.7564226984977722168 0.75015568733215332031 0.74388873577117919922 0.73762178421020507813 0.73135483264923095703 0.73520290851593017578 0.77959263324737548828 0.82398241758346557617 0.86837214231491088867 0.91276186704635620117 0.95366001129150390625 0.98056429624557495117 1.0074682235717773438 1.0343719720840454102 1.0612763166427612305 1.0716332197189331055 1.0156693458557128906 0.95970499515533447266 0.90374112129211425781 0.84777677059173583984 0.79615122079849243164 0.76191377639770507813 0.72767674922943115234 0.69343972206115722656 0.65920275449752807617 0.62407863140106201172
