INPUT/RASTER/ASCII_standard/soc.asc
ncols        225
nrows        269
xllcorner    473009.983799999987
yllcorner    4429051.174800000153
cellsize     50.000000000000
NODATA_value  -9999
[rows 234 to 251 of 269, columns 39 to 77 of 225]
-0.2757670283317565918 -0.2757670283317565918 -0.2757670283317565918 -0.27500805258750915527 -0.27120757102966308594 -0.26740705966949462891 -0.26360696554183959961 -0.25980648398399353027 -0.27467358112335205078 -0.36436304450035095215 -0.45405292510986328125 -0.54374241828918457031 -0.63343185186386108398 -0.70432776212692260742 -0.69989681243896484375 -0.69546627998352050781 -0.69103574752807617188 -0.6866047978401184082 -0.68253248929977416992 -0.67989516258239746094 -0.6772581934928894043 -0.67462080717086791992 -0.67198389768600463867 -0.66909337043762207031 -0.66518598794937133789 -0.6612790226936340332 -0.65737205743789672852 -0.65346509218215942383 -0.66184329986572265625 -0.71946102380752563477 -0.77707874774932861328 -0.83469688892364501953 -0.89231461286544799805 -0.93589949607849121094 -0.9232375025749206543 -0.91057550907135009766 -0.89791393280029296875 -0.88525193929672241211 -0.88129216432571411133
-0.23946815729141235352 -0.23946815729141235352 -0.23946815729141235352 -0.24015919864177703857 -0.24361829459667205811 -0.24707782268524169922 -0.25053691864013671875 -0.25399646162986755371 -0.27594229578971862793 -0.37198394536972045898 -0.46802562475204467773 -0.56406730413436889648 -0.66010898351669311523 -0.73518270254135131836 -0.72621476650238037109 -0.71724683046340942383 -0.70827889442443847656 -0.69931089878082275391 -0.69088214635848999023 -0.68461513519287109375 -0.67834818363189697266 -0.67208123207092285156 -0.66581428050994873047 -0.66237419843673706055 -0.67026430368423461914 -0.67815393209457397461 -0.68604397773742675781 -0.69393402338027954102 -0.70794826745986938477 -0.74650937318801879883 -0.78507089614868164063 -0.82363200187683105469 -0.86219310760498046875 -0.8901640772819519043 -0.87568724155426025391 -0.86121046543121337891 -0.84673362970352172852 -0.83225685358047485352 -0.82630056142807006836
-0.20316968858242034912 -0.20316968858242034912 -0.20316968858242034912 -0.20531031489372253418 -0.21602901816368103027 -0.22674815356731414795 -0.23746728897094726563 -0.2481864243745803833 -0.27721056342124938965 -0.37960445880889892578 -0.48199832439422607422 -0.58439260721206665039 -0.68678653240203857422 -0.76603811979293823242 -0.75253272056579589844 -0.73902738094329833984 -0.72552198171615600586 -0.71201664209365844727 -0.69923216104507446289 -0.68933516740798950195 -0.67943817377090454102 -0.6695416569709777832 -0.65964466333389282227 -0.65565508604049682617 -0.67534214258193969727 -0.69502925872802734375 -0.71471589803695678711 -0.7344029545783996582 -0.75405371189117431641 -0.77355819940567016602 -0.79306268692016601563 -0.81256717443466186523 -0.83207166194915771484 -0.84442818164825439453 -0.82813656330108642578 -0.81184494495391845703 -0.79555338621139526367 -0.77926176786422729492 -0.77130937576293945313
-0.16687123477458953857 -0.16687123477458953857 -0.16687123477458953857 -0.17046101391315460205 -0.18843975663185119629 -0.20641849935054779053 -0.22439724206924438477 -0.24237596988677978516 -0.27847886085510253906 -0.38722535967826843262 -0.49597144126892089844 -0.60471755266189575195 -0.71346360445022583008 -0.79689347743988037109 -0.77885067462921142578 -0.76080793142318725586 -0.74276554584503173828 -0.72472280263900756836 -0.70758175849914550781 -0.69405519962310791016 -0.6805286407470703125 -0.66700160503387451172 -0.65347504615783691406 -0.64893591403961181641 -0.68042004108428955078 -0.71190410852432250977 -0.74338823556900024414 -0.77487188577651977539 -0.80015915632247924805 -0.80060654878616333008 -0.80105441808700561523 -0.80150228738784790039 -0.80195015668869018555 -0.7986927032470703125 -0.78058630228042602539 -0.76247948408126831055 -0.74437308311462402344 -0.72626668214797973633 -0.71631819009780883789
-0.16601836681365966797 -0.16601836681365966797 -0.16601836681365966797 -0.16721221804618835449 -0.17286126315593719482 -0.17801485955715179443 -0.18273530900478363037 -0.18707542121410369873 -0.21222504973411560059 -0.32200661301612854004 -0.43178817629814147949 -0.54156976938247680664 -0.65135174989700317383 -0.7347037196159362793 -0.71212393045425415039 -0.68954372406005859375 -0.66696399450302124023 -0.64438378810882568359 -0.62695676088333129883 -0.63018131256103515625 -0.63340586423873901367 -0.63663047552108764648 -0.63985544443130493164 -0.64753955602645874023 -0.67309767007827758789 -0.69865578413009643555 -0.72421431541442871094 -0.74977248907089233398 -0.77146601676940917969 -0.77766895294189453125 -0.78387188911437988281 -0.79007482528686523438 -0.79627770185470581055 -0.79974156618118286133 -0.79222583770751953125 -0.78471046686172485352 -0.77719467878341674805 -0.7696793675422668457 -0.76677888631820678711
-0.16601836681365966797 -0.16601836681365966797 -0.16601836681365966797 -0.16320097446441650391 -0.15100456774234771729 -0.14128498733043670654 -0.13335728645324707031 -0.12676794826984405518 -0.1443468630313873291 -0.25503581762313842773 -0.36572477221488952637 -0.4764137566089630127 -0.58710312843322753906 -0.67027550935745239258 -0.64315789937973022461 -0.61604070663452148438 -0.58892357349395751953 -0.5618063807487487793 -0.54419022798538208008 -0.56465667486190795898 -0.58512347936630249023 -0.60558986663818359375 -0.62605625391006469727 -0.64627128839492797852 -0.66547715663909912109 -0.68468308448791503906 -0.70388901233673095703 -0.723094940185546875 -0.74097281694412231445 -0.75352841615676879883 -0.76608353853225708008 -0.77863866090774536133 -0.79119378328323364258 -0.80191594362258911133 -0.80528980493545532227 -0.80866408348083496094 -0.81203794479370117188 -0.81541180610656738281 -0.81977701187133789063
-0.16601836681365966797 -0.16601836681365966797 -0.16601836681365966797 -0.15559519827365875244 -0.11701159179210662842 -0.092211157083511352539 -0.074927352368831634521 -0.062192209064960479736 -0.076468236744403839111 -0.18806459009647369385 -0.29966139793395996094 -0.41125774383544921875 -0.5228545069694519043 -0.60584694147109985352 -0.57419234514236450195 -0.54253774881362915039 -0.51088315248489379883 -0.47922852635383605957 -0.46142417192459106445 -0.49913239479064941406 -0.53684061765670776367 -0.57454890012741088867 -0.61225712299346923828 -0.64500254392623901367 -0.65785628557205200195 -0.67071038484573364258 -0.68356412649154663086 -0.69641780853271484375 -0.71048009395599365234 -0.72938781976699829102 -0.74829518795013427734 -0.76720249652862548828 -0.78611028194427490234 -0.80409032106399536133 -0.81835383176803588867 -0.83261728286743164063 -0.84688079357147216797 -0.86114424467086791992 -0.87277507781982421875
-0.16601836681365966797 -0.16601836681365966797 -0.16601836681365966797 -0.13563680648803710938 -0.056889329105615615845 -0.023313494399189949036 -0.004704725462943315506 0.0071204206906259059906 -0.0085896113887429237366 -0.12109379470348358154 -0.23359754681587219238 -0.3461017310619354248 -0.45860591530799865723 -0.5414187312126159668 -0.50522673130035400391 -0.46903470158576965332 -0.43284270167350769043 -0.39665111899375915527 -0.37865811586380004883 -0.43360817432403564453 -0.48855823278427124023 -0.54350829124450683594 -0.59845834970474243164 -0.64373427629470825195 -0.65023577213287353516 -0.65673726797103881836 -0.66323876380920410156 -0.66974025964736938477 -0.67998731136322021484 -0.70524728298187255859 -0.73050683736801147461 -0.75576639175415039063 -0.78102636337280273438 -0.80626469850540161133 -0.83141779899597167969 -0.85657089948654174805 -0.88172399997711181641 -0.90687710046768188477 -0.92577320337295532227
-0.16601836681365966797 -0.16601836681365966797 -0.16601836681365966797 0.056765872985124588013 0.078297175467014312744 0.080459870398044586182 0.081280291080474853516 0.0817125663161277771 0.059288579970598220825 -0.054122570902109146118 -0.16753415763378143311 -0.28094574809074401855 -0.39435732364654541016 -0.47699055075645446777 -0.43626111745834350586 -0.39553168416023254395 -0.35480269789695739746 -0.31407329440116882324 -0.29589161276817321777 -0.36808350682258605957 -0.44027540087699890137 -0.51246726512908935547 -0.58465915918350219727 -0.64246600866317749023 -0.64261531829833984375 -0.64276456832885742188 -0.64291387796401977539 -0.64306312799453735352 -0.64949452877044677734 -0.68110674619674682617 -0.71271848678588867188 -0.74433022737503051758 -0.77594244480133056641 -0.80843907594680786133 -0.84448182582855224609 -0.88052409887313842773 -0.9165668487548828125 -0.95260953903198242188 -0.97877132892608642578
-9999 -9999 -9999 0.034795798361301422119 0.034795798361301422119 0.034795798361301422119 0.034795798361301422119 0.034795798361301422119 0.012853851541876792908 -0.097034595906734466553 -0.20692260563373565674 -0.31681105494499206543 -0.42669907212257385254 -0.50719904899597167969 -0.46990790963172912598 -0.43261682987213134766 -0.39532530307769775391 -0.35803419351577758789 -0.34038475155830383301 -0.40146157145500183105 -0.46253883838653564453 -0.52361607551574707031 -0.58469337224960327148 -0.63499045372009277344 -0.64207959175109863281 -0.64916872978210449219 -0.65625780820846557617 -0.66334694623947143555 -0.67606997489929199219 -0.71137577295303344727 -0.74668163061141967773 -0.78198742866516113281 -0.81729322671890258789 -0.85014295578002929688 -0.87314939498901367188 -0.89615583419799804688 -0.91916221380233764648 -0.94216865301132202148 -0.95804005861282348633
-9999 -9999 -9999 -0.015114472247660160065 -0.015114472247660160065 -0.015114472247660160065 -0.015114472247660160065 -0.015114472247660160065 -0.036332059651613235474 -0.14259004592895507813 -0.24884848296642303467 -0.35510689020156860352 -0.46136534214019775391 -0.53968530893325805664 -0.50602376461029052734 -0.47236225008964538574 -0.43870076537132263184 -0.40503925085067749023 -0.38793933391571044922 -0.4372195899486541748 -0.4864998161792755127 -0.53578007221221923828 -0.58506029844284057617 -0.62736523151397705078 -0.64171397686004638672 -0.656063079833984375 -0.67041182518005371094 -0.68476057052612304688 -0.70401883125305175781 -0.74295419454574584961 -0.78189003467559814453 -0.82082545757293701172 -0.85976129770278930664 -0.89279842376708984375 -0.90219259262084960938 -0.91158717870712280273 -0.92098134756088256836 -0.93037593364715576172 -0.93553471565246582031
-9999 -9999 -9999 -0.065024740993976593018 -0.065024740993976593018 -0.065024740993976593018 -0.065024740993976593018 -0.065024740993976593018 -0.085517540574073791504 -0.18814595043659210205 -0.29077434539794921875 -0.39340320229530334473 -0.49603158235549926758 -0.57217109203338623047 -0.54213964939117431641 -0.51210772991180419922 -0.48207619786262512207 -0.45204472541809082031 -0.43549436330795288086 -0.47297757863998413086 -0.51046079397201538086 -0.54794359207153320313 -0.58542680740356445313 -0.61974042654037475586 -0.64134871959686279297 -0.6629574894905090332 -0.6845658421516418457 -0.70617413520812988281 -0.73196768760681152344 -0.77453309297561645508 -0.81709849834442138672 -0.85966396331787109375 -0.90222936868667602539 -0.9354534149169921875 -0.93123573064804077148 -0.92701810598373413086 -0.92280089855194091797 -0.91858327388763427734 -0.91302943229675292969
-9999 -9999 -9999 -0.11493544280529022217 -0.11493544280529022217 -0.11493544280529022217 -0.11493544280529022217 -0.11493544280529022217 -0.13470301032066345215 -0.23370184004306793213 -0.33270022273063659668 -0.43169903755187988281 -0.53069788217544555664 -0.60465693473815917969 -0.57825547456741333008 -0.55185359716415405273 -0.52545166015625 -0.49905019998550415039 -0.48304894566535949707 -0.50873512029647827148 -0.53442132472991943359 -0.5601075291633605957 -0.58579373359680175781 -0.61211514472961425781 -0.64098352193832397461 -0.66985189914703369141 -0.69871985912322998047 -0.72758817672729492188 -0.75991606712341308594 -0.80611151456832885742 -0.85230696201324462891 -0.89850199222564697266 -0.94469743967056274414 -0.97810840606689453125 -0.96027892827987670898 -0.94244945049285888672 -0.92462003231048583984 -0.90679055452346801758 -0.89052408933639526367
-9999 -9999 -9999 -0.16484571993350982666 -0.16484571993350982666 -0.16484571993350982666 -0.16484571993350982666 -0.16484571993350982666 -0.18388849496841430664 -0.27925729751586914063 -0.37462610006332397461 -0.46999490261077880859 -0.56536412239074707031 -0.63714277744293212891 -0.61437088251113891602 -0.59159898757934570313 -0.56882756948471069336 -0.54605567455291748047 -0.53060394525527954102 -0.54449313879013061523 -0.55838233232498168945 -0.57227152585983276367 -0.58616071939468383789 -0.60449033975601196289 -0.64061832427978515625 -0.67674630880355834961 -0.71287381649017333984 -0.7490018010139465332 -0.78786492347717285156 -0.83768999576568603516 -0.88751500844955444336 -0.9373404383659362793 -0.9871654510498046875 -1.0207637548446655273 -0.98932212591171264648 -0.95788085460662841797 -0.92643958330154418945 -0.8949978947639465332 -0.86801874637603759766
-9999 -9999 -9999 -0.16601836681365966797 -0.16601836681365966797 -0.16601836681365966797 -0.16601836681365966797 -0.16601836681365966797 -0.1863861083984375 -0.28277611732482910156 -0.37071177363395690918 -0.45125803351402282715 -0.52530932426452636719 -0.579769134521484375 -0.57657742500305175781 -0.57338619232177734375 -0.57019448280334472656 -0.5670032501220703125 -0.56433600187301635742 -0.56376957893371582031 -0.56320357322692871094 -0.56263720989227294922 -0.56207078695297241211 -0.56674230098724365234 -0.59240686893463134766 -0.6180718541145324707 -0.64373642206192016602 -0.66940146684646606445 -0.70220750570297241211 -0.76363784074783325195 -0.8250681757926940918 -0.88649857044219970703 -0.94792890548706054688 -0.98650431632995605469 -0.93347591161727905273 -0.88044708967208862305 -0.82741868495941162109 -0.77438986301422119141 -0.72996121644973754883
-9999 -9999 -9999 -0.16601836681365966797 -0.16601836681365966797 -0.16601836681365966797 -0.16601836681365966797 -0.16601836681365966797 -0.18860028684139251709 -0.28636068105697631836 -0.36426785588264465332 -0.42781156301498413086 -0.48062923550605773926 -0.520233154296875 -0.53700596094131469727 -0.55377870798110961914 -0.57055103778839111328 -0.58732384443283081055 -0.59773528575897216797 -0.58264964818954467773 -0.5675640106201171875 -0.55247843265533447266 -0.5373923182487487793 -0.5282694697380065918 -0.54304444789886474609 -0.55781978368759155273 -0.57259517908096313477 -0.58737009763717651367 -0.61381703615188598633 -0.68704438209533691406 -0.76027137041091918945 -0.83349871635437011719 -0.90672612190246582031 -0.95039451122283935547 -0.87558686733245849609 -0.80077880620956420898 -0.72597116231918334961 -0.65116351842880249023 -0.58912301063537597656
-9999 -9999 -9999 -0.16601836681365966797 -0.16601836681365966797 -0.16601836681365966797 -0.16601836681365966797 -0.16601836681365966797 -0.19279976189136505127 -0.29193532466888427734 -0.35565775632858276367 -0.40006694197654724121 -0.43278774619102478027 -0.46069723367691040039 -0.49743402004241943359 -0.5341708064079284668 -0.5709075927734375 -0.60764485597610473633 -0.63113456964492797852 -0.60152971744537353516 -0.57192444801330566406 -0.54231917858123779297 -0.512714385986328125 -0.48979622125625610352 -0.49368196725845336914 -0.49756771326065063477 -0.50145345926284790039 -0.50533920526504516602 -0.52542656660079956055 -0.61045050621032714844 -0.69547492265701293945 -0.78049933910369873047 -0.86552327871322631836 -0.91428428888320922852 -0.81769740581512451172 -0.72111093997955322266 -0.62452405691146850586 -0.52793717384338378906 -0.44828531146049499512
-9999 -9999 -9999 -0.16601836681365966797 -0.16601836681365966797 -0.16601836681365966797 -0.16601836681365966797 -0.16601836681365966797 -0.20381920039653778076 -0.30179551243782043457 -0.34357038140296936035 -0.36672306060791015625 -0.38143610954284667969 -0.40116128325462341309 -0.45786207914352416992 -0.51456332206726074219 -0.57126414775848388672 -0.62796539068222045898 -0.66453385353088378906 -0.62040936946868896484 -0.57628488540649414063 -0.53216040134429931641 -0.48803594708442687988 -0.45132339000701904297 -0.44431951642036437988 -0.4373156428337097168 -0.43031221628189086914 -0.42330834269523620605 -0.43703567981719970703 -0.53385710716247558594 -0.63067805767059326172 -0.72749948501586914063 -0.82432091236114501953 -0.8781744837760925293 -0.75980836153030395508 -0.64144265651702880859 -0.52307695150375366211 -0.4047107994556427002 -0.30744761228561401367
