INPUT/RASTER/ASCII_standard/soc.asc
ncols        225
nrows        269
xllcorner    473009.983799999987
yllcorner    4429051.174800000153
cellsize     50.000000000000
NODATA_value  -9999
[rows 126 to 143 of 269, columns 156 to 194 of 225]
-0.080684147775173187256 -0.033148597925901412964 -0.031504295766353607178 -0.02985998988151550293 -0.028215685859322547913 -0.026571379974484443665 -0.029928358271718025208 -0.053330276161432266235 -0.076732620596885681152 -0.10013453662395477295 -0.12353645265102386475 -0.13353426754474639893 -0.089805275201797485352 -0.046076726168394088745 -0.0023481773678213357925 0.04138080403208732605 0.081893011927604675293 0.10951256752014160156 0.13713212311267852783 0.1647516787052154541 0.19237123429775238037 0.21231448650360107422 0.20148891210556030273 0.1906633228063583374 0.17983774840831756592 0.16901215910911560059 0.12050560861825942993 -0.079029455780982971191 -0.27856451272964477539 -0.47809958457946777344 -0.67763465642929077148 -0.84177219867706298828 -0.86403214931488037109 -0.88629257678985595703 -0.90855258703231811523 -0.93081301450729370117 -0.92725521326065063477 -0.82021707296371459961 -0.71317934989929199219
-0.12152002006769180298 -0.072534888982772827148 -0.063630975782871246338 -0.054726634174585342407 -0.045822724699974060059 -0.03691881522536277771 -0.036096230149269104004 -0.067665584385395050049 -0.09923493117094039917 -0.13080428540706634521 -0.16237320005893707275 -0.18035712838172912598 -0.14388775825500488281 -0.10741880536079406738 -0.070949867367744445801 -0.034480918198823928833 0.004570018034428358078 0.053968824446201324463 0.10336762666702270508 0.15276600420475006104 0.20216479897499084473 0.2389946281909942627 0.22544686496257781982 0.21189865469932556152 0.1983508765697479248 0.18480311334133148193 0.1332117617130279541 -0.070860728621482849121 -0.27493321895599365234 -0.47900524735450744629 -0.68307775259017944336 -0.8544705510139465332 -0.89488017559051513672 -0.9352893829345703125 -0.97569906711578369141 -1.0161082744598388672 -1.0267136096954345703 -0.91786062717437744141 -0.80900812149047851563
-0.050169747322797775269 -0.0043382188305258750916 -0.0041253245435655117035 -0.0039119976572692394257 -0.0036991033703088760376 -0.0034857764840126037598 -0.0091261742636561393738 -0.0382290668785572052 -0.067331530153751373291 -0.096434421837329864502 -0.12553732097148895264 -0.14122700691223144531 -0.10315616428852081299 -0.065085321664810180664 -0.027014477178454399109 0.011055934242904186249 0.046890523284673690796 0.073761060833930969238 0.1006320267915725708 0.12750299274921417236 0.15437352657318115234 0.17369194328784942627 0.16273827850818634033 0.15178504586219787598 0.14083138108253479004 0.1298777163028717041 0.086004205048084259033 -0.089818693697452545166 -0.26564115285873413086 -0.44146361947059631348 -0.61728608608245849609 -0.76987063884735107422 -0.82931572198867797852 -0.88876032829284667969 -0.94820499420166015625 -1.0076500177383422852 -1.0283501148223876953 -0.89375644922256469727 -0.75916272401809692383
0.023879779502749443054 0.06644649803638458252 0.057584993541240692139 0.04872349277138710022 0.039862420409917831421 0.03100091591477394104 0.018641371279954910278 -0.0077389003708958625793 -0.034119602292776107788 -0.060499876737594604492 -0.086880147457122802734 -0.1000285223126411438 -0.060142889618873596191 -0.020257251337170600891 0.019628386944532394409 0.059514023363590240479 0.092089861631393432617 0.095366351306438446045 0.098643280565738677979 0.10192020982503890991 0.10519669950008392334 0.10617592930793762207 0.09794445335865020752 0.089713409543037414551 0.081482365727424621582 0.073251321911811828613 0.037354424595832824707 -0.109429188072681427 -0.25621280074119567871 -0.40299642086029052734 -0.54978042840957641602 -0.68292975425720214844 -0.76143103837966918945 -0.8399327397346496582 -0.91843396425247192383 -0.99693566560745239258 -1.0276322364807128906 -0.86672234535217285156 -0.70581239461898803711
0.097929306328296661377 0.13723164796829223633 0.1192957460880279541 0.10135941207408905029 0.083423510193824768066 0.065487176179885864258 0.046408914029598236084 0.022750834003090858459 -0.00090724730398505926132 -0.024565329775214195251 -0.048222977668046951294 -0.058830473572015762329 -0.017130043357610702515 0.024570818990468978882 0.066271252930164337158 0.10797211527824401855 0.13728919625282287598 0.11697164922952651978 0.096654534339904785156 0.076337426900863647461 0.056019876152276992798 0.038659483194351196289 0.033151060342788696289 0.027642207220196723938 0.022133354097604751587 0.016624934971332550049 -0.011294925585389137268 -0.12903968989849090576 -0.24678488075733184814 -0.36452963948249816895 -0.4822743833065032959 -0.59598845243453979492 -0.69354677200317382813 -0.79110509157180786133 -0.8886629939079284668 -0.9862213134765625 -1.0269148349761962891 -0.83968865871429443359 -0.65246206521987915039
0.17197883129119873047 0.20801679790019989014 0.18100605905055999756 0.15399533510208129883 0.12698459625244140625 0.09997387230396270752 0.07417602837085723877 0.053240567445755004883 0.032305110245943069458 0.011369650252163410187 -0.0095662418752908706665 -0.017632421106100082397 0.025883235037326812744 0.069398887455463409424 0.11291411519050598145 0.15642976760864257813 0.18248853087425231934 0.13857695460319519043 0.094665795564651489258 0.050754640251398086548 0.0068430528044700622559 -0.02885653078556060791 -0.031642761081457138062 -0.034428991377353668213 -0.037215657532215118408 -0.04000188782811164856 -0.059944272041320800781 -0.1486501842737197876 -0.23735651373863220215 -0.32606241106986999512 -0.41476875543594360352 -0.50904756784439086914 -0.6256625056266784668 -0.74227744340896606445 -0.85889238119125366211 -0.97550690174102783203 -1.0261973142623901367 -0.81265455484390258789 -0.59911173582077026367
0.24602836370468139648 0.27880150079727172852 0.24271638691425323486 0.20663082599639892578 0.17054569721221923828 0.13446056842803955078 0.10194357484579086304 0.083730302751064300537 0.065517462790012359619 0.047304198145866394043 0.029090926051139831543 0.023566063493490219116 0.068896509706974029541 0.11422695964574813843 0.15955741703510284424 0.20488785207271575928 0.22768743336200714111 0.16018225252628326416 0.092677049338817596436 0.025171857327222824097 -0.042333770543336868286 -0.096372544765472412109 -0.096436582505702972412 -0.096500627696514129639 -0.096564233303070068359 -0.096628278493881225586 -0.10859362035989761353 -0.16826111078262329102 -0.22792816162109375 -0.28759565949440002441 -0.34726312756538391113 -0.42210626602172851563 -0.55777823925018310547 -0.69344985485076904297 -0.82912141084671020508 -0.96479296684265136719 -1.0254799127578735352 -0.78562086820602416992 -0.54576188325881958008
0.15242026746273040771 0.18210472166538238525 0.14137528836727142334 0.10064630210399627686 0.059916879981756210327 0.019187886267900466919 -0.015086345374584197998 -0.023488309234380722046 -0.031889840960502624512 -0.040291372686624526978 -0.048693336546421051025 -0.049365337938070297241 -0.0190564766526222229 0.011251952499151229858 0.041560813784599304199 0.071869671344757080078 0.086429126560688018799 0.03786458820104598999 -0.010699946433305740356 -0.059264484792947769165 -0.10782901942729949951 -0.14758138358592987061 -0.15201191604137420654 -0.15644288063049316406 -0.16087342798709869385 -0.16530396044254302979 -0.17585043609142303467 -0.21091003715991973877 -0.24596920609474182129 -0.28102838993072509766 -0.31608754396438598633 -0.36460232734680175781 -0.46704813838005065918 -0.56949436664581298828 -0.67194014787673950195 -0.77438640594482421875 -0.8173828125 -0.6220982670783996582 -0.42681416869163513184
0.054778426885604858398 0.081377647817134857178 0.036111243069171905518 -0.0091551654040813446045 -0.054422006011009216309 -0.099688410758972167969 -0.13560046255588531494 -0.134020194411277771 -0.13243992626667022705 -0.13085967302322387695 -0.12927897274494171143 -0.12504272162914276123 -0.11016090214252471924 -0.095279082655906677246 -0.08039725571870803833 -0.065515436232089996338 -0.059315543621778488159 -0.087916061282157897949 -0.11651657521724700928 -0.14511708915233612061 -0.17371760308742523193 -0.19839775562286376953 -0.20736570656299591064 -0.21633365750312805176 -0.22530160844326019287 -0.23426999151706695557 -0.24355511367321014404 -0.25411283969879150391 -0.26467058062553405762 -0.27522832155227661133 -0.28578647971153259277 -0.30780631303787231445 -0.37576889991760253906 -0.44373103976249694824 -0.51169359683990478516 -0.57965618371963500977 -0.60429561138153076172 -0.4552917778491973877 -0.30628794431686401367
-0.042863842099905014038 -0.019348988309502601624 -0.069152809679508209229 -0.11895663291215896606 -0.16876046359539031982 -0.21856428682804107666 -0.25611501932144165039 -0.24455250799655914307 -0.23299002647399902344 -0.22142753005027770996 -0.20986504852771759033 -0.20072011649608612061 -0.2012653350830078125 -0.20181012153625488281 -0.20235489308834075928 -0.20290011167526245117 -0.2050606459379196167 -0.21369670331478118896 -0.22233319282531738281 -0.23096926510334014893 -0.23960575461387634277 -0.24921411275863647461 -0.2627194821834564209 -0.27622485160827636719 -0.28973022103309631348 -0.30323559045791625977 -0.31125977635383605957 -0.29731607437133789063 -0.28337237238883972168 -0.26942867040634155273 -0.25548496842384338379 -0.25101029872894287109 -0.28448921442031860352 -0.31796813011169433594 -0.35144701600074768066 -0.38492593169212341309 -0.39120846986770629883 -0.28848531842231750488 -0.18576213717460632324
-0.14050568640232086182 -0.12007606029510498047 -0.17441730201244354248 -0.22875809669494628906 -0.28309935331344604492 -0.33744058012962341309 -0.37662911415100097656 -0.35508438944816589355 -0.33354011178016662598 -0.31199538707733154297 -0.29045110940933227539 -0.27639749646186828613 -0.29236933588981628418 -0.30834114551544189453 -0.32431298494338989258 -0.34028479456901550293 -0.3508053123950958252 -0.33947777748107910156 -0.3281498253345489502 -0.31682187318801879883 -0.30549389123916625977 -0.30003049969673156738 -0.318073272705078125 -0.33611604571342468262 -0.3541584014892578125 -0.37220117449760437012 -0.37896445393562316895 -0.34051933884620666504 -0.30207419395446777344 -0.26362904906272888184 -0.22518390417098999023 -0.19421473145484924316 -0.1932099759578704834 -0.19220520555973052979 -0.19120045006275177002 -0.19019569456577301025 -0.17812131345272064209 -0.12167882174253463745 -0.065236337482929229736
-0.23814794421195983887 -0.22080269455909729004 -0.27968135476112365723 -0.33855956792831420898 -0.39743822813034057617 -0.45631644129753112793 -0.49714323878288269043 -0.46561673283576965332 -0.43409019708633422852 -0.40256327390670776367 -0.37103673815727233887 -0.35207489132881164551 -0.38347375392913818359 -0.41487216949462890625 -0.44627103209495544434 -0.47766947746276855469 -0.49655041098594665527 -0.46525844931602478027 -0.43396645784378051758 -0.40267404913902282715 -0.37138205766677856445 -0.35084685683250427246 -0.3734270632266998291 -0.39600682258605957031 -0.41858699917793273926 -0.44116678833961486816 -0.44666913151741027832 -0.38372257351875305176 -0.3207759857177734375 -0.25782939791679382324 -0.19488239288330078125 -0.1374187171459197998 -0.10193029046058654785 -0.066441871225833892822 -0.030953884124755859375 0.004534535575658082962 0.034965854138135910034 0.045127656310796737671 0.05528989061713218689
-0.34308746457099914551 -0.34298273921012878418 -0.38070008158683776855 -0.41841781139373779297 -0.45613557100296020508 -0.49385333061218261719 -0.51716697216033935547 -0.48274734616279602051 -0.44832772016525268555 -0.41390809416770935059 -0.37948846817016601563 -0.35669106245040893555 -0.38047721982002258301 -0.40426295995712280273 -0.42804870009422302246 -0.45183485746383666992 -0.4661217033863067627 -0.44233596324920654297 -0.41854980587959289551 -0.39476406574249267578 -0.37097832560539245605 -0.35629469156265258789 -0.37809514999389648438 -0.39989560842514038086 -0.42169603705406188965 -0.44349649548530578613 -0.45073705911636352539 -0.39962083101272583008 -0.34850457310676574707 -0.29738792777061462402 -0.24627168476581573486 -0.19492913782596588135 -0.14268004894256591797 -0.090430982410907745361 -0.038181900978088378906 0.014067174866795539856 0.062826432287693023682 0.097599148750305175781 0.13237185776233673096
-0.45530304312705993652 -0.46567860245704650879 -0.48161709308624267578 -0.49755561351776123047 -0.51349413394927978516 -0.52943307161331176758 -0.53477269411087036133 -0.49763047695159912109 -0.4604886472225189209 -0.4233468472957611084 -0.38620460033416748047 -0.35959801077842712402 -0.37521630525588989258 -0.39083504676818847656 -0.40645378828048706055 -0.42207249999046325684 -0.43145412206649780273 -0.41583541035652160645 -0.40021666884422302246 -0.38459792733192443848 -0.36897921562194824219 -0.36065080761909484863 -0.38154384493827819824 -0.40243691205978393555 -0.42332997918128967285 -0.44422259926795959473 -0.45327404141426086426 -0.41486221551895141602 -0.37644997239112854004 -0.3380381464958190918 -0.29962632060050964355 -0.2551898658275604248 -0.18660636246204376221 -0.11802327632904052734 -0.04943976178765296936 0.019143749028444290161 0.086230508983135223389 0.14731988310813903809 0.20840883255004882813
-0.57545971870422363281 -0.5883744359016418457 -0.5825341343879699707 -0.57669341564178466797 -0.57085305452346801758 -0.56501233577728271484 -0.55237847566604614258 -0.51251399517059326172 -0.47264957427978515625 -0.43278515338897705078 -0.39292070269584655762 -0.36250454187393188477 -0.36995583772659301758 -0.37740758061408996582 -0.38485887646675109863 -0.39231058955192565918 -0.39678612351417541504 -0.38933482766151428223 -0.38188311457633972168 -0.37443181872367858887 -0.36698007583618164063 -0.36500692367553710938 -0.3849925696849822998 -0.40497821569442749023 -0.42496344447135925293 -0.44494912028312683105 -0.45581060647964477539 -0.43010321259498596191 -0.40439578890800476074 -0.37868839502334594727 -0.35298100113868713379 -0.31545060873031616211 -0.23053309321403503418 -0.14561514556407928467 -0.060697622597217559814 0.024220323190093040466 0.10963459312915802002 0.19704020023345947266 0.28444579243659973145
-0.70443207025527954102 -0.71107029914855957031 -0.68345075845718383789 -0.65583115816116333008 -0.62821161746978759766 -0.60059207677841186523 -0.56998419761657714844 -0.52739715576171875 -0.4848105013370513916 -0.4422238767147064209 -0.39963683485984802246 -0.36541107296943664551 -0.36469537019729614258 -0.36397966742515563965 -0.36326396465301513672 -0.36254867911338806152 -0.36211857199668884277 -0.3628342747688293457 -0.36354997754096984863 -0.36426568031311035156 -0.36498096585273742676 -0.36936300992965698242 -0.38844129443168640137 -0.40751910209655761719 -0.42659738659858703613 -0.44567519426345825195 -0.45834758877754211426 -0.44534459710121154785 -0.43234163522720336914 -0.41933864355087280273 -0.40633565187454223633 -0.37571135163307189941 -0.27445939183235168457 -0.17320743203163146973 -0.07195548713207244873 0.029296465218067169189 0.13303866982460021973 0.24676050245761871338 0.36048233509063720703
-0.84322696924209594727 -0.83376616239547729492 -0.78436774015426635742 -0.73496896028518676758 -0.68557059764862060547 -0.63617175817489624023 -0.58758950233459472656 -0.54228067398071289063 -0.49697145819664001465 -0.45166221261024475098 -0.4063529670238494873 -0.36831760406494140625 -0.35943487286567687988 -0.35055175423622131348 -0.3416690528392791748 -0.33278632164001464844 -0.32745099067687988281 -0.33633369207382202148 -0.34521642327308654785 -0.35409912467002868652 -0.3629818260669708252 -0.37371912598609924316 -0.39188998937606811523 -0.41006043553352355957 -0.42823085188865661621 -0.44640171527862548828 -0.46088415384292602539 -0.46058559417724609375 -0.46028745174407958984 -0.45998886227607727051 -0.45969030261039733887 -0.43597206473350524902 -0.31838569045066833496 -0.20079973340034484863 -0.083213344216346740723 0.034373037517070770264 0.15644274652004241943 0.2964808046817779541 0.43651932477951049805
-0.85678684711456298828 -0.842502593994140625 -0.77752786874771118164 -0.71255320310592651367 -0.64757847785949707031 -0.58260381221771240234 -0.52278143167495727539 -0.48361146450042724609 -0.44444110989570617676 -0.40527117252349853516 -0.36610081791877746582 -0.33364784717559814453 -0.32811781764030456543 -0.32258775830268859863 -0.31705769896507263184 -0.31152763962745666504 -0.30997505784034729004 -0.32436662912368774414 -0.33875820040702819824 -0.35314974188804626465 -0.36754131317138671875 -0.38055986166000366211 -0.38807520270347595215 -0.39559099078178405762 -0.40310633182525634766 -0.41062209010124206543 -0.41557532548904418945 -0.41025817394256591797 -0.40494143962860107422 -0.39962470531463623047 -0.39430800080299377441 -0.37038940191268920898 -0.27191460132598876953 -0.1734393686056137085 -0.074964560568332672119 0.023510675877332687378 0.12492316216230392456 0.23810930550098419189 0.35129588842391967773
