INPUT/RASTER/ASCII_standard/tpi.asc
ncols        225
nrows        269
xllcorner    473009.983799999987
yllcorner    4429051.174800000153
cellsize     50.000000000000
NODATA_value  -9999
[rows 144 to 161 of 269, columns 84 to 125 of 225]
-0.036812111735343933105 -0.091858886182308197021 0.016770184040069580078 0.054736271500587463379 -0.0012092605466023087502 -0.12751890718936920166 -0.26586246490478515625 -0.081456191837787628174 0.27097523212432861328 0.43394336104393005371 0.33429118990898132324 0.12299823015928268433 0.03046504780650138855 0.0056317918933928012848 0.036454413086175918579 -0.055098757147789001465 0.10961971431970596313 0.48883810639381408691 1.0118205547332763672 1.2234493494033813477 1.3051075935363769531 1.7898868322372436523 2.265254974365234375 -1.2321169376373291016 -2.8807330131530761719 -0.61903351545333862305 -0.684600830078125 -1.7225464582443237305 -0.21852977573871612549 0.25092172622680664063 -0.076775886118412017822 -0.17398849129676818848 -0.21896944940090179443 -0.045677855610847473145 0.50286853313446044922 0.47315627336502075195 -0.17196759581565856934 -0.29564309120178222656 -0.17906732857227325439 -0.024671792984008789063 -0.092554375529289245605 -0.35730788111686706543
-0.017494445666670799255 -0.083065435290336608887 -0.038432147353887557983 -0.01301462855190038681 0.078659094870090484619 0.033120118081569671631 -0.10186745971441268921 -0.067197948694229125977 0.052094317972660064697 0.12970432639122009277 0.097211591899394989014 0.059167195111513137817 0.17224481701850891113 0.29723823070526123047 0.50441527366638183594 0.34064093232154846191 0.54269552230834960938 1.4754915237426757813 2.0444102287292480469 -0.8331540226936340332 -3.1384921073913574219 -3.1712219715118408203 -2.8084158897399902344 -3.8921859264373779297 -2.1002047061920166016 0.77970802783966064453 1.3093918561935424805 0.40259918570518493652 0.30045318603515625 0.07015619426965713501 -0.12792541086673736572 -0.25634524226188659668 -0.21523369848728179932 0.22915913164615631104 0.66791397333145141602 0.40067008137702941895 0.0089614242315292358398 0.039133243262767791748 0.011147083714604377747 -0.056198056787252426147 -0.061242118477821350098 -0.2761535346508026123
-0.04414385184645652771 -0.018760802224278450012 0.010529725812375545502 -0.0011691934196278452873 0.069995611906051635742 0.063439503312110900879 0.012606460601091384888 -0.008113407529890537262 -0.022031720727682113647 -0.043744683265686035156 -0.15839397907257080078 -0.1063070446252822876 0.077655017375946044922 0.31552141904830932617 0.91573804616928100586 1.2908692359924316406 1.5745558738708496094 1.3901834487915039063 -0.15513914823532104492 -2.7071287631988525391 -3.1911044120788574219 -2.8862264156341552734 -3.1799402236938476563 -3.2324013710021972656 -0.6142094731330871582 0.97598856687545776367 0.66017889976501464844 0.15793526172637939453 -0.03713736310601234436 -0.1272045820951461792 -0.19845700263977050781 -0.30143001675605773926 -0.22300297021865844727 0.39846789836883544922 0.73469674587249755859 0.20949405431747436523 -0.065985716879367828369 -0.038038127124309539795 -0.087589733302593231201 -0.24093292653560638428 -0.32300716638565063477 -9999
0.00075745151843875646591 0.098378241062164306641 0.1296615898609161377 0.081258699297904968262 0.081246167421340942383 0.071241088211536407471 0.096041917800903320313 0.078963115811347961426 0.021825460717082023621 -0.07965192943811416626 -0.2010523378849029541 -0.066215723752975463867 0.12929806113243103027 0.34434184432029724121 0.94232523441314697266 1.721721649169921875 1.2935895919799804688 -2.0929763317108154297 -3.9236156940460205078 -2.6921627521514892578 -1.2843650579452514648 0.84391057491302490234 1.7263147830963134766 1.0431019067764282227 0.82205408811569213867 0.55957901477813720703 0.17779897153377532959 0.0061840517446398735046 -0.063165932893753051758 -0.14415639638900756836 -0.1691493988037109375 -0.14478847384452819824 0.029465671628713607788 0.42234849929809570313 0.60356295108795166016 0.19025120139122009277 0.11696682125329971313 0.18275499343872070313 0.15964987874031066895 -0.023217817768454551697 -0.39607706665992736816 -0.93677693605422973633
-0.033539157360792160034 -0.035619433969259262085 -0.087459616363048553467 -0.071140587329864501953 0.038224611431360244751 0.10169657319784164429 0.18650388717651367188 0.10673909634351730347 0.0084232091903686523438 -0.080140009522438049316 -0.087260290980339050293 0.036011453717947006226 0.26601645350456237793 0.67679572105407714844 1.4129679203033447266 2.1074044704437255859 0.042714599519968032837 -3.7973384857177734375 -4.2181634902954101563 -1.6944098472595214844 0.53568166494369506836 1.6890810728073120117 1.5697743892669677734 0.92593646049499511719 0.40366220474243164063 0.10513482242822647095 -0.0017931492766365408897 -0.023813379928469657898 -0.095954820513725280762 -0.22033271193504333496 -0.22462281584739685059 -0.18635860085487365723 0.051111076027154922485 0.27935829758644104004 0.45617210865020751953 0.16417692601680755615 0.23602728545665740967 0.37606674432754516602 0.30689501762390136719 0.031645320355892181396 -0.61005580425262451172 -0.83864623308181762695
-0.11073543131351470947 -0.17032641172409057617 -0.27935338020324707031 -0.12773010134696960449 0.079000644385814666748 0.12391264736652374268 0.12356924265623092651 0.050704166293144226074 0.018847450613975524902 -0.011891026981174945831 0.090427175164222717285 0.23420226573944091797 0.38847330212593078613 0.89826524257659912109 2.0557377338409423828 1.7613141536712646484 -1.2802661657333374023 -3.9634084701538085938 -2.1131355762481689453 0.47849392890930175781 2.1192126274108886719 2.0320518016815185547 1.5159420967102050781 0.98907375335693359375 0.71613013744354248047 0.39697974920272827148 0.17998056113719940186 0.12827293574810028076 -0.034060645848512649536 -0.090466320514678955078 -0.031945407390594482422 -0.19621361792087554932 -0.0989054068922996521 0.27905005216598510742 0.70897048711776733398 0.42388951778411865234 0.49218335747718811035 0.60676819086074829102 0.57547193765640258789 0.22865012288093566895 -0.16758017241954803467 -0.34119838476181030273
0.00058586202794685959816 0.030567606911063194275 0.066556699573993682861 0.11223739385604858398 0.21264566481113433838 0.2090205848217010498 0.083295561373233795166 0.038837775588035583496 0.1467657238245010376 0.12107753008604049683 0.26630216836929321289 0.41551694273948669434 0.68722999095916748047 1.2911521196365356445 2.1780111789703369141 0.57068550586700439453 -2.2220368385314941406 -3.3942112922668457031 -1.0178571939468383789 0.72777098417282104492 2.0179142951965332031 1.9848169088363647461 0.9554106593132019043 0.45050707459449768066 0.36592206358909606934 0.18640911579132080078 -0.049453996121883392334 -0.17189130187034606934 -0.30908158421516418457 -0.15828432142734527588 -0.16210699081420898438 -0.41967681050300598145 -0.18521779775619506836 0.27532255649566650391 0.5818939208984375 0.34048643708229064941 0.32921531796455383301 0.26984614133834838867 0.40046113729476928711 0.49089929461479187012 0.33084696531295776367 0.075323715806007385254
0.016602981835603713989 0.028985122218728065491 0.10547650605440139771 0.17534843087196350098 0.25991791486740112305 0.2786426246166229248 0.17568096518516540527 0.23072853684425354004 0.35653081536293029785 0.14333273470401763916 0.20595447719097137451 0.45980402827262878418 0.79639548063278198242 1.4284675121307373047 1.6047184467315673828 -1.166451573371887207 -2.7274222373962402344 -2.5091640949249267578 -0.54023325443267822266 0.36656412482261657715 0.96061283349990844727 0.98614388704299926758 0.74154287576675415039 0.5516516566276550293 0.46386504173278808594 0.1646884232759475708 -0.12667693197727203369 -0.31250566244125366211 -0.30953842401504516602 -0.22849024832248687744 -0.3568858802318572998 -0.2536404728889465332 0.178308829665184021 0.30876275897026062012 0.17782133817672729492 0.13059444725513458252 0.24207229912281036377 0.1301781386137008667 0.16910922527313232422 0.36927512288093566895 0.57648831605911254883 0.69365799427032470703
0.025569338351488113403 0.022652542218565940857 0.079216837882995605469 0.12288180738687515259 0.13709573447704315186 0.11542604118585586548 0.089458361268043518066 0.40605530142784118652 0.94073581695556640625 0.71505582332611083984 1.0829406976699829102 1.4545360803604125977 0.5670439600944519043 -0.6522477269172668457 -1.3242872953414916992 -2.0236978530883789063 -2.1163716316223144531 -1.4113079309463500977 -0.22612051665782928467 0.3479194939136505127 0.68107897043228149414 0.51769649982452392578 0.71237933635711669922 0.77730208635330200195 0.6286163330078125 0.25314083695411682129 0.099620930850505828857 -0.054739534854888916016 -0.15848934650421142578 -0.12468787282705307007 -0.055831160396337509155 0.07655420154333114624 0.30318737030029296875 0.27658176422119140625 0.11736376583576202393 0.16311550140380859375 0.30727723240852355957 0.16840612888336181641 0.17032675445079803467 0.27029335498809814453 0.26161345839500427246 0.36513841152191162109
-0.01424002181738615036 -0.022196525707840919495 0.0553530082106590271 0.095176279544830322266 0.090527668595314025879 0.061882942914962768555 0.14375139772891998291 0.70567309856414794922 1.3046324253082275391 0.76927489042282104492 1.4898465871810913086 1.4571400880813598633 -0.29687920212745666504 -2.001491546630859375 -1.4134383201599121094 -1.0257974863052368164 -1.5109473466873168945 -0.43584582209587097168 0.0708276405930519104 0.46456009149551391602 0.68101340532302856445 0.3011550605297088623 0.41625174880027770996 0.45533785223960876465 0.36726599931716918945 0.19312343001365661621 0.17389175295829772949 0.1398486793041229248 0.062729515135288238525 0.21430391073226928711 0.32406559586524963379 0.30510818958282470703 0.42888334393501281738 0.24419876933097839355 0.14076872169971466064 0.15629971027374267578 0.24743632972240447998 0.19529229402542114258 0.17893894016742706299 0.22575014829635620117 0.13889168202877044678 0.12396464496850967407
0.03942773863673210144 -0.025977276265621185303 0.10133659094572067261 0.15637497603893280029 0.12893000245094299316 0.20211106538772583008 0.54444527626037597656 0.75985682010650634766 -0.24301826953887939453 -1.263942718505859375 -0.23053884506225585938 0.098301470279693603516 -1.7080386877059936523 -2.4809541702270507813 -1.0704597234725952148 -0.9353834986686706543 -0.77765136957168579102 0.21293134987354278564 0.39742746949195861816 0.4185199737548828125 0.42309746146202087402 0.11705214530229568481 0.19255025684833526611 0.23289804160594940186 0.16332915425300598145 0.11385638266801834106 0.11783369630575180054 0.07832422107458114624 0.082799576222896575928 0.2640063166618347168 0.32642540335655212402 0.33067709207534790039 0.44309952855110168457 0.17727062106132507324 0.097403407096862792969 0.083606854081153869629 0.11245398223400115967 0.10613749921321868896 0.095273196697235107422 0.12233086675405502319 0.108274802565574646 0.11950587481260299683
0.0054564806632697582245 -0.0065882136113941669464 0.15908114612102508545 0.243173941969871521 0.31956383585929870605 0.62520045042037963867 1.0287474393844604492 0.66338002681732177734 -0.42770296335220336914 -1.4127054214477539063 -0.55159425735473632813 -1.2536137104034423828 -2.5828707218170166016 -1.7866730690002441406 -0.89163100719451904297 -0.77728307247161865234 -0.41157665848731994629 0.12372630089521408081 0.35801851749420166016 0.3576367497444152832 0.22551080584526062012 0.094130724668502807617 0.19515216350555419922 0.23166771233081817627 0.027347881346940994263 -0.038693211972713470459 -0.038456421345472335815 -0.060328043997287750244 0.015041016973555088043 0.32744824886322021484 0.43365854024887084961 0.38897645473480224609 0.47648268938064575195 0.1997951120138168335 0.073582679033279418945 0.036880213767290115356 0.043313972651958465576 0.037397906184196472168 0.041019085794687271118 0.060906015336513519287 0.10760267823934555054 0.15956698358058929443
0.055611442774534225464 0.058027230203151702881 0.16165503859519958496 0.26102712750434875488 0.42571249604225158691 0.68247485160827636719 0.88700205087661743164 0.7165228724479675293 -0.32613152265548706055 -1.5297651290893554688 -1.9553749561309814453 -1.9787759780883789063 -1.6281473636627197266 -0.64102727174758911133 -0.61666899919509887695 -0.15387402474880218506 0.18537275493144989014 0.45304277539253234863 0.38957548141479492188 0.3774560391902923584 0.23434002697467803955 0.20974636077880859375 0.19771826267242431641 0.15251554548740386963 0.017331281676888465881 -0.20787940919399261475 -0.34741833806037902832 -0.19403655827045440674 0.03413895145058631897 0.32185432314872741699 0.41775432229042053223 0.14092941582202911377 0.20631834864616394043 0.17336060106754302979 0.0656510964035987854 0.0081069814041256904602 0.011960753239691257477 -0.0068205944262444972992 -0.020036071538925170898 -0.0057587260380387306213 0.049111187458038330078 0.083466827869415283203
0.097681567072868347168 0.046855501830577850342 0.095146536827087402344 0.12554569542407989502 0.19203531742095947266 0.4848804175853729248 0.9336649775505065918 0.19773995876312255859 -1.1057687997817993164 -1.6697841882705688477 -1.5568350553512573242 -1.1143286228179931641 -0.30738681554794311523 -0.4813003242015838623 -1.3200508356094360352 -0.33315378427505493164 -0.065615341067314147949 0.27241864800453186035 0.46952620148658752441 0.53897768259048461914 0.25748601555824279785 0.20050713419914245605 0.15814225375652313232 0.1464970707893371582 0.090500295162200927734 -0.057762458920478820801 -0.34189605712890625 -0.22667041420936584473 0.22810401022434234619 0.38800281286239624023 0.19395719468593597412 -0.1124985814094543457 0.023137360811233520508 0.20274437963962554932 0.11732850223779678345 -0.014471673406660556793 -0.03169884905219078064 -0.088559009134769439697 -0.12918826937675476074 -0.056871552020311355591 0.0040741399861872196198 0.075264275074005126953
0.43342831730842590332 0.23902310431003570557 0.19135534763336181641 0.11209612339735031128 0.14940176904201507568 0.61200177669525146484 0.80906462669372558594 -0.79007542133331298828 -1.7764936685562133789 -1.3023856878280639648 -0.96538043022155761719 0.42592191696166992188 0.95008426904678344727 0.64639872312545776367 -0.69866758584976196289 -1.1904444694519042969 -0.90198117494583129883 -0.31968364119529724121 0.33946794271469116211 0.50899684429168701172 0.18286785483360290527 0.16198046505451202393 0.14823852479457855225 0.16369149088859558105 0.1055998876690864563 -0.0028030984103679656982 -0.23995740711688995361 -0.4765612483024597168 -0.38118225336074829102 -0.30244216322898864746 -0.44319295883178710938 -0.40029379725456237793 0.033619254827499389648 0.29409393668174743652 0.18748798966407775879 -0.012626755982637405396 -0.042521201074123382568 -0.070997126400470733643 -0.057457968592643737793 -0.0029434401076287031174 0.022306835278868675232 0.081325344741344451904
-0.057381242513656616211 0.17063079774379730225 0.35416021943092346191 0.32522889971733093262 0.3963883519172668457 1.0772930383682250977 1.0414394140243530273 -0.69026148319244384766 -1.5961118936538696289 -0.7724501490592956543 -0.79923212528228759766 0.37100505828857421875 0.81411457061767578125 1.2960070371627807617 0.74467062950134277344 -0.29377472400665283203 -0.068434104323387145996 -0.19336716830730438232 -0.0073182047344744205475 0.10789829492568969727 -0.014126412570476531982 0.070856660604476928711 0.10495926439762115479 0.082744084298610687256 -0.10565916448831558228 -0.36095941066741943359 -0.52078664302825927734 -0.72766453027725219727 -1.0231474637985229492 -0.92051923274993896484 -0.66284918785095214844 -0.43706241250038146973 0.22255004942417144775 0.48222169280052185059 0.27026820182800292969 0.063884764909744262695 0.014935135841369628906 -0.011619961820542812347 0.016578776761889457703 0.036664336919784545898 0.051579877734184265137 0.084418162703514099121
-0.82120692729949951172 -0.071345999836921691895 0.34762185811996459961 0.46364569664001464844 0.6230061650276184082 1.2448458671569824219 1.3261476755142211914 -0.080746255815029144287 -1.0800153017044067383 -0.56138771772384643555 -0.81331104040145874023 -0.01498524099588394165 0.41043564677238464355 1.2173880338668823242 1.4451870918273925781 0.76184844970703125 0.69247704744338989258 0.44613406062126159668 0.036998711526393890381 -0.14198714494705200195 -0.17335739731788635254 -0.054695688188076019287 0.10255616903305053711 -0.10954181849956512451 -0.4399636387825012207 -0.39389654994010925293 0.15327154099941253662 -0.028571806848049163818 -0.85327577590942382813 -0.99273091554641723633 -0.81081092357635498047 -0.35906875133514404297 0.76678800582885742188 1.3818352222442626953 0.99957168102264404297 0.39632973074913024902 0.32744005322456359863 0.25590425729751586914 0.16267821192741394043 0.15714491903781890869 0.14195585250854492188 0.078270360827445983887
-0.37662899494171142578 0.051311455667018890381 0.15968805551528930664 0.18049870431423187256 0.3729184567928314209 0.75305008888244628906 0.92673796415328979492 0.097312025725841522217 -1.1701925992965698242 -1.5748146772384643555 -1.0517339706420898438 -0.065858572721481323242 0.21114324033260345459 0.91703134775161743164 0.99380487203598022461 0.47616314888000488281 0.71091723442077636719 0.56787830591201782227 0.081822231411933898926 -0.042527768760919570923 -0.048247441649436950684 0.17131121456623077393 0.27057722210884094238 0.042466051876544952393 -0.047544524073600769043 0.16247320175170898438 0.61280870437622070313 0.54248082637786865234 -0.54833865165710449219 -0.95348900556564331055 -0.48824596405029296875 0.37344726920127868652 1.3799697160720825195 2.1067271232604980469 1.1248049736022949219 -0.026881294324994087219 0.6784064173698425293 0.72872167825698852539 0.50470125675201416016 0.23275637626647949219 0.098386287689208984375 0.050045080482959747314
