INPUT/RASTER/ASCII_standard/tpi.asc
ncols        225
nrows        269
xllcorner    473009.983799999987
yllcorner    4429051.174800000153
cellsize     50.000000000000
NODATA_value  -9999
[rows 162 to 179 of 269, columns 42 to 83 of 225]
0.11550650745630264282 0.11090397834777832031 0.030515128746628761292 0.058341462165117263794 0.33552238345146179199 0.93569594621658325195 1.3248707056045532227 0.56347709894180297852 0.19664978981018066406 -0.090631648898124694824 -1.1840158700942993164 -0.54590892791748046875 -0.40475770831108093262 -0.57108211517333984375 -0.41108018159866333008 0.37385442852973937988 -1.5732430219650268555 -2.4383893013000488281 -0.095822475850582122803 0.42222440242767333984 0.069334067404270172119 -0.3733075559139251709 0.42820757627487182617 0.27479070425033569336 0.064578741788864135742 0.16064073145389556885 0.34792697429656982422 0.2603531181812286377 0.37441894412040710449 0.22589766979217529297 0.010768319480121135712 -0.51834154129028320313 -0.91823583841323852539 -0.92776507139205932617 -0.67394328117370605469 0.28545543551445007324 0.29996737837791442871 0.13401617109775543213 0.19974339008331298828 0.22081431746482849121 -0.16210052371025085449 -0.19886603951454162598
0.044199205935001373291 0.036181796342134475708 0.029836302623152732849 0.053976789116859436035 0.3388792872428894043 0.89220958948135375977 0.77764737606048583984 0.097317054867744445801 -0.040632542222738265991 -0.84947472810745239258 -0.91889363527297973633 -0.49105551838874816895 -0.58629500865936279297 -0.45423272252082824707 -0.57500469684600830078 -1.9226437807083129883 -3.4865682125091552734 -1.6386606693267822266 -0.35824230313301086426 -0.41765034198760986328 0.29242989420890808105 0.89788329601287841797 0.47716677188873291016 0.14984278380870819092 0.14264686405658721924 0.27775058150291442871 0.44511905312538146973 0.2420772165060043335 0.19555790722370147705 0.31025320291519165039 0.26072841882705688477 -0.47042158246040344238 -0.76614278554916381836 -0.4037787318229675293 -0.49046352505683898926 0.55906021595001220703 0.46247240900993347168 0.099807687103748321533 0.022272901609539985657 -0.24420307576656341553 -0.91219288110733032227 -0.647464752197265625
-0.029515886679291725159 0.030056416988372802734 0.08946819603443145752 0.089602194726467132568 0.20341908931732177734 0.77347624301910400391 1.8625682592391967773 0.67617255449295043945 -1.1092475652694702148 -1.6807006597518920898 -0.60532873868942260742 -0.81668120622634887695 -1.7328053712844848633 -1.6228258609771728516 -1.1608155965805053711 -1.4859600067138671875 -0.071973681449890136719 1.515784144401550293 0.030172973871231079102 0.38277363777160644531 0.79330229759216308594 0.72541391849517822266 0.26419836282730102539 0.065489761531352996826 0.10495625436305999756 0.17049495875835418701 0.25379067659378051758 0.11485098302364349365 0.071926236152648925781 0.25020456314086914063 0.53250128030776977539 -0.067093037068843841553 -0.62446981668472290039 -0.10577423125505447388 -0.16306169331073760986 -0.048970188945531845093 0.11451521515846252441 0.095909900963306427002 0.064053848385810852051 -0.078334942460060119629 -0.67485499382019042969 -0.61364501714706420898
-0.052848953753709793091 0.020492335781455039978 0.076024018228054046631 0.069854296743869781494 0.16507688164710998535 0.91192764043807983398 1.9921905994415283203 0.32905173301696777344 -1.6622600555419921875 -1.8627835512161254883 -0.66450142860412597656 -0.18416570127010345459 -1.3302294015884399414 -3.1985678672790527344 -2.0946795940399169922 0.14988844096660614014 1.4363380670547485352 0.97934705018997192383 -0.13924469053745269775 0.47333684563636779785 0.42702916264533996582 0.31645172834396362305 0.19126929342746734619 0.052359100431203842163 0.086975090205669403076 0.14719906449317932129 0.18691022694110870361 0.098067775368690490723 0.048595357686281204224 0.12672328948974609375 0.47051107883453369141 0.19646908342838287354 -0.54572910070419311523 -0.019174298271536827087 0.062764912843704223633 -0.17748026549816131592 -0.22345878183841705322 0.22921057045459747314 0.59387695789337158203 1.02108001708984375 0.41839450597763061523 -0.079772561788558959961
-0.034850634634494781494 0.022412955760955810547 0.084956683218479156494 0.092206738889217376709 0.24770224094390869141 1.146622776985168457 0.94490957260131835938 -1.3015407323837280273 -1.6338391304016113281 -1.091868281364440918 0.43209603428840637207 3.5388951301574707031 3.1157536506652832031 -3.47662353515625 -1.463847041130065918 1.9232786893844604492 1.3387914896011352539 0.52075284719467163086 0.25614058971405029297 0.58757793903350830078 0.28584614396095275879 0.2421464771032333374 0.18091973662376403809 0.03262093663215637207 0.043441582471132278442 0.10469575226306915283 0.13239124417304992676 0.054579805582761764526 0.017095133662223815918 0.037189763039350509644 0.30245518684387207031 0.38921773433685302734 -0.40736842155456542969 -0.15686996281147003174 -0.03198413550853729248 -0.213343009352684021 -0.48425316810607910156 -0.23976489901542663574 0.39200943708419799805 1.0340944528579711914 0.7475643157958984375 -0.18917138874530792236
0.015797952190041542053 0.064893424510955810547 0.19137115776538848877 0.29400023818016052246 0.65306997299194335938 1.7816586494445800781 1.5537570714950561523 -0.12003479897975921631 -0.1911557614803314209 -0.17990651726722717285 1.0297930240631103516 4.08036041259765625 3.1185698509216308594 -3.5683531761169433594 -1.4173587560653686523 1.1683980226516723633 0.58314347267150878906 0.21021993458271026611 0.2614307403564453125 0.49056208133697509766 0.22190667688846588135 0.27183356881141662598 0.20530332624912261963 0.033691324293613433838 0.036086946725845336914 0.099763318896293640137 0.1218206062912940979 0.049686893820762634277 0.021388133987784385681 0.01056444365531206131 0.17404942214488983154 0.48601514101028442383 -0.17186592519283294678 -0.2810134589672088623 -0.16095948219299316406 -0.30627131462097167969 -0.91608321666717529297 -1.0404084920883178711 -0.52278614044189453125 0.13245221972465515137 0.063515417277812957764 -0.8573729395866394043
0.32232749462127685547 0.40218076109886169434 0.42923319339752197266 0.3309961855411529541 0.94228273630142211914 2.2199962139129638672 2.4492173194885253906 1.8346892595291137695 0.80730593204498291016 -0.24215835332870483398 0.69736373424530029297 1.9512374401092529297 -1.5329533815383911133 -3.8101737499237060547 -0.63648045063018798828 0.48589140176773071289 0.1819438636302947998 -0.014365666545927524567 0.08693383634090423584 0.22772602736949920654 0.19166925549507141113 0.33329978585243225098 0.2200069129467010498 0.044513318687677383423 0.045674778521060943604 0.092901699244976043701 0.094387419521808624268 0.031066961586475372314 -0.0078210625797510147095 -0.030855262652039527893 0.087575919926166534424 0.55693888664245605469 0.066726095974445343018 -0.4262059628963470459 -0.34519204497337341309 -0.43226695060729980469 -0.97885966300964355469 -1.2183226346969604492 -0.84009408950805664063 -0.37553226947784423828 -0.17429837584495544434 -0.31767436861991882324
0.46878504753112792969 0.60606759786605834961 0.46857285499572753906 0.061212480068206787109 1.1139993667602539063 2.4200520515441894531 1.0285787582397460938 0.31642666459083557129 -0.002893024589866399765 0.002364497864618897438 0.34305483102798461914 -1.8958656787872314453 -4.2272934913635253906 -0.74175035953521728516 0.88390535116195678711 1.232476353645324707 0.53118121623992919922 0.03398416563868522644 -0.033922661095857620239 0.062534831464290618896 0.30046570301055908203 0.51093107461929321289 0.25524514913558959961 0.064531035721302032471 0.092950746417045593262 0.13542759418487548828 0.13755628466606140137 0.097633950412273406982 0.037409648299217224121 -0.0047634891234338283539 0.05506723746657371521 0.443363189697265625 0.29139590263366699219 -0.54838842153549194336 -0.40561524033546447754 -0.22061817348003387451 -0.33140829205513000488 -0.75522458553314208984 -0.63156050443649291992 -0.080586910247802734375 -0.046894505620002746582 -0.15539641678333282471
0.43175724148750305176 0.63020128011703491211 0.65820342302322387695 0.81053912639617919922 2.7314970493316650391 2.0350337028503417969 -0.820346832275390625 -0.39533156156539916992 -0.24159650504589080811 -1.4339085817337036133 -3.4049270153045654297 -5.2742962837219238281 -2.1793510913848876953 0.75802636146545410156 0.77247035503387451172 1.2972795963287353516 0.59186983108520507813 0.055569797754287719727 -0.10570585727691650391 -0.11579070240259170532 -0.10692795366048812866 0.41675627231597900391 0.40652951598167419434 0.2062024921178817749 0.23800106346607208252 0.22794194519519805908 0.17885890603065490723 0.13000577688217163086 0.13337239623069763184 0.10932982712984085083 0.065702900290489196777 0.2305599898099899292 0.34848231077194213867 0.059363860636949539185 0.38907885551452636719 0.45272144675254821777 0.17857763171195983887 -0.039915595203638076782 -0.25555759668350219727 -0.039720542728900909424 -0.13497276604175567627 -0.56242424249649047852
1.2904012203216552734 1.4394364356994628906 1.6014444828033447266 2.1344368457794189453 2.8299355506896972656 0.042089704424142837524 -2.0453145503997802734 -1.9129011631011962891 -2.4899282455444335938 -3.5947062969207763672 -2.5359680652618408203 -1.1015577316284179688 0.82270288467407226563 0.23685830831527709961 -0.37955147027969360352 0.33568596839904785156 0.41779080033302307129 0.15978640317916870117 -0.059230577200651168823 -0.18340726196765899658 -0.33762824535369873047 0.39416089653968811035 0.69437986612319946289 0.3137003481388092041 0.1283044666051864624 0.053836755454540252686 -0.008806835860013961792 -0.0093990480527281761169 0.070522107183933258057 0.20757777988910675049 0.13905051350593566895 0.085603430867195129395 0.20599472522735595703 0.42406111955642700195 0.80457472801208496094 1.0585927963256835938 0.80175393819808959961 0.5129000544548034668 0.17137166857719421387 0.069866493344306945801 -0.13380323350429534912 -0.87163400650024414063
3.4460291862487792969 2.4083647727966308594 1.782759547233581543 1.3817247152328491211 0.49351999163627624512 -1.293858647346496582 -1.5991623401641845703 -2.0187041759490966797 -4.3669056892395019531 -3.9237377643585205078 -0.41355162858963012695 1.072835087776184082 2.2132241725921630859 1.0132765769958496094 0.022317660972476005554 -0.25972887873649597168 -0.020377868786454200745 0.17403595149517059326 0.090411148965358734131 -0.12047822028398513794 -0.14552628993988037109 0.36203086376190185547 0.5753459930419921875 0.1518669426441192627 -0.10089744627475738525 -0.18056315183639526367 -0.21909339725971221924 -0.15676762163639068604 -0.052204396575689315796 0.14180333912372589111 0.21502028405666351318 0.079704232513904571533 0.060704350471496582031 0.16357350349426269531 0.38782596588134765625 0.75293439626693725586 0.97569626569747924805 0.83950024843215942383 0.41467154026031494141 0.39744552969932556152 0.10137383639812469482 -0.74507325887680053711
4.319843292236328125 1.5731191635131835938 0.0083656320348381996155 -0.57481360435485839844 -1.3225578069686889648 -2.4814097881317138672 -1.6676446199417114258 -2.7591245174407958984 -3.7149398326873779297 -0.13592579960823059082 1.0876634120941162109 2.3672130107879638672 2.2133264541625976563 0.99464410543441772461 0.39850625395774841309 -0.088219210505485534668 -0.26433339715003967285 0.12736780941486358643 0.32400560379028320313 0.22390837967395782471 0.11807964742183685303 0.08158216625452041626 0.057091388851404190063 -0.17742098867893218994 -0.30805146694183349609 -0.28126862645149230957 -0.34980285167694091797 -0.32085296511650085449 -0.12200056016445159912 0.041696745902299880981 0.18694870173931121826 0.1384547799825668335 0.071691781282424926758 0.11189384758472442627 0.25038698315620422363 0.53822910785675048828 0.93625783920288085938 1.1168212890625 0.38907927274703979492 0.22743451595306396484 -0.17939516901969909668 -0.76702892780303955078
-0.60994184017181396484 -0.94651466608047485352 -1.5646864175796508789 -2.21837615966796875 -2.7459905147552490234 -4.2565703392028808594 -4.5665116310119628906 -3.9202260971069335938 -1.5278809070587158203 0.60024952888488769531 0.8137728571891784668 1.7811514139175415039 1.2366995811462402344 0.40665966272354125977 0.31212648749351501465 0.20480082929134368896 -0.023599000647664070129 0.1913681328296661377 0.43822637200355529785 0.71879482269287109375 0.48972865939140319824 0.033006932586431503296 -0.19132328033447265625 -0.32961064577102661133 -0.24384249746799468994 -0.07917664945125579834 -0.13543687760829925537 -0.24080598354339599609 -0.097145356237888336182 -0.011717244982719421387 0.088777869939804077148 0.13027533888816833496 0.068393126130104064941 0.052566543221473693848 0.14322282373905181885 0.54231542348861694336 1.084808349609375 1.140299677848815918 -0.41283181309700012207 -0.49949699640274047852 -0.75257754325866699219 -0.59919345378875732422
-1.5746407508850097656 -2.4575128555297851563 -3.8863286972045898438 -4.7503762245178222656 -3.6859731674194335938 -3.4496257305145263672 -2.4976799488067626953 -0.61598324775695800781 1.7609474658966064453 1.1677391529083251953 0.59531605243682861328 1.5505770444869995117 1.0409811735153198242 0.33273580670356750488 0.42369785904884338379 0.6653537750244140625 0.3969790339469909668 0.18484880030155181885 0.28386855125427246094 0.59782081842422485352 0.48284953832626342773 -0.020446995273232460022 -0.10828118026256561279 -0.099489159882068634033 -0.083067208528518676758 -0.044339537620544433594 -0.060002509504556655884 -0.11302206665277481079 -0.035130713135004043579 -0.0080585293471813201904 0.065453059971332550049 0.1552276909351348877 0.064767710864543914795 0.028487369418144226074 0.18261514604091644287 0.67845427989959716797 1.2934823036193847656 0.14043942093849182129 -1.1041733026504516602 -0.91860258579254150391 -0.76574176549911499023 -0.39863827824592590332
-3.3332092761993408203 -4.0552949905395507813 -3.6726236343383789063 -2.0794599056243896484 -1.1382188796997070313 -0.54675495624542236328 1.4050759077072143555 1.6307243108749389648 2.3809316158294677734 1.1775276660919189453 0.51897394657135009766 0.90801352262496948242 0.60243505239486694336 0.19454210996627807617 0.4045823514461517334 0.65845596790313720703 0.37078323960304260254 0.11024887114763259888 0.15770506858825683594 0.30357387661933898926 0.22230412065982818604 -0.0046384823508560657501 0.034524507820606231689 0.016370063647627830505 -0.062056221067905426025 -0.13468840718269348145 -0.071581989526748657227 -0.0081527139991521835327 0.035836759954690933228 0.04974320530891418457 0.15424205362796783447 0.25384154915809631348 0.087754003703594207764 0.072653390467166900635 0.37100589275360107422 0.79517465829849243164 1.5299512147903442383 -0.27530840039253234863 -1.1222050189971923828 -0.95573365688323974609 -0.32044208049774169922 -0.3559525907039642334
-2.0241651535034179688 -1.52304840087890625 -0.69424813985824584961 0.73580980300903320313 -0.87433230876922607422 -0.37723442912101745605 4.9883184432983398438 3.1321108341217041016 1.6480561494827270508 0.92643433809280395508 0.56996881961822509766 0.53633749485015869141 0.53217524290084838867 0.33281740546226501465 0.52761226892471313477 0.84268528223037719727 0.8821112513542175293 0.56755912303924560547 0.32604911923408508301 0.23604761064052581787 0.12230642139911651611 0.0065679145045578479767 0.011572444811463356018 -0.019726162776350975037 -0.17359520494937896729 -0.28987675905227661133 0.0030947555787861347198 0.071907699108123779297 0.060463193804025650024 0.067749083042144775391 0.17558483779430389404 0.29221221804618835449 0.18366512656211853027 0.24671766161918640137 0.62630540132522583008 0.91943508386611938477 1.4010111093521118164 -0.25034323334693908691 -0.66192096471786499023 -0.50193399190902709961 -0.029239872470498085022 -0.35999962687492370605
-1.0229264497756958008 0.34895780682563781738 0.25228199362754821777 -0.16261914372444152832 -2.0183908939361572266 0.59454011917114257813 3.9047124385833740234 1.7710366249084472656 0.47806465625762939453 0.3350175023078918457 0.33792954683303833008 0.74949628114700317383 1.0424447059631347656 0.5379015803337097168 0.46474662423133850098 0.66865026950836181641 0.43828684091567993164 0.2657489478588104248 0.18393746018409729004 0.14687871932983398438 0.12009901553392410278 0.019809810444712638855 -0.0029689210932701826096 -0.017744898796081542969 -0.1426716148853302002 -0.087908439338207244873 0.13691210746765136719 0.058609649538993835449 0.053170394152402877808 0.060496229678392410278 0.13775990903377532959 0.26669114828109741211 0.38185915350914001465 0.46381965279579162598 0.53355479240417480469 0.72029781341552734375 -0.13726052641868591309 -0.75572830438613891602 -0.44581329822540283203 -0.7724367976188659668 -0.95025902986526489258 -0.70146638154983520508
0.69350981712341308594 0.42680406570434570313 -0.70522278547286987305 -1.344439387321472168 -1.6438295841217041016 1.7736896276473999023 2.5565869808197021484 0.56256943941116333008 -0.059851415455341339111 0.03335997462272644043 0.1887219846248626709 0.60461312532424926758 0.56591457128524780273 -0.28845071792602539063 -0.69462156295776367188 -0.92027574777603149414 -1.0058290958404541016 -0.043136283755302429199 0.10318555682897567749 0.030241025611758232117 0.023315748199820518494 -0.053721223026514053345 -0.071515440940856933594 -0.043872687965631484985 -0.028836119920015335083 0.23815681040287017822 0.20144674181938171387 0.014745767228305339813 0.033735830336809158325 0.076196931302547454834 0.14485728740692138672 0.19580706954002380371 0.26208642125129699707 0.30855199694633483887 0.49092918634414672852 0.95177233219146728516 -0.50687336921691894531 -0.81714397668838500977 -0.33997288346290588379 -1.1962094306945800781 -2.4882259368896484375 -0.77654498815536499023
