INPUT/RASTER/ASCII_standard/tpi.asc
ncols        225
nrows        269
xllcorner    473009.983799999987
yllcorner    4429051.174800000153
cellsize     50.000000000000
NODATA_value  -9999
[rows 180 to 197 of 269, columns 84 to 125 of 225]
0.26351997256278991699 0.84528344869613647461 0.87896549701690673828 0.50289452075958251953 0.059212796390056610107 -0.16700975596904754639 -0.18342275917530059814 0.056294567883014678955 0.23791433870792388916 -0.057918347418308258057 0.33922433853149414063 0.60433095693588256836 0.080965876579284667969 -0.96287721395492553711 -1.7944631576538085938 -0.80972570180892944336 0.49057886004447937012 1.5666213035583496094 1.6710931062698364258 1.7483299970626831055 2.9227762222290039063 2.54840850830078125 0.48823451995849609375 0.30468690395355224609 -0.021019844338297843933 -0.65488731861114501953 -0.60640585422515869141 -1.4604424238204956055 -1.3660745620727539063 -1.0353378057479858398 0.61088109016418457031 0.58262068033218383789 1.1455502510070800781 2.0084242820739746094 2.5186285972595214844 0.21686241030693054199 -1.84900665283203125 -0.3756344914436340332 0.56002748012542724609 -0.10330945253372192383 -1.5840342044830322266 -2.3534281253814697266
-0.45586591958999633789 0.50919479131698608398 0.70286375284194946289 0.6774005889892578125 0.054862271994352340698 -0.15938635170459747314 0.02037007547914981842 0.43802744150161743164 0.55547982454299926758 0.29664206504821777344 0.52422004938125610352 0.45745053887367248535 0.18934157490730285645 -0.53403741121292114258 -0.8340867161750793457 0.23888361454010009766 0.3393173515796661377 0.2879180610179901123 2.1681196689605712891 4.2097349166870117188 4.4623546600341796875 2.2468869686126708984 0.90903335809707641602 1.1763919591903686523 0.5769189000129699707 -0.19999167323112487793 -0.54412841796875 -1.1661964654922485352 -1.1019662618637084961 -1.1374427080154418945 0.58395075798034667969 0.68306958675384521484 0.7764256596565246582 1.0389995574951171875 1.3043155670166015625 0.027179777622222900391 -2.0950193405151367188 -1.1325156688690185547 0.96771001815795898438 -0.66222268342971801758 -1.8297501802444458008 -0.78133398294448852539
-1.1813641786575317383 0.18221887946128845215 0.20245119929313659668 0.67598074674606323242 -0.014450777322053909302 -0.20555551350116729736 0.072549350559711456299 0.61441689729690551758 0.86718422174453735352 0.93686461448669433594 0.29774671792984008789 -0.17880524694919586182 -0.33698305487632751465 -1.1182903051376342773 -1.4145081043243408203 -0.1474180370569229126 -0.43609777092933654785 -0.84394311904907226563 -0.011826647445559501648 1.2378052473068237305 0.86503803730010986328 -1.2230777740478515625 -0.66717374324798583984 0.57777309417724609375 0.26314139366149902344 -0.21956808865070343018 -0.54825294017791748047 -0.81392782926559448242 -2.0996885299682617188 -1.9227591753005981445 0.061604075133800506592 0.36851838231086730957 0.53006070852279663086 0.52061730623245239258 0.62667894363403320313 0.60255604982376098633 -0.8639481663703918457 -2.4905872344970703125 -1.2113981246948242188 -2.4077613353729248047 -1.909447789192199707 0.54511672258377075195
-1.8101960420608520508 -0.25203272700309753418 -0.092793449759483337402 0.91470199823379516602 0.10203804075717926025 -0.13216421008110046387 -0.053820736706256866455 0.43043404817581176758 1.269771575927734375 1.562003016471862793 0.37211742997169494629 0.097746029496192932129 0.042244344949722290039 -0.77997028827667236328 -1.9661688804626464844 -0.75900709629058837891 -0.65410178899765014648 -0.89635354280471801758 -0.56607526540756225586 -0.41131228208541870117 -0.58789294958114624023 -1.4670428037643432617 -0.65455913543701171875 0.53191995620727539063 0.58038634061813354492 0.27042075991630554199 -0.15506507456302642822 -0.29554399847984313965 -1.632014155387878418 -2.0138213634490966797 -0.94991087913513183594 -0.37512025237083435059 0.3017540276050567627 0.67527723312377929688 0.9030978083610534668 1.4344522953033447266 1.1249375343322753906 -1.1306405067443847656 -1.8837995529174804688 -3.4051077365875244141 -2.3720095157623291016 0.51021486520767211914
-2.2899792194366455078 -0.75049382448196411133 0.12445135414600372314 1.3234597444534301758 0.51410496234893798828 0.27142477035522460938 0.27162060141563415527 0.67241191864013671875 1.4513880014419555664 1.2467497587203979492 0.04448398202657699585 0.18395973742008209229 0.59399491548538208008 0.19430598616600036621 -0.67783731222152709961 -0.89866882562637329102 -0.47446075081825256348 0.12453868985176086426 0.032064318656921386719 0.43327960371971130371 -0.4089253842830657959 -2.3041870594024658203 -2.1637365818023681641 -1.1950705051422119141 0.17384037375450134277 0.46850803494453430176 0.077268235385417938232 -0.11039949953556060791 -0.78762346506118774414 -1.1903581619262695313 -1.8991225957870483398 -0.86606842279434204102 0.77408850193023681641 1.157573699951171875 1.1607663631439208984 1.277012944221496582 1.2967975139617919922 0.46532782912254333496 0.0200376119464635849 -2.1220195293426513672 -2.2688384056091308594 -0.60199266672134399414
-2.5113844871520996094 -1.0083998441696166992 0.1073042452335357666 0.9255352020263671875 0.55124545097351074219 0.57812082767486572266 0.8295605778694152832 0.92023199796676635742 0.92115062475204467773 0.73071175813674926758 -0.15570758283138275146 0.19003541767597198486 0.29974818229675292969 0.36338332295417785645 0.21977116167545318604 -1.0339145660400390625 -0.48409926891326904297 0.4958782196044921875 0.28829914331436157227 1.4810591936111450195 1.019198298454284668 -1.3607164621353149414 -2.1119234561920166016 -1.80289459228515625 -0.33362722396850585938 0.38826867938041687012 0.32362625002861022949 -0.012091388925909996033 -0.27624785900115966797 -0.4056161344051361084 -1.301478266716003418 -0.41327568888664245605 1.2705636024475097656 1.4076448678970336914 1.5493243932723999023 1.2809969186782836914 0.76553940773010253906 0.1023972630500793457 0.61561703681945800781 -1.2184162139892578125 -1.3787797689437866211 -1.3625894784927368164
-3.4649136066436767578 -1.1050131320953369141 0.21121044456958770752 0.67441010475158691406 0.62946933507919311523 0.93419450521469116211 1.5381695032119750977 1.1677601337432861328 1.0071609020233154297 0.61216372251510620117 -0.765697479248046875 -0.16666898131370544434 -0.28448200225830078125 -0.58245164155960083008 -0.95296674966812133789 -1.2456377744674682617 -0.70118468999862670898 0.16990284621715545654 -0.13683710992336273193 0.80971658229827880859 1.2365251779556274414 -1.1023064851760864258 -1.6557585000991821289 -1.0163420438766479492 -0.81104743480682373047 -1.2135378122329711914 -0.73627710342407226563 -0.33218771219253540039 -0.53492617607116699219 -0.60877656936645507813 -0.91019994020462036133 -0.29454249143600463867 0.91888481378555297852 1.0099415779113769531 1.3716453313827514648 1.5197129249572753906 0.82486933469772338867 0.03785039857029914856 0.43138435482978820801 -1.1462494134902954102 -1.3497643470764160156 -1.5551570653915405273
-2.3553254604339599609 0.78684961795806884766 0.72918820381164550781 0.90797388553619384766 0.50932013988494873047 0.44851312041282653809 0.81000846624374389648 0.84957146644592285156 0.89897483587265014648 0.24477340281009674072 -1.1142308712005615234 -0.50035840272903442383 -0.36357164382934570313 -0.76502454280853271484 -1.1540274620056152344 -1.8920983076095581055 -1.119290471076965332 0.79696190357208251953 0.75772225856781005859 0.66450232267379760742 0.6247768402099609375 -1.0047441720962524414 -1.5132305622100830078 -0.94539165496826171875 -1.0966966152191162109 -2.2003397941589355469 -1.3566229343414306641 -0.4197857975959777832 -1.0662368535995483398 -1.4699195623397827148 -0.87052047252655029297 -0.26475918292999267578 0.73917597532272338867 0.79783076047897338867 0.94990873336791992188 1.9227443933486938477 1.5708974599838256836 0.67124646902084350586 0.55017805099487304688 -0.80591994524002075195 -1.7804398536682128906 -2.6410849094390869141
-0.86674410104751586914 1.3237619400024414063 0.97915667295455932617 0.97903865575790405273 0.29798975586891174316 0.26691481471061706543 0.28359562158584594727 0.27439200878143310547 -0.12926937639713287354 -0.60920655727386474609 -1.4143520593643188477 -0.71737802028656005859 -1.1385419368743896484 -1.3644704818725585938 -0.72001034021377563477 -1.8735092878341674805 -2.0976355075836181641 -0.55939638614654541016 -0.090514495968818664551 0.06283970177173614502 0.1837126612663269043 0.36939057707786560059 0.92324036359786987305 1.283162236213684082 0.85297065973281860352 -0.57600307464599609375 -1.58892822265625 -1.0745439529418945313 -1.6208754777908325195 -2.2235813140869140625 -1.5594630241394042969 -0.5941689610481262207 0.24668486416339874268 0.22781163454055786133 0.98179590702056884766 1.5989906787872314453 1.2777761220932006836 1.1209044456481933594 0.92638260126113891602 -0.33094671368598937988 -1.1041563749313354492 -2.5261304378509521484
0.67383235692977905273 0.82423341274261474609 0.84008145332336425781 0.48219802975654602051 0.37745258212089538574 0.72040057182312011719 0.22804628312587738037 -0.2565142512321472168 -0.78875148296356201172 -1.1401208639144897461 -1.0860646963119506836 -0.50025421380996704102 -0.90535700321197509766 -0.78825539350509643555 0.21073892712593078613 -0.043689891695976257324 -0.96159136295318603516 -1.8153274059295654297 -1.5811126232147216797 1.0899032354354858398 1.1383670568466186523 0.093365356326103210449 1.1067048311233520508 1.7997598648071289063 1.5510431528091430664 1.2677512168884277344 -0.076321326196193695068 -0.42735141515731811523 -1.2873281240463256836 -2.0178580284118652344 -2.011138916015625 -1.1737534999847412109 -0.14373163878917694092 0.024695444852113723755 1.0186491012573242188 1.1526973247528076172 0.27073577046394348145 0.54068714380264282227 1.0636605024337768555 -0.21490013599395751953 -0.64228212833404541016 -1.8576605319976806641
0.37331292033195495605 0.3415431678295135498 0.35281002521514892578 0.18808665871620178223 0.25796526670455932617 0.66551798582077026367 0.022732771933078765869 -0.70262289047241210938 -1.2770634889602661133 -1.7261836528778076172 -1.5679023265838623047 -0.94259667396545410156 -0.58614563941955566406 -0.075750008225440979004 0.55730623006820678711 0.84376847743988037109 1.4281628131866455078 -1.2366337776184082031 -2.9028413295745849609 1.1099720001220703125 1.1995522975921630859 -1.3929108381271362305 -0.1092619672417640686 1.4402987957000732422 1.8501520156860351563 2.7929012775421142578 1.9118608236312866211 1.3914548158645629883 -0.11886313557624816895 -1.118643641471862793 -2.1611082553863525391 -1.8234900236129760742 -1.3296018838882446289 -0.49286183714866638184 0.29332455992698669434 1.0186868906021118164 0.092235192656517028809 0.32780385017395019531 1.2098408937454223633 -0.037985112518072128296 -0.51623380184173583984 -1.487331390380859375
0.44864505529403686523 0.55203598737716674805 0.33141732215881347656 0.3595854341983795166 0.57219243049621582031 0.8798313140869140625 0.016846086829900741577 -0.51956790685653686523 -0.93426984548568725586 -0.7877553105354309082 -0.22141574323177337646 0.6332276463508605957 1.2320708036422729492 1.5646790266036987305 1.5308156013488769531 0.73299658298492431641 1.0930066108703613281 -0.28068345785140991211 -1.9023536443710327148 -0.82705396413803100586 -1.3903747797012329102 -2.9431667327880859375 -1.2508064508438110352 0.58462387323379516602 2.0789291858673095703 2.8400352001190185547 1.972180485725402832 2.5797371864318847656 1.7211394309997558594 0.7320263981819152832 -1.4237735271453857422 -1.3645490407943725586 -1.5236368179321289063 -0.85428798198699951172 -0.22083997726440429688 1.1388159990310668945 1.3901733160018920898 2.2517626285552978516 2.2095923423767089844 0.13756261765956878662 -0.29574546217918395996 -1.0782300233840942383
0.66253268718719482422 0.53471320867538452148 0.34228610992431640625 0.57334065437316894531 0.79598510265350341797 1.1974558830261230469 0.10858109593391418457 -0.46949037909507751465 -0.88012242317199707031 -0.32753729820251464844 0.72450214624404907227 1.6803495883941650391 2.5660884380340576172 3.0362939834594726563 2.6585109233856201172 1.0816128253936767578 0.77009475231170654297 0.62591969966888427734 0.90579682588577270508 0.14557527005672454834 -0.36510676145553588867 -1.758278965950012207 -1.5479364395141601563 -0.063952535390853881836 1.2367634773254394531 1.8952307701110839844 1.7793967723846435547 2.7267999649047851563 3.0689570903778076172 2.7389731407165527344 0.12904484570026397705 -1.1337811946868896484 -1.8119558095932006836 -1.444289088249206543 -0.77551001310348510742 0.87925267219543457031 2.4717602729797363281 4.4151253700256347656 3.2582781314849853516 1.1000040769577026367 0.13987198472023010254 -0.7377001643180847168
0.36952507495880126953 0.60032558441162109375 0.3926557004451751709 0.59142225980758666992 0.88929730653762817383 1.1258878707885742188 0.43614798784255981445 0.077782481908798217773 -0.53001809120178222656 -0.10114294290542602539 0.47010985016822814941 0.92812269926071166992 1.5055859088897705078 1.5688233375549316406 1.8713026046752929688 1.2540528774261474609 0.79370266199111938477 1.7084031105041503906 2.8344910144805908203 1.6353983879089355469 1.4072370529174804688 -1.5869103670120239258 -1.8784651756286621094 0.24318109452724456787 0.87149751186370849609 0.78877556324005126953 -0.00067883211886510252953 0.18417878448963165283 1.5061373710632324219 3.0229029655456542969 1.3360724449157714844 -1.1098531484603881836 -3.0108609199523925781 -1.7909455299377441406 -1.0509130954742431641 0.93872863054275512695 2.4458365440368652344 2.7484536170959472656 2.0119600296020507813 2.0900835990905761719 0.52490067481994628906 -0.72181540727615356445
0.32922083139419555664 0.36929360032081604004 0.18967470526695251465 0.21366487443447113037 0.50666582584381103516 0.62821024656295776367 0.55835068225860595703 0.3963782191276550293 -0.63422870635986328125 -0.16854523122310638428 0.31369239091873168945 0.71473771333694458008 0.85922008752822875977 0.2808284759521484375 0.76247435808181762695 0.95234316587448120117 1.0758304595947265625 1.9074056148529052734 1.0359305143356323242 -1.6093928813934326172 -2.3457248210906982422 -3.3813214302062988281 -1.6112097501754760742 0.38452968001365661621 0.64519637823104858398 0.28453972935676574707 -0.87898451089859008789 -0.954715728759765625 -0.30664154887199401855 1.2193619012832641602 1.1815624237060546875 -0.67712831497192382813 -2.5041985511779785156 -1.4622000455856323242 -0.83630591630935668945 0.74444866180419921875 1.8435468673706054688 2.1333789825439453125 1.9280223846435546875 2.4800212383270263672 0.54890972375869750977 -0.78059357404708862305
-0.85583776235580444336 -1.0821245908737182617 -0.52153187990188598633 -0.22962096333503723145 0.30696767568588256836 0.8205718994140625 1.0615470409393310547 0.69684910774230957031 -0.66354757547378540039 -0.20593795180320739746 0.51728916168212890625 1.0965839624404907227 0.90280646085739135742 0.011702726595103740692 -0.74059236049652099609 -1.2978231906890869141 -0.55985206365585327148 -0.051205251365900039673 -1.5270950794219970703 -4.1928033828735351563 -1.5342376232147216797 0.90910142660140991211 1.0843025445938110352 0.44792476296424865723 0.50201207399368286133 -0.18442225456237792969 -1.5022906064987182617 -1.2654399871826171875 -0.93882960081100463867 -0.22467295825481414795 0.44593754410743713379 -0.43096709251403808594 -1.807605743408203125 -1.4999600648880004883 -1.5309218168258666992 -0.24017022550106048584 0.35832306742668151855 1.7282351255416870117 2.6786062717437744141 2.7967479228973388672 1.0806962251663208008 -0.78816378116607666016
-1.8382297754287719727 -0.2988274991512298584 0.13484142720699310303 -0.052213974297046661377 0.69514638185501098633 1.577283024787902832 1.4235148429870605469 0.70796871185302734375 -0.46702879667282104492 -0.13719645142555236816 0.76908379793167114258 1.4679918289184570313 1.3473131656646728516 0.58762890100479125977 0.022504756227135658264 -1.9312235116958618164 -2.3920588493347167969 -1.8747755289077758789 -2.1501142978668212891 -3.4369454383850097656 0.75932824611663818359 3.6157462596893310547 2.9346201419830322266 1.258616328239440918 0.28810730576515197754 -0.37211060523986816406 -0.92419582605361938477 -0.90075629949569702148 -1.0801923274993896484 -0.2809479832649230957 1.0286327600479125977 -0.088284760713577270508 -1.6831119060516357422 -1.5743358135223388672 -2.0675296783447265625 -2.1160652637481689453 -1.3503727912902832031 1.3446258306503295898 2.3826849460601806641 2.7080380916595458984 1.9628994464874267578 0.22153092920780181885
-1.2885178327560424805 1.250835418701171875 1.2742217779159545898 0.95123040676116943359 0.76468479633331298828 0.74795418977737426758 0.28137350082397460938 0.073726043105125427246 -0.22703419625759124756 1.0470894575119018555 1.8798761367797851563 1.4114100933074951172 1.0023119449615478516 0.14191919565200805664 -0.0075083919800817966461 -0.89741140604019165039 -1.4162901639938354492 -3.4177236557006835938 -2.5085213184356689453 -1.7324514389038085938 0.83877331018447875977 2.8719692230224609375 2.1138057708740234375 0.61546856164932250977 -0.502597808837890625 -0.030761906877160072327 0.23676946759223937988 -0.36859720945358276367 -1.4618314504623413086 -0.50015729665756225586 1.2324904203414916992 0.56115949153900146484 -0.51382857561111450195 -0.82987362146377563477 -1.4522032737731933594 -2.1376481056213378906 -2.7555789947509765625 0.42430531978607177734 2.1014425754547119141 2.4518916606903076172 2.3782024383544921875 1.4255841970443725586
