INPUT/RASTER/ASCII_standard/tpi.asc
ncols        225
nrows        269
xllcorner    473009.983799999987
yllcorner    4429051.174800000153
cellsize     50.000000000000
NODATA_value  -9999
[rows 90 to 107 of 269, columns 84 to 125 of 225]
-0.24014019966125488281 0.033097494393587112427 0.16170600056648254395 0.21411743760108947754 0.1102417483925819397 -0.14328870177268981934 -0.17292588949203491211 -0.11482000350952148438 -9999 -0.00026471179444342851639 0.003241949714720249176 -0.14443218708038330078 -0.3409836888313293457 0.64728546142578125 1.7772526741027832031 0.87850546836853027344 -0.1447931826114654541 -0.4896863400936126709 -0.12039871513843536377 -0.21820619702339172363 -0.38242501020431518555 -1.2245706319808959961 -1.7300189733505249023 -0.40138113498687744141 0.39673289656639099121 -0.11222937703132629395 -0.10873586684465408325 0.40170890092849731445 0.51452326774597167969 0.26699945330619812012 -0.023513333871960639954 0.018865451216697692871 0.19227677583694458008 0.088624961674213409424 0.040276132524013519287 0.027326146140694618225 0.037282206118106842041 0.068760633468627929688 0.12933307886123657227 0.091481342911720275879 0.038047827780246734619 0.029007645323872566223
-0.027939299121499061584 0.0054362448863685131073 0.039973441511392593384 0.080274529755115509033 0.088298559188842773438 -0.0081650279462337493896 -9999 -9999 -9999 -9999 0.023404691368341445923 -0.050075009465217590332 -0.24611592292785644531 0.30051463842391967773 1.3825259208679199219 0.84856748580932617188 -0.022043973207473754883 -0.35053324699401855469 -0.16255429387092590332 -0.088687725365161895752 0.097033508121967315674 -0.33683696389198303223 -1.3672420978546142578 -1.1319735050201416016 -0.3328393399715423584 -0.15594930946826934814 0.17418912053108215332 0.80559802055358886719 0.45635846257209777832 -0.37695717811584472656 0.091640330851078033447 0.11272821575403213501 0.31813162565231323242 0.3657792210578918457 0.13447540998458862305 0.022217968478798866272 0.020004833117127418518 0.058666419237852096558 0.14561609923839569092 0.16786785423755645752 0.080568954348564147949 0.056297603994607925415
0.17371600866317749023 0.016600864008069038391 -0.015353992581367492676 0.013880516402423381805 0.055991660803556442261 -9999 -9999 -9999 -9999 -9999 0.038002651184797286987 0.027831595391035079956 -0.037717219442129135132 0.1381428837776184082 0.62733507156372070313 0.23694953322410583496 -0.30625927448272705078 -0.33102244138717651367 -0.11251515895128250122 0.1741740107536315918 0.7902653813362121582 0.88474041223526000977 -0.54020035266876220703 -1.4702048301696777344 -1.0077157020568847656 -0.24755978584289550781 0.45478573441505432129 1.3678033351898193359 0.34815779328346252441 -1.051533818244934082 -0.25943323969841003418 -0.14009952545166015625 0.23594874143600463867 0.4861806333065032959 0.34664884209632873535 0.042466044425964355469 -0.042997930198907852173 0.040505491197109222412 0.11056311428546905518 0.087782874703407287598 0.011457772925496101379 -0.005843000020831823349
0.14665083587169647217 0.034400504082441329956 -0.071480333805084228516 -0.022987574338912963867 0.049847673624753952026 0.013202499598264694214 -9999 -9999 -9999 -9999 0.00060483522247523069382 -0.013363052159547805786 -0.014767882414162158966 0.046572078019380569458 -0.024763576686382293701 -0.39264339208602905273 -0.66816192865371704102 -0.39932134747505187988 -0.017334038391709327698 0.084909491240978240967 0.56770205497741699219 1.0535418987274169922 0.1208057701587677002 -1.3116768598556518555 -1.0932383537292480469 -0.2687148749828338623 0.69944959878921508789 1.6317902803421020508 0.71950095891952514648 -0.28951233625411987305 -0.41116490960121154785 -0.540981292724609375 0.098320484161376953125 0.41297167539596557617 0.47280022501945495605 0.1490895003080368042 -0.035042222589254379272 0.033307909965515136719 0.076398737728595733643 -0.025011414662003517151 -0.15073302388191223145 -0.10863427817821502686
0.056928824633359909058 0.026787476614117622375 -0.033340290188789367676 0.022899011150002479553 0.070136435329914093018 0.010985111817717552185 -9999 -9999 -9999 -9999 0.0084598567336797714233 0.025088472291827201843 0.031494710594415664673 0.068727001547813415527 -0.092010661959648132324 -0.37085267901420593262 -9999 0.023058069869875907898 -0.066869154572486877441 0.11155998706817626953 0.73460865020751953125 1.300333857536315918 0.73507678508758544922 -1.1888113021850585938 -0.93669867515563964844 -0.18159691989421844482 0.85499936342239379883 1.4352841377258300781 0.37490168213844299316 -0.4480095207691192627 -0.41735148429870605469 -0.52299273014068603516 -0.17855143547058105469 0.22318670153617858887 0.23591640591621398926 0.13190992176532745361 0.14352476596832275391 0.15044502913951873779 0.15311776101589202881 0.026213502511382102966 -0.16562002897262573242 -0.25750631093978881836
-0.022866809740662574768 0.0097527038305997848511 -0.019024854525923728943 -0.031344786286354064941 0.035558942705392837524 0.016653811559081077576 -9999 -9999 -9999 -9999 -0.050278671085834503174 -0.034198451787233352661 -0.036528784781694412231 -9999 -9999 -9999 -9999 0.031033024191856384277 0.0089236330240964889526 0.17502589523792266846 0.58435738086700439453 1.0630245208740234375 0.82375955581665039063 -0.96477729082107543945 -0.80174195766448974609 -0.45206156373023986816 0.046075914055109024048 0.1849762648344039917 -0.7094205021858215332 -1.3159021139144897461 -0.78577876091003417969 -0.51024347543716430664 -0.17445400357246398926 0.20629549026489257813 0.26762926578521728516 0.13937737047672271729 0.13999652862548828125 0.13557033240795135498 0.16098313033580780029 0.13254275918006896973 0.06439339369535446167 -0.17169101536273956299
0.16767913103103637695 0.26513615250587463379 0.087516859173774719238 -0.17723521590232849121 -0.14940436184406280518 -0.14582909643650054932 -0.23031446337699890137 -9999 -9999 -9999 -9999 -9999 -9999 -9999 -9999 -9999 -9999 -0.011342271231114864349 0.026137717068195343018 0.13224685192108154297 0.32068738341331481934 0.71509075164794921875 0.59088665246963500977 -0.57154983282089233398 -0.50856804847717285156 -0.25032985210418701172 -0.40906351804733276367 -0.45686179399490356445 -0.49355533719062805176 -0.83386397361755371094 -0.7914149165153503418 -0.32035991549491882324 0.21135003864765167236 0.33024516701698303223 0.48691731691360473633 0.18192495405673980713 0.085953570902347564697 0.00622705044224858284 -0.032394904643297195435 0.031328786164522171021 0.10140839219093322754 -9999
0.23381891846656799316 0.52138501405715942383 0.21039903163909912109 -0.36085817217826843262 -0.60142874717712402344 -0.47584715485572814941 -0.17428852617740631104 0.20484361052513122559 -9999 -9999 -9999 -9999 -9999 -9999 -9999 -9999 -9999 -0.061358112841844558716 -0.011277697980403900146 0.087812639772891998291 0.30125942826271057129 0.59871000051498413086 0.47677940130233764648 -0.051821421831846237183 -0.1952352672815322876 -0.45089676976203918457 -0.77643120288848876953 -0.42723932862281799316 -0.074532166123390197754 -0.43330425024032592773 -0.91649627685546875 -0.33580443263053894043 0.43117806315422058105 0.55551189184188842773 0.56140267848968505859 0.2200123220682144165 0.12139938771724700928 -0.006952871568500995636 -0.09373588860034942627 -0.11380533874034881592 -9999 -9999
0.16202570497989654541 0.38568457961082458496 0.31485790014266967773 -0.042860507965087890625 -0.37001591920852661133 -0.1807072758674621582 0.37370282411575317383 0.77677565813064575195 -9999 -9999 -9999 -9999 -9999 -9999 -9999 -9999 -9999 -0.16808114945888519287 -0.1009735986590385437 -0.0082225501537322998047 0.16118463873863220215 0.34822404384613037109 0.45924988389015197754 0.30693238973617553711 0.073028624057769775391 -0.51549816131591796875 -1.1235020160675048828 -0.5854638218879699707 -0.099852688610553741455 -0.43462395668029785156 -0.84642177820205688477 -0.23888979852199554443 0.45471110939979553223 0.62135940790176391602 0.51833164691925048828 0.42692455649375915527 0.43711823225021362305 0.12729364633560180664 -0.17057985067367553711 -9999 -9999 -9999
0.12126220017671585083 0.19149832427501678467 0.17320947349071502686 0.14372313022613525391 0.063798829913139343262 0.16296434402465820313 0.47695872187614440918 0.61301183700561523438 0.30794200301170349121 -9999 -9999 -9999 -9999 -9999 -9999 -9999 0.050395503640174865723 -0.11479264497756958008 -0.11048619449138641357 -0.12067953497171401978 -0.014118691906332969666 0.19447782635688781738 0.34127330780029296875 -0.12646688520908355713 -0.23453357815742492676 -0.069692999124526977539 -0.4163258671760559082 -0.24720297753810882568 0.032103773206472396851 -0.19247981905937194824 0.010166095569729804993 0.51475125551223754883 0.76745980978012084961 0.7400633692741394043 0.5297024846076965332 0.50675296783447265625 0.81711745262145996094 0.62864607572555541992 0.10511381179094314575 -9999 -9999 -9999
0.081566065549850463867 0.097548089921474456787 0.016316041350364685059 0.12364892661571502686 0.16564162075519561768 0.3692143857479095459 0.53424614667892456055 0.38333797454833984375 0.34151917695999145508 -9999 -9999 -9999 -9999 -9999 -9999 -0.17082141339778900146 0.0042184311896562576294 -0.024471374228596687317 -0.071078971028327941895 -0.25816622376441955566 -0.246530190110206604 0.055402874946594238281 -0.062492746859788894653 -0.90227770805358886719 -0.76197916269302368164 -0.26964452862739562988 -0.11526784300804138184 0.20966611802577972412 0.38164368271827697754 0.21788896620273590088 0.33107998967170715332 0.59953176975250244141 0.77650529146194458008 0.28699392080307006836 -0.25795975327491760254 -0.43305113911628723145 0.056888654828071594238 0.48165071010589599609 -9999 -9999 -9999 -9999
0.027037955820560455322 0.084000036120414733887 0.0055927578359842300415 0.086583279073238372803 0.14266115427017211914 0.44089934229850769043 0.63103657960891723633 0.44996592402458190918 0.40587329864501953125 -9999 -9999 -9999 -9999 -9999 0.15735667943954467773 0.013087832368910312653 -0.012100226245820522308 -0.06781025230884552002 -0.042526852339506149292 -0.27546089887619018555 -0.34824556112289428711 0.011923938989639282227 -0.13427050411701202393 -0.62584573030471801758 -0.017016699537634849548 0.62856578826904296875 0.15055823326110839844 -0.45254063606262207031 -0.54427605867385864258 0.25914204120635986328 0.48586431145668029785 0.43965137004852294922 0.63207244873046875 0.14727482199668884277 -0.19177597761154174805 -0.3254210054874420166 -0.24776038527488708496 -0.025718625634908676147 -9999 -9999 -9999 -9999
0.37123700976371765137 0.23646000027656555176 0.088974051177501678467 0.14973576366901397705 0.25496083498001098633 0.37904769182205200195 0.58799165487289428711 0.61522436141967773438 -0.20325474441051483154 -1.1405466794967651367 -9999 -9999 -9999 -0.0052253906615078449249 0.17421317100524902344 0.38806915283203125 0.52695304155349731445 0.047402158379554748535 0.031113127246499061584 -0.116051502525806427 -0.22883626818656921387 -0.067854002118110656738 -0.02705021202564239502 -0.10440499335527420044 0.60423260927200317383 1.0245970487594604492 0.75575864315032958984 -0.90770769119262695313 -2.4950284957885742188 -1.4676058292388916016 0.27719733119010925293 0.47449672222137451172 0.49058386683464050293 0.12003953754901885986 0.011917433701455593109 0.032430056482553482056 0.14077523350715637207 0.25038808584213256836 -9999 -9999 -9999 -9999
0.51307767629623413086 0.20596700906753540039 -0.0055703013204038143158 -0.017286172136664390564 0.026547174900770187378 0.092434823513031005859 0.26285713911056518555 0.26118615269660949707 -1.2386547327041625977 -1.6195713281631469727 -9999 -9999 -0.65943515300750732422 -0.52060467004776000977 -0.059142053127288818359 0.50251144170761108398 0.90971136093139648438 0.28341189026832580566 0.12420316785573959351 0.004326818510890007019 -0.063501507043838500977 -0.25087335705757141113 -0.31841054558753967285 0.050520151853561401367 0.93448019027709960938 0.81218051910400390625 0.82960462570190429688 0.32181796431541442871 -1.6715737581253051758 -2.3559293746948242188 -0.58710569143295288086 0.38050609827041625977 1.1173268556594848633 0.53506308794021606445 0.12603913247585296631 -0.0037634547334164381027 0.13978976011276245117 0.33796304464340209961 -9999 -9999 -9999 -9999
0.2267392575740814209 0.039639767259359359741 -0.16005426645278930664 -0.11923587322235107422 0.11314725130796432495 0.23240561783313751221 -0.34055715799331665039 -0.57878977060317993164 -0.79595142602920532227 0.43338447809219360352 1.381011962890625 1.4729427099227905273 0.10765193402767181396 -0.43896657228469848633 -0.301692962646484375 0.20951215922832489014 0.54157525300979614258 0.1572936326265335083 0.015357759781181812286 -0.038730222731828689575 -0.099001467227935791016 -0.42053943872451782227 -0.54332488775253295898 0.076642394065856933594 0.62911760807037353516 0.50332123041152954102 0.71026980876922607422 1.1023540496826171875 -0.36399120092391967773 -1.7500796318054199219 -0.86571931838989257813 0.31940048933029174805 1.3005396127700805664 1.1705942153930664063 0.43311014771461486816 0.14356285333633422852 0.19918905198574066162 0.35176804661750793457 0.44539436697959899902 -9999 -9999 -9999
0.23792921006679534912 0.23647716641426086426 0.064688503742218017578 0.16590484976768493652 0.35507944226264953613 0.43487307429313659668 -0.85015714168548583984 -0.5153706669807434082 0.6661815643310546875 1.0552356243133544922 1.1106957197189331055 1.2411198616027832031 1.0925409793853759766 0.077418550848960876465 -0.35205048322677612305 -0.10072840750217437744 0.12476485222578048706 -0.0033081078436225652695 -0.069052204489707946777 -0.23732225596904754639 -0.21022517979145050049 -0.29143595695495605469 -0.33819839358329772949 0.013151836581528186798 0.30498626828193664551 0.26424190402030944824 0.34924849867820739746 0.79683393239974975586 -0.20021642744541168213 -1.6314259767532348633 -1.1061137914657592773 -0.40395772457122802734 -0.72440475225448608398 -0.35630205273628234863 0.30786710977554321289 0.67901009321212768555 0.720439910888671875 0.57232445478439331055 0.55538570880889892578 -9999 -9999 -9999
0.26315662264823913574 0.70645403861999511719 1.0215280055999755859 0.93778562545776367188 0.36004605889320373535 0.16450950503349304199 -0.33560734987258911133 0.019209494814276695251 1.1250727176666259766 1.8564261198043823242 1.5008815526962280273 1.1345758438110351563 1.4533742666244506836 0.25024774670600891113 -0.6225312352180480957 -0.29595625400543212891 -0.010103145614266395569 -0.046033147722482681274 -0.10660778731107711792 -0.28771796822547912598 -0.11827810853719711304 -0.045724853873252868652 -0.10712298750877380371 -0.015745300799608230591 0.15449553728103637695 0.21046207845211029053 0.24097362160682678223 0.67875909805297851563 -0.031877383589744567871 -1.5239031314849853516 -1.5324660539627075195 -0.95380699634552001953 -1.3233077526092529297 -1.3890380859375 -0.11451839655637741089 0.89653849601745605469 0.93005681037902832031 0.70425927639007568359 0.48646637797355651855 0.21166312694549560547 -9999 -9999
0.1010526120662689209 0.086150921881198883057 1.6096323728561401367 1.7459619045257568359 0.41230952739715576172 -0.21798409521579742432 -0.44231897592544555664 -0.089068107306957244873 1.3504533767700195313 2.9144425392150878906 2.3348777294158935547 1.12654876708984375 0.4683367311954498291 -0.57443749904632568359 -0.74739801883697509766 -0.30849224328994750977 -0.048294089734554290771 -0.13405311107635498047 -0.1252327263355255127 -0.095576800405979156494 -0.085511185228824615479 -0.20595526695251464844 0.14568208158016204834 0.47566485404968261719 0.36342215538024902344 0.33925154805183410645 0.23355939984321594238 0.53159177303314208984 0.62734359502792358398 -0.25508746504783630371 -1.4189499616622924805 -1.2552243471145629883 -0.75017458200454711914 -0.43357589840888977051 -0.99199938774108886719 -0.87649923563003540039 -0.18407459557056427002 0.48920288681983947754 0.36568102240562438965 0.086898013949394226074 0.15243163704872131348 0.28626176714897155762
