INPUT/RASTER/ASCII_standard/twi.asc
ncols        225
nrows        269
xllcorner    473009.983799999987
yllcorner    4429051.174800000153
cellsize     50.000000000000
NODATA_value  -9999
[rows 162 to 179 of 269, columns 0 to 41 of 225]
-9999 -9999 -9999 -9999 -9999 -9999 -0.65550976991653442383 -1.5516884326934814453 -1.5037763118743896484 0.31858840584754943848 -0.49690493941307067871 -0.18570224940776824951 0.38464456796646118164 1.0836048126220703125 0.57790243625640869141 0.31693017482757568359 0.49317371845245361328 0.42971712350845336914 -0.025556268170475959778 -0.2214972078800201416 -0.45066532492637634277 -0.63372319936752319336 -0.39612352848052978516 -0.065429680049419403076 0.057729933410882949829 0.13920417428016662598 0.40567788481712341309 0.023504551500082015991 -0.48967784643173217773 0.4215863645076751709 1.4800043106079101563 0.2498353123664855957 0.27723559737205505371 0.49970570206642150879 0.32028764486312866211 0.38800817728042602539 0.27628606557846069336 0.47272664308547973633 0.45729729533195495605 0.49770158529281616211 0.59039860963821411133 0.21888847649097442627
-9999 -9999 -9999 -9999 -9999 -1.7970092296600341797 -1.2828032970428466797 -0.65756565332412719727 -0.60921710729598999023 -0.88676089048385620117 -0.95116883516311645508 -0.44412207603454589844 -0.67506831884384155273 -0.003744570072740316391 0.35849410295486450195 0.28946840763092041016 0.66585123538970947266 0.1235785558819770813 -0.5694974064826965332 -0.55186539888381958008 -0.55015772581100463867 -0.53225946426391601563 -0.31983280181884765625 -0.098628662526607513428 0.023739758878946304321 0.078500881791114807129 0.33553558588027954102 0.18631415069103240967 0.034900542348623275757 2.0523495674133300781 0.47456830739974975586 0.37759605050086975098 0.62074643373489379883 0.84327489137649536133 0.68903011083602905273 0.61811608076095581055 0.4612179100513458252 0.5747935175895690918 0.57065767049789428711 0.63383394479751586914 0.58335471153259277344 0.037159856408834457397
-9999 -9999 -9999 -9999 -1.581681370735168457 -1.6445528268814086914 -1.352558135986328125 -1.1593428850173950195 -1.3957031965255737305 -1.3584145307540893555 -0.26333785057067871094 -0.57439345121383666992 -0.98756515979766845703 -0.42307901382446289063 0.47849917411804199219 0.61047059297561645508 0.65388029813766479492 0.19050586223602294922 -0.24394381046295166016 -0.28621849417686462402 -0.25402489304542541504 -0.29147809743881225586 -0.10937334597110748291 0.049644768238067626953 0.14514940977096557617 0.14045912027359008789 0.30950194597244262695 0.097418867051601409912 0.51209890842437744141 1.1839867830276489258 -0.40978959202766418457 -0.2241741567850112915 -0.16353748738765716553 0.46135678887367248535 0.58935940265655517578 0.53726857900619506836 0.32042291760444641113 0.52777266502380371094 0.90855014324188232422 0.844753265380859375 0.6495640873908996582 0.085056431591510772705
-9999 -9999 -9999 -9999 -1.6709128618240356445 -1.593029022216796875 -1.0416716337203979492 -0.97961348295211791992 -0.96510958671569824219 -0.84657901525497436523 -0.3421179652214050293 -0.89037537574768066406 -1.3464947938919067383 -0.46130263805389404297 1.6123702526092529297 0.40851521492004394531 -0.24173368513584136963 -0.0075119752436876296997 0.00085707561811432242393 0.15354971587657928467 0.53160107135772705078 -0.14972281455993652344 -0.15812209248542785645 -0.013690888881683349609 0.087910167872905731201 0.089225582778453826904 -0.15019783377647399902 0.80363875627517700195 0.87796509265899658203 -0.61473214626312255859 -0.88114053010940551758 -0.37064588069915771484 -0.29220139980316162109 0.78573232889175415039 0.43110480904579162598 0.32700255513191223145 0.081476576626300811768 0.033519022166728973389 1.0312526226043701172 1.4499112367630004883 1.6888724565505981445 0.73481082916259765625
-9999 -9999 -9999 -9999 -1.7407873868942260742 -1.8273392915725708008 -1.1206783056259155273 -0.60473179817199707031 -0.51350671052932739258 -0.48633676767349243164 -0.61318922042846679688 -0.80757546424865722656 -1.1678274869918823242 -0.014762385748326778412 0.90589165687561035156 -0.60101073980331420898 -0.71445667743682861328 -0.50839084386825561523 -0.74426364898681640625 -0.71523225307464599609 0.1885811537504196167 -0.69567346572875976563 -0.49707558751106262207 -0.020561587065458297729 0.19926692545413970947 -0.24396379292011260986 0.10682354867458343506 2.9428894519805908203 0.57864391803741455078 -0.42472442984580993652 -0.60603314638137817383 -0.3917255699634552002 -0.58846306800842285156 0.35471493005752563477 0.47597339749336242676 0.32153847813606262207 0.23659969866275787354 0.70000439882278442383 1.2414878606796264648 1.2828965187072753906 1.5381567478179931641 1.0458943843841552734
-9999 -9999 -9999 -9999 -1.8773479461669921875 -1.7771142721176147461 -0.92955213785171508789 -0.49214905500411987305 -0.3755308985710144043 -0.3257834017276763916 -0.59302449226379394531 -0.80870950222015380859 -0.94439548254013061523 0.43904903531074523926 -0.74278038740158081055 -0.95008349418640136719 -0.93380248546600341797 -0.79606747627258300781 -1.1887295246124267578 -1.5533748865127563477 -1.6490473747253417969 -1.4456635713577270508 -1.1311726570129394531 -1.2885445356369018555 -0.91378200054168701172 -1.3274545669555664063 1.308375239372253418 1.4656239748001098633 -0.11523506790399551392 0.037784513086080551147 -0.21582868695259094238 0.0069903824478387832642 0.024051830172538757324 0.37334594130516052246 0.36200836300849914551 0.37596395611763000488 0.65911328792572021484 1.051411747932434082 1.1999701261520385742 0.86002790927886962891 1.039004206657409668 1.6229704618453979492
-9999 -9999 -9999 -1.8927396535873413086 -1.7909643650054931641 -1.5763731002807617188 -0.72083240747451782227 -0.24563433229923248291 -0.095788247883319854736 -0.17888125777244567871 -0.4314391016960144043 -0.63556253910064697266 -0.24918907880783081055 0.35218605399131774902 -1.0254477262496948242 -0.86534404754638671875 -0.9514706730842590332 -0.70889657735824584961 -1.2201424837112426758 -1.6713232994079589844 -1.6282351016998291016 -0.85489094257354736328 -0.93826657533645629883 -0.51228100061416625977 0.46177595853805541992 0.38232633471488952637 0.9174715876579284668 -0.18120820820331573486 0.17073877155780792236 0.43459755182266235352 0.22726316750049591064 0.47109657526016235352 0.49399259686470031738 0.53173118829727172852 0.19938683509826660156 0.298130035400390625 0.90043419599533081055 1.1494150161743164063 0.94619393348693847656 0.6260859370231628418 0.41577333211898803711 0.24796596169471740723
-9999 -9999 -9999 1.0873435735702514648 -0.5874697566032409668 -1.4200307130813598633 -0.99484115839004516602 -0.18804764747619628906 0.21335420012474060059 -0.028964458033442497253 -0.23678718507289886475 -0.65431451797485351563 -0.03826972469687461853 -0.40101981163024902344 -0.93018525838851928711 -0.94953596591949462891 -1.2126806974411010742 -1.4431052207946777344 -1.3414435386657714844 -0.40284484624862670898 1.5523685216903686523 1.9856580495834350586 0.84270763397216796875 0.74655270576477050781 0.68849617242813110352 0.33621200919151306152 -0.36768144369125366211 -0.12903384864330291748 0.26371455192565917969 0.42231759428977966309 0.39903470873832702637 0.56006872653961181641 0.30009984970092773438 0.18566951155662536621 -0.092836119234561920166 0.69521772861480712891 1.2084954977035522461 0.99697041511535644531 0.77866071462631225586 0.37867268919944763184 -0.045166555792093276978 -0.67216920852661132813
-9999 -9999 -9999 -2.3849537372589111328 -0.82210010290145874023 -1.061593174934387207 -1.0079914331436157227 -0.74772459268569946289 -0.28750571608543395996 -0.26630431413650512695 -0.2585799098014831543 -0.69060373306274414063 -0.13212279975414276123 -0.43220698833465576172 -0.92176747322082519531 -1.1618001461029052734 -1.5493427515029907227 -1.3935335874557495117 1.284609675407409668 3.2337703704833984375 1.1531859636306762695 -0.56177890300750732422 -0.86334300041198730469 -1.0709578990936279297 -0.93009322881698608398 -0.74145138263702392578 -0.3235753476619720459 0.15028552711009979248 0.16565440595149993896 0.1662416607141494751 -0.045017950236797332764 0.16503693163394927979 0.23657253384590148926 0.41245377063751220703 0.55806869268417358398 1.1234515905380249023 1.1357387304306030273 0.90203458070755004883 0.63334047794342041016 0.11714547872543334961 -0.14521135389804840088 -0.41455751657485961914
-9999 -9999 -9999 -2.7770857810974121094 -1.7958247661590576172 -0.76306837797164916992 -1.0289196968078613281 -0.51323974132537841797 -0.28880679607391357422 -0.2586644589900970459 -0.4143873751163482666 -0.44158858060836791992 0.48860025405883789063 1.0591228008270263672 0.096365816891193389893 0.29143512248992919922 -0.62944567203521728516 0.63244932889938354492 1.3721224069595336914 -0.4912948310375213623 -1.3283574581146240234 -0.98943549394607543945 -0.9041531682014465332 -1.1401827335357666016 -0.87478768825531005859 -0.34554076194763183594 0.0170699339359998703 0.025350846350193023682 0.08438873291015625 0.13817571103572845459 -0.027091003954410552979 0.20647275447845458984 0.37526243925094604492 0.76238739490509033203 0.93039566278457641602 1.0573277473449707031 0.77479189634323120117 0.50593328475952148438 0.36760362982749938965 -0.08486010134220123291 -0.11744774878025054932 -0.20126022398471832275
-9999 -9999 -2.9723744392395019531 -2.6102659702301025391 -0.6568825840950012207 -0.61324048042297363281 -0.95432108640670776367 -0.40312486886978149414 -0.25347402691841125488 -0.28670325875282287598 -0.64236533641815185547 -0.75483459234237670898 0.74002790451049804688 2.4018507003784179688 1.6403803825378417969 0.62801271677017211914 1.0648949146270751953 0.46320870518684387207 -1.2226607799530029297 -1.5384589433670043945 -1.1119525432586669922 -0.88806635141372680664 -0.77839577198028564453 -0.7147083282470703125 -0.33227184414863586426 -0.38838374614715576172 -0.17971037328243255615 -0.0082206698134541511536 0.031035775318741798401 0.19871093332767486572 0.1239398270845413208 0.61361640691757202148 0.9773165583610534668 1.1148555278778076172 1.0849053859710693359 1.0286054611206054688 0.74733984470367431641 0.25339978933334350586 -0.15763579308986663818 -0.4455458521842956543 -0.35758090019226074219 -0.54360550642013549805
-9999 -9999 -1.5135829448699951172 -1.0642466545104980469 -0.78278446197509765625 -1.4384278059005737305 -0.72287034988403320313 0.2645944058895111084 0.1362110525369644165 -0.047911144793033599854 -0.63251847028732299805 -1.0058931112289428711 0.99174207448959350586 1.3209867477416992188 -1.1911585330963134766 -1.3316401243209838867 -1.0673391819000244141 -1.0090181827545166016 -1.1708776950836181641 -1.1446698904037475586 -1.1772439479827880859 -1.2385613918304443359 -0.62323141098022460938 -0.4382813572883605957 -0.44332113862037658691 -0.86987447738647460938 -0.5812523961067199707 -0.10184417665004730225 -0.094293989241123199463 -0.048291370272636413574 -0.26578626036643981934 0.08533929288387298584 0.48398476839065551758 0.65894418954849243164 0.70130956172943115234 0.64656019210815429688 0.41133257746696472168 -0.15413741767406463623 -0.38783133029937744141 -0.75868397951126098633 -0.76961779594421386719 -1.0934836864471435547
-1.6648164987564086914 -1.2833018302917480469 -1.144570469856262207 -1.2398149967193603516 -1.684069514274597168 -1.8907577991485595703 -0.81867551803588867188 0.905010223388671875 0.53410631418228149414 -0.21833857893943786621 -1.0000585317611694336 -0.55947041511535644531 0.8495604395866394043 -0.97613966464996337891 -1.5457962751388549805 -0.99757242202758789063 -0.90485775470733642578 -0.64544075727462768555 -0.23522426187992095947 -0.61714011430740356445 -0.82016026973724365234 -0.95633876323699951172 -0.45702460408210754395 -0.36415463685989379883 -0.3514944612979888916 -0.55127561092376708984 -0.21991533041000366211 -0.052430801093578338623 -0.20434659719467163086 -0.36697095632553100586 -0.91122984886169433594 -0.66173785924911499023 -0.0087489876896142959595 0.060030754655599594116 0.095916420221328735352 -0.40205672383308410645 -0.55614548921585083008 -0.69695585966110229492 -0.72290056943893432617 -1.3736997842788696289 -1.608173370361328125 -1.3921238183975219727
-2.0591180324554443359 -1.6400600671768188477 -1.3104093074798583984 -1.1518588066101074219 -1.1920645236968994141 -1.5656315088272094727 -1.1940629482269287109 -0.7802861332893371582 -0.53521621227264404297 -0.11794941872358322144 -0.94521361589431762695 1.9208998680114746094 0.78498107194900512695 -0.87655556201934814453 -1.100711822509765625 -0.53785651922225952148 -0.51085209846496582031 -0.0057707289233803749084 0.7466633915901184082 0.001592929009348154068 -0.20717675983905792236 -0.42472547292709350586 -0.31846204400062561035 -0.11101928353309631348 0.021414851769804954529 -0.069417946040630340576 0.19481284916400909424 0.018811181187629699707 -0.28860744833946228027 -0.69401395320892333984 -1.3770357370376586914 -1.2253479957580566406 -0.75299268960952758789 -0.3415527641773223877 -0.39927369356155395508 -0.914569854736328125 -0.98693329095840454102 -0.98936200141906738281 -0.8781115412712097168 -1.1483592987060546875 -1.3631565570831298828 -1.1398775577545166016
-2.2230632305145263672 -1.2464501857757568359 -0.94201576709747314453 -1.0783164501190185547 -1.0018683671951293945 -1.2144255638122558594 -1.2100309133529663086 -1.1801097393035888672 -0.90956056118011474609 -0.32598608732223510742 -0.43033069372177124023 3.4439401626586914063 0.68320065736770629883 -0.26591795682907104492 -0.62584298849105834961 -0.17669419944286346436 -0.081952050328254699707 0.073096252977848052979 0.99217712879180908203 0.86128950119018554688 0.53324389457702636719 0.20149600505828857422 0.17660304903984069824 0.34899207949638366699 0.47635310888290405273 0.31171411275863647461 0.2207686007022857666 0.20167227089405059814 -0.58502775430679321289 -1.275969386100769043 -1.5832246541976928711 -1.7230269908905029297 -1.5616301298141479492 -0.60666495561599731445 -0.00086111121345311403275 -0.21882744133472442627 -0.43096536397933959961 -0.54556500911712646484 -0.55167245864868164063 -0.87440103292465209961 -1.1447505950927734375 -0.78657108545303344727
-0.33306047320365905762 -0.67609882354736328125 -0.76690852642059326172 -1.2135354280471801758 -1.4186294078826904297 -0.97370535135269165039 -0.62325006723403930664 -0.80002576112747192383 -0.82416701316833496094 -0.62688094377517700195 0.071759313344955444336 2.6723046302795410156 0.45922148227691650391 0.53112703561782836914 0.19860741496086120605 0.1771288067102432251 0.11801251769065856934 -0.19518430531024932861 0.4597072601318359375 0.1021153181791305542 -0.10534613579511642456 -0.23284247517585754395 0.070520251989364624023 0.067806407809257507324 0.11547443270683288574 0.40074622631072998047 0.32960674166679382324 -0.47338786721229553223 -0.89451169967651367188 -1.1846957206726074219 -1.3357741832733154297 -1.5746319293975830078 -1.561016082763671875 -0.74559980630874633789 0.14666365087032318115 0.11549442261457443237 -0.19058932363986968994 -0.45816093683242797852 -0.46957945823669433594 -0.51479983329772949219 0.2805131375789642334 1.62831878662109375
-9999 -0.87975800037384033203 -0.97897833585739135742 -1.2094080448150634766 -1.26364898681640625 -0.88455694913864135742 -0.20060583949089050293 -0.55921190977096557617 -0.90363043546676635742 -0.8760662078857421875 0.18526008725166320801 1.683947443962097168 0.30314010381698608398 0.49529570341110229492 0.089957848191261291504 -0.19152604043483734131 -0.55216825008392333984 -0.2102759629487991333 0.34491053223609924316 -0.31732213497161865234 -0.44751462340354919434 -0.64745640754699707031 -0.40721434354782104492 -0.9490947723388671875 -0.98549491167068481445 -0.64047962427139282227 -0.96955519914627075195 -0.81290811300277709961 -0.49712836742401123047 -0.28848728537559509277 -0.48689097166061401367 -0.91938620805740356445 -1.3830512762069702148 -0.83543717861175537109 -0.21237385272979736328 0.21216177940368652344 0.31689634919166564941 0.13289253413677215576 0.53779941797256469727 2.25766754150390625 2.1103217601776123047 1.0894066095352172852
-9999 -9999 -0.99305379390716552734 -0.93814432621002197266 -0.80160742998123168945 -0.53614264726638793945 -0.11573827266693115234 -0.23707722127437591553 -0.63809937238693237305 -0.75789201259613037109 0.21605165302753448486 0.074433185160160064697 -0.35107633471488952637 -0.06680453568696975708 -0.31340765953063964844 -0.29982998967170715332 -0.31538742780685424805 0.12752121686935424805 0.27219685912132263184 -0.40276566147804260254 -0.4728164970874786377 -0.02175350487232208252 -0.11446436494588851929 -0.73238337039947509766 -1.0451612472534179688 -0.73293274641036987305 -1.1027605533599853516 -0.87957739830017089844 -0.24524027109146118164 0.1281222999095916748 -0.065818108618259429932 -0.70562827587127685547 -1.0728875398635864258 -0.94179517030715942383 -0.45606353878974914551 0.59518420696258544922 0.91210794448852539063 0.53965139389038085938 1.8225164413452148438 1.8622995615005493164 -0.47385877370834350586 -0.77004414796829223633
