INPUT/RASTER/ASCII_standard/twi.asc
ncols        225
nrows        269
xllcorner    473009.983799999987
yllcorner    4429051.174800000153
cellsize     50.000000000000
NODATA_value  -9999
[rows 216 to 233 of 269, columns 126 to 167 of 225]
-0.22774837911128997803 -0.76304095983505249023 -0.99298435449600219727 0.13545264303684234619 -0.6470769047737121582 -1.7532459497451782227 -1.6516784429550170898 -1.3658021688461303711 -1.3581162691116333008 -0.69995206594467163086 -0.52686840295791625977 -0.28172931075096130371 0.0099004879593849182129 -0.10711454600095748901 -0.26160481572151184082 -0.029209913685917854309 1.6570667028427124023 0.66807520389556884766 0.16494007408618927002 0.05304066091775894165 0.021520411595702171326 -0.017244096845388412476 -0.50021165609359741211 -0.18282391130924224854 -0.15736830234527587891 0.041624173521995544434 1.2802934646606445313 1.2383589744567871094 0.49891656637191772461 0.20271456241607666016 -0.016042955219745635986 -0.90234297513961791992 -0.70363461971282958984 -0.79182738065719604492 -0.74596208333969116211 -0.28509548306465148926 0.040108397603034973145 0.065083339810371398926 -0.1326516270637512207 -0.11734321713447570801 -0.068234227597713470459 0.21918825805187225342
-0.0041417055763304233551 -0.47278600931167602539 -0.89194548130035400391 -0.32317206263542175293 -0.29706513881683349609 -1.3545128107070922852 -1.3122380971908569336 -1.0009442567825317383 -1.1080257892608642578 -1.0065282583236694336 -0.78740561008453369141 -0.47452649474143981934 -0.02464362606406211853 -0.036226652562618255615 -0.15209025144577026367 0.0023554288782179355621 2.2139418125152587891 1.1479766368865966797 0.032739102840423583984 0.16516657173633575439 0.18705514073371887207 -0.088141724467277526855 -0.67384564876556396484 -0.78101277351379394531 -0.47531282901763916016 0.14876155555248260498 1.3233761787414550781 0.69844400882720947266 0.10733547061681747437 -0.37881329655647277832 -0.51184928417205810547 -0.90195709466934204102 -1.1212111711502075195 -0.91932064294815063477 -0.69753056764602661133 -0.45218518376350402832 -0.28382387757301330566 0.1095906868577003479 -0.25969907641410827637 -0.54286527633666992188 -0.51676249504089355469 0.2749480903148651123
-0.10014597326517105103 -0.67115586996078491211 -0.9916794896125793457 -1.0749602317810058594 -0.74947148561477661133 -1.0213416814804077148 -0.98459738492965698242 -0.6684525609016418457 -0.79075586795806884766 -0.6927598118782043457 -0.3436660468578338623 -0.34453743696212768555 -0.097479276359081268311 -0.030567348003387451172 -0.16143497824668884277 0.062819413840770721436 1.79410552978515625 0.6901200413703918457 -0.26239037513732910156 -0.011300390586256980896 0.028744688257575035095 -0.46930837631225585938 -0.74482041597366333008 -0.96363866329193115234 -0.39206427335739135742 0.88150495290756225586 1.2832763195037841797 0.18445146083831787109 -0.16936640441417694092 -0.52356094121932983398 -0.60500878095626831055 -0.71723997592926025391 -0.70540660619735717773 -0.67134571075439453125 -0.72571897506713867188 -0.77218043804168701172 -0.56370872259140014648 0.1825354844331741333 0.25095447897911071777 -0.33851966261863708496 -0.47665178775787353516 0.52873653173446655273
0.35605645179748535156 -0.34907808899879455566 -0.64109784364700317383 -0.68676048517227172852 -0.57835429906845092773 -0.60167336463928222656 -0.61909681558609008789 -0.46904167532920837402 -0.34497812390327453613 -0.082442961633205413818 0.037295140326023101807 -0.3008791804313659668 -0.36108568310737609863 -0.20197916030883789063 -0.30747702717781066895 0.57168507575988769531 1.5976691246032714844 0.20583221316337585449 -0.07894560694694519043 0.018773771822452545166 -0.056182321161031723022 -0.76739585399627685547 -0.86830693483352661133 -0.44313615560531616211 0.33584356307983398438 1.5887359380722045898 1.2159789800643920898 0.083238318562507629395 -0.29589757323265075684 -0.52514022588729858398 -0.62391752004623413086 -0.58742976188659667969 -0.49673223495483398438 -0.41224208474159240723 -0.52168875932693481445 -0.67600834369659423828 -0.30643755197525024414 0.29438263177871704102 0.43283170461654663086 -0.073745951056480407715 -0.58794707059860229492 -0.077105976641178131104
0.38136142492294311523 -0.11557327210903167725 -0.48540440201759338379 -0.61131119728088378906 -0.31033152341842651367 -0.3953545987606048584 -0.55224919319152832031 -0.39544019103050231934 -0.14477936923503875732 0.22002556920051574707 0.017062759026885032654 -0.41185981035232543945 -0.60767215490341186523 -0.50065517425537109375 -0.16233992576599121094 1.3630087375640869141 0.76411634683609008789 -0.33421650528907775879 -0.085147067904472351074 0.49092620611190795898 0.3993339836597442627 -0.81242948770523071289 -0.68555521965026855469 -0.060280758887529373169 0.97955435514450073242 1.7137827873229980469 0.91560328006744384766 -0.0077107991091907024384 -0.3672586977481842041 -0.42166188359260559082 -0.47554725408554077148 -0.53082770109176635742 -0.47264969348907470703 -0.58982843160629272461 -0.4503040611743927002 -0.87777388095855712891 -0.48164802789688110352 0.21800760924816131592 0.20775587856769561768 -0.28998896479606628418 -1.329848170280456543 -1.1783965826034545898
0.8379204869270324707 0.54971861839294433594 -0.053908143192529678345 -0.26330763101577758789 0.1035111844539642334 0.11017024517059326172 -0.17725582420825958252 0.012322245165705680847 0.24923115968704223633 0.52435678243637084961 0.20995625853538513184 -0.16621391475200653076 -0.15410411357879638672 -0.28991159796714782715 0.4541422426700592041 1.6527649164199829102 0.2795067131519317627 -0.14426848292350769043 0.31259191036224365234 0.57705283164978027344 0.13912729918956756592 -0.67651695013046264648 -0.16124434769153594971 0.30714783072471618652 1.3935902118682861328 1.5480563640594482422 0.59277319908142089844 0.12901495397090911865 0.20604690909385681152 -0.15583254396915435791 -0.28161275386810302734 -0.42415103316307067871 -0.71239131689071655273 -0.73598015308380126953 -0.75380873680114746094 -1.1355096101760864258 -0.79879081249237060547 -0.42508876323699951172 -0.42740139365196228027 -0.36482515931129455566 -1.3573986291885375977 -1.9903862476348876953
0.085543751716613769531 -0.097950711846351623535 -0.28368911147117614746 -0.17568983137607574463 0.31395703554153442383 0.87454456090927124023 0.3661549687385559082 0.34556236863136291504 0.34065940976142883301 0.51639819145202636719 0.23411643505096435547 -0.13023294508457183838 -0.058815199881792068481 -0.14157462120056152344 0.97875291109085083008 1.5438493490219116211 0.17040261626243591309 0.18809998035430908203 0.48822411894798278809 0.12458190321922302246 -0.40877905488014221191 -0.80092257261276245117 0.089223019778728485107 0.6387932896614074707 1.817478179931640625 1.543969273567199707 0.49887862801551818848 0.31067901849746704102 0.25139617919921875 -0.15522889792919158936 -0.36772269010543823242 -0.48015862703323364258 -0.68875974416732788086 -0.76071095466613769531 -0.83675849437713623047 -0.91006994247436523438 -0.76703715324401855469 -0.73348027467727661133 -0.76117700338363647461 -0.72600102424621582031 -1.34934234619140625 -2.2358653545379638672
-0.77220785617828369141 -0.73294579982757568359 -0.34455612301826477051 0.14594009518623352051 0.81645470857620239258 1.3258897066116333008 1.2054884433746337891 1.0091099739074707031 0.74692988395690917969 0.74942284822463989258 0.63736611604690551758 0.28643122315406799316 0.29526862502098083496 0.41531983017921447754 1.657046198844909668 1.5613535642623901367 0.79799789190292358398 0.30193895101547241211 0.2557595372200012207 -0.17309793829917907715 -0.35627776384353637695 -0.56846076250076293945 -0.46669164299964904785 -0.12277244031429290771 1.6255121231079101563 1.2960820198059082031 0.45155546069145202637 0.10666213184595108032 -0.016525667160749435425 -0.13921435177326202393 -0.39502894878387451172 -0.59469759464263916016 -0.58117961883544921875 -0.42779466509819030762 -0.39678275585174560547 -0.49782884120941162109 -0.67661046981811523438 -0.52475029230117797852 -0.80225104093551635742 -1.1975977420806884766 -1.4692059755325317383 -2.1037149429321289063
-0.37336149811744689941 -0.40531706809997558594 -0.36467757821083068848 0.2403809279203414917 0.82482630014419555664 1.2192411422729492188 1.2483617067337036133 0.93561577796936035156 0.67608296871185302734 0.62783128023147583008 0.70797681808471679688 0.45594394207000732422 0.31623071432113647461 0.77150255441665649414 1.9040443897247314453 0.96244168281555175781 0.34772583842277526855 0.057254906743764877319 0.03092816472053527832 -0.2006155848503112793 -0.24387565255165100098 -0.36254841089248657227 -0.37928292155265808105 0.13148590922355651855 1.5569701194763183594 0.84818452596664428711 0.04084014892578125 -0.018104471266269683838 0.04160828515887260437 -0.053917881101369857788 -0.19945235550403594971 -0.3732210993766784668 -0.51961827278137207031 0.11485593020915985107 0.39822557568550109863 -0.12492004036903381348 -0.59524357318878173828 -0.47061738371849060059 -0.80519390106201171875 -1.0057001113891601563 -1.0028345584869384766 -1.4636591672897338867
0.49137917160987854004 0.29092371463775634766 0.18289622664451599121 0.19301831722259521484 0.66561603546142578125 1.222918391227722168 1.309482574462890625 1.0417810678482055664 0.79978835582733154297 0.61711221933364868164 0.61691236495971679688 0.77286612987518310547 0.53307837247848510742 1.7385209798812866211 1.8537527322769165039 0.27856433391571044922 0.12175122648477554321 0.11578086763620376587 0.10149732232093811035 -0.17223654687404632568 -0.20220258831977844238 -0.19465804100036621094 0.13828179240226745605 0.89880061149597167969 1.7735191583633422852 1.0273269414901733398 0.11736736446619033813 -0.014370374381542205811 0.17518001794815063477 0.1325989067554473877 0.26880660653114318848 0.15040543675422668457 -0.41370174288749694824 -0.15373925864696502686 0.12275354564189910889 -0.68372613191604614258 -0.71397733688354492188 -0.63689875602722167969 -1.0040339231491088867 -0.93418681621551513672 -0.65499556064605712891 -0.45518317818641662598
0.008168977685272693634 0.21732863783836364746 0.39408254623413085938 0.40810680389404296875 0.61264997720718383789 1.1669346094131469727 1.3403961658477783203 1.1297565698623657227 0.85269033908843994141 0.66126394271850585938 0.54218536615371704102 0.82213807106018066406 0.85083687305450439453 1.9132200479507446289 1.0061327219009399414 0.10537540912628173828 0.12069663405418395996 -0.075679361820220947266 -0.092261679470539093018 -0.31918406486511230469 -0.18115645647048950195 -0.078455723822116851807 0.39720737934112548828 1.2124267816543579102 1.6433043479919433594 0.75052666664123535156 0.1572561413049697876 -0.12507581710815429688 0.05396918952465057373 0.27248841524124145508 0.33478078246116638184 0.14979051053524017334 -0.50934553146362304688 -1.054350733757019043 -1.0858825445175170898 -0.87065744400024414063 -0.71022039651870727539 -0.56886661052703857422 -1.2383538484573364258 -1.8057090044021606445 -1.2447484731674194336 0.38615572452545166016
-0.67622381448745727539 -0.45966234803199768066 -0.47008806467056274414 -0.063994869589805603027 0.58509391546249389648 1.132326960563659668 1.3892278671264648438 1.1261500120162963867 0.75685262680053710938 0.54354482889175415039 0.60990947484970092773 0.54112714529037475586 1.0614067316055297852 1.9293652772903442383 0.50090426206588745117 -0.050665982067584991455 0.035686101764440536499 -0.32004109025001525879 -0.19445203244686126709 -0.020163938403129577637 0.07466532289981842041 0.12108864635229110718 0.73375934362411499023 1.697985529899597168 1.3905043601989746094 0.26610198616981506348 0.29100978374481201172 0.23952978849411010742 0.25757613778114318848 0.34615728259086608887 0.11555898934602737427 -0.34469345211982727051 -0.4907347261905670166 -0.70153158903121948242 -0.82026433944702148438 -0.53159767389297485352 -0.40144690871238708496 -0.48063033819198608398 -1.4950472116470336914 -2.0701837539672851563 -1.6120294332504272461 1.1442019939422607422
-1.1222524642944335938 -0.84358412027359008789 -0.71291375160217285156 -0.26857388019561767578 0.36422052979469299316 1.1663155555725097656 1.387119293212890625 0.94205296039581298828 0.085533507168292999268 -0.13343924283981323242 0.20517373085021972656 -0.22551007568836212158 0.52713930606842041016 2.3955657482147216797 0.99720865488052368164 0.11683699488639831543 0.078685864806175231934 -0.071115121245384216309 0.22399692237377166748 0.46297812461853027344 0.43104636669158935547 0.12412019819021224976 0.56247049570083618164 1.7658126354217529297 1.1798304319381713867 0.33552327752113342285 0.20389060676097869873 0.42246365547180175781 0.3713741004467010498 0.17787694931030273438 -0.33422830700874328613 -0.96359688043594360352 -0.92104572057723999023 -0.68401873111724853516 -0.67676496505737304688 -0.58947002887725830078 -0.35109862685203552246 -0.8401005864143371582 -1.4599781036376953125 -1.4068145751953125 -1.1895418167114257813 0.64565473794937133789
-0.99634975194931030273 -0.86791443824768066406 -0.74464666843414306641 -0.25307074189186096191 0.27965122461318969727 1.5429890155792236328 1.5089147090911865234 0.67191129922866821289 -0.093033917248249053955 -0.27279990911483764648 -0.45516934990882873535 -0.60288983583450317383 0.22564849257469177246 2.2339086532592773438 1.5969778299331665039 0.72032076120376586914 0.42102423310279846191 0.3874486088752746582 0.44071751832962036133 0.026050316169857978821 0.2828744053840637207 0.32795876264572143555 1.261023402214050293 1.5150101184844970703 0.70459014177322387695 0.43166694045066833496 0.50468242168426513672 0.38262251019477844238 0.21741984784603118896 0.024265514686703681946 -0.26000037789344787598 -0.52196109294891357422 -0.68326801061630249023 -0.60813432931900024414 -0.4808775782585144043 -0.58108299970626831055 -0.77364522218704223633 -1.4326841831207275391 -1.2973932027816772461 -0.9617277979850769043 0.5040480494499206543 1.9851194620132446289
-0.63474035263061523438 -0.55372321605682373047 -0.3212668299674987793 0.25939729809761047363 0.95091396570205688477 1.7351301908493041992 1.10526275634765625 0.66880029439926147461 0.37813922762870788574 0.22637870907783508301 -0.50623631477355957031 -0.26396352052688598633 0.49455115199089050293 2.049953460693359375 1.733677983283996582 0.92641508579254150391 0.79385232925415039063 0.50554949045181274414 0.31838342547416687012 -0.2007529139518737793 -0.23355731368064880371 0.78621500730514526367 2.0696451663970947266 1.0599904060363769531 0.42331531643867492676 0.32369530200958251953 0.12708719074726104736 -0.21451838314533233643 -0.064575456082820892334 -0.066974155604839324951 -0.15900808572769165039 -0.074150770902633666992 -0.24980707466602325439 -0.36388739943504333496 -0.19262367486953735352 -0.38911575078964233398 -1.4191956520080566406 -1.7620395421981811523 -1.4187359809875488281 -1.2680618762969970703 2.0349638462066650391 3.0625231266021728516
-0.30195990204811096191 -0.31756451725959777832 0.084808923304080963135 0.45712050795555114746 1.1905331611633300781 1.530728459358215332 0.44129708409309387207 0.2636171877384185791 0.95168977975845336914 0.65427744388580322266 -0.6477953791618347168 -0.42951029539108276367 0.22267997264862060547 1.6719262599945068359 1.649741053581237793 0.54714721441268920898 0.3205489814281463623 -0.070061050355434417725 -0.25780767202377319336 -0.33339074254035949707 0.48965689539909362793 1.6886653900146484375 1.7770297527313232422 0.77144414186477661133 0.38249388337135314941 0.15241520106792449951 -0.11028240621089935303 -0.37047857046127319336 -0.41155466437339782715 -0.29920044541358947754 -0.17104820907115936279 0.21715748310089111328 0.10823683440685272217 -0.19156704843044281006 0.36961850523948669434 -0.71094423532485961914 -1.8272157907485961914 -1.6465830802917480469 -1.3813022375106811523 -1.0760169029235839844 1.7192038297653198242 1.5488840341567993164
-0.62943643331527709961 -0.56745743751525878906 -0.099888220429420471191 0.5888264775276184082 1.4103451967239379883 1.4106460809707641602 0.30286389589309692383 -0.1156029924750328064 -0.15825225412845611572 -0.59728586673736572266 -1.2847468852996826172 -0.96927875280380249023 -0.58067822456359863281 0.94193357229232788086 1.2893512248992919922 -0.054192032665014266968 -0.20911069214344024658 -0.2381579279899597168 -0.13297139108180999756 0.42454105615615844727 1.3979376554489135742 1.9021981954574584961 1.2832014560699462891 0.45484325289726257324 0.45130592584609985352 0.048991415649652481079 -0.22499558329582214355 -0.27047553658485412598 -0.33476379513740539551 -0.45151570439338684082 -0.39358365535736083984 0.172952994704246521 -0.33590140938758850098 -0.93132537603378295898 -1.1089255809783935547 -1.9979051351547241211 -1.9629546403884887695 -1.5811721086502075195 -0.83792328834533691406 0.41643795371055603027 1.9495238065719604492 0.51084649562835693359
-1.1527340412139892578 -0.71326142549514770508 -0.31281450390815734863 0.47075787186622619629 1.6727015972137451172 1.3745067119598388672 0.43133538961410522461 -0.023928269743919372559 -0.60231721401214599609 -0.84508734941482543945 -0.66392236948013305664 -0.74096405506134033203 -0.56802469491958618164 1.4013335704803466797 1.5894128084182739258 0.54060143232345581055 0.65715885162353515625 0.93425786495208740234 1.2126902341842651367 1.5404088497161865234 2.16104888916015625 2.0029809474945068359 1.1954729557037353516 0.56949901580810546875 0.39115452766418457031 0.16754733026027679443 0.039661552757024765015 0.1469173133373260498 0.18075682222843170166 0.2484722435474395752 0.636867523193359375 0.30698180198669433594 -0.82688057422637939453 -1.1139007806777954102 -1.8242235183715820313 -1.9963829517364501953 -1.6400313377380371094 -1.2125425338745117188 1.8998973369598388672 2.1191236972808837891 -0.49630564451217651367 -0.69393068552017211914
