INPUT/RASTER/ASCII_standard/twi.asc
ncols        225
nrows        269
xllcorner    473009.983799999987
yllcorner    4429051.174800000153
cellsize     50.000000000000
NODATA_value  -9999
[rows 108 to 125 of 269, columns 84 to 125 of 225]
-0.41263973712921142578 -0.82993263006210327148 -1.5446133613586425781 -1.3588461875915527344 -0.86283725500106811523 0.32911786437034606934 -0.13753357529640197754 -0.95749813318252563477 -1.3891063928604125977 -1.6359219551086425781 -1.6544463634490966797 -1.4653307199478149414 -1.0424938201904296875 -0.62220090627670288086 0.0046926345676183700562 0.42312672734260559082 0.74282014369964599609 1.2693729400634765625 2.1941285133361816406 1.7276364564895629883 0.66520047187805175781 -0.68098741769790649414 -1.1309299468994140625 -0.98416054248809814453 -1.0479112863540649414 -0.64109092950820922852 -0.17698167264461517334 0.26992473006248474121 0.33614435791969299316 0.014254628680646419525 -0.25934240221977233887 -0.36454612016677856445 -0.33221521973609924316 -1.3069260120391845703 0.27513411641120910645 2.1335375308990478516 -0.46042433381080627441 -0.9253991246223449707 -0.55585598945617675781 0.042632639408111572266 -0.11571726202964782715 0.87301290035247802734
-1.0163351297378540039 -1.3632999658584594727 -1.3884463310241699219 -0.97821378707885742188 -0.53200864791870117188 0.535869598388671875 0.038683831691741943359 -0.8273499608039855957 -1.138094782829284668 -1.2696708440780639648 -1.3335968255996704102 -1.0513542890548706055 -0.50807440280914306641 -0.30268654227256774902 -0.085131183266639709473 0.24804897606372833252 0.6269575953483581543 0.83558893203735351563 1.7311245203018188477 1.8804596662521362305 0.12978258728981018066 -1.0277903079986572266 0.15391559898853302002 -0.25735521316528320313 -0.69344335794448852539 -0.18743120133876800537 0.2485819011926651001 0.56503111124038696289 0.71430122852325439453 0.33389681577682495117 -0.30145540833473205566 -0.75819772481918334961 -0.76859366893768310547 -0.3045902252197265625 -0.13777749240398406982 1.8239204883575439453 -0.17770369350910186768 -0.73357069492340087891 -0.76877456903457641602 -0.67469525337219238281 -0.36534938216209411621 1.1652071475982666016
-0.86956703662872314453 -0.85870599746704101563 -1.1524636745452880859 -0.93554627895355224609 -0.38337317109107971191 -0.036714490503072738647 -0.30610471963882446289 -0.49361205101013183594 -0.89447122812271118164 -0.86745166778564453125 -0.41291183233261108398 0.26201021671295166016 -1.100978851318359375 -1.1030400991439819336 -0.56708359718322753906 -0.053778499364852905273 0.23927919566631317139 -0.24111057817935943604 -0.060443200170993804932 1.3192572593688964844 -0.73904323577880859375 -0.60613101720809936523 0.46504476666450500488 -0.09302981942892074585 -0.092510722577571868896 0.32593515515327453613 0.84662210941314697266 0.56934273242950439453 0.2771905064582824707 0.010896144434809684753 -0.28137728571891784668 -0.86300092935562133789 -0.84475016593933105469 -0.63667428493499755859 -0.83093827962875366211 0.75324410200119018555 -0.6286900639533996582 -0.76780962944030761719 -0.57124382257461547852 -0.63703578710556030273 -0.47054386138916015625 1.0261467695236206055
-0.46190348267555236816 -0.18335685133934020996 -0.57984346151351928711 -0.33457982540130615234 0.11714496463537216187 0.068000108003616333008 -0.48407259583473205566 -0.55235886573791503906 -0.63060450553894042969 -0.4877923429012298584 0.42288383841514587402 -0.25202384591102600098 -1.0753333568572998047 -0.77422046661376953125 -0.22865948081016540527 0.071111090481281280518 0.014871085062623023987 0.008512820117175579071 -0.19510795176029205322 0.15856336057186126709 -1.0620628595352172852 -0.79669421911239624023 -0.29816687107086181641 0.14443354308605194092 0.2252149730920791626 0.38546344637870788574 0.66322350502014160156 0.099324606359004974365 -0.088362582027912139893 -0.22293202579021453857 -0.20539861917495727539 -0.62459856271743774414 -0.86284363269805908203 -0.84323257207870483398 -0.19175562262535095215 1.1186090707778930664 -1.2151637077331542969 -1.1025824546813964844 0.19607344269752502441 -0.33555525541305541992 -0.19284351170063018799 1.4216837882995605469
-0.44308874011039733887 -0.41039887070655822754 0.047480765730142593384 0.43145120143890380859 0.37876287102699279785 0.24706664681434631348 0.9463456273078918457 1.2576044797897338867 -0.11322940140962600708 -0.85877233743667602539 -0.81379151344299316406 -0.86247855424880981445 -0.5791352391242980957 -0.41821601986885070801 -0.17535674571990966797 -0.19558912515640258789 -0.37857091426849365234 -0.28424176573753356934 -0.19582997262477874756 0.4055303037166595459 0.17980933189392089844 0.14320267736911773682 0.27622407674789428711 0.12874592840671539307 -0.19505620002746582031 -0.2093581855297088623 -0.42405468225479125977 -0.61936408281326293945 -0.63621872663497924805 -0.70244503021240234375 -0.52708595991134643555 -0.82349288463592529297 -0.94248825311660766602 -0.94223225116729736328 0.53414171934127807617 1.5999970436096191406 -1.4038175344467163086 -1.4062592983245849609 -0.73912185430526733398 -0.53533303737640380859 -0.0026612873189151287079 1.6149442195892333984
-0.68748939037322998047 -0.49994623661041259766 0.24350523948669433594 0.72515970468521118164 0.030116982758045196533 -0.070086158812046051025 1.2087168693542480469 1.6934330463409423828 -0.11970655620098114014 -0.55250132083892822266 -0.78334021568298339844 -1.1011015176773071289 -0.86776041984558105469 -0.56257599592208862305 -0.98467218875885009766 -0.86602711677551269531 -0.61446213722229003906 -0.52677619457244873047 -0.61621230840682983398 1.0527061223983764648 1.5304303169250488281 0.68950051069259643555 0.068422861397266387939 -0.26320564746856689453 -0.33918303251266479492 -0.32594558596611022949 -0.61328840255737304688 -0.63343852758407592773 -0.48170951008796691895 -0.44715744256973266602 -0.16451777517795562744 -0.22015821933746337891 -0.44217199087142944336 -0.61406421661376953125 1.2847044467926025391 1.6325248479843139648 -1.3183176517486572266 -0.8209807276725769043 -0.40462169051170349121 0.16939055919647216797 0.91038465499877929688 1.2536053657531738281
-0.034900479018688201904 0.36791723966598510742 0.026281936094164848328 -0.28515005111694335938 -0.73675161600112915039 -0.76865851879119873047 0.99810951948165893555 1.9138569831848144531 0.22513914108276367188 -0.20709836483001708984 -0.48993405699729919434 -0.99805748462677001953 -0.92236244678497314453 -0.37043091654777526855 -1.2461888790130615234 -0.81766784191131591797 -0.13290272653102874756 -0.64994370937347412109 -1.1615381240844726563 0.33966273069381713867 0.76099926233291625977 0.078438363969326019287 -0.53051644563674926758 -0.7532107234001159668 -0.60066384077072143555 -0.50379896163940429688 -0.60797905921936035156 -0.5648899078369140625 -0.21419607102870941162 0.26507097482681274414 0.72270309925079345703 0.30160281062126159668 0.10030950605869293213 -0.0077246348373591899872 1.0319684743881225586 2.1481459140777587891 -1.0585314035415649414 -1.0239983797073364258 -0.30328607559204101563 -0.13756996393203735352 -0.038933835923671722412 0.25299447774887084961
0.70576870441436767578 0.38606247305870056152 -0.31591778993606567383 -0.42979341745376586914 -0.80070757865905761719 -1.0230259895324707031 -0.16154719889163970947 1.6090984344482421875 1.0998904705047607422 0.24520190060138702393 -0.29887607693672180176 -0.84031814336776733398 -0.9027106165885925293 -0.80375474691390991211 -0.93984717130661010742 -0.5280551910400390625 0.24522700905799865723 -0.60091930627822875977 -1.2211909294128417969 -0.42719870805740356445 -0.25682073831558227539 -0.47487264871597290039 -0.79381406307220458984 -1.0331609249114990234 -0.9014523625373840332 -0.75074177980422973633 -0.52411538362503051758 -0.26593178510665893555 -0.018544651567935943604 -0.092558383941650390625 -0.21464394032955169678 -0.6774959564208984375 -0.59630429744720458984 -0.52404898405075073242 -0.18667688965797424316 2.0092098712921142578 0.4612522423267364502 -1.047821044921875 -1.051985621452331543 -0.99939668178558349609 -0.43097713589668273926 0.34155103564262390137
-0.021993836387991905212 -0.24605606496334075928 -0.48301774263381958008 -0.61537116765975952148 -0.65838885307312011719 -0.84810686111450195313 -0.86591774225234985352 0.16309736669063568115 0.45097181200981140137 -0.22817574441432952881 -0.65625667572021484375 -0.63964688777923583984 -0.66750222444534301758 -0.34530273079872131348 -0.41801744699478149414 -0.47335916757583618164 -0.6192569732666015625 -0.67104363441467285156 -0.94172471761703491211 -0.71776908636093139648 -0.20521107316017150879 -0.59113591909408569336 -0.66999959945678710938 -0.93603467941284179688 -0.73174798488616943359 -0.93967163562774658203 -0.70269817113876342773 -0.56267851591110229492 -0.49115517735481262207 -0.72832953929901123047 -0.66886276006698608398 -0.78496664762496948242 -0.47943329811096191406 -0.4037628471851348877 -0.47823444008827209473 2.3173081874847412109 2.6799967288970947266 0.21544338762760162354 -0.74974411725997924805 -0.73964995145797729492 0.71327841281890869141 2.6606309413909912109
-0.59879630804061889648 -0.42133212089538574219 -0.92646729946136474609 -1.3467241525650024414 -1.0970263481140136719 -0.51785778999328613281 -0.27258059382438659668 0.28008061647415161133 -0.21101590991020202637 -1.0109592676162719727 -0.74356746673583984375 -0.42458403110504150391 -0.46832093596458435059 -0.17410282790660858154 -0.2338237762451171875 -0.6780071258544921875 -0.97319012880325317383 -0.52744978666305541992 -0.61220461130142211914 -0.12511323392391204834 1.0798276662826538086 -0.21807006001472473145 -0.61997485160827636719 -0.6964861750602722168 -0.24490411579608917236 -0.83144330978393554688 -1.0193620920181274414 -0.88382929563522338867 -0.80425310134887695313 -0.78003013134002685547 -0.70143270492553710938 -0.66877770423889160156 -0.52568876743316650391 -0.44840034842491149902 -0.49794057011604309082 0.83578419685363769531 3.8955910205841064453 3.2685518264770507813 2.7489404678344726563 2.9283590316772460938 3.9090569019317626953 2.9271440505981445313
-0.75878518819808959961 -0.66802084445953369141 -1.1279410123825073242 -1.3257527351379394531 -1.0693703889846801758 -0.4019642174243927002 -0.1072923615574836731 0.29209205508232116699 0.092526160180568695068 -0.55017793178558349609 -0.48089936375617980957 -0.22793029248714447021 -0.21910209953784942627 -0.026745112612843513489 -0.085791707038879394531 -0.42731043696403503418 -0.79505491256713867188 -0.28731331229209899902 0.064317762851715087891 0.68708747625350952148 0.88337481021881103516 0.18670667707920074463 -0.49599102139472961426 -0.94954597949981689453 -1.2010445594787597656 -1.421105504035949707 -1.2183579206466674805 -1.0720667839050292969 -0.89202028512954711914 -0.75884616374969482422 -0.76246935129165649414 -0.62576174736022949219 -0.63910859823226928711 -0.44673880934715270996 -0.41672176122665405273 -0.50736498832702636719 1.6309347152709960938 4.6621584892272949219 4.8582296371459960938 3.2893707752227783203 2.9610705375671386719 2.6194553375244140625
-0.53081232309341430664 -0.76882016658782958984 -1.0075653791427612305 -0.60784840583801269531 -0.3098252415657043457 -0.14548704028129577637 0.00041484620305709540844 0.25506827235221862793 0.13851442933082580566 -0.32283514738082885742 -0.29714560508728027344 0.010988382622599601746 -0.0051158401183784008026 0.097379408776760101318 0.042422540485858917236 -0.20887240767478942871 -0.52761501073837280273 -0.088095091283321380615 0.2914873957633972168 0.70442616939544677734 0.27665451169013977051 -0.41610941290855407715 -0.88139808177947998047 -1.1672481298446655273 -1.4006683826446533203 -1.4468290805816650391 -1.1583040952682495117 -1.1211043596267700195 -0.80492615699768066406 -0.74734950065612792969 -0.75700962543487548828 -0.60270410776138305664 -0.50108999013900756836 -0.37697824835777282715 -0.48161214590072631836 -0.60972547531127929688 -0.18784472346305847168 1.9445307254791259766 3.1113896369934082031 2.0021502971649169922 1.6276566982269287109 1.6754066944122314453
-0.46428987383842468262 -0.71495759487152099609 -0.67526972293853759766 -0.19176381826400756836 0.046412341296672821045 0.17274647951126098633 0.19453869760036468506 0.23946572840213775635 0.10655759274959564209 -0.1903279721736907959 0.013104217126965522766 0.35952511429786682129 0.42262250185012817383 0.43542665243148803711 0.16598543524742126465 -0.10789344459772109985 -0.65545392036437988281 -0.26151257753372192383 0.32369941473007202148 0.78446763753890991211 0.19255559146404266357 -0.64732545614242553711 -0.836093902587890625 -1.0401886701583862305 -1.194373011589050293 -1.2189707756042480469 -1.1066747903823852539 -1.0756795406341552734 -0.76065069437026977539 -0.4842293858528137207 -0.48495680093765258789 -0.29581147432327270508 -0.78844660520553588867 -1.1564009189605712891 -1.0424402952194213867 -0.80246931314468383789 -0.70898878574371337891 0.27698862552642822266 2.0220396518707275391 1.3905146121978759766 1.578896641731262207 0.80978232622146606445
-0.25308817625045776367 -0.35931420326232910156 -0.26704683899879455566 0.075478039681911468506 0.1964111328125 0.14915868639945983887 0.032800592482089996338 0.0035345365758985280991 -0.1424319148063659668 -0.22813525795936584473 0.083816342055797576904 0.27320072054862976074 0.3828182518482208252 0.28662645816802978516 -0.18413728475570678711 -0.55504888296127319336 -0.83291858434677124023 -0.49804970622062683105 0.1528415381908416748 0.70015043020248413086 0.15051202476024627686 -0.67067140340805053711 -0.7252839207649230957 -0.81391757726669311523 -1.0649179220199584961 -1.299594879150390625 -1.1754609346389770508 -1.2242593765258789063 -0.91409868001937866211 -0.60540974140167236328 -0.4352715909481048584 -0.0097600175067782402039 -1.0157015323638916016 -1.5643137693405151367 -1.2444791793823242188 -0.93325674533843994141 -0.86588597297668457031 -0.18433611094951629639 1.6305929422378540039 0.63831514120101928711 0.92332410812377929688 0.62462961673736572266
-0.21753098070621490479 -0.056427262723445892334 0.15325917303562164307 0.28821653127670288086 0.24785014986991882324 -0.19242434203624725342 -0.89324778318405151367 -0.26772734522819519043 -0.056093670427799224854 0.13764432072639465332 0.41459575295448303223 0.22814916074275970459 0.14842641353607177734 0.34145060181617736816 -0.0096221733838319778442 -0.33936211466789245605 -0.55404168367385864258 -0.4237492680549621582 0.13302473723888397217 1.1503276824951171875 0.85498040914535522461 -0.38988488912582397461 -0.39776843786239624023 -0.46929481625556945801 -0.78967952728271484375 -1.0471436977386474609 -1.0166378021240234375 -1.1176540851593017578 -0.97688812017440795898 -0.58531111478805541992 -0.30348798632621765137 0.042833000421524047852 -0.24217848479747772217 -0.88040828704833984375 -0.95702284574508666992 -0.66628932952880859375 -0.90846139192581176758 -0.56415504217147827148 2.6079373359680175781 1.6168090105056762695 1.50856781005859375 0.68856328725814819336
-0.22546395659446716309 0.10460676252841949463 0.44340983033180236816 0.4456004798412322998 0.18538972735404968262 -0.58657604455947875977 -1.0962810516357421875 -0.52827990055084228516 0.097095012664794921875 0.72174584865570068359 0.5854771733283996582 0.050297606736421585083 -0.0065839597955346107483 0.30870613455772399902 0.027437472715973854065 -0.23345021903514862061 -0.3932418525218963623 -0.40118300914764404297 0.057712510228157043457 0.85737913846969604492 0.29685050249099731445 -0.35065177083015441895 -0.19213123619556427002 -0.51027685403823852539 -0.83189451694488525391 -1.0494283437728881836 -1.14055633544921875 -1.2798457145690917969 -1.0583840608596801758 -0.48762631416320800781 -0.34190404415130615234 -0.14364126324653625488 -0.032481282949447631836 -0.29275482892990112305 -0.70884865522384643555 -0.9346459507942199707 -1.1738442182540893555 -0.78776991367340087891 2.0043439865112304688 2.6305408477783203125 0.94633537530899047852 0.1376161426305770874
-0.1624946892261505127 0.36951807141304016113 0.52788132429122924805 0.56049096584320068359 0.32895493507385253906 -0.46641442179679870605 -0.81947952508926391602 -0.6013825535774230957 0.1118720322847366333 0.95189988613128662109 0.37911236286163330078 -0.2364043891429901123 -0.068461231887340545654 0.43697011470794677734 0.1173248291015625 0.0023134094662964344025 -0.31648072600364685059 -0.22649753093719482422 0.11880370974540710449 0.88271582126617431641 0.28594133257865905762 -0.27441766858100891113 -0.019608974456787109375 -0.36069393157958984375 -0.5685374140739440918 -0.81020706892013549805 -1.0229521989822387695 -1.2623381614685058594 -0.99858629703521728516 -0.39140170812606811523 -0.11222606152296066284 0.0065030590631067752838 0.039886511862277984619 0.1174370497465133667 -0.16635073721408843994 -0.41202813386917114258 -0.79029852151870727539 -0.46630886197090148926 2.4970924854278564453 1.9612027406692504883 0.50219202041625976563 -0.35133612155914306641
0.48222148418426513672 0.65908408164978027344 0.53321057558059692383 0.58576315641403198242 0.30141115188598632813 -0.2340482175350189209 -0.53236144781112670898 -0.520465850830078125 0.20429542660713195801 2.0365271568298339844 0.47665187716484069824 -0.48346176743507385254 -0.29495161771774291992 0.30537483096122741699 -0.44772985577583312988 -0.40836170315742492676 -0.52115964889526367188 -0.25919687747955322266 0.06032283976674079895 0.9221890568733215332 0.40739300847053527832 -0.19970600306987762451 -0.069434858858585357666 -0.39029306173324584961 -0.50922536849975585938 -0.88071727752685546875 -0.98741447925567626953 -1.2162576913833618164 -1.1500247716903686523 -0.73944371938705444336 -0.14396512508392333984 -0.055990159511566162109 -0.20863975584506988525 -0.064132712781429290771 -0.068173244595527648926 -0.19878567755222320557 -0.52470469474792480469 1.3219674825668334961 1.2905185222625732422 0.17535424232482910156 -0.31275251507759094238 -0.5860818028450012207
