INPUT/RASTER/ASCII_standard/twi.asc
ncols        225
nrows        269
xllcorner    473009.983799999987
yllcorner    4429051.174800000153
cellsize     50.000000000000
NODATA_value  -9999
[rows 144 to 161 of 269, columns 42 to 83 of 225]
-0.11971526592969894409 -0.4140268862247467041 -0.32193067669868469238 -0.28583800792694091797 0.082695141434669494629 0.67352080345153808594 0.83346539735794067383 0.77272778749465942383 0.4511496424674987793 0.19073490798473358154 0.45067203044891357422 0.45329621434211730957 -0.014971458353102207184 -0.2433519512414932251 -0.22106830775737762451 -0.69196420907974243164 -1.1239724159240722656 -1.3298798799514770508 -0.17192241549491882324 1.7514829635620117188 0.52982497215270996094 0.053331721574068069458 0.055157005786895751953 -0.042303081601858139038 -0.31246042251586914063 0.15158505737781524658 -0.35967877507209777832 1.0007147789001464844 2.2712199687957763672 -0.24280160665512084961 -0.32029294967651367188 -0.44035390019416809082 -0.19695782661437988281 -0.45630258321762084961 -0.43228590488433837891 -0.45301225781440734863 -0.15305978059768676758 1.1476511955261230469 -0.33094567060470581055 -0.37191620469093322754 -0.27521553635597229004 -0.069286763668060302734
-0.35925117135047912598 -0.44816029071807861328 -0.059702735394239425659 0.090784400701522827148 0.62682282924652099609 0.75680905580520629883 0.51731187105178833008 0.21640112996101379395 0.13935175538063049316 0.22278091311454772949 0.50821006298065185547 0.36159536242485046387 -0.077009633183479309082 -0.24634712934494018555 -0.1169066205620765686 -0.71400117874145507813 -1.1566481590270996094 -1.2090301513671875 0.48005184531211853027 1.1546311378479003906 0.39784842729568481445 0.30991548299789428711 -0.11419893056154251099 -0.54054909944534301758 -0.69421458244323730469 -0.075977087020874023438 -0.075458504259586334229 0.96826648712158203125 2.8483262062072753906 -0.15702958405017852783 -0.54954737424850463867 -0.65392380952835083008 -0.47354236245155334473 -0.52079939842224121094 -0.4842084050178527832 -0.69051074981689453125 -0.030000085011124610901 1.8860523700714111328 -0.47072911262512207031 -0.67891514301300048828 -0.52480280399322509766 -0.15495321154594421387
-0.61401295661926269531 0.15362146496772766113 1.1368654966354370117 0.78781688213348388672 0.88954555988311767578 0.46112003922462463379 0.11852546036243438721 0.11580392718315124512 0.096135228872299194336 0.72480714321136474609 0.71332508325576782227 0.19600322842597961426 -0.22057329118251800537 -0.45328897237777709961 -0.29805925488471984863 -0.74731773138046264648 -0.9025351405143737793 -0.92918288707733154297 0.82583940029144287109 0.34753009676933288574 0.33640056848526000977 0.52050536870956420898 -0.15398113429546356201 -0.39300996065139770508 -0.56588733196258544922 0.11957184970378875732 0.94770717620849609375 2.5459344387054443359 3.2969312667846679688 0.41314095258712768555 -0.64142656326293945313 -0.65420871973037719727 -0.35245606303215026855 -0.30549260973930358887 -0.35894727706909179688 -0.51127278804779052734 0.36754724383354187012 1.8144927024841308594 0.34320721030235290527 -0.58916640281677246094 -0.49546936154365539551 -0.070607811212539672852
-0.23642949759960174561 0.84187650680541992188 1.2421950101852416992 0.85117101669311523438 0.50812292098999023438 -0.19228957593441009521 -0.20219592750072479248 0.17937684059143066406 0.3641713559627532959 0.81962770223617553711 0.64036232233047485352 0.038796566426753997803 -0.38839244842529296875 -0.8582693934440612793 -0.75175744295120239258 -0.95050907135009765625 -1.0507186651229858398 -0.51026099920272827148 1.2018902301788330078 -0.52508616447448730469 0.20839898288249969482 0.89174747467041015625 0.052142877131700515747 -0.36955976486206054688 -0.44405904412269592285 0.22298076748847961426 1.3086304664611816406 3.122646331787109375 3.3927950859069824219 0.29890227317810058594 -0.60225600004196166992 -0.79284840822219848633 -0.34946113824844360352 -0.18973611295223236084 -0.30455869436264038086 -0.5847320556640625 0.024708768352866172791 1.4753017425537109375 0.30560439825057983398 -0.75419199466705322266 -0.62783122062683105469 -0.05697812885046005249
1.0062295198440551758 1.040171504020690918 0.76702392101287841797 0.52976191043853759766 0.19641317427158355713 -0.41292542219161987305 -0.028423842042684555054 0.3022212982177734375 0.62701243162155151367 0.75404345989227294922 0.44990545511245727539 -0.20900973677635192871 -0.5702489018440246582 -1.0969152450561523438 -0.83320784568786621094 -1.0310716629028320313 -1.0296528339385986328 -0.20103219151496887207 0.82498979568481445313 -0.94567865133285522461 -1.1926043033599853516 -0.3873189091682434082 -0.56826734542846679688 -0.49847683310508728027 -0.20557542145252227783 1.4022852182388305664 2.8204448223114013672 2.2821044921875 1.0786142349243164063 -0.064431466162204742432 -0.34942346811294555664 -0.75596070289611816406 -0.27125236392021179199 0.08496214449405670166 -0.26732456684112548828 -0.56124109029769897461 0.10846742987632751465 1.4449487924575805664 0.22641713917255401611 -0.74197024106979370117 -0.81175637245178222656 -0.1404749453067779541
1.1545977592468261719 0.41608181595802307129 0.13338601589202880859 -0.10745428502559661865 0.054088585078716278076 -0.095149755477905273438 0.42516109347343444824 0.56949031352996826172 0.83895307779312133789 0.73010158538818359375 0.43846231698989868164 -0.11839831620454788208 -0.47394463419914245605 -0.96989774703979492188 -1.0176867246627807617 -1.0097001791000366211 -1.0663933753967285156 -0.18441757559776306152 0.27614822983741760254 -0.9754225611686706543 -1.2765402793884277344 -1.1899663209915161133 -0.83988100290298461914 -0.52079147100448608398 -0.16626362502574920654 2.1245186328887939453 2.4907259941101074219 0.43230798840522766113 -0.13635036349296569824 -0.25811308622360229492 -0.53020024299621582031 -0.88400530815124511719 -0.35763341188430786133 -0.04517475515604019165 -0.31528058648109436035 -0.54487758874893188477 -0.19095161557197570801 1.2963515520095825195 -0.096897147595882415771 -0.80897080898284912109 -0.82393974065780639648 -0.12879967689514160156
0.38257640600204467773 -0.12565281987190246582 0.039681028574705123901 0.090904824435710906982 0.42780625820159912109 0.63548296689987182617 0.72446072101593017578 0.7244586944580078125 0.74491143226623535156 0.66913646459579467773 0.36167117953300476074 -0.12467612326145172119 -0.48162010312080383301 -0.88823187351226806641 -0.99844586849212646484 -1.1158288717269897461 -1.100973963737487793 -0.089780993759632110596 0.066525325179100036621 -1.0422601699829101563 -0.95535361766815185547 -0.81417995691299438477 -0.59810143709182739258 -0.40232548117637634277 -0.16313163936138153076 2.1006669998168945313 0.94726186990737915039 -0.40090093016624450684 -0.42435675859451293945 -0.41068786382675170898 -0.49739685654640197754 -0.62243199348449707031 -0.12939922511577606201 0.069254033267498016357 -0.13222272694110870361 -0.27556270360946655273 -0.13037540018558502197 2.1368083953857421875 0.35191702842712402344 -0.63332915306091308594 -0.64623373746871948242 0.31871190667152404785
-0.1053835451602935791 -0.13580155372619628906 0.19068725407123565674 0.27414000034332275391 0.61088615655899047852 0.57374197244644165039 0.60491275787353515625 0.7432772517204284668 0.94600999355316162109 0.63977098464965820313 0.15940375626087188721 -0.19080916047096252441 -0.75751411914825439453 -0.97282683849334716797 -1.118609309196472168 -1.0318195819854736328 -1.0192255973815917969 0.46415361762046813965 0.28308349847793579102 -0.62819147109985351563 -0.60308074951171875 -0.55398505926132202148 -0.39901593327522277832 0.051348093897104263306 2.0440742969512939453 2.3282091617584228516 -0.13449279963970184326 -0.46541544795036315918 -0.43041858077049255371 -0.52638649940490722656 -0.47160664200782775879 -0.4419021904468536377 -0.072750806808471679688 -0.048730526119470596313 -0.2971273958683013916 -0.2931906580924987793 0.57011651992797851563 2.3122620582580566406 0.24875715374946594238 -0.89885562658309936523 -0.41754883527755737305 0.52287942171096801758
0.10706593096256256104 0.21199165284633636475 0.50141108036041259766 0.58955055475234985352 0.75026583671569824219 0.4751294255256652832 0.44181719422340393066 0.21258708834648132324 0.27316996455192565918 -0.18004037439823150635 -0.30701914429664611816 -0.39817401766777038574 -1.1596131324768066406 -1.1692017316818237305 -1.3443062305450439453 -1.2367309331893920898 -1.2409923076629638672 0.63154488801956176758 -0.33748200535774230957 -0.23236846923828125 -0.42981159687042236328 -0.40186199545860290527 -0.33965060114860534668 1.4704387187957763672 3.3897960186004638672 1.0768294334411621094 -0.3722425997257232666 -0.38386893272399902344 -0.2566547095775604248 -0.36758384108543395996 -0.25792142748832702637 -0.26506116986274719238 0.098535969853401184082 -0.054900728166103363037 -0.39306300878524780273 -0.30162066221237182617 0.79768276214599609375 1.5819041728973388672 -0.16925725340843200684 -0.5386098027229309082 0.088235564529895782471 0.76398569345474243164
0.27196830511093139648 0.43484556674957275391 0.72051447629928588867 0.63743329048156738281 0.60368806123733520508 0.43474614620208740234 0.43502900004386901855 0.12554271519184112549 0.11840606480836868286 -0.064569815993309020996 -0.46225985884666442871 -0.40664809942245483398 -0.69426864385604858398 -0.81099134683609008789 -1.2298989295959472656 -1.6204118728637695313 -1.2954288721084594727 0.9267132878303527832 -0.14401584863662719727 0.30889880657196044922 0.21800504624843597412 0.51919710636138916016 0.9798126220703125 2.4144873619079589844 2.9954943656921386719 0.82769644260406494141 -0.41119107604026794434 -0.1984023749828338623 -0.1437632143497467041 -0.20705480873584747314 -0.29244071245193481445 -0.40947929024696350098 -0.13183891773223876953 -0.26753878593444824219 -0.40917518734931945801 -0.26653698086738586426 0.99865782260894775391 0.98613554239273071289 -0.33253574371337890625 -0.025531159713864326477 0.3492749333381652832 0.80779409408569335938
0.53900516033172607422 0.58737832307815551758 0.8640950322151184082 0.71209627389907836914 0.60054427385330200195 0.4327983856201171875 0.1568943709135055542 -0.118775978684425354 -0.23970292508602142334 -0.59287053346633911133 -0.96423333883285522461 -0.62291264533996582031 -0.17060905694961547852 -0.79204207658767700195 -1.3415744304656982422 -1.8647418022155761719 -1.103183746337890625 0.46974170207977294922 -0.12621137499809265137 0.81154096126556396484 1.0500466823577880859 1.5128676891326904297 1.704098820686340332 1.7761284112930297852 2.6491272449493408203 1.338675379753112793 -0.51819598674774169922 -0.22512933611869812012 -0.073073126375675201416 -0.23290908336639404297 -0.30839657783508300781 -0.31102892756462097168 -0.14242577552795410156 -0.24579061567783355713 -0.34678855538368225098 -0.0050620343536138534546 1.4383205175399780273 0.45211964845657348633 -0.65421152114868164063 0.13835661113262176514 0.43484044075012207031 0.89124065637588500977
0.66688787937164306641 0.3921973109245300293 0.27071490883827209473 0.29325065016746520996 0.60324937105178833008 0.20848403871059417725 -0.0092726936563849449158 -0.34813085198402404785 -0.71667653322219848633 -0.97834825515747070313 -0.84660565853118896484 -0.63654488325119018555 0.71549826860427856445 -0.23013631999492645264 -1.2754818201065063477 -1.2989548444747924805 0.60176384449005126953 0.69799256324768066406 0.45832523703575134277 1.2554558515548706055 1.4712299108505249023 1.7077729701995849609 1.6476103067398071289 1.587748408317565918 1.9593185186386108398 2.6123392581939697266 0.27874422073364257813 -0.13687151670455932617 -0.12487904727458953857 -0.26912474632263183594 -0.19270309805870056152 -0.16043674945831298828 -0.082727357745170593262 -0.17488889396190643311 -0.25621554255485534668 0.60152095556259155273 1.6719748973846435547 -0.17365854978561401367 -0.80268096923828125 -0.11681489646434783936 0.29032978415489196777 0.77734684944152832031
0.55988478660583496094 -0.014330404810607433319 0.060854747891426086426 0.00044303000322543084621 0.46008849143981933594 0.170523032546043396 -0.53849625587463378906 -0.98604142665863037109 -1.0815398693084716797 -1.0905061960220336914 -0.76992654800415039063 -0.73247867822647094727 0.25235188007354736328 0.16528750956058502197 -0.37735360860824584961 0.78759503364562988281 1.6193029880523681641 0.36590337753295898438 0.1648406684398651123 0.86549913883209228516 1.2868878841400146484 1.4840391874313354492 1.37264251708984375 1.298733830451965332 1.113128662109375 2.65172576904296875 1.9498871564865112305 -0.057455204427242279053 -0.1254924386739730835 -0.38359659910202026367 -0.31631109118461608887 -0.33074709773063659668 -0.27037817239761352539 -0.37016776204109191895 -0.46419301629066467285 0.89965635538101196289 0.44325715303421020508 -0.81335800886154174805 -0.63602453470230102539 0.17884185910224914551 0.48377263545989990234 0.86774611473083496094
0.54202443361282348633 -0.083645641803741455078 0.087739013135433197021 -0.032792329788208007813 0.27422761917114257813 0.14697265625 -0.33779740333557128906 -0.5333124995231628418 -0.5456116795539855957 -0.84580117464065551758 -0.25797063112258911133 -0.3137855827808380127 0.15021173655986785889 1.5750708580017089844 1.7102807760238647461 1.4052573442459106445 0.21898634731769561768 0.29878801107406616211 0.32108804583549499512 0.54338800907135009766 0.99960225820541381836 1.4527449607849121094 1.4173465967178344727 1.3615714311599731445 1.5683343410491943359 2.8327450752258300781 1.7428079843521118164 0.14783814549446105957 -0.052883792668581008911 -0.3287232518196105957 -0.32618439197540283203 -0.39091977477073669434 -0.36786592006683349609 -0.32584848999977111816 0.19150254130363464355 1.3913836479187011719 -0.46775621175765991211 -0.72045803070068359375 0.48658382892608642578 1.0107245445251464844 0.6633141636848449707 0.92269021272659301758
0.66231495141983032227 0.056498043239116668701 0.049208175390958786011 -0.058917686343193054199 0.17291711270809173584 -0.014384210109710693359 -0.31254598498344421387 -0.10556495189666748047 0.15772758424282073975 -0.21268592774868011475 -0.20778758823871612549 0.26096022129058837891 1.987206578254699707 1.8669340610504150391 0.13658666610717773438 -1.1260354518890380859 -1.3304784297943115234 -0.056223314255475997925 0.32310244441032409668 0.34591490030288696289 0.41471618413925170898 0.7947127223014831543 1.085506439208984375 1.4203073978424072266 2.4310672283172607422 2.3819627761840820313 1.0559442043304443359 0.14620451629161834717 -0.12951758503913879395 -0.30788540840148925781 -0.40738654136657714844 -0.46278664469718933105 0.19774448871612548828 0.2276951521635055542 1.5650384426116943359 1.0987963676452636719 -0.56642180681228637695 -0.2564722895622253418 0.62430012226104736328 0.90185827016830444336 0.6479924321174621582 0.74525320529937744141
0.30219465494155883789 0.073950991034507751465 0.16833084821701049805 0.042511705309152603149 0.15911372005939483643 -0.43412348628044128418 -0.50767934322357177734 -0.058977130800485610962 0.36998027563095092773 0.54169702529907226563 0.51999396085739135742 1.2215399742126464844 2.544124603271484375 0.12638822197914123535 -1.0252022743225097656 -1.5753792524337768555 -1.4099751710891723633 0.22749683260917663574 0.43669852614402770996 0.59055435657501220703 0.52760511636734008789 0.47610509395599365234 -0.19655609130859375 0.52768808603286743164 2.6970124244689941406 1.3870346546173095703 1.1568549871444702148 0.69855928421020507813 0.22195078432559967041 -0.11732066422700881958 -0.38899248838424682617 -0.25193059444427490234 0.1404012143611907959 0.54252457618713378906 0.96405118703842163086 0.28372350335121154785 0.16667978465557098389 0.22775150835514068604 0.12773796916007995605 0.24528235197067260742 0.34115695953369140625 0.46370217204093933105
0.13028834760189056396 -0.25095593929290771484 0.050103396177291870117 -0.034771345555782318115 -0.22218233346939086914 -0.53161507844924926758 -0.30883932113647460938 -0.52595525979995727539 -0.51439654827117919922 -0.54026901721954345703 0.37793272733688354492 1.7295811176300048828 1.8293803930282592773 -0.4038448631763458252 -1.3921084403991699219 -1.470049738883972168 -0.31626394391059875488 0.74308973550796508789 0.36889597773551940918 1.0591863393783569336 0.95577490329742431641 0.40529406070709228516 -0.060288444161415100098 1.3274649381637573242 1.8843941688537597656 0.45692679286003112793 0.5369498133659362793 0.35286912322044372559 0.20542174577713012695 -0.2324161231517791748 -0.53235757350921630859 -0.6733811497688293457 -0.047118924558162689209 1.4851286411285400391 -0.015793399885296821594 0.082354374229907989502 0.23571471869945526123 0.021818134933710098267 -0.022495508193969726563 0.14635567367076873779 0.51708638668060302734 1.5947103500366210938
0.13037854433059692383 -0.14574120938777923584 0.06225317344069480896 -0.015599188394844532013 -0.20324896275997161865 -0.26434272527694702148 -0.90752953290939331055 -1.8419357538223266602 -1.2551229000091552734 -1.0870542526245117188 -0.25464135408401489258 1.4414315223693847656 0.72013783454895019531 -0.69150972366333007813 -1.6104960441589355469 -1.8946332931518554688 -0.66217625141143798828 1.3494138717651367188 1.5155897140502929688 2.7267346382141113281 4.0520215034484863281 2.9483962059020996094 1.0281453132629394531 0.34498637914657592773 0.24632771313190460205 -0.056653760373592376709 -0.085216760635375976563 -0.63756257295608520508 -0.8256728053092956543 -0.74742895364761352539 -0.6696186065673828125 -0.69978475570678710938 0.19064728915691375732 1.5759599208831787109 -0.36496144533157348633 -0.35428005456924438477 0.047767214477062225342 0.01140191592276096344 -0.0039039365947246551514 0.076200567185878753662 0.48479440808296203613 1.5621974468231201172
