Phytophthora/models/20240529_1714_25/Phytophthora_PA3_RUN6_MAXENT_outputs/projMaxent.asc
ncols         225
nrows         269
xllcorner     473009.9838
yllcorner     4429051.1748
cellsize      50.0
NODATA_value  -9999
[rows 130 to 155 of 269, columns 58 to 115 of 225]
2.78678E-1 2.83998E-1 3.03048E-1 2.87654E-1 4.01973E-1 6.11641E-1 3.11767E-1 3.01386E-1 3.5561E-1 4.15208E-1 3.35204E-1 4.38628E-1 6.25416E-1 5.35498E-1 6.62436E-1 6.19308E-1 6.04071E-1 3.47541E-1 1.78087E-1 1.77239E-1 2.03155E-1 2.54029E-1 3.44756E-1 2.20789E-1 9.10478E-2 8.48749E-2 1.00591E-1 1.1506E-1 2.39651E-1 2.28944E-1 2.28148E-1 1.63191E-1 1.43044E-1 1.68348E-1 1.79996E-1 2.10756E-1 2.68369E-1 2.9154E-1 1.59386E-1 1.49381E-1 2.00673E-1 2.98946E-1 2.13098E-1 1.42611E-1 2.72738E-1 3.51059E-1 2.31905E-1 2.95157E-1 4.65193E-1 3.08191E-1 2.47419E-1 1.83973E-1 2.71984E-1 3.40851E-1 3.5736E-1 6.24744E-1 4.91051E-1 4.8228E-1
3.61522E-1 4.01107E-1 3.32127E-1 3.04573E-1 4.22866E-1 6.34656E-1 4.06847E-1 3.90141E-1 2.94051E-1 3.42098E-1 2.83859E-1 3.82992E-1 4.64474E-1 3.1429E-1 4.39723E-1 6.01143E-1 4.3387E-1 3.11329E-1 2.59132E-1 2.22065E-1 1.84986E-1 3.09484E-1 3.41853E-1 3.70573E-1 1.64853E-1 1.59284E-1 2.30626E-1 2.51525E-1 2.61342E-1 2.49479E-1 2.288E-1 1.42405E-1 8.17713E-2 9.13703E-2 1.08352E-1 1.12269E-1 1.24109E-1 1.9275E-1 2.37819E-1 2.61775E-1 2.93469E-1 2.23785E-1 2.30914E-1 1.82933E-1 3.43995E-1 3.87594E-1 2.45441E-1 4.09699E-1 5.54939E-1 6.23758E-1 5.17419E-1 4.17153E-1 2.77842E-1 4.99739E-1 6.27793E-1 5.23411E-1 5.36344E-1 5.4084E-1
4.5716E-1 5.24893E-1 4.08726E-1 3.45626E-1 1.97925E-1 5.47391E-1 5.8428E-1 3.51908E-1 2.56206E-1 2.92725E-1 3.68451E-1 4.20265E-1 4.9393E-1 5.65434E-1 5.84794E-1 6.43037E-1 2.65386E-1 3.11636E-1 2.47692E-1 1.68969E-1 1.74646E-1 2.5024E-1 2.32207E-1 2.52143E-1 2.23788E-1 2.8308E-1 3.5871E-1 3.84193E-1 3.62136E-1 3.03121E-1 1.93322E-1 6.42288E-2 6.55411E-2 7.74731E-2 8.29119E-2 8.9183E-2 1.12152E-1 1.34351E-1 2.20496E-1 3.47439E-1 3.39292E-1 3.51232E-1 4.32581E-1 3.0855E-1 3.5585E-1 3.80958E-1 3.52357E-1 3.38068E-1 4.77567E-1 6.08793E-1 7.06687E-1 6.31353E-1 4.2435E-1 6.60073E-1 5.84551E-1 5.38014E-1 5.52224E-1 5.63248E-1
3.81982E-1 5.14003E-1 4.61909E-1 4.56834E-1 4.26008E-1 4.79312E-1 5.79465E-1 3.81425E-1 3.48882E-1 3.93168E-1 5.69239E-1 6.00129E-1 6.04536E-1 5.17266E-1 4.78907E-1 3.29442E-1 1.05444E-1 1.81754E-1 2.60965E-1 1.9756E-1 2.10909E-1 2.49755E-1 1.96595E-1 1.85366E-1 2.08718E-1 2.2583E-1 3.05208E-1 3.04383E-1 3.14262E-1 2.45936E-1 2.04328E-1 8.97569E-2 7.53274E-2 7.18077E-2 7.97595E-2 1.2116E-1 2.98132E-1 3.19077E-1 3.66658E-1 4.76246E-1 3.94344E-1 4.35454E-1 4.83258E-1 5.13474E-1 3.67052E-1 5.03177E-1 5.58683E-1 4.99845E-1 5.24325E-1 5.74834E-1 6.18558E-1 6.62925E-1 5.81145E-1 6.16635E-1 6.79586E-1 5.66011E-1 5.74241E-1 3.53342E-1
5.29527E-1 4.93785E-1 4.75515E-1 4.24596E-1 5.40804E-1 5.07377E-1 5.62823E-1 3.9078E-1 5.0056E-1 5.90317E-1 6.12363E-1 5.19376E-1 5.60694E-1 4.12078E-1 2.13241E-1 1.80729E-1 1.61731E-1 1.56335E-1 1.72827E-1 1.67553E-1 2.03266E-1 2.18267E-1 1.79738E-1 2.24423E-1 1.64988E-1 1.81755E-1 2.38797E-1 2.47472E-1 3.20937E-1 2.89889E-1 1.29799E-1 8.0078E-2 6.14923E-2 7.22031E-2 7.98117E-2 1.50903E-1 2.96696E-1 3.13896E-1 2.81404E-1 2.46083E-1 2.50939E-1 5.49874E-1 4.81786E-1 5.17196E-1 5.15496E-1 4.931E-1 5.3917E-1 5.33329E-1 5.5528E-1 5.92998E-1 6.39341E-1 6.35765E-1 6.05418E-1 5.9913E-1 7.5919E-1 6.23291E-1 4.27104E-1 2.87061E-1
5.0859E-1 3.63503E-1 4.7688E-1 5.23389E-1 5.95112E-1 5.76966E-1 5.45026E-1 5.9775E-1 7.57558E-1 6.7049E-1 5.35881E-1 5.25695E-1 4.31102E-1 2.38324E-1 1.42621E-1 8.83882E-2 1.30483E-1 1.434E-1 1.57199E-1 1.55418E-1 1.58344E-1 1.63502E-1 1.75352E-1 2.25113E-1 1.95484E-1 1.94722E-1 2.12019E-1 2.91031E-1 3.44332E-1 2.29879E-1 9.67436E-2 7.80745E-2 5.96389E-2 6.17473E-2 7.89619E-2 1.07154E-1 1.68693E-1 1.74111E-1 2.0689E-1 3.13643E-1 3.10641E-1 3.17919E-1 4.47765E-1 4.14384E-1 5.91345E-1 5.17919E-1 5.1206E-1 5.72187E-1 5.8482E-1 6.08454E-1 6.47118E-1 6.64739E-1 6.24672E-1 6.13524E-1 7.44803E-1 5.76874E-1 3.33034E-1 2.96744E-1
3.97257E-1 5.26328E-1 5.36969E-1 6.58369E-1 7.19364E-1 7.0985E-1 7.81798E-1 5.6364E-1 7.23539E-1 7.48135E-1 7.30545E-1 4.89474E-1 2.23319E-1 2.04191E-1 9.83735E-2 1.21983E-1 1.13903E-1 1.4128E-1 1.31199E-1 1.61556E-1 1.72451E-1 2.11018E-1 2.16372E-1 1.74256E-1 1.9512E-1 1.75981E-1 1.37424E-1 1.11901E-1 1.64681E-1 1.25633E-1 9.21082E-2 9.84641E-2 7.06078E-2 7.16898E-2 8.6076E-2 1.31309E-1 1.21387E-1 1.26701E-1 1.54499E-1 2.7127E-1 2.66368E-1 3.12558E-1 4.16997E-1 4.58836E-1 6.46748E-1 6.50364E-1 5.62678E-1 5.30612E-1 6.02701E-1 6.40478E-1 6.46288E-1 7.00399E-1 6.56469E-1 6.26949E-1 5.0839E-1 4.85493E-1 3.27305E-1 3.09492E-1
3.94054E-1 6.23485E-1 7.93645E-1 8.70312E-1 4.67945E-1 6.85606E-1 7.41709E-1 5.5969E-1 5.52456E-1 3.42344E-1 4.44347E-1 4.12637E-1 1.48234E-1 1.87239E-1 1.50206E-1 1.20044E-1 1.14046E-1 1.10395E-1 1.10346E-1 1.46167E-1 1.61266E-1 2.15591E-1 1.94955E-1 1.41476E-1 1.77336E-1 1.88423E-1 1.30978E-1 1.03537E-1 1.07151E-1 1.056E-1 1.04305E-1 1.24925E-1 8.99168E-2 7.94046E-2 1.03828E-1 1.41082E-1 1.29521E-1 1.15037E-1 1.6844E-1 2.32224E-1 2.41064E-1 3.47526E-1 4.50312E-1 4.12074E-1 5.91068E-1 6.18575E-1 6.16907E-1 6.27795E-1 6.31213E-1 6.67123E-1 5.29056E-1 7.10864E-1 6.92258E-1 5.98118E-1 3.78283E-1 4.15612E-1 3.70319E-1 2.71508E-1
5.14856E-1 6.55037E-1 9.34687E-1 8.01049E-1 4.97178E-1 5.50728E-1 6.47963E-1 5.17783E-1 3.8966E-1 2.85682E-1 1.65283E-1 3.71868E-1 3.48461E-1 2.50232E-1 1.41231E-1 1.07071E-1 1.20768E-1 1.14039E-1 1.21545E-1 1.68888E-1 1.51799E-1 2.01245E-1 1.9242E-1 1.1569E-1 1.23234E-1 1.44548E-1 7.85372E-2 7.08256E-2 9.20564E-2 8.58283E-2 9.14272E-2 1.08656E-1 9.23326E-2 9.12125E-2 1.16257E-1 1.30575E-1 1.31837E-1 1.38552E-1 1.9448E-1 1.98004E-1 2.50673E-1 4.67858E-1 6.77422E-1 3.97403E-1 4.5234E-1 4.59934E-1 5.80341E-1 6.32171E-1 6.48667E-1 5.02349E-1 4.29446E-1 4.37548E-1 6.56161E-1 4.7812E-1 3.5405E-1 5.90587E-1 5.67203E-1 4.41178E-1
5.34304E-1 6.6333E-1 9.44876E-1 7.44063E-1 5.23936E-1 4.83029E-1 4.81069E-1 3.87534E-1 3.36106E-1 2.58002E-1 1.92402E-1 2.77617E-1 2.33201E-1 2.05608E-1 1.28854E-1 7.80309E-2 1.05461E-1 1.37849E-1 1.46221E-1 2.02025E-1 1.71409E-1 1.69902E-1 1.49172E-1 1.50724E-1 1.3691E-1 1.09581E-1 6.6344E-2 8.88806E-2 1.1083E-1 9.31458E-2 7.49722E-2 9.46251E-2 1.037E-1 1.07371E-1 1.11301E-1 1.25127E-1 1.40506E-1 1.49716E-1 2.15273E-1 2.70852E-1 5.02667E-1 6.26413E-1 4.20839E-1 3.73401E-1 4.0966E-1 4.43424E-1 5.36467E-1 6.28381E-1 5.61542E-1 5.06311E-1 3.97643E-1 3.13469E-1 4.90812E-1 3.90632E-1 5.80569E-1 6.92111E-1 5.12747E-1 5.69847E-1
6.77786E-1 9.01094E-1 9.49193E-1 7.72877E-1 5.97617E-1 5.57706E-1 5.21259E-1 3.33279E-1 2.49482E-1 2.47738E-1 2.33869E-1 2.12974E-1 1.40093E-1 1.35866E-1 1.06742E-1 7.398E-2 9.25067E-2 1.95542E-1 2.39373E-1 2.43906E-1 2.16102E-1 2.85629E-1 1.90351E-1 2.01341E-1 1.85619E-1 1.0155E-1 8.07194E-2 1.12804E-1 1.03838E-1 1.06199E-1 8.92296E-2 9.19623E-2 1.05812E-1 1.21939E-1 1.07337E-1 1.26844E-1 1.64434E-1 2.22443E-1 5.04772E-1 5.89337E-1 6.18954E-1 6.78649E-1 5.6587E-1 5.12444E-1 2.83586E-1 4.12518E-1 4.51799E-1 4.51776E-1 4.5583E-1 3.9282E-1 3.57273E-1 2.98971E-1 4.27906E-1 4.07515E-1 5.4706E-1 5.75214E-1 7.55995E-1 7.07422E-1
5.60447E-1 7.8836E-1 9.01864E-1 8.92587E-1 6.61603E-1 5.40195E-1 3.76862E-1 2.57741E-1 1.89635E-1 1.92004E-1 2.0794E-1 2.58714E-1 1.83615E-1 1.35005E-1 1.32795E-1 1.08441E-1 9.57457E-2 1.47738E-1 2.05309E-1 2.53283E-1 4.00807E-1 4.52751E-1 3.2955E-1 2.12717E-1 1.29242E-1 9.21033E-2 1.18982E-1 1.53893E-1 1.28613E-1 1.51265E-1 1.70017E-1 1.09842E-1 1.12127E-1 1.3443E-1 1.4436E-1 2.1976E-1 1.96671E-1 2.04063E-1 4.61996E-1 6.82764E-1 6.51364E-1 6.27007E-1 5.40605E-1 3.05428E-1 2.51581E-1 3.80174E-1 5.01475E-1 3.80897E-1 4.48717E-1 4.06122E-1 3.45257E-1 2.94338E-1 3.4577E-1 4.51346E-1 5.00826E-1 4.41386E-1 5.75837E-1 7.3033E-1
3.44036E-1 4.0501E-1 6.58121E-1 8.04117E-1 7.41067E-1 5.10836E-1 4.13487E-1 3.24388E-1 1.89164E-1 1.2913E-1 1.46646E-1 2.33398E-1 1.74768E-1 1.75943E-1 1.70328E-1 1.37287E-1 1.27204E-1 1.13611E-1 1.22295E-1 2.75045E-1 4.11224E-1 6.01139E-1 3.60447E-1 1.99568E-1 1.25396E-1 1.36679E-1 2.10128E-1 2.12456E-1 1.39979E-1 1.83084E-1 1.69702E-1 1.1161E-1 1.21659E-1 2.38502E-1 2.8542E-1 2.73462E-1 2.5168E-1 1.99424E-1 2.98064E-1 6.13605E-1 7.21452E-1 6.35053E-1 4.80836E-1 2.39735E-1 2.76279E-1 4.5595E-1 5.10136E-1 4.22627E-1 3.89999E-1 3.5221E-1 3.91493E-1 3.22595E-1 3.17675E-1 3.41501E-1 5.40008E-1 5.54525E-1 6.54036E-1 6.36057E-1
3.26566E-1 4.26077E-1 7.47073E-1 7.30229E-1 5.37494E-1 5.48862E-1 4.63933E-1 3.77193E-1 1.77951E-1 1.20657E-1 1.50833E-1 1.81842E-1 1.71202E-1 2.18195E-1 2.11239E-1 1.64342E-1 1.62472E-1 1.37437E-1 1.86909E-1 5.65485E-1 6.79676E-1 6.3002E-1 3.85929E-1 1.88538E-1 1.93066E-1 2.22292E-1 2.21285E-1 1.94577E-1 1.18427E-1 1.43881E-1 1.38569E-1 1.38298E-1 2.15667E-1 2.47548E-1 2.20161E-1 2.01171E-1 3.14463E-1 3.40982E-1 3.42416E-1 5.61071E-1 7.95506E-1 6.85804E-1 5.90144E-1 3.57997E-1 3.61568E-1 4.80088E-1 4.09854E-1 3.9686E-1 2.54904E-1 3.86889E-1 3.73598E-1 3.1603E-1 4.24163E-1 3.75813E-1 5.46898E-1 4.72873E-1 6.04299E-1 5.99054E-1
3.86173E-1 4.51091E-1 6.14782E-1 3.48724E-1 3.31994E-1 4.8397E-1 5.2438E-1 4.49408E-1 2.34244E-1 1.73883E-1 1.87911E-1 2.42326E-1 2.60404E-1 2.13321E-1 2.10036E-1 2.26954E-1 2.07567E-1 1.61736E-1 3.32145E-1 5.00977E-1 5.37711E-1 6.43605E-1 4.12044E-1 1.89818E-1 2.19971E-1 2.71599E-1 2.27984E-1 1.96572E-1 1.4185E-1 1.36848E-1 1.57253E-1 1.76256E-1 2.46367E-1 2.35426E-1 2.22761E-1 1.74344E-1 2.2393E-1 2.8465E-1 3.79432E-1 6.80643E-1 6.83892E-1 6.59136E-1 6.7501E-1 4.48649E-1 4.27274E-1 3.89129E-1 3.80654E-1 4.30839E-1 2.81482E-1 4.84404E-1 4.93877E-1 4.42072E-1 5.343E-1 6.49329E-1 5.02202E-1 5.60512E-1 5.44934E-1 4.89082E-1
4.89695E-1 4.99879E-1 5.65109E-1 3.52831E-1 2.84276E-1 3.47287E-1 4.97811E-1 4.3973E-1 2.95746E-1 2.62E-1 2.77877E-1 2.75655E-1 3.31167E-1 2.55848E-1 2.22719E-1 2.25493E-1 2.14841E-1 2.09149E-1 3.65044E-1 5.84944E-1 6.39839E-1 6.93165E-1 4.48119E-1 2.06614E-1 1.9847E-1 2.90066E-1 2.8208E-1 2.80196E-1 2.10155E-1 1.5548E-1 1.89276E-1 2.35958E-1 2.11323E-1 1.82393E-1 1.98098E-1 2.03944E-1 2.29907E-1 3.57307E-1 4.75623E-1 4.84191E-1 4.51885E-1 7.04879E-1 6.51217E-1 5.42119E-1 3.86417E-1 3.33917E-1 4.03596E-1 3.22267E-1 4.37683E-1 2.7285E-1 5.19458E-1 4.68529E-1 6.47762E-1 7.06512E-1 6.51103E-1 6.35483E-1 5.76004E-1 4.89345E-1
5.35306E-1 4.2961E-1 3.55216E-1 3.89169E-1 2.869E-1 3.72372E-1 3.50572E-1 3.2446E-1 3.71631E-1 3.85797E-1 2.95972E-1 2.35965E-1 3.31427E-1 2.65164E-1 2.33793E-1 2.49289E-1 2.43368E-1 2.91355E-1 4.06257E-1 3.59308E-1 5.97014E-1 5.40834E-1 5.2343E-1 2.74884E-1 2.59871E-1 3.88267E-1 3.79155E-1 2.64224E-1 2.20118E-1 2.04265E-1 3.46791E-1 5.005E-1 3.9149E-1 1.90781E-1 1.87985E-1 2.66696E-1 4.20845E-1 5.5423E-1 5.6552E-1 4.66984E-1 4.61073E-1 3.82583E-1 4.50512E-1 3.71619E-1 3.86319E-1 2.1203E-1 2.71811E-1 2.64683E-1 3.47142E-1 3.70298E-1 3.85155E-1 4.3374E-1 6.48904E-1 6.58465E-1 6.61941E-1 6.68243E-1 6.67991E-1 5.73016E-1
4.79627E-1 3.31156E-1 3.82605E-1 3.37044E-1 2.53195E-1 3.62186E-1 3.68093E-1 3.40454E-1 3.50714E-1 3.85425E-1 3.80311E-1 2.19248E-1 1.44438E-1 2.29595E-1 2.86846E-1 2.91066E-1 3.79987E-1 5.1964E-1 4.39777E-1 3.72609E-1 5.23227E-1 6.43907E-1 5.34242E-1 4.07314E-1 3.35606E-1 5.66294E-1 5.52749E-1 3.12759E-1 2.46304E-1 2.91252E-1 5.24609E-1 5.33586E-1 3.77399E-1 3.08447E-1 3.01066E-1 3.49264E-1 5.67945E-1 5.82428E-1 5.91013E-1 3.79654E-1 2.87126E-1 2.69863E-1 2.93615E-1 4.12191E-1 2.96606E-1 3.47003E-1 3.00479E-1 2.27876E-1 2.24849E-1 3.36193E-1 3.6155E-1 4.9357E-1 6.25065E-1 6.44376E-1 6.17176E-1 6.45814E-1 6.08741E-1 5.54135E-1
4.02329E-1 3.26656E-1 4.03193E-1 2.50387E-1 2.59542E-1 3.05112E-1 3.50571E-1 4.34612E-1 3.65208E-1 3.21693E-1 3.48093E-1 3.31876E-1 2.42301E-1 2.71996E-1 3.07944E-1 3.29529E-1 5.0344E-1 5.44849E-1 5.09219E-1 3.34819E-1 3.83482E-1 6.56183E-1 5.38346E-1 3.79833E-1 3.8459E-1 6.07324E-1 6.37535E-1 4.52011E-1 3.8492E-1 4.43037E-1 5.80884E-1 5.91731E-1 3.67202E-1 2.90654E-1 2.90688E-1 3.16449E-1 5.37927E-1 5.98914E-1 3.82913E-1 2.4957E-1 2.18877E-1 1.98336E-1 3.37621E-1 3.61864E-1 4.36193E-1 3.51658E-1 2.30824E-1 2.10504E-1 2.79794E-1 3.19678E-1 3.54342E-1 6.05181E-1 6.36058E-1 6.63007E-1 6.58209E-1 5.76507E-1 5.70675E-1 5.34327E-1
3.78077E-1 3.94716E-1 3.72257E-1 2.88993E-1 2.70593E-1 3.33413E-1 4.07964E-1 5.28647E-1 4.86369E-1 2.9358E-1 4.14735E-1 4.53656E-1 2.46574E-1 2.81901E-1 2.58611E-1 3.22864E-1 3.37562E-1 4.17705E-1 5.45862E-1 4.51279E-1 4.0137E-1 6.40995E-1 6.28371E-1 4.7927E-1 4.13623E-1 6.00867E-1 6.64935E-1 4.35394E-1 5.63886E-1 4.48491E-1 5.27869E-1 4.97341E-1 3.05346E-1 2.98216E-1 2.76523E-1 2.7031E-1 4.15743E-1 6.12873E-1 4.59336E-1 2.2067E-1 1.90444E-1 2.74667E-1 4.89709E-1 2.33264E-1 3.49235E-1 2.5195E-1 1.92733E-1 2.2895E-1 2.81097E-1 3.15586E-1 2.75325E-1 4.42762E-1 5.50538E-1 6.37634E-1 6.35782E-1 6.04908E-1 5.36603E-1 4.51233E-1
4.25165E-1 3.89517E-1 3.47948E-1 2.46882E-1 2.56885E-1 3.47585E-1 5.40391E-1 5.60412E-1 5.59361E-1 4.3149E-1 4.26943E-1 3.84336E-1 3.59389E-1 3.12205E-1 3.59749E-1 2.90019E-1 3.21907E-1 3.87387E-1 6.75691E-1 6.76404E-1 5.06941E-1 6.24727E-1 6.66033E-1 5.73963E-1 5.31676E-1 6.69041E-1 6.90615E-1 6.88037E-1 5.35901E-1 3.0919E-1 3.38231E-1 3.36064E-1 3.28913E-1 3.73982E-1 3.06499E-1 4.97363E-1 6.2197E-1 5.97345E-1 3.17813E-1 2.77213E-1 2.8995E-1 4.90559E-1 6.25422E-1 3.56832E-1 4.11722E-1 3.27418E-1 1.9204E-1 2.48321E-1 3.06711E-1 3.36805E-1 3.28489E-1 4.15208E-1 5.04123E-1 5.34795E-1 6.06778E-1 5.87301E-1 5.07755E-1 3.66829E-1
4.54236E-1 2.33063E-1 3.71836E-1 3.77232E-1 3.62148E-1 4.10424E-1 5.7156E-1 5.33713E-1 4.10261E-1 4.39283E-1 5.32283E-1 5.48263E-1 6.68035E-1 4.78453E-1 4.56776E-1 3.28886E-1 3.66695E-1 3.85486E-1 5.12093E-1 6.53425E-1 5.59577E-1 5.57974E-1 5.78679E-1 6.30205E-1 6.64246E-1 7.0279E-1 5.93046E-1 6.09599E-1 4.35806E-1 2.86383E-1 2.75747E-1 2.83376E-1 3.42259E-1 4.14445E-1 4.72427E-1 6.6653E-1 5.69369E-1 3.67093E-1 4.35783E-1 4.11908E-1 3.36284E-1 5.66741E-1 5.71676E-1 5.05537E-1 4.33358E-1 4.51061E-1 3.21022E-1 2.94507E-1 3.19399E-1 2.5932E-1 3.23376E-1 4.02215E-1 5.29223E-1 5.00436E-1 4.67639E-1 4.66767E-1 3.80893E-1 2.87231E-1
4.39848E-1 2.8835E-1 3.56091E-1 3.74525E-1 4.65638E-1 6.01973E-1 5.24356E-1 4.36627E-1 2.7933E-1 3.23677E-1 4.56481E-1 6.55133E-1 7.13619E-1 4.92144E-1 3.70884E-1 3.71521E-1 3.95273E-1 4.11263E-1 3.84904E-1 3.8773E-1 4.29636E-1 4.84413E-1 4.39155E-1 7.67886E-1 7.00775E-1 6.40565E-1 5.72261E-1 4.8378E-1 4.056E-1 3.03159E-1 2.87248E-1 3.578E-1 4.60302E-1 4.671E-1 4.32401E-1 6.6527E-1 7.04688E-1 6.84354E-1 6.90484E-1 6.82132E-1 6.62187E-1 4.48839E-1 6.06649E-1 4.39688E-1 4.65505E-1 4.78255E-1 4.29305E-1 3.61081E-1 3.50148E-1 2.90371E-1 2.97769E-1 2.82303E-1 3.92969E-1 4.62958E-1 4.17919E-1 3.72505E-1 3.40539E-1 2.33364E-1
3.88942E-1 2.77737E-1 3.5106E-1 4.12612E-1 5.46578E-1 4.81422E-1 3.8403E-1 3.204E-1 3.59054E-1 3.43082E-1 4.40233E-1 6.62096E-1 5.17743E-1 4.68171E-1 4.32733E-1 3.82473E-1 4.07902E-1 4.24735E-1 3.86383E-1 3.37525E-1 4.50327E-1 4.39654E-1 3.73889E-1 6.0105E-1 5.289E-1 6.53112E-1 6.12223E-1 5.6911E-1 4.989E-1 3.15793E-1 3.29699E-1 3.8045E-1 4.38575E-1 5.49173E-1 4.98294E-1 6.92585E-1 7.10161E-1 6.86008E-1 7.00047E-1 7.20101E-1 5.35933E-1 6.35322E-1 6.40441E-1 6.23216E-1 6.45469E-1 6.24339E-1 5.51318E-1 4.81205E-1 4.1966E-1 3.25436E-1 2.66631E-1 2.55345E-1 3.16166E-1 3.44105E-1 3.58847E-1 3.47689E-1 3.08604E-1 2.20657E-1
5.2786E-1 3.74983E-1 3.6967E-1 4.93993E-1 5.66015E-1 4.48962E-1 2.73976E-1 2.34185E-1 3.44177E-1 3.28857E-1 3.98402E-1 4.81396E-1 3.6378E-1 3.57076E-1 5.08909E-1 4.10634E-1 4.39793E-1 4.29031E-1 4.48944E-1 5.47246E-1 6.12554E-1 5.09451E-1 3.65157E-1 5.2056E-1 6.63483E-1 7.50156E-1 7.32842E-1 6.10809E-1 5.3829E-1 4.37968E-1 3.88521E-1 3.96048E-1 5.11225E-1 7.03404E-1 6.93332E-1 7.14719E-1 7.19086E-1 6.88815E-1 7.26022E-1 6.12595E-1 7.37584E-1 6.94089E-1 6.12958E-1 6.40707E-1 6.44779E-1 6.31567E-1 5.58107E-1 5.2887E-1 5.58684E-1 4.62916E-1 3.95185E-1 3.03681E-1 2.8248E-1 2.82769E-1 3.20954E-1 2.78199E-1 2.72756E-1 1.56E-1
6.62665E-1 4.6259E-1 3.98703E-1 5.00625E-1 4.48793E-1 4.42565E-1 3.31518E-1 2.87712E-1 3.60577E-1 3.47691E-1 4.89043E-1 5.87469E-1 5.02022E-1 4.25647E-1 5.53902E-1 4.43519E-1 4.74099E-1 5.90938E-1 6.79309E-1 5.92342E-1 4.90872E-1 4.56314E-1 6.8923E-1 7.04245E-1 7.21755E-1 7.38633E-1 6.82185E-1 5.61688E-1 5.82241E-1 5.48422E-1 4.34713E-1 4.58032E-1 4.95255E-1 4.92168E-1 7.41324E-1 7.71698E-1 7.35459E-1 6.93328E-1 8.23276E-1 8.23085E-1 7.16956E-1 6.96307E-1 6.87955E-1 6.56385E-1 4.8499E-1 4.90323E-1 5.12378E-1 6.1246E-1 5.6908E-1 5.11869E-1 4.17005E-1 3.45967E-1 3.55596E-1 3.59743E-1 2.60935E-1 1.86663E-1 1.78936E-1 2.05974E-1
