Phytophthora/models/20240529_1714_25/Phytophthora_PA3_RUN6_MAXENT_outputs/projMaxent.asc
ncols         225
nrows         269
xllcorner     473009.9838
yllcorner     4429051.1748
cellsize      50.0
NODATA_value  -9999
[rows 52 to 77 of 269, columns 0 to 57 of 225]
-9999 -9999 -9999 -9999 -9999 -9999 -9999 -9999 -9999 -9999 -9999 -9999 -9999 -9999 -9999 -9999 -9999 -9999 -9999 -9999 -9999 -9999 2.635E-2 3.18943E-2 7.40573E-2 8.68981E-2 5.13012E-2 3.62669E-2 5.09884E-2 3.7988E-2 4.14949E-2 5.62327E-2 1.0902E-1 1.37339E-1 1.42987E-1 1.49994E-1 1.56804E-1 1.62764E-1 1.58131E-1 1.53931E-1 2.40088E-1 1.71168E-1 1.21664E-1 1.05293E-1 9.52142E-2 9.70527E-2 6.75021E-2 7.23027E-2 7.30287E-2 9.07925E-2 1.13972E-1 7.17827E-2 8.34628E-2 7.57016E-2 6.81797E-2 6.68158E-2 6.60675E-2 4.92439E-2
-9999 -9999 -9999 -9999 -9999 -9999 -9999 -9999 -9999 -9999 -9999 -9999 -9999 -9999 -9999 -9999 -9999 -9999 -9999 -9999 -9999 -9999 4.49234E-2 2.49553E-2 4.76064E-2 7.06386E-2 3.91765E-2 3.03755E-2 5.67448E-2 4.68592E-2 4.69754E-2 4.8708E-2 1.28016E-1 1.37327E-1 1.46683E-1 1.48929E-1 1.03788E-1 1.48764E-1 1.12362E-1 9.58785E-2 2.23736E-1 1.24324E-1 7.551E-2 1.0452E-1 1.10666E-1 1.06286E-1 1.0199E-1 6.49624E-2 8.97127E-2 1.08189E-1 1.10591E-1 7.26677E-2 9.37627E-2 1.04563E-1 9.85098E-2 6.25407E-2 3.89367E-2 2.92324E-2
-9999 -9999 -9999 -9999 -9999 -9999 -9999 -9999 -9999 -9999 -9999 -9999 -9999 -9999 -9999 -9999 -9999 -9999 -9999 -9999 -9999 -9999 4.30408E-2 4.92022E-2 5.49934E-2 6.1514E-2 8.61489E-2 7.72441E-2 9.85211E-2 5.62329E-2 4.37705E-2 4.6095E-2 1.0562E-1 1.43991E-1 7.10985E-2 1.41167E-1 1.34939E-1 1.33164E-1 9.19547E-2 1.56035E-1 1.25245E-1 1.14369E-1 5.18609E-2 5.48305E-2 1.4578E-1 1.31279E-1 1.29278E-1 1.37555E-1 1.51785E-1 1.30724E-1 7.43125E-2 6.03891E-2 7.31211E-2 9.45149E-2 9.6472E-2 7.01377E-2 4.60699E-2 2.55822E-2
-9999 -9999 -9999 -9999 -9999 -9999 -9999 -9999 -9999 -9999 -9999 -9999 -9999 -9999 -9999 -9999 -9999 -9999 -9999 -9999 -9999 -9999 3.36997E-2 5.24492E-2 5.99492E-2 7.92174E-2 5.81323E-2 1.12578E-1 1.03449E-1 8.96561E-2 5.96849E-2 5.7862E-2 1.04463E-1 9.28043E-2 1.42411E-1 1.35776E-1 1.30836E-1 1.30614E-1 1.69559E-1 1.09477E-1 7.93336E-2 1.06843E-1 8.72831E-2 1.04215E-1 9.56595E-2 1.00814E-1 9.29833E-2 9.03141E-2 8.30244E-2 6.20649E-2 5.16912E-2 6.54096E-2 7.41608E-2 4.51306E-2 6.14171E-2 4.57393E-2 5.09472E-2 2.16902E-2
-9999 -9999 -9999 -9999 -9999 -9999 -9999 -9999 -9999 -9999 -9999 -9999 -9999 -9999 -9999 -9999 -9999 -9999 -9999 -9999 -9999 3.7342E-2 3.344E-2 3.31674E-2 2.4102E-2 4.27059E-2 7.28546E-2 1.13124E-1 7.2788E-2 5.3168E-2 5.68985E-2 3.82396E-2 8.91787E-2 1.17414E-1 1.24348E-1 9.96815E-2 7.05378E-2 7.23325E-2 1.6313E-1 1.1405E-1 8.05259E-2 8.13704E-2 1.07137E-1 7.76279E-2 6.53403E-2 6.61628E-2 5.73983E-2 4.72318E-2 4.16261E-2 3.79817E-2 4.37346E-2 6.51496E-2 6.05034E-2 5.35654E-2 4.65699E-2 3.81282E-2 5.22897E-2 2.37287E-2
-9999 -9999 -9999 -9999 -9999 -9999 -9999 -9999 -9999 -9999 -9999 -9999 -9999 -9999 -9999 -9999 -9999 -9999 9.14911E-2 6.85476E-2 5.44297E-2 4.35302E-2 4.25375E-2 2.85187E-2 1.42754E-2 3.17898E-2 4.38633E-2 4.74339E-2 4.32443E-2 5.72331E-2 6.59925E-2 4.66823E-2 5.03994E-2 8.36474E-2 7.74599E-2 5.69084E-2 4.05502E-2 3.96352E-2 1.00162E-1 8.58952E-2 5.82572E-2 5.61898E-2 9.46287E-2 6.39924E-2 4.51885E-2 4.4937E-2 5.14506E-2 4.19931E-2 3.33447E-2 6.47203E-2 5.9928E-2 4.0999E-2 3.02196E-2 4.56452E-2 4.53233E-2 3.70623E-2 3.15946E-2 2.17737E-2
-9999 -9999 -9999 -9999 -9999 -9999 -9999 -9999 -9999 -9999 -9999 -9999 -9999 -9999 -9999 -9999 4.86742E-2 7.86598E-2 9.2745E-2 6.93016E-2 7.28528E-2 6.06173E-2 6.16941E-2 4.20775E-2 3.19035E-2 2.50225E-2 5.75218E-2 5.77166E-2 3.74699E-2 3.94737E-2 4.30471E-2 4.39161E-2 6.59779E-2 5.78729E-2 3.91913E-2 3.3632E-2 4.26685E-2 4.49847E-2 5.75238E-2 5.06744E-2 4.10619E-2 6.16353E-2 6.31754E-2 7.74511E-2 7.63593E-2 5.91771E-2 4.69691E-2 5.26032E-2 7.12814E-2 7.59964E-2 4.31685E-2 3.35955E-2 2.40697E-2 1.74474E-2 2.14044E-2 2.84923E-2 3.06536E-2 2.11711E-2
-9999 -9999 -9999 -9999 -9999 -9999 -9999 -9999 -9999 -9999 -9999 -9999 -9999 -9999 5.71589E-2 6.91232E-2 6.82105E-2 6.35688E-2 6.98866E-2 7.71527E-2 1.17318E-1 9.14807E-2 4.67903E-2 7.96572E-2 8.30866E-2 7.71297E-2 9.346E-2 8.22176E-2 4.74835E-2 3.92217E-2 3.52341E-2 4.8233E-2 8.35483E-2 4.5931E-2 2.91898E-2 3.05087E-2 3.36618E-2 3.87767E-2 4.05102E-2 4.22221E-2 3.3717E-2 5.03284E-2 3.86935E-2 4.06628E-2 6.14019E-2 8.02212E-2 6.59187E-2 7.25445E-2 8.59546E-2 7.83577E-2 3.22193E-2 4.21922E-2 5.74226E-2 2.68075E-2 2.71049E-2 2.34453E-2 1.4793E-2 2.08125E-2
-9999 -9999 -9999 -9999 -9999 -9999 -9999 -9999 -9999 -9999 -9999 -9999 -9999 3.79926E-2 6.03673E-2 6.62337E-2 7.62859E-2 5.44758E-2 3.37142E-2 9.3804E-2 9.27703E-2 8.15003E-2 5.01858E-2 8.10518E-2 8.64517E-2 8.50967E-2 8.99942E-2 7.70183E-2 4.70538E-2 3.75098E-2 3.08702E-2 4.05211E-2 6.2916E-2 4.50755E-2 2.64173E-2 3.5494E-2 3.18968E-2 3.26026E-2 3.06065E-2 3.67053E-2 4.09317E-2 4.10014E-2 3.85762E-2 3.15056E-2 4.63147E-2 6.69217E-2 6.69171E-2 3.61789E-2 3.829E-2 5.45331E-2 4.02903E-2 3.3849E-2 8.17249E-2 3.20797E-2 2.32989E-2 1.8031E-2 1.70717E-2 1.47397E-2
-9999 -9999 -9999 -9999 -9999 -9999 -9999 -9999 -9999 -9999 -9999 -9999 -9999 1.32572E-2 5.37193E-2 5.65413E-2 4.38435E-2 3.20618E-2 2.93687E-2 5.59654E-2 4.55039E-2 4.3412E-2 4.8251E-2 7.31454E-2 7.6977E-2 8.30701E-2 8.92162E-2 8.93622E-2 8.91631E-2 5.09304E-2 4.81643E-2 4.75941E-2 4.62298E-2 3.29856E-2 2.57354E-2 3.06013E-2 2.86333E-2 2.90083E-2 2.66565E-2 2.82403E-2 2.88476E-2 2.49882E-2 3.2565E-2 3.10633E-2 3.19277E-2 5.953E-2 6.24013E-2 3.28535E-2 3.63894E-2 5.59949E-2 4.71715E-2 3.7687E-2 4.03312E-2 2.00504E-2 1.89016E-2 1.7328E-2 2.71868E-2 1.53011E-2
-9999 -9999 -9999 -9999 -9999 -9999 -9999 -9999 -9999 -9999 -9999 -9999 -9999 1.63306E-2 3.52964E-2 4.06656E-2 2.60274E-2 2.17058E-2 4.09837E-2 4.08941E-2 3.06329E-2 2.22131E-2 3.9173E-2 4.4233E-2 4.67064E-2 7.55295E-2 8.56426E-2 8.8994E-2 8.90313E-2 7.53722E-2 7.80436E-2 4.65065E-2 3.33059E-2 3.37091E-2 2.8891E-2 2.08832E-2 1.87257E-2 2.24885E-2 2.0241E-2 2.1866E-2 2.6662E-2 2.50796E-2 2.69132E-2 2.85227E-2 2.67052E-2 3.27122E-2 3.33009E-2 3.51327E-2 3.78958E-2 4.46822E-2 2.52626E-2 1.91025E-2 1.24345E-2 1.90487E-2 3.85817E-2 3.20105E-2 1.92178E-2 2.23117E-2
-9999 -9999 -9999 -9999 -9999 -9999 -9999 -9999 -9999 -9999 -9999 -9999 1.99735E-2 2.13033E-2 4.17836E-2 3.82693E-2 2.25291E-2 2.11798E-2 4.1676E-2 3.49121E-2 2.80633E-2 2.68783E-2 3.21627E-2 3.72703E-2 3.85279E-2 7.09673E-2 7.84179E-2 8.29536E-2 6.43794E-2 7.59687E-2 6.29855E-2 3.39385E-2 4.38311E-2 4.08312E-2 2.28067E-2 2.09258E-2 2.34283E-2 2.25433E-2 1.64549E-2 1.81236E-2 2.1953E-2 2.75405E-2 2.58821E-2 2.13141E-2 2.12153E-2 2.14677E-2 3.35247E-2 5.52604E-2 3.41203E-2 3.37516E-2 2.20739E-2 1.86339E-2 9.09108E-3 1.51001E-2 2.92719E-2 3.68378E-2 3.88711E-2 3.24745E-2
-9999 -9999 -9999 -9999 -9999 -9999 -9999 -9999 -9999 -9999 -9999 -9999 2.34462E-2 3.38954E-2 4.80242E-2 3.79675E-2 2.57304E-2 4.8613E-2 4.09022E-2 3.21294E-2 2.57279E-2 2.49569E-2 2.73311E-2 3.60584E-2 6.60557E-2 7.36718E-2 7.44059E-2 7.8361E-2 5.1672E-2 4.65814E-2 3.32926E-2 2.71202E-2 3.41239E-2 3.709E-2 2.07653E-2 2.12251E-2 2.14915E-2 1.66674E-2 1.38508E-2 1.84711E-2 2.0717E-2 3.8777E-2 3.59008E-2 2.16189E-2 2.05275E-2 2.16163E-2 3.78439E-2 4.88936E-2 4.3775E-2 2.24851E-2 1.55772E-2 1.30009E-2 1.08951E-2 1.44513E-2 1.35352E-2 1.67785E-2 2.75689E-2 2.20399E-2
-9999 -9999 -9999 -9999 -9999 -9999 -9999 -9999 -9999 -9999 -9999 -9999 7.48793E-2 4.70286E-2 4.06003E-2 3.27847E-2 3.30652E-2 4.46091E-2 3.26182E-2 2.70537E-2 2.60784E-2 2.54457E-2 2.70609E-2 3.99483E-2 6.37688E-2 7.27948E-2 8.25772E-2 7.6098E-2 7.25382E-2 3.16418E-2 2.56789E-2 3.7668E-2 3.5288E-2 3.38431E-2 2.30167E-2 2.09799E-2 1.58435E-2 1.4485E-2 1.19382E-2 1.18694E-2 1.4411E-2 1.35926E-2 2.45016E-2 3.9603E-2 5.56542E-2 5.50312E-2 6.08634E-2 2.72681E-2 2.34595E-2 1.33914E-2 1.80646E-2 1.46257E-2 1.13931E-2 1.25009E-2 1.25508E-2 8.63235E-3 1.20625E-2 1.32172E-2
-9999 -9999 -9999 -9999 -9999 -9999 -9999 -9999 -9999 -9999 1.1925E-2 2.63681E-2 2.59632E-2 4.91796E-2 3.52437E-2 2.57365E-2 2.75274E-2 5.72836E-2 3.72164E-2 2.80874E-2 2.80238E-2 2.78296E-2 3.59841E-2 5.41414E-2 5.81549E-2 6.47183E-2 8.23602E-2 7.58285E-2 6.91506E-2 3.56733E-2 2.53034E-2 3.35735E-2 2.29103E-2 2.42636E-2 1.96677E-2 1.86494E-2 1.43875E-2 1.11143E-2 1.05191E-2 1.14102E-2 1.27591E-2 1.55508E-2 2.31911E-2 3.48869E-2 3.55823E-2 3.75825E-2 4.26624E-2 3.92977E-2 2.56251E-2 2.96075E-2 2.95054E-2 1.71534E-2 1.33986E-2 1.5117E-2 1.39347E-2 1.11898E-2 1.34268E-2 1.19374E-2
-9999 -9999 -9999 -9999 -9999 -9999 -9999 -9999 5.58408E-2 3.66246E-2 2.65849E-2 2.01733E-2 2.51166E-2 3.86565E-2 2.94573E-2 2.32587E-2 1.8031E-2 2.75696E-2 3.55614E-2 2.68591E-2 2.36701E-2 2.44599E-2 3.27408E-2 4.00662E-2 4.32176E-2 5.79312E-2 6.62315E-2 6.62245E-2 3.76739E-2 3.38491E-2 2.73998E-2 2.60842E-2 1.62694E-2 1.80888E-2 1.93822E-2 2.0073E-2 1.52358E-2 1.7476E-2 1.45647E-2 1.79113E-2 1.98506E-2 2.13351E-2 2.97765E-2 3.1005E-2 2.67957E-2 2.39261E-2 2.57034E-2 2.8503E-2 3.14206E-2 3.94117E-2 3.3741E-2 1.40595E-2 1.39756E-2 1.35846E-2 1.22618E-2 9.55127E-3 9.62464E-3 9.97535E-3
-9999 -9999 -9999 -9999 -9999 -9999 -9999 -9999 -9999 -9999 3.88677E-2 2.97566E-2 2.11648E-2 2.81086E-2 2.40941E-2 1.71911E-2 1.57493E-2 3.17375E-2 3.16336E-2 2.53029E-2 2.21597E-2 2.34074E-2 2.52806E-2 2.5618E-2 2.76458E-2 5.23882E-2 5.69171E-2 3.33247E-2 2.28033E-2 2.54412E-2 2.13942E-2 2.00927E-2 1.54818E-2 1.34144E-2 1.44224E-2 1.59816E-2 1.98053E-2 1.96363E-2 2.15619E-2 2.08143E-2 2.06846E-2 2.44215E-2 2.391E-2 2.7229E-2 2.73565E-2 1.98328E-2 2.138E-2 2.44282E-2 2.76313E-2 5.07273E-2 2.44046E-2 1.5553E-2 1.41172E-2 9.40094E-3 1.48045E-2 2.30043E-2 1.31695E-2 8.33318E-3
-9999 -9999 -9999 -9999 -9999 -9999 -9999 -9999 -9999 -9999 -9999 -9999 -9999 2.99949E-2 2.2439E-2 1.52628E-2 1.61648E-2 3.35282E-2 3.46145E-2 2.46701E-2 2.42801E-2 2.90761E-2 2.87885E-2 2.72544E-2 2.5758E-2 3.35162E-2 5.08693E-2 2.5442E-2 2.18321E-2 1.94326E-2 1.60299E-2 1.64452E-2 1.33439E-2 1.32133E-2 1.24401E-2 1.49614E-2 1.43761E-2 1.70092E-2 1.80926E-2 1.92948E-2 2.11534E-2 2.14849E-2 1.75932E-2 1.9735E-2 2.3188E-2 2.35501E-2 2.55526E-2 3.40523E-2 3.56708E-2 4.25972E-2 3.15565E-2 2.0742E-2 1.28467E-2 1.07053E-2 1.6062E-2 3.09457E-2 3.09434E-2 1.23545E-2
-9999 -9999 -9999 -9999 -9999 -9999 -9999 -9999 -9999 -9999 -9999 -9999 -9999 -9999 -9999 -9999 -9999 -9999 -9999 1.58802E-2 2.64198E-2 4.53135E-2 4.32441E-2 3.67185E-2 3.3463E-2 3.08024E-2 4.56933E-2 3.2757E-2 2.93485E-2 2.18587E-2 1.48669E-2 2.22921E-2 1.34069E-2 1.63011E-2 1.2889E-2 1.31426E-2 1.19054E-2 1.43596E-2 1.43658E-2 1.62082E-2 1.39472E-2 1.57309E-2 1.80964E-2 2.43362E-2 3.59241E-2 3.30793E-2 3.52102E-2 4.14848E-2 3.36229E-2 2.34323E-2 2.21984E-2 2.19098E-2 1.12828E-2 9.81233E-3 1.19749E-2 1.37051E-2 1.54964E-2 1.62024E-2
-9999 -9999 -9999 -9999 -9999 -9999 -9999 -9999 -9999 -9999 -9999 -9999 -9999 -9999 -9999 -9999 -9999 -9999 -9999 -9999 2.11118E-2 3.08235E-2 3.85487E-2 4.53916E-2 4.555E-2 3.39397E-2 1.5229E-2 2.43631E-2 2.48564E-2 2.07244E-2 1.29017E-2 1.94424E-2 1.40134E-2 1.37224E-2 1.96901E-2 1.90177E-2 1.5075E-2 1.88378E-2 1.5837E-2 1.5721E-2 1.30247E-2 1.36301E-2 1.36085E-2 1.72743E-2 1.47894E-2 1.92812E-2 2.77607E-2 2.70614E-2 1.73144E-2 1.44782E-2 2.22774E-2 1.84237E-2 8.67789E-3 8.987E-3 1.28437E-2 1.3592E-2 1.39928E-2 1.33173E-2
-9999 -9999 -9999 -9999 -9999 -9999 -9999 -9999 -9999 -9999 -9999 -9999 -9999 -9999 -9999 -9999 -9999 -9999 -9999 -9999 -9999 4.21791E-2 3.18799E-2 4.45176E-2 3.6193E-2 2.10949E-2 1.91896E-2 1.91045E-2 1.96795E-2 2.5173E-2 2.0688E-2 1.99776E-2 1.76022E-2 1.48825E-2 2.05278E-2 1.90426E-2 2.31807E-2 2.33459E-2 1.55396E-2 1.41815E-2 1.69589E-2 2.23509E-2 2.71003E-2 2.38881E-2 1.71284E-2 2.24957E-2 2.71208E-2 2.04939E-2 1.43951E-2 1.54542E-2 2.55635E-2 1.6868E-2 9.39618E-3 8.67688E-3 1.34403E-2 1.4178E-2 1.37985E-2 1.72564E-2
-9999 -9999 -9999 -9999 -9999 -9999 -9999 -9999 -9999 -9999 -9999 -9999 -9999 -9999 -9999 -9999 -9999 -9999 -9999 -9999 -9999 -9999 4.56482E-2 4.43386E-2 2.91887E-2 1.32565E-2 1.49669E-2 1.80595E-2 2.05945E-2 2.09062E-2 1.43354E-2 1.88484E-2 2.42246E-2 1.94248E-2 2.02149E-2 2.25545E-2 2.58808E-2 2.15525E-2 1.43978E-2 1.09192E-2 1.74577E-2 3.32974E-2 2.84639E-2 2.65057E-2 3.57569E-2 3.51909E-2 3.54193E-2 3.80825E-2 3.92698E-2 3.56218E-2 4.10059E-2 1.83875E-2 1.24327E-2 1.20912E-2 1.86188E-2 1.42891E-2 1.77597E-2 2.73967E-2
-9999 -9999 -9999 -9999 -9999 -9999 -9999 -9999 -9999 -9999 -9999 -9999 -9999 -9999 -9999 -9999 -9999 -9999 -9999 -9999 -9999 -9999 -9999 4.27516E-2 2.35373E-2 1.53732E-2 1.37719E-2 1.71583E-2 1.70101E-2 1.69467E-2 2.04633E-2 3.0073E-2 2.60789E-2 2.41749E-2 2.38213E-2 2.6753E-2 2.32517E-2 1.66493E-2 1.1479E-2 1.38623E-2 2.58037E-2 2.50917E-2 1.81083E-2 1.58168E-2 2.90091E-2 2.86867E-2 2.53352E-2 2.67604E-2 3.89547E-2 4.51258E-2 4.15503E-2 2.84202E-2 1.79488E-2 1.89463E-2 2.28142E-2 1.43321E-2 2.03617E-2 2.49413E-2
-9999 -9999 -9999 -9999 -9999 -9999 -9999 -9999 -9999 -9999 -9999 -9999 -9999 -9999 -9999 -9999 -9999 -9999 -9999 -9999 -9999 -9999 -9999 -9999 1.65761E-2 1.8173E-2 1.84789E-2 1.97556E-2 2.2768E-2 2.74421E-2 4.13069E-2 5.65325E-2 6.08308E-2 5.39067E-2 3.34297E-2 2.27353E-2 2.926E-2 3.07753E-2 1.54183E-2 1.89118E-2 2.50379E-2 2.38069E-2 1.41496E-2 1.59013E-2 2.78984E-2 2.89536E-2 2.64201E-2 1.73562E-2 2.93556E-2 2.94894E-2 3.10812E-2 2.62626E-2 1.73772E-2 1.47406E-2 2.20712E-2 1.83623E-2 2.87642E-2 3.65427E-2
-9999 -9999 -9999 -9999 -9999 -9999 -9999 -9999 -9999 -9999 -9999 -9999 -9999 -9999 -9999 -9999 -9999 -9999 -9999 -9999 -9999 -9999 -9999 -9999 -9999 -9999 2.32821E-2 2.63807E-2 3.44058E-2 4.5701E-2 5.20596E-2 4.84459E-2 6.43635E-2 2.19893E-2 3.46295E-2 3.67971E-2 3.2325E-2 4.99033E-2 2.83581E-2 2.65237E-2 3.06217E-2 3.5595E-2 3.04964E-2 2.88127E-2 2.96542E-2 3.06391E-2 2.08985E-2 2.13674E-2 1.87053E-2 1.73465E-2 1.37008E-2 1.44545E-2 2.47682E-2 1.70433E-2 2.19212E-2 3.04015E-2 3.68031E-2 3.90036E-2
-9999 -9999 -9999 -9999 -9999 -9999 -9999 -9999 -9999 -9999 -9999 -9999 -9999 -9999 -9999 -9999 -9999 -9999 -9999 -9999 -9999 -9999 -9999 -9999 -9999 -9999 -9999 -9999 -9999 7.51906E-2 4.95149E-2 3.47703E-2 4.38913E-2 3.70514E-2 2.15308E-2 1.63046E-2 2.52053E-2 3.96534E-2 4.00169E-2 3.59411E-2 3.50803E-2 2.19291E-2 3.59304E-2 3.9734E-2 4.0359E-2 3.02314E-2 2.20366E-2 1.74329E-2 1.68337E-2 1.27273E-2 1.52681E-2 2.14823E-2 2.1468E-2 2.46914E-2 2.48269E-2 3.14152E-2 3.07102E-2 4.43649E-2
