Phytophthora/models/20240529_1714_25/Phytophthora_PA3_RUN6_MAXENT_outputs/projMaxent.asc
ncols         225
nrows         269
xllcorner     473009.9838
yllcorner     4429051.1748
cellsize      50.0
NODATA_value  -9999
[rows 78 to 103 of 269, columns 0 to 57 of 225]
-9999 -9999 -9999 -9999 -9999 -9999 -9999 -9999 -9999 -9999 -9999 -9999 -9999 -9999 -9999 -9999 -9999 -9999 -9999 -9999 -9999 -9999 -9999 -9999 -9999 -9999 -9999 -9999 -9999 -9999 5.01285E-2 1.65552E-2 1.20125E-2 1.51122E-2 1.87715E-2 1.66947E-2 2.2809E-2 4.19808E-2 5.1145E-2 3.53674E-2 1.9865E-2 2.18976E-2 2.46484E-2 2.95407E-2 3.07654E-2 2.20224E-2 1.81068E-2 1.49666E-2 1.42301E-2 1.61009E-2 2.1536E-2 3.13624E-2 3.95421E-2 3.31635E-2 2.81677E-2 2.59069E-2 2.32559E-2 1.66717E-2
-9999 -9999 -9999 -9999 -9999 -9999 -9999 -9999 -9999 -9999 -9999 -9999 -9999 -9999 -9999 -9999 -9999 -9999 -9999 -9999 -9999 -9999 -9999 -9999 -9999 -9999 -9999 -9999 -9999 -9999 -9999 8.33159E-3 1.03115E-2 8.49338E-3 1.24917E-2 1.30153E-2 1.66355E-2 2.66922E-2 4.11537E-2 3.16659E-2 2.24751E-2 1.96246E-2 2.12746E-2 2.04113E-2 2.96033E-2 2.59024E-2 1.68371E-2 1.35474E-2 1.93946E-2 3.22528E-2 5.61015E-2 5.3424E-2 2.70767E-2 3.56457E-2 5.73742E-2 4.15213E-2 2.8968E-2 1.14688E-2
-9999 -9999 -9999 -9999 -9999 -9999 -9999 -9999 -9999 -9999 -9999 -9999 -9999 -9999 -9999 -9999 -9999 -9999 -9999 -9999 -9999 -9999 -9999 -9999 -9999 -9999 -9999 -9999 -9999 -9999 -9999 8.56475E-3 1.12074E-2 1.39117E-2 1.8759E-2 1.85917E-2 1.81731E-2 2.4452E-2 3.28126E-2 3.65222E-2 2.57559E-2 1.39402E-2 8.45962E-3 7.70008E-3 1.13217E-2 1.51224E-2 1.76861E-2 1.66852E-2 2.44265E-2 2.69972E-2 2.87911E-2 1.48793E-2 1.56871E-2 2.31213E-2 6.31402E-2 5.38764E-2 5.46432E-2 1.58688E-2
-9999 -9999 -9999 -9999 -9999 -9999 -9999 -9999 -9999 -9999 -9999 -9999 -9999 -9999 -9999 -9999 -9999 -9999 -9999 -9999 -9999 -9999 -9999 -9999 -9999 -9999 -9999 -9999 -9999 -9999 -9999 -9999 8.51705E-3 1.36692E-2 1.52437E-2 2.18428E-2 2.29695E-2 2.39486E-2 3.27887E-2 2.90757E-2 3.04131E-2 1.19697E-2 7.9284E-3 7.42319E-3 1.06507E-2 1.53847E-2 2.09258E-2 1.53874E-2 1.98966E-2 2.01887E-2 1.72164E-2 1.4111E-2 1.61956E-2 1.9104E-2 2.84944E-2 6.83922E-2 6.89527E-2 2.17166E-2
-9999 -9999 -9999 -9999 -9999 -9999 -9999 -9999 -9999 -9999 -9999 -9999 -9999 -9999 -9999 -9999 -9999 -9999 -9999 -9999 -9999 -9999 -9999 -9999 -9999 -9999 -9999 -9999 -9999 -9999 -9999 -9999 1.74227E-2 1.54149E-2 1.2086E-2 1.29048E-2 1.92397E-2 2.06035E-2 2.69208E-2 1.9782E-2 1.75509E-2 1.39118E-2 1.06407E-2 7.82892E-3 7.56317E-3 1.33263E-2 2.57936E-2 1.73764E-2 1.64872E-2 1.42212E-2 1.56203E-2 1.90288E-2 1.91085E-2 1.77959E-2 1.50709E-2 2.87112E-2 6.1624E-2 2.61106E-2
-9999 -9999 -9999 -9999 -9999 -9999 -9999 -9999 -9999 -9999 -9999 -9999 -9999 -9999 -9999 -9999 -9999 -9999 -9999 -9999 -9999 -9999 -9999 -9999 -9999 -9999 -9999 -9999 -9999 -9999 -9999 -9999 -9999 1.73637E-2 1.27999E-2 9.88379E-3 1.44385E-2 1.6882E-2 2.07528E-2 1.57117E-2 1.08564E-2 7.50581E-3 7.19338E-3 7.40142E-3 7.78237E-3 1.14103E-2 1.45436E-2 2.25731E-2 2.13133E-2 1.31884E-2 1.27153E-2 2.10304E-2 2.23708E-2 2.15389E-2 2.01495E-2 2.62404E-2 4.69436E-2 2.02593E-2
-9999 -9999 -9999 -9999 -9999 -9999 -9999 -9999 -9999 -9999 -9999 -9999 -9999 -9999 -9999 -9999 -9999 -9999 -9999 -9999 -9999 -9999 -9999 -9999 -9999 -9999 -9999 -9999 -9999 -9999 -9999 -9999 -9999 2.28146E-2 2.54417E-2 2.56092E-2 2.55294E-2 2.48154E-2 2.26303E-2 1.38588E-2 1.27169E-2 6.09436E-3 6.24607E-3 7.3801E-3 7.3009E-3 1.14154E-2 1.83057E-2 2.93131E-2 3.6586E-2 2.43465E-2 2.42401E-2 2.42072E-2 1.58074E-2 1.81734E-2 3.14524E-2 3.62568E-2 4.66931E-2 1.70222E-2
-9999 -9999 -9999 -9999 -9999 -9999 -9999 -9999 -9999 -9999 -9999 -9999 -9999 -9999 -9999 -9999 -9999 -9999 -9999 -9999 -9999 -9999 -9999 -9999 -9999 -9999 -9999 -9999 -9999 -9999 -9999 -9999 -9999 -9999 2.85104E-2 2.69395E-2 2.58289E-2 1.94408E-2 1.85277E-2 1.14899E-2 1.02897E-2 6.64222E-3 7.32365E-3 7.81466E-3 9.51715E-3 1.81571E-2 1.86706E-2 2.90658E-2 4.17188E-2 4.49634E-2 3.92676E-2 4.05615E-2 2.05994E-2 2.22852E-2 2.79757E-2 3.96965E-2 3.47759E-2 1.73073E-2
-9999 -9999 -9999 -9999 -9999 -9999 -9999 -9999 -9999 -9999 -9999 -9999 -9999 -9999 -9999 -9999 -9999 -9999 -9999 -9999 -9999 -9999 -9999 -9999 -9999 -9999 -9999 -9999 -9999 -9999 -9999 -9999 -9999 -9999 2.1364E-2 1.73853E-2 1.83942E-2 1.51623E-2 1.15477E-2 1.07308E-2 9.3471E-3 8.57657E-3 1.33058E-2 1.49322E-2 1.69179E-2 2.09153E-2 2.33773E-2 1.65227E-2 2.10012E-2 2.6245E-2 2.14226E-2 1.7859E-2 1.941E-2 2.09725E-2 3.17041E-2 3.28573E-2 2.5285E-2 5.33477E-2
-9999 -9999 -9999 -9999 -9999 -9999 -9999 -9999 -9999 -9999 -9999 -9999 -9999 -9999 -9999 -9999 -9999 -9999 -9999 -9999 -9999 -9999 -9999 -9999 -9999 -9999 -9999 -9999 -9999 -9999 -9999 -9999 -9999 -9999 1.55229E-2 2.04129E-2 2.28428E-2 1.46462E-2 1.44774E-2 1.75306E-2 1.28659E-2 9.91604E-3 1.18906E-2 1.57243E-2 1.82841E-2 2.57008E-2 1.68526E-2 1.36062E-2 1.3543E-2 1.27164E-2 1.05795E-2 1.48059E-2 1.09017E-2 2.7469E-2 7.58412E-2 6.75123E-2 4.66176E-2 4.76049E-2
-9999 -9999 -9999 -9999 -9999 -9999 -9999 -9999 -9999 -9999 -9999 -9999 -9999 -9999 -9999 -9999 -9999 -9999 -9999 -9999 -9999 -9999 -9999 -9999 -9999 -9999 -9999 -9999 -9999 -9999 -9999 -9999 -9999 -9999 1.40366E-2 1.96558E-2 2.025E-2 2.40773E-2 2.08976E-2 2.55022E-2 2.31156E-2 2.14683E-2 1.17063E-2 2.86263E-2 2.67445E-2 3.54893E-2 1.53004E-2 1.56612E-2 1.80947E-2 1.7103E-2 1.65019E-2 2.07146E-2 1.24004E-2 3.61878E-2 5.13147E-2 6.31188E-2 6.0085E-2 5.46704E-2
-9999 -9999 -9999 -9999 -9999 -9999 -9999 -9999 -9999 -9999 -9999 -9999 -9999 -9999 -9999 -9999 -9999 -9999 -9999 -9999 -9999 -9999 -9999 -9999 -9999 -9999 -9999 -9999 -9999 -9999 -9999 -9999 -9999 3.75909E-2 2.96325E-2 2.39954E-2 2.73088E-2 3.43097E-2 2.59259E-2 1.92974E-2 3.03699E-2 4.27158E-2 2.2461E-2 2.72767E-2 2.48466E-2 3.3232E-2 2.55605E-2 1.85847E-2 2.10591E-2 1.30071E-2 1.27144E-2 2.34005E-2 1.91852E-2 3.86354E-2 4.03388E-2 4.11616E-2 3.9458E-2 2.70092E-2
-9999 -9999 -9999 -9999 -9999 -9999 -9999 -9999 -9999 -9999 -9999 -9999 -9999 -9999 -9999 -9999 -9999 -9999 -9999 -9999 -9999 -9999 -9999 -9999 -9999 -9999 -9999 -9999 -9999 -9999 -9999 -9999 -9999 3.90394E-2 3.36019E-2 2.97975E-2 2.7841E-2 3.11633E-2 2.15222E-2 1.84395E-2 3.13661E-2 4.1245E-2 2.98058E-2 2.37744E-2 3.49759E-2 4.83072E-2 3.61178E-2 3.43298E-2 2.7106E-2 1.66753E-2 1.28079E-2 1.32297E-2 1.67747E-2 3.69104E-2 3.64471E-2 3.61648E-2 4.28963E-2 3.84776E-2
-9999 -9999 -9999 -9999 -9999 -9999 -9999 -9999 -9999 -9999 -9999 -9999 -9999 -9999 -9999 -9999 -9999 -9999 -9999 -9999 -9999 -9999 3.23375E-1 3.06705E-1 -9999 -9999 -9999 -9999 -9999 -9999 4.26818E-2 2.87447E-2 3.68222E-2 3.40454E-2 2.50369E-2 2.99879E-2 2.80773E-2 2.06169E-2 2.23271E-2 2.62772E-2 2.67605E-2 2.9897E-2 3.79149E-2 3.03266E-2 5.1284E-2 5.83503E-2 4.21418E-2 3.86402E-2 3.51877E-2 2.23491E-2 8.48581E-3 8.82743E-3 1.40194E-2 1.72754E-2 2.3786E-2 4.03997E-2 3.52577E-2 2.29761E-2
-9999 -9999 -9999 -9999 -9999 -9999 -9999 -9999 -9999 -9999 -9999 -9999 -9999 -9999 -9999 -9999 -9999 -9999 4.90088E-1 4.82255E-1 4.34632E-1 3.66585E-1 1.88717E-1 2.09387E-1 2.35224E-1 2.60683E-1 2.4325E-1 1.16406E-1 1.11732E-1 6.19406E-2 3.57679E-2 2.27657E-2 2.61703E-2 2.37554E-2 2.6501E-2 2.14678E-2 2.06505E-2 2.18416E-2 2.20292E-2 2.76137E-2 3.29118E-2 3.73901E-2 4.9237E-2 6.34734E-2 6.85993E-2 6.17982E-2 4.82885E-2 4.25824E-2 3.88285E-2 2.52865E-2 7.5485E-3 7.29901E-3 1.47159E-2 2.23831E-2 2.83387E-2 1.348E-2 1.13546E-2 2.20708E-2
-9999 -9999 -9999 -9999 -9999 -9999 -9999 -9999 -9999 -9999 -9999 -9999 -9999 -9999 -9999 -9999 4.02145E-1 4.02793E-1 4.48189E-1 3.63817E-1 2.8837E-1 2.05208E-1 1.65084E-1 1.75772E-1 1.70481E-1 2.04706E-1 2.46573E-1 1.65066E-1 1.38225E-1 7.10403E-2 2.84528E-2 2.63443E-2 2.25891E-2 2.43732E-2 2.21249E-2 1.91354E-2 1.58564E-2 1.91262E-2 2.74399E-2 2.30281E-2 3.70212E-2 4.05704E-2 4.07059E-2 4.85857E-2 5.01422E-2 8.05569E-2 6.33243E-2 4.46463E-2 3.32892E-2 2.00591E-2 1.5408E-2 1.0416E-2 1.24069E-2 2.25563E-2 1.97261E-2 3.26848E-2 2.63459E-2 2.11085E-2
-9999 -9999 -9999 -9999 -9999 -9999 -9999 -9999 -9999 -9999 -9999 -9999 -9999 -9999 3.07221E-1 3.8614E-1 4.6926E-1 4.55377E-1 3.25286E-1 3.02859E-1 2.34816E-1 2.04957E-1 2.10815E-1 2.38903E-1 2.3363E-1 1.60892E-1 1.58549E-1 1.76004E-1 1.0458E-1 7.14053E-2 3.91247E-2 3.05818E-2 2.5059E-2 2.91654E-2 2.91023E-2 1.91544E-2 9.64282E-3 2.44175E-2 2.58944E-2 2.20879E-2 3.57606E-2 4.43612E-2 3.66569E-2 4.45703E-2 4.8801E-2 7.29039E-2 6.39042E-2 3.14856E-2 2.70186E-2 1.68276E-2 1.37475E-2 1.4803E-2 2.72749E-2 2.83493E-2 4.03972E-2 3.48723E-2 2.46216E-2 1.52159E-2
-9999 -9999 -9999 -9999 -9999 -9999 -9999 -9999 -9999 -9999 -9999 -9999 1.50583E-1 1.34654E-1 1.62654E-1 2.91591E-1 3.42612E-1 2.82969E-1 2.78822E-1 2.75449E-1 1.73292E-1 1.16737E-1 1.27989E-1 2.4221E-1 2.42957E-1 2.06654E-1 1.15331E-1 1.56607E-1 6.69914E-2 3.3707E-2 2.92899E-2 2.42362E-2 2.85642E-2 2.50138E-2 2.30826E-2 1.81489E-2 9.53762E-3 1.99475E-2 1.82281E-2 1.88933E-2 2.76587E-2 4.45351E-2 3.42097E-2 4.8133E-2 5.19104E-2 3.74189E-2 2.06734E-2 2.23802E-2 1.4688E-2 1.41267E-2 1.20346E-2 9.19854E-3 1.43913E-2 2.92774E-2 3.98441E-2 4.28935E-2 2.27129E-2 1.26328E-2
-9999 -9999 -9999 -9999 -9999 -9999 -9999 -9999 -9999 -9999 -9999 1.88903E-1 1.53713E-1 1.1726E-1 1.49954E-1 1.99191E-1 2.5576E-1 2.37482E-1 2.67896E-1 2.14169E-1 1.03552E-1 1.15001E-1 1.61785E-1 2.42817E-1 2.2386E-1 1.96314E-1 1.48526E-1 1.97099E-1 1.15947E-1 4.94205E-2 3.78904E-2 2.85968E-2 4.04721E-2 3.33393E-2 2.0643E-2 1.73082E-2 9.99787E-3 1.27585E-2 1.49953E-2 2.95552E-2 4.19736E-2 5.28778E-2 4.35186E-2 4.19493E-2 2.69361E-2 2.82533E-2 3.00806E-2 2.40867E-2 1.47856E-2 1.1206E-2 9.54725E-3 8.34971E-3 9.67711E-3 1.40802E-2 1.60535E-2 1.62467E-2 1.41979E-2 1.26623E-2
-9999 -9999 -9999 -9999 -9999 -9999 -9999 -9999 -9999 -9999 -9999 1.94207E-1 1.92859E-1 1.54426E-1 1.31603E-1 1.36499E-1 2.33211E-1 2.48099E-1 1.88417E-1 1.05646E-1 1.04874E-1 1.52768E-1 2.03934E-1 2.44543E-1 2.00155E-1 1.76061E-1 1.82767E-1 2.20366E-1 2.65737E-1 1.69765E-1 9.13598E-2 5.2827E-2 4.45102E-2 4.63315E-2 2.24437E-2 1.72499E-2 1.37134E-2 2.33829E-2 2.5244E-2 3.47553E-2 3.71119E-2 3.07282E-2 2.8393E-2 2.95667E-2 2.6683E-2 2.27825E-2 3.83727E-2 3.58745E-2 2.72307E-2 1.54786E-2 1.07656E-2 9.56094E-3 1.17886E-2 1.3043E-2 1.53654E-2 1.62383E-2 1.82249E-2 2.16776E-2
-9999 -9999 -9999 -9999 -9999 -9999 -9999 -9999 -9999 -9999 1.87167E-1 2.24031E-1 2.16583E-1 1.94191E-1 1.57392E-1 1.7835E-1 2.2261E-1 2.71944E-1 2.41555E-1 1.79115E-1 1.90428E-1 1.74939E-1 2.9481E-1 2.882E-1 2.48205E-1 2.40319E-1 2.30909E-1 1.82322E-1 1.89055E-1 2.06698E-1 1.79915E-1 9.09573E-2 4.3872E-2 4.24041E-2 4.99779E-2 3.30599E-2 2.64592E-2 3.14923E-2 4.97719E-2 4.31533E-2 2.80556E-2 2.97053E-2 2.88096E-2 2.30466E-2 2.16077E-2 3.01891E-2 3.708E-2 3.51426E-2 2.76617E-2 1.57384E-2 1.33598E-2 2.06962E-2 1.84996E-2 2.78911E-2 3.20076E-2 2.85926E-2 2.14212E-2 2.47864E-2
-9999 -9999 -9999 -9999 -9999 -9999 -9999 -9999 -9999 -9999 -9999 2.12231E-1 1.78488E-1 2.25927E-1 2.37181E-1 2.15546E-1 1.97434E-1 2.5383E-1 2.01389E-1 2.88751E-1 3.54015E-1 3.52936E-1 3.39141E-1 3.16854E-1 2.90916E-1 2.76884E-1 2.69987E-1 1.87685E-1 9.21636E-2 8.45216E-2 8.43177E-2 1.24978E-1 1.26258E-1 4.97675E-2 4.8717E-2 3.07897E-2 2.47262E-2 2.7316E-2 3.54346E-2 2.99858E-2 3.34841E-2 2.5645E-2 2.87155E-2 2.0934E-2 4.76843E-2 2.39125E-2 1.99819E-2 2.62001E-2 1.86254E-2 9.35353E-3 1.62808E-2 2.48394E-2 2.77353E-2 2.88696E-2 4.65577E-2 5.08161E-2 3.25028E-2 3.26703E-2
-9999 -9999 -9999 -9999 -9999 -9999 -9999 -9999 -9999 -9999 -9999 2.09966E-1 1.74898E-1 1.78527E-1 2.54194E-1 2.40579E-1 1.86852E-1 2.86048E-1 1.85556E-1 2.15635E-1 3.01822E-1 3.68643E-1 3.52488E-1 3.30351E-1 3.09373E-1 3.09026E-1 3.02811E-1 2.78959E-1 2.2983E-1 1.55398E-1 1.22866E-1 1.88093E-1 2.06934E-1 7.55096E-2 4.52902E-2 3.01922E-2 2.65021E-2 3.58795E-2 3.84114E-2 3.2231E-2 3.42162E-2 4.38922E-2 5.62616E-2 4.48927E-2 5.92258E-2 3.57871E-2 1.64026E-2 2.0327E-2 1.92075E-2 1.7904E-2 2.27107E-2 2.06197E-2 3.11763E-2 4.59798E-2 4.19337E-2 3.90848E-2 3.19129E-2 3.98783E-2
-9999 -9999 -9999 -9999 -9999 -9999 -9999 -9999 -9999 -9999 -9999 2.8553E-1 2.32609E-1 2.22722E-1 2.79068E-1 2.71936E-1 1.83376E-1 2.83901E-1 2.49114E-1 1.67113E-1 1.74327E-1 2.21631E-1 2.90987E-1 3.38384E-1 3.30109E-1 3.20391E-1 3.26501E-1 2.94855E-1 2.63066E-1 1.64668E-1 1.24584E-1 1.77578E-1 2.04691E-1 1.42483E-1 5.0871E-2 2.91932E-2 2.98004E-2 3.6774E-2 3.95133E-2 5.63414E-2 3.82654E-2 2.85006E-2 3.8752E-2 5.84844E-2 4.62605E-2 4.00278E-2 3.29573E-2 2.21044E-2 1.73835E-2 2.25105E-2 1.38826E-2 8.68081E-3 2.1861E-2 4.9048E-2 4.92573E-2 3.10723E-2 1.54609E-2 2.71803E-2
-9999 -9999 -9999 -9999 -9999 -9999 -9999 -9999 -9999 -9999 -9999 3.35662E-1 2.88159E-1 2.30821E-1 2.22233E-1 2.13374E-1 2.7778E-1 2.86651E-1 1.94365E-1 1.48552E-1 1.29305E-1 1.47133E-1 2.90934E-1 3.09919E-1 2.52349E-1 2.95992E-1 3.05631E-1 2.71051E-1 2.90384E-1 2.21488E-1 1.75662E-1 1.71398E-1 1.25703E-1 1.05626E-1 7.56528E-2 3.62096E-2 2.68579E-2 2.78207E-2 2.66786E-2 3.10575E-2 2.83275E-2 1.67943E-2 2.16975E-2 2.60054E-2 3.7286E-2 4.37339E-2 5.14001E-2 3.65215E-2 2.05728E-2 2.16693E-2 1.53506E-2 8.12097E-3 1.54811E-2 4.43432E-2 5.37251E-2 4.07646E-2 1.86969E-2 1.85717E-2
-9999 -9999 -9999 -9999 -9999 -9999 -9999 -9999 -9999 -9999 -9999 3.31603E-1 2.4878E-1 2.08124E-1 2.22875E-1 2.40561E-1 3.15495E-1 1.64353E-1 9.97673E-2 1.10508E-1 1.15825E-1 1.05996E-1 1.14878E-1 1.46855E-1 2.36538E-1 2.8458E-1 3.05597E-1 2.3636E-1 2.5416E-1 2.39192E-1 2.38328E-1 1.28616E-1 1.02224E-1 8.91979E-2 9.13652E-2 6.07428E-2 3.23505E-2 2.87605E-2 3.10735E-2 2.07621E-2 2.16793E-2 1.75278E-2 1.86442E-2 1.3847E-2 1.43742E-2 5.12063E-2 4.58696E-2 4.72988E-2 2.81638E-2 2.54534E-2 2.45179E-2 1.30245E-2 9.93125E-3 2.41247E-2 5.1027E-2 3.41642E-2 1.87035E-2 1.64487E-2
