Phytophthora/models/20240529_1714_25/Phytophthora_PA3_RUN6_MAXENT_outputs/projMaxent.asc
ncols         225
nrows         269
xllcorner     473009.9838
yllcorner     4429051.1748
cellsize      50.0
NODATA_value  -9999
[rows 182 to 207 of 269, columns 116 to 173 of 225]
6.50965E-1 6.81837E-1 6.477E-1 5.60223E-1 7.64012E-1 6.92565E-1 5.78294E-1 6.35465E-1 6.52154E-1 7.38584E-1 7.24437E-1 7.09781E-1 6.93889E-1 4.67255E-1 4.13609E-1 3.58649E-1 2.67984E-1 2.80789E-1 2.96299E-1 3.09881E-1 2.39015E-1 2.86153E-1 3.83124E-1 4.41195E-1 3.57315E-1 5.1021E-1 5.49573E-1 3.92996E-1 4.17594E-1 2.76702E-1 2.06556E-1 1.73962E-1 1.31929E-1 1.1158E-1 1.10301E-1 1.29062E-1 2.94532E-1 4.70628E-1 5.2864E-1 3.92095E-1 2.69313E-1 3.70155E-1 4.33841E-1 3.34653E-1 6.25169E-1 7.14518E-1 5.17691E-1 5.64384E-1 6.01257E-1 3.83496E-1 2.63974E-1 4.0442E-1 4.78059E-1 4.49206E-1 3.49551E-1 3.59448E-1 5.10879E-1 4.90746E-1
6.4101E-1 6.43057E-1 5.76806E-1 5.59069E-1 5.52895E-1 6.70807E-1 6.39045E-1 4.32969E-1 7.27747E-1 7.4857E-1 7.2716E-1 7.26598E-1 7.06983E-1 5.88487E-1 4.94251E-1 5.0907E-1 3.26327E-1 3.22906E-1 3.54701E-1 4.03289E-1 3.11322E-1 2.16118E-1 3.44792E-1 5.7366E-1 5.12123E-1 6.10449E-1 5.00887E-1 3.22329E-1 3.92384E-1 3.11177E-1 2.7293E-1 2.39853E-1 1.30068E-1 1.05571E-1 1.02714E-1 1.45002E-1 2.64226E-1 4.34546E-1 3.241E-1 2.67495E-1 2.41179E-1 3.56999E-1 4.35484E-1 4.02189E-1 6.41105E-1 7.13707E-1 5.29018E-1 5.27894E-1 5.3709E-1 3.60731E-1 3.10333E-1 3.85896E-1 5.63394E-1 4.18451E-1 2.67442E-1 2.91667E-1 4.62698E-1 5.09999E-1
7.84568E-1 5.2713E-1 5.15429E-1 5.85389E-1 5.55893E-1 6.38252E-1 7.1382E-1 6.36921E-1 5.98748E-1 7.10972E-1 6.13187E-1 6.56067E-1 6.88201E-1 7.15055E-1 7.1181E-1 6.04206E-1 4.24305E-1 3.29537E-1 2.68388E-1 3.40235E-1 3.63347E-1 2.43704E-1 2.5153E-1 2.2867E-1 6.53048E-1 4.32775E-1 2.79589E-1 5.156E-1 2.58961E-1 2.98767E-1 3.28526E-1 2.66237E-1 1.72552E-1 1.2083E-1 9.90435E-2 1.28956E-1 2.06419E-1 2.09887E-1 1.77958E-1 1.93192E-1 2.79826E-1 3.43913E-1 4.0875E-1 4.76113E-1 6.59034E-1 7.21337E-1 5.70568E-1 2.58328E-1 4.77115E-1 4.56481E-1 4.48748E-1 6.33947E-1 6.42595E-1 5.40955E-1 3.88358E-1 3.38057E-1 3.16277E-1 2.96482E-1
6.86643E-1 5.41724E-1 5.80553E-1 5.47092E-1 5.76259E-1 7.05629E-1 7.6042E-1 6.82349E-1 4.80106E-1 7.13314E-1 7.20094E-1 7.25421E-1 7.25124E-1 7.34908E-1 7.28676E-1 7.26604E-1 6.59564E-1 4.67715E-1 2.89968E-1 2.61742E-1 2.9689E-1 2.66756E-1 2.2908E-1 1.63045E-1 5.54665E-1 3.70602E-1 2.67826E-1 2.61997E-1 3.31255E-1 2.90859E-1 2.80315E-1 2.48551E-1 2.07224E-1 1.41865E-1 1.34596E-1 1.62864E-1 2.49018E-1 2.95558E-1 2.68625E-1 3.22525E-1 4.28593E-1 4.64012E-1 4.07271E-1 6.11183E-1 7.52768E-1 7.59824E-1 7.25717E-1 3.62204E-1 4.60318E-1 3.38854E-1 4.00305E-1 3.9397E-1 2.86886E-1 2.58383E-1 3.34883E-1 3.18299E-1 3.15208E-1 3.46981E-1
7.41523E-1 6.04184E-1 5.72633E-1 6.38696E-1 5.88986E-1 7.08921E-1 7.63326E-1 7.67554E-1 7.40338E-1 6.8189E-1 7.62017E-1 7.5303E-1 7.46032E-1 7.49646E-1 7.42051E-1 7.45445E-1 7.51411E-1 6.38066E-1 4.21521E-1 2.95981E-1 2.92716E-1 1.92417E-1 1.67321E-1 4.50504E-1 4.67284E-1 3.94874E-1 2.8283E-1 2.28641E-1 3.53575E-1 3.20139E-1 2.79899E-1 2.53089E-1 1.73159E-1 1.40844E-1 1.68273E-1 1.64107E-1 2.1925E-1 3.65798E-1 5.02849E-1 5.96524E-1 6.09957E-1 4.80692E-1 4.6676E-1 6.97535E-1 8.03405E-1 8.52279E-1 6.92072E-1 2.38606E-1 4.15893E-1 4.65327E-1 3.55424E-1 3.20678E-1 2.34539E-1 2.04152E-1 2.26757E-1 3.07381E-1 3.40123E-1 4.47049E-1
7.50529E-1 6.71225E-1 6.22608E-1 6.18953E-1 5.78563E-1 6.12659E-1 6.8162E-1 7.67551E-1 6.60917E-1 5.69765E-1 7.29993E-1 7.62456E-1 7.56948E-1 7.6107E-1 7.56843E-1 7.62622E-1 7.69467E-1 7.2207E-1 5.32363E-1 3.55019E-1 2.87226E-1 3.07597E-1 3.35393E-1 7.01792E-1 6.68699E-1 4.75008E-1 2.57333E-1 2.31519E-1 3.57899E-1 3.30443E-1 2.77322E-1 2.63213E-1 2.09267E-1 1.622E-1 1.85708E-1 1.85606E-1 2.99192E-1 4.20407E-1 5.72452E-1 6.07272E-1 5.62221E-1 4.295E-1 4.08222E-1 5.6131E-1 7.19902E-1 8.84705E-1 7.37493E-1 3.46732E-1 3.04921E-1 4.66376E-1 3.50086E-1 3.1334E-1 2.57489E-1 2.29998E-1 2.57234E-1 3.0517E-1 3.67135E-1 4.79762E-1
8.01351E-1 7.74569E-1 6.45557E-1 5.89155E-1 6.1028E-1 5.53203E-1 6.30139E-1 7.68735E-1 6.41891E-1 5.08128E-1 7.29291E-1 7.66778E-1 7.54142E-1 7.64098E-1 7.60489E-1 7.62871E-1 7.69313E-1 7.44351E-1 5.49557E-1 4.27031E-1 2.9947E-1 2.12127E-1 5.5951E-1 6.62037E-1 6.23291E-1 5.98038E-1 4.12333E-1 2.12751E-1 2.10762E-1 2.64652E-1 2.36729E-1 2.38062E-1 2.28366E-1 1.84305E-1 2.09676E-1 2.15093E-1 2.44354E-1 4.36067E-1 5.33854E-1 4.7666E-1 4.12391E-1 3.37723E-1 3.62503E-1 4.93391E-1 5.50508E-1 8.58698E-1 7.4177E-1 3.34675E-1 2.73559E-1 3.44454E-1 2.91475E-1 2.65923E-1 2.50096E-1 2.9435E-1 3.13631E-1 3.46227E-1 4.17425E-1 4.91726E-1
7.8314E-1 7.53583E-1 6.31271E-1 4.86354E-1 7.16482E-1 6.64817E-1 7.6734E-1 7.72149E-1 7.48377E-1 6.9056E-1 5.36707E-1 7.65255E-1 7.40085E-1 7.64577E-1 7.61877E-1 7.60681E-1 7.67547E-1 7.43448E-1 5.82221E-1 4.3784E-1 1.80408E-1 3.73125E-1 6.14726E-1 4.85055E-1 4.0231E-1 4.30015E-1 4.32428E-1 1.7473E-1 1.34314E-1 2.29099E-1 2.7707E-1 2.94265E-1 3.1169E-1 2.7412E-1 3.30557E-1 3.69259E-1 2.25444E-1 3.63E-1 3.23411E-1 3.40551E-1 3.71685E-1 3.51733E-1 3.95185E-1 4.57225E-1 5.75018E-1 8.3212E-1 7.71201E-1 2.40146E-1 2.84709E-1 2.95816E-1 2.81366E-1 3.31533E-1 3.0141E-1 3.83476E-1 3.76815E-1 3.72458E-1 4.12584E-1 4.40579E-1
7.63261E-1 7.86265E-1 7.81548E-1 7.24089E-1 7.20226E-1 6.20953E-1 5.82415E-1 6.70342E-1 7.49964E-1 7.15389E-1 7.69083E-1 7.83376E-1 7.64384E-1 7.62746E-1 7.59031E-1 7.58333E-1 7.51318E-1 6.54196E-1 5.23971E-1 2.776E-1 3.43067E-1 4.46899E-1 4.21488E-1 3.34327E-1 3.42921E-1 4.06098E-1 3.58714E-1 1.49824E-1 1.46284E-1 2.90023E-1 4.05446E-1 4.48683E-1 3.81304E-1 3.93487E-1 4.84921E-1 4.33704E-1 2.80733E-1 3.66472E-1 3.20472E-1 3.23139E-1 3.2036E-1 2.85418E-1 3.76078E-1 4.46276E-1 5.86252E-1 7.71157E-1 7.55534E-1 6.64793E-1 2.44297E-1 3.00379E-1 2.63832E-1 3.58582E-1 3.42987E-1 3.81454E-1 3.97757E-1 4.20718E-1 3.88545E-1 4.46259E-1
7.20854E-1 7.9144E-1 7.84473E-1 6.06627E-1 4.52866E-1 6.10215E-1 5.29269E-1 6.3654E-1 7.25871E-1 7.72028E-1 7.94506E-1 8.09546E-1 7.69587E-1 6.92813E-1 7.4279E-1 6.46964E-1 5.78461E-1 6.00316E-1 3.69945E-1 6.03335E-1 5.12714E-1 4.67465E-1 3.30702E-1 3.01525E-1 3.03715E-1 4.16147E-1 4.28632E-1 1.79226E-1 2.25895E-1 3.35316E-1 3.5261E-1 3.65368E-1 4.03988E-1 4.15226E-1 4.71781E-1 4.37228E-1 2.73764E-1 3.35619E-1 3.77536E-1 3.54251E-1 3.40038E-1 3.13978E-1 3.67878E-1 4.68028E-1 6.97408E-1 7.43039E-1 7.64028E-1 7.60768E-1 6.89381E-1 1.55329E-1 1.25733E-1 1.68829E-1 2.26154E-1 3.60523E-1 3.9558E-1 4.25808E-1 3.64782E-1 4.34584E-1
6.80725E-1 7.94776E-1 7.79565E-1 5.82469E-1 4.07539E-1 5.72287E-1 5.46167E-1 5.01107E-1 6.70275E-1 7.01081E-1 7.31451E-1 8.05526E-1 7.74981E-1 6.96547E-1 5.5052E-1 5.17846E-1 4.67764E-1 2.73973E-1 3.57468E-1 4.27388E-1 4.3167E-1 5.21357E-1 4.81175E-1 3.66126E-1 3.01324E-1 3.75816E-1 4.22831E-1 2.81928E-1 2.41506E-1 3.87579E-1 3.76965E-1 3.88326E-1 3.94087E-1 4.45854E-1 5.22116E-1 4.45917E-1 2.83726E-1 3.18914E-1 3.76516E-1 3.87915E-1 3.99804E-1 3.64869E-1 3.93695E-1 5.07997E-1 7.17057E-1 7.51253E-1 7.70669E-1 7.67613E-1 6.74699E-1 5.44354E-1 2.63298E-1 2.4195E-1 2.17825E-1 2.44264E-1 2.59684E-1 2.31496E-1 3.50146E-1 4.93347E-1
6.37316E-1 7.96459E-1 7.83804E-1 5.90956E-1 3.92743E-1 5.63231E-1 6.57755E-1 4.31415E-1 5.93107E-1 7.0268E-1 7.04527E-1 8.04894E-1 6.14599E-1 4.99925E-1 6.19802E-1 4.21216E-1 3.47993E-1 2.83402E-1 2.59594E-1 4.26094E-1 3.85443E-1 6.4157E-1 5.43357E-1 3.22034E-1 2.70297E-1 3.4341E-1 3.56941E-1 2.48079E-1 2.70161E-1 4.33869E-1 5.03701E-1 4.64966E-1 4.07855E-1 3.96976E-1 4.19375E-1 3.84409E-1 3.4499E-1 3.88622E-1 3.91396E-1 4.06208E-1 4.04298E-1 3.53844E-1 3.92562E-1 5.82429E-1 7.20956E-1 7.4593E-1 7.52475E-1 7.51959E-1 6.53688E-1 5.27794E-1 4.92862E-1 4.93519E-1 3.87152E-1 4.34583E-1 4.19606E-1 4.52883E-1 4.53277E-1 4.06371E-1
7.30168E-1 7.46516E-1 7.67603E-1 5.91452E-1 4.57737E-1 5.1771E-1 6.67573E-1 5.95673E-1 4.74814E-1 7.2184E-1 7.81023E-1 8.18296E-1 8.68798E-1 6.70868E-1 4.19801E-1 4.41211E-1 4.68106E-1 3.55751E-1 3.29456E-1 3.65167E-1 4.03864E-1 5.83011E-1 4.23864E-1 3.77763E-1 3.33098E-1 4.04392E-1 3.10743E-1 2.45728E-1 3.12443E-1 4.1658E-1 4.37923E-1 5.15346E-1 4.74861E-1 4.0093E-1 2.98068E-1 2.86244E-1 3.94223E-1 4.57602E-1 4.93195E-1 4.5278E-1 4.24324E-1 3.38861E-1 3.67324E-1 7.0477E-1 7.27823E-1 7.42989E-1 7.45659E-1 6.43737E-1 5.59035E-1 5.0181E-1 4.73693E-1 4.80192E-1 5.18973E-1 5.65235E-1 6.16666E-1 5.14425E-1 4.26719E-1 4.08949E-1
6.7107E-1 5.69317E-1 7.6061E-1 6.18481E-1 5.69858E-1 4.41946E-1 5.76053E-1 6.39625E-1 4.23688E-1 7.75707E-1 7.80945E-1 7.73655E-1 7.08772E-1 5.57288E-1 4.87685E-1 5.12471E-1 5.01187E-1 4.0085E-1 3.67154E-1 3.73048E-1 4.80264E-1 3.6443E-1 3.8637E-1 4.79452E-1 3.60416E-1 5.41543E-1 4.13E-1 3.50635E-1 3.48781E-1 3.97128E-1 4.4891E-1 4.76398E-1 4.89578E-1 4.21541E-1 3.17388E-1 2.76749E-1 4.31992E-1 5.59609E-1 5.46188E-1 4.95383E-1 4.25479E-1 3.96468E-1 3.89909E-1 6.47751E-1 7.19584E-1 6.7779E-1 5.61859E-1 5.33701E-1 4.87068E-1 5.08387E-1 4.95919E-1 6.00219E-1 5.15927E-1 4.33892E-1 4.75126E-1 4.77428E-1 5.32649E-1 5.4038E-1
9.13018E-1 7.37335E-1 5.21701E-1 8.567E-1 6.71964E-1 5.04148E-1 4.52127E-1 6.94848E-1 4.81808E-1 6.05526E-1 8.34769E-1 6.96464E-1 5.06912E-1 3.25367E-1 2.85695E-1 3.4439E-1 3.68371E-1 3.7213E-1 3.48523E-1 4.84231E-1 3.68311E-1 2.58892E-1 2.95942E-1 4.22453E-1 5.37458E-1 5.91166E-1 5.23324E-1 3.77922E-1 3.08455E-1 4.61113E-1 4.69107E-1 4.70923E-1 4.59708E-1 4.24545E-1 3.4252E-1 3.22579E-1 4.36399E-1 5.90989E-1 6.76395E-1 6.55608E-1 5.84594E-1 5.77014E-1 4.88771E-1 5.60691E-1 7.20001E-1 7.13189E-1 5.88629E-1 5.42049E-1 5.78308E-1 5.81635E-1 6.1303E-1 5.01503E-1 4.0152E-1 4.49771E-1 5.85637E-1 5.67924E-1 4.93831E-1 5.97259E-1
7.32416E-1 5.38975E-1 4.88991E-1 5.52994E-1 8.46215E-1 6.45267E-1 4.88321E-1 6.03091E-1 6.56438E-1 6.02356E-1 7.91528E-1 7.69042E-1 6.91398E-1 4.81531E-1 3.71988E-1 4.27259E-1 3.76653E-1 3.78702E-1 2.70003E-1 3.68244E-1 3.86306E-1 3.4502E-1 3.99215E-1 3.99782E-1 4.4777E-1 5.15082E-1 5.40285E-1 4.10778E-1 3.38444E-1 4.67059E-1 4.85631E-1 4.93659E-1 4.54578E-1 4.8956E-1 3.89645E-1 3.63713E-1 5.49198E-1 6.53158E-1 5.13044E-1 4.63646E-1 4.83707E-1 5.54307E-1 6.11981E-1 6.44584E-1 8.33787E-1 7.27861E-1 6.6636E-1 6.4886E-1 6.42301E-1 6.20026E-1 5.34093E-1 4.42754E-1 5.17548E-1 5.9361E-1 6.06864E-1 4.37371E-1 3.95051E-1 4.85478E-1
6.47226E-1 6.21607E-1 4.81968E-1 6.3088E-1 6.47354E-1 6.50985E-1 6.96177E-1 6.77496E-1 7.36809E-1 6.34359E-1 5.49428E-1 7.76546E-1 7.7506E-1 4.82788E-1 4.19214E-1 4.38447E-1 4.32925E-1 3.67165E-1 2.34394E-1 1.96478E-1 2.88601E-1 2.5642E-1 2.80314E-1 2.60736E-1 2.96479E-1 2.90992E-1 3.98957E-1 4.31993E-1 4.20495E-1 4.88317E-1 5.44948E-1 5.07534E-1 5.14045E-1 5.12232E-1 5.04175E-1 5.86562E-1 5.87123E-1 5.19634E-1 5.59263E-1 4.93802E-1 4.78801E-1 4.73902E-1 4.783E-1 5.27433E-1 7.8051E-1 7.92944E-1 6.86994E-1 5.54892E-1 6.35039E-1 6.90513E-1 6.07795E-1 6.77653E-1 6.00535E-1 5.99232E-1 4.56013E-1 4.17366E-1 3.80341E-1 4.52733E-1
6.16284E-1 5.85534E-1 6.04755E-1 6.26041E-1 6.38948E-1 6.59774E-1 5.19884E-1 4.77495E-1 3.54485E-1 3.42023E-1 4.06975E-1 3.04101E-1 6.39285E-1 4.03895E-1 4.27209E-1 4.72377E-1 3.90574E-1 2.80132E-1 2.11841E-1 1.66781E-1 2.17803E-1 2.28141E-1 2.63221E-1 2.68629E-1 3.60883E-1 3.33462E-1 3.31043E-1 4.36275E-1 5.1898E-1 5.40446E-1 5.30814E-1 4.68568E-1 5.91429E-1 6.89658E-1 6.00433E-1 4.53015E-1 5.7754E-1 6.1418E-1 5.78361E-1 6.03897E-1 5.08256E-1 4.6971E-1 5.5561E-1 5.54047E-1 5.20054E-1 6.89846E-1 6.04314E-1 4.99417E-1 5.16918E-1 5.94597E-1 5.47423E-1 5.18587E-1 4.85908E-1 4.31376E-1 3.90022E-1 3.47085E-1 3.34319E-1 3.84848E-1
5.76895E-1 5.41713E-1 5.64938E-1 6.22998E-1 5.5297E-1 5.13438E-1 5.58222E-1 3.60301E-1 1.54801E-1 2.62367E-1 3.78363E-1 4.89269E-1 6.42064E-1 4.09703E-1 3.63854E-1 4.51222E-1 3.92747E-1 2.65301E-1 1.79541E-1 1.81199E-1 2.21844E-1 2.36136E-1 2.92934E-1 2.72523E-1 3.17475E-1 3.58532E-1 3.54519E-1 4.10462E-1 5.44556E-1 5.56902E-1 5.58828E-1 7.14516E-1 6.17236E-1 5.00421E-1 3.78174E-1 3.79093E-1 4.82835E-1 4.42538E-1 4.59831E-1 4.92777E-1 6.25095E-1 6.18643E-1 5.86442E-1 4.98492E-1 4.68119E-1 5.22279E-1 4.58005E-1 4.49604E-1 4.86788E-1 5.65135E-1 5.30635E-1 4.77293E-1 3.6995E-1 3.91963E-1 4.13742E-1 3.48756E-1 3.32985E-1 3.91103E-1
5.60857E-1 5.38112E-1 5.61002E-1 5.96415E-1 5.71779E-1 5.42709E-1 3.94586E-1 5.10613E-1 3.65633E-1 5.23489E-1 5.77701E-1 6.17544E-1 5.34482E-1 4.75861E-1 4.56136E-1 4.28797E-1 3.68176E-1 2.75867E-1 2.2294E-1 1.89535E-1 2.60028E-1 2.51127E-1 2.81019E-1 2.54506E-1 2.69761E-1 3.62215E-1 4.6468E-1 5.38607E-1 5.73351E-1 5.83346E-1 6.31492E-1 7.39079E-1 4.72088E-1 4.95771E-1 4.01798E-1 3.21076E-1 4.4518E-1 4.37776E-1 4.71265E-1 4.97526E-1 5.18891E-1 6.52094E-1 5.10492E-1 4.07829E-1 4.76303E-1 4.95474E-1 3.98455E-1 4.2583E-1 4.69803E-1 5.12399E-1 5.03303E-1 3.38253E-1 2.94355E-1 3.12653E-1 3.59215E-1 3.69013E-1 3.17182E-1 3.78125E-1
6.07243E-1 5.8966E-1 6.12535E-1 6.49203E-1 6.58051E-1 6.76382E-1 5.55363E-1 6.69893E-1 5.61144E-1 6.10412E-1 5.42902E-1 5.51266E-1 5.05656E-1 5.11813E-1 4.78495E-1 4.69592E-1 4.71011E-1 3.85938E-1 3.11077E-1 2.80324E-1 3.94362E-1 4.03842E-1 2.7813E-1 2.74794E-1 2.95458E-1 4.2148E-1 5.099E-1 5.57683E-1 6.50662E-1 6.37813E-1 6.47005E-1 5.33517E-1 4.94472E-1 5.48903E-1 4.42989E-1 3.29943E-1 3.71141E-1 4.71102E-1 4.9348E-1 5.10423E-1 5.53791E-1 6.42375E-1 5.07768E-1 4.90335E-1 4.62417E-1 4.6856E-1 4.09898E-1 4.38641E-1 5.23222E-1 5.18005E-1 4.59457E-1 4.4351E-1 3.74199E-1 3.69535E-1 5.45838E-1 5.82653E-1 3.47324E-1 4.25352E-1
6.62406E-1 6.54393E-1 6.60103E-1 6.80514E-1 6.62098E-1 7.2523E-1 3.96255E-1 3.39372E-1 4.08979E-1 7.58399E-1 6.23686E-1 7.67885E-1 8.1686E-1 7.612E-1 5.12687E-1 4.09933E-1 4.03146E-1 3.54051E-1 3.16288E-1 2.89719E-1 2.99825E-1 2.63516E-1 2.46812E-1 2.82697E-1 3.65794E-1 6.35562E-1 6.26787E-1 7.08427E-1 6.97521E-1 6.75877E-1 6.27703E-1 5.08407E-1 4.96273E-1 5.06385E-1 4.22644E-1 3.2779E-1 3.88184E-1 4.86066E-1 4.79835E-1 6.12789E-1 5.69119E-1 5.28191E-1 5.052E-1 5.21079E-1 5.20302E-1 5.55186E-1 4.42787E-1 5.0771E-1 6.30779E-1 5.92925E-1 5.21545E-1 4.3544E-1 4.51224E-1 4.99123E-1 5.7549E-1 6.17891E-1 4.43517E-1 4.69785E-1
7.2036E-1 7.28136E-1 7.32082E-1 7.3976E-1 7.10808E-1 3.68144E-1 7.53615E-1 5.68E-1 5.43957E-1 6.82104E-1 7.04509E-1 6.77439E-1 9.31676E-1 8.81646E-1 6.52082E-1 3.97115E-1 4.03296E-1 3.63919E-1 3.36202E-1 3.06789E-1 2.27439E-1 2.29984E-1 2.76331E-1 3.55245E-1 5.52981E-1 7.0781E-1 7.15875E-1 6.98511E-1 6.16441E-1 6.72321E-1 6.45861E-1 5.23161E-1 4.67808E-1 4.86308E-1 3.36185E-1 3.14819E-1 3.96842E-1 4.57228E-1 4.62605E-1 6.10545E-1 4.79483E-1 4.87753E-1 4.59889E-1 5.32025E-1 5.34587E-1 6.20395E-1 5.56043E-1 5.85027E-1 6.08201E-1 5.70814E-1 6.74552E-1 6.30499E-1 5.81325E-1 6.00571E-1 6.33261E-1 6.05519E-1 4.29699E-1 3.66994E-1
7.83179E-1 7.99643E-1 7.81195E-1 7.67996E-1 6.07276E-1 5.05826E-1 7.17271E-1 5.49376E-1 3.95252E-1 5.67422E-1 6.47796E-1 4.83991E-1 7.78721E-1 7.87473E-1 7.55528E-1 6.30356E-1 6.07067E-1 4.62679E-1 4.12702E-1 3.17724E-1 1.80445E-1 2.4894E-1 2.97401E-1 5.24445E-1 5.84997E-1 7.28455E-1 7.05052E-1 7.26472E-1 6.98299E-1 6.78106E-1 6.36556E-1 5.29489E-1 4.9352E-1 4.35507E-1 3.40215E-1 3.28456E-1 4.2068E-1 4.56024E-1 5.20204E-1 6.06577E-1 4.9785E-1 5.30905E-1 4.18011E-1 4.57668E-1 6.06326E-1 8.09753E-1 7.68588E-1 5.84276E-1 5.7071E-1 5.38075E-1 5.15752E-1 5.88686E-1 5.58546E-1 6.83184E-1 7.94617E-1 7.62726E-1 4.15893E-1 3.3036E-1
3.6097E-1 5.70249E-1 4.9514E-1 3.08264E-1 4.72759E-1 5.59622E-1 5.13575E-1 4.66267E-1 4.3731E-1 6.37837E-1 5.94185E-1 5.09448E-1 6.21181E-1 7.64422E-1 7.52918E-1 7.4471E-1 7.38309E-1 5.80244E-1 4.96976E-1 4.20391E-1 2.71266E-1 2.46667E-1 2.9785E-1 6.3085E-1 6.99446E-1 7.43004E-1 7.63157E-1 7.3409E-1 7.30726E-1 6.69345E-1 5.60115E-1 5.26263E-1 4.5069E-1 4.19563E-1 3.65635E-1 3.22769E-1 3.89235E-1 4.64489E-1 6.13624E-1 6.32671E-1 6.64568E-1 6.79058E-1 5.60448E-1 4.78152E-1 7.10886E-1 6.8519E-1 5.44521E-1 4.54262E-1 5.46545E-1 5.50403E-1 6.27762E-1 6.54916E-1 4.94077E-1 5.36002E-1 6.25495E-1 6.37469E-1 3.8941E-1 2.97929E-1
8.32319E-1 7.45455E-1 6.00427E-1 4.39201E-1 5.07299E-1 5.18363E-1 3.89369E-1 4.35496E-1 5.30797E-1 5.10273E-1 4.99819E-1 5.22736E-1 5.08926E-1 6.89234E-1 7.56132E-1 7.48962E-1 6.87145E-1 7.32781E-1 7.23962E-1 6.51875E-1 3.55065E-1 3.10934E-1 3.68483E-1 5.7838E-1 7.13386E-1 7.57655E-1 7.8097E-1 7.42102E-1 7.31443E-1 6.73513E-1 5.9251E-1 4.97259E-1 4.64727E-1 4.61153E-1 3.58952E-1 3.37567E-1 3.80838E-1 4.82021E-1 7.43616E-1 7.98645E-1 6.9443E-1 6.02439E-1 5.60505E-1 5.6116E-1 5.35691E-1 5.25778E-1 6.44587E-1 4.47342E-1 5.3793E-1 5.61919E-1 5.83272E-1 6.05011E-1 4.03969E-1 3.48216E-1 4.63138E-1 5.19505E-1 3.86546E-1 2.16623E-1
