Phytophthora/models/20240501_1439_25/Phytophthora_PA3_RUN9_MAXENT_outputs/Phytophthora_PA3_RUN9.asc
ncols         225
nrows         269
xllcorner     473000.0
yllcorner     4429100.0
cellsize      50.0
NODATA_value  -9999
[rows 162 to 188 of 269, columns 60 to 119 of 225]
3.30019E-1 1.44732E-1 3.73901E-1 2.54205E-1 3.843E-1 3.88038E-1 4.13896E-1 3.88272E-1 3.58743E-1 3.47748E-1 2.784E-1 3.55404E-1 4.43145E-1 3.18927E-1 5.3518E-1 4.18763E-1 5.08266E-1 4.88037E-1 4.99118E-1 5.27277E-1 5.28672E-1 5.3873E-1 5.5802E-1 4.04975E-1 6.90856E-1 5.37651E-1 4.20734E-1 3.95299E-1 5.62962E-1 4.9983E-1 4.71155E-1 4.54694E-1 5.22388E-1 6.29695E-1 4.98048E-1 4.83169E-1 4.63849E-1 4.48172E-1 4.26153E-1 4.21481E-1 3.753E-1 3.21945E-1 2.5144E-1 3.2782E-1 3.41285E-1 3.38158E-1 3.24587E-1 3.00151E-1 2.80721E-1 2.45659E-1 1.78762E-1 2.20237E-1 1.93672E-1 1.44823E-1 1.61748E-1 2.21953E-1 2.84663E-1 3.14471E-1 3.3841E-1 5.12709E-1
1.03732E-1 4.11911E-1 3.71224E-1 3.60528E-1 3.45126E-1 3.00086E-1 2.07712E-1 2.42615E-1 2.8281E-1 3.54641E-1 4.11678E-1 4.15964E-1 4.55092E-1 5.03957E-1 5.09867E-1 4.35219E-1 5.46066E-1 4.90586E-1 4.50268E-1 4.81208E-1 4.80462E-1 4.81892E-1 6.58358E-1 7.17596E-1 5.67107E-1 5.24503E-1 3.69204E-1 4.16855E-1 5.39681E-1 5.1994E-1 4.79304E-1 4.45939E-1 4.21139E-1 4.92684E-1 4.1412E-1 4.44277E-1 4.59762E-1 4.83341E-1 4.92389E-1 4.81109E-1 2.47326E-1 4.24393E-1 4.29653E-1 4.23894E-1 3.92057E-1 3.85524E-1 3.65601E-1 3.4473E-1 3.16066E-1 2.64567E-1 1.90477E-1 2.06635E-1 1.62952E-1 1.58779E-1 1.88312E-1 2.34128E-1 3.09845E-1 3.50709E-1 5.02682E-1 5.04007E-1
3.87879E-1 3.7175E-1 3.35022E-1 3.41272E-1 3.13713E-1 2.67069E-1 3.47574E-1 3.5509E-1 3.91064E-1 2.56455E-1 4.27993E-1 4.05475E-1 4.08578E-1 4.4565E-1 4.32453E-1 -9999 4.49791E-1 3.97659E-1 4.46335E-1 4.56203E-1 4.26403E-1 4.51569E-1 5.12853E-1 7.04511E-1 5.47635E-1 5.25796E-1 4.42471E-1 4.16343E-1 5.67036E-1 5.35063E-1 4.98201E-1 4.45201E-1 4.32559E-1 5.29734E-1 4.86947E-1 5.27331E-1 5.38315E-1 5.50696E-1 5.46551E-1 5.03773E-1 4.18306E-1 3.80772E-1 3.47757E-1 3.27727E-1 3.30966E-1 3.47018E-1 3.28691E-1 3.10538E-1 2.83434E-1 2.30266E-1 1.6647E-1 1.09775E-1 2.19996E-1 2.43952E-1 2.97383E-1 2.95032E-1 3.48012E-1 5.48127E-1 6.23337E-1 2.80986E-1
3.28923E-1 3.47383E-1 3.89495E-1 4.21241E-1 3.86831E-1 3.66457E-1 3.73839E-1 3.66844E-1 3.94046E-1 4.04072E-1 4.00178E-1 4.3131E-1 3.87723E-1 3.85313E-1 3.82347E-1 3.25078E-1 4.31218E-1 4.44647E-1 5.31663E-1 5.30032E-1 4.70657E-1 4.48009E-1 6.69442E-1 6.48404E-1 5.48784E-1 4.92438E-1 5.34109E-1 3.7916E-1 5.60508E-1 5.41493E-1 5.34718E-1 5.14359E-1 4.02715E-1 5.90694E-1 5.85855E-1 6.41961E-1 6.66862E-1 6.79597E-1 5.355E-1 5.17725E-1 4.7722E-1 4.23253E-1 3.69142E-1 3.31688E-1 3.14254E-1 3.21039E-1 2.95682E-1 2.81502E-1 2.55882E-1 2.13648E-1 1.71244E-1 2.03797E-1 2.44602E-1 3.01559E-1 3.42951E-1 3.41343E-1 5.75606E-1 5.36542E-1 5.29607E-1 4.29262E-1
3.97971E-1 4.25459E-1 4.48532E-1 4.48038E-1 4.38231E-1 3.98981E-1 4.0515E-1 3.99888E-1 4.25349E-1 4.44457E-1 4.09254E-1 4.84164E-1 4.67653E-1 4.60352E-1 4.79852E-1 5.73431E-1 4.28622E-1 6.17956E-1 7.28899E-1 6.80549E-1 5.70195E-1 4.52924E-1 5.01377E-1 3.70762E-1 6.08638E-1 3.56349E-1 4.79569E-1 4.74025E-1 4.74489E-1 5.26902E-1 5.38882E-1 5.67717E-1 4.88408E-1 5.59928E-1 5.60599E-1 5.65571E-1 5.87769E-1 5.18112E-1 4.28217E-1 4.1117E-1 4.53906E-1 4.50878E-1 4.07535E-1 3.54474E-1 3.20978E-1 3.09356E-1 2.89842E-1 2.73665E-1 2.57949E-1 2.28162E-1 2.10025E-1 2.68063E-1 3.27362E-1 3.83515E-1 4.44365E-1 6.66735E-1 6.67065E-1 5.1004E-1 3.28697E-1 5.0723E-1
4.02595E-1 4.42873E-1 4.58744E-1 4.50038E-1 4.58142E-1 4.31117E-1 4.36892E-1 4.32692E-1 4.2595E-1 4.53231E-1 3.39268E-1 4.45986E-1 5.02928E-1 4.89559E-1 5.54766E-1 6.96072E-1 7.06994E-1 7.0874E-1 7.9194E-1 7.19633E-1 5.61189E-1 4.96829E-1 4.96909E-1 6.72982E-1 6.73934E-1 4.62734E-1 4.69892E-1 4.944E-1 3.81663E-1 5.47842E-1 5.1931E-1 5.0871E-1 4.49515E-1 4.80095E-1 4.56518E-1 4.48848E-1 4.48066E-1 2.97515E-1 4.37768E-1 4.18505E-1 4.68105E-1 4.43333E-1 4.01385E-1 3.42903E-1 2.91746E-1 2.63502E-1 2.40005E-1 2.1713E-1 2.22928E-1 1.997E-1 2.28426E-1 3.09031E-1 3.70513E-1 4.32574E-1 5.25897E-1 5.01082E-1 4.07071E-1 2.72458E-1 3.26697E-1 2.96159E-1
4.39961E-1 4.77629E-1 4.86606E-1 4.69102E-1 4.71138E-1 4.52442E-1 4.60588E-1 4.4339E-1 4.27808E-1 4.52109E-1 4.7894E-1 5.09875E-1 4.15425E-1 3.88661E-1 5.4712E-1 6.85257E-1 7.66902E-1 5.34861E-1 8.20916E-1 8.05118E-1 5.85815E-1 5.31267E-1 4.94483E-1 6.28605E-1 6.73422E-1 4.30746E-1 4.48988E-1 5.13388E-1 5.23147E-1 5.50883E-1 6.04591E-1 3.24873E-1 4.47868E-1 4.39329E-1 4.29178E-1 3.90871E-1 2.3233E-1 3.66871E-1 3.63296E-1 3.87436E-1 4.69709E-1 4.15807E-1 3.71268E-1 3.07991E-1 2.59462E-1 2.14952E-1 2.0502E-1 1.83853E-1 1.66282E-1 2.23946E-1 2.60628E-1 3.48224E-1 4.06987E-1 4.68448E-1 2.74707E-1 6.35456E-1 2.6092E-1 3.59088E-1 3.12272E-1 2.74336E-1
5.02695E-1 5.46731E-1 5.13324E-1 4.81126E-1 4.90522E-1 2.83653E-1 2.99376E-1 2.83363E-1 4.2961E-1 4.6666E-1 4.43686E-1 4.74536E-1 4.85357E-1 4.42411E-1 3.9686E-1 4.62962E-1 5.67466E-1 7.35722E-1 6.94413E-1 7.53384E-1 6.07798E-1 5.62342E-1 5.28073E-1 4.38281E-1 5.48194E-1 4.25781E-1 4.35684E-1 5.07449E-1 5.1404E-1 5.90422E-1 6.27063E-1 5.10598E-1 3.30583E-1 2.59939E-1 3.48124E-1 3.40318E-1 2.54E-1 3.88836E-1 3.85384E-1 4.31349E-1 4.92066E-1 4.37088E-1 3.87155E-1 3.27137E-1 2.87781E-1 2.30581E-1 1.76578E-1 1.32776E-1 1.84901E-1 2.67258E-1 2.99235E-1 3.88033E-1 4.58525E-1 4.71785E-1 6.77333E-1 4.2375E-1 2.86474E-1 3.81211E-1 3.3735E-1 3.40705E-1
4.85303E-1 4.7128E-1 4.5485E-1 3.84487E-1 3.49744E-1 4.51123E-1 4.38548E-1 4.23319E-1 4.27424E-1 4.54039E-1 4.92503E-1 5.13924E-1 4.57912E-1 2.5546E-1 4.61839E-1 6.21873E-1 6.06229E-1 5.65776E-1 5.88217E-1 4.67617E-1 5.45167E-1 4.37022E-1 2.78869E-1 4.87991E-1 5.78692E-1 4.43586E-1 4.80749E-1 6.17619E-1 2.11227E-1 4.39019E-1 4.3758E-1 5.68407E-1 5.52235E-1 5.08331E-1 3.14889E-1 2.81333E-1 4.36659E-1 3.86304E-1 3.7494E-1 4.57E-1 5.2496E-1 4.93984E-1 4.41505E-1 3.78493E-1 3.35519E-1 2.6095E-1 1.94683E-1 1.34877E-1 1.83475E-1 2.91497E-1 3.86E-1 4.6226E-1 5.20659E-1 5.7397E-1 4.97562E-1 4.65579E-1 3.91466E-1 4.08437E-1 3.76016E-1 3.41561E-1
6.42173E-1 5.97029E-1 5.91477E-1 5.36649E-1 4.26211E-1 5.48046E-1 5.21541E-1 5.21021E-1 5.33245E-1 5.51127E-1 5.3314E-1 4.92924E-1 4.72281E-1 3.75945E-1 4.51402E-1 6.077E-1 5.7733E-1 5.56643E-1 4.55991E-1 5.6077E-1 2.93542E-1 5.02415E-1 5.41036E-1 4.93226E-1 5.1113E-1 2.90182E-1 4.65024E-1 6.60716E-1 4.81854E-1 3.70872E-1 3.50632E-1 3.92765E-1 5.64525E-1 5.90872E-1 6.094E-1 5.77854E-1 5.50224E-1 5.16478E-1 4.328E-1 3.72229E-1 5.23331E-1 4.66706E-1 4.08115E-1 3.46532E-1 2.96711E-1 2.16984E-1 1.62623E-1 1.06128E-1 1.37513E-1 2.07823E-1 2.96287E-1 4.52535E-1 6.0215E-1 6.7554E-1 4.75789E-1 4.65777E-1 3.76803E-1 4.08468E-1 3.94264E-1 3.64234E-1
4.13596E-1 4.43386E-1 4.65347E-1 3.57421E-1 5.39029E-1 5.19617E-1 5.1231E-1 5.08205E-1 5.30645E-1 5.74219E-1 4.96931E-1 4.71285E-1 4.87915E-1 2.93019E-1 4.56358E-1 5.27046E-1 6.13227E-1 4.3432E-1 5.65886E-1 5.8319E-1 4.70653E-1 4.10162E-1 4.54276E-1 4.50362E-1 3.89981E-1 4.37744E-1 4.78367E-1 5.65497E-1 5.72035E-1 5.49347E-1 5.45011E-1 5.91337E-1 5.97801E-1 5.78489E-1 4.49525E-1 5.42914E-1 5.06673E-1 4.73768E-1 4.87954E-1 5.4462E-1 5.98464E-1 4.63254E-1 4.37696E-1 3.59414E-1 3.11916E-1 2.1381E-1 1.47357E-1 9.94191E-2 1.29415E-1 1.9539E-1 2.79463E-1 3.81652E-1 5.01705E-1 6.16067E-1 4.96201E-1 4.80925E-1 3.3134E-1 4.69437E-1 4.58484E-1 3.58868E-1
5.04934E-1 5.06265E-1 5.097E-1 5.50953E-1 5.33002E-1 4.99645E-1 5.12209E-1 4.93869E-1 5.51863E-1 5.6248E-1 4.75766E-1 4.75146E-1 4.61775E-1 2.81096E-1 4.23876E-1 4.06778E-1 4.84384E-1 5.87731E-1 6.12699E-1 5.94638E-1 4.9501E-1 3.84418E-1 4.3129E-1 5.25707E-1 2.08198E-1 3.39399E-1 2.33857E-1 4.14221E-1 5.10247E-1 4.70183E-1 4.92094E-1 4.68419E-1 4.76549E-1 5.60602E-1 3.84131E-1 5.19909E-1 4.8603E-1 4.34313E-1 5.15163E-1 5.56077E-1 5.20076E-1 4.35808E-1 4.04035E-1 3.4817E-1 2.95885E-1 1.99332E-1 1.44731E-1 1.01805E-1 1.76479E-1 2.17846E-1 2.62653E-1 3.35915E-1 4.10184E-1 4.86532E-1 4.87615E-1 5.25164E-1 3.39526E-1 4.99217E-1 4.20084E-1 3.4889E-1
4.4563E-1 4.34767E-1 5.53555E-1 5.40356E-1 5.16589E-1 4.7559E-1 5.0776E-1 5.28954E-1 6.0705E-1 5.63451E-1 4.6045E-1 4.76863E-1 4.85702E-1 2.97053E-1 3.31158E-1 6.06718E-1 6.17856E-1 6.08903E-1 6.07311E-1 5.23569E-1 3.93795E-1 5.13589E-1 5.09423E-1 5.20257E-1 4.49406E-1 4.68517E-1 4.58253E-1 3.84653E-1 4.02621E-1 3.79238E-1 3.94223E-1 4.02233E-1 3.11271E-1 2.96247E-1 4.2028E-1 4.37709E-1 3.8305E-1 3.59586E-1 5.59674E-1 6.18355E-1 5.5403E-1 4.64696E-1 4.46864E-1 3.28615E-1 2.54005E-1 1.88243E-1 1.36746E-1 1.63078E-1 2.15625E-1 2.61984E-1 3.08494E-1 3.5853E-1 3.98969E-1 3.08943E-1 6.5063E-1 4.02158E-1 4.96305E-1 4.57655E-1 4.08779E-1 3.75319E-1
4.86545E-1 5.27508E-1 5.09083E-1 5.30223E-1 5.20699E-1 5.44417E-1 6.34623E-1 6.02912E-1 5.94224E-1 5.24983E-1 4.78062E-1 5.08865E-1 4.92393E-1 3.5217E-1 5.11287E-1 6.22698E-1 6.08805E-1 6.14283E-1 6.3281E-1 6.1387E-1 5.22924E-1 5.34992E-1 5.35101E-1 2.36299E-1 4.41E-1 4.61376E-1 4.52442E-1 2.7129E-1 3.80448E-1 3.56401E-1 3.72994E-1 2.92285E-1 3.15516E-1 3.26778E-1 3.04678E-1 3.16928E-1 2.79179E-1 2.98359E-1 3.58829E-1 5.57136E-1 4.88832E-1 4.17736E-1 3.47234E-1 2.42066E-1 2.19233E-1 1.63157E-1 1.62827E-1 2.08212E-1 2.55817E-1 3.15843E-1 3.53516E-1 4.01618E-1 4.28783E-1 1.28976E-1 4.42766E-1 4.17497E-1 3.20802E-1 4.11487E-1 4.24801E-1 3.77396E-1
4.62115E-1 4.67217E-1 5.42701E-1 5.38103E-1 5.57101E-1 5.8635E-1 6.92981E-1 6.71629E-1 6.25455E-1 5.5724E-1 5.51781E-1 5.62246E-1 4.62618E-1 4.89638E-1 4.86678E-1 5.60209E-1 5.52481E-1 5.3691E-1 5.51251E-1 5.8251E-1 6.0152E-1 4.58059E-1 5.77259E-1 -9999 5.25185E-1 5.76885E-1 5.90183E-1 5.76585E-1 4.24771E-1 5.03801E-1 4.25473E-1 2.8072E-1 3.79976E-1 3.43333E-1 3.25708E-1 3.68856E-1 3.75914E-1 3.66171E-1 4.73485E-1 5.20431E-1 4.7805E-1 4.09869E-1 3.4378E-1 2.71383E-1 2.33673E-1 1.48227E-1 1.66174E-1 2.11379E-1 2.73451E-1 3.49546E-1 4.20664E-1 4.72136E-1 4.86498E-1 2.55821E-1 3.83457E-1 3.60822E-1 2.44602E-1 4.17517E-1 4.27686E-1 3.70814E-1
5.74649E-1 5.54434E-1 3.63529E-1 5.41421E-1 5.52922E-1 5.90582E-1 7.18738E-1 7.04337E-1 5.28486E-1 4.69608E-1 4.69123E-1 4.7956E-1 4.80491E-1 3.95463E-1 5.55698E-1 4.23223E-1 5.58825E-1 5.53724E-1 5.80451E-1 5.68104E-1 4.72921E-1 6.47089E-1 4.33012E-1 4.98246E-1 5.71241E-1 5.26117E-1 4.71784E-1 4.69372E-1 4.65148E-1 4.55342E-1 3.98508E-1 2.93295E-1 3.49068E-1 3.10943E-1 3.00268E-1 3.91896E-1 -9999 -9999 5.24643E-1 5.29723E-1 4.83118E-1 4.30305E-1 3.9701E-1 3.18852E-1 2.65955E-1 1.73716E-1 1.86575E-1 2.34373E-1 3.02877E-1 3.71778E-1 4.40302E-1 4.93196E-1 5.23619E-1 4.86673E-1 4.22362E-1 4.18017E-1 4.10363E-1 4.37294E-1 4.58806E-1 3.89408E-1
5.53218E-1 5.48548E-1 5.48784E-1 5.27774E-1 4.60786E-1 6.18418E-1 7.35046E-1 7.12688E-1 4.89965E-1 5.08519E-1 5.06006E-1 5.14424E-1 3.78097E-1 5.35708E-1 5.31824E-1 5.30398E-1 3.93546E-1 5.5395E-1 5.74846E-1 4.48571E-1 5.948E-1 6.44652E-1 6.81366E-1 6.10165E-1 5.59858E-1 5.28163E-1 5.39558E-1 4.98482E-1 4.26659E-1 4.74488E-1 4.01804E-1 3.17111E-1 3.70374E-1 3.27902E-1 3.08551E-1 3.97058E-1 5.20263E-1 3.5739E-1 6.30765E-1 5.7983E-1 5.42834E-1 4.86771E-1 4.4361E-1 3.48267E-1 2.64884E-1 1.80826E-1 2.03204E-1 2.84076E-1 3.60795E-1 4.37041E-1 4.87541E-1 5.43822E-1 6.8059E-1 5.30474E-1 4.63852E-1 4.03741E-1 4.37167E-1 3.39327E-1 4.84669E-1 4.73544E-1
5.38089E-1 5.34235E-1 5.37523E-1 5.84096E-1 4.54517E-1 6.87173E-1 6.23513E-1 4.79539E-1 5.1321E-1 5.63496E-1 5.43756E-1 4.02201E-1 5.39121E-1 5.49285E-1 5.25517E-1 5.31345E-1 5.54387E-1 4.80979E-1 4.79639E-1 6.15567E-1 6.1658E-1 6.6168E-1 6.11649E-1 6.23607E-1 5.20996E-1 4.75901E-1 5.22793E-1 5.10005E-1 3.81277E-1 4.80717E-1 3.8907E-1 4.13831E-1 4.06901E-1 4.09016E-1 4.09254E-1 5.08931E-1 5.34873E-1 4.05626E-1 5.7242E-1 6.04177E-1 5.59678E-1 4.9907E-1 4.64118E-1 3.75741E-1 2.90587E-1 1.922E-1 2.3183E-1 3.05299E-1 3.68744E-1 4.62938E-1 5.15563E-1 5.44532E-1 4.86926E-1 5.40301E-1 4.45598E-1 3.82001E-1 4.33158E-1 2.94333E-1 4.46532E-1 4.86987E-1
5.03688E-1 5.06063E-1 5.43038E-1 6.18088E-1 7.29636E-1 6.20204E-1 5.58519E-1 4.99805E-1 5.60858E-1 6.15225E-1 5.13355E-1 5.82416E-1 5.60037E-1 5.39607E-1 5.12538E-1 5.21588E-1 5.44887E-1 5.62237E-1 5.96166E-1 6.36467E-1 6.96379E-1 7.1805E-1 6.42249E-1 5.41131E-1 4.95176E-1 4.96594E-1 5.58451E-1 4.79067E-1 5.75554E-1 5.38879E-1 3.60316E-1 4.37885E-1 4.22667E-1 4.12055E-1 4.11218E-1 5.08091E-1 5.47095E-1 6.30979E-1 7.34903E-1 5.0306E-1 5.75156E-1 5.03109E-1 4.86227E-1 3.98424E-1 3.15024E-1 2.05256E-1 2.63144E-1 3.4489E-1 4.22542E-1 4.96297E-1 5.55997E-1 5.98604E-1 2.56287E-1 4.5964E-1 4.20614E-1 3.77626E-1 4.26432E-1 3.01653E-1 3.90575E-1 4.50475E-1
4.56571E-1 4.88304E-1 5.42959E-1 7.08862E-1 7.70908E-1 5.99037E-1 4.592E-1 5.66725E-1 6.08534E-1 6.39506E-1 4.87689E-1 5.79969E-1 5.4593E-1 5.11975E-1 4.84986E-1 5.61496E-1 5.89806E-1 5.92945E-1 6.17541E-1 6.72698E-1 7.37661E-1 7.17089E-1 7.94309E-1 6.01867E-1 6.2199E-1 6.11582E-1 6.18433E-1 5.78661E-1 5.75874E-1 5.43282E-1 3.05218E-1 3.98085E-1 3.98692E-1 3.91296E-1 3.6617E-1 4.61343E-1 5.05637E-1 6.1339E-1 6.71348E-1 4.5275E-1 5.33975E-1 4.86803E-1 4.60439E-1 3.76935E-1 3.00996E-1 2.52041E-1 3.02289E-1 3.60831E-1 4.17217E-1 5.07831E-1 5.63585E-1 5.23936E-1 1.62388E-1 5.03966E-1 4.50756E-1 4.30012E-1 4.58268E-1 3.00245E-1 4.20526E-1 4.05507E-1
4.62499E-1 4.78456E-1 5.11247E-1 5.9534E-1 6.41512E-1 5.81788E-1 5.5283E-1 4.96327E-1 6.58726E-1 4.99778E-1 5.94965E-1 5.73299E-1 5.37999E-1 5.07042E-1 4.6328E-1 5.30113E-1 5.63129E-1 5.73869E-1 6.40197E-1 6.35704E-1 5.94334E-1 5.62643E-1 5.88197E-1 4.30874E-1 6.55327E-1 5.83012E-1 5.90695E-1 5.67694E-1 5.60937E-1 5.21366E-1 2.50268E-1 3.59459E-1 3.53442E-1 3.78202E-1 3.66352E-1 4.76405E-1 5.19417E-1 5.84554E-1 7.03436E-1 5.59241E-1 5.39537E-1 5.21439E-1 4.56536E-1 3.7272E-1 2.98435E-1 3.14488E-1 3.51727E-1 3.98468E-1 4.36741E-1 5.02788E-1 5.82043E-1 4.85655E-1 4.72036E-1 5.58116E-1 4.44853E-1 4.4305E-1 4.68569E-1 3.07176E-1 4.38025E-1 4.27609E-1
5.23485E-1 5.30872E-1 5.27252E-1 5.51258E-1 5.85225E-1 6.14145E-1 6.35508E-1 6.84326E-1 5.70445E-1 6.63151E-1 5.82605E-1 5.84454E-1 5.28776E-1 4.87421E-1 4.43364E-1 4.90468E-1 5.26706E-1 5.29723E-1 4.81767E-1 4.7695E-1 5.04154E-1 4.95059E-1 4.66639E-1 3.85701E-1 6.46116E-1 6.09915E-1 6.46162E-1 6.25501E-1 5.83536E-1 5.24241E-1 3.12269E-1 3.58058E-1 3.33957E-1 3.67554E-1 3.97538E-1 5.24486E-1 5.6762E-1 5.95231E-1 7.57185E-1 5.47464E-1 5.39832E-1 5.16949E-1 4.33323E-1 3.65768E-1 3.5117E-1 3.80771E-1 4.05622E-1 4.46773E-1 4.49289E-1 4.92061E-1 4.6822E-1 5.56029E-1 6.27157E-1 6.0767E-1 4.64099E-1 4.71066E-1 4.72864E-1 3.01392E-1 3.70092E-1 4.29628E-1
5.81458E-1 5.80185E-1 5.92576E-1 5.68479E-1 5.97822E-1 4.74588E-1 6.35606E-1 5.70731E-1 7.00539E-1 6.84913E-1 5.89857E-1 5.41414E-1 5.14242E-1 4.66009E-1 4.11601E-1 4.29573E-1 4.50648E-1 4.29407E-1 3.54897E-1 3.93065E-1 4.42849E-1 4.32479E-1 4.49336E-1 5.64311E-1 7.07078E-1 6.64627E-1 6.46643E-1 5.66351E-1 5.58752E-1 3.94661E-1 3.85766E-1 3.68291E-1 3.82052E-1 3.92421E-1 4.089E-1 5.13963E-1 5.70276E-1 5.13252E-1 3.44447E-1 5.47621E-1 5.34166E-1 5.06924E-1 4.03179E-1 3.46307E-1 3.88454E-1 4.30993E-1 4.67742E-1 4.85492E-1 4.71998E-1 4.64084E-1 4.59182E-1 5.52164E-1 5.80278E-1 5.26975E-1 5.57172E-1 4.37551E-1 2.55474E-1 3.25363E-1 3.63649E-1 4.08251E-1
5.62699E-1 5.94933E-1 5.97869E-1 5.80543E-1 4.321E-1 6.66304E-1 7.52207E-1 7.3177E-1 6.61818E-1 6.79792E-1 5.59363E-1 5.0444E-1 4.7466E-1 4.40346E-1 3.8298E-1 3.55775E-1 3.46348E-1 3.45957E-1 -9999 3.46411E-1 3.6357E-1 3.5836E-1 4.40186E-1 4.88284E-1 6.63886E-1 6.08056E-1 5.52706E-1 5.44099E-1 4.99517E-1 3.90181E-1 3.51289E-1 3.54955E-1 3.00312E-1 4.1215E-1 4.34098E-1 5.15749E-1 5.55835E-1 5.6193E-1 6.40961E-1 4.22083E-1 6.54801E-1 4.66122E-1 4.13532E-1 3.90914E-1 4.41686E-1 5.10497E-1 5.45754E-1 5.25334E-1 3.6077E-1 3.44834E-1 5.25325E-1 5.32698E-1 5.10243E-1 3.4606E-1 6.06162E-1 4.9543E-1 2.92762E-1 4.0028E-1 4.30192E-1 3.56752E-1
4.21799E-1 5.44423E-1 4.88633E-1 5.6898E-1 5.881E-1 6.94237E-1 7.47977E-1 5.91647E-1 6.07334E-1 6.18469E-1 5.16018E-1 4.71145E-1 4.11677E-1 3.56584E-1 3.2829E-1 3.64758E-1 -9999 -9999 2.9691E-1 2.84584E-1 2.42236E-1 3.10672E-1 3.93139E-1 1.72544E-1 5.9113E-1 5.59738E-1 5.34075E-1 5.10325E-1 3.92811E-1 4.30604E-1 3.94252E-1 4.81558E-1 4.27858E-1 4.92112E-1 4.84657E-1 3.96951E-1 4.33109E-1 4.10502E-1 3.3651E-1 4.00031E-1 5.10112E-1 3.56572E-1 3.6565E-1 3.1581E-1 3.45192E-1 4.42965E-1 5.88449E-1 6.40386E-1 3.81658E-1 4.63133E-1 4.73429E-1 4.88457E-1 4.91524E-1 3.04463E-1 4.99204E-1 4.35699E-1 4.56508E-1 4.32382E-1 4.06084E-1 4.17395E-1
4.3813E-1 3.91918E-1 5.6995E-1 5.83861E-1 6.47281E-1 7.34649E-1 6.47032E-1 5.35245E-1 6.16686E-1 6.03829E-1 4.82934E-1 4.5925E-1 4.38813E-1 4.21838E-1 4.00558E-1 4.36672E-1 3.74484E-1 3.10493E-1 2.77755E-1 2.76586E-1 2.93595E-1 3.81124E-1 4.8158E-1 7.05138E-1 6.60794E-1 5.35033E-1 5.0905E-1 4.93747E-1 4.70179E-1 4.59214E-1 4.5346E-1 4.7976E-1 5.08459E-1 3.81101E-1 4.74732E-1 4.1727E-1 4.55585E-1 4.76169E-1 3.29196E-1 6.51788E-1 5.53004E-1 3.78773E-1 4.08309E-1 3.70433E-1 3.73212E-1 4.38908E-1 4.73157E-1 5.91174E-1 5.54298E-1 6.29784E-1 4.75709E-1 4.60401E-1 5.29124E-1 3.05679E-1 5.11079E-1 4.04155E-1 4.87215E-1 4.50362E-1 4.73975E-1 3.02126E-1
5.7549E-1 5.62874E-1 6.04645E-1 5.87956E-1 7.43458E-1 6.9573E-1 5.57993E-1 4.93029E-1 5.41047E-1 6.67857E-1 6.56011E-1 5.18778E-1 5.05813E-1 4.99747E-1 4.71169E-1 5.08312E-1 4.3384E-1 3.75659E-1 3.83295E-1 3.86442E-1 3.12021E-1 3.56786E-1 5.82352E-1 6.09792E-1 5.66158E-1 4.45973E-1 4.32067E-1 4.34604E-1 4.64196E-1 4.88741E-1 4.38455E-1 4.77279E-1 5.08304E-1 5.14488E-1 5.4245E-1 3.43128E-1 3.34346E-1 4.53122E-1 6.50242E-1 6.09544E-1 5.62501E-1 3.67041E-1 3.65858E-1 4.54223E-1 3.97346E-1 4.54402E-1 3.71716E-1 2.82515E-1 4.86478E-1 6.50679E-1 5.14652E-1 3.64136E-1 5.48239E-1 4.75924E-1 5.16985E-1 3.40447E-1 5.05187E-1 4.67061E-1 4.89064E-1 3.5815E-1
