Phytophthora/models/20240501_1439_25/Phytophthora_PA3_RUN9_MAXENT_outputs/Phytophthora_PA3_RUN9.asc
ncols         225
nrows         269
xllcorner     473000.0
yllcorner     4429100.0
cellsize      50.0
NODATA_value  -9999
[rows 162 to 188 of 269, columns 120 to 179 of 225]
1.8185E-1 2.94669E-1 2.23617E-1 2.07276E-1 2.42561E-1 3.67139E-1 4.09947E-1 4.19141E-1 2.69397E-1 2.97662E-1 2.61699E-1 4.74826E-1 4.52812E-1 4.58417E-1 4.4931E-1 5.75131E-1 6.12407E-1 5.74223E-1 5.27722E-1 4.83094E-1 4.01561E-1 3.57871E-1 3.70513E-1 3.56434E-1 4.07977E-1 2.45254E-1 2.7214E-1 3.13143E-1 3.88509E-1 3.54934E-1 2.08776E-1 1.54345E-1 1.09754E-1 1.04533E-1 1.25204E-1 1.87521E-1 1.95644E-1 1.88629E-1 1.86998E-1 2.43708E-1 2.80283E-1 3.32794E-1 3.76498E-1 4.12411E-1 4.0059E-1 2.20847E-1 3.26354E-1 2.96666E-1 2.49147E-1 2.43719E-1 3.22101E-1 3.11425E-1 5.04577E-1 3.86535E-1 3.44814E-1 2.4645E-1 4.97059E-1 4.68924E-1 3.94961E-1 3.05203E-1
3.07669E-1 3.1051E-1 2.74709E-1 2.72396E-1 2.16976E-1 3.6254E-1 4.03158E-1 4.16704E-1 4.29735E-1 4.61687E-1 4.45538E-1 3.56322E-1 4.48528E-1 4.36663E-1 4.08108E-1 4.639E-1 6.11735E-1 6.5089E-1 1.27342E-1 5.24972E-1 3.76393E-1 2.12337E-1 5.26978E-1 2.4701E-1 1.95891E-1 2.17702E-1 2.5785E-1 2.70733E-1 2.94455E-1 2.92959E-1 1.72024E-1 1.34303E-1 1.05903E-1 1.19877E-1 1.59958E-1 2.29267E-1 2.34986E-1 2.2772E-1 2.11507E-1 2.4916E-1 2.83969E-1 3.37417E-1 3.76695E-1 2.81567E-1 3.63953E-1 3.87329E-1 1.59742E-1 3.50036E-1 3.05234E-1 5.25616E-2 1.52707E-1 2.23615E-1 1.66118E-1 3.91004E-1 1.81803E-1 5.25388E-1 4.56465E-1 4.4652E-1 4.54087E-1 4.05614E-1
3.44601E-1 3.31507E-1 2.92033E-1 2.53909E-1 2.29622E-1 3.33547E-1 3.69995E-1 3.89478E-1 4.16093E-1 4.51666E-1 4.84543E-1 3.24059E-1 4.82364E-1 4.54259E-1 4.0437E-1 4.31083E-1 3.89502E-1 5.5617E-1 4.23881E-1 3.43804E-1 2.70684E-1 2.71598E-1 3.37813E-1 2.09324E-1 2.74282E-1 2.31803E-1 2.43097E-1 2.50262E-1 2.46328E-1 1.57535E-1 1.56404E-1 1.34905E-1 1.61159E-1 1.76388E-1 2.13213E-1 2.97064E-1 2.9946E-1 2.91664E-1 2.59981E-1 2.40077E-1 2.70474E-1 3.18947E-1 3.56571E-1 3.77761E-1 4.04236E-1 1.24336E-1 2.24337E-1 3.14686E-1 2.75517E-1 2.09264E-1 2.46605E-1 3.29788E-1 4.55663E-1 4.66351E-1 4.55427E-1 4.98437E-1 4.93983E-1 4.84591E-1 4.74332E-1 4.86966E-1
3.7277E-1 3.26977E-1 2.8321E-1 2.41083E-1 2.23488E-1 3.23753E-1 3.63494E-1 3.89425E-1 3.92557E-1 4.42637E-1 5.12071E-1 3.85933E-1 5.65749E-1 6.55461E-1 3.90094E-1 2.14491E-1 3.13433E-1 4.05692E-1 2.85546E-1 2.50399E-1 2.85099E-1 3.13427E-1 2.91431E-1 3.2518E-1 3.05871E-1 2.78752E-1 2.72787E-1 2.50552E-1 2.52489E-1 1.35901E-1 1.40289E-1 1.72255E-1 1.97768E-1 2.22893E-1 2.75645E-1 3.73464E-1 3.77591E-1 3.48972E-1 3.09813E-1 2.81793E-1 2.51724E-1 2.96151E-1 3.35635E-1 3.58325E-1 3.96633E-1 3.76817E-1 3.11789E-1 3.0255E-1 2.49465E-1 2.27282E-1 2.61975E-1 3.19486E-1 3.16964E-1 4.9326E-1 2.88027E-1 4.90025E-1 5.07262E-1 5.17424E-1 4.84851E-1 5.15798E-1
4.51549E-1 3.5425E-1 3.0443E-1 2.70888E-1 2.37999E-1 2.85472E-1 3.35773E-1 3.84605E-1 4.35614E-1 4.67978E-1 4.93011E-1 4.24155E-1 6.07322E-1 6.4156E-1 5.96965E-1 3.66736E-1 3.77576E-1 4.42087E-1 3.72527E-1 3.65058E-1 3.25418E-1 4.59288E-1 4.64909E-1 4.90951E-1 4.72383E-1 3.63645E-1 3.7434E-1 4.08611E-1 4.32446E-1 2.36388E-1 3.63553E-1 2.53666E-1 2.91487E-1 3.43461E-1 4.04865E-1 3.76295E-1 3.61544E-1 3.27469E-1 3.00524E-1 2.82686E-1 2.8176E-1 2.77535E-1 2.94457E-1 3.38308E-1 4.13674E-1 3.91575E-1 4.02549E-1 3.2444E-1 4.02014E-1 3.63645E-1 2.83584E-1 2.49823E-1 2.72412E-1 1.69832E-1 1.93113E-1 3.2253E-1 4.03339E-1 5.82065E-1 5.97488E-1 5.6036E-1
2.58519E-1 3.33158E-1 2.58837E-1 2.48837E-1 2.19761E-1 2.53462E-1 3.11814E-1 3.5959E-1 4.32131E-1 5.07927E-1 5.37767E-1 3.8823E-1 5.08425E-1 4.48566E-1 4.15722E-1 4.07478E-1 4.36306E-1 4.15208E-1 3.22328E-1 3.52423E-1 4.58201E-1 4.12357E-1 3.81669E-1 4.12476E-1 5.08925E-1 4.33415E-1 3.86216E-1 3.90348E-1 4.08519E-1 4.41371E-1 4.01918E-1 3.13362E-1 3.41268E-1 4.63185E-1 4.66669E-1 4.33024E-1 3.76739E-1 3.44433E-1 3.21829E-1 3.02816E-1 3.22804E-1 3.15004E-1 3.02713E-1 3.23219E-1 1.41168E-1 4.73268E-1 4.30719E-1 3.20902E-1 1.91328E-1 2.3878E-1 2.18726E-1 2.24497E-1 2.08362E-1 2.23492E-1 2.48402E-1 3.19774E-1 2.13173E-1 3.55358E-1 3.18483E-1 4.71803E-1
2.93454E-1 2.46817E-1 2.70125E-1 2.35637E-1 2.07083E-1 2.47356E-1 3.27136E-1 3.38226E-1 3.73016E-1 4.37946E-1 4.87513E-1 4.21451E-1 4.8198E-1 4.45046E-1 3.05945E-1 3.12664E-1 3.76155E-1 4.41974E-1 4.57594E-1 4.5117E-1 4.66146E-1 4.69161E-1 4.81245E-1 4.26905E-1 3.80381E-1 3.62908E-1 4.81745E-1 4.74818E-1 4.50302E-1 3.8551E-1 4.20614E-1 3.59284E-1 1.90622E-1 5.57569E-1 4.8182E-1 2.53766E-1 2.47608E-1 2.61539E-1 2.50671E-1 3.15182E-1 3.31606E-1 3.33643E-1 3.17559E-1 2.98331E-1 3.13636E-1 5.65477E-1 4.56003E-1 4.03047E-1 3.72599E-1 3.70311E-1 1.66363E-1 2.21869E-1 2.12756E-1 2.11457E-1 1.87982E-1 3.23931E-1 3.40353E-1 4.66314E-1 4.56837E-1 3.6795E-1
2.65229E-1 2.57484E-1 2.2726E-1 2.08898E-1 2.19137E-1 3.23499E-1 4.57958E-1 3.78384E-1 3.66879E-1 4.31369E-1 4.581E-1 5.6475E-1 3.32727E-1 2.96201E-1 4.43418E-1 4.38049E-1 4.57904E-1 4.62823E-1 4.61978E-1 4.60488E-1 4.60555E-1 4.76648E-1 4.8027E-1 4.79611E-1 3.16455E-1 3.67594E-1 2.07547E-1 3.34989E-1 3.51068E-1 3.12585E-1 2.85077E-1 2.47231E-1 3.3942E-1 1.75567E-1 4.36768E-1 3.74766E-1 3.9605E-1 3.36294E-1 3.10199E-1 2.30713E-1 3.26397E-1 3.32885E-1 3.2251E-1 2.89591E-1 3.48458E-1 5.46692E-1 5.16799E-1 4.396E-1 4.14736E-1 3.79478E-1 2.18936E-1 2.56689E-1 2.50649E-1 1.51251E-1 2.55092E-1 3.7184E-1 4.01024E-1 4.1657E-1 4.99551E-1 4.69856E-1
2.73355E-1 2.20815E-1 1.8908E-1 1.52885E-1 1.33483E-1 2.22958E-1 4.48607E-1 2.36057E-1 6.20165E-1 4.56898E-1 4.50585E-1 5.82349E-1 5.44505E-1 4.75896E-1 4.60987E-1 4.40801E-1 4.60689E-1 4.65692E-1 4.62265E-1 4.66345E-1 4.539E-1 4.82621E-1 4.87526E-1 4.96523E-1 3.08029E-1 3.89322E-1 3.66235E-1 3.61105E-1 3.49297E-1 3.43354E-1 3.01447E-1 2.4604E-1 3.0762E-1 5.62335E-1 5.40196E-1 4.13646E-1 3.51403E-1 2.79653E-1 3.18889E-1 3.16374E-1 3.1968E-1 3.20159E-1 3.08223E-1 2.84102E-1 3.68661E-1 5.24981E-1 3.94661E-1 4.35615E-1 3.96811E-1 3.65783E-1 1.94353E-1 2.72019E-1 1.64992E-1 2.54905E-1 2.73399E-1 4.01411E-1 4.17506E-1 4.00275E-1 5.49905E-1 4.96798E-1
2.69856E-1 2.03294E-1 1.57108E-1 1.01124E-1 7.03416E-2 1.06503E-1 1.48943E-1 2.19595E-1 4.69192E-1 4.4754E-1 5.80875E-1 6.10558E-1 5.49291E-1 4.70026E-1 4.40601E-1 3.81089E-1 4.013E-1 5.26881E-1 5.09622E-1 3.94846E-1 3.59473E-1 3.88974E-1 3.85474E-1 3.89653E-1 2.90997E-1 4.09335E-1 3.65013E-1 3.56876E-1 3.59556E-1 3.77114E-1 4.25704E-1 3.98401E-1 4.11005E-1 4.16591E-1 4.10972E-1 3.27697E-1 2.94661E-1 2.62705E-1 3.19525E-1 3.12372E-1 3.75968E-1 3.75579E-1 3.55742E-1 3.40318E-1 3.44425E-1 4.17108E-1 3.39426E-1 3.9011E-1 4.09446E-1 3.77469E-1 2.85835E-1 2.47675E-1 2.90262E-1 3.0443E-1 3.14706E-1 3.8049E-1 3.59656E-1 4.61483E-1 5.68338E-1 4.47438E-1
2.7091E-1 2.24188E-1 1.74768E-1 1.28592E-1 8.17136E-2 7.63333E-2 1.14871E-1 1.67792E-1 2.30509E-1 3.19343E-1 5.95861E-1 6.36255E-1 4.75383E-1 4.7552E-1 4.20744E-1 3.593E-1 3.09185E-1 3.11232E-1 5.34786E-1 3.80018E-1 4.351E-1 3.74459E-1 3.97246E-1 4.01575E-1 3.0147E-1 4.34868E-1 4.07434E-1 3.84539E-1 3.76208E-1 2.7343E-1 4.43671E-1 4.24571E-1 4.35366E-1 3.3702E-1 4.18765E-1 2.99997E-1 2.60886E-1 2.35378E-1 2.80239E-1 2.89302E-1 3.48959E-1 3.55159E-1 3.58671E-1 3.42978E-1 2.20954E-1 2.5647E-1 2.2691E-1 2.81897E-1 3.52057E-1 3.46238E-1 2.14754E-1 2.49839E-1 3.03013E-1 3.04686E-1 3.11728E-1 3.64485E-1 4.14265E-1 5.18065E-1 5.08389E-1 3.935E-1
2.88041E-1 2.60957E-1 1.97156E-1 1.40565E-1 8.38385E-2 7.79545E-2 9.59571E-2 1.35022E-1 1.80197E-1 2.36697E-1 3.51604E-1 4.03631E-1 5.91799E-1 3.76621E-1 4.4757E-1 3.31993E-1 2.79932E-1 2.45066E-1 3.1412E-1 2.57588E-1 4.56743E-1 3.70178E-1 4.16315E-1 2.97797E-1 4.00835E-1 4.24045E-1 3.06764E-1 2.59407E-1 2.80502E-1 4.03216E-1 4.4851E-1 4.56103E-1 4.53522E-1 2.15759E-1 3.90131E-1 2.97086E-1 2.52009E-1 2.33946E-1 3.14679E-1 2.60853E-1 3.8801E-1 3.89378E-1 3.78986E-1 4.38165E-1 1.97548E-1 1.85003E-1 1.85439E-1 2.78727E-1 3.87002E-1 3.95557E-1 3.0415E-1 3.5717E-1 3.43022E-1 3.08024E-1 3.27346E-1 5.09012E-1 5.05264E-1 4.6146E-1 4.63931E-1 3.72022E-1
3.01872E-1 2.95819E-1 2.26508E-1 1.51126E-1 1.03885E-1 6.50878E-2 8.55117E-2 9.74922E-2 1.34809E-1 1.82387E-1 2.78875E-1 3.01681E-1 3.32562E-1 5.34671E-1 2.7112E-1 3.96495E-1 2.41559E-1 2.19334E-1 2.70557E-1 4.89163E-1 2.75806E-1 3.76096E-1 4.3422E-1 2.98638E-1 3.95468E-1 5.37546E-1 4.49134E-1 3.96401E-1 3.91704E-1 4.14631E-1 4.48863E-1 4.86539E-1 4.4138E-1 5.36727E-1 3.60967E-1 2.72478E-1 2.44046E-1 2.28417E-1 3.17229E-1 2.91915E-1 4.14236E-1 4.20252E-1 4.05609E-1 4.21332E-1 5.95759E-2 1.92435E-1 2.58151E-1 2.57417E-1 5.76245E-1 5.36734E-1 3.61932E-1 4.23383E-1 3.63047E-1 3.30047E-1 4.27092E-1 5.69176E-1 5.20276E-1 4.53018E-1 3.38098E-1 3.47399E-1
3.14864E-1 3.54736E-1 2.40154E-1 1.58858E-1 1.10535E-1 6.92576E-2 6.91671E-2 8.59246E-2 1.08609E-1 1.36451E-1 2.07713E-1 2.29145E-1 2.55779E-1 2.66302E-1 4.3147E-1 3.97756E-1 2.42097E-1 2.32363E-1 2.79925E-1 3.23961E-1 5.31544E-1 3.74499E-1 4.62924E-1 2.95348E-1 4.21292E-1 6.21865E-1 3.83517E-1 3.96333E-1 3.96366E-1 4.23145E-1 4.71736E-1 5.35695E-1 3.2054E-1 5.38842E-1 3.67948E-1 2.65904E-1 2.63169E-1 2.35703E-1 2.59399E-1 1.83696E-1 4.11393E-1 4.14284E-1 4.0158E-1 3.79523E-1 2.28386E-1 1.531E-1 2.7901E-1 2.89288E-1 4.73913E-1 4.7777E-1 2.97636E-1 3.90474E-1 3.29099E-1 2.78752E-1 2.64217E-1 5.71833E-1 5.18702E-1 3.41368E-1 2.57952E-1 2.72352E-1
3.32796E-1 4.09626E-1 2.63517E-1 1.75167E-1 1.09008E-1 9.21147E-2 5.7616E-2 7.16763E-2 8.88683E-2 1.00542E-1 1.2733E-1 1.39663E-1 1.70964E-1 1.82046E-1 2.03187E-1 3.7035E-1 4.26863E-1 2.91016E-1 3.53864E-1 3.74678E-1 2.91401E-1 3.85652E-1 4.83387E-1 2.31648E-1 3.53925E-1 3.32738E-1 2.73632E-1 3.11894E-1 2.30689E-1 3.39835E-1 3.63822E-1 2.16922E-1 5.41101E-1 3.28453E-1 2.50572E-1 2.50525E-1 2.48887E-1 2.37273E-1 1.62256E-1 3.03708E-1 4.44081E-1 4.4026E-1 4.232E-1 4.41839E-1 1.36598E-1 1.8972E-1 2.98536E-1 3.39411E-1 4.35794E-1 3.65861E-1 2.74911E-1 3.38712E-1 3.21232E-1 2.45177E-1 2.70668E-1 3.95642E-1 3.93944E-1 3.32441E-1 2.18478E-1 1.83251E-1
3.95162E-1 4.97291E-1 2.84141E-1 1.95082E-1 1.28934E-1 1.0612E-1 6.25951E-2 5.10609E-2 6.19144E-2 7.14514E-2 9.08275E-2 1.05408E-1 1.25562E-1 1.39119E-1 1.53186E-1 3.28684E-1 2.56719E-1 2.94854E-1 3.6138E-1 3.68128E-1 2.91386E-1 3.60502E-1 3.33741E-1 3.17557E-1 3.36268E-1 1.17354E-1 2.87357E-1 3.18563E-1 2.82775E-1 1.88468E-1 1.68034E-1 2.51902E-1 2.74691E-1 2.60587E-1 2.58122E-1 2.70523E-1 2.74439E-1 2.24493E-1 2.43259E-1 3.0506E-1 4.18895E-1 4.11727E-1 3.93401E-1 3.54662E-1 2.88538E-1 2.98568E-1 3.09017E-1 3.48468E-1 3.54471E-1 3.58521E-1 3.60123E-1 3.55967E-1 3.29504E-1 3.08777E-1 2.90592E-1 3.77916E-1 3.76305E-1 3.48094E-1 2.91016E-1 2.07267E-1
5.49154E-1 5.13069E-1 2.82706E-1 2.14757E-1 1.59516E-1 1.25205E-1 7.01873E-2 3.97253E-2 4.13246E-2 4.10807E-2 6.02927E-2 6.68856E-2 7.9329E-2 8.45642E-2 1.1339E-1 2.0609E-1 2.81198E-1 4.23732E-1 3.9967E-1 3.95491E-1 3.12357E-1 3.73579E-1 4.86724E-1 2.64397E-1 2.58988E-1 2.94807E-1 2.27653E-1 3.2492E-1 4.28913E-2 3.12801E-1 2.20008E-1 4.10695E-1 4.30213E-1 2.695E-1 2.77344E-1 2.91626E-1 1.55009E-1 3.01873E-1 2.97006E-1 3.0544E-1 4.15243E-1 3.88915E-1 3.60808E-1 3.43356E-1 2.83267E-1 8.70489E-2 3.34238E-1 4.89672E-1 4.53805E-1 4.42394E-1 4.15937E-1 3.77011E-1 3.2225E-1 3.07899E-1 2.75897E-1 2.35738E-1 2.54449E-1 2.92041E-1 2.50022E-1 1.90033E-1
4.97494E-1 3.88077E-1 2.86057E-1 2.50576E-1 1.67432E-1 1.32694E-1 7.7024E-2 4.76255E-2 2.60425E-2 3.01922E-2 3.75379E-2 4.12285E-2 5.05852E-2 8.17629E-2 1.26779E-1 2.06595E-1 3.14839E-1 4.20747E-1 6.20311E-1 4.19333E-1 3.32349E-1 3.93688E-1 3.71234E-1 2.80107E-1 3.33255E-1 3.43673E-1 2.96712E-1 3.41169E-1 2.12793E-1 3.06954E-1 2.29703E-1 2.69641E-1 3.82936E-1 4.40613E-1 2.87008E-1 2.9072E-1 2.26117E-1 2.96788E-1 2.85581E-1 3.01644E-1 4.02414E-1 3.56277E-1 3.22334E-1 2.8556E-1 3.29429E-1 1.30905E-1 4.82192E-1 4.8649E-1 4.46779E-1 4.27857E-1 3.69565E-1 3.37182E-1 3.30161E-1 3.02524E-1 2.51573E-1 2.01012E-1 1.78892E-1 2.02639E-1 2.04729E-1 2.12638E-1
2.25903E-1 4.184E-1 3.12871E-1 2.56577E-1 2.10278E-1 1.71623E-1 1.05528E-1 6.71028E-2 3.54007E-2 2.00417E-2 2.53682E-2 4.06927E-2 6.47363E-2 9.92482E-2 1.51788E-1 2.37985E-1 2.96522E-1 4.04051E-1 5.99238E-1 6.63866E-1 3.42434E-1 4.63395E-1 2.04364E-1 3.7343E-1 3.68759E-1 8.68254E-2 2.95046E-1 2.53177E-1 2.01002E-1 2.97758E-1 1.82633E-1 2.20943E-1 3.2177E-1 4.29023E-1 4.5256E-1 2.0796E-1 3.09441E-1 2.95662E-1 2.8002E-1 2.8498E-1 4.07605E-1 3.51683E-1 2.9944E-1 2.76345E-1 3.08843E-1 2.9109E-1 4.43936E-1 3.79664E-1 3.04854E-1 2.91547E-1 2.99498E-1 3.05446E-1 3.02095E-1 2.56977E-1 2.04808E-1 2.08253E-1 2.13558E-1 2.07394E-1 2.29412E-1 1.78239E-1
4.9937E-1 5.59057E-1 3.70945E-1 3.27E-1 3.37898E-1 1.88855E-1 1.09846E-1 7.00995E-2 3.90079E-2 2.38913E-2 3.44871E-2 5.44533E-2 8.1516E-2 1.22207E-1 1.81989E-1 2.19006E-1 2.83064E-1 3.29236E-1 4.18869E-1 5.28365E-1 4.19923E-1 4.30959E-1 3.78975E-1 4.97747E-1 1.94232E-1 2.5637E-1 2.11536E-1 2.01892E-1 1.85855E-1 1.73764E-1 1.11752E-1 1.13056E-1 1.88514E-1 2.9242E-1 3.16142E-1 3.26752E-1 2.8956E-1 2.80976E-1 2.58397E-1 2.63427E-1 2.8265E-1 3.17033E-1 2.15985E-1 1.85844E-1 4.11673E-2 1.52203E-1 2.69017E-1 3.05975E-1 2.20873E-1 2.09654E-1 2.33642E-1 2.3114E-1 2.10357E-1 2.01833E-1 2.24084E-1 1.8439E-1 2.09248E-1 2.28098E-1 2.10755E-1 1.07208E-1
5.90988E-1 6.38017E-1 3.82684E-1 4.04273E-1 4.09047E-1 1.98927E-1 1.29894E-1 8.9921E-2 4.89184E-2 3.26472E-2 4.47733E-2 7.03453E-2 1.01695E-1 1.44931E-1 1.96245E-1 2.20605E-1 2.82115E-1 3.42757E-1 3.84199E-1 5.95155E-1 4.06737E-1 2.63838E-1 2.17261E-1 2.39285E-1 2.6692E-1 2.10656E-1 1.79671E-1 1.52671E-1 1.45665E-1 1.37916E-1 9.24238E-2 1.44529E-1 1.63329E-1 1.72397E-1 3.66272E-1 2.83554E-1 2.33575E-1 2.08465E-1 2.28671E-1 2.44451E-1 3.48066E-1 4.51741E-1 2.55115E-1 2.00401E-1 1.25816E-1 1.41399E-1 1.33825E-1 2.83146E-1 2.33225E-1 2.27034E-1 2.06005E-1 1.8571E-1 1.639E-1 2.02106E-1 1.85215E-1 1.5244E-1 2.23293E-1 2.80323E-1 2.37288E-1 1.31782E-1
4.05025E-1 5.02871E-1 4.3926E-1 5.37884E-1 4.41709E-1 2.17527E-1 1.50565E-1 1.0381E-1 6.21168E-2 5.14357E-2 6.5803E-2 8.34173E-2 1.20489E-1 1.6794E-1 2.18345E-1 2.4025E-1 3.04468E-1 3.68247E-1 4.36593E-1 6.18978E-1 4.06222E-1 5.899E-1 2.08827E-1 2.60129E-1 3.08442E-1 2.3687E-1 1.92652E-1 1.29516E-1 1.16721E-1 9.36493E-2 6.61781E-2 1.23048E-1 1.36247E-1 1.51544E-1 2.12165E-1 2.17348E-1 1.69278E-1 2.47781E-1 2.23579E-1 2.46437E-1 3.25195E-1 3.57941E-1 2.26477E-1 3.09772E-1 2.96661E-1 2.10406E-1 1.25394E-1 1.18652E-1 2.15955E-1 1.66976E-1 1.55573E-1 1.33983E-1 1.35184E-1 1.71256E-1 1.80776E-1 1.69896E-1 2.38476E-1 2.95465E-1 2.44554E-1 1.65374E-1
4.02576E-1 4.03008E-1 4.75272E-1 2.12987E-1 4.41723E-1 2.39956E-1 1.62985E-1 1.25053E-1 6.56547E-2 7.68159E-2 1.09429E-1 1.23408E-1 1.38502E-1 1.90975E-1 2.42212E-1 2.56632E-1 3.12823E-1 3.70629E-1 4.2475E-1 6.60879E-1 3.24348E-1 2.89122E-1 2.70475E-1 1.6315E-1 4.60819E-1 2.87308E-1 2.14463E-1 1.41428E-1 1.04002E-1 8.09131E-2 6.47184E-2 9.21753E-2 1.17383E-1 1.23791E-1 1.45626E-1 2.97551E-1 2.76732E-1 2.41184E-1 2.78147E-1 3.04645E-1 3.88717E-1 4.12671E-1 2.92082E-1 2.67628E-1 2.17357E-1 1.53598E-1 1.92819E-1 1.6225E-1 1.19189E-1 9.3236E-2 9.19251E-2 1.07177E-1 1.60942E-1 2.12712E-1 2.28397E-1 2.10936E-1 2.20965E-1 2.26718E-1 2.28155E-1 2.21393E-1
4.21055E-1 4.11623E-1 3.67252E-1 3.57676E-1 3.07026E-1 2.4068E-1 1.80328E-1 1.28024E-1 9.02408E-2 1.19314E-1 1.74775E-1 1.87644E-1 1.92956E-1 2.1826E-1 2.59776E-1 2.66253E-1 3.27934E-1 3.76363E-1 4.19076E-1 1.22044E-1 3.14705E-1 2.99715E-1 2.60354E-1 3.64246E-1 1.50119E-1 3.14635E-1 2.27612E-1 1.58822E-1 1.03874E-1 7.4188E-2 7.06725E-2 7.50778E-2 9.63669E-2 1.17047E-1 1.41543E-1 2.7151E-1 2.8405E-1 3.01599E-1 3.18574E-1 3.51764E-1 4.39513E-1 4.54799E-1 3.62032E-1 6.55639E-2 2.62635E-1 1.85814E-1 2.20703E-1 2.21046E-1 1.21516E-1 7.52017E-2 1.04572E-1 1.4168E-1 1.99806E-1 2.38472E-1 2.74979E-1 2.62296E-1 2.86504E-1 2.84842E-1 2.55223E-1 2.46445E-1
3.24936E-1 3.26574E-1 3.14286E-1 2.80305E-1 9.60162E-2 3.42551E-1 2.45071E-1 1.64605E-1 1.62876E-1 2.09794E-1 2.2297E-1 2.35966E-1 2.68399E-1 2.64885E-1 2.73752E-1 3.45687E-1 3.94365E-1 4.43639E-1 4.95173E-1 1.85734E-1 1.69608E-1 2.24615E-1 1.95344E-1 1.73175E-1 3.836E-1 2.89365E-1 1.50957E-1 1.24215E-1 8.50507E-2 8.026E-2 1.43138E-1 1.7454E-1 2.06039E-1 2.567E-1 2.94592E-1 3.61253E-1 3.90502E-1 2.83421E-1 4.15952E-1 4.3019E-1 3.82039E-1 4.07948E-1 4.07037E-1 1.28211E-1 3.01873E-1 2.68636E-1 2.53787E-1 1.39725E-1 1.14129E-1 8.20466E-2 1.08339E-1 1.65905E-1 2.03424E-1 2.49641E-1 2.99081E-1 3.12352E-1 3.30704E-1 3.09889E-1 2.69525E-1 2.21153E-1
3.28988E-1 3.36629E-1 3.23638E-1 3.02746E-1 3.99844E-1 4.99332E-1 2.60783E-1 2.25678E-1 2.30481E-1 2.85791E-1 2.83107E-1 3.14003E-1 3.82746E-1 3.40556E-1 3.122E-1 3.97305E-1 4.34016E-1 3.54617E-1 2.40171E-1 4.94861E-1 2.16541E-1 2.31216E-1 2.0185E-1 1.50825E-1 1.68576E-1 2.52012E-1 1.78677E-1 1.14837E-1 6.7575E-2 8.20612E-2 1.45105E-1 2.19817E-1 2.65789E-1 3.0974E-1 3.51167E-1 4.07768E-1 4.21138E-1 3.84057E-1 4.26818E-1 4.15671E-1 3.87197E-1 3.22045E-1 4.1481E-1 1.04125E-1 3.1326E-1 3.30377E-1 1.86929E-1 1.43003E-1 1.14947E-1 1.17469E-1 1.47267E-1 1.82905E-1 2.29377E-1 2.88925E-1 3.48612E-1 3.67534E-1 3.7586E-1 3.29495E-1 3.0465E-1 2.43437E-1
3.21016E-1 3.22686E-1 3.12911E-1 3.03659E-1 3.60313E-1 4.38419E-1 2.90638E-1 2.90489E-1 2.95599E-1 3.52428E-1 3.60213E-1 3.95552E-1 4.82699E-1 4.25552E-1 3.77726E-1 4.47824E-1 4.72351E-1 5.58872E-1 4.82791E-1 3.86386E-1 2.67855E-1 2.30388E-1 1.91445E-1 1.45977E-1 1.1683E-1 1.63397E-1 1.08289E-1 1.09028E-1 6.04102E-2 9.03465E-2 1.62481E-1 2.2862E-1 2.80771E-1 3.21229E-1 3.80098E-1 4.40611E-1 3.60407E-1 5.06653E-1 5.39452E-1 5.75115E-1 5.49296E-1 3.64197E-1 4.51733E-1 3.42154E-1 2.15872E-1 2.52305E-1 2.03989E-1 1.55405E-1 1.36519E-1 1.82064E-1 1.98003E-1 2.16832E-1 2.47022E-1 3.22174E-1 4.03351E-1 4.37182E-1 3.76605E-1 2.53496E-1 2.75691E-1 2.96089E-1
