Phytophthora/models/20240501_1439_25/Phytophthora_PA3_RUN9_MAXENT_outputs/Phytophthora_PA3_RUN9.asc
ncols         225
nrows         269
xllcorner     473000.0
yllcorner     4429100.0
cellsize      50.0
NODATA_value  -9999
[rows 189 to 215 of 269, columns 0 to 59 of 225]
-9999 -9999 -9999 -9999 -9999 -9999 -9999 -9999 -9999 -9999 -9999 -9999 -9999 -9999 -9999 -9999 6.29145E-1 7.71801E-1 7.97968E-1 7.61447E-1 5.77087E-1 5.20537E-1 5.14776E-1 5.26749E-1 5.29734E-1 5.65681E-1 5.6203E-1 5.46288E-1 5.32501E-1 4.92772E-1 5.67361E-1 5.76293E-1 6.44022E-1 8.15683E-1 6.11793E-1 4.8746E-1 5.33884E-1 5.60131E-1 5.93644E-1 6.72173E-1 5.52617E-1 4.58252E-1 3.40252E-1 3.47821E-1 4.05364E-1 6.40246E-1 6.76846E-1 7.04237E-1 7.15922E-1 7.68544E-1 6.46654E-1 5.06762E-1 4.701E-1 5.00982E-1 4.98423E-1 5.36423E-1 5.34216E-1 5.28837E-1 5.88956E-1 5.83102E-1
-9999 -9999 -9999 -9999 -9999 -9999 -9999 -9999 -9999 -9999 -9999 -9999 -9999 -9999 -9999 7.12876E-1 7.18731E-1 8.00418E-1 8.1043E-1 7.49555E-1 5.50094E-1 4.85138E-1 4.94879E-1 5.19881E-1 4.34804E-1 5.09519E-1 4.95943E-1 4.94492E-1 4.92707E-1 4.51667E-1 5.56135E-1 6.07486E-1 6.81282E-1 7.28978E-1 7.87319E-1 7.36561E-1 5.1333E-1 5.50076E-1 5.99084E-1 7.21541E-1 5.69545E-1 3.65297E-1 2.95537E-1 3.39371E-1 4.04859E-1 6.35138E-1 6.43841E-1 6.98182E-1 8.18256E-1 6.58058E-1 5.28542E-1 4.77594E-1 4.90967E-1 5.11339E-1 5.30923E-1 5.74584E-1 5.96343E-1 5.85496E-1 5.9384E-1 5.7007E-1
-9999 -9999 -9999 -9999 -9999 -9999 -9999 -9999 -9999 -9999 -9999 -9999 -9999 -9999 -9999 4.75628E-1 4.10055E-1 5.19133E-1 5.46674E-1 4.37081E-1 3.95754E-1 3.82783E-1 4.07012E-1 3.8959E-1 3.81564E-1 3.33483E-1 3.2665E-1 3.03E-1 2.97247E-1 3.25319E-1 4.23451E-1 4.82217E-1 5.12387E-1 4.93624E-1 3.87424E-1 6.11707E-1 5.24347E-1 5.07038E-1 5.84223E-1 7.06351E-1 6.20385E-1 4.61973E-1 3.98938E-1 4.77878E-1 4.59057E-1 3.77742E-1 4.03236E-1 3.12528E-1 4.58604E-1 3.76796E-1 3.88611E-1 4.24746E-1 4.90159E-1 5.34327E-1 5.60879E-1 6.35969E-1 6.05568E-1 6.57776E-1 6.5024E-1 6.14279E-1
-9999 -9999 -9999 -9999 -9999 -9999 -9999 -9999 -9999 -9999 -9999 -9999 -9999 -9999 -9999 -9999 5.61288E-1 5.17364E-1 4.5146E-1 3.79357E-1 3.82039E-1 3.83195E-1 3.844E-1 3.52056E-1 3.12011E-1 2.88892E-1 2.90235E-1 2.82723E-1 3.27701E-1 3.72701E-1 4.57841E-1 4.62765E-1 4.96902E-1 5.19458E-1 4.50471E-1 2.29145E-1 5.41923E-1 6.19888E-1 7.13533E-1 6.58695E-1 4.91065E-1 4.34884E-1 3.80397E-1 4.38074E-1 4.55454E-1 3.53253E-1 3.05914E-1 4.68549E-1 2.48908E-1 2.43603E-1 3.16312E-1 4.00995E-1 4.59806E-1 4.99445E-1 5.14276E-1 6.25559E-1 5.42048E-1 6.94612E-1 6.9508E-1 6.30938E-1
-9999 -9999 -9999 -9999 -9999 -9999 -9999 -9999 -9999 -9999 -9999 -9999 -9999 -9999 -9999 -9999 4.96691E-1 4.26867E-1 4.12106E-1 3.79608E-1 4.33932E-1 4.02034E-1 3.25077E-1 3.05914E-1 2.9086E-1 2.52493E-1 2.85711E-1 3.24632E-1 3.59989E-1 4.12659E-1 4.84317E-1 4.98195E-1 5.22127E-1 5.37278E-1 4.95786E-1 1.97309E-1 6.2966E-1 7.37931E-1 7.16411E-1 4.76455E-1 4.83807E-1 5.12289E-1 6.15117E-1 1.82005E-1 4.43543E-1 4.65734E-1 3.82188E-1 2.3108E-1 1.94121E-1 1.89685E-1 3.41618E-1 4.18092E-1 4.72327E-1 5.03033E-1 5.38165E-1 6.13715E-1 4.46693E-1 6.4513E-1 7.22115E-1 6.65476E-1
-9999 -9999 -9999 -9999 -9999 -9999 -9999 -9999 -9999 -9999 -9999 -9999 -9999 -9999 -9999 -9999 -9999 3.57955E-1 3.67667E-1 3.81134E-1 4.53409E-1 3.37006E-1 2.56843E-1 2.50535E-1 2.51709E-1 2.7419E-1 3.22943E-1 3.71119E-1 3.98643E-1 4.58226E-1 5.34228E-1 5.39645E-1 5.49004E-1 4.63909E-1 4.73623E-1 3.36562E-1 4.48247E-1 6.37165E-1 5.12174E-1 4.89588E-1 6.3997E-1 3.71726E-1 5.75932E-1 3.27292E-1 3.27978E-1 2.95136E-1 2.19193E-1 1.78261E-1 1.63553E-1 2.09644E-1 3.70384E-1 4.11508E-1 4.52126E-1 5.00876E-1 5.63995E-1 6.44071E-1 6.44415E-1 6.45022E-1 6.75885E-1 6.80869E-1
-9999 -9999 -9999 -9999 -9999 -9999 -9999 -9999 -9999 -9999 -9999 -9999 -9999 -9999 -9999 -9999 -9999 -9999 -9999 -9999 -9999 -9999 2.2615E-1 2.31758E-1 2.81504E-1 3.09385E-1 3.56032E-1 3.92044E-1 4.41722E-1 4.97858E-1 5.48002E-1 4.3929E-1 4.224E-1 4.29648E-1 3.80036E-1 6.65697E-1 6.8577E-1 5.69891E-1 5.33848E-1 6.52759E-1 7.40398E-1 6.61665E-1 3.30803E-1 2.22195E-1 1.37844E-1 1.39283E-1 1.57571E-1 1.39106E-1 1.34142E-1 2.18286E-1 3.53666E-1 4.13974E-1 4.51867E-1 5.1291E-1 5.70955E-1 6.19416E-1 6.44134E-1 6.35212E-1 6.62957E-1 6.24227E-1
-9999 -9999 -9999 -9999 -9999 -9999 -9999 -9999 -9999 -9999 -9999 -9999 -9999 -9999 -9999 -9999 -9999 -9999 -9999 -9999 -9999 -9999 -9999 -9999 3.54409E-1 3.48115E-1 3.77414E-1 3.98297E-1 4.68609E-1 5.62652E-1 5.83103E-1 5.85275E-1 5.90061E-1 5.49619E-1 7.60394E-1 6.90652E-1 7.04544E-1 6.13422E-1 4.31066E-1 5.97028E-1 4.78003E-1 2.77376E-1 1.72896E-1 1.12253E-1 7.78481E-2 9.50391E-2 9.82905E-2 1.15587E-1 1.57796E-1 2.45762E-1 3.54501E-1 4.04639E-1 4.46531E-1 5.14217E-1 5.56942E-1 5.40457E-1 5.68169E-1 5.67948E-1 5.53541E-1 5.4948E-1
-9999 -9999 -9999 -9999 -9999 -9999 -9999 -9999 -9999 -9999 -9999 -9999 -9999 -9999 -9999 -9999 -9999 -9999 -9999 -9999 -9999 -9999 -9999 -9999 -9999 -9999 3.67833E-1 3.97147E-1 4.47163E-1 4.99026E-1 6.20911E-1 6.74321E-1 4.83274E-1 3.34018E-1 6.96562E-1 6.67581E-1 6.54518E-1 5.55321E-1 6.19637E-1 6.188E-1 3.06757E-1 2.27777E-1 1.84676E-1 1.40824E-1 1.04487E-1 1.29428E-1 1.11205E-1 1.56829E-1 1.9864E-1 2.06838E-1 2.95829E-1 3.55274E-1 3.96764E-1 4.74048E-1 5.13281E-1 5.17794E-1 5.42501E-1 5.36342E-1 5.34978E-1 5.40394E-1
-9999 -9999 -9999 -9999 -9999 -9999 -9999 -9999 -9999 -9999 -9999 -9999 -9999 -9999 -9999 -9999 -9999 -9999 -9999 -9999 -9999 -9999 -9999 -9999 -9999 -9999 -9999 3.67639E-1 4.13691E-1 4.67574E-1 5.19513E-1 5.97241E-1 4.67898E-1 6.65504E-1 5.97471E-1 7.01766E-1 5.71323E-1 6.45098E-1 5.4828E-1 2.18238E-1 3.04166E-1 2.89407E-1 2.26292E-1 1.69924E-1 1.47633E-1 1.84578E-1 2.10511E-1 2.87808E-1 2.95173E-1 2.83115E-1 3.06611E-1 3.09309E-1 3.7086E-1 4.08734E-1 4.45675E-1 4.72519E-1 5.06004E-1 4.91126E-1 5.65049E-1 6.342E-1
-9999 -9999 -9999 -9999 -9999 -9999 -9999 -9999 -9999 -9999 -9999 -9999 -9999 -9999 -9999 -9999 -9999 -9999 -9999 -9999 -9999 -9999 -9999 -9999 -9999 -9999 -9999 3.92149E-1 4.20774E-1 4.73209E-1 5.55209E-1 6.13472E-1 5.41947E-1 4.47314E-1 5.31522E-1 6.70814E-1 3.89428E-1 4.79089E-1 4.5359E-1 4.42106E-1 8.56917E-2 3.40595E-1 2.44007E-1 1.98159E-1 1.90862E-1 2.40274E-1 3.26835E-1 4.48604E-1 3.29064E-1 3.09507E-1 3.91341E-1 3.75069E-1 3.44269E-1 3.60732E-1 3.94156E-1 3.93313E-1 4.96577E-1 7.29533E-1 7.13347E-1 6.48456E-1
-9999 -9999 -9999 -9999 -9999 -9999 -9999 -9999 -9999 -9999 -9999 -9999 -9999 -9999 -9999 -9999 -9999 -9999 -9999 -9999 -9999 -9999 -9999 -9999 -9999 -9999 -9999 4.3639E-1 4.53045E-1 4.98571E-1 3.96269E-1 6.33526E-1 5.42489E-1 4.74124E-1 5.29947E-1 5.32682E-1 4.47704E-1 3.87345E-1 4.74346E-1 4.8812E-1 4.30623E-1 3.75724E-1 2.87928E-1 2.44186E-1 2.09742E-1 3.41606E-1 5.55685E-1 4.19112E-1 3.68284E-1 3.92304E-1 4.74036E-1 4.47444E-1 4.28671E-1 3.95391E-1 4.08327E-1 4.03722E-1 4.90665E-1 3.84283E-1 4.85068E-1 5.07555E-1
-9999 -9999 -9999 -9999 -9999 -9999 -9999 -9999 -9999 -9999 -9999 -9999 -9999 -9999 -9999 -9999 -9999 -9999 -9999 -9999 -9999 -9999 -9999 -9999 -9999 -9999 4.78072E-1 5.21752E-1 5.3837E-1 5.91633E-1 7.57556E-1 -9999 4.33409E-1 6.02502E-1 6.44098E-1 4.72622E-1 5.01834E-1 3.8636E-1 3.73903E-1 5.23967E-1 6.75885E-1 1.4548E-1 3.94468E-1 3.11184E-1 2.97178E-1 6.12894E-1 6.10468E-1 5.1275E-1 4.87037E-1 4.81916E-1 4.86067E-1 4.56784E-1 4.51616E-1 4.1648E-1 3.79691E-1 9.26623E-2 4.4468E-1 4.41157E-1 4.67126E-1 4.90391E-1
-9999 -9999 -9999 -9999 -9999 -9999 -9999 -9999 -9999 -9999 -9999 -9999 -9999 -9999 -9999 -9999 -9999 -9999 -9999 -9999 -9999 -9999 -9999 -9999 -9999 -9999 5.2945E-1 4.76444E-1 2.51149E-1 -9999 -9999 -9999 4.51908E-1 5.4874E-1 4.58268E-1 3.83828E-1 2.7111E-1 4.11066E-1 5.10342E-1 5.65571E-1 4.69801E-1 4.42E-1 3.17753E-1 1.10945E-1 5.46577E-1 6.55848E-1 6.12114E-1 5.5631E-1 5.52694E-1 5.62461E-1 5.73291E-1 5.34167E-1 5.62961E-1 2.67511E-1 3.7959E-1 4.09906E-1 4.34153E-1 4.47433E-1 4.44384E-1 4.68994E-1
-9999 -9999 -9999 -9999 -9999 -9999 -9999 -9999 -9999 -9999 -9999 -9999 -9999 -9999 -9999 -9999 -9999 -9999 -9999 -9999 -9999 -9999 -9999 -9999 -9999 -9999 -9999 4.80262E-1 -9999 -9999 -9999 -9999 3.38774E-1 4.14312E-1 4.33551E-1 3.74329E-1 2.59948E-1 3.55064E-1 3.49005E-1 3.38894E-1 4.76926E-1 3.52815E-1 3.95614E-1 2.84442E-1 1.75019E-1 5.67818E-1 5.83692E-1 6.40731E-1 6.29242E-1 6.27703E-1 6.0256E-1 6.34674E-1 4.04045E-1 4.94967E-1 3.89872E-1 4.32418E-1 4.51345E-1 4.62511E-1 4.48409E-1 5.19439E-1
-9999 -9999 -9999 -9999 -9999 -9999 -9999 -9999 -9999 -9999 -9999 -9999 -9999 -9999 -9999 -9999 -9999 -9999 -9999 -9999 -9999 -9999 -9999 -9999 -9999 -9999 -9999 -9999 -9999 -9999 -9999 -9999 -9999 3.76981E-1 4.46699E-1 2.76496E-1 3.21519E-1 3.21412E-1 4.71926E-1 4.43225E-1 4.14867E-1 2.94939E-1 3.26726E-1 2.49264E-1 3.29686E-1 6.04519E-1 3.72992E-1 6.6771E-1 7.52991E-1 4.52629E-1 6.84045E-1 5.78845E-1 4.74351E-1 4.27197E-1 3.89916E-1 4.31007E-1 4.41195E-1 4.67844E-1 5.63396E-1 5.06305E-1
-9999 -9999 -9999 -9999 -9999 -9999 -9999 -9999 -9999 -9999 -9999 -9999 -9999 -9999 -9999 -9999 -9999 -9999 -9999 -9999 -9999 -9999 -9999 -9999 -9999 -9999 -9999 -9999 -9999 -9999 -9999 -9999 -9999 -9999 4.41919E-1 2.43473E-1 3.21621E-1 3.89165E-1 3.49072E-1 3.85059E-1 4.49076E-1 3.40674E-1 2.42934E-1 2.43906E-1 3.65203E-1 7.37376E-1 7.36567E-1 8.21853E-1 7.51578E-1 5.31046E-1 6.87161E-1 6.54273E-1 5.40363E-1 4.48394E-1 4.12781E-1 4.60114E-1 4.75383E-1 5.75313E-1 4.49511E-1 6.31557E-1
-9999 -9999 -9999 -9999 -9999 -9999 -9999 -9999 -9999 -9999 -9999 -9999 -9999 -9999 -9999 -9999 -9999 -9999 -9999 -9999 -9999 -9999 -9999 -9999 -9999 -9999 -9999 -9999 -9999 -9999 -9999 -9999 -9999 -9999 4.49045E-1 2.65688E-1 2.59059E-1 3.60655E-1 3.66589E-1 3.84184E-1 4.27454E-1 3.76716E-1 2.74946E-1 2.54503E-1 3.83937E-1 2.31812E-1 7.32094E-1 6.94912E-1 6.76737E-1 4.56777E-1 3.7761E-1 5.55669E-1 4.91134E-1 3.9199E-1 3.48772E-1 3.5845E-1 4.21457E-1 4.82978E-1 4.55411E-1 6.05196E-1
-9999 -9999 -9999 -9999 -9999 -9999 -9999 -9999 -9999 -9999 -9999 -9999 -9999 -9999 -9999 -9999 -9999 -9999 -9999 -9999 -9999 -9999 -9999 -9999 -9999 -9999 -9999 -9999 -9999 -9999 -9999 -9999 -9999 -9999 -9999 2.95966E-1 2.99959E-1 2.67479E-1 3.5152E-1 2.99462E-1 3.313E-1 2.85365E-1 2.70669E-1 2.6495E-1 4.30063E-1 6.52767E-1 5.15423E-1 7.34332E-1 3.71076E-1 6.20149E-1 4.9323E-1 5.6644E-1 5.25813E-1 4.74998E-1 4.41053E-1 4.16028E-1 4.72038E-1 5.18069E-1 3.84946E-1 6.83205E-1
-9999 -9999 -9999 -9999 -9999 -9999 -9999 -9999 -9999 -9999 -9999 -9999 -9999 -9999 -9999 -9999 -9999 -9999 -9999 -9999 -9999 -9999 -9999 -9999 -9999 -9999 -9999 -9999 -9999 -9999 -9999 -9999 -9999 -9999 -9999 2.43426E-1 2.71874E-1 2.62233E-1 3.37959E-1 2.63814E-1 2.96215E-1 2.60734E-1 2.29568E-1 2.65191E-1 3.39029E-1 4.53084E-1 4.68741E-1 6.25159E-1 3.82098E-1 4.77123E-1 3.08786E-1 4.80329E-1 4.80367E-1 3.88795E-1 3.99694E-1 3.94209E-1 3.80113E-1 3.2537E-1 2.5796E-1 4.81329E-1
-9999 -9999 -9999 -9999 -9999 -9999 -9999 -9999 -9999 -9999 -9999 -9999 -9999 -9999 -9999 -9999 -9999 -9999 -9999 -9999 -9999 -9999 -9999 -9999 -9999 -9999 -9999 -9999 -9999 -9999 -9999 -9999 -9999 -9999 -9999 -9999 2.90795E-1 2.92091E-1 3.11203E-1 2.98727E-1 2.98279E-1 2.59E-1 2.41092E-1 4.13445E-1 5.6759E-1 3.85069E-1 4.67656E-1 5.17524E-1 6.71413E-1 6.01297E-1 4.38268E-1 4.80316E-1 4.5405E-1 4.58524E-1 4.5267E-1 4.06901E-1 3.05023E-1 4.10267E-1 4.30179E-1 3.96314E-1
-9999 -9999 -9999 -9999 -9999 -9999 -9999 -9999 -9999 -9999 -9999 -9999 -9999 -9999 -9999 -9999 -9999 -9999 -9999 -9999 -9999 -9999 -9999 -9999 -9999 -9999 -9999 -9999 -9999 -9999 -9999 -9999 -9999 -9999 -9999 -9999 3.15757E-1 2.8957E-1 2.99268E-1 2.18669E-1 2.92467E-1 2.5206E-1 2.82975E-1 4.56513E-1 2.45222E-1 4.58954E-1 5.02578E-1 4.6325E-1 7.37659E-1 5.50208E-1 5.53593E-1 4.81972E-1 3.99993E-1 4.08485E-1 4.21189E-1 4.12082E-1 2.99677E-1 3.94638E-1 4.59432E-1 4.6286E-1
-9999 -9999 -9999 -9999 -9999 -9999 -9999 -9999 -9999 -9999 -9999 -9999 -9999 -9999 -9999 -9999 -9999 -9999 -9999 -9999 -9999 -9999 -9999 -9999 -9999 -9999 -9999 -9999 -9999 -9999 -9999 -9999 -9999 -9999 -9999 -9999 3.04526E-1 2.83782E-1 2.40928E-1 2.40196E-1 4.12379E-1 3.55723E-1 3.87033E-1 5.85132E-1 3.92543E-1 3.65895E-1 3.89579E-1 5.29652E-1 6.07572E-1 4.8356E-1 5.65188E-1 5.8155E-1 5.13299E-1 4.88065E-1 4.74763E-1 4.36591E-1 3.77815E-1 5.01501E-1 4.59101E-1 5.13314E-1
-9999 -9999 -9999 -9999 -9999 -9999 -9999 -9999 -9999 -9999 -9999 -9999 -9999 -9999 -9999 -9999 -9999 -9999 -9999 -9999 -9999 -9999 -9999 -9999 -9999 -9999 -9999 -9999 -9999 -9999 -9999 -9999 -9999 -9999 -9999 -9999 1.95899E-1 2.33806E-1 2.58371E-1 2.7189E-1 4.54956E-1 3.97145E-1 4.21207E-1 4.72973E-1 5.54861E-1 3.90555E-1 3.77414E-1 4.12053E-1 4.13206E-1 5.1875E-1 5.17918E-1 4.73248E-1 5.12567E-1 5.16753E-1 4.3543E-1 3.89469E-1 4.32643E-1 5.05832E-1 4.88114E-1 5.27217E-1
-9999 -9999 -9999 -9999 -9999 -9999 -9999 -9999 -9999 -9999 -9999 -9999 -9999 -9999 -9999 -9999 -9999 -9999 -9999 -9999 -9999 -9999 -9999 -9999 -9999 -9999 -9999 -9999 -9999 -9999 -9999 -9999 -9999 -9999 -9999 -9999 -9999 2.7467E-1 3.1054E-1 3.39109E-1 4.91634E-1 4.49186E-1 4.49829E-1 4.57776E-1 5.33025E-1 5.59204E-1 4.37136E-1 4.14674E-1 3.84672E-1 3.9299E-1 4.58628E-1 4.47851E-1 4.53079E-1 4.74497E-1 3.61472E-1 4.68397E-1 4.65183E-1 4.88441E-1 4.9127E-1 5.21645E-1
-9999 -9999 -9999 -9999 -9999 -9999 -9999 -9999 -9999 -9999 -9999 -9999 -9999 -9999 -9999 -9999 -9999 -9999 -9999 -9999 -9999 -9999 -9999 -9999 -9999 -9999 -9999 -9999 -9999 -9999 -9999 -9999 -9999 -9999 -9999 -9999 -9999 -9999 3.11201E-1 3.48821E-1 4.29895E-1 5.09695E-1 4.44487E-1 4.30773E-1 5.30524E-1 5.80715E-1 4.76972E-1 4.61069E-1 4.14615E-1 3.81048E-1 4.29851E-1 4.71731E-1 4.71104E-1 3.20133E-1 4.55876E-1 4.54462E-1 4.91975E-1 4.64152E-1 4.97184E-1 5.37618E-1
-9999 -9999 -9999 -9999 -9999 -9999 -9999 -9999 -9999 -9999 -9999 -9999 -9999 -9999 -9999 -9999 -9999 -9999 -9999 -9999 -9999 -9999 -9999 -9999 -9999 -9999 -9999 -9999 -9999 -9999 -9999 -9999 -9999 -9999 -9999 -9999 -9999 -9999 -9999 -9999 3.188E-1 3.83918E-1 4.99776E-1 4.7164E-1 5.0437E-1 6.81668E-1 6.29678E-1 4.94698E-1 4.49682E-1 4.15424E-1 4.02496E-1 4.36326E-1 3.37886E-1 4.66488E-1 4.43881E-1 5.05502E-1 4.68008E-1 4.38182E-1 4.67401E-1 5.14604E-1
