Phytophthora/models/20240501_1439_25/Phytophthora_PA3_RUN9_MAXENT_outputs/Phytophthora_PA3_RUN9.asc
ncols         225
nrows         269
xllcorner     473000.0
yllcorner     4429100.0
cellsize      50.0
NODATA_value  -9999
[rows 189 to 215 of 269, columns 60 to 119 of 225]
5.63755E-1 5.76705E-1 5.82458E-1 5.97982E-1 7.25034E-1 5.55806E-1 4.80167E-1 4.42405E-1 4.56407E-1 5.99771E-1 4.57015E-1 5.6581E-1 5.86185E-1 5.75752E-1 5.27601E-1 5.52155E-1 4.87698E-1 4.57398E-1 5.19527E-1 1.97875E-1 3.9968E-1 3.98862E-1 4.18652E-1 4.49012E-1 6.3203E-1 5.11531E-1 4.95593E-1 4.36546E-1 4.27728E-1 4.58428E-1 4.29721E-1 4.79731E-1 5.20504E-1 5.22012E-1 5.54985E-1 5.79596E-1 3.50139E-1 1.89992E-1 4.25812E-1 6.1788E-1 1.56849E-1 3.71991E-1 3.88732E-1 4.77758E-1 4.29868E-1 2.83901E-1 4.20534E-1 3.22421E-1 3.54028E-1 3.73737E-1 4.01891E-1 4.20919E-1 5.843E-1 7.14409E-1 5.65966E-1 3.58676E-1 5.31397E-1 4.87966E-1 4.81765E-1 4.42495E-1
5.58872E-1 5.87641E-1 5.84486E-1 6.25684E-1 7.02017E-1 5.21872E-1 4.61076E-1 4.54618E-1 4.80986E-1 5.71597E-1 7.81203E-1 7.18385E-1 6.72522E-1 6.4539E-1 5.70849E-1 6.09003E-1 5.44614E-1 5.64413E-1 4.44525E-1 4.57287E-1 4.2161E-1 4.27959E-1 4.52908E-1 4.30557E-1 5.15595E-1 4.77296E-1 4.37665E-1 4.51318E-1 4.39482E-1 4.66032E-1 4.46171E-1 4.82235E-1 5.22747E-1 5.31499E-1 1.9805E-1 4.14653E-1 3.99394E-1 3.35718E-1 3.21643E-1 3.4713E-1 3.76377E-1 2.11833E-1 5.01039E-1 4.3566E-1 4.38821E-1 4.72185E-1 4.32611E-1 3.98412E-1 3.89303E-1 3.13898E-1 3.40779E-1 3.40534E-1 4.23599E-1 4.71211E-1 1.83959E-1 5.26561E-1 5.51157E-1 4.72883E-1 4.74952E-1 4.46461E-1
5.57647E-1 5.65869E-1 5.73359E-1 6.46823E-1 6.79246E-1 6.32289E-1 6.06196E-1 5.88646E-1 5.93671E-1 6.29939E-1 4.28533E-1 7.00524E-1 6.95484E-1 7.17731E-1 5.45331E-1 6.29554E-1 5.74654E-1 5.49815E-1 5.82748E-1 5.25643E-1 4.74348E-1 4.76558E-1 4.94029E-1 4.81356E-1 5.10698E-1 5.12045E-1 4.61064E-1 4.44278E-1 5.63668E-1 5.20987E-1 4.73743E-1 5.38143E-1 6.20032E-1 2.88879E-1 5.57095E-1 4.45799E-1 3.7283E-1 3.77292E-1 4.03426E-1 4.19194E-1 3.94436E-1 3.9807E-1 3.96373E-1 4.56446E-1 4.32168E-1 4.67607E-1 3.56913E-1 3.33121E-1 2.30366E-1 2.84106E-1 2.4522E-1 2.6413E-1 3.26584E-1 3.51168E-1 3.92608E-1 2.41907E-1 4.56431E-1 3.6569E-1 4.04386E-1 4.12544E-1
5.76046E-1 5.30475E-1 5.9113E-1 3.35701E-1 3.75156E-1 5.17515E-1 4.11732E-1 4.59711E-1 6.75665E-1 6.34216E-1 3.44048E-1 5.80318E-1 5.99927E-1 5.70786E-1 5.9051E-1 6.34232E-1 5.3261E-1 5.71437E-1 5.77438E-1 5.32575E-1 4.68732E-1 4.65179E-1 4.73556E-1 4.81018E-1 4.88687E-1 4.46764E-1 4.67716E-1 3.47675E-1 5.41273E-1 4.88057E-1 4.76644E-1 4.69305E-1 4.9987E-1 5.88074E-1 2.69528E-1 2.66702E-1 4.30035E-1 3.40811E-1 3.71629E-1 3.95297E-1 3.95941E-1 3.87948E-1 4.40344E-1 4.29185E-1 3.45397E-1 5.16677E-1 3.49005E-1 3.17089E-1 2.56805E-1 2.40707E-1 2.27875E-1 2.47168E-1 2.7509E-1 3.06957E-1 3.34703E-1 1.21746E-1 4.3973E-1 4.12052E-1 4.16468E-1 3.50219E-1
5.94739E-1 5.43239E-1 6.61648E-1 5.36549E-1 4.07649E-1 4.55465E-1 7.03171E-1 7.47037E-1 7.6615E-1 4.15227E-1 4.36873E-1 7.46537E-1 6.72389E-1 6.00334E-1 6.59358E-1 6.54182E-1 5.1462E-1 6.80827E-1 5.63407E-1 5.34633E-1 4.60709E-1 5.17332E-1 5.60116E-1 4.47546E-1 5.3407E-1 4.91072E-1 4.88091E-1 4.57078E-1 4.66303E-1 4.89677E-1 4.80852E-1 4.80154E-1 4.848E-1 5.40539E-1 2.49483E-1 2.62695E-1 3.6479E-1 3.68346E-1 3.79688E-1 3.67301E-1 3.47429E-1 3.26569E-1 3.12196E-1 3.8538E-1 3.85607E-1 2.84419E-1 3.62372E-1 2.81327E-1 2.37903E-1 2.25434E-1 2.58889E-1 2.93471E-1 3.10855E-1 3.35546E-1 3.69757E-1 4.39691E-1 5.79334E-1 4.60205E-1 3.8794E-1 3.44081E-1
6.30125E-1 5.13409E-1 6.67281E-1 4.23652E-1 4.42715E-1 5.93514E-1 7.0827E-1 7.1234E-1 6.71541E-1 7.26177E-1 6.39049E-1 6.13182E-1 7.12703E-1 6.64577E-1 5.86595E-1 5.77171E-1 6.41388E-1 6.56631E-1 5.59339E-1 5.58998E-1 5.17791E-1 5.41811E-1 4.36803E-1 6.14075E-1 5.90543E-1 5.47633E-1 5.13068E-1 5.36138E-1 5.48976E-1 5.25975E-1 4.67395E-1 4.51612E-1 4.29144E-1 4.47624E-1 2.51179E-1 3.06815E-1 3.21935E-1 3.35835E-1 3.46467E-1 3.20483E-1 3.10077E-1 2.73196E-1 2.85125E-1 3.13019E-1 3.08892E-1 2.90752E-1 3.87977E-1 2.48227E-1 2.64384E-1 2.82874E-1 3.1423E-1 3.42011E-1 3.55673E-1 3.64767E-1 3.72582E-1 3.65747E-1 3.18334E-1 4.34559E-1 3.90895E-1 3.48532E-1
6.14456E-1 5.41328E-1 4.33674E-1 4.53246E-1 4.65266E-1 6.37754E-1 6.59253E-1 6.68426E-1 5.85824E-1 5.0868E-1 5.05968E-1 5.98189E-1 6.04638E-1 6.08285E-1 5.87876E-1 5.94658E-1 5.3959E-1 4.4649E-1 4.76071E-1 3.72476E-1 4.13377E-1 4.15254E-1 5.81607E-1 6.2124E-1 5.85322E-1 5.54989E-1 5.27091E-1 5.54114E-1 5.57858E-1 5.39107E-1 4.65551E-1 4.36715E-1 4.08493E-1 3.95763E-1 2.06169E-1 2.43093E-1 2.77381E-1 2.95927E-1 3.17971E-1 2.7047E-1 2.73636E-1 2.42624E-1 2.51151E-1 3.14328E-1 1.82178E-1 1.13943E-1 2.54898E-1 2.99323E-1 3.09513E-1 3.40584E-1 3.86267E-1 3.99098E-1 4.03863E-1 3.97467E-1 3.55717E-1 3.01238E-1 2.96005E-1 4.03812E-1 3.94586E-1 3.70612E-1
5.17198E-1 5.5612E-1 5.41977E-1 5.26166E-1 5.50926E-1 6.58773E-1 7.47173E-1 6.25874E-1 6.65942E-1 6.24862E-1 6.17357E-1 6.06115E-1 6.09027E-1 6.00964E-1 5.98403E-1 5.75269E-1 3.96634E-1 5.90769E-1 6.07441E-1 6.11584E-1 5.80158E-1 5.64338E-1 5.58129E-1 6.15396E-1 6.52619E-1 7.18294E-1 5.92143E-1 5.9686E-1 5.3769E-1 5.00454E-1 4.42424E-1 4.47314E-1 4.00174E-1 3.52389E-1 1.81101E-1 1.81929E-1 2.14173E-1 2.4177E-1 2.93898E-1 2.38558E-1 1.54983E-1 1.34199E-1 1.42185E-1 1.33799E-1 1.80915E-1 1.52722E-1 2.7924E-1 3.20193E-1 3.37356E-1 3.69147E-1 4.41894E-1 4.35407E-1 4.20334E-1 3.70956E-1 2.14219E-1 3.126E-1 3.3932E-1 2.28405E-1 3.56081E-1 3.25384E-1
2.17113E-1 6.51061E-1 5.88131E-1 5.73541E-1 6.15652E-1 6.78975E-1 5.79254E-1 7.61241E-1 7.8857E-1 7.42258E-1 7.29963E-1 6.72467E-1 5.64005E-1 5.58451E-1 5.53631E-1 5.42862E-1 5.50988E-1 6.5887E-1 6.37731E-1 6.29735E-1 5.63451E-1 5.6357E-1 5.43648E-1 6.72914E-1 7.53032E-1 5.15901E-1 4.67202E-1 4.81181E-1 4.90102E-1 4.96506E-1 4.27035E-1 4.08711E-1 3.76897E-1 3.32633E-1 2.1406E-1 1.61499E-1 1.4472E-1 1.65414E-1 1.93329E-1 2.2871E-1 8.32227E-2 1.31287E-1 1.61115E-1 2.43025E-1 1.87919E-1 2.23589E-1 2.91092E-1 3.23511E-1 3.94093E-1 4.00447E-1 4.74774E-1 5.0979E-1 4.87872E-1 2.96434E-1 3.37058E-1 1.9595E-1 1.88509E-1 1.97856E-1 9.69597E-2 3.04998E-1
7.18745E-1 7.09186E-1 7.43498E-1 6.68156E-1 6.32643E-1 6.86944E-1 5.94208E-1 7.42427E-1 6.55828E-1 6.55352E-1 6.00347E-1 5.50918E-1 5.27609E-1 5.67159E-1 5.63191E-1 6.50504E-1 6.36909E-1 6.82956E-1 6.42986E-1 5.99414E-1 5.4958E-1 5.63888E-1 5.24493E-1 3.91825E-1 4.36679E-1 4.02951E-1 3.66503E-1 3.7716E-1 4.90436E-1 4.61931E-1 3.94935E-1 3.69313E-1 3.48625E-1 2.83747E-1 2.06955E-1 1.41118E-1 1.11313E-1 1.17924E-1 1.29213E-1 1.17676E-1 9.06013E-2 2.26917E-1 4.71089E-2 1.75199E-1 2.15067E-1 2.79044E-1 3.13954E-1 3.56048E-1 4.12906E-1 4.14834E-1 2.78092E-1 3.44416E-1 4.99811E-1 4.18375E-1 3.53422E-1 2.96351E-1 2.56826E-1 2.52446E-1 2.81732E-1 1.0384E-1
6.3447E-1 6.00252E-1 6.36588E-1 5.79956E-1 4.98378E-1 4.76969E-1 5.40033E-1 6.13968E-1 5.7096E-1 5.36531E-1 4.97179E-1 4.69971E-1 4.91064E-1 6.09617E-1 6.7007E-1 5.73856E-1 6.76902E-1 6.9555E-1 6.76862E-1 6.00904E-1 5.31933E-1 5.79921E-1 7.29701E-1 6.66274E-1 4.06385E-1 3.50315E-1 3.46966E-1 4.05498E-1 4.28171E-1 4.03193E-1 3.52819E-1 3.6652E-1 3.43994E-1 2.3178E-1 1.74165E-1 1.08417E-1 8.54173E-2 7.44327E-2 8.32807E-2 7.20721E-2 7.20086E-2 1.19889E-1 1.34837E-1 2.14219E-1 2.28796E-1 2.87664E-1 3.30902E-1 3.72822E-1 4.50671E-1 3.91396E-1 3.76655E-1 3.95865E-1 2.32359E-1 4.37351E-1 3.73233E-1 2.72503E-1 2.32229E-1 2.93196E-1 2.58263E-1 3.26046E-1
5.86703E-1 5.85949E-1 5.62469E-1 6.4679E-1 6.04482E-1 6.0556E-1 5.87084E-1 5.67696E-1 5.62167E-1 5.27735E-1 4.83677E-1 4.84275E-1 6.27491E-1 5.90385E-1 6.22756E-1 4.88073E-1 6.68071E-1 6.87372E-1 7.22383E-1 6.88898E-1 7.04211E-1 6.25242E-1 6.0294E-1 3.44741E-1 2.95787E-1 3.02869E-1 4.06557E-1 4.22266E-1 4.37072E-1 3.73189E-1 2.61299E-1 2.50392E-1 2.25748E-1 2.67306E-1 1.40528E-1 8.49713E-2 6.14444E-2 4.3672E-2 4.93069E-2 5.57863E-2 5.95431E-2 9.50345E-2 3.00187E-1 2.11254E-1 2.33317E-1 2.86013E-1 3.39957E-1 4.02477E-1 4.82697E-1 4.31707E-1 3.74609E-1 3.79894E-1 8.95929E-2 3.9586E-1 3.00369E-1 2.12035E-1 1.79681E-1 2.70455E-1 2.24602E-1 2.62713E-1
5.79866E-1 5.73449E-1 4.10103E-1 5.89836E-1 5.55344E-1 5.80079E-1 5.73217E-1 5.38315E-1 5.19654E-1 4.44981E-1 3.09078E-1 4.44054E-1 4.43067E-1 5.39836E-1 5.70277E-1 5.0628E-1 5.14593E-1 5.87205E-1 5.92272E-1 5.71308E-1 3.01305E-1 3.39959E-1 2.25678E-1 2.04035E-1 2.54359E-1 3.55456E-1 3.9352E-1 4.27918E-1 4.4431E-1 3.84819E-1 2.87381E-1 2.4773E-1 2.2629E-1 3.63517E-1 1.76158E-1 9.41209E-2 7.12386E-2 5.68538E-2 5.53412E-2 6.58519E-2 1.05825E-1 1.54211E-1 4.23501E-1 3.32084E-1 3.21662E-1 3.72104E-1 4.57804E-1 6.03968E-1 5.19689E-1 4.77603E-1 4.01745E-1 4.2842E-1 1.48503E-1 3.86942E-1 3.09976E-1 2.14359E-1 1.70661E-1 2.3482E-1 2.18159E-1 2.49183E-1
5.42027E-1 3.72523E-1 5.43406E-1 5.19326E-1 5.12311E-1 5.30137E-1 5.59982E-1 5.6639E-1 5.4095E-1 4.57419E-1 3.99664E-1 4.65776E-1 5.01796E-1 5.37053E-1 5.9067E-1 5.83462E-1 5.61592E-1 6.0345E-1 6.14816E-1 6.62514E-1 6.7147E-1 3.36197E-1 2.58395E-1 2.91919E-1 3.12241E-1 3.96923E-1 4.63768E-1 5.13604E-1 5.46918E-1 4.54944E-1 3.6054E-1 3.11091E-1 2.55323E-1 2.17271E-1 3.27787E-1 1.10495E-1 1.55295E-1 8.55776E-2 9.18539E-2 9.06039E-2 1.30922E-1 1.86822E-1 2.48608E-1 3.54261E-1 3.13616E-1 4.27397E-1 5.81675E-1 6.84547E-1 4.95902E-1 4.5826E-1 3.93286E-1 4.51223E-1 4.93025E-1 3.91383E-1 3.54842E-1 2.49656E-1 2.29315E-1 2.02582E-1 2.01145E-1 2.21859E-1
5.67992E-1 5.40145E-1 5.86511E-1 5.57987E-1 5.32868E-1 5.5512E-1 5.72403E-1 5.83865E-1 5.44002E-1 5.22382E-1 4.84317E-1 5.16748E-1 5.46234E-1 5.64947E-1 6.0529E-1 5.03709E-1 6.25363E-1 6.18889E-1 6.17499E-1 7.35911E-1 6.41847E-1 3.53178E-1 3.15071E-1 3.6783E-1 4.35409E-1 4.5373E-1 5.01536E-1 5.97385E-1 6.38923E-1 5.27775E-1 4.32104E-1 3.67694E-1 3.01151E-1 2.52806E-1 2.17805E-1 2.03919E-1 3.254E-1 2.90499E-1 1.17965E-1 1.32584E-1 1.50005E-1 2.11825E-1 2.71697E-1 3.92384E-1 2.91823E-1 5.21667E-1 6.92051E-1 6.45316E-1 5.15842E-1 4.92818E-1 3.99054E-1 4.8855E-1 6.05943E-1 4.18693E-1 4.01661E-1 2.97759E-1 2.67021E-1 2.23146E-1 1.81204E-1 1.98584E-1
5.84162E-1 6.52644E-1 6.36455E-1 6.13172E-1 5.89365E-1 5.87088E-1 5.54192E-1 5.26467E-1 5.10888E-1 5.52376E-1 5.09476E-1 5.41117E-1 5.68244E-1 5.73119E-1 4.79333E-1 5.01209E-1 6.14832E-1 6.06432E-1 6.24459E-1 2.30147E-1 4.22958E-1 3.5543E-1 3.36557E-1 4.17045E-1 4.76226E-1 4.9516E-1 5.18294E-1 5.94993E-1 7.44038E-1 6.47262E-1 5.02798E-1 4.08177E-1 3.52877E-1 3.14046E-1 2.83508E-1 2.28813E-1 2.25983E-1 3.03806E-1 1.41468E-1 2.05295E-1 1.86635E-1 2.28911E-1 2.92247E-1 3.65118E-1 2.96091E-1 6.73615E-1 7.07153E-1 5.9478E-1 4.76963E-1 5.17287E-1 4.27154E-1 6.34649E-1 5.92718E-1 3.44697E-1 4.17035E-1 3.12669E-1 2.8181E-1 2.39543E-1 1.95544E-1 1.65889E-1
7.19446E-1 6.75395E-1 6.43525E-1 6.11624E-1 5.68506E-1 5.75325E-1 5.48714E-1 4.77386E-1 5.43544E-1 5.84999E-1 5.3315E-1 5.66556E-1 5.7556E-1 5.81238E-1 5.78718E-1 5.93717E-1 6.2262E-1 6.09039E-1 6.13515E-1 3.40868E-1 4.3072E-1 3.20754E-1 3.37215E-1 4.38909E-1 5.07476E-1 5.23661E-1 5.37803E-1 5.49987E-1 6.87442E-1 7.38359E-1 6.25836E-1 4.48217E-1 4.04602E-1 3.75588E-1 3.39646E-1 2.81947E-1 2.63285E-1 2.33386E-1 3.33919E-1 2.75716E-1 2.65888E-1 2.39982E-1 2.96532E-1 3.69246E-1 4.61237E-1 6.12905E-1 6.11359E-1 5.04774E-1 3.45533E-1 4.93508E-1 5.17443E-1 3.45085E-1 3.17474E-1 4.264E-1 4.2952E-1 3.18603E-1 2.94753E-1 2.64647E-1 2.26136E-1 1.95753E-1
5.37032E-1 5.65013E-1 5.17668E-1 4.8626E-1 4.5389E-1 4.99565E-1 4.9529E-1 4.32984E-1 5.029E-1 5.5226E-1 5.06944E-1 5.43439E-1 5.5288E-1 5.61181E-1 5.70533E-1 5.52173E-1 5.73494E-1 5.52996E-1 5.49282E-1 3.80796E-1 3.28931E-1 2.72771E-1 3.51368E-1 4.19564E-1 4.9218E-1 5.149E-1 5.28964E-1 5.21901E-1 5.06225E-1 6.9947E-1 7.31568E-1 5.73275E-1 5.11121E-1 4.76375E-1 4.33499E-1 3.10061E-1 2.99266E-1 2.87671E-1 3.03826E-1 1.78146E-1 2.9519E-1 3.42254E-1 2.49785E-1 3.02167E-1 3.51516E-1 3.27932E-1 4.73207E-1 4.74454E-1 4.96492E-1 4.60088E-1 5.07027E-1 2.87061E-1 3.34149E-1 4.78431E-1 4.74815E-1 3.98786E-1 3.80866E-1 3.51643E-1 3.01082E-1 2.64173E-1
5.48044E-1 6.05059E-1 5.46797E-1 5.12976E-1 4.9781E-1 5.72102E-1 5.35463E-1 4.74888E-1 5.20659E-1 5.83482E-1 5.06207E-1 5.38173E-1 5.40002E-1 5.53106E-1 5.57056E-1 5.42487E-1 5.68076E-1 5.41763E-1 5.62873E-1 4.27205E-1 3.25043E-1 2.93609E-1 3.67895E-1 4.38465E-1 4.88509E-1 5.31048E-1 5.41164E-1 5.48847E-1 4.77475E-1 5.428E-1 7.39668E-1 4.57793E-1 4.19509E-1 6.03852E-1 2.56626E-1 4.12164E-1 5.45931E-1 4.90413E-1 4.1094E-1 3.76637E-1 2.21802E-1 3.79435E-1 3.53161E-1 3.23184E-1 3.49029E-1 5.12931E-1 5.21566E-1 4.84878E-1 4.89364E-1 4.91637E-1 6.00412E-1 4.75557E-1 5.19877E-1 4.86005E-1 5.40529E-1 2.49345E-1 1.00213E-1 3.78026E-1 2.90519E-1 7.07372E-2
7.41887E-1 4.70934E-1 6.13552E-1 5.53264E-1 5.45797E-1 6.2466E-1 5.84057E-1 5.55406E-1 5.56228E-1 5.75378E-1 5.23259E-1 5.03595E-1 5.044E-1 5.23433E-1 5.26587E-1 5.06714E-1 5.1322E-1 4.66925E-1 4.37827E-1 5.90641E-1 3.24275E-1 3.00034E-1 3.60849E-1 4.45613E-1 4.48499E-1 5.42262E-1 5.62324E-1 5.64295E-1 5.59257E-1 4.32271E-1 5.30008E-1 4.85066E-1 5.05737E-1 5.36263E-1 4.65597E-1 3.64456E-1 3.20631E-1 2.90423E-1 2.56564E-1 2.35658E-1 2.16999E-1 2.41869E-1 3.56263E-1 2.13357E-1 8.86579E-2 2.76236E-1 4.05145E-1 4.69431E-1 4.7966E-1 5.13631E-1 4.33891E-1 5.24348E-1 6.48596E-1 6.58762E-1 6.45737E-1 3.1103E-1 3.19668E-1 2.90104E-1 2.40187E-1 2.35993E-1
4.55209E-1 6.19065E-1 6.57594E-1 4.29516E-1 6.43444E-1 7.20498E-1 4.09832E-1 4.4196E-1 5.54821E-1 5.94639E-1 4.39738E-1 3.90086E-1 4.52126E-1 4.8088E-1 4.92346E-1 4.4E-1 5.22213E-1 3.82569E-1 3.17058E-1 2.69336E-1 6.46823E-2 3.12164E-1 3.9915E-1 4.0332E-1 4.10186E-1 5.68689E-1 5.7576E-1 5.62847E-1 6.23272E-1 5.16193E-1 3.88153E-1 3.74138E-1 3.75494E-1 4.8179E-1 4.69618E-1 3.49336E-1 3.05508E-1 2.92042E-1 2.64449E-1 2.72495E-1 2.54694E-1 2.48676E-1 2.17703E-1 1.88935E-1 1.98887E-1 3.41483E-1 6.72633E-1 5.47539E-1 5.12263E-1 5.4828E-1 3.91368E-1 3.82687E-1 3.40928E-1 3.34716E-1 3.81784E-1 2.98127E-1 3.53692E-1 2.97628E-1 2.62288E-1 2.21671E-1
5.26122E-1 4.79344E-1 5.81151E-1 6.30453E-1 3.57877E-1 7.90129E-1 4.57788E-1 3.14993E-1 2.29742E-1 2.42421E-1 2.29056E-1 3.50026E-1 3.80537E-1 2.10162E-1 4.4991E-1 3.68497E-1 4.83233E-1 3.39914E-1 2.72061E-1 2.14817E-1 1.73321E-1 3.92664E-1 2.99269E-1 2.9503E-1 3.88273E-1 6.03312E-1 5.27519E-1 6.19747E-1 5.54969E-1 5.16072E-1 4.3945E-1 5.29758E-1 4.83634E-1 4.26532E-1 4.46238E-1 3.39876E-1 3.14481E-1 3.08298E-1 2.94522E-1 3.12709E-1 2.9353E-1 2.90921E-1 2.69662E-1 2.37052E-1 2.45388E-1 3.60699E-1 4.0837E-1 5.28061E-1 4.29872E-1 5.49309E-1 3.56518E-1 3.66815E-1 3.25596E-1 3.02976E-1 2.81871E-1 3.93685E-1 3.9029E-1 3.14947E-1 2.75731E-1 2.29933E-1
3.9644E-1 5.25665E-1 5.31925E-1 5.36643E-1 5.59983E-1 3.66174E-1 2.70927E-1 1.98698E-1 1.2751E-1 1.09759E-1 1.46783E-1 1.95739E-1 2.2654E-1 3.33957E-1 3.59542E-1 1.82398E-1 2.58218E-1 2.30349E-1 1.30117E-1 1.12433E-1 1.20735E-1 8.38612E-2 1.93471E-1 2.29562E-1 2.67248E-1 4.5277E-1 4.90082E-1 5.1044E-1 4.13026E-1 4.18845E-1 3.88525E-1 4.09881E-1 4.28713E-1 2.85805E-1 4.13844E-1 3.41953E-1 3.24572E-1 3.04472E-1 3.01563E-1 3.25073E-1 3.62747E-1 3.50563E-1 3.28615E-1 3.14788E-1 3.30697E-1 2.72959E-1 3.11998E-1 5.81119E-1 7.01465E-1 4.17529E-1 3.1182E-1 2.76237E-1 2.48966E-1 2.31133E-1 2.2398E-1 4.27879E-1 4.33085E-1 2.95795E-1 2.89482E-1 2.80389E-1
3.67107E-1 5.59799E-1 5.57404E-1 5.51154E-1 5.73766E-1 3.82095E-1 2.6985E-1 1.89427E-1 1.4298E-1 1.04748E-1 1.30062E-1 1.49737E-1 1.58981E-1 1.74843E-1 3.16721E-1 2.43614E-1 1.41148E-1 1.17118E-1 1.1446E-1 1.52476E-1 1.5654E-1 1.22013E-1 2.45753E-1 2.53081E-1 2.84484E-1 4.77019E-1 5.04225E-1 3.82479E-1 3.93651E-1 3.95746E-1 3.85682E-1 4.11642E-1 4.34752E-1 4.41528E-1 2.81709E-1 3.60559E-1 3.56744E-1 3.56739E-1 3.57101E-1 3.70895E-1 4.00061E-1 4.19638E-1 1.73799E-1 3.85583E-1 2.68953E-1 3.07749E-1 4.22078E-1 6.16598E-1 5.82964E-1 2.71987E-1 3.16001E-1 2.87028E-1 1.9296E-1 1.66039E-1 1.93521E-1 3.49222E-1 4.2081E-1 2.95052E-1 2.90385E-1 2.56832E-1
5.17083E-1 5.35988E-1 5.40085E-1 5.60231E-1 2.83437E-1 3.32535E-1 2.27293E-1 1.75164E-1 1.41912E-1 9.5434E-2 9.76196E-2 1.10417E-1 1.16973E-1 1.25877E-1 1.32564E-1 2.31773E-1 8.26858E-2 4.81618E-2 1.50898E-1 1.94226E-1 2.16058E-1 2.56503E-1 2.48807E-1 3.12764E-1 3.37122E-1 5.81661E-1 5.88777E-1 4.11371E-1 3.60907E-1 3.66315E-1 3.98493E-1 4.23169E-1 4.31573E-1 4.37164E-1 4.5748E-1 2.75854E-1 3.47642E-1 3.7316E-1 3.61395E-1 3.58613E-1 5.15828E-1 4.47541E-1 4.12348E-1 3.16606E-1 2.54117E-1 3.16115E-1 4.09025E-1 4.93692E-1 1.68717E-1 3.39566E-1 3.34939E-1 2.23747E-1 3.46814E-1 3.24441E-1 2.82063E-1 2.61454E-1 4.52624E-1 3.34691E-1 2.86167E-1 2.83947E-1
5.29238E-1 5.4601E-1 5.26367E-1 5.88508E-1 4.28535E-1 3.16847E-1 2.14174E-1 1.7076E-1 1.25122E-1 8.79373E-2 6.9302E-2 7.85528E-2 8.28598E-2 8.86354E-2 1.029E-1 1.61974E-1 7.74594E-2 7.74632E-2 1.95236E-1 2.25859E-1 2.64444E-1 2.16677E-1 3.23346E-1 3.639E-1 3.86557E-1 6.26051E-1 6.37168E-1 4.51383E-1 3.97712E-1 3.80144E-1 3.87192E-1 4.02621E-1 4.23907E-1 4.23163E-1 4.35466E-1 4.24465E-1 3.25449E-1 3.28418E-1 3.12329E-1 2.95053E-1 3.56801E-1 5.49501E-1 3.16926E-1 2.7094E-1 3.0201E-1 3.5066E-1 4.10382E-1 5.67856E-1 5.87085E-1 3.76763E-1 3.94961E-1 2.39499E-1 3.76477E-1 3.46762E-1 3.53157E-1 3.79646E-1 2.70231E-1 4.35606E-1 3.75249E-1 3.35227E-1
5.35319E-1 6.82669E-1 6.62957E-1 6.18302E-1 2.37808E-1 2.60702E-1 1.99433E-1 1.51819E-1 1.15631E-1 7.71253E-2 5.26053E-2 5.40598E-2 5.81312E-2 6.14464E-2 6.02784E-2 3.81499E-2 1.05846E-1 1.99117E-1 2.12819E-1 2.53764E-1 2.92195E-1 1.43599E-1 3.64487E-1 4.19964E-1 4.43032E-1 6.73537E-1 6.74484E-1 4.76449E-1 4.58577E-1 4.94028E-1 4.38113E-1 3.94574E-1 3.56818E-1 4.01314E-1 4.20782E-1 3.8555E-1 3.58699E-1 3.4462E-1 3.3511E-1 3.46436E-1 2.66143E-1 2.42228E-1 3.28622E-1 3.64499E-1 3.68092E-1 3.90278E-1 4.38791E-1 1.83674E-1 6.57612E-1 4.3947E-1 4.36786E-1 3.02042E-1 3.93669E-1 3.62072E-1 3.95127E-1 4.37255E-1 4.01431E-1 2.43507E-1 4.4232E-1 4.24682E-1
