Phytophthora/models/20240430_1251_44/Phytophthora_PA3_RUN10_MAXENT_outputs/Phytophthora_PA3_RUN10.asc
ncols         225
nrows         269
xllcorner     473000.0
yllcorner     4429100.0
cellsize      50.0
NODATA_value  -9999
[rows 54 to 80 of 269, columns 60 to 119 of 225]
2.65676E-3 7.55759E-4 3.67939E-3 3.99758E-3 5.89004E-3 6.80507E-3 1.0513E-2 8.58147E-3 1.46064E-2 1.25119E-2 9.02749E-3 9.99141E-3 1.30742E-2 2.25939E-2 1.98935E-2 1.61973E-2 1.29188E-2 9.79995E-3 1.03092E-2 1.43359E-2 2.00778E-2 2.21254E-2 2.7312E-2 1.31161E-2 2.35004E-2 -9999 -9999 -9999 -9999 -9999 -9999 -9999 -9999 -9999 -9999 -9999 -9999 -9999 -9999 -9999 -9999 -9999 -9999 -9999 -9999 -9999 -9999 -9999 -9999 -9999 -9999 -9999 -9999 -9999 -9999 -9999 -9999 -9999 -9999 -9999
2.42039E-3 2.27726E-3 3.48635E-3 2.10311E-3 5.91893E-3 9.54266E-3 1.07099E-2 1.00633E-2 1.25056E-2 1.05679E-2 9.93726E-3 1.08638E-2 1.96598E-2 1.13324E-2 2.83118E-2 2.03764E-2 1.62076E-2 1.32876E-2 9.80534E-3 1.25819E-2 1.73914E-2 2.45709E-2 2.73879E-2 9.73701E-3 2.35317E-2 3.10832E-2 -9999 -9999 -9999 -9999 5.64084E-2 -9999 -9999 -9999 -9999 -9999 -9999 -9999 -9999 -9999 -9999 -9999 -9999 -9999 -9999 -9999 -9999 -9999 -9999 -9999 -9999 -9999 -9999 -9999 -9999 -9999 -9999 -9999 -9999 -9999
7.69976E-4 2.05402E-3 4.54092E-3 4.88201E-3 5.24969E-3 6.85487E-3 8.7715E-3 1.19647E-2 6.6596E-3 6.92831E-3 1.05843E-2 9.58891E-3 1.32127E-2 1.62241E-2 5.656E-3 1.59804E-2 1.70668E-2 1.34018E-2 1.11653E-2 1.07616E-2 1.4255E-2 1.52912E-2 5.94518E-3 8.54965E-3 8.18083E-3 1.46336E-2 2.00063E-2 1.42516E-2 1.49697E-2 6.67678E-3 4.66371E-2 4.76127E-2 -9999 -9999 -9999 -9999 -9999 -9999 -9999 -9999 -9999 -9999 -9999 -9999 -9999 -9999 -9999 -9999 -9999 -9999 -9999 -9999 -9999 -9999 -9999 -9999 -9999 -9999 -9999 -9999
1.76897E-3 2.62188E-3 4.279E-3 6.21326E-3 8.44662E-3 1.18363E-2 9.57589E-3 2.8987E-3 6.02947E-3 5.72893E-3 8.55138E-3 7.2266E-3 6.27E-3 6.00499E-3 9.89932E-3 3.92222E-3 1.97498E-2 1.63758E-2 1.41287E-2 1.34973E-2 1.37965E-2 1.13689E-2 5.80768E-3 -9999 4.03424E-3 1.21478E-2 1.54127E-2 1.13254E-2 2.00036E-2 3.7412E-3 3.77224E-2 4.84771E-2 -9999 -9999 -9999 -9999 -9999 -9999 -9999 -9999 -9999 -9999 -9999 -9999 -9999 -9999 -9999 -9999 -9999 -9999 -9999 -9999 -9999 -9999 -9999 -9999 -9999 -9999 -9999 -9999
1.68006E-3 2.50077E-3 2.3406E-3 4.80314E-3 7.15708E-3 1.07751E-2 1.2589E-2 5.2341E-3 6.54891E-3 6.36555E-3 8.3435E-3 6.5444E-3 5.19344E-3 2.42283E-3 4.78686E-3 2.65379E-3 8.81289E-3 2.1205E-2 1.73995E-2 1.77261E-2 1.71244E-2 1.12753E-2 5.47926E-3 6.7444E-3 3.60243E-3 1.47151E-2 1.62482E-2 1.47178E-2 1.83536E-2 9.83909E-3 3.32742E-2 4.58777E-2 5.71612E-2 -9999 -9999 -9999 -9999 -9999 -9999 -9999 -9999 -9999 -9999 -9999 -9999 -9999 -9999 -9999 -9999 -9999 -9999 -9999 -9999 -9999 -9999 -9999 -9999 -9999 -9999 -9999
2.3893E-3 3.12101E-3 2.34066E-3 3.96995E-3 5.34906E-3 8.88891E-3 1.28843E-2 1.38636E-2 7.05161E-3 2.95127E-3 4.7465E-3 4.59441E-3 4.29384E-3 4.12825E-3 4.9531E-3 8.0264E-3 1.83049E-2 1.07528E-2 2.31353E-2 2.18649E-2 2.09119E-2 1.01513E-2 6.09125E-3 7.77611E-3 8.12081E-3 1.9227E-2 1.98857E-2 1.80118E-2 1.65805E-2 1.01701E-2 1.06562E-2 4.25533E-2 5.5992E-2 -9999 -9999 -9999 -9999 -9999 -9999 -9999 -9999 -9999 -9999 -9999 -9999 -9999 -9999 -9999 -9999 -9999 -9999 -9999 -9999 -9999 -9999 -9999 -9999 -9999 -9999 -9999
2.26498E-3 3.22128E-3 3.22637E-3 4.0611E-3 4.8962E-3 7.9766E-3 1.12037E-2 1.11927E-2 8.14797E-3 7.37009E-3 2.01839E-3 6.64429E-3 7.98769E-3 7.06258E-3 8.1278E-3 9.07608E-3 1.15396E-2 1.90925E-2 8.9106E-3 1.16599E-2 2.511E-2 1.27837E-2 7.41432E-3 9.04285E-3 1.34651E-2 1.9273E-2 2.2033E-2 2.58129E-2 2.28721E-2 1.96514E-2 1.78542E-2 3.98216E-2 5.43489E-2 -9999 -9999 -9999 -9999 -9999 -9999 -9999 -9999 -9999 -9999 -9999 -9999 -9999 -9999 -9999 -9999 -9999 -9999 -9999 -9999 -9999 -9999 -9999 -9999 -9999 -9999 -9999
2.36619E-3 2.83194E-3 3.59369E-3 4.77744E-3 5.23572E-3 5.93272E-3 6.55249E-3 6.4349E-3 5.70231E-3 5.85399E-3 8.1223E-3 4.97466E-3 9.01349E-3 1.78056E-2 1.71414E-2 1.67905E-2 1.72368E-2 1.87324E-2 2.06215E-2 1.19829E-2 1.62375E-2 1.72997E-2 9.51266E-3 1.14232E-2 1.56013E-2 1.22407E-2 1.23488E-2 1.31652E-2 1.23619E-2 1.61803E-2 3.10816E-2 4.08846E-2 4.79732E-2 2.41669E-2 -9999 -9999 -9999 -9999 -9999 -9999 -9999 -9999 -9999 -9999 -9999 -9999 -9999 -9999 -9999 -9999 -9999 -9999 -9999 -9999 -9999 -9999 -9999 -9999 -9999 -9999
2.69585E-3 3.19213E-3 4.39332E-3 6.48843E-3 7.57248E-3 7.42564E-3 4.78313E-3 6.95685E-3 6.0269E-3 6.57751E-3 3.83444E-3 8.92917E-3 1.48381E-2 1.45371E-2 1.47416E-2 1.56879E-2 6.25519E-3 7.87226E-3 1.97651E-2 2.10187E-2 8.7002E-3 2.1528E-2 1.7827E-2 1.49186E-2 1.67193E-2 1.23872E-2 2.016E-2 1.61915E-2 1.32335E-2 1.77747E-2 3.12265E-2 4.20856E-2 4.94963E-2 5.61709E-2 2.64701E-2 -9999 -9999 -9999 -9999 -9999 -9999 -9999 -9999 -9999 -9999 -9999 -9999 -9999 -9999 -9999 -9999 -9999 -9999 -9999 -9999 -9999 -9999 -9999 -9999 -9999
3.26686E-3 3.30552E-3 5.09114E-3 5.35387E-3 9.08686E-3 9.38942E-3 6.18757E-3 7.18872E-3 6.46077E-3 5.75214E-3 1.07737E-2 9.12879E-3 1.34528E-2 1.77149E-2 1.37791E-2 1.6739E-2 1.87764E-2 1.8512E-2 1.60374E-2 1.98306E-2 2.58229E-2 1.49103E-2 9.03565E-3 2.13922E-2 1.55098E-2 1.63021E-2 2.02044E-2 1.65609E-2 1.44629E-2 2.20882E-2 4.43326E-2 5.09692E-2 6.12653E-2 2.14159E-2 6.01853E-2 2.84184E-2 -9999 -9999 -9999 -9999 -9999 -9999 -9999 -9999 -9999 -9999 -9999 -9999 -9999 -9999 -9999 -9999 -9999 -9999 -9999 -9999 -9999 -9999 -9999 -9999
2.77072E-3 3.08357E-3 4.55173E-3 6.5309E-3 4.98383E-3 9.34416E-3 6.79177E-3 4.22728E-3 6.03476E-3 3.82001E-3 1.01645E-2 1.16028E-2 1.26113E-2 1.57193E-2 2.05518E-2 8.1997E-3 1.91629E-2 1.47188E-2 1.30203E-2 1.60831E-2 1.4869E-2 2.17337E-2 1.3548E-2 4.34839E-3 2.05886E-3 6.55482E-3 1.08767E-2 1.69601E-2 1.77356E-2 2.57739E-2 3.05797E-2 6.30489E-2 3.06521E-2 5.14921E-2 4.95654E-2 6.19784E-2 -9999 -9999 -9999 -9999 -9999 -9999 -9999 -9999 -9999 -9999 -9999 -9999 -9999 -9999 -9999 -9999 -9999 -9999 -9999 -9999 -9999 -9999 -9999 -9999
2.86948E-3 3.30558E-3 4.47475E-3 6.87202E-3 3.99722E-3 8.52729E-3 7.03744E-3 4.4845E-3 5.15556E-3 1.07219E-2 9.42659E-3 9.78765E-3 1.05887E-2 1.45185E-2 1.97808E-2 8.96374E-3 2.22307E-2 1.76513E-2 1.28265E-2 1.11758E-2 4.84061E-3 1.54627E-2 1.01405E-2 9.36502E-3 9.20678E-3 3.26855E-3 1.23065E-2 1.59203E-2 2.22385E-2 3.04728E-2 6.76318E-2 3.19708E-2 5.89904E-2 4.37099E-2 4.32351E-2 5.43443E-2 5.2198E-2 6.01212E-2 -9999 -9999 -9999 -9999 -9999 -9999 -9999 -9999 -9999 -9999 -9999 -9999 -9999 -9999 -9999 -9999 -9999 -9999 -9999 -9999 -9999 -9999
3.75827E-3 4.17774E-3 4.71737E-3 6.84292E-3 4.75119E-3 1.13654E-2 9.34375E-3 8.21056E-3 6.9369E-3 1.07736E-2 1.08196E-2 5.87034E-3 9.91736E-3 1.30542E-2 1.75074E-2 2.36642E-2 1.25515E-2 2.05558E-2 1.43315E-2 1.09074E-2 1.69555E-3 7.30055E-3 7.94738E-3 7.87297E-3 8.79994E-3 1.34658E-2 5.11355E-3 1.7227E-2 2.96475E-2 1.08052E-2 3.2422E-2 1.56756E-2 5.37291E-2 3.78211E-2 5.58442E-2 6.8174E-2 6.00394E-2 6.46263E-2 4.46863E-2 6.09659E-2 -9999 -9999 -9999 -9999 -9999 -9999 -9999 -9999 -9999 -9999 -9999 -9999 -9999 -9999 -9999 -9999 -9999 -9999 -9999 -9999
2.26419E-3 5.6873E-3 6.11453E-3 7.14483E-3 4.2442E-3 1.24085E-2 1.29645E-2 1.16397E-2 1.04166E-2 1.13636E-2 1.25024E-2 9.38405E-3 1.17925E-2 1.58598E-2 1.99052E-2 2.33793E-2 1.56804E-2 2.33386E-2 1.83776E-2 9.50722E-3 2.73024E-3 8.69971E-3 9.57874E-3 9.38261E-3 1.18312E-2 6.54638E-3 1.88004E-2 1.87451E-2 1.43641E-2 3.04437E-2 4.08104E-2 4.24887E-2 2.27871E-2 4.53397E-2 6.32048E-2 2.55378E-2 2.14383E-2 4.7456E-2 6.09839E-2 5.64043E-2 5.68958E-2 4.21277E-2 7.5802E-2 -9999 -9999 -9999 -9999 -9999 -9999 -9999 -9999 -9999 -9999 -9999 -9999 -9999 -9999 -9999 -9999 -9999
3.8127E-3 4.43331E-3 3.98971E-3 6.43824E-3 7.89802E-3 1.13933E-2 1.1769E-2 7.45778E-3 1.37802E-2 1.58863E-2 1.68046E-2 1.58924E-2 1.2828E-2 1.84254E-2 1.46251E-2 2.44522E-2 9.12481E-3 1.77996E-2 1.4294E-2 6.27684E-3 8.22997E-3 1.85284E-2 1.35441E-2 1.25683E-2 4.86828E-3 1.97895E-2 2.13459E-2 2.02891E-2 1.05005E-2 2.72187E-2 2.65818E-2 2.2225E-2 2.48519E-2 5.96597E-3 6.65464E-2 2.57998E-2 6.37959E-2 6.1197E-2 5.65918E-2 5.24269E-2 4.7065E-2 3.64122E-2 6.66359E-2 8.42083E-2 4.10714E-2 -9999 -9999 -9999 -9999 -9999 -9999 -9999 -9999 -9999 -9999 -9999 -9999 -9999 -9999 -9999
3.69359E-3 3.1805E-3 3.3001E-3 3.54433E-3 8.2848E-3 9.73223E-3 1.08296E-2 1.36697E-2 9.7589E-3 1.14723E-2 9.40606E-3 1.07447E-2 1.97697E-2 2.25448E-2 8.57899E-3 2.27809E-2 1.43622E-2 9.03218E-3 7.99697E-3 1.35496E-2 3.33954E-3 2.30544E-2 7.61971E-3 7.10227E-3 1.53669E-2 1.78909E-2 1.86325E-2 2.00881E-2 2.02644E-2 2.92465E-2 2.65328E-2 2.08771E-2 2.7293E-2 6.68151E-2 5.56181E-2 6.99347E-2 5.64017E-2 4.98556E-2 4.5342E-2 4.07752E-2 2.51029E-2 2.14099E-2 4.57283E-2 6.79168E-2 9.13868E-2 -9999 -9999 -9999 -9999 -9999 -9999 -9999 -9999 -9999 -9999 -9999 -9999 -9999 -9999 -9999
4.1066E-3 4.62431E-3 5.89775E-3 7.59329E-3 6.51883E-3 1.03044E-2 9.07069E-3 1.12387E-2 1.35374E-2 1.52257E-2 1.84264E-2 2.07949E-2 1.91366E-2 2.35432E-2 2.19719E-2 2.06796E-2 1.64919E-2 1.0453E-2 7.59324E-3 1.19344E-2 6.46975E-3 2.30181E-2 2.51465E-2 2.14666E-2 1.08435E-2 2.03943E-2 2.15768E-2 1.21534E-2 2.01019E-2 2.68471E-2 3.07044E-2 2.63818E-2 3.02295E-2 4.08699E-2 2.49582E-2 2.05672E-2 2.8058E-2 4.18651E-2 3.78233E-2 3.19215E-2 2.02284E-2 2.01506E-2 3.74857E-2 5.75927E-2 9.05434E-2 -9999 -9999 -9999 -9999 -9999 -9999 -9999 -9999 -9999 -9999 -9999 -9999 -9999 -9999 -9999
3.85232E-3 1.61775E-3 5.95046E-3 7.61612E-3 5.8009E-3 1.0812E-2 9.03296E-3 9.06451E-3 1.06584E-2 1.18074E-2 1.45191E-2 1.73918E-2 2.01798E-2 1.95448E-2 1.78603E-2 1.73134E-2 1.34254E-2 1.20553E-2 9.63445E-3 1.06956E-2 1.38369E-2 1.93928E-2 1.93456E-2 1.13365E-2 8.25772E-3 1.11264E-2 8.45611E-3 1.13632E-2 1.18651E-2 2.66063E-2 3.51649E-2 3.22919E-2 3.5592E-2 3.1079E-2 2.04986E-2 4.57208E-2 -9999 1.64733E-2 3.01377E-2 2.64896E-2 1.91674E-2 3.06625E-2 3.27792E-2 5.62374E-2 9.27912E-2 -9999 -9999 -9999 -9999 -9999 -9999 -9999 -9999 -9999 -9999 -9999 -9999 -9999 -9999 -9999
4.22091E-3 4.2956E-3 5.90492E-3 7.21967E-3 9.02838E-3 1.03936E-2 9.02595E-3 8.83736E-3 1.05156E-2 1.1934E-2 1.2485E-2 1.36909E-2 1.56834E-2 1.88587E-2 1.69243E-2 1.65305E-2 1.32107E-2 1.26716E-2 1.1623E-2 1.35999E-2 1.3474E-2 1.51625E-2 1.63489E-2 1.06055E-2 9.96548E-3 9.69685E-3 1.20388E-2 1.313E-2 1.22827E-2 2.07395E-2 2.92249E-2 3.83542E-2 2.05234E-2 2.40683E-2 3.80151E-2 3.01854E-2 1.53985E-2 2.22117E-2 3.3177E-2 4.36973E-2 3.61624E-2 5.69482E-2 7.75725E-2 8.74171E-2 8.91265E-2 1.24317E-1 -9999 -9999 -9999 -9999 -9999 -9999 -9999 -9999 -9999 -9999 -9999 -9999 -9999 -9999
4.89103E-3 5.60147E-3 4.80346E-3 4.95398E-3 7.50694E-3 8.64105E-3 8.16829E-3 1.10731E-2 1.42696E-2 1.44125E-2 1.49353E-2 1.38034E-2 1.87787E-2 2.38708E-2 2.3421E-2 2.07441E-2 1.65554E-2 1.65006E-2 1.53918E-2 7.63579E-3 1.69087E-2 1.83829E-2 1.88269E-2 1.2986E-2 1.39863E-2 1.69302E-2 1.1326E-2 2.16538E-2 1.56209E-2 1.6408E-2 2.09154E-2 3.15556E-2 1.56401E-2 2.87663E-2 2.68771E-2 2.50284E-2 3.37019E-2 4.49131E-2 6.81733E-2 2.08352E-2 3.05076E-2 7.20036E-2 8.36218E-2 8.74801E-2 6.90451E-2 1.1514E-1 1.33716E-1 -9999 -9999 -9999 -9999 -9999 -9999 -9999 -9999 -9999 -9999 -9999 -9999 -9999
1.80665E-3 3.68694E-3 2.19488E-3 1.04289E-3 5.36732E-3 8.30808E-3 9.83532E-3 1.29253E-2 1.73148E-2 1.78939E-2 1.53432E-2 1.37312E-2 1.86531E-2 2.17273E-2 1.01698E-2 2.81634E-2 2.22436E-2 2.30066E-2 2.33809E-2 9.66205E-3 1.88635E-2 1.18548E-2 1.229E-2 1.63429E-2 1.91335E-2 1.08152E-2 2.60287E-2 2.90541E-2 1.77435E-2 2.1666E-2 2.69293E-2 4.00819E-2 4.52772E-2 3.31382E-2 3.08893E-2 3.36486E-2 2.79856E-2 2.44725E-2 3.04091E-2 3.75998E-2 3.46861E-2 6.13828E-2 6.96876E-2 3.0013E-2 1.57551E-2 4.4721E-2 8.11714E-2 -9999 -9999 -9999 -9999 -9999 -9999 -9999 -9999 -9999 -9999 -9999 -9999 -9999
1.66972E-3 1.43034E-3 1.83931E-3 2.53918E-3 4.72279E-3 7.74939E-3 1.08486E-2 1.3793E-2 8.28206E-3 1.81494E-2 1.51814E-2 1.20679E-2 1.52961E-2 2.22043E-2 2.62642E-2 1.46116E-2 1.36563E-2 1.04457E-2 2.04017E-2 1.7788E-2 6.6608E-3 5.26781E-3 3.3247E-3 7.92298E-3 3.03805E-2 3.76419E-2 2.90853E-2 1.6748E-2 9.74404E-3 6.56665E-3 1.70813E-2 2.6712E-2 3.49227E-2 3.49084E-2 3.57499E-2 3.14993E-2 1.36977E-2 2.01679E-2 1.78681E-2 1.96534E-2 2.45169E-2 2.90729E-2 2.86089E-2 3.07834E-2 3.09799E-2 8.29577E-2 1.37713E-1 -9999 -9999 -9999 -9999 -9999 -9999 -9999 -9999 -9999 -9999 -9999 -9999 -9999
4.72883E-3 1.94489E-3 1.57266E-3 3.48728E-3 4.98474E-3 8.75845E-3 3.47997E-3 4.89632E-3 1.66698E-2 1.74565E-2 2.45826E-2 1.97318E-2 2.31413E-2 2.5339E-2 3.83174E-2 5.55688E-2 5.62456E-2 4.14179E-2 7.28073E-2 6.72678E-2 2.67654E-2 2.44208E-2 2.74868E-2 3.55355E-2 7.21676E-2 5.93389E-2 2.27809E-2 2.30232E-2 2.79653E-2 1.52328E-2 3.69041E-2 5.86571E-2 6.8721E-2 8.37913E-2 1.11017E-1 1.69108E-1 1.30022E-1 8.11521E-2 6.23834E-2 5.03605E-2 9.39971E-2 6.55527E-2 1.3912E-1 1.40961E-1 2.50489E-1 1.51326E-1 1.46155E-1 1.99207E-1 -9999 -9999 -9999 -9999 -9999 -9999 -9999 -9999 -9999 -9999 -9999 -9999
2.63365E-3 2.07413E-3 1.67257E-3 2.9794E-3 4.90631E-3 8.3078E-3 4.44016E-3 1.18946E-2 1.2928E-2 1.4101E-2 2.07833E-2 1.73343E-2 1.91636E-2 2.15518E-2 2.75835E-2 3.72141E-2 4.0298E-2 3.64995E-2 6.45471E-2 4.51086E-2 7.35622E-2 2.77628E-2 5.50392E-2 6.00685E-2 5.80639E-2 2.67029E-2 2.28451E-2 3.01549E-2 4.48895E-2 3.29376E-2 3.69167E-2 6.24213E-2 9.07106E-2 1.12592E-1 1.07474E-1 1.53147E-1 1.59352E-1 1.28057E-1 6.95174E-2 8.08886E-2 1.18437E-1 1.57396E-1 1.50639E-1 2.41775E-1 2.64739E-1 1.18855E-1 2.18794E-1 1.57197E-1 1.78051E-1 1.33233E-1 -9999 -9999 -9999 -9999 -9999 -9999 -9999 -9999 -9999 -9999
2.36743E-3 2.55759E-3 2.8145E-3 2.58511E-3 4.43511E-3 7.68165E-3 3.75033E-3 1.12762E-2 1.07687E-2 1.40932E-2 2.44912E-2 2.28052E-2 2.34108E-2 2.3626E-2 2.84474E-2 3.85732E-2 4.20663E-2 4.84374E-2 6.1685E-2 4.85716E-2 3.46625E-2 5.48035E-2 5.29606E-2 4.45095E-2 3.24463E-2 1.87025E-2 2.27254E-2 3.85095E-2 7.0665E-2 5.2862E-2 2.06872E-2 2.48415E-2 5.79825E-2 1.31018E-1 1.30998E-1 1.42395E-1 1.29846E-1 1.23501E-1 1.14797E-1 1.44809E-1 1.86387E-1 2.23409E-1 1.15351E-1 1.09797E-1 2.42882E-1 3.00123E-1 2.56936E-1 2.10243E-1 2.18294E-1 1.14648E-1 8.27345E-2 7.58156E-2 -9999 -9999 -9999 -9999 -9999 -9999 -9999 -9999
4.06536E-3 4.32593E-3 2.89484E-3 3.54729E-3 3.67768E-3 3.82385E-3 6.16572E-3 1.21993E-2 1.22166E-2 1.78831E-2 3.05949E-2 3.00915E-2 3.41074E-2 3.79945E-2 3.90693E-2 4.86561E-2 3.94925E-2 1.71225E-2 5.14767E-2 4.81442E-2 9.36838E-3 3.56261E-2 4.24684E-2 2.08165E-2 7.25078E-3 1.19536E-2 2.87352E-2 5.67607E-2 7.44259E-2 9.75881E-2 3.89248E-2 7.13492E-2 5.68742E-2 6.74781E-2 1.53699E-1 1.64843E-1 1.39579E-1 1.3353E-1 1.38241E-1 1.82516E-1 2.17508E-1 2.10052E-1 7.80753E-2 1.30782E-1 1.9E-1 1.92098E-1 2.4293E-1 9.0282E-2 2.59059E-1 1.39385E-1 1.20051E-1 1.19743E-1 1.20385E-1 -9999 -9999 -9999 -9999 -9999 -9999 -9999
6.86193E-3 1.82832E-3 4.5378E-3 3.58421E-3 5.09628E-3 7.17384E-3 5.72736E-3 4.46058E-3 6.56461E-3 6.54294E-3 3.12529E-2 3.20994E-2 4.08578E-2 3.833E-2 3.45625E-2 4.07615E-2 6.27671E-2 3.6321E-2 4.3571E-2 4.60959E-2 2.2424E-2 -9999 1.61891E-2 9.71566E-3 8.17849E-3 1.3755E-2 2.72414E-2 6.21872E-2 8.31222E-2 1.16351E-1 9.63789E-2 8.55735E-2 8.27761E-2 1.61761E-1 1.66713E-1 1.76047E-1 1.53708E-1 1.60794E-1 1.53987E-1 1.71857E-1 2.17E-1 2.2295E-1 1.85626E-1 1.75889E-1 1.73298E-1 2.70393E-1 3.07375E-1 1.18804E-1 2.95397E-1 2.17877E-1 6.40322E-2 1.28658E-1 1.69538E-1 -9999 -9999 -9999 -9999 -9999 -9999 -9999
