Phytophthora/models/20240430_1251_44/Phytophthora_PA3_RUN10_MAXENT_outputs/Phytophthora_PA3_RUN10.asc
ncols         225
nrows         269
xllcorner     473000.0
yllcorner     4429100.0
cellsize      50.0
NODATA_value  -9999
[rows 189 to 215 of 269, columns 60 to 119 of 225]
5.40734E-1 6.00221E-1 6.42039E-1 6.58519E-1 6.62726E-1 5.79864E-1 5.31768E-1 4.43234E-1 4.47476E-1 6.04551E-1 3.96749E-1 6.23255E-1 6.44429E-1 6.22368E-1 5.07968E-1 4.51417E-1 3.67803E-1 3.5392E-1 5.20844E-1 2.11217E-1 3.61055E-1 3.63903E-1 3.85005E-1 4.07118E-1 5.77434E-1 5.71964E-1 6.00002E-1 4.16882E-1 4.19279E-1 3.91443E-1 3.7379E-1 4.73561E-1 5.91977E-1 5.90316E-1 5.98679E-1 5.88067E-1 3.46354E-1 1.40918E-1 2.37777E-1 5.00393E-1 1.84119E-1 2.47359E-1 3.65716E-1 4.91781E-1 4.79116E-1 1.67486E-1 2.92648E-1 1.14667E-1 1.41001E-1 1.97106E-1 1.96611E-1 2.19308E-1 3.549E-1 4.99736E-1 5.06205E-1 2.62623E-1 4.73796E-1 4.08909E-1 3.48064E-1 2.87221E-1
5.36426E-1 6.46471E-1 6.2592E-1 6.14422E-1 6.04164E-1 5.16116E-1 4.72844E-1 4.69145E-1 3.99875E-1 6.12392E-1 7.32871E-1 7.45704E-1 7.24509E-1 6.82361E-1 5.77629E-1 5.5431E-1 4.26047E-1 4.08517E-1 3.98117E-1 4.12451E-1 3.79848E-1 4.06141E-1 4.4378E-1 4.26252E-1 5.3049E-1 5.79677E-1 5.72255E-1 5.60793E-1 3.62871E-1 3.45051E-1 4.36374E-1 5.07124E-1 5.35983E-1 5.54131E-1 1.83901E-1 3.75599E-1 3.46788E-1 3.12055E-1 2.51464E-1 2.37491E-1 2.91513E-1 2.04572E-1 4.50277E-1 4.62906E-1 5.08552E-1 5.18264E-1 2.76587E-1 2.06206E-1 2.13892E-1 1.05827E-1 1.15176E-1 1.30373E-1 2.41948E-1 3.14047E-1 1.74801E-1 4.98749E-1 4.57182E-1 3.47354E-1 2.99139E-1 2.86813E-1
5.79394E-1 5.86829E-1 5.69223E-1 5.80528E-1 5.65188E-1 5.79707E-1 5.85341E-1 5.84555E-1 4.23337E-1 5.15465E-1 4.57391E-1 7.68166E-1 7.44655E-1 7.02246E-1 4.99342E-1 4.47871E-1 4.61563E-1 4.82165E-1 5.0628E-1 4.8797E-1 4.50941E-1 4.97022E-1 5.3278E-1 5.31403E-1 5.60218E-1 6.26337E-1 6.30704E-1 5.55621E-1 5.37836E-1 4.66622E-1 5.07602E-1 5.14719E-1 4.93491E-1 1.78748E-1 5.09735E-1 3.92078E-1 2.36377E-1 2.29457E-1 2.80203E-1 2.99756E-1 2.23923E-1 2.54554E-1 2.47909E-1 2.82524E-1 2.70846E-1 4.20046E-1 2.52271E-1 1.8598E-1 9.82335E-2 1.26881E-1 6.97972E-2 8.30763E-2 1.51687E-1 1.68744E-1 1.75777E-1 1.42415E-1 3.34945E-1 2.75517E-1 3.25656E-1 3.83877E-1
5.89342E-1 5.21469E-1 5.38127E-1 2.41617E-1 3.43338E-1 4.77473E-1 3.71886E-1 3.98838E-1 6.21133E-1 4.83589E-1 2.70529E-1 6.51023E-1 5.62006E-1 4.35543E-1 4.13381E-1 5.40127E-1 4.64195E-1 5.01669E-1 5.38197E-1 5.10851E-1 4.90529E-1 3.95906E-1 4.28667E-1 4.6996E-1 5.05554E-1 4.43614E-1 4.74347E-1 3.5321E-1 5.5896E-1 3.90706E-1 4.30209E-1 4.48876E-1 3.58279E-1 4.00801E-1 1.9019E-1 1.55589E-1 3.2735E-1 1.59715E-1 1.97386E-1 2.35438E-1 2.40323E-1 2.79055E-1 3.21639E-1 3.15933E-1 2.95766E-1 3.98833E-1 2.65558E-1 2.01014E-1 1.15108E-1 9.93736E-2 8.5482E-2 6.60064E-2 8.2068E-2 9.61518E-2 1.3707E-1 4.59248E-2 3.34222E-1 3.05078E-1 3.07575E-1 2.11151E-1
5.78778E-1 5.08246E-1 5.35809E-1 4.9402E-1 2.70134E-1 3.03453E-1 6.57484E-1 6.64526E-1 7.40544E-1 4.1207E-1 4.45781E-1 7.20731E-1 7.37673E-1 5.57876E-1 6.36978E-1 5.96938E-1 4.54875E-1 7.3653E-1 5.88041E-1 4.83071E-1 4.09128E-1 5.09817E-1 5.44718E-1 4.00953E-1 5.52214E-1 4.58921E-1 4.50333E-1 4.27458E-1 4.36324E-1 4.03777E-1 4.22882E-1 4.66185E-1 3.54864E-1 4.87554E-1 1.49078E-1 1.3821E-1 2.27724E-1 1.98337E-1 2.29795E-1 2.35397E-1 1.84989E-1 1.77396E-1 1.18418E-1 2.4705E-1 2.47845E-1 1.70551E-1 2.85887E-1 1.96999E-1 1.15237E-1 1.04845E-1 1.14935E-1 1.2354E-1 1.19293E-1 1.21753E-1 1.69478E-1 3.47203E-1 4.47481E-1 3.4997E-1 2.9436E-1 1.93727E-1
5.79259E-1 4.50432E-1 5.18348E-1 3.22052E-1 3.10726E-1 4.70715E-1 6.29163E-1 6.94549E-1 6.58928E-1 7.75399E-1 6.77652E-1 5.4514E-1 7.29012E-1 6.91769E-1 6.04773E-1 5.62789E-1 7.10417E-1 7.23645E-1 6.29019E-1 5.51753E-1 4.60993E-1 4.61481E-1 3.64775E-1 6.73553E-1 6.19881E-1 5.25358E-1 4.60788E-1 4.86401E-1 5.14912E-1 4.64575E-1 3.82493E-1 4.34997E-1 3.52376E-1 4.57339E-1 2.15772E-1 1.88123E-1 2.18104E-1 2.34416E-1 2.5282E-1 2.15829E-1 1.88871E-1 1.46183E-1 1.27665E-1 1.38835E-1 1.23879E-1 1.98987E-1 2.62688E-1 1.56406E-1 1.30552E-1 1.5636E-1 1.89387E-1 2.04804E-1 1.77092E-1 1.73466E-1 1.78205E-1 2.4722E-1 1.88188E-1 3.56147E-1 2.99326E-1 1.96396E-1
5.67801E-1 5.276E-1 3.61775E-1 3.40028E-1 3.17403E-1 5.15326E-1 5.66594E-1 7.14917E-1 5.977E-1 4.38095E-1 4.80864E-1 6.39483E-1 6.24031E-1 6.17374E-1 6.36357E-1 6.45477E-1 6.53189E-1 4.17255E-1 4.44029E-1 2.48244E-1 3.2189E-1 2.55052E-1 5.25119E-1 6.77498E-1 5.38805E-1 5.6672E-1 4.85993E-1 5.40937E-1 5.10164E-1 5.37518E-1 4.28724E-1 3.72405E-1 3.66903E-1 4.01568E-1 1.33113E-1 1.55298E-1 2.42172E-1 2.69986E-1 3.44294E-1 1.87368E-1 2.27721E-1 1.93519E-1 1.57855E-1 2.23662E-1 1.01338E-1 6.10359E-2 1.85227E-1 1.80835E-1 1.59133E-1 2.31929E-1 2.99534E-1 3.17677E-1 2.79348E-1 2.34657E-1 2.17648E-1 1.65595E-1 1.94798E-1 3.23712E-1 2.97068E-1 2.0924E-1
4.76395E-1 5.12197E-1 4.65362E-1 3.98751E-1 4.09382E-1 4.88862E-1 7.98518E-1 6.12843E-1 7.36441E-1 6.53445E-1 5.30987E-1 5.52126E-1 6.33174E-1 6.13635E-1 6.5467E-1 6.02342E-1 3.51793E-1 6.35162E-1 5.71844E-1 5.67784E-1 5.11317E-1 4.91657E-1 4.8437E-1 6.50179E-1 6.69293E-1 6.63784E-1 5.92367E-1 6.42222E-1 5.14805E-1 4.07113E-1 2.5449E-1 2.8925E-1 2.48669E-1 1.83568E-1 8.15865E-2 1.15131E-1 2.3695E-1 2.79943E-1 2.93809E-1 2.46512E-1 1.61085E-1 1.42671E-1 1.39844E-1 1.05017E-1 1.10424E-1 5.15152E-2 1.26977E-1 2.16712E-1 2.04222E-1 2.88551E-1 3.51795E-1 3.6209E-1 3.72117E-1 2.88071E-1 9.9928E-2 2.71462E-1 2.91857E-1 1.73943E-1 3.99449E-1 2.86452E-1
2.01953E-1 5.69086E-1 5.95163E-1 4.54036E-1 4.98391E-1 6.11154E-1 6.21427E-1 8.00404E-1 7.71575E-1 7.30646E-1 7.41247E-1 6.9419E-1 5.4245E-1 5.28657E-1 4.98188E-1 5.14293E-1 4.93617E-1 6.29034E-1 5.88909E-1 5.34545E-1 4.74974E-1 4.90769E-1 4.19199E-1 6.51222E-1 6.52953E-1 4.73243E-1 4.50145E-1 4.59983E-1 3.41827E-1 3.51253E-1 2.6876E-1 2.59541E-1 2.3433E-1 1.90724E-1 8.58508E-2 1.13136E-1 1.28972E-1 1.88891E-1 2.30028E-1 2.21194E-1 6.02639E-2 1.39507E-1 1.54029E-1 2.02233E-1 8.18083E-2 8.54323E-2 1.21303E-1 1.57469E-1 3.86957E-1 3.82346E-1 4.05632E-1 4.21997E-1 4.27849E-1 2.20727E-1 2.0925E-1 1.11556E-1 1.31359E-1 9.1299E-2 6.86626E-2 3.51471E-1
6.22172E-1 6.2997E-1 6.9463E-1 7.13778E-1 6.12918E-1 6.0266E-1 6.79909E-1 7.69576E-1 6.65266E-1 6.338E-1 6.06081E-1 5.4887E-1 4.73068E-1 5.38751E-1 4.89983E-1 6.24663E-1 6.58301E-1 7.61502E-1 5.59109E-1 4.87083E-1 4.96848E-1 6.0023E-1 4.07071E-1 2.98896E-1 3.79021E-1 2.84149E-1 2.2581E-1 2.20361E-1 3.42956E-1 3.52526E-1 2.92587E-1 2.53975E-1 2.96202E-1 1.593E-1 1.0426E-1 1.34606E-1 1.70495E-1 1.90501E-1 1.91926E-1 1.54018E-1 9.40314E-2 1.58842E-1 4.17998E-2 1.09935E-1 1.06944E-1 1.26595E-1 1.5167E-1 2.24868E-1 4.40185E-1 4.53104E-1 2.15608E-1 2.17838E-1 2.81224E-1 3.15229E-1 1.75078E-1 1.70648E-1 1.76043E-1 1.44779E-1 1.88861E-1 1.49767E-1
5.5834E-1 6.10805E-1 6.7984E-1 5.98884E-1 5.72429E-1 3.95485E-1 6.39132E-1 6.7389E-1 5.94321E-1 5.44071E-1 4.26079E-1 3.53987E-1 3.20773E-1 5.16632E-1 6.15593E-1 4.87045E-1 7.58222E-1 7.68184E-1 7.15466E-1 5.69225E-1 5.42829E-1 5.70513E-1 6.07364E-1 5.35113E-1 4.15621E-1 2.73604E-1 2.19857E-1 2.63559E-1 3.33476E-1 3.37025E-1 3.58713E-1 3.55891E-1 3.46589E-1 1.39679E-1 1.21223E-1 9.4614E-2 1.29774E-1 1.5162E-1 1.61279E-1 1.21001E-1 8.80323E-2 1.12975E-1 8.16877E-2 1.89129E-1 1.10631E-1 1.45691E-1 1.88285E-1 2.788E-1 4.60449E-1 4.38332E-1 2.05002E-1 3.02569E-1 1.07453E-1 3.91038E-1 3.29653E-1 1.98561E-1 1.58096E-1 1.83459E-1 1.40314E-1 2.93173E-1
5.68264E-1 6.29998E-1 6.46227E-1 7.60816E-1 6.61648E-1 6.61046E-1 6.33889E-1 6.21225E-1 5.92647E-1 5.32552E-1 4.06475E-1 3.84377E-1 5.27555E-1 3.61118E-1 4.32711E-1 3.6056E-1 7.0613E-1 7.5541E-1 7.20862E-1 6.4406E-1 5.81961E-1 4.94013E-1 4.62269E-1 3.24462E-1 2.35103E-1 1.88682E-1 2.68318E-1 3.36876E-1 4.1989E-1 3.12346E-1 1.37567E-1 1.775E-1 1.92169E-1 2.96992E-1 1.33263E-1 9.67854E-2 8.90558E-2 1.04209E-1 1.36584E-1 8.6169E-2 5.10048E-2 8.52451E-2 1.87537E-1 1.85583E-1 1.04689E-1 1.65355E-1 2.43763E-1 3.64401E-1 4.31439E-1 4.15554E-1 1.90136E-1 2.15323E-1 4.15944E-2 3.43199E-1 2.44777E-1 1.3586E-1 9.57532E-2 1.60498E-1 8.90647E-2 1.47075E-1
6.31564E-1 6.3765E-1 3.92492E-1 6.57284E-1 6.07642E-1 6.22224E-1 5.22511E-1 4.43644E-1 3.96928E-1 3.21854E-1 1.87228E-1 3.25459E-1 2.7257E-1 4.41522E-1 5.59197E-1 5.45863E-1 5.89703E-1 6.89596E-1 6.39402E-1 5.68364E-1 2.06945E-1 2.94062E-1 1.29601E-1 1.16974E-1 1.45875E-1 2.24128E-1 3.21142E-1 4.5696E-1 5.0043E-1 3.25363E-1 1.69072E-1 1.39559E-1 1.97295E-1 2.90057E-1 1.74958E-1 1.30783E-1 8.2066E-2 8.26362E-2 1.25174E-1 8.78696E-2 6.73371E-2 8.37752E-2 2.27044E-1 2.38538E-1 1.40193E-1 2.02909E-1 3.31636E-1 4.23614E-1 4.17381E-1 4.12686E-1 2.86217E-1 4.04619E-1 1.48528E-1 3.37923E-1 1.91829E-1 1.2082E-1 8.10473E-2 1.1406E-1 8.20022E-2 1.25265E-1
4.77495E-1 2.60918E-1 5.16268E-1 4.34614E-1 4.01955E-1 4.59116E-1 4.93896E-1 4.90203E-1 4.30897E-1 3.33396E-1 2.81631E-1 3.3846E-1 3.88524E-1 4.92593E-1 6.90905E-1 7.41609E-1 7.24414E-1 6.91331E-1 6.3533E-1 6.05993E-1 5.28513E-1 2.52796E-1 1.86427E-1 1.79048E-1 1.76746E-1 2.24775E-1 4.62608E-1 5.76379E-1 5.81024E-1 4.5048E-1 2.78196E-1 2.01543E-1 1.5564E-1 1.46492E-1 2.53141E-1 9.15122E-2 1.9416E-1 8.60251E-2 1.45837E-1 1.49173E-1 8.78986E-2 1.12508E-1 1.33362E-1 2.3618E-1 1.92499E-1 2.72326E-1 4.0729E-1 4.66379E-1 3.80546E-1 3.11958E-1 2.4317E-1 4.22124E-1 3.86205E-1 3.23456E-1 2.51651E-1 1.4169E-1 1.20211E-1 9.67998E-2 9.56773E-2 1.1548E-1
5.67318E-1 5.02297E-1 5.33936E-1 4.45009E-1 3.81863E-1 3.97738E-1 4.73089E-1 5.16313E-1 4.464E-1 4.26039E-1 3.84385E-1 4.29481E-1 5.08162E-1 5.65842E-1 7.40126E-1 6.42664E-1 7.42617E-1 6.82928E-1 6.24513E-1 6.25253E-1 4.91046E-1 3.02975E-1 2.52623E-1 2.47924E-1 2.92366E-1 3.26332E-1 4.8283E-1 6.50856E-1 6.58672E-1 5.87009E-1 4.52279E-1 2.8067E-1 1.81737E-1 1.52458E-1 1.4351E-1 1.9782E-1 2.46848E-1 2.34289E-1 1.59573E-1 1.65914E-1 1.04245E-1 1.35378E-1 1.46665E-1 2.79812E-1 1.89032E-1 3.66727E-1 4.67493E-1 5.12882E-1 3.90585E-1 3.88558E-1 2.54216E-1 4.92644E-1 5.35386E-1 3.92078E-1 3.37516E-1 1.93189E-1 1.63354E-1 1.23502E-1 1.01104E-1 1.21511E-1
5.83975E-1 6.24504E-1 5.87637E-1 5.10404E-1 4.36433E-1 5.01021E-1 5.25796E-1 4.64584E-1 4.44407E-1 5.06883E-1 4.27142E-1 4.58441E-1 5.52296E-1 5.8549E-1 5.47194E-1 6.26661E-1 7.17067E-1 6.54215E-1 6.0268E-1 2.06951E-1 3.94194E-1 3.51638E-1 2.75878E-1 3.15003E-1 3.71885E-1 4.04433E-1 4.6122E-1 6.83685E-1 7.16109E-1 6.60606E-1 5.27179E-1 3.30638E-1 2.38488E-1 2.09145E-1 2.08995E-1 1.85385E-1 2.22602E-1 2.14969E-1 1.09086E-1 1.81334E-1 1.6961E-1 1.67358E-1 1.80866E-1 2.47547E-1 1.38444E-1 4.27118E-1 4.95654E-1 5.29518E-1 4.06247E-1 4.93254E-1 3.55993E-1 5.45416E-1 5.68523E-1 3.10241E-1 3.72731E-1 2.17157E-1 1.94428E-1 1.51471E-1 1.23631E-1 1.12034E-1
7.73391E-1 7.09626E-1 5.95934E-1 5.3431E-1 4.37381E-1 5.44804E-1 5.70124E-1 5.25426E-1 5.70251E-1 6.04718E-1 5.1843E-1 5.62528E-1 5.42136E-1 5.84954E-1 6.98939E-1 7.18624E-1 6.90595E-1 6.31678E-1 5.82384E-1 2.34216E-1 3.81216E-1 3.20011E-1 2.24667E-1 3.38107E-1 4.74651E-1 4.71376E-1 4.84316E-1 5.67461E-1 7.43587E-1 6.97769E-1 5.91646E-1 3.94989E-1 2.98407E-1 2.49333E-1 2.28831E-1 2.06999E-1 2.35373E-1 2.27335E-1 2.34432E-1 2.17933E-1 1.93244E-1 1.96315E-1 1.74772E-1 2.37811E-1 2.78038E-1 4.34555E-1 4.60217E-1 4.7174E-1 1.9426E-1 5.03388E-1 5.09386E-1 3.37391E-1 2.66433E-1 4.06873E-1 4.22735E-1 2.37867E-1 2.28478E-1 2.02165E-1 1.71406E-1 1.53476E-1
5.79204E-1 6.08979E-1 4.51652E-1 4.38122E-1 3.8655E-1 4.36136E-1 5.01331E-1 4.63994E-1 5.14992E-1 5.5138E-1 5.10056E-1 5.62685E-1 5.33666E-1 5.33309E-1 6.1246E-1 6.01298E-1 6.21774E-1 5.678E-1 5.29465E-1 3.64394E-1 2.84211E-1 1.98817E-1 2.5723E-1 3.6885E-1 5.62402E-1 5.00993E-1 5.16615E-1 5.56709E-1 6.50221E-1 7.16995E-1 6.69568E-1 5.98167E-1 4.88943E-1 3.68545E-1 3.64403E-1 2.24615E-1 2.56858E-1 2.57371E-1 2.45462E-1 1.23212E-1 2.10489E-1 2.37315E-1 2.2275E-1 2.6195E-1 2.6211E-1 1.56523E-1 2.85987E-1 2.72771E-1 3.58017E-1 4.67761E-1 5.12326E-1 2.6898E-1 3.1852E-1 4.74591E-1 4.90561E-1 3.46125E-1 3.33257E-1 2.96247E-1 2.4589E-1 2.41831E-1
5.044E-1 6.6217E-1 5.22061E-1 4.45936E-1 5.15507E-1 5.56523E-1 5.0825E-1 4.62798E-1 4.97252E-1 5.34807E-1 5.25041E-1 5.78187E-1 5.14291E-1 5.24198E-1 5.88072E-1 6.07142E-1 5.80671E-1 5.22577E-1 5.00398E-1 3.47985E-1 3.3289E-1 2.58344E-1 3.34543E-1 4.67527E-1 5.39933E-1 6.0266E-1 5.76513E-1 5.70169E-1 5.18657E-1 6.70687E-1 6.99385E-1 3.86671E-1 3.40724E-1 4.92591E-1 1.8301E-1 2.69956E-1 3.37925E-1 2.7887E-1 2.25001E-1 1.79028E-1 1.54233E-1 2.43891E-1 2.16982E-1 2.73259E-1 3.18309E-1 4.50878E-1 4.01899E-1 2.73216E-1 3.04086E-1 3.75494E-1 6.49706E-1 4.50071E-1 6.22108E-1 5.65918E-1 6.03529E-1 2.42824E-1 5.48491E-2 1.97462E-1 1.44004E-1 4.95E-2
7.37426E-1 4.42545E-1 6.27457E-1 4.9185E-1 5.29603E-1 5.76764E-1 5.32301E-1 4.98103E-1 5.00865E-1 5.15001E-1 5.11954E-1 5.10214E-1 4.17459E-1 4.67943E-1 5.03773E-1 5.2653E-1 5.24848E-1 4.64007E-1 3.36436E-1 4.5309E-1 3.36107E-1 3.16706E-1 3.55701E-1 4.43108E-1 3.84973E-1 5.78072E-1 6.24951E-1 6.13465E-1 5.90305E-1 4.19696E-1 4.99481E-1 3.93159E-1 4.67365E-1 4.75432E-1 3.81833E-1 2.66652E-1 1.99977E-1 1.81645E-1 1.47055E-1 1.31794E-1 1.28712E-1 1.51361E-1 1.79493E-1 1.05381E-1 5.88477E-2 1.96459E-1 3.11868E-1 3.07234E-1 3.11458E-1 4.05037E-1 5.28492E-1 4.0454E-1 5.92141E-1 6.04738E-1 5.70602E-1 2.81729E-1 2.49963E-1 2.03962E-1 1.76877E-1 1.77935E-1
4.51734E-1 6.45384E-1 7.04123E-1 4.27741E-1 6.17317E-1 6.27788E-1 2.70559E-1 4.09631E-1 4.77046E-1 4.65776E-1 4.15292E-1 2.777E-1 3.57273E-1 4.51081E-1 5.11035E-1 3.65268E-1 4.86652E-1 2.41416E-1 1.67098E-1 1.52922E-1 5.35073E-2 3.17913E-1 3.64417E-1 3.93393E-1 2.98059E-1 5.56045E-1 6.02681E-1 6.26862E-1 6.81478E-1 5.47417E-1 3.14013E-1 2.57156E-1 2.3358E-1 3.3833E-1 3.80307E-1 2.50902E-1 1.75051E-1 1.9122E-1 1.48526E-1 1.57834E-1 1.33472E-1 1.25849E-1 1.15139E-1 8.20664E-2 6.75438E-2 1.95427E-1 4.78427E-1 4.75309E-1 3.80181E-1 4.659E-1 3.28005E-1 3.59369E-1 3.01931E-1 3.04596E-1 3.05139E-1 1.67876E-1 2.14167E-1 1.73033E-1 1.76987E-1 1.34772E-1
4.32089E-1 3.76028E-1 5.32139E-1 6.50092E-1 2.63172E-1 6.50525E-1 3.51501E-1 1.68016E-1 1.42916E-1 1.79052E-1 1.37731E-1 2.04618E-1 2.86522E-1 2.16463E-1 4.4868E-1 2.43391E-1 4.31639E-1 3.00601E-1 1.68364E-1 1.20256E-1 1.4103E-1 3.40762E-1 3.03522E-1 1.93655E-1 3.25719E-1 5.39726E-1 5.47974E-1 6.21662E-1 6.05565E-1 4.71348E-1 3.248E-1 4.35739E-1 3.36473E-1 2.99717E-1 3.02952E-1 1.76581E-1 1.60205E-1 1.79698E-1 1.33833E-1 1.64771E-1 1.25814E-1 1.35672E-1 1.18847E-1 1.07403E-1 1.17055E-1 1.54433E-1 1.81737E-1 3.0417E-1 3.82914E-1 6.23548E-1 3.84072E-1 2.93123E-1 2.35108E-1 1.97385E-1 1.88101E-1 2.19218E-1 2.35405E-1 1.94042E-1 1.98434E-1 1.26218E-1
3.61734E-1 5.46095E-1 5.40321E-1 5.57511E-1 4.27692E-1 3.48599E-1 1.91565E-1 1.3726E-1 8.63001E-2 7.79183E-2 8.87403E-2 1.12049E-1 1.67201E-1 3.14514E-1 2.94386E-1 1.07844E-1 2.34372E-1 2.20543E-1 9.20628E-2 7.7377E-2 6.89655E-2 4.72186E-2 1.61782E-1 1.83809E-1 2.22364E-1 3.81928E-1 4.33535E-1 4.74972E-1 3.92049E-1 3.72137E-1 2.77419E-1 2.86245E-1 3.62789E-1 2.06213E-1 3.45946E-1 2.42672E-1 1.82716E-1 1.46847E-1 1.35772E-1 1.61994E-1 1.86083E-1 1.93335E-1 1.89371E-1 1.94027E-1 2.61241E-1 1.77286E-1 2.19695E-1 5.27293E-1 6.5271E-1 4.10571E-1 3.02298E-1 1.84358E-1 1.61153E-1 1.54942E-1 1.35894E-1 4.50382E-1 2.92251E-1 2.12371E-1 2.09473E-1 2.76709E-1
4.14202E-1 6.47647E-1 5.80538E-1 5.44418E-1 4.36083E-1 3.47259E-1 2.66816E-1 1.46929E-1 1.02229E-1 8.6419E-2 1.03156E-1 1.07952E-1 9.81487E-2 1.14287E-1 2.76627E-1 2.22654E-1 1.70997E-1 9.37973E-2 9.8245E-2 1.06855E-1 7.48409E-2 9.07705E-2 1.74924E-1 2.07203E-1 2.25085E-1 3.96251E-1 3.99445E-1 3.82961E-1 3.74999E-1 3.08473E-1 2.67308E-1 2.96671E-1 3.78596E-1 4.32672E-1 2.68445E-1 3.30634E-1 2.85374E-1 2.83014E-1 2.59779E-1 2.86669E-1 3.05557E-1 3.85636E-1 1.20818E-1 2.78161E-1 1.14003E-1 1.18795E-1 3.04734E-1 5.07653E-1 4.65134E-1 3.21827E-1 2.82219E-1 2.4327E-1 1.17721E-1 9.27948E-2 1.21731E-1 2.70206E-1 3.611E-1 2.60818E-1 2.27041E-1 2.38567E-1
5.5229E-1 5.78948E-1 5.63035E-1 5.16664E-1 1.88782E-1 3.17526E-1 1.6308E-1 1.20009E-1 1.12327E-1 9.42645E-2 1.44042E-1 1.15171E-1 9.78138E-2 1.05199E-1 1.25603E-1 1.94471E-1 5.96192E-2 4.17225E-2 1.37095E-1 1.41118E-1 1.20969E-1 1.1246E-1 1.23929E-1 2.14089E-1 2.45234E-1 4.63427E-1 4.47678E-1 3.76762E-1 3.47737E-1 3.00188E-1 3.47963E-1 3.45199E-1 3.45772E-1 3.69784E-1 5.61794E-1 2.75689E-1 4.19164E-1 4.45697E-1 3.86189E-1 4.14186E-1 5.34017E-1 3.42726E-1 3.42505E-1 1.9461E-1 7.69747E-2 1.08576E-1 2.20098E-1 3.84766E-1 9.81532E-2 2.59052E-1 2.94191E-1 1.48095E-1 2.94433E-1 2.55383E-1 1.93809E-1 1.65579E-1 5.12089E-1 3.21625E-1 2.65526E-1 2.67948E-1
6.09304E-1 5.88985E-1 5.31738E-1 5.05363E-1 2.45689E-1 2.41686E-1 1.39508E-1 1.14211E-1 1.19516E-1 1.1302E-1 1.58056E-1 1.39363E-1 1.0283E-1 1.02313E-1 1.65313E-1 1.61565E-1 6.23189E-2 5.98615E-2 1.93554E-1 1.46262E-1 1.86152E-1 1.20435E-1 1.76798E-1 2.96874E-1 3.07796E-1 5.29244E-1 5.01431E-1 4.2024E-1 3.7459E-1 3.51156E-1 3.72665E-1 3.24097E-1 3.56698E-1 3.13677E-1 4.2092E-1 4.77438E-1 2.92145E-1 2.72651E-1 2.61253E-1 2.17561E-1 2.35649E-1 4.77793E-1 2.09459E-1 1.36186E-1 1.08492E-1 1.33974E-1 2.17069E-1 5.80953E-1 6.64025E-1 4.03991E-1 4.80066E-1 2.44116E-1 4.2248E-1 3.11844E-1 3.41472E-1 4.5338E-1 2.19011E-1 4.18371E-1 3.8435E-1 3.35474E-1
5.5881E-1 5.74102E-1 4.90051E-1 3.94769E-1 8.52971E-2 1.44421E-1 1.36023E-1 1.01945E-1 1.53091E-1 1.30099E-1 1.28855E-1 1.32287E-1 1.32626E-1 1.32091E-1 1.29561E-1 4.34445E-2 1.45006E-1 1.40575E-1 2.04323E-1 1.62035E-1 2.25876E-1 1.0227E-1 2.37996E-1 3.68178E-1 4.27669E-1 5.88577E-1 5.56034E-1 4.58529E-1 4.25952E-1 4.31815E-1 3.88764E-1 3.69477E-1 3.03052E-1 2.66931E-1 3.81539E-1 3.3498E-1 3.00402E-1 2.84225E-1 2.32427E-1 2.40388E-1 1.6189E-1 1.93561E-1 2.32454E-1 2.26446E-1 1.75726E-1 2.01706E-1 2.96309E-1 2.00507E-1 7.0268E-1 4.54212E-1 5.53488E-1 3.75943E-1 4.44768E-1 3.40011E-1 4.07146E-1 4.66562E-1 4.8656E-1 2.12416E-1 4.49118E-1 3.89833E-1
