Phytophthora/models/20240430_1251_44/Phytophthora_PA3_RUN10_MAXENT_outputs/Phytophthora_PA3_RUN10.asc
ncols         225
nrows         269
xllcorner     473000.0
yllcorner     4429100.0
cellsize      50.0
NODATA_value  -9999
[rows 108 to 134 of 269, columns 60 to 119 of 225]
2.30491E-2 1.96723E-2 3.03616E-2 4.91752E-2 8.07768E-2 8.63419E-2 9.30239E-2 5.03679E-2 3.65912E-2 3.93726E-2 2.32157E-2 3.03045E-2 1.6986E-2 1.35999E-2 1.33719E-2 2.99853E-2 4.38246E-2 5.57441E-2 7.63375E-2 9.65816E-2 1.32537E-1 9.41671E-2 5.3565E-2 3.96766E-2 5.77273E-2 7.23572E-2 3.36341E-2 3.01981E-2 3.9089E-2 4.17199E-2 7.49789E-2 3.649E-2 2.59144E-2 2.97226E-2 2.68691E-2 7.0182E-2 1.47312E-1 2.51307E-1 2.8258E-1 3.46913E-1 4.17713E-1 2.66775E-1 3.64639E-1 4.11414E-1 2.27156E-1 2.10494E-1 5.76893E-2 1.3433E-1 1.46507E-1 1.92843E-1 2.27021E-1 3.43269E-1 3.57871E-1 3.95895E-1 3.67317E-1 3.39784E-1 9.73688E-2 2.75084E-1 4.23763E-1 4.68474E-1
1.99266E-2 1.07098E-2 1.335E-2 2.44022E-2 2.20778E-2 9.18542E-2 8.30926E-2 8.81657E-2 7.3612E-2 4.32456E-2 3.10998E-2 3.3796E-2 2.49303E-2 1.74855E-2 1.66898E-2 3.64478E-2 5.32822E-2 7.38739E-2 1.01406E-1 1.43961E-1 1.07638E-1 8.76912E-2 9.43515E-2 1.15309E-1 1.30857E-1 1.05592E-1 6.6402E-2 6.24732E-2 6.64975E-2 7.37207E-2 7.93225E-2 5.22977E-2 4.89662E-2 4.55989E-2 4.81906E-2 7.87759E-2 1.4898E-1 2.15129E-1 2.46174E-1 3.06926E-1 3.77328E-1 4.49465E-1 2.67317E-1 1.83913E-1 3.23956E-1 1.7728E-1 1.01589E-1 9.87972E-2 1.30269E-1 1.76441E-1 2.45873E-1 1.98184E-1 2.53277E-1 3.02957E-1 3.6801E-1 3.04152E-1 5.24436E-1 3.04679E-1 1.47398E-1 5.60991E-1
2.49908E-2 2.72586E-2 9.35035E-3 2.28428E-2 4.4923E-2 7.335E-2 6.5751E-2 7.63235E-2 2.6572E-2 6.11624E-2 4.159E-2 4.54117E-2 3.56814E-2 2.86688E-2 2.9622E-2 5.14725E-2 8.05965E-2 6.99076E-2 4.00066E-2 9.47256E-2 1.01747E-1 1.26058E-1 1.37924E-1 1.55727E-1 9.3222E-2 9.51344E-2 8.64064E-2 8.70721E-2 9.49396E-2 7.97276E-2 9.74595E-2 8.5418E-2 7.94161E-2 7.06427E-2 7.55684E-2 1.0924E-1 2.10032E-1 2.53123E-1 2.53943E-1 2.86002E-1 2.74491E-1 3.02344E-1 1.43376E-1 6.44111E-2 1.77428E-1 1.63884E-1 7.17024E-2 2.17996E-1 2.54461E-1 3.52749E-1 3.23069E-1 3.44949E-1 3.52272E-1 3.53079E-1 2.98302E-1 1.71183E-1 2.18181E-1 2.77994E-1 5.47538E-1 1.31689E-1
2.91181E-2 2.94522E-2 2.40564E-2 3.04355E-2 3.95165E-2 5.28846E-2 5.704E-2 7.00826E-2 1.94541E-2 9.86146E-2 7.83378E-2 8.19777E-2 5.11838E-2 7.33419E-2 9.10245E-2 7.47462E-2 9.17583E-2 9.8951E-2 5.10162E-2 7.4523E-2 1.10029E-1 1.38407E-1 1.44092E-1 1.46428E-1 1.10695E-1 1.63286E-1 1.15326E-1 1.15401E-1 1.46006E-1 1.5688E-1 1.71919E-1 1.4299E-1 1.13616E-1 1.04544E-1 1.06378E-1 9.10307E-2 5.85094E-2 1.06024E-1 1.78076E-1 2.4486E-1 2.3418E-1 1.86609E-1 1.70611E-1 2.70053E-1 1.1494E-1 1.37832E-1 1.26828E-1 2.04086E-1 2.63752E-1 3.04319E-1 3.21998E-1 3.2184E-1 3.04283E-1 3.10077E-1 3.14059E-1 2.60694E-1 4.07848E-1 5.09573E-1 5.19024E-1 2.62207E-1
5.02975E-2 3.34893E-2 2.39204E-2 4.29467E-2 3.77549E-2 5.48959E-2 6.13332E-2 8.48433E-2 1.2135E-1 1.38437E-1 1.06197E-1 9.93024E-2 6.77852E-2 8.29495E-2 1.20895E-1 1.10177E-1 1.22952E-1 6.51895E-2 1.2435E-1 1.07672E-1 1.43026E-1 1.64183E-1 1.83858E-1 1.47713E-1 1.20942E-1 1.30388E-1 5.47389E-2 1.33025E-1 1.28479E-1 1.58207E-1 9.57748E-2 8.68588E-2 1.77814E-1 1.59576E-1 9.65965E-2 8.21357E-2 1.09324E-1 1.71148E-1 2.30219E-1 1.46276E-1 8.34495E-2 1.81012E-1 2.92928E-1 3.87916E-1 9.18296E-2 1.13493E-1 1.34843E-1 2.75932E-1 3.38045E-1 3.40843E-1 3.15907E-1 3.07086E-1 3.48518E-1 3.56195E-1 3.0665E-1 2.82006E-1 3.41828E-1 4.39439E-1 5.32783E-1 4.94293E-1
4.58885E-2 2.03192E-2 3.45322E-2 3.97346E-2 3.6447E-2 4.37339E-2 7.14783E-2 9.88004E-2 1.5002E-1 8.72298E-2 1.28681E-1 8.83826E-2 8.24915E-2 1.08061E-1 1.57977E-1 1.01311E-1 7.14366E-2 5.38441E-2 1.14475E-1 1.31457E-1 1.82585E-1 1.83378E-1 1.07521E-1 2.09455E-1 2.00223E-1 2.12566E-1 2.11091E-1 2.13848E-1 1.88044E-1 1.75266E-1 1.12105E-1 1.74883E-1 2.03286E-1 1.14786E-1 1.09872E-1 1.17618E-1 1.90189E-1 2.77059E-1 1.9131E-1 1.61984E-1 1.16122E-1 1.41388E-1 1.52504E-1 1.51724E-1 1.93763E-1 2.27198E-1 2.22655E-1 2.58732E-1 1.62531E-1 2.53767E-1 2.65602E-1 2.00986E-1 2.48344E-1 2.66197E-1 2.86091E-1 2.00489E-1 2.34655E-1 3.60352E-1 5.18044E-1 4.36956E-1
4.55245E-2 4.85663E-2 4.0114E-2 4.40053E-2 4.73374E-2 6.48244E-2 7.57098E-2 8.82546E-2 3.94024E-2 1.00102E-1 1.09926E-1 9.60432E-2 8.23463E-2 1.07437E-1 1.63258E-1 1.43413E-1 1.70371E-1 1.06054E-1 1.02226E-1 9.00059E-2 1.02803E-1 8.33407E-2 1.50258E-1 1.94373E-1 1.3659E-1 1.8899E-1 2.06574E-1 1.81449E-1 1.27809E-1 6.86675E-2 4.67067E-2 7.19943E-2 1.48307E-1 1.62076E-1 6.43687E-2 5.43807E-2 6.25117E-2 7.5106E-2 1.34017E-1 1.22095E-1 1.35798E-1 2.10042E-1 1.90585E-1 2.46141E-1 3.55321E-1 2.47773E-1 5.49305E-2 2.56689E-1 1.61541E-1 9.5955E-2 1.10325E-1 2.93748E-1 2.83444E-1 4.78374E-1 3.94262E-1 3.47458E-1 3.65505E-1 4.60805E-1 4.96732E-1 4.87783E-1
3.11248E-2 4.72838E-2 3.78784E-2 4.31737E-2 4.49582E-2 7.9734E-2 7.46015E-2 5.81517E-2 9.15314E-2 8.71443E-2 2.54867E-2 6.16983E-2 5.63208E-2 6.20134E-2 1.18352E-1 1.44839E-1 4.91083E-2 9.8881E-2 8.23213E-2 1.09156E-1 1.80554E-1 1.89509E-1 1.78921E-1 1.75623E-1 1.61461E-1 1.92743E-1 1.67654E-1 1.22844E-1 5.32682E-2 3.94757E-2 3.53539E-2 8.05804E-2 1.47134E-1 1.49709E-1 1.6187E-1 6.13175E-2 1.39752E-1 1.50537E-1 1.28544E-1 1.3374E-1 1.37368E-1 1.00794E-1 1.68622E-1 1.38521E-1 2.82371E-1 1.91643E-1 1.12223E-1 1.89569E-1 4.64766E-2 1.49896E-1 1.85462E-1 3.3836E-1 3.32105E-1 5.01339E-1 4.09062E-1 3.33021E-1 4.2119E-1 5.02807E-1 5.67643E-1 5.45204E-1
1.69555E-1 1.03825E-1 8.97988E-2 1.46135E-1 1.55838E-1 1.84316E-1 1.52568E-1 4.84133E-2 1.03054E-1 1.00659E-1 1.43303E-1 1.71891E-1 1.91279E-1 1.54906E-1 2.08124E-1 2.62368E-1 2.58377E-1 1.78446E-1 1.974E-1 2.04518E-1 2.07608E-1 1.82615E-1 2.0297E-1 2.04648E-1 2.1522E-1 1.77014E-1 1.36661E-1 1.25242E-1 6.15725E-2 5.35938E-2 5.93731E-2 7.29822E-2 1.68257E-1 1.97476E-1 2.58588E-1 2.3386E-1 1.67462E-1 1.71442E-1 2.21446E-1 2.46268E-1 1.95553E-1 1.61318E-1 1.1128E-1 2.42486E-1 2.49681E-1 1.72106E-1 1.40426E-1 4.43467E-2 6.31739E-2 3.87291E-2 3.16183E-1 4.45687E-1 4.33403E-1 3.93091E-1 2.84684E-1 2.00286E-1 3.54037E-1 4.34393E-1 4.54218E-1 3.53185E-1
1.42775E-1 1.16578E-1 1.26166E-1 1.91205E-1 1.71447E-1 2.03808E-1 5.27377E-2 1.08411E-1 1.14992E-1 1.06156E-1 2.01998E-1 7.49548E-2 2.65433E-1 2.22899E-1 2.17523E-1 2.62328E-1 2.44563E-1 1.38254E-1 1.55344E-1 1.81514E-1 1.52489E-1 1.87414E-1 2.0007E-1 2.10257E-1 1.72151E-1 1.3252E-1 1.05615E-1 7.42001E-2 4.76123E-2 5.07856E-2 6.88535E-2 7.41376E-2 1.3351E-1 1.33749E-1 2.5984E-1 3.78806E-1 1.95409E-1 4.52211E-1 3.48288E-1 1.26579E-1 1.22805E-1 1.38087E-1 1.81096E-1 2.84046E-1 3.25123E-1 2.52017E-1 1.87585E-1 1.27675E-1 1.22706E-1 9.68265E-2 1.78099E-1 3.37348E-1 3.5885E-1 2.52896E-1 2.19139E-1 2.50661E-1 3.68205E-1 4.38538E-1 2.62888E-1 4.81965E-1
1.3137E-1 1.68417E-1 1.34636E-1 1.10464E-1 6.05155E-2 9.22359E-2 9.5336E-2 1.21402E-1 1.46541E-1 1.64457E-1 2.07708E-1 3.0767E-1 3.77223E-1 1.98176E-1 3.21806E-1 1.89145E-1 2.08304E-1 1.60883E-1 1.67277E-1 1.6669E-1 1.23459E-1 1.62521E-1 1.98184E-1 1.81974E-1 1.16341E-1 1.25366E-1 6.05975E-2 3.80364E-2 4.07191E-2 6.80683E-2 1.00542E-1 1.05116E-1 1.23852E-1 1.17468E-1 2.43334E-1 3.69783E-1 3.46704E-1 4.64658E-1 4.67633E-1 2.63746E-1 2.09949E-1 3.4968E-1 3.10527E-1 2.37645E-1 3.00531E-1 2.16995E-1 1.53981E-1 1.218E-1 6.6816E-2 1.29035E-1 1.69379E-1 1.62859E-1 2.89728E-1 3.07486E-1 3.45326E-1 3.5406E-1 3.55153E-1 4.09348E-1 4.89496E-1 4.24298E-1
1.79633E-1 2.30125E-1 2.17531E-1 1.91178E-1 4.96734E-2 1.07625E-1 8.87973E-2 1.08154E-1 1.2614E-1 1.14619E-1 1.80478E-1 2.04536E-1 9.06532E-2 3.9745E-1 1.86863E-1 3.05963E-1 2.05163E-1 1.84211E-1 1.58186E-1 1.18571E-1 9.96179E-2 1.17339E-1 1.68306E-1 1.42136E-1 1.00316E-1 1.37598E-1 6.07194E-2 5.61805E-2 7.25336E-2 1.32657E-1 1.57042E-1 1.42511E-1 1.72534E-1 1.8404E-1 3.46273E-1 4.13269E-1 4.43723E-1 2.04747E-1 2.84179E-1 3.2738E-1 2.33216E-1 2.97893E-1 2.97628E-1 2.70845E-1 2.43352E-1 1.77458E-1 1.7061E-1 9.84237E-2 5.36861E-2 9.57166E-2 1.4111E-1 2.37799E-1 1.91849E-1 3.22396E-1 4.21045E-1 3.80623E-1 3.69961E-1 3.70819E-1 4.29671E-1 4.5348E-1
2.37535E-1 2.43225E-1 1.89691E-1 1.92153E-1 6.54414E-2 1.34313E-1 1.19983E-1 1.34703E-1 1.40285E-1 1.71399E-1 2.24922E-1 2.63857E-1 3.19767E-1 1.94152E-1 1.71251E-1 2.44591E-1 2.48448E-1 2.1804E-1 1.67815E-1 1.24707E-1 8.86657E-2 1.09094E-1 1.8945E-1 1.51445E-1 1.52193E-1 1.64832E-1 8.06772E-2 1.12649E-1 1.57454E-1 1.73911E-1 2.02178E-1 1.75695E-1 1.95903E-1 2.41285E-1 3.65105E-1 2.97359E-1 4.51353E-1 2.55673E-1 4.5604E-1 4.02874E-1 2.07147E-1 2.65686E-1 2.51156E-1 2.42878E-1 2.1066E-1 1.30146E-1 8.1422E-2 7.30255E-2 6.25116E-2 7.79098E-2 1.56343E-1 2.27956E-1 3.7247E-1 4.22315E-1 3.65807E-1 3.36185E-1 4.27177E-1 3.74246E-1 4.04355E-1 4.73464E-1
9.22888E-2 2.7336E-1 1.85779E-1 1.95015E-1 1.10429E-1 1.52379E-1 1.08264E-1 1.71256E-1 1.50299E-1 1.81273E-1 2.51141E-1 2.97366E-1 3.44172E-1 2.01498E-1 2.42084E-1 2.72945E-1 2.59523E-1 2.05757E-1 1.6378E-1 1.14351E-1 9.81279E-2 2.09962E-1 1.91566E-1 1.79303E-1 2.33526E-1 2.23122E-1 1.69018E-1 2.14397E-1 2.367E-1 2.5875E-1 3.01956E-1 2.59097E-1 2.33279E-1 3.0039E-1 3.88626E-1 3.65064E-1 3.77572E-1 4.04364E-1 2.00881E-1 3.34974E-1 1.63721E-1 2.32385E-1 2.23595E-1 2.1663E-1 1.85076E-1 1.21484E-1 9.60765E-2 9.71047E-2 9.15979E-2 8.71535E-2 1.16037E-1 1.78687E-1 3.34883E-1 4.05751E-1 4.3671E-1 4.07906E-1 3.22211E-1 2.06448E-1 2.50253E-1 3.65822E-1
2.19822E-1 2.29465E-1 1.85889E-1 2.26469E-1 1.13709E-1 2.13255E-1 9.40052E-2 5.71387E-2 9.55248E-2 1.12218E-1 1.74771E-1 2.64262E-1 3.58325E-1 2.67621E-1 4.12913E-1 2.92494E-1 2.59556E-1 2.08605E-1 1.82357E-1 1.49778E-1 2.05321E-1 2.43627E-1 1.64611E-1 2.84389E-1 2.85414E-1 3.17386E-1 2.67537E-1 2.67822E-1 2.76733E-1 2.92138E-1 3.51263E-1 2.94599E-1 2.54642E-1 2.60266E-1 3.11464E-1 2.75113E-1 3.14971E-1 2.94292E-1 2.9888E-1 2.182E-1 1.34686E-1 1.83259E-1 1.74221E-1 1.6383E-1 1.61474E-1 1.34595E-1 1.21598E-1 1.40151E-1 1.51949E-1 1.09517E-1 1.34305E-1 1.52676E-1 2.52082E-1 3.52799E-1 3.90215E-1 4.43072E-1 3.98353E-1 2.07085E-1 3.0256E-1 3.26996E-1
1.9133E-1 1.70076E-1 1.80174E-1 2.40057E-1 1.67531E-1 2.06205E-1 9.1536E-2 7.06985E-2 6.13513E-2 5.87526E-2 8.96505E-2 1.24968E-1 3.05893E-1 2.70902E-1 4.3327E-1 3.09023E-1 2.83315E-1 2.44605E-1 2.13519E-1 1.97321E-1 2.52551E-1 2.3836E-1 3.03293E-1 3.20232E-1 2.27655E-1 2.88588E-1 2.64456E-1 2.37796E-1 2.46157E-1 2.50907E-1 1.34047E-1 2.48509E-1 2.13334E-1 2.21226E-1 3.03908E-1 3.00741E-1 1.70613E-1 3.06626E-1 2.47629E-1 2.17132E-1 1.54705E-1 1.67929E-1 1.54657E-1 1.7299E-1 1.80363E-1 1.56323E-1 1.57748E-1 1.72101E-1 2.1698E-1 1.73705E-1 1.88792E-1 2.14159E-1 2.96169E-1 3.50484E-1 4.17335E-1 4.89069E-1 4.43763E-1 3.77816E-1 2.39823E-1 3.03432E-1
1.54483E-1 1.75066E-1 2.10914E-1 9.27127E-2 2.01501E-1 1.68997E-1 9.49987E-2 8.07176E-2 8.92715E-2 9.42128E-2 1.39579E-1 1.65605E-1 2.11549E-1 4.00453E-1 2.62826E-1 3.32832E-1 2.9307E-1 3.05868E-1 2.25787E-1 1.7555E-1 1.79306E-1 1.99554E-1 2.06993E-1 2.07946E-1 2.38058E-1 2.94662E-1 3.07358E-1 2.475E-1 2.65119E-1 7.20981E-2 1.47949E-1 2.33464E-1 2.15299E-1 2.33104E-1 2.87009E-1 2.62821E-1 1.36577E-1 3.16906E-1 2.50005E-1 1.92449E-1 1.56419E-1 1.6422E-1 1.8416E-1 2.14514E-1 1.88985E-1 1.90667E-1 2.1474E-1 2.15219E-1 2.18541E-1 1.95542E-1 2.35264E-1 2.46147E-1 3.53489E-1 4.21263E-1 4.49329E-1 4.73886E-1 5.27648E-1 5.03499E-1 3.68667E-1 4.2103E-1
1.49729E-1 1.89037E-1 2.23532E-1 1.19136E-1 1.61667E-1 9.74949E-2 8.45537E-2 9.06111E-2 1.12426E-1 1.04142E-1 1.83073E-1 1.97845E-1 2.47985E-1 2.29981E-1 3.7042E-2 2.71714E-1 3.13077E-1 2.67918E-1 2.21974E-1 1.81978E-1 1.57954E-1 1.46372E-1 1.41833E-1 1.46671E-1 2.27412E-1 2.5775E-1 3.23353E-1 2.48096E-1 2.66533E-1 1.07014E-1 1.77928E-1 1.73999E-1 2.05455E-1 2.30382E-1 2.81642E-1 2.34641E-1 1.98391E-1 3.22338E-1 2.38274E-1 1.94913E-1 1.72283E-1 2.02815E-1 2.26971E-1 2.54935E-1 2.35471E-1 2.55654E-1 3.0163E-1 2.91505E-1 2.77131E-1 2.6722E-1 2.55009E-1 1.43463E-1 3.52718E-1 4.70502E-1 5.26654E-1 5.4387E-1 5.3857E-1 4.23742E-1 5.52667E-1 5.14289E-1
1.19506E-1 1.55759E-1 1.69992E-1 1.132E-1 1.02265E-1 7.07836E-2 6.4731E-2 1.09242E-1 1.14677E-1 1.03782E-1 1.15273E-1 1.51683E-1 2.05757E-1 2.64409E-1 1.34197E-1 3.38648E-1 3.0807E-1 2.64052E-1 2.03273E-1 1.65627E-1 1.83701E-1 2.07752E-1 2.36627E-1 2.96157E-1 3.79614E-1 2.53293E-1 3.59326E-1 2.83745E-1 3.0439E-1 1.2655E-1 1.90307E-1 1.6652E-1 1.74591E-1 2.05981E-1 2.38725E-1 1.51153E-1 8.1681E-2 2.62674E-1 1.90002E-1 1.65968E-1 1.64201E-1 2.05711E-1 2.3009E-1 2.81018E-1 2.82492E-1 2.88514E-1 3.3435E-1 3.22175E-1 3.08995E-1 2.07801E-1 2.2286E-1 1.98638E-1 2.56713E-1 4.15419E-1 4.63269E-1 3.85732E-1 4.75649E-1 4.74836E-1 4.48158E-1 4.13181E-1
1.39702E-1 1.58483E-1 1.46508E-1 1.61709E-1 9.09411E-2 8.82202E-2 8.34367E-2 1.0454E-1 1.45134E-1 1.31322E-1 1.21529E-1 1.43564E-1 1.87354E-1 2.06407E-1 8.69612E-2 3.0194E-1 2.64045E-1 2.20566E-1 1.52258E-1 1.26254E-1 2.03799E-1 2.0595E-1 1.6016E-1 1.97448E-1 4.13015E-1 4.19484E-1 3.45872E-1 2.83667E-1 3.01738E-1 2.10053E-1 2.34067E-1 1.99688E-1 1.89019E-1 8.28429E-2 1.21173E-1 1.18025E-1 6.5699E-2 2.67775E-1 2.49169E-1 1.53462E-1 1.90678E-1 2.62644E-1 3.00383E-1 3.65004E-1 3.89119E-1 2.56305E-1 2.29474E-1 2.11072E-1 3.80145E-1 2.50949E-1 2.7863E-1 3.1006E-1 1.78431E-1 4.68997E-1 4.54311E-1 3.98862E-1 3.74197E-1 3.87349E-1 3.77714E-1 3.85175E-1
9.10095E-2 9.46271E-2 9.26472E-2 9.28211E-2 8.34207E-2 1.05159E-1 1.00716E-1 1.21727E-1 1.45692E-1 1.58546E-1 1.43553E-1 1.35866E-1 1.76548E-1 2.2827E-1 2.71191E-1 2.55382E-1 2.06001E-1 1.74777E-1 1.19756E-1 1.73279E-1 2.53914E-1 2.25152E-1 1.86263E-1 2.69554E-1 3.19753E-1 4.53169E-1 3.48517E-1 2.77109E-1 2.98974E-1 3.17796E-1 2.56323E-1 2.49099E-1 2.05693E-1 1.6223E-1 1.27583E-1 1.03376E-1 1.72146E-1 2.28929E-1 2.65118E-1 2.97858E-1 2.05563E-1 1.72022E-1 2.84607E-1 3.50481E-1 4.2713E-1 3.79522E-1 3.99474E-1 4.46442E-1 3.22682E-1 2.02897E-1 3.99139E-1 5.1833E-1 3.70566E-1 4.53657E-1 4.41111E-1 4.03717E-1 4.05905E-1 3.97843E-1 3.58831E-1 3.62043E-1
6.81022E-2 8.17687E-2 1.04347E-1 1.27567E-1 1.31698E-1 1.76557E-1 7.16316E-2 1.6113E-1 2.04877E-1 1.85097E-1 1.70464E-1 1.54628E-1 1.77821E-1 2.15708E-1 2.2913E-1 2.30195E-1 2.11512E-1 2.19247E-1 1.71907E-1 2.69933E-1 3.66619E-1 3.26303E-1 2.53031E-1 3.71359E-1 4.4486E-1 4.28099E-1 3.34394E-1 2.53319E-1 2.75783E-1 2.79707E-1 2.64668E-1 2.51452E-1 2.40073E-1 2.13955E-1 1.5472E-1 1.05202E-1 1.91278E-1 2.70692E-1 2.74154E-1 2.33469E-1 2.71447E-1 3.09671E-1 3.16916E-1 3.83339E-1 3.63673E-1 3.32434E-1 3.79185E-1 4.17652E-1 2.7194E-1 2.87925E-1 4.75637E-1 5.04475E-1 4.48925E-1 4.62975E-1 4.9188E-1 4.55375E-1 2.45255E-1 4.42071E-1 4.19146E-1 4.55137E-1
6.02739E-2 8.94508E-2 1.04352E-1 6.04044E-2 1.89522E-1 2.06901E-1 1.27483E-1 1.03678E-1 1.50934E-1 1.96585E-1 1.69072E-1 1.83146E-1 2.2245E-1 6.87858E-2 2.6113E-1 2.75798E-1 2.60174E-1 2.90932E-1 2.96717E-1 3.3491E-1 4.61195E-1 4.59652E-1 3.71167E-1 3.64431E-1 4.04416E-1 3.86786E-1 3.02591E-1 2.80318E-1 3.13555E-1 3.39183E-1 3.44774E-1 3.16104E-1 3.01659E-1 2.93995E-1 2.63541E-1 2.14434E-1 2.16037E-1 2.19673E-1 2.14179E-1 3.73368E-1 2.82615E-1 2.73433E-1 2.84637E-1 3.49256E-1 3.6537E-1 3.5923E-1 4.37892E-1 4.21717E-1 2.50549E-1 2.74E-1 4.50222E-1 5.31293E-1 5.36985E-1 5.72929E-1 5.69048E-1 4.69076E-1 2.63053E-1 4.81449E-1 4.70931E-1 5.44476E-1
9.3702E-2 1.06898E-1 1.41281E-1 1.75321E-1 2.18853E-1 2.25354E-1 1.34102E-1 8.03413E-2 1.47036E-1 2.02039E-1 2.39514E-1 2.29851E-1 2.90652E-1 2.78226E-1 3.71736E-1 4.1565E-1 4.23786E-1 4.19097E-1 3.53145E-1 3.39117E-1 2.56657E-1 2.51406E-1 4.53457E-1 4.43037E-1 4.29947E-1 3.46059E-1 2.71637E-1 2.44807E-1 2.84985E-1 3.10464E-1 1.96218E-1 1.87682E-1 2.03066E-1 2.38661E-1 2.30178E-1 1.6972E-1 2.2092E-1 3.01683E-1 3.3119E-1 3.67782E-1 2.7655E-1 1.77053E-1 2.619E-1 3.62765E-1 4.12579E-1 3.3031E-1 4.28359E-1 4.17685E-1 3.54154E-1 2.9478E-1 3.81197E-1 4.65145E-1 4.73072E-1 2.35017E-1 4.77866E-1 4.69264E-1 4.70635E-1 4.45018E-1 3.50894E-1 6.49254E-2
8.3938E-2 9.08175E-2 1.73881E-1 9.92559E-2 2.31789E-1 1.80586E-1 1.34261E-1 1.23127E-1 1.46365E-1 1.93566E-1 3.12548E-1 1.82311E-1 2.14848E-1 3.55756E-1 3.12359E-1 4.56825E-1 2.11103E-1 2.72179E-1 4.55706E-1 4.74282E-1 5.14456E-1 4.99777E-1 4.20996E-1 5.30644E-1 5.00046E-1 3.99358E-1 3.46507E-1 3.10311E-1 3.50375E-1 1.43408E-1 2.83824E-1 2.90436E-1 2.90278E-1 3.07117E-1 3.47739E-1 3.25631E-1 1.77712E-1 3.38446E-1 3.1192E-1 3.34399E-1 2.98169E-1 1.5922E-1 2.70225E-1 3.87454E-1 4.36243E-1 3.52881E-1 3.08769E-1 3.15382E-1 4.72945E-1 4.16067E-1 4.37027E-1 4.36682E-1 3.99621E-1 4.51899E-1 4.48716E-1 4.53542E-1 4.40982E-1 4.76292E-1 3.03726E-1 2.9659E-1
7.85E-2 1.0806E-1 4.63069E-2 1.64212E-1 1.80013E-1 1.29901E-1 1.06738E-1 1.43885E-1 2.05424E-1 2.66992E-1 4.03587E-1 2.34033E-1 1.15509E-1 2.27524E-1 6.39986E-2 2.86128E-1 4.36298E-1 4.07028E-1 4.40025E-1 4.26712E-1 4.71443E-1 4.66747E-1 5.28291E-1 4.48521E-1 4.92977E-1 2.42392E-1 2.31837E-1 3.43848E-1 1.95887E-1 2.04217E-1 2.18431E-1 2.19617E-1 2.52262E-1 2.56798E-1 3.10478E-1 3.15902E-1 3.93136E-1 2.11407E-1 3.6713E-1 4.06169E-1 3.72036E-1 2.99217E-1 2.74962E-1 3.8659E-1 4.28714E-1 3.20598E-1 4.08118E-1 4.96437E-1 3.0938E-1 4.23324E-1 4.6996E-1 3.80344E-1 4.94343E-1 4.03143E-1 3.94229E-1 3.9682E-1 4.11725E-1 1.96398E-1 4.07067E-1 2.97838E-1
1.04493E-1 1.4863E-1 2.6981E-1 2.30048E-1 9.36481E-2 1.67409E-1 1.50628E-1 2.56263E-1 3.00986E-1 1.93593E-1 4.09109E-1 4.09266E-1 3.58809E-1 4.01843E-1 1.34972E-1 4.50563E-1 4.24221E-1 3.91245E-1 3.91788E-1 3.76838E-1 3.99658E-1 2.48221E-1 5.02116E-1 4.88433E-1 4.08874E-1 3.89913E-1 3.82935E-1 3.80479E-1 1.75921E-1 2.46752E-1 2.46201E-1 1.85376E-1 2.20689E-1 2.41204E-1 2.7116E-1 2.99552E-1 3.92346E-1 3.05192E-1 2.96692E-1 4.54037E-1 4.25444E-1 4.0229E-1 3.30873E-1 3.80634E-1 4.17039E-1 3.26184E-1 3.84404E-1 4.73715E-1 5.1599E-1 5.29496E-1 5.07776E-1 5.02767E-1 4.43296E-1 4.2548E-1 3.92942E-1 3.37451E-1 2.67934E-1 3.52365E-1 2.66126E-1 2.35852E-1
