Phytophthora/models/20240430_1251_44/Phytophthora_PA3_RUN10_MAXENT_outputs/Phytophthora_PA3_RUN10.asc
ncols         225
nrows         269
xllcorner     473000.0
yllcorner     4429100.0
cellsize      50.0
NODATA_value  -9999
[rows 189 to 215 of 269, columns 0 to 59 of 225]
-9999 -9999 -9999 -9999 -9999 -9999 -9999 -9999 -9999 -9999 -9999 -9999 -9999 -9999 -9999 -9999 6.80423E-1 8.54376E-1 8.48695E-1 8.20636E-1 6.36105E-1 5.25924E-1 5.26319E-1 4.85186E-1 4.86803E-1 6.21888E-1 6.04169E-1 5.33657E-1 4.95053E-1 4.06905E-1 4.44245E-1 4.56989E-1 5.59538E-1 7.35419E-1 5.73713E-1 4.5602E-1 5.24899E-1 4.85685E-1 6.87753E-1 6.53229E-1 4.64548E-1 3.76346E-1 3.09934E-1 3.03761E-1 3.32759E-1 5.87188E-1 6.53558E-1 7.42122E-1 7.24187E-1 6.74403E-1 5.66015E-1 4.75154E-1 5.1323E-1 5.24027E-1 4.66185E-1 5.36955E-1 5.41313E-1 5.23182E-1 5.08147E-1 5.29682E-1
-9999 -9999 -9999 -9999 -9999 -9999 -9999 -9999 -9999 -9999 -9999 -9999 -9999 -9999 -9999 7.79247E-1 7.87039E-1 8.69109E-1 8.42093E-1 7.73866E-1 5.61404E-1 4.71852E-1 4.93642E-1 5.18187E-1 2.95794E-1 4.08291E-1 3.43676E-1 4.09286E-1 4.48209E-1 3.85821E-1 4.69397E-1 5.3821E-1 6.13592E-1 6.60924E-1 7.52094E-1 7.14862E-1 4.0525E-1 4.4171E-1 6.5095E-1 6.34774E-1 4.35097E-1 3.08733E-1 2.66163E-1 3.17211E-1 3.82833E-1 5.84582E-1 5.66119E-1 6.97488E-1 7.18988E-1 5.58786E-1 4.64787E-1 4.45415E-1 5.17586E-1 5.47005E-1 4.80245E-1 5.52061E-1 6.27544E-1 6.04792E-1 5.43146E-1 5.05867E-1
-9999 -9999 -9999 -9999 -9999 -9999 -9999 -9999 -9999 -9999 -9999 -9999 -9999 -9999 -9999 6.26384E-1 5.12886E-1 6.51979E-1 6.01501E-1 5.02811E-1 4.38776E-1 4.02382E-1 4.26935E-1 3.68662E-1 2.7491E-1 2.24069E-1 2.2671E-1 1.88901E-1 1.97917E-1 2.62537E-1 3.84665E-1 4.32179E-1 4.58968E-1 3.85548E-1 2.64567E-1 5.69742E-1 3.91862E-1 3.75877E-1 5.85171E-1 6.08347E-1 5.78717E-1 4.47384E-1 3.42248E-1 4.84846E-1 3.78891E-1 2.09631E-1 2.75198E-1 2.08749E-1 3.62992E-1 3.29619E-1 3.86832E-1 4.13378E-1 5.08326E-1 5.81033E-1 6.4158E-1 6.31503E-1 6.53731E-1 7.19559E-1 6.44977E-1 5.68821E-1
-9999 -9999 -9999 -9999 -9999 -9999 -9999 -9999 -9999 -9999 -9999 -9999 -9999 -9999 -9999 -9999 6.22014E-1 5.92343E-1 5.30832E-1 4.56792E-1 4.04461E-1 4.04864E-1 3.94732E-1 3.55764E-1 2.25802E-1 1.80101E-1 2.17649E-1 1.79432E-1 2.29131E-1 2.74263E-1 4.03416E-1 3.66717E-1 3.86012E-1 4.34409E-1 4.06142E-1 2.15277E-1 5.20456E-1 6.11693E-1 6.12393E-1 5.36569E-1 4.54303E-1 4.30313E-1 3.95658E-1 4.45787E-1 3.45924E-1 1.85035E-1 1.93017E-1 3.11499E-1 2.26169E-1 2.33354E-1 3.42921E-1 4.16005E-1 4.75288E-1 4.94451E-1 4.64464E-1 5.73743E-1 5.23746E-1 7.97316E-1 7.53938E-1 6.5916E-1
-9999 -9999 -9999 -9999 -9999 -9999 -9999 -9999 -9999 -9999 -9999 -9999 -9999 -9999 -9999 -9999 5.28427E-1 4.91338E-1 4.66931E-1 4.44301E-1 4.31945E-1 3.92225E-1 3.516E-1 3.01237E-1 1.89008E-1 1.55882E-1 2.10272E-1 2.21449E-1 2.37601E-1 3.24366E-1 4.2317E-1 4.17917E-1 4.96402E-1 5.38322E-1 5.5783E-1 1.72238E-1 6.83425E-1 6.79922E-1 6.32534E-1 4.8115E-1 4.5339E-1 4.80933E-1 4.86383E-1 1.41839E-1 4.01499E-1 3.22662E-1 2.3325E-1 2.11416E-1 1.63698E-1 1.68977E-1 3.63671E-1 4.5729E-1 5.11551E-1 4.78712E-1 4.67252E-1 5.63232E-1 2.97627E-1 6.33664E-1 7.52434E-1 6.67548E-1
-9999 -9999 -9999 -9999 -9999 -9999 -9999 -9999 -9999 -9999 -9999 -9999 -9999 -9999 -9999 -9999 -9999 4.10038E-1 4.16928E-1 4.22254E-1 4.24113E-1 3.60101E-1 3.12374E-1 2.18426E-1 1.86239E-1 2.07132E-1 2.51186E-1 3.15345E-1 3.23544E-1 4.36038E-1 5.98692E-1 5.90643E-1 6.23396E-1 5.41787E-1 5.29826E-1 3.54346E-1 4.27604E-1 6.49347E-1 5.48243E-1 4.64422E-1 5.83419E-1 2.56069E-1 4.42543E-1 3.09557E-1 2.6876E-1 1.90915E-1 1.93393E-1 1.88402E-1 1.91478E-1 2.58844E-1 4.37537E-1 4.16672E-1 4.10337E-1 4.66825E-1 5.26485E-1 5.81574E-1 6.07122E-1 6.13168E-1 7.1365E-1 6.54281E-1
-9999 -9999 -9999 -9999 -9999 -9999 -9999 -9999 -9999 -9999 -9999 -9999 -9999 -9999 -9999 -9999 -9999 -9999 -9999 -9999 -9999 -9999 2.95069E-1 2.39167E-1 2.47246E-1 2.98786E-1 3.19834E-1 3.53647E-1 4.49927E-1 5.80861E-1 6.60121E-1 5.08129E-1 4.71562E-1 4.62376E-1 4.73423E-1 6.89144E-1 6.94259E-1 6.06504E-1 4.74373E-1 5.91289E-1 5.9843E-1 5.24739E-1 3.04607E-1 2.03101E-1 1.75275E-1 1.27096E-1 1.52262E-1 1.72541E-1 1.82462E-1 2.65536E-1 4.178E-1 4.75686E-1 4.43748E-1 4.62201E-1 4.89378E-1 5.21156E-1 6.10548E-1 6.00908E-1 6.75579E-1 6.05577E-1
-9999 -9999 -9999 -9999 -9999 -9999 -9999 -9999 -9999 -9999 -9999 -9999 -9999 -9999 -9999 -9999 -9999 -9999 -9999 -9999 -9999 -9999 -9999 -9999 4.21439E-1 4.06213E-1 3.73231E-1 3.36249E-1 5.32703E-1 6.64736E-1 6.75974E-1 6.64694E-1 6.58692E-1 5.9441E-1 7.18482E-1 6.01253E-1 6.37642E-1 4.98634E-1 3.15345E-1 4.53702E-1 2.64333E-1 1.81408E-1 1.35461E-1 7.67186E-2 6.101E-2 1.27778E-1 1.57053E-1 1.99784E-1 2.5453E-1 3.33767E-1 4.19773E-1 4.59576E-1 4.14868E-1 4.17804E-1 4.48454E-1 4.26639E-1 5.18721E-1 5.33281E-1 4.96916E-1 5.35592E-1
-9999 -9999 -9999 -9999 -9999 -9999 -9999 -9999 -9999 -9999 -9999 -9999 -9999 -9999 -9999 -9999 -9999 -9999 -9999 -9999 -9999 -9999 -9999 -9999 -9999 -9999 3.3599E-1 3.33311E-1 4.24391E-1 5.1383E-1 6.50381E-1 6.76606E-1 4.53839E-1 2.91614E-1 5.13381E-1 5.75502E-1 5.10624E-1 4.16851E-1 4.69659E-1 4.87718E-1 1.96186E-1 1.52992E-1 1.40259E-1 1.19406E-1 8.07772E-2 1.54918E-1 1.2636E-1 2.48342E-1 2.97599E-1 3.1856E-1 3.38407E-1 3.27919E-1 2.83893E-1 3.08916E-1 4.36698E-1 4.72574E-1 5.4898E-1 5.21707E-1 5.25258E-1 5.00487E-1
-9999 -9999 -9999 -9999 -9999 -9999 -9999 -9999 -9999 -9999 -9999 -9999 -9999 -9999 -9999 -9999 -9999 -9999 -9999 -9999 -9999 -9999 -9999 -9999 -9999 -9999 -9999 2.36495E-1 3.15807E-1 4.14951E-1 4.63527E-1 6.39237E-1 4.72617E-1 6.30363E-1 4.67692E-1 5.89548E-1 3.92384E-1 5.01446E-1 4.87986E-1 2.03764E-1 2.12444E-1 2.12165E-1 1.7065E-1 1.27719E-1 1.362E-1 2.66039E-1 2.96827E-1 3.49025E-1 3.54725E-1 3.66589E-1 3.47891E-1 2.70845E-1 2.6216E-1 2.74522E-1 3.25364E-1 4.71657E-1 5.00333E-1 4.90695E-1 4.76011E-1 5.25994E-1
-9999 -9999 -9999 -9999 -9999 -9999 -9999 -9999 -9999 -9999 -9999 -9999 -9999 -9999 -9999 -9999 -9999 -9999 -9999 -9999 -9999 -9999 -9999 -9999 -9999 -9999 -9999 2.56103E-1 2.98309E-1 4.31167E-1 5.71174E-1 6.58209E-1 5.94557E-1 4.17372E-1 4.69627E-1 6.4335E-1 3.53331E-1 4.27694E-1 4.62519E-1 2.67613E-1 3.47954E-2 2.61804E-1 1.35925E-1 1.11155E-1 1.30852E-1 2.35958E-1 3.69871E-1 4.30492E-1 3.73422E-1 3.26419E-1 3.24996E-1 2.62381E-1 2.71187E-1 3.24775E-1 3.43562E-1 3.58408E-1 4.70527E-1 5.95849E-1 5.70559E-1 5.44932E-1
-9999 -9999 -9999 -9999 -9999 -9999 -9999 -9999 -9999 -9999 -9999 -9999 -9999 -9999 -9999 -9999 -9999 -9999 -9999 -9999 -9999 -9999 -9999 -9999 -9999 -9999 -9999 3.24049E-1 3.34462E-1 4.53923E-1 3.94511E-1 6.43777E-1 4.59648E-1 3.8335E-1 6.28265E-1 5.04374E-1 4.31573E-1 3.13894E-1 5.30089E-1 4.48569E-1 2.93601E-1 2.81889E-1 1.53441E-1 1.35204E-1 1.47533E-1 3.66065E-1 4.52613E-1 4.36152E-1 3.3588E-1 2.97628E-1 3.41774E-1 3.17206E-1 3.31518E-1 3.54362E-1 4.19183E-1 3.14119E-1 3.53641E-1 3.45039E-1 4.3659E-1 4.96931E-1
-9999 -9999 -9999 -9999 -9999 -9999 -9999 -9999 -9999 -9999 -9999 -9999 -9999 -9999 -9999 -9999 -9999 -9999 -9999 -9999 -9999 -9999 -9999 -9999 -9999 -9999 3.54454E-1 4.67204E-1 4.70139E-1 6.36838E-1 6.98612E-1 -9999 3.74147E-1 5.51266E-1 6.24567E-1 4.426E-1 4.78259E-1 3.89286E-1 2.60893E-1 3.70293E-1 4.80539E-1 1.06612E-1 2.27339E-1 2.29381E-1 2.48422E-1 5.03478E-1 5.48674E-1 5.36243E-1 3.66105E-1 3.42374E-1 4.29896E-1 3.55402E-1 4.47204E-1 3.86926E-1 2.81596E-1 4.84003E-2 3.9351E-1 4.01514E-1 4.48377E-1 4.45123E-1
-9999 -9999 -9999 -9999 -9999 -9999 -9999 -9999 -9999 -9999 -9999 -9999 -9999 -9999 -9999 -9999 -9999 -9999 -9999 -9999 -9999 -9999 -9999 -9999 -9999 -9999 4.07538E-1 4.83442E-1 2.3076E-1 -9999 -9999 -9999 4.21007E-1 5.3503E-1 4.562E-1 3.91401E-1 2.40605E-1 4.48788E-1 5.77004E-1 5.22741E-1 3.57848E-1 3.50627E-1 1.06838E-1 7.43808E-2 3.34541E-1 5.3062E-1 5.65071E-1 4.80568E-1 4.02423E-1 4.37203E-1 5.87749E-1 4.56315E-1 5.4476E-1 2.59946E-1 2.87825E-1 3.71589E-1 3.96486E-1 3.39134E-1 3.65827E-1 3.97331E-1
-9999 -9999 -9999 -9999 -9999 -9999 -9999 -9999 -9999 -9999 -9999 -9999 -9999 -9999 -9999 -9999 -9999 -9999 -9999 -9999 -9999 -9999 -9999 -9999 -9999 -9999 -9999 3.2924E-1 -9999 -9999 -9999 -9999 2.31305E-1 3.80852E-1 4.47537E-1 4.19974E-1 2.73886E-1 3.57712E-1 3.19203E-1 2.72013E-1 3.91086E-1 1.73546E-1 2.83145E-1 1.61982E-1 9.41707E-2 5.3399E-1 5.82815E-1 6.44202E-1 5.46289E-1 6.13921E-1 5.75219E-1 6.32427E-1 2.91198E-1 4.41599E-1 3.37953E-1 4.0294E-1 3.87662E-1 3.57694E-1 3.17741E-1 4.56258E-1
-9999 -9999 -9999 -9999 -9999 -9999 -9999 -9999 -9999 -9999 -9999 -9999 -9999 -9999 -9999 -9999 -9999 -9999 -9999 -9999 -9999 -9999 -9999 -9999 -9999 -9999 -9999 -9999 -9999 -9999 -9999 -9999 -9999 3.80529E-1 4.81658E-1 3.19239E-1 3.24972E-1 3.17996E-1 4.99497E-1 4.39907E-1 2.59112E-1 1.48248E-1 2.57344E-1 1.60089E-1 1.77364E-1 5.52877E-1 2.93873E-1 5.638E-1 7.09335E-1 4.83865E-1 7.05781E-1 5.3395E-1 4.32201E-1 3.82769E-1 3.58256E-1 3.45466E-1 3.25306E-1 3.41293E-1 4.69669E-1 4.56575E-1
-9999 -9999 -9999 -9999 -9999 -9999 -9999 -9999 -9999 -9999 -9999 -9999 -9999 -9999 -9999 -9999 -9999 -9999 -9999 -9999 -9999 -9999 -9999 -9999 -9999 -9999 -9999 -9999 -9999 -9999 -9999 -9999 -9999 -9999 5.24706E-1 2.57871E-1 3.25456E-1 4.56105E-1 3.77956E-1 3.10987E-1 3.82354E-1 2.68263E-1 1.29142E-1 1.33588E-1 2.08732E-1 5.19937E-1 5.9965E-1 7.43855E-1 6.80531E-1 4.31022E-1 6.00241E-1 5.98756E-1 5.037E-1 3.77502E-1 3.84213E-1 3.86565E-1 3.71502E-1 4.95278E-1 3.77056E-1 7.13246E-1
-9999 -9999 -9999 -9999 -9999 -9999 -9999 -9999 -9999 -9999 -9999 -9999 -9999 -9999 -9999 -9999 -9999 -9999 -9999 -9999 -9999 -9999 -9999 -9999 -9999 -9999 -9999 -9999 -9999 -9999 -9999 -9999 -9999 -9999 5.07256E-1 3.35004E-1 2.60299E-1 3.80127E-1 3.83492E-1 3.20068E-1 4.49307E-1 3.87955E-1 1.82242E-1 1.60839E-1 2.39188E-1 1.0531E-1 6.18951E-1 5.50255E-1 5.58071E-1 4.13285E-1 2.88489E-1 4.89038E-1 4.05872E-1 2.97286E-1 2.08057E-1 2.20816E-1 2.81487E-1 4.2733E-1 5.35948E-1 6.4775E-1
-9999 -9999 -9999 -9999 -9999 -9999 -9999 -9999 -9999 -9999 -9999 -9999 -9999 -9999 -9999 -9999 -9999 -9999 -9999 -9999 -9999 -9999 -9999 -9999 -9999 -9999 -9999 -9999 -9999 -9999 -9999 -9999 -9999 -9999 -9999 3.05487E-1 3.08439E-1 2.09793E-1 2.3806E-1 1.64226E-1 2.3247E-1 1.88273E-1 1.85175E-1 1.77695E-1 2.03799E-1 3.91166E-1 3.38071E-1 6.5169E-1 2.72922E-1 6.2221E-1 4.94233E-1 4.98631E-1 4.40804E-1 4.16412E-1 4.5523E-1 3.09596E-1 3.64955E-1 5.82964E-1 2.82877E-1 6.50154E-1
-9999 -9999 -9999 -9999 -9999 -9999 -9999 -9999 -9999 -9999 -9999 -9999 -9999 -9999 -9999 -9999 -9999 -9999 -9999 -9999 -9999 -9999 -9999 -9999 -9999 -9999 -9999 -9999 -9999 -9999 -9999 -9999 -9999 -9999 -9999 1.68389E-1 1.94344E-1 1.63497E-1 1.94935E-1 1.10205E-1 1.56126E-1 1.64635E-1 1.45087E-1 1.89932E-1 1.60427E-1 3.01935E-1 3.44665E-1 6.54411E-1 3.34104E-1 3.77142E-1 2.3607E-1 4.90889E-1 4.30239E-1 3.687E-1 3.96539E-1 3.55254E-1 3.90695E-1 2.316E-1 1.16431E-1 3.68048E-1
-9999 -9999 -9999 -9999 -9999 -9999 -9999 -9999 -9999 -9999 -9999 -9999 -9999 -9999 -9999 -9999 -9999 -9999 -9999 -9999 -9999 -9999 -9999 -9999 -9999 -9999 -9999 -9999 -9999 -9999 -9999 -9999 -9999 -9999 -9999 -9999 2.24343E-1 1.84305E-1 1.79558E-1 1.80747E-1 1.8509E-1 1.69248E-1 1.63278E-1 2.19872E-1 4.37753E-1 2.00838E-1 3.73357E-1 4.45554E-1 6.44121E-1 5.2025E-1 3.68155E-1 4.8769E-1 4.15043E-1 4.29165E-1 4.85209E-1 4.34922E-1 3.14157E-1 3.45271E-1 3.03977E-1 3.33919E-1
-9999 -9999 -9999 -9999 -9999 -9999 -9999 -9999 -9999 -9999 -9999 -9999 -9999 -9999 -9999 -9999 -9999 -9999 -9999 -9999 -9999 -9999 -9999 -9999 -9999 -9999 -9999 -9999 -9999 -9999 -9999 -9999 -9999 -9999 -9999 -9999 3.06063E-1 3.09455E-1 2.52113E-1 1.60262E-1 1.86992E-1 1.30697E-1 1.74718E-1 3.26905E-1 2.0186E-1 3.75048E-1 4.51057E-1 3.25697E-1 7.25792E-1 4.82009E-1 5.13742E-1 4.54676E-1 3.78667E-1 4.02979E-1 4.48357E-1 4.33781E-1 2.60837E-1 3.17509E-1 3.0529E-1 3.32167E-1
-9999 -9999 -9999 -9999 -9999 -9999 -9999 -9999 -9999 -9999 -9999 -9999 -9999 -9999 -9999 -9999 -9999 -9999 -9999 -9999 -9999 -9999 -9999 -9999 -9999 -9999 -9999 -9999 -9999 -9999 -9999 -9999 -9999 -9999 -9999 -9999 2.9883E-1 2.91718E-1 2.30197E-1 1.76771E-1 3.42332E-1 2.31964E-1 2.81846E-1 4.82264E-1 3.43386E-1 3.47761E-1 3.84671E-1 5.10306E-1 6.99672E-1 4.67054E-1 5.81975E-1 5.71129E-1 5.23985E-1 5.78835E-1 6.00966E-1 5.89805E-1 4.23685E-1 4.68042E-1 3.03839E-1 4.87025E-1
-9999 -9999 -9999 -9999 -9999 -9999 -9999 -9999 -9999 -9999 -9999 -9999 -9999 -9999 -9999 -9999 -9999 -9999 -9999 -9999 -9999 -9999 -9999 -9999 -9999 -9999 -9999 -9999 -9999 -9999 -9999 -9999 -9999 -9999 -9999 -9999 2.01981E-1 2.37201E-1 2.17245E-1 1.79057E-1 3.67006E-1 2.78298E-1 3.26545E-1 3.31742E-1 4.49138E-1 3.93012E-1 3.49949E-1 3.7233E-1 4.2752E-1 5.30468E-1 5.23123E-1 4.9432E-1 5.37135E-1 6.23723E-1 5.70818E-1 4.15397E-1 4.10597E-1 4.2094E-1 3.70069E-1 5.65335E-1
-9999 -9999 -9999 -9999 -9999 -9999 -9999 -9999 -9999 -9999 -9999 -9999 -9999 -9999 -9999 -9999 -9999 -9999 -9999 -9999 -9999 -9999 -9999 -9999 -9999 -9999 -9999 -9999 -9999 -9999 -9999 -9999 -9999 -9999 -9999 -9999 -9999 2.78691E-1 3.15503E-1 3.12805E-1 4.54597E-1 4.04119E-1 3.86761E-1 3.63836E-1 4.08516E-1 4.874E-1 4.48552E-1 3.86144E-1 3.13438E-1 4.17002E-1 4.49078E-1 4.93576E-1 5.41209E-1 6.2073E-1 4.78661E-1 5.24921E-1 4.18831E-1 3.94251E-1 4.13867E-1 5.13266E-1
-9999 -9999 -9999 -9999 -9999 -9999 -9999 -9999 -9999 -9999 -9999 -9999 -9999 -9999 -9999 -9999 -9999 -9999 -9999 -9999 -9999 -9999 -9999 -9999 -9999 -9999 -9999 -9999 -9999 -9999 -9999 -9999 -9999 -9999 -9999 -9999 -9999 -9999 2.5597E-1 3.03584E-1 4.21474E-1 4.99222E-1 4.0583E-1 3.8414E-1 5.29583E-1 5.17108E-1 4.97848E-1 5.05498E-1 4.59432E-1 3.43743E-1 4.59129E-1 5.55238E-1 6.05891E-1 3.19935E-1 4.91432E-1 4.03712E-1 3.98097E-1 4.08219E-1 4.92372E-1 6.1106E-1
-9999 -9999 -9999 -9999 -9999 -9999 -9999 -9999 -9999 -9999 -9999 -9999 -9999 -9999 -9999 -9999 -9999 -9999 -9999 -9999 -9999 -9999 -9999 -9999 -9999 -9999 -9999 -9999 -9999 -9999 -9999 -9999 -9999 -9999 -9999 -9999 -9999 -9999 -9999 -9999 2.76742E-1 3.65123E-1 5.84999E-1 4.67558E-1 5.46403E-1 7.33535E-1 5.80159E-1 5.64013E-1 5.16356E-1 4.30335E-1 3.78331E-1 4.90175E-1 3.48483E-1 4.79731E-1 3.83937E-1 4.02395E-1 3.78224E-1 3.70351E-1 4.39683E-1 5.7689E-1
