Phytophthora/models/20240506_1522_03/Phytophthora_PA3_RUN3_MAXENT_outputs/Phytophthora_PA3_RUN3.asc
ncols         225
nrows         269
xllcorner     473009.9838
yllcorner     4429051.1748
cellsize      50.0
NODATA_value  -9999
[rows 52 to 77 of 269, columns 0 to 59 of 225]
-9999 -9999 -9999 -9999 -9999 -9999 -9999 -9999 -9999 -9999 -9999 -9999 -9999 -9999 -9999 -9999 -9999 -9999 -9999 -9999 -9999 4.30272E-3 4.84873E-3 6.55902E-3 9.82728E-3 8.8096E-3 7.83859E-3 7.24002E-3 8.85389E-3 8.43888E-3 8.09466E-3 7.77234E-3 7.62172E-3 7.03439E-3 8.09941E-3 1.02633E-2 1.28719E-2 1.54009E-2 1.8172E-2 2.10139E-2 2.40152E-2 2.06774E-2 1.73613E-2 1.41662E-2 1.406E-2 1.16358E-2 9.07545E-3 6.8237E-3 7.24045E-3 6.10886E-3 6.28528E-3 6.42045E-3 5.49979E-3 5.94255E-3 6.14904E-3 5.53735E-3 2.39199E-3 3.1702E-3 2.45656E-3 2.29222E-3
-9999 -9999 -9999 -9999 -9999 -9999 -9999 -9999 -9999 -9999 -9999 -9999 -9999 -9999 -9999 -9999 -9999 -9999 -9999 -9999 -9999 3.25328E-3 1.05687E-2 4.12555E-3 6.31677E-3 7.94516E-3 6.58981E-3 6.14643E-3 8.03221E-3 7.47943E-3 7.33615E-3 7.25341E-3 8.22556E-3 8.91819E-3 1.03527E-2 1.22375E-2 5.72025E-3 1.47246E-2 8.58684E-3 1.33218E-2 1.91319E-2 1.53617E-2 1.219E-2 1.15487E-2 1.36955E-2 1.03499E-2 7.91605E-3 5.72525E-3 7.23931E-3 7.40089E-3 6.80776E-3 6.04219E-3 5.2922E-3 5.34891E-3 4.95819E-3 4.11379E-3 3.1111E-3 2.64144E-3 2.44087E-3 2.4331E-3
-9999 -9999 -9999 -9999 -9999 -9999 -9999 -9999 -9999 -9999 -9999 -9999 -9999 -9999 -9999 -9999 -9999 -9999 -9999 -9999 -9999 1.8497E-3 5.86441E-3 5.62595E-3 3.51501E-3 4.43663E-3 8.42706E-3 7.65955E-3 7.59444E-3 6.48029E-3 7.36281E-3 8.71772E-3 1.03846E-2 1.15725E-2 2.63588E-3 1.31559E-2 1.45596E-2 1.3682E-2 9.64625E-3 1.09745E-2 1.05438E-2 6.67506E-3 9.3665E-3 1.41603E-2 1.68275E-2 1.00856E-2 8.15829E-3 6.69995E-3 3.78878E-3 5.89265E-3 5.49835E-3 4.95735E-3 4.4245E-3 3.47533E-3 3.56493E-3 2.90467E-3 2.24132E-3 2.00928E-3 1.84711E-3 2.04742E-3
-9999 -9999 -9999 -9999 -9999 -9999 -9999 -9999 -9999 -9999 -9999 -9999 -9999 -9999 -9999 -9999 -9999 -9999 -9999 -9999 -9999 6.94883E-4 3.57038E-3 2.98634E-3 3.27068E-3 3.07619E-3 8.52752E-4 3.79934E-3 4.74329E-3 5.97258E-3 7.40368E-3 9.69629E-3 6.43263E-3 4.75754E-3 1.28492E-2 1.30555E-2 1.35497E-2 1.26886E-2 9.26364E-3 1.57111E-2 1.08997E-2 1.20862E-2 1.05613E-2 1.49626E-2 9.90302E-3 5.21398E-3 4.76292E-3 4.16633E-3 4.41856E-3 4.24256E-3 4.28833E-3 3.8867E-3 1.95699E-3 3.28585E-3 2.95845E-3 2.81643E-3 2.55319E-3 2.34441E-3 2.06248E-3 2.29475E-3
-9999 -9999 -9999 -9999 -9999 -9999 -9999 -9999 -9999 -9999 -9999 -9999 -9999 -9999 -9999 -9999 -9999 -9999 -9999 -9999 8.33687E-5 3.54283E-4 3.35611E-3 2.09712E-3 1.47068E-3 2.70546E-3 1.79834E-3 2.55996E-3 3.04433E-3 1.46388E-3 2.1505E-3 5.34822E-3 1.43094E-2 1.04324E-2 1.28208E-2 1.37519E-2 1.30573E-2 9.58797E-3 4.51148E-3 7.85684E-3 4.45438E-3 9.68417E-3 7.74971E-3 7.91921E-3 4.57548E-3 4.65621E-3 3.74526E-3 3.59701E-3 3.28856E-3 3.07247E-3 2.90328E-3 2.22914E-3 2.19218E-3 2.40834E-3 2.39769E-3 2.47689E-3 2.14101E-3 2.34694E-3 2.2436E-3 2.61803E-3
-9999 -9999 -9999 -9999 -9999 -9999 -9999 -9999 -9999 -9999 -9999 -9999 -9999 -9999 -9999 -9999 -9999 3.77148E-1 2.81803E-3 1.76497E-4 4.55285E-5 1.43319E-4 3.2319E-3 2.58859E-3 2.05231E-3 4.98557E-3 5.12226E-3 2.48474E-3 3.48581E-3 5.18525E-3 6.31379E-3 7.88638E-3 1.27097E-2 9.08179E-3 1.19982E-2 1.14394E-2 1.16017E-2 8.33848E-3 4.8881E-3 7.4021E-3 4.50481E-3 7.78249E-3 4.02833E-3 7.50213E-3 4.52831E-3 3.72871E-3 2.8241E-3 2.41164E-3 2.41942E-3 2.42411E-3 2.42519E-3 2.03677E-3 1.85732E-3 2.17362E-3 2.29174E-3 2.35014E-3 2.0696E-3 2.07622E-3 1.64917E-3 2.46631E-3
-9999 -9999 -9999 -9999 -9999 -9999 -9999 -9999 -9999 -9999 -9999 -9999 -9999 -9999 -9999 -9999 1.39113E-2 7.66888E-3 2.98727E-4 7.25891E-5 5.52902E-5 2.56442E-4 3.9309E-3 4.51515E-3 4.73257E-3 4.52073E-3 8.52023E-3 3.63942E-3 4.28451E-3 5.78641E-3 6.59266E-3 7.56432E-3 7.94784E-3 8.8594E-3 1.0234E-2 9.00073E-3 9.03075E-3 8.27584E-3 7.19516E-3 6.20404E-3 5.47509E-3 5.49272E-3 5.57159E-3 5.38209E-3 2.10571E-3 4.12982E-3 3.00061E-3 2.79285E-3 2.35734E-3 2.11168E-3 2.20868E-3 2.06034E-3 1.81084E-3 1.76487E-3 1.78829E-3 1.81966E-3 1.79903E-3 1.44254E-3 2.18578E-3 1.97561E-3
-9999 -9999 -9999 -9999 -9999 -9999 -9999 -9999 -9999 -9999 -9999 -9999 -9999 -9999 1.09413E-3 1.39064E-3 8.12634E-4 3.14657E-4 6.36782E-5 5.47084E-5 1.18082E-4 7.13732E-4 4.96387E-3 5.45115E-3 6.45065E-3 1.08726E-2 9.2582E-3 6.86417E-3 5.91451E-3 7.24988E-3 8.12157E-3 9.07216E-3 9.82789E-3 1.10929E-2 1.21034E-2 9.51913E-3 9.94727E-3 9.11188E-3 8.27412E-3 6.62858E-3 5.40101E-3 5.12175E-3 4.21829E-3 4.30839E-3 4.71039E-3 4.85387E-3 2.94021E-3 2.72409E-3 2.30028E-3 1.94045E-3 1.92008E-3 1.92793E-3 1.71116E-3 1.7231E-3 1.44161E-3 1.54316E-3 2.08945E-3 1.61339E-3 9.13069E-4 1.71434E-3
-9999 -9999 -9999 -9999 -9999 -9999 -9999 -9999 -9999 -9999 -9999 -9999 -9999 3.6412E-4 3.66117E-4 2.19266E-4 1.90155E-4 1.31501E-4 6.60034E-5 6.59169E-5 1.9393E-4 1.11029E-3 4.64711E-3 5.61726E-3 6.80116E-3 8.29423E-3 1.98134E-2 1.10084E-2 8.49653E-3 9.92847E-3 1.11106E-2 1.20971E-2 1.31027E-2 1.3346E-2 1.44207E-2 1.13657E-2 1.00487E-2 8.55702E-3 7.20149E-3 5.80917E-3 5.22098E-3 4.99055E-3 3.7746E-3 3.0247E-3 3.46849E-3 4.37517E-3 3.62002E-3 3.5266E-3 2.71611E-3 2.13823E-3 1.90158E-3 1.7213E-3 1.12065E-3 2.13946E-3 2.53834E-3 2.43898E-3 2.47221E-3 2.02534E-3 1.65542E-3 1.77658E-3
-9999 -9999 -9999 -9999 -9999 -9999 -9999 -9999 -9999 -9999 -9999 -9999 4.19366E-4 1.65926E-4 4.36395E-4 2.66242E-4 2.57165E-4 2.25913E-4 2.38112E-4 3.04046E-4 4.80192E-4 2.08145E-3 9.96329E-3 9.46481E-3 9.17119E-3 8.47903E-3 8.47169E-3 1.35461E-2 1.46595E-2 1.63514E-2 1.70156E-2 1.57691E-2 1.67725E-2 1.47908E-2 1.41195E-2 9.78049E-3 9.93389E-3 8.19069E-3 5.86784E-3 4.66879E-3 4.6961E-3 4.23812E-3 3.29331E-3 2.93294E-3 3.21289E-3 4.24638E-3 3.95349E-3 3.78483E-3 2.43468E-3 9.34961E-4 7.76746E-4 6.34252E-4 1.17581E-3 1.90347E-3 2.62491E-3 2.50786E-3 1.28381E-3 1.90275E-3 1.51046E-3 1.6976E-3
-9999 -9999 -9999 -9999 -9999 -9999 -9999 -9999 -9999 -9999 -9999 -9999 3.20849E-3 3.61644E-3 3.77768E-3 3.49875E-3 3.8258E-3 3.90251E-3 3.82065E-3 3.67485E-3 3.79189E-3 1.05196E-2 4.40891E-3 7.16175E-3 1.02479E-2 3.00955E-2 1.52637E-2 2.28385E-2 2.29752E-2 2.18109E-2 2.12269E-2 1.91695E-2 1.59223E-2 1.30797E-2 1.13468E-2 1.11744E-2 9.71337E-3 7.38139E-3 5.44893E-3 4.56991E-3 4.75354E-3 4.58956E-3 3.53299E-3 3.51117E-3 3.1692E-3 4.32348E-3 4.28487E-3 4.5829E-3 3.06025E-3 1.80643E-3 1.25456E-3 9.18725E-4 1.86054E-3 2.66394E-3 2.7842E-3 1.5813E-3 2.21401E-3 1.25111E-3 6.28813E-4 1.6489E-3
-9999 -9999 -9999 -9999 -9999 -9999 -9999 -9999 -9999 -9999 -9999 -9999 3.98612E-3 4.23491E-3 4.60349E-3 4.69899E-3 5.00818E-3 4.9478E-3 4.95577E-3 4.89503E-3 1.05837E-2 7.76078E-3 6.13983E-3 8.67817E-3 1.37676E-2 2.98627E-2 2.18765E-2 2.41709E-2 2.50704E-2 2.52476E-2 2.42949E-2 1.91828E-2 1.53332E-2 1.20152E-2 1.22711E-2 1.04565E-2 9.62495E-3 6.70995E-3 6.87739E-3 6.04856E-3 5.04136E-3 4.63593E-3 3.93367E-3 4.50645E-3 3.9808E-3 5.28753E-3 5.39108E-3 4.61673E-3 2.72049E-3 1.90531E-3 1.30009E-3 8.28166E-4 1.62654E-3 5.39975E-4 5.64843E-4 2.15232E-3 1.28112E-3 1.35076E-3 1.56549E-3 1.74084E-3
-9999 -9999 -9999 -9999 -9999 -9999 -9999 -9999 -9999 -9999 -9999 -9999 4.23705E-3 5.45719E-3 5.67365E-3 5.71669E-3 6.22248E-3 6.56356E-3 6.06964E-3 6.5973E-3 1.11397E-2 9.41926E-3 9.51911E-3 1.23211E-2 2.30115E-2 3.60007E-2 2.4587E-2 2.64695E-2 2.63404E-2 2.51877E-2 2.31423E-2 1.81499E-2 1.61783E-2 1.46159E-2 1.31335E-2 1.00765E-2 8.47048E-3 7.33008E-3 7.06768E-3 6.07404E-3 5.01264E-3 2.8418E-3 3.68818E-3 4.274E-3 3.92756E-3 4.30632E-3 4.54555E-3 4.76942E-3 3.74652E-3 2.66104E-3 1.87305E-3 1.27791E-3 5.77193E-4 1.35398E-3 7.4505E-4 1.21525E-3 1.87817E-3 1.93982E-3 1.6206E-3 1.62634E-3
-9999 -9999 -9999 -9999 -9999 -9999 -9999 -9999 -9999 -9999 4.20085E-4 1.15686E-3 7.12786E-3 9.91321E-3 6.5929E-3 6.42199E-3 6.84475E-3 6.62124E-3 6.62255E-3 8.02184E-3 1.49116E-2 1.05479E-2 1.71253E-2 1.60683E-2 1.08003E-2 2.52965E-2 3.6681E-2 2.5437E-2 2.3303E-2 2.30545E-2 1.85578E-2 1.29062E-2 1.16565E-2 1.09378E-2 1.17739E-2 8.19091E-3 8.85204E-3 8.39872E-3 7.22958E-3 6.6023E-3 5.87488E-3 6.0987E-3 5.69403E-3 5.51106E-3 4.96559E-3 4.62406E-3 4.31994E-3 4.24208E-3 3.36743E-3 2.63989E-3 1.01409E-3 1.40774E-3 1.40386E-3 1.07496E-3 1.26486E-3 1.46145E-3 1.66023E-3 1.80512E-3 1.6135E-3 1.84388E-3
-9999 -9999 -9999 -9999 -9999 -9999 -9999 -9999 3.99521E-3 3.23499E-4 9.41913E-5 8.16192E-4 3.5689E-3 7.26535E-3 5.63759E-3 5.80782E-3 7.1389E-3 8.4513E-3 9.45227E-3 1.00952E-2 1.76493E-2 8.15988E-3 2.23603E-2 1.88702E-2 1.00975E-2 1.05705E-2 3.72133E-2 2.0542E-2 2.27568E-2 2.47481E-2 1.96072E-2 1.44182E-2 1.27359E-2 1.08942E-2 9.81214E-3 9.09132E-3 9.18307E-3 7.91708E-3 8.27682E-3 8.51629E-3 8.58165E-3 9.52024E-3 9.76545E-3 6.86049E-3 5.586E-3 4.9924E-3 4.86942E-3 4.7237E-3 3.85378E-3 2.07421E-3 2.51306E-3 1.99774E-3 1.76703E-3 1.6604E-3 1.38618E-3 1.47592E-3 1.48739E-3 1.55806E-3 1.44645E-3 1.50866E-3
-9999 -9999 -9999 -9999 -9999 -9999 -9999 -9999 9.5568E-3 8.44227E-4 1.19756E-4 4.10962E-4 7.42696E-3 3.89104E-3 4.91113E-3 5.37937E-3 7.01627E-3 8.70179E-3 1.08533E-2 1.11151E-2 1.9586E-2 1.11026E-2 1.96318E-2 1.35118E-2 7.72907E-3 1.09034E-2 3.15091E-2 1.45232E-2 1.81299E-2 2.35055E-2 1.81404E-2 1.4069E-2 1.31127E-2 1.04716E-2 8.5698E-3 9.39429E-3 8.50686E-3 6.32157E-3 1.03105E-2 1.11047E-2 1.18525E-2 1.18159E-2 1.23349E-2 8.71396E-3 7.29893E-3 6.02099E-3 5.72052E-3 4.90529E-3 4.58671E-3 3.42236E-3 2.48599E-3 2.17886E-3 1.75665E-3 1.12042E-3 1.40879E-3 1.47435E-3 1.64292E-3 1.58961E-3 1.41392E-3 1.58987E-3
-9999 -9999 -9999 -9999 -9999 -9999 -9999 -9999 1.23665E-2 1.07092E-3 2.29733E-4 4.82094E-4 2.79238E-3 2.81983E-3 5.04974E-3 6.35452E-3 7.49538E-3 1.02287E-2 1.16991E-2 1.33884E-2 2.2079E-2 2.46151E-2 3.06998E-2 2.3906E-2 1.19119E-2 3.21873E-2 1.7735E-2 1.49403E-2 1.28504E-2 1.75054E-2 1.71864E-2 1.55904E-2 1.4592E-2 1.1834E-2 8.52527E-3 9.98063E-3 1.05267E-2 1.09761E-2 6.17571E-3 1.18094E-2 1.17147E-2 1.14567E-2 1.15789E-2 8.97548E-3 8.37312E-3 6.94639E-3 7.02785E-3 6.05491E-3 4.81563E-3 1.5921E-3 2.80199E-3 2.06798E-3 1.58614E-3 1.46603E-3 1.3198E-3 9.15237E-4 1.45888E-3 1.44106E-3 1.28718E-3 1.50601E-3
-9999 -9999 -9999 -9999 -9999 -9999 -9999 -9999 -9999 -9999 4.04563E-4 7.30577E-4 2.76594E-3 4.52377E-3 6.47502E-3 8.5415E-3 1.03312E-2 1.40267E-2 1.30318E-2 1.44819E-2 2.38968E-2 3.48113E-2 4.71659E-2 4.25326E-2 3.86796E-2 2.87132E-2 1.53609E-2 1.80861E-2 1.67711E-2 1.77828E-2 1.92496E-2 1.97314E-2 1.65195E-2 1.30223E-2 8.76642E-3 8.7549E-3 9.67108E-3 9.92576E-3 1.15969E-2 9.85081E-3 8.44055E-3 9.99992E-3 1.0719E-2 8.65251E-3 8.13182E-3 6.92633E-3 6.69722E-3 5.76782E-3 4.69601E-3 3.57903E-3 2.66442E-3 1.95068E-3 8.95803E-4 1.28726E-3 1.32271E-3 1.34457E-3 1.36991E-3 1.34984E-3 1.43187E-3 1.57397E-3
-9999 -9999 -9999 -9999 -9999 -9999 -9999 -9999 -9999 -9999 -9999 -9999 -9999 -9999 -9999 -9999 -9999 1.48553E-2 1.08564E-2 1.64911E-2 2.40346E-2 4.54224E-2 6.1053E-2 5.17665E-2 4.6549E-2 3.4964E-2 2.17648E-2 2.08995E-2 2.09962E-2 2.09722E-2 2.07617E-2 1.55212E-2 1.67344E-2 1.4548E-2 9.87863E-3 7.4059E-3 7.55947E-3 7.98672E-3 7.35596E-3 7.78482E-3 9.10129E-3 9.26426E-3 9.01898E-3 5.97364E-3 6.13076E-3 6.34625E-3 4.76906E-3 3.18944E-3 4.28105E-3 3.05619E-3 2.49755E-3 1.915E-3 1.2156E-3 7.11755E-4 1.21061E-3 1.21438E-3 1.24962E-3 1.40805E-3 1.43284E-3 1.67626E-3
-9999 -9999 -9999 -9999 -9999 -9999 -9999 -9999 -9999 -9999 -9999 -9999 -9999 -9999 -9999 -9999 -9999 -9999 -9999 1.69642E-2 2.98291E-2 4.79385E-2 6.19037E-2 5.55128E-2 5.29261E-2 3.94426E-2 2.51923E-2 2.98072E-2 2.14362E-2 2.45261E-2 2.09571E-2 1.88459E-2 1.55331E-2 1.41091E-2 1.11894E-2 8.95954E-3 6.88681E-3 6.73902E-3 6.61676E-3 7.08505E-3 8.58616E-3 8.46347E-3 9.05701E-3 7.81403E-3 7.32706E-3 6.32276E-3 5.15478E-3 4.87911E-3 3.78665E-3 2.71593E-3 2.02268E-3 1.71176E-3 1.07724E-3 9.36765E-4 1.08383E-3 1.24583E-3 1.4149E-3 1.42845E-3 1.51422E-3 1.9111E-3
-9999 -9999 -9999 -9999 -9999 -9999 -9999 -9999 -9999 -9999 -9999 -9999 -9999 -9999 -9999 -9999 -9999 -9999 -9999 -9999 3.52933E-2 4.74387E-2 5.8379E-2 5.09788E-2 4.79288E-2 3.60546E-2 3.99667E-2 3.60227E-2 3.21515E-2 1.23838E-2 1.02639E-2 1.55025E-2 1.38966E-2 1.36683E-2 1.19865E-2 1.12257E-2 8.39841E-3 6.67739E-3 6.20605E-3 7.44825E-3 7.97763E-3 7.76184E-3 4.19482E-3 7.48792E-3 6.97079E-3 5.97789E-3 5.17364E-3 4.34174E-3 3.35776E-3 2.59687E-3 2.07639E-3 1.54445E-3 1.14059E-3 1.18147E-3 1.27603E-3 1.48112E-3 1.55852E-3 1.35621E-3 1.67753E-3 2.08432E-3
-9999 -9999 -9999 -9999 -9999 -9999 -9999 -9999 -9999 -9999 -9999 -9999 -9999 -9999 -9999 -9999 -9999 -9999 -9999 -9999 -9999 3.34131E-2 4.05099E-2 3.59083E-2 3.54231E-2 3.05807E-2 3.42539E-2 3.53805E-2 3.00537E-2 2.28943E-2 2.04247E-2 1.94395E-2 1.66011E-2 1.21256E-2 1.41109E-2 1.23251E-2 1.05817E-2 9.83305E-3 8.35775E-3 8.40381E-3 8.20417E-3 7.35034E-3 9.39749E-3 8.06477E-3 7.53489E-3 5.95008E-3 4.92907E-3 2.59013E-3 3.70275E-3 3.27694E-3 2.91402E-3 2.24598E-3 1.85086E-3 2.06775E-3 2.26891E-3 2.5774E-3 2.83095E-3 2.43473E-3 2.89735E-3 3.18047E-3
-9999 -9999 -9999 -9999 -9999 -9999 -9999 -9999 -9999 -9999 -9999 -9999 -9999 -9999 -9999 -9999 -9999 -9999 -9999 -9999 -9999 -9999 2.77679E-2 2.55727E-2 2.60049E-2 2.55089E-2 2.74099E-2 2.94881E-2 2.65163E-2 2.24426E-2 2.1623E-2 2.06688E-2 1.84991E-2 1.79191E-2 1.59258E-2 1.25126E-2 1.23698E-2 1.12997E-2 1.00389E-2 8.3165E-3 5.67158E-3 8.88921E-3 1.00874E-2 8.38129E-3 7.54957E-3 5.84627E-3 5.59518E-3 5.76499E-3 5.4314E-3 4.25979E-3 4.33547E-3 2.27525E-3 1.19669E-3 3.1709E-3 3.73878E-3 4.5163E-3 5.2268E-3 5.35891E-3 4.90153E-3 5.19862E-3
-9999 -9999 -9999 -9999 -9999 -9999 -9999 -9999 -9999 -9999 -9999 -9999 -9999 -9999 -9999 -9999 -9999 -9999 -9999 -9999 -9999 -9999 -9999 1.92322E-2 1.91858E-2 1.93816E-2 2.16462E-2 2.3176E-2 2.07523E-2 1.82246E-2 1.79561E-2 1.91248E-2 2.30405E-2 2.05777E-2 1.6696E-2 1.48633E-2 1.34449E-2 1.15991E-2 9.46608E-3 7.91277E-3 9.05571E-3 9.43316E-3 1.01418E-2 8.96583E-3 8.12786E-3 7.52836E-3 7.5543E-3 8.06427E-3 8.09449E-3 7.23258E-3 6.39209E-3 4.66794E-3 3.9238E-3 4.04819E-3 5.77433E-3 7.65698E-3 8.68815E-3 1.13178E-2 8.99946E-3 3.93795E-3
-9999 -9999 -9999 -9999 -9999 -9999 -9999 -9999 -9999 -9999 -9999 -9999 -9999 -9999 -9999 -9999 -9999 -9999 -9999 -9999 -9999 -9999 -9999 -9999 -9999 1.53829E-2 1.60174E-2 1.70834E-2 1.53699E-2 1.60541E-2 1.62192E-2 1.5641E-2 1.45386E-2 6.61553E-3 1.11682E-2 1.37126E-2 1.36812E-2 9.7968E-3 9.12149E-3 9.66189E-3 1.11665E-2 6.21921E-3 1.21155E-2 1.09759E-2 1.08042E-2 9.97677E-3 1.07703E-2 1.15209E-2 1.14428E-2 1.0426E-2 9.46113E-3 7.54237E-3 5.38153E-3 5.73137E-3 8.10711E-3 1.14436E-2 1.56855E-2 2.06637E-2 1.3494E-2 1.0722E-2
-9999 -9999 -9999 -9999 -9999 -9999 -9999 -9999 -9999 -9999 -9999 -9999 -9999 -9999 -9999 -9999 -9999 -9999 -9999 -9999 -9999 -9999 -9999 -9999 -9999 -9999 -9999 1.26582E-2 1.16247E-2 1.29582E-2 1.07143E-2 7.87677E-3 5.49961E-3 4.39331E-3 4.88105E-3 6.47964E-3 1.03237E-2 1.12324E-2 9.90006E-3 1.34289E-2 8.52617E-3 1.4486E-2 1.63795E-2 1.39811E-2 1.38395E-2 6.30301E-3 1.45845E-2 1.51514E-2 1.57741E-2 1.52262E-2 1.38942E-2 1.28083E-2 1.0515E-2 1.04421E-2 1.33386E-2 1.97205E-2 2.29276E-2 2.72235E-2 1.44701E-2 1.71821E-2
