Phytophthora/models/20240506_1522_03/Phytophthora_PA3_RUN3_MAXENT_outputs/Phytophthora_PA3_RUN3.asc
ncols         225
nrows         269
xllcorner     473009.9838
yllcorner     4429051.1748
cellsize      50.0
NODATA_value  -9999
[rows 130 to 155 of 269, columns 60 to 119 of 225]
1.42222E-1 1.67141E-1 1.82749E-1 2.25313E-1 2.41895E-1 2.36872E-1 2.09032E-1 2.04792E-1 2.17917E-1 2.36351E-1 2.3191E-1 2.25739E-1 2.62011E-1 2.32418E-1 3.55259E-1 3.41974E-1 3.1751E-1 2.98864E-1 3.37321E-1 3.97929E-1 3.1222E-1 3.37081E-1 5.09126E-1 5.41788E-1 5.19868E-1 4.95631E-1 4.22663E-1 3.89517E-1 4.11533E-1 4.01384E-1 3.28209E-1 3.21559E-1 3.37582E-1 3.10144E-1 3.20121E-1 2.61577E-1 2.69551E-1 2.74997E-1 3.00975E-1 3.62727E-1 3.31848E-1 2.48645E-1 2.68265E-1 3.21427E-1 3.57139E-1 2.91858E-1 3.07193E-1 2.9491E-1 2.7608E-1 2.49053E-1 2.78209E-1 2.89122E-1 2.66206E-1 1.61798E-1 2.82307E-1 2.58803E-1 2.32266E-1 2.29813E-1 2.29192E-1 7.4217E-2
1.55672E-1 1.71782E-1 1.51354E-1 1.42424E-1 2.39515E-1 2.29416E-1 2.15347E-1 2.15619E-1 2.39909E-1 2.65378E-1 3.02871E-1 2.50989E-1 2.5115E-1 3.26064E-1 2.7177E-1 3.57677E-1 1.99179E-1 2.71836E-1 3.85215E-1 4.31141E-1 4.6945E-1 4.71711E-1 5.19623E-1 5.24285E-1 4.98906E-1 4.61768E-1 4.19373E-1 3.90864E-1 4.14678E-1 2.44252E-1 3.61573E-1 3.54209E-1 3.31659E-1 3.13093E-1 3.37371E-1 3.48166E-1 2.50604E-1 3.03321E-1 3.07862E-1 3.45647E-1 3.42135E-1 2.40056E-1 2.74586E-1 3.35359E-1 3.66583E-1 2.9237E-1 2.69455E-1 2.41451E-1 2.83037E-1 2.50244E-1 2.55698E-1 2.62683E-1 2.43697E-1 2.41882E-1 2.61784E-1 2.56888E-1 2.35182E-1 2.65089E-1 1.45617E-1 1.69068E-1
1.60188E-1 1.90339E-1 7.09565E-2 2.47877E-1 2.21124E-1 2.10924E-1 2.1096E-1 2.40839E-1 2.72129E-1 2.97783E-1 3.2821E-1 3.19131E-1 1.77454E-1 2.99651E-1 1.00803E-1 3.37468E-1 3.61604E-1 3.82059E-1 4.62789E-1 4.79435E-1 5.01798E-1 4.63689E-1 5.17327E-1 5.26188E-1 4.88301E-1 3.68629E-1 3.43715E-1 3.96068E-1 2.97257E-1 3.20795E-1 3.23603E-1 3.40346E-1 3.36141E-1 3.18287E-1 3.42256E-1 3.533E-1 3.74029E-1 2.50817E-1 3.13E-1 3.63163E-1 3.97114E-1 3.24755E-1 2.95354E-1 3.28136E-1 3.50124E-1 2.93102E-1 2.68735E-1 2.62932E-1 1.88105E-1 2.39086E-1 2.33389E-1 2.23818E-1 2.26127E-1 2.17003E-1 2.18276E-1 2.05302E-1 2.24951E-1 1.10694E-1 2.12945E-1 1.44494E-1
1.65768E-1 2.0281E-1 2.82815E-1 2.29284E-1 1.75957E-1 2.27048E-1 2.43571E-1 2.83612E-1 3.01698E-1 2.44562E-1 3.34803E-1 3.53622E-1 3.49512E-1 4.09356E-1 1.53072E-1 4.09147E-1 4.11473E-1 4.21593E-1 4.52751E-1 4.50239E-1 4.53924E-1 4.5311E-1 5.67332E-1 5.18653E-1 4.82215E-1 4.77517E-1 4.44327E-1 4.24238E-1 3.52922E-1 3.50717E-1 3.4886E-1 3.06448E-1 3.08588E-1 3.0624E-1 3.21523E-1 3.49218E-1 3.86033E-1 3.4501E-1 3.222E-1 3.49888E-1 3.99033E-1 4.05699E-1 3.66217E-1 3.23266E-1 3.50372E-1 3.11106E-1 3.1583E-1 3.20324E-1 3.13536E-1 3.09553E-1 2.86937E-1 2.75551E-1 2.74342E-1 2.56775E-1 2.50892E-1 2.11542E-1 1.42947E-1 2.07386E-1 1.44522E-1 1.23692E-1
1.97463E-1 1.44167E-1 2.39352E-1 2.28191E-1 2.08974E-1 2.30746E-1 2.65023E-1 2.75552E-1 3.16018E-1 3.25536E-1 3.44431E-1 3.72277E-1 3.61304E-1 4.19589E-1 3.50012E-1 3.98812E-1 4.19416E-1 4.19761E-1 4.31592E-1 3.84943E-1 4.1564E-1 4.82328E-1 5.4668E-1 4.9226E-1 4.83907E-1 5.03792E-1 4.77573E-1 4.1537E-1 3.82254E-1 3.67629E-1 3.28191E-1 2.9828E-1 2.72614E-1 2.73574E-1 2.96085E-1 3.40293E-1 4.21574E-1 4.26183E-1 4.35336E-1 3.14296E-1 4.27477E-1 4.54339E-1 4.0572E-1 3.35261E-1 3.43278E-1 3.11487E-1 3.17796E-1 3.53051E-1 3.70843E-1 3.61351E-1 3.51765E-1 3.21279E-1 1.90016E-1 3.06305E-1 3.0805E-1 2.62288E-1 1.68682E-1 1.44023E-1 1.26222E-1 1.31948E-1
1.84755E-1 2.67645E-1 2.40794E-1 2.10847E-1 2.19963E-1 1.36311E-1 2.99644E-1 3.09635E-1 3.25251E-1 3.24373E-1 3.34813E-1 3.54588E-1 3.07301E-1 1.53351E-1 2.74437E-1 3.22663E-1 3.86016E-1 3.93608E-1 3.72604E-1 3.40466E-1 3.96471E-1 4.62976E-1 4.86048E-1 5.02095E-1 4.95435E-1 4.2891E-1 4.00153E-1 3.96167E-1 3.94705E-1 3.83509E-1 3.10955E-1 2.78097E-1 2.58492E-1 2.58427E-1 3.16826E-1 3.57495E-1 4.21154E-1 4.41592E-1 4.26955E-1 4.53472E-1 4.41168E-1 4.64205E-1 4.19723E-1 3.94623E-1 3.7548E-1 3.16789E-1 3.15472E-1 3.50411E-1 3.83901E-1 3.90959E-1 3.80158E-1 3.5469E-1 3.10357E-1 3.27469E-1 3.51734E-1 2.47875E-1 2.13897E-1 1.45743E-1 1.28563E-1 1.56394E-1
1.51505E-1 2.63511E-1 1.29602E-1 1.49036E-1 1.30423E-1 2.45555E-1 3.24391E-1 3.40492E-1 3.30554E-1 3.2377E-1 3.29642E-1 3.22925E-1 1.22927E-1 2.27768E-1 2.11559E-1 2.86225E-1 3.71302E-1 3.65251E-1 3.83157E-1 4.00354E-1 4.67957E-1 5.28605E-1 5.55442E-1 5.5147E-1 4.33036E-1 3.07661E-1 2.26357E-1 4.12192E-1 4.08141E-1 3.6525E-1 2.96631E-1 2.67733E-1 2.52179E-1 2.93814E-1 3.60024E-1 4.19995E-1 4.42342E-1 4.55484E-1 4.87426E-1 4.96887E-1 4.8227E-1 4.41217E-1 4.33412E-1 4.16069E-1 4.58346E-1 3.82767E-1 3.1867E-1 3.78218E-1 3.91571E-1 3.78675E-1 4.20506E-1 3.93055E-1 3.68666E-1 3.66427E-1 3.87938E-1 2.39965E-1 2.093E-1 1.77803E-1 1.64105E-1 1.92444E-1
1.46618E-1 1.97881E-1 2.10223E-1 2.28297E-1 2.34563E-1 2.26928E-1 2.7204E-1 2.56289E-1 2.5972E-1 3.3031E-1 1.08944E-1 1.611E-1 1.79628E-1 1.77624E-1 2.00876E-1 2.6861E-1 3.78102E-1 4.31274E-1 4.72509E-1 4.91366E-1 5.10997E-1 5.47652E-1 5.31373E-1 5.04545E-1 3.8672E-1 2.11564E-1 3.92701E-1 4.43487E-1 4.14391E-1 3.48688E-1 2.84298E-1 2.54206E-1 2.61429E-1 3.09228E-1 3.87585E-1 4.36939E-1 4.7204E-1 4.79436E-1 5.19079E-1 5.25882E-1 5.09717E-1 4.00658E-1 4.37854E-1 3.86229E-1 4.31195E-1 4.54751E-1 3.99807E-1 3.81268E-1 3.8972E-1 4.05421E-1 4.32249E-1 4.09062E-1 4.05909E-1 4.47234E-1 4.47373E-1 1.48396E-1 2.58091E-1 2.06104E-1 1.99107E-1 2.21505E-1
2.60638E-1 3.00894E-1 2.42155E-1 2.49914E-1 2.46164E-1 2.34448E-1 2.32672E-1 2.5384E-1 1.88474E-1 2.78794E-1 2.48831E-1 1.7665E-1 1.23847E-1 1.23205E-1 1.62941E-1 3.11497E-1 4.19499E-1 4.94731E-1 5.35448E-1 5.43725E-1 5.34333E-1 5.31144E-1 4.99999E-1 2.83145E-1 4.29623E-1 4.17089E-1 4.55789E-1 4.45007E-1 3.8424E-1 3.1855E-1 2.79716E-1 2.44747E-1 2.89239E-1 3.41834E-1 4.23777E-1 4.60324E-1 4.97777E-1 5.23502E-1 5.41795E-1 5.7676E-1 3.7638E-1 3.61053E-1 3.63558E-1 3.71887E-1 4.47017E-1 4.56136E-1 4.20303E-1 3.67468E-1 3.32307E-1 3.75173E-1 4.17847E-1 4.20954E-1 2.50956E-1 3.25092E-1 3.16263E-1 2.8347E-1 2.62391E-1 2.23082E-1 2.33891E-1 2.60453E-1
1.21428E-1 1.9195E-1 2.4105E-1 2.51731E-1 2.18752E-1 2.65697E-1 2.78599E-1 2.45275E-1 2.10329E-1 1.99176E-1 1.77496E-1 1.14639E-1 1.1994E-1 1.60599E-1 2.54252E-1 3.64089E-1 4.63148E-1 5.36657E-1 5.64771E-1 5.51085E-1 5.37856E-1 5.22229E-1 4.77767E-1 4.70854E-1 4.56916E-1 4.68808E-1 4.71919E-1 4.14617E-1 3.40057E-1 2.94396E-1 2.70194E-1 3.07642E-1 3.4796E-1 3.63677E-1 4.40904E-1 4.82306E-1 5.09354E-1 5.41844E-1 5.78818E-1 5.97992E-1 5.25679E-1 4.67254E-1 4.35392E-1 3.94765E-1 4.18093E-1 4.15305E-1 3.7581E-1 3.14575E-1 2.55838E-1 3.49198E-1 4.48564E-1 4.50212E-1 5.1867E-1 4.28072E-1 2.61811E-1 2.61386E-1 2.93575E-1 2.72794E-1 2.63079E-1 2.75212E-1
1.82292E-1 1.62849E-1 3.13562E-1 2.64567E-1 1.85205E-1 3.03115E-1 3.19303E-1 2.56858E-1 2.14825E-1 1.75852E-1 1.4908E-1 1.26428E-1 1.60229E-1 2.37596E-1 2.51841E-1 3.92135E-1 4.86004E-1 5.45153E-1 5.61938E-1 5.27181E-1 5.23631E-1 5.0846E-1 2.92778E-1 4.73568E-1 4.80405E-1 4.49361E-1 4.245E-1 3.77473E-1 3.12798E-1 2.82705E-1 3.32024E-1 3.83404E-1 4.33913E-1 4.5175E-1 4.70376E-1 5.0621E-1 5.31657E-1 5.66219E-1 5.94327E-1 6.15324E-1 5.54893E-1 3.18535E-1 4.95317E-1 4.52598E-1 4.02909E-1 3.84808E-1 3.4156E-1 2.86767E-1 2.74811E-1 3.7828E-1 4.14329E-1 4.92404E-1 5.13433E-1 3.70636E-1 2.43029E-1 3.23262E-1 3.44323E-1 3.2675E-1 3.12293E-1 3.0243E-1
2.07432E-1 3.13038E-1 3.44959E-1 2.70755E-1 2.74595E-1 3.43452E-1 3.58105E-1 2.86E-1 2.37445E-1 2.49582E-1 2.19936E-1 1.83691E-1 2.35204E-1 2.84794E-1 3.46431E-1 4.19358E-1 4.93554E-1 5.16002E-1 5.43773E-1 4.93966E-1 3.72195E-1 3.88247E-1 4.47017E-1 4.73151E-1 4.76965E-1 4.28659E-1 3.70337E-1 3.35751E-1 2.93457E-1 3.14861E-1 3.88223E-1 4.51057E-1 5.09139E-1 5.23686E-1 5.25621E-1 5.16705E-1 5.4643E-1 4.64336E-1 6.12744E-1 6.33397E-1 5.8243E-1 5.42927E-1 5.29988E-1 4.81063E-1 4.12056E-1 3.77432E-1 3.25696E-1 2.9032E-1 3.32052E-1 3.91493E-1 4.85863E-1 5.42144E-1 5.06702E-1 3.90476E-1 3.51159E-1 3.43647E-1 3.39659E-1 3.26157E-1 3.06784E-1 2.84404E-1
1.14823E-1 3.23523E-1 3.7871E-1 2.83706E-1 3.26701E-1 3.87079E-1 3.4453E-1 2.93825E-1 2.47427E-1 2.73629E-1 1.5352E-1 2.59127E-1 3.26193E-1 3.65028E-1 4.21034E-1 4.39057E-1 4.30802E-1 4.94067E-1 5.00962E-1 5.30663E-1 4.85458E-1 4.53426E-1 4.3371E-1 4.75698E-1 4.34109E-1 4.0077E-1 3.4544E-1 2.91004E-1 2.88414E-1 3.51999E-1 4.37625E-1 5.09061E-1 5.55845E-1 5.51997E-1 5.41458E-1 5.34764E-1 5.56677E-1 6.0062E-1 6.31398E-1 6.4772E-1 5.94327E-1 5.63426E-1 5.34593E-1 4.70783E-1 4.3956E-1 3.58633E-1 2.97635E-1 3.17795E-1 3.98019E-1 4.71283E-1 5.56627E-1 3.68771E-1 5.0891E-1 4.38065E-1 4.00678E-1 3.7364E-1 3.48015E-1 2.90989E-1 2.95578E-1 2.89192E-1
1.52584E-1 2.81588E-1 3.24945E-1 3.42892E-1 3.73921E-1 4.06384E-1 3.55851E-1 3.31412E-1 2.94479E-1 2.69578E-1 1.90821E-1 2.9849E-1 3.62478E-1 4.02351E-1 4.65297E-1 4.28971E-1 4.06178E-1 4.59089E-1 4.96363E-1 5.1098E-1 4.83874E-1 4.42671E-1 4.28511E-1 4.24729E-1 3.87169E-1 3.52985E-1 2.89484E-1 2.69074E-1 2.91481E-1 3.55735E-1 4.54807E-1 5.13551E-1 5.46868E-1 5.28881E-1 5.32837E-1 3.82346E-1 5.3086E-1 5.68678E-1 4.58143E-1 6.27607E-1 6.20829E-1 5.51885E-1 4.95156E-1 4.66825E-1 4.24101E-1 3.55975E-1 2.81343E-1 3.63725E-1 3.5478E-1 3.89408E-1 4.69583E-1 2.54115E-1 4.71769E-1 4.08453E-1 3.65773E-1 3.27911E-1 2.90792E-1 2.7763E-1 2.82131E-1 3.50484E-1
3.3234E-1 1.85741E-1 3.54009E-1 3.6782E-1 3.88309E-1 4.13074E-1 3.67927E-1 3.90835E-1 3.58948E-1 3.42734E-1 2.38679E-1 3.37646E-1 3.66319E-1 4.09448E-1 4.77943E-1 4.38868E-1 2.65443E-1 4.25652E-1 5.16044E-1 5.07299E-1 4.53496E-1 3.85531E-1 3.78256E-1 3.77675E-1 3.46101E-1 3.11297E-1 2.63113E-1 2.51874E-1 2.87969E-1 3.53126E-1 4.37573E-1 4.87285E-1 5.26216E-1 5.08152E-1 5.26191E-1 5.2889E-1 5.31583E-1 3.82975E-1 5.20455E-1 5.68579E-1 6.267E-1 5.57733E-1 4.78265E-1 4.27529E-1 4.03541E-1 3.57112E-1 3.08498E-1 4.42077E-1 4.97024E-1 4.23186E-1 5.39745E-1 5.53611E-1 3.85341E-1 3.81819E-1 3.6831E-1 3.59731E-1 3.28241E-1 3.06022E-1 2.84796E-1 3.44127E-1
4.107E-1 4.36264E-1 3.8134E-1 3.99929E-1 4.1255E-1 3.08832E-1 3.79885E-1 4.32189E-1 4.43789E-1 4.06514E-1 3.96004E-1 3.95596E-1 3.99866E-1 3.93825E-1 4.54806E-1 4.49898E-1 4.46678E-1 4.38157E-1 4.91438E-1 5.09857E-1 3.82939E-1 3.60814E-1 3.24439E-1 3.28718E-1 3.09759E-1 2.76195E-1 2.49615E-1 2.38989E-1 2.7594E-1 3.31147E-1 4.07058E-1 4.48915E-1 4.7424E-1 4.83321E-1 5.21626E-1 5.55697E-1 5.40974E-1 4.84045E-1 4.30073E-1 5.29418E-1 5.62541E-1 5.97162E-1 5.2473E-1 4.60194E-1 4.20635E-1 1.52022E-1 2.81957E-1 1.88507E-1 3.79402E-1 3.73129E-1 5.02033E-1 4.22719E-1 3.39395E-1 2.316E-1 3.45018E-1 3.39833E-1 3.20503E-1 2.67485E-1 1.6528E-1 3.12336E-1
2.06149E-1 3.53698E-1 3.27161E-1 4.26402E-1 4.16378E-1 4.02191E-1 2.81272E-1 4.36989E-1 4.64999E-1 4.32759E-1 4.1668E-1 4.52526E-1 4.0889E-1 4.20139E-1 4.66072E-1 4.73547E-1 4.6511E-1 4.37368E-1 4.77959E-1 4.42899E-1 3.91751E-1 3.3323E-1 2.83457E-1 2.8765E-1 2.81468E-1 2.62704E-1 2.35904E-1 2.30322E-1 2.60027E-1 3.10539E-1 3.69268E-1 4.10466E-1 4.21736E-1 4.39849E-1 4.76587E-1 5.30967E-1 5.56495E-1 5.12323E-1 4.78742E-1 4.51191E-1 5.88135E-1 5.77795E-1 5.78161E-1 2.72499E-1 2.61308E-1 1.61753E-1 4.12056E-1 2.69376E-1 2.96154E-1 3.22486E-1 3.01864E-1 3.05814E-1 3.3504E-1 3.45751E-1 3.40681E-1 2.45053E-1 3.22339E-1 2.9843E-1 2.44851E-1 1.7897E-1
3.95468E-1 2.7014E-1 3.02214E-1 4.11306E-1 4.0882E-1 4.16759E-1 4.40496E-1 4.74036E-1 4.84837E-1 4.31601E-1 2.13474E-1 3.53774E-1 4.44651E-1 4.43394E-1 4.79533E-1 4.9882E-1 4.04166E-1 4.5815E-1 5.12981E-1 4.96495E-1 4.28821E-1 3.58109E-1 3.21846E-1 3.25885E-1 3.22029E-1 2.8402E-1 2.47677E-1 2.33459E-1 2.41384E-1 2.93083E-1 3.30235E-1 3.66724E-1 3.71799E-1 3.858E-1 4.42321E-1 4.89218E-1 5.27468E-1 5.16943E-1 4.87908E-1 4.69377E-1 5.49515E-1 5.77538E-1 3.90565E-1 4.46399E-1 2.27671E-1 1.54312E-1 1.82216E-1 1.6221E-1 1.91969E-1 2.40224E-1 2.60398E-1 2.79811E-1 3.1728E-1 3.4554E-1 3.4446E-1 3.26439E-1 3.15927E-1 3.12242E-1 2.57417E-1 1.755E-1
3.34247E-1 2.40111E-1 2.7773E-1 3.13077E-1 3.42821E-1 4.04783E-1 4.57706E-1 5.12157E-1 2.03413E-1 4.58516E-1 3.77116E-1 3.807E-1 4.42007E-1 4.26635E-1 3.63561E-1 5.23738E-1 3.41738E-1 4.81216E-1 5.24468E-1 5.16964E-1 4.50151E-1 4.0105E-1 3.70789E-1 3.89728E-1 3.80959E-1 3.27327E-1 2.81753E-1 2.74261E-1 2.68706E-1 2.88602E-1 3.09083E-1 3.33115E-1 3.43879E-1 3.60417E-1 4.28388E-1 4.64311E-1 4.90072E-1 4.76958E-1 4.65552E-1 4.57586E-1 4.75506E-1 5.39861E-1 4.515E-1 2.5609E-1 1.75961E-1 1.31213E-1 1.05663E-1 1.67709E-1 2.35694E-1 3.4259E-1 1.86703E-1 1.84746E-1 2.22716E-1 2.59856E-1 3.05895E-1 3.25635E-1 3.28173E-1 3.11571E-1 2.48694E-1 1.82432E-1
3.69147E-1 3.01805E-1 3.33057E-1 3.50031E-1 3.68519E-1 4.19305E-1 4.61051E-1 3.30938E-1 4.96094E-1 3.44529E-1 4.13372E-1 4.30407E-1 4.59055E-1 2.99695E-1 5.35801E-1 5.42039E-1 5.29124E-1 5.02359E-1 5.05876E-1 5.09181E-1 5.09456E-1 4.71228E-1 4.43004E-1 4.64088E-1 4.3961E-1 3.78129E-1 3.22241E-1 3.14082E-1 3.0556E-1 3.22694E-1 3.15319E-1 3.09596E-1 3.32371E-1 3.56346E-1 4.07959E-1 4.27922E-1 4.47614E-1 4.31695E-1 4.09804E-1 3.95461E-1 4.07476E-1 2.34188E-1 2.69195E-1 1.93119E-1 1.62218E-1 1.25929E-1 1.05346E-1 2.56447E-1 2.60685E-1 1.42249E-1 3.66572E-1 1.50875E-1 1.79169E-1 2.28432E-1 2.56086E-1 2.84666E-1 3.00142E-1 2.46936E-1 2.22868E-1 1.96238E-1
4.11873E-1 3.68178E-1 4.07322E-1 4.37255E-1 4.32507E-1 4.36076E-1 4.45051E-1 3.43009E-1 4.42564E-1 4.35796E-1 4.93763E-1 4.94776E-1 4.71577E-1 5.09436E-1 5.63769E-1 5.62513E-1 5.43293E-1 5.11924E-1 4.62063E-1 5.34594E-1 4.98683E-1 4.93609E-1 5.03803E-1 5.49959E-1 4.89071E-1 4.16626E-1 3.85366E-1 3.589E-1 3.57076E-1 3.54639E-1 3.42466E-1 3.36821E-1 3.31345E-1 3.56601E-1 3.83995E-1 3.87669E-1 4.04245E-1 4.03883E-1 3.61254E-1 3.43883E-1 3.59375E-1 1.77987E-1 2.19435E-1 1.83838E-1 1.65802E-1 1.5077E-1 1.18268E-1 1.14602E-1 1.79123E-1 7.71577E-2 1.5183E-1 2.23137E-1 1.75352E-1 2.12705E-1 2.39529E-1 2.5208E-1 2.72008E-1 3.14672E-1 3.29299E-1 3.0269E-1
4.06911E-1 4.58459E-1 4.7571E-1 4.75468E-1 4.4542E-1 4.42033E-1 3.47178E-1 3.715E-1 4.1969E-1 4.56729E-1 3.4636E-1 4.78941E-1 5.72458E-1 5.6884E-1 5.83729E-1 5.50536E-1 5.19966E-1 4.82491E-1 4.94387E-1 5.12454E-1 4.83297E-1 4.60989E-1 5.72136E-1 6.01518E-1 5.2453E-1 4.63696E-1 4.60113E-1 4.21766E-1 4.10708E-1 3.91446E-1 3.85849E-1 3.64375E-1 3.51855E-1 3.84493E-1 4.29019E-1 4.52104E-1 4.56797E-1 4.35101E-1 3.68084E-1 3.39223E-1 2.22801E-1 2.02236E-1 1.81821E-1 1.7657E-1 1.85346E-1 1.85943E-1 1.59279E-1 1.51978E-1 1.85658E-1 9.02827E-2 1.13525E-1 3.09209E-1 1.69633E-1 2.09243E-1 2.38994E-1 2.49186E-1 2.88535E-1 3.11723E-1 3.46696E-1 3.34318E-1
4.34491E-1 4.62182E-1 4.67041E-1 3.62012E-1 2.73192E-1 4.42775E-1 4.23888E-1 4.50461E-1 4.56547E-1 5.09065E-1 5.58244E-1 5.81025E-1 6.13363E-1 6.054E-1 5.77161E-1 5.34962E-1 5.49558E-1 5.66571E-1 5.81765E-1 5.83233E-1 5.38424E-1 4.235E-1 6.15231E-1 6.26488E-1 5.48463E-1 5.34288E-1 5.25244E-1 4.87516E-1 4.65861E-1 4.36789E-1 4.25307E-1 3.94684E-1 3.60562E-1 4.24559E-1 4.78736E-1 5.01838E-1 5.25651E-1 5.36921E-1 4.64737E-1 2.53515E-1 2.399E-1 1.74898E-1 1.49865E-1 1.50712E-1 1.66727E-1 1.81372E-1 2.00661E-1 2.3739E-1 2.39662E-1 2.1634E-1 3.23114E-1 1.9685E-1 1.57022E-1 1.74198E-1 1.97324E-1 2.23756E-1 2.67852E-1 2.91325E-1 3.07283E-1 2.65263E-1
4.38281E-1 4.35784E-1 3.21368E-1 4.77085E-1 4.5523E-1 4.55822E-1 4.8553E-1 4.86957E-1 4.80694E-1 5.15203E-1 5.50616E-1 5.68152E-1 5.83879E-1 5.83281E-1 5.69563E-1 5.5653E-1 5.68517E-1 5.71923E-1 5.95382E-1 5.9516E-1 5.48327E-1 5.86603E-1 6.31567E-1 6.21781E-1 5.56186E-1 5.86252E-1 5.5047E-1 5.1992E-1 5.12587E-1 4.71512E-1 4.44453E-1 4.01613E-1 3.64504E-1 4.56376E-1 5.14007E-1 5.39583E-1 5.79012E-1 6.03304E-1 3.27526E-1 4.20825E-1 2.64437E-1 1.96216E-1 1.65167E-1 1.74756E-1 1.90463E-1 2.00084E-1 2.34424E-1 2.80886E-1 3.12945E-1 3.36015E-1 2.49262E-1 2.16801E-1 2.13256E-1 2.22786E-1 2.27785E-1 2.39262E-1 2.32161E-1 2.81918E-1 3.0499E-1 3.2458E-1
4.29037E-1 4.35573E-1 3.52019E-1 4.81061E-1 4.35527E-1 4.08318E-1 4.61294E-1 4.74443E-1 4.38604E-1 4.86635E-1 5.40031E-1 5.42232E-1 4.97475E-1 5.58069E-1 5.63559E-1 5.58143E-1 5.51288E-1 5.01692E-1 5.51522E-1 5.44467E-1 5.36705E-1 6.02718E-1 6.33294E-1 5.8803E-1 5.745E-1 5.90319E-1 5.45372E-1 5.20972E-1 5.22345E-1 4.83442E-1 4.43297E-1 3.83557E-1 3.86525E-1 4.62425E-1 5.34175E-1 5.73286E-1 6.01178E-1 3.83409E-1 5.43054E-1 4.1079E-1 2.76448E-1 2.17522E-1 1.94582E-1 2.11192E-1 2.24272E-1 2.24763E-1 2.65069E-1 3.15465E-1 3.88009E-1 3.9756E-1 3.57622E-1 3.17854E-1 2.7962E-1 2.31121E-1 2.57188E-1 2.6034E-1 2.81929E-1 3.08678E-1 3.2676E-1 3.46828E-1
4.18207E-1 2.77582E-1 4.34805E-1 4.73204E-1 4.11128E-1 3.5315E-1 3.68781E-1 4.19996E-1 4.28096E-1 4.64453E-1 5.19581E-1 5.12757E-1 3.65695E-1 5.3076E-1 5.37935E-1 5.38238E-1 3.74975E-1 5.7406E-1 5.85731E-1 5.08327E-1 3.67079E-1 6.09204E-1 6.3896E-1 5.60476E-1 5.6758E-1 5.89753E-1 5.39529E-1 5.22308E-1 5.22832E-1 4.90323E-1 4.23197E-1 3.7567E-1 3.58822E-1 4.41025E-1 5.45316E-1 5.26987E-1 5.05968E-1 4.18118E-1 4.12023E-1 3.48991E-1 2.96186E-1 2.83826E-1 2.74051E-1 2.7473E-1 2.57641E-1 2.43614E-1 2.48747E-1 3.30642E-1 4.05106E-1 4.42039E-1 4.22703E-1 3.10526E-1 3.48002E-1 3.11819E-1 3.03281E-1 3.20837E-1 3.3563E-1 2.77155E-1 3.38684E-1 3.46364E-1
