Phytophthora/models/20240506_1522_03/Phytophthora_PA3_RUN3_MAXENT_outputs/Phytophthora_PA3_RUN3.asc
ncols         225
nrows         269
xllcorner     473009.9838
yllcorner     4429051.1748
cellsize      50.0
NODATA_value  -9999
[rows 104 to 129 of 269, columns 120 to 179 of 225]
3.25009E-1 3.08856E-1 -9999 -9999 -9999 -9999 -9999 -9999 -9999 -9999 -9999 -9999 -9999 -9999 -9999 -9999 -9999 -9999 -9999 -9999 -9999 -9999 -9999 -9999 -9999 -9999 -9999 -9999 -9999 -9999 -9999 -9999 -9999 -9999 -9999 2.07923E-1 2.3353E-1 2.14761E-1 1.99732E-1 2.02419E-1 2.04042E-1 2.02696E-1 2.01866E-1 1.71824E-1 1.40973E-1 1.36221E-1 1.42614E-1 1.57632E-1 1.78143E-1 1.91214E-1 2.00016E-1 2.00799E-1 1.73396E-1 1.71361E-1 1.62328E-1 1.47297E-1 1.26327E-1 1.19732E-1 1.36203E-1 6.99132E-2
3.12132E-1 3.07267E-1 3.02734E-1 -9999 -9999 -9999 -9999 -9999 -9999 -9999 -9999 -9999 -9999 -9999 -9999 -9999 -9999 -9999 -9999 -9999 -9999 -9999 -9999 -9999 -9999 -9999 -9999 -9999 -9999 -9999 -9999 -9999 -9999 -9999 2.12731E-1 2.03246E-1 2.03801E-1 2.21655E-1 2.00271E-1 1.85412E-1 1.91831E-1 1.72198E-1 1.45365E-1 1.56917E-1 6.40768E-2 1.26886E-1 1.51747E-1 1.5655E-1 1.20346E-1 1.90743E-1 2.02199E-1 2.12977E-1 1.92332E-1 1.81122E-1 1.67649E-1 1.49793E-1 1.31485E-1 1.23135E-1 1.4129E-1 1.53535E-1
3.13204E-1 3.11061E-1 3.04826E-1 2.89603E-1 -9999 -9999 -9999 -9999 -9999 -9999 -9999 -9999 -9999 -9999 -9999 -9999 -9999 -9999 -9999 -9999 -9999 -9999 -9999 -9999 -9999 -9999 -9999 -9999 -9999 -9999 -9999 -9999 -9999 -9999 2.26703E-1 2.05307E-1 2.0977E-1 1.26144E-1 2.1641E-1 1.9527E-1 1.8502E-1 1.87091E-1 1.83784E-1 2.01811E-1 1.20474E-1 1.71901E-1 1.4768E-1 1.5619E-1 1.82786E-1 1.91169E-1 1.7271E-1 1.52072E-1 2.02533E-1 1.05201E-1 1.70208E-1 1.49512E-1 1.35993E-1 8.77414E-2 1.4373E-1 1.56454E-1
3.4557E-1 3.14945E-1 2.97764E-1 3.10888E-1 2.93226E-1 -9999 -9999 -9999 -9999 -9999 -9999 -9999 -9999 -9999 -9999 -9999 -9999 -9999 -9999 -9999 -9999 -9999 -9999 -9999 -9999 -9999 -9999 -9999 -9999 -9999 -9999 -9999 1.26881E-1 1.63522E-1 2.26274E-1 2.20666E-1 1.36223E-1 1.8564E-1 2.05116E-1 1.97857E-1 1.79074E-1 1.8296E-1 1.84499E-1 2.10718E-1 1.42486E-1 1.72146E-1 1.33043E-1 1.46375E-1 1.81581E-1 1.92479E-1 2.11028E-1 2.26018E-1 2.25363E-1 1.89849E-1 1.74261E-1 1.61476E-1 1.46385E-1 1.24299E-1 1.41585E-1 1.52361E-1
3.62388E-1 1.97114E-1 2.89295E-1 2.99252E-1 3.18218E-1 3.70068E-1 -9999 -9999 -9999 -9999 -9999 -9999 -9999 -9999 -9999 -9999 -9999 -9999 -9999 -9999 -9999 -9999 -9999 -9999 -9999 -9999 -9999 -9999 -9999 -9999 -9999 1.29676E-1 1.42908E-1 1.65144E-1 2.27148E-1 2.34568E-1 2.24938E-1 1.79687E-1 1.78456E-1 1.76492E-1 1.66139E-1 1.77246E-1 1.68943E-1 1.8064E-1 1.73322E-1 8.20478E-2 1.16761E-1 1.1019E-1 1.57747E-1 1.76009E-1 1.9886E-1 2.16442E-1 2.08291E-1 1.84094E-1 1.76185E-1 1.55862E-1 1.37749E-1 1.10212E-1 1.28758E-1 1.22731E-1
2.11954E-1 2.941E-1 1.87281E-1 3.03371E-1 3.37974E-1 3.97658E-1 4.05333E-1 -9999 -9999 -9999 -9999 -9999 -9999 -9999 -9999 -9999 -9999 -9999 -9999 -9999 -9999 -9999 -9999 -9999 -9999 -9999 -9999 -9999 -9999 -9999 -9999 1.6047E-1 1.51321E-1 1.87221E-1 2.07864E-1 2.41687E-1 2.45011E-1 1.89431E-1 1.59801E-1 1.36086E-1 1.32983E-1 1.50142E-1 1.55694E-1 1.40354E-1 1.29556E-1 5.69593E-2 8.12231E-2 7.04198E-2 1.31142E-1 1.40487E-1 1.62005E-1 1.71388E-1 1.64884E-1 1.56991E-1 1.50597E-1 1.35361E-1 1.05796E-1 8.70719E-2 1.00522E-1 9.77717E-2
3.06278E-1 2.50396E-1 2.61112E-1 3.08408E-1 3.52431E-1 4.02009E-1 4.39407E-1 3.85626E-1 -9999 -9999 -9999 -9999 -9999 -9999 -9999 -9999 -9999 -9999 -9999 -9999 -9999 -9999 -9999 -9999 -9999 -9999 -9999 -9999 -9999 -9999 -9999 1.80869E-1 1.67955E-1 1.89629E-1 1.89381E-1 2.09434E-1 2.10935E-1 1.93581E-1 1.56249E-1 1.11548E-1 9.20205E-2 1.0917E-1 1.15101E-1 1.08361E-1 1.04637E-1 2.23669E-2 5.34629E-2 7.96156E-2 1.08678E-1 1.12001E-1 1.30168E-1 1.37484E-1 1.27836E-1 1.26403E-1 1.18544E-1 9.67502E-2 7.93463E-2 7.06242E-2 7.81553E-2 7.75787E-2
2.36296E-1 2.36724E-1 2.81467E-1 3.11834E-1 3.96868E-1 2.59623E-1 4.61696E-1 4.39517E-1 4.18847E-1 -9999 -9999 -9999 -9999 -9999 -9999 -9999 -9999 -9999 -9999 -9999 -9999 -9999 -9999 -9999 -9999 -9999 -9999 -9999 -9999 -9999 1.93969E-1 1.53498E-1 1.94556E-1 1.89893E-1 1.72854E-1 1.74036E-1 1.85651E-1 1.76959E-1 1.41557E-1 7.84342E-2 7.73442E-2 7.80241E-2 8.75664E-2 9.14825E-2 4.01582E-2 7.94646E-2 6.11068E-2 7.68299E-2 8.89741E-2 8.86805E-2 1.0256E-1 1.00874E-1 9.59368E-2 1.00249E-1 8.5115E-2 6.46553E-2 6.33275E-2 6.11965E-2 6.22605E-2 6.06918E-2
2.27518E-1 2.75802E-1 2.84694E-1 3.08313E-1 4.12511E-1 3.09537E-1 5.17157E-1 5.27197E-1 4.9741E-1 -9999 -9999 -9999 -9999 -9999 -9999 -9999 -9999 -9999 -9999 -9999 -9999 -9999 -9999 -9999 -9999 -9999 -9999 -9999 -9999 2.53123E-1 2.22651E-1 1.93908E-1 1.83519E-1 1.81224E-1 1.63297E-1 1.54959E-1 1.76752E-1 1.64062E-1 1.02708E-1 7.5918E-2 6.94177E-2 7.73795E-2 7.09887E-2 7.84097E-2 2.01074E-2 7.48207E-2 5.92245E-2 7.28861E-2 7.76303E-2 7.47669E-2 8.39296E-2 8.03415E-2 8.00285E-2 7.17871E-2 5.57954E-2 5.38195E-2 5.24667E-2 5.42934E-2 5.53862E-2 5.56434E-2
2.65421E-1 3.09838E-1 3.20501E-1 3.22603E-1 4.26168E-1 4.26659E-1 3.00641E-1 5.70355E-1 5.51389E-1 -9999 -9999 -9999 -9999 -9999 -9999 -9999 -9999 -9999 -9999 -9999 -9999 -9999 -9999 -9999 -9999 -9999 -9999 -9999 -9999 2.23466E-1 2.32762E-1 2.37111E-1 1.89785E-1 1.87417E-1 1.88206E-1 1.868E-1 2.32351E-1 2.37594E-1 1.46713E-1 1.26457E-1 1.03746E-1 1.02986E-1 9.094E-2 7.78969E-2 7.99915E-2 7.8468E-2 6.80539E-2 8.34424E-2 8.0975E-2 8.5323E-2 8.8289E-2 8.85643E-2 8.08717E-2 7.11525E-2 6.11353E-2 6.24064E-2 6.008E-2 6.29965E-2 6.95675E-2 8.11528E-2
3.42196E-1 3.36061E-1 3.45898E-1 3.63938E-1 4.41415E-1 5.00874E-1 3.45428E-1 6.22791E-1 -9999 -9999 -9999 -9999 -9999 -9999 -9999 -9999 -9999 -9999 -9999 -9999 -9999 -9999 -9999 -9999 -9999 -9999 -9999 -9999 -9999 2.65744E-1 2.9055E-1 2.68204E-1 2.04682E-1 1.95137E-1 2.10374E-1 2.18891E-1 2.26785E-1 2.74788E-1 2.62283E-1 1.92099E-1 1.51502E-1 1.43756E-1 1.113E-1 8.8945E-2 9.16727E-2 8.29633E-2 7.91453E-2 8.92898E-2 7.82329E-2 9.45604E-2 9.17473E-2 8.65038E-2 8.73052E-2 7.76819E-2 7.37421E-2 7.1264E-2 7.78574E-2 8.96336E-2 1.01806E-1 1.2165E-1
1.85593E-1 3.68638E-1 3.64475E-1 3.82739E-1 4.60889E-1 5.18284E-1 4.91123E-1 4.78596E-1 4.1545E-1 -9999 -9999 -9999 -9999 -9999 -9999 -9999 -9999 -9999 -9999 -9999 -9999 -9999 -9999 -9999 -9999 -9999 -9999 -9999 -9999 -9999 3.26757E-1 2.99283E-1 2.81959E-1 2.53864E-1 2.79452E-1 2.9637E-1 3.31838E-1 3.60821E-1 3.61752E-1 3.13329E-1 2.21934E-1 1.85356E-1 1.43315E-1 1.06572E-1 1.0099E-1 3.21398E-2 1.22814E-1 9.05137E-2 1.0419E-1 1.05073E-1 9.19987E-2 9.48853E-2 9.83272E-2 9.28299E-2 8.92207E-2 1.03704E-1 1.19451E-1 1.30704E-1 1.46666E-1 1.73099E-1
1.40046E-1 3.09935E-1 4.07113E-1 3.50784E-1 5.00269E-1 5.5345E-1 2.12674E-1 5.14234E-1 5.36126E-1 -9999 -9999 -9999 -9999 -9999 -9999 -9999 -9999 -9999 -9999 -9999 -9999 -9999 -9999 -9999 -9999 -9999 -9999 -9999 -9999 -9999 -9999 3.28699E-1 3.20189E-1 2.92392E-1 2.97371E-1 2.6212E-1 3.82276E-1 3.93975E-1 3.99978E-1 4.03733E-1 3.12623E-1 2.44577E-1 1.87884E-1 1.48942E-1 1.38342E-1 1.21559E-1 1.35674E-1 1.42619E-1 1.58864E-1 1.39843E-1 1.29279E-1 1.15413E-1 1.14722E-1 1.23563E-1 1.44458E-1 1.5634E-1 1.68352E-1 1.8387E-1 2.09923E-1 2.42541E-1
4.10235E-1 1.92347E-1 3.46459E-1 5.47507E-1 5.37598E-1 5.03148E-1 4.2815E-1 4.03194E-1 -9999 -9999 -9999 -9999 -9999 -9999 -9999 -9999 -9999 -9999 -9999 -9999 -9999 -9999 -9999 -9999 -9999 3.02527E-1 3.18662E-1 -9999 -9999 -9999 -9999 3.61228E-1 3.61802E-1 3.55232E-1 3.61047E-1 3.96779E-1 4.47663E-1 3.00157E-1 4.38293E-1 4.35516E-1 3.89613E-1 3.42418E-1 2.65154E-1 2.16553E-1 1.90663E-1 1.20949E-1 1.42909E-1 2.13077E-1 2.10116E-1 2.15043E-1 2.0343E-1 1.74542E-1 1.59072E-1 1.77338E-1 2.09647E-1 2.12592E-1 2.21486E-1 2.43294E-1 2.80773E-1 3.30683E-1
2.95778E-1 3.81342E-1 4.8755E-1 4.59966E-1 5.28655E-1 2.6106E-1 4.91379E-1 3.77018E-1 -9999 -9999 -9999 -9999 -9999 -9999 -9999 -9999 -9999 -9999 -9999 -9999 -9999 -9999 -9999 -9999 -9999 1.40818E-1 3.10447E-1 3.32301E-1 -9999 -9999 -9999 3.14989E-1 3.08763E-1 3.21365E-1 3.47956E-1 3.71241E-1 4.14713E-1 4.47901E-1 4.2296E-1 4.06514E-1 3.83005E-1 3.41508E-1 2.73023E-1 2.00743E-1 1.2786E-1 1.37384E-1 1.6185E-1 1.8254E-1 2.05414E-1 2.18506E-1 2.02491E-1 1.70398E-1 1.52622E-1 1.77849E-1 2.07719E-1 1.95957E-1 2.16489E-1 2.50967E-1 2.99981E-1 3.59391E-1
2.23901E-1 2.86023E-1 1.98729E-1 2.14115E-1 4.01856E-1 4.73511E-1 4.66037E-1 -9999 -9999 -9999 -9999 -9999 -9999 -9999 -9999 -9999 -9999 -9999 -9999 -9999 -9999 -9999 -9999 -9999 1.79032E-1 1.8835E-1 3.1869E-1 3.39462E-1 4.72031E-1 3.07863E-1 3.02471E-1 3.04232E-1 2.98038E-1 2.65459E-1 2.87817E-1 3.11668E-1 3.48049E-1 3.90042E-1 3.72408E-1 3.42307E-1 3.45334E-1 3.32897E-1 2.57583E-1 1.58695E-1 1.02551E-1 1.57149E-1 7.33436E-2 2.1389E-1 2.21747E-1 2.18675E-1 2.04765E-1 1.71589E-1 1.4946E-1 1.79159E-1 1.83475E-1 1.76631E-1 2.00734E-1 2.46892E-1 3.09175E-1 3.64502E-1
2.82932E-1 2.59037E-1 2.54073E-1 3.31249E-1 3.08159E-1 4.13031E-1 4.3027E-1 -9999 -9999 -9999 -9999 -9999 -9999 -9999 -9999 -9999 -9999 -9999 -9999 -9999 -9999 -9999 -9999 2.24392E-1 2.45177E-1 2.96417E-1 2.13356E-1 4.66007E-1 3.59775E-1 3.00404E-1 3.54945E-1 3.60219E-1 3.02278E-1 2.56461E-1 2.42377E-1 2.46797E-1 2.60463E-1 2.93071E-1 3.26616E-1 3.25277E-1 3.18077E-1 3.04333E-1 2.29246E-1 1.43452E-1 8.85459E-2 9.44313E-2 1.97457E-1 1.10333E-1 2.39786E-1 2.26365E-1 2.09847E-1 1.69448E-1 1.63954E-1 1.59637E-1 1.58437E-1 1.71757E-1 1.92888E-1 2.46393E-1 2.97021E-1 3.43974E-1
2.91057E-1 3.22662E-1 2.17742E-1 3.16368E-1 3.00611E-1 4.65699E-1 3.77382E-1 -9999 -9999 -9999 -9999 -9999 -9999 -9999 -9999 -9999 -9999 -9999 -9999 -9999 -9999 -9999 -9999 2.8621E-1 3.59899E-1 3.91677E-1 2.50815E-1 4.04697E-1 3.34803E-1 2.92711E-1 3.88136E-1 3.26028E-1 3.27474E-1 2.84501E-1 2.19373E-1 2.0327E-1 2.13955E-1 2.14181E-1 2.58066E-1 2.75769E-1 2.89837E-1 2.612E-1 1.86078E-1 8.0583E-2 6.2543E-2 1.01563E-1 2.0958E-1 2.61468E-1 2.54921E-1 2.46143E-1 2.12985E-1 1.67589E-1 1.66118E-1 1.41965E-1 1.18411E-1 1.35596E-1 1.7932E-1 2.29593E-1 2.68134E-1 3.09948E-1
3.34275E-1 3.80929E-1 4.66396E-1 4.5189E-1 5.28491E-1 5.47448E-1 5.4291E-1 -9999 -9999 -9999 -9999 -9999 -9999 -9999 -9999 -9999 -9999 -9999 -9999 -9999 -9999 -9999 -9999 4.51675E-1 -9999 3.46351E-1 5.08364E-1 3.89138E-1 3.47006E-1 2.62614E-1 3.99423E-1 2.68408E-1 3.32306E-1 2.99423E-1 2.51911E-1 2.18184E-1 1.90938E-1 1.6797E-1 1.60695E-1 1.85806E-1 2.04744E-1 1.73062E-1 1.95138E-1 2.23337E-1 2.37327E-1 1.93811E-1 2.0139E-1 2.54586E-1 2.44473E-1 1.23751E-1 2.10951E-1 1.7812E-1 1.50361E-1 1.159E-1 1.13195E-1 1.34153E-1 1.7237E-1 2.04422E-1 2.34724E-1 2.66679E-1
3.69464E-1 4.45884E-1 5.33706E-1 6.3732E-1 6.60049E-1 5.50172E-1 5.01564E-1 4.99602E-1 4.60033E-1 3.70793E-1 5.86115E-1 -9999 -9999 -9999 -9999 -9999 -9999 -9999 -9999 -9999 -9999 -9999 -9999 -9999 -9999 -9999 4.34559E-1 2.99374E-1 3.60486E-1 3.05338E-1 3.41796E-1 2.90773E-1 3.01736E-1 2.75888E-1 2.7719E-1 2.42071E-1 1.70392E-1 1.10351E-1 9.73451E-2 1.28573E-1 1.69592E-1 1.46761E-1 1.20896E-1 1.16032E-1 2.09865E-1 2.15612E-1 1.845E-1 2.22956E-1 2.06581E-1 1.97377E-1 9.34882E-2 1.8473E-1 1.53907E-1 1.19141E-1 1.21402E-1 1.39741E-1 1.61876E-1 1.91068E-1 2.08513E-1 2.31222E-1
4.20208E-1 5.20886E-1 6.68383E-1 4.28733E-1 6.13209E-1 4.65009E-1 4.58382E-1 4.86103E-1 4.77761E-1 4.25624E-1 3.31892E-1 -9999 -9999 -9999 -9999 -9999 -9999 -9999 -9999 -9999 -9999 -9999 -9999 -9999 -9999 -9999 4.13548E-1 3.87521E-1 2.48028E-1 3.394E-1 3.51175E-1 3.34437E-1 2.78284E-1 2.79254E-1 2.69455E-1 1.85136E-1 1.12684E-1 9.30657E-2 9.20199E-2 1.18994E-1 1.38705E-1 1.59589E-1 1.6335E-1 1.64291E-1 1.9707E-1 2.4327E-1 1.83381E-1 1.78668E-1 1.6312E-1 1.47069E-1 1.07016E-1 1.44186E-1 1.38506E-1 1.23987E-1 1.22161E-1 1.33285E-1 1.67227E-1 1.76058E-1 1.65262E-1 1.68517E-1
3.87437E-1 4.58306E-1 4.88296E-1 4.94513E-1 3.91294E-1 3.52594E-1 3.70865E-1 4.28943E-1 4.07074E-1 3.81085E-1 3.25747E-1 -9999 -9999 -9999 -9999 -9999 -9999 -9999 -9999 -9999 -9999 -9999 -9999 -9999 -9999 -9999 3.8767E-1 3.61808E-1 2.37783E-1 3.14097E-1 3.43571E-1 3.47814E-1 2.7379E-1 2.99753E-1 2.31911E-1 2.22378E-1 9.80718E-2 9.52446E-2 1.14558E-1 1.62243E-1 1.89204E-1 1.94762E-1 2.06293E-1 2.08204E-1 2.32683E-1 2.67072E-1 2.1854E-1 1.68406E-1 1.55155E-1 1.35976E-1 1.40988E-1 4.9008E-2 9.70842E-2 1.29651E-1 1.39572E-1 1.48467E-1 1.05258E-1 1.59953E-1 1.41736E-1 1.86663E-1
3.34904E-1 4.30487E-1 3.66817E-1 3.47979E-1 3.19931E-1 3.07048E-1 3.3175E-1 3.904E-1 3.57922E-1 3.20272E-1 3.92978E-1 5.54281E-1 -9999 -9999 -9999 -9999 -9999 -9999 -9999 -9999 -9999 -9999 -9999 -9999 -9999 -9999 3.03579E-1 3.14018E-1 2.94915E-1 1.94923E-1 3.29743E-1 3.39293E-1 2.91045E-1 2.72985E-1 2.83467E-1 1.39239E-1 1.66874E-1 1.1662E-1 1.51549E-1 1.93774E-1 2.13598E-1 2.36211E-1 2.48441E-1 2.50089E-1 2.5059E-1 2.80854E-1 2.62488E-1 1.8259E-1 1.64089E-1 1.51682E-1 1.66896E-1 1.18506E-1 7.86208E-2 1.0612E-1 1.51665E-1 1.85411E-1 1.85824E-1 1.34324E-1 1.60146E-1 2.26786E-1
2.87155E-1 3.43491E-1 3.37497E-1 2.85837E-1 2.52107E-1 2.89626E-1 3.10813E-1 3.58747E-1 3.0768E-1 3.7215E-1 4.81852E-1 3.66626E-1 -9999 -9999 -9999 -9999 -9999 -9999 -9999 -9999 -9999 -9999 -9999 -9999 -9999 -9999 3.10588E-1 2.68571E-1 2.78768E-1 2.96354E-1 2.47435E-1 2.97832E-1 2.52711E-1 2.62444E-1 2.82995E-1 2.52815E-1 2.15946E-1 1.69755E-1 1.73531E-1 2.17692E-1 2.49595E-1 2.22418E-1 3.1561E-1 3.25964E-1 2.79796E-1 2.43778E-1 2.24364E-1 1.82234E-1 1.60867E-1 1.66849E-1 9.21486E-2 1.33324E-1 1.14679E-1 1.1218E-1 1.2379E-1 1.23801E-1 2.12937E-1 1.78845E-1 2.02973E-1 2.58773E-1
2.14717E-1 3.15221E-1 3.03631E-1 2.57817E-1 2.21172E-1 2.34822E-1 2.72212E-1 3.73623E-1 4.59353E-1 5.28852E-1 4.212E-1 4.7904E-1 5.0522E-1 4.9135E-1 -9999 -9999 -9999 -9999 -9999 -9999 -9999 -9999 -9999 -9999 -9999 -9999 3.19688E-1 2.6401E-1 2.58365E-1 2.73722E-1 2.97462E-1 3.02139E-1 2.79545E-1 2.53908E-1 2.19556E-1 3.02408E-1 2.61996E-1 2.10038E-1 2.06632E-1 2.36905E-1 2.82785E-1 2.49033E-1 3.42797E-1 3.40156E-1 2.84267E-1 2.31086E-1 1.95229E-1 1.62034E-1 1.40707E-1 1.57307E-1 1.19214E-1 1.70409E-1 1.48978E-1 1.51746E-1 1.4364E-1 2.05953E-1 1.37995E-1 2.21723E-1 1.96877E-1 2.50697E-1
2.3692E-1 2.49513E-1 2.21826E-1 1.80218E-1 1.78463E-1 3.73955E-1 4.97085E-1 4.85598E-1 4.77348E-1 5.43458E-1 5.35824E-1 5.81609E-1 5.7087E-1 5.11111E-1 4.7646E-1 5.16703E-1 -9999 -9999 -9999 -9999 -9999 -9999 -9999 -9999 -9999 -9999 8.94037E-2 2.10985E-1 2.20123E-1 2.49316E-1 3.05465E-1 1.84135E-1 2.86225E-1 2.61622E-1 3.16925E-1 3.50106E-1 3.10707E-1 2.46933E-1 2.71094E-1 2.34386E-1 2.49817E-1 3.27983E-1 3.42897E-1 3.26353E-1 2.86907E-1 2.5243E-1 2.18428E-1 1.69566E-1 1.14691E-1 1.05287E-1 1.55737E-1 2.17458E-1 1.95102E-1 1.91098E-1 1.93938E-1 2.68416E-1 1.43789E-1 2.59473E-1 2.25392E-1 2.27354E-1
