Phytophthora/models/20240506_1522_03/Phytophthora_PA3_RUN3_MAXENT_outputs/Phytophthora_PA3_RUN3.asc
ncols         225
nrows         269
xllcorner     473009.9838
yllcorner     4429051.1748
cellsize      50.0
NODATA_value  -9999
[rows 78 to 103 of 269, columns 60 to 119 of 225]
1.64907E-2 1.35725E-2 1.22583E-2 6.72221E-3 6.11922E-3 5.36863E-3 7.85162E-3 8.98169E-3 1.29258E-2 1.93643E-2 2.67446E-2 3.5559E-2 4.53696E-2 5.04605E-2 5.06732E-2 4.79954E-2 4.70657E-2 2.93596E-2 6.46773E-2 6.17538E-2 2.2645E-2 7.62985E-2 7.82086E-2 4.52926E-2 2.88877E-2 4.67591E-2 6.867E-2 1.07646E-1 1.45694E-1 1.53068E-1 1.08244E-1 1.34469E-1 1.46472E-1 1.39473E-1 2.23009E-1 2.47465E-1 2.29991E-1 2.32942E-1 2.33877E-1 2.75863E-1 2.50047E-1 2.10446E-1 1.04072E-1 2.06253E-1 2.61536E-1 2.47957E-1 3.60849E-1 2.16664E-1 2.99599E-1 2.63427E-1 2.2191E-1 2.02826E-1 1.93971E-1 2.00508E-1 -9999 -9999 -9999 -9999 -9999 -9999
2.79157E-2 9.92896E-3 1.86462E-2 1.01782E-2 6.12042E-3 7.59026E-3 7.48553E-3 5.22141E-3 9.42887E-3 1.02333E-2 2.1565E-2 2.95666E-2 3.85204E-2 4.55226E-2 4.98046E-2 5.80685E-2 7.37041E-2 7.53298E-2 7.09598E-2 7.0905E-2 4.58872E-2 3.64339E-2 4.94124E-2 2.90934E-2 3.32909E-2 4.22932E-2 6.71905E-2 1.06184E-1 1.34876E-1 1.47109E-1 1.43607E-1 1.40247E-1 1.49565E-1 1.96492E-1 2.18743E-1 2.46836E-1 2.43744E-1 2.70287E-1 2.46033E-1 2.57737E-1 2.43147E-1 2.32768E-1 1.98902E-1 1.95439E-1 1.93131E-1 2.91504E-1 3.79032E-1 1.95982E-1 3.05683E-1 2.73469E-1 2.15842E-1 2.31263E-1 2.52531E-1 2.5407E-1 -9999 -9999 -9999 -9999 -9999 -9999
4.48567E-2 1.81757E-2 2.60481E-2 2.11525E-2 6.29828E-3 4.97627E-3 5.28903E-3 8.14517E-3 7.04958E-3 1.29124E-2 1.13187E-2 2.19343E-2 1.2088E-2 2.57542E-2 3.52484E-2 5.75721E-2 7.87427E-2 9.0188E-2 7.60322E-2 6.48866E-2 3.91673E-2 2.65119E-2 3.40072E-2 2.87513E-2 3.3992E-2 4.79987E-2 7.04306E-2 1.02697E-1 1.21382E-1 1.34133E-1 1.42043E-1 1.48358E-1 1.57908E-1 1.91701E-1 2.17257E-1 2.45503E-1 2.74319E-1 2.90566E-1 2.76209E-1 2.62424E-1 2.502E-1 2.36191E-1 2.25822E-1 1.55045E-1 1.71067E-1 1.64432E-1 1.08923E-1 3.48274E-1 2.8079E-1 2.10077E-1 2.17343E-1 1.35009E-1 2.31547E-1 1.57414E-1 1.3894E-1 1.6046E-1 -9999 -9999 -9999 -9999
7.41592E-2 6.10817E-2 4.45079E-2 2.07502E-2 1.75875E-2 8.56334E-3 5.58853E-3 7.37097E-3 9.62943E-3 1.34057E-2 1.72807E-2 1.97665E-2 2.23709E-2 2.36902E-2 3.34409E-2 5.31867E-2 6.48147E-2 8.73905E-2 7.52566E-2 6.16229E-2 3.44513E-2 2.46346E-2 2.52104E-2 3.49218E-2 3.45307E-2 4.74819E-2 6.6122E-2 9.296E-2 1.08579E-1 1.14991E-1 1.3346E-1 1.40883E-1 1.52864E-1 1.80304E-1 2.07795E-1 2.38743E-1 2.69746E-1 2.8638E-1 2.7973E-1 2.66519E-1 2.62957E-1 2.27816E-1 2.43729E-1 2.30922E-1 2.21573E-1 2.18857E-1 2.24789E-1 2.11651E-1 1.48616E-1 8.36005E-2 2.1495E-1 4.45709E-2 2.58964E-1 7.80736E-2 1.106E-1 1.05731E-1 1.20964E-1 9.22431E-2 -9999 -9999
9.964E-2 8.4392E-2 7.50398E-2 4.21862E-2 2.68423E-2 1.99964E-2 1.41803E-2 1.09041E-2 1.20763E-2 1.50325E-2 1.75102E-2 1.91831E-2 2.11805E-2 2.52154E-2 3.50733E-2 4.77692E-2 6.96088E-2 8.59569E-2 8.18025E-2 8.05737E-2 1.37936E-2 3.34989E-2 2.53076E-2 4.25836E-2 4.05771E-2 4.43661E-2 5.65541E-2 7.55521E-2 9.03857E-2 1.02852E-1 1.17562E-1 1.42795E-1 1.61495E-1 1.39428E-1 1.97836E-1 1.31175E-1 2.74225E-1 2.83832E-1 2.80742E-1 2.699E-1 2.66916E-1 2.50685E-1 2.50641E-1 2.38857E-1 2.3427E-1 2.54936E-1 1.87487E-1 1.38141E-1 1.6163E-1 1.45562E-1 2.13921E-1 7.80625E-2 2.29966E-1 8.83928E-2 1.75071E-1 1.54128E-1 1.63558E-1 1.47446E-1 1.37324E-1 -9999
8.21333E-2 8.47222E-2 6.9455E-2 4.62968E-2 2.43094E-2 2.16391E-2 1.67233E-2 8.46662E-3 9.67262E-3 8.5548E-3 2.00334E-2 2.29687E-2 2.45698E-2 2.75688E-2 3.40583E-2 5.79961E-2 7.51818E-2 8.65413E-2 8.76756E-2 1.0737E-1 6.65895E-2 6.13636E-2 3.26193E-2 4.12082E-2 5.22686E-2 6.18258E-2 7.40516E-2 7.70941E-2 9.76219E-2 1.1398E-1 1.15102E-1 1.44023E-1 1.63616E-1 1.75797E-1 1.45965E-1 2.67566E-1 2.99223E-1 3.03644E-1 3.06444E-1 3.03537E-1 3.01826E-1 2.85619E-1 2.70244E-1 2.39601E-1 2.42553E-1 3.02807E-1 1.6654E-1 1.1975E-1 1.65845E-1 2.05205E-1 2.32747E-1 2.15148E-1 2.24584E-1 2.11244E-1 1.91771E-1 1.96868E-1 1.90697E-1 1.63367E-1 1.32938E-1 -9999
8.15357E-2 6.88209E-2 5.59296E-2 4.04977E-2 2.61475E-2 1.87425E-2 1.57781E-2 1.36167E-2 1.51997E-2 1.82397E-2 1.38302E-2 2.67045E-2 3.0605E-2 3.73881E-2 3.96643E-2 6.018E-2 7.84888E-2 8.90599E-2 8.55288E-2 1.09987E-1 1.00695E-1 7.08431E-2 5.13091E-2 3.96796E-2 4.15268E-2 7.47547E-2 1.09268E-1 1.11005E-1 1.21432E-1 1.24181E-1 1.18061E-1 1.35476E-1 1.64152E-1 2.05046E-1 2.34876E-1 2.78768E-1 3.0977E-1 3.20769E-1 3.02728E-1 2.95131E-1 2.98426E-1 2.70969E-1 2.53478E-1 2.24594E-1 2.80352E-1 1.97743E-1 2.69099E-1 1.69291E-1 2.00212E-1 2.55194E-1 2.61249E-1 2.51122E-1 2.49537E-1 2.3414E-1 2.19737E-1 2.18147E-1 2.16624E-1 1.97847E-1 1.72362E-1 -9999
6.83127E-2 5.64309E-2 4.40871E-2 3.24195E-2 2.49562E-2 1.92531E-2 1.32761E-2 1.46524E-2 1.69477E-2 2.05633E-2 2.58211E-2 1.47616E-2 3.645E-2 4.63156E-2 5.25527E-2 6.3701E-2 8.46704E-2 9.63449E-2 9.45413E-2 1.05526E-1 2.55358E-2 8.69164E-2 7.55245E-2 7.24952E-2 6.77339E-2 9.43982E-2 1.4398E-1 1.50827E-1 1.36818E-1 1.43516E-1 1.08601E-1 1.43424E-1 1.80308E-1 2.20938E-1 2.55381E-1 1.52354E-1 3.16293E-1 3.61143E-1 3.3498E-1 3.05709E-1 2.84084E-1 2.58985E-1 2.32551E-1 2.49732E-1 3.12328E-1 3.81606E-1 2.8864E-1 1.92275E-1 2.81163E-1 1.79876E-1 2.96659E-1 2.84682E-1 2.7099E-1 2.63715E-1 2.57211E-1 2.71109E-1 2.62843E-1 2.50323E-1 2.24095E-1 1.95402E-1
4.88081E-2 4.52713E-2 3.53392E-2 2.63292E-2 2.44988E-2 2.02137E-2 1.3591E-2 1.25144E-2 1.5268E-2 2.03775E-2 2.79925E-2 3.76371E-2 4.24422E-2 5.32846E-2 6.27068E-2 7.81682E-2 8.65919E-2 9.71963E-2 9.78231E-2 1.04528E-1 6.24544E-2 7.50958E-2 9.30931E-2 9.50546E-2 1.04384E-1 1.29132E-1 1.66523E-1 1.78631E-1 1.63957E-1 1.58471E-1 1.40336E-1 1.4635E-1 1.76256E-1 2.1703E-1 2.60556E-1 2.87822E-1 2.63575E-1 3.80518E-1 3.63404E-1 3.42712E-1 3.32505E-1 3.2233E-1 2.84414E-1 2.62578E-1 2.24931E-1 3.99958E-1 1.72905E-1 3.16777E-1 3.16737E-1 3.37994E-1 3.0599E-1 3.01856E-1 2.83993E-1 2.88169E-1 2.80457E-1 2.84908E-1 2.79412E-1 2.80424E-1 2.64302E-1 1.87257E-1
4.22893E-2 3.03308E-2 2.79724E-2 2.40991E-2 2.18172E-2 1.99688E-2 1.57355E-2 1.41627E-2 1.53459E-2 2.03225E-2 3.38761E-2 4.46221E-2 4.73885E-2 4.45127E-2 7.08164E-2 8.56747E-2 9.45241E-2 9.91162E-2 8.80984E-2 1.04482E-1 3.61996E-2 1.39965E-1 1.15514E-1 1.14351E-1 1.26304E-1 1.70593E-1 1.9605E-1 1.98328E-1 1.90858E-1 1.75937E-1 1.49647E-1 1.53962E-1 1.80987E-1 2.30032E-1 2.57025E-1 3.27997E-1 3.67187E-1 2.79605E-1 2.99104E-1 2.59261E-1 3.56971E-1 3.86294E-1 3.6056E-1 3.28989E-1 1.8142E-1 3.37731E-1 3.05022E-1 2.61341E-1 2.69445E-1 3.41916E-1 3.11047E-1 2.10005E-1 2.16363E-1 2.8296E-1 2.77594E-1 2.12241E-1 3.03132E-1 3.04213E-1 2.68671E-1 1.85966E-1
3.82022E-2 2.76577E-2 3.01798E-2 2.66934E-2 1.49752E-2 2.23491E-2 2.09766E-2 2.07712E-2 2.1276E-2 2.1951E-2 3.38725E-2 4.73899E-2 4.80533E-2 6.32431E-2 7.60406E-2 7.36836E-2 1.03758E-1 1.14486E-1 9.77623E-2 9.95091E-2 1.28474E-1 4.66991E-2 1.43105E-1 1.34837E-1 1.41881E-1 1.92333E-1 1.86298E-1 1.9692E-1 1.78866E-1 1.37708E-1 1.36489E-1 1.52505E-1 1.78961E-1 2.42123E-1 2.48747E-1 3.399E-1 3.43208E-1 2.74237E-1 2.49211E-1 2.72738E-1 3.43135E-1 3.71414E-1 3.93343E-1 3.922E-1 3.94989E-1 4.01527E-1 3.58755E-1 2.73201E-1 3.17312E-1 3.54354E-1 2.95009E-1 2.01009E-1 2.57856E-1 2.73639E-1 2.77925E-1 3.08685E-1 3.09693E-1 3.04829E-1 2.38236E-1 1.87235E-1
3.3334E-2 2.86125E-2 3.06214E-2 2.91448E-2 2.65955E-2 2.53537E-2 2.36667E-2 2.37001E-2 2.73118E-2 2.85276E-2 3.06279E-2 4.38858E-2 5.01114E-2 6.86532E-2 8.27235E-2 1.02775E-1 1.13675E-1 1.27998E-1 1.24771E-1 9.98512E-2 1.27324E-1 5.43536E-2 1.63993E-1 1.57454E-1 1.23571E-1 1.92611E-1 1.72247E-1 1.78304E-1 1.75806E-1 1.91005E-1 1.47062E-1 1.46901E-1 -9999 -9999 2.51688E-1 2.90091E-1 2.89564E-1 2.6448E-1 2.74947E-1 2.68963E-1 2.97547E-1 3.62208E-1 3.73132E-1 3.8387E-1 4.03957E-1 2.05362E-1 3.44596E-1 3.07687E-1 3.06952E-1 3.4081E-1 2.88658E-1 2.42464E-1 2.3091E-1 2.61939E-1 2.83895E-1 3.02291E-1 2.96287E-1 2.48499E-1 2.33149E-1 2.40275E-1
3.04962E-2 3.14372E-2 3.40155E-2 3.10427E-2 2.87037E-2 2.69785E-2 2.40503E-2 2.62875E-2 2.90192E-2 3.52814E-2 3.32157E-2 4.09883E-2 5.26719E-2 7.00975E-2 8.79201E-2 1.07787E-1 1.20381E-1 1.3594E-1 1.51632E-1 1.28901E-1 1.21759E-1 6.68291E-2 1.68062E-1 1.83129E-1 1.96854E-1 1.76564E-1 1.70242E-1 1.56363E-1 1.69737E-1 1.9197E-1 -9999 -9999 -9999 -9999 -9999 2.42399E-1 2.21493E-1 2.43612E-1 2.63006E-1 2.38375E-1 2.73786E-1 3.19431E-1 3.40428E-1 3.22508E-1 1.93454E-1 3.25902E-1 2.88296E-1 3.23604E-1 1.94466E-1 3.38038E-1 2.60385E-1 2.39147E-1 1.69867E-1 2.71761E-1 2.94605E-1 2.85967E-1 2.74647E-1 2.03694E-1 2.63511E-1 2.84336E-1
2.75508E-2 3.10573E-2 3.48834E-2 3.13749E-2 2.96201E-2 2.38083E-2 2.66113E-2 1.8147E-2 3.13569E-2 3.81211E-2 3.6722E-2 5.34497E-2 6.42409E-2 7.74182E-2 9.04397E-2 1.08582E-1 6.11389E-2 1.44275E-1 1.62247E-1 1.66937E-1 1.65197E-1 2.05228E-1 1.96474E-1 8.99789E-2 1.74428E-1 1.81514E-1 1.81689E-1 1.62985E-1 1.81976E-1 -9999 -9999 -9999 -9999 -9999 -9999 2.72304E-1 2.44837E-1 2.37965E-1 2.61184E-1 2.58604E-1 2.93187E-1 2.93936E-1 2.86327E-1 2.48892E-1 1.30758E-1 8.41729E-2 2.14454E-1 3.50812E-1 3.39564E-1 3.16388E-1 1.25195E-1 1.87119E-1 1.90498E-1 1.57793E-1 2.36006E-1 2.90421E-1 2.56478E-1 2.38412E-1 2.94309E-1 3.05458E-1
2.6839E-2 3.15891E-2 2.28398E-2 2.38319E-2 2.94608E-2 2.22108E-2 2.89405E-2 3.35504E-2 3.60456E-2 4.08302E-2 4.49709E-2 6.06905E-2 6.96837E-2 8.59044E-2 5.57961E-2 9.6332E-2 1.28196E-1 1.36995E-1 1.59847E-1 1.80153E-1 1.8691E-1 2.18197E-1 1.32647E-1 1.74152E-1 1.73792E-1 1.89889E-1 1.97407E-1 1.85634E-1 1.99127E-1 -9999 -9999 -9999 -9999 -9999 -9999 3.44104E-1 3.16573E-1 3.00148E-1 2.89083E-1 2.70265E-1 3.16376E-1 3.06489E-1 2.84048E-1 3.57481E-1 2.99978E-1 1.26251E-1 1.6979E-1 2.33465E-1 3.1994E-1 2.52088E-1 1.9124E-1 1.81171E-1 1.64412E-1 8.85394E-2 2.93449E-1 2.10358E-1 2.65851E-1 2.66346E-1 3.08132E-1 3.22128E-1
3.30523E-2 4.06231E-2 4.47613E-2 3.93709E-2 3.83315E-2 3.12425E-2 2.04249E-2 4.36026E-2 3.80511E-2 5.33278E-2 5.45045E-2 6.25539E-2 5.67456E-2 8.5612E-2 8.75814E-2 6.18442E-2 1.11996E-1 1.2186E-1 1.33915E-1 1.50054E-1 1.30363E-1 2.04815E-1 1.79812E-1 1.65047E-1 1.59327E-1 9.04998E-2 1.60131E-1 1.46623E-1 1.55166E-1 -9999 -9999 -9999 -9999 -9999 -9999 3.54712E-1 3.64049E-1 3.27711E-1 3.19413E-1 3.24536E-1 3.50395E-1 -9999 2.47127E-1 1.79379E-1 2.52106E-1 1.48699E-1 1.71365E-1 2.24582E-1 3.50743E-1 2.70844E-1 2.12163E-1 2.18324E-1 1.91584E-1 1.35514E-1 3.36064E-1 2.04345E-1 2.89822E-1 2.91898E-1 3.32335E-1 2.28228E-1
3.3433E-2 2.59917E-2 5.57233E-2 5.7352E-2 5.11379E-2 4.13143E-2 3.84254E-2 3.97656E-2 5.21064E-2 6.21821E-2 5.42866E-2 3.85479E-2 7.40096E-2 8.5758E-2 8.48178E-2 8.39752E-2 6.78999E-2 6.70928E-2 1.43522E-1 1.51207E-1 1.15769E-1 2.00713E-1 1.30089E-1 1.27518E-1 1.16736E-1 9.61352E-2 1.50701E-1 8.16389E-2 1.41261E-1 -9999 -9999 -9999 -9999 -9999 3.40468E-1 3.46475E-1 3.59107E-1 2.75488E-1 -9999 -9999 -9999 -9999 1.79812E-1 2.01963E-1 2.42451E-1 1.95395E-1 1.65154E-1 2.18383E-1 1.25189E-1 1.70482E-1 2.06182E-1 2.7077E-1 2.6982E-1 2.10138E-1 2.59151E-1 3.52113E-1 2.63609E-1 3.12207E-1 2.16617E-1 3.75188E-1
2.60075E-2 3.55957E-2 3.32191E-2 6.13323E-2 5.03401E-2 4.46613E-2 3.50867E-2 3.74983E-2 4.74633E-2 7.42057E-2 9.43966E-2 1.1427E-1 5.13771E-2 8.33279E-2 8.92301E-2 9.51357E-2 1.05106E-1 1.20991E-1 1.56648E-1 7.2592E-2 1.1746E-1 8.96809E-2 6.75762E-2 8.41599E-2 8.25733E-2 1.72311E-1 6.71241E-2 8.84758E-2 1.06131E-1 -9999 -9999 -9999 -9999 -9999 -9999 -9999 -9999 -9999 -9999 -9999 -9999 -9999 3.14947E-1 2.97188E-1 3.42432E-1 3.02946E-1 2.39063E-1 2.62547E-1 1.75366E-1 2.05187E-1 3.41164E-1 3.44076E-1 4.05167E-1 3.45385E-1 2.26329E-1 3.54534E-1 3.25043E-1 3.26286E-1 3.4179E-1 3.77047E-1
2.00951E-2 2.64906E-2 3.14461E-2 5.30144E-2 4.37663E-2 4.39842E-2 3.80247E-2 4.24006E-2 4.83874E-2 6.77641E-2 9.38509E-2 1.24919E-1 1.30294E-1 1.23668E-1 1.11231E-1 1.0615E-1 1.12169E-1 1.29921E-1 1.07659E-1 1.45354E-1 8.49054E-2 5.65098E-2 5.43324E-2 6.94437E-2 6.51917E-2 1.65431E-1 5.54746E-2 1.19206E-1 9.50649E-2 8.16702E-2 -9999 -9999 -9999 -9999 -9999 -9999 -9999 -9999 -9999 -9999 -9999 -9999 3.7849E-1 2.75085E-1 3.67821E-1 3.46483E-1 3.14397E-1 2.97733E-1 3.35981E-1 4.20778E-1 4.47097E-1 4.76932E-1 2.6317E-1 4.83346E-1 4.19729E-1 3.54695E-1 3.00455E-1 2.22144E-1 2.13206E-1 3.81576E-1
3.08861E-2 2.79335E-2 2.57641E-2 1.54133E-2 4.51048E-2 4.72607E-2 5.07905E-2 5.39158E-2 5.49029E-2 5.84925E-2 7.57985E-2 1.26074E-1 1.47468E-1 1.21568E-1 1.4496E-1 1.20336E-1 9.98649E-2 1.23628E-1 1.38421E-1 9.58286E-2 5.95115E-2 7.20533E-2 8.34233E-2 1.11547E-1 9.71797E-2 1.09353E-1 8.09166E-2 1.12867E-1 1.7002E-1 1.98979E-1 7.46802E-2 -9999 -9999 -9999 -9999 -9999 -9999 -9999 -9999 -9999 -9999 -9999 4.26034E-1 4.02347E-1 3.33994E-1 3.7189E-1 3.5582E-1 3.39693E-1 3.93811E-1 3.14906E-1 4.07087E-1 5.79553E-1 5.48394E-1 5.0498E-1 4.30967E-1 3.58643E-1 3.03103E-1 2.1773E-1 3.46263E-1 4.05166E-1
4.73136E-2 4.34883E-2 4.27389E-2 5.07423E-2 5.51563E-2 5.05002E-2 4.74916E-2 5.33547E-2 5.25799E-2 6.00516E-2 7.2204E-2 9.4298E-2 1.38768E-1 1.49699E-1 1.41405E-1 1.24883E-1 9.19839E-2 2.81594E-2 3.16512E-2 6.66383E-2 5.11976E-2 6.77279E-2 8.05804E-2 1.10955E-1 1.19707E-1 1.63758E-1 7.21837E-2 6.1619E-2 2.01902E-1 9.46661E-2 1.1654E-1 1.34922E-1 -9999 -9999 -9999 -9999 -9999 -9999 -9999 -9999 -9999 3.56769E-1 3.85583E-1 4.66597E-1 4.17183E-1 3.88055E-1 3.68901E-1 2.89904E-1 3.15854E-1 2.35547E-1 3.05178E-1 2.82079E-1 4.50952E-1 2.61286E-1 3.19454E-1 3.22942E-1 3.13103E-1 2.58126E-1 4.06923E-1 3.95357E-1
6.77471E-2 6.25985E-2 6.10954E-2 6.6325E-2 4.30919E-2 7.2154E-2 6.34898E-2 6.20978E-2 6.54377E-2 8.0258E-2 9.05906E-2 9.67299E-2 7.30943E-2 1.25146E-1 1.28435E-1 1.02207E-1 5.0919E-2 7.00126E-2 6.74307E-2 5.99719E-2 5.32191E-2 6.97543E-2 9.53315E-2 1.29358E-1 1.49171E-1 1.40831E-1 1.99245E-1 1.78393E-1 2.55782E-1 8.95406E-2 1.92341E-1 9.20376E-2 -9999 -9999 -9999 -9999 -9999 -9999 -9999 -9999 -9999 3.06686E-1 3.38549E-1 2.05472E-1 4.98684E-1 4.24259E-1 4.09843E-1 4.5039E-1 4.12122E-1 2.38892E-1 2.31383E-1 2.90752E-1 3.03162E-1 2.59373E-1 2.61569E-1 2.73745E-1 2.99889E-1 2.09959E-1 4.17262E-1 3.76975E-1
8.92045E-2 9.27787E-2 8.91824E-2 7.94948E-2 8.22237E-2 3.50382E-2 1.06723E-1 8.86863E-2 8.7129E-2 1.01552E-1 1.10352E-1 1.11849E-1 8.21101E-2 1.09284E-1 1.06348E-1 6.8524E-2 3.56066E-2 4.69634E-2 6.11707E-2 7.0981E-2 8.16906E-2 9.02802E-2 1.44906E-1 1.47977E-1 1.54836E-1 1.32052E-1 1.02239E-1 7.56043E-2 7.78509E-2 7.05677E-2 1.669E-1 9.62771E-2 1.25637E-1 -9999 -9999 -9999 -9999 -9999 -9999 -9999 1.34013E-1 2.23488E-1 2.87669E-1 2.98006E-1 4.45777E-1 4.56735E-1 4.49509E-1 4.43199E-1 3.7081E-1 3.12815E-1 2.65037E-1 2.65702E-1 3.75858E-1 3.02738E-1 2.91828E-1 3.22083E-1 3.39032E-1 3.48149E-1 4.11349E-1 4.10615E-1
9.42411E-2 1.0007E-1 1.04069E-1 9.67606E-2 8.98609E-2 1.16954E-1 8.8401E-2 1.22001E-1 1.10854E-1 1.27081E-1 1.17716E-1 1.15628E-1 1.11288E-1 9.69985E-2 9.8147E-2 5.1863E-2 3.88144E-2 2.103E-2 7.85085E-2 9.42973E-2 9.98207E-2 1.38167E-1 1.5102E-1 1.52783E-1 1.53947E-1 1.31014E-1 1.14658E-1 7.70878E-2 8.33915E-2 8.53127E-2 1.83691E-1 1.15932E-1 1.55554E-1 -9999 -9999 -9999 -9999 -9999 -9999 9.19205E-2 9.34854E-2 1.78084E-1 2.26688E-1 3.1414E-1 1.47983E-1 2.32671E-1 1.29008E-1 3.94892E-1 1.717E-1 2.3937E-1 2.4349E-1 3.15627E-1 4.98029E-1 4.26873E-1 3.83762E-1 3.40289E-1 2.65336E-1 2.51561E-1 2.80611E-1 4.12817E-1
9.88654E-2 1.07411E-1 1.11561E-1 1.0218E-1 1.04374E-1 1.10126E-1 8.41072E-2 1.68503E-1 1.30006E-1 1.31611E-1 1.36289E-1 1.19973E-1 6.71688E-2 7.38078E-2 3.27722E-2 5.38961E-2 5.90161E-2 2.81561E-2 1.1544E-1 1.29496E-1 1.64624E-1 1.75932E-1 1.44775E-1 1.19937E-1 1.22446E-1 1.27011E-1 1.23807E-1 9.92877E-2 8.44989E-2 1.52402E-1 8.26595E-2 9.61525E-2 1.4423E-1 -9999 -9999 -9999 -9999 -9999 7.2494E-2 1.64456E-1 1.0522E-1 1.57557E-1 1.94393E-1 2.53671E-1 2.51917E-1 2.26542E-1 1.67878E-1 3.00142E-1 3.869E-1 1.99095E-1 1.40203E-1 3.78596E-1 2.18657E-1 4.66382E-1 4.12334E-1 3.49718E-1 3.73373E-1 3.90761E-1 4.18276E-1 3.411E-1
1.13255E-1 1.23163E-1 1.1112E-1 1.02372E-1 1.07932E-1 1.1226E-1 1.56331E-1 1.79116E-1 1.58857E-1 8.9291E-2 1.46694E-1 1.42199E-1 1.05634E-1 6.87575E-2 4.87796E-2 4.66457E-2 4.13724E-2 8.37106E-2 1.37028E-1 1.90507E-1 2.09626E-1 1.98464E-1 1.50612E-1 1.27517E-1 1.42267E-1 1.35944E-1 1.4579E-1 1.27275E-1 1.04541E-1 1.65372E-1 6.06854E-2 9.90416E-2 1.37029E-1 1.7601E-1 -9999 -9999 -9999 2.11533E-1 2.0321E-1 1.75408E-1 2.39064E-1 2.15949E-1 2.41364E-1 2.63395E-1 2.86412E-1 3.42594E-1 3.4689E-1 1.95096E-1 4.21111E-1 2.22339E-1 2.66664E-1 2.77297E-1 3.22248E-1 2.28133E-1 3.51945E-1 3.82825E-1 3.74978E-1 4.00369E-1 4.17775E-1 3.29447E-1
