Phytophthora/models/20240429_1812_56/Phytophthora_PA1_RUN9_MAXENT_outputs/Phytophthora_PA1_RUN9.asc
ncols         225
nrows         269
xllcorner     473000.0
yllcorner     4429100.0
cellsize      50.0
NODATA_value  -9999
[rows 162 to 188 of 269, columns 60 to 119 of 225]
4.05226E-1 1.61863E-1 3.66538E-1 2.99474E-1 3.51026E-1 3.48493E-1 4.85722E-1 4.74781E-1 4.31868E-1 4.60718E-1 4.3099E-1 4.76278E-1 5.58388E-1 4.41563E-1 6.60835E-1 5.29561E-1 7.01083E-1 6.60419E-1 6.57873E-1 6.67592E-1 6.58509E-1 6.6909E-1 6.8627E-1 4.81275E-1 7.91884E-1 7.21557E-1 6.1564E-1 5.63861E-1 7.02967E-1 6.47314E-1 5.66361E-1 5.49304E-1 6.12397E-1 6.58247E-1 6.51628E-1 5.99703E-1 5.58779E-1 5.3561E-1 4.67573E-1 4.35052E-1 3.86825E-1 3.15299E-1 2.17065E-1 3.48349E-1 3.40968E-1 3.30183E-1 2.87631E-1 2.28976E-1 2.06763E-1 1.80361E-1 9.21712E-2 1.7369E-1 1.08063E-1 8.59492E-2 1.07742E-1 2.5045E-1 3.02909E-1 3.60837E-1 3.44243E-1 5.53539E-1
1.47668E-1 4.33901E-1 4.94078E-1 3.77922E-1 3.32086E-1 2.5868E-1 2.05106E-1 2.98844E-1 4.22671E-1 4.59635E-1 5.02781E-1 4.7953E-1 5.47117E-1 6.09754E-1 6.25925E-1 5.81962E-1 7.26776E-1 6.75048E-1 6.26143E-1 6.33483E-1 6.21021E-1 6.24425E-1 7.20369E-1 7.57803E-1 7.16811E-1 6.97245E-1 5.14569E-1 6.05843E-1 6.80119E-1 6.41668E-1 5.7618E-1 5.45486E-1 5.17804E-1 5.45048E-1 5.52162E-1 5.58768E-1 5.58726E-1 6.01823E-1 6.12308E-1 5.97194E-1 2.86035E-1 4.73841E-1 4.38829E-1 4.36295E-1 4.01507E-1 4.34581E-1 4.00998E-1 3.70022E-1 3.40458E-1 2.71851E-1 1.45966E-1 2.37482E-1 1.10495E-1 9.71343E-2 1.6183E-1 2.00625E-1 3.11662E-1 3.73682E-1 5.39365E-1 5.79018E-1
4.18153E-1 4.02453E-1 3.16626E-1 3.23678E-1 3.5285E-1 3.3879E-1 4.04347E-1 4.36319E-1 5.04524E-1 2.79026E-1 5.07132E-1 4.57453E-1 4.61653E-1 5.22629E-1 5.25801E-1 -9999 6.53606E-1 5.59267E-1 6.13885E-1 6.17759E-1 5.84863E-1 6.01417E-1 5.67708E-1 7.68968E-1 7.02129E-1 7.01616E-1 6.65429E-1 5.93492E-1 7.07761E-1 6.59272E-1 5.93705E-1 5.48782E-1 5.26657E-1 6.11515E-1 6.03491E-1 6.38674E-1 6.58987E-1 6.85634E-1 6.96471E-1 6.73115E-1 5.6356E-1 4.35948E-1 3.33759E-1 3.25543E-1 3.13985E-1 3.54662E-1 3.61914E-1 3.45407E-1 3.19473E-1 2.47435E-1 1.4229E-1 9.2666E-2 2.694E-1 3.56873E-1 3.5659E-1 3.14817E-1 3.50807E-1 5.37503E-1 5.98911E-1 3.73255E-1
3.25349E-1 3.46325E-1 4.44471E-1 5.20599E-1 4.22617E-1 4.3015E-1 4.60969E-1 4.08639E-1 4.12451E-1 4.47213E-1 5.25904E-1 5.04885E-1 4.33372E-1 4.15094E-1 3.99308E-1 5.10476E-1 5.5946E-1 5.95939E-1 6.78316E-1 6.65081E-1 6.10373E-1 5.88596E-1 7.2226E-1 7.34411E-1 7.04359E-1 6.89881E-1 7.01357E-1 5.29635E-1 7.01411E-1 6.64622E-1 6.25262E-1 6.10595E-1 4.64297E-1 5.87862E-1 6.32288E-1 6.73234E-1 7.06882E-1 7.39769E-1 6.44998E-1 6.69935E-1 5.61016E-1 4.94502E-1 3.94976E-1 3.62636E-1 3.43095E-1 3.68141E-1 3.55313E-1 3.61814E-1 3.43251E-1 3.03739E-1 2.49683E-1 2.86736E-1 2.95002E-1 2.96997E-1 3.41572E-1 3.40866E-1 5.45958E-1 5.04092E-1 5.69662E-1 5.23509E-1
3.73029E-1 4.18374E-1 4.83609E-1 5.10012E-1 5.18499E-1 4.99686E-1 4.75187E-1 4.38099E-1 4.51644E-1 5.07612E-1 5.90716E-1 6.04942E-1 5.83895E-1 5.62308E-1 6.01298E-1 6.89559E-1 5.57536E-1 7.59466E-1 8.2983E-1 7.9501E-1 7.08747E-1 6.58964E-1 6.23271E-1 5.06855E-1 7.61452E-1 5.58703E-1 6.41579E-1 6.44351E-1 6.61745E-1 6.64261E-1 6.4338E-1 6.4041E-1 6.23174E-1 5.58797E-1 5.71924E-1 5.53129E-1 6.05379E-1 6.15817E-1 5.17479E-1 4.55141E-1 4.90736E-1 5.13959E-1 4.566E-1 3.96448E-1 3.56901E-1 3.67019E-1 3.5795E-1 3.5877E-1 3.92925E-1 3.82741E-1 2.92879E-1 3.16432E-1 3.55663E-1 4.03222E-1 4.74382E-1 5.77734E-1 6.31207E-1 5.0302E-1 3.00353E-1 4.41378E-1
4.00839E-1 4.4614E-1 4.78404E-1 4.74163E-1 5.31661E-1 5.26945E-1 5.0034E-1 4.64187E-1 4.4394E-1 5.15717E-1 4.58925E-1 6.14469E-1 6.38433E-1 6.15267E-1 6.65063E-1 8.08365E-1 7.9782E-1 8.1089E-1 8.54762E-1 8.2836E-1 6.99236E-1 6.17169E-1 6.1861E-1 7.55985E-1 7.86503E-1 6.17967E-1 6.08916E-1 6.41521E-1 5.64058E-1 6.98428E-1 6.19294E-1 6.07683E-1 4.80338E-1 5.13858E-1 5.20923E-1 4.92074E-1 5.15246E-1 3.2951E-1 4.60423E-1 4.53808E-1 5.52393E-1 5.32559E-1 4.93626E-1 4.26667E-1 3.81627E-1 3.71304E-1 3.60038E-1 3.51132E-1 3.89025E-1 3.45202E-1 2.92385E-1 3.62373E-1 4.05141E-1 4.67912E-1 5.33758E-1 4.39245E-1 4.32639E-1 2.9925E-1 2.51752E-1 1.86106E-1
4.51478E-1 5.12162E-1 5.23202E-1 4.99752E-1 5.45903E-1 5.52733E-1 5.2684E-1 4.90262E-1 4.49796E-1 4.98452E-1 5.89903E-1 6.41553E-1 6.0213E-1 4.9725E-1 6.50712E-1 8.07804E-1 8.6007E-1 6.49963E-1 8.69605E-1 8.6271E-1 7.31812E-1 6.58068E-1 6.20192E-1 7.16463E-1 7.78789E-1 5.51723E-1 5.69131E-1 6.45861E-1 6.80239E-1 6.40467E-1 6.97045E-1 4.05749E-1 5.22835E-1 4.98153E-1 5.06045E-1 4.53384E-1 2.58399E-1 4.14466E-1 3.91627E-1 4.22043E-1 5.88262E-1 5.3154E-1 5.0112E-1 4.26698E-1 3.90859E-1 3.75105E-1 3.48568E-1 3.44454E-1 3.38721E-1 3.59594E-1 3.17022E-1 4.00438E-1 4.45038E-1 4.95567E-1 2.52784E-1 5.95799E-1 2.75793E-1 3.47738E-1 2.27959E-1 1.88874E-1
5.24644E-1 6.00408E-1 5.51544E-1 5.21303E-1 5.80643E-1 3.3621E-1 3.42784E-1 3.05751E-1 4.69525E-1 5.35923E-1 5.92336E-1 6.20399E-1 6.30088E-1 5.0478E-1 5.23067E-1 5.65531E-1 6.89297E-1 8.06901E-1 7.30466E-1 7.93934E-1 7.09966E-1 6.84029E-1 6.51079E-1 5.57177E-1 6.83446E-1 5.37724E-1 5.49371E-1 6.37329E-1 6.44202E-1 6.6094E-1 7.11625E-1 5.69858E-1 4.2873E-1 2.80308E-1 4.62833E-1 4.42584E-1 3.24131E-1 5.00097E-1 5.03686E-1 5.56274E-1 5.9953E-1 5.53857E-1 4.92863E-1 4.46344E-1 4.09944E-1 3.58709E-1 3.29082E-1 3.22659E-1 3.65179E-1 4.15316E-1 3.61726E-1 4.28407E-1 4.82363E-1 4.19279E-1 6.83717E-1 4.84288E-1 3.44122E-1 4.09259E-1 3.1352E-1 4.00833E-1
4.89807E-1 5.18609E-1 5.09544E-1 4.70803E-1 4.01415E-1 5.09072E-1 4.80996E-1 4.52334E-1 4.5461E-1 5.10928E-1 6.10021E-1 6.31269E-1 5.97226E-1 3.20972E-1 5.34932E-1 6.58983E-1 6.08589E-1 5.52621E-1 6.26959E-1 5.29057E-1 5.39476E-1 5.53282E-1 4.02731E-1 6.18364E-1 7.32257E-1 5.7787E-1 6.29714E-1 7.17368E-1 3.53602E-1 5.82191E-1 4.6014E-1 4.98634E-1 6.07479E-1 6.07014E-1 4.11384E-1 3.60265E-1 5.6578E-1 5.78668E-1 5.62084E-1 5.79378E-1 6.04435E-1 5.77127E-1 5.21022E-1 4.8288E-1 4.45529E-1 3.76728E-1 3.45353E-1 3.19051E-1 3.49945E-1 4.3131E-1 4.33982E-1 4.85998E-1 5.25283E-1 5.12757E-1 5.65097E-1 5.24173E-1 4.75707E-1 4.44325E-1 3.73328E-1 3.54638E-1
6.88087E-1 6.97233E-1 6.98388E-1 6.29328E-1 4.9574E-1 6.39577E-1 5.86496E-1 5.85991E-1 6.03334E-1 6.3085E-1 6.05146E-1 5.47869E-1 6.07435E-1 4.48292E-1 4.97908E-1 6.479E-1 5.90717E-1 5.18597E-1 4.83352E-1 5.81672E-1 2.76771E-1 6.37105E-1 6.68205E-1 6.22832E-1 6.84101E-1 3.82834E-1 5.28433E-1 7.19292E-1 5.49855E-1 3.76438E-1 3.76035E-1 4.28351E-1 5.96067E-1 6.25759E-1 6.57855E-1 6.65402E-1 6.32622E-1 6.39097E-1 6.02955E-1 5.38746E-1 5.84721E-1 5.31466E-1 4.71273E-1 4.35829E-1 3.90859E-1 3.26721E-1 2.8169E-1 2.55384E-1 2.50136E-1 3.15627E-1 3.79893E-1 5.03671E-1 5.8607E-1 6.48259E-1 5.87079E-1 5.75465E-1 5.27158E-1 4.95618E-1 4.32075E-1 4.01341E-1
3.74653E-1 4.65834E-1 5.83249E-1 3.96138E-1 6.44423E-1 5.81011E-1 5.74487E-1 5.72045E-1 5.97854E-1 6.35636E-1 5.57795E-1 5.458E-1 6.51987E-1 3.00569E-1 5.44108E-1 5.76148E-1 7.31281E-1 4.4528E-1 6.09247E-1 6.33414E-1 5.66819E-1 5.90816E-1 6.54017E-1 5.59488E-1 5.57043E-1 5.40598E-1 4.91273E-1 5.53869E-1 5.74628E-1 5.53414E-1 5.99589E-1 6.61009E-1 6.06818E-1 6.22622E-1 5.84717E-1 5.87079E-1 5.49154E-1 5.32809E-1 6.09741E-1 6.33726E-1 6.36806E-1 5.28224E-1 4.94671E-1 4.51807E-1 4.1499E-1 3.41152E-1 2.86411E-1 3.02848E-1 2.31423E-1 2.9502E-1 3.65376E-1 4.41071E-1 5.2906E-1 5.81731E-1 5.92218E-1 5.75E-1 4.53887E-1 5.5992E-1 5.25614E-1 4.34519E-1
4.50858E-1 4.46482E-1 5.06472E-1 6.24308E-1 5.56836E-1 5.47926E-1 5.65261E-1 5.52472E-1 6.10783E-1 6.22136E-1 5.40631E-1 5.32761E-1 6.1675E-1 2.9747E-1 4.42566E-1 5.02187E-1 7.01848E-1 6.57896E-1 6.81163E-1 6.69473E-1 6.07483E-1 5.43816E-1 6.14149E-1 6.8245E-1 3.49956E-1 4.09642E-1 2.24379E-1 4.28664E-1 5.03293E-1 4.58611E-1 5.05123E-1 4.30802E-1 4.55282E-1 5.15868E-1 4.73767E-1 5.71088E-1 4.96002E-1 4.61531E-1 5.73315E-1 5.99681E-1 5.56597E-1 4.89956E-1 4.48916E-1 4.22914E-1 3.93067E-1 3.09242E-1 2.86532E-1 1.84901E-1 3.09722E-1 2.64385E-1 3.30938E-1 4.00913E-1 4.59933E-1 4.58002E-1 5.68611E-1 6.00552E-1 4.07878E-1 6.07797E-1 5.23962E-1 3.98765E-1
3.22477E-1 3.16243E-1 5.59583E-1 5.34713E-1 5.12933E-1 5.20588E-1 5.54674E-1 5.84023E-1 6.25342E-1 6.2838E-1 5.44629E-1 5.6298E-1 5.86312E-1 3.72677E-1 4.45535E-1 7.75698E-1 7.83326E-1 7.3207E-1 7.34418E-1 6.9911E-1 5.59929E-1 6.53841E-1 6.4028E-1 6.09801E-1 4.99104E-1 5.35859E-1 5.24056E-1 4.59473E-1 4.20131E-1 3.54002E-1 3.94059E-1 3.90623E-1 3.46765E-1 2.92959E-1 4.0978E-1 4.38276E-1 3.70339E-1 3.61515E-1 5.95601E-1 6.23281E-1 6.01949E-1 5.43991E-1 5.13929E-1 4.44907E-1 3.86442E-1 3.22274E-1 2.92048E-1 3.17E-1 3.66753E-1 3.10354E-1 3.4958E-1 4.08582E-1 4.51324E-1 3.29577E-1 6.3066E-1 4.17842E-1 6.29412E-1 5.89226E-1 4.88393E-1 3.9493E-1
4.7073E-1 6.65337E-1 4.49686E-1 5.16213E-1 5.28731E-1 5.79999E-1 6.28043E-1 6.11444E-1 6.38897E-1 5.88376E-1 5.56035E-1 6.1255E-1 6.28938E-1 4.67091E-1 6.11471E-1 7.26158E-1 7.00249E-1 7.10173E-1 7.56331E-1 7.42029E-1 6.53705E-1 6.66512E-1 6.65705E-1 3.32426E-1 5.4879E-1 5.24359E-1 4.96552E-1 2.94342E-1 4.25225E-1 3.39639E-1 3.7169E-1 3.10233E-1 3.05513E-1 2.58753E-1 2.15228E-1 2.17432E-1 1.78777E-1 2.39923E-1 3.74012E-1 5.36306E-1 5.5119E-1 5.21188E-1 4.53855E-1 3.65426E-1 3.43008E-1 2.91465E-1 2.90933E-1 3.00105E-1 3.31458E-1 3.51499E-1 3.78096E-1 4.31609E-1 4.70396E-1 1.45998E-1 4.12689E-1 3.75584E-1 4.03451E-1 5.33482E-1 4.6678E-1 3.91296E-1
6.02229E-1 6.3095E-1 6.05744E-1 5.51037E-1 5.80784E-1 5.90722E-1 6.52418E-1 6.40833E-1 6.41754E-1 5.64367E-1 5.68089E-1 6.1167E-1 5.89112E-1 5.05045E-1 5.87273E-1 6.15973E-1 5.83328E-1 5.60193E-1 5.87433E-1 6.55864E-1 7.15149E-1 5.92738E-1 7.04157E-1 -9999 6.33065E-1 6.17953E-1 6.12542E-1 5.95277E-1 4.88246E-1 5.38875E-1 4.73541E-1 3.28284E-1 3.99765E-1 3.08025E-1 2.86652E-1 3.46567E-1 3.97583E-1 3.4974E-1 4.76404E-1 5.80657E-1 5.58764E-1 5.04375E-1 4.65597E-1 4.03924E-1 3.6013E-1 2.40683E-1 2.43139E-1 2.50616E-1 2.79966E-1 3.59292E-1 4.34164E-1 4.82092E-1 5.05873E-1 3.23615E-1 4.19343E-1 4.45978E-1 3.57927E-1 5.22005E-1 5.17157E-1 4.43474E-1
6.24775E-1 6.16665E-1 3.5904E-1 5.85435E-1 5.90113E-1 6.10162E-1 6.84974E-1 6.75102E-1 5.70949E-1 4.6693E-1 4.83113E-1 5.00681E-1 5.15617E-1 5.381E-1 5.96364E-1 4.88353E-1 6.01601E-1 5.88202E-1 6.40989E-1 6.73287E-1 5.96179E-1 7.61154E-1 5.58181E-1 7.01076E-1 6.32843E-1 5.24844E-1 4.65486E-1 4.14014E-1 4.84587E-1 4.75097E-1 4.42423E-1 3.67903E-1 3.40293E-1 2.49274E-1 2.43732E-1 4.38279E-1 -9999 -9999 6.51155E-1 6.44906E-1 5.71224E-1 5.31345E-1 4.90892E-1 4.38484E-1 3.50028E-1 2.44389E-1 2.44118E-1 2.65661E-1 3.05862E-1 3.68858E-1 4.44821E-1 5.09533E-1 5.45506E-1 4.82696E-1 5.02279E-1 5.22417E-1 5.22493E-1 5.47942E-1 5.60162E-1 4.61148E-1
5.7915E-1 5.71122E-1 5.86262E-1 5.92486E-1 5.57513E-1 6.55958E-1 7.0529E-1 7.05818E-1 5.04611E-1 5.48346E-1 5.56762E-1 5.98033E-1 4.77444E-1 6.27497E-1 6.65464E-1 6.59028E-1 4.95269E-1 6.08272E-1 6.40198E-1 5.51286E-1 7.08571E-1 7.43359E-1 7.659E-1 7.53712E-1 6.27431E-1 5.07839E-1 5.32329E-1 4.8122E-1 4.98611E-1 5.36995E-1 4.74209E-1 4.12435E-1 4.08459E-1 3.14803E-1 3.38986E-1 4.40792E-1 6.88905E-1 4.4887E-1 7.29706E-1 6.99298E-1 6.34161E-1 5.88547E-1 5.36015E-1 4.59111E-1 3.4063E-1 2.50825E-1 2.23807E-1 3.05615E-1 3.5757E-1 4.27748E-1 4.89851E-1 5.55836E-1 6.7101E-1 6.22952E-1 5.69278E-1 5.42908E-1 5.35416E-1 4.82992E-1 5.75266E-1 5.50336E-1
5.66652E-1 5.48447E-1 5.51013E-1 6.29693E-1 5.11879E-1 7.31568E-1 6.76267E-1 4.42642E-1 5.45402E-1 6.55852E-1 6.47126E-1 4.84093E-1 6.17247E-1 5.78499E-1 6.08299E-1 6.21003E-1 5.94749E-1 5.93554E-1 5.765E-1 7.02217E-1 7.11055E-1 7.42125E-1 6.48876E-1 7.60757E-1 6.21395E-1 4.94429E-1 5.09735E-1 5.30669E-1 4.50175E-1 5.40615E-1 5.01781E-1 5.42766E-1 4.97342E-1 4.52123E-1 5.14758E-1 6.43861E-1 6.20951E-1 5.04341E-1 7.26652E-1 7.13717E-1 6.40844E-1 5.89377E-1 5.3525E-1 4.49036E-1 3.55578E-1 2.70003E-1 2.3963E-1 3.04277E-1 3.50773E-1 4.49259E-1 5.1867E-1 5.62716E-1 5.1398E-1 6.40486E-1 5.17011E-1 4.872E-1 5.20737E-1 3.79824E-1 5.44234E-1 5.51829E-1
5.37855E-1 5.18095E-1 5.61597E-1 6.57829E-1 7.74096E-1 7.01907E-1 6.43941E-1 4.96698E-1 6.53044E-1 6.9413E-1 6.44369E-1 6.58252E-1 5.90001E-1 5.46304E-1 5.09656E-1 5.27032E-1 5.63735E-1 6.00329E-1 6.50198E-1 6.87909E-1 7.50947E-1 7.43059E-1 6.65394E-1 6.71457E-1 6.10128E-1 5.90022E-1 6.48759E-1 5.85431E-1 6.42184E-1 5.82944E-1 5.15209E-1 5.74303E-1 5.04966E-1 4.62404E-1 4.6293E-1 5.9592E-1 6.32364E-1 7.26866E-1 8.01279E-1 6.2619E-1 6.75703E-1 6.07956E-1 5.60183E-1 4.66987E-1 3.57285E-1 2.17633E-1 2.61453E-1 3.40836E-1 3.99131E-1 4.76903E-1 5.61504E-1 6.22873E-1 2.97931E-1 5.17542E-1 4.79265E-1 4.8018E-1 5.19637E-1 4.81937E-1 3.73722E-1 5.16241E-1
4.81274E-1 4.88089E-1 5.49657E-1 7.088E-1 7.54708E-1 6.94771E-1 6.08829E-1 6.56055E-1 6.49062E-1 7.07617E-1 6.3438E-1 6.36273E-1 5.6887E-1 5.22987E-1 4.95292E-1 5.96741E-1 6.321E-1 6.35659E-1 6.63848E-1 6.87314E-1 6.92481E-1 7.05653E-1 7.64625E-1 7.08371E-1 7.23642E-1 7.02517E-1 7.20649E-1 6.44506E-1 6.21837E-1 5.82254E-1 4.03866E-1 4.8854E-1 5.02237E-1 4.62128E-1 4.28639E-1 5.20878E-1 5.87143E-1 7.05082E-1 7.548E-1 5.74613E-1 6.19266E-1 5.51583E-1 5.14358E-1 4.05513E-1 3.25854E-1 2.50341E-1 2.96499E-1 3.52835E-1 4.06104E-1 5.01474E-1 5.85416E-1 6.14927E-1 2.06614E-1 5.71849E-1 5.13771E-1 5.27886E-1 5.4955E-1 3.89726E-1 5.56648E-1 4.45076E-1
4.96068E-1 4.87467E-1 5.10756E-1 6.12276E-1 7.0552E-1 6.3774E-1 6.40929E-1 5.88171E-1 7.18169E-1 5.56069E-1 6.71318E-1 6.16594E-1 5.60475E-1 5.277E-1 4.911E-1 5.74965E-1 6.12052E-1 6.24677E-1 6.33128E-1 5.91143E-1 5.16722E-1 5.53677E-1 5.7751E-1 5.12503E-1 7.35911E-1 6.74688E-1 6.87717E-1 6.46014E-1 6.1619E-1 5.80691E-1 3.10404E-1 4.02758E-1 4.25809E-1 4.43182E-1 4.23849E-1 5.4153E-1 6.13595E-1 7.01663E-1 7.71033E-1 6.77951E-1 6.0741E-1 5.78596E-1 5.11289E-1 4.01985E-1 3.27719E-1 3.00893E-1 3.3075E-1 3.84616E-1 4.22589E-1 5.01604E-1 6.10686E-1 5.08873E-1 4.39639E-1 5.91855E-1 5.22009E-1 5.51783E-1 5.69821E-1 4.08819E-1 5.11288E-1 4.80527E-1
5.47664E-1 5.36466E-1 5.63632E-1 6.40203E-1 6.44496E-1 6.73119E-1 6.92956E-1 7.45457E-1 6.56892E-1 7.47899E-1 6.78184E-1 6.36747E-1 5.65985E-1 5.23915E-1 4.89325E-1 5.61244E-1 5.92289E-1 5.69893E-1 4.01124E-1 4.03982E-1 4.53218E-1 5.17602E-1 5.293E-1 4.58599E-1 7.47689E-1 6.93027E-1 7.21663E-1 6.81572E-1 6.32456E-1 5.89766E-1 4.29753E-1 4.22341E-1 4.88265E-1 4.99197E-1 4.5591E-1 6.06266E-1 6.65086E-1 6.97565E-1 7.73741E-1 6.39234E-1 5.85954E-1 5.61431E-1 4.767E-1 3.9492E-1 3.64238E-1 3.67007E-1 3.80713E-1 4.33094E-1 4.26843E-1 5.09947E-1 5.50563E-1 6.06735E-1 5.61875E-1 6.19637E-1 5.09104E-1 5.7166E-1 5.82034E-1 3.78235E-1 5.04087E-1 4.61171E-1
6.005E-1 6.00919E-1 6.17815E-1 6.21328E-1 6.54722E-1 5.3582E-1 7.30776E-1 5.95674E-1 7.67981E-1 7.41726E-1 6.69871E-1 6.21216E-1 5.63196E-1 5.20623E-1 4.83194E-1 5.35417E-1 5.47526E-1 4.95951E-1 3.07393E-1 3.73661E-1 4.35366E-1 4.88606E-1 5.19655E-1 6.03773E-1 7.65518E-1 7.33334E-1 7.12326E-1 5.75684E-1 5.80978E-1 4.23435E-1 4.69295E-1 4.45738E-1 5.82281E-1 5.30582E-1 4.60139E-1 5.86022E-1 6.75689E-1 6.64099E-1 3.86124E-1 6.26486E-1 5.75804E-1 5.53397E-1 4.53993E-1 3.87884E-1 3.8979E-1 4.12425E-1 4.56737E-1 4.87003E-1 4.67897E-1 5.13505E-1 5.40073E-1 5.75751E-1 5.60213E-1 5.38891E-1 5.73239E-1 5.31533E-1 3.82173E-1 5.11692E-1 5.75487E-1 5.12935E-1
5.63148E-1 6.76007E-1 6.83401E-1 6.48846E-1 5.22895E-1 7.24488E-1 8.03333E-1 7.86958E-1 7.23847E-1 7.27621E-1 6.33752E-1 5.59477E-1 5.28852E-1 5.15489E-1 4.77043E-1 5.1084E-1 4.69138E-1 5.6802E-1 -9999 4.99719E-1 4.06297E-1 4.688E-1 4.93945E-1 4.92656E-1 7.44775E-1 6.72232E-1 6.21745E-1 6.08501E-1 5.70988E-1 4.48169E-1 3.76743E-1 4.22707E-1 4.68093E-1 4.78244E-1 4.96062E-1 5.81525E-1 6.41916E-1 6.47647E-1 7.00228E-1 4.66978E-1 6.77693E-1 5.1593E-1 4.6196E-1 4.1226E-1 4.39452E-1 4.79126E-1 5.29899E-1 5.45563E-1 4.104E-1 3.60453E-1 5.54499E-1 5.42414E-1 5.00194E-1 3.70247E-1 6.34325E-1 6.4266E-1 4.23354E-1 5.40353E-1 6.404E-1 5.28966E-1
2.73547E-1 5.63143E-1 6.32591E-1 6.32214E-1 6.40537E-1 7.11677E-1 7.38808E-1 6.39449E-1 6.45506E-1 6.54943E-1 5.78333E-1 5.2535E-1 4.56726E-1 4.68814E-1 4.93428E-1 5.42387E-1 -9999 -9999 5.08863E-1 4.7815E-1 4.48728E-1 4.4306E-1 4.87651E-1 2.20476E-1 6.90121E-1 6.04283E-1 5.89614E-1 5.95857E-1 4.81621E-1 4.00245E-1 3.99776E-1 5.85511E-1 5.48661E-1 5.86739E-1 5.65277E-1 4.69515E-1 5.16001E-1 5.15243E-1 4.78796E-1 4.14468E-1 5.87269E-1 4.20685E-1 4.36485E-1 3.46799E-1 3.50776E-1 4.55023E-1 5.9684E-1 6.61727E-1 4.86757E-1 5.24269E-1 5.04748E-1 5.1448E-1 5.07414E-1 3.21697E-1 5.81454E-1 5.52591E-1 5.59984E-1 5.05155E-1 5.81287E-1 5.17395E-1
4.81746E-1 4.00391E-1 6.59193E-1 6.29148E-1 6.87032E-1 7.06795E-1 6.70727E-1 5.72425E-1 6.46022E-1 6.43577E-1 5.60624E-1 5.32327E-1 4.87251E-1 4.65127E-1 4.45528E-1 5.00047E-1 4.94946E-1 4.56385E-1 4.15725E-1 4.29218E-1 4.59355E-1 4.90991E-1 5.10242E-1 7.34724E-1 6.93237E-1 5.35801E-1 5.43135E-1 5.20449E-1 5.00555E-1 5.31737E-1 5.86208E-1 5.36184E-1 6.06085E-1 4.85824E-1 6.22656E-1 5.30158E-1 5.42409E-1 5.73062E-1 4.27653E-1 6.62486E-1 6.11867E-1 4.4734E-1 4.70232E-1 4.16542E-1 3.84845E-1 4.57495E-1 5.14124E-1 6.31804E-1 5.88175E-1 6.50183E-1 5.06673E-1 4.89408E-1 5.45759E-1 3.20391E-1 5.94059E-1 5.60514E-1 5.69461E-1 4.9931E-1 5.07946E-1 3.94609E-1
6.62094E-1 6.62878E-1 6.61708E-1 6.35512E-1 7.28438E-1 6.90767E-1 5.92626E-1 5.32959E-1 5.81826E-1 6.47314E-1 6.69033E-1 5.83874E-1 5.49796E-1 5.51746E-1 5.20604E-1 5.44263E-1 4.79434E-1 4.7587E-1 4.87632E-1 4.9742E-1 4.16271E-1 4.70412E-1 4.88614E-1 4.6569E-1 5.10957E-1 3.64381E-1 3.97149E-1 3.87934E-1 5.07058E-1 5.1523E-1 5.18263E-1 5.37597E-1 5.96238E-1 6.17865E-1 6.57533E-1 4.91932E-1 4.79355E-1 5.52149E-1 6.5437E-1 6.48121E-1 6.18863E-1 4.20287E-1 4.22157E-1 5.17669E-1 4.29557E-1 4.7015E-1 3.6919E-1 2.22556E-1 4.43437E-1 5.39783E-1 4.92018E-1 3.50439E-1 4.75576E-1 4.32256E-1 5.94552E-1 4.15394E-1 5.69056E-1 5.04209E-1 5.11853E-1 4.88158E-1
