Phytophthora/models/20240429_1812_56/Phytophthora_PA1_RUN9_MAXENT_outputs/Phytophthora_PA1_RUN9.asc
ncols         225
nrows         269
xllcorner     473000.0
yllcorner     4429100.0
cellsize      50.0
NODATA_value  -9999
[rows 108 to 134 of 269, columns 0 to 59 of 225]
-9999 -9999 -9999 -9999 -9999 -9999 -9999 -9999 -9999 -9999 -9999 1.55215E-1 1.52696E-1 1.77386E-1 1.74254E-1 1.52384E-1 1.40674E-1 1.15188E-1 1.08503E-1 1.22399E-1 1.74418E-1 2.44072E-1 2.60852E-1 2.62015E-1 2.12418E-1 2.19843E-1 2.01151E-1 1.77342E-1 1.59029E-1 1.54871E-1 1.4761E-1 1.20526E-1 1.05393E-1 1.02286E-1 1.03597E-1 7.68317E-2 9.45868E-2 9.449E-2 4.89023E-2 8.34329E-2 6.1771E-2 5.98576E-2 6.29958E-2 7.64061E-2 9.7028E-2 1.00844E-1 8.30147E-2 7.44426E-2 8.50945E-2 1.17902E-1 9.65503E-2 8.717E-2 8.17122E-2 1.1069E-1 8.20576E-2 8.55496E-2 7.5866E-2 1.14461E-1 1.37091E-1 1.46839E-1
-9999 -9999 -9999 -9999 -9999 -9999 -9999 -9999 -9999 -9999 1.40823E-1 1.58332E-1 1.32078E-1 1.8576E-1 1.82078E-1 1.32433E-1 1.14399E-1 1.00241E-1 1.16688E-1 1.37473E-1 1.97917E-1 2.62034E-1 9.87491E-2 2.84826E-1 2.05665E-1 1.95579E-1 1.7051E-1 1.64354E-1 1.59689E-1 1.28143E-1 1.13336E-1 1.0909E-1 1.17984E-1 1.17416E-1 1.1739E-1 8.96302E-2 1.05089E-1 9.10817E-2 4.60768E-2 4.52146E-2 5.81265E-2 5.26597E-2 6.4811E-2 7.2576E-2 1.08905E-1 1.51155E-1 1.40741E-1 9.75471E-2 3.56921E-2 1.38428E-1 1.01075E-1 1.02982E-1 1.33583E-1 1.22252E-1 7.33224E-2 8.729E-2 8.26904E-2 1.54146E-1 1.45417E-1 1.29107E-1
-9999 -9999 -9999 -9999 -9999 -9999 -9999 -9999 -9999 -9999 1.48858E-1 1.72002E-1 1.91098E-1 2.37573E-1 1.96858E-1 1.34545E-1 1.06824E-1 1.10886E-1 1.30668E-1 1.53812E-1 2.51083E-1 1.55794E-1 2.72636E-1 2.28615E-1 2.06985E-1 2.04977E-1 1.86167E-1 1.6748E-1 1.38658E-1 1.11583E-1 1.22345E-1 1.26881E-1 1.3629E-1 1.35352E-1 1.34023E-1 1.08104E-1 1.05481E-1 1.00968E-1 9.10243E-2 9.39188E-2 3.31463E-2 5.61284E-2 2.57719E-2 3.73716E-2 8.6474E-2 1.6199E-1 1.67217E-1 1.27884E-1 1.15301E-1 1.55023E-1 9.22345E-2 1.15729E-1 1.52662E-1 1.30849E-1 8.09983E-2 1.16906E-1 1.48857E-1 1.58917E-1 1.23432E-1 1.11022E-1
-9999 -9999 -9999 -9999 -9999 -9999 -9999 -9999 -9999 3.58478E-1 4.15523E-1 4.31903E-1 3.17768E-1 4.43269E-1 3.71717E-1 2.63404E-1 2.46095E-1 2.74456E-1 3.08211E-1 3.15186E-1 2.98452E-1 3.60396E-1 3.08697E-1 2.76114E-1 2.53428E-1 2.12911E-1 1.83731E-1 1.71711E-1 1.58623E-1 1.68908E-1 3.21318E-1 3.36151E-1 3.50896E-1 3.66413E-1 3.91144E-1 2.92112E-1 3.98347E-1 3.41587E-1 3.18792E-1 3.08215E-1 8.32144E-2 6.56667E-2 1.21705E-1 1.3769E-1 6.90656E-2 1.30569E-1 2.15916E-1 1.91395E-1 1.92969E-1 2.23953E-1 2.0057E-1 1.65429E-1 2.59411E-1 2.24862E-1 1.44397E-1 1.41349E-1 1.30833E-1 9.97353E-2 9.30351E-2 9.10584E-2
-9999 -9999 -9999 -9999 -9999 -9999 -9999 -9999 2.3961E-1 3.3147E-1 3.84832E-1 3.57197E-1 4.72619E-1 3.91905E-1 3.3363E-1 2.23164E-1 2.3649E-1 3.31872E-1 3.69458E-1 4.2181E-1 3.20885E-1 3.06809E-1 2.50569E-1 2.68484E-1 2.48391E-1 2.18514E-1 1.99081E-1 1.94606E-1 1.93889E-1 2.14528E-1 3.60235E-1 3.49262E-1 3.578E-1 2.32696E-1 4.17185E-1 4.48352E-1 3.84668E-1 3.18608E-1 3.06593E-1 2.99694E-1 1.41248E-1 8.75619E-2 1.27007E-1 1.40675E-1 1.56867E-1 1.42713E-1 1.82508E-1 1.85391E-1 1.75111E-1 2.03511E-1 2.15273E-1 2.31417E-1 2.56208E-1 2.34922E-1 1.84423E-1 1.61903E-1 1.36361E-1 1.02413E-1 1.03156E-1 1.09626E-1
-9999 -9999 -9999 -9999 -9999 -9999 -9999 -9999 2.89514E-1 3.25208E-1 4.21985E-1 4.1396E-1 4.45313E-1 3.65667E-1 3.03823E-1 2.29897E-1 2.53936E-1 3.53941E-1 4.31794E-1 2.55282E-1 3.02315E-1 2.1219E-1 2.23339E-1 2.58643E-1 2.43347E-1 2.10948E-1 2.04089E-1 2.12391E-1 2.28775E-1 2.24517E-1 3.69931E-1 3.33064E-1 3.50542E-1 3.28807E-1 4.27745E-1 4.41317E-1 3.99304E-1 3.42272E-1 3.26936E-1 2.88589E-1 1.41708E-1 1.37523E-1 1.47311E-1 1.2149E-1 1.60209E-1 1.52636E-1 1.5915E-1 1.81898E-1 1.99467E-1 2.04886E-1 2.54952E-1 2.21349E-1 2.70752E-1 2.37053E-1 2.0361E-1 1.63085E-1 1.04299E-1 1.04066E-1 1.08044E-1 1.16547E-1
-9999 -9999 -9999 -9999 -9999 -9999 -9999 -9999 3.2338E-1 3.39978E-1 2.51644E-1 4.33444E-1 4.01102E-1 3.19769E-1 2.8248E-1 2.26238E-1 2.53596E-1 3.49338E-1 2.12723E-1 3.40096E-1 2.20245E-1 2.10913E-1 2.39186E-1 2.91294E-1 2.15232E-1 1.8243E-1 2.28376E-1 1.42964E-1 1.41443E-1 2.04492E-1 4.02149E-1 3.47363E-1 2.12238E-1 3.2493E-1 3.95409E-1 4.31097E-1 3.92689E-1 3.45527E-1 3.42994E-1 3.2447E-1 1.58224E-1 1.37805E-1 1.43461E-1 1.5764E-1 1.81152E-1 1.13426E-1 1.57232E-1 1.72569E-1 2.16852E-1 1.05362E-1 2.54764E-1 2.76115E-1 2.43304E-1 2.50934E-1 2.1363E-1 1.53816E-1 1.20561E-1 1.09575E-1 1.06708E-1 1.09337E-1
-9999 -9999 -9999 -9999 -9999 -9999 -9999 2.42715E-1 3.16176E-1 3.5911E-1 4.39379E-1 4.01163E-1 3.60415E-1 2.85578E-1 2.71689E-1 2.60733E-1 2.78885E-1 1.31148E-1 2.81647E-1 2.57745E-1 1.81345E-1 2.17639E-1 2.71034E-1 1.22202E-1 2.29024E-1 2.06111E-1 2.39128E-1 2.08905E-1 2.06855E-1 2.09848E-1 3.73983E-1 3.4877E-1 3.28741E-1 3.44091E-1 4.15188E-1 4.4468E-1 4.17992E-1 3.78676E-1 2.60069E-1 2.16505E-1 1.09379E-1 1.46372E-1 1.61057E-1 1.68681E-1 1.78967E-1 1.53867E-1 1.65937E-1 1.57359E-1 2.27166E-1 2.14387E-1 2.44677E-1 2.6542E-1 1.75163E-1 2.58167E-1 2.21377E-1 1.47355E-1 1.21494E-1 1.18898E-1 1.15858E-1 1.24268E-1
-9999 -9999 -9999 -9999 -9999 -9999 1.87175E-1 1.7512E-1 2.04622E-1 1.59975E-1 3.53534E-1 3.04436E-1 2.72847E-1 2.05381E-1 2.15128E-1 3.02294E-1 2.70334E-1 2.59477E-1 2.4899E-1 2.99027E-1 2.72673E-1 3.15598E-1 2.54175E-1 2.95883E-1 2.39809E-1 2.34727E-1 2.47015E-1 2.26573E-1 2.21017E-1 2.16404E-1 3.00272E-1 2.62512E-1 2.4868E-1 3.13255E-1 3.32963E-1 3.62623E-1 3.16408E-1 2.82367E-1 2.62846E-1 3.3799E-1 3.91405E-1 3.52684E-1 3.35789E-1 3.60281E-1 3.83608E-1 3.94116E-1 3.81676E-1 4.0937E-1 5.11366E-1 5.13041E-1 4.98323E-1 4.91837E-1 4.95826E-1 5.142E-1 4.61395E-1 3.99348E-1 3.40408E-1 2.68642E-1 2.70211E-1 2.86008E-1
-9999 -9999 -9999 -9999 -9999 -9999 -9999 2.60764E-1 2.8701E-1 3.13706E-1 3.33505E-1 2.85755E-1 2.38214E-1 2.1392E-1 2.27364E-1 2.62069E-1 2.73892E-1 2.07018E-1 2.32626E-1 1.92184E-1 1.921E-1 2.40783E-1 2.76914E-1 2.52625E-1 2.2748E-1 1.97989E-1 2.21189E-1 2.17774E-1 2.14576E-1 1.8826E-1 2.56405E-1 2.30873E-1 2.38639E-1 2.95051E-1 3.07466E-1 3.35855E-1 2.54626E-1 2.38123E-1 2.5049E-1 3.12584E-1 3.76095E-1 3.54646E-1 3.81221E-1 3.97997E-1 3.83391E-1 3.46213E-1 2.70848E-1 3.74211E-1 2.03372E-1 4.34688E-1 5.34779E-1 5.12723E-1 5.16826E-1 4.81538E-1 4.83256E-1 3.55868E-1 2.57621E-1 2.05784E-1 2.17042E-1 2.055E-1
-9999 -9999 -9999 -9999 -9999 -9999 -9999 -9999 2.94418E-1 3.10657E-1 3.1828E-1 2.37375E-1 2.04319E-1 1.99478E-1 2.65618E-1 2.77236E-1 1.88356E-1 1.87686E-1 2.22409E-1 2.83476E-1 2.70308E-1 2.68207E-1 2.4305E-1 2.08362E-1 2.015E-1 1.44642E-1 1.87076E-1 1.91575E-1 1.96564E-1 1.62628E-1 2.61705E-1 2.44705E-1 2.88941E-1 2.82563E-1 2.93244E-1 2.5511E-1 2.37035E-1 2.5136E-1 2.94481E-1 3.5921E-1 4.32417E-1 3.9696E-1 2.33985E-1 4.49554E-1 4.54606E-1 3.91853E-1 3.71833E-1 4.96502E-1 3.91571E-1 5.32172E-1 5.26965E-1 4.17366E-1 4.82169E-1 3.1348E-1 3.66474E-1 2.7362E-1 2.23007E-1 2.35098E-1 2.58112E-1 2.5735E-1
-9999 -9999 -9999 -9999 -9999 -9999 -9999 -9999 -9999 3.16165E-1 2.94158E-1 2.27167E-1 2.16801E-1 2.95728E-1 3.64175E-1 1.86203E-1 2.25118E-1 2.7727E-1 3.23163E-1 3.39053E-1 2.6141E-1 2.55368E-1 2.10845E-1 1.70608E-1 1.73745E-1 1.47303E-1 1.73939E-1 1.75841E-1 1.82806E-1 1.73693E-1 2.91598E-1 2.85755E-1 2.69341E-1 2.87476E-1 2.83874E-1 2.32877E-1 2.33226E-1 2.69478E-1 3.1917E-1 2.45964E-1 4.10244E-1 3.99831E-1 4.22984E-1 4.28934E-1 4.09158E-1 3.36221E-1 3.24233E-1 4.62949E-1 4.54749E-1 4.92521E-1 4.44096E-1 3.59804E-1 1.99639E-1 1.97887E-1 1.64226E-1 1.17758E-1 6.20115E-2 2.06797E-1 1.46318E-1 2.21053E-1
-9999 -9999 -9999 -9999 -9999 -9999 -9999 -9999 -9999 -9999 2.91566E-1 2.48157E-1 2.40929E-1 2.38365E-1 3.0345E-1 1.98217E-1 2.34562E-1 2.82956E-1 3.01209E-1 3.03398E-1 2.32008E-1 2.11355E-1 1.83529E-1 1.53815E-1 1.38845E-1 1.35784E-1 1.83299E-1 1.76434E-1 1.72686E-1 1.92659E-1 2.71508E-1 2.9092E-1 3.07236E-1 2.87305E-1 2.68711E-1 2.67128E-1 2.56259E-1 3.05112E-1 3.36355E-1 2.93749E-1 4.38581E-1 3.48213E-1 4.0546E-1 4.06062E-1 3.50266E-1 2.97903E-1 4.15366E-1 3.7156E-1 4.503E-1 3.55356E-1 2.42397E-1 2.18202E-1 1.80976E-1 1.66702E-1 1.43676E-1 1.72017E-1 2.58646E-1 2.55128E-1 2.82261E-1 2.7645E-1
-9999 -9999 -9999 -9999 -9999 -9999 -9999 -9999 -9999 -9999 -9999 2.42579E-1 3.92843E-1 4.70855E-1 3.3293E-1 2.52482E-1 2.01838E-1 2.19898E-1 2.33838E-1 2.68364E-1 3.03036E-1 2.66845E-1 2.19152E-1 1.95627E-1 2.30155E-1 2.81055E-1 3.66955E-1 3.54833E-1 3.38344E-1 3.01242E-1 2.91283E-1 3.07014E-1 3.34919E-1 2.86184E-1 3.04662E-1 3.10411E-1 2.85182E-1 3.43902E-1 3.97547E-1 5.2107E-1 4.41567E-1 3.52621E-1 4.39526E-1 4.38285E-1 3.35926E-1 2.97784E-1 2.0573E-1 3.75055E-1 2.32447E-1 1.97031E-1 1.99423E-1 2.22942E-1 1.9479E-1 1.79642E-1 1.3791E-1 3.28875E-1 2.44952E-1 3.01419E-1 3.17072E-1 3.58014E-1
-9999 -9999 -9999 -9999 -9999 -9999 -9999 -9999 -9999 -9999 -9999 -9999 2.05199E-1 4.16689E-1 3.98636E-1 2.86412E-1 2.07249E-1 2.13856E-1 2.19415E-1 2.73155E-1 3.19669E-1 2.90131E-1 2.48113E-1 2.34883E-1 2.52755E-1 2.75964E-1 4.01349E-1 3.82784E-1 3.65335E-1 3.27702E-1 2.73275E-1 2.4956E-1 2.4266E-1 3.10459E-1 3.17038E-1 3.4611E-1 3.15246E-1 3.97249E-1 3.65867E-1 5.18652E-1 3.76235E-1 3.13967E-1 4.05036E-1 4.06334E-1 1.44518E-1 2.07979E-1 3.46085E-1 2.54564E-1 2.37264E-1 2.70179E-1 2.93724E-1 3.03834E-1 3.19935E-1 3.43768E-1 3.627E-1 2.83847E-1 3.01449E-1 3.05186E-1 3.26753E-1 3.93901E-1
-9999 -9999 -9999 -9999 -9999 -9999 -9999 -9999 -9999 -9999 -9999 -9999 4.28809E-1 2.03889E-1 4.20761E-1 2.43507E-1 1.78681E-1 1.89191E-1 2.23273E-1 2.84716E-1 2.5372E-1 3.08137E-1 2.96863E-1 2.869E-1 3.0478E-1 2.9624E-1 3.19267E-1 3.91689E-1 3.93324E-1 3.02428E-1 2.06304E-1 1.89388E-1 2.16064E-1 2.74061E-1 3.16078E-1 2.33084E-1 3.69382E-1 4.76575E-1 4.62923E-1 4.59271E-1 3.39654E-1 2.9581E-1 3.96033E-1 3.72776E-1 3.21369E-1 3.2872E-1 3.28823E-1 2.27998E-1 2.64277E-1 3.18338E-1 3.31953E-1 3.44126E-1 3.56429E-1 2.03032E-1 3.07285E-1 2.98499E-1 3.01839E-1 3.19799E-1 3.43972E-1 4.64258E-1
-9999 -9999 -9999 -9999 -9999 -9999 -9999 -9999 -9999 -9999 -9999 -9999 -9999 2.76148E-1 3.06604E-1 1.95394E-1 1.58223E-1 1.95892E-1 2.1258E-1 2.58535E-1 2.24911E-1 3.26313E-1 3.1425E-1 2.75885E-1 3.16411E-1 3.5132E-1 4.77557E-1 3.98162E-1 4.21278E-1 1.50168E-1 1.13621E-1 1.21032E-1 1.46351E-1 1.96153E-1 2.93142E-1 3.71724E-1 2.2267E-1 2.48991E-1 5.23118E-1 3.92312E-1 3.0989E-1 3.06491E-1 3.86763E-1 2.14996E-1 2.81445E-1 3.24156E-1 2.17999E-1 2.06374E-1 2.75358E-1 3.10264E-1 3.18987E-1 3.22329E-1 3.39983E-1 2.86299E-1 2.85263E-1 2.80922E-1 2.99798E-1 3.05082E-1 3.96048E-1 4.41402E-1
-9999 -9999 -9999 -9999 -9999 -9999 -9999 -9999 -9999 -9999 -9999 -9999 -9999 -9999 2.41954E-1 1.79901E-1 1.71072E-1 2.09164E-1 2.18335E-1 2.54937E-1 3.1667E-1 3.30235E-1 3.71604E-1 3.69539E-1 2.48342E-1 3.84324E-1 4.80956E-1 4.31987E-1 2.80743E-1 1.75781E-1 9.93547E-2 1.10912E-1 1.59745E-1 2.53922E-1 2.62551E-1 3.64757E-1 3.95933E-1 5.0257E-1 4.96961E-1 3.39811E-1 2.98965E-1 3.30585E-1 2.45972E-1 2.93083E-1 2.39639E-1 1.60636E-1 1.70308E-1 2.56794E-1 3.02636E-1 3.20974E-1 3.23434E-1 3.38991E-1 3.30155E-1 3.09475E-1 2.99426E-1 2.7495E-1 2.86155E-1 3.00711E-1 3.79932E-1 4.1424E-1
-9999 -9999 -9999 -9999 -9999 -9999 -9999 -9999 -9999 -9999 -9999 -9999 -9999 -9999 2.25864E-1 2.10785E-1 2.35901E-1 2.523E-1 2.48495E-1 2.9405E-1 4.15327E-1 4.57524E-1 3.50878E-1 4.82866E-1 5.02135E-1 3.36619E-1 2.83059E-1 2.39736E-1 1.77283E-1 1.2411E-1 8.46907E-2 1.26882E-1 1.83436E-1 1.94568E-1 2.17772E-1 3.32827E-1 3.49936E-1 4.45038E-1 4.41561E-1 2.77486E-1 2.27455E-1 2.89721E-1 1.63384E-1 1.57043E-1 1.1957E-1 1.16195E-1 1.33609E-1 2.10331E-1 2.32891E-1 2.26086E-1 2.84101E-1 2.83544E-1 2.92295E-1 2.89158E-1 2.78029E-1 2.36485E-1 2.31725E-1 2.16663E-1 3.18572E-1 3.7825E-1
-9999 -9999 -9999 -9999 -9999 -9999 -9999 -9999 -9999 -9999 -9999 -9999 -9999 -9999 2.11004E-1 1.92823E-1 2.42676E-1 2.51796E-1 2.46161E-1 3.0543E-1 4.57999E-1 3.58568E-1 5.49486E-1 5.99636E-1 2.43614E-1 1.35816E-1 3.56561E-1 2.42072E-1 1.92244E-1 1.65463E-1 1.64874E-1 1.78442E-1 1.98104E-1 1.97503E-1 2.28391E-1 3.06148E-1 3.19569E-1 4.03811E-1 4.05871E-1 2.40112E-1 3.87513E-1 2.31756E-1 1.33497E-1 1.29164E-1 1.16464E-1 1.41788E-1 1.98139E-1 2.41046E-1 2.30052E-1 2.47679E-1 3.02394E-1 2.9971E-1 1.93357E-1 3.24707E-1 2.83105E-1 2.34589E-1 2.28944E-1 2.27151E-1 3.19266E-1 2.72256E-1
-9999 -9999 -9999 -9999 -9999 -9999 -9999 -9999 -9999 -9999 -9999 -9999 -9999 -9999 2.04488E-1 2.37368E-1 2.29402E-1 2.56119E-1 2.73151E-1 3.37049E-1 3.63294E-1 4.83716E-1 1.88274E-1 6.06334E-1 5.08407E-1 3.41872E-1 2.68832E-1 2.20831E-1 1.93695E-1 1.74222E-1 1.78756E-1 1.70321E-1 1.84013E-1 1.97875E-1 1.95703E-1 2.67722E-1 2.96489E-1 3.72554E-1 3.80042E-1 3.77274E-1 1.75937E-1 1.46374E-1 1.30703E-1 1.379E-1 1.63814E-1 1.83863E-1 2.15546E-1 2.28746E-1 2.34074E-1 2.63894E-1 3.02638E-1 2.9627E-1 1.63169E-1 3.37938E-1 2.87894E-1 2.34956E-1 1.98857E-1 1.86008E-1 2.18387E-1 1.07889E-1
-9999 -9999 -9999 -9999 -9999 -9999 -9999 -9999 -9999 -9999 -9999 -9999 -9999 3.75864E-1 2.99428E-1 2.6385E-1 2.53385E-1 2.72038E-1 2.99138E-1 3.28024E-1 4.12853E-1 2.48646E-1 3.018E-1 3.2328E-1 2.51403E-1 1.65902E-1 1.64033E-1 3.09745E-1 2.36686E-1 2.39016E-1 2.03845E-1 2.07386E-1 1.9441E-1 1.79858E-1 1.54205E-1 2.25296E-1 2.8191E-1 1.30103E-1 3.57431E-1 2.10479E-1 1.57223E-1 1.80404E-1 2.16045E-1 1.97853E-1 2.02601E-1 1.98428E-1 2.1557E-1 2.45022E-1 2.63482E-1 3.10034E-1 3.13331E-1 2.85412E-1 3.32477E-1 3.32662E-1 2.79672E-1 2.4098E-1 2.09638E-1 1.95815E-1 1.71901E-1 -9999
-9999 -9999 -9999 -9999 -9999 -9999 -9999 -9999 -9999 -9999 -9999 -9999 2.97358E-1 1.45069E-1 2.02538E-1 1.62913E-1 3.63092E-1 4.13574E-1 2.64216E-1 2.00122E-1 1.99605E-1 2.31867E-1 2.49288E-1 1.40293E-1 1.39189E-1 2.71508E-1 3.77425E-1 1.5999E-1 3.50707E-1 2.53453E-1 2.24983E-1 2.41039E-1 2.00894E-1 1.60613E-1 1.39318E-1 1.82717E-1 2.1962E-1 1.05617E-1 2.56358E-1 1.83529E-1 2.00112E-1 2.27346E-1 2.27108E-1 2.19996E-1 2.07974E-1 1.8569E-1 2.09752E-1 2.32108E-1 2.87648E-1 3.26677E-1 3.27042E-1 2.41058E-1 3.55236E-1 3.13142E-1 2.59293E-1 2.26613E-1 1.97068E-1 1.94516E-1 1.84411E-1 2.13537E-1
-9999 -9999 -9999 -9999 -9999 -9999 -9999 -9999 -9999 -9999 -9999 1.86345E-1 4.30985E-1 1.85151E-1 1.79435E-1 1.41812E-1 3.27236E-1 1.96115E-1 2.53387E-1 1.61519E-1 1.59875E-1 3.87357E-1 2.95959E-1 3.24571E-1 2.07338E-1 3.6428E-1 1.56618E-1 1.3963E-1 2.40363E-1 4.58592E-1 1.93534E-1 3.79006E-1 3.0549E-1 2.59731E-1 2.05202E-1 1.75682E-1 2.56184E-1 2.97159E-1 2.44001E-1 2.39511E-1 2.67763E-1 2.60984E-1 2.8665E-1 2.41868E-1 2.09331E-1 1.67107E-1 1.87755E-1 2.22655E-1 3.12855E-1 3.09901E-1 2.55071E-1 2.96574E-1 3.42623E-1 2.5938E-1 2.19134E-1 1.8247E-1 1.53608E-1 1.79202E-1 2.11567E-1 2.46912E-1
-9999 -9999 -9999 -9999 -9999 -9999 -9999 -9999 -9999 -9999 3.12651E-1 2.54192E-1 1.78719E-1 2.75384E-1 2.43204E-1 2.26839E-1 3.68634E-1 1.85725E-1 2.55594E-1 1.90413E-1 2.22777E-1 4.56996E-1 3.57063E-1 3.44441E-1 2.60154E-1 3.2313E-1 4.40325E-1 1.88082E-1 1.4923E-1 3.45621E-1 3.26662E-1 3.3775E-1 3.99283E-1 3.18999E-1 2.36462E-1 2.17375E-1 2.13365E-1 3.41253E-1 3.11342E-1 3.15819E-1 3.50153E-1 3.43446E-1 3.11591E-1 2.50734E-1 2.12005E-1 1.71404E-1 1.90607E-1 2.46723E-1 3.06167E-1 2.94863E-1 2.88229E-1 3.49368E-1 3.68539E-1 2.65011E-1 2.10212E-1 1.87972E-1 1.51414E-1 1.64727E-1 1.86044E-1 3.16379E-1
-9999 -9999 -9999 -9999 -9999 -9999 -9999 -9999 -9999 -9999 4.34875E-1 2.08072E-1 2.40307E-1 2.02047E-1 3.10325E-1 2.98452E-1 1.39721E-1 1.25929E-1 1.22345E-1 1.7917E-1 2.79785E-1 3.26848E-1 2.90267E-1 3.80143E-1 3.51171E-1 9.82041E-2 1.33183E-1 2.30438E-1 2.11682E-1 1.29693E-1 3.27939E-1 3.8417E-1 1.10968E-1 2.1805E-1 2.62085E-1 2.4328E-1 3.70143E-1 4.11641E-1 4.14156E-1 4.31368E-1 3.95236E-1 3.70805E-1 2.89562E-1 2.6242E-1 1.96314E-1 1.96226E-1 1.98238E-1 2.94536E-1 3.16503E-1 2.78302E-1 1.35374E-1 3.87446E-1 3.07324E-1 2.48532E-1 1.77202E-1 1.70334E-1 1.58617E-1 1.76232E-1 2.55975E-1 3.20628E-1
-9999 -9999 -9999 -9999 -9999 -9999 -9999 -9999 -9999 1.07559E-2 4.15697E-1 2.68736E-1 1.91678E-1 3.39708E-1 2.17489E-1 4.05069E-1 4.64153E-1 2.6835E-1 2.44289E-1 2.38134E-1 4.50864E-1 4.94792E-1 5.0758E-1 5.13739E-1 4.21587E-1 3.17538E-1 3.28479E-1 1.91967E-1 1.46708E-1 2.24545E-1 1.45007E-1 3.11913E-1 1.76827E-1 1.76494E-1 2.03666E-1 -9999 3.41924E-1 3.85233E-1 4.12636E-1 4.71552E-1 4.4131E-1 3.76524E-1 2.99907E-1 2.60835E-1 2.41428E-1 2.28831E-1 2.90191E-1 3.05366E-1 2.73488E-1 2.53603E-1 2.97707E-1 3.64337E-1 2.81687E-1 2.36557E-1 1.82558E-1 1.79253E-1 1.6937E-1 1.66301E-1 1.17338E-1 3.33257E-1
