Phytophthora/models/20240429_1812_56/Phytophthora_PA1_RUN9_MAXENT_outputs/Phytophthora_PA1_RUN9.asc
ncols         225
nrows         269
xllcorner     473000.0
yllcorner     4429100.0
cellsize      50.0
NODATA_value  -9999
[rows 54 to 80 of 269, columns 0 to 59 of 225]
-9999 -9999 -9999 -9999 -9999 -9999 -9999 -9999 -9999 -9999 -9999 -9999 -9999 -9999 -9999 -9999 -9999 -9999 -9999 -9999 -9999 -9999 2.49471E-2 1.57202E-2 3.93692E-2 4.26569E-2 3.45412E-2 3.17723E-2 4.6413E-2 4.74995E-2 5.53991E-2 5.71371E-2 6.83638E-2 7.19608E-2 9.28263E-2 1.21371E-1 5.78786E-2 1.35824E-1 5.79038E-2 1.32597E-1 9.24751E-2 8.31705E-2 6.14673E-2 8.40893E-2 1.21334E-1 4.07073E-2 4.07848E-2 2.721E-2 3.71096E-2 4.57869E-2 5.08346E-2 4.80633E-2 4.37743E-2 4.00584E-2 3.17441E-2 3.08129E-2 1.976E-2 1.42354E-2 1.36307E-2 1.77041E-2
-9999 -9999 -9999 -9999 -9999 -9999 -9999 -9999 -9999 -9999 -9999 -9999 -9999 -9999 -9999 -9999 -9999 -9999 -9999 -9999 -9999 -9999 3.46947E-2 2.59957E-2 2.02422E-2 2.95502E-2 4.76459E-2 4.25019E-2 5.4243E-2 4.52096E-2 5.41779E-2 5.7289E-2 7.60743E-2 8.66947E-2 1.86681E-2 1.28608E-1 1.32544E-1 1.12397E-1 7.81198E-2 3.67418E-2 8.44785E-2 4.65911E-2 6.15771E-2 9.48399E-2 1.44222E-1 6.75398E-2 6.55358E-2 6.29888E-2 3.10544E-2 5.3895E-2 4.49186E-2 3.56293E-2 3.53241E-2 2.01385E-2 1.98376E-2 1.74833E-2 1.16093E-2 9.99642E-3 8.3676E-3 1.35737E-2
-9999 -9999 -9999 -9999 -9999 -9999 -9999 -9999 -9999 -9999 -9999 -9999 -9999 -9999 -9999 -9999 -9999 -9999 -9999 -9999 -9999 -9999 1.3024E-2 1.26446E-2 1.58983E-2 1.83232E-2 4.98693E-3 3.34823E-2 4.30097E-2 5.46684E-2 6.09454E-2 5.799E-2 5.17933E-2 4.30952E-2 1.30762E-1 1.36834E-1 1.31495E-1 1.27534E-1 6.51449E-2 8.91829E-2 8.86075E-2 9.76064E-2 7.49714E-2 9.68032E-2 8.06529E-2 2.61938E-2 2.88455E-2 2.61343E-2 2.95992E-2 2.70783E-2 3.0752E-2 3.15659E-2 1.4114E-2 2.18589E-2 1.6219E-2 1.79604E-2 1.51876E-2 1.27353E-2 1.1613E-2 1.6871E-2
-9999 -9999 -9999 -9999 -9999 -9999 -9999 -9999 -9999 -9999 -9999 -9999 -9999 -9999 -9999 -9999 -9999 -9999 -9999 -9999 -9999 1.90269E-2 1.43206E-2 8.80057E-3 6.742E-3 1.27543E-2 1.03518E-2 2.1023E-2 2.76955E-2 9.25462E-3 1.54277E-2 3.29154E-2 9.5567E-2 8.29956E-2 1.0109E-1 1.14675E-1 9.91605E-2 7.39159E-2 3.78349E-2 7.31165E-2 3.35453E-2 8.30627E-2 6.05153E-2 6.29323E-2 3.12346E-2 1.79264E-2 1.8493E-2 2.23396E-2 1.76447E-2 1.74289E-2 1.90683E-2 1.13906E-2 1.24125E-2 1.1838E-2 1.04675E-2 1.53254E-2 1.12183E-2 1.46812E-2 1.53258E-2 1.67433E-2
-9999 -9999 -9999 -9999 -9999 -9999 -9999 -9999 -9999 -9999 -9999 -9999 -9999 -9999 -9999 -9999 -9999 -9999 1.00928E-3 2.08039E-3 8.50222E-3 1.09214E-2 1.66214E-2 1.08417E-2 7.4845E-3 1.85636E-2 5.16414E-2 2.05251E-2 2.6393E-2 4.20019E-2 5.40281E-2 4.95031E-2 8.71141E-2 4.98025E-2 7.51838E-2 8.454E-2 9.55709E-2 6.12494E-2 3.17032E-2 6.70542E-2 3.18563E-2 6.94687E-2 3.58789E-2 7.71638E-2 4.08807E-2 1.45324E-2 1.24734E-2 9.97365E-3 1.24732E-2 1.47111E-2 1.73393E-2 1.2852E-2 1.03479E-2 1.07561E-2 1.18359E-2 1.78025E-2 1.25628E-2 1.3743E-2 1.15296E-2 1.55342E-2
-9999 -9999 -9999 -9999 -9999 -9999 -9999 -9999 -9999 -9999 -9999 -9999 -9999 -9999 -9999 -9999 7.32934E-4 7.31796E-4 8.87656E-4 2.32153E-3 8.75942E-3 8.71443E-3 1.70171E-2 2.12416E-2 1.88486E-2 2.29153E-2 4.40438E-2 1.89558E-2 2.54852E-2 4.00055E-2 5.13E-2 5.17424E-2 4.34729E-2 4.11036E-2 5.3673E-2 6.38253E-2 5.67851E-2 5.65457E-2 5.0133E-2 4.29196E-2 3.75588E-2 4.07566E-2 4.87398E-2 5.46777E-2 1.5687E-2 1.29984E-2 1.10758E-2 1.32819E-2 1.05725E-2 1.1291E-2 1.51331E-2 1.29377E-2 1.04304E-2 9.36877E-3 1.00458E-2 1.3956E-2 1.33785E-2 9.51741E-3 1.69143E-2 1.55743E-2
-9999 -9999 -9999 -9999 -9999 -9999 -9999 -9999 -9999 -9999 -9999 -9999 -9999 -9999 -9999 1.70632E-3 7.85608E-4 5.5676E-4 4.14367E-4 1.20993E-3 1.25427E-2 1.46429E-2 1.49823E-2 1.84744E-2 2.57464E-2 2.96966E-2 1.33375E-2 1.9755E-2 2.68312E-2 3.59581E-2 4.8861E-2 5.47437E-2 5.54471E-2 5.0638E-2 6.05267E-2 5.9316E-2 6.78467E-2 5.9006E-2 5.26205E-2 4.18728E-2 3.47001E-2 3.99907E-2 3.24043E-2 4.48458E-2 4.30766E-2 1.60004E-2 9.14093E-3 8.40459E-3 7.88939E-3 8.83067E-3 1.0873E-2 1.28425E-2 1.21651E-2 1.00663E-2 1.02588E-2 1.34889E-2 2.02251E-2 1.65712E-2 7.76331E-3 1.50208E-2
-9999 -9999 -9999 -9999 -9999 -9999 -9999 -9999 -9999 -9999 -9999 -9999 -9999 -9999 1.74316E-2 8.36893E-3 1.07293E-2 9.33992E-3 6.44199E-3 5.22886E-3 7.42557E-3 1.33778E-2 1.39553E-2 1.92269E-2 2.87812E-2 3.4286E-2 7.64766E-2 3.96292E-2 4.39748E-2 4.83797E-2 4.37006E-2 5.72144E-2 5.69755E-2 5.20189E-2 6.80252E-2 4.93194E-2 5.166E-2 3.71459E-2 3.63449E-2 3.14048E-2 2.08857E-2 2.84513E-2 1.88057E-2 1.59546E-2 2.01907E-2 2.81415E-2 2.2921E-2 2.32204E-2 2.27601E-2 1.68646E-2 8.48272E-3 9.50223E-3 7.60361E-3 1.31502E-2 1.68148E-2 1.77937E-2 1.56831E-2 1.37868E-2 1.19642E-2 1.1274E-2
-9999 -9999 -9999 -9999 -9999 -9999 -9999 -9999 -9999 -9999 -9999 -9999 -9999 4.96425E-3 1.45323E-2 8.93165E-3 1.06701E-2 9.64434E-3 8.26426E-3 6.36407E-3 5.64308E-3 7.79761E-3 2.26703E-2 1.4554E-2 1.12127E-2 2.146E-2 2.14615E-2 4.86163E-2 5.83648E-2 6.77939E-2 6.10866E-2 5.18309E-2 7.08114E-2 6.75691E-2 6.60729E-2 4.15499E-2 4.76498E-2 3.41044E-2 2.73895E-2 2.81161E-2 2.10896E-2 2.22431E-2 1.88579E-2 1.86558E-2 1.88981E-2 2.19776E-2 1.86825E-2 1.83586E-2 1.51482E-2 5.4519E-3 2.51448E-3 2.44237E-3 4.97662E-3 1.09544E-2 1.40538E-2 1.72219E-2 7.09942E-3 1.26098E-2 1.02823E-2 1.2524E-2
-9999 -9999 -9999 -9999 -9999 -9999 -9999 -9999 -9999 -9999 -9999 -9999 -9999 2.20388E-2 1.97518E-2 1.29535E-2 1.45479E-2 1.37638E-2 1.28044E-2 1.09596E-2 1.05495E-2 3.27847E-2 9.81044E-3 1.01809E-2 1.102E-2 4.69317E-2 3.33389E-2 6.37251E-2 7.0446E-2 6.7181E-2 5.43929E-2 5.11387E-2 5.71808E-2 5.11045E-2 4.42402E-2 4.70274E-2 3.79412E-2 2.75498E-2 2.32614E-2 2.18363E-2 1.96319E-2 2.31062E-2 1.82074E-2 1.98167E-2 1.77003E-2 2.07242E-2 1.7138E-2 1.9097E-2 1.92006E-2 1.01735E-2 4.61406E-3 4.91213E-3 1.25572E-2 1.35269E-2 1.53632E-2 9.465E-3 1.47764E-2 7.57873E-3 4.21761E-3 1.42913E-2
-9999 -9999 -9999 -9999 -9999 -9999 -9999 -9999 -9999 -9999 -9999 -9999 -9999 1.73336E-2 2.09778E-2 1.55335E-2 1.61016E-2 1.46274E-2 1.3984E-2 1.2267E-2 1.71661E-2 1.80455E-2 1.44972E-2 1.8872E-2 2.93759E-2 4.43706E-2 4.7487E-2 5.54836E-2 6.96899E-2 8.15841E-2 6.72677E-2 5.90012E-2 5.86052E-2 4.02601E-2 5.01133E-2 3.80909E-2 3.56538E-2 2.69672E-2 2.9135E-2 2.95141E-2 2.11684E-2 2.61073E-2 2.27829E-2 2.24461E-2 1.91526E-2 2.84998E-2 2.56998E-2 1.84019E-2 1.51497E-2 1.20053E-2 4.41028E-3 3.47704E-3 1.27124E-2 3.01513E-3 2.54686E-3 1.65542E-2 8.61671E-3 8.26738E-3 1.0707E-2 1.23274E-2
-9999 -9999 -9999 -9999 -9999 -9999 -9999 -9999 -9999 -9999 -9999 -9999 1.95441E-2 2.25021E-2 2.62242E-2 2.00294E-2 2.04694E-2 1.98408E-2 1.68931E-2 1.46344E-2 2.2353E-2 1.73459E-2 1.9961E-2 2.29035E-2 4.44536E-2 8.0472E-2 5.48595E-2 6.5625E-2 7.18547E-2 7.054E-2 6.08183E-2 6.14329E-2 6.73239E-2 6.92275E-2 5.10197E-2 3.74194E-2 3.62149E-2 3.12987E-2 2.97162E-2 3.36201E-2 2.13055E-2 1.20811E-2 1.49149E-2 2.02382E-2 1.67179E-2 2.15656E-2 2.26785E-2 2.41244E-2 2.37077E-2 1.81753E-2 8.29753E-3 7.12362E-3 2.60394E-3 7.03278E-3 5.69172E-3 9.20712E-3 1.43309E-2 1.74783E-2 1.34483E-2 1.24866E-2
-9999 -9999 -9999 -9999 -9999 -9999 -9999 -9999 -9999 -9999 -9999 -9999 2.23581E-2 5.78508E-2 4.05555E-2 3.01321E-2 2.80765E-2 2.54549E-2 2.37178E-2 2.42896E-2 2.74203E-2 1.07361E-2 3.22866E-2 2.79343E-2 2.12055E-2 4.48265E-2 9.54572E-2 6.68251E-2 5.56526E-2 5.24485E-2 3.54836E-2 2.53574E-2 3.02789E-2 2.87262E-2 3.21136E-2 1.93225E-2 2.32089E-2 2.18535E-2 1.9986E-2 2.49536E-2 2.54835E-2 3.07212E-2 2.50739E-2 2.6952E-2 2.14331E-2 2.13723E-2 1.84371E-2 2.50735E-2 2.41713E-2 1.98108E-2 4.86275E-3 9.20282E-3 1.41736E-2 7.72029E-3 1.0338E-2 1.16685E-2 1.06984E-2 1.17348E-2 1.30119E-2 1.73129E-2
-9999 -9999 -9999 -9999 -9999 -9999 -9999 -9999 -9999 -9999 3.47236E-3 2.26495E-2 1.2529E-2 4.49313E-2 3.19352E-2 2.46878E-2 2.97775E-2 3.01827E-2 3.30818E-2 3.53403E-2 2.65574E-2 1.07702E-2 3.17816E-2 3.2657E-2 2.14888E-2 2.29789E-2 9.10921E-2 6.17873E-2 6.3842E-2 6.87582E-2 4.58424E-2 3.53293E-2 3.52703E-2 2.78032E-2 2.87625E-2 2.21321E-2 2.60793E-2 2.52061E-2 2.93391E-2 3.06621E-2 3.6876E-2 3.56032E-2 4.23104E-2 3.58163E-2 2.93418E-2 2.72408E-2 2.83044E-2 3.19733E-2 2.82049E-2 1.58886E-2 1.59827E-2 1.34864E-2 1.09495E-2 1.10003E-2 9.26317E-3 1.15002E-2 9.9809E-3 1.03775E-2 1.25186E-2 1.48111E-2
-9999 -9999 -9999 -9999 -9999 -9999 -9999 -9999 -9999 1.92366E-3 7.14031E-3 7.37309E-3 3.58249E-2 1.66353E-2 2.19657E-2 1.7979E-2 2.30351E-2 2.80131E-2 3.43708E-2 3.38073E-2 3.3238E-2 1.55991E-2 2.40058E-2 1.98265E-2 1.40214E-2 1.73879E-2 1.05549E-1 3.58699E-2 4.93621E-2 7.28297E-2 4.19728E-2 3.10722E-2 3.32993E-2 2.73859E-2 2.72605E-2 2.3928E-2 2.69412E-2 2.12367E-2 3.90647E-2 3.80495E-2 3.98412E-2 3.83541E-2 3.78653E-2 3.6813E-2 3.55838E-2 3.10909E-2 3.10444E-2 2.88152E-2 3.42574E-2 2.69632E-2 1.09216E-2 1.17772E-2 9.94668E-3 5.47589E-3 8.88099E-3 1.18267E-2 1.08003E-2 9.60298E-3 1.0315E-2 1.40103E-2
-9999 -9999 -9999 -9999 -9999 -9999 -9999 -9999 -9999 -9999 2.19317E-2 1.11024E-2 7.83614E-3 1.02325E-2 2.25208E-2 2.39796E-2 2.51973E-2 3.75297E-2 3.86374E-2 3.81071E-2 4.39232E-2 3.78611E-2 3.51475E-2 4.01585E-2 1.4753E-2 2.40173E-2 2.12613E-2 3.13513E-2 2.77886E-2 4.13863E-2 3.85183E-2 3.72209E-2 3.9453E-2 3.5554E-2 2.86156E-2 2.90102E-2 3.30747E-2 3.92764E-2 1.86529E-2 4.80421E-2 5.11588E-2 4.38172E-2 3.8895E-2 3.45723E-2 3.35466E-2 3.06007E-2 3.13453E-2 3.27503E-2 3.48588E-2 1.02467E-2 1.40177E-2 9.90107E-3 9.75855E-3 8.28938E-3 8.19176E-3 6.81624E-3 1.19013E-2 1.06535E-2 9.33834E-3 1.19825E-2
-9999 -9999 -9999 -9999 -9999 -9999 -9999 -9999 -9999 -9999 -9999 -9999 -9999 -9999 3.28176E-2 3.12755E-2 3.82379E-2 4.57691E-2 4.40605E-2 3.30346E-2 3.17074E-2 3.57966E-2 4.00933E-2 4.31826E-2 4.93228E-2 3.84358E-2 2.37888E-2 4.10335E-2 4.04469E-2 4.49208E-2 4.64445E-2 5.64781E-2 5.06293E-2 4.38993E-2 3.19268E-2 2.81276E-2 3.13352E-2 3.28185E-2 5.4561E-2 4.17865E-2 3.40486E-2 4.33414E-2 4.17872E-2 3.64012E-2 3.6176E-2 3.40474E-2 3.57729E-2 2.74876E-2 2.86588E-2 2.52546E-2 1.15637E-2 1.05147E-2 4.77221E-3 7.869E-3 8.24856E-3 1.12874E-2 9.62159E-3 9.8795E-3 9.37708E-3 1.18377E-2
-9999 -9999 -9999 -9999 -9999 -9999 -9999 -9999 -9999 -9999 -9999 -9999 -9999 -9999 -9999 -9999 -9999 -9999 -9999 4.90826E-2 3.10197E-2 4.49008E-2 4.94384E-2 5.20096E-2 5.45666E-2 5.99509E-2 4.17378E-2 4.8328E-2 6.14299E-2 6.53935E-2 5.58477E-2 4.1989E-2 5.66021E-2 4.81911E-2 3.43919E-2 2.51506E-2 2.49153E-2 2.44194E-2 2.3391E-2 2.94764E-2 4.22061E-2 4.02038E-2 3.14401E-2 2.32884E-2 2.52234E-2 2.74716E-2 2.27206E-2 1.7997E-2 3.30223E-2 2.08767E-2 9.28114E-3 9.6589E-3 7.16362E-3 4.29298E-3 8.30962E-3 9.34936E-3 9.39937E-3 9.51607E-3 9.61865E-3 1.17895E-2
-9999 -9999 -9999 -9999 -9999 -9999 -9999 -9999 -9999 -9999 -9999 -9999 -9999 -9999 -9999 -9999 -9999 -9999 -9999 -9999 3.45297E-2 5.24807E-2 5.51857E-2 5.81199E-2 6.18658E-2 6.32353E-2 5.90276E-2 6.18361E-2 6.38235E-2 1.02222E-1 6.43569E-2 6.08701E-2 5.49891E-2 4.75054E-2 3.64894E-2 2.60367E-2 2.36433E-2 2.61023E-2 2.55207E-2 2.61143E-2 3.36703E-2 3.2061E-2 3.52434E-2 3.06721E-2 3.33499E-2 3.14353E-2 2.74496E-2 3.1269E-2 2.42917E-2 1.60199E-2 7.90127E-3 7.67863E-3 6.62231E-3 6.6081E-3 6.94712E-3 1.08663E-2 1.06379E-2 1.15683E-2 1.23716E-2 1.39475E-2
-9999 -9999 -9999 -9999 -9999 -9999 -9999 -9999 -9999 -9999 -9999 -9999 -9999 -9999 -9999 -9999 -9999 -9999 -9999 -9999 -9999 6.02044E-2 5.5088E-2 5.33841E-2 5.87381E-2 5.17985E-2 5.81932E-2 7.80274E-2 1.05099E-1 4.06656E-2 2.3755E-2 4.20231E-2 4.54933E-2 4.68268E-2 3.86162E-2 3.05221E-2 2.61943E-2 2.20636E-2 2.16061E-2 2.57047E-2 3.22458E-2 3.36768E-2 1.40068E-2 3.4951E-2 3.47603E-2 3.26692E-2 3.5031E-2 2.84259E-2 2.08335E-2 1.51581E-2 8.18247E-3 7.00949E-3 6.28331E-3 7.17535E-3 7.698E-3 1.19875E-2 1.03449E-2 9.25066E-3 1.33359E-2 1.89957E-2
-9999 -9999 -9999 -9999 -9999 -9999 -9999 -9999 -9999 -9999 -9999 -9999 -9999 -9999 -9999 -9999 -9999 -9999 -9999 -9999 -9999 -9999 5.668E-2 5.24073E-2 5.09518E-2 4.73154E-2 5.99544E-2 8.06074E-2 8.69755E-2 5.55027E-2 3.3058E-2 3.76396E-2 3.07632E-2 2.48215E-2 3.616E-2 2.89461E-2 2.26188E-2 2.41984E-2 2.25975E-2 2.56892E-2 3.1506E-2 2.33342E-2 3.27972E-2 3.2716E-2 3.949E-2 3.29763E-2 2.69764E-2 1.13814E-2 2.1473E-2 1.90151E-2 1.08351E-2 8.62252E-3 9.16455E-3 1.00208E-2 1.03141E-2 1.51588E-2 1.28854E-2 1.0794E-2 1.33189E-2 2.08842E-2
-9999 -9999 -9999 -9999 -9999 -9999 -9999 -9999 -9999 -9999 -9999 -9999 -9999 -9999 -9999 -9999 -9999 -9999 -9999 -9999 -9999 -9999 -9999 4.01287E-2 4.0891E-2 4.22201E-2 5.71365E-2 6.90739E-2 5.82022E-2 3.7844E-2 2.62977E-2 2.96863E-2 2.93437E-2 3.61237E-2 4.27989E-2 2.25156E-2 3.25077E-2 3.25965E-2 2.86615E-2 2.86472E-2 1.92096E-2 3.447E-2 3.15235E-2 3.01941E-2 3.14587E-2 2.28175E-2 2.09917E-2 2.39513E-2 2.37618E-2 1.58836E-2 1.04449E-2 6.0883E-3 3.62901E-3 9.99987E-3 1.15518E-2 1.62197E-2 1.40453E-2 1.31052E-2 1.39272E-2 2.24673E-2
-9999 -9999 -9999 -9999 -9999 -9999 -9999 -9999 -9999 -9999 -9999 -9999 -9999 -9999 -9999 -9999 -9999 -9999 -9999 -9999 -9999 -9999 -9999 -9999 -9999 4.1864E-2 5.47014E-2 6.36654E-2 5.54384E-2 4.19861E-2 2.53201E-2 2.77004E-2 3.03384E-2 4.62279E-2 4.76779E-2 4.076E-2 3.37098E-2 3.75744E-2 3.80061E-2 2.92951E-2 3.40404E-2 3.52665E-2 3.10513E-2 2.69507E-2 2.53667E-2 2.72028E-2 2.70492E-2 2.79694E-2 3.75826E-2 3.54331E-2 2.91582E-2 2.85023E-2 2.24545E-2 2.40703E-2 3.19134E-2 4.78801E-2 4.61903E-2 5.29096E-2 5.17165E-2 1.87572E-2
-9999 -9999 -9999 -9999 -9999 -9999 -9999 -9999 -9999 -9999 -9999 -9999 -9999 -9999 -9999 -9999 -9999 -9999 -9999 -9999 -9999 -9999 -9999 -9999 -9999 -9999 -9999 4.7058E-2 4.13229E-2 4.39391E-2 2.98712E-2 2.32264E-2 3.054E-2 2.01751E-2 3.21689E-2 3.48757E-2 3.63464E-2 2.81729E-2 2.93593E-2 2.93615E-2 3.45318E-2 1.76381E-2 3.4761E-2 3.49516E-2 3.37997E-2 3.70872E-2 3.54315E-2 3.57348E-2 3.84004E-2 4.01463E-2 3.56858E-2 3.1718E-2 2.25107E-2 2.64475E-2 2.95089E-2 4.12204E-2 4.81621E-2 6.48272E-2 4.53041E-2 2.10392E-2
-9999 -9999 -9999 -9999 -9999 -9999 -9999 -9999 -9999 -9999 -9999 -9999 -9999 -9999 -9999 -9999 -9999 -9999 -9999 -9999 -9999 -9999 -9999 -9999 -9999 -9999 -9999 -9999 -9999 3.54677E-2 2.4734E-2 1.85677E-2 7.62507E-3 8.56389E-3 1.25961E-2 1.48317E-2 2.81944E-2 3.79133E-2 2.78013E-2 4.21418E-2 2.02979E-2 3.29747E-2 3.98258E-2 3.00666E-2 3.332E-2 1.61917E-2 3.74368E-2 3.48964E-2 4.07778E-2 4.00645E-2 3.56888E-2 3.80574E-2 3.20238E-2 3.71366E-2 3.05297E-2 4.57899E-2 4.66593E-2 4.93317E-2 5.64658E-2 2.70495E-2
-9999 -9999 -9999 -9999 -9999 -9999 -9999 -9999 -9999 -9999 -9999 -9999 -9999 -9999 -9999 -9999 -9999 -9999 -9999 -9999 -9999 -9999 -9999 -9999 -9999 -9999 -9999 -9999 -9999 -9999 -9999 3.34797E-3 3.30047E-3 3.13976E-3 6.27998E-3 8.58932E-3 1.56425E-2 2.27064E-2 2.45413E-2 2.78494E-2 3.90549E-2 3.51321E-2 3.95018E-2 4.12932E-2 4.01922E-2 4.37899E-2 3.4561E-2 3.69184E-2 4.53956E-2 5.31815E-2 4.81789E-2 4.9004E-2 3.73786E-2 3.49843E-2 3.7573E-2 5.07184E-2 4.47872E-2 6.31665E-2 4.55645E-2 4.0331E-2
-9999 -9999 -9999 -9999 -9999 -9999 -9999 -9999 -9999 -9999 -9999 -9999 -9999 -9999 -9999 -9999 -9999 -9999 -9999 -9999 -9999 -9999 -9999 -9999 -9999 -9999 -9999 -9999 -9999 -9999 -9999 3.56702E-3 3.73075E-3 2.67511E-3 1.52567E-2 4.88039E-3 8.20528E-3 1.46284E-2 2.2298E-2 2.98048E-2 2.76092E-2 2.54204E-2 3.10978E-2 2.8751E-2 1.88685E-2 3.48082E-2 3.43041E-2 3.09377E-2 4.72556E-2 7.42434E-2 3.06348E-2 3.82765E-2 5.39921E-2 4.53942E-2 4.9831E-2 6.69734E-2 5.64104E-2 6.74292E-2 7.98593E-2 5.8732E-2
