Phytophthora/models/20240429_1812_56/Phytophthora_PA1_RUN9_MAXENT_outputs/Phytophthora_PA1_RUN9.asc
ncols         225
nrows         269
xllcorner     473000.0
yllcorner     4429100.0
cellsize      50.0
NODATA_value  -9999
[rows 108 to 134 of 269, columns 120 to 179 of 225]
4.47943E-1 4.32073E-1 3.98999E-1 3.56517E-1 -9999 -9999 -9999 -9999 -9999 -9999 -9999 -9999 -9999 -9999 -9999 -9999 -9999 -9999 -9999 -9999 -9999 -9999 -9999 -9999 -9999 -9999 -9999 -9999 -9999 -9999 -9999 -9999 -9999 -9999 -9999 3.38951E-1 1.89339E-1 3.06665E-1 3.37919E-1 3.15761E-1 2.68377E-1 2.80034E-1 2.85999E-1 3.69957E-1 2.80798E-1 2.8034E-1 2.17353E-1 2.86181E-1 3.19766E-1 3.30955E-1 3.50858E-1 3.46464E-1 3.36398E-1 2.64677E-1 2.39173E-1 2.08802E-1 2.05297E-1 1.61249E-1 1.60643E-1 1.67502E-1
5.10061E-1 2.92229E-1 3.88052E-1 3.82994E-1 3.81883E-1 -9999 -9999 -9999 -9999 -9999 -9999 -9999 -9999 -9999 -9999 -9999 -9999 -9999 -9999 -9999 -9999 -9999 -9999 -9999 -9999 -9999 -9999 -9999 -9999 -9999 -9999 -9999 2.2397E-1 2.29502E-1 3.5315E-1 3.20035E-1 3.38554E-1 2.56053E-1 2.86248E-1 2.92672E-1 2.91957E-1 3.02407E-1 2.46454E-1 3.35722E-1 3.32182E-1 1.29669E-1 2.19171E-1 2.10462E-1 2.87735E-1 2.94894E-1 3.20709E-1 3.26184E-1 2.73868E-1 2.27594E-1 2.36279E-1 2.14338E-1 1.81519E-1 1.35484E-1 1.41271E-1 1.44646E-1
3.47825E-1 4.87269E-1 2.69989E-1 3.91053E-1 3.89204E-1 6.08206E-1 -9999 -9999 -9999 -9999 -9999 -9999 -9999 -9999 -9999 -9999 -9999 -9999 -9999 -9999 -9999 -9999 -9999 -9999 -9999 -9999 -9999 -9999 -9999 -9999 -9999 -9999 1.74794E-1 2.69823E-1 2.89022E-1 3.02964E-1 3.10068E-1 2.20569E-1 1.96398E-1 2.01266E-1 2.57934E-1 2.75195E-1 2.86847E-1 2.95277E-1 2.85443E-1 1.17953E-1 1.59848E-1 1.50183E-1 2.58133E-1 2.63746E-1 2.86079E-1 2.59963E-1 2.30735E-1 2.24371E-1 2.10934E-1 1.88468E-1 1.46135E-1 1.2302E-1 1.19906E-1 1.27574E-1
4.90394E-1 4.64878E-1 3.90483E-1 4.35814E-1 4.29958E-1 5.81502E-1 6.90349E-1 -9999 -9999 -9999 -9999 -9999 -9999 -9999 -9999 -9999 -9999 -9999 -9999 -9999 -9999 -9999 -9999 -9999 -9999 -9999 -9999 -9999 -9999 -9999 -9999 -9999 2.46235E-1 3.19011E-1 2.92736E-1 2.28648E-1 2.38721E-1 2.36939E-1 1.62263E-1 1.43746E-1 1.48914E-1 2.09255E-1 2.1971E-1 2.26908E-1 2.20719E-1 2.53215E-2 1.07679E-1 1.28269E-1 1.98151E-1 1.94451E-1 2.0082E-1 1.95201E-1 1.63538E-1 1.46521E-1 1.35391E-1 1.16711E-1 9.29793E-2 7.30525E-2 7.67237E-2 8.08917E-2
3.62822E-1 3.75577E-1 4.26606E-1 4.28168E-1 4.67939E-1 4.20078E-1 6.25174E-1 5.67711E-1 -9999 -9999 -9999 -9999 -9999 -9999 -9999 -9999 -9999 -9999 -9999 -9999 -9999 -9999 -9999 -9999 -9999 -9999 -9999 -9999 -9999 -9999 -9999 1.89988E-1 2.74575E-1 2.72941E-1 2.42552E-1 1.71934E-1 2.13894E-1 2.20323E-1 1.21158E-1 1.14614E-1 1.24156E-1 1.30116E-1 1.64517E-1 2.02534E-1 8.85541E-2 1.14323E-1 1.01589E-1 1.48902E-1 1.72108E-1 1.6823E-1 1.77004E-1 1.59843E-1 1.28822E-1 1.35934E-1 1.15766E-1 8.71662E-2 8.06993E-2 6.84903E-2 6.50869E-2 6.92535E-2
3.46766E-1 4.58498E-1 4.13208E-1 3.89679E-1 5.02927E-1 5.25261E-1 6.71391E-1 6.29001E-1 -9999 -9999 -9999 -9999 -9999 -9999 -9999 -9999 -9999 -9999 -9999 -9999 -9999 -9999 -9999 -9999 -9999 -9999 -9999 -9999 -9999 -9999 2.52534E-1 2.19708E-1 2.20067E-1 2.36158E-1 2.16447E-1 1.45224E-1 1.98117E-1 2.09082E-1 1.24506E-1 9.64077E-2 1.04457E-1 1.22313E-1 1.26702E-1 1.82469E-1 4.04025E-2 1.25344E-1 1.07562E-1 1.45436E-1 1.50726E-1 1.49707E-1 1.56028E-1 1.26643E-1 1.41278E-1 1.09235E-1 7.84431E-2 6.98004E-2 6.19041E-2 6.28646E-2 5.94512E-2 6.52647E-2
4.35613E-1 4.01523E-1 4.09706E-1 3.9484E-1 5.05212E-1 5.87986E-1 4.92734E-1 7.01636E-1 -9999 -9999 -9999 -9999 -9999 -9999 -9999 -9999 -9999 -9999 -9999 -9999 -9999 -9999 -9999 -9999 -9999 -9999 -9999 -9999 -9999 -9999 2.28638E-1 2.24812E-1 2.07141E-1 2.2397E-1 2.13682E-1 1.52317E-1 2.15624E-1 2.31576E-1 1.18239E-1 1.17119E-1 1.17089E-1 1.27179E-1 1.27227E-1 1.36857E-1 1.62638E-1 1.21818E-1 1.08963E-1 1.39437E-1 1.37324E-1 1.39232E-1 1.43935E-1 1.41705E-1 1.11793E-1 8.45523E-2 7.0733E-2 6.35402E-2 5.7692E-2 6.03556E-2 6.49574E-2 8.11116E-2
4.6383E-1 4.32941E-1 3.97489E-1 4.37393E-1 4.82631E-1 6.65861E-1 5.01004E-1 7.47383E-1 -9999 -9999 -9999 -9999 -9999 -9999 -9999 -9999 -9999 -9999 -9999 -9999 -9999 -9999 -9999 -9999 -9999 -9999 -9999 -9999 -9999 -9999 2.77553E-1 2.76914E-1 2.60626E-1 2.20305E-1 2.00954E-1 1.32202E-1 1.36836E-1 1.69425E-1 1.62304E-1 1.35729E-1 1.32925E-1 1.44813E-1 1.37241E-1 1.41052E-1 1.1822E-1 1.07197E-1 1.00897E-1 1.25941E-1 1.247E-1 1.31153E-1 1.33357E-1 9.7947E-2 8.1062E-2 6.58712E-2 5.96754E-2 5.51253E-2 6.03284E-2 6.97088E-2 7.79608E-2 1.00094E-1
3.86216E-1 6.08974E-1 5.53427E-1 5.35226E-1 6.16717E-1 7.84853E-1 7.56908E-1 7.39083E-1 -9999 -9999 -9999 -9999 -9999 -9999 -9999 -9999 -9999 -9999 -9999 -9999 -9999 -9999 -9999 -9999 -9999 -9999 -9999 -9999 -9999 -9999 -9999 3.07068E-1 3.24508E-1 2.76038E-1 3.27E-1 3.36257E-1 3.55832E-1 3.82511E-1 4.19398E-1 3.32404E-1 2.24013E-1 2.2533E-1 2.14378E-1 2.04131E-1 1.77781E-1 3.63323E-2 2.12848E-1 1.91854E-1 1.98796E-1 1.82142E-1 1.75267E-1 1.54581E-1 1.34551E-1 1.23121E-1 1.10437E-1 9.81146E-2 1.19012E-1 1.35817E-1 1.49788E-1 1.63448E-1
3.67703E-1 4.63706E-1 5.82812E-1 4.6257E-1 6.15752E-1 7.7289E-1 3.61296E-1 7.2839E-1 -9999 -9999 -9999 -9999 -9999 -9999 -9999 -9999 -9999 -9999 -9999 -9999 -9999 -9999 -9999 -9999 -9999 -9999 -9999 -9999 -9999 -9999 -9999 -9999 2.87479E-1 2.89523E-1 2.97985E-1 2.60157E-1 4.09612E-1 4.28818E-1 4.79937E-1 4.81927E-1 2.96282E-1 2.63858E-1 2.3384E-1 2.23586E-1 1.99686E-1 1.90963E-1 2.2854E-1 2.22617E-1 2.02103E-1 1.56098E-1 1.62363E-1 1.37156E-1 1.21862E-1 1.25351E-1 1.36718E-1 1.30803E-1 1.52043E-1 1.718E-1 1.79792E-1 1.9686E-1
5.37079E-1 2.72886E-1 4.19048E-1 7.39227E-1 6.38817E-1 7.57222E-1 7.73048E-1 5.5143E-1 -9999 -9999 -9999 -9999 -9999 -9999 -9999 -9999 -9999 -9999 -9999 -9999 -9999 -9999 -9999 -9999 -9999 -9999 -9999 -9999 -9999 -9999 -9999 -9999 2.81745E-1 2.91442E-1 3.14521E-1 3.72539E-1 4.15033E-1 2.44786E-1 4.53744E-1 4.67356E-1 3.89042E-1 3.63409E-1 2.76915E-1 2.65268E-1 2.78858E-1 2.18204E-1 2.447E-1 2.58088E-1 1.65408E-1 1.56965E-1 1.77484E-1 1.43021E-1 1.23196E-1 1.32201E-1 1.86317E-1 1.69749E-1 1.84981E-1 1.96711E-1 2.07013E-1 2.40529E-1
5.06324E-1 5.89769E-1 6.15848E-1 5.17614E-1 7.12259E-1 4.7901E-1 7.00908E-1 -9999 -9999 -9999 -9999 -9999 -9999 -9999 -9999 -9999 -9999 -9999 -9999 -9999 -9999 -9999 -9999 -9999 -9999 -9999 6.43561E-1 -9999 -9999 -9999 -9999 -9999 2.71089E-1 2.80362E-1 3.07372E-1 3.55375E-1 4.10472E-1 4.87911E-1 4.95694E-1 5.04819E-1 4.14965E-1 3.96248E-1 3.71719E-1 3.39519E-1 2.54125E-1 1.86973E-1 8.91311E-2 1.4777E-1 1.54287E-1 1.80024E-1 1.96326E-1 1.55596E-1 1.36105E-1 1.64992E-1 2.39277E-1 1.94224E-1 2.00501E-1 2.09419E-1 2.33663E-1 2.90747E-1
4.33371E-1 5.19939E-1 2.20941E-1 2.02951E-1 5.33404E-1 7.3421E-1 -9999 -9999 -9999 -9999 -9999 -9999 -9999 -9999 -9999 -9999 -9999 -9999 -9999 -9999 -9999 -9999 -9999 -9999 -9999 4.40812E-1 4.47115E-1 -9999 -9999 -9999 -9999 -9999 2.81048E-1 2.65872E-1 2.86231E-1 3.15967E-1 3.82201E-1 4.70421E-1 5.25377E-1 4.6616E-1 4.35074E-1 4.16056E-1 3.79894E-1 2.78292E-1 1.94879E-1 1.8262E-1 5.58431E-2 1.71323E-1 1.84217E-1 2.13036E-1 2.26445E-1 1.76411E-1 1.46497E-1 2.32233E-1 2.52268E-1 1.71063E-1 1.79224E-1 2.06949E-1 2.79252E-1 3.26573E-1
6.1413E-1 5.46948E-1 4.13647E-1 4.82286E-1 4.29876E-1 6.17054E-1 -9999 -9999 -9999 -9999 -9999 -9999 -9999 -9999 -9999 -9999 -9999 -9999 -9999 -9999 -9999 -9999 -9999 -9999 6.75323E-1 6.41303E-1 5.14797E-1 4.0808E-1 5.09152E-1 5.04087E-1 4.99136E-1 -9999 -9999 3.41452E-1 3.22765E-1 2.76637E-1 3.09799E-1 3.83839E-1 4.93057E-1 4.65404E-1 3.57882E-1 3.71391E-1 2.74714E-1 2.0127E-1 1.14084E-1 1.06088E-1 1.93969E-1 8.2393E-2 2.15675E-1 2.3622E-1 2.33258E-1 1.62475E-1 1.56869E-1 1.99913E-1 1.74975E-1 1.93565E-1 2.11742E-1 2.76695E-1 3.32708E-1 3.67922E-1
6.122E-1 5.96637E-1 3.33032E-1 4.36373E-1 3.68312E-1 6.98862E-1 -9999 -9999 -9999 -9999 -9999 -9999 -9999 -9999 -9999 -9999 -9999 -9999 -9999 -9999 -9999 -9999 -9999 -9999 7.01499E-1 6.58934E-1 4.27698E-1 6.26272E-1 5.811E-1 5.00751E-1 4.9454E-1 4.31859E-1 4.18514E-1 3.82958E-1 3.18307E-1 2.51048E-1 2.6795E-1 2.796E-1 4.05539E-1 4.30319E-1 3.41968E-1 3.42908E-1 1.30653E-1 9.07787E-2 7.91076E-2 1.17052E-1 2.1068E-1 2.32163E-1 2.49457E-1 2.77351E-1 2.72602E-1 1.81406E-1 2.28597E-1 2.10197E-1 1.65555E-1 1.94603E-1 2.26923E-1 2.95595E-1 3.28818E-1 3.62773E-1
6.33638E-1 6.58229E-1 6.52801E-1 6.12891E-1 7.08659E-1 7.55371E-1 -9999 -9999 -9999 -9999 -9999 -9999 -9999 -9999 -9999 -9999 -9999 -9999 -9999 -9999 -9999 -9999 -9999 -9999 -9999 -9999 7.17135E-1 6.03115E-1 6.01601E-1 4.4371E-1 5.08074E-1 3.90056E-1 4.15029E-1 3.89604E-1 3.4778E-1 2.72196E-1 2.87393E-1 2.71352E-1 2.80322E-1 2.55441E-1 2.08037E-1 2.15614E-1 1.59897E-1 9.35014E-2 9.00834E-2 1.79935E-1 2.19258E-1 2.42308E-1 2.68358E-1 1.53497E-1 2.86931E-1 2.62017E-1 2.38799E-1 1.60314E-1 1.5517E-1 1.98123E-1 2.63544E-1 2.88498E-1 3.21272E-1 3.54131E-1
6.32472E-1 6.67643E-1 6.19617E-1 7.34694E-1 7.48317E-1 7.78161E-1 6.7771E-1 6.86735E-1 -9999 -9999 7.10767E-1 -9999 -9999 -9999 -9999 -9999 -9999 -9999 -9999 -9999 -9999 -9999 -9999 -9999 -9999 -9999 -9999 5.59922E-1 6.64531E-1 6.09706E-1 5.48978E-1 4.25964E-1 4.03915E-1 3.98427E-1 4.14651E-1 3.41406E-1 2.80106E-1 1.89989E-1 1.64635E-1 1.83837E-1 1.44334E-1 1.50736E-1 1.36705E-1 9.54066E-2 9.51699E-2 2.17783E-1 2.14226E-1 2.34348E-1 2.42789E-1 2.8153E-1 1.22298E-1 2.65199E-1 2.44546E-1 1.50776E-1 1.64611E-1 2.02429E-1 2.3043E-1 2.75127E-1 3.05523E-1 3.36874E-1
6.60426E-1 6.82766E-1 7.50995E-1 5.77496E-1 8.03182E-1 6.70823E-1 6.00466E-1 6.16591E-1 6.1766E-1 5.6941E-1 4.36841E-1 -9999 -9999 -9999 -9999 -9999 -9999 -9999 -9999 -9999 -9999 -9999 -9999 -9999 -9999 -9999 -9999 6.94901E-1 5.08824E-1 6.17929E-1 5.15663E-1 4.24402E-1 3.86833E-1 3.94935E-1 3.77629E-1 2.48864E-1 1.45501E-1 1.38003E-1 1.54883E-1 1.64685E-1 1.19017E-1 1.44128E-1 1.63242E-1 1.74062E-1 2.12944E-1 2.42092E-1 1.94227E-1 1.94863E-1 1.90011E-1 1.81497E-1 1.16276E-1 1.9564E-1 2.12576E-1 1.6968E-1 1.78605E-1 1.886E-1 2.16195E-1 2.66012E-1 2.99495E-1 2.45061E-1
5.6601E-1 5.59558E-1 6.43981E-1 5.61575E-1 4.10314E-1 4.91898E-1 4.5441E-1 4.87519E-1 4.50998E-1 4.71393E-1 4.29689E-1 -9999 -9999 -9999 -9999 -9999 -9999 -9999 -9999 -9999 -9999 -9999 -9999 -9999 -9999 -9999 -9999 4.4175E-1 2.8538E-1 3.73078E-1 3.76887E-1 3.43407E-1 2.9954E-1 3.45625E-1 2.33785E-1 2.62241E-1 9.10084E-2 1.09433E-1 1.37832E-1 1.66128E-1 1.45543E-1 1.50842E-1 1.53127E-1 1.58829E-1 1.90896E-1 1.83662E-1 1.55206E-1 1.41425E-1 1.3777E-1 1.32907E-1 1.31701E-1 9.55488E-2 1.2432E-1 1.44879E-1 1.57919E-1 1.66589E-1 1.51451E-1 2.68404E-1 1.79139E-1 2.23319E-1
6.13872E-1 5.77383E-1 4.01825E-1 3.68436E-1 3.48233E-1 4.38534E-1 3.97597E-1 4.49791E-1 4.32837E-1 3.93165E-1 4.36591E-1 -9999 -9999 -9999 -9999 -9999 -9999 -9999 -9999 -9999 -9999 -9999 -9999 -9999 -9999 -9999 -9999 4.35821E-1 3.86623E-1 2.29115E-1 4.14922E-1 3.82741E-1 3.24176E-1 3.21081E-1 4.25627E-1 1.03485E-1 1.3109E-1 1.32821E-1 1.76502E-1 2.10334E-1 1.79871E-1 1.90578E-1 1.82377E-1 1.70699E-1 1.72206E-1 1.76376E-1 1.78524E-1 1.37033E-1 1.34591E-1 1.29636E-1 1.51829E-1 1.19212E-1 1.4625E-1 1.28329E-1 1.39919E-1 2.37826E-1 2.57594E-1 1.8556E-1 2.1276E-1 2.94602E-1
4.97142E-1 4.3402E-1 3.61515E-1 2.90025E-1 2.56834E-1 3.73797E-1 3.38445E-1 3.93429E-1 3.5476E-1 4.61606E-1 6.41694E-1 4.88688E-1 -9999 -9999 -9999 -9999 -9999 -9999 -9999 -9999 -9999 -9999 -9999 -9999 -9999 -9999 -9999 4.66337E-1 4.2395E-1 4.14934E-1 3.41224E-1 4.76177E-1 3.74381E-1 3.38541E-1 3.93051E-1 3.02502E-1 2.63662E-1 1.83168E-1 1.82018E-1 2.16035E-1 1.86526E-1 1.26477E-1 1.96688E-1 1.92021E-1 1.80622E-1 1.63675E-1 1.75948E-1 1.5557E-1 1.51423E-1 1.49594E-1 8.74609E-2 1.23848E-1 1.28634E-1 1.50438E-1 1.39068E-1 1.6649E-1 2.80725E-1 2.209E-1 2.75472E-1 3.35111E-1
4.11358E-1 4.88987E-1 4.00782E-1 3.30775E-1 2.91349E-1 3.5815E-1 3.42812E-1 4.72433E-1 6.45064E-1 6.99388E-1 6.34345E-1 6.2576E-1 6.4796E-1 -9999 -9999 -9999 -9999 -9999 -9999 -9999 -9999 -9999 -9999 -9999 -9999 -9999 -9999 4.43237E-1 3.94952E-1 3.98548E-1 4.48451E-1 4.09E-1 3.80854E-1 3.59507E-1 2.41985E-1 2.79642E-1 2.27542E-1 1.92526E-1 1.8124E-1 2.11109E-1 2.06529E-1 1.44749E-1 2.08798E-1 2.03277E-1 1.82581E-1 1.53867E-1 1.57433E-1 1.47216E-1 1.57445E-1 1.881E-1 1.5036E-1 1.41326E-1 1.37407E-1 1.34558E-1 1.61109E-1 1.88425E-1 1.6825E-1 3.0923E-1 2.94652E-1 3.3486E-1
4.5166E-1 4.39375E-1 3.42666E-1 2.74312E-1 2.43115E-1 3.59825E-1 3.35865E-1 6.50304E-1 5.68846E-1 6.83798E-1 6.57805E-1 6.87643E-1 6.79125E-1 6.71623E-1 -9999 -9999 -9999 -9999 -9999 -9999 -9999 -9999 -9999 -9999 -9999 -9999 -9999 3.26873E-1 3.04151E-1 3.63437E-1 4.41107E-1 2.33191E-1 3.70888E-1 3.81063E-1 3.81064E-1 3.19549E-1 2.4949E-1 2.1051E-1 2.24935E-1 2.41856E-1 1.88434E-1 2.43304E-1 2.1617E-1 2.07814E-1 1.91248E-1 1.62135E-1 1.61845E-1 1.42855E-1 1.17732E-1 1.24711E-1 2.03592E-1 1.83749E-1 1.71408E-1 1.57116E-1 1.57244E-1 2.07048E-1 1.48504E-1 3.42708E-1 3.2134E-1 3.26403E-1
2.3291E-1 2.51335E-1 1.9291E-1 1.4829E-1 1.76913E-1 -9999 5.47788E-1 4.97215E-1 4.71896E-1 4.64291E-1 7.0021E-1 7.3924E-1 7.28203E-1 6.9957E-1 6.50671E-1 6.619E-1 -9999 -9999 -9999 -9999 -9999 -9999 -9999 -9999 -9999 -9999 -9999 5.08145E-1 5.29818E-1 4.29291E-1 3.51615E-1 3.41424E-1 3.29054E-1 1.69158E-1 3.41412E-1 4.47865E-1 3.84078E-1 3.53877E-1 3.13755E-1 3.40535E-1 2.11096E-1 3.21041E-1 3.28006E-1 3.47824E-1 3.0147E-1 1.90339E-1 1.80967E-1 1.55852E-1 1.07982E-1 8.78795E-2 1.01459E-1 5.8388E-2 1.82104E-1 1.72957E-1 1.81747E-1 1.54101E-1 3.67153E-1 3.45595E-1 3.05237E-1 3.09309E-1
2.45616E-1 2.22598E-1 1.90227E-1 1.92891E-1 3.71281E-1 5.07814E-1 4.6844E-1 5.5235E-1 4.40673E-1 3.28559E-1 6.02448E-1 7.35693E-1 7.35037E-1 7.41933E-1 6.72143E-1 6.58108E-1 -9999 -9999 -9999 -9999 -9999 -9999 -9999 -9999 -9999 -9999 -9999 -9999 5.62663E-1 -9999 -9999 -9999 -9999 3.58609E-1 3.12506E-1 3.4166E-1 3.48278E-1 3.39383E-1 2.8569E-1 2.90445E-1 2.53603E-1 2.65083E-1 3.60115E-1 4.42996E-1 3.80214E-1 2.09776E-1 1.93718E-1 1.56878E-1 1.28249E-1 1.18096E-1 1.37648E-1 1.2249E-1 1.51978E-1 1.84713E-1 1.96078E-1 2.41376E-1 2.82148E-1 3.06719E-1 3.04378E-1 3.21309E-1
2.72728E-1 2.43404E-1 1.98262E-1 2.84133E-1 3.07518E-1 4.75179E-1 5.10264E-1 2.58858E-1 2.86569E-1 4.92235E-1 7.03027E-1 6.93977E-1 7.24946E-1 7.05795E-1 7.41682E-1 7.08596E-1 -9999 -9999 -9999 -9999 -9999 -9999 -9999 -9999 -9999 -9999 -9999 -9999 -9999 -9999 -9999 -9999 -9999 -9999 3.11763E-1 3.46932E-1 3.5372E-1 2.92039E-1 2.55831E-1 2.7397E-1 2.27467E-1 2.91104E-1 2.63797E-1 3.56762E-1 3.97487E-1 2.4725E-1 2.08796E-1 1.46953E-1 1.38981E-1 1.20523E-1 1.47517E-1 1.46795E-1 4.51804E-2 2.07979E-1 1.98586E-1 2.39403E-1 3.11446E-1 3.05564E-1 3.84546E-1 3.37958E-1
2.33537E-1 2.12742E-1 1.90464E-1 2.55638E-1 2.9203E-1 4.90723E-1 5.29897E-1 3.41951E-1 5.11221E-1 5.04967E-1 6.71346E-1 6.74433E-1 6.84025E-1 6.77124E-1 6.9823E-1 -9999 -9999 -9999 -9999 -9999 -9999 -9999 -9999 -9999 -9999 -9999 -9999 -9999 -9999 -9999 -9999 -9999 -9999 -9999 2.77109E-1 3.99063E-1 4.02037E-1 3.02822E-1 2.60481E-1 2.98778E-1 2.53025E-1 2.92231E-1 1.74255E-1 3.36832E-1 3.84903E-1 2.70278E-1 2.17027E-1 1.51101E-1 1.41085E-1 1.61938E-1 1.80952E-1 1.89917E-1 2.12798E-1 1.44797E-1 2.77743E-1 1.63117E-1 2.91846E-1 4.44705E-1 4.07298E-1 3.74474E-1
