Phytophthora/models/20240506_1402_44/Phytophthora_PA3_RUN4_MAXENT_outputs/Phytophthora_PA3_RUN4.asc
ncols         225
nrows         269
xllcorner     473009.9838
yllcorner     4429051.1748
cellsize      50.0
NODATA_value  -9999
[rows 130 to 155 of 269, columns 60 to 119 of 225]
1.31795E-1 1.43456E-1 1.49772E-1 1.8646E-1 2.33458E-1 2.31177E-1 1.6583E-1 1.44141E-1 2.07693E-1 2.59684E-1 2.82413E-1 3.02938E-1 3.41704E-1 2.8199E-1 3.20432E-1 3.49941E-1 3.25053E-1 2.98041E-1 2.98206E-1 3.43183E-1 3.1154E-1 3.38978E-1 4.9632E-1 5.1705E-1 4.8497E-1 4.65765E-1 3.96317E-1 3.66399E-1 3.86869E-1 3.64742E-1 2.91997E-1 2.95734E-1 3.12704E-1 3.07091E-1 2.97983E-1 2.44271E-1 2.64421E-1 2.9217E-1 3.22409E-1 3.34564E-1 3.09901E-1 2.31736E-1 2.71962E-1 2.90436E-1 3.13763E-1 2.59652E-1 2.69903E-1 2.64267E-1 2.49529E-1 2.27954E-1 2.57049E-1 2.72746E-1 2.48567E-1 1.66918E-1 2.80408E-1 2.63337E-1 2.30026E-1 2.24655E-1 2.03648E-1 5.14282E-2
1.33548E-1 1.31504E-1 1.36566E-1 1.31339E-1 2.24641E-1 2.06279E-1 1.75197E-1 1.73201E-1 2.04651E-1 2.46035E-1 2.93777E-1 2.41528E-1 2.73034E-1 3.64116E-1 2.68507E-1 3.54882E-1 2.16654E-1 2.5862E-1 3.7645E-1 4.11517E-1 4.4228E-1 4.3841E-1 4.35399E-1 4.80571E-1 4.49787E-1 4.34996E-1 3.94597E-1 3.66858E-1 3.89129E-1 2.37399E-1 3.37693E-1 3.52843E-1 3.47191E-1 3.40719E-1 3.59214E-1 3.52673E-1 2.35042E-1 3.03519E-1 3.23506E-1 3.33732E-1 3.28946E-1 2.37452E-1 2.82639E-1 3.01029E-1 3.21479E-1 2.60397E-1 2.16975E-1 1.95501E-1 2.58249E-1 2.30139E-1 2.39671E-1 2.22605E-1 2.10579E-1 2.4747E-1 2.71617E-1 2.716E-1 2.55205E-1 2.66702E-1 1.45971E-1 1.57355E-1
1.42576E-1 1.63825E-1 5.01536E-2 1.83408E-1 1.91511E-1 1.60998E-1 1.60723E-1 1.84773E-1 2.23001E-1 2.56495E-1 2.9669E-1 2.59586E-1 1.72961E-1 2.77804E-1 7.84348E-2 3.12738E-1 3.73104E-1 3.86506E-1 4.5081E-1 4.53838E-1 4.59969E-1 4.18189E-1 4.56335E-1 4.26773E-1 4.39606E-1 3.11005E-1 2.88073E-1 3.36892E-1 2.59983E-1 2.75279E-1 2.86628E-1 3.27508E-1 3.35425E-1 3.30936E-1 3.52871E-1 3.68156E-1 3.57946E-1 2.45746E-1 3.42171E-1 3.75982E-1 3.69696E-1 3.30036E-1 3.02191E-1 2.9714E-1 3.15571E-1 2.60523E-1 2.48945E-1 2.31566E-1 1.6412E-1 1.975E-1 2.20682E-1 1.87449E-1 2.26464E-1 2.27509E-1 2.41314E-1 2.42214E-1 2.53901E-1 1.05929E-1 2.12138E-1 1.46904E-1
1.55997E-1 1.86522E-1 2.36441E-1 1.98916E-1 1.34334E-1 1.77467E-1 1.91989E-1 2.37556E-1 2.4938E-1 2.09107E-1 3.04425E-1 3.36647E-1 3.45118E-1 3.99695E-1 1.18171E-1 4.06726E-1 4.22331E-1 4.28924E-1 4.50654E-1 4.43226E-1 4.33503E-1 4.02552E-1 5.05965E-1 4.70349E-1 4.40021E-1 4.36497E-1 4.09923E-1 3.92881E-1 2.87804E-1 3.09833E-1 3.13353E-1 3.05495E-1 3.18975E-1 3.32045E-1 3.49508E-1 3.87647E-1 3.78095E-1 3.17489E-1 3.24574E-1 4.09521E-1 4.10091E-1 3.94637E-1 3.69608E-1 2.91714E-1 3.21724E-1 2.8585E-1 2.866E-1 2.92009E-1 2.82292E-1 2.74009E-1 2.6885E-1 2.65731E-1 2.43314E-1 2.66506E-1 2.72553E-1 2.49744E-1 1.58491E-1 2.13676E-1 1.56101E-1 1.34517E-1
1.82831E-1 1.3559E-1 2.08571E-1 2.04479E-1 1.51405E-1 1.7997E-1 2.17065E-1 2.12585E-1 2.55927E-1 3.08173E-1 3.35642E-1 3.63279E-1 3.48515E-1 4.06641E-1 3.52845E-1 3.99426E-1 4.43132E-1 4.42977E-1 4.45583E-1 3.9037E-1 4.08156E-1 4.55723E-1 5.03937E-1 4.54259E-1 4.50459E-1 4.58949E-1 4.39882E-1 3.50107E-1 3.17135E-1 3.28907E-1 2.88219E-1 2.96439E-1 2.79075E-1 2.94515E-1 3.18813E-1 3.67907E-1 4.06835E-1 4.02639E-1 4.07579E-1 3.1198E-1 4.37214E-1 4.31921E-1 3.98466E-1 3.09535E-1 3.16125E-1 2.93393E-1 3.02279E-1 3.30576E-1 3.33882E-1 3.33821E-1 3.35393E-1 3.15613E-1 2.03438E-1 3.24733E-1 3.22784E-1 3.04903E-1 1.79916E-1 1.54901E-1 1.36306E-1 1.32656E-1
1.8209E-1 2.36757E-1 2.22663E-1 1.92752E-1 1.5097E-1 1.14233E-1 2.29978E-1 2.41274E-1 3.04751E-1 3.21712E-1 3.46178E-1 3.59744E-1 3.05011E-1 1.5384E-1 2.96753E-1 3.52112E-1 4.19336E-1 4.21136E-1 3.85675E-1 3.39497E-1 3.88873E-1 4.44196E-1 4.56676E-1 4.68977E-1 4.5595E-1 3.96362E-1 3.72015E-1 3.27681E-1 3.6532E-1 3.44275E-1 2.862E-1 2.74566E-1 2.59539E-1 2.7447E-1 3.33284E-1 3.76421E-1 4.12999E-1 4.31854E-1 3.64137E-1 4.42003E-1 4.53426E-1 4.65469E-1 4.19756E-1 3.66162E-1 3.42474E-1 2.96232E-1 3.05767E-1 3.36628E-1 3.65708E-1 3.69949E-1 3.70626E-1 3.53635E-1 2.93807E-1 3.68985E-1 3.77722E-1 2.71937E-1 2.19332E-1 1.51389E-1 1.24293E-1 1.46808E-1
1.36551E-1 2.49659E-1 1.31013E-1 1.23731E-1 1.05964E-1 2.19636E-1 2.96384E-1 3.117E-1 3.23088E-1 3.2359E-1 3.37509E-1 3.33456E-1 1.27397E-1 2.52944E-1 2.47303E-1 3.22228E-1 4.00044E-1 3.8238E-1 3.92938E-1 4.00434E-1 4.62008E-1 5.06284E-1 5.12664E-1 5.07059E-1 3.79628E-1 2.47355E-1 1.95853E-1 3.85351E-1 3.74471E-1 3.44398E-1 2.86125E-1 2.61982E-1 2.45814E-1 3.04904E-1 3.6173E-1 4.07973E-1 4.20118E-1 3.97405E-1 4.60621E-1 4.80069E-1 5.00641E-1 5.04995E-1 4.85907E-1 4.262E-1 4.30126E-1 3.60943E-1 3.0637E-1 3.60031E-1 3.83255E-1 3.75788E-1 4.2103E-1 3.95186E-1 3.9853E-1 4.06336E-1 4.16491E-1 2.62473E-1 2.18799E-1 1.84478E-1 1.57537E-1 1.7698E-1
1.42043E-1 1.81782E-1 1.95732E-1 1.9936E-1 1.79744E-1 2.3597E-1 2.50084E-1 2.15835E-1 3.0883E-1 3.48823E-1 1.02185E-1 1.83071E-1 2.00685E-1 2.04209E-1 2.28613E-1 2.8915E-1 4.00158E-1 4.50782E-1 4.82711E-1 4.92627E-1 4.98977E-1 5.12204E-1 4.86043E-1 4.63913E-1 2.95881E-1 1.71671E-1 3.56595E-1 4.21737E-1 3.9522E-1 3.41351E-1 2.78661E-1 2.48332E-1 2.62743E-1 3.3261E-1 3.9201E-1 4.32852E-1 4.39236E-1 4.14444E-1 4.87813E-1 5.02123E-1 5.27679E-1 4.45998E-1 4.82643E-1 4.33702E-1 4.96324E-1 4.52034E-1 3.99193E-1 3.59682E-1 3.82508E-1 4.06799E-1 4.48582E-1 4.31618E-1 4.34436E-1 4.47367E-1 4.24726E-1 1.33877E-1 2.57765E-1 2.07105E-1 1.89793E-1 2.0566E-1
2.88937E-1 2.84409E-1 2.41278E-1 2.35188E-1 1.92153E-1 2.05484E-1 2.6522E-1 2.19459E-1 2.19419E-1 3.34727E-1 2.54282E-1 1.90028E-1 1.33549E-1 1.33347E-1 1.79777E-1 3.30401E-1 4.32262E-1 5.00579E-1 5.29819E-1 5.2696E-1 5.12506E-1 4.90693E-1 4.50574E-1 2.54049E-1 3.60481E-1 3.46675E-1 4.10549E-1 4.2315E-1 3.74113E-1 3.18796E-1 2.78271E-1 2.35588E-1 2.89485E-1 3.58344E-1 4.239E-1 4.6244E-1 4.70314E-1 4.97124E-1 5.04053E-1 5.36805E-1 3.58968E-1 3.71086E-1 3.74916E-1 4.07336E-1 5.02336E-1 4.90387E-1 4.50165E-1 3.78746E-1 3.19715E-1 3.66227E-1 4.29801E-1 4.42972E-1 2.53921E-1 3.13313E-1 3.28035E-1 2.77739E-1 2.5904E-1 2.19498E-1 2.18855E-1 2.25315E-1
1.5955E-1 2.06477E-1 2.32648E-1 2.45973E-1 1.70691E-1 2.36721E-1 2.56555E-1 2.23594E-1 2.0468E-1 2.34673E-1 1.84167E-1 1.15299E-1 1.08581E-1 1.51607E-1 2.48172E-1 3.77372E-1 4.67859E-1 5.17351E-1 5.39497E-1 5.23362E-1 5.04784E-1 4.8331E-1 4.02865E-1 4.02789E-1 3.94233E-1 4.09743E-1 4.41657E-1 4.02387E-1 3.32039E-1 2.97221E-1 2.65469E-1 3.11201E-1 3.53584E-1 3.81379E-1 4.52747E-1 4.98775E-1 5.16922E-1 5.31593E-1 5.21662E-1 5.35597E-1 4.79378E-1 4.1539E-1 4.24423E-1 4.46203E-1 4.90778E-1 4.98329E-1 4.58834E-1 3.96238E-1 3.12202E-1 3.21742E-1 4.4641E-1 4.56605E-1 4.81004E-1 3.52618E-1 2.6846E-1 2.62693E-1 2.76395E-1 2.5367E-1 2.30318E-1 2.2157E-1
2.24688E-1 1.72714E-1 3.08776E-1 2.65967E-1 1.62713E-1 2.79621E-1 2.90435E-1 2.50879E-1 2.29567E-1 1.99388E-1 1.34135E-1 1.06574E-1 1.52021E-1 2.18444E-1 2.73473E-1 4.25127E-1 4.94819E-1 5.06496E-1 5.27241E-1 4.51752E-1 4.85217E-1 4.71485E-1 2.67464E-1 4.12788E-1 4.20261E-1 4.23844E-1 4.08266E-1 3.70608E-1 3.09858E-1 2.73013E-1 3.28829E-1 3.82165E-1 4.30356E-1 4.53554E-1 4.76108E-1 5.20942E-1 5.37402E-1 5.19007E-1 5.78235E-1 5.72689E-1 4.82529E-1 3.07177E-1 4.74909E-1 4.63625E-1 4.58063E-1 4.37632E-1 4.1155E-1 3.41452E-1 3.56302E-1 4.2586E-1 4.04324E-1 4.7992E-1 4.594E-1 3.31147E-1 2.18369E-1 2.98745E-1 3.07736E-1 2.88054E-1 2.71473E-1 2.43897E-1
2.61159E-1 3.28981E-1 3.41724E-1 2.64224E-1 2.35245E-1 3.29994E-1 3.47972E-1 2.93684E-1 2.54716E-1 2.69011E-1 2.08328E-1 1.67096E-1 2.33785E-1 2.75555E-1 3.27502E-1 4.00216E-1 4.87768E-1 4.97099E-1 4.9285E-1 4.16239E-1 3.41527E-1 3.40692E-1 3.92954E-1 4.18839E-1 4.37286E-1 4.08395E-1 3.5706E-1 3.27144E-1 2.81816E-1 3.07367E-1 3.87113E-1 4.44461E-1 4.90416E-1 5.10446E-1 5.29345E-1 5.50406E-1 5.77933E-1 4.80616E-1 6.01391E-1 6.16676E-1 5.79075E-1 5.16806E-1 5.17632E-1 4.95782E-1 4.50613E-1 4.06613E-1 3.61373E-1 3.15507E-1 3.71951E-1 4.21788E-1 4.51901E-1 4.9437E-1 4.56549E-1 3.62035E-1 3.24553E-1 2.87525E-1 2.96939E-1 2.83518E-1 2.54399E-1 2.22796E-1
1.62956E-1 3.60176E-1 3.85062E-1 2.73206E-1 3.22093E-1 3.85194E-1 3.42595E-1 2.95181E-1 2.53391E-1 2.89532E-1 1.67358E-1 2.63602E-1 3.54354E-1 3.82448E-1 4.16716E-1 3.90265E-1 3.90774E-1 4.84467E-1 4.34005E-1 4.28402E-1 4.49067E-1 4.18296E-1 3.8957E-1 4.28364E-1 4.07488E-1 3.84185E-1 3.29786E-1 2.71163E-1 2.65544E-1 3.47777E-1 4.36202E-1 4.96296E-1 5.2716E-1 5.32746E-1 5.41281E-1 5.78094E-1 6.00298E-1 6.29267E-1 6.00761E-1 6.37793E-1 6.00876E-1 5.51358E-1 5.37586E-1 5.03952E-1 4.84124E-1 3.6964E-1 3.14062E-1 3.36094E-1 3.92448E-1 4.40298E-1 5.06857E-1 3.3205E-1 4.75857E-1 4.12574E-1 3.68934E-1 3.30448E-1 2.90214E-1 2.56432E-1 2.3374E-1 2.16452E-1
1.91899E-1 3.22497E-1 3.3487E-1 3.22016E-1 3.86744E-1 4.03534E-1 3.24632E-1 3.13575E-1 2.90952E-1 2.62307E-1 2.0467E-1 3.22177E-1 4.05774E-1 4.28427E-1 4.58033E-1 3.8309E-1 3.47365E-1 4.38063E-1 4.66732E-1 4.34924E-1 4.52644E-1 4.14393E-1 3.97036E-1 4.0139E-1 3.73845E-1 3.42824E-1 2.74199E-1 2.35706E-1 2.70539E-1 3.52581E-1 4.50723E-1 4.99859E-1 5.16382E-1 4.92433E-1 4.83332E-1 4.22189E-1 5.40827E-1 6.33986E-1 4.66395E-1 6.20633E-1 6.36016E-1 5.92441E-1 5.4582E-1 5.28009E-1 4.74654E-1 3.7646E-1 2.86856E-1 3.96742E-1 3.5613E-1 3.71037E-1 4.60413E-1 2.09472E-1 4.18268E-1 3.89263E-1 3.40022E-1 2.9316E-1 2.62613E-1 2.33957E-1 2.18409E-1 2.63568E-1
3.62983E-1 1.81022E-1 3.67334E-1 3.8438E-1 3.83763E-1 4.14897E-1 3.40546E-1 3.82963E-1 3.6748E-1 3.50141E-1 2.65781E-1 3.70919E-1 4.1378E-1 4.46496E-1 4.71536E-1 4.02445E-1 2.49908E-1 4.03692E-1 5.18931E-1 4.16691E-1 4.37605E-1 3.80628E-1 3.60227E-1 3.67366E-1 3.38564E-1 3.00122E-1 2.38903E-1 1.95422E-1 2.54885E-1 3.46271E-1 4.2862E-1 4.73608E-1 4.94626E-1 4.59786E-1 4.97187E-1 5.20518E-1 5.55766E-1 4.75445E-1 6.20481E-1 5.73714E-1 6.48152E-1 6.1729E-1 5.64673E-1 4.98327E-1 4.44964E-1 3.60951E-1 2.99012E-1 4.64507E-1 4.93929E-1 4.01795E-1 5.54097E-1 4.64E-1 3.66591E-1 3.66836E-1 3.34005E-1 3.18391E-1 2.91395E-1 2.61417E-1 2.20362E-1 2.22505E-1
4.15921E-1 4.4222E-1 3.96901E-1 4.22135E-1 3.77017E-1 2.80394E-1 3.2619E-1 4.40088E-1 4.60832E-1 4.16885E-1 4.66868E-1 4.30499E-1 4.43552E-1 4.29138E-1 4.49621E-1 4.21288E-1 3.82045E-1 4.24631E-1 4.90541E-1 4.88049E-1 3.81035E-1 3.54372E-1 3.01696E-1 3.19191E-1 2.96693E-1 2.54749E-1 2.01948E-1 1.61822E-1 2.26306E-1 3.1381E-1 3.90599E-1 4.35021E-1 4.52952E-1 4.49598E-1 4.95864E-1 5.33166E-1 5.18923E-1 4.10848E-1 4.87221E-1 6.48835E-1 5.77009E-1 6.47389E-1 6.16322E-1 5.41236E-1 4.45293E-1 1.3442E-1 3.04724E-1 1.70073E-1 3.90079E-1 3.86731E-1 4.66332E-1 4.00702E-1 3.47678E-1 2.20902E-1 3.10183E-1 3.10566E-1 2.90505E-1 2.27204E-1 1.23203E-1 2.17044E-1
2.00561E-1 3.82504E-1 3.59724E-1 4.40661E-1 4.11491E-1 3.86323E-1 2.8183E-1 4.13865E-1 4.8004E-1 4.14655E-1 4.71561E-1 4.89358E-1 4.43694E-1 4.39354E-1 4.62836E-1 4.54595E-1 4.04943E-1 4.38777E-1 4.68916E-1 4.12079E-1 3.90577E-1 3.25005E-1 2.51012E-1 2.63412E-1 2.46989E-1 2.09381E-1 1.61315E-1 1.345E-1 1.9096E-1 2.70756E-1 3.42024E-1 3.94248E-1 4.05999E-1 4.29012E-1 4.6839E-1 5.15905E-1 5.37943E-1 4.84308E-1 4.15734E-1 4.64919E-1 6.61918E-1 5.93919E-1 6.42896E-1 3.12646E-1 2.94252E-1 1.63437E-1 4.12425E-1 3.14042E-1 3.48617E-1 3.66411E-1 3.34323E-1 3.25525E-1 3.38129E-1 3.34606E-1 3.22347E-1 2.20614E-1 2.94446E-1 2.31241E-1 1.96642E-1 1.59114E-1
4.21506E-1 2.99153E-1 3.17733E-1 4.19858E-1 3.92897E-1 4.2261E-1 4.72606E-1 4.69489E-1 4.73515E-1 4.1929E-1 2.06261E-1 3.86079E-1 4.64402E-1 4.52002E-1 4.71608E-1 4.88899E-1 3.63798E-1 4.36418E-1 4.9745E-1 4.79082E-1 4.21992E-1 3.4536E-1 2.88026E-1 3.08357E-1 2.95907E-1 2.41003E-1 1.80631E-1 1.38923E-1 1.52594E-1 2.24148E-1 2.83229E-1 3.39035E-1 3.50202E-1 3.73716E-1 4.34389E-1 4.84329E-1 5.17721E-1 4.91902E-1 4.7735E-1 5.08133E-1 6.36969E-1 6.33303E-1 4.04662E-1 5.08866E-1 2.85923E-1 1.6928E-1 2.01973E-1 2.27376E-1 2.64475E-1 3.04908E-1 3.16052E-1 3.14109E-1 3.31241E-1 3.39367E-1 3.28267E-1 3.07884E-1 2.74628E-1 2.81547E-1 2.27083E-1 1.61485E-1
3.60985E-1 2.51681E-1 2.82114E-1 3.01327E-1 3.46894E-1 4.3472E-1 4.87272E-1 5.16722E-1 2.09199E-1 4.7424E-1 3.9975E-1 4.14695E-1 4.72118E-1 4.1322E-1 3.56632E-1 5.03774E-1 3.37428E-1 4.74693E-1 5.13307E-1 5.06459E-1 4.496E-1 3.90007E-1 3.41922E-1 3.81612E-1 3.66481E-1 3.0406E-1 2.3415E-1 2.09516E-1 1.98864E-1 2.00578E-1 2.33725E-1 2.81691E-1 3.072E-1 3.42367E-1 4.24012E-1 4.69284E-1 5.00321E-1 4.74581E-1 4.86366E-1 5.33292E-1 5.86325E-1 6.18058E-1 4.86464E-1 3.25671E-1 2.13378E-1 1.28919E-1 1.14467E-1 1.82299E-1 2.44287E-1 3.46203E-1 2.41288E-1 2.36814E-1 2.59005E-1 2.79167E-1 3.01518E-1 3.05279E-1 3.0069E-1 2.808E-1 2.1835E-1 1.65447E-1
4.05815E-1 3.27867E-1 3.38189E-1 3.34846E-1 3.66966E-1 4.42839E-1 4.93368E-1 3.41081E-1 5.12319E-1 3.61221E-1 4.31991E-1 4.46583E-1 4.66287E-1 3.01022E-1 5.29774E-1 5.11361E-1 5.17174E-1 4.90617E-1 5.10396E-1 5.07016E-1 4.99521E-1 4.44209E-1 4.04863E-1 4.51649E-1 4.26886E-1 3.61726E-1 2.91056E-1 2.87246E-1 2.7423E-1 2.76222E-1 2.49128E-1 2.19508E-1 2.54784E-1 3.20269E-1 4.00646E-1 4.39107E-1 4.70464E-1 4.52653E-1 4.51882E-1 4.97238E-1 5.35035E-1 2.69598E-1 3.25185E-1 2.24889E-1 1.58324E-1 9.92841E-2 8.50772E-2 1.95504E-1 2.57847E-1 1.88722E-1 3.49059E-1 1.85215E-1 2.08358E-1 2.45421E-1 2.6352E-1 2.77496E-1 2.80872E-1 2.14463E-1 1.81663E-1 1.6094E-1
4.49487E-1 3.84247E-1 4.07212E-1 4.14656E-1 4.15366E-1 4.50816E-1 4.83485E-1 3.49709E-1 4.45628E-1 4.43263E-1 5.09461E-1 5.0277E-1 4.38252E-1 4.94554E-1 5.54729E-1 5.46966E-1 5.30081E-1 5.14028E-1 4.9522E-1 5.19823E-1 4.79863E-1 4.70404E-1 4.58655E-1 5.25687E-1 4.72052E-1 3.979E-1 3.67416E-1 3.45286E-1 3.45037E-1 3.41996E-1 3.21121E-1 2.77561E-1 2.49266E-1 3.11958E-1 3.67561E-1 3.98174E-1 4.32081E-1 4.49288E-1 4.18673E-1 4.3837E-1 4.47481E-1 2.12594E-1 2.58423E-1 1.85347E-1 1.23636E-1 8.40387E-2 7.5736E-2 8.88065E-2 1.87574E-1 1.07445E-1 2.05007E-1 2.29337E-1 2.01215E-1 2.29171E-1 2.47779E-1 2.53078E-1 2.63695E-1 2.81665E-1 2.64959E-1 2.22457E-1
4.41183E-1 4.81608E-1 4.91284E-1 4.76368E-1 4.42322E-1 4.38139E-1 3.28971E-1 3.82885E-1 4.15562E-1 4.32027E-1 3.85391E-1 4.61565E-1 5.1955E-1 5.57375E-1 5.6781E-1 5.37467E-1 5.03812E-1 4.88447E-1 5.08367E-1 4.74899E-1 4.57005E-1 3.78661E-1 5.42411E-1 5.65449E-1 5.01808E-1 4.40323E-1 4.39129E-1 4.01873E-1 4.0417E-1 3.93941E-1 3.87309E-1 3.39624E-1 3.15159E-1 3.91917E-1 4.52942E-1 5.00172E-1 5.16822E-1 5.01887E-1 4.38834E-1 4.11528E-1 2.63277E-1 2.28653E-1 1.87896E-1 1.5388E-1 1.23033E-1 1.12122E-1 1.08928E-1 1.19278E-1 2.09823E-1 1.26909E-1 1.74439E-1 3.06079E-1 1.94671E-1 2.21671E-1 2.42663E-1 2.47179E-1 2.67447E-1 2.83531E-1 2.98284E-1 2.39736E-1
4.61239E-1 4.90555E-1 4.80296E-1 3.6871E-1 2.92027E-1 3.98847E-1 4.03399E-1 4.5536E-1 4.78197E-1 5.36066E-1 5.72012E-1 5.39849E-1 6.13424E-1 5.92368E-1 5.64961E-1 5.2701E-1 5.31991E-1 5.43428E-1 5.67306E-1 5.67509E-1 5.26088E-1 3.99968E-1 5.84559E-1 5.83269E-1 5.19399E-1 4.99787E-1 4.86335E-1 4.49355E-1 4.5417E-1 4.46238E-1 4.40095E-1 3.92446E-1 3.6482E-1 4.64458E-1 5.2535E-1 5.79559E-1 6.12462E-1 6.15364E-1 5.35909E-1 2.99938E-1 2.96566E-1 2.09006E-1 1.48671E-1 1.1559E-1 1.12972E-1 1.24437E-1 1.50859E-1 1.89724E-1 2.24898E-1 2.64938E-1 3.02904E-1 2.0654E-1 1.73333E-1 1.85153E-1 2.02202E-1 2.2203E-1 2.51924E-1 2.51649E-1 2.24801E-1 1.84555E-1
4.57043E-1 4.61786E-1 3.33691E-1 4.84751E-1 4.67099E-1 4.57469E-1 4.94327E-1 4.9977E-1 5.08032E-1 5.37519E-1 5.64683E-1 5.44232E-1 5.65589E-1 5.70693E-1 5.63137E-1 5.56488E-1 5.65037E-1 5.70185E-1 5.91768E-1 5.93009E-1 5.47174E-1 5.73414E-1 6.03475E-1 5.84519E-1 5.28252E-1 5.40332E-1 5.05296E-1 4.73249E-1 4.8872E-1 4.82352E-1 4.70319E-1 4.19546E-1 3.92209E-1 5.0736E-1 5.65498E-1 6.10644E-1 6.45397E-1 6.48337E-1 3.7462E-1 4.86401E-1 3.33473E-1 2.50899E-1 1.78775E-1 1.69849E-1 1.66619E-1 1.58873E-1 2.01017E-1 2.39575E-1 2.6626E-1 2.97151E-1 2.19403E-1 2.0815E-1 2.11715E-1 2.14562E-1 2.16532E-1 1.94954E-1 1.87179E-1 2.4032E-1 2.56383E-1 2.63026E-1
4.52772E-1 4.50991E-1 3.48121E-1 4.88468E-1 4.29127E-1 3.99372E-1 4.88453E-1 4.93746E-1 4.72661E-1 5.20538E-1 5.53727E-1 5.51367E-1 4.65317E-1 5.51798E-1 5.59582E-1 5.66512E-1 5.69807E-1 4.98056E-1 5.29855E-1 5.20506E-1 5.35247E-1 5.85368E-1 6.05343E-1 5.65201E-1 5.4391E-1 5.50031E-1 5.04116E-1 4.77232E-1 4.97797E-1 4.95209E-1 4.86832E-1 4.35459E-1 4.50058E-1 5.28887E-1 5.86897E-1 6.19865E-1 6.416E-1 3.90672E-1 5.77667E-1 4.77529E-1 3.60622E-1 2.75896E-1 2.33483E-1 2.35982E-1 2.30584E-1 2.14199E-1 2.51647E-1 2.87334E-1 3.58932E-1 3.53497E-1 3.04057E-1 2.7471E-1 2.29472E-1 1.87259E-1 2.14049E-1 2.3508E-1 2.48991E-1 2.7199E-1 2.83681E-1 2.95933E-1
4.45966E-1 3.00407E-1 4.4143E-1 4.66166E-1 3.9992E-1 3.65828E-1 4.48309E-1 4.70427E-1 4.60157E-1 5.03471E-1 5.37645E-1 5.25421E-1 3.73982E-1 5.32567E-1 5.49429E-1 5.49594E-1 4.201E-1 5.96526E-1 6.03232E-1 5.18811E-1 3.62777E-1 5.91438E-1 6.13371E-1 5.45006E-1 5.4132E-1 5.54598E-1 5.02456E-1 4.67981E-1 5.00524E-1 4.98618E-1 4.78472E-1 4.68348E-1 4.60123E-1 5.18266E-1 5.89893E-1 6.11746E-1 5.55291E-1 4.63682E-1 4.76649E-1 4.29197E-1 3.70031E-1 3.43237E-1 3.24318E-1 3.1196E-1 2.79674E-1 2.51347E-1 2.41436E-1 3.13991E-1 3.76695E-1 3.92189E-1 3.83828E-1 2.63786E-1 3.14867E-1 2.77477E-1 2.68673E-1 2.87558E-1 3.11766E-1 2.38869E-1 2.71573E-1 3.1564E-1
