Phytophthora/models/20240506_1402_44/Phytophthora_PA3_RUN4_MAXENT_outputs/Phytophthora_PA3_RUN4.asc
ncols         225
nrows         269
xllcorner     473009.9838
yllcorner     4429051.1748
cellsize      50.0
NODATA_value  -9999
[rows 78 to 103 of 269, columns 0 to 59 of 225]
-9999 -9999 -9999 -9999 -9999 -9999 -9999 -9999 -9999 -9999 -9999 -9999 -9999 -9999 -9999 -9999 -9999 -9999 -9999 -9999 -9999 -9999 -9999 -9999 -9999 -9999 -9999 -9999 -9999 9.89433E-3 5.72589E-3 3.41923E-3 3.10193E-3 3.9007E-3 5.95946E-3 6.58236E-3 8.23872E-3 8.98407E-3 8.02536E-3 9.36867E-3 1.44898E-2 1.64031E-2 1.97206E-2 1.65991E-2 1.59193E-2 1.68044E-2 1.43714E-2 1.73416E-2 2.15388E-2 2.21011E-2 2.0148E-2 1.89597E-2 1.53351E-2 1.35962E-2 1.73989E-2 2.3831E-2 2.41905E-2 1.99008E-2 1.75972E-2 1.65523E-2
-9999 -9999 -9999 -9999 -9999 -9999 -9999 -9999 -9999 -9999 -9999 -9999 -9999 -9999 -9999 -9999 -9999 -9999 -9999 -9999 -9999 -9999 -9999 -9999 -9999 -9999 -9999 -9999 -9999 -9999 1.80213E-3 2.14477E-3 2.30846E-3 2.56748E-3 1.1638E-2 5.67343E-3 7.09773E-3 8.66065E-3 9.03168E-3 1.10221E-2 1.36317E-2 1.50226E-2 1.90698E-2 1.58693E-2 1.39141E-2 1.75932E-2 1.39897E-2 1.22666E-2 2.17138E-2 2.35726E-2 1.27653E-2 1.40661E-2 2.0865E-2 1.92562E-2 2.38324E-2 3.0394E-2 2.59034E-2 2.22788E-2 3.74426E-2 2.55395E-2
-9999 -9999 -9999 -9999 -9999 -9999 -9999 -9999 -9999 -9999 -9999 -9999 -9999 -9999 -9999 -9999 -9999 -9999 -9999 -9999 -9999 -9999 -9999 -9999 -9999 -9999 -9999 -9999 -9999 -9999 -9999 2.1633E-3 2.54101E-3 3.44263E-3 5.39121E-3 5.63652E-3 6.96685E-3 8.17926E-3 8.27425E-3 8.55118E-3 1.2166E-2 1.03815E-2 1.24172E-2 1.18908E-2 1.14725E-2 1.60449E-2 1.60361E-2 1.28637E-2 1.40613E-2 1.97218E-2 1.69051E-2 2.37103E-2 2.32374E-2 2.63075E-2 1.63903E-2 3.41931E-2 3.70866E-2 1.96167E-2 4.22982E-2 2.71006E-2
-9999 -9999 -9999 -9999 -9999 -9999 -9999 -9999 -9999 -9999 -9999 -9999 -9999 -9999 -9999 -9999 -9999 -9999 -9999 -9999 -9999 -9999 -9999 -9999 -9999 -9999 -9999 -9999 -9999 -9999 -9999 2.38352E-3 3.8086E-3 5.17106E-3 5.34813E-3 6.65557E-3 7.83952E-3 8.78211E-3 7.44984E-3 1.04048E-2 6.7491E-3 8.53715E-3 1.35356E-2 1.64449E-2 1.63215E-2 2.04157E-2 2.27637E-2 2.28838E-2 2.21554E-2 2.22629E-2 2.17093E-2 2.58017E-2 2.66966E-2 3.13136E-2 3.27765E-2 2.61726E-2 2.48014E-2 3.81937E-2 2.92217E-2 4.07697E-2
-9999 -9999 -9999 -9999 -9999 -9999 -9999 -9999 -9999 -9999 -9999 -9999 -9999 -9999 -9999 -9999 -9999 -9999 -9999 -9999 -9999 -9999 -9999 -9999 -9999 -9999 -9999 -9999 -9999 -9999 -9999 -9999 6.29741E-3 7.35838E-3 5.65385E-3 7.14582E-3 8.14206E-3 9.18525E-3 8.12346E-3 9.62592E-3 8.171E-3 5.96963E-3 8.97466E-3 1.78213E-2 1.41239E-2 2.30642E-2 2.4411E-2 2.49521E-2 2.36242E-2 2.30634E-2 2.13782E-2 2.23851E-2 2.80736E-2 3.20447E-2 3.88333E-2 4.50172E-2 2.46571E-2 5.04439E-2 3.07042E-2 2.81915E-2
-9999 -9999 -9999 -9999 -9999 -9999 -9999 -9999 -9999 -9999 -9999 -9999 -9999 -9999 -9999 -9999 -9999 -9999 -9999 -9999 -9999 -9999 -9999 -9999 -9999 -9999 -9999 -9999 -9999 -9999 -9999 -9999 9.29871E-3 9.1046E-3 8.96594E-3 1.28155E-2 1.01288E-2 9.91852E-3 7.31842E-3 9.35518E-3 9.54758E-3 1.01878E-2 1.21745E-2 1.48253E-2 8.94312E-3 1.76564E-2 2.29057E-2 2.81499E-2 2.84576E-2 2.73084E-2 2.53236E-2 2.16607E-2 2.90678E-2 3.55103E-2 3.93576E-2 4.53863E-2 3.18651E-2 5.1386E-2 3.13814E-2 2.85639E-2
-9999 -9999 -9999 -9999 -9999 -9999 -9999 -9999 -9999 -9999 -9999 -9999 -9999 -9999 -9999 -9999 -9999 -9999 -9999 -9999 -9999 -9999 -9999 -9999 -9999 -9999 -9999 -9999 -9999 -9999 -9999 -9999 -9999 1.48376E-2 2.00088E-2 2.21468E-2 2.09687E-2 1.66643E-2 1.22169E-2 1.33632E-2 1.50575E-2 1.56514E-2 1.69016E-2 1.6465E-2 1.74241E-2 1.00993E-2 2.26969E-2 3.00981E-2 3.14131E-2 2.7456E-2 2.02589E-2 2.924E-2 3.09577E-2 3.74504E-2 3.96813E-2 3.83277E-2 2.80573E-2 4.34962E-2 2.87373E-2 3.12155E-2
-9999 -9999 -9999 -9999 -9999 -9999 -9999 -9999 -9999 -9999 -9999 -9999 -9999 -9999 -9999 -9999 -9999 -9999 -9999 -9999 -9999 -9999 -9999 -9999 -9999 -9999 -9999 -9999 -9999 -9999 -9999 -9999 -9999 2.51854E-2 2.50993E-2 2.12776E-2 1.67598E-2 1.40533E-2 9.70767E-3 1.46637E-2 1.91873E-2 1.62829E-2 1.70155E-2 1.86558E-2 2.22582E-2 1.6396E-2 2.10597E-2 2.18304E-2 2.93955E-2 3.51565E-2 3.26233E-2 1.90785E-2 3.37085E-2 3.80516E-2 4.26531E-2 2.91013E-2 2.66691E-2 2.57147E-2 3.02016E-2 3.53392E-2
-9999 -9999 -9999 -9999 -9999 -9999 -9999 -9999 -9999 -9999 -9999 -9999 -9999 -9999 -9999 -9999 -9999 -9999 -9999 -9999 -9999 -9999 -9999 -9999 -9999 -9999 -9999 -9999 -9999 -9999 -9999 -9999 -9999 2.11408E-2 2.13268E-2 1.70537E-2 1.33859E-2 8.17232E-3 1.16897E-2 1.95018E-2 1.8416E-2 1.83283E-2 1.97879E-2 2.10655E-2 2.86506E-2 2.40851E-2 1.33004E-2 2.31381E-2 3.21063E-2 4.24011E-2 3.77275E-2 3.72503E-2 1.93585E-2 3.82062E-2 4.4879E-2 4.18187E-2 4.10728E-2 2.34824E-2 3.40989E-2 3.44796E-2
-9999 -9999 -9999 -9999 -9999 -9999 -9999 -9999 -9999 -9999 -9999 -9999 -9999 -9999 -9999 -9999 -9999 -9999 -9999 -9999 -9999 -9999 -9999 -9999 -9999 -9999 -9999 -9999 -9999 -9999 -9999 -9999 -9999 2.17787E-2 2.23059E-2 1.85132E-2 1.17337E-2 1.55428E-2 1.82036E-2 2.4098E-2 1.98074E-2 1.8905E-2 2.6939E-2 2.88223E-2 3.22964E-2 2.60707E-2 2.21606E-2 2.6914E-2 2.89804E-2 2.35013E-2 2.26391E-2 2.77757E-2 3.2241E-2 2.79233E-2 3.12639E-2 3.74828E-2 4.06973E-2 3.52768E-2 2.49034E-2 3.20795E-2
-9999 -9999 -9999 -9999 -9999 -9999 -9999 -9999 -9999 -9999 -9999 -9999 -9999 -9999 -9999 -9999 -9999 -9999 -9999 -9999 -9999 -9999 -9999 -9999 -9999 -9999 -9999 -9999 -9999 -9999 -9999 -9999 -9999 2.13721E-2 2.11087E-2 2.054E-2 2.02977E-2 1.56247E-2 2.36256E-2 2.78439E-2 2.57208E-2 1.51339E-2 2.7431E-2 3.32026E-2 3.58535E-2 1.54377E-2 2.24923E-2 2.65927E-2 2.89288E-2 2.30527E-2 1.96817E-2 2.76273E-2 3.71072E-2 3.90575E-2 4.34378E-2 3.96956E-2 2.66273E-2 1.90598E-2 1.96078E-2 2.88365E-2
-9999 -9999 -9999 -9999 -9999 -9999 -9999 -9999 -9999 -9999 -9999 -9999 -9999 -9999 -9999 -9999 -9999 -9999 -9999 -9999 -9999 -9999 -9999 -9999 -9999 -9999 -9999 -9999 -9999 -9999 -9999 -9999 -9999 1.985E-2 2.3932E-2 2.68224E-2 2.77127E-2 2.34545E-2 2.39254E-2 2.22526E-2 3.10014E-2 2.10051E-2 3.18624E-2 3.60449E-2 3.9987E-2 2.26437E-2 2.954E-2 2.67994E-2 2.23395E-2 1.51515E-2 1.6779E-2 2.4796E-2 3.36309E-2 3.58409E-2 4.06247E-2 3.86378E-2 3.67333E-2 3.3612E-2 1.57088E-2 1.79974E-2
-9999 -9999 -9999 -9999 -9999 -9999 -9999 -9999 -9999 -9999 -9999 -9999 -9999 -9999 -9999 -9999 -9999 -9999 -9999 -9999 -9999 -9999 -9999 -9999 -9999 -9999 -9999 -9999 -9999 -9999 -9999 -9999 1.86499E-2 1.69345E-2 2.1563E-2 2.47084E-2 2.85146E-2 2.4502E-2 1.98224E-2 2.10361E-2 3.10497E-2 3.22108E-2 3.46628E-2 3.86003E-2 4.21562E-2 2.98496E-2 3.60739E-2 3.40655E-2 2.45178E-2 1.61085E-2 1.63395E-2 2.13798E-2 3.04759E-2 3.47912E-2 3.93326E-2 3.68833E-2 3.5429E-2 2.69722E-2 1.94564E-2 2.22246E-2
-9999 -9999 -9999 -9999 -9999 -9999 -9999 -9999 -9999 -9999 -9999 -9999 -9999 -9999 -9999 -9999 -9999 -9999 -9999 -9999 3.65285E-3 3.59355E-3 9.94483E-3 4.8916E-3 7.48078E-3 -9999 -9999 -9999 2.85665E-2 5.22588E-3 2.37692E-3 5.89036E-3 2.20709E-2 2.02281E-2 2.25365E-2 2.30903E-2 2.58153E-2 1.92919E-2 1.42117E-2 2.40772E-2 3.17418E-2 3.5923E-2 3.47438E-2 3.9437E-2 3.82201E-2 3.62574E-2 4.08418E-2 3.61071E-2 3.16167E-2 2.12515E-2 1.90773E-2 2.25057E-2 3.22483E-2 3.81922E-2 3.87865E-2 2.59527E-2 2.3841E-2 2.79198E-2 2.12629E-2 1.59287E-2
-9999 -9999 -9999 -9999 -9999 -9999 -9999 -9999 -9999 -9999 -9999 -9999 -9999 -9999 -9999 -9999 -9999 8.79058E-2 2.17169E-2 6.7553E-3 3.98093E-3 3.9223E-3 1.0847E-2 5.6305E-3 8.47636E-3 6.0226E-2 1.70978E-1 2.58477E-1 5.26937E-2 1.04518E-2 4.18641E-3 5.57124E-3 2.79078E-2 2.34132E-2 2.32919E-2 2.13073E-2 2.16847E-2 1.60656E-2 1.54387E-2 2.50615E-2 3.33547E-2 3.70636E-2 3.44328E-2 3.04744E-2 2.53897E-2 4.27024E-2 4.47276E-2 4.06892E-2 2.86415E-2 2.01287E-2 1.86166E-2 1.66421E-2 1.72854E-2 1.66528E-2 1.3974E-2 1.62409E-2 1.04137E-2 2.1297E-2 2.14887E-2 2.41981E-2
-9999 -9999 -9999 -9999 -9999 -9999 -9999 -9999 -9999 -9999 -9999 -9999 -9999 -9999 -9999 -9999 3.84302E-2 3.21998E-2 1.05425E-2 4.88434E-3 2.7433E-3 3.48772E-3 1.10411E-2 4.09075E-3 5.57628E-3 1.1326E-2 2.32019E-2 6.26712E-2 2.13025E-2 7.07558E-3 3.74658E-3 8.42128E-3 3.33363E-2 3.02204E-2 2.63279E-2 2.2356E-2 1.62058E-2 1.81231E-2 1.29135E-2 2.96953E-2 4.04272E-2 4.60746E-2 5.12056E-2 4.58604E-2 4.26516E-2 3.59006E-2 4.6974E-2 3.51747E-2 2.38659E-2 1.75321E-2 1.38069E-2 1.55986E-2 1.21976E-2 6.65379E-3 1.63768E-2 2.06267E-2 2.05168E-2 1.86328E-2 2.14957E-2 7.36351E-3
-9999 -9999 -9999 -9999 -9999 -9999 -9999 -9999 -9999 -9999 -9999 -9999 -9999 -9999 1.04131E-2 1.36345E-2 1.4579E-2 1.33111E-2 5.85152E-3 3.48391E-3 2.49388E-3 4.81046E-3 1.39376E-2 4.58223E-3 4.78685E-3 6.05941E-3 9.6027E-3 1.38343E-2 8.77182E-3 4.63022E-3 3.83342E-3 1.25198E-2 3.35087E-2 3.54228E-2 3.40118E-2 1.95792E-2 2.83256E-2 2.17844E-2 3.12051E-2 3.94133E-2 4.68636E-2 5.64846E-2 6.15817E-2 5.67503E-2 4.92235E-2 4.59185E-2 3.01276E-2 2.19849E-2 2.03435E-2 1.87807E-2 2.06506E-2 2.4291E-2 2.14846E-2 3.15056E-2 2.96728E-2 1.87032E-2 1.50108E-2 1.16323E-2 1.52387E-2 3.24717E-2
-9999 -9999 -9999 -9999 -9999 -9999 -9999 -9999 -9999 -9999 -9999 2.15183E-3 3.25149E-3 4.91754E-3 6.43884E-3 7.97684E-3 9.28561E-3 9.81844E-3 6.71285E-3 4.11528E-3 3.11109E-3 6.74098E-3 1.6062E-2 8.43246E-3 4.39568E-3 5.17171E-3 5.56174E-3 5.08923E-3 4.29997E-3 3.97765E-3 9.18375E-3 2.12597E-2 3.56183E-2 3.73276E-2 3.44387E-2 1.68698E-2 2.79713E-2 2.1611E-2 3.82987E-2 5.02E-2 5.83509E-2 7.1662E-2 7.26085E-2 4.39158E-2 5.14909E-2 4.22291E-2 3.20252E-2 3.05106E-2 2.87819E-2 2.41357E-2 2.28028E-2 2.8294E-2 3.5785E-2 4.14074E-2 3.54613E-2 2.24346E-2 1.9068E-2 8.54345E-3 1.18261E-2 2.30777E-2
-9999 -9999 -9999 -9999 -9999 -9999 -9999 -9999 -9999 -9999 1.16905E-3 1.38298E-3 1.92053E-3 3.55825E-3 5.44093E-3 6.65846E-3 8.1701E-3 1.00202E-2 8.92462E-3 8.52054E-3 1.10888E-2 1.52547E-2 2.05835E-2 1.61156E-2 1.18086E-2 8.63979E-3 6.17893E-3 5.34197E-3 8.33864E-3 1.6485E-2 2.32737E-2 3.7004E-2 4.33199E-2 4.39711E-2 3.99092E-2 2.1861E-2 3.42896E-2 3.20835E-2 4.48723E-2 6.6044E-2 6.28511E-2 4.84908E-2 6.95056E-2 8.24554E-2 7.1297E-2 6.69554E-2 5.67983E-2 4.24928E-2 3.37171E-2 2.792E-2 2.71361E-2 3.4762E-2 4.19345E-2 4.68677E-2 4.85858E-2 3.85699E-2 2.58147E-2 2.06473E-2 1.68097E-2 2.35224E-2
-9999 -9999 -9999 -9999 -9999 -9999 -9999 -9999 -9999 -9999 5.56883E-3 7.33275E-3 1.10528E-2 1.95107E-2 2.27521E-2 2.4148E-2 2.91313E-2 3.85001E-2 4.30597E-2 3.7512E-2 3.9893E-2 3.56714E-2 2.69477E-2 3.04649E-2 3.25423E-2 3.71189E-2 4.21385E-2 4.95784E-2 4.41066E-2 5.71414E-2 5.76757E-2 5.95221E-2 5.47456E-2 3.01908E-2 4.49417E-2 3.57649E-2 4.03106E-2 2.95426E-2 5.07467E-2 5.38203E-2 8.46074E-2 1.02385E-1 1.02197E-1 1.00054E-1 9.12437E-2 8.39519E-2 5.39033E-2 4.03706E-2 3.59615E-2 3.43343E-2 3.66982E-2 4.03361E-2 4.92676E-2 5.66565E-2 6.06219E-2 5.1829E-2 3.44439E-2 3.36077E-2 3.55942E-2 3.9662E-2
-9999 -9999 -9999 -9999 -9999 -9999 -9999 -9999 -9999 -9999 8.22983E-3 1.18136E-2 1.6783E-2 2.38661E-2 3.09797E-2 3.81304E-2 3.83743E-2 4.22848E-2 5.16023E-2 5.3101E-2 5.00865E-2 4.31891E-2 3.42944E-2 3.3336E-2 3.83962E-2 4.60498E-2 5.36662E-2 5.969E-2 5.88694E-2 4.69272E-2 5.72615E-2 5.77825E-2 5.72373E-2 5.20192E-2 3.2967E-2 4.10224E-2 3.88368E-2 2.69282E-2 5.3789E-2 6.28171E-2 8.6841E-2 9.69466E-2 9.15714E-2 8.87034E-2 3.14183E-2 5.92535E-2 3.96781E-2 3.34723E-2 3.84366E-2 3.9805E-2 3.5861E-2 2.50985E-2 4.21216E-2 5.07794E-2 6.04862E-2 6.47266E-2 4.31039E-2 4.10774E-2 4.57406E-2 5.37025E-2
-9999 -9999 -9999 -9999 -9999 -9999 -9999 -9999 -9999 -9999 7.19936E-3 1.05214E-2 1.60854E-2 2.4179E-2 3.4607E-2 4.36884E-2 4.83904E-2 3.27358E-2 5.91023E-2 5.97418E-2 5.59015E-2 4.80171E-2 3.78874E-2 3.05394E-2 3.67778E-2 4.62967E-2 5.86691E-2 6.57059E-2 6.37982E-2 5.9853E-2 5.85335E-2 4.95449E-2 4.38638E-2 5.82906E-2 5.64773E-2 4.79933E-2 4.24997E-2 3.67758E-2 4.52644E-2 7.31041E-2 8.34239E-2 1.01576E-1 8.60759E-2 2.56684E-2 8.3515E-2 5.2171E-2 3.91328E-2 3.24632E-2 4.15056E-2 4.21717E-2 3.87443E-2 3.80965E-2 3.84832E-2 5.6982E-2 5.32988E-2 4.57012E-2 4.99278E-2 5.19151E-2 5.43639E-2 5.84917E-2
-9999 -9999 -9999 -9999 -9999 -9999 -9999 -9999 -9999 -9999 6.40061E-3 9.83114E-3 1.62229E-2 2.55601E-2 3.73587E-2 4.66385E-2 5.3265E-2 3.41632E-2 6.4648E-2 6.50542E-2 6.19054E-2 5.31251E-2 4.32625E-2 3.00414E-2 3.53416E-2 4.77953E-2 5.62478E-2 6.15464E-2 5.93213E-2 5.83381E-2 6.1272E-2 6.12345E-2 3.75212E-2 5.33711E-2 4.70223E-2 4.6722E-2 4.48238E-2 3.27709E-2 3.41006E-2 7.41676E-2 8.05765E-2 6.63868E-2 8.25079E-2 4.51545E-2 6.63011E-2 6.06796E-2 4.96052E-2 4.34806E-2 3.90594E-2 4.09048E-2 4.22802E-2 4.02464E-2 4.1619E-2 5.57619E-2 6.60586E-2 5.60572E-2 4.27179E-2 6.10829E-2 7.07671E-2 6.4277E-2
-9999 -9999 -9999 -9999 -9999 -9999 -9999 -9999 -9999 -9999 -9999 1.3095E-2 2.26294E-2 3.46407E-2 4.29528E-2 5.24936E-2 6.12705E-2 5.32366E-2 7.54388E-2 7.47235E-2 6.79716E-2 5.75198E-2 4.86526E-2 3.41737E-2 3.47228E-2 4.36384E-2 4.92329E-2 5.58895E-2 5.5841E-2 6.82687E-2 6.6145E-2 6.00052E-2 4.99528E-2 4.94333E-2 3.47926E-2 4.12472E-2 4.32942E-2 3.35808E-2 5.0321E-2 5.83864E-2 6.1283E-2 5.51915E-2 4.46114E-2 7.4875E-2 1.57388E-2 5.64558E-2 6.01699E-2 5.0105E-2 4.39013E-2 4.24985E-2 4.38759E-2 3.6095E-2 3.58489E-2 5.14698E-2 6.66519E-2 6.36634E-2 5.71145E-2 4.70307E-2 5.03316E-2 6.31105E-2
-9999 -9999 -9999 -9999 -9999 -9999 -9999 -9999 -9999 -9999 -9999 2.12886E-2 3.03937E-2 4.0466E-2 5.1497E-2 5.64267E-2 6.87007E-2 7.47477E-2 6.41241E-2 6.58546E-2 6.75921E-2 6.14213E-2 4.98844E-2 3.97046E-2 4.67193E-2 5.43914E-2 5.77721E-2 5.68536E-2 5.57477E-2 6.04813E-2 5.44824E-2 3.75839E-2 3.84222E-2 3.89751E-2 3.13379E-2 3.36826E-2 3.46646E-2 2.92745E-2 4.20022E-2 5.37862E-2 5.96438E-2 5.65663E-2 4.48325E-2 6.0309E-2 5.00349E-2 2.43595E-2 6.16835E-2 5.54969E-2 4.7928E-2 3.85901E-2 3.54159E-2 2.87383E-2 2.56065E-2 4.03548E-2 6.20359E-2 6.84248E-2 6.40242E-2 6.87766E-2 7.53642E-2 8.05991E-2
-9999 -9999 -9999 -9999 -9999 -9999 -9999 -9999 -9999 -9999 -9999 1.22645E-2 2.02272E-2 2.33382E-2 3.14518E-2 4.3266E-2 3.58801E-2 5.80851E-2 5.74583E-2 6.22522E-2 6.23937E-2 5.59433E-2 4.50771E-2 4.70018E-2 5.99448E-2 5.35639E-2 5.39621E-2 5.43389E-2 5.18916E-2 5.06594E-2 4.92619E-2 4.54706E-2 5.16616E-2 4.33225E-2 3.7899E-2 3.37708E-2 3.45166E-2 3.42334E-2 3.38137E-2 4.67748E-2 4.96882E-2 4.91425E-2 3.49755E-2 4.82387E-2 3.98214E-2 4.49825E-2 6.37362E-2 5.86322E-2 5.43729E-2 4.09293E-2 2.73475E-2 2.26024E-2 1.95738E-2 2.96652E-2 5.55384E-2 6.20622E-2 6.58231E-2 6.2003E-2 6.9257E-2 7.92798E-2
