Phytophthora/models/20240506_1402_44/Phytophthora_PA3_RUN4_MAXENT_outputs/Phytophthora_PA3_RUN4.asc
ncols         225
nrows         269
xllcorner     473009.9838
yllcorner     4429051.1748
cellsize      50.0
NODATA_value  -9999
[rows 52 to 77 of 269, columns 0 to 59 of 225]
-9999 -9999 -9999 -9999 -9999 -9999 -9999 -9999 -9999 -9999 -9999 -9999 -9999 -9999 -9999 -9999 -9999 -9999 -9999 -9999 -9999 2.79499E-3 3.80618E-3 5.97684E-3 1.16033E-2 1.16962E-2 1.09774E-2 1.01856E-2 1.27621E-2 1.2415E-2 1.19294E-2 1.12838E-2 1.06906E-2 1.13027E-2 1.56372E-2 2.12025E-2 2.702E-2 3.10618E-2 3.21922E-2 3.37472E-2 2.66406E-2 2.12275E-2 2.05144E-2 1.66202E-2 1.59789E-2 1.31745E-2 1.05352E-2 8.30652E-3 9.20576E-3 6.80299E-3 7.89543E-3 9.66913E-3 7.21935E-3 9.43471E-3 9.94001E-3 9.10676E-3 4.24548E-3 5.15736E-3 5.04033E-3 3.72E-3
-9999 -9999 -9999 -9999 -9999 -9999 -9999 -9999 -9999 -9999 -9999 -9999 -9999 -9999 -9999 -9999 -9999 -9999 -9999 -9999 -9999 1.98368E-3 6.36538E-3 2.89918E-3 6.18981E-3 8.06736E-3 7.17605E-3 6.90272E-3 9.65775E-3 9.20655E-3 8.99255E-3 8.83131E-3 1.21551E-2 1.53127E-2 1.96077E-2 2.40971E-2 1.13788E-2 2.96353E-2 1.62623E-2 2.04107E-2 2.48301E-2 2.17855E-2 1.5769E-2 1.54825E-2 1.77701E-2 1.08975E-2 1.0394E-2 7.23623E-3 1.02404E-2 9.19145E-3 9.40031E-3 9.81107E-3 8.6165E-3 8.86645E-3 7.08959E-3 6.6604E-3 5.74953E-3 5.36516E-3 5.13239E-3 4.44719E-3
-9999 -9999 -9999 -9999 -9999 -9999 -9999 -9999 -9999 -9999 -9999 -9999 -9999 -9999 -9999 -9999 -9999 -9999 -9999 -9999 -9999 1.03725E-3 2.65547E-3 3.04697E-3 2.61807E-3 3.70461E-3 6.85759E-3 6.94985E-3 7.17869E-3 6.23299E-3 8.57374E-3 1.21362E-2 1.69835E-2 2.02716E-2 4.2104E-3 2.51695E-2 2.75401E-2 2.54096E-2 1.54193E-2 1.64881E-2 2.04317E-2 1.14405E-2 1.18541E-2 1.89166E-2 1.93333E-2 1.12817E-2 1.07814E-2 9.17421E-3 5.14941E-3 8.26159E-3 8.99169E-3 8.74615E-3 8.22461E-3 5.83353E-3 6.80755E-3 4.70414E-3 4.86886E-3 3.95255E-3 3.81488E-3 3.8722E-3
-9999 -9999 -9999 -9999 -9999 -9999 -9999 -9999 -9999 -9999 -9999 -9999 -9999 -9999 -9999 -9999 -9999 -9999 -9999 -9999 -9999 3.61834E-4 1.12732E-3 1.30579E-3 1.71572E-3 1.82023E-3 4.12196E-4 2.27637E-3 3.36121E-3 5.9929E-3 9.79968E-3 1.54925E-2 1.00971E-2 7.72048E-3 2.27089E-2 2.44811E-2 2.58149E-2 2.474E-2 1.55548E-2 2.72334E-2 1.93854E-2 1.97985E-2 1.54901E-2 2.39854E-2 1.48707E-2 7.15631E-3 6.83588E-3 5.44164E-3 7.5509E-3 7.81744E-3 8.19605E-3 7.85799E-3 4.22154E-3 6.86211E-3 6.2403E-3 5.92261E-3 5.41812E-3 4.60743E-3 3.88527E-3 3.55532E-3
-9999 -9999 -9999 -9999 -9999 -9999 -9999 -9999 -9999 -9999 -9999 -9999 -9999 -9999 -9999 -9999 -9999 -9999 -9999 -9999 7.68044E-5 1.52091E-4 6.30742E-4 5.23979E-4 5.13668E-4 1.10152E-3 8.25584E-4 1.60063E-3 3.24279E-3 1.49568E-3 2.91121E-3 8.94527E-3 2.20404E-2 1.71184E-2 2.30193E-2 2.53948E-2 2.43519E-2 1.98814E-2 1.00208E-2 1.54413E-2 9.2529E-3 1.55158E-2 1.28546E-2 1.45208E-2 9.82569E-3 9.54597E-3 7.98382E-3 7.49108E-3 7.09116E-3 6.90839E-3 6.59558E-3 4.50546E-3 4.95334E-3 5.63281E-3 5.47236E-3 5.52065E-3 4.04516E-3 4.84367E-3 3.57337E-3 4.59821E-3
-9999 -9999 -9999 -9999 -9999 -9999 -9999 -9999 -9999 -9999 -9999 -9999 -9999 -9999 -9999 -9999 -9999 7.40671E-4 2.02003E-4 8.94451E-5 3.46006E-5 4.83538E-5 3.42878E-4 3.70421E-4 4.20556E-4 2.16696E-3 2.65893E-3 2.25286E-3 3.78683E-3 6.71641E-3 1.0182E-2 1.38696E-2 2.31535E-2 1.92106E-2 2.26447E-2 2.21458E-2 2.15934E-2 1.71589E-2 1.00177E-2 1.6036E-2 9.62446E-3 1.56927E-2 8.39738E-3 1.38192E-2 1.00582E-2 8.38715E-3 6.86978E-3 5.94775E-3 6.21009E-3 6.23269E-3 5.51599E-3 5.35654E-3 4.97001E-3 5.28182E-3 5.41239E-3 5.36965E-3 4.01832E-3 4.44247E-3 2.87017E-3 4.58272E-3
-9999 -9999 -9999 -9999 -9999 -9999 -9999 -9999 -9999 -9999 -9999 -9999 -9999 -9999 -9999 -9999 3.58561E-5 7.30157E-5 3.53257E-5 2.22328E-5 1.67633E-5 5.27051E-5 3.82103E-4 7.15327E-4 1.06261E-3 2.34955E-3 5.63838E-3 3.68339E-3 5.50257E-3 8.54722E-3 1.116E-2 1.39431E-2 1.56405E-2 1.72339E-2 1.90051E-2 1.77947E-2 1.44654E-2 1.46954E-2 1.45793E-2 1.37772E-2 1.19256E-2 1.10497E-2 1.27147E-2 9.73513E-3 5.16894E-3 7.46514E-3 7.01424E-3 6.46351E-3 5.97433E-3 5.7095E-3 5.92687E-3 5.50816E-3 4.84383E-3 4.2471E-3 4.11855E-3 3.51821E-3 3.71051E-3 3.09659E-3 3.77289E-3 4.85002E-3
-9999 -9999 -9999 -9999 -9999 -9999 -9999 -9999 -9999 -9999 -9999 -9999 -9999 -9999 3.48545E-6 1.05944E-5 1.52402E-5 1.60442E-5 1.34806E-5 1.78734E-5 2.4759E-5 1.41978E-4 6.38859E-4 1.08713E-3 1.86566E-3 4.38307E-3 8.58991E-3 6.33082E-3 7.79313E-3 1.09717E-2 1.35208E-2 1.59385E-2 1.74992E-2 1.90347E-2 1.99914E-2 1.70236E-2 1.76996E-2 1.70914E-2 1.56531E-2 1.36298E-2 1.22133E-2 1.03461E-2 1.04569E-2 1.05079E-2 1.05908E-2 8.60326E-3 5.72747E-3 5.15268E-3 5.01586E-3 5.29295E-3 5.26334E-3 5.35678E-3 4.76794E-3 3.50201E-3 2.83823E-3 2.92175E-3 4.2951E-3 3.29891E-3 2.09588E-3 4.88459E-3
-9999 -9999 -9999 -9999 -9999 -9999 -9999 -9999 -9999 -9999 -9999 -9999 -9999 1.99104E-6 4.42686E-6 6.37421E-6 1.18224E-5 1.62633E-5 1.24665E-5 1.34337E-5 5.00069E-5 2.42E-4 7.85623E-4 1.44391E-3 2.52199E-3 3.95754E-3 1.13003E-2 9.334E-3 1.0352E-2 1.34923E-2 1.66059E-2 1.91704E-2 2.07669E-2 2.06367E-2 2.15738E-2 1.55233E-2 1.6878E-2 1.53242E-2 1.37348E-2 1.22289E-2 1.13659E-2 1.12407E-2 9.3676E-3 8.27534E-3 8.60069E-3 9.27253E-3 7.93338E-3 7.45841E-3 6.29679E-3 4.63093E-3 4.65974E-3 4.80155E-3 3.06721E-3 5.38965E-3 5.83896E-3 5.45702E-3 5.46688E-3 4.37267E-3 3.75224E-3 4.70398E-3
-9999 -9999 -9999 -9999 -9999 -9999 -9999 -9999 -9999 -9999 -9999 -9999 9.10861E-7 6.33928E-7 4.7686E-6 6.84724E-6 1.23218E-5 1.7628E-5 2.60484E-5 5.18689E-5 9.61403E-5 3.69597E-4 1.59294E-3 2.46511E-3 3.54216E-3 4.84395E-3 6.40264E-3 1.0893E-2 1.47092E-2 1.8669E-2 2.13193E-2 2.14477E-2 2.29685E-2 2.13383E-2 2.03098E-2 1.30769E-2 1.60833E-2 1.40668E-2 1.13995E-2 1.01883E-2 1.03884E-2 9.83581E-3 8.48069E-3 7.70965E-3 8.07592E-3 8.94586E-3 8.24499E-3 7.70793E-3 5.86549E-3 2.68054E-3 2.35734E-3 2.04773E-3 3.20545E-3 5.14177E-3 6.4495E-3 5.82385E-3 3.05234E-3 4.11185E-3 3.73222E-3 4.3445E-3
-9999 -9999 -9999 -9999 -9999 -9999 -9999 -9999 -9999 -9999 -9999 -9999 5.28168E-6 1.28588E-5 3.20354E-5 6.08839E-5 1.16023E-4 1.91982E-4 2.67546E-4 3.67708E-4 4.64776E-4 1.30384E-3 1.17879E-3 2.58509E-3 4.84098E-3 1.35543E-2 1.02059E-2 1.58775E-2 1.9271E-2 2.11511E-2 2.2914E-2 2.19843E-2 2.0366E-2 1.67401E-2 1.35366E-2 1.6034E-2 1.47949E-2 1.2537E-2 1.01773E-2 9.57821E-3 1.00326E-2 9.84813E-3 8.5047E-3 8.36387E-3 7.72407E-3 8.9721E-3 8.59522E-3 8.69061E-3 6.64663E-3 3.79844E-3 3.56383E-3 2.77719E-3 4.44105E-3 7.58743E-3 7.20362E-3 3.59982E-3 5.34935E-3 2.91573E-3 2.01963E-3 5.21033E-3
-9999 -9999 -9999 -9999 -9999 -9999 -9999 -9999 -9999 -9999 -9999 -9999 9.26418E-6 2.17946E-5 5.86518E-5 1.16639E-4 2.08851E-4 3.21706E-4 4.63674E-4 6.13956E-4 1.43198E-3 1.81001E-3 1.72349E-3 3.11129E-3 7.30186E-3 1.5475E-2 1.47575E-2 1.84446E-2 2.19591E-2 2.39795E-2 2.44186E-2 2.136E-2 1.75845E-2 1.43073E-2 1.63397E-2 1.48218E-2 1.38973E-2 1.12056E-2 1.13867E-2 1.06662E-2 9.76133E-3 9.38362E-3 8.61516E-3 9.18595E-3 8.59116E-3 1.00749E-2 9.98017E-3 8.46007E-3 5.82567E-3 4.0418E-3 2.78275E-3 1.90946E-3 3.73928E-3 2.08133E-3 2.08292E-3 6.2497E-3 3.74205E-3 3.86855E-3 5.0065E-3 5.67779E-3
-9999 -9999 -9999 -9999 -9999 -9999 -9999 -9999 -9999 -9999 -9999 -9999 1.52202E-5 5.22706E-5 1.02032E-4 2.00285E-4 3.72438E-4 6.10356E-4 7.6533E-4 1.03028E-3 2.08075E-3 2.6701E-3 2.9213E-3 5.06482E-3 1.28073E-2 2.00738E-2 1.74548E-2 2.13866E-2 2.32126E-2 2.31801E-2 2.22749E-2 1.93186E-2 1.51806E-2 1.71149E-2 1.62181E-2 1.38177E-2 1.24155E-2 1.12237E-2 1.01324E-2 9.25827E-3 7.99122E-3 4.99383E-3 6.12142E-3 8.31538E-3 8.00568E-3 8.47369E-3 7.63458E-3 9.0175E-3 7.51225E-3 5.51231E-3 4.11343E-3 2.77958E-3 1.40384E-3 3.45573E-3 2.52166E-3 3.56747E-3 6.40527E-3 6.51813E-3 5.86441E-3 5.89095E-3
-9999 -9999 -9999 -9999 -9999 -9999 -9999 -9999 -9999 -9999 8.06554E-7 2.59466E-6 3.9376E-5 1.13139E-4 1.62036E-4 3.03216E-4 5.47585E-4 7.7215E-4 1.0234E-3 1.50065E-3 3.16581E-3 3.33755E-3 5.75329E-3 8.04912E-3 8.27937E-3 2.22243E-2 2.66814E-2 2.21678E-2 2.13428E-2 2.06703E-2 1.80962E-2 1.1614E-2 1.32283E-2 1.32931E-2 1.40648E-2 1.14571E-2 1.23237E-2 1.19378E-2 9.42759E-3 8.74313E-3 7.68521E-3 8.02783E-3 7.774E-3 7.8714E-3 7.08888E-3 7.0205E-3 6.64185E-3 7.16536E-3 6.28671E-3 5.20401E-3 2.22139E-3 2.64587E-3 2.8886E-3 2.27875E-3 4.09417E-3 4.40204E-3 4.87072E-3 5.74848E-3 5.65469E-3 6.35005E-3
-9999 -9999 -9999 -9999 -9999 -9999 -9999 -9999 4.28764E-7 5.13198E-7 2.97851E-7 3.02797E-6 2.29619E-5 1.09059E-4 1.89264E-4 3.67588E-4 7.36625E-4 1.33055E-3 1.82671E-3 2.32566E-3 4.38939E-3 3.15006E-3 8.89613E-3 1.12906E-2 8.96189E-3 1.15466E-2 2.83549E-2 2.00963E-2 2.15489E-2 2.17191E-2 1.80511E-2 1.29917E-2 1.30874E-2 1.21777E-2 1.19215E-2 1.17138E-2 1.17909E-2 1.06618E-2 1.02808E-2 1.03123E-2 1.01339E-2 1.10875E-2 1.19209E-2 9.18845E-3 8.39476E-3 7.96491E-3 8.37529E-3 7.92029E-3 5.92723E-3 3.96951E-3 5.30067E-3 4.47369E-3 4.11728E-3 3.33169E-3 3.82902E-3 4.91346E-3 5.27137E-3 5.43457E-3 5.48016E-3 4.83707E-3
-9999 -9999 -9999 -9999 -9999 -9999 -9999 -9999 8.62219E-7 1.18694E-6 8.34202E-7 3.06788E-6 6.33792E-5 8.48592E-5 2.04568E-4 4.15313E-4 8.62067E-4 1.57656E-3 2.43312E-3 2.8201E-3 5.02394E-3 4.08474E-3 7.32091E-3 8.21878E-3 7.13659E-3 1.24591E-2 2.67893E-2 1.65653E-2 1.88537E-2 2.09114E-2 1.65167E-2 1.15229E-2 1.23952E-2 1.12603E-2 1.02691E-2 1.09671E-2 1.0208E-2 7.59173E-3 1.30179E-2 1.38185E-2 1.41342E-2 1.37538E-2 1.42113E-2 1.13042E-2 1.06193E-2 9.5768E-3 9.7882E-3 8.88566E-3 9.32765E-3 7.2049E-3 4.64101E-3 4.95046E-3 3.98879E-3 2.48719E-3 3.75376E-3 4.86306E-3 5.34723E-3 5.16869E-3 5.08104E-3 5.6785E-3
-9999 -9999 -9999 -9999 -9999 -9999 -9999 -9999 1.27598E-6 1.36468E-6 1.64586E-6 4.09974E-6 2.86787E-5 6.77409E-5 2.11615E-4 4.79055E-4 9.55058E-4 1.96864E-3 2.89632E-3 3.72618E-3 6.12262E-3 8.41938E-3 1.10616E-2 1.34581E-2 8.97604E-3 3.18139E-2 1.73108E-2 1.64949E-2 1.44664E-2 1.65211E-2 1.5498E-2 1.27584E-2 1.32296E-2 1.22439E-2 1.01413E-2 1.2146E-2 1.32193E-2 1.46202E-2 8.37868E-3 1.47955E-2 1.41862E-2 1.34164E-2 1.34526E-2 1.22848E-2 1.29542E-2 1.15267E-2 1.28796E-2 1.18861E-2 1.01152E-2 3.90549E-3 6.34101E-3 3.86657E-3 3.67583E-3 3.897E-3 3.62581E-3 3.14847E-3 5.03799E-3 5.03917E-3 4.8737E-3 5.60353E-3
-9999 -9999 -9999 -9999 -9999 -9999 -9999 -9999 -9999 -9999 2.26497E-6 4.73009E-6 2.89219E-5 9.21061E-5 2.60162E-4 6.42124E-4 1.37088E-3 3.04443E-3 3.55761E-3 4.32223E-3 7.39345E-3 1.08963E-2 1.33046E-2 1.61234E-2 1.82078E-2 1.75941E-2 1.52343E-2 1.81272E-2 1.65376E-2 1.6375E-2 1.68772E-2 1.60468E-2 1.47015E-2 1.32765E-2 1.04209E-2 1.1142E-2 1.25723E-2 1.33744E-2 1.51639E-2 1.13422E-2 9.139E-3 1.17816E-2 1.27488E-2 1.19976E-2 1.27925E-2 1.20664E-2 1.26217E-2 1.13251E-2 8.02352E-3 8.19292E-3 6.20263E-3 4.59364E-3 2.17352E-3 3.84859E-3 4.43502E-3 4.76728E-3 3.91722E-3 4.60156E-3 4.94394E-3 5.62928E-3
-9999 -9999 -9999 -9999 -9999 -9999 -9999 -9999 -9999 -9999 -9999 -9999 -9999 -9999 -9999 -9999 -9999 3.37455E-3 2.97684E-3 4.93953E-3 8.28489E-3 1.59975E-2 1.93645E-2 2.16189E-2 2.38068E-2 2.01379E-2 1.8281E-2 1.77351E-2 1.78596E-2 1.87863E-2 1.82814E-2 1.24396E-2 1.50161E-2 1.42914E-2 1.14374E-2 9.68642E-3 1.04688E-2 1.0902E-2 1.00304E-2 1.02944E-2 1.14469E-2 1.0302E-2 9.31731E-3 7.88203E-3 8.89978E-3 9.54344E-3 8.2647E-3 6.56048E-3 9.38919E-3 7.27653E-3 5.95353E-3 4.87965E-3 2.71392E-3 2.12269E-3 4.37238E-3 4.52768E-3 4.5342E-3 4.73491E-3 4.85459E-3 5.67799E-3
-9999 -9999 -9999 -9999 -9999 -9999 -9999 -9999 -9999 -9999 -9999 -9999 -9999 -9999 -9999 -9999 -9999 -9999 -9999 5.08154E-3 1.04723E-2 1.64609E-2 1.99617E-2 2.49591E-2 2.96639E-2 2.3864E-2 1.77585E-2 2.40406E-2 1.74182E-2 2.18067E-2 1.88325E-2 1.43646E-2 1.40442E-2 1.42075E-2 1.23866E-2 1.14961E-2 9.8975E-3 1.01836E-2 9.59903E-3 9.75631E-3 1.10214E-2 1.05377E-2 1.13012E-2 1.00434E-2 1.20069E-2 1.16018E-2 8.76136E-3 1.03738E-2 8.70192E-3 6.37041E-3 5.34815E-3 4.4634E-3 2.991E-3 2.74895E-3 3.14626E-3 4.67832E-3 5.19515E-3 5.23344E-3 5.3076E-3 6.10378E-3
-9999 -9999 -9999 -9999 -9999 -9999 -9999 -9999 -9999 -9999 -9999 -9999 -9999 -9999 -9999 -9999 -9999 -9999 -9999 -9999 1.20165E-2 1.58513E-2 1.86341E-2 2.2968E-2 2.72758E-2 2.24979E-2 3.03914E-2 3.23376E-2 2.9424E-2 1.19667E-2 9.44938E-3 1.17732E-2 1.14598E-2 1.40068E-2 1.36522E-2 1.3772E-2 1.17903E-2 1.03629E-2 9.50669E-3 1.0331E-2 1.06864E-2 9.60925E-3 5.80986E-3 1.09625E-2 1.0016E-2 9.33446E-3 1.03964E-2 9.6297E-3 7.89009E-3 6.39254E-3 5.44718E-3 4.15972E-3 3.30434E-3 3.6625E-3 3.54992E-3 5.01802E-3 5.53329E-3 5.40414E-3 6.06405E-3 6.72263E-3
-9999 -9999 -9999 -9999 -9999 -9999 -9999 -9999 -9999 -9999 -9999 -9999 -9999 -9999 -9999 -9999 -9999 -9999 -9999 -9999 -9999 1.29321E-2 1.70725E-2 1.99346E-2 2.41427E-2 2.3172E-2 3.00266E-2 3.35402E-2 2.9126E-2 2.19089E-2 1.8753E-2 1.7786E-2 1.30215E-2 1.08995E-2 1.38358E-2 1.46968E-2 1.35406E-2 1.33168E-2 1.17176E-2 1.12522E-2 1.06087E-2 7.80038E-3 1.1826E-2 1.17441E-2 1.18206E-2 1.04931E-2 9.63601E-3 5.482E-3 7.36753E-3 7.4281E-3 6.69784E-3 5.05196E-3 5.05047E-3 6.0596E-3 5.70284E-3 7.19754E-3 7.89033E-3 7.43782E-3 8.21196E-3 8.46787E-3
-9999 -9999 -9999 -9999 -9999 -9999 -9999 -9999 -9999 -9999 -9999 -9999 -9999 -9999 -9999 -9999 -9999 -9999 -9999 -9999 -9999 -9999 1.37463E-2 1.66728E-2 1.99311E-2 2.23257E-2 2.66922E-2 3.04475E-2 2.64817E-2 2.10889E-2 2.03664E-2 1.93345E-2 1.72891E-2 1.76822E-2 1.60454E-2 1.19715E-2 1.49849E-2 1.47044E-2 1.29019E-2 1.07864E-2 6.82622E-3 1.09487E-2 1.2393E-2 1.16512E-2 1.1919E-2 1.02984E-2 1.03596E-2 1.10469E-2 9.70819E-3 7.0752E-3 7.49775E-3 3.73939E-3 2.73468E-3 6.96668E-3 7.88322E-3 1.01528E-2 1.0992E-2 1.12821E-2 1.10783E-2 1.13104E-2
-9999 -9999 -9999 -9999 -9999 -9999 -9999 -9999 -9999 -9999 -9999 -9999 -9999 -9999 -9999 -9999 -9999 -9999 -9999 -9999 -9999 -9999 -9999 1.31228E-2 1.57771E-2 1.796E-2 2.24617E-2 2.61742E-2 2.43611E-2 2.07006E-2 1.93945E-2 1.93544E-2 2.17297E-2 2.00466E-2 1.80967E-2 1.68085E-2 1.30372E-2 1.20984E-2 1.17383E-2 9.95772E-3 1.07706E-2 1.14249E-2 1.2341E-2 1.20862E-2 1.19796E-2 1.16448E-2 1.24491E-2 1.30867E-2 1.33308E-2 1.06199E-2 8.99531E-3 7.42898E-3 5.26153E-3 8.7043E-3 1.2586E-2 1.42996E-2 1.50548E-2 1.66959E-2 1.49416E-2 8.36842E-3
-9999 -9999 -9999 -9999 -9999 -9999 -9999 -9999 -9999 -9999 -9999 -9999 -9999 -9999 -9999 -9999 -9999 -9999 -9999 -9999 -9999 -9999 -9999 -9999 -9999 1.42263E-2 1.71446E-2 2.0451E-2 2.06291E-2 1.97892E-2 1.87917E-2 1.79423E-2 1.5035E-2 4.75027E-3 1.05361E-2 1.46442E-2 1.5358E-2 9.85892E-3 1.09003E-2 1.13381E-2 1.2796E-2 7.13836E-3 1.2148E-2 1.34286E-2 1.40694E-2 1.37449E-2 1.54423E-2 1.64102E-2 1.6409E-2 1.50222E-2 1.39749E-2 1.07614E-2 6.29831E-3 9.20262E-3 1.36126E-2 1.71181E-2 2.03863E-2 2.3747E-2 1.73918E-2 1.11905E-2
-9999 -9999 -9999 -9999 -9999 -9999 -9999 -9999 -9999 -9999 -9999 -9999 -9999 -9999 -9999 -9999 -9999 -9999 -9999 -9999 -9999 -9999 -9999 -9999 -9999 -9999 -9999 1.53375E-2 1.55246E-2 1.50603E-2 1.29787E-2 1.01742E-2 7.99278E-3 6.06547E-3 4.99863E-3 6.01879E-3 9.80824E-3 1.15057E-2 9.2344E-3 1.36156E-2 8.61407E-3 1.38207E-2 1.65238E-2 1.30337E-2 1.41208E-2 8.37092E-3 1.62027E-2 1.90776E-2 2.01389E-2 1.95572E-2 1.8004E-2 1.69991E-2 1.0625E-2 1.06225E-2 1.53065E-2 2.31148E-2 2.66322E-2 3.16991E-2 1.696E-2 1.59355E-2
