Phytophthora/models/20240506_1402_44/Phytophthora_PA3_RUN4_MAXENT_outputs/Phytophthora_PA3_RUN4.asc
ncols         225
nrows         269
xllcorner     473009.9838
yllcorner     4429051.1748
cellsize      50.0
NODATA_value  -9999
[rows 104 to 129 of 269, columns 0 to 59 of 225]
-9999 -9999 -9999 -9999 -9999 -9999 -9999 -9999 -9999 -9999 -9999 9.6317E-3 2.13562E-2 1.94678E-2 2.11566E-2 2.54602E-2 3.81392E-2 4.65586E-2 5.08775E-2 5.38513E-2 5.16733E-2 4.80695E-2 5.12227E-2 5.63317E-2 5.69255E-2 5.73729E-2 5.13083E-2 4.56938E-2 4.61321E-2 3.92125E-2 2.8979E-2 5.26137E-2 5.291E-2 4.60082E-2 3.79504E-2 3.33258E-2 3.89191E-2 4.14506E-2 2.95787E-2 4.38299E-2 4.83202E-2 4.63907E-2 4.25671E-2 4.20808E-2 3.2725E-2 3.37946E-2 1.05307E-2 4.40503E-2 4.99175E-2 3.76364E-2 2.98286E-2 2.32342E-2 1.82603E-2 2.27062E-2 4.83412E-2 5.59699E-2 5.28948E-2 5.17671E-2 6.01972E-2 7.00407E-2
-9999 -9999 -9999 -9999 -9999 -9999 -9999 -9999 -9999 -9999 -9999 9.48406E-3 2.81616E-2 2.72703E-2 2.6552E-2 3.84657E-2 4.73861E-2 4.89892E-2 4.6817E-2 4.2022E-2 4.70053E-2 5.63491E-2 5.9627E-2 6.49719E-2 5.05629E-2 5.6306E-2 4.70162E-2 3.99325E-2 4.2489E-2 5.23904E-2 5.67857E-2 5.76919E-2 5.45335E-2 4.06642E-2 3.52466E-2 3.3755E-2 4.74011E-2 4.61106E-2 3.05564E-2 3.97133E-2 4.22711E-2 4.15028E-2 3.71754E-2 4.48747E-2 3.70499E-2 3.51214E-2 3.21288E-2 2.79142E-2 3.15835E-2 4.77667E-2 3.57168E-2 3.05628E-2 2.57674E-2 3.82159E-2 3.7813E-2 4.32994E-2 3.84174E-2 4.94447E-2 5.7039E-2 5.97432E-2
-9999 -9999 -9999 -9999 -9999 -9999 -9999 -9999 -9999 -9999 1.62285E-2 1.26163E-2 3.46391E-2 3.5137E-2 4.19972E-2 4.44953E-2 4.53383E-2 4.11271E-2 3.82466E-2 4.00707E-2 5.16041E-2 6.17693E-2 7.01698E-2 1.54926E-2 5.88568E-2 4.22131E-2 2.66539E-2 4.71517E-2 5.06701E-2 5.40435E-2 5.71537E-2 5.46641E-2 4.66835E-2 3.78521E-2 3.92692E-2 4.2464E-2 5.13899E-2 4.45591E-2 2.80127E-2 3.92809E-2 4.04677E-2 4.27504E-2 4.13454E-2 4.44773E-2 4.46135E-2 4.1038E-2 3.08938E-2 2.75548E-2 1.70123E-2 4.54972E-2 4.32737E-2 3.95417E-2 3.66455E-2 5.22908E-2 4.7477E-2 2.91926E-2 3.05363E-2 5.59625E-2 7.03512E-2 8.5201E-2
-9999 -9999 -9999 -9999 -9999 -9999 -9999 -9999 -9999 -9999 2.4856E-2 1.79341E-2 3.1546E-2 4.22599E-2 4.51215E-2 4.42674E-2 3.88371E-2 3.26373E-2 3.27168E-2 4.13344E-2 5.38409E-2 6.20894E-2 4.04977E-2 4.21342E-2 4.08177E-2 4.24503E-2 4.7307E-2 4.72249E-2 5.23345E-2 5.22397E-2 4.82212E-2 4.50324E-2 4.14342E-2 4.13958E-2 4.4751E-2 4.80253E-2 5.23878E-2 4.79786E-2 2.41481E-2 3.93925E-2 3.93409E-2 3.95684E-2 4.48532E-2 5.09775E-2 5.60121E-2 5.17599E-2 4.75553E-2 3.85273E-2 4.30028E-2 5.95614E-2 5.21829E-2 5.12589E-2 5.6304E-2 6.00274E-2 5.98449E-2 3.32999E-2 3.54398E-2 6.92112E-2 8.67734E-2 9.33006E-2
-9999 -9999 -9999 -9999 -9999 -9999 -9999 -9999 -9999 -9999 2.39936E-2 2.06129E-2 4.37869E-2 5.97222E-2 6.05305E-2 5.09505E-2 4.18484E-2 3.5337E-2 4.56358E-2 5.63119E-2 6.96391E-2 5.51423E-2 1.74228E-2 6.4153E-2 5.48228E-2 5.41382E-2 5.4892E-2 5.49333E-2 5.75003E-2 5.23099E-2 4.60262E-2 5.38539E-2 6.14207E-2 6.31111E-2 6.49452E-2 6.71907E-2 6.70815E-2 5.61003E-2 3.19591E-2 2.96156E-2 3.67167E-2 3.50553E-2 4.27554E-2 5.5317E-2 6.49739E-2 7.02591E-2 6.69811E-2 5.73145E-2 2.03632E-2 6.37681E-2 5.20037E-2 6.17073E-2 7.35997E-2 6.88777E-2 6.00271E-2 3.67496E-2 4.21622E-2 7.58635E-2 8.6561E-2 6.66224E-2
-9999 -9999 -9999 -9999 -9999 -9999 -9999 -9999 -9999 3.43317E-2 2.7866E-2 2.75852E-2 6.91119E-2 8.2404E-2 7.74969E-2 6.23242E-2 4.70307E-2 5.17362E-2 6.3124E-2 7.27447E-2 8.3474E-2 2.0358E-2 7.15232E-2 7.02076E-2 6.75323E-2 6.62277E-2 6.26431E-2 5.60949E-2 5.58749E-2 5.12396E-2 6.2668E-2 7.69494E-2 8.90186E-2 8.87207E-2 8.95776E-2 8.88667E-2 7.82143E-2 8.18202E-2 7.60823E-2 6.96118E-2 3.28126E-2 3.90285E-2 2.12587E-2 3.25418E-2 6.2665E-2 7.20008E-2 7.5165E-2 6.93415E-2 6.25562E-2 7.13928E-2 5.0239E-2 5.86418E-2 7.63924E-2 7.71686E-2 6.68166E-2 5.73892E-2 5.75731E-2 6.8648E-2 6.4836E-2 5.33806E-2
-9999 -9999 -9999 -9999 -9999 -9999 -9999 4.642E-2 2.58539E-2 3.34306E-2 3.14577E-2 5.10383E-2 6.9707E-2 1.0632E-1 9.65502E-2 7.67587E-2 6.85493E-2 7.6511E-2 8.64978E-2 1.03428E-1 4.02716E-2 4.83775E-2 8.32605E-2 7.6305E-2 7.26646E-2 6.75806E-2 6.43836E-2 6.49355E-2 7.4644E-2 7.77391E-2 8.68539E-2 1.05987E-1 1.13487E-1 1.09247E-1 1.10406E-1 7.8173E-2 1.10768E-1 1.08169E-1 9.48912E-2 8.57217E-2 4.89985E-2 3.18304E-2 4.61851E-2 5.66291E-2 3.46222E-2 5.39789E-2 7.91834E-2 7.4887E-2 7.456E-2 7.9869E-2 7.27156E-2 5.25063E-2 7.89244E-2 8.18813E-2 7.70243E-2 7.13338E-2 5.88916E-2 5.71823E-2 5.45244E-2 4.89878E-2
-9999 -9999 -9999 -9999 -9999 -9999 -9999 4.0884E-2 2.5784E-2 3.31616E-2 5.24236E-2 6.54812E-2 1.43576E-1 1.3136E-1 1.14764E-1 8.05858E-2 9.05625E-2 1.08705E-1 1.13638E-1 7.45672E-2 2.80873E-2 9.20149E-2 8.96401E-2 8.56385E-2 8.56919E-2 8.41975E-2 8.43996E-2 8.69805E-2 1.03008E-1 1.08803E-1 1.1458E-1 1.35731E-1 1.4383E-1 9.43201E-2 1.51328E-1 1.52845E-1 1.45177E-1 1.35117E-1 1.131E-1 1.07267E-1 8.72376E-2 4.9738E-2 5.34037E-2 6.7782E-2 7.17835E-2 7.01641E-2 7.66003E-2 7.53583E-2 6.85551E-2 7.52416E-2 8.14242E-2 7.4803E-2 7.66108E-2 8.24515E-2 8.40229E-2 7.00453E-2 5.37694E-2 5.0577E-2 5.55909E-2 5.91569E-2
-9999 -9999 -9999 -9999 -9999 -9999 -9999 1.3185E-1 1.04415E-1 1.26254E-1 1.41149E-1 1.43676E-1 1.87335E-1 1.6269E-1 1.31996E-1 9.88956E-2 1.15158E-1 1.38591E-1 1.18832E-1 1.06629E-2 1.02418E-1 9.77574E-2 1.00671E-1 1.0314E-1 1.08819E-1 1.06983E-1 1.07513E-1 1.08184E-1 1.2704E-1 1.35553E-1 1.53907E-1 1.68147E-1 1.81284E-1 1.65448E-1 1.98615E-1 1.95159E-1 1.89451E-1 1.77679E-1 1.49985E-1 1.31836E-1 1.14774E-1 9.22367E-2 7.82828E-2 6.18749E-2 7.08582E-2 7.5247E-2 7.54038E-2 7.91716E-2 8.07953E-2 7.5908E-2 8.63806E-2 7.32305E-2 8.38343E-2 8.27486E-2 8.16698E-2 7.11835E-2 4.9889E-2 5.20111E-2 5.6485E-2 5.70292E-2
-9999 -9999 -9999 -9999 -9999 -9999 -9999 1.3464E-1 1.16133E-1 1.33894E-1 8.77092E-2 1.775E-1 1.85188E-1 1.54099E-1 1.23843E-1 1.07916E-1 1.19849E-1 1.64179E-1 3.72069E-2 9.76621E-2 1.06182E-1 1.02424E-1 1.10026E-1 1.10317E-1 9.07142E-2 9.19405E-2 1.01524E-1 7.37302E-2 8.27007E-2 1.13055E-1 1.52843E-1 1.53764E-1 1.14686E-1 1.576E-1 1.60757E-1 1.69752E-1 1.54954E-1 1.44105E-1 1.40706E-1 1.36798E-1 1.2517E-1 1.04629E-1 9.17496E-2 9.19981E-2 9.34564E-2 6.42959E-2 7.9222E-2 9.18474E-2 1.04038E-1 4.50608E-2 1.04559E-1 1.04043E-1 7.92678E-2 9.85593E-2 1.01279E-1 8.79995E-2 6.78954E-2 6.82425E-2 6.78665E-2 7.09173E-2
-9999 -9999 -9999 -9999 -9999 -9999 9.95919E-2 1.18259E-1 1.20444E-1 1.33332E-1 1.46325E-1 1.84214E-1 1.79075E-1 1.3063E-1 1.26166E-1 1.46324E-1 1.58482E-1 3.90512E-2 7.3234E-2 1.02759E-1 1.02577E-1 1.0994E-1 1.19848E-1 7.00181E-2 1.31341E-1 1.332E-1 1.33599E-1 1.269E-1 1.38155E-1 1.41498E-1 1.43616E-1 1.62098E-1 1.7665E-1 1.86461E-1 1.89478E-1 1.95656E-1 1.83794E-1 1.67395E-1 9.02617E-2 8.85155E-2 8.67535E-2 9.77767E-2 1.02065E-1 1.08756E-1 1.14907E-1 1.08627E-1 1.08561E-1 9.85258E-2 1.28452E-1 1.03719E-1 1.26662E-1 1.20198E-1 7.53566E-2 1.2295E-1 1.32673E-1 1.10627E-1 8.88593E-2 9.17099E-2 1.04686E-1 1.10199E-1
-9999 -9999 -9999 -9999 -9999 -9999 9.46788E-2 9.69324E-2 9.92413E-2 7.95759E-2 1.65103E-1 1.83598E-1 1.6941E-1 1.1502E-1 1.16569E-1 1.58032E-1 1.07925E-1 1.14817E-1 8.27011E-2 1.01805E-1 1.10783E-1 1.18498E-1 1.01602E-1 1.30795E-1 1.37732E-1 1.49066E-1 1.43455E-1 1.34877E-1 1.45222E-1 1.49148E-1 1.57047E-1 1.6304E-1 1.73048E-1 1.8194E-1 1.7784E-1 1.86233E-1 1.70467E-1 1.47861E-1 1.16741E-1 1.44685E-1 1.48071E-1 1.3117E-1 1.08539E-1 1.15063E-1 1.16817E-1 1.28127E-1 1.33728E-1 1.45165E-1 1.45451E-1 1.28982E-1 1.48452E-1 1.33925E-1 1.21934E-1 1.44811E-1 1.50586E-1 1.30732E-1 1.12212E-1 1.08132E-1 1.12133E-1 1.07911E-1
-9999 -9999 -9999 -9999 -9999 -9999 9.32207E-2 1.13228E-1 1.19283E-1 1.50483E-1 1.87311E-1 1.78299E-1 1.46332E-1 1.36564E-1 1.273E-1 1.2148E-1 1.2659E-1 9.19079E-2 9.04519E-2 7.0871E-2 7.75621E-2 9.1771E-2 1.33728E-1 1.34792E-1 1.46785E-1 1.44121E-1 1.37004E-1 1.31887E-1 1.41002E-1 1.43199E-1 1.5062E-1 1.55515E-1 1.69305E-1 1.58747E-1 1.5194E-1 1.57936E-1 1.43233E-1 1.17123E-1 1.17859E-1 1.47437E-1 1.56295E-1 1.4637E-1 1.38016E-1 1.34978E-1 1.30201E-1 1.23769E-1 1.06094E-1 1.49369E-1 4.4125E-2 1.12769E-1 1.63719E-1 1.53023E-1 1.6626E-1 1.43933E-1 1.67192E-1 1.49993E-1 1.27798E-1 1.02705E-1 9.95426E-2 9.69795E-2
-9999 -9999 -9999 -9999 -9999 -9999 -9999 1.39484E-1 1.81355E-1 1.88784E-1 1.91419E-1 1.39452E-1 1.20252E-1 1.35761E-1 1.20371E-1 1.14342E-1 8.60045E-2 8.13093E-2 8.90551E-2 1.0371E-1 1.12013E-1 1.33328E-1 1.42261E-1 1.31108E-1 1.43005E-1 1.29357E-1 1.1751E-1 1.15936E-1 1.31063E-1 1.33591E-1 1.4736E-1 1.52849E-1 1.55103E-1 1.30743E-1 1.19919E-1 1.11754E-1 1.18771E-1 1.16164E-1 1.31028E-1 1.51772E-1 1.66282E-1 1.51129E-1 9.01956E-2 1.76516E-1 1.94021E-1 1.80691E-1 1.78782E-1 2.35225E-1 7.88526E-2 1.29811E-1 1.23798E-1 1.01516E-1 1.33163E-1 1.08225E-1 1.55192E-1 1.41204E-1 1.32319E-1 1.25594E-1 1.30742E-1 1.6139E-1
-9999 -9999 -9999 -9999 -9999 -9999 -9999 1.53907E-1 1.72525E-1 1.89038E-1 1.78847E-1 1.3065E-1 1.38546E-1 1.9617E-1 1.60634E-1 8.2481E-2 9.93209E-2 1.18079E-1 1.27621E-1 1.36881E-1 1.31957E-1 1.45279E-1 1.233E-1 1.11865E-1 1.3295E-1 1.25621E-1 1.05413E-1 1.02587E-1 1.22616E-1 1.32164E-1 1.43784E-1 1.35027E-1 1.16084E-1 1.26665E-1 1.23594E-1 1.22444E-1 1.17677E-1 1.30838E-1 1.43514E-1 1.07526E-1 1.5453E-1 1.65907E-1 1.7918E-1 1.94235E-1 2.11753E-1 1.93873E-1 1.94788E-1 1.81537E-1 3.60793E-2 1.13117E-1 1.51907E-1 1.48131E-1 1.12905E-1 1.06537E-1 9.01014E-2 6.42669E-2 4.70221E-2 9.17231E-2 9.83468E-2 1.43426E-1
-9999 -9999 -9999 -9999 -9999 -9999 -9999 -9999 1.3949E-1 1.66136E-1 1.81542E-1 1.48298E-1 2.15175E-1 1.2187E-1 1.36601E-1 9.09838E-2 9.36417E-2 1.11167E-1 1.23549E-1 1.3532E-1 1.36556E-1 1.25234E-1 8.85734E-2 8.67006E-2 1.10988E-1 1.33512E-1 1.19326E-1 1.07243E-1 9.82898E-2 1.07386E-1 1.02419E-1 1.17857E-1 1.41035E-1 1.45658E-1 1.42478E-1 1.51683E-1 1.33777E-1 1.54267E-1 1.59538E-1 1.21053E-1 1.99955E-1 1.83839E-1 2.03583E-1 1.97635E-1 1.99057E-1 1.76992E-1 2.20247E-1 2.44637E-2 5.07426E-2 1.46823E-1 1.25675E-1 1.00682E-1 8.45412E-2 7.83828E-2 7.47324E-2 8.31412E-2 9.56761E-2 1.17218E-1 1.80658E-1 1.7395E-1
-9999 -9999 -9999 -9999 -9999 -9999 -9999 -9999 -9999 1.15381E-1 1.49155E-1 1.40162E-1 1.79142E-1 2.29914E-1 1.55177E-1 1.2776E-1 1.007E-1 1.15592E-1 1.3192E-1 1.49928E-1 1.57439E-1 1.37849E-1 1.12336E-1 1.13906E-1 1.55894E-1 1.82084E-1 1.62301E-1 1.34225E-1 1.24498E-1 8.72063E-2 1.08396E-1 1.43803E-1 1.65205E-1 1.62642E-1 1.72879E-1 1.79748E-1 1.50899E-1 1.71928E-1 1.74259E-1 2.04013E-1 2.04876E-1 1.84391E-1 2.03639E-1 1.889E-1 1.73849E-1 2.02769E-1 1.25355E-2 1.49402E-2 1.25593E-1 8.28586E-2 8.14639E-2 8.71058E-2 7.79676E-2 7.15684E-2 1.01987E-1 1.24001E-1 1.06563E-1 1.52888E-1 2.04985E-1 2.35737E-1
-9999 -9999 -9999 -9999 -9999 -9999 -9999 -9999 -9999 -9999 -9999 2.08798E-1 7.78385E-2 2.43993E-1 1.85889E-1 1.44186E-1 1.09391E-1 1.19478E-1 1.33092E-1 1.4536E-1 1.50436E-1 1.47873E-1 1.37015E-1 1.47897E-1 1.76143E-1 1.91098E-1 2.22766E-1 1.25287E-1 1.34683E-1 9.95132E-2 1.27652E-1 1.4645E-1 1.60071E-1 1.76849E-1 1.62372E-1 1.83723E-1 1.67763E-1 1.86675E-1 1.42149E-1 2.21934E-1 2.00917E-1 1.84023E-1 1.90865E-1 1.70934E-1 8.32149E-2 1.03897E-2 8.90337E-3 1.18184E-1 9.08728E-2 1.03477E-1 1.14492E-1 1.20646E-1 1.05898E-1 9.99385E-2 1.00467E-1 8.9341E-2 1.36822E-1 1.74189E-1 2.20794E-1 2.49236E-1
-9999 -9999 -9999 -9999 -9999 -9999 -9999 -9999 -9999 -9999 -9999 9.24202E-2 2.60057E-1 9.86141E-2 1.82042E-1 1.25775E-1 1.02924E-1 1.10986E-1 1.26999E-1 1.48863E-1 1.16438E-1 1.57689E-1 1.6532E-1 1.76989E-1 1.99348E-1 2.0521E-1 2.67898E-1 7.55724E-2 1.64819E-1 1.24379E-1 1.23558E-1 1.37925E-1 1.56465E-1 1.71236E-1 1.46009E-1 1.25077E-1 1.84616E-1 2.0642E-1 1.75868E-1 2.23974E-1 1.90714E-1 1.83602E-1 1.94818E-1 1.25052E-1 1.50149E-2 9.60589E-3 9.36243E-2 8.57489E-2 1.08843E-1 1.34436E-1 1.57536E-1 1.56946E-1 1.31457E-1 7.55695E-2 9.9846E-2 1.40029E-1 1.62341E-1 2.04162E-1 2.192E-1 2.69802E-1
-9999 -9999 -9999 -9999 -9999 -9999 -9999 -9999 -9999 -9999 -9999 -9999 1.13652E-1 2.03642E-1 1.5766E-1 1.10159E-1 8.90332E-2 1.15899E-1 1.55412E-1 1.63164E-1 1.17452E-1 1.75144E-1 1.71728E-1 1.62075E-1 1.78381E-1 2.09322E-1 2.26017E-1 6.37066E-2 1.95446E-1 9.36712E-2 9.20595E-2 1.10631E-1 1.19162E-1 1.20274E-1 1.52281E-1 2.03973E-1 1.15506E-1 1.26852E-1 2.12226E-1 2.05491E-1 1.58104E-1 1.79287E-1 1.22054E-1 4.78391E-3 4.87396E-3 6.41036E-2 5.74018E-2 6.942E-2 1.05345E-1 1.37525E-1 1.62485E-1 1.60216E-1 1.35459E-1 1.05218E-1 1.25787E-1 1.43513E-1 1.69321E-1 1.82653E-1 2.09283E-1 2.34991E-1
-9999 -9999 -9999 -9999 -9999 -9999 -9999 -9999 -9999 -9999 -9999 -9999 -9999 1.26252E-1 1.2986E-1 9.95406E-2 9.71007E-2 1.45054E-1 1.66674E-1 1.73443E-1 1.6779E-1 1.88761E-1 2.31621E-1 2.32123E-1 1.69299E-1 2.46424E-1 2.24173E-1 1.80321E-1 1.5895E-1 8.13757E-2 6.70303E-2 8.01667E-2 1.07083E-1 1.3144E-1 1.59823E-1 2.11569E-1 1.97444E-1 2.13401E-1 2.14388E-1 1.90709E-1 1.49422E-1 1.63382E-1 1.12842E-2 7.57309E-3 4.70299E-2 3.12956E-2 4.65666E-2 7.58593E-2 1.08462E-1 1.397E-1 1.70582E-1 1.73751E-1 1.27722E-1 1.21526E-1 1.38703E-1 1.41853E-1 1.57546E-1 1.57396E-1 1.73533E-1 1.85405E-1
-9999 -9999 -9999 -9999 -9999 -9999 -9999 -9999 -9999 -9999 -9999 -9999 -9999 1.29433E-1 1.25622E-1 1.08568E-1 1.14045E-1 1.58326E-1 1.62414E-1 1.88489E-1 2.22819E-1 2.38458E-1 1.73029E-1 2.36464E-1 2.75415E-1 2.46247E-1 1.9848E-1 1.7221E-1 1.30278E-1 7.15125E-2 5.64682E-2 8.25998E-2 1.27009E-1 1.45486E-1 1.6224E-1 2.08539E-1 2.03533E-1 2.112E-1 2.05232E-1 1.67071E-1 1.12889E-1 1.33562E-1 7.63568E-2 5.25241E-2 3.21646E-2 3.17902E-2 4.62567E-2 7.63418E-2 1.11391E-1 1.33435E-1 1.65218E-1 1.65686E-1 1.28732E-1 1.30517E-1 1.47284E-1 1.35472E-1 1.35988E-1 1.26338E-1 1.46873E-1 1.72662E-1
-9999 -9999 -9999 -9999 -9999 -9999 -9999 -9999 -9999 -9999 -9999 -9999 -9999 1.48688E-1 1.40394E-1 1.19062E-1 1.26244E-1 1.59926E-1 1.66079E-1 1.98784E-1 2.40489E-1 1.84783E-1 2.8091E-1 3.02827E-1 1.18789E-1 8.24793E-2 2.20508E-1 1.64939E-1 1.26438E-1 9.5456E-2 7.94537E-2 1.21479E-1 1.35212E-1 1.47488E-1 1.69843E-1 1.8688E-1 1.86061E-1 1.90745E-1 1.73519E-1 1.03219E-1 1.35442E-1 8.05135E-2 4.71714E-2 3.37888E-2 2.53493E-2 3.96004E-2 6.64164E-2 9.50882E-2 1.14552E-1 1.41718E-1 1.62584E-1 1.58721E-1 8.83126E-2 1.65587E-1 1.58795E-1 1.28359E-1 1.30951E-1 1.22597E-1 1.49284E-1 1.20339E-1
-9999 -9999 -9999 -9999 -9999 -9999 -9999 -9999 -9999 -9999 -9999 -9999 -9999 1.36881E-1 1.23252E-1 1.2572E-1 1.5081E-1 1.74739E-1 1.90295E-1 2.13694E-1 1.85245E-1 2.77058E-1 6.7483E-2 2.40451E-1 2.3639E-1 2.04355E-1 1.71548E-1 1.45775E-1 1.14168E-1 9.16214E-2 8.8448E-2 1.06361E-1 1.21512E-1 1.35859E-1 1.29486E-1 1.57385E-1 1.59502E-1 1.56777E-1 1.32929E-1 1.19398E-1 6.53441E-2 4.4709E-2 3.05253E-2 2.40251E-2 3.0854E-2 5.43982E-2 8.53679E-2 1.0912E-1 1.28692E-1 1.44868E-1 1.56475E-1 1.51925E-1 8.08153E-2 1.66277E-1 1.65441E-1 1.23165E-1 1.01267E-1 9.49364E-2 1.19382E-1 3.53248E-2
-9999 -9999 -9999 -9999 -9999 -9999 -9999 -9999 -9999 -9999 -9999 -9999 1.59277E-1 2.21117E-1 2.31678E-1 2.51313E-1 2.35106E-1 2.66914E-1 2.64547E-1 2.10889E-1 2.17318E-1 3.00777E-1 1.77134E-1 1.73343E-1 1.64449E-1 1.51441E-1 1.38371E-1 1.78032E-1 1.49049E-1 1.32334E-1 1.27022E-1 1.25618E-1 9.94103E-2 9.70616E-2 8.35092E-2 1.25248E-1 1.35221E-1 4.0423E-2 1.01253E-1 7.04477E-2 5.18464E-2 5.06419E-2 5.19872E-2 4.45212E-2 4.68385E-2 6.74597E-2 9.71817E-2 1.18872E-1 1.41407E-1 1.56138E-1 1.48856E-1 1.28167E-1 1.54255E-1 1.65698E-1 1.55809E-1 1.28038E-1 1.09546E-1 9.73043E-2 8.13956E-2 4.18024E-2
-9999 -9999 -9999 -9999 -9999 -9999 -9999 -9999 -9999 -9999 -9999 3.67553E-2 2.87788E-1 1.26064E-1 1.69677E-1 1.60734E-1 2.70369E-1 3.07382E-1 2.18448E-1 1.96155E-1 1.73778E-1 1.6986E-1 1.6485E-1 9.76284E-2 1.07864E-1 2.49257E-1 3.18942E-1 1.32378E-1 1.95791E-1 2.01612E-1 1.89096E-1 1.70151E-1 1.36424E-1 9.1918E-2 6.17828E-2 8.18283E-2 9.78905E-2 4.83927E-2 9.50869E-2 7.11575E-2 6.6229E-2 7.84984E-2 9.49377E-2 7.67017E-2 6.56817E-2 7.79033E-2 1.00999E-1 1.21694E-1 1.49656E-1 1.56312E-1 1.3621E-1 1.11307E-1 1.59612E-1 1.6038E-1 1.36752E-1 1.10715E-1 9.58667E-2 8.89297E-2 7.72556E-2 4.8588E-2
