Phytophthora/models/20240506_1646_46/Phytophthora_PA3_RUN6_MAXENT_outputs/Phytophthora_PA3_RUN6.asc
ncols         225
nrows         269
xllcorner     473009.9838
yllcorner     4429051.1748
cellsize      50.0
NODATA_value  -9999
[rows 234 to 259 of 269, columns 120 to 179 of 225]
1.92486E-1 2.20802E-1 2.07276E-1 1.99023E-1 2.05528E-1 2.0789E-1 2.06118E-1 2.18238E-1 2.27887E-1 4.08451E-1 3.87411E-1 4.40753E-1 3.31949E-1 3.25383E-1 3.30861E-1 3.75689E-1 3.4155E-1 3.64015E-1 4.40505E-1 1.92331E-1 5.47241E-1 5.15863E-1 4.61488E-1 3.82632E-1 3.26012E-1 3.3308E-1 3.70356E-1 3.91962E-1 4.00817E-1 3.69698E-1 2.86387E-1 2.80752E-1 3.22147E-1 3.91895E-1 4.63145E-1 5.95816E-1 5.9951E-1 3.21574E-1 3.56125E-1 3.2628E-1 3.31927E-1 3.60603E-1 2.88041E-1 4.62928E-1 1.52753E-1 4.67732E-1 3.93249E-1 3.02703E-1 2.73369E-1 2.26934E-1 2.13724E-1 2.45895E-1 3.47339E-1 4.2359E-1 4.20448E-1 5.888E-1 5.99852E-1 5.10606E-1 4.76707E-1 4.65995E-1
2.45792E-1 2.92022E-1 2.81907E-1 2.5635E-1 2.55604E-1 2.60262E-1 2.82533E-1 3.14492E-1 3.06355E-1 4.53449E-1 4.57545E-1 4.97218E-1 3.87871E-1 2.98009E-1 2.80321E-1 2.98874E-1 3.12033E-1 3.27094E-1 3.97721E-1 4.40113E-1 4.22336E-1 3.90848E-1 3.7804E-1 3.6179E-1 3.81542E-1 4.28302E-1 4.50385E-1 4.56997E-1 4.59157E-1 3.79595E-1 3.34882E-1 3.49302E-1 3.42799E-1 4.02334E-1 4.64156E-1 5.48207E-1 5.58829E-1 4.04011E-1 2.65258E-1 2.89188E-1 2.87954E-1 4.12933E-1 5.11614E-1 4.9144E-1 3.04991E-1 3.46492E-1 3.99541E-1 3.11568E-1 2.67571E-1 2.15209E-1 2.16078E-1 3.12341E-1 4.32611E-1 4.84491E-1 4.09507E-1 5.97214E-1 6.27526E-1 5.43059E-1 4.80147E-1 4.63151E-1
2.73863E-1 3.14077E-1 3.22357E-1 2.9082E-1 2.84481E-1 2.7993E-1 3.33583E-1 4.03368E-1 4.08725E-1 5.36108E-1 5.23183E-1 5.53085E-1 4.47765E-1 3.4502E-1 2.7461E-1 2.821E-1 2.86589E-1 3.18129E-1 3.58545E-1 3.81242E-1 4.86876E-1 4.5175E-1 4.48307E-1 4.00342E-1 3.99848E-1 4.85347E-1 5.08195E-1 5.12722E-1 5.2269E-1 4.43368E-1 4.18491E-1 4.00329E-1 3.84787E-1 5.24036E-1 5.44545E-1 5.39185E-1 4.24837E-1 3.39023E-1 1.79889E-1 2.19696E-1 3.59231E-1 5.35649E-1 5.67197E-1 5.2168E-1 5.54286E-1 6.04775E-1 4.56754E-1 3.82014E-1 3.27903E-1 3.28766E-1 3.90157E-1 4.91226E-1 5.50302E-1 5.81023E-1 4.86066E-1 6.63305E-1 6.45969E-1 5.6868E-1 5.07506E-1 4.9635E-1
2.5427E-1 3.04529E-1 2.68079E-1 1.92493E-1 1.6754E-1 1.74365E-1 2.70319E-1 4.47348E-1 4.74444E-1 6.01605E-1 5.65678E-1 6.1436E-1 4.93272E-1 4.08066E-1 3.47849E-1 3.20752E-1 2.70821E-1 3.03385E-1 3.68695E-1 2.98344E-1 4.60683E-1 4.55479E-1 3.73091E-1 3.69428E-1 4.98989E-1 5.35573E-1 5.59541E-1 5.67213E-1 5.89483E-1 4.97267E-1 4.6519E-1 4.32708E-1 4.9023E-1 5.6841E-1 5.47513E-1 5.34969E-1 3.26217E-1 2.89721E-1 3.06517E-1 4.03101E-1 4.32982E-1 5.82199E-1 5.7655E-1 5.18918E-1 5.6173E-1 4.07707E-1 3.87805E-1 3.56663E-1 3.72811E-1 4.47261E-1 5.23044E-1 6.50637E-1 6.99749E-1 6.84499E-1 6.80102E-1 6.23936E-1 6.52582E-1 6.3404E-1 5.80187E-1 5.13679E-1
5.20098E-1 4.75008E-1 3.3417E-1 3.08159E-1 3.20571E-1 3.06794E-1 3.67194E-1 3.38144E-1 3.77887E-1 6.04878E-1 5.7704E-1 6.67112E-1 5.69322E-1 4.99862E-1 4.43026E-1 4.02704E-1 3.62136E-1 3.29046E-1 3.5817E-1 3.65794E-1 4.11861E-1 3.85716E-1 3.38539E-1 3.95872E-1 5.39838E-1 5.81695E-1 6.05697E-1 6.27712E-1 6.45266E-1 5.51101E-1 5.05155E-1 4.82122E-1 6.15945E-1 5.82887E-1 5.03797E-1 2.79289E-1 3.10736E-1 1.99438E-1 3.24511E-1 4.68753E-1 5.85084E-1 5.86067E-1 5.51499E-1 4.61438E-1 2.28408E-1 3.10088E-1 2.96832E-1 3.46794E-1 4.82864E-1 5.74834E-1 6.86182E-1 7.42786E-1 6.03418E-1 6.16519E-1 6.61228E-1 5.97873E-1 6.54496E-1 6.64915E-1 6.20138E-1 5.0236E-1
3.67734E-1 3.00487E-1 2.53735E-1 2.9387E-1 3.19775E-1 3.22043E-1 3.20181E-1 4.92998E-1 5.15328E-1 6.01038E-1 4.60154E-1 6.50863E-1 5.96304E-1 5.62316E-1 5.1117E-1 4.56643E-1 4.06316E-1 3.79256E-1 3.82048E-1 3.61626E-1 3.73915E-1 3.37355E-1 3.68118E-1 4.27967E-1 5.61868E-1 6.09355E-1 6.27438E-1 6.71591E-1 5.93443E-1 5.27769E-1 4.84435E-1 5.58478E-1 4.35081E-1 5.03338E-1 4.62397E-1 3.83276E-1 2.43123E-1 2.74211E-1 3.53997E-1 4.96826E-1 5.97978E-1 5.61437E-1 4.96523E-1 3.07446E-1 3.4579E-1 3.44287E-1 3.57773E-1 4.55142E-1 5.79326E-1 6.35982E-1 6.81008E-1 7.09376E-1 5.40154E-1 6.728E-1 3.96667E-1 5.56196E-1 6.78709E-1 6.93757E-1 6.56565E-1 5.70257E-1
2.72149E-1 2.67276E-1 2.56782E-1 3.532E-1 3.73293E-1 3.57103E-1 2.83764E-1 4.98062E-1 6.178E-1 5.99658E-1 6.49778E-1 5.97713E-1 5.18224E-1 5.68146E-1 4.84278E-1 4.4555E-1 4.23076E-1 3.92538E-1 4.08808E-1 4.23517E-1 3.70909E-1 3.51094E-1 4.08756E-1 5.13897E-1 5.58864E-1 5.94628E-1 6.48631E-1 6.43432E-1 5.17156E-1 3.77242E-1 3.67109E-1 5.92102E-1 6.28276E-1 6.45905E-1 4.72064E-1 4.28384E-1 4.06027E-1 2.73446E-1 3.66214E-1 4.84351E-1 5.58086E-1 5.19359E-1 4.38515E-1 1.95173E-1 3.32216E-1 3.57372E-1 3.97575E-1 4.92924E-1 6.05307E-1 6.77438E-1 6.14701E-1 6.70557E-1 5.16492E-1 5.87497E-1 4.8303E-1 5.76436E-1 6.73342E-1 6.94246E-1 6.60434E-1 6.35137E-1
3.27884E-1 3.70682E-1 4.14441E-1 4.55279E-1 4.3235E-1 2.86324E-1 3.89039E-1 4.74219E-1 6.04359E-1 5.60109E-1 6.90394E-1 6.56655E-1 6.16266E-1 5.28896E-1 4.7177E-1 4.36106E-1 4.18595E-1 3.99687E-1 3.88152E-1 4.27767E-1 2.32794E-1 3.87835E-1 4.50366E-1 4.85301E-1 4.94122E-1 5.76321E-1 6.25096E-1 5.16419E-1 5.13964E-1 4.34605E-1 4.33399E-1 6.775E-1 6.48245E-1 6.81436E-1 5.34918E-1 4.73713E-1 4.58538E-1 3.55966E-1 4.1933E-1 4.93275E-1 4.71417E-1 4.38654E-1 3.3035E-1 1.51659E-1 3.28119E-1 2.75618E-1 3.92748E-1 5.25104E-1 5.66694E-1 5.73829E-1 5.93052E-1 4.63389E-1 6.09218E-1 5.8599E-1 5.56565E-1 5.51047E-1 6.36061E-1 7.01968E-1 6.76331E-1 6.58893E-1
3.96311E-1 4.52519E-1 5.80437E-1 5.34919E-1 3.47173E-1 3.98538E-1 3.98793E-1 4.62553E-1 5.84901E-1 4.95043E-1 6.87038E-1 6.63786E-1 6.50646E-1 5.69621E-1 5.17867E-1 4.87638E-1 4.40811E-1 4.11177E-1 3.75553E-1 4.32282E-1 3.14535E-1 3.97608E-1 4.19624E-1 4.19591E-1 5.045E-1 5.32209E-1 3.83913E-1 5.13111E-1 5.78749E-1 5.94378E-1 5.13571E-1 5.65451E-1 5.62875E-1 5.43586E-1 5.76816E-1 5.17274E-1 5.14628E-1 5.1322E-1 5.29577E-1 5.44844E-1 4.35548E-1 3.40012E-1 2.46532E-1 1.66229E-1 2.52009E-1 2.00159E-1 3.29053E-1 4.2296E-1 4.59903E-1 4.66414E-1 5.07058E-1 5.73223E-1 4.3347E-1 6.19991E-1 6.58109E-1 5.89488E-1 6.10509E-1 6.73518E-1 6.49924E-1 6.06599E-1
2.84618E-1 4.51846E-1 5.6638E-1 4.76969E-1 3.14248E-1 3.67032E-1 3.64026E-1 3.91288E-1 5.70393E-1 4.2064E-1 6.41163E-1 5.98017E-1 5.77947E-1 5.37218E-1 4.95783E-1 4.79804E-1 4.49216E-1 4.07914E-1 3.6883E-1 4.24349E-1 2.60773E-1 3.49779E-1 1.94048E-1 4.05422E-1 4.38935E-1 2.92922E-1 3.42784E-1 5.27546E-1 5.82178E-1 6.01958E-1 5.30096E-1 6.33383E-1 6.69756E-1 7.11274E-1 5.70956E-1 5.0241E-1 4.79216E-1 5.43088E-1 5.8086E-1 5.28659E-1 4.22259E-1 2.80688E-1 1.61109E-1 1.4429E-1 2.16408E-1 1.85568E-1 2.987E-1 4.38565E-1 4.43107E-1 3.36809E-1 4.18058E-1 5.76397E-1 6.08485E-1 6.43524E-1 6.71847E-1 6.73468E-1 5.83859E-1 5.45078E-1 5.74239E-1 4.98281E-1
3.83629E-1 5.13083E-1 5.57625E-1 4.56004E-1 2.74586E-1 3.73647E-1 3.73679E-1 3.73799E-1 5.45466E-1 3.42189E-1 5.80685E-1 4.80505E-1 4.63302E-1 5.04272E-1 4.82342E-1 4.60465E-1 4.11704E-1 3.83436E-1 3.72942E-1 3.89081E-1 8.77002E-2 1.09564E-1 3.23092E-1 2.56664E-1 2.34178E-1 2.94934E-1 4.1954E-1 5.55008E-1 5.78143E-1 5.49217E-1 4.71657E-1 5.73968E-1 6.28662E-1 6.99839E-1 5.5269E-1 4.60226E-1 4.36386E-1 5.28363E-1 5.8783E-1 5.09423E-1 4.04333E-1 2.88047E-1 1.7666E-1 2.23802E-1 2.69022E-1 2.6457E-1 2.48837E-1 2.59716E-1 3.00035E-1 3.67511E-1 5.27938E-1 5.98674E-1 6.2338E-1 6.67716E-1 6.76238E-1 6.26213E-1 5.49845E-1 4.89818E-1 4.71334E-1 3.13969E-1
4.03422E-1 5.08994E-1 5.35069E-1 4.58875E-1 2.96828E-1 3.86783E-1 3.76301E-1 3.68448E-1 4.35585E-1 2.59162E-1 5.23973E-1 3.65719E-1 4.07998E-1 4.54348E-1 4.57975E-1 4.35182E-1 3.8786E-1 3.48878E-1 3.18055E-1 2.08579E-1 2.47233E-1 2.34281E-1 1.71667E-1 1.70748E-1 2.30215E-1 3.30035E-1 4.69099E-1 5.40275E-1 5.12469E-1 4.5865E-1 4.05351E-1 4.52667E-1 5.92683E-1 6.43167E-1 5.06307E-1 4.13798E-1 4.02681E-1 4.86236E-1 5.13073E-1 4.49354E-1 3.62071E-1 3.50151E-1 2.97635E-1 8.11705E-2 3.16097E-1 3.03711E-1 2.39365E-1 1.53217E-1 1.71616E-1 2.94954E-1 3.82607E-1 4.75743E-1 4.99415E-1 5.45694E-1 5.03932E-1 4.74205E-1 4.64262E-1 4.92179E-1 4.60145E-1 3.71061E-1
3.65823E-1 5.01136E-1 5.35313E-1 4.60491E-1 4.00845E-1 3.86776E-1 3.85737E-1 3.98452E-1 4.3316E-1 2.04872E-1 4.99537E-1 3.30204E-1 3.6903E-1 3.94913E-1 4.14199E-1 4.09179E-1 3.63559E-1 3.48906E-1 3.26082E-1 1.24234E-1 1.21017E-1 1.22522E-1 1.21409E-1 1.7884E-1 2.85454E-1 3.76262E-1 4.93805E-1 4.88974E-1 4.46001E-1 4.02018E-1 3.48089E-1 3.8396E-1 5.5323E-1 5.56919E-1 4.69705E-1 3.55082E-1 3.44889E-1 3.36691E-1 4.26774E-1 4.49892E-1 3.59147E-1 3.28245E-1 3.51949E-1 2.63433E-1 2.90251E-1 3.6813E-1 1.52037E-1 8.78885E-2 9.29E-2 1.67838E-1 2.1508E-1 2.98047E-1 3.88085E-1 4.09158E-1 3.80591E-1 3.59012E-1 3.4196E-1 3.15071E-1 3.52487E-1 4.31059E-1
4.16905E-1 5.18292E-1 5.70907E-1 4.70067E-1 3.81503E-1 3.58979E-1 3.53583E-1 3.93466E-1 5.36011E-1 1.85112E-1 5.01711E-1 2.9321E-1 3.21436E-1 3.38076E-1 3.57799E-1 3.62936E-1 3.33421E-1 2.99378E-1 3.14566E-1 9.44957E-2 1.55926E-1 1.3288E-1 1.41712E-1 2.01212E-1 3.08574E-1 4.08185E-1 4.45961E-1 4.09198E-1 3.99267E-1 3.46083E-1 3.13081E-1 3.24808E-1 5.16186E-1 4.72901E-1 4.30765E-1 2.92589E-1 3.45062E-1 3.43623E-1 3.89871E-1 4.44721E-1 3.901E-1 3.06736E-1 2.81313E-1 3.73049E-1 4.32904E-1 3.59755E-1 1.55271E-1 9.64688E-2 7.05831E-2 8.95525E-2 1.7338E-1 2.86876E-1 3.50176E-1 3.63576E-1 3.5889E-1 3.34371E-1 3.02547E-1 2.79369E-1 2.79548E-1 3.62174E-1
5.73771E-1 6.02183E-1 5.91677E-1 3.80548E-1 2.93475E-1 2.83672E-1 2.94211E-1 3.57231E-1 4.8059E-1 1.38935E-1 4.80908E-1 2.83517E-1 2.79845E-1 3.26199E-1 3.35866E-1 3.38501E-1 3.24486E-1 2.83801E-1 2.79094E-1 1.22768E-1 2.15053E-1 1.75929E-1 1.71389E-1 2.36562E-1 3.80221E-1 4.56668E-1 4.38088E-1 4.28982E-1 3.93553E-1 3.32085E-1 3.00761E-1 3.07083E-1 4.99078E-1 4.3623E-1 4.1584E-1 3.09411E-1 3.52132E-1 3.92829E-1 4.31588E-1 4.68783E-1 4.04556E-1 3.2859E-1 3.10734E-1 3.66836E-1 3.24141E-1 2.00732E-1 1.3611E-1 9.20064E-2 9.75821E-2 1.31302E-1 2.3292E-1 2.88333E-1 2.89058E-1 3.01578E-1 3.00276E-1 2.97653E-1 3.21981E-1 3.11282E-1 2.69222E-1 3.22767E-1
7.4128E-1 6.63646E-1 4.81538E-1 2.61913E-1 2.63448E-1 2.53068E-1 2.39466E-1 3.48517E-1 3.40284E-1 1.93321E-1 3.729E-1 2.65536E-1 2.60887E-1 2.83688E-1 3.05465E-1 3.06572E-1 2.88714E-1 2.61352E-1 2.28536E-1 2.88763E-1 2.40162E-1 1.76976E-1 1.96685E-1 2.75128E-1 4.17931E-1 4.56841E-1 4.11475E-1 4.33492E-1 3.92323E-1 3.2235E-1 2.8936E-1 3.2983E-1 4.52626E-1 4.70806E-1 4.34589E-1 3.51398E-1 3.65981E-1 4.25506E-1 4.12958E-1 4.21576E-1 3.54341E-1 3.30133E-1 3.295E-1 3.69281E-1 4.17412E-1 2.94067E-1 1.6878E-1 1.24428E-1 1.53772E-1 1.97124E-1 2.26344E-1 2.36359E-1 2.28485E-1 2.49969E-1 2.71092E-1 2.99693E-1 2.94203E-1 2.82807E-1 2.34836E-1 -9999
7.56365E-1 6.91263E-1 4.73677E-1 3.13943E-1 2.6331E-1 2.22226E-1 2.15535E-1 3.81528E-1 4.2739E-2 3.53832E-1 2.97183E-1 2.65774E-1 2.64001E-1 2.52477E-1 2.68571E-1 2.78415E-1 2.32979E-1 2.10053E-1 2.18373E-1 2.14981E-1 5.91524E-2 2.0293E-1 2.46094E-1 3.39125E-1 4.18401E-1 4.2427E-1 4.23176E-1 4.5682E-1 3.86675E-1 3.35033E-1 3.0217E-1 4.22257E-1 3.98943E-1 5.45129E-1 4.03259E-1 3.54582E-1 3.43333E-1 4.31183E-1 4.03351E-1 3.10344E-1 3.74953E-1 3.20837E-1 3.04642E-1 2.64144E-1 2.8206E-1 2.02825E-1 1.48002E-1 1.44363E-1 1.6282E-1 2.09341E-1 -9999 -9999 -9999 2.26037E-1 2.65429E-1 2.56445E-1 2.50482E-1 2.37495E-1 -9999 -9999
7.40474E-1 6.05793E-1 5.64449E-1 4.22303E-1 3.25522E-1 2.75457E-1 4.3469E-1 5.50576E-2 2.13263E-1 2.50784E-1 2.42051E-1 2.55678E-1 2.72381E-1 2.51093E-1 2.32422E-1 2.49636E-1 2.04088E-1 1.69882E-1 1.66405E-1 2.35287E-1 1.46523E-1 2.41552E-1 2.47881E-1 3.34928E-1 4.18099E-1 4.00534E-1 4.13018E-1 4.45378E-1 3.87629E-1 3.48348E-1 3.29607E-1 5.1323E-1 3.81952E-1 5.71398E-1 3.93215E-1 3.35769E-1 3.25181E-1 4.1247E-1 3.35358E-1 3.15268E-1 3.57076E-1 -9999 -9999 -9999 -9999 -9999 -9999 -9999 -9999 -9999 -9999 -9999 -9999 -9999 -9999 1.9594E-1 1.78432E-1 -9999 -9999 -9999
5.88523E-1 5.65148E-1 5.62423E-1 4.70306E-1 4.35104E-1 3.6721E-1 1.96942E-1 1.69556E-1 2.41688E-1 2.5524E-1 2.66945E-1 3.0954E-1 3.29733E-1 2.87011E-1 2.37133E-1 2.1453E-1 1.82747E-1 1.71815E-1 1.32726E-1 1.50607E-1 -9999 2.28753E-1 2.43018E-1 3.31092E-1 4.12335E-1 3.81899E-1 3.98724E-1 -9999 -9999 -9999 -9999 -9999 -9999 -9999 -9999 -9999 -9999 -9999 -9999 -9999 -9999 -9999 -9999 -9999 -9999 -9999 -9999 -9999 -9999 -9999 -9999 -9999 -9999 -9999 -9999 -9999 -9999 -9999 -9999 -9999
5.8098E-1 4.59197E-1 5.16065E-1 4.73888E-1 4.87206E-1 6.21051E-1 9.45859E-2 4.75473E-1 2.98972E-1 2.85894E-1 2.83085E-1 3.27275E-1 3.14166E-1 2.55524E-1 1.94512E-1 1.52786E-1 1.45673E-1 -9999 -9999 -9999 -9999 -9999 -9999 -9999 -9999 -9999 -9999 -9999 -9999 -9999 -9999 -9999 -9999 -9999 -9999 -9999 -9999 -9999 -9999 -9999 -9999 -9999 -9999 -9999 -9999 -9999 -9999 -9999 -9999 -9999 -9999 -9999 -9999 -9999 -9999 -9999 -9999 -9999 -9999 -9999
1.93045E-1 5.02248E-1 4.05677E-1 5.20731E-1 4.19435E-1 1.39059E-1 3.91636E-1 4.55105E-1 3.53775E-1 3.14598E-1 3.03242E-1 3.24018E-1 2.79263E-1 2.15814E-1 1.65223E-1 -9999 -9999 -9999 -9999 -9999 -9999 -9999 -9999 -9999 -9999 -9999 -9999 -9999 -9999 -9999 -9999 -9999 -9999 -9999 -9999 -9999 -9999 -9999 -9999 -9999 -9999 -9999 -9999 -9999 -9999 -9999 -9999 -9999 -9999 -9999 -9999 -9999 -9999 -9999 -9999 -9999 -9999 -9999 -9999 -9999
4.53153E-2 3.61676E-2 2.31961E-2 9.85942E-2 6.29414E-2 4.2062E-1 5.5121E-1 5.21848E-1 4.1765E-1 3.57289E-1 3.15577E-1 3.14684E-1 2.64521E-1 1.85505E-1 1.27193E-1 -9999 -9999 -9999 -9999 -9999 -9999 -9999 -9999 -9999 -9999 -9999 -9999 -9999 -9999 -9999 -9999 -9999 -9999 -9999 -9999 -9999 -9999 -9999 -9999 -9999 -9999 -9999 -9999 -9999 -9999 -9999 -9999 -9999 -9999 -9999 -9999 -9999 -9999 -9999 -9999 -9999 -9999 -9999 -9999 -9999
4.29831E-1 3.75962E-1 2.1909E-1 1.00539E-1 5.07674E-1 4.22744E-1 4.13547E-1 4.61838E-1 -9999 3.35216E-1 2.80617E-1 3.13905E-1 2.50463E-1 -9999 -9999 -9999 -9999 -9999 -9999 -9999 -9999 -9999 -9999 -9999 -9999 -9999 -9999 -9999 -9999 -9999 -9999 -9999 -9999 -9999 -9999 -9999 -9999 -9999 -9999 -9999 -9999 -9999 -9999 -9999 -9999 -9999 -9999 -9999 -9999 -9999 -9999 -9999 -9999 -9999 -9999 -9999 -9999 -9999 -9999 -9999
-9999 -9999 -9999 -9999 -9999 -9999 -9999 -9999 -9999 -9999 -9999 -9999 -9999 -9999 -9999 -9999 -9999 -9999 -9999 -9999 -9999 -9999 -9999 -9999 -9999 -9999 -9999 -9999 -9999 -9999 -9999 -9999 -9999 -9999 -9999 -9999 -9999 -9999 -9999 -9999 -9999 -9999 -9999 -9999 -9999 -9999 -9999 -9999 -9999 -9999 -9999 -9999 -9999 -9999 -9999 -9999 -9999 -9999 -9999 -9999
-9999 -9999 -9999 -9999 -9999 -9999 -9999 -9999 -9999 -9999 -9999 -9999 -9999 -9999 -9999 -9999 -9999 -9999 -9999 -9999 -9999 -9999 -9999 -9999 -9999 -9999 -9999 -9999 -9999 -9999 -9999 -9999 -9999 -9999 -9999 -9999 -9999 -9999 -9999 -9999 -9999 -9999 -9999 -9999 -9999 -9999 -9999 -9999 -9999 -9999 -9999 -9999 -9999 -9999 -9999 -9999 -9999 -9999 -9999 -9999
-9999 -9999 -9999 -9999 -9999 -9999 -9999 -9999 -9999 -9999 -9999 -9999 -9999 -9999 -9999 -9999 -9999 -9999 -9999 -9999 -9999 -9999 -9999 -9999 -9999 -9999 -9999 -9999 -9999 -9999 -9999 -9999 -9999 -9999 -9999 -9999 -9999 -9999 -9999 -9999 -9999 -9999 -9999 -9999 -9999 -9999 -9999 -9999 -9999 -9999 -9999 -9999 -9999 -9999 -9999 -9999 -9999 -9999 -9999 -9999
