Phytophthora/models/20240506_1646_46/Phytophthora_PA3_RUN6_MAXENT_outputs/Phytophthora_PA3_RUN6.asc
ncols         225
nrows         269
xllcorner     473009.9838
yllcorner     4429051.1748
cellsize      50.0
NODATA_value  -9999
[rows 182 to 207 of 269, columns 120 to 179 of 225]
2.13254E-1 2.41548E-1 2.08574E-1 2.81025E-1 2.49817E-1 1.51013E-1 1.34149E-1 1.27868E-1 1.13451E-1 1.18483E-1 1.23269E-1 1.53789E-1 1.86167E-1 2.06706E-1 2.13148E-1 2.12118E-1 2.3806E-1 3.52636E-1 4.20933E-1 5.67173E-1 3.76973E-1 4.8788E-1 1.42153E-1 1.60161E-1 2.49945E-1 1.58423E-1 1.10969E-1 5.99532E-2 4.32309E-2 3.12401E-2 4.6507E-2 9.66863E-2 3.65886E-2 3.45351E-2 1.0656E-1 1.39861E-1 7.5199E-2 1.8013E-1 9.85126E-2 1.3367E-1 2.0185E-1 2.81868E-1 1.12594E-1 1.9555E-1 1.82081E-1 1.23812E-1 2.35021E-2 8.02869E-2 2.20516E-1 1.50033E-1 1.37949E-1 1.08274E-1 1.17298E-1 1.42522E-1 1.41571E-1 1.46801E-1 2.18446E-1 2.43294E-1 2.17461E-1 1.48124E-1
1.13532E-1 1.28081E-1 1.79768E-1 8.63129E-2 2.49334E-1 1.62454E-1 1.43937E-1 1.43307E-1 1.12192E-1 1.32163E-1 1.51128E-1 1.76896E-1 1.86145E-1 2.16484E-1 2.36645E-1 2.60017E-1 2.90321E-1 3.40884E-1 3.97098E-1 5.17762E-1 2.65609E-1 2.56241E-1 1.64914E-1 6.66562E-2 2.53388E-1 1.94115E-1 1.42013E-1 9.27295E-2 5.73648E-2 5.04343E-2 6.9316E-2 3.37011E-2 3.94507E-2 3.27104E-2 3.38074E-2 2.75163E-1 2.16928E-1 8.89775E-2 1.75064E-1 2.3401E-1 2.52989E-1 3.33691E-1 1.44235E-1 8.32045E-2 6.15166E-2 6.47647E-2 1.16327E-1 1.04996E-1 1.3678E-1 8.97456E-2 7.51754E-2 6.85762E-2 1.14874E-1 1.72207E-1 1.80255E-1 1.72378E-1 1.65899E-1 1.66522E-1 1.92644E-1 1.89406E-1
1.57318E-1 1.27734E-1 8.98614E-2 1.09891E-1 1.62129E-1 1.64322E-1 1.55941E-1 1.44004E-1 1.23068E-1 1.57949E-1 1.86675E-1 2.04248E-1 2.18854E-1 2.28592E-1 2.41347E-1 2.71165E-1 3.38389E-1 3.74276E-1 3.58242E-1 5.93762E-2 4.06023E-1 1.91733E-1 1.15814E-1 2.04407E-1 7.2947E-2 1.94055E-1 1.38105E-1 1.01051E-1 7.79436E-2 6.55171E-2 7.81559E-2 3.6614E-2 2.58523E-2 2.98949E-2 3.33859E-2 2.0595E-1 2.62752E-1 1.71442E-1 2.53659E-1 2.93676E-1 2.81497E-1 3.70141E-1 2.66664E-1 3.27523E-2 1.11077E-1 6.51612E-2 1.42892E-1 1.92388E-1 9.80707E-2 6.4782E-2 7.27874E-2 9.36326E-2 1.43833E-1 1.79523E-1 2.23699E-1 2.38355E-1 2.66117E-1 2.41871E-1 1.95519E-1 1.97253E-1
1.62593E-1 1.58855E-1 1.31052E-1 1.36217E-1 6.42108E-2 2.02759E-1 1.7184E-1 1.49754E-1 1.54471E-1 1.99345E-1 2.14505E-1 2.29829E-1 2.67328E-1 2.65974E-1 2.65153E-1 2.86596E-1 3.44556E-1 4.05613E-1 4.39209E-1 1.48885E-1 1.70282E-1 1.75935E-1 1.20342E-1 1.1073E-1 2.33537E-1 1.2135E-1 9.63056E-2 7.8734E-2 7.47673E-2 6.28457E-2 6.98678E-2 1.10333E-1 1.17537E-1 6.66365E-2 8.32736E-2 1.33979E-1 1.72641E-1 1.50495E-1 2.75574E-1 3.17653E-1 2.98766E-1 3.00451E-1 3.70256E-1 9.56785E-2 2.05801E-1 1.89551E-1 1.90797E-1 9.49173E-2 7.90649E-2 6.26067E-2 8.93823E-2 1.4674E-1 1.83835E-1 2.38025E-1 3.1254E-1 3.42765E-1 3.50695E-1 3.14702E-1 2.74484E-1 1.83958E-1
1.47001E-1 1.4796E-1 1.37717E-1 1.61436E-1 2.47952E-1 2.70292E-1 1.83499E-1 1.79854E-1 1.91341E-1 2.36859E-1 2.40441E-1 2.70632E-1 3.25633E-1 3.02973E-1 2.89753E-1 3.26985E-1 3.82803E-1 3.40057E-1 2.05145E-1 3.52203E-1 1.97367E-1 1.81313E-1 1.2849E-1 7.16251E-2 6.27922E-2 9.23756E-2 1.04261E-1 7.82377E-2 5.9654E-2 5.65387E-2 6.71631E-2 1.17362E-1 1.7243E-1 2.09661E-1 2.10531E-1 2.48134E-1 2.9725E-1 3.03456E-1 3.31636E-1 3.08196E-1 3.13769E-1 2.29799E-1 3.83189E-1 8.29614E-2 2.54704E-1 2.3771E-1 1.08049E-1 7.52699E-2 7.48872E-2 8.06654E-2 1.29982E-1 1.73552E-1 2.26141E-1 3.03666E-1 3.68564E-1 4.062E-1 3.87794E-1 3.37223E-1 3.26217E-1 2.07323E-1
1.35108E-1 1.13872E-1 1.11644E-1 1.19904E-1 2.54447E-1 2.18512E-1 2.00935E-1 2.1558E-1 2.29518E-1 2.75594E-1 2.8308E-1 3.22592E-1 3.86229E-1 3.56866E-1 3.50435E-1 3.72552E-1 3.98827E-1 5.62307E-1 4.76328E-1 3.07942E-1 2.41251E-1 1.82111E-1 1.19091E-1 6.94574E-2 4.53773E-2 5.58363E-2 6.61458E-2 8.51565E-2 5.98807E-2 6.74053E-2 8.56321E-2 1.54686E-1 1.97839E-1 2.6062E-1 2.48838E-1 2.97734E-1 2.63446E-1 4.09467E-1 3.9745E-1 4.08225E-1 3.92982E-1 2.4768E-1 3.94148E-1 1.55172E-1 1.48734E-1 1.4994E-1 1.16436E-1 8.99028E-2 8.76103E-2 1.36372E-1 1.78747E-1 2.12634E-1 2.57507E-1 3.29605E-1 4.19607E-1 4.59871E-1 3.70265E-1 2.46777E-1 3.00361E-1 3.01249E-1
1.72126E-1 1.46776E-1 1.18393E-1 1.29714E-1 1.32565E-1 1.08954E-1 1.61858E-1 2.03457E-1 2.25676E-1 2.69747E-1 2.81425E-1 3.18801E-1 3.97513E-1 3.67984E-1 3.56701E-1 3.60533E-1 3.639E-1 3.61698E-1 3.78833E-1 3.75136E-1 2.30377E-1 1.84211E-1 1.35043E-1 8.77187E-2 4.69669E-2 4.45184E-2 5.59784E-2 6.5828E-2 6.58454E-2 8.09091E-2 1.35351E-1 1.69574E-1 2.01308E-1 2.36793E-1 2.24836E-1 2.62604E-1 2.95915E-1 3.32353E-1 2.99782E-1 2.80238E-1 2.67644E-1 2.2521E-1 3.32864E-1 1.32169E-1 1.1729E-1 1.19762E-1 1.07937E-1 1.02942E-1 1.2625E-1 1.83809E-1 2.22005E-1 2.67878E-1 2.90131E-1 3.225E-1 4.26697E-1 4.73467E-1 4.06876E-1 3.45031E-1 3.63931E-1 2.78027E-1
1.24896E-1 2.05613E-1 1.48947E-1 1.32289E-1 1.24457E-1 1.57933E-1 7.1457E-2 2.06595E-1 2.23486E-1 2.65227E-1 2.85128E-1 3.19281E-1 4.06602E-1 3.69763E-1 3.66688E-1 3.55106E-1 1.17414E-1 4.72065E-1 3.61818E-1 2.95677E-1 2.25591E-1 1.63253E-1 1.16687E-1 8.07676E-2 4.99657E-2 1.37325E-1 4.97294E-2 1.08551E-1 6.28273E-2 9.67116E-2 1.57496E-1 1.95694E-1 2.04641E-1 2.15155E-1 2.26171E-1 2.40117E-1 2.61117E-1 2.85742E-1 2.14538E-1 2.26955E-1 1.99435E-1 1.41824E-1 2.98931E-1 5.69069E-2 1.25065E-1 1.49654E-1 1.36392E-1 1.39545E-1 1.70499E-1 2.29996E-1 2.61853E-1 3.12188E-1 3.26553E-1 3.45875E-1 4.12085E-1 4.37102E-1 4.11714E-1 3.446E-1 3.52903E-1 3.37316E-1
1.41778E-1 2.08352E-1 7.76792E-2 1.15656E-1 1.22143E-1 1.36102E-1 1.59388E-1 2.34546E-1 2.27371E-1 2.57308E-1 2.8068E-1 3.1834E-1 3.76579E-1 3.37559E-1 3.34035E-1 1.93339E-1 3.54475E-1 3.59834E-1 2.79337E-1 2.53037E-1 2.17652E-1 1.63028E-1 1.25971E-1 1.00231E-1 8.57948E-2 1.10063E-1 4.91891E-2 6.27641E-2 7.4851E-2 1.32155E-1 1.87023E-1 2.07851E-1 2.09115E-1 2.22472E-1 2.55727E-1 2.4409E-1 2.32384E-1 2.41797E-1 2.33148E-1 2.58198E-1 2.36951E-1 2.02514E-1 1.7828E-1 3.25573E-1 3.68831E-2 1.32704E-1 1.28926E-1 1.70413E-1 2.02964E-1 2.56235E-1 2.96224E-1 3.58309E-1 3.50681E-1 3.593E-1 4.4226E-1 4.45607E-1 4.48618E-1 2.92952E-1 3.05202E-1 3.32988E-1
1.05677E-1 1.76081E-1 7.51706E-2 1.27655E-1 1.31771E-1 1.24553E-1 2.33282E-1 3.43539E-1 2.27474E-1 2.39622E-1 2.51788E-1 2.65599E-1 2.25468E-1 1.09902E-1 5.39796E-2 2.09741E-1 1.11712E-1 1.39535E-1 1.92404E-1 2.0253E-1 1.79344E-1 1.5769E-1 1.39599E-1 1.26556E-1 1.31967E-1 1.23436E-1 7.67506E-2 8.95133E-2 1.28245E-1 1.85766E-1 1.95634E-1 1.99315E-1 1.95442E-1 2.05174E-1 2.40086E-1 2.52254E-1 2.68384E-1 2.58048E-1 2.82856E-1 2.69951E-1 2.36092E-1 2.04759E-1 1.90092E-1 2.16133E-1 2.43087E-1 2.0492E-2 3.32543E-2 6.89432E-2 1.75155E-1 2.57906E-1 3.15974E-1 3.56063E-1 3.42744E-1 3.27636E-1 4.258E-1 4.37046E-1 4.40693E-1 2.21833E-1 3.36106E-1 3.47229E-1
1.86043E-1 2.11738E-1 1.94069E-1 1.49335E-1 1.53978E-1 1.45959E-1 1.82287E-1 3.03937E-1 2.35838E-1 2.02214E-1 9.29429E-2 4.30502E-2 6.19098E-2 5.39305E-2 2.08075E-1 2.39044E-1 2.0386E-1 1.38699E-1 1.84676E-1 2.1036E-1 2.10873E-1 1.98869E-1 1.90007E-1 1.96558E-1 1.87867E-1 1.66858E-1 1.46849E-1 1.95789E-1 1.98908E-1 2.50519E-1 2.58178E-1 2.57929E-1 2.45859E-1 2.50106E-1 2.76264E-1 2.79359E-1 2.96417E-1 2.84126E-1 2.90472E-1 2.60687E-1 2.25065E-1 1.92319E-1 1.69877E-1 1.356E-1 1.81669E-1 1.92528E-1 1.17643E-1 1.08088E-1 1.63062E-1 1.41291E-1 1.63286E-1 1.43163E-1 1.01157E-1 1.91924E-1 4.4535E-1 3.49854E-1 2.81945E-1 2.88217E-1 3.3314E-1 3.80687E-1
2.13168E-1 2.34037E-1 1.57816E-1 1.71159E-1 1.64714E-1 1.50152E-1 1.72826E-1 3.31143E-1 1.56316E-1 4.41047E-2 7.5101E-2 6.4637E-2 6.22695E-2 5.07041E-2 1.23631E-1 1.1856E-1 2.04095E-1 2.21581E-1 2.97521E-1 2.74213E-1 2.95748E-1 2.92145E-1 2.8061E-1 2.38042E-1 1.9861E-1 1.83533E-1 2.25343E-1 2.8159E-1 2.64105E-1 2.60881E-1 2.62018E-1 2.70607E-1 2.88093E-1 3.05833E-1 3.24888E-1 3.28127E-1 3.46884E-1 3.37479E-1 3.0298E-1 2.25717E-1 1.8759E-1 1.40469E-1 1.07358E-1 1.03699E-1 9.50934E-2 1.27624E-1 1.29277E-1 2.52813E-1 2.22481E-1 2.54856E-1 3.16348E-1 3.51269E-1 4.00245E-1 2.37451E-1 3.7193E-1 4.36112E-1 2.99964E-1 2.64714E-1 3.40981E-1 4.47611E-1
2.16335E-1 2.30305E-1 1.79057E-1 1.97925E-1 1.69307E-1 1.62188E-1 1.75977E-1 3.19201E-1 2.36672E-1 1.20568E-1 8.51169E-2 6.6278E-2 5.87023E-2 4.5673E-2 1.41546E-1 4.82034E-2 3.04308E-1 1.01255E-1 6.39458E-2 2.4636E-1 3.40317E-1 3.15388E-1 2.35245E-1 1.90437E-1 1.79894E-1 2.27811E-1 2.58884E-1 3.48877E-1 3.33036E-1 3.03131E-1 2.44671E-1 2.48677E-1 3.319E-1 3.72778E-1 3.88361E-1 3.60653E-1 3.9034E-1 3.93748E-1 3.66774E-1 2.97131E-1 2.42736E-1 1.81731E-1 1.46063E-1 1.09923E-1 8.27589E-2 5.76881E-2 6.58353E-2 7.9141E-2 1.29394E-1 1.64531E-1 2.1125E-1 3.09937E-1 3.16529E-1 2.00777E-1 4.00188E-1 4.14667E-1 2.81579E-1 2.39703E-1 2.51145E-1 3.06647E-1
2.4273E-1 2.30314E-1 2.11362E-1 1.56753E-1 1.55239E-1 1.72689E-1 1.81652E-1 1.32751E-1 5.97663E-2 1.10377E-1 1.0917E-1 8.07488E-2 6.15986E-2 6.11031E-2 1.80078E-1 6.07411E-2 1.75734E-1 1.18464E-1 1.23198E-1 1.73117E-1 8.76103E-2 2.61576E-1 2.62718E-1 2.23735E-1 2.06489E-1 2.7706E-1 3.51107E-1 4.12368E-1 3.91136E-1 3.52012E-1 2.93674E-1 2.94257E-1 3.72877E-1 3.86937E-1 4.19079E-1 3.68865E-1 3.74715E-1 3.62836E-1 3.32007E-1 3.0759E-1 2.56065E-1 1.95925E-1 1.62231E-1 1.17121E-1 8.87852E-2 6.63972E-2 6.87531E-2 4.77043E-2 6.72908E-2 1.1046E-1 1.40161E-1 1.34001E-1 1.92774E-1 1.93015E-1 4.10543E-1 3.40894E-1 2.1803E-1 1.60038E-1 1.23444E-1 1.31392E-1
2.64903E-1 2.23689E-1 1.95305E-1 1.12819E-1 1.53884E-1 1.28883E-1 1.55375E-1 1.82948E-1 5.25623E-2 1.27048E-1 9.71575E-2 7.4583E-2 5.31572E-2 5.88913E-2 1.75312E-1 9.21922E-2 2.17384E-1 8.21766E-2 9.69137E-2 9.67103E-2 1.28082E-1 2.00576E-1 2.56461E-1 2.394E-1 2.3949E-1 3.4172E-1 4.05986E-1 4.7381E-1 4.33704E-1 4.10486E-1 3.63639E-1 3.65459E-1 3.858E-1 3.86961E-1 2.83476E-1 2.61887E-1 2.80814E-1 3.14024E-1 3.39218E-1 3.29635E-1 3.04839E-1 2.72948E-1 2.4954E-1 2.53877E-1 2.12459E-1 1.7079E-1 8.4901E-2 1.16279E-1 1.44939E-1 1.8572E-1 1.12477E-1 8.57306E-2 1.35537E-1 9.919E-2 3.41587E-1 3.02825E-1 2.06053E-1 1.16833E-1 1.55864E-1 1.38626E-1
2.07411E-1 1.60304E-1 1.92979E-1 1.66945E-1 1.46412E-1 1.28995E-1 1.57698E-1 2.22938E-1 7.85148E-2 1.90184E-1 1.61333E-1 1.5015E-1 1.10634E-1 9.74499E-2 8.94951E-2 2.08663E-1 5.04439E-2 6.22821E-2 6.73857E-2 1.34543E-1 1.27971E-1 1.37519E-1 2.10715E-1 2.13703E-1 2.73884E-1 3.89133E-1 4.69185E-1 5.11186E-1 4.8489E-1 4.92534E-1 4.35683E-1 4.12685E-1 3.65865E-1 2.40354E-1 4.07553E-1 3.94599E-1 3.90785E-1 3.31094E-1 2.44105E-1 2.50854E-1 2.43E-1 3.38764E-1 3.27338E-1 2.22619E-1 2.06352E-1 1.87857E-1 2.32263E-1 2.58304E-1 2.57602E-1 1.58565E-1 1.41476E-1 2.58619E-1 3.39105E-1 2.89883E-1 1.54388E-1 2.50647E-1 1.50588E-1 1.37448E-1 1.27401E-1 1.51311E-1
3.2144E-1 2.70112E-1 1.29479E-1 1.34046E-1 8.46661E-2 1.367E-1 1.53933E-1 2.47995E-1 2.63E-1 2.26149E-1 2.25311E-1 1.76033E-1 1.20768E-1 1.06439E-1 7.68264E-2 5.85443E-2 6.60228E-2 7.03463E-2 8.46446E-2 9.63723E-2 1.12392E-1 9.12302E-2 1.18005E-1 1.40203E-1 2.79597E-1 4.60427E-1 5.07174E-1 5.70521E-1 5.54749E-1 5.45226E-1 4.36158E-1 3.16633E-1 4.27639E-1 4.04968E-1 4.11501E-1 3.91704E-1 3.87545E-1 3.28499E-1 2.77609E-1 2.96845E-1 2.37605E-1 3.83776E-1 2.51198E-1 2.42162E-1 1.91083E-1 2.32816E-1 2.39104E-1 1.23041E-1 1.68595E-1 1.91066E-1 2.36827E-1 2.51178E-1 2.84767E-1 3.35781E-1 2.00616E-1 1.60494E-1 1.62789E-1 1.63621E-1 1.47232E-1 1.88299E-1
8.45363E-2 1.95981E-1 1.97067E-1 1.85873E-1 1.58591E-1 1.62313E-1 1.54939E-1 5.05649E-2 1.04517E-1 1.46047E-1 1.38047E-1 1.15705E-1 8.65687E-2 8.15736E-2 6.70735E-2 5.88279E-2 5.79431E-2 6.4428E-2 1.26574E-1 9.27558E-2 1.59097E-1 9.84057E-2 1.16362E-1 2.01705E-1 4.01127E-1 5.13933E-1 5.67393E-1 6.04906E-1 6.02981E-1 4.80051E-1 4.45785E-1 4.90944E-1 4.17377E-1 2.75273E-1 3.50765E-1 2.81905E-1 4.07988E-1 3.51213E-1 2.59357E-1 1.89852E-1 2.11157E-1 1.97585E-1 3.17511E-1 3.47263E-1 3.38595E-1 3.38283E-1 2.20693E-1 1.25896E-1 1.83271E-1 1.75917E-1 1.70298E-1 1.28601E-1 1.1692E-1 2.01528E-1 2.79625E-1 1.71478E-1 1.97952E-1 1.75247E-1 1.9625E-1 1.99334E-1
8.26071E-2 1.01794E-1 1.58532E-1 1.6839E-1 5.18461E-2 1.03685E-1 1.16437E-1 9.08379E-2 5.74532E-2 1.31114E-1 1.26008E-1 1.04801E-1 8.5886E-2 7.92739E-2 7.41662E-2 6.20836E-2 5.59334E-2 5.52628E-2 7.98781E-2 1.56544E-1 1.80297E-1 2.57572E-1 2.64166E-1 3.63474E-1 4.86561E-1 5.60357E-1 6.04717E-1 6.35509E-1 5.99423E-1 6.21794E-1 5.34736E-1 4.75753E-1 5.00552E-1 4.5332E-1 4.2789E-1 4.20474E-1 3.0456E-1 2.6082E-1 1.15228E-1 1.83055E-1 1.7562E-1 1.84036E-1 1.9955E-1 2.52913E-1 2.93339E-1 2.89048E-1 1.95176E-1 7.93872E-2 8.07765E-2 1.16872E-1 1.39704E-1 1.27536E-1 1.02183E-1 1.16646E-1 5.56109E-2 1.85979E-1 1.95385E-1 2.09942E-1 2.3805E-1 2.30719E-1
9.62481E-2 1.22753E-1 5.58502E-2 1.55284E-1 6.87097E-2 6.48536E-2 7.41305E-2 6.02172E-2 9.74509E-2 1.21212E-1 1.35237E-1 1.13199E-1 1.02081E-1 8.43571E-2 1.05015E-1 1.03985E-1 1.21093E-1 1.21155E-1 1.22343E-1 1.77588E-1 1.51135E-1 2.64005E-1 3.40622E-1 4.62693E-1 5.3079E-1 5.97683E-1 6.40053E-1 7.20541E-1 6.91827E-1 6.22757E-1 5.38289E-1 4.63275E-1 5.05749E-1 4.73622E-1 4.44532E-1 4.33684E-1 4.58832E-1 3.0471E-1 3.10839E-1 1.88206E-1 1.7152E-1 1.67642E-1 1.46181E-1 1.39142E-1 1.4289E-1 1.08629E-1 2.19792E-1 8.71974E-2 4.7006E-2 7.36705E-2 1.0081E-1 1.04673E-1 1.02767E-1 9.73215E-2 8.10905E-2 7.43969E-2 2.55053E-1 2.12533E-1 2.052E-1 2.83955E-1
8.55773E-2 1.1484E-1 2.16166E-1 1.00981E-1 8.41731E-2 1.01796E-1 1.08216E-1 1.05095E-1 1.38751E-1 1.64702E-1 1.68134E-1 1.39901E-1 1.23302E-1 1.01743E-1 1.17964E-1 1.28022E-1 1.47772E-1 1.35345E-1 1.21999E-1 1.57687E-1 1.89107E-1 2.95817E-1 4.21555E-1 5.21178E-1 5.69906E-1 6.30101E-1 7.00649E-1 7.57582E-1 6.65758E-1 5.88751E-1 4.93711E-1 4.32108E-1 4.44087E-1 4.53114E-1 4.91838E-1 4.5953E-1 4.68638E-1 2.8046E-1 3.63069E-1 2.51045E-1 1.58634E-1 1.90838E-1 2.02775E-1 1.22902E-1 7.82633E-2 3.48569E-2 1.39311E-1 1.35242E-1 7.07449E-2 1.03122E-1 1.34292E-1 1.38567E-1 1.49235E-1 1.2183E-1 8.61058E-2 2.03762E-1 1.22987E-1 9.60084E-2 1.0537E-1 1.65909E-1
7.67494E-2 1.22992E-1 3.8591E-2 2.59966E-2 6.85953E-2 1.94873E-1 2.33739E-1 2.22429E-1 3.09411E-1 3.10457E-1 2.92132E-1 2.24767E-1 1.81529E-1 1.27704E-1 1.15283E-1 1.03613E-1 1.02038E-1 6.69423E-2 9.58358E-2 1.18716E-1 1.47763E-1 2.33965E-1 4.06001E-1 4.95885E-1 5.22633E-1 5.97917E-1 6.57931E-1 7.11749E-1 5.98449E-1 5.20509E-1 4.1915E-1 3.64636E-1 4.0372E-1 4.66297E-1 5.17136E-1 3.47603E-1 4.34551E-1 4.09446E-1 3.54961E-1 2.83562E-1 2.23936E-1 2.08992E-1 2.27938E-1 1.90985E-1 1.52464E-1 1.15042E-1 1.71239E-1 1.56569E-1 1.38545E-1 1.56306E-1 1.84808E-1 1.97321E-1 2.02397E-1 1.75332E-1 1.47201E-1 1.81071E-1 1.88209E-1 1.10619E-1 1.42515E-1 1.64703E-1
1.06037E-1 4.03159E-2 7.59835E-2 6.81933E-2 1.37548E-1 1.02768E-1 1.0471E-1 4.96059E-2 1.0929E-1 2.22065E-1 2.27575E-1 2.22065E-1 1.9999E-1 1.54228E-1 1.19722E-1 8.11138E-2 6.18672E-2 5.60423E-2 8.21581E-2 9.40334E-2 1.42213E-1 2.95203E-1 4.31359E-1 4.65153E-1 4.62331E-1 5.6437E-1 6.10846E-1 6.27758E-1 5.0455E-1 4.42411E-1 3.22066E-1 3.21326E-1 3.98736E-1 4.8066E-1 5.37107E-1 3.60134E-1 4.58212E-1 3.90409E-1 3.10497E-1 2.64936E-1 2.70098E-1 2.16064E-1 2.37722E-1 1.96752E-1 2.54156E-1 2.3892E-1 1.7581E-1 1.0439E-1 1.36691E-1 1.8818E-1 2.10802E-1 2.1811E-1 2.32717E-1 2.12431E-1 1.88973E-1 2.43662E-1 1.54553E-1 5.55141E-2 7.524E-2 1.14681E-1
1.44394E-1 8.89692E-2 6.96187E-2 5.4224E-2 7.23003E-2 2.09758E-1 1.43933E-1 1.37815E-1 1.16961E-1 1.41416E-1 1.39034E-1 1.55075E-1 1.54941E-1 1.2141E-1 9.17658E-2 6.49542E-2 3.97337E-2 4.77646E-2 7.39735E-2 1.09009E-1 1.5078E-1 3.55331E-1 4.19129E-1 4.64764E-1 4.8256E-1 5.20769E-1 5.13274E-1 4.95403E-1 4.1371E-1 3.60902E-1 3.03884E-1 3.05328E-1 3.9598E-1 4.52667E-1 5.6287E-1 3.9723E-1 4.59267E-1 3.74044E-1 2.94665E-1 2.43905E-1 1.98969E-1 1.3934E-1 1.34328E-1 3.00376E-1 3.31409E-1 2.75112E-1 2.53635E-1 2.11677E-1 1.77752E-1 1.96497E-1 1.62739E-1 2.1784E-1 2.63332E-1 2.49315E-1 2.22617E-1 8.07374E-2 8.55512E-2 7.08535E-2 1.13242E-1 1.84959E-1
9.15694E-2 7.65469E-2 7.36094E-2 5.91998E-2 1.89452E-1 2.19475E-2 4.62294E-2 1.96109E-1 2.06522E-1 1.75907E-1 1.64818E-1 1.4406E-1 1.2738E-1 1.00466E-1 7.58008E-2 5.37635E-2 4.00345E-2 5.80828E-2 8.20456E-2 1.36938E-1 1.87953E-1 3.53393E-1 4.02411E-1 4.65291E-1 5.11086E-1 5.36553E-1 5.10686E-1 4.41313E-1 3.54921E-1 3.36483E-1 3.08843E-1 2.95953E-1 3.73492E-1 4.19422E-1 5.30007E-1 5.13348E-1 4.89892E-1 3.69852E-1 3.20185E-1 2.90954E-1 1.05955E-1 2.07684E-1 2.50156E-1 3.17895E-1 3.94773E-1 2.96907E-1 2.58144E-1 2.35159E-1 1.76204E-1 1.86086E-1 2.14982E-1 2.20906E-1 2.52056E-1 2.75341E-1 7.12578E-2 1.32723E-1 8.28892E-2 9.40685E-2 1.29698E-1 1.92606E-1
8.13852E-2 7.40844E-2 5.99548E-2 4.85095E-2 8.63363E-2 3.06787E-2 4.21333E-2 5.13362E-2 2.69691E-1 1.19405E-1 1.45726E-1 1.40133E-1 1.24077E-1 9.44447E-2 7.43093E-2 5.72518E-2 4.81878E-2 7.21619E-2 9.53276E-2 1.49047E-1 2.03988E-1 3.55862E-1 4.01275E-1 4.78027E-1 5.2225E-1 5.46992E-1 4.71872E-1 4.86623E-1 3.82143E-1 3.26814E-1 2.99907E-1 3.08284E-1 3.63084E-1 3.763E-1 4.75728E-1 5.24021E-1 4.8457E-1 3.32676E-1 3.3675E-1 3.16383E-1 2.42047E-1 1.84796E-1 2.35794E-1 2.93613E-1 3.60766E-1 3.28572E-1 2.39268E-1 2.18313E-1 1.74532E-1 1.73824E-1 2.20508E-1 1.97816E-1 1.23252E-1 8.84348E-2 1.13084E-1 1.52281E-1 1.16423E-1 9.98874E-2 1.29593E-1 2.07421E-1
