Phytophthora/models/20240506_1646_46/Phytophthora_PA3_RUN6_MAXENT_outputs/Phytophthora_PA3_RUN6.asc
ncols         225
nrows         269
xllcorner     473009.9838
yllcorner     4429051.1748
cellsize      50.0
NODATA_value  -9999
[rows 156 to 181 of 269, columns 60 to 119 of 225]
3.80161E-1 2.94972E-1 4.22293E-1 4.23306E-1 3.54053E-1 3.07191E-1 2.5993E-1 3.2098E-1 4.95426E-1 4.6931E-1 5.19397E-1 4.93257E-1 3.33611E-1 5.06814E-1 4.32076E-1 4.82743E-1 5.69008E-1 7.06601E-1 6.12437E-1 4.86495E-1 5.8887E-1 7.22505E-1 7.11252E-1 6.82439E-1 6.67275E-1 6.83028E-1 4.80466E-1 5.59291E-1 5.43542E-1 5.08658E-1 4.65757E-1 4.3517E-1 4.56119E-1 5.12461E-1 5.9918E-1 4.72391E-1 4.23594E-1 3.76279E-1 4.5685E-1 3.69142E-1 3.33936E-1 3.71362E-1 3.73795E-1 3.5387E-1 3.09394E-1 2.97735E-1 3.02301E-1 3.08372E-1 3.65778E-1 4.19578E-1 4.60967E-1 4.36598E-1 3.75451E-1 3.36887E-1 3.04839E-1 3.46073E-1 3.66657E-1 3.62579E-1 2.46674E-1 2.25089E-1
2.27565E-1 4.57096E-1 4.1651E-1 4.11495E-1 3.42295E-1 2.91945E-1 2.60527E-1 2.6189E-1 4.81153E-1 4.09754E-1 4.74512E-1 4.51228E-1 2.74824E-1 3.5754E-1 5.29482E-1 5.57568E-1 5.82515E-1 6.92718E-1 5.13505E-1 5.23287E-1 7.30969E-1 7.25072E-1 7.20682E-1 6.98398E-1 6.87834E-1 6.78588E-1 5.3646E-1 5.59809E-1 5.51889E-1 5.10333E-1 4.72538E-1 4.31206E-1 4.23541E-1 4.47355E-1 1.35816E-1 2.16121E-1 2.52594E-1 2.61531E-1 4.59783E-1 4.8685E-1 5.22483E-1 4.83808E-1 4.44242E-1 4.16093E-1 3.72549E-1 3.49743E-1 3.04434E-1 2.52457E-1 2.33587E-1 2.31069E-1 3.76761E-1 4.34967E-1 3.97678E-1 3.44635E-1 3.55532E-1 4.29494E-1 3.8624E-1 3.12761E-1 3.13222E-1 3.37878E-1
4.28641E-1 4.60201E-1 4.38055E-1 4.11965E-1 3.19233E-1 2.82153E-1 1.27743E-1 3.33067E-1 3.06801E-1 3.57214E-1 4.24283E-1 4.21145E-1 4.13628E-1 3.26609E-1 5.11836E-1 5.41683E-1 5.53251E-1 4.99644E-1 4.92433E-1 6.95755E-1 7.18626E-1 5.74809E-1 6.10218E-1 6.34256E-1 6.92795E-1 6.75252E-1 5.669E-1 5.0811E-1 3.48302E-1 5.04218E-1 4.67051E-1 4.49339E-1 4.23316E-1 1.30556E-1 2.34554E-1 2.61915E-1 2.3088E-1 2.60989E-1 5.59672E-1 3.92433E-1 4.31372E-1 4.69694E-1 4.56938E-1 4.24598E-1 4.00528E-1 3.70682E-1 3.17835E-1 2.50487E-1 1.76881E-1 1.5514E-1 2.06964E-1 3.58938E-1 4.35369E-1 4.88312E-1 4.01446E-1 3.69651E-1 3.36524E-1 3.39552E-1 3.90786E-1 3.97535E-1
4.79384E-1 4.49862E-1 4.222E-1 3.83325E-1 2.91387E-1 3.45291E-1 3.1844E-1 4.30486E-1 3.6622E-1 3.90046E-1 4.29172E-1 3.95234E-1 3.88248E-1 4.38551E-1 4.72049E-1 4.16267E-1 5.81893E-1 4.3206E-1 5.85723E-1 7.19124E-1 7.07259E-1 6.66687E-1 7.19169E-1 6.93631E-1 6.02802E-1 5.43188E-1 5.56437E-1 3.62302E-1 4.9534E-1 4.70277E-1 4.29084E-1 4.12459E-1 3.99086E-1 2.29911E-1 3.27787E-1 3.4627E-1 3.13753E-1 2.12177E-1 1.22177E-1 1.48528E-1 1.86724E-1 2.81733E-1 3.52071E-1 3.56194E-1 3.98608E-1 3.59974E-1 3.05848E-1 2.39174E-1 1.86289E-1 1.14543E-1 1.47574E-1 2.70287E-1 4.85269E-1 3.42395E-1 2.92831E-1 2.82727E-1 2.70802E-1 2.76198E-1 4.07167E-1 4.28462E-1
4.0209E-1 3.79858E-1 3.87565E-1 4.00561E-1 3.62401E-1 2.96465E-1 5.01901E-1 4.62939E-1 4.17858E-1 3.17681E-1 3.474E-1 3.69266E-1 3.75545E-1 2.92213E-1 5.2393E-1 2.2696E-1 4.75804E-1 4.67152E-1 5.86203E-1 6.44307E-1 6.30429E-1 6.36048E-1 7.02407E-1 5.28096E-1 6.69923E-1 6.21186E-1 4.4014E-1 4.3303E-1 3.71699E-1 4.03072E-1 3.76873E-1 3.55766E-1 3.98942E-1 3.89721E-1 3.83736E-1 3.82582E-1 3.80697E-1 3.58046E-1 3.01942E-1 2.73287E-1 2.58699E-1 2.75045E-1 2.89913E-1 3.28221E-1 1.76257E-1 2.3259E-1 2.07861E-1 1.58159E-1 1.34622E-1 1.01361E-1 1.22036E-1 9.43075E-2 3.75495E-1 2.06306E-1 1.63937E-1 1.50676E-1 1.54639E-1 1.84783E-1 3.74117E-1 4.10818E-1
3.1842E-1 1.30889E-1 2.90236E-1 2.05975E-1 2.86366E-1 2.82638E-1 3.45672E-1 3.47321E-1 3.12998E-1 2.60563E-1 2.10482E-1 2.85434E-1 4.16365E-1 3.13876E-1 5.69684E-1 3.66828E-1 5.03674E-1 4.86946E-1 5.17539E-1 5.63294E-1 5.62414E-1 5.68051E-1 5.87543E-1 3.69167E-1 6.65385E-1 5.36739E-1 3.88471E-1 3.49149E-1 5.03E-1 4.5207E-1 3.76413E-1 3.28329E-1 4.03459E-1 4.48003E-1 3.75627E-1 3.40123E-1 3.39501E-1 3.4156E-1 2.89584E-1 2.68714E-1 2.49086E-1 1.80703E-1 1.29284E-1 1.98067E-1 2.08913E-1 1.93305E-1 1.60508E-1 1.31973E-1 1.15548E-1 9.42609E-2 9.28872E-2 1.25786E-1 1.29295E-1 9.61627E-2 7.75616E-2 1.70363E-1 1.9708E-1 2.18494E-1 3.44469E-1 4.66217E-1
1.12142E-1 3.69073E-1 2.99898E-1 2.4933E-1 2.24211E-1 1.94251E-1 1.42097E-1 1.71327E-1 2.1368E-1 3.15723E-1 3.53536E-1 3.65732E-1 4.37109E-1 4.97136E-1 5.51908E-1 4.05456E-1 4.89345E-1 4.7805E-1 4.63373E-1 5.09481E-1 5.02537E-1 5.01824E-1 6.11895E-1 6.33395E-1 5.96939E-1 5.16308E-1 3.37618E-1 3.64476E-1 4.75053E-1 4.47651E-1 3.71183E-1 3.13238E-1 3.70037E-1 3.03895E-1 2.75968E-1 2.87988E-1 3.15937E-1 3.6143E-1 3.63046E-1 3.36805E-1 1.62415E-1 2.78375E-1 2.60668E-1 2.59819E-1 2.40949E-1 2.37178E-1 2.18401E-1 1.96254E-1 1.62685E-1 1.20704E-1 8.12816E-2 1.53379E-1 1.12967E-1 9.01932E-2 1.13509E-1 1.64424E-1 2.55503E-1 3.4852E-1 4.90755E-1 4.71754E-1
3.26129E-1 3.40299E-1 2.7299E-1 2.35916E-1 2.19717E-1 1.98198E-1 2.73637E-1 2.83893E-1 3.47767E-1 2.39475E-1 4.07579E-1 3.63273E-1 3.33924E-1 4.06916E-1 5.05878E-1 7.70082E-2 4.27396E-1 4.06524E-1 4.80328E-1 5.00232E-1 4.58124E-1 4.69502E-1 4.62483E-1 6.4961E-1 5.43691E-1 5.05357E-1 3.86144E-1 3.29951E-1 4.63056E-1 4.48831E-1 3.82584E-1 3.15139E-1 3.14675E-1 3.58753E-1 3.20176E-1 3.59335E-1 4.05734E-1 4.33638E-1 4.38246E-1 3.81854E-1 3.42623E-1 2.82244E-1 2.31881E-1 2.16911E-1 2.06211E-1 2.13318E-1 2.0871E-1 1.94891E-1 1.62658E-1 1.18786E-1 8.56109E-2 7.15438E-2 1.68861E-1 1.69813E-1 2.12208E-1 2.30491E-1 3.48273E-1 5.48932E-1 5.48551E-1 2.78007E-1
2.78897E-1 2.98093E-1 3.71546E-1 4.09935E-1 3.32744E-1 3.33396E-1 3.46155E-1 3.43203E-1 3.78942E-1 4.23015E-1 4.11695E-1 4.31314E-1 3.46798E-1 2.9219E-1 4.09295E-1 2.28268E-1 3.72036E-1 4.7138E-1 5.80336E-1 5.90338E-1 5.16801E-1 4.73335E-1 6.35515E-1 6.35819E-1 5.24066E-1 4.51675E-1 4.62754E-1 2.80726E-1 4.46307E-1 4.47301E-1 4.17672E-1 3.93598E-1 3.0088E-1 3.93865E-1 3.53106E-1 4.15846E-1 4.77953E-1 5.03947E-1 3.70965E-1 3.70913E-1 3.78788E-1 3.31159E-1 2.61771E-1 2.28164E-1 2.11063E-1 2.06279E-1 1.97282E-1 1.87192E-1 1.61181E-1 1.3239E-1 1.30389E-1 1.56569E-1 1.888E-1 2.35016E-1 2.95042E-1 3.48013E-1 5.78734E-1 4.6889E-1 4.71434E-1 4.22686E-1
2.8517E-1 3.27948E-1 3.75039E-1 3.95567E-1 3.86044E-1 3.7511E-1 3.74352E-1 3.45598E-1 3.94666E-1 4.4099E-1 4.1446E-1 4.92911E-1 4.69052E-1 4.11998E-1 4.97405E-1 4.35199E-1 3.43549E-1 6.17774E-1 7.08772E-1 6.75552E-1 5.75443E-1 3.8377E-1 4.17054E-1 3.19532E-1 5.50392E-1 3.51363E-1 4.44213E-1 4.08211E-1 3.99408E-1 4.51281E-1 4.58783E-1 4.26607E-1 4.48733E-1 3.52193E-1 3.53558E-1 3.97878E-1 4.32508E-1 4.10862E-1 3.49126E-1 3.15955E-1 2.98522E-1 3.08008E-1 2.63498E-1 2.12415E-1 1.89173E-1 1.92584E-1 1.85448E-1 1.73766E-1 1.6664E-1 1.61319E-1 1.71903E-1 2.04986E-1 2.44409E-1 2.993E-1 3.96252E-1 5.96058E-1 5.58086E-1 4.07814E-1 2.47144E-1 3.77471E-1
3.19607E-1 3.72613E-1 4.04373E-1 3.96452E-1 4.31642E-1 4.50784E-1 4.47158E-1 4.13654E-1 4.1288E-1 4.61291E-1 3.50845E-1 4.67689E-1 5.25398E-1 4.84922E-1 5.07549E-1 6.36104E-1 6.68112E-1 7.24027E-1 7.80053E-1 7.52992E-1 6.01084E-1 4.32425E-1 4.24395E-1 5.68281E-1 5.92105E-1 4.50073E-1 4.21899E-1 4.30172E-1 3.17982E-1 4.84163E-1 4.16598E-1 4.15907E-1 3.3693E-1 2.98307E-1 3.04394E-1 3.08168E-1 3.11777E-1 1.80318E-1 2.98539E-1 3.10204E-1 3.19074E-1 3.14957E-1 2.84737E-1 2.30154E-1 1.95501E-1 1.84692E-1 1.6833E-1 1.60612E-1 1.80939E-1 1.66411E-1 1.92775E-1 2.66313E-1 3.16715E-1 3.76483E-1 5.9021E-1 4.27159E-1 5.00486E-1 2.06488E-1 2.08546E-1 1.6402E-1
3.99182E-1 4.67176E-1 4.86559E-1 4.55003E-1 4.69569E-1 4.96801E-1 4.83582E-1 4.37118E-1 4.24454E-1 4.77912E-1 5.15411E-1 5.44353E-1 4.47383E-1 3.59328E-1 4.96148E-1 6.24216E-1 7.57731E-1 5.39693E-1 7.78091E-1 7.83035E-1 6.38377E-1 5.06284E-1 4.32092E-1 5.08943E-1 5.70934E-1 3.9968E-1 4.07019E-1 4.62812E-1 4.70516E-1 4.33433E-1 5.032E-1 2.12851E-1 2.88315E-1 2.67019E-1 2.67773E-1 2.53505E-1 1.29573E-1 2.34042E-1 2.53303E-1 2.95818E-1 3.41153E-1 3.13903E-1 2.91465E-1 2.33924E-1 1.96146E-1 1.77809E-1 1.78209E-1 1.77782E-1 1.72582E-1 2.0908E-1 2.45672E-1 3.35276E-1 3.8572E-1 4.88854E-1 2.60037E-1 5.71139E-1 2.28837E-1 3.16881E-1 2.16586E-1 2.22115E-1
5.10066E-1 5.78902E-1 5.38457E-1 4.95651E-1 5.34684E-1 3.54967E-1 3.45096E-1 2.98367E-1 4.6558E-1 5.31448E-1 5.01276E-1 5.28832E-1 5.40031E-1 5.29999E-1 3.05251E-1 3.23108E-1 4.56214E-1 6.10366E-1 4.86454E-1 6.80677E-1 5.56738E-1 5.32454E-1 4.81735E-1 3.63281E-1 4.63289E-1 3.69752E-1 3.8035E-1 4.51641E-1 4.38673E-1 4.50524E-1 4.92352E-1 3.27592E-1 2.05315E-1 1.47919E-1 2.25317E-1 2.37891E-1 1.68066E-1 2.90179E-1 3.27094E-1 4.08389E-1 4.17092E-1 3.70056E-1 3.26141E-1 2.59937E-1 2.37035E-1 1.93819E-1 1.74837E-1 1.6271E-1 1.95161E-1 2.6118E-1 2.97841E-1 3.58711E-1 4.21618E-1 3.98381E-1 6.09548E-1 4.22765E-1 2.65814E-1 3.59734E-1 2.77176E-1 3.00888E-1
5.42445E-1 5.57379E-1 5.37384E-1 4.37408E-1 4.29072E-1 5.7558E-1 5.38034E-1 4.96107E-1 5.00341E-1 5.50674E-1 5.85798E-1 5.97404E-1 5.66871E-1 3.1826E-1 4.46909E-1 3.90317E-1 3.61567E-1 3.14535E-1 3.47113E-1 2.41656E-1 3.62062E-1 3.49591E-1 2.75699E-1 4.1916E-1 5.29098E-1 3.93841E-1 4.58766E-1 5.35669E-1 1.74507E-1 3.7215E-1 3.24304E-1 3.32917E-1 3.91235E-1 3.78587E-1 2.25249E-1 2.18603E-1 3.75926E-1 3.3546E-1 3.59289E-1 4.62372E-1 4.82514E-1 4.46862E-1 3.88644E-1 3.27794E-1 2.87443E-1 2.24176E-1 1.97155E-1 1.55828E-1 1.73317E-1 2.64566E-1 3.5147E-1 4.18773E-1 5.17076E-1 4.68941E-1 5.86012E-1 4.86817E-1 3.9998E-1 4.07022E-1 3.44401E-1 2.91459E-1
6.15977E-1 6.12421E-1 6.26281E-1 5.21797E-1 4.1106E-1 5.93546E-1 5.52275E-1 5.42882E-1 5.55966E-1 5.97158E-1 6.10193E-1 5.44957E-1 4.13485E-1 4.08079E-1 5.33185E-1 5.04622E-1 3.76435E-1 1.9549E-1 1.6289E-1 2.84049E-1 1.80464E-1 5.04473E-1 5.93034E-1 5.13733E-1 5.08323E-1 2.73107E-1 4.36884E-1 5.29063E-1 3.80467E-1 2.54623E-1 2.31961E-1 3.07119E-1 4.55259E-1 4.83242E-1 4.98281E-1 4.38015E-1 4.44281E-1 4.34667E-1 3.87377E-1 3.65084E-1 5.31955E-1 4.8799E-1 4.1653E-1 3.57601E-1 3.13811E-1 2.40438E-1 1.88555E-1 1.4528E-1 1.29496E-1 2.03535E-1 2.95601E-1 4.16539E-1 5.19886E-1 5.68538E-1 5.15775E-1 5.07481E-1 4.13092E-1 4.32869E-1 4.11196E-1 3.66269E-1
2.92712E-1 3.56769E-1 4.37164E-1 3.34656E-1 5.3861E-1 5.7292E-1 5.77058E-1 5.55954E-1 5.74217E-1 6.17975E-1 5.85562E-1 4.76319E-1 4.00151E-1 2.71365E-1 5.33072E-1 4.94251E-1 5.33772E-1 1.11126E-1 2.25537E-1 3.10583E-1 3.75596E-1 4.02253E-1 4.88117E-1 4.48456E-1 3.42239E-1 4.67461E-1 4.10937E-1 4.02097E-1 4.40826E-1 4.12764E-1 4.27986E-1 5.06755E-1 5.00884E-1 5.08224E-1 3.87703E-1 4.50471E-1 4.26368E-1 4.0553E-1 4.58969E-1 5.44974E-1 5.90153E-1 4.84743E-1 4.37583E-1 3.68746E-1 3.32789E-1 2.42448E-1 1.55701E-1 1.30958E-1 1.33295E-1 1.62419E-1 2.51853E-1 3.46885E-1 5.09036E-1 5.26929E-1 5.10853E-1 5.20119E-1 3.78227E-1 5.15174E-1 4.89504E-1 3.65977E-1
2.8504E-1 3.07375E-1 3.54176E-1 4.74358E-1 5.23844E-1 5.89475E-1 5.95649E-1 5.58937E-1 6.04913E-1 6.15821E-1 5.81143E-1 5.30906E-1 4.7654E-1 2.79176E-1 4.26268E-1 2.57677E-1 3.39203E-1 2.05654E-1 2.88154E-1 3.46793E-1 4.49322E-1 3.98613E-1 4.73265E-1 5.49037E-1 1.98013E-1 3.39635E-1 1.74851E-1 3.38435E-1 4.26385E-1 3.9324E-1 4.11615E-1 3.93719E-1 4.24777E-1 4.60978E-1 3.47911E-1 4.58131E-1 4.17195E-1 3.77417E-1 5.32534E-1 5.7905E-1 5.50194E-1 4.5804E-1 4.20252E-1 3.67489E-1 3.19661E-1 2.2871E-1 1.67776E-1 9.48287E-2 1.79859E-1 1.43394E-1 2.17259E-1 3.13762E-1 4.04528E-1 4.41491E-1 5.33377E-1 5.4946E-1 3.57368E-1 5.13845E-1 4.41558E-1 3.24601E-1
1.9495E-1 2.13565E-1 4.63943E-1 4.90506E-1 5.10451E-1 5.50844E-1 5.82848E-1 6.02213E-1 6.20443E-1 6.14853E-1 5.63954E-1 5.73243E-1 5.65899E-1 3.51779E-1 3.7667E-1 5.3687E-1 4.91714E-1 3.93798E-1 3.95739E-1 3.62613E-1 4.16432E-1 5.73646E-1 5.88867E-1 4.91028E-1 5.42064E-1 4.69099E-1 4.22989E-1 3.33229E-1 3.5219E-1 3.2093E-1 3.25189E-1 3.20116E-1 2.41424E-1 2.18945E-1 3.64171E-1 3.8026E-1 3.19503E-1 3.03298E-1 5.60671E-1 6.01653E-1 5.6242E-1 4.64072E-1 4.35978E-1 3.24937E-1 2.76805E-1 2.30673E-1 1.78111E-1 1.5927E-1 1.95103E-1 1.95382E-1 2.49079E-1 3.20839E-1 3.62677E-1 2.9563E-1 5.61336E-1 3.56408E-1 4.64083E-1 4.45227E-1 3.76709E-1 3.19401E-1
2.50644E-1 3.59976E-1 3.12048E-1 4.59467E-1 5.17768E-1 5.84933E-1 6.5854E-1 6.12389E-1 5.99303E-1 5.51965E-1 5.7861E-1 6.17078E-1 6.16757E-1 4.66628E-1 6.23018E-1 5.85922E-1 5.2259E-1 4.67953E-1 4.9363E-1 5.21572E-1 5.75142E-1 5.8891E-1 5.89571E-1 2.26315E-1 5.86059E-1 5.19172E-1 4.81309E-1 2.7221E-1 3.83773E-1 3.42362E-1 3.32694E-1 2.41593E-1 2.465E-1 2.37865E-1 2.13204E-1 2.05908E-1 1.65895E-1 1.99932E-1 3.88347E-1 4.94345E-1 4.59524E-1 4.03385E-1 3.40352E-1 2.47711E-1 2.42039E-1 2.07751E-1 1.96641E-1 2.04527E-1 2.18632E-1 2.62763E-1 2.99738E-1 3.55959E-1 3.86431E-1 1.22566E-1 3.7489E-1 3.19246E-1 2.46471E-1 3.54248E-1 3.62639E-1 3.07638E-1
2.80806E-1 3.27954E-1 4.22211E-1 4.61697E-1 5.43923E-1 6.24272E-1 6.72724E-1 6.47657E-1 5.86128E-1 5.2391E-1 5.70035E-1 5.92678E-1 4.93308E-1 5.1612E-1 5.30329E-1 6.12702E-1 5.69898E-1 5.23398E-1 5.19254E-1 5.675E-1 5.89491E-1 4.29566E-1 5.29622E-1 2.04438E-1 6.50429E-1 5.75587E-1 5.54809E-1 5.21116E-1 3.71328E-1 4.68784E-1 4.44528E-1 2.78934E-1 3.66484E-1 3.18074E-1 2.61686E-1 2.21089E-1 2.95769E-1 3.37984E-1 4.38842E-1 4.72076E-1 4.54583E-1 3.82575E-1 3.15778E-1 2.57091E-1 2.53372E-1 2.10878E-1 2.11105E-1 2.25967E-1 2.61247E-1 3.40405E-1 3.88898E-1 4.35728E-1 4.39603E-1 2.00599E-1 2.77254E-1 2.55262E-1 1.76615E-1 3.63438E-1 3.80415E-1 3.00932E-1
4.20955E-1 4.34434E-1 2.72939E-1 4.76257E-1 5.22518E-1 6.2485E-1 6.85884E-1 6.64099E-1 4.99756E-1 4.21468E-1 4.65587E-1 4.61422E-1 4.30721E-1 3.21224E-1 5.20171E-1 4.52648E-1 5.92628E-1 5.69213E-1 5.87718E-1 5.56273E-1 4.35901E-1 5.994E-1 3.50408E-1 3.63211E-1 6.03976E-1 4.64481E-1 4.40635E-1 4.29455E-1 4.49298E-1 4.62816E-1 4.50908E-1 3.07766E-1 3.3152E-1 2.79969E-1 2.32574E-1 3.04912E-1 3.89786E-1 4.34673E-1 5.60904E-1 5.58151E-1 5.09524E-1 4.31346E-1 3.78949E-1 2.99624E-1 2.55246E-1 2.19917E-1 2.14477E-1 2.40153E-1 2.92233E-1 3.63401E-1 4.14611E-1 4.78197E-1 4.88012E-1 3.86444E-1 3.48701E-1 3.58583E-1 3.43028E-1 4.00295E-1 4.04113E-1 3.07751E-1
4.24106E-1 4.43892E-1 4.82821E-1 4.8223E-1 4.36893E-1 6.29178E-1 6.93713E-1 6.52869E-1 4.03278E-1 4.17689E-1 4.34583E-1 4.31139E-1 2.76935E-1 4.43545E-1 3.93519E-1 4.62466E-1 4.05669E-1 5.90531E-1 6.09886E-1 4.34679E-1 5.59768E-1 5.9107E-1 5.78695E-1 5.2075E-1 4.14266E-1 3.79777E-1 4.01466E-1 3.74738E-1 3.81292E-1 5.29205E-1 4.85044E-1 3.56766E-1 3.78027E-1 3.18407E-1 2.89608E-1 4.11023E-1 5.11895E-1 4.26572E-1 7.12087E-1 6.43787E-1 6.03686E-1 5.05894E-1 4.29678E-1 3.12734E-1 2.15263E-1 1.74263E-1 1.91583E-1 2.73629E-1 3.35715E-1 4.08784E-1 4.43281E-1 5.03041E-1 6.00935E-1 4.56005E-1 3.99829E-1 3.50937E-1 3.74214E-1 2.82591E-1 3.93339E-1 3.58859E-1
4.01953E-1 4.37382E-1 4.64288E-1 5.46023E-1 4.2712E-1 6.60819E-1 6.68963E-1 4.74114E-1 4.04085E-1 4.94872E-1 5.04342E-1 3.4647E-1 4.78576E-1 4.85572E-1 4.56978E-1 5.0149E-1 5.49405E-1 4.97643E-1 4.74372E-1 5.77709E-1 5.38087E-1 5.71707E-1 4.37764E-1 4.92236E-1 3.54861E-1 3.25764E-1 3.55956E-1 3.90757E-1 3.47966E-1 5.51275E-1 4.86033E-1 4.86991E-1 4.49147E-1 4.57418E-1 4.43841E-1 5.17953E-1 5.76834E-1 5.30098E-1 6.50076E-1 6.70667E-1 6.23471E-1 5.41218E-1 4.55493E-1 3.24103E-1 2.25317E-1 1.74821E-1 1.96144E-1 2.75911E-1 3.49187E-1 4.40181E-1 4.80274E-1 5.02006E-1 4.22689E-1 4.66251E-1 3.61885E-1 3.03747E-1 3.51277E-1 2.05474E-1 3.42586E-1 3.67741E-1
3.5521E-1 3.85758E-1 4.65878E-1 5.6924E-1 6.90246E-1 5.49839E-1 4.79966E-1 3.25019E-1 4.62021E-1 5.66188E-1 4.98599E-1 5.51192E-1 5.04828E-1 4.93146E-1 4.47097E-1 4.81433E-1 5.17818E-1 5.34813E-1 5.16023E-1 4.97112E-1 4.91977E-1 4.70355E-1 3.74077E-1 3.57309E-1 2.87887E-1 3.58638E-1 4.09706E-1 3.33209E-1 5.38775E-1 5.94039E-1 4.67974E-1 5.39169E-1 4.91578E-1 4.83152E-1 4.57197E-1 5.02882E-1 5.8548E-1 7.18776E-1 7.70569E-1 5.28977E-1 6.17358E-1 5.44412E-1 4.71565E-1 3.38055E-1 2.4067E-1 1.71235E-1 2.17356E-1 3.05766E-1 3.7479E-1 4.66416E-1 5.13188E-1 5.43535E-1 2.21037E-1 3.73296E-1 3.18883E-1 2.88285E-1 3.19257E-1 1.89603E-1 1.74445E-1 3.27396E-1
3.07801E-1 3.62828E-1 4.62735E-1 6.40981E-1 6.85648E-1 5.55921E-1 3.30924E-1 4.21833E-1 5.41947E-1 6.00204E-1 4.83318E-1 5.60793E-1 5.25149E-1 4.7618E-1 4.24163E-1 4.53173E-1 4.91001E-1 4.73348E-1 4.07666E-1 3.61386E-1 3.05738E-1 2.73021E-1 3.75872E-1 2.66452E-1 3.08858E-1 3.87892E-1 4.11167E-1 3.92291E-1 4.93711E-1 5.78338E-1 4.08567E-1 4.87988E-1 4.90906E-1 4.90493E-1 4.33638E-1 4.78806E-1 5.75578E-1 7.19012E-1 7.02589E-1 5.07352E-1 5.98272E-1 5.48005E-1 4.72257E-1 3.28667E-1 2.43636E-1 2.09857E-1 2.5345E-1 3.14258E-1 3.80331E-1 4.85888E-1 5.1485E-1 4.69136E-1 1.69896E-1 4.19213E-1 3.66918E-1 3.46974E-1 3.45868E-1 1.77109E-1 2.29431E-1 2.40905E-1
3.16181E-1 3.43601E-1 3.80208E-1 4.93574E-1 5.64543E-1 4.6914E-1 4.20207E-1 3.96749E-1 5.961E-1 4.40823E-1 5.89416E-1 5.59755E-1 5.17836E-1 4.69268E-1 3.99478E-1 4.00767E-1 4.33069E-1 4.22072E-1 2.95702E-1 2.05176E-1 1.35084E-1 1.15772E-1 1.4113E-1 1.27107E-1 2.95129E-1 3.17161E-1 3.47553E-1 3.60142E-1 4.71058E-1 5.59706E-1 3.27014E-1 3.91458E-1 3.85234E-1 4.50299E-1 4.23206E-1 5.01065E-1 5.79464E-1 7.14904E-1 7.11639E-1 6.14263E-1 5.83364E-1 5.43001E-1 4.44713E-1 3.12185E-1 2.44573E-1 2.72675E-1 3.05678E-1 3.55885E-1 4.00073E-1 4.72574E-1 5.12686E-1 4.20845E-1 3.99278E-1 4.88651E-1 3.63377E-1 3.62708E-1 3.49824E-1 1.82801E-1 2.69522E-1 2.35271E-1
