Phytophthora/models/20240506_1646_46/Phytophthora_PA3_RUN6_MAXENT_outputs/Phytophthora_PA3_RUN6.asc
ncols         225
nrows         269
xllcorner     473009.9838
yllcorner     4429051.1748
cellsize      50.0
NODATA_value  -9999
[rows 156 to 181 of 269, columns 120 to 179 of 225]
3.08445E-1 2.17448E-1 2.20526E-1 3.31828E-1 2.88423E-1 2.56168E-1 2.34505E-1 2.17197E-1 2.0383E-1 1.7065E-1 2.63227E-1 3.18716E-1 3.46321E-1 3.25703E-1 2.74591E-1 2.18175E-1 2.44278E-1 2.89812E-1 3.23272E-1 3.07988E-1 3.03762E-1 2.35244E-1 4.10038E-1 4.01912E-1 3.71806E-1 3.58563E-1 3.29328E-1 3.12146E-1 1.46072E-1 4.20741E-1 3.71162E-1 3.91089E-1 4.42002E-1 4.34424E-1 3.61196E-1 3.30574E-1 2.50177E-1 3.2242E-1 3.03015E-1 2.95548E-1 2.93685E-1 3.3146E-1 3.41625E-1 3.01663E-1 2.40814E-1 2.12361E-1 1.02941E-1 1.45777E-1 1.35464E-1 1.67124E-1 2.43396E-1 3.3803E-1 3.87612E-1 3.19673E-1 1.56497E-1 2.64686E-1 3.2869E-1 4.72893E-1 2.62697E-1 2.36526E-1
3.7489E-1 4.08542E-1 2.68342E-1 2.76329E-1 2.36849E-1 1.91615E-1 1.97975E-1 1.76322E-1 2.29885E-1 1.42765E-1 3.22721E-1 3.79874E-1 3.55065E-1 3.35027E-1 3.02294E-1 2.76715E-1 2.96237E-1 3.39778E-1 3.88493E-1 3.55971E-1 3.26084E-1 2.1488E-1 4.07528E-1 4.13191E-1 4.42253E-1 4.27205E-1 3.93102E-1 3.74143E-1 5.0561E-1 3.49562E-1 3.00263E-1 3.51225E-1 3.99247E-1 4.3068E-1 4.17422E-1 3.75539E-1 3.24854E-1 2.77262E-1 2.5601E-1 2.73834E-1 2.98982E-1 3.47261E-1 3.62845E-1 2.03018E-1 2.50461E-1 2.18327E-1 3.68121E-2 1.16439E-1 1.35191E-1 1.65624E-1 2.96013E-1 4.07296E-1 4.01165E-1 3.49533E-1 2.43542E-1 3.06717E-1 3.13092E-1 4.92211E-1 4.09771E-1 2.85225E-1
3.806E-1 3.42089E-1 2.09267E-1 2.21421E-1 1.90399E-1 1.3987E-1 2.09618E-1 1.98957E-1 1.64675E-1 2.55654E-1 3.56427E-1 3.87406E-1 3.56561E-1 3.32438E-1 3.36572E-1 3.45815E-1 3.50804E-1 3.92923E-1 4.41866E-1 4.04149E-1 2.60741E-1 3.15148E-1 3.7354E-1 3.86847E-1 4.4801E-1 4.95785E-1 4.94512E-1 4.60321E-1 3.69701E-1 3.32455E-1 3.66646E-1 3.72801E-1 3.96375E-1 3.62969E-1 3.08753E-1 2.83838E-1 2.66311E-1 2.45538E-1 1.99918E-1 1.96611E-1 2.67039E-1 3.35989E-1 3.49932E-1 1.77962E-1 2.88937E-1 2.4954E-1 3.99569E-2 6.30369E-2 1.11588E-1 1.82613E-1 3.90288E-1 4.28442E-1 3.90047E-1 3.64841E-1 2.83279E-1 2.32262E-1 3.16243E-1 4.18067E-1 3.17029E-1 2.0827E-1
3.04052E-1 1.5168E-1 1.83393E-1 1.7444E-1 1.41124E-1 1.14867E-1 1.54928E-1 2.66714E-1 1.59906E-1 3.21462E-1 3.80604E-1 4.07661E-1 3.96791E-1 3.91814E-1 3.97164E-1 4.33787E-1 4.33505E-1 4.43309E-1 4.7069E-1 4.32044E-1 2.75505E-1 2.98561E-1 2.24973E-1 2.24283E-1 2.40352E-1 2.3606E-1 3.79542E-1 2.58182E-1 4.06394E-1 4.43335E-1 3.82583E-1 3.01506E-1 2.23643E-1 1.97267E-1 1.80925E-1 1.55708E-1 1.97961E-1 2.08646E-1 1.60063E-1 1.55811E-1 2.33045E-1 2.98477E-1 3.34353E-1 3.16128E-1 1.73628E-1 2.75008E-1 3.26261E-2 8.63197E-2 9.73811E-2 1.35384E-1 2.19629E-1 5.03154E-1 4.31083E-1 3.91844E-1 2.53835E-1 2.59592E-1 3.16131E-1 3.67666E-1 2.90424E-1 2.17611E-1
2.42408E-1 1.68699E-1 1.3401E-1 1.10782E-1 9.61607E-2 1.68056E-1 2.7615E-1 3.06207E-1 1.81435E-1 3.16021E-1 3.90337E-1 4.36956E-1 4.28989E-1 4.18082E-1 4.25721E-1 4.82343E-1 5.41349E-1 5.01197E-1 5.01105E-1 2.77988E-1 2.49619E-1 2.66997E-1 2.93802E-1 2.82459E-1 3.07682E-1 9.44762E-2 1.89941E-1 2.97628E-1 2.50638E-1 3.84026E-1 2.99209E-1 1.71746E-1 1.22857E-1 1.05807E-1 9.44797E-2 8.34238E-2 1.11034E-1 1.50166E-1 1.36947E-1 1.4278E-1 2.02231E-1 2.61583E-1 3.17846E-1 3.16294E-1 3.05751E-1 2.51591E-1 5.60128E-2 1.53919E-1 1.56424E-1 1.76621E-1 2.06427E-1 3.85494E-1 5.31158E-1 3.1498E-1 3.5194E-1 3.45092E-1 3.31559E-1 3.0265E-1 2.54909E-1 2.16915E-1
1.55003E-1 2.11371E-1 1.16567E-1 1.10799E-1 1.39251E-1 2.55852E-1 3.21553E-1 3.36153E-1 1.89597E-1 2.26711E-1 2.24114E-1 4.534E-1 4.21609E-1 4.11096E-1 4.00628E-1 4.86992E-1 5.53556E-1 5.7828E-1 4.95035E-1 4.74209E-1 3.93911E-1 3.21584E-1 3.27287E-1 2.65729E-1 2.82821E-1 6.78251E-2 7.32652E-2 1.3625E-1 3.03267E-1 2.64115E-1 1.64329E-1 1.15793E-1 7.50361E-2 6.57228E-2 8.29203E-2 1.00131E-1 1.09645E-1 1.07864E-1 1.13491E-1 1.3955E-1 1.88036E-1 2.41925E-1 2.73417E-1 2.99104E-1 2.92993E-1 1.81249E-1 2.27114E-1 2.17555E-1 1.9406E-1 1.86753E-1 2.24834E-1 1.88619E-1 4.99746E-1 4.72028E-1 4.05586E-1 2.36688E-1 3.54008E-1 3.39632E-1 3.22039E-1 2.59728E-1
3.05682E-1 2.73181E-1 1.87671E-1 2.21084E-1 1.86968E-1 2.28524E-1 3.15406E-1 3.458E-1 3.62963E-1 4.26627E-1 4.23819E-1 3.30819E-1 4.22881E-1 4.03389E-1 3.54638E-1 4.34182E-1 5.34294E-1 5.24258E-1 7.86967E-2 2.66123E-1 3.1982E-1 1.4249E-1 3.44226E-1 1.63383E-1 1.16584E-1 8.60775E-2 6.9253E-2 8.80793E-2 1.53832E-1 1.70389E-1 1.2149E-1 8.18288E-2 6.07992E-2 7.74179E-2 1.19648E-1 1.4446E-1 1.54026E-1 1.5431E-1 1.26698E-1 1.40041E-1 1.77867E-1 2.37564E-1 2.66156E-1 1.79919E-1 2.42762E-1 3.12452E-1 1.25701E-1 2.65563E-1 2.15874E-1 4.07346E-2 8.55237E-2 1.44885E-1 1.5541E-1 3.401E-1 1.75341E-1 4.00149E-1 3.12031E-1 3.19469E-1 3.49938E-1 3.64668E-1
3.56859E-1 3.28035E-1 2.47349E-1 1.9987E-1 1.26956E-1 2.19126E-1 2.64388E-1 3.13602E-1 3.59664E-1 4.2801E-1 4.62378E-1 2.97602E-1 4.55616E-1 4.23994E-1 3.52096E-1 3.50795E-1 2.18708E-1 3.57287E-1 4.32646E-1 3.1869E-1 7.09173E-2 7.87055E-2 2.63758E-1 1.34521E-1 1.61312E-1 1.09873E-1 1.13561E-1 1.09959E-1 1.36362E-1 8.00547E-2 1.12128E-1 9.04947E-2 9.98459E-2 1.2501E-1 1.73756E-1 2.12457E-1 2.22714E-1 2.17366E-1 1.62676E-1 1.35741E-1 1.62535E-1 2.13474E-1 2.52204E-1 2.50541E-1 2.82203E-1 1.01155E-1 1.63327E-1 2.30263E-1 2.18381E-1 1.37375E-1 1.11905E-1 2.45616E-1 3.95665E-1 4.21326E-1 3.35348E-1 3.59547E-1 3.94781E-1 4.03387E-1 3.93652E-1 4.32727E-1
4.01245E-1 3.56269E-1 2.5309E-1 1.98659E-1 1.69008E-1 2.37383E-1 2.92459E-1 3.3436E-1 3.28563E-1 4.21328E-1 4.83852E-1 3.43429E-1 5.20896E-1 5.27993E-1 2.76431E-1 1.84729E-1 1.13044E-1 3.74501E-1 1.81348E-1 1.74757E-1 1.3433E-1 1.42638E-1 1.31736E-1 2.90291E-1 2.43992E-1 2.1011E-1 1.98827E-1 1.7307E-1 1.64415E-1 9.01034E-2 1.21271E-1 1.2192E-1 1.39372E-1 1.83656E-1 2.5452E-1 2.88828E-1 3.06471E-1 2.73831E-1 2.0656E-1 1.67639E-1 1.50663E-1 1.79146E-1 2.28238E-1 2.38412E-1 2.46297E-1 2.66396E-1 2.44537E-1 2.50586E-1 2.14832E-1 1.58698E-1 1.4519E-1 2.39086E-1 3.28323E-1 4.89213E-1 2.23289E-1 3.44019E-1 4.25731E-1 4.93E-1 5.12677E-1 5.17652E-1
3.50232E-1 2.87141E-1 2.35401E-1 2.00694E-1 1.79612E-1 2.17353E-1 2.81981E-1 3.37761E-1 3.86751E-1 4.36741E-1 4.55392E-1 3.59166E-1 4.64807E-1 3.54582E-1 2.55983E-1 1.28763E-1 2.14758E-1 3.82006E-1 2.44975E-1 2.42495E-1 2.17654E-1 2.3438E-1 2.38278E-1 3.56556E-1 3.81962E-1 3.1327E-1 2.42037E-1 1.93394E-1 2.20391E-1 1.24189E-1 2.51057E-1 1.55488E-1 1.8316E-1 2.59605E-1 3.34872E-1 3.46852E-1 3.39111E-1 2.94913E-1 2.48456E-1 2.07108E-1 1.8345E-1 1.67771E-1 1.90863E-1 2.21397E-1 2.46563E-1 2.43191E-1 2.89905E-1 1.73556E-1 2.34152E-1 2.25923E-1 2.32842E-1 2.01001E-1 2.22852E-1 1.23112E-1 1.40123E-1 1.878E-1 2.96985E-1 4.90536E-1 5.32962E-1 5.53106E-1
2.31846E-1 3.12614E-1 2.05531E-1 1.98132E-1 1.86067E-1 2.15989E-1 2.73745E-1 3.17481E-1 3.7702E-1 4.6661E-1 4.81047E-1 3.33165E-1 3.87099E-1 2.00451E-1 1.82674E-1 1.94093E-1 2.55132E-1 3.83501E-1 2.63035E-1 2.7964E-1 3.68195E-1 2.91734E-1 2.71291E-1 3.04254E-1 4.15519E-1 4.02654E-1 3.19747E-1 2.18823E-1 2.23483E-1 2.5577E-1 2.30592E-1 2.59045E-1 2.43834E-1 3.59636E-1 3.8599E-1 3.75235E-1 3.37939E-1 3.00417E-1 2.5893E-1 2.31164E-1 2.42308E-1 2.17578E-1 1.89594E-1 1.96833E-1 8.35051E-2 3.36142E-1 3.06308E-1 1.97384E-1 9.01256E-2 1.72011E-1 1.62125E-1 1.17476E-1 1.16386E-1 1.50748E-1 1.88961E-1 1.80985E-1 1.28921E-1 2.81465E-1 2.86025E-1 4.53042E-1
2.29737E-1 1.15773E-1 2.13644E-1 2.1085E-1 2.03944E-1 2.29931E-1 2.95277E-1 2.87754E-1 3.16091E-1 4.30424E-1 4.76886E-1 4.19633E-1 4.86471E-1 3.82108E-1 1.66957E-1 1.89901E-1 3.24904E-1 4.14407E-1 4.31529E-1 4.15279E-1 4.15317E-1 4.1748E-1 4.35141E-1 3.39771E-1 3.03508E-1 3.57563E-1 3.8649E-1 2.49625E-1 2.51471E-1 1.78143E-1 1.834E-1 2.30322E-1 1.29106E-1 4.32347E-1 3.90003E-1 2.0069E-1 2.03421E-1 2.08668E-1 1.88901E-1 2.3302E-1 2.40763E-1 2.54934E-1 2.1562E-1 1.56984E-1 1.77644E-1 3.81862E-1 3.56124E-1 2.6781E-1 2.46263E-1 2.80748E-1 1.09051E-1 1.29761E-1 1.20239E-1 1.36723E-1 1.29702E-1 1.91802E-1 2.47825E-1 5.6844E-1 5.4528E-1 4.16467E-1
1.42647E-1 1.13681E-1 9.6691E-2 1.53056E-1 1.93706E-1 2.62306E-1 3.70295E-1 3.34251E-1 2.92461E-1 3.98821E-1 4.70447E-1 5.63176E-1 3.32703E-1 2.4724E-1 3.77699E-1 3.78002E-1 4.34096E-1 4.47592E-1 4.54621E-1 4.45795E-1 4.16569E-1 4.43815E-1 4.36072E-1 3.91535E-1 2.33822E-1 3.68629E-1 1.93456E-1 1.49912E-1 1.66068E-1 1.17138E-1 9.08362E-2 5.47686E-2 1.66716E-1 1.35644E-1 4.11466E-1 3.218E-1 3.41095E-1 2.71235E-1 2.39041E-1 1.58359E-1 2.22802E-1 2.40335E-1 2.13783E-1 1.49768E-1 2.42779E-1 3.12085E-1 3.1356E-1 2.93936E-1 2.70751E-1 2.55662E-1 1.64615E-1 1.88941E-1 1.86277E-1 1.15975E-1 2.08683E-1 2.46468E-1 3.65665E-1 4.74326E-1 6.29244E-1 5.50152E-1
2.31263E-1 1.61773E-1 9.40126E-2 6.23447E-2 6.05194E-2 1.11121E-1 2.58411E-1 1.58193E-1 4.64606E-1 4.44512E-1 4.56363E-1 5.83353E-1 5.51717E-1 4.56195E-1 4.18961E-1 4.08445E-1 4.48764E-1 4.42692E-1 4.37247E-1 4.20814E-1 3.97191E-1 4.23878E-1 4.33237E-1 4.10876E-1 2.42013E-1 3.9968E-1 3.19144E-1 2.81747E-1 2.29698E-1 1.66989E-1 1.23943E-1 9.63913E-2 1.25341E-1 3.96143E-1 3.94507E-1 3.37816E-1 2.8007E-1 2.03662E-1 2.32965E-1 2.35723E-1 2.19569E-1 2.22363E-1 2.08519E-1 1.70962E-1 1.36653E-1 3.10395E-1 1.49671E-1 2.62505E-1 2.73898E-1 2.62389E-1 1.58953E-1 2.29158E-1 1.42975E-1 2.54941E-1 2.74073E-1 3.32331E-1 3.98268E-1 4.78522E-1 6.30608E-1 5.77796E-1
2.66508E-1 1.81535E-1 1.36288E-1 7.82046E-2 3.79543E-2 3.78193E-2 6.86967E-2 1.65704E-1 3.13379E-1 3.60959E-1 4.74793E-1 6.19336E-1 5.71062E-1 4.85743E-1 4.32035E-1 3.58413E-1 3.70422E-1 4.17742E-1 4.46675E-1 3.78331E-1 3.94798E-1 4.35324E-1 4.40073E-1 4.28374E-1 3.16215E-1 4.46429E-1 3.71267E-1 3.2393E-1 2.90981E-1 2.92944E-1 2.80113E-1 2.81211E-1 2.38641E-1 2.36362E-1 3.4218E-1 2.58101E-1 2.03027E-1 1.63748E-1 2.40254E-1 2.36133E-1 2.1116E-1 2.03287E-1 1.9847E-1 1.51218E-1 6.60262E-2 2.78353E-1 1.46803E-1 2.14029E-1 2.86471E-1 2.7473E-1 2.1734E-1 1.82446E-1 2.42997E-1 2.94135E-1 3.33766E-1 3.66843E-1 4.0541E-1 5.34612E-1 6.39233E-1 5.56728E-1
2.64737E-1 2.11186E-1 1.57038E-1 1.08424E-1 9.61684E-2 2.69185E-2 3.99492E-2 7.4956E-2 1.25702E-1 2.5444E-1 3.96694E-1 4.68856E-1 4.10658E-1 5.29108E-1 4.05955E-1 3.2847E-1 2.39215E-1 2.55984E-1 4.1372E-1 3.32755E-1 4.54847E-1 4.26114E-1 4.38951E-1 4.46165E-1 3.27138E-1 4.63887E-1 4.48953E-1 3.79577E-1 3.48636E-1 2.37488E-1 3.59248E-1 3.38077E-1 3.12476E-1 2.01807E-1 3.33074E-1 2.38637E-1 1.66619E-1 1.22082E-1 1.63891E-1 2.00557E-1 1.93933E-1 1.75452E-1 1.93221E-1 1.30994E-1 3.57851E-2 1.00631E-1 1.37089E-1 1.35905E-1 2.61205E-1 2.8483E-1 1.71814E-1 1.98021E-1 2.74659E-1 3.23869E-1 3.4868E-1 3.65219E-1 4.4977E-1 5.44245E-1 5.60748E-1 4.52401E-1
2.88382E-1 2.73253E-1 1.88268E-1 1.24474E-1 8.52537E-2 7.00816E-2 3.94204E-2 5.46686E-2 8.75267E-2 1.25246E-1 1.91138E-1 2.76951E-1 4.37938E-1 2.81204E-1 5.32563E-1 3.14645E-1 2.28624E-1 1.75389E-1 2.42793E-1 1.96166E-1 5.0917E-1 3.96324E-1 4.36767E-1 3.19246E-1 4.33569E-1 4.41304E-1 3.35479E-1 2.64165E-1 2.78214E-1 4.16649E-1 4.10326E-1 4.24589E-1 3.98457E-1 1.56365E-1 2.75878E-1 2.37286E-1 1.65394E-1 1.23818E-1 2.6147E-1 2.05376E-1 2.41264E-1 2.26289E-1 2.8241E-1 2.97495E-1 8.12996E-2 7.96537E-2 1.70348E-1 2.49351E-1 4.13179E-1 3.89274E-1 3.12598E-1 3.55103E-1 3.48705E-1 3.47385E-1 3.75066E-1 4.92851E-1 4.74789E-1 4.54327E-1 4.52726E-1 3.62758E-1
2.929E-1 2.91404E-1 2.18368E-1 1.43207E-1 1.07292E-1 8.14089E-2 8.63581E-2 4.81622E-2 6.17832E-2 8.89883E-2 1.28277E-1 1.35266E-1 2.22262E-1 3.28271E-1 1.81881E-1 4.39676E-1 2.2153E-1 1.79355E-1 1.51579E-1 3.81175E-1 2.91239E-1 3.96938E-1 4.3147E-1 2.98676E-1 4.01715E-1 4.9696E-1 4.58089E-1 3.78096E-1 3.71651E-1 4.1394E-1 3.95428E-1 4.28941E-1 3.29142E-1 4.10973E-1 2.66982E-1 1.98909E-1 1.49806E-1 1.23803E-1 2.60284E-1 9.53396E-2 2.26421E-1 2.80959E-1 3.22652E-1 3.03147E-1 2.97584E-2 1.56846E-1 2.02754E-1 1.11994E-1 5.66407E-1 4.81723E-1 3.61578E-1 4.36564E-1 3.68577E-1 3.51725E-1 4.89539E-1 5.13683E-1 4.64706E-1 3.92341E-1 2.96649E-1 2.93446E-1
3.0846E-1 3.03534E-1 2.08747E-1 1.47053E-1 1.2281E-1 9.17845E-2 8.61884E-2 9.35378E-2 8.44378E-2 6.95968E-2 9.63074E-2 1.0341E-1 1.40051E-1 1.62837E-1 3.31211E-1 2.83793E-1 3.58016E-1 2.04304E-1 1.98944E-1 2.14764E-1 4.25543E-1 3.40551E-1 4.34777E-1 2.79951E-1 3.78742E-1 4.90058E-1 3.82225E-1 3.48008E-1 3.46924E-1 3.89294E-1 3.8913E-1 4.46801E-1 2.35893E-1 4.23609E-1 2.578E-1 1.88981E-1 1.69714E-1 1.57388E-1 1.61066E-1 6.32785E-2 2.60639E-1 2.86563E-1 3.10982E-1 2.90973E-1 8.00436E-2 6.59033E-2 1.99567E-1 1.04713E-1 5.16582E-1 4.6836E-1 2.89184E-1 3.87426E-1 3.38737E-1 2.89905E-1 2.94098E-1 4.90808E-1 4.22374E-1 2.94866E-1 2.05822E-1 2.1756E-1
3.06182E-1 3.20329E-1 2.06986E-1 1.58477E-1 1.38572E-1 1.08694E-1 8.30188E-2 9.74459E-2 1.04641E-1 5.79567E-2 6.03036E-2 6.72583E-2 1.07593E-1 1.27308E-1 2.41151E-1 2.14146E-1 3.54136E-1 2.35362E-1 2.37377E-1 2.26573E-1 2.58758E-1 3.65823E-1 4.34416E-1 2.28625E-1 2.83271E-1 3.45205E-1 2.80985E-1 3.39157E-1 2.48551E-1 3.7384E-1 3.74006E-1 2.18672E-1 4.95262E-1 3.30661E-1 2.10835E-1 2.00872E-1 1.86812E-1 1.86059E-1 1.27612E-1 1.98625E-1 3.02758E-1 3.21198E-1 3.17267E-1 3.18165E-1 5.98997E-2 1.0088E-1 2.19824E-1 2.41026E-1 4.76702E-1 3.39398E-1 2.41757E-1 2.95138E-1 2.82391E-1 1.90658E-1 2.29542E-1 3.3739E-1 3.37232E-1 3.01367E-1 2.12644E-1 1.83202E-1
3.42627E-1 3.4294E-1 1.95507E-1 1.61302E-1 1.51966E-1 1.27298E-1 9.66175E-2 9.35886E-2 1.0343E-1 1.03365E-1 6.14719E-2 7.80187E-2 1.12043E-1 1.30224E-1 1.54175E-1 2.60649E-1 1.98836E-1 2.97474E-1 2.80453E-1 2.46584E-1 2.50944E-1 3.39301E-1 2.8229E-1 3.04273E-1 2.60034E-1 1.28378E-1 2.83974E-1 3.21323E-1 2.50994E-1 1.29198E-1 8.7381E-2 2.31679E-1 2.41774E-1 2.07045E-1 2.1979E-1 2.20559E-1 2.2017E-1 1.82313E-1 2.27106E-1 2.69164E-1 2.94773E-1 3.01241E-1 2.67231E-1 2.94251E-1 1.67154E-1 1.9984E-1 2.48242E-1 3.4064E-1 3.87708E-1 3.39413E-1 3.62786E-1 3.68289E-1 3.04542E-1 2.4568E-1 2.13866E-1 2.81442E-1 2.76137E-1 2.51124E-1 2.24825E-1 1.82446E-1
3.93547E-1 3.24451E-1 1.78212E-1 1.68071E-1 1.65826E-1 1.41273E-1 1.16438E-1 9.9081E-2 8.97351E-2 8.62598E-2 9.05405E-2 6.72054E-2 9.29784E-2 1.04845E-1 1.26028E-1 2.34284E-1 3.13878E-1 4.3462E-1 3.76123E-1 2.91876E-1 2.97959E-1 3.70037E-1 3.82781E-1 2.42938E-1 1.8103E-1 2.47993E-1 1.96464E-1 2.57529E-1 3.56941E-2 1.91187E-1 2.4541E-1 4.06964E-1 2.3978E-1 2.13504E-1 2.31801E-1 2.45873E-1 1.20204E-1 2.72908E-1 2.99791E-1 3.02045E-1 3.09846E-1 2.91409E-1 2.80962E-1 2.64609E-1 2.49598E-1 9.29731E-2 3.55581E-1 5.08003E-1 4.78983E-1 4.67898E-1 4.67834E-1 4.32877E-1 3.18934E-1 2.68289E-1 2.12212E-1 1.93473E-1 1.85307E-1 2.00952E-1 1.81295E-1 1.61692E-1
3.06417E-1 2.66204E-1 1.80055E-1 1.81638E-1 1.67956E-1 1.39919E-1 1.17647E-1 1.04903E-1 7.59058E-2 7.62863E-2 8.1493E-2 7.60728E-2 7.98283E-2 9.99589E-2 1.13553E-1 1.6595E-1 2.76834E-1 3.47687E-1 5.02864E-1 3.45316E-1 3.32917E-1 3.96252E-1 2.94448E-1 2.65714E-1 2.41404E-1 3.05021E-1 2.45232E-1 2.342E-1 1.43183E-1 2.81037E-1 1.71285E-1 1.81739E-1 1.95896E-1 2.20595E-1 2.1923E-1 2.35863E-1 1.75599E-1 2.52071E-1 2.82075E-1 2.95357E-1 2.95799E-1 2.47705E-1 2.39018E-1 2.18072E-1 2.55806E-1 1.03314E-1 4.13452E-1 4.1285E-1 4.00738E-1 3.82716E-1 3.62685E-1 3.57151E-1 3.35053E-1 2.59008E-1 1.66582E-1 1.28177E-1 1.21753E-1 1.40757E-1 1.60422E-1 1.67001E-1
1.32199E-1 2.7797E-1 1.89481E-1 1.81062E-1 1.89358E-1 1.53604E-1 1.28403E-1 1.17729E-1 8.43208E-2 7.19662E-2 7.57615E-2 9.21971E-2 8.81018E-2 1.01048E-1 1.31924E-1 1.703E-1 1.79605E-1 2.99806E-1 4.25477E-1 5.18537E-1 3.79917E-1 4.50011E-1 1.66008E-1 3.52108E-1 2.62566E-1 7.68825E-2 2.8375E-1 1.61999E-1 1.08352E-1 2.08184E-1 9.63425E-2 1.03036E-1 2.70366E-1 2.89096E-1 2.98363E-1 1.62761E-1 2.56426E-1 2.44444E-1 2.58539E-1 2.65383E-1 2.89891E-1 2.5729E-1 2.23963E-1 1.4891E-1 1.00789E-1 8.48182E-2 3.62775E-1 3.0401E-1 2.62912E-1 2.20832E-1 2.45898E-1 2.76739E-1 2.88302E-1 1.83272E-1 1.11678E-1 1.52776E-1 1.80654E-1 1.83788E-1 2.07536E-1 1.59677E-1
2.66162E-1 3.24541E-1 2.01801E-1 2.02408E-1 2.44802E-1 1.69624E-1 1.3225E-1 1.20666E-1 9.09944E-2 8.78606E-2 9.2925E-2 1.12967E-1 1.28791E-1 1.30486E-1 1.6499E-1 2.06452E-1 2.38323E-1 2.87587E-1 3.99234E-1 4.32541E-1 5.46384E-1 4.0514E-1 3.12514E-1 4.05245E-1 1.41518E-1 1.62886E-1 1.00079E-1 8.66044E-2 6.74073E-2 5.73121E-2 4.6716E-2 5.58768E-2 1.86387E-1 2.72681E-1 2.43789E-1 2.24811E-1 2.3605E-1 2.25197E-1 2.14176E-1 2.39506E-1 2.28513E-1 2.69385E-1 1.78743E-1 6.35716E-2 1.08312E-2 3.47897E-2 2.81321E-1 1.76647E-1 2.03329E-1 1.71352E-1 2.02831E-1 2.03377E-1 1.70014E-1 1.47533E-1 1.73532E-1 1.56918E-1 2.06883E-1 2.08911E-1 2.08791E-1 1.14726E-1
3.69025E-1 3.4569E-1 2.04232E-1 2.57266E-1 2.53317E-1 1.58522E-1 1.31872E-1 1.24249E-1 1.04056E-1 1.03869E-1 1.06408E-1 1.3307E-1 1.61216E-1 1.7228E-1 1.44977E-1 1.80299E-1 2.28279E-1 3.30398E-1 3.87369E-1 5.37734E-1 3.90626E-1 2.42705E-1 1.52301E-1 2.01219E-1 1.71734E-1 1.05129E-1 8.03018E-2 5.57609E-2 4.79913E-2 4.74276E-2 3.85405E-2 1.1172E-1 5.23605E-2 4.27128E-2 3.77588E-1 1.60901E-1 1.43193E-1 1.41511E-1 1.55815E-1 1.71799E-1 2.27356E-1 3.48595E-1 1.85052E-1 3.80188E-2 1.92746E-2 2.53063E-2 5.69987E-2 2.84825E-1 2.07635E-1 2.21568E-1 2.00669E-1 1.5616E-1 1.26316E-1 1.55718E-1 1.42956E-1 1.42075E-1 2.17263E-1 2.25815E-1 2.17258E-1 1.27659E-1
