Phytophthora/models/20240604_1618_19/Phytophthora_PA3_RUN3_MAXENT_outputs/projMaxent.asc
ncols         225
nrows         269
xllcorner     473009.9838
yllcorner     4429051.1748
cellsize      50.0
NODATA_value  -9999
[rows 156 to 181 of 269, columns 59 to 117 of 225]
5.56507E-1 3.59484E-1 3.63243E-1 3.273E-1 3.82941E-1 3.72342E-1 2.57093E-1 1.69257E-1 3.05387E-1 2.88733E-1 3.91431E-1 5.52506E-1 6.78614E-1 5.13845E-1 5.3594E-1 5.41971E-1 5.3028E-1 5.33295E-1 7.33458E-1 7.01282E-1 3.60428E-1 6.84906E-1 8.38861E-1 8.34566E-1 8.37205E-1 8.38189E-1 8.42456E-1 7.71801E-1 6.26231E-1 5.28681E-1 4.54792E-1 4.71972E-1 5.95438E-1 8.13404E-1 8.20498E-1 7.78869E-1 5.96492E-1 6.92238E-1 7.6677E-1 7.92167E-1 7.7554E-1 6.0858E-1 5.46383E-1 4.80458E-1 5.87266E-1 6.11224E-1 5.51917E-1 5.2721E-1 6.3343E-1 5.64396E-1 4.52113E-1 4.19603E-1 4.3651E-1 2.32307E-1 1.89726E-1 1.41396E-1 3.32387E-1 5.03155E-1 4.84894E-1
4.9748E-1 3.37339E-1 3.69513E-1 3.79196E-1 4.03904E-1 3.60397E-1 2.46473E-1 1.74811E-1 1.91648E-1 2.79202E-1 3.73847E-1 5.24175E-1 5.73104E-1 6.1336E-1 4.87184E-1 5.45327E-1 5.84813E-1 5.44706E-1 6.35766E-1 6.63893E-1 5.56797E-1 8.45524E-1 8.42095E-1 8.40428E-1 8.4285E-1 8.43216E-1 8.4228E-1 8.42676E-1 7.66582E-1 6.53917E-1 5.60344E-1 7.23137E-1 8.35699E-1 8.28488E-1 8.02889E-1 3.87661E-1 7.13002E-1 6.20292E-1 5.35299E-1 6.09324E-1 5.69127E-1 5.9772E-1 7.41342E-1 6.08037E-1 5.36415E-1 5.50425E-1 6.63451E-1 6.41498E-1 7.05518E-1 4.78398E-1 4.50057E-1 6.62934E-1 5.16452E-1 1.96071E-1 1.96874E-1 2.16435E-1 2.64568E-1 3.44714E-1 3.29364E-1
3.1726E-1 3.65216E-1 3.37603E-1 3.80155E-1 4.92209E-1 3.01471E-1 2.24238E-1 1.13814E-1 2.27511E-1 3.56828E-1 5.01411E-1 6.03744E-1 5.07305E-1 4.79605E-1 6.06143E-1 6.8194E-1 7.42427E-1 6.01459E-1 5.7812E-1 4.66029E-1 8.26042E-1 8.56605E-1 8.51156E-1 8.51387E-1 8.50865E-1 8.49015E-1 8.45167E-1 8.42025E-1 8.36548E-1 8.26575E-1 8.31291E-1 8.2997E-1 8.26162E-1 8.168E-1 4.34302E-1 5.99595E-1 6.85715E-1 5.22826E-1 3.3803E-1 3.74821E-1 3.53302E-1 4.38021E-1 6.36537E-1 6.68057E-1 5.77176E-1 7.08184E-1 6.87029E-1 6.79529E-1 6.71997E-1 4.70091E-1 5.08287E-1 4.89046E-1 3.554E-1 3.85152E-1 4.18497E-1 2.42952E-1 2.00337E-1 2.32961E-1 2.90238E-1
4.17066E-1 3.82541E-1 3.46893E-1 4.09007E-1 4.88183E-1 2.2743E-1 2.79399E-1 2.01663E-1 3.61604E-1 4.1617E-1 6.04156E-1 7.2643E-1 4.86566E-1 4.85497E-1 7.98824E-1 8.63519E-1 6.7649E-1 5.18498E-1 4.38231E-1 5.05382E-1 7.90344E-1 8.62451E-1 8.62164E-1 7.63126E-1 5.8957E-1 6.21755E-1 8.08168E-1 8.41227E-1 8.15493E-1 8.22186E-1 8.208E-1 5.41273E-1 8.12334E-1 7.99993E-1 3.75271E-1 7.82059E-1 7.41828E-1 6.75049E-1 4.23237E-1 4.14329E-1 4.65691E-1 3.52241E-1 3.98967E-1 4.28547E-1 4.67265E-1 6.14352E-1 6.1778E-1 6.08295E-1 5.62322E-1 5.97893E-1 3.8272E-1 3.16198E-1 1.79651E-1 5.1192E-1 5.22794E-1 3.0075E-1 1.92034E-1 1.90754E-1 2.37703E-1
5.18488E-1 3.75246E-1 2.79764E-1 3.40557E-1 3.20693E-1 2.42768E-1 2.18118E-1 3.79169E-1 4.46111E-1 4.26685E-1 4.60765E-1 5.9416E-1 6.08375E-1 6.84425E-1 8.7084E-1 8.72056E-1 5.70693E-1 4.66644E-1 3.97725E-1 5.51198E-1 6.00108E-1 6.40583E-1 6.62591E-1 7.30186E-1 6.30829E-1 6.86031E-1 6.23255E-1 7.69473E-1 7.49371E-1 8.16219E-1 7.21104E-1 3.96814E-1 6.80333E-1 7.77918E-1 6.20192E-1 7.48033E-1 6.68486E-1 7.72915E-1 7.63721E-1 7.50448E-1 7.37313E-1 5.05703E-1 3.6931E-1 3.85073E-1 3.12722E-1 2.95755E-1 3.41535E-1 3.08062E-1 2.96126E-1 2.58694E-1 1.60867E-1 8.65433E-2 8.98483E-2 3.7635E-1 4.03908E-1 2.0284E-1 1.49248E-1 1.02232E-1 1.0253E-1
4.34881E-1 2.35073E-1 1.62629E-1 9.09346E-2 8.76248E-2 2.22393E-1 4.88674E-1 6.02638E-1 6.31474E-1 6.4611E-1 4.62191E-1 7.67211E-1 6.49395E-1 7.84138E-1 8.81771E-1 8.79099E-1 6.24212E-1 7.09158E-1 5.06827E-1 7.21677E-1 8.59724E-1 8.36111E-1 7.28664E-1 7.91779E-1 6.05295E-1 8.18437E-1 6.21482E-1 7.45167E-1 7.61518E-1 5.93383E-1 7.53792E-1 4.61915E-1 6.75076E-1 6.21275E-1 4.15281E-1 4.61444E-1 3.68547E-1 5.07151E-1 4.96296E-1 6.96373E-1 7.12309E-1 6.32947E-1 3.53519E-1 4.02536E-1 3.88992E-1 3.4547E-1 2.30267E-1 1.72617E-1 2.40418E-1 1.68596E-1 1.18282E-1 8.03002E-2 7.80347E-2 2.35846E-1 2.35475E-1 7.30526E-2 5.35756E-2 7.25531E-2 8.62178E-2
1.64309E-1 2.50378E-1 4.88113E-1 2.91412E-1 2.0527E-1 3.8287E-1 7.16773E-1 8.01592E-1 5.52466E-1 6.0968E-1 6.14937E-1 7.41323E-1 6.45331E-1 8.86864E-1 8.89477E-1 8.86573E-1 6.9151E-1 8.64322E-1 6.21051E-1 7.25763E-1 8.55483E-1 8.5243E-1 7.43938E-1 7.30762E-1 7.75373E-1 8.58618E-1 8.11266E-1 7.96167E-1 7.07015E-1 7.99278E-1 4.66834E-1 5.64468E-1 3.94743E-1 3.37436E-1 2.38364E-1 4.46593E-1 3.2902E-1 2.94433E-1 2.54222E-1 2.62068E-1 3.08161E-1 5.87571E-1 5.45257E-1 5.23104E-1 3.68642E-1 2.65666E-1 2.09876E-1 2.47768E-1 2.69067E-1 1.69952E-1 9.73598E-2 7.96323E-2 1.1742E-1 1.08627E-1 7.23868E-2 5.97926E-2 7.51991E-2 6.7661E-2 1.09321E-1
3.48493E-1 4.49933E-1 4.72547E-1 2.48086E-1 3.29322E-1 6.38379E-1 7.50077E-1 6.66016E-1 7.45947E-1 7.9412E-1 6.97448E-1 6.5757E-1 6.36949E-1 7.51123E-1 8.9033E-1 8.50465E-1 4.74413E-1 8.33345E-1 4.01822E-1 5.82727E-1 6.21614E-1 5.76222E-1 6.54292E-1 6.56874E-1 7.23724E-1 6.99965E-1 7.76201E-1 8.04532E-1 6.55701E-1 8.02607E-1 7.84439E-1 6.89903E-1 3.89447E-1 3.20877E-1 2.7167E-1 5.58096E-1 4.75855E-1 3.35745E-1 2.84265E-1 3.13623E-1 2.51353E-1 2.72099E-1 4.36318E-1 2.88747E-1 1.83232E-1 1.27609E-1 1.91465E-1 2.67037E-1 2.06994E-1 1.41427E-1 8.50331E-2 1.13548E-1 1.32898E-1 9.75259E-2 7.91323E-2 1.01484E-1 1.17661E-1 1.7619E-1 1.83918E-1
2.83601E-1 3.94207E-1 4.44136E-1 5.72183E-1 5.53943E-1 5.26784E-1 7.62139E-1 7.07137E-1 7.00564E-1 7.35156E-1 6.64503E-1 7.86003E-1 7.47777E-1 6.68421E-1 7.67554E-1 7.00102E-1 5.82271E-1 6.69884E-1 7.01158E-1 8.58624E-1 5.77781E-1 5.16263E-1 6.37322E-1 7.33712E-1 7.56712E-1 7.22724E-1 6.7774E-1 7.55272E-1 6.92514E-1 8.07091E-1 7.89485E-1 7.68507E-1 4.53352E-1 1.82041E-1 5.84402E-1 7.36389E-1 6.32159E-1 4.664E-1 2.8722E-1 3.21069E-1 1.48415E-1 1.04685E-1 1.47563E-1 1.55347E-1 9.93685E-2 1.19444E-1 2.8183E-1 2.43396E-1 1.2074E-1 9.01835E-2 7.1539E-2 1.09488E-1 1.31486E-1 1.12076E-1 1.18746E-1 1.68073E-1 1.64181E-1 2.5804E-1 1.75255E-1
4.70897E-1 6.76447E-1 4.8652E-1 5.31579E-1 6.1372E-1 4.75401E-1 7.37267E-1 7.25915E-1 6.79267E-1 7.00643E-1 7.00863E-1 8.64219E-1 8.92511E-1 8.58319E-1 7.11285E-1 7.28328E-1 6.45593E-1 5.06565E-1 8.74535E-1 8.65434E-1 7.72293E-1 5.28111E-1 4.26918E-1 5.51678E-1 5.99303E-1 8.47691E-1 8.17468E-1 7.96922E-1 8.23355E-1 8.11133E-1 7.95338E-1 7.768E-1 4.01319E-1 3.05645E-1 7.40745E-1 7.42606E-1 6.07188E-1 6.24434E-1 4.71066E-1 2.42364E-1 1.17473E-1 1.07514E-1 2.26723E-1 1.26909E-1 7.88938E-2 1.65249E-1 2.9729E-1 2.02758E-1 1.03765E-1 7.0097E-2 6.44244E-2 8.39485E-2 7.65269E-2 1.16869E-1 2.04847E-1 4.00911E-1 2.22974E-1 3.13931E-1 3.7875E-1
8.58131E-1 6.92016E-1 5.37971E-1 6.34596E-1 6.67875E-1 6.0523E-1 6.88813E-1 7.65926E-1 6.60637E-1 6.64693E-1 7.42972E-1 8.83062E-1 8.95023E-1 8.9557E-1 7.48204E-1 8.26453E-1 8.91406E-1 7.83032E-1 8.58423E-1 8.69717E-1 8.58369E-1 7.89783E-1 4.39615E-1 4.05945E-1 6.90572E-1 8.40396E-1 7.30066E-1 7.52469E-1 8.22709E-1 8.11483E-1 7.67371E-1 6.05748E-1 4.31201E-1 6.71184E-1 7.45663E-1 7.46759E-1 5.59346E-1 5.53034E-1 4.33072E-1 2.09649E-1 1.1587E-1 1.40673E-1 2.54165E-1 1.16614E-1 9.41971E-2 1.64647E-1 1.71658E-1 1.1608E-1 7.24821E-2 4.63811E-2 4.65408E-2 7.23558E-2 1.2432E-1 1.86317E-1 3.26935E-1 3.94439E-1 1.87496E-1 4.03271E-1 2.24998E-1
8.699E-1 7.72544E-1 7.31901E-1 8.1734E-1 8.69777E-1 8.43958E-1 5.48145E-1 5.18661E-1 6.35116E-1 6.65282E-1 7.90558E-1 7.80683E-1 7.02215E-1 7.61815E-1 7.40524E-1 7.72138E-1 8.93272E-1 8.90304E-1 6.35774E-1 7.55214E-1 8.60585E-1 8.39098E-1 4.67414E-1 3.24637E-1 6.60164E-1 8.28602E-1 5.96483E-1 7.43255E-1 8.19982E-1 8.10075E-1 4.93362E-1 3.85215E-1 7.58423E-1 7.4666E-1 7.47065E-1 7.45218E-1 7.11036E-1 3.79147E-1 2.45994E-1 1.78916E-1 1.40496E-1 2.35809E-1 1.86468E-1 1.14223E-1 8.58929E-2 1.07515E-1 9.07961E-2 9.43852E-2 7.20643E-2 3.76139E-2 4.27941E-2 1.50552E-1 3.89685E-1 2.61454E-1 3.02712E-1 1.8108E-1 4.70329E-1 3.11376E-1 9.10235E-2
8.65584E-1 8.70704E-1 8.75509E-1 8.81026E-1 8.83902E-1 8.85309E-1 6.19327E-1 3.71483E-1 6.32986E-1 6.34834E-1 8.38494E-1 7.49808E-1 6.98044E-1 8.90246E-1 6.43189E-1 6.64976E-1 8.91175E-1 8.92912E-1 8.87296E-1 8.75411E-1 7.59738E-1 5.2657E-1 5.99031E-1 5.48485E-1 5.63726E-1 6.3387E-1 5.71037E-1 6.76413E-1 8.15361E-1 7.85542E-1 2.97716E-1 4.568E-1 7.69516E-1 7.56901E-1 7.29981E-1 7.51377E-1 6.84567E-1 3.84384E-1 2.4128E-1 2.1674E-1 2.88928E-1 2.96397E-1 1.38429E-1 1.01634E-1 8.89818E-2 7.12131E-2 7.53209E-2 7.98896E-2 7.15049E-2 8.59961E-2 1.98385E-1 5.06027E-1 6.80281E-1 3.98426E-1 1.51486E-1 4.80522E-1 5.34419E-1 3.31098E-1 6.87676E-2
6.20283E-1 8.60958E-1 7.99308E-1 4.08243E-1 5.15888E-1 5.80227E-1 6.09041E-1 3.64046E-1 4.16915E-1 6.15474E-1 8.01138E-1 7.47837E-1 5.52281E-1 6.60641E-1 7.6806E-1 7.22375E-1 8.91569E-1 8.9172E-1 8.88407E-1 8.73843E-1 8.68869E-1 7.05604E-1 4.36496E-1 4.44703E-1 6.24668E-1 7.4978E-1 5.42833E-1 8.29737E-1 8.20462E-1 3.62476E-1 4.51512E-1 4.75013E-1 6.58973E-1 7.6568E-1 7.2204E-1 7.6075E-1 7.57264E-1 7.27407E-1 5.98042E-1 3.85133E-1 4.41195E-1 2.85224E-1 1.9252E-1 1.51417E-1 1.25869E-1 1.18146E-1 6.99833E-2 7.20811E-2 7.47649E-2 8.13335E-2 2.95182E-1 6.9331E-1 7.41163E-1 7.0737E-1 3.01567E-1 6.1476E-1 6.84388E-1 3.61835E-1 1.2305E-1
4.29011E-1 5.18675E-1 6.17176E-1 4.08542E-1 2.66148E-1 3.50661E-1 4.73803E-1 4.17121E-1 4.65691E-1 7.16196E-1 8.67987E-1 8.73797E-1 3.91734E-1 4.14914E-1 7.2781E-1 6.49512E-1 8.1614E-1 6.75949E-1 6.79314E-1 7.64331E-1 7.50851E-1 7.47793E-1 7.56441E-1 8.16795E-1 6.28499E-1 6.99236E-1 5.0706E-1 4.24214E-1 4.28185E-1 5.91693E-1 3.64701E-1 3.57916E-1 5.27396E-1 7.02244E-1 7.65705E-1 7.65063E-1 7.616E-1 7.53245E-1 6.99114E-1 5.61814E-1 5.29482E-1 3.7954E-1 2.29843E-1 1.66019E-1 1.23398E-1 1.04042E-1 8.07245E-2 7.73804E-2 7.11409E-2 6.74318E-2 2.55203E-1 7.59535E-1 7.8521E-1 7.50649E-1 6.34884E-1 6.83925E-1 7.96176E-1 5.50313E-1 2.31648E-1
4.26704E-1 5.89038E-1 6.52604E-1 4.22017E-1 2.8912E-1 4.27858E-1 3.24768E-1 3.98201E-1 5.28234E-1 7.82064E-1 8.51972E-1 8.61264E-1 4.26031E-1 6.19E-1 6.6886E-1 6.64023E-1 6.55559E-1 7.1073E-1 6.66286E-1 6.6584E-1 7.07727E-1 7.63258E-1 8.12281E-1 7.86372E-1 7.07165E-1 4.34076E-1 3.72778E-1 7.09093E-1 7.01734E-1 6.27307E-1 4.05945E-1 4.53E-1 5.71541E-1 5.4707E-1 7.68456E-1 7.66827E-1 6.20645E-1 7.50023E-1 7.02813E-1 5.76014E-1 3.60238E-1 3.28394E-1 2.19577E-1 1.58432E-1 1.48665E-1 1.72134E-1 1.1471E-1 1.05983E-1 1.2304E-1 9.39952E-2 3.81186E-1 7.86873E-1 8.14472E-1 8.30483E-1 6.30352E-1 7.56307E-1 8.09342E-1 7.72581E-1 5.51601E-1
3.51363E-1 4.77802E-1 5.06301E-1 3.06679E-1 2.90692E-1 2.84734E-1 3.32469E-1 4.85111E-1 5.88391E-1 7.3182E-1 5.69544E-1 4.43724E-1 2.76957E-1 5.24352E-1 6.19955E-1 6.52585E-1 7.19003E-1 7.76016E-1 7.23231E-1 4.95781E-1 5.38151E-1 6.97743E-1 6.97917E-1 7.61046E-1 6.4825E-1 2.16361E-1 6.81686E-1 8.04463E-1 6.43728E-1 6.29545E-1 5.33179E-1 5.01461E-1 5.76133E-1 5.32611E-1 6.16333E-1 6.30866E-1 6.51973E-1 7.4847E-1 5.97496E-1 3.78087E-1 2.49755E-1 2.33829E-1 2.67164E-1 1.97301E-1 2.2767E-1 2.13281E-1 1.18422E-1 9.61012E-2 1.39523E-1 1.21935E-1 2.40037E-1 6.833E-1 8.38713E-1 8.55543E-1 6.40395E-1 8.38855E-1 8.22599E-1 7.94864E-1 6.44146E-1
2.92746E-1 2.48424E-1 2.702E-1 2.5848E-1 2.58654E-1 2.69193E-1 3.84546E-1 6.62908E-1 7.72648E-1 7.34433E-1 5.72936E-1 3.86174E-1 3.23218E-1 4.22313E-1 5.73788E-1 6.24611E-1 7.23672E-1 7.6576E-1 7.37773E-1 5.67907E-1 5.2835E-1 7.71215E-1 7.25504E-1 5.87612E-1 2.54827E-1 4.82628E-1 8.35097E-1 8.29276E-1 6.64319E-1 4.87823E-1 4.07456E-1 4.59369E-1 5.34557E-1 6.45185E-1 6.56875E-1 5.6206E-1 6.98055E-1 7.16823E-1 6.13514E-1 3.41915E-1 2.86184E-1 2.86705E-1 2.73206E-1 2.43209E-1 2.72377E-1 2.06709E-1 1.49149E-1 1.03459E-1 1.40593E-1 1.36841E-1 2.48525E-1 4.13612E-1 7.71741E-1 8.46401E-1 5.92306E-1 6.79733E-1 5.84826E-1 8.14571E-1 6.34299E-1
3.71867E-1 3.318E-1 3.60505E-1 3.12886E-1 2.85499E-1 3.48973E-1 5.77962E-1 7.60813E-1 7.61776E-1 6.0615E-1 4.33633E-1 4.55318E-1 5.4176E-1 6.10789E-1 7.35479E-1 5.98759E-1 6.35416E-1 6.68049E-1 5.30915E-1 5.47206E-1 5.67466E-1 6.05164E-1 7.34287E-1 6.16885E-1 1.70334E-1 8.40562E-1 8.36178E-1 8.28676E-1 6.18443E-1 4.40606E-1 5.34638E-1 5.93402E-1 6.72925E-1 6.70371E-1 5.55159E-1 4.62691E-1 4.42804E-1 2.67889E-1 2.53214E-1 3.83915E-1 4.73657E-1 4.26827E-1 3.32441E-1 3.48249E-1 3.46759E-1 1.72194E-1 1.42821E-1 1.26331E-1 1.42254E-1 1.83952E-1 4.5577E-1 5.8808E-1 7.14842E-1 8.20584E-1 4.21255E-1 8.19243E-1 7.60978E-1 8.0357E-1 5.58267E-1
4.109E-1 4.91365E-1 5.1362E-1 3.58301E-1 2.53764E-1 3.18151E-1 4.04984E-1 6.96087E-1 7.58107E-1 5.64907E-1 4.81121E-1 4.2134E-1 4.54589E-1 5.76687E-1 7.01508E-1 6.08322E-1 6.23846E-1 6.06366E-1 4.23706E-1 5.02654E-1 7.27812E-1 6.52138E-1 7.36289E-1 4.4753E-1 2.5613E-1 8.44794E-1 8.35339E-1 8.28064E-1 5.99167E-1 6.27917E-1 5.21294E-1 5.5559E-1 6.96746E-1 3.55887E-1 3.93731E-1 4.14449E-1 5.16266E-1 5.82922E-1 4.66889E-1 6.57948E-1 6.18875E-1 5.64719E-1 3.9348E-1 3.22967E-1 2.58428E-1 2.36033E-1 1.8334E-1 1.38108E-1 1.11263E-1 3.35698E-1 7.27362E-1 8.10836E-1 8.51654E-1 8.58449E-1 4.32006E-1 5.85207E-1 6.38976E-1 6.50705E-1 5.6125E-1
3.8937E-1 4.42234E-1 5.03762E-1 4.13154E-1 2.89949E-1 2.46394E-1 2.56027E-1 4.12812E-1 7.71124E-1 5.88937E-1 3.7848E-1 3.3955E-1 3.07799E-1 3.01237E-1 7.17687E-1 6.56284E-1 6.08806E-1 6.12297E-1 5.6951E-1 5.85187E-1 8.72684E-1 8.70377E-1 8.68041E-1 5.3613E-1 3.44172E-1 8.49058E-1 7.66736E-1 6.36676E-1 6.67309E-1 8.17508E-1 8.09313E-1 5.24479E-1 5.21307E-1 2.65201E-1 2.93365E-1 3.80211E-1 5.84617E-1 6.07904E-1 5.05264E-1 6.43269E-1 6.34568E-1 4.32871E-1 3.3559E-1 2.01006E-1 2.01692E-1 1.7981E-1 1.781E-1 1.44083E-1 1.4444E-1 4.74791E-1 5.59936E-1 5.80122E-1 8.56117E-1 8.59806E-1 5.02997E-1 6.32127E-1 5.90935E-1 6.13254E-1 6.97246E-1
3.56616E-1 4.25846E-1 4.14076E-1 3.76434E-1 6.83506E-1 3.78268E-1 2.65101E-1 5.61875E-1 5.94133E-1 4.21614E-1 2.86035E-1 2.87932E-1 2.40383E-1 2.65049E-1 6.05674E-1 7.58122E-1 7.6723E-1 7.44157E-1 6.35264E-1 7.43472E-1 8.08519E-1 8.70928E-1 8.67264E-1 5.25624E-1 6.39299E-1 8.38365E-1 8.4766E-1 8.42879E-1 5.8542E-1 8.31486E-1 7.78621E-1 6.57147E-1 5.7127E-1 3.02254E-1 2.24169E-1 3.91174E-1 5.43769E-1 4.66217E-1 2.96063E-1 3.91749E-1 3.28108E-1 2.48298E-1 1.8537E-1 1.91244E-1 1.5583E-1 1.51273E-1 1.75487E-1 1.41367E-1 4.181E-1 7.13631E-1 8.34577E-1 6.35728E-1 7.34682E-1 6.74097E-1 8.55498E-1 8.52439E-1 7.05674E-1 6.14133E-1 7.24179E-1
3.17486E-1 6.38519E-1 3.68322E-1 4.18068E-1 8.01337E-1 4.71486E-1 4.28937E-1 6.86633E-1 3.75412E-1 3.43583E-1 4.48552E-1 5.07794E-1 3.72807E-1 2.54918E-1 3.14238E-1 7.37068E-1 7.53347E-1 6.28742E-1 6.31093E-1 8.72723E-1 8.71312E-1 8.66388E-1 8.58937E-1 3.51806E-1 6.40477E-1 7.83063E-1 8.56133E-1 7.94129E-1 8.4285E-1 8.37391E-1 8.22779E-1 5.39494E-1 5.63888E-1 4.21286E-1 3.22953E-1 3.7758E-1 4.26953E-1 3.31216E-1 7.72675E-1 4.91806E-1 2.37798E-1 1.65224E-1 1.37768E-1 1.61769E-1 1.24201E-1 1.80677E-1 2.04819E-1 3.42908E-1 6.62786E-1 7.70578E-1 8.50258E-1 8.41059E-1 8.62412E-1 6.71965E-1 8.61784E-1 8.47471E-1 6.48113E-1 5.99553E-1 5.87749E-1
4.08282E-1 4.30338E-1 3.33354E-1 5.62757E-1 8.21434E-1 7.38112E-1 8.18282E-1 4.84679E-1 1.97925E-1 2.90901E-1 5.73161E-1 5.97354E-1 3.83727E-1 2.82968E-1 3.26051E-1 6.53643E-1 6.73757E-1 4.86296E-1 4.67134E-1 8.01376E-1 8.61965E-1 8.64542E-1 8.55578E-1 3.81005E-1 6.18296E-1 7.91906E-1 8.19516E-1 6.24117E-1 8.53354E-1 8.40867E-1 8.24192E-1 7.39064E-1 7.44195E-1 5.5329E-1 3.82028E-1 3.50605E-1 3.14819E-1 3.95735E-1 8.4273E-1 7.20021E-1 4.19504E-1 1.94396E-1 1.55663E-1 1.67855E-1 1.22038E-1 1.57735E-1 2.30667E-1 5.14448E-1 8.21568E-1 8.1638E-1 8.33118E-1 8.70063E-1 8.72354E-1 6.59215E-1 7.97111E-1 6.72218E-1 6.0263E-1 6.76633E-1 7.19076E-1
2.67761E-1 3.61218E-1 3.43914E-1 7.95487E-1 8.20572E-1 8.23035E-1 8.21991E-1 3.32268E-1 2.24787E-1 2.97174E-1 5.36927E-1 5.59007E-1 4.11635E-1 3.25032E-1 3.86992E-1 5.44028E-1 4.75102E-1 4.95191E-1 4.61349E-1 8.61999E-1 8.67758E-1 8.63288E-1 8.27519E-1 3.47315E-1 4.86245E-1 6.66361E-1 5.09978E-1 4.67307E-1 8.1457E-1 8.42472E-1 8.27873E-1 7.33206E-1 7.96951E-1 4.66717E-1 4.47779E-1 2.76756E-1 3.61242E-1 5.395E-1 8.39036E-1 8.55426E-1 8.42995E-1 5.40031E-1 2.48378E-1 2.29362E-1 2.01209E-1 1.85389E-1 2.73348E-1 6.21528E-1 7.61866E-1 8.60465E-1 8.72134E-1 8.78486E-1 8.80375E-1 5.71552E-1 7.75666E-1 6.98442E-1 6.63341E-1 6.07915E-1 6.84935E-1
3.97684E-1 3.9292E-1 4.10616E-1 6.30302E-1 6.09876E-1 5.90471E-1 4.73018E-1 4.11623E-1 4.39277E-1 5.3162E-1 5.19841E-1 4.77431E-1 4.34734E-1 5.07844E-1 5.05242E-1 4.44415E-1 4.75353E-1 6.26727E-1 8.21091E-1 8.68095E-1 8.67087E-1 8.01067E-1 6.51483E-1 3.89476E-1 2.54972E-1 5.03155E-1 5.15353E-1 4.11029E-1 7.58472E-1 8.44676E-1 8.30666E-1 6.99583E-1 5.11879E-1 3.31726E-1 2.94599E-1 2.85355E-1 5.85781E-1 6.78297E-1 8.66364E-1 8.67636E-1 8.6233E-1 8.54113E-1 4.98151E-1 3.25657E-1 1.76558E-1 2.05131E-1 5.90119E-1 6.67507E-1 7.73183E-1 8.30124E-1 8.81345E-1 8.86079E-1 8.85832E-1 6.54379E-1 8.75433E-1 7.94216E-1 7.70348E-1 6.79235E-1 6.6479E-1
