Phytophthora/models/20240604_1618_19/Phytophthora_PA3_RUN3_MAXENT_outputs/projMaxent.asc
ncols         225
nrows         269
xllcorner     473009.9838
yllcorner     4429051.1748
cellsize      50.0
NODATA_value  -9999
[rows 104 to 129 of 269, columns 118 to 176 of 225]
3.54005E-1 2.59015E-1 6.49537E-2 1.8599E-3 1.05288E-3 2.03742E-3 2.68938E-3 3.34335E-3 5.89417E-3 5.90033E-3 6.14702E-3 6.29457E-3 6.66387E-3 7.04156E-3 4.32513E-3 4.31842E-3 5.5265E-3 7.5851E-3 7.64304E-3 7.54885E-3 6.93588E-3 6.28321E-3 4.82829E-3 2.81458E-3 2.02762E-3 2.06687E-3 1.984E-3 1.31435E-3 1.57216E-3 1.5117E-3 1.1673E-3 2.06209E-3 2.41909E-3 1.97978E-3 1.7163E-3 1.81238E-3 3.20394E-3 3.62336E-3 2.25026E-1 1.21837E-1 1.36163E-1 1.61521E-1 1.25543E-1 1.55313E-1 3.03095E-1 3.28463E-1 2.68215E-1 2.81034E-1 2.31764E-1 1.97573E-1 3.39163E-1 3.25647E-1 3.75428E-1 2.55054E-1 1.70248E-1 1.9196E-3 1.55616E-3 1.24023E-3 1.18496E-3
4.14421E-1 1.9858E-1 5.85828E-2 9.27096E-2 1.13976E-3 1.9349E-3 2.46853E-3 3.01112E-3 3.9812E-3 4.46688E-3 6.56032E-3 6.58843E-3 6.72815E-3 7.12338E-3 6.30613E-3 7.30157E-3 7.43133E-3 7.524E-3 7.53722E-3 7.47829E-3 6.95903E-3 6.55829E-3 5.9278E-3 4.20673E-3 3.32685E-3 3.02602E-3 1.92615E-3 1.41447E-3 1.51366E-3 1.3661E-3 1.14131E-3 1.25662E-3 1.79477E-3 2.77737E-3 2.08682E-3 2.7207E-3 2.85329E-3 2.24579E-1 1.64562E-1 1.69799E-1 2.82511E-1 2.92312E-1 3.88332E-1 3.99364E-1 4.2768E-1 3.46063E-1 1.94654E-1 4.32157E-1 3.29002E-1 2.85156E-1 3.24205E-1 3.03992E-1 3.9771E-1 2.38278E-1 1.79514E-1 1.85318E-1 2.08845E-1 1.22069E-1 8.94805E-2
4.72879E-1 1.74167E-1 9.37419E-2 8.73944E-2 7.98062E-2 2.11116E-3 3.75679E-3 5.5799E-3 6.17312E-3 6.17513E-3 6.68911E-3 6.77887E-3 6.82207E-3 7.2178E-3 7.35035E-3 7.18015E-3 7.281E-3 4.29288E-3 7.43197E-3 7.32105E-3 7.01542E-3 6.77211E-3 6.27671E-3 5.66506E-3 4.98941E-3 4.08214E-3 2.5232E-3 1.40121E-3 1.10443E-3 1.05053E-3 1.02586E-3 1.16681E-3 1.41301E-3 2.27938E-3 3.08846E-3 2.04507E-3 1.87661E-3 1.41088E-1 1.42979E-1 2.05437E-1 2.71066E-1 2.34262E-1 2.70739E-1 2.21282E-1 2.04945E-1 2.0624E-1 2.80444E-1 2.04825E-1 1.76508E-1 2.02722E-1 2.08974E-1 2.37092E-1 2.8081E-1 2.28058E-1 2.84972E-1 3.25473E-1 2.19207E-1 1.6446E-1 1.07779E-1
3.71745E-1 4.61724E-1 3.46392E-1 1.70166E-1 1.07348E-1 1.08318E-1 2.73847E-3 5.95663E-3 6.00667E-3 5.86607E-3 6.44948E-3 6.73621E-3 6.99789E-3 4.25276E-3 7.39602E-3 7.04061E-3 4.60589E-3 4.81421E-3 7.25289E-3 5.80416E-3 7.11435E-3 7.07537E-3 6.79598E-3 5.67428E-3 5.6952E-3 4.4657E-3 2.44635E-3 1.66266E-3 1.76927E-3 1.84336E-3 9.67036E-4 1.02656E-3 1.22196E-3 8.94649E-4 2.51706E-3 2.38443E-3 1.97367E-3 1.71769E-1 2.09843E-1 1.96858E-1 2.05032E-1 1.65977E-1 1.27003E-1 1.0839E-1 1.75103E-1 1.81675E-1 1.56366E-1 1.86723E-1 1.55552E-1 1.50105E-1 1.90383E-1 1.90252E-1 1.77037E-1 1.47817E-1 1.91618E-1 2.17657E-1 1.56372E-1 1.64376E-1 1.20751E-1
1.21958E-1 3.47186E-1 5.02899E-1 3.74454E-1 2.46035E-1 1.35178E-1 2.92247E-1 6.8593E-3 6.44756E-3 6.35388E-3 7.59817E-3 8.83241E-3 1.04512E-2 7.37543E-3 1.19456E-2 1.0988E-2 1.03018E-2 1.10429E-2 1.07471E-2 5.69554E-3 1.07561E-2 1.08323E-2 1.06929E-2 1.04268E-2 9.68147E-3 7.36554E-3 3.60038E-3 3.99637E-3 2.89478E-3 2.18645E-3 1.18994E-3 1.25398E-3 1.68854E-3 9.26536E-4 7.3744E-2 1.24743E-1 1.44801E-1 2.07155E-1 2.62311E-1 2.34387E-1 2.18716E-1 1.42236E-1 1.53731E-1 1.30644E-1 1.69821E-1 1.70228E-1 1.82504E-1 1.22393E-1 1.36076E-1 1.48405E-1 1.47257E-1 1.51049E-1 1.56312E-1 1.43418E-1 1.59408E-1 2.14827E-1 1.90662E-1 1.43291E-1 8.98515E-2
3.2433E-1 1.43154E-1 3.65275E-1 4.7883E-1 2.84217E-1 2.54876E-1 2.79159E-1 4.42876E-1 5.94565E-3 6.94144E-3 9.07905E-3 1.17659E-2 1.57861E-2 1.17782E-2 1.91747E-2 1.697E-2 1.61671E-2 1.56386E-2 1.54447E-2 7.96437E-3 1.52441E-2 1.54415E-2 1.5622E-2 1.5671E-2 1.49418E-2 1.0004E-2 5.72446E-3 5.63487E-3 3.64222E-3 2.49777E-3 1.23624E-3 1.27707E-3 2.64298E-3 2.26436E-3 2.41443E-1 3.20444E-1 2.34189E-1 2.23692E-1 2.55154E-1 3.4175E-1 3.50839E-1 1.99164E-1 2.23883E-1 1.91917E-1 1.7898E-1 1.45224E-1 1.99127E-1 1.31092E-1 1.26925E-1 6.5954E-2 1.24856E-1 1.23526E-1 1.36697E-1 1.53098E-1 1.52559E-1 2.24453E-1 2.61294E-1 1.51202E-1 6.44643E-2
3.38544E-1 1.21559E-1 2.63782E-1 3.83921E-1 2.51435E-1 2.49265E-1 2.26891E-1 3.19117E-1 4.41527E-1 6.832E-3 6.28076E-3 1.61301E-2 2.00511E-2 2.19541E-2 2.84103E-2 2.49715E-2 2.25709E-2 2.22529E-2 2.19901E-2 1.19175E-2 1.28698E-2 1.2649E-2 2.09588E-2 2.0843E-2 1.99327E-2 8.72645E-3 8.98893E-3 7.07468E-3 4.27743E-3 2.79483E-3 1.47421E-3 1.41461E-3 2.75591E-3 3.45537E-3 2.83328E-1 2.10421E-1 1.94866E-1 2.88649E-1 3.309E-1 3.33502E-1 3.13379E-1 2.09084E-1 2.18718E-1 2.55852E-1 2.09042E-1 1.67824E-1 1.92002E-1 1.41337E-1 9.19418E-2 1.2136E-1 1.08328E-1 1.09912E-1 1.33191E-1 1.57198E-1 1.59558E-1 1.87913E-1 2.38405E-1 1.45785E-1 9.56897E-2
2.96289E-1 1.4605E-1 1.35819E-1 3.34777E-1 2.90756E-1 2.47518E-1 3.99886E-1 2.95934E-1 4.18005E-1 2.82085E-1 6.69411E-3 1.22667E-2 2.94531E-2 2.31155E-2 3.61265E-2 3.19945E-2 2.92596E-2 2.90065E-2 2.89728E-2 1.50725E-2 1.45407E-2 1.54442E-2 2.72463E-2 2.67862E-2 2.54212E-2 1.63837E-2 1.44355E-2 9.10051E-3 5.0841E-3 3.09213E-3 1.8482E-3 1.79006E-3 1.70929E-3 1.60434E-1 2.23273E-1 1.81669E-1 1.20872E-1 2.35231E-1 3.24516E-1 3.22765E-1 2.19103E-1 1.52737E-1 2.79724E-1 2.50423E-1 2.45024E-1 1.72224E-1 9.45683E-2 1.81294E-1 1.48042E-1 1.43837E-1 1.06882E-1 9.4784E-2 1.45128E-1 1.79438E-1 1.55303E-1 1.84863E-1 1.58452E-1 6.93456E-2 9.82512E-2
2.17295E-1 1.45673E-1 1.32127E-1 1.81519E-1 2.85001E-1 3.07237E-1 4.86908E-1 3.11061E-1 3.08785E-1 3.67333E-1 1.02199E-2 1.60935E-2 2.5872E-2 3.64984E-2 3.9668E-2 2.21956E-2 1.8837E-2 3.53256E-2 3.60601E-2 1.17728E-2 1.79071E-2 2.499E-2 3.36401E-2 3.20084E-2 2.56832E-2 2.56584E-2 1.87119E-2 1.16959E-2 6.16685E-3 3.43599E-3 3.0043E-3 3.68238E-3 1.5578E-1 1.29343E-1 1.53246E-1 2.80127E-1 2.1051E-1 3.24339E-1 3.1802E-1 3.14879E-1 1.13043E-1 1.3728E-1 1.37199E-1 2.43894E-1 2.00176E-1 1.85456E-1 1.75173E-1 2.86858E-1 1.4214E-1 1.55157E-1 1.04921E-1 9.27069E-2 1.29848E-1 1.40446E-1 1.29386E-1 1.31417E-1 7.53073E-2 6.46728E-2 6.6672E-2
1.8814E-1 3.38932E-1 1.6415E-1 1.63623E-1 1.85157E-1 4.00444E-1 5.48402E-1 5.74236E-1 3.35159E-1 5.94183E-1 1.9841E-2 2.8634E-2 8.22183E-3 2.16849E-2 3.35546E-2 2.54946E-2 3.79423E-2 4.00009E-2 4.16413E-2 2.46207E-2 2.51636E-2 4.3491E-2 4.12584E-2 3.6748E-2 3.3134E-2 2.79843E-2 2.0807E-2 1.35346E-2 7.68291E-3 2.75676E-3 2.01176E-3 2.4876E-3 1.50095E-1 1.0322E-1 9.72632E-2 1.84268E-1 3.06701E-1 3.65353E-1 3.6119E-1 3.6037E-1 1.56389E-1 1.51406E-1 1.62118E-1 2.26176E-1 2.29316E-1 2.51918E-1 3.47727E-1 3.12261E-1 1.90983E-1 1.83663E-1 1.41111E-1 1.30482E-1 9.92206E-2 1.04922E-1 1.16422E-1 1.12817E-1 7.15383E-2 6.22702E-2 6.46459E-2
4.27609E-1 2.32404E-1 3.7955E-1 3.5478E-1 3.24231E-1 3.68152E-1 6.27184E-1 6.38624E-1 3.99054E-1 6.86059E-1 2.24322E-2 1.38222E-2 3.64693E-2 3.31478E-2 3.43053E-2 3.78539E-2 3.85383E-2 4.07312E-2 3.26134E-2 3.32046E-2 3.752E-2 4.43211E-2 3.94054E-2 3.86652E-2 3.61081E-2 2.99967E-2 2.28098E-2 1.56581E-2 9.5486E-3 2.88692E-3 2.90337E-3 3.88881E-3 2.32821E-1 1.31502E-1 1.6888E-1 1.22447E-1 2.11268E-1 2.64131E-1 3.07998E-1 4.09317E-1 4.34777E-1 2.07366E-1 2.43147E-1 2.87212E-1 2.73321E-1 2.985E-1 4.68353E-1 2.50003E-1 2.14364E-1 1.65539E-1 2.11695E-1 2.31461E-1 1.25335E-1 9.41402E-2 1.09794E-1 7.38735E-2 5.91792E-2 6.34776E-2 9.66239E-2
6.52931E-1 2.66587E-1 3.84776E-1 3.56446E-1 3.74866E-1 4.18347E-1 6.87021E-1 6.95409E-1 5.22596E-1 5.38375E-1 1.26989E-2 2.86578E-2 3.91466E-2 4.16428E-2 4.0444E-2 3.77642E-2 3.93082E-2 4.13721E-2 3.82898E-2 2.72015E-2 3.75601E-2 4.38012E-2 2.86741E-2 2.92946E-2 4.02891E-2 3.32228E-2 2.56798E-2 1.81642E-2 9.93486E-3 5.41001E-3 7.25896E-3 6.92955E-3 5.3699E-3 2.16585E-1 2.19995E-1 1.08222E-1 2.19469E-1 3.589E-1 4.38346E-1 4.56569E-1 4.82131E-1 5.06098E-1 3.6985E-1 4.64035E-1 4.69891E-1 4.67983E-1 4.97863E-1 2.3654E-1 2.69641E-1 2.15657E-1 2.32092E-1 2.7058E-1 1.71735E-1 9.66577E-2 7.71787E-2 7.30284E-2 6.71213E-2 9.25476E-2 1.30769E-1
6.41285E-1 6.72881E-1 2.70255E-1 4.62562E-1 4.88472E-1 4.8986E-1 7.33828E-1 7.07384E-1 1.97117E-1 7.04549E-1 2.71591E-2 3.4558E-2 3.98699E-2 3.47347E-2 3.8624E-2 3.83719E-2 1.99151E-2 4.16899E-2 4.32432E-2 2.89016E-2 3.1611E-2 3.7777E-2 3.24359E-2 3.17209E-2 4.26326E-2 2.79824E-2 2.92586E-2 1.01858E-2 1.32946E-2 9.48909E-3 8.82475E-3 8.17533E-3 5.21371E-3 2.49995E-1 1.91479E-1 1.59142E-1 3.9165E-1 4.75099E-1 4.87096E-1 4.98993E-1 5.25163E-1 5.47857E-1 5.65575E-1 5.00656E-1 5.55488E-1 3.91763E-1 3.6684E-1 3.41881E-1 4.20862E-1 2.46494E-1 2.0176E-1 1.96873E-1 1.94529E-1 1.26821E-1 8.71243E-2 7.63324E-2 1.05654E-1 1.14985E-1 1.4238E-1
5.95872E-1 6.86951E-1 4.07928E-1 2.49662E-1 7.42192E-1 7.60942E-1 7.77836E-1 3.20577E-1 6.75414E-1 8.21234E-1 2.86211E-2 3.51818E-2 3.97085E-2 2.22167E-2 2.89179E-2 4.08641E-2 4.1523E-2 4.26271E-2 4.22537E-2 2.50442E-2 3.65002E-2 3.75096E-2 3.38871E-2 4.39502E-2 3.39245E-2 2.25786E-2 1.63077E-2 1.2727E-2 1.30489E-2 1.15675E-2 1.04069E-2 9.47473E-3 5.89786E-3 1.25439E-1 1.48442E-1 1.87154E-1 4.11221E-1 5.08736E-1 5.23387E-1 5.34183E-1 5.62846E-1 5.83657E-1 6.00453E-1 6.13279E-1 6.17616E-1 4.20906E-1 3.19029E-1 2.14203E-1 2.3307E-1 2.44123E-1 2.42257E-1 2.00085E-1 3.48405E-1 2.87459E-1 1.66316E-1 1.40721E-1 1.16388E-1 1.1717E-1 1.49263E-1
4.12248E-1 6.79676E-1 7.13305E-1 3.97751E-1 4.34262E-1 7.65646E-1 6.67376E-1 4.84165E-1 8.01397E-1 2.17112E-2 2.45034E-2 3.16948E-2 3.24752E-2 2.27314E-2 2.61386E-2 4.1715E-2 4.29953E-2 4.35135E-2 4.38297E-2 2.38064E-2 3.33546E-2 4.44752E-2 4.39859E-2 3.85422E-2 2.33687E-2 2.41201E-2 1.9771E-2 5.94699E-1 6.14524E-1 7.13698E-3 1.1057E-2 1.00864E-2 4.67118E-3 2.02508E-3 1.51403E-1 1.63997E-1 2.26476E-1 3.14457E-1 5.24339E-1 5.3815E-1 5.61549E-1 5.84271E-1 5.19023E-1 5.67199E-1 5.31439E-1 3.69653E-1 2.69134E-1 1.4648E-1 2.22582E-1 1.03973E-1 1.4937E-1 1.88018E-1 1.77324E-1 1.47327E-1 1.02013E-1 1.42718E-1 1.57651E-1 1.67021E-1 1.85256E-1
3.37127E-1 5.98075E-1 7.15409E-1 6.92795E-1 3.15299E-1 2.94544E-1 6.51851E-1 7.93922E-1 1.90534E-2 2.20107E-2 2.57199E-2 2.064E-2 1.94062E-2 2.02741E-2 2.05807E-2 3.91675E-2 4.01935E-2 4.07953E-2 4.08224E-2 4.07683E-2 3.1271E-2 2.33843E-2 4.01582E-2 3.94883E-2 3.14021E-2 2.18171E-2 6.15235E-3 6.19751E-1 6.2519E-1 5.07106E-1 8.36822E-3 7.47178E-3 5.83702E-3 6.23979E-3 2.95351E-1 2.75901E-1 2.33781E-1 3.15526E-1 5.23387E-1 5.37217E-1 5.40033E-1 5.21203E-1 3.55567E-1 4.07523E-1 4.1625E-1 4.49176E-1 4.18675E-1 2.12443E-1 7.10714E-2 1.16558E-1 1.89981E-1 2.01322E-1 1.70664E-1 1.44439E-1 9.90738E-2 1.242E-1 1.43983E-1 1.64214E-1 1.70211E-1
1.99962E-1 2.86338E-1 6.03459E-1 7.38764E-1 6.63553E-1 3.28149E-1 7.39447E-1 7.98938E-1 1.95235E-2 2.18394E-2 2.23673E-2 1.76669E-2 1.20418E-2 1.93892E-2 1.82084E-2 2.81058E-2 3.43656E-2 3.47719E-2 3.48877E-2 2.13699E-2 7.63039E-3 1.63589E-2 1.7404E-2 1.58687E-2 3.19167E-2 1.38587E-2 4.95504E-1 5.1132E-1 3.46605E-1 1.76954E-1 2.3504E-1 3.72258E-1 3.58902E-1 5.81836E-3 3.07412E-1 2.71713E-1 1.90784E-1 2.29514E-1 4.97555E-1 5.36895E-1 5.11863E-1 5.02247E-1 5.09445E-1 4.29741E-1 4.83119E-1 6.1053E-1 5.98446E-1 2.31049E-1 1.08077E-1 1.30667E-1 2.32768E-1 2.80299E-1 1.89111E-1 1.80555E-1 1.60003E-1 1.26474E-1 1.38375E-1 1.54333E-1 1.66205E-1
2.70479E-1 2.74127E-1 4.51656E-1 6.17927E-1 6.23377E-1 1.92625E-1 5.91402E-1 7.99882E-1 1.9421E-2 1.47697E-2 1.8088E-2 1.53506E-2 9.02189E-3 1.17775E-2 2.36974E-2 2.64104E-2 2.7035E-2 2.73361E-2 1.51587E-2 1.7072E-2 7.8697E-3 1.75187E-2 1.50426E-2 9.72845E-3 2.45488E-2 7.3333E-1 6.33984E-1 5.66815E-1 2.84627E-1 2.32923E-1 2.37623E-1 3.04644E-1 3.35994E-1 2.89046E-1 4.47858E-1 3.88546E-1 2.46536E-1 2.60064E-1 3.73987E-1 5.31538E-1 5.18867E-1 3.79062E-1 4.99027E-1 6.09827E-1 6.17561E-1 3.58679E-1 3.76836E-1 2.69577E-1 1.41407E-1 2.21676E-1 2.41619E-1 2.77608E-1 2.05682E-1 1.86811E-1 1.94716E-1 1.57783E-1 1.48274E-1 1.55184E-1 1.71178E-1
2.31394E-1 3.3618E-1 3.17473E-1 5.04721E-1 5.224E-1 3.18849E-1 5.10099E-1 7.76553E-1 1.79508E-2 1.64937E-2 1.00217E-2 9.10905E-3 6.58943E-3 9.03584E-3 1.70877E-2 1.90766E-2 1.95122E-2 1.96159E-2 1.61648E-2 1.3459E-2 7.59658E-3 1.857E-2 1.38181E-2 1.24214E-2 1.03472E-2 1.15394E-2 1.42819E-2 1.58518E-2 4.98287E-1 2.86259E-1 2.54293E-1 3.30296E-1 1.92009E-1 1.56359E-1 4.20654E-1 5.09968E-1 5.33526E-1 5.12405E-1 5.09828E-1 5.24065E-1 5.15681E-1 2.9228E-1 4.01671E-1 4.38687E-1 5.44722E-1 3.63006E-1 4.85931E-1 3.16707E-1 1.52698E-1 2.33336E-1 1.93964E-1 1.3155E-1 2.09095E-1 1.97297E-1 2.0512E-1 1.76534E-1 1.52424E-1 1.56941E-1 2.08995E-1
4.98436E-1 3.77831E-1 2.38159E-1 4.76659E-1 7.21391E-1 5.00707E-1 6.62494E-1 6.17427E-1 7.19945E-1 7.0408E-1 1.39198E-2 7.16189E-3 4.24238E-1 8.19251E-3 1.19772E-2 1.74616E-2 1.98071E-2 1.99286E-2 2.00979E-2 1.99553E-2 1.03541E-2 1.86818E-2 1.82766E-2 1.72925E-2 8.93555E-3 9.33702E-3 1.31371E-2 1.64729E-2 8.26723E-3 3.38231E-1 2.13855E-1 3.79739E-1 2.04776E-1 1.0947E-1 1.96418E-1 5.81026E-1 5.61757E-1 5.37529E-1 5.24535E-1 5.23811E-1 3.59359E-1 2.99932E-1 4.50732E-1 3.81526E-1 3.47632E-1 4.30056E-1 3.75754E-1 3.6597E-1 1.69234E-1 2.29345E-1 2.17351E-1 2.0798E-1 9.98555E-2 1.84131E-1 1.89046E-1 2.37997E-1 1.79013E-1 1.26654E-1 1.539E-1
5.89085E-1 6.04549E-1 5.0074E-1 5.58474E-1 4.68483E-1 2.62974E-1 6.31573E-1 5.35657E-1 4.68389E-1 6.08355E-1 6.34643E-1 4.53704E-1 3.74237E-1 6.73302E-3 7.14181E-3 9.93673E-3 1.16157E-2 1.61711E-2 2.06642E-2 2.05803E-2 1.51977E-2 1.94094E-2 9.95581E-3 1.85246E-2 1.03873E-2 1.19072E-2 1.74275E-2 1.70335E-2 1.41027E-2 5.99267E-1 4.70869E-1 2.72414E-1 2.17068E-1 1.73276E-1 2.1863E-1 4.80775E-1 5.8931E-1 5.64574E-1 5.3886E-1 4.27161E-1 2.01035E-1 2.63337E-1 3.34601E-1 2.25049E-1 2.14752E-1 3.32582E-1 4.79123E-1 2.90507E-1 1.95754E-1 1.62196E-1 2.04624E-1 2.03213E-1 1.15798E-1 1.36531E-1 1.9442E-1 1.96973E-1 1.98182E-1 1.71206E-1 1.5531E-1
6.06467E-1 6.42219E-1 3.97808E-1 2.45259E-1 3.08802E-1 4.83195E-1 4.43417E-1 3.74686E-1 4.29633E-1 6.06945E-1 5.97049E-1 4.51771E-1 3.30325E-1 6.91349E-3 7.16173E-3 5.45848E-3 8.12817E-3 1.57752E-2 2.11671E-2 2.1176E-2 1.9493E-2 2.01735E-2 1.92587E-2 1.90039E-2 1.87389E-2 1.83463E-2 1.80071E-2 8.1591E-3 1.69214E-2 7.19084E-1 6.04864E-1 2.69516E-1 1.58238E-1 1.50056E-1 1.89047E-1 5.14383E-1 3.87828E-1 4.02225E-1 3.44686E-1 1.77884E-1 1.62113E-1 2.07081E-1 1.91489E-1 1.63766E-1 1.99981E-1 3.89291E-1 3.32848E-1 2.13641E-1 1.63405E-1 1.58747E-1 1.51591E-1 1.45382E-1 1.27148E-1 8.22183E-2 1.07315E-1 1.74338E-1 2.06567E-1 1.99774E-1 1.028E-1
5.86253E-1 6.55526E-1 2.504E-1 2.66087E-1 6.44789E-1 4.64647E-1 3.46593E-1 2.80322E-1 3.70407E-1 3.86047E-1 3.69039E-1 3.61981E-1 3.43698E-1 7.27176E-3 6.74612E-3 7.70664E-3 8.82087E-3 1.11107E-2 1.37774E-2 2.1729E-2 1.62167E-2 1.54278E-2 1.99907E-2 1.77171E-2 1.92272E-2 1.88597E-2 1.43129E-2 1.81065E-2 1.75311E-2 7.30476E-1 6.05822E-1 2.81261E-1 1.30418E-1 1.11957E-1 1.28286E-1 3.87161E-1 4.63157E-1 4.51018E-1 4.48249E-1 1.90821E-1 1.62428E-1 2.32144E-1 3.16653E-1 1.88801E-1 2.011E-1 2.85859E-1 2.92507E-1 2.34803E-1 2.37558E-1 1.27469E-1 1.62559E-1 1.68395E-1 1.73319E-1 1.05484E-1 1.4518E-1 1.42881E-1 2.03569E-1 1.68076E-1 1.39338E-1
6.24947E-1 5.455E-1 2.12924E-1 3.92982E-1 5.25954E-1 2.63518E-1 1.76124E-1 1.48804E-1 2.47475E-1 1.86502E-1 2.88982E-1 3.28021E-1 3.39748E-1 3.50607E-1 6.22712E-3 6.89545E-3 8.27928E-3 1.0879E-2 1.06505E-2 2.22589E-2 2.03608E-2 1.07722E-2 2.06759E-2 1.96804E-2 1.9487E-2 1.91471E-2 1.9011E-2 1.86999E-2 1.81404E-2 7.4769E-1 7.33691E-1 4.1542E-1 2.07043E-1 1.95942E-1 1.85013E-1 3.55344E-1 4.44195E-1 4.56672E-1 4.16249E-1 2.27062E-1 1.57801E-1 2.11107E-1 3.64122E-1 3.07635E-1 1.9457E-1 4.00155E-1 4.50887E-1 2.5731E-1 2.23791E-1 2.0698E-1 2.85743E-1 3.29191E-1 1.46345E-1 1.48506E-1 1.51016E-1 1.95401E-1 1.66494E-1 1.28244E-1 2.26051E-1
6.56182E-1 3.90451E-1 1.85048E-1 4.69387E-1 2.12172E-1 1.27173E-1 7.3995E-2 7.01296E-2 1.83434E-1 2.93881E-1 3.35716E-1 3.91078E-1 3.91558E-1 3.91501E-1 4.30733E-1 7.6253E-3 9.70993E-3 1.33874E-2 1.19009E-2 1.84943E-2 2.14076E-2 1.40727E-2 2.06433E-2 1.98406E-2 9.15338E-3 1.91243E-2 1.9076E-2 1.89464E-2 7.68489E-1 7.55273E-1 6.2453E-1 3.67794E-1 2.32032E-1 2.28391E-1 2.26744E-1 3.6032E-1 5.3615E-1 3.30573E-1 2.55251E-1 2.80096E-1 2.36526E-1 2.09104E-1 2.92293E-1 2.89804E-1 3.89964E-1 6.11361E-1 6.14178E-1 3.24172E-1 2.19963E-1 2.18163E-1 2.79793E-1 3.09656E-1 1.44633E-1 2.18585E-1 1.15546E-1 1.14398E-1 1.40272E-1 2.18305E-1 1.92456E-1
5.10483E-1 2.48803E-1 4.90747E-1 5.61671E-1 1.60617E-1 7.7215E-2 9.18959E-2 1.64741E-1 1.89073E-1 2.57487E-1 2.90038E-1 2.39318E-1 3.60654E-1 4.30315E-1 4.68022E-1 5.99113E-1 1.41118E-2 1.84749E-2 1.62518E-2 2.2287E-2 2.20108E-2 1.13373E-2 2.0746E-2 1.98529E-2 1.91796E-2 1.93337E-2 1.93721E-2 1.16934E-2 5.01271E-1 6.09809E-1 5.07269E-1 2.94458E-1 3.59277E-1 2.97937E-1 2.60547E-1 3.17249E-1 5.82158E-1 4.81125E-1 2.97664E-1 4.15243E-1 3.72899E-1 3.85607E-1 2.79349E-1 3.8413E-1 5.99625E-1 6.08796E-1 6.13076E-1 3.79275E-1 2.26491E-1 2.07641E-1 2.13552E-1 2.11416E-1 1.79021E-1 2.06865E-1 1.64328E-1 1.02858E-1 1.23268E-1 2.38131E-1 1.80877E-1
