Phytophthora/models/20240604_1618_19/Phytophthora_PA3_RUN3_MAXENT_outputs/projMaxent.asc
ncols         225
nrows         269
xllcorner     473009.9838
yllcorner     4429051.1748
cellsize      50.0
NODATA_value  -9999
[rows 234 to 259 of 269, columns 59 to 117 of 225]
6.57121E-1 6.66713E-1 7.55396E-1 8.30789E-1 9.45239E-1 9.57993E-1 9.59139E-1 9.58928E-1 9.59236E-1 9.25291E-1 8.09214E-1 6.65815E-1 8.80203E-1 8.17335E-1 6.92366E-1 9.20727E-1 8.47629E-1 8.53752E-1 9.66162E-1 8.3647E-1 8.02186E-1 8.9987E-1 9.31226E-1 8.02263E-1 8.13098E-1 8.30201E-1 9.24542E-1 9.16881E-1 8.42333E-1 9.65263E-1 7.83636E-1 9.5724E-1 8.99576E-1 8.11393E-1 7.57703E-1 7.41514E-1 8.18804E-1 8.95809E-1 8.81939E-1 8.73222E-1 9.00253E-1 7.72771E-1 7.43747E-1 8.13735E-1 8.27335E-1 9.25698E-1 8.61422E-1 7.59877E-1 8.36382E-1 8.1288E-1 8.40687E-1 8.87941E-1 5.50711E-1 8.03583E-1 7.37604E-1 7.52578E-1 7.83066E-1 2.62633E-1 2.27076E-1
8.21341E-1 7.30948E-1 9.1617E-1 9.35359E-1 9.55952E-1 9.59092E-1 9.60362E-1 9.5873E-1 8.19691E-1 8.1625E-1 9.13588E-1 7.97944E-1 9.36086E-1 9.68954E-1 9.43222E-1 6.55811E-1 6.31226E-1 6.6906E-1 9.62974E-1 9.00436E-1 9.27056E-1 8.33456E-1 9.19757E-1 8.41699E-1 9.11284E-1 9.36478E-1 8.30805E-1 8.89585E-1 8.90186E-1 8.24442E-1 7.24481E-1 7.57576E-1 9.22688E-1 8.72466E-1 7.93506E-1 7.37176E-1 8.24007E-1 9.14691E-1 9.01108E-1 8.89452E-1 9.08702E-1 7.93697E-1 7.66862E-1 7.76028E-1 8.9436E-1 8.30476E-1 9.54738E-1 8.93388E-1 8.13964E-1 8.49104E-1 8.44135E-1 8.50421E-1 7.46703E-1 8.18024E-1 7.81162E-1 7.78569E-1 7.6896E-1 5.66306E-1 3.52548E-1
8.79984E-1 8.47795E-1 9.23507E-1 9.35779E-1 9.26422E-1 8.48355E-1 7.5768E-1 7.28575E-1 9.59813E-1 8.62416E-1 9.01638E-1 8.85478E-1 8.25577E-1 6.80174E-1 5.09329E-1 5.92672E-1 7.24717E-1 7.1905E-1 9.60609E-1 9.5933E-1 8.62376E-1 8.19992E-1 9.09764E-1 8.19418E-1 9.70489E-1 7.90362E-1 9.69723E-1 8.28313E-1 8.98946E-1 8.77757E-1 8.3399E-1 6.99444E-1 8.72291E-1 8.29927E-1 8.9254E-1 7.69758E-1 9.37956E-1 9.33194E-1 9.21291E-1 9.10748E-1 9.21965E-1 8.37311E-1 9.52662E-1 9.62582E-1 9.66826E-1 8.95354E-1 9.71009E-1 9.03425E-1 8.6872E-1 8.72196E-1 8.15356E-1 6.99734E-1 8.68459E-1 9.39723E-1 9.32882E-1 8.82135E-1 8.44867E-1 7.71686E-1 6.36291E-1
8.84968E-1 9.18128E-1 9.1329E-1 5.09666E-1 3.69595E-1 4.11499E-1 7.29761E-1 9.3209E-1 9.03103E-1 9.0013E-1 7.88025E-1 8.68939E-1 8.39141E-1 8.29607E-1 7.60982E-1 7.06013E-1 8.30309E-1 7.93605E-1 9.18455E-1 9.13892E-1 8.36231E-1 7.87989E-1 8.56889E-1 8.48014E-1 8.87591E-1 9.53686E-1 7.90501E-1 8.57994E-1 8.78144E-1 9.08039E-1 8.82722E-1 8.01935E-1 9.34551E-1 8.38226E-1 8.84987E-1 8.10228E-1 9.55975E-1 9.45227E-1 9.25178E-1 9.23515E-1 9.28339E-1 9.3431E-1 9.5405E-1 9.62179E-1 9.0552E-1 9.64723E-1 9.71754E-1 8.25065E-1 9.03709E-1 9.20882E-1 8.64572E-1 6.22057E-1 5.12414E-1 7.75303E-1 8.806E-1 8.74335E-1 9.55601E-1 9.58771E-1 9.60005E-1
6.13472E-1 5.65684E-1 4.8857E-1 4.77624E-1 3.49758E-1 4.10114E-1 4.52411E-1 5.17671E-1 7.57628E-1 8.05374E-1 7.13287E-1 6.91622E-1 7.83226E-1 8.49617E-1 8.38692E-1 8.21671E-1 7.79006E-1 6.28589E-1 9.00274E-1 8.27591E-1 8.17822E-1 7.1967E-1 8.16922E-1 8.26537E-1 8.28083E-1 8.20435E-1 8.36728E-1 5.93744E-1 8.48287E-1 8.72047E-1 8.46051E-1 8.64219E-1 8.15281E-1 8.71892E-1 8.88436E-1 8.29098E-1 9.54102E-1 9.43841E-1 9.32314E-1 8.82354E-1 9.25666E-1 9.38851E-1 9.43826E-1 8.19018E-1 8.16538E-1 9.6525E-1 9.67421E-1 8.69022E-1 8.3693E-1 8.76647E-1 8.55465E-1 4.8861E-1 9.50185E-1 9.5119E-1 9.54517E-1 9.5713E-1 9.05626E-1 9.1531E-1 8.91688E-1
8.50115E-1 8.09979E-1 7.90089E-1 8.5337E-1 5.02877E-1 6.00311E-1 6.05791E-1 5.0244E-1 6.21877E-1 7.80928E-1 8.33917E-1 8.04786E-1 7.51736E-1 8.78299E-1 9.68679E-1 8.18463E-1 7.05879E-1 8.53326E-1 9.71548E-1 9.72088E-1 9.73144E-1 8.1973E-1 6.40124E-1 6.83008E-1 8.43817E-1 8.24627E-1 9.57978E-1 8.57977E-1 8.66214E-1 8.18099E-1 8.55888E-1 8.93131E-1 5.86177E-1 8.3761E-1 8.57544E-1 8.22206E-1 8.89053E-1 9.40958E-1 9.28082E-1 9.16549E-1 8.14451E-1 7.18105E-1 8.36578E-1 9.54629E-1 8.39984E-1 9.44101E-1 9.63748E-1 8.51569E-1 8.40607E-1 7.8128E-1 8.03525E-1 7.94181E-1 9.4532E-1 9.39212E-1 9.41971E-1 9.44349E-1 9.45994E-1 9.47297E-1 9.4583E-1
6.75429E-1 4.81945E-1 4.82239E-1 7.29566E-1 5.22997E-1 6.81111E-1 5.50056E-1 4.82537E-1 5.57235E-1 8.05751E-1 8.17145E-1 7.15156E-1 7.3228E-1 6.61296E-1 8.76178E-1 8.00869E-1 8.67117E-1 7.64241E-1 8.59899E-1 9.60998E-1 9.34076E-1 9.50978E-1 9.73933E-1 7.89225E-1 7.11827E-1 5.87087E-1 7.86792E-1 8.2784E-1 9.32021E-1 8.62772E-1 9.31869E-1 9.66687E-1 8.22773E-1 8.33184E-1 8.31947E-1 7.92496E-1 8.23921E-1 9.3512E-1 9.22314E-1 9.09235E-1 7.36508E-1 9.30646E-1 8.81697E-1 7.96029E-1 8.5732E-1 8.68322E-1 9.60165E-1 8.51389E-1 8.33437E-1 8.14004E-1 6.07304E-1 8.17626E-1 9.34341E-1 9.23296E-1 9.23565E-1 9.25311E-1 9.26814E-1 7.724E-1 6.75172E-1
5.31989E-1 4.55016E-1 5.48706E-1 5.80682E-1 6.32629E-1 7.45886E-1 5.82291E-1 4.98211E-1 7.43029E-1 9.30771E-1 9.39341E-1 8.53088E-1 4.35721E-1 6.00336E-1 7.00839E-1 8.07113E-1 7.76138E-1 6.47488E-1 7.41172E-1 9.31457E-1 9.7508E-1 9.74875E-1 9.74092E-1 9.7247E-1 9.38097E-1 8.07009E-1 8.33629E-1 8.10522E-1 9.59503E-1 9.59116E-1 9.58195E-1 9.30278E-1 8.85112E-1 8.04821E-1 8.67628E-1 8.28312E-1 8.31549E-1 9.15609E-1 8.23985E-1 7.20765E-1 9.22255E-1 9.30311E-1 8.02248E-1 8.61803E-1 8.76269E-1 8.6566E-1 8.36683E-1 7.83632E-1 7.88426E-1 6.89291E-1 5.40419E-1 6.7055E-1 8.173E-1 8.41773E-1 8.95877E-1 8.97263E-1 8.98594E-1 7.61E-1 3.30175E-1
7.8921E-1 8.72715E-1 5.63532E-1 5.52078E-1 5.6123E-1 6.34606E-1 5.27032E-1 6.76562E-1 7.86278E-1 8.52423E-1 8.71E-1 7.01642E-1 7.07307E-1 8.60878E-1 9.43308E-1 9.67042E-1 9.27413E-1 8.65423E-1 7.45088E-1 9.48468E-1 9.75811E-1 9.75912E-1 9.75229E-1 9.73396E-1 9.68413E-1 9.61718E-1 8.80182E-1 7.54604E-1 9.48225E-1 9.48261E-1 9.47073E-1 9.33134E-1 5.53062E-1 8.36427E-1 8.3689E-1 8.32987E-1 9.00843E-1 7.11492E-1 6.3099E-1 7.04494E-1 7.39447E-1 7.16823E-1 7.96274E-1 8.36731E-1 7.61395E-1 8.8906E-1 9.16035E-1 8.37131E-1 7.20962E-1 4.43741E-1 8.43196E-1 7.21192E-1 6.6082E-1 6.52054E-1 7.43835E-1 6.48241E-1 8.59781E-1 8.54491E-1 3.13823E-1
7.67773E-1 7.71344E-1 4.96685E-1 6.64894E-1 8.16041E-1 8.02284E-1 5.75722E-1 7.76437E-1 7.90843E-1 8.20022E-1 7.57248E-1 4.14932E-1 7.95106E-1 7.52306E-1 9.59348E-1 9.65972E-1 9.2849E-1 9.65993E-1 8.58121E-1 9.53938E-1 9.73787E-1 9.74137E-1 9.73809E-1 9.72767E-1 9.68663E-1 9.63857E-1 9.57586E-1 9.4712E-1 6.77137E-1 6.07989E-1 5.85943E-1 5.18612E-1 8.23753E-1 8.13205E-1 8.12422E-1 7.23281E-1 7.63115E-1 6.20282E-1 8.4284E-1 7.14808E-1 8.87318E-1 7.53544E-1 7.41685E-1 5.58329E-1 7.16172E-1 8.84488E-1 6.3879E-1 6.80021E-1 7.9664E-1 9.2305E-1 7.8855E-1 7.14359E-1 6.87983E-1 3.20961E-1 2.38739E-1 2.50724E-1 2.55884E-1 3.53224E-1 3.36857E-1
6.93069E-1 6.54599E-1 6.52434E-1 5.87884E-1 8.57199E-1 8.88346E-1 6.53001E-1 8.0008E-1 6.91371E-1 6.00339E-1 5.06342E-1 4.01786E-1 6.06825E-1 9.18926E-1 9.56756E-1 9.62933E-1 9.40183E-1 9.63456E-1 9.03899E-1 9.43264E-1 9.69747E-1 9.71201E-1 9.72027E-1 9.71196E-1 9.68436E-1 9.65493E-1 9.61931E-1 9.57647E-1 9.52928E-1 9.47556E-1 8.25573E-1 4.2532E-1 8.19385E-1 7.62372E-1 7.6967E-1 7.06832E-1 7.49955E-1 6.50115E-1 8.29701E-1 8.05321E-1 7.91567E-1 8.08819E-1 5.66539E-1 6.44386E-1 9.41939E-1 9.43236E-1 9.43512E-1 9.42838E-1 9.4008E-1 9.31549E-1 8.54694E-1 7.40189E-1 6.27553E-1 3.30747E-1 3.07263E-1 4.49757E-1 4.42965E-1 3.60096E-1 3.85457E-1
8.20994E-1 9.48843E-1 9.60147E-1 8.20411E-1 8.11277E-1 6.87663E-1 5.4241E-1 5.6854E-1 6.66612E-1 7.74408E-1 7.60113E-1 6.69739E-1 8.99993E-1 9.46616E-1 9.5285E-1 9.57973E-1 9.48377E-1 9.63933E-1 9.11145E-1 8.99379E-1 9.48865E-1 9.36626E-1 9.52021E-1 9.68837E-1 9.68252E-1 9.67154E-1 9.6502E-1 9.62364E-1 9.58869E-1 9.5364E-1 9.49529E-1 7.35687E-1 5.17234E-1 7.93397E-1 7.16386E-1 7.87058E-1 5.4967E-1 8.41576E-1 8.17745E-1 8.11598E-1 8.47624E-1 7.73543E-1 5.39717E-1 8.07469E-1 9.28237E-1 9.32531E-1 8.35222E-1 8.97981E-1 8.84969E-1 8.81901E-1 8.22729E-1 7.28161E-1 5.42544E-1 2.11123E-1 2.01358E-1 2.87977E-1 2.53122E-1 2.51428E-1 2.56462E-1
8.31908E-1 8.29105E-1 9.41798E-1 8.77011E-1 6.96817E-1 5.32529E-1 4.45837E-1 4.51966E-1 7.64354E-1 7.0646E-1 5.28129E-1 8.36502E-1 9.05249E-1 9.40927E-1 9.37083E-1 9.26727E-1 7.75531E-1 9.26756E-1 9.30496E-1 8.58792E-1 7.13207E-1 8.15479E-1 9.20144E-1 9.6405E-1 9.4949E-1 9.6756E-1 9.50991E-1 9.54808E-1 9.54521E-1 9.58371E-1 9.55653E-1 8.68078E-1 7.09567E-1 7.64798E-1 7.88151E-1 9.28226E-1 6.751E-1 7.84634E-1 8.11391E-1 7.84285E-1 8.08864E-1 6.73335E-1 7.87955E-1 6.48227E-1 7.15039E-1 5.03422E-1 4.68889E-1 7.13348E-1 8.66509E-1 8.11259E-1 7.70215E-1 6.1242E-1 4.34314E-1 3.14531E-1 2.88594E-1 2.02786E-1 2.54613E-1 2.38981E-1 2.84513E-1
8.87133E-1 8.08153E-1 7.49731E-1 5.35467E-1 6.20998E-1 5.83875E-1 5.20494E-1 6.98865E-1 3.89672E-1 8.06107E-1 9.00896E-1 8.3557E-1 8.16873E-1 8.15624E-1 8.20653E-1 8.82761E-1 7.04922E-1 8.24197E-1 9.12589E-1 7.48588E-1 7.4678E-1 8.95709E-1 9.44908E-1 9.62395E-1 9.65039E-1 9.66583E-1 9.67527E-1 9.68E-1 9.61395E-1 9.47512E-1 9.2057E-1 8.10485E-1 8.73098E-1 5.81959E-1 8.80233E-1 9.31612E-1 7.82277E-1 8.37964E-1 8.11775E-1 7.66467E-1 3.80834E-1 4.63431E-1 7.07662E-1 6.99225E-1 4.24515E-1 5.27515E-1 5.64391E-1 4.60482E-1 7.09562E-1 5.34821E-1 5.39425E-1 6.02048E-1 6.07742E-1 5.56358E-1 4.7062E-1 3.14224E-1 3.757E-1 3.63923E-1 3.69993E-1
8.59581E-1 7.66072E-1 5.6709E-1 5.5996E-1 6.0299E-1 4.36403E-1 4.18925E-1 5.14582E-1 4.82755E-1 8.43637E-1 8.79383E-1 8.65356E-1 8.39481E-1 8.30662E-1 7.90523E-1 8.59658E-1 7.32872E-1 8.79889E-1 8.20193E-1 7.32071E-1 7.77396E-1 8.93564E-1 9.43576E-1 9.48826E-1 9.53654E-1 9.57148E-1 9.59875E-1 9.52617E-1 9.18716E-1 9.30191E-1 9.34604E-1 7.44621E-1 7.55321E-1 5.90933E-1 7.45986E-1 8.29278E-1 8.21192E-1 7.87569E-1 7.2694E-1 4.44264E-1 4.01794E-1 6.33167E-1 5.79209E-1 6.53977E-1 4.93019E-1 5.42199E-1 4.59203E-1 4.24335E-1 8.3274E-1 6.74755E-1 6.51059E-1 6.57247E-1 5.95373E-1 5.74857E-1 5.59063E-1 4.555E-1 3.98207E-1 4.0564E-1 4.21609E-1
7.67297E-1 6.96868E-1 6.07506E-1 6.28997E-1 6.94686E-1 7.00044E-1 6.88305E-1 7.8557E-1 3.96187E-1 6.42802E-1 7.29758E-1 8.23893E-1 8.22845E-1 8.17251E-1 8.0474E-1 8.32827E-1 6.84125E-1 8.34165E-1 8.05384E-1 8.08241E-1 7.84259E-1 9.13107E-1 9.21786E-1 9.2915E-1 9.37407E-1 9.43799E-1 8.82785E-1 8.38286E-1 8.43007E-1 9.18079E-1 8.82266E-1 8.50501E-1 9.48243E-1 9.45425E-1 9.42274E-1 8.30738E-1 5.35309E-1 5.19791E-1 5.55807E-1 2.80283E-1 6.6006E-1 5.73598E-1 6.218E-1 5.6638E-1 4.99399E-1 5.40842E-1 5.90196E-1 6.09884E-1 8.71129E-1 8.71088E-1 8.1396E-1 7.3823E-1 6.54905E-1 5.42109E-1 5.7119E-1 5.47366E-1 5.65379E-1 5.08086E-1 4.92821E-1
6.41616E-1 6.3796E-1 7.14033E-1 7.02226E-1 6.85297E-1 6.98859E-1 7.47688E-1 6.77527E-1 3.81709E-1 5.1178E-1 5.89153E-1 6.81971E-1 7.0513E-1 7.9783E-1 6.71563E-1 6.29082E-1 5.16916E-1 7.75505E-1 7.01449E-1 7.21422E-1 8.29073E-1 8.86182E-1 8.92157E-1 9.02167E-1 9.15233E-1 9.25482E-1 8.07158E-1 7.33411E-1 8.52829E-1 8.68471E-1 7.85397E-1 8.67707E-1 8.6716E-1 8.8002E-1 9.10005E-1 9.12601E-1 7.84782E-1 6.04143E-1 2.52626E-1 4.43476E-1 6.42632E-1 7.06161E-1 6.83863E-1 6.19101E-1 5.7419E-1 8.49735E-1 8.24464E-1 9.29424E-1 9.27678E-1 8.22662E-1 8.72153E-1 8.56515E-1 8.17978E-1 6.55211E-1 7.19848E-1 7.67644E-1 8.16614E-1 6.62199E-1 7.1905E-1
6.54506E-1 6.64745E-1 6.71618E-1 5.38091E-1 5.11203E-1 4.76124E-1 5.71081E-1 4.57159E-1 4.99743E-1 5.13074E-1 6.39802E-1 5.99611E-1 5.43554E-1 6.56897E-1 6.35954E-1 5.06451E-1 4.89291E-1 7.19725E-1 6.48982E-1 7.37226E-1 7.81961E-1 8.60373E-1 8.50359E-1 8.67153E-1 8.86492E-1 8.8499E-1 7.33114E-1 7.30516E-1 8.97568E-1 8.05192E-1 7.63787E-1 8.21747E-1 8.17854E-1 8.26828E-1 8.37456E-1 8.45432E-1 6.20782E-1 6.95637E-1 2.78819E-1 5.63403E-1 5.8284E-1 6.61998E-1 6.75112E-1 5.3451E-1 7.86044E-1 8.42331E-1 7.96986E-1 9.33014E-1 8.08577E-1 5.25829E-1 5.64804E-1 5.14024E-1 7.86964E-1 8.21505E-1 7.2073E-1 6.45089E-1 6.73159E-1 6.53658E-1 7.75369E-1
6.55148E-1 7.02255E-1 5.90609E-1 6.63619E-1 6.62586E-1 4.54672E-1 5.48033E-1 3.6198E-1 5.07278E-1 4.21768E-1 5.43109E-1 5.38961E-1 5.43169E-1 5.86163E-1 6.52239E-1 6.30407E-1 5.0337E-1 5.18396E-1 3.57679E-1 3.86794E-1 4.82367E-1 6.10494E-1 7.81214E-1 8.39672E-1 8.63162E-1 7.165E-1 6.708E-1 7.11101E-1 6.59621E-1 5.82577E-1 7.70697E-1 7.97455E-1 7.92634E-1 7.55314E-1 7.22352E-1 7.20545E-1 7.31161E-1 6.82281E-1 2.97171E-1 4.66276E-1 6.36877E-1 7.69703E-1 4.72677E-1 4.2481E-1 7.09334E-1 5.16516E-1 6.60707E-1 7.54729E-1 7.8521E-1 5.59536E-1 7.70033E-1 5.43014E-1 4.61268E-1 5.44715E-1 6.63792E-1 5.56819E-1 6.33335E-1 7.37964E-1 7.28907E-1
4.74401E-1 5.11726E-1 5.83838E-1 7.9271E-1 6.44291E-1 6.96337E-1 4.54202E-1 6.30501E-1 5.8402E-1 3.99191E-1 2.48034E-1 3.13422E-1 4.49752E-1 4.16178E-1 5.21867E-1 4.19232E-1 2.88051E-1 2.62244E-1 1.65648E-1 2.9469E-1 4.89728E-1 6.92779E-1 7.82857E-1 8.12729E-1 8.04549E-1 7.61875E-1 6.87135E-1 6.5545E-1 5.7159E-1 5.84852E-1 7.43341E-1 7.09551E-1 7.19814E-1 6.73024E-1 7.02673E-1 6.32004E-1 6.75526E-1 7.91408E-1 5.00488E-1 6.25648E-1 8.97853E-1 7.17395E-1 4.99413E-1 5.0599E-1 7.16687E-1 6.22498E-1 8.66158E-1 7.13724E-1 7.61979E-1 5.46322E-1 5.28732E-1 6.32193E-1 6.90662E-1 3.90618E-1 5.18732E-1 5.65625E-1 6.95994E-1 6.63029E-1 4.3886E-1
5.95807E-1 5.16475E-1 5.81586E-1 5.21839E-1 5.50928E-1 5.29628E-1 6.97179E-1 7.4493E-1 5.08177E-1 2.61084E-1 2.39179E-1 2.58624E-1 3.15316E-1 4.41048E-1 4.43889E-1 2.20182E-1 2.06887E-1 2.74332E-1 2.06068E-1 2.36171E-1 4.58693E-1 7.20321E-1 7.8463E-1 6.91226E-1 6.78996E-1 6.99743E-1 8.10332E-1 6.28882E-1 5.01305E-1 4.5943E-1 5.87926E-1 5.2044E-1 6.70216E-1 6.81227E-1 6.61249E-1 7.12325E-1 8.09478E-1 8.11416E-1 8.41176E-1 6.19541E-1 9.50822E-1 5.43248E-1 5.50496E-1 6.25553E-1 7.17405E-1 9.40676E-1 8.78046E-1 8.83056E-1 6.43452E-1 6.67391E-1 4.97791E-1 6.23625E-1 5.92638E-1 4.39098E-1 3.62294E-1 5.09983E-1 8.09382E-1 7.77937E-1 4.85684E-1
-9999 -9999 -9999 6.88513E-1 5.87536E-1 5.0934E-1 5.78769E-1 4.48412E-1 1.93479E-1 2.16051E-1 3.82422E-1 4.01309E-1 4.32019E-1 5.35662E-1 3.25563E-1 2.35987E-1 2.45441E-1 3.07806E-1 2.41634E-1 2.62552E-1 4.27377E-1 5.0523E-1 4.21947E-1 4.70831E-1 4.77341E-1 6.24313E-1 8.07344E-1 6.87499E-1 7.06859E-1 3.9242E-1 4.10489E-1 4.65591E-1 6.12665E-1 5.87033E-1 6.2739E-1 6.96786E-1 7.69931E-1 8.41836E-1 9.55636E-1 8.36459E-1 9.52783E-1 5.62859E-1 6.3171E-1 8.09499E-1 8.40912E-1 9.37644E-1 8.24812E-1 9.40169E-1 5.87803E-1 7.67906E-1 5.82352E-1 6.96196E-1 5.23633E-1 4.20835E-1 4.53956E-1 5.50532E-1 7.38883E-1 7.36479E-1 6.14508E-1
-9999 -9999 -9999 -9999 -9999 5.75739E-1 5.01912E-1 3.57301E-1 2.37964E-1 3.3838E-1 4.85376E-1 4.29333E-1 3.88474E-1 3.53501E-1 4.35023E-1 3.57334E-1 2.21497E-1 2.52687E-1 2.5518E-1 3.57904E-1 4.78883E-1 4.97948E-1 4.77607E-1 4.69971E-1 4.0879E-1 5.11384E-1 6.41829E-1 6.45318E-1 7.43735E-1 5.12939E-1 4.9582E-1 4.74935E-1 5.83202E-1 5.80272E-1 5.82013E-1 7.36042E-1 8.12116E-1 7.77089E-1 7.8552E-1 9.22388E-1 5.64579E-1 6.23698E-1 7.78093E-1 9.46799E-1 9.45271E-1 6.49091E-1 4.62507E-1 9.38907E-1 7.6053E-1 9.41254E-1 8.28673E-1 7.0371E-1 6.44097E-1 6.28327E-1 7.97124E-1 7.60761E-1 7.16916E-1 -9999 -9999
-9999 -9999 -9999 -9999 -9999 -9999 -9999 3.82896E-1 3.11534E-1 4.18246E-1 4.83376E-1 3.24823E-1 3.10043E-1 5.53967E-1 4.56853E-1 3.07719E-1 4.46404E-1 2.484E-1 2.20033E-1 2.72308E-1 2.64625E-1 2.87919E-1 4.56846E-1 5.01216E-1 4.54518E-1 5.43865E-1 5.95818E-1 8.36871E-1 6.05421E-1 6.14076E-1 6.28906E-1 4.5549E-1 4.25437E-1 4.10417E-1 6.5801E-1 6.8717E-1 7.28939E-1 7.06567E-1 6.36897E-1 8.35222E-1 5.16023E-1 8.64216E-1 7.96795E-1 8.89261E-1 9.05014E-1 8.12218E-1 7.93309E-1 7.36116E-1 9.37844E-1 9.41921E-1 9.44211E-1 9.36647E-1 8.98864E-1 -9999 -9999 -9999 -9999 -9999 -9999
-9999 -9999 -9999 -9999 -9999 -9999 -9999 -9999 3.51373E-1 3.79108E-1 3.17441E-1 2.49095E-1 3.46016E-1 4.75148E-1 4.79506E-1 4.60263E-1 3.11801E-1 4.94412E-1 3.61359E-1 2.9152E-1 3.44363E-1 4.06138E-1 3.15395E-1 3.21135E-1 4.16627E-1 5.21961E-1 6.39166E-1 8.41966E-1 7.48468E-1 5.96292E-1 5.97511E-1 4.61218E-1 3.67528E-1 4.09275E-1 7.51572E-1 7.95777E-1 8.7207E-1 7.59947E-1 6.279E-1 8.02937E-1 6.16812E-1 6.06427E-1 6.36603E-1 7.97051E-1 7.89309E-1 7.36411E-1 9.4197E-1 9.25083E-1 7.25463E-1 9.45261E-1 -9999 -9999 -9999 -9999 -9999 -9999 -9999 -9999 -9999
-9999 -9999 -9999 -9999 -9999 -9999 -9999 -9999 -9999 -9999 2.43599E-1 1.79008E-1 1.3923E-1 1.56724E-1 2.61046E-1 3.48866E-1 5.01719E-1 3.78787E-1 3.53248E-1 3.08069E-1 3.98185E-1 5.52986E-1 3.16277E-1 3.29772E-1 5.60289E-1 7.63105E-1 7.41392E-1 8.51971E-1 8.46086E-1 6.08748E-1 4.94076E-1 4.05429E-1 5.91802E-1 6.2129E-1 7.53344E-1 7.59791E-1 7.96118E-1 7.69333E-1 8.21948E-1 8.95335E-1 5.7341E-1 7.15772E-1 8.70051E-1 8.28592E-1 7.81265E-1 7.54331E-1 9.16916E-1 8.65084E-1 7.83391E-1 -9999 -9999 -9999 -9999 -9999 -9999 -9999 -9999 -9999 -9999
