Phytophthora/models/20240604_1618_19/Phytophthora_PA3_RUN3_MAXENT_outputs/projMaxent.asc
ncols         225
nrows         269
xllcorner     473009.9838
yllcorner     4429051.1748
cellsize      50.0
NODATA_value  -9999
[rows 208 to 233 of 269, columns 59 to 117 of 225]
6.58103E-1 7.55008E-1 8.47445E-1 8.72228E-1 7.67113E-1 9.38582E-1 7.70155E-1 3.89082E-1 4.31367E-1 4.21578E-1 4.95015E-1 6.12278E-1 5.06363E-1 5.62246E-1 7.67491E-1 7.49629E-1 7.13495E-1 5.82752E-1 3.77277E-1 3.53928E-1 3.67042E-1 1.27124E-1 3.80834E-1 3.86739E-1 3.4995E-1 4.3353E-1 8.95829E-1 9.0638E-1 9.20299E-1 9.27986E-1 7.90534E-1 7.85764E-1 7.6263E-1 7.36074E-1 7.48437E-1 7.41672E-1 7.57352E-1 8.32699E-1 9.14537E-1 8.48036E-1 8.02486E-1 7.42307E-1 6.47765E-1 4.88289E-1 4.62956E-1 4.80002E-1 8.07481E-1 8.16191E-1 8.20891E-1 7.11553E-1 6.71281E-1 5.09251E-1 8.05216E-1 8.59291E-1 9.14069E-1 9.09152E-1 7.08561E-1 6.76538E-1 5.73186E-1
5.19107E-1 4.34342E-1 5.29489E-1 8.22883E-1 9.47071E-1 6.94079E-1 9.10738E-1 9.18948E-1 6.75708E-1 5.0641E-1 5.3183E-1 4.38738E-1 3.96388E-1 4.34666E-1 4.66112E-1 7.85456E-1 5.70216E-1 5.54507E-1 5.22334E-1 4.23276E-1 3.36374E-1 2.77116E-1 2.80122E-1 4.44356E-1 2.56867E-1 8.27178E-1 8.87628E-1 8.99716E-1 9.13388E-1 9.02135E-1 5.51497E-1 7.72053E-1 8.45574E-1 8.13843E-1 7.63285E-1 7.26022E-1 5.75557E-1 6.89152E-1 7.69409E-1 6.80789E-1 7.09823E-1 6.50124E-1 6.63262E-1 6.2034E-1 6.29382E-1 6.17646E-1 5.95013E-1 6.34322E-1 5.78215E-1 6.28775E-1 6.39584E-1 7.95187E-1 7.55672E-1 7.83953E-1 7.77761E-1 8.63881E-1 7.04234E-1 5.8155E-1 6.06471E-1
5.47771E-1 4.28119E-1 4.42849E-1 8.24969E-1 9.47369E-1 7.96026E-1 9.31275E-1 7.81812E-1 6.75626E-1 6.57108E-1 5.42205E-1 3.46042E-1 3.44897E-1 2.99861E-1 4.38066E-1 4.8835E-1 5.77486E-1 5.19527E-1 5.34482E-1 4.03032E-1 4.41168E-1 3.93055E-1 1.95966E-1 4.62517E-1 4.02574E-1 7.4455E-1 8.39011E-1 8.44621E-1 8.31002E-1 7.6912E-1 4.89127E-1 5.29901E-1 8.52642E-1 8.09945E-1 7.68704E-1 8.00745E-1 8.0649E-1 7.73534E-1 7.72353E-1 7.66647E-1 7.23092E-1 7.44702E-1 7.10451E-1 8.03191E-1 8.35418E-1 7.79924E-1 7.1052E-1 6.38889E-1 8.15152E-1 8.62427E-1 6.95265E-1 6.9628E-1 3.26982E-1 4.74391E-1 5.51429E-1 6.2E-1 6.09099E-1 4.06114E-1 4.99474E-1
4.41969E-1 6.25413E-1 6.08824E-1 8.49658E-1 9.46825E-1 8.04489E-1 9.30811E-1 8.49013E-1 4.57358E-1 6.7368E-1 4.06505E-1 2.88732E-1 2.76332E-1 3.18231E-1 3.3159E-1 5.31275E-1 5.6231E-1 4.94853E-1 3.31073E-1 5.47241E-1 4.5066E-1 3.43262E-1 1.97706E-1 4.06406E-1 4.47641E-1 6.67105E-1 8.00469E-1 8.21491E-1 7.84622E-1 6.4866E-1 6.23375E-1 5.13713E-1 5.69456E-1 7.81866E-1 7.52687E-1 8.65245E-1 7.77432E-1 7.43552E-1 7.36366E-1 7.59673E-1 7.29646E-1 7.56721E-1 8.74933E-1 7.01992E-1 5.67377E-1 6.17097E-1 7.92824E-1 8.68928E-1 9.20265E-1 7.97702E-1 5.91892E-1 7.66857E-1 3.48219E-1 3.98679E-1 4.95164E-1 6.36856E-1 4.95832E-1 3.40208E-1 6.00871E-1
3.85994E-1 6.12709E-1 7.0896E-1 9.51941E-1 9.46215E-1 7.07848E-1 9.29174E-1 6.7714E-1 4.62901E-1 5.96599E-1 2.81584E-1 2.33713E-1 2.33213E-1 3.64863E-1 3.92454E-1 6.5313E-1 5.41115E-1 3.02109E-1 2.78671E-1 7.06134E-1 5.30136E-1 4.59051E-1 1.58351E-1 3.67141E-1 5.31895E-1 6.78413E-1 7.99802E-1 8.87581E-1 8.63074E-1 8.16725E-1 8.06378E-1 8.45194E-1 6.4323E-1 7.51951E-1 7.58775E-1 9.23987E-1 9.45865E-1 9.44856E-1 9.42595E-1 9.41486E-1 9.40345E-1 9.37997E-1 7.63455E-1 7.78061E-1 3.32051E-1 2.62853E-1 3.68597E-1 6.3354E-1 5.89E-1 3.14113E-1 7.46313E-1 7.59392E-1 5.47175E-1 4.5861E-1 7.05102E-1 7.12225E-1 6.31686E-1 8.51194E-1 7.05133E-1
5.23728E-1 6.86386E-1 7.04883E-1 9.35993E-1 9.31027E-1 8.4092E-1 7.34893E-1 6.10869E-1 4.12181E-1 3.70587E-1 3.02846E-1 3.58675E-1 3.65862E-1 3.2307E-1 4.90748E-1 6.69444E-1 5.90257E-1 5.46814E-1 3.04914E-1 7.0441E-1 5.13124E-1 6.61269E-1 5.42044E-1 6.82827E-1 8.27618E-1 7.38253E-1 7.7953E-1 9.08551E-1 9.17749E-1 9.23168E-1 9.20706E-1 9.3647E-1 7.76641E-1 7.20771E-1 7.98052E-1 8.66614E-1 9.50085E-1 7.63268E-1 7.58723E-1 7.47775E-1 7.61916E-1 7.77363E-1 9.19032E-1 6.58587E-1 5.31736E-1 3.8433E-1 3.07717E-1 6.94661E-1 5.37432E-1 9.24944E-1 9.19525E-1 9.25188E-1 9.08513E-1 8.47304E-1 7.6045E-1 6.31437E-1 7.17455E-1 8.6397E-1 8.53474E-1
4.63763E-1 4.97873E-1 5.86578E-1 7.55715E-1 8.35325E-1 7.23826E-1 7.39119E-1 6.48613E-1 4.85438E-1 4.11682E-1 4.76766E-1 4.58511E-1 4.79678E-1 4.82394E-1 5.07503E-1 5.80998E-1 3.42986E-1 7.26563E-1 4.35E-1 7.5919E-1 5.76313E-1 7.46218E-1 5.61972E-1 8.16823E-1 9.05485E-1 9.13653E-1 9.19689E-1 9.27342E-1 9.33125E-1 9.36694E-1 9.3984E-1 8.94362E-1 7.95278E-1 7.27827E-1 8.10714E-1 8.87848E-1 9.50965E-1 9.49407E-1 9.4701E-1 9.44545E-1 9.32028E-1 8.63293E-1 7.90237E-1 7.65745E-1 7.71155E-1 5.74411E-1 4.01406E-1 8.14212E-1 4.7247E-1 9.3826E-1 9.35349E-1 9.2975E-1 9.21899E-1 9.12952E-1 8.98805E-1 8.84155E-1 6.43783E-1 8.2994E-1 8.5342E-1
3.21588E-1 3.57108E-1 4.00357E-1 5.47248E-1 5.93664E-1 3.7736E-1 3.51214E-1 6.12882E-1 6.01131E-1 6.37619E-1 4.61503E-1 4.25201E-1 5.40401E-1 4.57038E-1 3.41206E-1 3.57996E-1 4.48827E-1 6.24767E-1 4.85663E-1 8.06928E-1 6.45983E-1 7.59656E-1 7.5605E-1 9.16636E-1 9.25996E-1 9.32313E-1 9.38427E-1 9.43163E-1 8.56553E-1 9.48584E-1 7.4641E-1 8.72179E-1 6.69252E-1 7.88231E-1 8.37874E-1 8.19365E-1 7.65186E-1 7.7773E-1 7.8746E-1 7.67047E-1 7.70285E-1 8.05562E-1 8.19632E-1 8.01205E-1 6.72809E-1 6.33039E-1 6.79063E-1 7.34327E-1 8.31559E-1 8.46631E-1 9.40564E-1 9.35143E-1 9.2793E-1 9.19721E-1 9.00496E-1 8.34411E-1 6.23274E-1 5.63475E-1 7.43405E-1
3.75591E-1 4.16483E-1 3.30818E-1 2.74765E-1 2.36202E-1 3.6447E-1 3.48361E-1 5.24046E-1 6.14764E-1 7.84212E-1 6.52425E-1 4.66453E-1 5.38562E-1 3.07826E-1 4.16721E-1 5.08983E-1 8.23707E-1 4.96107E-1 4.35825E-1 7.85409E-1 8.11566E-1 8.34762E-1 8.40984E-1 9.33163E-1 9.40937E-1 9.46455E-1 9.50877E-1 8.76607E-1 8.23113E-1 8.02722E-1 9.53622E-1 7.46496E-1 6.66655E-1 7.70325E-1 8.4299E-1 8.68619E-1 8.54728E-1 8.10372E-1 7.32274E-1 8.19156E-1 9.43758E-1 8.9915E-1 7.84019E-1 7.24332E-1 7.90907E-1 7.51562E-1 7.52023E-1 8.1743E-1 8.56248E-1 6.46426E-1 9.44389E-1 9.39235E-1 9.32427E-1 9.2386E-1 9.07553E-1 6.08659E-1 5.80924E-1 5.90921E-1 6.46099E-1
3.1262E-1 2.95414E-1 3.15162E-1 3.00918E-1 2.82279E-1 4.59295E-1 3.10444E-1 5.53194E-1 7.13332E-1 7.87569E-1 7.92203E-1 7.93812E-1 7.89973E-1 6.42895E-1 6.79365E-1 7.0867E-1 7.07566E-1 9.0434E-1 3.80657E-1 5.94001E-1 7.85172E-1 9.05559E-1 9.44152E-1 9.45596E-1 9.52049E-1 9.57535E-1 9.61475E-1 8.995E-1 8.5809E-1 8.91103E-1 9.06237E-1 8.52558E-1 7.30822E-1 8.03172E-1 7.64992E-1 7.96216E-1 8.50642E-1 8.41777E-1 7.80868E-1 7.34486E-1 9.2288E-1 7.67984E-1 9.39205E-1 7.82584E-1 7.69558E-1 7.46014E-1 8.38743E-1 9.20417E-1 9.50868E-1 7.61146E-1 9.24393E-1 9.43468E-1 9.37563E-1 9.2635E-1 6.33217E-1 6.94248E-1 7.14801E-1 6.80552E-1 5.73016E-1
3.57349E-1 3.30704E-1 3.19709E-1 3.03863E-1 3.7676E-1 2.42775E-1 4.4635E-1 5.93876E-1 6.06991E-1 8.15328E-1 8.22991E-1 8.2921E-1 6.63893E-1 6.93285E-1 7.18489E-1 7.11859E-1 6.70478E-1 7.90374E-1 7.87851E-1 9.35973E-1 8.31093E-1 7.14198E-1 9.47284E-1 9.49726E-1 9.56178E-1 9.60453E-1 9.63791E-1 8.74985E-1 9.6299E-1 9.67683E-1 8.46108E-1 9.25071E-1 9.07281E-1 9.40919E-1 8.54574E-1 7.61198E-1 7.53779E-1 7.68451E-1 7.43179E-1 7.43629E-1 8.56527E-1 7.89916E-1 9.4015E-1 7.59016E-1 7.52417E-1 7.84972E-1 8.62057E-1 9.38337E-1 9.48175E-1 9.47753E-1 7.36599E-1 8.24358E-1 8.28457E-1 8.24897E-1 7.48676E-1 7.21653E-1 6.3665E-1 4.50822E-1 4.38689E-1
4.12737E-1 3.86334E-1 3.92717E-1 3.70955E-1 2.89682E-1 2.43217E-1 3.69617E-1 5.5958E-1 6.72424E-1 8.37199E-1 8.49094E-1 8.57143E-1 7.8456E-1 6.51345E-1 6.88704E-1 7.03831E-1 8.16795E-1 9.18671E-1 5.50127E-1 8.01673E-1 8.30351E-1 8.63269E-1 7.79136E-1 9.52556E-1 9.57837E-1 9.61167E-1 9.37392E-1 8.51915E-1 9.22956E-1 8.15145E-1 9.53152E-1 9.66051E-1 9.61635E-1 9.57108E-1 9.12731E-1 8.2076E-1 7.54111E-1 7.57632E-1 8.43179E-1 8.73993E-1 9.33946E-1 8.04591E-1 9.43841E-1 7.51934E-1 7.59641E-1 8.17167E-1 8.77256E-1 8.61024E-1 8.72695E-1 9.27579E-1 7.78959E-1 9.31695E-1 9.4111E-1 9.36408E-1 8.91874E-1 8.42134E-1 7.52125E-1 5.56311E-1 4.13223E-1
4.48375E-1 4.29785E-1 4.70327E-1 4.4363E-1 3.93915E-1 2.0186E-1 1.79947E-1 6.01292E-1 7.15804E-1 8.55793E-1 8.70914E-1 8.82415E-1 8.90434E-1 6.55731E-1 6.94711E-1 7.42502E-1 7.27547E-1 7.65175E-1 7.6892E-1 8.7216E-1 8.04127E-1 8.29966E-1 7.73628E-1 9.5362E-1 8.54872E-1 5.81412E-1 7.95848E-1 8.72827E-1 7.82995E-1 8.18282E-1 7.84603E-1 9.56567E-1 9.60543E-1 9.41502E-1 8.00101E-1 7.45814E-1 8.46042E-1 8.68061E-1 9.2629E-1 9.352E-1 9.41297E-1 7.95839E-1 9.45261E-1 8.28255E-1 7.40971E-1 8.49137E-1 9.36734E-1 8.84167E-1 7.47491E-1 7.42239E-1 6.54085E-1 7.96201E-1 9.42753E-1 9.37046E-1 9.23884E-1 7.3799E-1 8.39254E-1 6.88565E-1 5.89912E-1
5.23569E-1 5.08896E-1 4.82821E-1 3.04635E-1 2.01838E-1 1.78313E-1 1.43575E-1 6.65981E-1 6.74469E-1 7.04944E-1 8.87393E-1 9.01574E-1 9.1232E-1 7.58133E-1 8.01969E-1 8.33612E-1 7.99504E-1 8.04319E-1 8.23501E-1 7.62305E-1 8.01008E-1 7.65927E-1 7.64225E-1 8.03933E-1 4.57005E-1 6.66554E-1 4.85339E-1 5.90795E-1 6.76151E-1 7.53442E-1 9.28876E-1 9.52972E-1 9.2675E-1 7.45189E-1 8.26756E-1 7.90456E-1 9.25907E-1 8.66602E-1 8.12237E-1 7.72768E-1 7.53314E-1 8.11369E-1 7.66726E-1 9.33238E-1 5.26011E-1 6.1819E-1 7.88122E-1 6.78257E-1 7.6409E-1 8.32903E-1 8.75979E-1 4.36187E-1 9.44035E-1 9.40938E-1 9.23974E-1 9.07015E-1 8.8807E-1 6.75698E-1 5.46448E-1
3.72507E-1 2.06756E-1 3.82441E-1 3.5446E-1 3.95975E-1 3.96146E-1 2.64935E-1 1.90415E-1 3.93007E-1 4.79382E-1 6.2816E-1 6.49242E-1 6.75249E-1 6.93694E-1 6.58479E-1 5.47059E-1 8.25049E-1 9.51799E-1 9.63139E-1 9.01769E-1 9.60924E-1 8.8229E-1 8.12762E-1 7.68897E-1 6.37285E-1 5.18872E-1 5.83322E-1 7.58599E-1 7.28987E-1 7.16411E-1 6.43573E-1 7.90727E-1 6.31213E-1 7.42957E-1 8.54419E-1 8.26216E-1 8.18775E-1 9.03613E-1 9.1478E-1 9.25079E-1 9.32456E-1 9.37661E-1 9.41466E-1 7.86176E-1 6.46809E-1 4.88605E-1 4.74345E-1 5.40497E-1 2.66985E-1 7.15805E-1 6.6842E-1 7.20754E-1 7.05918E-1 9.44606E-1 9.2882E-1 9.12877E-1 8.94139E-1 7.60688E-1 6.0991E-1
5.22649E-1 5.17506E-1 3.48229E-1 2.92898E-1 3.81653E-1 3.92134E-1 4.19232E-1 6.06237E-1 8.31455E-1 7.00757E-1 6.93706E-1 8.61409E-1 8.21627E-1 7.81264E-1 8.14528E-1 8.81437E-1 6.93396E-1 9.47392E-1 9.69558E-1 8.12398E-1 9.67569E-1 9.64556E-1 8.97953E-1 7.39509E-1 8.10223E-1 7.0086E-1 7.81511E-1 8.16743E-1 8.32779E-1 7.76693E-1 7.65606E-1 7.22467E-1 7.43101E-1 7.63912E-1 7.54068E-1 8.008E-1 7.26599E-1 6.75448E-1 7.0577E-1 7.66632E-1 8.15638E-1 9.25287E-1 9.30642E-1 8.2179E-1 5.94923E-1 3.79023E-1 3.76426E-1 4.42514E-1 6.25398E-1 6.76364E-1 6.9862E-1 5.70166E-1 3.65999E-1 9.49283E-1 9.35105E-1 9.19799E-1 9.01582E-1 7.57854E-1 6.39146E-1
6.43504E-1 4.13485E-1 3.27611E-1 2.9135E-1 2.97592E-1 3.77808E-1 3.58273E-1 7.06352E-1 7.03968E-1 6.98285E-1 7.74783E-1 7.74874E-1 7.71658E-1 8.06621E-1 8.83757E-1 8.73278E-1 8.31833E-1 6.79495E-1 9.48919E-1 9.69737E-1 8.08915E-1 9.65801E-1 9.61472E-1 8.95204E-1 8.41324E-1 7.40152E-1 7.50689E-1 7.26926E-1 7.40289E-1 8.07224E-1 7.60062E-1 8.48189E-1 8.522E-1 8.06104E-1 8.57939E-1 7.16118E-1 7.86571E-1 7.25143E-1 6.71689E-1 6.703E-1 7.88063E-1 8.77604E-1 8.55425E-1 6.66362E-1 4.82112E-1 3.29976E-1 4.46526E-1 4.24903E-1 4.96135E-1 7.36E-1 7.69012E-1 7.50018E-1 5.21484E-1 9.53092E-1 9.38779E-1 9.25378E-1 8.65024E-1 7.52787E-1 4.38145E-1
3.60458E-1 2.43492E-1 2.65867E-1 2.03016E-1 1.73449E-1 2.3719E-1 3.39427E-1 5.79481E-1 6.31002E-1 7.04972E-1 7.91098E-1 7.68203E-1 7.87399E-1 8.41113E-1 8.57666E-1 8.52189E-1 8.34819E-1 8.09495E-1 8.47564E-1 9.69031E-1 9.67628E-1 8.28418E-1 9.60807E-1 9.55309E-1 8.0382E-1 7.80417E-1 8.64301E-1 9.00761E-1 7.61527E-1 7.31574E-1 8.31554E-1 9.33226E-1 9.2949E-1 7.74428E-1 8.35725E-1 6.55306E-1 7.40051E-1 7.55517E-1 7.34072E-1 6.85053E-1 6.33917E-1 6.46156E-1 7.18692E-1 7.19265E-1 5.32124E-1 4.19825E-1 4.84747E-1 6.0424E-1 7.29464E-1 7.18505E-1 7.65129E-1 8.36074E-1 8.17036E-1 5.95209E-1 8.38158E-1 5.99812E-1 5.57479E-1 5.56008E-1 3.84832E-1
3.12463E-1 2.80623E-1 2.50662E-1 1.87186E-1 1.9773E-1 2.86228E-1 3.58182E-1 5.90172E-1 6.32999E-1 8.03034E-1 8.73734E-1 9.2527E-1 9.40839E-1 9.50884E-1 8.90374E-1 8.19185E-1 7.82936E-1 8.25239E-1 9.36195E-1 9.35596E-1 8.40801E-1 6.33009E-1 9.58763E-1 9.52906E-1 7.46377E-1 8.756E-1 9.24176E-1 9.18234E-1 7.3505E-1 7.25943E-1 9.22412E-1 9.21622E-1 8.53148E-1 8.12044E-1 8.08533E-1 6.74472E-1 6.5751E-1 6.55938E-1 6.5454E-1 6.57217E-1 6.41932E-1 6.09571E-1 6.66174E-1 8.116E-1 6.09681E-1 4.40549E-1 4.97678E-1 5.93146E-1 8.12703E-1 9.02357E-1 9.47275E-1 9.54424E-1 7.09553E-1 9.5757E-1 9.10889E-1 7.98398E-1 7.35142E-1 2.81246E-1 1.83857E-1
2.75572E-1 3.64929E-1 4.27533E-1 4.34559E-1 3.95812E-1 3.81997E-1 3.59771E-1 6.22494E-1 8.58414E-1 8.84311E-1 9.06733E-1 9.26093E-1 9.40926E-1 9.50225E-1 9.54415E-1 7.98918E-1 7.96864E-1 8.71573E-1 9.00289E-1 7.23316E-1 7.90172E-1 9.4004E-1 9.19426E-1 9.42534E-1 7.36805E-1 8.99003E-1 8.71191E-1 9.24421E-1 8.69443E-1 7.07313E-1 9.03258E-1 7.02262E-1 7.70052E-1 8.91665E-1 7.16715E-1 6.32225E-1 5.9444E-1 5.91899E-1 5.91213E-1 5.53847E-1 5.91945E-1 6.17763E-1 6.62243E-1 5.63435E-1 6.10303E-1 5.13363E-1 5.75512E-1 6.84249E-1 8.89441E-1 9.41068E-1 9.51426E-1 9.16017E-1 9.2139E-1 9.04861E-1 7.83565E-1 7.5064E-1 5.97571E-1 2.29019E-1 1.6625E-1
3.57507E-1 5.76272E-1 5.31404E-1 5.6437E-1 4.27289E-1 3.9758E-1 4.22549E-1 6.25681E-1 6.47334E-1 7.87656E-1 9.04022E-1 9.33114E-1 9.44552E-1 9.52625E-1 9.57706E-1 9.60576E-1 9.2967E-1 8.05726E-1 9.3249E-1 9.55912E-1 7.98546E-1 8.47034E-1 8.32163E-1 9.5031E-1 8.92389E-1 8.99238E-1 9.12405E-1 7.10485E-1 7.45076E-1 9.2595E-1 7.52537E-1 9.00825E-1 8.80517E-1 8.01438E-1 7.50797E-1 6.4294E-1 5.69941E-1 7.35332E-1 7.33912E-1 6.3231E-1 6.25691E-1 5.95935E-1 6.20689E-1 7.39852E-1 6.31927E-1 6.25865E-1 5.78872E-1 6.5537E-1 8.47673E-1 9.42573E-1 9.52581E-1 8.66128E-1 8.79396E-1 8.60395E-1 8.50482E-1 8.83139E-1 7.16789E-1 2.84395E-1 1.78034E-1
6.39956E-1 5.88674E-1 4.78636E-1 7.20939E-1 6.10157E-1 4.96433E-1 7.08075E-1 6.55401E-1 7.34901E-1 7.03332E-1 8.03667E-1 9.43615E-1 9.54372E-1 9.59331E-1 9.60378E-1 9.62402E-1 9.62635E-1 8.50232E-1 8.74931E-1 9.63268E-1 9.6225E-1 9.59998E-1 7.78899E-1 9.51847E-1 9.52811E-1 9.52717E-1 9.51299E-1 9.48923E-1 7.26242E-1 9.32862E-1 8.08639E-1 9.12915E-1 8.93633E-1 8.70206E-1 8.52317E-1 6.09966E-1 6.2545E-1 8.00249E-1 7.75516E-1 6.8767E-1 8.28822E-1 8.29518E-1 6.34886E-1 6.37385E-1 5.96779E-1 7.07938E-1 5.01215E-1 5.73856E-1 7.95765E-1 9.41662E-1 8.87069E-1 9.19437E-1 8.53516E-1 8.88185E-1 9.5041E-1 9.32405E-1 6.60367E-1 3.67755E-1 2.81315E-1
6.37054E-1 4.38401E-1 5.44784E-1 6.75476E-1 6.02503E-1 6.24589E-1 8.66235E-1 9.16082E-1 9.01461E-1 7.91803E-1 8.45057E-1 9.55526E-1 9.61835E-1 9.65442E-1 9.65043E-1 9.64888E-1 9.64278E-1 8.12079E-1 9.23098E-1 9.6317E-1 9.6234E-1 9.60464E-1 7.86857E-1 9.61844E-1 8.88118E-1 9.56466E-1 9.59073E-1 9.57013E-1 8.4592E-1 8.20595E-1 9.35527E-1 9.22201E-1 9.03235E-1 8.66301E-1 8.12147E-1 6.08807E-1 5.98034E-1 8.25429E-1 8.0623E-1 5.70624E-1 8.53913E-1 8.74193E-1 6.82341E-1 6.65278E-1 5.73977E-1 8.63572E-1 4.50574E-1 4.89972E-1 6.68581E-1 8.00315E-1 7.78584E-1 7.7366E-1 9.62776E-1 9.62863E-1 8.31865E-1 7.92828E-1 5.6531E-1 3.61919E-1 3.17835E-1
5.99882E-1 7.01225E-1 6.75493E-1 7.78433E-1 9.23815E-1 9.29959E-1 9.2511E-1 9.36478E-1 9.40122E-1 9.49391E-1 8.65832E-1 9.36978E-1 9.67427E-1 9.70123E-1 9.68594E-1 9.67095E-1 9.67619E-1 9.68747E-1 9.68983E-1 9.68536E-1 9.55794E-1 8.08564E-1 8.78413E-1 9.10406E-1 8.0576E-1 8.20381E-1 9.65274E-1 9.62989E-1 9.22023E-1 7.55908E-1 9.41169E-1 9.28863E-1 9.1454E-1 7.03803E-1 6.90658E-1 6.35141E-1 7.45381E-1 8.41892E-1 8.26988E-1 8.43117E-1 8.71106E-1 8.92527E-1 7.67811E-1 8.00466E-1 7.66547E-1 8.8481E-1 4.67536E-1 3.97288E-1 5.64827E-1 5.98932E-1 7.83471E-1 4.57831E-1 9.29557E-1 8.17483E-1 9.51364E-1 8.39385E-1 2.80122E-1 3.31131E-1 3.04716E-1
7.12003E-1 6.17306E-1 5.99734E-1 9.37524E-1 9.44383E-1 9.48468E-1 9.49651E-1 9.4799E-1 9.51332E-1 9.58629E-1 8.71233E-1 9.08116E-1 9.26519E-1 9.73498E-1 9.71669E-1 9.72044E-1 9.721E-1 9.7233E-1 9.72344E-1 9.72472E-1 8.60004E-1 9.13014E-1 9.24911E-1 7.07133E-1 8.80672E-1 8.58237E-1 8.13517E-1 9.66854E-1 9.62855E-1 8.78693E-1 9.14666E-1 9.37762E-1 8.05545E-1 6.80977E-1 7.60791E-1 7.34468E-1 8.76671E-1 8.55816E-1 8.43671E-1 8.54038E-1 8.83328E-1 7.36987E-1 7.87897E-1 8.36649E-1 8.14189E-1 9.1361E-1 8.43048E-1 7.17664E-1 5.90999E-1 7.25658E-1 7.7128E-1 7.21285E-1 8.84194E-1 9.63616E-1 9.51198E-1 9.34574E-1 6.7702E-1 3.29083E-1 2.465E-1
6.85818E-1 6.47144E-1 5.57714E-1 9.36186E-1 9.50877E-1 9.5466E-1 9.5564E-1 9.5562E-1 9.56271E-1 9.61285E-1 9.65199E-1 9.00764E-1 9.70206E-1 9.72886E-1 9.71962E-1 9.491E-1 9.14841E-1 9.70625E-1 8.79649E-1 9.70785E-1 8.73715E-1 9.07156E-1 9.37049E-1 7.28051E-1 8.59551E-1 8.86835E-1 9.23848E-1 8.46375E-1 9.65849E-1 9.60477E-1 8.42892E-1 9.4869E-1 9.02602E-1 7.57895E-1 7.35569E-1 7.03927E-1 8.96463E-1 8.76256E-1 8.62767E-1 8.65221E-1 8.93459E-1 7.32322E-1 7.46105E-1 8.11099E-1 8.45841E-1 9.48284E-1 8.64942E-1 7.65307E-1 8.3758E-1 8.04457E-1 7.66989E-1 8.33207E-1 6.4462E-1 8.60931E-1 6.15946E-1 9.20866E-1 9.24421E-1 3.81035E-1 2.38444E-1
