Phytophthora/models/20240429_1812_56/Phytophthora_PA1_RUN4_MAXENT_outputs/Phytophthora_PA1_RUN4.asc
ncols         225
nrows         269
xllcorner     473000.0
yllcorner     4429100.0
cellsize      50.0
NODATA_value  -9999
[rows 108 to 134 of 269, columns 60 to 119 of 225]
1.22336E-1 1.09506E-1 1.19734E-1 1.91577E-1 2.45829E-1 3.15842E-1 3.12991E-1 1.57615E-1 1.78235E-1 1.55373E-1 9.94793E-2 1.07722E-1 8.22511E-2 7.44553E-2 9.48533E-2 1.44339E-1 1.66518E-1 1.88358E-1 2.17168E-1 1.65041E-1 2.60172E-1 1.94182E-1 1.52647E-1 1.44893E-1 1.80569E-1 2.12065E-1 1.8186E-1 1.94715E-1 1.69838E-1 1.49254E-1 1.67736E-1 1.25423E-1 1.36846E-1 1.91075E-1 1.97253E-1 2.88475E-1 3.45324E-1 3.99698E-1 4.5149E-1 5.02141E-1 5.606E-1 3.99506E-1 5.98039E-1 6.01588E-1 3.12928E-1 4.03808E-1 7.8082E-2 3.98448E-1 3.84345E-1 4.05544E-1 4.19194E-1 4.42444E-1 4.95992E-1 5.30303E-1 4.95993E-1 3.40944E-1 1.42163E-1 3.96887E-1 4.56539E-1 4.7024E-1
1.26374E-1 1.48077E-1 1.14343E-1 1.25586E-1 1.3116E-1 2.83024E-1 2.86172E-1 2.74297E-1 2.50613E-1 1.68421E-1 1.07096E-1 1.11411E-1 8.97303E-2 7.86996E-2 8.99675E-2 1.49034E-1 1.64236E-1 1.90403E-1 2.14732E-1 3.08721E-1 2.27812E-1 1.85269E-1 2.00221E-1 2.28044E-1 2.41288E-1 2.21205E-1 2.14158E-1 2.29141E-1 1.89004E-1 1.82145E-1 1.89518E-1 1.63367E-1 1.73619E-1 1.92643E-1 1.99103E-1 2.75023E-1 3.26706E-1 3.68654E-1 4.33602E-1 4.97564E-1 5.83295E-1 6.14746E-1 5.43566E-1 3.69346E-1 4.86023E-1 3.81721E-1 4.09642E-1 2.32066E-1 4.86303E-1 4.56501E-1 3.50432E-1 2.38852E-1 5.05644E-1 5.07109E-1 4.95564E-1 3.99528E-1 5.08523E-1 4.94297E-1 1.68294E-1 5.38205E-1
1.07613E-1 1.40479E-1 3.6266E-2 1.38072E-1 1.5762E-1 2.09051E-1 2.08021E-1 2.5581E-1 9.5011E-2 2.16443E-1 1.23125E-1 1.22518E-1 1.04601E-1 9.497E-2 1.0722E-1 1.72751E-1 1.95303E-1 1.97635E-1 8.65429E-2 2.41926E-1 2.10304E-1 2.36317E-1 2.49502E-1 2.47876E-1 2.25435E-1 2.69819E-1 2.4449E-1 2.30411E-1 2.15695E-1 2.10212E-1 2.09918E-1 1.92654E-1 1.98391E-1 1.9546E-1 2.10102E-1 2.9411E-1 3.68552E-1 4.30762E-1 4.58129E-1 5.05881E-1 5.2671E-1 5.51142E-1 4.14118E-1 3.53975E-1 3.96344E-1 3.88423E-1 2.5971E-1 5.32931E-1 4.46201E-1 4.55282E-1 4.32979E-1 4.67799E-1 5.0727E-1 4.93253E-1 4.57309E-1 1.98042E-1 2.67311E-1 2.34058E-1 4.80964E-1 1.14159E-1
1.11331E-1 1.22696E-1 1.5233E-1 1.43247E-1 1.4623E-1 1.78098E-1 1.72458E-1 2.24351E-1 6.04778E-2 2.8035E-1 2.15791E-1 1.99045E-1 1.63875E-1 1.68501E-1 1.78359E-1 1.56069E-1 1.78084E-1 1.85706E-1 1.15587E-1 1.85307E-1 2.55277E-1 2.86058E-1 2.72783E-1 2.60577E-1 2.4237E-1 2.41575E-1 2.16073E-1 2.0829E-1 2.09209E-1 2.04525E-1 2.13693E-1 1.95186E-1 1.94933E-1 1.91094E-1 1.85637E-1 1.63747E-1 1.63229E-1 1.95093E-1 2.31895E-1 3.12228E-1 4.2144E-1 3.35041E-1 3.59446E-1 4.46044E-1 3.03448E-1 3.92947E-1 4.34651E-1 3.79822E-1 3.78441E-1 4.10682E-1 4.78926E-1 4.93164E-1 4.76148E-1 4.61342E-1 4.436E-1 3.8577E-1 4.19492E-1 4.65123E-1 4.76766E-1 2.38984E-1
1.30461E-1 1.37699E-1 1.38629E-1 1.38862E-1 1.35659E-1 1.69504E-1 1.75316E-1 2.15602E-1 2.96306E-1 2.53777E-1 2.50486E-1 2.13064E-1 1.87698E-1 1.88082E-1 2.0593E-1 1.85837E-1 2.07647E-1 9.95842E-2 2.21477E-1 2.22067E-1 2.84807E-1 2.90237E-1 2.93821E-1 2.95552E-1 2.18045E-1 1.52224E-1 3.54064E-2 2.02679E-1 2.04544E-1 2.34794E-1 1.19766E-1 8.56223E-2 2.29791E-1 2.16241E-1 1.96908E-1 1.98567E-1 1.83057E-1 2.16235E-1 2.62136E-1 1.91128E-1 6.23888E-2 3.84745E-1 4.21473E-1 5.1615E-1 2.71882E-1 4.54682E-1 4.07031E-1 4.04216E-1 4.51035E-1 4.73014E-1 4.95349E-1 4.42497E-1 4.73409E-1 4.86638E-1 4.59865E-1 3.81936E-1 3.98988E-1 4.30845E-1 4.9226E-1 4.44167E-1
1.28358E-1 8.67486E-2 1.25864E-1 1.27752E-1 1.25004E-1 1.5196E-1 1.84178E-1 2.41587E-1 3.22991E-1 1.57029E-1 3.27769E-1 2.38225E-1 2.1034E-1 2.14777E-1 2.34012E-1 2.25824E-1 1.12733E-1 8.21206E-2 3.08258E-1 2.5067E-1 3.20289E-1 3.15983E-1 1.90992E-1 3.08203E-1 2.75331E-1 2.43942E-1 2.36385E-1 2.65525E-1 2.38472E-1 1.99232E-1 1.72494E-1 1.88517E-1 2.50198E-1 2.18027E-1 2.40564E-1 1.94615E-1 2.20397E-1 2.58128E-1 2.8427E-1 2.87773E-1 2.66324E-1 2.09416E-1 2.305E-1 1.52757E-1 3.63439E-1 4.19054E-1 4.15585E-1 3.66235E-1 2.58489E-1 3.44351E-1 3.85443E-1 3.82347E-1 4.40869E-1 4.90224E-1 4.48243E-1 3.40754E-1 3.44069E-1 3.91393E-1 4.61824E-1 4.38181E-1
1.38248E-1 1.32944E-1 1.21582E-1 1.20045E-1 1.23655E-1 1.70166E-1 1.95317E-1 2.36734E-1 6.48149E-2 1.97052E-1 2.17372E-1 2.31566E-1 2.11993E-1 2.13324E-1 2.40797E-1 2.33617E-1 2.76918E-1 1.663E-1 2.01367E-1 2.5536E-1 1.84226E-1 8.96485E-2 3.21738E-1 2.74316E-1 2.18817E-1 2.18252E-1 2.73173E-1 2.64792E-1 1.77854E-1 1.3332E-1 1.46934E-1 1.25967E-1 1.95483E-1 2.13434E-1 8.18459E-2 9.59366E-2 6.87692E-2 6.31405E-2 1.87462E-1 2.1334E-1 3.03795E-1 3.37823E-1 3.54985E-1 3.91768E-1 4.70588E-1 3.73514E-1 5.65474E-2 3.91681E-1 3.00837E-1 1.31937E-1 1.92959E-1 4.5802E-1 3.68967E-1 5.22755E-1 4.75737E-1 4.05198E-1 4.12318E-1 4.64996E-1 3.90314E-1 4.72292E-1
5.16163E-2 1.23617E-1 1.13435E-1 1.12549E-1 1.26245E-1 1.85219E-1 1.99806E-1 2.00109E-1 2.24013E-1 2.09316E-1 1.01871E-1 1.96062E-1 1.90176E-1 1.75666E-1 2.02012E-1 2.57525E-1 8.40743E-2 1.90715E-1 1.61265E-1 2.03487E-1 3.09996E-1 3.0159E-1 2.6692E-1 2.4803E-1 2.23819E-1 2.60382E-1 2.53143E-1 1.69052E-1 1.30481E-1 1.26423E-1 1.36383E-1 1.39064E-1 1.74433E-1 1.89806E-1 2.09672E-1 9.06693E-2 1.99693E-1 2.0095E-1 2.3495E-1 2.1973E-1 3.16772E-1 2.64741E-1 3.79391E-1 2.57523E-1 4.03213E-1 3.49875E-1 3.10843E-1 3.68612E-1 8.15919E-2 3.01856E-1 4.3541E-1 4.70169E-1 3.89233E-1 6.08428E-1 5.64139E-1 4.62387E-1 4.86377E-1 5.40559E-1 5.89992E-1 5.1946E-1
2.83245E-1 2.43898E-1 2.31369E-1 2.66714E-1 2.86504E-1 3.2724E-1 3.20203E-1 2.55006E-1 2.98001E-1 2.94632E-1 3.22241E-1 3.34002E-1 3.43075E-1 3.14814E-1 3.43165E-1 4.35993E-1 4.13718E-1 3.38885E-1 3.43535E-1 3.39987E-1 3.18745E-1 2.97954E-1 2.89213E-1 2.92273E-1 3.35375E-1 2.85386E-1 2.1175E-1 1.93087E-1 1.53825E-1 1.43392E-1 2.14719E-1 1.85564E-1 2.2492E-1 2.62515E-1 3.09907E-1 3.32212E-1 2.64493E-1 2.4189E-1 3.72141E-1 3.83529E-1 4.37175E-1 4.71822E-1 3.71208E-1 4.53222E-1 4.15435E-1 3.19806E-1 3.20778E-1 1.04389E-1 2.66366E-1 4.6026E-2 5.22172E-1 5.78015E-1 6.31773E-1 5.90796E-1 4.77825E-1 3.7844E-1 4.51004E-1 5.19609E-1 5.55804E-1 3.22022E-1
2.53862E-1 2.44424E-1 2.60685E-1 2.95675E-1 3.043E-1 3.34444E-1 2.14614E-1 2.94609E-1 2.85973E-1 2.72748E-1 3.49254E-1 1.3173E-1 3.9936E-1 3.63882E-1 3.6377E-1 3.69452E-1 4.46358E-1 2.93932E-1 2.89132E-1 2.92618E-1 2.66023E-1 2.78043E-1 3.02034E-1 3.25823E-1 2.97026E-1 1.95668E-1 1.74999E-1 1.47082E-1 1.3151E-1 1.25353E-1 1.52537E-1 1.5535E-1 2.00597E-1 2.23001E-1 2.8363E-1 3.52454E-1 2.18456E-1 3.97063E-1 3.76043E-1 9.29874E-2 2.54617E-1 2.11634E-1 4.50692E-1 4.47329E-1 4.38551E-1 3.12547E-1 3.09013E-1 2.78138E-1 3.37614E-1 2.63494E-1 3.88531E-1 5.05033E-1 5.1523E-1 4.80041E-1 4.62298E-1 3.96434E-1 4.50144E-1 5.19854E-1 2.39884E-1 5.43159E-1
2.60152E-1 2.97826E-1 2.7848E-1 1.57021E-1 2.16183E-1 3.4172E-1 2.95982E-1 2.80934E-1 2.82515E-1 2.80179E-1 3.66518E-1 4.23986E-1 5.3124E-1 2.89016E-1 4.16234E-1 2.46069E-1 3.443E-1 2.92177E-1 2.93806E-1 2.78992E-1 2.32924E-1 2.45934E-1 3.05775E-1 2.87051E-1 2.01043E-1 1.77062E-1 1.39526E-1 1.23852E-1 1.18642E-1 1.26739E-1 1.55561E-1 1.56386E-1 1.7701E-1 1.94741E-1 2.53076E-1 3.32775E-1 3.70361E-1 3.9568E-1 3.92432E-1 3.94694E-1 4.08666E-1 4.55068E-1 4.38762E-1 4.0243E-1 4.21317E-1 2.86374E-1 2.70492E-1 2.59287E-1 1.79534E-1 2.93989E-1 4.47865E-1 4.60608E-1 5.0898E-1 5.22777E-1 5.15125E-1 4.46434E-1 4.58106E-1 4.86328E-1 5.30203E-1 6.07283E-1
2.83465E-1 3.27754E-1 3.19123E-1 2.85352E-1 9.40891E-2 2.65074E-1 2.50407E-1 2.56873E-1 2.555E-1 2.56284E-1 3.31531E-1 3.74168E-1 8.46139E-2 5.16605E-1 2.45224E-1 4.42999E-1 3.28068E-1 2.9234E-1 2.83503E-1 2.28202E-1 2.02736E-1 1.98849E-1 2.63071E-1 2.62853E-1 1.7804E-1 1.78102E-1 1.39236E-1 1.31056E-1 1.35009E-1 1.6002E-1 1.76178E-1 1.63371E-1 1.83607E-1 2.09784E-1 2.76852E-1 3.47013E-1 3.60968E-1 6.49498E-2 1.9768E-1 3.93059E-1 3.99474E-1 4.12576E-1 4.14395E-1 3.80148E-1 3.41633E-1 2.52005E-1 2.50777E-1 2.20176E-1 1.90863E-1 3.16716E-1 4.46218E-1 4.9752E-1 4.04259E-1 5.50618E-1 5.40902E-1 4.67806E-1 4.54799E-1 4.52626E-1 4.85314E-1 5.20836E-1
3.17237E-1 3.78462E-1 3.02512E-1 2.78514E-1 1.09834E-1 2.76309E-1 2.60453E-1 2.53482E-1 2.4827E-1 2.79989E-1 3.3931E-1 3.72394E-1 4.36486E-1 3.59072E-1 3.76656E-1 3.70891E-1 3.81423E-1 3.53889E-1 2.82901E-1 2.17244E-1 1.78114E-1 1.831E-1 2.68123E-1 2.26901E-1 2.12068E-1 1.89938E-1 1.5037E-1 1.54773E-1 1.7489E-1 1.86063E-1 1.94519E-1 1.69469E-1 1.78484E-1 2.11552E-1 2.80174E-1 3.01146E-1 3.57686E-1 1.40171E-1 3.67694E-1 3.45535E-1 3.58077E-1 3.78731E-1 3.86889E-1 3.68349E-1 3.26412E-1 1.98487E-1 1.86271E-1 1.83791E-1 1.90199E-1 2.85945E-1 4.45854E-1 4.55466E-1 5.17946E-1 5.43538E-1 5.4897E-1 4.66606E-1 4.68165E-1 4.64311E-1 4.63817E-1 5.13792E-1
1.00183E-1 4.14059E-1 2.90259E-1 2.88807E-1 2.9261E-1 2.90823E-1 2.59705E-1 2.73454E-1 2.69978E-1 3.24805E-1 4.19093E-1 4.53608E-1 4.87346E-1 2.06618E-1 3.96285E-1 4.32894E-1 4.04299E-1 3.3076E-1 2.76353E-1 2.26691E-1 2.18855E-1 2.62037E-1 2.6871E-1 2.68498E-1 2.75922E-1 2.54963E-1 2.2316E-1 2.37585E-1 2.48302E-1 2.62041E-1 3.10648E-1 2.68244E-1 2.42957E-1 2.86871E-1 3.42636E-1 3.38627E-1 3.44411E-1 4.1186E-1 8.57202E-2 3.21765E-1 2.71379E-1 2.91528E-1 3.19469E-1 3.20786E-1 2.71763E-1 1.95514E-1 1.89082E-1 1.90986E-1 2.01575E-1 2.31448E-1 2.91627E-1 3.32989E-1 3.97877E-1 4.36616E-1 4.66998E-1 5.23312E-1 4.92538E-1 4.51862E-1 4.77881E-1 5.38821E-1
4.31516E-1 3.86638E-1 2.96238E-1 3.26673E-1 1.5803E-1 3.05324E-1 2.58226E-1 2.07301E-1 2.26848E-1 2.39387E-1 3.19777E-1 4.18074E-1 5.02015E-1 2.97E-1 5.33496E-1 4.46152E-1 4.03361E-1 3.22503E-1 2.78822E-1 2.4258E-1 2.77279E-1 3.25207E-1 2.6303E-1 3.18018E-1 3.35731E-1 3.01338E-1 2.66751E-1 2.81478E-1 2.84484E-1 2.74674E-1 3.2371E-1 2.80703E-1 2.43201E-1 2.56946E-1 3.29765E-1 3.39969E-1 3.77756E-1 3.45347E-1 3.12751E-1 2.79519E-1 2.47475E-1 2.51357E-1 2.86212E-1 2.78808E-1 2.55247E-1 1.87184E-1 1.8325E-1 1.94031E-1 2.16932E-1 2.32432E-1 2.89733E-1 3.03136E-1 3.40953E-1 3.8137E-1 4.26715E-1 5.40401E-1 5.46509E-1 5.50616E-1 5.06364E-1 5.37533E-1
4.04819E-1 3.50232E-1 3.51544E-1 3.73469E-1 3.3103E-1 2.98206E-1 2.54335E-1 2.51578E-1 2.07756E-1 2.26623E-1 2.60062E-1 2.98257E-1 4.21372E-1 3.5283E-1 5.30147E-1 4.41496E-1 3.8495E-1 3.33559E-1 3.16481E-1 3.18506E-1 3.46273E-1 3.38851E-1 3.8904E-1 4.16427E-1 3.24294E-1 3.26483E-1 3.15437E-1 3.12043E-1 2.97984E-1 2.76367E-1 2.96417E-1 2.86034E-1 2.45181E-1 2.57686E-1 3.47678E-1 3.36188E-1 1.76225E-1 3.31339E-1 2.61912E-1 2.43675E-1 2.25399E-1 2.20643E-1 2.40298E-1 2.66134E-1 2.64868E-1 2.007E-1 2.03409E-1 2.14392E-1 2.39017E-1 2.64012E-1 3.24853E-1 3.39299E-1 3.59706E-1 3.71886E-1 4.36905E-1 5.79866E-1 6.02906E-1 5.39666E-1 4.70574E-1 5.70355E-1
3.77333E-1 3.86085E-1 4.07571E-1 1.4639E-1 3.20641E-1 2.79094E-1 2.2409E-1 2.10544E-1 2.04734E-1 2.14925E-1 2.74628E-1 3.08012E-1 3.53301E-1 4.7055E-1 3.70464E-1 4.35935E-1 4.09106E-1 4.05436E-1 4.15897E-1 3.73005E-1 3.61696E-1 3.74504E-1 3.6308E-1 3.20456E-1 3.25719E-1 3.58883E-1 3.44725E-1 3.06565E-1 2.8883E-1 4.12875E-2 2.8252E-1 2.61063E-1 2.42986E-1 2.80133E-1 3.12756E-1 2.63529E-1 8.75744E-2 3.26792E-1 2.48927E-1 2.08206E-1 1.95273E-1 1.96094E-1 2.33405E-1 2.76599E-1 2.1496E-1 2.02856E-1 2.33896E-1 2.48358E-1 2.5413E-1 2.93529E-1 3.66616E-1 3.70363E-1 3.90615E-1 4.05883E-1 4.41485E-1 5.50362E-1 6.04151E-1 6.08836E-1 5.6496E-1 5.65254E-1
3.76442E-1 4.09187E-1 4.29165E-1 2.79951E-1 3.13562E-1 2.52087E-1 2.09731E-1 2.03551E-1 2.07014E-1 2.20552E-1 2.92996E-1 3.37309E-1 3.68003E-1 3.86505E-1 6.90039E-2 4.74194E-1 5.16747E-1 4.69356E-1 4.21618E-1 3.79632E-1 3.43339E-1 2.6614E-1 2.56597E-1 2.74227E-1 3.18446E-1 4.01656E-1 3.55625E-1 2.9388E-1 2.74972E-1 1.38277E-1 2.73347E-1 2.28914E-1 2.23596E-1 2.53839E-1 2.87823E-1 2.02067E-1 2.37707E-1 3.07287E-1 2.11269E-1 1.94194E-1 1.90915E-1 2.156E-1 2.58094E-1 2.79441E-1 2.46187E-1 2.48547E-1 3.05556E-1 2.96804E-1 2.86713E-1 3.18699E-1 3.86929E-1 3.38624E-1 4.109E-1 4.46602E-1 5.06147E-1 6.01572E-1 6.25572E-1 5.37033E-1 6.10563E-1 5.96325E-1
4.08786E-1 4.47939E-1 4.08886E-1 3.9528E-1 3.31629E-1 3.16073E-1 2.76984E-1 2.90019E-1 3.07872E-1 2.97084E-1 3.10174E-1 3.5663E-1 4.48413E-1 4.54145E-1 4.65723E-1 5.00399E-1 4.51144E-1 4.15105E-1 3.64747E-1 3.07908E-1 2.85669E-1 3.06895E-1 3.10028E-1 3.64074E-1 3.94421E-1 2.73452E-1 3.88534E-1 3.33717E-1 3.01355E-1 1.15704E-1 2.27181E-1 1.84248E-1 1.66537E-1 1.97146E-1 2.31102E-1 1.34041E-1 2.27275E-2 2.18533E-1 1.46317E-1 1.39108E-1 1.4761E-1 1.79749E-1 2.18084E-1 2.53186E-1 2.7272E-1 2.7296E-1 3.28801E-1 3.12998E-1 3.15507E-1 2.80511E-1 3.31931E-1 3.59497E-1 3.87691E-1 3.95261E-1 4.60588E-1 4.33534E-1 4.10563E-1 4.50298E-1 4.31338E-1 4.35764E-1
4.378E-1 4.64775E-1 4.65789E-1 4.07358E-1 3.22631E-1 3.19005E-1 3.12143E-1 3.1656E-1 3.36415E-1 3.23941E-1 3.15914E-1 3.4397E-1 4.05879E-1 4.0947E-1 2.20583E-1 4.61846E-1 4.37313E-1 3.7603E-1 2.55208E-1 2.37634E-1 3.17629E-1 3.29422E-1 3.20123E-1 3.34287E-1 4.10221E-1 4.73152E-1 3.69987E-1 3.23573E-1 2.86743E-1 2.66777E-1 2.37509E-1 1.92763E-1 1.61201E-1 1.19742E-1 1.26273E-1 1.11324E-1 4.09057E-2 1.98358E-1 1.98798E-1 1.28462E-1 1.55516E-1 1.99335E-1 2.39215E-1 2.89544E-1 3.33592E-1 3.36241E-1 2.0877E-1 1.5794E-1 3.57872E-1 3.12016E-1 3.64577E-1 3.9099E-1 1.71637E-1 4.14015E-1 4.72653E-1 4.00285E-1 3.82331E-1 4.09125E-1 4.04467E-1 4.52533E-1
3.18407E-1 3.14171E-1 3.61686E-1 3.44071E-1 3.14662E-1 3.54516E-1 3.51818E-1 3.4291E-1 3.45637E-1 3.42495E-1 3.41672E-1 3.37478E-1 4.1581E-1 4.42147E-1 4.92607E-1 4.2054E-1 3.30105E-1 2.88052E-1 2.5282E-1 2.82932E-1 3.54839E-1 3.36577E-1 3.24192E-1 3.54145E-1 4.19199E-1 4.57563E-1 3.68477E-1 2.79715E-1 2.73601E-1 2.62127E-1 2.31899E-1 2.01012E-1 1.69827E-1 1.32506E-1 1.10568E-1 8.86887E-2 1.12601E-1 1.86197E-1 2.16043E-1 1.74518E-1 1.92026E-1 1.11286E-1 2.67988E-1 3.12661E-1 3.45109E-1 3.17496E-1 3.55865E-1 4.06881E-1 3.40442E-1 2.84226E-1 3.91237E-1 4.19298E-1 3.88764E-1 3.99517E-1 4.36104E-1 4.07994E-1 3.94561E-1 4.00936E-1 3.85976E-1 4.10795E-1
2.95484E-1 3.23727E-1 3.53683E-1 3.563E-1 3.43449E-1 4.02717E-1 1.95037E-1 3.77866E-1 3.79725E-1 3.67912E-1 3.70658E-1 3.70301E-1 4.35347E-1 4.60254E-1 4.48444E-1 3.98903E-1 3.2117E-1 3.07903E-1 2.85735E-1 3.21706E-1 3.97673E-1 3.78239E-1 3.39344E-1 3.69596E-1 4.68956E-1 4.35784E-1 3.33456E-1 2.43062E-1 2.57126E-1 2.4251E-1 2.18414E-1 2.00256E-1 1.88929E-1 1.59702E-1 1.13818E-1 8.93753E-2 1.16415E-1 1.65628E-1 2.35292E-1 1.70704E-1 1.94946E-1 2.13237E-1 2.33009E-1 3.0304E-1 2.87043E-1 2.70112E-1 3.54808E-1 3.87921E-1 2.93972E-1 3.08078E-1 3.89434E-1 4.18067E-1 3.90228E-1 4.02103E-1 4.60078E-1 4.42489E-1 1.5803E-1 4.27857E-1 4.37601E-1 4.57978E-1
2.96811E-1 3.19208E-1 3.44159E-1 1.37377E-1 3.85506E-1 4.10908E-1 4.01733E-1 4.26515E-1 3.66416E-1 3.69141E-1 3.53526E-1 3.88773E-1 4.80332E-1 1.76072E-1 4.63011E-1 4.20807E-1 3.72237E-1 3.78466E-1 3.63393E-1 3.74085E-1 4.38897E-1 4.29581E-1 3.85106E-1 3.64562E-1 4.30915E-1 4.06574E-1 3.01142E-1 2.60995E-1 2.77548E-1 2.75056E-1 2.55579E-1 2.32402E-1 2.21533E-1 2.21307E-1 1.63823E-1 1.26747E-1 1.44786E-1 1.95012E-1 1.39473E-1 2.55355E-1 1.95897E-1 1.96614E-1 2.17165E-1 2.87721E-1 3.16755E-1 2.84127E-1 3.85748E-1 3.86802E-1 2.70685E-1 2.88764E-1 3.73649E-1 4.39434E-1 4.32007E-1 4.61091E-1 5.30296E-1 4.38711E-1 1.72239E-1 4.30666E-1 4.32632E-1 4.59562E-1
2.72989E-1 2.85225E-1 3.24257E-1 3.71407E-1 3.86042E-1 4.01648E-1 3.87325E-1 3.9646E-1 3.46173E-1 3.61525E-1 4.18901E-1 4.14369E-1 4.92502E-1 4.28777E-1 5.44118E-1 6.05097E-1 6.05061E-1 5.56973E-1 5.45343E-1 5.08195E-1 1.50475E-1 1.41306E-1 4.31155E-1 4.711E-1 4.47967E-1 3.64741E-1 2.62508E-1 2.27057E-1 2.49341E-1 2.56732E-1 1.76117E-1 1.68124E-1 2.25553E-1 2.36903E-1 2.39978E-1 1.16812E-1 1.60909E-1 1.81392E-1 2.17728E-1 2.59817E-1 1.91285E-1 1.56745E-1 1.85961E-1 2.72467E-1 3.21803E-1 2.36385E-1 3.46555E-1 3.3349E-1 2.5938E-1 2.30819E-1 2.67279E-1 3.32948E-1 3.18148E-1 9.57193E-2 4.08835E-1 4.29156E-1 4.18007E-1 4.3678E-1 3.76392E-1 1.30795E-1
2.51996E-1 2.75788E-1 2.64153E-1 9.67089E-2 3.94158E-1 3.73443E-1 3.57497E-1 3.39261E-1 3.29841E-1 3.62613E-1 4.44796E-1 4.12E-1 4.42334E-1 5.08225E-1 4.35848E-1 6.39776E-1 2.09891E-1 4.17491E-1 6.0347E-1 5.93756E-1 5.62539E-1 5.43482E-1 5.56895E-1 5.24039E-1 4.8969E-1 3.87453E-1 3.287E-1 2.73793E-1 3.23264E-1 6.59612E-2 2.39708E-1 2.27544E-1 2.16354E-1 2.36614E-1 2.78456E-1 2.39899E-1 9.48259E-2 2.03838E-1 1.99227E-1 2.49223E-1 2.37344E-1 1.49678E-1 2.04905E-1 2.82567E-1 3.32647E-1 2.4434E-1 3.04677E-1 2.78797E-1 3.68801E-1 2.77026E-1 2.91329E-1 3.7561E-1 3.42075E-1 3.37001E-1 3.93338E-1 4.46557E-1 4.05417E-1 4.6489E-1 2.29154E-1 3.23031E-1
2.34339E-1 2.73295E-1 9.34814E-2 3.714E-1 3.3144E-1 3.52448E-1 3.18309E-1 3.28985E-1 3.55887E-1 3.98169E-1 4.99508E-1 4.66748E-1 1.28634E-1 3.33825E-1 8.34036E-2 4.61336E-1 5.57021E-1 5.19056E-1 5.74649E-1 5.42515E-1 5.32082E-1 5.1772E-1 5.54652E-1 5.39048E-1 4.68214E-1 2.18134E-1 2.19053E-1 3.53703E-1 1.50741E-1 2.09029E-1 2.17961E-1 1.90203E-1 2.04811E-1 1.93885E-1 2.54186E-1 2.45896E-1 2.83658E-1 1.15237E-1 2.37416E-1 2.87501E-1 2.66409E-1 1.95734E-1 1.9015E-1 2.79863E-1 3.26545E-1 2.32261E-1 2.94519E-1 3.82359E-1 1.77417E-1 3.26784E-1 3.09928E-1 3.52618E-1 3.63702E-1 2.99054E-1 3.61539E-1 4.21035E-1 4.43909E-1 1.98673E-1 4.08831E-1 3.09174E-1
2.42386E-1 2.82875E-1 4.28863E-1 3.59157E-1 2.11391E-1 3.72671E-1 3.4252E-1 3.81016E-1 4.17434E-1 2.41938E-1 5.16784E-1 5.02246E-1 4.74294E-1 5.4305E-1 2.19658E-1 6.33375E-1 5.97151E-1 5.6382E-1 5.40591E-1 5.21771E-1 4.76517E-1 3.71237E-1 5.14191E-1 5.0899E-1 3.93058E-1 3.62365E-1 3.37045E-1 3.49211E-1 2.11939E-1 2.1705E-1 2.19784E-1 1.72389E-1 1.90386E-1 2.05989E-1 2.33136E-1 2.41736E-1 2.87691E-1 2.71756E-1 2.30256E-1 3.05939E-1 2.93414E-1 2.86819E-1 2.23326E-1 2.70726E-1 3.12269E-1 2.24394E-1 2.62067E-1 3.61238E-1 3.7724E-1 3.78183E-1 3.36438E-1 3.45006E-1 3.98059E-1 3.05436E-1 3.43872E-1 3.61884E-1 2.60183E-1 4.19481E-1 3.08869E-1 2.39097E-1
