Phytophthora/models/20240429_1812_56/Phytophthora_PA1_RUN4_MAXENT_outputs/Phytophthora_PA1_RUN4.asc
ncols         225
nrows         269
xllcorner     473000.0
yllcorner     4429100.0
cellsize      50.0
NODATA_value  -9999
[rows 162 to 188 of 269, columns 120 to 179 of 225]
6.2638E-2 3.4351E-1 2.13924E-1 2.30555E-1 2.88138E-1 3.3227E-1 3.60001E-1 3.92841E-1 1.30329E-1 2.384E-1 8.58091E-2 4.73997E-1 4.31631E-1 4.21002E-1 4.09286E-1 4.71597E-1 5.10416E-1 5.60034E-1 6.0548E-1 5.12851E-1 3.73573E-1 3.32428E-1 3.30765E-1 2.52521E-1 3.39906E-1 1.91994E-1 2.2408E-1 2.71943E-1 3.24744E-1 3.1864E-1 2.26212E-1 1.69564E-1 1.28752E-1 1.09366E-1 1.34753E-1 2.18417E-1 2.23155E-1 2.17201E-1 1.97042E-1 1.98924E-1 2.16967E-1 2.64694E-1 3.12558E-1 3.56117E-1 3.44924E-1 1.6265E-1 2.17795E-1 2.35875E-1 1.96862E-1 2.0431E-1 2.77731E-1 2.62741E-1 4.15505E-1 3.21993E-1 2.8241E-1 1.72436E-1 2.80526E-1 2.92259E-1 2.78515E-1 2.2497E-1
4.16873E-1 3.48134E-1 3.54292E-1 2.99945E-1 2.10735E-1 3.4873E-1 3.56661E-1 3.81936E-1 4.23433E-1 4.65774E-1 4.40742E-1 3.72924E-1 4.4179E-1 4.14643E-1 3.85846E-1 4.45722E-1 5.31107E-1 5.65524E-1 2.83006E-2 3.84264E-1 2.93809E-1 1.6618E-1 3.48095E-1 1.89756E-1 1.49071E-1 1.65528E-1 1.97074E-1 2.216E-1 2.39659E-1 2.68387E-1 1.95302E-1 1.52854E-1 1.27661E-1 1.70853E-1 1.47614E-1 2.00085E-1 1.9535E-1 1.95314E-1 1.95298E-1 2.05043E-1 2.21486E-1 2.71999E-1 3.22551E-1 2.12574E-1 4.01434E-1 3.68538E-1 1.15302E-1 2.71524E-1 2.26372E-1 4.7146E-2 9.9263E-2 1.77247E-1 1.22248E-1 2.32639E-1 1.09955E-1 3.35074E-1 2.71109E-1 2.52523E-1 2.68023E-1 2.76256E-1
3.90125E-1 3.41984E-1 2.96979E-1 2.82643E-1 2.28245E-1 3.58264E-1 3.84216E-1 3.88255E-1 3.86251E-1 4.34321E-1 4.70134E-1 1.47111E-1 4.8067E-1 4.44982E-1 4.02347E-1 4.23422E-1 3.26523E-1 5.17155E-1 5.11681E-1 4.25362E-1 2.2613E-1 2.16774E-1 2.98561E-1 1.69653E-1 2.70342E-1 2.12598E-1 1.96641E-1 2.06303E-1 2.15675E-1 1.14872E-1 1.79508E-1 1.46419E-1 1.55599E-1 1.60207E-1 1.86759E-1 2.52307E-1 2.45424E-1 2.33592E-1 2.24409E-1 1.97576E-1 2.09125E-1 2.55546E-1 2.99608E-1 3.32515E-1 3.58589E-1 8.67305E-2 1.4289E-1 2.16189E-1 2.4152E-1 1.75023E-1 1.82796E-1 2.97973E-1 4.12649E-1 3.22519E-1 2.90335E-1 3.10012E-1 2.94892E-1 2.77345E-1 2.62137E-1 2.85247E-1
4.25089E-1 3.5967E-1 2.83217E-1 2.87514E-1 2.25516E-1 3.14907E-1 3.47991E-1 3.68707E-1 3.62983E-1 4.27306E-1 4.94355E-1 1.94647E-1 5.55742E-1 5.50614E-1 2.79552E-1 1.9338E-1 2.90843E-1 4.01488E-1 2.70928E-1 2.08289E-1 2.62839E-1 2.57198E-1 2.25083E-1 2.5905E-1 2.79353E-1 2.17927E-1 2.17074E-1 2.10057E-1 2.33092E-1 1.1092E-1 1.6999E-1 1.67346E-1 1.73219E-1 1.93857E-1 2.40699E-1 3.15109E-1 3.1722E-1 2.8396E-1 2.41435E-1 2.26195E-1 1.95605E-1 2.34471E-1 2.74264E-1 3.05598E-1 3.35856E-1 2.26689E-1 2.55674E-1 2.9406E-1 2.23412E-1 1.80143E-1 2.23889E-1 2.81711E-1 2.8332E-1 3.95339E-1 2.11876E-1 3.02348E-1 3.08565E-1 3.13972E-1 3.16564E-1 3.04321E-1
4.16353E-1 3.42156E-1 2.87647E-1 2.72203E-1 2.35625E-1 3.06388E-1 3.5444E-1 3.91097E-1 4.30346E-1 4.63324E-1 5.12019E-1 3.20124E-1 6.15102E-1 5.68757E-1 5.27233E-1 3.80158E-1 3.87018E-1 4.60019E-1 4.04838E-1 4.36352E-1 3.4031E-1 4.74425E-1 4.67863E-1 4.91684E-1 4.78811E-1 4.04688E-1 4.12601E-1 4.38558E-1 4.79734E-1 2.10833E-1 3.59445E-1 2.702E-1 2.83386E-1 3.28201E-1 3.70482E-1 3.17693E-1 3.09576E-1 2.70148E-1 2.35145E-1 2.20331E-1 2.19525E-1 2.22868E-1 2.45711E-1 2.94307E-1 3.16461E-1 3.78218E-1 4.06017E-1 3.6362E-1 3.93351E-1 3.46257E-1 2.47277E-1 1.97887E-1 2.17569E-1 9.45585E-2 1.90864E-1 3.37873E-1 2.90387E-1 4.13469E-1 4.24424E-1 4.25463E-1
2.22371E-1 3.18097E-1 2.44675E-1 2.48918E-1 2.3749E-1 3.1082E-1 3.46273E-1 3.74399E-1 4.33855E-1 4.97021E-1 5.36009E-1 2.80322E-1 5.34123E-1 4.51456E-1 4.28502E-1 4.37635E-1 4.79027E-1 4.88072E-1 3.06473E-1 5.29612E-1 5.31063E-1 4.93286E-1 4.85581E-1 5.02766E-1 5.36684E-1 4.84513E-1 4.36996E-1 4.33103E-1 4.58058E-1 4.78507E-1 2.76762E-1 3.08487E-1 3.48298E-1 4.3701E-1 4.35359E-1 3.85708E-1 3.54216E-1 3.14407E-1 2.69042E-1 2.42876E-1 2.63344E-1 2.58333E-1 2.54536E-1 2.85381E-1 1.17682E-1 4.38446E-1 4.11715E-1 3.70158E-1 9.77982E-2 1.78384E-1 2.2262E-1 1.65386E-1 1.43979E-1 1.60351E-1 1.8522E-1 2.78871E-1 7.77718E-2 2.94648E-1 1.85779E-1 4.24656E-1
2.52977E-1 1.97419E-1 2.5001E-1 2.41249E-1 2.45699E-1 3.19295E-1 3.75319E-1 3.61081E-1 3.73705E-1 4.42443E-1 4.96428E-1 5.47807E-1 5.0946E-1 4.93178E-1 3.34892E-1 3.16368E-1 4.89389E-1 4.77594E-1 4.76126E-1 4.54075E-1 4.46948E-1 4.52064E-1 4.70082E-1 4.78348E-1 4.90236E-1 4.98186E-1 5.2952E-1 4.99759E-1 4.82485E-1 4.04306E-1 3.71781E-1 3.48817E-1 1.73474E-1 4.85849E-1 4.73778E-1 9.62954E-2 1.93225E-1 2.79239E-1 3.00536E-1 2.83204E-1 2.79328E-1 2.77045E-1 2.64069E-1 2.64494E-1 2.22837E-1 4.51919E-1 4.10222E-1 3.9733E-1 3.67952E-1 3.45699E-1 1.55904E-1 1.59108E-1 1.45692E-1 1.48391E-1 1.74862E-1 2.76686E-1 2.43794E-1 3.43113E-1 3.49287E-1 3.58239E-1
2.62519E-1 2.30558E-1 2.20331E-1 2.35453E-1 2.74587E-1 3.99564E-1 4.65137E-1 4.23702E-1 3.84568E-1 4.44875E-1 4.64781E-1 5.69761E-1 1.44254E-1 1.39253E-1 4.96011E-1 4.63984E-1 4.69928E-1 4.74594E-1 4.65828E-1 4.54015E-1 4.38282E-1 4.5185E-1 4.49624E-1 4.51187E-1 2.20207E-1 4.31306E-1 9.3423E-2 4.21204E-1 3.83973E-1 3.23737E-1 2.64934E-1 2.26491E-1 3.30585E-1 1.46215E-1 4.48771E-1 3.99226E-1 3.76068E-1 3.26906E-1 3.06975E-1 2.64394E-1 2.77218E-1 2.74324E-1 2.66223E-1 2.53246E-1 2.97701E-1 3.93575E-1 4.30113E-1 3.94289E-1 3.72505E-1 3.50205E-1 2.4038E-1 1.92085E-1 1.98958E-1 8.0814E-2 1.92814E-1 2.69968E-1 3.3179E-1 3.38272E-1 3.61635E-1 3.64311E-1
2.63031E-1 2.47497E-1 2.23226E-1 1.82528E-1 1.89865E-1 3.13809E-1 4.53129E-1 2.04791E-1 4.98069E-1 4.67143E-1 4.56381E-1 5.752E-1 5.48917E-1 4.76477E-1 4.43878E-1 4.30299E-1 4.67186E-1 4.81464E-1 4.72083E-1 4.61114E-1 4.35516E-1 4.54648E-1 4.53622E-1 4.70352E-1 1.35268E-1 4.31995E-1 4.41918E-1 4.15263E-1 3.71479E-1 3.54236E-1 2.71322E-1 2.30022E-1 3.18273E-1 4.80342E-1 5.40196E-1 4.71652E-1 3.43538E-1 2.51265E-1 2.62719E-1 2.68631E-1 2.54417E-1 2.55576E-1 2.5238E-1 2.48384E-1 3.04737E-1 4.0109E-1 2.78544E-1 3.58648E-1 3.58848E-1 3.31851E-1 1.2716E-1 2.06032E-1 7.6973E-2 1.93236E-1 1.96402E-1 2.96739E-1 2.80454E-1 2.60088E-1 3.78359E-1 3.77325E-1
2.55792E-1 2.38971E-1 1.92906E-1 1.62954E-1 1.22603E-1 1.55104E-1 1.94878E-1 2.62935E-1 4.07527E-1 3.11839E-1 4.37495E-1 5.77147E-1 5.48226E-1 4.72554E-1 4.22893E-1 3.79941E-1 4.30119E-1 4.5563E-1 4.97279E-1 4.29099E-1 3.92281E-1 4.05056E-1 4.0587E-1 4.23928E-1 3.7482E-1 4.3778E-1 3.65966E-1 3.50777E-1 3.62396E-1 3.97921E-1 4.6972E-1 4.40355E-1 4.99514E-1 5.36572E-1 4.34701E-1 3.37078E-1 2.73725E-1 2.30688E-1 2.61546E-1 2.47603E-1 3.36972E-1 3.45072E-1 3.3678E-1 3.49815E-1 2.99886E-1 3.22275E-1 2.19158E-1 2.63681E-1 3.15663E-1 3.16401E-1 2.7174E-1 2.39888E-1 2.32094E-1 2.07725E-1 2.03021E-1 2.31137E-1 2.06415E-1 2.75329E-1 3.26432E-1 3.01386E-1
2.54188E-1 2.20422E-1 1.98368E-1 2.23651E-1 1.89124E-1 1.16149E-1 1.52365E-1 2.0308E-1 2.58531E-1 3.27868E-1 5.13577E-1 5.18845E-1 3.4006E-1 4.74972E-1 4.14482E-1 3.61114E-1 3.64856E-1 3.55615E-1 4.839E-1 3.35688E-1 4.6359E-1 3.98952E-1 4.25379E-1 4.54772E-1 4.39143E-1 4.87268E-1 4.44209E-1 4.05475E-1 3.93367E-1 2.5849E-1 4.98156E-1 4.57464E-1 5.0512E-1 2.80935E-1 4.78763E-1 2.89422E-1 2.27925E-1 2.45182E-1 2.50061E-1 2.60617E-1 3.66886E-1 3.2592E-1 3.47398E-1 3.58449E-1 1.71724E-1 1.91429E-1 1.4886E-1 1.82062E-1 2.6666E-1 2.70498E-1 1.34209E-1 2.19625E-1 2.07123E-1 2.00019E-1 1.83374E-1 2.11218E-1 2.41071E-1 2.71876E-1 2.91541E-1 2.48827E-1
2.67372E-1 2.6326E-1 2.12401E-1 1.86988E-1 1.88647E-1 1.8521E-1 1.50304E-1 1.73096E-1 2.05757E-1 2.53054E-1 3.69839E-1 4.04867E-1 5.01548E-1 2.65429E-1 4.53044E-1 3.70467E-1 3.2181E-1 2.94794E-1 3.72646E-1 2.12601E-1 4.78644E-1 3.97281E-1 4.51788E-1 3.2068E-1 4.57453E-1 5.24876E-1 2.69668E-1 1.69351E-1 3.0124E-1 4.26444E-1 4.92793E-1 5.14469E-1 5.5304E-1 3.2321E-1 4.39223E-1 2.78711E-1 2.22162E-1 1.95372E-1 2.55349E-1 1.92187E-1 3.54856E-1 3.60488E-1 3.60811E-1 4.2533E-1 1.55419E-1 1.34226E-1 1.22631E-1 2.05438E-1 2.90871E-1 3.14522E-1 2.71494E-1 2.73124E-1 2.35771E-1 1.93847E-1 1.81861E-1 2.73603E-1 2.49834E-1 2.3675E-1 2.57099E-1 2.19303E-1
2.8211E-1 2.95502E-1 2.50065E-1 1.91902E-1 1.64563E-1 1.59421E-1 1.8671E-1 1.57955E-1 1.67737E-1 2.062E-1 3.02975E-1 3.09841E-1 3.58204E-1 4.62859E-1 2.05894E-1 4.22583E-1 3.036E-1 2.98377E-1 3.05557E-1 4.92503E-1 2.67698E-1 4.18469E-1 4.81185E-1 2.87957E-1 4.59823E-1 5.56692E-1 4.85916E-1 4.19826E-1 3.98948E-1 4.27473E-1 4.92441E-1 5.62384E-1 4.7199E-1 6.07423E-1 4.19461E-1 2.46244E-1 2.08589E-1 1.8299E-1 2.70244E-1 2.42516E-1 4.04653E-1 4.03426E-1 3.94444E-1 4.43463E-1 5.66332E-2 1.67006E-1 1.84605E-1 1.57448E-1 3.68049E-1 3.58941E-1 2.92441E-1 3.08107E-1 2.37177E-1 2.08037E-1 2.40315E-1 2.78143E-1 2.5187E-1 2.32418E-1 1.91402E-1 1.91512E-1
3.0257E-1 3.41371E-1 2.64338E-1 2.06896E-1 1.76862E-1 1.43599E-1 1.52662E-1 1.84882E-1 1.78173E-1 1.74972E-1 2.52834E-1 2.64068E-1 2.99917E-1 3.10453E-1 4.1474E-1 3.29471E-1 3.29709E-1 3.00628E-1 3.27428E-1 3.41967E-1 5.11012E-1 3.49386E-1 5.18897E-1 2.70903E-1 4.71496E-1 5.45445E-1 4.02267E-1 4.0564E-1 4.05005E-1 4.34102E-1 5.38335E-1 6.2113E-1 4.54836E-1 6.21344E-1 4.09032E-1 2.38949E-1 2.27478E-1 2.0516E-1 2.0638E-1 7.12939E-2 4.08124E-1 3.96157E-1 3.96531E-1 3.94609E-1 2.03689E-1 1.05236E-1 1.97017E-1 1.85833E-1 3.41954E-1 3.61856E-1 1.19796E-1 2.66249E-1 2.15648E-1 1.74649E-1 2.04632E-1 3.14858E-1 2.67689E-1 1.84753E-1 1.43797E-1 1.46914E-1
3.82333E-1 4.42882E-1 3.3989E-1 2.66988E-1 1.90839E-1 1.64906E-1 1.36305E-1 1.47942E-1 1.55605E-1 1.54364E-1 1.89084E-1 1.94089E-1 2.3754E-1 2.51618E-1 2.94925E-1 3.08077E-1 4.19698E-1 3.09798E-1 3.27218E-1 3.38384E-1 2.74853E-1 3.06853E-1 4.61441E-1 1.20456E-1 3.42903E-1 3.14037E-1 2.66146E-1 3.04951E-1 2.61355E-1 3.43325E-1 3.75824E-1 2.35273E-1 4.59514E-1 3.37618E-1 2.36874E-1 2.31992E-1 2.27192E-1 2.56794E-1 8.54818E-2 2.91157E-1 4.29807E-1 4.27329E-1 4.20962E-1 4.41644E-1 1.39058E-1 1.76615E-1 2.6344E-1 2.4447E-1 3.27188E-1 2.85693E-1 2.48865E-1 2.45879E-1 2.38707E-1 2.05008E-1 1.42274E-1 1.53241E-1 1.53328E-1 1.38518E-1 1.00255E-1 8.86426E-2
4.48155E-1 4.75806E-1 3.54545E-1 2.8589E-1 2.10196E-1 1.80537E-1 1.43728E-1 1.29167E-1 1.3577E-1 1.74172E-1 1.74642E-1 1.9251E-1 2.24698E-1 2.44709E-1 2.72506E-1 3.89899E-1 2.19573E-1 3.33098E-1 3.48945E-1 3.49301E-1 2.64178E-1 3.4971E-1 2.76545E-1 3.77006E-1 3.49032E-1 1.27092E-1 3.01171E-1 3.31387E-1 3.20605E-1 6.54996E-2 9.64335E-2 2.09526E-1 2.80541E-1 2.47679E-1 2.46916E-1 2.60228E-1 2.76204E-1 3.11076E-1 2.96368E-1 2.76283E-1 3.88792E-1 3.88353E-1 3.86405E-1 3.7224E-1 2.50276E-1 2.38795E-1 2.56788E-1 2.54575E-1 2.81473E-1 2.86395E-1 2.71038E-1 2.65503E-1 2.16293E-1 1.89647E-1 1.63481E-1 1.55292E-1 1.4027E-1 1.28836E-1 1.07257E-1 9.69573E-2
5.31111E-1 4.96411E-1 3.49878E-1 3.02235E-1 2.3674E-1 1.9831E-1 1.57429E-1 1.25288E-1 1.18405E-1 1.47988E-1 1.8616E-1 1.64391E-1 1.89169E-1 1.99313E-1 2.39584E-1 3.18239E-1 2.85555E-1 4.27121E-1 3.9829E-1 3.48274E-1 2.70429E-1 3.58067E-1 3.48672E-1 2.80057E-1 3.49052E-1 3.92068E-1 2.6841E-1 3.24456E-1 9.47798E-2 3.0708E-1 1.92241E-1 2.37091E-1 2.74734E-1 2.70862E-1 2.83341E-1 3.07441E-1 5.33562E-2 2.82331E-1 2.55095E-1 2.52418E-1 3.79662E-1 3.6649E-1 3.57008E-1 3.61762E-1 3.21939E-1 7.16991E-2 2.72639E-1 3.63442E-1 3.52135E-1 3.39151E-1 3.01386E-1 2.66248E-1 1.9626E-1 1.78773E-1 1.45468E-1 1.09916E-1 1.07368E-1 1.1666E-1 9.46207E-2 8.82992E-2
4.04813E-1 4.38774E-1 3.48235E-1 3.31338E-1 2.40607E-1 2.03101E-1 1.65326E-1 1.37904E-1 1.07978E-1 1.19376E-1 1.72402E-1 1.58951E-1 1.6317E-1 1.97812E-1 2.27067E-1 2.99724E-1 3.78046E-1 3.1611E-1 4.69621E-1 3.81593E-1 2.93243E-1 3.78439E-1 2.78413E-1 3.73378E-1 3.18311E-1 3.46644E-1 2.13598E-1 3.36308E-1 1.9247E-1 2.95609E-1 1.92974E-1 2.78133E-1 2.5159E-1 3.22743E-1 3.07918E-1 3.12608E-1 3.05105E-1 2.73384E-1 2.33602E-1 2.44593E-1 3.64664E-1 3.32707E-1 3.2702E-1 3.27745E-1 3.68761E-1 8.57351E-2 3.21261E-1 3.33238E-1 3.31348E-1 2.94256E-1 2.38945E-1 2.19541E-1 2.08363E-1 1.74841E-1 1.24788E-1 8.96169E-2 7.63633E-2 9.30095E-2 9.38645E-2 9.28988E-2
2.0666E-1 4.68556E-1 3.73692E-1 3.33164E-1 2.72643E-1 2.30347E-1 1.90483E-1 1.60989E-1 1.22584E-1 1.03857E-1 1.25888E-1 1.53887E-1 1.66072E-1 1.94218E-1 2.3365E-1 2.94691E-1 3.23126E-1 4.15155E-1 4.22343E-1 5.43921E-1 3.18264E-1 4.38895E-1 1.9329E-1 3.77228E-1 3.30958E-1 8.54863E-2 3.0338E-1 2.48506E-1 1.83318E-1 2.84797E-1 1.43324E-1 2.09151E-1 2.92921E-1 3.34272E-1 3.95074E-1 2.4651E-1 2.98268E-1 2.60135E-1 2.24325E-1 2.35771E-1 3.80691E-1 3.48573E-1 3.23464E-1 3.41685E-1 2.77061E-1 2.19058E-1 3.02692E-1 2.92407E-1 2.3999E-1 1.94702E-1 1.85509E-1 1.89177E-1 1.92981E-1 1.41405E-1 9.45382E-2 1.29846E-1 9.48829E-2 9.65354E-2 1.04752E-1 9.6058E-2
4.18426E-1 5.62434E-1 4.35766E-1 3.9914E-1 3.78193E-1 2.40546E-1 1.90381E-1 1.58598E-1 1.22111E-1 1.13027E-1 1.3921E-1 1.53478E-1 1.81242E-1 2.02252E-1 2.46555E-1 2.71724E-1 3.09819E-1 3.44686E-1 4.24912E-1 3.634E-1 3.85852E-1 4.17814E-1 3.90654E-1 4.92841E-1 1.93657E-1 2.69563E-1 2.07695E-1 1.84363E-1 1.62074E-1 1.44705E-1 8.6731E-2 9.38994E-2 1.64462E-1 2.65563E-1 2.1253E-1 2.84768E-1 2.68099E-1 2.18401E-1 1.8957E-1 2.05637E-1 2.53157E-1 2.91944E-1 2.2381E-1 2.0743E-1 4.78468E-2 1.4028E-1 2.33885E-1 1.85154E-1 1.82602E-1 1.52781E-1 1.63968E-1 1.55998E-1 1.34596E-1 1.40862E-1 1.52801E-1 9.7441E-2 1.05657E-1 1.11924E-1 1.01601E-1 7.14911E-2
6.10408E-1 5.59837E-1 4.49072E-1 4.64959E-1 3.96466E-1 2.49341E-1 2.01353E-1 1.76057E-1 1.40182E-1 1.32573E-1 1.52149E-1 1.65161E-1 1.89497E-1 2.07369E-1 2.33557E-1 2.46822E-1 2.90199E-1 3.37593E-1 3.78627E-1 4.95475E-1 2.81463E-1 2.2438E-1 1.45799E-1 2.11573E-1 2.64214E-1 1.97181E-1 1.70241E-1 1.38799E-1 1.31705E-1 1.26625E-1 8.00809E-2 1.4171E-1 1.39147E-1 1.33159E-1 3.02251E-1 2.1559E-1 1.88685E-1 1.66101E-1 1.68421E-1 1.96962E-1 2.999E-1 3.61473E-1 2.45448E-1 1.85283E-1 9.78609E-2 1.24349E-1 1.24193E-1 2.04146E-1 2.02867E-1 1.86013E-1 1.63788E-1 1.35189E-1 1.12812E-1 1.30457E-1 1.1096E-1 8.17571E-2 1.16988E-1 1.16098E-1 1.11288E-1 7.96479E-2
4.66025E-1 4.19213E-1 4.61766E-1 5.28968E-1 4.24E-1 2.52968E-1 2.16499E-1 1.873E-1 1.59335E-1 1.51466E-1 1.6635E-1 1.74209E-1 1.8784E-1 2.14792E-1 2.36026E-1 2.50657E-1 2.99304E-1 3.53521E-1 4.21313E-1 5.24671E-1 2.86371E-1 4.76219E-1 2.12823E-1 1.96903E-1 3.23918E-1 2.33854E-1 1.95369E-1 1.33478E-1 1.25337E-1 9.11619E-2 6.34588E-2 1.19381E-1 1.16273E-1 1.19771E-1 1.71639E-1 1.57938E-1 1.19742E-1 1.80611E-1 1.80107E-1 1.84753E-1 2.72955E-1 3.06495E-1 1.93507E-1 2.77374E-1 2.6069E-1 1.86941E-1 9.69611E-2 1.13371E-1 2.05102E-1 1.53642E-1 1.32773E-1 1.08222E-1 1.11907E-1 1.10366E-1 1.04327E-1 8.58935E-2 1.1835E-1 1.40122E-1 1.15625E-1 9.10837E-2
4.51772E-1 4.60077E-1 5.12132E-1 2.07137E-1 4.52381E-1 2.77982E-1 2.25182E-1 2.07809E-1 1.60132E-1 1.63516E-1 2.01262E-1 2.06686E-1 2.08228E-1 2.37325E-1 2.54458E-1 2.60642E-1 2.98562E-1 3.52867E-1 4.33644E-1 5.26743E-1 2.69625E-1 3.65893E-1 2.6799E-1 1.07361E-1 3.7262E-1 2.89325E-1 2.29193E-1 1.67049E-1 1.43687E-1 1.32965E-1 8.13659E-2 9.24441E-2 1.08105E-1 1.03472E-1 1.07298E-1 2.36052E-1 2.03906E-1 1.68259E-1 2.14381E-1 2.3964E-1 3.3279E-1 3.52657E-1 2.70489E-1 1.99673E-1 1.7423E-1 1.09178E-1 1.71992E-1 1.52671E-1 1.39243E-1 1.06281E-1 9.10303E-2 8.32714E-2 1.24014E-1 1.25116E-1 1.25903E-1 1.02629E-1 1.03496E-1 1.03911E-1 1.05213E-1 1.05049E-1
4.63905E-1 4.50051E-1 4.1005E-1 4.17866E-1 3.1011E-1 2.76776E-1 2.34194E-1 2.08283E-1 1.66747E-1 1.89747E-1 2.43514E-1 2.42898E-1 2.4773E-1 2.64934E-1 2.69291E-1 2.68951E-1 3.14224E-1 3.57761E-1 4.30473E-1 1.2828E-1 2.66246E-1 3.0613E-1 2.47232E-1 3.49733E-1 1.03701E-1 3.17048E-1 2.4974E-1 1.91777E-1 1.60078E-1 1.2741E-1 1.16833E-1 7.77059E-2 7.90815E-2 8.76206E-2 9.72136E-2 2.04678E-1 2.16946E-1 2.4605E-1 2.62944E-1 2.86488E-1 3.85402E-1 4.04473E-1 3.42681E-1 8.01206E-2 2.52144E-1 1.46067E-1 2.10877E-1 1.92314E-1 1.29179E-1 9.05088E-2 9.21823E-2 1.34168E-1 1.61406E-1 1.5094E-1 1.51484E-1 1.31016E-1 1.46255E-1 1.40985E-1 1.18984E-1 1.143E-1
3.00607E-1 3.01218E-1 2.97429E-1 2.88805E-1 1.02786E-1 4.23832E-1 3.49534E-1 2.89359E-1 2.7103E-1 3.01417E-1 2.9525E-1 2.94448E-1 3.25266E-1 3.2945E-1 2.94974E-1 3.37134E-1 3.84461E-1 4.37689E-1 4.84661E-1 1.83882E-1 2.53239E-1 2.25974E-1 1.84795E-1 1.73204E-1 3.36577E-1 1.98438E-1 1.7602E-1 1.47484E-1 1.34693E-1 1.2747E-1 2.40102E-1 2.23726E-1 2.12926E-1 2.35081E-1 2.35193E-1 2.88215E-1 3.35913E-1 1.96947E-1 4.00288E-1 3.9564E-1 3.10484E-1 3.36375E-1 3.39742E-1 8.8856E-2 2.21881E-1 2.15675E-1 1.88109E-1 1.07145E-1 1.09157E-1 8.47734E-2 8.65832E-2 1.05366E-1 1.13499E-1 1.34002E-1 1.6656E-1 1.79347E-1 1.90529E-1 1.78391E-1 1.49369E-1 1.19178E-1
3.08313E-1 3.11534E-1 2.98025E-1 2.94195E-1 3.77549E-1 4.83777E-1 3.69225E-1 3.2592E-1 3.12649E-1 3.47757E-1 3.27474E-1 3.46898E-1 3.99034E-1 3.70591E-1 3.18252E-1 3.80872E-1 4.16309E-1 2.72634E-1 2.35703E-1 5.07021E-1 2.95079E-1 2.31329E-1 1.96965E-1 1.4154E-1 1.56418E-1 2.04489E-1 2.03458E-1 1.49018E-1 1.15551E-1 1.17919E-1 2.26276E-1 2.77614E-1 2.5116E-1 2.62558E-1 3.01136E-1 3.45058E-1 3.98988E-1 4.21954E-1 4.44729E-1 4.44152E-1 3.63922E-1 1.80503E-1 3.55752E-1 7.68435E-2 2.36448E-1 2.55839E-1 1.36722E-1 1.11958E-1 1.08853E-1 1.10294E-1 1.00319E-1 1.12328E-1 1.30879E-1 1.6491E-1 2.00015E-1 2.22692E-1 2.36805E-1 2.10597E-1 1.89234E-1 1.39252E-1
3.30718E-1 2.91264E-1 2.80961E-1 2.85243E-1 3.55366E-1 3.55362E-1 3.85939E-1 3.61225E-1 3.43592E-1 3.80276E-1 3.70788E-1 3.9997E-1 4.66175E-1 4.17952E-1 3.65075E-1 4.20163E-1 4.37705E-1 5.49252E-1 5.077E-1 4.02E-1 2.80695E-1 2.28351E-1 1.86285E-1 1.37102E-1 1.12841E-1 1.52295E-1 1.32296E-1 1.62423E-1 1.10414E-1 1.27586E-1 2.51472E-1 2.74072E-1 2.41121E-1 2.69603E-1 3.26376E-1 3.87338E-1 3.5132E-1 4.621E-1 4.65966E-1 4.70401E-1 3.78427E-1 8.11858E-2 3.56611E-1 3.15483E-1 2.06338E-1 1.91023E-1 1.60855E-1 1.31358E-1 1.23185E-1 1.38683E-1 1.25792E-1 1.35026E-1 1.4882E-1 1.89065E-1 2.38843E-1 2.75853E-1 2.87896E-1 1.7191E-1 2.22734E-1 2.11349E-1
