Phytophthora/models/20240429_1812_56/Phytophthora_PA1_RUN4_MAXENT_outputs/Phytophthora_PA1_RUN4.asc
ncols         225
nrows         269
xllcorner     473000.0
yllcorner     4429100.0
cellsize      50.0
NODATA_value  -9999
[rows 189 to 215 of 269, columns 60 to 119 of 225]
5.72278E-1 5.89766E-1 5.96085E-1 6.0876E-1 6.56657E-1 5.54605E-1 5.00526E-1 4.62997E-1 4.84068E-1 6.21294E-1 3.90872E-1 5.98963E-1 5.99839E-1 5.86805E-1 5.39923E-1 5.69229E-1 5.28717E-1 5.22947E-1 5.75302E-1 2.54348E-1 4.70433E-1 4.68727E-1 4.61823E-1 4.45749E-1 6.15953E-1 5.24669E-1 5.20063E-1 4.40412E-1 4.26295E-1 4.54796E-1 4.64627E-1 5.15777E-1 5.69516E-1 5.88216E-1 6.19301E-1 5.68492E-1 3.38556E-1 1.62558E-1 1.66813E-1 5.86039E-1 1.93245E-1 4.06157E-1 4.3449E-1 5.07241E-1 4.78812E-1 1.72525E-1 4.8852E-1 3.15184E-1 3.61307E-1 3.80108E-1 4.25085E-1 4.51161E-1 5.92603E-1 6.20275E-1 6.04021E-1 2.67205E-1 5.50285E-1 5.04013E-1 4.92261E-1 4.98722E-1
5.56072E-1 5.91799E-1 5.88157E-1 6.24317E-1 6.36458E-1 5.33222E-1 4.9672E-1 4.79451E-1 4.77131E-1 5.89505E-1 7.05954E-1 7.1493E-1 6.79389E-1 6.55622E-1 5.88501E-1 6.20494E-1 5.67638E-1 5.67061E-1 4.34534E-1 4.98761E-1 4.65367E-1 4.64235E-1 4.71406E-1 4.35054E-1 5.11776E-1 4.92357E-1 5.09845E-1 4.63706E-1 4.82294E-1 4.90384E-1 4.88651E-1 5.25627E-1 5.74013E-1 5.87294E-1 2.37318E-1 4.45034E-1 4.37792E-1 3.84948E-1 3.5479E-1 3.79922E-1 3.958E-1 2.26076E-1 5.07266E-1 4.82468E-1 4.86179E-1 5.08297E-1 4.45799E-1 4.74574E-1 4.01037E-1 2.86709E-1 3.33134E-1 3.33721E-1 4.40198E-1 5.03469E-1 2.36547E-1 5.98088E-1 5.67763E-1 4.86849E-1 4.75237E-1 4.60497E-1
5.74398E-1 5.85254E-1 6.06699E-1 6.74147E-1 6.55378E-1 6.52055E-1 6.28844E-1 6.13484E-1 5.87468E-1 6.37091E-1 4.69399E-1 7.65697E-1 7.40335E-1 6.85367E-1 5.37935E-1 6.14089E-1 5.27476E-1 5.31915E-1 5.81003E-1 5.34426E-1 4.73048E-1 4.88222E-1 4.98326E-1 4.78029E-1 5.01921E-1 5.22236E-1 5.56718E-1 4.92667E-1 5.78848E-1 5.33047E-1 5.25611E-1 5.81089E-1 6.216E-1 2.77887E-1 6.14655E-1 4.84121E-1 3.6829E-1 3.69562E-1 3.96846E-1 4.40561E-1 5.02573E-1 5.33016E-1 4.17895E-1 5.63894E-1 5.37556E-1 5.30725E-1 4.21997E-1 3.72487E-1 2.90521E-1 3.68325E-1 2.7716E-1 2.85826E-1 3.60577E-1 4.03099E-1 4.38449E-1 2.62604E-1 5.00735E-1 4.1464E-1 4.36889E-1 4.85254E-1
5.92089E-1 5.73385E-1 6.38751E-1 3.31733E-1 4.0587E-1 4.92488E-1 3.98715E-1 4.35383E-1 6.01754E-1 6.6757E-1 3.82447E-1 7.38589E-1 6.51776E-1 5.987E-1 5.90804E-1 6.35822E-1 5.02425E-1 5.35631E-1 5.53639E-1 5.26676E-1 4.64204E-1 4.54934E-1 4.61788E-1 4.76859E-1 4.91395E-1 4.35745E-1 4.7712E-1 4.16569E-1 6.20581E-1 4.91995E-1 5.2861E-1 5.24332E-1 5.40425E-1 5.80537E-1 3.01371E-1 2.59294E-1 4.35861E-1 3.14729E-1 3.49972E-1 4.06011E-1 5.03832E-1 5.2438E-1 5.61584E-1 4.70373E-1 4.01606E-1 5.42063E-1 4.21611E-1 3.66605E-1 3.51205E-1 3.48498E-1 2.98548E-1 2.99328E-1 2.95353E-1 3.33427E-1 3.81308E-1 1.42777E-1 4.89931E-1 4.57943E-1 4.46428E-1 4.22371E-1
6.18076E-1 5.96914E-1 6.373E-1 6.02807E-1 4.30288E-1 4.18915E-1 7.10846E-1 7.40756E-1 7.46904E-1 4.29847E-1 4.78441E-1 7.97836E-1 7.27052E-1 6.31592E-1 6.69512E-1 6.43737E-1 4.79117E-1 6.98954E-1 5.44264E-1 5.24376E-1 4.45959E-1 5.30125E-1 6.11168E-1 6.16364E-1 5.89654E-1 5.15023E-1 5.08465E-1 4.67783E-1 6.19345E-1 5.09858E-1 5.34148E-1 5.2393E-1 5.04765E-1 5.90065E-1 2.93352E-1 3.24854E-1 4.47201E-1 4.24263E-1 4.17238E-1 3.8212E-1 4.54947E-1 4.58365E-1 4.29938E-1 5.02812E-1 4.85064E-1 2.87432E-1 4.25208E-1 3.59825E-1 2.96573E-1 2.81219E-1 3.00206E-1 3.31648E-1 3.91926E-1 3.91272E-1 4.29682E-1 4.85392E-1 6.0313E-1 5.1866E-1 4.29988E-1 4.10686E-1
6.58353E-1 4.96397E-1 6.45057E-1 4.67064E-1 4.47443E-1 5.92992E-1 6.7492E-1 6.97605E-1 6.91346E-1 7.51063E-1 6.8322E-1 5.97598E-1 7.36896E-1 6.91349E-1 5.98162E-1 5.782E-1 6.76959E-1 7.06993E-1 5.71235E-1 5.72043E-1 5.57308E-1 5.66931E-1 3.16193E-1 6.62874E-1 6.38461E-1 5.71777E-1 5.4355E-1 5.70112E-1 6.43758E-1 6.18877E-1 5.1143E-1 4.85492E-1 4.51566E-1 5.2197E-1 3.22448E-1 3.85371E-1 3.65871E-1 3.53466E-1 3.65601E-1 3.55922E-1 4.32911E-1 4.05836E-1 4.37919E-1 4.63589E-1 4.75279E-1 3.59442E-1 4.49658E-1 3.35694E-1 3.11145E-1 3.21617E-1 3.50553E-1 3.76124E-1 3.82943E-1 4.39652E-1 4.51665E-1 4.71304E-1 3.75995E-1 5.15971E-1 4.38421E-1 4.01588E-1
6.35485E-1 5.87465E-1 4.78325E-1 4.69506E-1 4.60937E-1 6.16884E-1 6.06701E-1 7.06489E-1 6.352E-1 2.93944E-1 5.85441E-1 6.21471E-1 6.12087E-1 6.16884E-1 5.9747E-1 6.10326E-1 6.16007E-1 4.43593E-1 5.5889E-1 1.85862E-1 4.16781E-1 4.69492E-1 6.25127E-1 6.54742E-1 6.13819E-1 5.76826E-1 5.34039E-1 5.59372E-1 5.69487E-1 5.41661E-1 5.00442E-1 4.65245E-1 4.39647E-1 4.50311E-1 2.48106E-1 3.49979E-1 3.29282E-1 3.49016E-1 3.76482E-1 3.34221E-1 4.39336E-1 4.10119E-1 4.20534E-1 4.6342E-1 2.55673E-1 1.50703E-1 3.53067E-1 3.53771E-1 3.39085E-1 3.6637E-1 4.18434E-1 4.3645E-1 4.42838E-1 4.43347E-1 4.59554E-1 4.71941E-1 3.09978E-1 4.86365E-1 4.40546E-1 4.11183E-1
4.90932E-1 5.91444E-1 5.68969E-1 5.28091E-1 5.56224E-1 6.98442E-1 7.57863E-1 6.3268E-1 6.96441E-1 6.50403E-1 6.35877E-1 6.18537E-1 6.17989E-1 6.01022E-1 6.0184E-1 6.03829E-1 2.19755E-1 6.26873E-1 6.49161E-1 6.83744E-1 6.65713E-1 6.36947E-1 6.01145E-1 6.64657E-1 6.74047E-1 7.48641E-1 6.64414E-1 6.60196E-1 5.81655E-1 5.51969E-1 4.68582E-1 4.70287E-1 4.2605E-1 4.51094E-1 2.5835E-1 2.83614E-1 2.91485E-1 3.20734E-1 3.66513E-1 3.36156E-1 2.83005E-1 2.60021E-1 2.65457E-1 1.85748E-1 2.7435E-1 1.87681E-1 3.23217E-1 3.54972E-1 3.56888E-1 3.91763E-1 4.78182E-1 4.8773E-1 4.97822E-1 4.93595E-1 1.01316E-1 3.01133E-1 3.16131E-1 1.80676E-1 3.42477E-1 3.086E-1
2.57688E-1 6.60448E-1 6.09224E-1 5.8335E-1 6.84232E-1 7.30659E-1 3.33777E-1 7.74609E-1 7.65534E-1 7.36522E-1 7.45464E-1 6.91668E-1 5.62322E-1 5.41308E-1 5.31437E-1 5.55404E-1 7.32991E-1 6.99321E-1 6.77567E-1 6.46976E-1 5.89478E-1 5.84812E-1 5.9132E-1 6.84947E-1 7.09722E-1 5.94789E-1 5.32647E-1 5.35271E-1 5.72829E-1 5.99124E-1 5.04635E-1 4.61683E-1 4.308E-1 4.47455E-1 3.21996E-1 2.7389E-1 2.38125E-1 2.68835E-1 3.06564E-1 3.64372E-1 1.36731E-1 2.75687E-1 2.6965E-1 2.89303E-1 2.67591E-1 3.29904E-1 3.86352E-1 3.78292E-1 4.23485E-1 4.39362E-1 5.27545E-1 5.7653E-1 6.09912E-1 2.36706E-1 4.60019E-1 1.14355E-1 8.42913E-2 2.0245E-1 1.23325E-1 3.6557E-1
7.17649E-1 7.0321E-1 7.2287E-1 6.90546E-1 6.74933E-1 7.47576E-1 6.30594E-1 7.35663E-1 6.30719E-1 6.26456E-1 5.94271E-1 5.47423E-1 5.15555E-1 5.48743E-1 5.40202E-1 7.15945E-1 7.00862E-1 7.13098E-1 6.57958E-1 6.14749E-1 5.76528E-1 6.05914E-1 5.63366E-1 3.56516E-1 5.36122E-1 4.96529E-1 4.42541E-1 4.53006E-1 5.55676E-1 4.96637E-1 4.47425E-1 4.32187E-1 4.40077E-1 4.34371E-1 3.66458E-1 2.44685E-1 2.38296E-1 2.49396E-1 2.66115E-1 2.62441E-1 2.56462E-1 3.16793E-1 9.00442E-2 2.84595E-1 2.91439E-1 3.12629E-1 3.58242E-1 3.69144E-1 4.45299E-1 4.78428E-1 2.29067E-1 2.51253E-1 2.78118E-1 5.04023E-1 4.47694E-1 2.89822E-1 2.11415E-1 2.22292E-1 2.57238E-1 1.15772E-1
6.19298E-1 6.05263E-1 6.53185E-1 6.8025E-1 5.24273E-1 4.07863E-1 6.27172E-1 5.83945E-1 5.34174E-1 5.01618E-1 4.82746E-1 4.53942E-1 4.80549E-1 6.11809E-1 6.9056E-1 6.97882E-1 7.24521E-1 7.26762E-1 7.01472E-1 6.30944E-1 5.85807E-1 6.11141E-1 6.83272E-1 5.67956E-1 5.2714E-1 4.70579E-1 5.26926E-1 5.28984E-1 4.91081E-1 4.73675E-1 4.48189E-1 4.82523E-1 4.87869E-1 4.04517E-1 3.36091E-1 2.24948E-1 2.20791E-1 2.17872E-1 2.3397E-1 2.17619E-1 2.15245E-1 2.61282E-1 1.64167E-1 3.13384E-1 2.87912E-1 3.12049E-1 3.38262E-1 3.80114E-1 4.75153E-1 4.95187E-1 4.60097E-1 4.82955E-1 1.05106E-1 5.48835E-1 4.23438E-1 2.48409E-1 1.93893E-1 2.51539E-1 2.18105E-1 3.21224E-1
5.64316E-1 5.93016E-1 5.87602E-1 7.28781E-1 5.94805E-1 5.73003E-1 5.55342E-1 5.24722E-1 5.25062E-1 4.97226E-1 4.71153E-1 4.63825E-1 5.99358E-1 6.00262E-1 6.96043E-1 3.94748E-1 7.0919E-1 7.21771E-1 7.36118E-1 7.11245E-1 6.71038E-1 5.35875E-1 6.01551E-1 4.44081E-1 4.01398E-1 3.96613E-1 5.15668E-1 4.89091E-1 5.12415E-1 4.58028E-1 3.52341E-1 3.91416E-1 3.18041E-1 4.49301E-1 3.17621E-1 2.2364E-1 1.99157E-1 1.90696E-1 2.04627E-1 1.81237E-1 1.71072E-1 2.19286E-1 3.53359E-1 3.12081E-1 2.80459E-1 3.1704E-1 3.56961E-1 4.12276E-1 4.83739E-1 4.64716E-1 4.13542E-1 4.6164E-1 1.16797E-1 5.1442E-1 3.37403E-1 1.76322E-1 1.34397E-1 2.2279E-1 1.70517E-1 2.25042E-1
5.66272E-1 5.83284E-1 3.16163E-1 5.90255E-1 5.19562E-1 5.50384E-1 5.45425E-1 4.97766E-1 4.82923E-1 4.189E-1 3.41874E-1 4.86249E-1 4.09052E-1 5.36453E-1 5.80691E-1 5.92219E-1 6.15536E-1 6.1231E-1 6.04233E-1 5.93943E-1 2.52701E-1 4.12952E-1 2.99501E-1 2.68216E-1 3.14537E-1 4.69284E-1 4.24908E-1 4.54583E-1 4.75863E-1 4.19068E-1 3.84232E-1 3.70985E-1 3.36386E-1 3.6823E-1 2.50642E-1 2.26286E-1 1.92722E-1 1.76695E-1 1.95862E-1 1.80635E-1 2.9143E-1 3.41414E-1 5.33576E-1 4.08466E-1 4.36732E-1 4.27479E-1 4.85477E-1 5.92344E-1 5.38734E-1 4.97106E-1 3.92003E-1 4.63372E-1 1.69289E-1 4.41298E-1 3.11204E-1 2.08349E-1 1.63164E-1 2.70239E-1 2.15602E-1 2.28548E-1
5.42637E-1 1.92328E-1 5.42398E-1 4.87238E-1 4.73752E-1 5.05236E-1 5.51942E-1 5.70727E-1 5.50607E-1 4.77633E-1 4.99088E-1 5.26948E-1 4.93954E-1 5.35229E-1 6.0979E-1 6.25955E-1 6.43278E-1 6.21468E-1 6.22306E-1 6.45998E-1 5.84394E-1 4.26947E-1 3.56611E-1 3.62158E-1 3.92648E-1 4.6557E-1 4.74142E-1 5.10653E-1 5.40759E-1 4.64904E-1 3.74454E-1 3.46685E-1 3.25657E-1 3.14614E-1 4.12559E-1 1.45066E-1 2.80459E-1 2.02918E-1 2.33889E-1 2.2137E-1 3.15087E-1 3.6172E-1 4.13429E-1 4.79257E-1 3.57285E-1 4.7907E-1 5.82218E-1 6.21278E-1 5.10696E-1 4.68046E-1 3.79002E-1 4.64164E-1 3.69557E-1 4.42182E-1 3.68619E-1 2.70672E-1 2.59323E-1 2.42677E-1 2.29129E-1 2.045E-1
6.86907E-1 6.55553E-1 6.07162E-1 5.5451E-1 5.63507E-1 6.19593E-1 5.98076E-1 5.99431E-1 5.77697E-1 5.45115E-1 4.8958E-1 5.27806E-1 5.45972E-1 5.73434E-1 6.36407E-1 6.48114E-1 6.56515E-1 6.27941E-1 6.23119E-1 6.34402E-1 6.03718E-1 4.38091E-1 4.00907E-1 4.06587E-1 4.65301E-1 5.02456E-1 4.91328E-1 5.7426E-1 6.10603E-1 5.19766E-1 4.29251E-1 3.75379E-1 3.58842E-1 3.16641E-1 2.95325E-1 3.01373E-1 3.00638E-1 3.38535E-1 2.48357E-1 2.82515E-1 3.33362E-1 3.70179E-1 4.0925E-1 5.19717E-1 3.40789E-1 5.59795E-1 6.36238E-1 6.41582E-1 5.33381E-1 5.07138E-1 3.78186E-1 4.93025E-1 5.83374E-1 4.6621E-1 3.94867E-1 2.78522E-1 2.43091E-1 2.11039E-1 1.91853E-1 1.96844E-1
7.07785E-1 6.86745E-1 6.50175E-1 6.03787E-1 6.05485E-1 5.99887E-1 5.93068E-1 5.72739E-1 5.64129E-1 5.80644E-1 5.1952E-1 5.47705E-1 5.82697E-1 6.01294E-1 5.3503E-1 6.34079E-1 6.34251E-1 6.1234E-1 6.26816E-1 2.42341E-1 5.05282E-1 4.44373E-1 4.10727E-1 4.31056E-1 4.48014E-1 4.8942E-1 4.97143E-1 5.93364E-1 6.75133E-1 6.25328E-1 4.89912E-1 4.03983E-1 3.57262E-1 3.35254E-1 3.18435E-1 2.77565E-1 3.04759E-1 2.7362E-1 1.65432E-1 3.28989E-1 3.93366E-1 3.87611E-1 4.22129E-1 4.92695E-1 3.04347E-1 6.38135E-1 6.57295E-1 6.22263E-1 5.73695E-1 5.47152E-1 4.17921E-1 5.81792E-1 5.84217E-1 4.81534E-1 4.04883E-1 2.87673E-1 2.61885E-1 2.29809E-1 2.04752E-1 1.81851E-1
6.80704E-1 6.96286E-1 6.35488E-1 5.94555E-1 5.55507E-1 6.09892E-1 6.14221E-1 5.78137E-1 6.06868E-1 6.2068E-1 5.53678E-1 5.84184E-1 5.95721E-1 6.23994E-1 6.4373E-1 6.12624E-1 6.225E-1 6.05657E-1 6.15592E-1 2.89333E-1 5.10419E-1 4.21642E-1 3.9371E-1 4.35548E-1 4.76369E-1 4.94037E-1 5.45845E-1 5.71534E-1 6.90813E-1 6.72204E-1 5.94809E-1 4.46775E-1 4.00053E-1 3.74513E-1 3.49188E-1 3.01588E-1 3.00508E-1 2.97221E-1 2.9039E-1 3.45446E-1 4.86171E-1 4.18386E-1 4.26349E-1 4.84685E-1 5.21349E-1 6.12289E-1 6.58517E-1 5.92728E-1 1.96333E-1 5.79682E-1 5.20934E-1 3.24476E-1 1.49577E-1 4.61266E-1 4.14376E-1 2.987E-1 2.80716E-1 2.56124E-1 2.32721E-1 2.10922E-1
5.51621E-1 6.35782E-1 5.63538E-1 5.36709E-1 5.08076E-1 5.3975E-1 5.68233E-1 5.38191E-1 5.62964E-1 5.78894E-1 5.0397E-1 5.35383E-1 5.41655E-1 5.46575E-1 5.6404E-1 5.5674E-1 5.6989E-1 5.58058E-1 5.64989E-1 3.58337E-1 4.08751E-1 3.44719E-1 3.73273E-1 4.11205E-1 4.66535E-1 4.45059E-1 4.77815E-1 5.17463E-1 5.72073E-1 6.62465E-1 6.73777E-1 5.94549E-1 5.30687E-1 4.89705E-1 4.46485E-1 2.7315E-1 2.70781E-1 2.70982E-1 2.98486E-1 1.46566E-1 2.90856E-1 3.1234E-1 2.54616E-1 2.66425E-1 3.13349E-1 3.0594E-1 5.10885E-1 5.78877E-1 5.1749E-1 5.6989E-1 6.36994E-1 3.30062E-1 1.90009E-1 5.06138E-1 5.05704E-1 4.49804E-1 4.29921E-1 3.985E-1 3.59118E-1 2.96036E-1
5.13626E-1 6.72033E-1 6.06728E-1 5.59321E-1 5.5449E-1 5.98883E-1 5.94839E-1 5.82277E-1 5.90409E-1 6.1715E-1 5.20745E-1 5.38815E-1 5.25575E-1 5.30634E-1 5.44937E-1 5.38811E-1 5.55462E-1 5.45451E-1 5.8062E-1 4.01071E-1 4.0929E-1 3.60092E-1 3.91743E-1 4.38327E-1 4.64857E-1 4.66239E-1 4.81285E-1 5.08806E-1 5.46364E-1 5.98046E-1 7.05373E-1 3.8358E-1 3.55735E-1 4.83502E-1 2.11472E-1 2.39849E-1 3.72741E-1 3.41057E-1 3.00568E-1 2.67072E-1 2.25725E-1 3.01395E-1 2.3185E-1 2.88582E-1 3.18057E-1 5.19559E-1 5.15092E-1 5.21535E-1 5.00899E-1 5.24971E-1 6.144E-1 4.40312E-1 5.74132E-1 5.81301E-1 6.0091E-1 2.68112E-1 1.21627E-1 3.52718E-1 2.64494E-1 8.00208E-2
7.82525E-1 4.51496E-1 6.54681E-1 6.04052E-1 5.87976E-1 6.44101E-1 6.34523E-1 6.3196E-1 6.32555E-1 6.18989E-1 5.38498E-1 5.23195E-1 4.8571E-1 5.04491E-1 5.09994E-1 5.06121E-1 5.06039E-1 4.80853E-1 4.76848E-1 4.89828E-1 4.01544E-1 3.86904E-1 3.94146E-1 4.44707E-1 4.18374E-1 4.68974E-1 4.88737E-1 5.0769E-1 5.24634E-1 4.04752E-1 5.70502E-1 5.06108E-1 5.24131E-1 5.44639E-1 4.50711E-1 2.93753E-1 2.45196E-1 2.3529E-1 2.09421E-1 1.9271E-1 1.90718E-1 2.29578E-1 2.93739E-1 1.49645E-1 8.42899E-2 2.75621E-1 3.6972E-1 4.79372E-1 4.76657E-1 5.1794E-1 4.01648E-1 3.75602E-1 5.69734E-1 5.42415E-1 5.79895E-1 3.06306E-1 3.27988E-1 3.01052E-1 2.53171E-1 2.31374E-1
4.69373E-1 6.98496E-1 6.69977E-1 4.45228E-1 6.64401E-1 6.45938E-1 3.75893E-1 4.90618E-1 5.91745E-1 6.26828E-1 4.91194E-1 4.5567E-1 4.64986E-1 5.0186E-1 5.06908E-1 4.49631E-1 5.23499E-1 4.01982E-1 4.15092E-1 3.59684E-1 1.07938E-1 4.15709E-1 4.48298E-1 4.34556E-1 3.8582E-1 4.89384E-1 4.87586E-1 4.93843E-1 5.64923E-1 5.27628E-1 5.21844E-1 2.42414E-1 4.58987E-1 4.77503E-1 4.40941E-1 2.62766E-1 2.16477E-1 2.14307E-1 1.86815E-1 1.9714E-1 1.89916E-1 1.94785E-1 1.80159E-1 1.70598E-1 1.78332E-1 3.79759E-1 5.92131E-1 5.00918E-1 5.13108E-1 5.38509E-1 5.29706E-1 3.95093E-1 3.28888E-1 3.18037E-1 3.682E-1 2.20846E-1 3.51686E-1 2.96391E-1 2.76746E-1 2.07897E-1
6.00329E-1 6.53318E-1 6.39061E-1 6.70859E-1 3.28898E-1 7.30574E-1 5.17507E-1 3.73025E-1 3.24309E-1 3.41058E-1 2.85325E-1 4.48358E-1 4.3264E-1 2.317E-1 4.92062E-1 4.07768E-1 5.25536E-1 4.12842E-1 3.72888E-1 3.32898E-1 2.96718E-1 4.25875E-1 4.07759E-1 3.44918E-1 3.84256E-1 5.21095E-1 4.48382E-1 5.24846E-1 4.948E-1 4.97011E-1 4.68494E-1 5.86485E-1 5.00307E-1 5.09824E-1 4.07303E-1 2.46505E-1 2.17346E-1 2.14688E-1 1.94554E-1 2.1465E-1 2.09695E-1 2.15974E-1 2.1123E-1 2.01256E-1 2.33116E-1 3.96719E-1 4.2292E-1 4.48084E-1 3.74352E-1 4.97685E-1 4.83448E-1 3.86729E-1 3.02927E-1 2.74477E-1 2.74849E-1 2.96932E-1 3.86944E-1 3.20276E-1 2.86178E-1 2.15889E-1
4.55561E-1 5.2109E-1 5.13034E-1 5.22751E-1 4.12703E-1 5.05428E-1 4.08161E-1 3.43037E-1 2.69356E-1 2.55276E-1 3.25091E-1 3.79596E-1 3.62272E-1 4.12731E-1 4.04177E-1 2.84386E-1 3.78637E-1 3.62389E-1 2.4541E-1 2.17979E-1 2.33124E-1 1.15875E-1 3.25073E-1 3.27996E-1 3.42053E-1 4.75629E-1 4.84755E-1 4.97735E-1 4.3337E-1 4.41989E-1 4.70746E-1 5.04752E-1 4.8103E-1 1.8273E-1 4.86077E-1 3.62832E-1 3.16409E-1 2.90969E-1 2.91032E-1 3.06921E-1 3.75181E-1 3.76297E-1 3.68344E-1 3.52092E-1 3.29195E-1 2.64846E-1 2.86291E-1 4.86425E-1 6.37751E-1 3.54994E-1 3.42854E-1 2.67778E-1 2.2269E-1 2.05824E-1 2.02317E-1 4.1652E-1 3.41714E-1 2.64347E-1 2.53449E-1 2.6762E-1
1.96399E-1 5.42411E-1 5.27805E-1 5.23314E-1 4.1784E-1 5.04037E-1 4.15115E-1 3.37339E-1 3.11583E-1 2.85202E-1 2.92802E-1 3.10552E-1 3.37581E-1 3.2135E-1 4.61528E-1 3.80452E-1 2.86402E-1 1.81277E-1 2.48073E-1 2.45274E-1 2.50275E-1 1.63E-1 3.51289E-1 3.32213E-1 3.30026E-1 4.89224E-1 4.778E-1 4.08155E-1 4.16683E-1 4.09929E-1 4.0311E-1 4.50781E-1 4.60888E-1 5.01511E-1 1.42004E-1 3.89103E-1 3.6726E-1 3.67362E-1 3.62847E-1 3.79934E-1 4.40748E-1 4.57251E-1 1.91264E-1 3.52871E-1 2.81081E-1 3.16388E-1 4.43894E-1 5.72177E-1 4.54046E-1 3.2837E-1 3.51766E-1 3.35933E-1 1.61608E-1 1.11863E-1 2.48895E-1 3.75341E-1 3.42825E-1 2.89199E-1 2.65388E-1 2.47631E-1
5.02602E-1 5.07123E-1 5.0506E-1 5.29708E-1 2.27065E-1 4.83398E-1 3.74501E-1 3.36052E-1 2.94043E-1 2.55753E-1 2.67836E-1 2.70222E-1 2.67872E-1 2.87439E-1 3.00126E-1 3.62578E-1 2.29791E-1 9.90981E-2 2.78724E-1 2.74969E-1 2.90329E-1 2.57303E-1 3.24311E-1 3.39491E-1 3.5263E-1 5.22666E-1 5.15589E-1 4.33463E-1 4.01914E-1 3.94616E-1 4.26555E-1 4.41418E-1 4.48863E-1 4.71722E-1 5.25173E-1 1.69674E-1 4.60016E-1 4.54733E-1 4.43316E-1 4.70545E-1 5.64145E-1 3.78009E-1 4.47419E-1 3.69906E-1 2.47507E-1 3.08019E-1 4.13195E-1 4.65371E-1 1.9217E-1 2.23725E-1 3.68009E-1 1.50841E-1 3.52611E-1 3.51255E-1 3.42489E-1 3.37625E-1 4.69824E-1 3.25925E-1 2.82612E-1 2.70591E-1
4.92232E-1 4.99868E-1 4.7958E-1 5.40888E-1 4.15144E-1 4.45499E-1 3.71342E-1 3.1365E-1 2.87417E-1 2.61441E-1 2.61171E-1 2.62004E-1 2.52111E-1 2.67353E-1 3.00918E-1 3.27295E-1 2.12091E-1 1.27898E-1 3.17999E-1 2.88098E-1 3.29871E-1 2.16672E-1 3.56791E-1 3.82799E-1 3.92274E-1 5.62245E-1 5.52939E-1 4.60618E-1 4.29485E-1 4.27538E-1 4.3359E-1 4.27465E-1 4.42634E-1 4.44815E-1 4.80654E-1 4.77406E-1 2.93609E-1 2.93303E-1 2.76193E-1 3.28434E-1 4.01556E-1 5.6962E-1 3.49324E-1 2.75773E-1 3.13116E-1 3.4635E-1 4.23563E-1 4.51955E-1 5.51674E-1 2.63995E-1 4.01718E-1 1.29828E-1 3.7842E-1 3.36996E-1 3.61296E-1 4.26978E-1 1.66858E-1 4.54936E-1 3.8609E-1 3.27078E-1
4.80911E-1 5.56021E-1 5.36302E-1 5.11931E-1 2.01578E-1 3.99068E-1 3.59151E-1 3.08321E-1 2.95028E-1 2.67363E-1 2.4557E-1 2.61851E-1 2.67796E-1 2.71646E-1 2.72177E-1 1.05687E-1 2.61566E-1 2.39175E-1 3.21138E-1 2.97265E-1 3.55126E-1 1.62377E-1 3.95686E-1 4.34036E-1 4.51878E-1 6.01465E-1 5.92223E-1 4.99257E-1 4.88723E-1 5.18256E-1 4.95419E-1 4.62216E-1 4.16695E-1 4.37747E-1 4.58474E-1 4.08203E-1 3.79783E-1 3.61401E-1 3.45167E-1 3.75554E-1 3.34133E-1 3.33506E-1 3.63335E-1 4.75917E-1 4.16658E-1 3.86702E-1 4.62647E-1 1.76947E-1 6.10318E-1 2.70911E-1 4.16851E-1 4.02749E-1 3.74479E-1 3.3432E-1 3.63835E-1 4.13711E-1 4.42928E-1 1.15905E-1 4.45311E-1 3.97322E-1
