Phytophthora/models/20240429_1812_56/Phytophthora_PA1_RUN4_MAXENT_outputs/Phytophthora_PA1_RUN4.asc
ncols         225
nrows         269
xllcorner     473000.0
yllcorner     4429100.0
cellsize      50.0
NODATA_value  -9999
[rows 162 to 188 of 269, columns 60 to 119 of 225]
3.93978E-1 1.56557E-1 3.26218E-1 2.68781E-1 4.08228E-1 4.17689E-1 4.74901E-1 4.48949E-1 4.12584E-1 4.33814E-1 2.92489E-1 4.92581E-1 5.25529E-1 3.29361E-1 6.40523E-1 4.90172E-1 6.79937E-1 6.29814E-1 6.28523E-1 6.33921E-1 6.19261E-1 6.40807E-1 6.6939E-1 4.30185E-1 7.46462E-1 6.81284E-1 5.04808E-1 4.0151E-1 6.71962E-1 6.10418E-1 5.7903E-1 5.71123E-1 6.35363E-1 6.56321E-1 6.3898E-1 6.07201E-1 5.85278E-1 5.69131E-1 5.29196E-1 5.13903E-1 4.56877E-1 4.4263E-1 2.01103E-1 4.3874E-1 4.05883E-1 3.88728E-1 3.68636E-1 3.31735E-1 3.12106E-1 2.65352E-1 1.52037E-1 2.22061E-1 1.92452E-1 1.52404E-1 1.68552E-1 2.56352E-1 3.05184E-1 3.60773E-1 3.51524E-1 5.24876E-1
1.39532E-1 4.26709E-1 4.79249E-1 4.23535E-1 3.97135E-1 3.3223E-1 1.57167E-1 3.12131E-1 4.41687E-1 4.50297E-1 4.82981E-1 4.6172E-1 5.18999E-1 5.77538E-1 6.07438E-1 5.40912E-1 7.04286E-1 6.41064E-1 5.97023E-1 6.02227E-1 5.83572E-1 6.03006E-1 6.48789E-1 7.20402E-1 6.72709E-1 6.5699E-1 2.66434E-1 5.31305E-1 6.52017E-1 6.07034E-1 5.83732E-1 5.64208E-1 5.57165E-1 4.83345E-1 5.68766E-1 5.72363E-1 5.80003E-1 6.05951E-1 6.15211E-1 6.08244E-1 1.31195E-1 5.12903E-1 4.83889E-1 4.6422E-1 4.2785E-1 4.43737E-1 4.28606E-1 4.11777E-1 3.88064E-1 3.1782E-1 1.86352E-1 2.31316E-1 1.81473E-1 1.62173E-1 2.23338E-1 2.82821E-1 3.23356E-1 3.82761E-1 5.27436E-1 5.4932E-1
4.30604E-1 4.15678E-1 3.54667E-1 3.73448E-1 4.1969E-1 3.96942E-1 3.92468E-1 4.07477E-1 4.6153E-1 1.49191E-1 4.77675E-1 4.42245E-1 4.55844E-1 5.08391E-1 5.30285E-1 -9999 6.32709E-1 5.38892E-1 5.91258E-1 5.87853E-1 5.50739E-1 5.85761E-1 5.00902E-1 7.28008E-1 6.5322E-1 6.63922E-1 6.82323E-1 5.08115E-1 6.80768E-1 6.22361E-1 5.9471E-1 5.62939E-1 5.613E-1 5.58024E-1 6.19273E-1 6.3834E-1 6.53071E-1 6.72425E-1 6.79097E-1 6.69704E-1 5.58005E-1 4.59225E-1 3.91499E-1 3.64723E-1 3.60039E-1 3.95941E-1 3.95638E-1 3.85238E-1 3.65759E-1 2.95306E-1 1.82029E-1 1.50458E-1 2.70536E-1 3.30344E-1 3.45669E-1 3.35109E-1 3.67063E-1 5.36294E-1 5.71444E-1 2.88466E-1
3.53657E-1 3.67081E-1 4.24809E-1 4.72737E-1 4.15955E-1 3.99668E-1 4.06111E-1 3.64149E-1 3.90642E-1 4.13253E-1 5.16242E-1 4.76833E-1 4.23192E-1 4.32978E-1 4.62423E-1 4.91798E-1 5.74616E-1 5.86051E-1 6.49115E-1 6.32307E-1 5.73345E-1 5.74342E-1 7.08538E-1 7.12985E-1 6.64738E-1 6.71751E-1 6.69473E-1 3.69711E-1 6.7583E-1 6.30205E-1 6.30996E-1 6.29735E-1 4.6053E-1 6.25163E-1 6.36579E-1 6.7258E-1 7.0284E-1 7.30418E-1 5.34843E-1 7.03848E-1 5.68006E-1 4.95243E-1 4.1587E-1 3.73539E-1 3.623E-1 3.90011E-1 3.80966E-1 3.80162E-1 3.65034E-1 3.14914E-1 2.27383E-1 2.70819E-1 2.96836E-1 2.95461E-1 3.40367E-1 3.61117E-1 5.41509E-1 4.22754E-1 5.62378E-1 5.17174E-1
3.88464E-1 4.14645E-1 4.47044E-1 4.55797E-1 4.55186E-1 4.35719E-1 4.17218E-1 3.88085E-1 4.10892E-1 4.66925E-1 5.94541E-1 5.70984E-1 5.55021E-1 5.5323E-1 5.93501E-1 7.21867E-1 5.59439E-1 7.67724E-1 8.19345E-1 7.77354E-1 6.76034E-1 6.46638E-1 6.402E-1 4.9008E-1 7.44898E-1 4.58937E-1 6.04371E-1 6.18922E-1 6.49451E-1 6.39902E-1 6.4404E-1 6.5226E-1 5.87012E-1 5.97232E-1 5.77738E-1 5.41911E-1 5.7879E-1 6.07012E-1 5.31117E-1 4.65465E-1 5.15905E-1 5.06743E-1 4.51165E-1 3.93244E-1 3.6943E-1 3.64535E-1 3.61724E-1 3.5915E-1 3.68547E-1 3.46292E-1 2.80507E-1 3.07619E-1 3.46267E-1 3.89794E-1 4.61035E-1 5.64714E-1 5.76888E-1 5.57005E-1 3.95753E-1 4.80144E-1
3.91982E-1 4.27502E-1 4.45955E-1 4.37729E-1 4.65725E-1 4.57557E-1 4.37908E-1 4.11242E-1 4.02778E-1 4.70799E-1 2.90652E-1 6.07605E-1 6.06367E-1 5.98952E-1 6.58095E-1 8.16906E-1 8.10986E-1 8.21809E-1 8.46954E-1 8.1791E-1 6.7606E-1 6.13438E-1 6.29363E-1 7.11532E-1 7.72166E-1 5.87893E-1 5.78004E-1 6.07665E-1 4.69863E-1 6.80584E-1 5.73056E-1 6.13024E-1 5.6576E-1 5.72192E-1 5.4387E-1 5.00717E-1 5.21931E-1 2.27233E-1 4.83904E-1 4.57381E-1 5.31089E-1 5.01536E-1 4.56897E-1 4.00782E-1 3.70529E-1 3.49899E-1 3.4171E-1 3.32987E-1 3.49546E-1 3.21811E-1 2.86135E-1 3.48913E-1 3.89933E-1 4.56047E-1 5.27762E-1 3.57118E-1 4.62256E-1 3.28667E-1 3.25421E-1 2.70705E-1
4.22566E-1 4.6444E-1 4.76548E-1 4.58815E-1 4.79339E-1 4.81461E-1 4.61439E-1 4.33857E-1 4.07637E-1 4.51041E-1 5.53199E-1 6.06368E-1 6.20513E-1 4.31475E-1 6.7286E-1 8.16975E-1 8.63768E-1 6.49888E-1 8.60787E-1 8.53203E-1 7.1874E-1 6.50232E-1 6.26799E-1 6.74697E-1 7.60386E-1 5.30306E-1 5.42524E-1 6.14671E-1 6.61096E-1 5.03886E-1 6.37082E-1 2.21313E-1 5.79628E-1 5.55941E-1 5.38083E-1 4.67537E-1 1.57769E-1 4.34008E-1 4.08757E-1 4.23992E-1 5.38107E-1 4.82718E-1 4.42776E-1 3.87251E-1 3.58108E-1 3.27901E-1 3.15171E-1 3.09845E-1 3.10828E-1 3.39385E-1 3.0863E-1 3.7825E-1 4.2895E-1 4.86531E-1 2.27023E-1 5.735E-1 2.28711E-1 3.80746E-1 2.96036E-1 2.66294E-1
4.78263E-1 5.28037E-1 5.06449E-1 4.82799E-1 5.05701E-1 1.12767E-1 1.50001E-1 1.43913E-1 4.23244E-1 4.83769E-1 5.7832E-1 6.02447E-1 6.15648E-1 5.29342E-1 6.06006E-1 4.73273E-1 6.79321E-1 8.65499E-1 7.4463E-1 8.46547E-1 7.14354E-1 6.87191E-1 6.57602E-1 5.28402E-1 6.73186E-1 5.21876E-1 5.34125E-1 6.11966E-1 6.31015E-1 6.23537E-1 7.02567E-1 6.44985E-1 4.44083E-1 1.46391E-1 5.3615E-1 4.82202E-1 1.8876E-1 4.72344E-1 4.5877E-1 4.90825E-1 5.46073E-1 4.96091E-1 4.3608E-1 3.99551E-1 3.71223E-1 3.20532E-1 2.99007E-1 2.9144E-1 3.41107E-1 3.90961E-1 3.48222E-1 4.08302E-1 4.74083E-1 3.61349E-1 6.3501E-1 4.71716E-1 2.73175E-1 4.03796E-1 3.32165E-1 3.78043E-1
4.61967E-1 4.63507E-1 4.57269E-1 4.67155E-1 2.45204E-1 4.42374E-1 4.20141E-1 3.98876E-1 4.04156E-1 4.57302E-1 5.67157E-1 5.90275E-1 5.79532E-1 1.83645E-1 5.98848E-1 7.55409E-1 7.35861E-1 7.04793E-1 7.48257E-1 5.6547E-1 6.82151E-1 5.5488E-1 4.06397E-1 5.87724E-1 7.17952E-1 5.74815E-1 6.16224E-1 6.91895E-1 3.17908E-1 5.9228E-1 5.42395E-1 5.74952E-1 6.37127E-1 6.18683E-1 2.44234E-1 1.80862E-1 5.18096E-1 5.48873E-1 5.41654E-1 5.12441E-1 5.5487E-1 5.18986E-1 4.62804E-1 4.33222E-1 4.03807E-1 3.40023E-1 3.15587E-1 2.95027E-1 3.3653E-1 4.11193E-1 4.15394E-1 4.65571E-1 5.19301E-1 4.24125E-1 5.28019E-1 4.8595E-1 4.64311E-1 4.14589E-1 3.60824E-1 3.44868E-1
6.68915E-1 6.53282E-1 6.41172E-1 5.79174E-1 3.35978E-1 5.80355E-1 5.33123E-1 5.31375E-1 5.49726E-1 5.74719E-1 5.46076E-1 5.05056E-1 5.76151E-1 5.12198E-1 5.66353E-1 7.24569E-1 6.8949E-1 6.73226E-1 5.7251E-1 6.90909E-1 1.9137E-1 6.34E-1 6.54885E-1 5.6639E-1 6.93105E-1 2.45501E-1 4.61573E-1 6.26144E-1 5.53002E-1 4.30819E-1 4.0379E-1 4.48527E-1 5.751E-1 5.9554E-1 6.22246E-1 6.43369E-1 5.82108E-1 5.69019E-1 5.54279E-1 5.21845E-1 5.21639E-1 4.58916E-1 4.04333E-1 3.7698E-1 3.44713E-1 2.89308E-1 2.5249E-1 2.44584E-1 2.50611E-1 3.07384E-1 3.61627E-1 4.82635E-1 5.67022E-1 5.7853E-1 5.30403E-1 4.97806E-1 4.86723E-1 4.2875E-1 3.77079E-1 3.47759E-1
2.16242E-1 3.84137E-1 6.03234E-1 2.08466E-1 6.02481E-1 5.31953E-1 5.15545E-1 5.08858E-1 5.36261E-1 5.73187E-1 4.95144E-1 5.02353E-1 5.967E-1 3.59127E-1 5.38556E-1 6.49211E-1 7.3883E-1 4.9968E-1 7.20836E-1 6.99767E-1 6.134E-1 6.17606E-1 6.78779E-1 3.17684E-1 5.50747E-1 4.73731E-1 5.91695E-1 5.75436E-1 5.61949E-1 5.27977E-1 5.55558E-1 5.96966E-1 5.71999E-1 5.92789E-1 6.03398E-1 5.73855E-1 5.22244E-1 4.9398E-1 5.32825E-1 5.57214E-1 5.63804E-1 4.50559E-1 4.24603E-1 3.89651E-1 3.63205E-1 2.97628E-1 2.54237E-1 2.82214E-1 2.68273E-1 2.96711E-1 3.49653E-1 4.24231E-1 5.20403E-1 4.70703E-1 5.37755E-1 4.98166E-1 3.36401E-1 4.84533E-1 4.52524E-1 3.70408E-1
5.20121E-1 5.10286E-1 5.16597E-1 5.79668E-1 5.27216E-1 4.94887E-1 4.99225E-1 4.85936E-1 5.41847E-1 5.52831E-1 4.73018E-1 4.77617E-1 5.63362E-1 1.78033E-1 4.75452E-1 5.51462E-1 6.10778E-1 7.38911E-1 7.28043E-1 7.0883E-1 5.95109E-1 5.20975E-1 6.3273E-1 6.67369E-1 3.23549E-1 5.20461E-1 1.14143E-1 4.79406E-1 5.21055E-1 4.85473E-1 5.17687E-1 4.85678E-1 5.04304E-1 5.48099E-1 4.21335E-1 5.45356E-1 4.84653E-1 4.37E-1 4.98597E-1 5.21427E-1 4.86784E-1 4.20272E-1 3.86435E-1 3.66235E-1 3.44656E-1 2.72325E-1 2.48773E-1 2.13462E-1 3.00619E-1 3.00353E-1 3.24693E-1 3.85428E-1 4.5463E-1 3.9155E-1 5.2002E-1 5.39625E-1 1.66348E-1 5.27933E-1 4.47943E-1 3.47233E-1
4.17915E-1 3.98816E-1 5.15584E-1 4.96644E-1 4.72021E-1 4.62538E-1 4.79312E-1 5.05986E-1 5.38385E-1 5.50505E-1 4.69862E-1 4.94901E-1 5.24361E-1 1.40679E-1 3.06846E-1 7.56925E-1 7.70079E-1 7.39888E-1 7.46595E-1 7.38973E-1 5.09008E-1 6.22933E-1 6.19404E-1 6.09468E-1 5.35881E-1 5.45629E-1 5.4083E-1 5.02916E-1 4.48423E-1 4.07924E-1 4.3567E-1 4.47966E-1 4.45686E-1 4.20543E-1 4.50177E-1 4.45838E-1 3.82364E-1 3.59786E-1 5.20716E-1 5.38184E-1 5.29214E-1 4.70535E-1 4.42414E-1 3.78684E-1 3.31091E-1 2.76755E-1 2.49358E-1 2.8763E-1 3.50607E-1 3.16531E-1 3.41752E-1 3.92815E-1 4.45704E-1 2.98799E-1 5.24799E-1 3.36542E-1 5.90402E-1 5.16104E-1 4.22553E-1 3.50199E-1
5.14412E-1 6.11838E-1 5.12886E-1 4.86629E-1 4.81721E-1 5.15672E-1 5.25265E-1 5.08808E-1 5.38975E-1 5.2561E-1 4.84428E-1 5.33942E-1 5.53553E-1 2.93451E-1 5.53352E-1 7.0539E-1 6.87798E-1 7.08804E-1 7.55024E-1 7.35705E-1 6.19077E-1 6.32899E-1 6.44885E-1 3.27113E-1 5.48276E-1 5.25402E-1 5.18124E-1 2.15047E-1 4.62216E-1 3.98058E-1 4.16551E-1 4.16276E-1 4.00208E-1 3.42815E-1 2.97772E-1 2.88148E-1 2.65546E-1 3.08541E-1 3.66422E-1 4.91616E-1 4.93239E-1 4.53037E-1 3.91572E-1 3.12945E-1 2.93967E-1 2.52101E-1 2.56704E-1 2.80362E-1 3.35045E-1 3.4681E-1 3.6561E-1 4.11528E-1 4.62189E-1 1.44284E-1 4.58895E-1 4.25226E-1 4.58323E-1 4.65712E-1 4.08635E-1 3.49641E-1
6.12556E-1 6.33343E-1 5.77066E-1 5.13819E-1 5.28112E-1 5.28408E-1 5.49888E-1 5.39605E-1 5.40641E-1 5.1753E-1 5.19821E-1 5.59963E-1 5.83346E-1 5.08675E-1 5.78812E-1 5.77888E-1 5.56535E-1 5.4584E-1 5.77417E-1 6.352E-1 6.94862E-1 4.39909E-1 7.03539E-1 -9999 6.38317E-1 6.12312E-1 6.21083E-1 6.15384E-1 4.46175E-1 5.49129E-1 4.66272E-1 2.54178E-1 4.17509E-1 3.4732E-1 3.21606E-1 4.08477E-1 4.64357E-1 4.46324E-1 4.97918E-1 5.4654E-1 4.97182E-1 4.43824E-1 3.99042E-1 3.43962E-1 3.029E-1 2.07317E-1 2.18472E-1 2.41764E-1 2.79516E-1 3.46749E-1 4.13795E-1 4.6258E-1 5.01445E-1 2.86888E-1 4.18253E-1 4.52585E-1 1.78695E-1 4.90946E-1 4.8145E-1 4.17944E-1
5.70586E-1 5.80657E-1 1.41677E-1 5.40803E-1 5.30773E-1 5.46457E-1 5.86325E-1 5.82713E-1 5.08033E-1 4.45749E-1 4.43341E-1 4.61899E-1 4.86763E-1 5.67959E-1 5.61994E-1 3.62196E-1 5.78308E-1 5.77314E-1 6.22322E-1 6.67278E-1 4.37645E-1 7.46872E-1 4.47772E-1 6.5425E-1 6.64154E-1 5.51732E-1 5.02596E-1 4.88644E-1 5.39566E-1 5.05683E-1 4.42664E-1 4.28894E-1 3.6255E-1 3.02671E-1 2.95111E-1 4.89559E-1 -9999 -9999 5.99713E-1 5.86056E-1 5.06006E-1 4.65845E-1 4.28288E-1 3.77101E-1 3.04439E-1 2.178E-1 2.26967E-1 2.58286E-1 2.99755E-1 3.54552E-1 4.23691E-1 4.88666E-1 5.34818E-1 4.16951E-1 4.61064E-1 4.82667E-1 5.02035E-1 5.17945E-1 5.21563E-1 4.45511E-1
5.28628E-1 5.21748E-1 5.35361E-1 5.45846E-1 5.05914E-1 5.937E-1 6.20719E-1 6.0818E-1 4.79995E-1 5.04545E-1 5.0455E-1 5.3132E-1 3.57154E-1 5.78465E-1 6.11892E-1 6.34427E-1 3.54876E-1 5.97107E-1 6.21687E-1 4.65126E-1 6.92646E-1 7.31574E-1 7.41232E-1 7.30865E-1 6.52469E-1 5.46587E-1 5.59578E-1 5.27809E-1 5.65369E-1 5.2914E-1 4.5071E-1 4.3259E-1 3.94254E-1 3.42039E-1 3.84774E-1 5.08328E-1 6.55751E-1 2.3578E-1 6.7928E-1 6.38539E-1 5.69328E-1 5.22146E-1 4.72117E-1 3.9975E-1 3.01183E-1 2.35126E-1 2.27584E-1 2.9687E-1 3.47386E-1 4.07759E-1 4.64797E-1 5.38279E-1 6.05915E-1 6.21753E-1 5.14521E-1 4.93569E-1 4.99728E-1 4.83386E-1 5.51402E-1 5.40804E-1
5.05411E-1 4.90021E-1 4.92848E-1 5.6755E-1 3.05557E-1 6.68334E-1 6.06604E-1 4.63718E-1 5.17634E-1 5.86536E-1 5.80117E-1 2.88111E-1 5.55868E-1 5.25754E-1 5.66538E-1 5.99511E-1 5.80088E-1 6.25969E-1 4.87626E-1 6.81089E-1 6.93373E-1 7.31394E-1 5.92065E-1 7.32258E-1 6.17366E-1 5.17356E-1 5.54259E-1 5.61181E-1 3.94389E-1 5.26212E-1 4.71028E-1 4.76546E-1 4.40683E-1 4.07319E-1 4.7473E-1 6.16232E-1 6.00759E-1 2.9876E-1 7.23571E-1 6.60999E-1 5.82766E-1 5.28901E-1 4.77798E-1 4.00019E-1 3.17533E-1 2.57986E-1 2.3982E-1 2.96475E-1 3.42399E-1 4.27259E-1 4.90982E-1 5.47854E-1 4.76619E-1 6.00585E-1 4.78871E-1 4.57825E-1 4.85971E-1 2.85596E-1 5.29559E-1 5.49243E-1
4.65703E-1 4.53848E-1 5.03181E-1 5.97166E-1 7.13613E-1 5.82063E-1 5.95184E-1 5.05647E-1 5.88844E-1 6.32552E-1 6.13599E-1 5.99922E-1 5.3834E-1 5.01846E-1 4.78305E-1 5.07876E-1 5.50919E-1 5.90239E-1 6.35446E-1 6.7153E-1 7.39016E-1 7.28681E-1 5.88271E-1 6.59962E-1 5.96325E-1 5.61541E-1 6.23622E-1 6.20465E-1 6.23413E-1 5.63266E-1 5.14234E-1 5.03515E-1 4.48952E-1 4.17388E-1 4.26408E-1 5.79548E-1 6.05991E-1 6.89547E-1 7.52025E-1 4.34385E-1 6.16647E-1 5.47435E-1 5.02692E-1 4.18431E-1 3.38001E-1 2.2539E-1 2.62061E-1 3.31147E-1 3.87067E-1 4.55044E-1 5.33839E-1 6.05766E-1 2.29857E-1 5.09859E-1 4.3848E-1 4.48886E-1 4.97318E-1 4.30785E-1 4.49637E-1 5.21517E-1
4.23491E-1 4.39577E-1 5.02942E-1 6.568E-1 6.91315E-1 6.41282E-1 6.14634E-1 6.19289E-1 6.07753E-1 6.6018E-1 6.28635E-1 5.84891E-1 5.26549E-1 4.85738E-1 4.63462E-1 5.6897E-1 6.08285E-1 6.2222E-1 6.59172E-1 7.0164E-1 7.37377E-1 7.43254E-1 7.29685E-1 6.8762E-1 6.82904E-1 6.49213E-1 6.67613E-1 6.22025E-1 6.01347E-1 5.69748E-1 3.29172E-1 4.59275E-1 4.44385E-1 4.17165E-1 3.97036E-1 4.91759E-1 5.51784E-1 6.63186E-1 7.21574E-1 3.80084E-1 5.70641E-1 5.05811E-1 4.69563E-1 3.77208E-1 3.10044E-1 2.45856E-1 2.8839E-1 3.3905E-1 3.89393E-1 4.73793E-1 5.5438E-1 6.38904E-1 1.98435E-1 5.3189E-1 4.57095E-1 4.93297E-1 5.20586E-1 2.40095E-1 5.56354E-1 4.87272E-1
4.42614E-1 4.45221E-1 4.76578E-1 5.62769E-1 6.46197E-1 5.92561E-1 6.26461E-1 5.35596E-1 6.7607E-1 3.34915E-1 6.20246E-1 5.71697E-1 5.22211E-1 4.92234E-1 4.5995E-1 5.46756E-1 5.86243E-1 6.07852E-1 6.65397E-1 6.53643E-1 6.12926E-1 6.25423E-1 6.46782E-1 4.71049E-1 7.04834E-1 6.23119E-1 6.33887E-1 6.05719E-1 5.90011E-1 5.65528E-1 1.94941E-1 4.01051E-1 3.97535E-1 4.02942E-1 3.99687E-1 5.11684E-1 5.7838E-1 6.76741E-1 7.29947E-1 6.24577E-1 5.60402E-1 5.29142E-1 4.64952E-1 3.7602E-1 3.1483E-1 2.87503E-1 3.18467E-1 3.65092E-1 4.05964E-1 4.76434E-1 5.81449E-1 3.40208E-1 3.85508E-1 5.47894E-1 4.58056E-1 5.12416E-1 5.39011E-1 2.83358E-1 5.04792E-1 4.96404E-1
4.97166E-1 4.94168E-1 5.3076E-1 5.9631E-1 5.95508E-1 6.28142E-1 6.47491E-1 7.03691E-1 5.23962E-1 7.20241E-1 6.25968E-1 5.88468E-1 5.26031E-1 4.88937E-1 4.60201E-1 5.3265E-1 5.67062E-1 5.79101E-1 5.1253E-1 5.07939E-1 5.43631E-1 5.65335E-1 5.80332E-1 4.30798E-1 7.15984E-1 6.42786E-1 6.66953E-1 6.43791E-1 6.09983E-1 5.76289E-1 4.41887E-1 4.09763E-1 4.58764E-1 4.7864E-1 4.34419E-1 5.69602E-1 6.31967E-1 6.57801E-1 7.30593E-1 5.98538E-1 5.43056E-1 5.15797E-1 4.39963E-1 3.72271E-1 3.46816E-1 3.4202E-1 3.58258E-1 4.03011E-1 4.09821E-1 4.81301E-1 5.56434E-1 5.95138E-1 4.84381E-1 5.7846E-1 4.59886E-1 5.45397E-1 5.66078E-1 2.24258E-1 5.37695E-1 5.00675E-1
5.5344E-1 5.55691E-1 5.73496E-1 5.88991E-1 6.14838E-1 3.20869E-1 7.14676E-1 2.82363E-1 7.26462E-1 7.00599E-1 6.19633E-1 5.716E-1 5.24158E-1 4.86498E-1 4.53753E-1 5.08225E-1 5.26301E-1 4.93288E-1 4.58237E-1 4.88421E-1 5.09787E-1 5.28298E-1 5.74611E-1 5.98259E-1 7.30481E-1 6.85094E-1 6.68789E-1 5.85954E-1 5.90412E-1 4.58634E-1 4.51425E-1 4.09269E-1 5.23535E-1 5.06925E-1 4.41344E-1 5.54794E-1 6.42071E-1 6.85463E-1 3.31891E-1 5.9498E-1 5.44611E-1 5.05963E-1 4.19502E-1 3.66783E-1 3.71387E-1 3.84594E-1 4.24588E-1 4.51995E-1 4.45783E-1 5.05679E-1 5.48774E-1 5.54246E-1 5.54899E-1 5.05032E-1 5.33835E-1 4.68669E-1 3.46992E-1 5.59191E-1 5.99895E-1 5.73437E-1
5.36784E-1 6.22296E-1 6.34505E-1 6.17588E-1 3.53762E-1 6.89669E-1 7.68319E-1 7.46402E-1 6.83986E-1 6.87752E-1 5.859E-1 5.21223E-1 4.92212E-1 4.79336E-1 4.47975E-1 4.8094E-1 4.56483E-1 5.45937E-1 -9999 5.42845E-1 4.71036E-1 4.85294E-1 5.46491E-1 4.85535E-1 7.189E-1 6.42516E-1 5.98007E-1 5.99302E-1 5.93116E-1 5.31934E-1 3.85611E-1 4.19469E-1 4.10327E-1 4.57406E-1 4.70274E-1 5.48983E-1 6.03399E-1 6.27412E-1 6.86983E-1 4.1843E-1 6.3384E-1 4.75262E-1 4.27994E-1 3.93517E-1 4.2109E-1 4.48705E-1 4.93922E-1 5.02246E-1 3.8572E-1 2.02604E-1 5.23366E-1 5.17151E-1 4.94891E-1 3.29122E-1 5.89617E-1 6.19093E-1 3.10673E-1 5.39992E-1 6.02758E-1 5.79297E-1
3.93731E-1 5.73954E-1 6.36247E-1 6.0254E-1 6.05137E-1 6.7059E-1 6.88451E-1 6.02009E-1 6.09571E-1 6.1572E-1 5.3794E-1 4.92131E-1 4.41584E-1 4.46487E-1 4.62344E-1 5.2335E-1 -9999 -9999 4.98899E-1 4.73125E-1 4.36842E-1 4.41032E-1 4.96879E-1 2.29278E-1 6.54986E-1 5.84644E-1 5.71545E-1 5.77497E-1 5.35352E-1 4.43305E-1 4.36712E-1 5.52665E-1 5.55944E-1 5.63942E-1 5.3142E-1 4.31471E-1 4.68339E-1 4.77085E-1 4.98036E-1 3.5399E-1 5.48873E-1 3.90185E-1 3.93897E-1 3.27196E-1 3.41187E-1 4.37743E-1 5.65719E-1 6.10636E-1 5.03757E-1 5.04822E-1 5.0877E-1 5.12817E-1 5.16285E-1 3.02984E-1 5.64752E-1 5.48733E-1 5.33869E-1 4.89954E-1 5.869E-1 5.2159E-1
5.55134E-1 1.81133E-1 6.34837E-1 5.95031E-1 6.46043E-1 6.56308E-1 6.28485E-1 5.4289E-1 6.14255E-1 6.18116E-1 5.36177E-1 5.02359E-1 4.60509E-1 4.41411E-1 4.28122E-1 5.07446E-1 4.98164E-1 4.59832E-1 4.17913E-1 4.28379E-1 4.49886E-1 4.9606E-1 4.51958E-1 6.94405E-1 6.67583E-1 5.41923E-1 5.38546E-1 5.28851E-1 4.96958E-1 5.07829E-1 5.4555E-1 5.14068E-1 5.78653E-1 3.22873E-1 6.14584E-1 4.87598E-1 5.02196E-1 5.36064E-1 2.90159E-1 6.21237E-1 5.77104E-1 4.17035E-1 4.28352E-1 3.83967E-1 3.74465E-1 4.45929E-1 4.98888E-1 6.15317E-1 5.81913E-1 6.33038E-1 5.17781E-1 5.02762E-1 5.46376E-1 3.0777E-1 5.76695E-1 5.68866E-1 5.39058E-1 4.7664E-1 4.92583E-1 3.12135E-1
6.33138E-1 6.43739E-1 6.29247E-1 6.06121E-1 6.78037E-1 6.38476E-1 5.53494E-1 5.05922E-1 5.63612E-1 6.3146E-1 6.5255E-1 5.59222E-1 5.20266E-1 5.16987E-1 4.91339E-1 5.36065E-1 4.86676E-1 4.78794E-1 4.98201E-1 5.09259E-1 3.74848E-1 4.08246E-1 5.59522E-1 5.63845E-1 5.73361E-1 4.41344E-1 4.45476E-1 4.41631E-1 4.81902E-1 4.7694E-1 4.95111E-1 5.09784E-1 5.63892E-1 5.88335E-1 6.22548E-1 4.68102E-1 4.52082E-1 5.3138E-1 6.19067E-1 6.03673E-1 5.84856E-1 3.97382E-1 3.92864E-1 4.72999E-1 4.12899E-1 4.86429E-1 4.12172E-1 3.67101E-1 5.28576E-1 5.30174E-1 4.70141E-1 3.4663E-1 4.4038E-1 3.95037E-1 5.76285E-1 2.27436E-1 5.38489E-1 4.79788E-1 4.89935E-1 5.16445E-1
