Phytophthora/models/20240430_1147_34/Phytophthora_PA3_RUN5_MAXENT_outputs/Phytophthora_PA3_RUN5.asc
ncols         225
nrows         269
xllcorner     473000.0
yllcorner     4429100.0
cellsize      50.0
NODATA_value  -9999
[rows 81 to 107 of 269, columns 60 to 119 of 225]
3.46982E-2 8.88865E-3 2.34418E-2 2.29522E-2 8.05075E-3 7.86493E-3 1.26492E-2 1.98568E-2 1.76846E-2 3.19379E-2 2.65394E-2 7.2576E-2 2.10237E-2 8.27977E-2 1.02584E-1 2.47073E-1 2.40101E-1 2.24859E-1 1.97642E-1 1.65842E-1 6.45234E-2 -9999 4.89175E-2 4.64579E-2 4.53916E-2 5.70808E-2 8.73958E-2 1.25668E-1 1.51739E-1 1.94783E-1 2.21401E-1 1.72202E-1 1.39331E-1 1.71017E-1 2.16963E-1 4.04575E-1 4.4092E-1 4.39551E-1 4.11591E-1 4.16736E-1 4.35576E-1 4.24597E-1 4.14305E-1 2.36756E-1 3.20903E-1 2.51892E-1 1.09824E-1 5.35049E-1 5.07146E-1 3.95236E-1 3.4634E-1 2.14839E-1 2.84353E-1 2.71803E-1 3.39818E-1 -9999 -9999 -9999 -9999 -9999
5.22194E-2 4.18111E-2 2.99538E-2 2.24137E-2 2.2513E-2 1.21327E-2 9.93249E-3 1.49449E-2 1.73401E-2 2.73206E-2 5.56708E-2 6.9776E-2 7.40437E-2 6.87419E-2 7.70528E-2 1.47E-1 1.54352E-1 2.08529E-1 1.91704E-1 1.57998E-1 5.84472E-2 -9999 6.64889E-2 5.25434E-2 5.11299E-2 6.11447E-2 8.61333E-2 1.1707E-1 1.31188E-1 1.58612E-1 2.11827E-1 1.84997E-1 1.50306E-1 1.62825E-1 2.00484E-1 4.30651E-1 4.65815E-1 4.40531E-1 4.48499E-1 4.06152E-1 4.64985E-1 4.04503E-1 4.40677E-1 4.18404E-1 3.79667E-1 3.74359E-1 3.00517E-1 1.70359E-1 2.11727E-1 1.14123E-1 3.41769E-1 1.04817E-1 4.89264E-1 1.86715E-1 2.00745E-1 1.02967E-1 1.9368E-1 -9999 -9999 -9999
4.07379E-2 3.87986E-2 3.7885E-2 2.53304E-2 2.49564E-2 1.90705E-2 1.72172E-2 1.9156E-2 2.24609E-2 3.50182E-2 5.25151E-2 6.12156E-2 6.64387E-2 6.79559E-2 8.46992E-2 1.37783E-1 1.52882E-1 1.83807E-1 1.91607E-1 1.60399E-1 1.60144E-2 7.81789E-2 -9999 6.90215E-2 7.28916E-2 6.69574E-2 7.8095E-2 1.03572E-1 1.18626E-1 1.45117E-1 2.03518E-1 2.09545E-1 1.98377E-1 1.11015E-1 2.12963E-1 1.81197E-1 4.88341E-1 4.32601E-1 4.4968E-1 4.47203E-1 4.92856E-1 4.5701E-1 4.33984E-1 3.96376E-1 3.73079E-1 3.77675E-1 2.536E-1 9.64282E-2 2.56699E-1 2.89956E-1 4.28039E-1 2.38913E-1 3.46108E-1 9.32971E-2 4.28813E-1 2.96079E-1 2.28433E-1 1.85248E-1 -9999 -9999
4.70611E-2 6.57818E-2 6.00339E-2 4.58295E-2 2.69101E-2 2.0114E-2 2.24877E-2 1.03981E-2 1.44989E-2 1.15849E-2 6.80227E-2 7.15804E-2 7.03573E-2 6.92961E-2 7.91234E-2 1.69249E-1 1.85346E-1 1.9281E-1 1.96975E-1 1.76116E-1 6.3155E-2 8.33274E-2 -9999 6.68945E-2 7.95836E-2 8.12936E-2 9.04291E-2 7.79506E-2 9.92895E-2 1.1999E-1 1.61037E-1 2.09429E-1 1.72352E-1 1.47881E-1 9.62868E-2 4.78343E-1 4.51943E-1 3.38302E-1 3.81647E-1 4.00975E-1 4.40996E-1 3.94653E-1 3.77295E-1 3.35411E-1 3.16266E-1 3.35064E-1 1.7186E-1 1.21386E-1 2.67084E-1 3.51655E-1 4.17923E-1 3.98381E-1 4.07858E-1 3.93037E-1 3.25534E-1 2.17005E-1 2.25878E-1 2.15877E-1 -9999 -9999
7.17333E-2 8.24834E-2 8.10198E-2 6.3767E-2 3.77072E-2 2.16373E-2 2.12032E-2 2.37834E-2 2.60167E-2 3.858E-2 2.68825E-2 7.81524E-2 7.73739E-2 7.81692E-2 8.44121E-2 1.62765E-1 1.87701E-1 2.056E-1 1.92089E-1 2.13867E-1 1.62381E-1 8.95872E-2 1.02112E-1 -9999 8.46966E-2 8.00072E-2 1.18189E-1 9.10896E-2 1.0696E-1 1.19084E-1 1.62134E-1 1.72876E-1 1.67977E-1 1.90953E-1 2.4005E-1 5.03515E-1 4.21136E-1 3.61812E-1 3.48062E-1 3.59264E-1 4.10468E-1 3.70672E-1 3.57078E-1 3.13383E-1 3.33942E-1 2.0534E-1 3.54893E-1 2.31774E-1 3.21242E-1 3.47665E-1 3.61061E-1 3.28779E-1 3.42141E-1 3.28263E-1 3.16454E-1 2.92184E-1 2.98497E-1 2.90901E-1 2.43034E-1 -9999
4.59017E-2 5.54344E-2 5.5977E-2 3.31526E-2 3.17541E-2 2.42404E-2 2.01934E-2 2.05743E-2 2.00089E-2 3.00984E-2 6.20064E-2 1.85148E-2 8.14021E-2 8.00917E-2 9.14131E-2 1.58787E-1 1.67442E-1 1.88466E-1 1.95964E-1 2.06646E-1 2.98638E-2 1.22208E-1 1.15077E-1 1.24646E-1 1.2599E-1 1.6145E-1 2.50266E-1 2.58156E-1 2.1306E-1 2.26844E-1 1.35409E-1 1.93878E-1 2.33098E-1 2.45537E-1 3.46828E-1 2.27934E-1 5.31394E-1 5.279E-1 4.77124E-1 4.47815E-1 4.29493E-1 3.82372E-1 3.55913E-1 3.74805E-1 5.00516E-1 5.37063E-1 4.72475E-1 2.24065E-1 3.99219E-1 1.78584E-1 4.37494E-1 3.90043E-1 3.59436E-1 3.84211E-1 3.91918E-1 4.45362E-1 4.46768E-1 4.2684E-1 3.92788E-1 -9999
4.62618E-2 5.56758E-2 5.4988E-2 3.63505E-2 4.7284E-2 3.43121E-2 2.19183E-2 2.14019E-2 2.01774E-2 2.3039E-2 4.91567E-2 7.72664E-2 7.83041E-2 9.13708E-2 9.84116E-2 1.65435E-1 1.54755E-1 1.532E-1 1.73075E-1 1.75566E-1 1.24888E-1 5.35275E-2 1.37339E-1 1.18511E-1 1.23209E-1 1.96254E-1 2.90246E-1 3.07613E-1 2.43995E-1 2.36236E-1 2.07174E-1 2.01996E-1 2.42948E-1 2.52955E-1 2.95011E-1 5.28137E-1 3.97864E-1 5.69458E-1 5.12845E-1 4.68726E-1 4.43615E-1 4.62828E-1 3.97881E-1 3.69023E-1 2.75027E-1 4.42823E-1 2.41981E-1 6.13805E-1 5.5782E-1 5.60812E-1 4.98351E-1 5.291E-1 4.73384E-1 4.79809E-1 4.53349E-1 5.24703E-1 5.39288E-1 5.45962E-1 5.0736E-1 3.7286E-1
5.19995E-2 4.91931E-2 5.83326E-2 5.64316E-2 5.45772E-2 4.85537E-2 3.2788E-2 2.90462E-2 2.39934E-2 2.52292E-2 4.68155E-2 7.0993E-2 6.91403E-2 5.76337E-2 1.22341E-1 2.01543E-1 1.73181E-1 1.48144E-1 1.36041E-1 1.52887E-1 5.66366E-2 1.71617E-1 1.50655E-1 1.47003E-1 1.55865E-1 2.68259E-1 3.23245E-1 2.90016E-1 2.45865E-1 2.24845E-1 1.80596E-1 2.02896E-1 2.86279E-1 2.80958E-1 2.26299E-1 5.65536E-1 5.72833E-1 4.04791E-1 4.98919E-1 4.34689E-1 4.20303E-1 4.7195E-1 4.68157E-1 3.74032E-1 1.39736E-1 3.5051E-1 3.5746E-1 3.32004E-1 3.69136E-1 5.37889E-1 5.30216E-1 3.39365E-1 3.46236E-1 4.69405E-1 4.53078E-1 3.54267E-1 5.72875E-1 5.84341E-1 4.70028E-1 3.55904E-1
5.21727E-2 4.81281E-2 6.51712E-2 6.85988E-2 2.75147E-2 5.92758E-2 4.84626E-2 4.18944E-2 3.07431E-2 2.97113E-2 5.07449E-2 6.2226E-2 5.83078E-2 8.6994E-2 1.1466E-1 1.34713E-1 1.7865E-1 1.45583E-1 1.20147E-1 1.12843E-1 1.59043E-1 6.04087E-2 1.81733E-1 1.57024E-1 1.42653E-1 3.42213E-1 2.49253E-1 2.63189E-1 1.97091E-1 1.31296E-1 1.49347E-1 2.39891E-1 3.41041E-1 -9999 2.39562E-1 6.32016E-1 5.55594E-1 4.11161E-1 3.84256E-1 4.30145E-1 4.84977E-1 5.07773E-1 5.36367E-1 5.32113E-1 4.72349E-1 4.28631E-1 4.3414E-1 3.55525E-1 3.62128E-1 5.71746E-1 5.12576E-1 3.48316E-1 4.26994E-1 4.65997E-1 4.5665E-1 5.68614E-1 5.73173E-1 5.58621E-1 4.38061E-1 3.36806E-1
4.68379E-2 5.04828E-2 6.87001E-2 7.59259E-2 7.27529E-2 7.97895E-2 6.56927E-2 5.43755E-2 4.14664E-2 3.99085E-2 4.676E-2 5.86728E-2 4.96228E-2 7.40676E-2 1.00582E-1 2.20667E-1 1.90305E-1 1.76142E-1 1.50462E-1 1.10829E-1 1.55033E-1 5.87597E-2 1.90393E-1 1.74012E-1 1.50238E-1 3.3191E-1 2.14886E-1 1.85884E-1 2.10647E-1 2.09502E-1 1.69547E-1 -9999 -9999 -9999 -9999 5.62355E-1 5.05971E-1 3.94922E-1 4.17432E-1 4.77306E-1 4.48586E-1 5.55968E-1 5.47569E-1 5.77834E-1 5.90946E-1 2.55826E-1 3.70778E-1 3.87149E-1 4.03662E-1 5.83567E-1 4.43418E-1 3.97148E-1 3.49744E-1 4.32444E-1 4.28693E-1 5.10175E-1 5.21057E-1 4.67668E-1 3.83998E-1 3.53975E-1
6.60025E-2 7.95761E-2 1.07599E-1 9.7748E-2 1.05691E-1 1.15799E-1 7.75326E-2 7.41329E-2 5.11434E-2 6.09514E-2 6.41198E-2 7.22145E-2 7.17933E-2 8.54692E-2 1.10222E-1 2.13385E-1 1.89584E-1 1.67403E-1 1.83863E-1 1.23934E-1 1.50695E-1 7.36203E-2 2.04275E-1 3.14301E-1 3.58344E-1 2.1397E-1 1.69049E-1 1.46759E-1 1.69564E-1 -9999 -9999 -9999 -9999 -9999 -9999 4.39721E-1 3.71068E-1 3.78776E-1 4.25522E-1 3.5581E-1 4.18489E-1 5.07398E-1 5.66672E-1 5.94955E-1 2.82488E-1 4.54152E-1 3.59189E-1 3.93001E-1 1.77333E-1 5.23661E-1 3.64002E-1 3.29005E-1 1.59294E-1 3.16218E-1 4.27012E-1 4.7791E-1 4.81695E-1 3.43332E-1 3.74286E-1 4.18638E-1
7.19649E-2 9.98722E-2 1.20187E-1 9.28689E-2 9.35547E-2 5.30905E-2 8.43163E-2 3.97838E-2 6.42122E-2 6.78398E-2 8.48968E-2 1.13872E-1 1.0876E-1 1.26095E-1 1.42328E-1 2.12764E-1 6.32603E-2 2.33629E-1 2.2012E-1 1.77734E-1 1.8419E-1 2.70992E-1 3.14077E-1 9.01493E-2 2.57865E-1 2.05348E-1 1.86693E-1 1.57348E-1 -9999 -9999 -9999 -9999 -9999 -9999 -9999 4.26401E-1 3.42839E-1 3.23703E-1 3.66549E-1 3.52106E-1 3.86343E-1 4.41098E-1 5.23037E-1 4.91721E-1 2.65363E-1 5.98607E-2 2.12704E-1 3.62891E-1 5.03681E-1 5.11046E-1 1.2091E-1 2.16704E-1 2.0045E-1 2.31377E-1 3.06192E-1 5.09578E-1 3.79132E-1 3.44392E-1 3.79651E-1 4.43077E-1
6.83773E-2 1.02718E-1 5.17979E-2 5.35258E-2 7.13682E-2 4.49033E-2 7.15916E-2 1.0555E-1 7.8001E-2 6.83961E-2 8.49536E-2 1.3494E-1 1.60934E-1 1.68267E-1 6.24158E-2 1.48379E-1 2.41792E-1 2.26416E-1 2.19612E-1 2.01521E-1 2.48998E-1 2.98524E-1 1.43481E-1 2.20654E-1 1.88457E-1 2.21544E-1 2.02305E-1 1.66606E-1 -9999 -9999 -9999 -9999 -9999 -9999 -9999 -9999 3.97717E-1 3.66868E-1 3.41686E-1 3.36727E-1 4.0633E-1 -9999 -9999 5.66926E-1 3.77542E-1 1.59037E-1 1.89823E-1 2.94267E-1 5.00471E-1 4.16823E-1 2.74581E-1 2.0484E-1 1.65087E-1 1.00344E-1 4.21768E-1 3.11085E-1 4.13473E-1 3.76303E-1 4.20755E-1 4.52275E-1
5.25543E-2 8.33167E-2 1.00681E-1 8.23122E-2 8.00879E-2 4.87411E-2 2.54777E-2 1.11213E-1 5.83734E-2 9.14301E-2 9.93573E-2 1.27288E-1 1.10386E-1 1.80328E-1 1.72999E-1 1.09415E-1 2.25523E-1 2.14614E-1 1.92189E-1 1.73377E-1 1.68049E-1 2.57856E-1 3.06689E-1 2.35351E-1 2.03889E-1 6.4723E-2 1.85869E-1 1.7492E-1 -9999 -9999 -9999 -9999 -9999 -9999 -9999 -9999 4.66611E-1 4.1219E-1 3.99715E-1 -9999 -9999 -9999 -9999 2.68042E-1 3.08792E-1 1.38969E-1 1.70417E-1 1.6687E-1 3.39669E-1 3.71982E-1 2.54398E-1 2.0885E-1 1.56007E-1 8.72558E-2 4.20115E-1 2.49663E-1 4.30234E-1 3.95628E-1 4.28129E-1 2.16129E-1
4.34549E-2 4.1211E-2 7.79763E-2 8.39764E-2 7.10438E-2 4.19714E-2 5.90138E-2 9.37799E-2 1.0685E-1 9.90039E-2 7.25031E-2 2.56809E-2 1.10244E-1 1.46991E-1 1.45847E-1 1.65049E-1 8.61993E-2 6.9654E-2 1.98404E-1 1.70247E-1 1.08232E-1 1.44076E-1 2.03527E-1 1.66084E-1 1.47753E-1 7.72074E-2 1.96525E-1 1.08972E-1 1.82408E-1 -9999 -9999 -9999 -9999 -9999 -9999 5.47378E-1 -9999 -9999 -9999 -9999 -9999 -9999 -9999 2.95035E-1 2.44849E-1 1.72525E-1 1.48446E-1 1.68915E-1 7.76413E-2 9.86087E-2 1.28704E-1 1.94864E-1 1.62852E-1 1.68363E-1 2.03735E-1 4.99092E-1 3.61145E-1 4.52263E-1 2.01277E-1 4.94791E-1
7.99251E-2 1.05246E-1 9.8218E-2 1.63906E-1 1.20655E-1 9.47489E-2 8.71045E-2 1.08582E-1 1.28178E-1 2.35232E-1 2.58074E-1 2.85047E-1 5.4897E-2 1.64472E-1 1.51369E-1 1.23367E-1 1.2733E-1 1.36387E-1 1.54587E-1 6.90775E-2 7.08699E-2 1.1377E-1 1.13061E-1 1.30765E-1 1.20787E-1 2.26025E-1 1.1866E-1 1.31686E-1 1.49972E-1 -9999 -9999 -9999 -9999 -9999 -9999 -9999 -9999 -9999 -9999 -9999 -9999 -9999 -9999 2.81575E-1 3.28569E-1 3.38326E-1 2.71571E-1 2.85686E-1 1.77761E-1 1.35553E-1 4.95992E-1 4.41831E-1 4.48932E-1 6.15334E-1 3.07435E-1 5.33758E-1 5.36311E-1 5.64314E-1 5.42363E-1 4.79921E-1
4.87538E-2 5.94627E-2 5.45859E-2 8.50146E-2 7.26774E-2 8.87992E-2 7.95145E-2 7.89328E-2 8.59624E-2 1.175E-1 2.07105E-1 2.55703E-1 2.90518E-1 2.06276E-1 1.53212E-1 9.32208E-2 1.02838E-1 9.63618E-2 8.67169E-2 9.89413E-2 9.62035E-2 8.26949E-2 8.38563E-2 8.78926E-2 8.7841E-2 2.01329E-1 1.11371E-1 1.39667E-1 1.22144E-1 -9999 -9999 -9999 -9999 -9999 -9999 -9999 -9999 -9999 -9999 -9999 -9999 -9999 -9999 1.54516E-1 3.09599E-1 3.43878E-1 3.31898E-1 3.21044E-1 3.18434E-1 3.80219E-1 5.55699E-1 5.1438E-1 2.83375E-1 7.08425E-1 7.06607E-1 4.57612E-1 3.94655E-1 2.6853E-1 1.94242E-1 4.01341E-1
6.18068E-2 5.57554E-2 4.51898E-2 2.43401E-2 5.043E-2 6.38623E-2 6.4643E-2 6.51289E-2 7.52921E-2 8.94131E-2 1.21842E-1 2.18138E-1 2.83234E-1 1.94812E-1 2.37826E-1 1.16738E-1 8.93552E-2 1.24826E-1 1.23344E-1 9.99926E-2 1.15355E-1 1.35441E-1 1.33436E-1 1.6485E-1 1.45054E-1 9.34985E-2 1.45424E-1 1.73677E-1 1.95458E-1 1.57914E-1 -9999 -9999 -9999 -9999 -9999 -9999 -9999 -9999 -9999 -9999 -9999 -9999 -9999 2.82393E-1 2.20385E-1 3.69633E-1 3.9783E-1 3.79199E-1 3.7685E-1 3.07596E-1 3.74468E-1 7.02798E-1 6.89599E-1 7.21311E-1 6.60029E-1 3.57571E-1 3.21199E-1 2.03348E-1 3.21081E-1 3.57068E-1
8.85589E-2 8.4835E-2 7.62878E-2 6.91853E-2 5.84144E-2 5.47415E-2 5.04548E-2 5.78418E-2 5.76617E-2 7.50303E-2 9.33976E-2 1.2454E-1 2.62434E-1 2.79283E-1 2.26957E-1 1.51423E-1 1.23445E-1 2.67194E-2 2.76811E-2 6.22364E-2 9.57172E-2 1.0972E-1 1.15937E-1 1.48453E-1 1.60891E-1 1.7159E-1 4.7053E-2 1.37122E-1 2.59017E-1 9.94688E-2 1.34704E-1 -9999 -9999 -9999 -9999 -9999 -9999 -9999 -9999 -9999 -9999 -9999 -9999 2.84299E-1 2.94661E-1 3.71056E-1 3.61291E-1 2.50031E-1 2.75768E-1 1.45782E-1 3.9587E-1 4.68806E-1 6.50493E-1 3.68504E-1 5.26238E-1 3.31847E-1 3.73934E-1 2.88009E-1 4.3291E-1 3.73975E-1
1.05949E-1 9.20481E-2 8.56301E-2 8.69185E-2 5.31588E-2 8.01773E-2 5.93798E-2 6.41898E-2 6.09226E-2 7.85942E-2 1.02442E-1 1.36197E-1 7.91653E-2 2.12171E-1 2.10693E-1 1.35811E-1 8.8458E-2 7.78424E-2 4.74094E-2 5.26104E-2 8.53124E-2 1.14256E-1 1.32937E-1 1.97344E-1 2.16787E-1 1.89773E-1 2.26359E-1 1.38708E-1 2.64321E-1 1.01425E-1 1.76814E-1 -9999 -9999 -9999 -9999 -9999 -9999 -9999 -9999 -9999 -9999 -9999 3.31438E-1 1.4002E-1 3.35836E-1 3.7526E-1 3.53306E-1 3.91537E-1 3.56098E-1 2.509E-1 2.47331E-1 3.30678E-1 4.09728E-1 3.94264E-1 3.89365E-1 2.67257E-1 3.51578E-1 1.43906E-1 4.36429E-1 3.17901E-1
1.09673E-1 1.0285E-1 8.92015E-2 8.11876E-2 9.07305E-2 4.39828E-2 1.15079E-1 8.47316E-2 7.64484E-2 9.59104E-2 1.16365E-1 1.61321E-1 9.96546E-2 1.79889E-1 1.50549E-1 8.12899E-2 5.97696E-2 2.64319E-2 3.83558E-2 5.9071E-2 1.43975E-1 1.29173E-1 1.99418E-1 2.684E-1 2.73528E-1 1.56181E-1 1.33995E-1 8.78415E-2 8.2941E-2 8.21743E-2 2.25098E-1 1.6634E-1 -9999 -9999 -9999 -9999 -9999 -9999 -9999 -9999 -9999 2.34034E-1 2.36747E-1 3.10308E-1 4.01342E-1 4.47453E-1 4.61408E-1 5.71832E-1 3.79975E-1 3.21474E-1 2.50628E-1 2.67852E-1 4.3062E-1 4.08908E-1 4.16772E-1 4.35674E-1 4.27277E-1 4.14457E-1 5.4442E-1 4.72529E-1
1.30881E-1 1.26074E-1 1.19371E-1 9.67094E-2 8.77199E-2 1.602E-1 1.02425E-1 9.6043E-2 8.53226E-2 1.10028E-1 1.22443E-1 1.59886E-1 1.77853E-1 1.58486E-1 1.82859E-1 7.08449E-2 2.75392E-2 6.41637E-3 3.48321E-2 6.70285E-2 1.45145E-1 2.33119E-1 3.13381E-1 3.64317E-1 2.94018E-1 1.71147E-1 1.64084E-1 8.58253E-2 9.66119E-2 8.10435E-2 1.89984E-1 1.8338E-1 -9999 -9999 -9999 -9999 -9999 -9999 -9999 -9999 1.85551E-1 1.98158E-1 2.12393E-1 2.36275E-1 1.28304E-1 2.1058E-1 1.41351E-1 4.3622E-1 7.57042E-2 2.15657E-1 3.20175E-1 3.06476E-1 5.23259E-1 4.93981E-1 4.95515E-1 4.37246E-1 2.56797E-1 2.24114E-1 3.04513E-1 5.37967E-1
1.40801E-1 1.32806E-1 1.38302E-1 1.2798E-1 1.27799E-1 1.54196E-1 9.38204E-2 1.457E-1 1.04417E-1 1.21858E-1 1.47981E-1 1.23219E-1 6.51449E-2 1.09482E-1 2.96773E-2 7.21419E-2 3.60129E-2 1.75336E-2 5.24559E-2 7.96175E-2 2.9239E-1 3.44276E-1 3.28763E-1 2.23834E-1 2.07768E-1 1.60794E-1 1.63037E-1 1.12558E-1 7.91229E-2 1.27061E-1 8.48031E-2 1.11339E-1 1.57838E-1 -9999 -9999 -9999 -9999 -9999 -9999 7.68655E-2 1.62992E-1 1.81826E-1 1.81013E-1 2.03685E-1 2.24809E-1 2.59697E-1 1.77566E-1 2.04426E-1 3.81515E-1 2.58609E-1 1.11388E-1 4.50538E-1 2.64466E-1 5.54084E-1 5.33997E-1 4.02961E-1 4.47492E-1 5.4742E-1 6.25561E-1 4.50234E-1
1.28017E-1 1.40766E-1 1.02974E-1 9.19961E-2 1.1636E-1 1.52295E-1 1.84642E-1 2.19955E-1 1.21624E-1 5.54514E-2 1.54606E-1 1.5798E-1 1.30557E-1 9.42561E-2 7.5835E-2 5.26571E-2 1.8862E-2 5.79762E-2 6.56126E-2 1.3008E-1 3.75735E-1 3.61593E-1 2.46601E-1 2.4348E-1 2.49772E-1 1.74348E-1 1.7418E-1 1.33685E-1 7.62029E-2 1.10393E-1 7.54171E-2 1.11668E-1 1.44876E-1 -9999 -9999 -9999 -9999 -9999 -9999 9.7314E-2 3.06978E-1 2.40065E-1 2.32866E-1 2.47959E-1 2.66515E-1 4.16076E-1 3.37088E-1 1.229E-1 5.02832E-1 3.08648E-1 3.84515E-1 3.92566E-1 3.64668E-1 2.32613E-1 4.08693E-1 5.26044E-1 4.97827E-1 5.3591E-1 6.12808E-1 4.21434E-1
1.13026E-1 1.49545E-1 1.4754E-1 8.80553E-2 9.17079E-2 1.35349E-1 1.51997E-1 2.80778E-2 1.80735E-1 1.79376E-1 1.55956E-1 1.29923E-1 1.29858E-1 1.18531E-1 6.66649E-2 5.18617E-2 6.95745E-2 8.05123E-2 2.47639E-2 1.89274E-1 3.89993E-1 3.77797E-1 3.31139E-1 2.33276E-1 2.25587E-1 1.50299E-1 1.18166E-1 8.74464E-2 4.88244E-2 4.60601E-2 6.87054E-2 9.00562E-2 1.58209E-1 1.08973E-1 -9999 -9999 -9999 1.21925E-1 1.3016E-1 1.93075E-1 2.00904E-1 2.02635E-1 3.01679E-1 1.32452E-1 3.8526E-1 4.00845E-1 6.54177E-1 3.71326E-1 5.11494E-1 3.72866E-1 3.91281E-1 3.99307E-1 3.84862E-1 1.95835E-1 5.75579E-1 3.24712E-1 3.63031E-1 5.19034E-1 6.39795E-1 5.56106E-1
1.11579E-1 1.57796E-1 2.03718E-1 1.41203E-1 9.97249E-2 1.47698E-1 6.59092E-2 1.11587E-1 2.57471E-1 1.47889E-1 7.72119E-2 8.35133E-2 8.23302E-2 8.06111E-2 6.84748E-2 9.55071E-2 1.11176E-1 1.67811E-1 2.37982E-1 1.31164E-1 3.46739E-1 3.17655E-1 1.85244E-1 1.46495E-1 1.23363E-1 1.14092E-1 1.03928E-1 7.58963E-2 6.91785E-2 1.276E-1 1.95218E-1 6.03443E-2 4.56999E-2 5.38481E-2 8.04112E-2 1.86769E-1 2.66571E-1 3.49932E-1 1.91424E-1 4.89255E-1 5.12778E-1 4.95764E-1 4.57329E-1 5.89593E-1 2.35305E-1 6.17303E-1 2.66895E-1 3.43197E-1 4.76656E-1 3.43619E-1 3.76527E-1 3.68008E-1 3.78831E-1 2.84333E-1 4.2785E-1 3.59311E-1 4.76036E-1 5.75864E-1 4.19328E-1 4.84839E-1
8.33732E-2 1.27893E-1 1.96685E-1 1.97315E-1 1.64363E-1 1.93034E-1 1.85062E-1 1.10183E-1 2.35423E-1 1.31698E-1 7.04979E-2 9.75966E-2 7.64821E-2 8.01233E-2 7.69993E-2 1.03862E-1 1.13085E-1 1.16384E-1 1.7748E-1 2.19559E-1 3.20045E-1 1.80038E-1 1.46824E-1 1.23972E-1 1.13259E-1 1.16935E-1 8.69986E-2 1.39592E-1 1.12195E-1 7.49918E-2 1.83662E-1 6.81016E-2 5.27324E-2 1.11637E-1 9.04935E-2 2.14972E-1 3.12925E-1 3.89169E-1 4.63778E-1 5.51562E-1 3.97684E-1 5.5408E-1 4.97393E-1 5.31211E-1 2.93434E-1 1.15961E-1 2.14654E-1 2.32178E-1 4.34124E-1 3.22328E-1 3.45429E-1 3.1604E-1 3.50384E-1 4.40446E-1 1.45433E-1 1.77897E-1 4.75787E-1 6.11697E-1 5.2007E-1 2.12785E-1
