Phytophthora/models/20240430_1147_34/Phytophthora_PA3_RUN5_MAXENT_outputs/Phytophthora_PA3_RUN5.asc
ncols         225
nrows         269
xllcorner     473000.0
yllcorner     4429100.0
cellsize      50.0
NODATA_value  -9999
[rows 216 to 242 of 269, columns 120 to 179 of 225]
4.51598E-1 4.08034E-1 3.56527E-1 3.01536E-1 2.93227E-1 2.97676E-1 2.42911E-1 1.89521E-1 2.01962E-1 8.85619E-2 7.38165E-2 6.50387E-2 9.50797E-2 9.89711E-2 9.40661E-2 2.743E-1 4.20876E-1 3.78525E-1 3.77099E-1 3.78272E-1 4.64188E-1 5.47136E-1 4.89703E-1 5.14227E-1 4.85533E-1 2.98135E-1 2.92654E-1 2.31921E-1 1.84704E-1 1.09195E-1 1.08119E-1 1.12344E-1 2.80339E-1 3.37968E-1 4.40812E-1 2.21979E-1 4.57505E-1 3.88678E-1 3.44334E-1 2.96957E-1 2.74948E-1 3.76605E-1 4.22533E-1 3.98265E-1 4.80453E-1 4.24365E-1 3.90246E-1 3.58858E-1 3.22148E-1 2.89764E-1 2.21718E-1 1.43158E-1 1.29342E-1 1.00043E-1 1.36704E-1 1.08248E-1 1.74801E-1 1.50515E-1 1.44344E-1 1.33223E-1
4.03735E-1 3.35189E-1 2.95989E-1 3.20649E-1 2.73893E-1 2.8644E-1 2.56619E-1 2.19696E-1 1.89525E-1 1.95869E-1 1.66356E-1 1.7311E-1 8.15173E-2 1.73289E-1 1.14786E-1 2.67272E-1 2.6623E-1 2.84059E-1 3.7288E-1 3.46314E-1 3.37947E-1 4.41196E-1 4.19844E-1 5.02919E-1 4.66817E-1 3.21584E-1 1.23793E-1 2.41844E-1 1.50965E-1 1.10377E-1 1.10781E-1 1.66228E-1 3.20115E-1 3.50732E-1 2.43822E-1 4.76573E-1 4.06996E-1 2.85502E-1 3.84385E-1 3.36894E-1 3.65268E-1 4.8674E-1 3.34347E-1 4.63631E-1 5.01032E-1 4.12711E-1 3.91808E-1 3.46614E-1 3.1714E-1 2.85782E-1 1.79839E-1 1.29886E-1 1.30153E-1 1.11644E-1 5.22927E-2 1.8438E-1 1.40592E-1 1.82229E-1 1.9859E-1 2.58768E-1
5.83084E-1 4.674E-1 4.09564E-1 3.73663E-1 3.19819E-1 3.26517E-1 3.07748E-1 2.50384E-1 1.96166E-1 1.99192E-1 1.92114E-1 2.1549E-1 1.95086E-1 1.86079E-1 2.23034E-1 2.17741E-1 2.42187E-1 2.80698E-1 3.47851E-1 3.37309E-1 3.22025E-1 3.18266E-1 4.59556E-1 4.87431E-1 4.31127E-1 3.03754E-1 2.94183E-1 1.81844E-1 1.42983E-1 8.94023E-2 1.3521E-1 2.64051E-1 2.59173E-1 4.12851E-1 4.05196E-1 4.02302E-1 3.4285E-1 3.27533E-1 3.9884E-1 3.30541E-1 3.23857E-1 4.24579E-1 5.02653E-1 2.29982E-1 4.69945E-1 3.36023E-1 3.78279E-1 3.24756E-1 2.99521E-1 2.29113E-1 1.38749E-1 1.14491E-1 1.22698E-1 4.50202E-2 1.51707E-1 1.27118E-1 1.63844E-1 1.50664E-1 2.92798E-1 3.55814E-1
5.0416E-1 4.8551E-1 4.75698E-1 4.08144E-1 3.3884E-1 3.05484E-1 2.83378E-1 2.11106E-1 1.88202E-1 1.78583E-1 1.87223E-1 1.99843E-1 2.05426E-1 2.43326E-1 2.35637E-1 2.67074E-1 3.46733E-1 3.35395E-1 3.36928E-1 3.12226E-1 2.89266E-1 3.01237E-1 4.31209E-1 4.08742E-1 3.34389E-1 2.72921E-1 2.39102E-1 1.8405E-1 4.29082E-2 8.00543E-2 1.63948E-1 3.01449E-1 3.35752E-1 3.68686E-1 3.31832E-1 3.7958E-1 3.86407E-1 3.9102E-1 4.03951E-1 3.79596E-1 2.96833E-1 3.56414E-1 4.2758E-1 5.73636E-1 5.66132E-1 3.80673E-1 3.51772E-1 2.9471E-1 2.72569E-1 1.54733E-1 9.40251E-2 8.12751E-2 1.44281E-1 8.30184E-2 1.2128E-1 1.44569E-1 1.58074E-1 3.24316E-1 3.80092E-1 4.85022E-1
4.36574E-1 4.37895E-1 4.22356E-1 3.9409E-1 4.01117E-1 3.50406E-1 2.90905E-1 2.3477E-1 2.07272E-1 1.82432E-1 2.23779E-1 2.51153E-1 2.46829E-1 2.85187E-1 3.09188E-1 3.55479E-1 3.99977E-1 3.66212E-1 3.28277E-1 3.35232E-1 3.11573E-1 3.9568E-1 4.19037E-1 3.42391E-1 3.06708E-1 2.53019E-1 2.51878E-1 1.4191E-1 1.09751E-1 7.91105E-2 1.15075E-1 2.97883E-1 3.46516E-1 3.1815E-1 3.09838E-1 4.13061E-1 4.46562E-1 4.75274E-1 4.57873E-1 4.39004E-1 3.42238E-1 3.94233E-1 4.52362E-1 5.04208E-1 5.05136E-1 3.28657E-1 2.67767E-1 2.62555E-1 2.28185E-1 1.13927E-1 3.90855E-2 1.47522E-1 7.86618E-2 6.85899E-2 1.18759E-1 1.87841E-1 1.74539E-1 2.63089E-1 2.69906E-1 4.42365E-1
1.20545E-1 3.207E-1 3.07333E-1 3.5127E-1 3.33898E-1 3.6566E-1 3.14712E-1 2.22273E-1 1.99618E-1 2.06985E-1 3.47868E-1 3.7372E-1 3.4399E-1 3.75815E-1 3.81889E-1 3.99645E-1 3.95962E-1 3.39269E-1 3.16141E-1 3.40439E-1 4.06567E-1 4.87925E-1 4.42291E-1 3.49138E-1 3.85476E-1 3.63862E-1 3.4357E-1 1.8191E-1 1.50744E-1 1.73727E-1 2.30491E-1 2.20481E-1 2.58693E-1 2.06415E-1 2.1541E-1 2.73838E-1 3.22075E-1 3.35697E-1 3.10887E-1 3.5145E-1 3.85557E-1 3.81304E-1 4.11301E-1 4.39641E-1 4.20039E-1 2.29196E-1 1.69625E-1 1.09964E-1 2.45501E-1 1.45337E-1 6.61692E-2 8.6837E-2 1.36669E-1 1.48002E-1 1.48582E-1 2.35066E-1 3.03092E-1 3.55818E-1 3.48282E-1 4.76825E-1
3.62575E-1 3.53787E-1 3.95477E-1 3.93895E-1 3.89949E-1 4.19842E-1 3.65145E-1 2.62588E-1 2.23515E-1 2.43622E-1 3.83759E-1 4.25781E-1 3.87237E-1 4.12883E-1 4.18682E-1 4.43946E-1 4.03931E-1 3.57426E-1 3.71382E-1 3.49874E-1 5.40785E-1 5.49369E-1 4.88428E-1 4.77524E-1 5.65377E-1 4.05456E-1 3.16568E-1 1.79936E-1 1.78738E-1 1.99051E-1 2.21725E-1 1.93468E-1 2.31167E-1 1.79282E-1 2.46917E-1 2.81229E-1 3.13505E-1 3.43429E-1 3.10069E-1 2.97681E-1 3.96669E-1 3.3424E-1 3.31199E-1 2.8654E-1 2.76573E-1 1.45509E-1 9.65487E-2 9.57722E-2 3.19261E-2 1.19686E-1 1.49904E-1 1.68711E-1 2.08655E-1 2.49477E-1 2.32951E-1 2.87854E-1 3.98229E-1 4.50477E-1 4.46476E-1 4.69804E-1
3.1276E-1 3.42633E-1 4.29475E-1 4.45035E-1 4.40378E-1 5.02212E-1 3.78306E-1 2.5661E-1 2.56893E-1 2.54446E-1 3.7078E-1 5.11969E-1 4.12114E-1 4.47642E-1 4.48637E-1 4.60025E-1 4.12351E-1 3.98654E-1 4.46754E-1 4.41611E-1 6.40985E-1 6.31701E-1 5.90629E-1 6.36297E-1 6.17195E-1 3.38773E-1 2.91196E-1 2.15898E-1 1.97523E-1 1.92634E-1 2.09424E-1 1.90928E-1 1.9935E-1 1.99886E-1 2.24356E-1 2.4371E-1 2.66716E-1 2.97021E-1 2.96304E-1 2.02266E-1 4.10263E-1 3.97379E-1 3.67041E-1 2.94224E-1 2.83659E-1 1.78869E-1 1.35302E-1 1.04749E-1 1.07027E-1 1.27703E-1 2.5913E-1 2.97749E-1 3.22624E-1 3.09812E-1 3.30811E-1 4.846E-1 4.53064E-1 3.94205E-1 3.63178E-1 3.83987E-1
4.01824E-1 4.26923E-1 5.18789E-1 5.10815E-1 5.28402E-1 5.37629E-1 3.44849E-1 2.49391E-1 2.71894E-1 2.88251E-1 3.78618E-1 5.03305E-1 5.03002E-1 4.91516E-1 4.78186E-1 5.05652E-1 5.41242E-1 4.92516E-1 5.50403E-1 5.53139E-1 7.08983E-1 7.06747E-1 7.09574E-1 5.30819E-1 6.03291E-1 3.98526E-1 3.29443E-1 2.7087E-1 1.99703E-1 1.75743E-1 1.98804E-1 1.86113E-1 1.60345E-1 1.39665E-1 1.65284E-1 1.96741E-1 2.41782E-1 2.76819E-1 3.08096E-1 3.22708E-1 1.76554E-1 4.30676E-1 4.30591E-1 4.40541E-1 3.89353E-1 2.65207E-1 2.0845E-1 1.27584E-1 1.10624E-1 2.48952E-1 2.09754E-1 2.37325E-1 2.33067E-1 2.26184E-1 2.42498E-1 2.97125E-1 3.5728E-1 3.54606E-1 3.33096E-1 3.3838E-1
4.94935E-1 5.474E-1 5.95944E-1 3.02193E-1 6.26743E-1 5.30924E-1 3.63105E-1 2.72472E-1 2.22543E-1 2.88836E-1 4.30877E-1 5.23853E-1 5.90367E-1 5.88123E-1 5.59157E-1 5.53298E-1 6.37425E-1 5.94719E-1 4.00499E-1 6.72171E-1 7.33929E-1 6.86284E-1 6.73129E-1 6.41856E-1 5.68179E-1 3.94103E-1 3.45333E-1 2.6488E-1 2.0284E-1 2.70213E-1 1.88301E-1 1.80516E-1 1.30667E-1 1.27704E-1 1.65057E-1 2.03121E-1 2.4591E-1 3.28001E-1 3.49532E-1 3.40839E-1 4.02705E-1 4.74877E-1 4.82601E-1 4.98806E-1 4.87058E-1 3.25958E-1 2.95637E-1 1.89695E-1 7.94384E-2 1.57654E-1 1.80389E-1 2.38954E-1 2.52388E-1 2.57371E-1 2.62728E-1 2.8826E-1 3.13345E-1 3.48315E-1 3.57718E-1 1.76976E-1
5.71413E-1 6.01451E-1 4.04564E-1 5.75485E-1 4.63908E-1 3.71578E-1 3.68965E-1 2.49198E-1 1.89445E-1 2.19972E-1 3.44808E-1 4.80197E-1 5.5622E-1 6.0098E-1 5.60846E-1 3.51041E-1 5.12603E-1 6.8044E-1 6.68748E-1 6.5653E-1 6.67301E-1 6.29624E-1 4.84523E-1 6.0782E-1 5.46704E-1 4.65911E-1 4.09039E-1 3.51818E-1 3.36054E-1 3.27914E-1 1.64989E-1 1.58701E-1 1.38777E-1 1.40316E-1 1.74752E-1 2.04766E-1 2.68875E-1 3.17382E-1 3.05284E-1 3.17243E-1 4.03325E-1 4.09907E-1 4.65504E-1 4.64014E-1 4.54451E-1 4.39205E-1 4.11068E-1 3.48672E-1 7.08577E-2 1.54315E-1 1.31504E-1 1.54284E-1 1.71093E-1 2.26125E-1 2.96441E-1 3.86776E-1 3.96643E-1 4.27319E-1 3.84429E-1 4.26698E-1
4.31122E-1 5.33091E-1 5.17752E-1 3.76914E-1 3.02497E-1 1.82765E-1 2.50762E-1 1.14073E-1 2.105E-1 2.80495E-1 3.39665E-1 5.002E-1 5.72937E-1 6.29547E-1 5.83577E-1 6.19871E-1 6.48803E-1 6.80977E-1 6.793E-1 6.4391E-1 6.63061E-1 6.32283E-1 3.46195E-1 6.03252E-1 5.24201E-1 4.49493E-1 4.10546E-1 3.61718E-1 4.06399E-1 3.23538E-1 1.66212E-1 1.61306E-1 1.33512E-1 1.55482E-1 1.93515E-1 2.54801E-1 2.85385E-1 3.1192E-1 2.84508E-1 2.35995E-1 3.8852E-1 4.16495E-1 4.6553E-1 4.61847E-1 3.77936E-1 2.7448E-1 3.48197E-1 3.41789E-1 2.29181E-1 1.51826E-1 1.32343E-1 1.5594E-1 2.33909E-1 2.6462E-1 3.36361E-1 4.41757E-1 4.25756E-1 4.39044E-1 4.15256E-1 3.71166E-1
4.24222E-1 4.48489E-1 4.17098E-1 3.69725E-1 2.91598E-1 2.08381E-1 2.49487E-1 1.22895E-1 1.38087E-1 2.14303E-1 3.91029E-1 4.99049E-1 5.62778E-1 6.08627E-1 5.30237E-1 5.7255E-1 5.95628E-1 6.33082E-1 6.44732E-1 6.72204E-1 6.97333E-1 6.4573E-1 3.77074E-1 5.93695E-1 5.35752E-1 5.0746E-1 4.69128E-1 4.21308E-1 4.06348E-1 3.04111E-1 1.74933E-1 1.59281E-1 1.68579E-1 2.25926E-1 2.7321E-1 3.25226E-1 3.22846E-1 3.22868E-1 2.99895E-1 3.09293E-1 3.60803E-1 4.30339E-1 5.05019E-1 4.85486E-1 4.24423E-1 2.43035E-1 2.58213E-1 3.59607E-1 3.34143E-1 2.71475E-1 2.40925E-1 2.53285E-1 3.10306E-1 3.15099E-1 3.90758E-1 4.80302E-1 4.43466E-1 2.38758E-1 4.79366E-1 4.88579E-1
2.90546E-1 4.09994E-1 2.68319E-1 3.17236E-1 2.8061E-1 2.35182E-1 2.37458E-1 1.61671E-1 1.3964E-1 1.80684E-1 3.48154E-1 4.84928E-1 5.42506E-1 5.84477E-1 4.69109E-1 4.12285E-1 4.93595E-1 5.19083E-1 6.80141E-1 6.98595E-1 5.97985E-1 4.46418E-1 6.78938E-1 6.09885E-1 6.4686E-1 6.26708E-1 5.34708E-1 4.28112E-1 4.15648E-1 2.85086E-1 1.9854E-1 1.96888E-1 1.81821E-1 2.74341E-1 3.04198E-1 3.1823E-1 3.07863E-1 2.85747E-1 2.23951E-1 3.31953E-1 4.02019E-1 4.05278E-1 4.68254E-1 4.57744E-1 4.41907E-1 3.54531E-1 3.21371E-1 2.32926E-1 3.26282E-1 2.97118E-1 2.94472E-1 3.83455E-1 4.48685E-1 4.20888E-1 4.14325E-1 4.95548E-1 4.66396E-1 5.23738E-1 4.56693E-1 3.99435E-1
2.94465E-1 4.04489E-1 1.72169E-1 2.07714E-1 2.48697E-1 2.09964E-1 1.84064E-1 1.37181E-1 1.31548E-1 1.85091E-1 2.87905E-1 4.59769E-1 5.16833E-1 5.0463E-1 3.3436E-1 3.61392E-1 4.28772E-1 5.3706E-1 5.96569E-1 5.85147E-1 6.99638E-1 6.92549E-1 6.87765E-1 6.72294E-1 6.41982E-1 4.69941E-1 5.01305E-1 4.25219E-1 3.98975E-1 3.11853E-1 2.1834E-1 2.10618E-1 2.32079E-1 2.86957E-1 2.78943E-1 3.09367E-1 3.17186E-1 1.27596E-1 3.73159E-1 3.59423E-1 4.46558E-1 4.19959E-1 4.46024E-1 4.53685E-1 4.93078E-1 4.46483E-1 4.36425E-1 1.27596E-1 3.0702E-1 2.2458E-1 1.76217E-1 2.23835E-1 2.30187E-1 2.46406E-1 3.98366E-1 4.86146E-1 4.51088E-1 4.99006E-1 4.33194E-1 3.83085E-1
1.7557E-1 1.27603E-1 1.39812E-1 1.70602E-1 1.70156E-1 1.82905E-1 1.42691E-1 1.41646E-1 1.4938E-1 1.81685E-1 2.44109E-1 3.20616E-1 3.67764E-1 3.09789E-1 2.64793E-1 3.29718E-1 3.63002E-1 4.79193E-1 4.61572E-1 5.83977E-1 5.80128E-1 5.72984E-1 5.70105E-1 5.56021E-1 4.02056E-1 2.18315E-1 2.12304E-1 3.17973E-1 2.22051E-1 2.17157E-1 1.99822E-1 1.92765E-1 1.82736E-1 1.92696E-1 2.39769E-1 3.27836E-1 3.54566E-1 3.55178E-1 4.3523E-1 4.36348E-1 2.85951E-1 1.31832E-1 3.1384E-1 3.29279E-1 3.46748E-1 1.84331E-1 1.41155E-1 3.54752E-2 1.32194E-1 1.01071E-1 1.30283E-1 1.57206E-1 1.63857E-1 2.8882E-1 4.20772E-1 4.39981E-1 6.18491E-1 5.70911E-1 5.57093E-1 4.80124E-1
1.36566E-1 1.2595E-1 1.51327E-1 1.54239E-1 1.36883E-1 1.66129E-1 1.47357E-1 1.5909E-1 1.70646E-1 1.85822E-1 2.59624E-1 3.07563E-1 3.76868E-1 2.83841E-1 2.69665E-1 3.49816E-1 3.51588E-1 4.44439E-1 5.15509E-1 5.3861E-1 5.19345E-1 5.25648E-1 4.15693E-1 3.56625E-1 2.98815E-1 2.364E-1 3.58702E-1 2.77711E-1 2.3802E-1 2.26981E-1 2.02557E-1 1.69726E-1 1.6481E-1 2.00732E-1 2.48468E-1 3.37803E-1 3.79654E-1 4.98188E-1 4.79323E-1 4.13666E-1 2.94049E-1 2.83426E-1 3.23394E-1 3.68393E-1 1.96125E-1 1.76611E-1 1.15841E-1 1.41537E-1 1.01337E-1 8.3108E-2 1.36383E-1 1.52641E-1 2.45186E-1 3.30323E-1 2.15762E-1 6.46065E-1 5.92951E-1 5.5433E-1 5.35464E-1 5.01339E-1
2.45326E-1 2.25065E-1 1.98605E-1 1.42496E-1 1.19101E-1 1.69594E-1 1.14571E-1 1.55382E-1 1.90021E-1 2.7484E-1 2.64862E-1 3.12881E-1 3.54869E-1 2.69923E-1 3.01626E-1 4.02219E-1 3.54628E-1 3.34474E-1 4.20653E-1 4.68545E-1 4.92284E-1 3.50484E-1 3.19442E-1 3.24043E-1 3.33189E-1 3.76087E-1 3.3135E-1 2.56812E-1 2.41308E-1 2.02364E-1 1.96289E-1 1.57584E-1 1.55416E-1 2.0504E-1 2.62798E-1 3.59163E-1 4.1166E-1 5.81975E-1 4.39011E-1 2.69101E-1 3.09552E-1 2.46468E-1 3.04015E-1 3.31871E-1 3.5618E-1 1.96018E-1 2.38042E-1 1.60163E-1 1.02783E-1 9.05057E-2 1.73699E-1 2.00106E-1 2.64069E-1 2.88022E-1 5.80834E-1 6.691E-1 6.03563E-1 5.36534E-1 4.71878E-1 4.99225E-1
2.03369E-1 2.20527E-1 2.07585E-1 1.72525E-1 1.5585E-1 2.40536E-1 1.85343E-1 1.60922E-1 1.94582E-1 2.89091E-1 2.91662E-1 3.15441E-1 3.3831E-1 2.78404E-1 2.55338E-1 3.19735E-1 3.39851E-1 3.35184E-1 3.77273E-1 3.29185E-1 4.62065E-1 4.56201E-1 4.35324E-1 4.26449E-1 4.02563E-1 3.36179E-1 2.91936E-1 2.52386E-1 2.58292E-1 2.46711E-1 2.15425E-1 1.54756E-1 1.67954E-1 2.36182E-1 2.98205E-1 4.22064E-1 5.58217E-1 5.84693E-1 3.75375E-1 2.73461E-1 2.35078E-1 2.72698E-1 1.54162E-1 3.45749E-1 6.13041E-2 1.55021E-1 8.66489E-2 9.09526E-2 1.09237E-1 1.4091E-1 2.75242E-1 3.0287E-1 2.3454E-1 3.01969E-1 3.94319E-1 7.30329E-1 6.5475E-1 5.61777E-1 5.28257E-1 4.94041E-1
1.72538E-1 2.4591E-1 2.30056E-1 2.01463E-1 1.83029E-1 2.63012E-1 2.16213E-1 1.86109E-1 1.87918E-1 2.69251E-1 3.27997E-1 3.50168E-1 2.56575E-1 2.341E-1 2.3127E-1 3.16439E-1 3.101E-1 2.81709E-1 3.13571E-1 1.13105E-1 4.34636E-1 4.3014E-1 4.17927E-1 4.02274E-1 3.74054E-1 3.17822E-1 3.1124E-1 2.9715E-1 2.81633E-1 2.18977E-1 1.51991E-1 1.34345E-1 1.56706E-1 2.17362E-1 2.84995E-1 4.7164E-1 5.41664E-1 2.68996E-1 3.55959E-1 3.18692E-1 2.62282E-1 2.6914E-1 1.30542E-1 3.09987E-1 8.46956E-2 1.40904E-1 1.47638E-1 1.01591E-1 9.10024E-2 9.32328E-2 1.76131E-1 1.68149E-1 2.49419E-1 3.03274E-1 3.72894E-1 6.7818E-1 6.26235E-1 5.26258E-1 4.61876E-1 4.45258E-1
2.83573E-1 3.93092E-1 3.86986E-1 3.18864E-1 2.87617E-1 2.47477E-1 2.43806E-1 2.48005E-1 2.20283E-1 2.88521E-1 4.15766E-1 4.3786E-1 3.62345E-1 2.78011E-1 2.5115E-1 3.15E-1 3.07974E-1 2.69135E-1 3.28177E-1 3.48245E-1 5.24934E-1 5.29826E-1 5.22058E-1 5.15006E-1 4.72123E-1 3.53509E-1 3.57345E-1 3.41575E-1 3.24639E-1 1.9956E-1 1.52255E-1 1.56559E-1 1.41999E-1 2.0825E-1 2.93182E-1 4.46455E-1 5.07166E-1 4.22248E-1 3.49543E-1 3.26937E-1 3.3242E-1 3.94169E-1 3.69256E-1 3.38776E-1 9.51109E-2 6.213E-2 8.70423E-2 6.67923E-2 6.08141E-2 7.04996E-2 2.70245E-1 3.59101E-1 3.93252E-1 4.52478E-1 4.18007E-1 7.34469E-1 7.39591E-1 6.32386E-1 5.58493E-1 5.22414E-1
3.21104E-1 3.71509E-1 4.37103E-1 3.67691E-1 3.50097E-1 2.91056E-1 3.06146E-1 3.22662E-1 2.90906E-1 3.45534E-1 4.633E-1 4.82267E-1 4.09656E-1 2.96716E-1 2.25241E-1 2.49229E-1 2.35642E-1 2.62889E-1 2.77914E-1 2.67602E-1 5.05883E-1 5.13561E-1 5.08727E-1 4.19427E-1 4.42673E-1 3.77821E-1 3.87394E-1 3.77807E-1 3.77164E-1 2.58797E-1 2.18438E-1 1.80287E-1 1.59674E-1 2.9995E-1 3.62093E-1 4.63224E-1 3.33282E-1 3.22896E-1 1.11551E-1 1.96884E-1 3.63046E-1 3.92091E-1 3.40553E-1 3.48872E-1 3.34983E-1 1.46322E-1 1.03392E-1 9.13917E-2 6.99864E-2 9.69105E-2 3.89097E-1 4.53685E-1 4.24745E-1 4.5648E-1 4.2215E-1 8.02325E-1 7.50141E-1 6.40349E-1 5.67503E-1 5.18683E-1
3.42637E-1 4.39331E-1 4.23797E-1 2.11342E-1 1.50927E-1 1.85406E-1 2.93053E-1 3.49469E-1 3.5369E-1 4.27258E-1 5.03147E-1 5.28071E-1 4.36374E-1 3.50383E-1 2.7342E-1 2.80687E-1 2.38493E-1 2.66078E-1 2.97042E-1 2.06046E-1 4.61226E-1 4.75104E-1 3.96858E-1 4.24386E-1 5.12295E-1 4.04457E-1 4.23949E-1 4.3975E-1 4.37702E-1 3.11007E-1 2.40769E-1 1.83109E-1 2.40416E-1 3.53247E-1 4.18436E-1 4.8339E-1 3.35257E-1 3.40069E-1 3.46736E-1 3.91498E-1 4.07172E-1 4.23266E-1 3.72266E-1 3.38562E-1 3.03366E-1 6.88674E-2 7.90844E-2 8.08533E-2 8.4024E-2 1.63468E-1 5.40098E-1 6.07005E-1 6.55974E-1 6.36504E-1 7.18614E-1 8.25817E-1 7.86939E-1 7.18055E-1 6.48932E-1 5.17441E-1
5.59328E-1 5.52108E-1 4.45414E-1 4.03527E-1 3.54252E-1 3.01229E-1 3.1542E-1 2.74803E-1 3.05972E-1 4.85071E-1 5.35655E-1 5.68641E-1 4.69093E-1 3.87239E-1 3.36171E-1 3.40289E-1 3.21057E-1 2.91934E-1 2.94841E-1 2.80981E-1 4.22536E-1 3.92594E-1 3.81215E-1 4.29282E-1 5.26376E-1 4.25878E-1 4.59621E-1 4.94418E-1 5.09853E-1 3.64256E-1 2.70133E-1 2.38602E-1 3.60248E-1 4.04669E-1 4.47828E-1 2.88535E-1 3.56054E-1 2.26483E-1 3.31253E-1 3.93661E-1 4.3016E-1 3.98907E-1 3.60751E-1 2.99939E-1 9.84878E-2 6.3786E-2 6.76035E-2 9.27881E-2 1.04468E-1 2.04909E-1 6.53344E-1 6.99502E-1 5.90505E-1 6.33954E-1 6.88272E-1 8.05233E-1 7.64286E-1 7.16356E-1 6.49651E-1 5.0058E-1
4.12228E-1 3.21597E-1 2.72127E-1 2.9424E-1 3.10642E-1 2.94779E-1 3.09455E-1 4.01296E-1 3.68736E-1 4.79084E-1 3.92397E-1 5.51455E-1 4.67443E-1 4.13954E-1 3.67701E-1 3.82898E-1 3.51076E-1 3.16965E-1 3.03298E-1 2.84682E-1 3.95568E-1 3.63766E-1 4.12342E-1 4.43191E-1 5.28467E-1 4.37709E-1 4.84522E-1 5.37956E-1 4.81742E-1 3.65891E-1 2.50235E-1 3.18053E-1 1.5858E-1 3.9467E-1 3.36618E-1 3.4605E-1 3.21399E-1 3.83904E-1 2.99013E-1 3.47694E-1 3.92468E-1 3.69225E-1 3.20956E-1 2.08375E-1 2.10444E-1 9.19669E-2 9.82925E-2 1.34029E-1 1.61244E-1 2.58166E-1 6.55251E-1 6.67629E-1 4.06618E-1 6.87984E-1 2.75614E-1 7.79359E-1 7.59523E-1 7.04411E-1 6.58532E-1 5.27116E-1
3.66019E-1 3.47782E-1 3.41359E-1 4.32104E-1 4.2451E-1 3.94181E-1 3.6942E-1 5.16764E-1 5.73554E-1 5.87874E-1 7.24842E-1 7.07223E-1 6.60362E-1 5.94406E-1 4.86128E-1 4.26025E-1 4.3486E-1 3.94391E-1 4.24635E-1 3.70274E-1 2.40645E-1 2.42766E-1 2.92279E-1 3.61073E-1 3.97646E-1 4.57599E-1 5.20896E-1 5.32052E-1 4.85277E-1 2.95576E-1 2.31867E-1 4.71221E-1 4.48589E-1 3.58995E-1 3.37599E-1 3.68412E-1 3.81573E-1 3.37299E-1 3.24006E-1 3.24675E-1 3.23497E-1 3.03095E-1 2.88252E-1 1.2244E-1 2.47402E-1 1.75086E-1 1.99556E-1 2.41205E-1 2.82224E-1 3.15308E-1 2.3582E-1 2.43857E-1 8.87142E-2 1.73807E-1 2.21323E-1 5.3015E-1 6.04496E-1 5.7198E-1 5.41375E-1 5.29747E-1
3.35957E-1 4.06231E-1 4.51743E-1 4.58049E-1 4.54119E-1 3.49135E-1 4.49079E-1 4.88677E-1 5.81399E-1 5.75745E-1 7.14017E-1 6.66915E-1 5.96933E-1 5.82087E-1 5.38281E-1 3.76229E-1 3.69213E-1 3.73751E-1 3.73636E-1 3.7353E-1 1.3666E-1 2.50596E-1 3.04064E-1 3.38745E-1 3.79943E-1 4.56588E-1 4.92725E-1 3.79631E-1 3.96699E-1 4.07719E-1 3.29299E-1 4.6246E-1 4.54506E-1 4.43421E-1 3.73223E-1 3.51501E-1 3.69567E-1 4.26879E-1 3.46723E-1 2.72647E-1 2.30077E-1 2.4983E-1 2.33766E-1 1.09452E-1 2.69119E-1 1.38872E-1 1.94764E-1 2.48477E-1 2.42532E-1 2.43201E-1 2.26598E-1 7.76121E-2 1.7569E-1 1.27954E-1 1.98471E-1 6.05303E-1 5.26901E-1 5.80249E-1 5.31543E-1 5.17351E-1
