Phytophthora/models/20240430_1147_34/Phytophthora_PA3_RUN5_MAXENT_outputs/Phytophthora_PA3_RUN5.asc
ncols         225
nrows         269
xllcorner     473000.0
yllcorner     4429100.0
cellsize      50.0
NODATA_value  -9999
[rows 108 to 134 of 269, columns 0 to 59 of 225]
-9999 -9999 -9999 -9999 -9999 -9999 -9999 -9999 -9999 -9999 -9999 1.36984E-1 1.52168E-1 1.74033E-1 1.76535E-1 1.49549E-1 1.33469E-1 9.93272E-2 8.68575E-2 9.39193E-2 1.371E-1 1.84813E-1 1.83824E-1 1.91402E-1 1.78858E-1 1.92256E-1 1.76156E-1 1.62383E-1 1.532E-1 1.57768E-1 1.31004E-1 1.03117E-1 8.59401E-2 8.00994E-2 7.78916E-2 5.0529E-2 6.64526E-2 6.68038E-2 2.44134E-2 5.94352E-2 4.33717E-2 4.31351E-2 4.64553E-2 5.42798E-2 6.88407E-2 7.36216E-2 5.03393E-2 3.45761E-2 4.23552E-2 6.95809E-2 5.449E-2 5.48333E-2 5.96707E-2 9.00478E-2 6.85498E-2 5.46227E-2 4.95273E-2 8.46157E-2 1.01919E-1 1.14439E-1
-9999 -9999 -9999 -9999 -9999 -9999 -9999 -9999 -9999 -9999 1.23063E-1 1.45586E-1 1.2726E-1 1.89751E-1 1.86899E-1 1.25494E-1 1.00058E-1 8.03609E-2 8.96336E-2 1.02267E-1 1.51672E-1 1.93319E-1 5.79582E-2 2.14851E-1 1.63972E-1 1.66914E-1 1.51671E-1 1.56733E-1 1.62621E-1 1.29332E-1 9.60662E-2 8.61962E-2 9.57091E-2 9.17708E-2 8.78683E-2 5.8929E-2 7.19181E-2 6.80012E-2 2.15627E-2 2.2566E-2 4.23611E-2 3.25542E-2 4.72721E-2 5.46649E-2 8.40537E-2 1.20133E-1 1.01588E-1 5.80263E-2 1.98891E-2 8.47549E-2 6.75097E-2 7.03081E-2 1.06049E-1 9.99911E-2 5.67092E-2 5.56978E-2 5.75626E-2 1.18169E-1 1.07844E-1 8.67233E-2
-9999 -9999 -9999 -9999 -9999 -9999 -9999 -9999 -9999 -9999 1.37356E-1 1.66976E-1 2.11538E-1 2.53513E-1 2.01662E-1 1.21873E-1 8.77735E-2 8.55019E-2 9.66411E-2 1.10575E-1 1.93126E-1 8.38913E-2 1.94831E-1 1.78405E-1 1.71794E-1 1.84287E-1 1.76388E-1 1.67389E-1 1.41059E-1 1.10758E-1 1.0232E-1 1.03379E-1 1.09547E-1 1.05145E-1 9.95098E-2 7.11404E-2 7.24447E-2 6.96135E-2 6.37361E-2 7.05013E-2 1.58512E-2 3.38432E-2 1.05532E-2 2.00269E-2 6.39754E-2 1.35424E-1 1.22895E-1 8.22504E-2 6.61721E-2 9.57831E-2 5.75833E-2 8.46314E-2 1.18521E-1 1.07052E-1 6.56988E-2 9.40234E-2 1.21893E-1 1.21177E-1 8.66356E-2 7.29821E-2
-9999 -9999 -9999 -9999 -9999 -9999 -9999 -9999 -9999 4.53589E-1 5.33411E-1 5.58012E-1 3.72589E-1 5.72365E-1 4.66853E-1 2.84945E-1 2.50428E-1 2.67587E-1 2.86998E-1 2.71549E-1 2.29487E-1 2.60708E-1 2.45422E-1 2.30716E-1 2.16679E-1 1.85072E-1 1.66636E-1 1.64229E-1 1.53213E-1 1.66247E-1 3.47108E-1 3.54208E-1 3.61976E-1 3.7514E-1 3.88312E-1 2.18587E-1 3.48911E-1 3.0202E-1 2.90361E-1 2.87118E-1 5.23812E-2 3.39217E-2 8.84061E-2 1.06386E-1 3.36566E-2 1.11476E-1 1.60463E-1 1.25941E-1 1.14244E-1 1.38006E-1 1.42762E-1 1.26236E-1 2.30377E-1 2.10089E-1 1.40146E-1 1.3513E-1 1.16569E-1 8.20522E-2 7.00777E-2 6.45082E-2
-9999 -9999 -9999 -9999 -9999 -9999 -9999 -9999 3.15129E-1 4.40323E-1 5.2565E-1 4.58697E-1 6.03714E-1 4.96721E-1 4.04905E-1 2.09757E-1 2.15054E-1 3.21337E-1 3.41678E-1 3.77116E-1 2.32631E-1 2.43436E-1 2.07936E-1 2.33889E-1 2.26405E-1 1.98369E-1 1.89929E-1 1.91553E-1 1.91758E-1 2.14124E-1 3.86848E-1 3.61728E-1 3.60283E-1 1.91093E-1 4.01333E-1 3.82869E-1 3.23292E-1 2.68167E-1 2.72579E-1 2.76458E-1 1.11686E-1 5.83007E-2 1.07105E-1 1.13092E-1 1.25135E-1 1.08973E-1 1.35913E-1 1.2299E-1 1.03022E-1 1.19406E-1 1.52894E-1 1.84474E-1 2.31389E-1 2.17314E-1 1.83862E-1 1.51503E-1 1.21681E-1 8.43883E-2 8.05278E-2 8.25986E-2
-9999 -9999 -9999 -9999 -9999 -9999 -9999 -9999 4.0497E-1 4.28487E-1 5.60005E-1 5.70263E-1 5.58303E-1 4.46634E-1 3.50532E-1 2.04769E-1 2.19732E-1 3.30621E-1 4.0468E-1 2.19799E-1 2.38074E-1 1.70995E-1 1.87025E-1 2.26475E-1 2.25958E-1 1.99757E-1 2.0303E-1 2.15423E-1 2.29201E-1 2.21313E-1 3.92283E-1 3.35785E-1 3.44976E-1 3.20598E-1 3.90685E-1 3.68824E-1 3.4229E-1 2.91878E-1 2.91105E-1 2.62131E-1 1.08562E-1 1.0837E-1 1.23717E-1 1.06101E-1 1.36263E-1 1.21099E-1 1.1661E-1 1.2668E-1 1.23701E-1 1.19746E-1 1.82621E-1 1.8121E-1 2.34687E-1 2.15785E-1 1.98633E-1 1.53358E-1 9.21032E-2 8.65463E-2 8.57527E-2 8.55812E-2
-9999 -9999 -9999 -9999 -9999 -9999 -9999 -9999 4.38727E-1 4.3572E-1 2.71498E-1 5.45703E-1 4.89798E-1 3.62323E-1 3.02722E-1 1.80866E-1 2.00198E-1 3.08411E-1 1.87746E-1 3.07986E-1 1.76854E-1 1.75383E-1 2.13004E-1 2.74513E-1 2.16693E-1 1.86527E-1 2.53954E-1 1.14526E-1 1.06451E-1 2.11258E-1 4.22046E-1 3.54527E-1 1.57438E-1 3.14367E-1 3.70453E-1 3.93439E-1 3.76944E-1 3.37799E-1 3.01783E-1 3.05016E-1 1.25719E-1 1.1109E-1 1.21303E-1 1.32973E-1 1.47134E-1 8.12602E-2 1.20332E-1 1.15623E-1 1.35596E-1 5.915E-2 1.80365E-1 2.19366E-1 2.24435E-1 2.28007E-1 2.07595E-1 1.46242E-1 1.08718E-1 9.16833E-2 7.93649E-2 7.36817E-2
-9999 -9999 -9999 -9999 -9999 -9999 -9999 3.14208E-1 4.01677E-1 4.34881E-1 5.58979E-1 4.94227E-1 4.26865E-1 2.96137E-1 2.78201E-1 2.24932E-1 2.2294E-1 1.11595E-1 1.93612E-1 2.43133E-1 1.52055E-1 1.92734E-1 2.48911E-1 7.47011E-2 2.33798E-1 2.09243E-1 2.48255E-1 2.05276E-1 1.96157E-1 1.95816E-1 3.91337E-1 3.3907E-1 3.03694E-1 3.0628E-1 3.8076E-1 3.9997E-1 3.88396E-1 3.55564E-1 2.17128E-1 1.67728E-1 7.12224E-2 1.30741E-1 1.38259E-1 1.43209E-1 1.44106E-1 1.17325E-1 1.18125E-1 1.07844E-1 1.38469E-1 1.26393E-1 1.76075E-1 2.12141E-1 1.25091E-1 2.39248E-1 2.19512E-1 1.39334E-1 1.08905E-1 1.00346E-1 9.02054E-2 9.17997E-2
-9999 -9999 -9999 -9999 -9999 -9999 2.11023E-1 1.85211E-1 2.4681E-1 1.50801E-1 4.17793E-1 3.59744E-1 3.04072E-1 1.8498E-1 1.96303E-1 2.89284E-1 2.6808E-1 2.88178E-1 3.15707E-1 3.41497E-1 2.63564E-1 3.1633E-1 2.58844E-1 3.10838E-1 2.51002E-1 2.54213E-1 2.61099E-1 2.29113E-1 2.13764E-1 2.00235E-1 2.76675E-1 2.24671E-1 2.00659E-1 2.63549E-1 2.96023E-1 3.48723E-1 3.12164E-1 2.72917E-1 2.46127E-1 3.77528E-1 4.54831E-1 4.14535E-1 4.06089E-1 4.28392E-1 4.45828E-1 4.18304E-1 3.82911E-1 3.91567E-1 4.64529E-1 4.55093E-1 4.42425E-1 4.63677E-1 5.11548E-1 5.4176E-1 5.08488E-1 4.56872E-1 3.93027E-1 3.10254E-1 2.97908E-1 2.99436E-1
-9999 -9999 -9999 -9999 -9999 -9999 -9999 2.19995E-1 2.41081E-1 2.94484E-1 3.75394E-1 3.23475E-1 2.43671E-1 2.07862E-1 2.10952E-1 2.53371E-1 2.98609E-1 2.47735E-1 2.903E-1 2.10006E-1 1.675E-1 2.27946E-1 2.77347E-1 2.67993E-1 2.5396E-1 2.07555E-1 2.21752E-1 2.08367E-1 1.98448E-1 1.6524E-1 2.25116E-1 1.92462E-1 1.94564E-1 2.55354E-1 2.77615E-1 3.28573E-1 2.49769E-1 2.20537E-1 2.44535E-1 3.54673E-1 4.46039E-1 4.16397E-1 4.45035E-1 4.67829E-1 4.42547E-1 3.80248E-1 2.27965E-1 3.47657E-1 1.44018E-1 3.75831E-1 4.92378E-1 4.93285E-1 5.23772E-1 5.34919E-1 5.34003E-1 4.28149E-1 3.08482E-1 2.03047E-1 2.03475E-1 1.71625E-1
-9999 -9999 -9999 -9999 -9999 -9999 -9999 -9999 2.54648E-1 2.93567E-1 3.39776E-1 2.29398E-1 1.80655E-1 1.70516E-1 2.47622E-1 2.76475E-1 1.90806E-1 1.97019E-1 2.51713E-1 3.12485E-1 2.55699E-1 2.56497E-1 2.48851E-1 2.12549E-1 2.20636E-1 1.41767E-1 1.77857E-1 1.76202E-1 1.79098E-1 1.4401E-1 2.42509E-1 2.1603E-1 2.50352E-1 2.49787E-1 2.70534E-1 2.48831E-1 2.21784E-1 2.40726E-1 3.12514E-1 4.16899E-1 5.00396E-1 4.61544E-1 1.94435E-1 4.86717E-1 4.82577E-1 3.8405E-1 3.4835E-1 4.64877E-1 3.39E-1 4.95167E-1 4.94363E-1 3.78146E-1 5.19864E-1 2.92846E-1 4.40878E-1 3.44468E-1 2.81163E-1 2.32251E-1 2.38203E-1 2.37801E-1
-9999 -9999 -9999 -9999 -9999 -9999 -9999 -9999 -9999 2.81283E-1 2.92131E-1 2.00184E-1 1.81118E-1 2.74469E-1 3.40103E-1 2.09245E-1 2.56469E-1 3.1696E-1 3.74477E-1 3.91206E-1 2.56332E-1 2.70424E-1 2.07928E-1 1.63979E-1 1.83473E-1 1.46857E-1 1.69764E-1 1.68168E-1 1.71662E-1 1.63736E-1 2.81086E-1 2.65242E-1 2.3781E-1 2.63718E-1 2.76772E-1 2.3385E-1 2.20294E-1 2.7329E-1 3.49707E-1 2.42544E-1 4.88434E-1 4.4389E-1 4.54936E-1 4.3851E-1 4.11863E-1 2.90967E-1 2.70192E-1 4.05803E-1 3.92455E-1 4.57428E-1 4.25364E-1 3.91545E-1 2.42239E-1 2.52951E-1 2.3469E-1 1.4071E-1 5.19394E-2 2.16619E-1 1.00661E-1 2.18186E-1
-9999 -9999 -9999 -9999 -9999 -9999 -9999 -9999 -9999 -9999 2.6475E-1 1.99551E-1 1.93087E-1 2.24341E-1 3.07041E-1 2.19403E-1 2.75994E-1 3.42211E-1 3.74585E-1 3.70874E-1 2.36977E-1 2.14944E-1 1.67896E-1 1.43E-1 1.34002E-1 1.39755E-1 1.86551E-1 1.77161E-1 1.69942E-1 1.91131E-1 2.70459E-1 2.77943E-1 2.87686E-1 2.77613E-1 2.66423E-1 2.81206E-1 2.54662E-1 3.36105E-1 3.69943E-1 2.84103E-1 4.77311E-1 3.62161E-1 4.09643E-1 3.85742E-1 3.2403E-1 2.33238E-1 3.71718E-1 3.11114E-1 3.96773E-1 3.5756E-1 2.26895E-1 2.09433E-1 1.9546E-1 1.86292E-1 1.76306E-1 1.83704E-1 2.57085E-1 2.673E-1 2.99658E-1 3.09962E-1
-9999 -9999 -9999 -9999 -9999 -9999 -9999 -9999 -9999 -9999 -9999 2.13875E-1 3.69569E-1 4.46292E-1 3.17435E-1 2.45778E-1 2.17738E-1 2.5239E-1 2.80459E-1 3.33317E-1 3.94297E-1 3.38057E-1 2.62103E-1 2.34375E-1 2.98267E-1 3.44528E-1 4.39325E-1 4.16725E-1 4.00401E-1 3.48832E-1 3.17669E-1 3.3336E-1 3.57271E-1 3.04558E-1 3.3881E-1 3.37212E-1 2.99354E-1 3.8592E-1 4.53446E-1 5.65949E-1 4.7982E-1 3.58603E-1 4.31392E-1 4.03769E-1 2.91493E-1 2.51201E-1 1.82265E-1 3.46413E-1 2.26774E-1 1.89084E-1 1.73944E-1 2.09972E-1 1.98936E-1 2.04857E-1 1.73273E-1 3.27659E-1 2.42002E-1 3.07984E-1 3.59448E-1 4.10153E-1
-9999 -9999 -9999 -9999 -9999 -9999 -9999 -9999 -9999 -9999 -9999 -9999 1.98639E-1 3.96296E-1 3.88901E-1 2.77928E-1 2.15849E-1 2.43225E-1 2.66227E-1 3.30076E-1 4.0502E-1 3.66774E-1 3.02323E-1 2.80627E-1 3.03567E-1 3.22928E-1 4.74392E-1 4.42672E-1 4.23877E-1 3.83584E-1 3.19043E-1 3.04627E-1 2.77813E-1 3.45821E-1 3.42372E-1 3.81286E-1 3.29072E-1 4.42426E-1 3.44154E-1 5.44165E-1 3.89677E-1 2.98846E-1 3.76219E-1 3.47084E-1 1.11117E-1 1.80734E-1 3.12805E-1 2.4601E-1 2.1845E-1 2.67264E-1 2.71752E-1 2.8832E-1 3.18545E-1 3.55708E-1 3.78759E-1 2.88417E-1 3.15696E-1 3.30117E-1 3.72975E-1 4.47358E-1
-9999 -9999 -9999 -9999 -9999 -9999 -9999 -9999 -9999 -9999 -9999 -9999 4.08929E-1 1.8849E-1 3.88518E-1 2.27575E-1 1.8018E-1 2.04664E-1 2.49213E-1 3.46516E-1 3.13095E-1 3.78549E-1 3.58294E-1 3.37088E-1 3.52311E-1 2.90967E-1 3.58305E-1 4.34924E-1 4.41297E-1 3.67145E-1 2.52545E-1 2.32555E-1 2.62591E-1 3.25194E-1 3.26777E-1 2.15198E-1 3.98637E-1 5.19811E-1 5.00561E-1 4.61992E-1 3.19773E-1 2.60303E-1 3.51531E-1 2.99543E-1 2.66438E-1 3.06948E-1 3.30257E-1 2.45245E-1 2.87058E-1 3.53266E-1 3.55494E-1 3.7448E-1 3.86691E-1 1.68838E-1 3.41482E-1 3.10804E-1 3.15666E-1 3.55679E-1 3.73195E-1 5.03137E-1
-9999 -9999 -9999 -9999 -9999 -9999 -9999 -9999 -9999 -9999 -9999 -9999 -9999 2.2468E-1 2.72881E-1 1.72315E-1 1.39791E-1 1.82146E-1 2.19773E-1 2.92403E-1 2.43409E-1 3.79668E-1 3.92791E-1 3.21188E-1 3.55812E-1 3.29255E-1 5.08432E-1 4.23053E-1 4.56781E-1 1.85525E-1 1.51802E-1 1.62157E-1 1.81006E-1 2.13323E-1 2.90894E-1 4.10721E-1 1.76137E-1 1.8827E-1 5.22077E-1 3.64362E-1 2.53952E-1 2.62063E-1 3.25899E-1 1.64755E-1 2.3974E-1 3.30959E-1 2.23831E-1 2.07091E-1 2.92653E-1 3.51831E-1 3.5694E-1 3.4986E-1 3.67969E-1 3.14806E-1 2.88564E-1 2.8122E-1 3.16853E-1 3.19302E-1 4.1416E-1 4.45008E-1
-9999 -9999 -9999 -9999 -9999 -9999 -9999 -9999 -9999 -9999 -9999 -9999 -9999 -9999 2.13423E-1 1.57141E-1 1.52472E-1 2.12461E-1 2.33522E-1 2.73674E-1 3.81872E-1 4.09666E-1 4.33939E-1 4.25303E-1 2.18665E-1 3.57685E-1 4.8039E-1 4.42427E-1 2.96626E-1 1.78781E-1 1.1774E-1 1.2607E-1 1.78541E-1 2.49103E-1 2.55596E-1 3.85514E-1 4.07285E-1 5.04643E-1 4.72913E-1 2.72387E-1 2.30078E-1 2.65201E-1 1.9041E-1 2.39867E-1 2.28084E-1 1.76983E-1 2.08394E-1 2.98102E-1 3.50482E-1 3.83154E-1 3.72857E-1 3.88539E-1 3.49296E-1 3.29984E-1 3.1701E-1 2.75457E-1 2.96472E-1 3.00303E-1 3.6685E-1 3.83787E-1
-9999 -9999 -9999 -9999 -9999 -9999 -9999 -9999 -9999 -9999 -9999 -9999 -9999 -9999 2.09908E-1 2.07928E-1 2.34899E-1 2.74912E-1 2.55553E-1 3.12582E-1 4.67595E-1 5.17778E-1 3.45513E-1 5.42279E-1 5.25219E-1 2.64015E-1 2.01554E-1 2.26585E-1 1.78348E-1 1.10807E-1 7.61192E-2 1.16336E-1 1.68155E-1 1.7629E-1 1.93038E-1 3.26639E-1 3.33335E-1 4.18292E-1 3.90048E-1 1.89125E-1 1.63221E-1 2.07452E-1 1.39013E-1 1.30896E-1 1.07767E-1 1.07541E-1 1.38039E-1 2.25117E-1 2.58571E-1 2.41409E-1 3.38717E-1 3.19298E-1 3.1647E-1 3.24646E-1 3.01393E-1 2.32005E-1 2.27529E-1 2.02965E-1 2.9008E-1 3.38651E-1
-9999 -9999 -9999 -9999 -9999 -9999 -9999 -9999 -9999 -9999 -9999 -9999 -9999 -9999 2.15942E-1 2.06579E-1 2.30287E-1 2.3866E-1 2.24497E-1 3.11734E-1 5.07653E-1 3.59442E-1 5.88901E-1 6.17631E-1 2.51189E-1 1.07016E-1 2.9332E-1 2.16838E-1 1.8459E-1 1.61645E-1 1.45546E-1 1.66779E-1 1.93839E-1 1.87137E-1 2.1092E-1 2.80582E-1 2.81419E-1 3.53719E-1 3.3321E-1 1.7834E-1 2.97376E-1 1.78864E-1 1.16412E-1 1.09223E-1 1.08885E-1 1.34826E-1 2.0411E-1 2.6895E-1 2.63199E-1 2.89531E-1 3.55906E-1 3.41315E-1 1.84396E-1 3.90588E-1 3.11166E-1 2.28725E-1 2.25769E-1 2.1054E-1 2.79961E-1 2.24476E-1
-9999 -9999 -9999 -9999 -9999 -9999 -9999 -9999 -9999 -9999 -9999 -9999 -9999 -9999 1.76741E-1 1.87379E-1 1.89527E-1 2.2238E-1 2.38164E-1 3.21396E-1 3.53737E-1 4.96273E-1 1.39129E-1 6.25341E-1 5.36928E-1 2.99733E-1 2.32429E-1 1.84712E-1 1.71461E-1 1.59077E-1 1.53328E-1 1.50712E-1 1.72114E-1 1.91512E-1 1.61337E-1 2.29761E-1 2.41511E-1 2.96214E-1 2.87014E-1 2.81143E-1 1.41705E-1 1.1453E-1 1.06621E-1 1.13185E-1 1.45334E-1 1.84528E-1 2.36415E-1 2.63269E-1 2.73004E-1 3.06601E-1 3.48934E-1 3.31631E-1 1.36418E-1 4.05434E-1 3.21379E-1 2.26525E-1 1.69883E-1 1.53516E-1 1.77756E-1 6.87885E-2
-9999 -9999 -9999 -9999 -9999 -9999 -9999 -9999 -9999 -9999 -9999 -9999 -9999 3.49561E-1 2.48409E-1 2.04709E-1 2.08527E-1 2.28604E-1 2.50271E-1 2.98892E-1 3.9289E-1 2.78229E-1 3.82167E-1 4.00662E-1 3.27213E-1 1.63309E-1 1.55992E-1 2.61353E-1 1.9303E-1 1.95138E-1 1.63416E-1 1.76708E-1 1.68577E-1 1.62305E-1 1.16643E-1 1.83521E-1 2.21246E-1 9.01342E-2 2.67543E-1 1.63899E-1 1.33599E-1 1.54119E-1 1.91627E-1 1.82363E-1 2.04445E-1 2.20746E-1 2.45634E-1 2.87559E-1 3.07472E-1 3.58084E-1 3.51219E-1 3.42057E-1 4.00729E-1 3.97023E-1 3.13649E-1 2.43983E-1 1.90256E-1 1.70072E-1 1.13284E-1 -9999
-9999 -9999 -9999 -9999 -9999 -9999 -9999 -9999 -9999 -9999 -9999 -9999 2.70254E-1 1.47463E-1 2.21852E-1 1.74541E-1 3.30178E-1 3.85456E-1 2.49561E-1 1.78645E-1 2.36271E-1 3.16235E-1 3.46996E-1 1.6363E-1 1.91306E-1 2.26154E-1 3.33128E-1 1.46229E-1 2.88776E-1 1.82854E-1 1.6748E-1 1.91112E-1 1.60312E-1 1.20449E-1 9.78341E-2 1.29663E-1 1.6198E-1 7.08409E-2 1.89867E-1 1.31686E-1 1.42648E-1 1.80485E-1 2.07926E-1 2.20665E-1 2.25133E-1 2.12722E-1 2.43172E-1 2.70003E-1 3.3326E-1 3.71452E-1 3.77712E-1 2.78942E-1 4.30715E-1 3.70655E-1 2.82253E-1 2.25157E-1 1.78215E-1 1.72493E-1 1.22325E-1 1.35486E-1
-9999 -9999 -9999 -9999 -9999 -9999 -9999 -9999 -9999 -9999 -9999 1.72356E-1 3.68485E-1 2.08073E-1 1.72142E-1 1.49472E-1 2.65207E-1 2.33519E-1 2.6758E-1 1.84576E-1 1.69166E-1 4.11012E-1 3.97525E-1 4.1898E-1 2.42502E-1 3.27886E-1 2.02331E-1 1.42787E-1 2.3029E-1 3.72525E-1 1.43611E-1 2.96311E-1 2.31444E-1 1.93397E-1 1.46958E-1 1.23884E-1 1.91022E-1 2.229E-1 1.88336E-1 2.03915E-1 2.52505E-1 2.58558E-1 3.04627E-1 2.61231E-1 2.29148E-1 1.63938E-1 1.83733E-1 2.2096E-1 3.11673E-1 2.99406E-1 2.54028E-1 2.91424E-1 3.52269E-1 2.46798E-1 1.84412E-1 1.38881E-1 1.08184E-1 1.36733E-1 1.41599E-1 1.60922E-1
-9999 -9999 -9999 -9999 -9999 -9999 -9999 -9999 -9999 -9999 2.19663E-1 2.15981E-1 1.36163E-1 2.84956E-1 2.52168E-1 2.24774E-1 3.34367E-1 2.18446E-1 2.59737E-1 1.98587E-1 2.40413E-1 4.4678E-1 3.10519E-1 4.43408E-1 3.24142E-1 3.44748E-1 4.07637E-1 1.87828E-1 1.31162E-1 2.54297E-1 2.52217E-1 2.72896E-1 3.21263E-1 2.51232E-1 1.63148E-1 1.6465E-1 1.61124E-1 2.72E-1 2.61888E-1 2.88428E-1 3.55079E-1 3.68141E-1 3.48463E-1 2.77701E-1 2.28564E-1 1.62587E-1 1.79954E-1 2.40355E-1 2.91684E-1 2.79025E-1 2.77327E-1 3.52453E-1 3.76703E-1 2.50641E-1 1.70572E-1 1.44618E-1 1.08197E-1 1.11421E-1 1.31391E-1 2.47612E-1
-9999 -9999 -9999 -9999 -9999 -9999 -9999 -9999 -9999 -9999 3.45803E-1 2.3465E-1 2.46023E-1 2.32491E-1 3.0823E-1 3.1112E-1 1.64971E-1 1.54528E-1 1.36972E-1 1.97534E-1 2.9657E-1 3.83325E-1 3.96821E-1 4.68348E-1 4.22345E-1 7.17334E-2 1.1287E-1 2.26014E-1 1.92346E-1 1.21088E-1 2.39569E-1 3.13179E-1 9.57139E-2 1.64048E-1 1.62867E-1 1.72947E-1 2.87678E-1 3.49536E-1 3.86011E-1 4.2752E-1 4.13573E-1 4.08865E-1 3.24747E-1 2.94937E-1 2.0232E-1 1.85789E-1 1.82095E-1 2.74908E-1 2.90888E-1 2.61953E-1 7.84005E-2 3.91225E-1 3.08119E-1 2.31586E-1 1.26211E-1 1.27794E-1 1.17248E-1 1.31139E-1 1.89144E-1 2.56799E-1
-9999 -9999 -9999 -9999 -9999 -9999 -9999 -9999 -9999 1.24751E-2 3.30249E-1 2.2943E-1 1.34818E-1 3.5607E-1 1.58201E-1 4.31213E-1 4.75388E-1 2.99101E-1 2.68618E-1 2.63437E-1 4.65739E-1 5.53705E-1 5.96666E-1 6.06019E-1 5.12055E-1 3.75955E-1 3.56196E-1 1.29401E-1 8.59403E-2 2.11384E-1 1.3565E-1 2.26181E-1 1.51766E-1 1.29804E-1 1.28958E-1 -9999 2.8867E-1 3.51624E-1 4.05472E-1 4.83523E-1 4.74231E-1 4.20612E-1 3.39125E-1 2.91416E-1 2.54771E-1 2.15686E-1 2.68349E-1 2.72456E-1 2.46696E-1 2.54553E-1 2.81399E-1 3.64724E-1 2.78055E-1 2.1281E-1 1.32048E-1 1.36928E-1 1.24335E-1 1.16485E-1 8.34104E-2 2.69793E-1
