Phytophthora/models/20240430_1147_34/Phytophthora_PA3_RUN5_MAXENT_outputs/Phytophthora_PA3_RUN5.asc
ncols         225
nrows         269
xllcorner     473000.0
yllcorner     4429100.0
cellsize      50.0
NODATA_value  -9999
[rows 135 to 161 of 269, columns 120 to 179 of 225]
1.4816E-1 1.46528E-1 1.78007E-1 1.89337E-1 2.81009E-1 5.27827E-1 5.54306E-1 5.90406E-1 5.00143E-1 6.02875E-1 6.34614E-1 5.74969E-1 5.83045E-1 5.78074E-1 5.38245E-1 -9999 -9999 -9999 -9999 -9999 -9999 -9999 -9999 -9999 -9999 -9999 -9999 -9999 -9999 -9999 -9999 -9999 -9999 -9999 2.18685E-1 3.15319E-1 3.69422E-1 2.18016E-1 1.71164E-1 2.00963E-1 2.17763E-1 1.83663E-1 2.66739E-1 2.96255E-1 3.16464E-1 2.31059E-1 2.1571E-1 1.029E-1 1.183E-1 1.28268E-1 1.52832E-1 1.69624E-1 1.58013E-1 1.14833E-1 2.09989E-1 3.13201E-1 4.1384E-1 4.30712E-1 4.09148E-1 3.91617E-1
3.44516E-1 3.96343E-1 3.77753E-1 3.66396E-1 3.84038E-1 4.17261E-1 4.19413E-1 5.38204E-1 6.27206E-1 5.37153E-1 4.48321E-1 3.76516E-1 4.13819E-1 4.00905E-1 -9999 -9999 -9999 -9999 -9999 -9999 -9999 -9999 -9999 -9999 -9999 -9999 -9999 -9999 -9999 -9999 -9999 -9999 -9999 -9999 2.29458E-1 4.01517E-1 2.97247E-1 2.85534E-1 3.28308E-1 3.34849E-1 2.88761E-1 3.43672E-1 3.016E-1 3.46516E-1 4.22917E-1 3.70046E-1 3.43E-1 2.45465E-1 2.0755E-1 2.28413E-1 2.28801E-1 2.27412E-1 2.8596E-1 1.83743E-1 3.44468E-1 3.50718E-1 3.82965E-1 3.08772E-1 3.38947E-1 3.66734E-1
3.62507E-1 3.61706E-1 3.2294E-1 4.1018E-1 3.71254E-1 4.4873E-1 4.02402E-1 4.94496E-1 6.07873E-1 6.05883E-1 -9999 -9999 -9999 -9999 -9999 -9999 -9999 -9999 -9999 -9999 -9999 -9999 -9999 -9999 -9999 -9999 -9999 -9999 -9999 -9999 -9999 -9999 -9999 -9999 2.1694E-1 3.12244E-1 1.82525E-1 2.7717E-1 4.62541E-1 5.19847E-1 3.84633E-1 3.70186E-1 2.91281E-1 3.17512E-1 3.82697E-1 3.39654E-1 3.38029E-1 2.92413E-1 2.18435E-1 2.19798E-1 2.24909E-1 2.22668E-1 2.88078E-1 1.75976E-1 3.10771E-1 3.03076E-1 2.77234E-1 3.22129E-1 3.22132E-1 2.75243E-1
3.37342E-1 3.41277E-1 4.1186E-1 1.5448E-1 1.98021E-1 3.81717E-1 3.51432E-1 4.38151E-1 4.88772E-1 5.38181E-1 -9999 -9999 -9999 -9999 -9999 -9999 -9999 -9999 -9999 -9999 -9999 -9999 -9999 -9999 -9999 -9999 -9999 -9999 -9999 -9999 -9999 -9999 -9999 -9999 -9999 3.42498E-1 3.10578E-1 3.22442E-1 4.44886E-1 5.30789E-1 3.62288E-1 4.56921E-1 3.58683E-1 3.28886E-1 3.85408E-1 3.07928E-1 3.26795E-1 2.65945E-1 2.44628E-1 2.55386E-1 2.57728E-1 2.1104E-1 2.21387E-1 1.55377E-1 3.12331E-1 2.38908E-1 2.42356E-1 2.52525E-1 3.36259E-1 3.33455E-1
3.19766E-1 3.11109E-1 4.5275E-1 3.62128E-1 4.03524E-1 3.99707E-1 3.37672E-1 4.17784E-1 3.83613E-1 5.02785E-1 5.96707E-1 -9999 -9999 -9999 -9999 -9999 -9999 -9999 -9999 -9999 -9999 -9999 -9999 -9999 -9999 -9999 -9999 -9999 -9999 -9999 -9999 -9999 -9999 -9999 -9999 4.01327E-1 4.3767E-1 4.05617E-1 4.26518E-1 5.43489E-1 3.81285E-1 5.46077E-1 5.12021E-1 4.07519E-1 4.22646E-1 3.33831E-1 3.28197E-1 2.92092E-1 2.87126E-1 2.89669E-1 2.23265E-1 1.76535E-1 2.28613E-1 2.56833E-1 2.99826E-1 2.03009E-1 2.60863E-1 3.07477E-1 2.78133E-1 2.295E-1
3.11661E-1 3.8936E-1 2.67973E-1 3.38878E-1 2.72895E-1 3.97871E-1 3.09874E-1 3.92456E-1 4.42259E-1 4.7327E-1 -9999 -9999 -9999 -9999 -9999 -9999 -9999 -9999 -9999 -9999 -9999 -9999 -9999 -9999 -9999 -9999 -9999 -9999 -9999 -9999 -9999 -9999 -9999 -9999 -9999 3.2099E-1 3.39501E-1 3.26275E-1 3.79216E-1 5.02756E-1 3.68127E-1 5.68864E-1 5.30975E-1 4.93818E-1 4.39031E-1 3.50068E-1 3.23033E-1 3.02406E-1 3.20817E-1 3.29575E-1 8.07802E-2 1.95267E-1 2.17477E-1 2.31918E-1 1.98143E-1 1.94454E-1 2.46881E-1 2.88065E-1 3.44648E-1 4.15235E-1
4.33642E-1 3.97296E-1 4.57576E-1 3.88992E-1 4.4679E-1 3.21349E-1 2.91589E-1 2.37191E-1 3.56654E-1 2.06747E-1 -9999 -9999 -9999 -9999 -9999 -9999 -9999 -9999 -9999 -9999 -9999 -9999 -9999 -9999 -9999 -9999 -9999 -9999 -9999 -9999 -9999 -9999 -9999 -9999 -9999 -9999 3.05129E-1 3.98719E-1 4.32287E-1 2.54403E-1 4.53135E-1 4.40843E-1 4.09129E-1 3.72145E-1 3.42078E-1 3.39288E-1 3.16605E-1 3.137E-1 3.45519E-1 3.2594E-1 9.24815E-2 1.79625E-1 1.64596E-1 1.40633E-1 1.16551E-1 6.28252E-2 1.50694E-1 2.45756E-1 3.58673E-1 3.99902E-1
3.54952E-1 4.42073E-1 3.8824E-1 2.27565E-1 4.16664E-1 3.01151E-1 3.01516E-1 2.03244E-1 1.15548E-1 -9999 -9999 -9999 -9999 -9999 -9999 -9999 -9999 -9999 -9999 -9999 -9999 -9999 -9999 -9999 -9999 -9999 -9999 -9999 -9999 -9999 -9999 -9999 -9999 -9999 -9999 -9999 3.71765E-1 1.38843E-1 4.62499E-1 4.50055E-1 3.71162E-1 4.05185E-1 3.68326E-1 3.36924E-1 3.08736E-1 3.26612E-1 2.93665E-1 2.88329E-1 3.36429E-1 3.16757E-1 1.93389E-1 2.03541E-1 1.71189E-1 1.29569E-1 1.22463E-1 8.63342E-2 1.70459E-1 2.23314E-1 2.89724E-1 3.69112E-1
2.85615E-1 4.80157E-1 4.30027E-1 1.70513E-1 3.45248E-1 2.97624E-1 3.63544E-1 1.85883E-1 -9999 -9999 -9999 -9999 -9999 -9999 -9999 -9999 -9999 1.17554E-1 1.40371E-1 1.64256E-1 3.11563E-1 2.78983E-1 1.32481E-1 1.96038E-1 2.49231E-1 3.76947E-1 -9999 -9999 -9999 -9999 -9999 -9999 -9999 -9999 -9999 -9999 3.13747E-1 4.54119E-1 4.49657E-1 4.0275E-1 2.90723E-1 3.56098E-1 3.22084E-1 2.91263E-1 2.67944E-1 3.10244E-1 2.60867E-1 2.45293E-1 2.89468E-1 3.34514E-1 2.73993E-1 2.29805E-1 2.06051E-1 1.4429E-1 1.28609E-1 5.77415E-2 1.95186E-1 2.61794E-1 3.19539E-1 3.9012E-1
4.31218E-1 3.9178E-1 3.63208E-1 3.46642E-1 1.74635E-1 8.62422E-2 -9999 -9999 -9999 -9999 -9999 -9999 -9999 -9999 -9999 -9999 2.39904E-1 1.3505E-1 1.68472E-1 1.97196E-1 3.07626E-1 1.6556E-1 2.11379E-1 2.16178E-1 2.85324E-1 4.03676E-1 -9999 -9999 -9999 -9999 -9999 -9999 -9999 -9999 -9999 -9999 2.09535E-1 3.88177E-1 3.74095E-1 3.28028E-1 2.22222E-1 2.23957E-1 2.57382E-1 2.49147E-1 2.23642E-1 2.8851E-1 2.22231E-1 2.06552E-1 2.37815E-1 2.92242E-1 3.01662E-1 2.46147E-1 9.79294E-2 1.94629E-1 5.9383E-2 2.39178E-1 2.25786E-1 2.12461E-1 2.72645E-1 3.57498E-1
3.96272E-1 2.91953E-1 3.9972E-1 4.38459E-1 3.38253E-1 -9999 -9999 -9999 -9999 -9999 -9999 -9999 -9999 -9999 -9999 -9999 -9999 1.81312E-1 2.02511E-1 2.26554E-1 2.799E-1 9.92799E-2 2.54882E-1 3.0987E-1 3.20273E-1 4.16056E-1 -9999 -9999 -9999 -9999 -9999 -9999 -9999 -9999 -9999 -9999 1.5767E-1 3.52937E-1 3.3245E-1 2.93522E-1 1.97571E-1 1.78438E-1 1.64465E-1 1.67435E-1 1.76299E-1 2.63503E-1 2.08187E-1 1.77653E-1 2.09457E-1 2.13461E-1 2.67651E-1 2.86983E-1 2.99103E-1 1.20599E-1 3.34601E-1 3.40923E-1 2.70188E-1 2.42585E-1 2.55593E-1 3.2016E-1
3.61605E-1 3.3105E-1 3.93418E-1 -9999 -9999 -9999 -9999 -9999 -9999 -9999 -9999 -9999 -9999 -9999 -9999 -9999 -9999 2.33487E-1 2.63135E-1 3.05707E-1 3.08843E-1 2.06496E-1 -9999 -9999 -9999 -9999 -9999 -9999 -9999 -9999 -9999 -9999 -9999 -9999 -9999 -9999 6.82694E-1 6.63291E-1 6.36405E-1 4.87747E-1 2.27767E-1 2.01316E-1 1.9138E-1 1.57224E-1 8.98752E-2 2.42035E-1 1.61255E-1 1.5667E-1 2.08803E-1 1.76882E-1 2.46239E-1 2.6375E-1 3.43809E-1 1.58471E-1 3.51717E-1 2.27505E-1 1.89461E-1 1.62561E-1 1.58551E-1 2.14886E-1
3.56842E-1 2.27871E-1 2.70979E-1 -9999 -9999 -9999 -9999 -9999 -9999 -9999 -9999 -9999 -9999 -9999 -9999 -9999 -9999 3.13512E-1 3.38727E-1 3.49621E-1 4.31989E-1 2.54153E-1 -9999 -9999 -9999 -9999 -9999 -9999 -9999 -9999 -9999 -9999 -9999 -9999 -9999 -9999 -9999 5.28726E-1 7.49429E-1 5.85437E-1 2.8642E-1 2.57173E-1 2.03558E-1 1.83751E-1 5.6206E-2 2.37019E-1 1.13454E-1 1.88416E-1 1.39403E-1 9.00487E-2 3.98845E-2 1.68265E-1 1.46234E-1 1.7223E-1 5.91672E-2 1.76755E-1 1.62338E-1 1.36351E-1 1.10892E-1 1.30879E-1
2.01907E-1 1.56608E-1 1.48362E-1 1.82816E-1 -9999 -9999 -9999 -9999 -9999 -9999 -9999 -9999 -9999 -9999 -9999 -9999 2.55842E-1 3.54172E-1 4.02352E-1 3.99058E-1 4.87953E-1 3.85225E-1 3.97823E-1 4.80208E-1 -9999 -9999 -9999 -9999 -9999 -9999 -9999 -9999 -9999 -9999 -9999 -9999 -9999 6.38146E-1 7.50647E-1 6.3682E-1 3.21748E-1 1.52281E-1 1.29324E-1 2.4259E-1 1.02482E-1 2.49556E-1 1.55897E-1 1.06031E-1 1.88828E-1 9.0492E-2 8.95576E-2 1.18202E-1 1.07226E-1 1.48505E-1 1.46229E-1 1.38935E-1 1.4467E-1 1.46486E-1 1.46013E-1 1.41367E-1
1.21133E-1 2.60474E-1 1.38835E-1 2.0235E-1 1.2459E-1 -9999 -9999 -9999 -9999 -9999 -9999 -9999 -9999 -9999 -9999 4.56908E-1 3.40923E-1 4.2849E-1 4.72093E-1 4.53125E-1 4.97431E-1 5.07467E-1 5.19385E-1 -9999 -9999 -9999 -9999 5.86463E-1 5.84623E-1 5.64562E-1 -9999 -9999 -9999 -9999 -9999 -9999 -9999 6.43692E-1 4.16348E-1 5.80267E-1 3.11263E-1 3.06697E-1 2.8046E-1 2.67844E-1 1.73017E-1 2.36322E-1 2.44003E-1 2.28954E-1 1.5285E-1 1.06328E-1 1.08119E-1 1.48817E-1 2.15795E-1 2.35995E-1 2.27126E-1 1.83687E-1 1.92731E-1 1.70427E-1 1.43865E-1 1.81181E-1
1.23836E-1 3.1254E-1 1.23087E-1 1.67749E-1 1.34228E-1 1.4126E-1 1.43923E-1 2.64249E-1 1.87729E-1 -9999 2.53752E-1 2.27366E-1 2.41996E-1 1.80856E-1 3.0331E-1 3.8246E-1 3.49505E-1 5.33168E-1 5.78655E-1 5.71521E-1 5.754E-1 2.53975E-1 5.79055E-1 -9999 -9999 -9999 3.82782E-1 5.22194E-1 5.79551E-1 6.23712E-1 6.98759E-1 6.8828E-1 6.75811E-1 -9999 -9999 -9999 6.13717E-1 4.75829E-1 5.32264E-1 3.37813E-1 2.92406E-1 2.6322E-1 2.37544E-1 2.31936E-1 2.71176E-1 2.74038E-1 1.94492E-1 8.90634E-2 1.61342E-1 1.58622E-1 1.88069E-1 2.19612E-1 2.43158E-1 2.64104E-1 2.73227E-1 1.77068E-1 2.09062E-1 1.75329E-1 1.70809E-1 2.04591E-1
3.73056E-1 2.06075E-1 3.07876E-1 2.00334E-1 1.77475E-1 1.41439E-1 1.2811E-1 1.49418E-1 2.21511E-1 3.20827E-1 5.24998E-1 3.10743E-1 2.70453E-1 3.48903E-1 3.91158E-1 3.02447E-1 3.91563E-1 4.57707E-1 4.87511E-1 5.11196E-1 2.4249E-1 4.61041E-1 4.97399E-1 5.09084E-1 5.31802E-1 4.56134E-1 5.25268E-1 5.52733E-1 5.31645E-1 5.29499E-1 5.26561E-1 5.97155E-1 5.67781E-1 4.59087E-1 4.45211E-1 4.30516E-1 3.42645E-1 3.36248E-1 3.42658E-1 3.93979E-1 1.37812E-1 4.13481E-1 3.98384E-1 3.63644E-1 3.07441E-1 1.32084E-1 1.19363E-1 1.83958E-1 1.53686E-1 1.78977E-1 1.54259E-1 1.72811E-1 2.00509E-1 2.24256E-1 2.01057E-1 1.98523E-1 2.33711E-1 1.59715E-1 1.80834E-1 2.57021E-1
3.92592E-1 2.57344E-1 1.85675E-1 3.6716E-1 1.85426E-1 1.47381E-1 1.26234E-1 1.51142E-1 2.54517E-1 3.23542E-1 2.84867E-1 4.87238E-1 4.49065E-1 2.56773E-1 2.3917E-1 2.7758E-1 3.35286E-1 3.56387E-1 4.13638E-1 4.72525E-1 5.01463E-1 4.37404E-1 4.8852E-1 2.83268E-1 4.97181E-1 4.26563E-1 4.63704E-1 5.18228E-1 5.26028E-1 4.7615E-1 5.76527E-1 5.69494E-1 5.7419E-1 5.97193E-1 4.94004E-1 3.47838E-1 4.0328E-1 2.7554E-1 3.1375E-1 3.53943E-1 3.65945E-1 3.82402E-1 3.70584E-1 3.04526E-1 2.47332E-1 1.49196E-1 1.47546E-1 1.27147E-1 1.64176E-1 1.96037E-1 1.71581E-1 1.84402E-1 2.31516E-1 1.90197E-1 1.71924E-1 1.11238E-1 2.57957E-1 1.65152E-1 2.78282E-1 2.62937E-1
4.40663E-1 3.91678E-1 3.63502E-1 1.76438E-1 2.99517E-1 1.89674E-1 1.65027E-1 2.09713E-1 2.43941E-1 2.82198E-1 1.86241E-1 2.56419E-1 2.22903E-1 2.05422E-1 2.42067E-1 2.64188E-1 3.22218E-1 3.53062E-1 3.91178E-1 4.10137E-1 4.23346E-1 4.24694E-1 4.9072E-1 2.04497E-1 3.73051E-1 1.70556E-1 2.29446E-1 4.75169E-1 4.64421E-1 4.27436E-1 5.47495E-1 5.26452E-1 5.81358E-1 6.06021E-1 5.22519E-1 3.21062E-1 2.17643E-1 3.89602E-1 2.90042E-1 3.51991E-1 3.47771E-1 3.8817E-1 4.03653E-1 3.61038E-1 2.66656E-1 2.32025E-1 2.60585E-1 1.55605E-1 1.82487E-1 2.00968E-1 1.7537E-1 2.13036E-1 2.39664E-1 1.74847E-1 1.76794E-1 1.53975E-1 2.90516E-1 2.12744E-1 2.75844E-1 1.8255E-1
5.12342E-1 3.50268E-1 3.42356E-1 4.72413E-1 4.0125E-1 2.86036E-1 2.45312E-1 2.62681E-1 2.94599E-1 3.2654E-1 2.5467E-1 2.64372E-1 2.59681E-1 2.3733E-1 2.60828E-1 2.44897E-1 2.77356E-1 3.00016E-1 3.32497E-1 3.52585E-1 3.71296E-1 4.17247E-1 4.27872E-1 2.8339E-1 3.30095E-1 4.36831E-1 4.47681E-1 4.64352E-1 4.42073E-1 4.15597E-1 5.49258E-1 5.63496E-1 6.0717E-1 6.15523E-1 5.26607E-1 3.68775E-1 4.01102E-1 3.78741E-1 2.57123E-1 3.10667E-1 3.27081E-1 3.8228E-1 3.88956E-1 3.70513E-1 3.08892E-1 2.1623E-1 1.81936E-1 1.83871E-1 1.93686E-1 2.07199E-1 1.87052E-1 2.15135E-1 2.25185E-1 1.95356E-1 1.83527E-1 2.27546E-1 2.86575E-1 2.9891E-1 2.69974E-1 1.57808E-1
5.47854E-1 5.47373E-1 3.74006E-1 4.59689E-1 2.06726E-1 3.8654E-1 2.58769E-1 2.32788E-1 2.86164E-1 2.7608E-1 1.86466E-1 2.84871E-1 2.68556E-1 2.69567E-1 2.6781E-1 2.04792E-1 2.2628E-1 2.19958E-1 2.44677E-1 2.67116E-1 3.19245E-1 3.96369E-1 4.14256E-1 3.68471E-1 3.80878E-1 3.26176E-1 2.98827E-1 3.47366E-1 1.63641E-1 4.27129E-1 5.52729E-1 5.82778E-1 6.16993E-1 6.28091E-1 5.19214E-1 3.56612E-1 3.22603E-1 3.48366E-1 2.45716E-1 2.3609E-1 2.64316E-1 3.53655E-1 1.87075E-1 3.8375E-1 3.07787E-1 1.87006E-1 1.86584E-1 1.88076E-1 1.83005E-1 1.95223E-1 1.79698E-1 2.04296E-1 2.16224E-1 1.97426E-1 1.60276E-1 1.95262E-1 2.26242E-1 2.78258E-1 2.52265E-1 1.55041E-1
4.48989E-1 4.36712E-1 4.0091E-1 3.75953E-1 3.36115E-1 1.5456E-1 3.10817E-1 2.31407E-1 2.97568E-1 3.44988E-1 3.63131E-1 3.63181E-1 3.65496E-1 3.39619E-1 3.16208E-1 2.79767E-1 2.92047E-1 3.07155E-1 2.81431E-1 2.74799E-1 3.03777E-1 2.09744E-1 4.48229E-1 3.79736E-1 3.8058E-1 2.95678E-1 1.98639E-1 1.7283E-1 1.2117E-1 3.27214E-1 4.02485E-1 4.1694E-1 4.44455E-1 4.67477E-1 4.10944E-1 3.38458E-1 3.03927E-1 2.77461E-1 2.65227E-1 2.25835E-1 3.02844E-1 3.68296E-1 4.18122E-1 4.29964E-1 3.5836E-1 3.66473E-2 1.15278E-1 1.1619E-1 1.05488E-1 1.25073E-1 2.09504E-1 2.44269E-1 2.68899E-1 2.34113E-1 9.32129E-2 2.43141E-1 2.8597E-1 3.26755E-1 3.01299E-1 1.83437E-1
4.68868E-1 3.00091E-1 2.8374E-1 4.25023E-1 3.34619E-1 3.22875E-1 2.60596E-1 2.87447E-1 3.35789E-1 3.59613E-1 3.6247E-1 3.71782E-1 3.79443E-1 3.71797E-1 3.35911E-1 2.74446E-1 2.96755E-1 3.50194E-1 3.68393E-1 3.43422E-1 3.70197E-1 2.95477E-1 4.64236E-1 4.21787E-1 3.82802E-1 2.73632E-1 2.45157E-1 2.22647E-1 8.1552E-2 3.56175E-1 4.19109E-1 4.11443E-1 4.56943E-1 4.71384E-1 4.52988E-1 3.82333E-1 1.59374E-1 2.75147E-1 2.50619E-1 2.74384E-1 3.51091E-1 4.15228E-1 4.54139E-1 4.46086E-1 3.34031E-1 8.75911E-2 4.77121E-2 1.15629E-1 9.95874E-2 1.10569E-1 1.93433E-1 2.4801E-1 2.43791E-1 1.94661E-1 7.36884E-2 1.85981E-1 2.16376E-1 3.19018E-1 1.43584E-1 1.46613E-1
5.678E-1 6.06418E-1 5.11189E-1 4.60721E-1 3.78715E-1 3.1164E-1 3.04602E-1 2.76884E-1 4.0892E-1 1.72217E-1 4.36016E-1 4.34009E-1 4.0566E-1 4.06432E-1 3.98715E-1 3.60511E-1 3.73618E-1 4.11327E-1 4.47699E-1 3.77222E-1 3.71553E-1 2.20299E-1 4.7171E-1 4.51558E-1 4.7399E-1 3.41815E-1 2.90138E-1 2.73236E-1 3.77604E-1 2.82039E-1 3.64594E-1 4.25519E-1 4.55839E-1 5.19705E-1 5.21366E-1 3.97588E-1 2.94268E-1 2.60132E-1 2.16856E-1 2.91172E-1 3.85857E-1 4.29977E-1 4.76071E-1 3.01987E-1 3.58157E-1 1.25458E-1 2.50702E-2 1.06117E-1 9.17602E-2 9.6437E-2 2.32318E-1 2.98654E-1 2.35762E-1 2.00244E-1 1.68811E-1 1.89653E-1 2.16959E-1 3.30789E-1 2.86401E-1 1.95583E-1
5.87859E-1 5.68803E-1 4.10056E-1 3.75973E-1 3.01691E-1 2.60169E-1 2.93982E-1 2.87086E-1 2.86847E-1 4.1382E-1 4.24014E-1 4.39244E-1 4.17782E-1 3.98182E-1 4.07125E-1 4.20796E-1 4.05519E-1 4.40456E-1 4.84748E-1 4.45779E-1 3.46283E-1 3.62048E-1 4.35727E-1 4.5492E-1 5.32138E-1 4.41221E-1 4.20298E-1 3.69379E-1 3.24343E-1 3.41623E-1 4.73661E-1 4.57962E-1 5.1163E-1 4.88477E-1 4.00397E-1 3.17088E-1 2.27493E-1 2.12089E-1 1.79093E-1 2.26503E-1 3.61087E-1 4.22197E-1 4.60283E-1 1.92093E-1 3.97308E-1 1.58001E-1 1.5623E-2 5.09154E-2 8.79163E-2 9.9271E-2 2.945E-1 2.80956E-1 2.17382E-1 2.18204E-1 1.777E-1 1.72748E-1 1.85011E-1 2.68945E-1 2.24655E-1 1.50276E-1
4.80828E-1 3.63815E-1 3.67985E-1 3.14594E-1 2.43374E-1 2.03374E-1 2.61679E-1 4.26533E-1 3.65537E-1 4.38109E-1 4.70087E-1 4.799E-1 4.6189E-1 4.61804E-1 4.59486E-1 4.97815E-1 4.7737E-1 4.64641E-1 5.14235E-1 5.00647E-1 3.65412E-1 3.43354E-1 3.26037E-1 3.1609E-1 3.39719E-1 1.5552E-1 4.13064E-1 2.86507E-1 3.38085E-1 4.15895E-1 4.66441E-1 4.37788E-1 3.43578E-1 3.2097E-1 2.83265E-1 1.85396E-1 1.99981E-1 1.66825E-1 1.68957E-1 1.87561E-1 3.19898E-1 3.88663E-1 4.4491E-1 4.76975E-1 2.07389E-1 1.70907E-1 1.9444E-2 1.00711E-1 9.19306E-2 1.07009E-1 1.11773E-1 3.41695E-1 2.43135E-1 2.33299E-1 1.63895E-1 1.78882E-1 1.5078E-1 1.93074E-1 1.92111E-1 1.62972E-1
4.08696E-1 2.90871E-1 2.14998E-1 1.62565E-1 1.36048E-1 2.62417E-1 3.20067E-1 3.85346E-1 2.95015E-1 3.97958E-1 4.4736E-1 4.78006E-1 4.34948E-1 4.38551E-1 4.33146E-1 4.86833E-1 5.23209E-1 4.78644E-1 5.28292E-1 2.21173E-1 1.71737E-1 2.53975E-1 2.49046E-1 2.55569E-1 2.84182E-1 9.46708E-2 2.36099E-1 3.09792E-1 1.89026E-1 3.46851E-1 2.69169E-1 1.79307E-1 1.29006E-1 1.06033E-1 1.03035E-1 1.59773E-1 2.44504E-1 1.90359E-1 1.89701E-1 1.83998E-1 2.32754E-1 2.92851E-1 3.37107E-1 3.70991E-1 3.70157E-1 2.11464E-1 2.75294E-2 9.80154E-2 9.94672E-2 1.03631E-1 1.81227E-1 2.7994E-1 3.91411E-1 2.32873E-1 1.88301E-1 1.98383E-1 1.84706E-1 1.95716E-1 1.77522E-1 1.66931E-1
