Phytophthora/models/20240501_1938_29/Phytophthora_PA3_RUN1_MAXENT_outputs/Phytophthora_PA3_RUN1.asc
ncols         225
nrows         269
xllcorner     473000.0
yllcorner     4429100.0
cellsize      50.0
NODATA_value  -9999
[rows 135 to 161 of 269, columns 0 to 59 of 225]
-9999 -9999 -9999 -9999 -9999 -9999 -9999 -9999 -9999 -9999 3.26994E-1 4.29333E-1 1.96256E-1 3.37582E-1 3.26932E-1 3.30882E-1 2.54945E-1 3.11476E-1 1.79513E-1 1.03056E-1 2.53735E-1 3.78853E-1 4.52553E-1 3.98675E-1 3.61989E-1 3.21026E-1 3.09265E-1 2.98316E-1 2.50661E-1 7.82645E-2 4.84223E-2 9.01545E-2 1.50891E-1 8.99418E-2 4.53465E-2 3.46796E-2 1.18982E-1 2.08494E-1 2.31958E-1 1.99279E-1 2.21931E-1 2.76677E-1 2.5665E-1 2.63346E-1 3.32007E-1 3.17475E-1 3.42529E-1 3.17839E-1 2.62072E-1 1.03589E-1 3.36221E-1 3.818E-1 2.7672E-1 1.71071E-1 1.01105E-1 5.32698E-2 2.26961E-2 2.07004E-2 7.4554E-2 1.80978E-1
-9999 -9999 -9999 -9999 -9999 -9999 -9999 -9999 -9999 -9999 2.66957E-1 6.21453E-1 3.51426E-1 4.65064E-1 3.81181E-1 4.24056E-1 2.16954E-1 3.54897E-1 2.76285E-1 2.5256E-1 3.81299E-1 5.4561E-1 5.54917E-1 4.42625E-1 3.4052E-1 2.71011E-1 2.4019E-1 2.23888E-1 2.35599E-1 2.09232E-1 1.14647E-1 5.33779E-2 -9999 -9999 1.04263E-1 1.08342E-1 1.38801E-1 1.69272E-1 2.22459E-1 1.25788E-1 3.02607E-1 2.8303E-1 3.25555E-1 4.73966E-1 4.30045E-1 3.68666E-1 3.51599E-1 1.31113E-1 8.67711E-2 1.61322E-1 2.41251E-1 2.23006E-1 2.82409E-1 2.21502E-1 1.39161E-1 6.38826E-2 2.5611E-2 3.16131E-2 7.00065E-2 1.46922E-1
-9999 -9999 -9999 -9999 -9999 -9999 -9999 -9999 -9999 -9999 4.3221E-1 4.98335E-1 3.55794E-1 3.34624E-1 3.41216E-1 3.7051E-1 2.31374E-1 1.69049E-1 3.15242E-1 3.6973E-1 5.61422E-1 6.84703E-1 6.14194E-1 4.65096E-1 4.0179E-1 3.00796E-1 2.37342E-1 2.20344E-1 2.38707E-1 2.61373E-1 2.47113E-1 1.7703E-1 -9999 1.17967E-1 1.67097E-1 1.72438E-1 2.01372E-1 2.20581E-1 2.78389E-1 1.13923E-1 2.8744E-1 2.95414E-1 4.83686E-1 2.35134E-1 3.16722E-1 1.90698E-1 8.79843E-2 7.76849E-2 1.97919E-1 1.79113E-1 3.95469E-1 2.33104E-1 3.18259E-1 2.59305E-1 1.54169E-1 7.87592E-2 4.62521E-2 4.72319E-2 9.20158E-2 2.88687E-1
-9999 -9999 -9999 -9999 -9999 -9999 -9999 -9999 -9999 -9999 2.79967E-1 3.43508E-1 3.71618E-1 3.57725E-1 2.47909E-1 3.3119E-1 2.80637E-1 2.97454E-1 1.32067E-1 2.72222E-1 3.26017E-1 4.93803E-1 2.47037E-1 3.32681E-1 4.44485E-1 3.428E-1 3.01056E-1 2.92417E-1 2.97356E-1 3.03293E-1 2.84519E-1 2.35741E-1 8.11954E-2 1.64187E-1 2.08583E-1 2.31353E-1 2.58007E-1 1.35204E-1 3.03617E-1 3.18954E-1 1.47674E-1 3.77209E-1 2.87314E-1 3.64984E-1 2.32694E-1 1.83864E-1 2.16047E-1 1.99597E-1 1.78368E-1 1.73939E-1 4.16713E-1 2.91788E-1 2.98438E-1 2.81693E-1 2.02501E-1 1.29785E-1 7.61046E-2 7.21558E-2 1.25486E-1 2.07916E-1
-9999 -9999 -9999 -9999 -9999 -9999 -9999 -9999 -9999 -9999 2.16374E-1 2.94809E-1 3.5906E-1 3.95519E-1 4.20437E-1 3.95462E-1 1.18035E-1 1.27768E-1 3.19153E-1 3.80645E-1 3.56653E-1 5.13287E-1 5.12278E-1 5.23628E-1 4.03824E-1 1.96781E-1 2.36738E-1 3.38796E-1 1.32227E-1 1.87295E-1 1.30117E-1 2.69213E-1 1.53727E-1 1.66758E-1 2.69353E-1 2.86134E-1 1.34644E-1 2.24077E-1 3.33744E-1 1.76859E-1 2.81046E-1 4.8711E-1 5.13418E-1 3.07438E-1 2.24983E-1 1.92295E-1 1.94136E-1 1.69625E-1 1.47657E-1 1.80982E-1 4.11178E-1 2.7282E-1 3.80977E-1 3.31125E-1 2.66056E-1 1.85538E-1 1.08111E-1 9.62933E-2 1.61138E-1 2.24871E-1
-9999 -9999 -9999 -9999 -9999 -9999 -9999 -9999 -9999 -9999 1.34677E-1 2.16904E-1 3.0869E-1 3.70204E-1 4.16218E-1 4.48302E-1 4.48722E-1 3.00356E-1 1.66029E-1 4.50519E-1 5.45135E-1 5.52391E-1 5.08364E-1 4.90583E-1 4.15927E-1 3.54716E-1 3.04927E-1 2.61707E-1 3.64383E-1 3.35792E-1 3.17345E-1 1.52496E-1 1.44226E-1 1.22973E-1 2.99587E-1 2.7937E-1 2.90786E-1 2.77605E-1 1.83682E-1 3.18671E-1 3.59693E-1 4.40721E-1 4.00268E-1 2.1864E-1 1.53959E-1 1.46389E-1 1.44575E-1 1.14589E-1 9.75538E-2 1.6847E-1 3.9695E-1 4.60152E-1 2.86033E-1 1.60797E-1 2.80051E-1 2.04637E-1 9.95133E-2 1.1609E-1 1.94102E-1 2.38677E-1
-9999 -9999 -9999 -9999 -9999 -9999 -9999 -9999 -9999 -9999 1.05889E-1 1.62792E-1 2.52469E-1 3.16706E-1 3.53763E-1 3.84273E-1 3.92601E-1 3.56494E-1 4.71825E-1 5.60653E-1 5.21429E-1 5.03561E-1 5.64389E-1 4.84186E-1 4.1555E-1 4.37794E-1 4.52637E-1 4.56165E-1 3.71889E-1 3.25446E-1 2.78916E-1 2.82721E-1 2.67305E-1 2.44995E-1 1.54495E-1 3.67779E-1 3.50275E-1 2.36822E-1 4.70694E-1 3.63157E-1 4.72729E-1 4.02108E-1 2.36115E-1 1.75041E-1 1.35967E-1 1.1649E-1 1.01925E-1 8.2373E-2 9.54856E-2 1.97622E-1 4.14659E-1 5.21133E-1 3.86924E-1 3.87826E-1 3.45878E-1 2.26335E-1 1.06937E-1 1.2199E-1 1.90369E-1 2.5527E-1
-9999 -9999 -9999 -9999 -9999 -9999 -9999 -9999 -9999 -9999 5.29031E-2 9.56456E-2 1.7428E-1 2.1866E-1 2.48225E-1 2.61869E-1 2.97261E-1 3.3073E-1 3.98471E-1 6.55017E-1 6.77514E-1 3.07896E-1 4.05234E-1 4.86455E-1 4.82189E-1 4.6081E-1 3.92112E-1 3.48819E-1 3.01702E-1 2.40392E-1 2.2529E-1 2.51471E-1 2.52607E-1 2.78436E-1 3.16446E-1 3.98091E-1 3.20322E-1 1.8596E-1 4.87168E-1 5.02913E-1 3.7881E-1 3.1853E-1 1.59731E-1 1.44081E-1 1.17467E-1 7.64076E-2 5.2814E-2 4.15744E-2 7.63176E-2 2.69419E-1 3.34949E-1 4.45808E-1 2.72786E-1 3.38855E-1 2.85065E-1 1.77094E-1 1.11642E-1 1.38741E-1 1.66972E-1 2.15787E-1
-9999 -9999 -9999 -9999 -9999 -9999 -9999 -9999 -9999 2.80746E-4 2.15555E-2 4.71657E-2 7.90271E-2 9.72899E-2 1.24538E-1 1.57157E-1 2.06026E-1 1.96766E-1 4.38699E-1 6.22711E-1 6.42338E-1 6.02168E-1 5.62663E-1 3.73088E-1 5.72426E-1 5.6616E-1 4.16503E-1 3.04729E-1 2.13368E-1 1.527E-1 1.73334E-1 2.0038E-1 2.19083E-1 2.95447E-1 4.47722E-1 2.21299E-1 3.30891E-1 3.65305E-1 4.81774E-1 4.41961E-1 3.05671E-1 3.4001E-1 2.60577E-1 2.498E-1 1.97913E-1 1.48853E-1 1.03797E-1 6.79983E-2 1.02387E-1 1.68266E-1 2.46659E-1 2.24047E-1 2.51017E-1 2.74627E-1 2.04298E-1 1.25283E-1 1.0943E-1 1.55494E-1 1.90295E-1 2.38134E-1
-9999 -9999 -9999 -9999 -9999 -9999 -9999 -9999 -9999 8.68249E-5 7.94557E-3 1.78025E-2 3.00858E-2 3.74182E-2 5.09515E-2 9.45847E-2 1.28309E-1 1.26989E-1 4.41066E-1 5.19366E-1 6.00937E-1 5.9547E-1 6.02357E-1 6.43736E-1 4.95743E-1 3.8765E-1 3.75695E-1 3.34108E-1 2.53144E-1 1.65906E-1 1.07617E-1 1.25774E-1 1.93319E-1 3.2451E-1 4.23194E-1 3.86225E-1 2.15672E-1 3.83339E-1 5.08033E-1 3.83476E-1 2.9924E-1 3.36007E-1 3.38576E-1 3.17182E-1 2.91762E-1 2.43025E-1 2.11334E-1 1.85728E-1 1.06675E-1 9.57555E-2 1.48157E-1 1.05921E-1 1.80056E-1 1.77914E-1 1.38885E-1 1.11843E-1 1.31419E-1 1.82957E-1 1.94367E-1 2.60693E-1
-9999 -9999 -9999 -9999 -9999 -9999 -9999 -9999 -9999 2.53719E-5 2.34844E-3 4.62152E-3 7.546E-3 1.0818E-2 1.89513E-2 4.44104E-2 8.75745E-2 2.55005E-1 4.75724E-1 5.2131E-1 5.80513E-1 5.87726E-1 4.80771E-1 5.02249E-1 4.62306E-1 2.08507E-1 3.65121E-1 3.45266E-1 3.28816E-1 2.46323E-1 2.14909E-1 1.60322E-1 2.47231E-1 3.62818E-1 4.06076E-1 3.92269E-1 2.01065E-1 4.49778E-1 4.92688E-1 3.4008E-1 3.6723E-1 4.40057E-1 4.11835E-1 3.49659E-1 3.81578E-1 3.89438E-1 4.19897E-1 2.73195E-1 1.63688E-1 1.80427E-1 1.60019E-1 1.86734E-1 3.49199E-1 4.46847E-1 2.89031E-1 2.21186E-1 1.66827E-1 1.85942E-1 2.23305E-1 2.75805E-1
-9999 -9999 -9999 -9999 -9999 -9999 -9999 -9999 7.88277E-5 2.33525E-4 5.7402E-4 8.48348E-4 2.14759E-3 6.53798E-3 1.89858E-2 3.89173E-2 6.09851E-2 3.60683E-1 3.86827E-1 4.35707E-1 4.76022E-1 4.76824E-1 3.63694E-1 3.5213E-1 3.75155E-1 3.975E-1 1.80731E-1 3.82662E-1 4.03674E-1 3.73186E-1 4.21412E-1 3.14948E-1 4.57156E-1 4.44681E-1 4.09341E-1 2.10433E-1 3.98101E-1 5.20824E-1 4.0938E-1 2.85522E-1 3.86048E-1 4.29171E-1 3.52537E-1 2.36503E-1 5.05509E-1 5.93367E-1 4.79272E-1 3.63354E-1 3.22802E-1 2.85726E-1 2.8524E-1 4.20799E-1 5.4198E-1 5.95353E-1 4.30077E-1 3.56277E-1 2.82756E-1 2.0269E-1 2.59174E-1 3.53754E-1
-9999 -9999 -9999 -9999 -9999 -9999 -9999 -9999 7.88383E-5 1.99729E-4 4.59083E-4 6.93129E-4 1.58694E-3 6.72141E-3 1.55991E-2 3.05145E-2 1.26062E-1 3.15266E-1 4.09558E-1 4.56934E-1 3.78432E-1 3.21409E-1 4.37398E-1 4.64146E-1 4.30202E-1 3.75661E-1 3.99078E-1 2.05896E-1 4.17021E-1 4.14465E-1 5.16739E-1 5.28319E-1 5.65858E-1 4.66427E-1 3.05036E-1 3.98001E-1 4.71714E-1 4.88634E-1 3.2648E-1 2.41956E-1 3.90627E-1 3.26933E-1 3.37408E-1 4.07009E-1 5.47242E-1 5.55526E-1 5.04942E-1 4.73772E-1 3.55964E-1 3.68032E-1 3.66354E-1 5.722E-1 6.25689E-1 5.36133E-1 4.50308E-1 3.99543E-1 3.14182E-1 2.38493E-1 2.13614E-1 3.16004E-1
-9999 -9999 -9999 -9999 -9999 -9999 -9999 -9999 2.84862E-4 8.10139E-4 1.88799E-3 5.4625E-3 4.23307E-3 5.0327E-3 8.05418E-3 2.64227E-2 5.70036E-2 2.75801E-1 4.82605E-1 5.25819E-1 5.02416E-1 4.31842E-1 4.44411E-1 4.58632E-1 4.77376E-1 4.19631E-1 1.83078E-1 4.33227E-1 2.2786E-1 4.02455E-1 5.78071E-1 6.01376E-1 5.101E-1 2.07949E-1 4.65386E-1 5.68667E-1 5.2403E-1 4.59983E-1 3.00366E-1 3.00194E-1 3.20745E-1 3.6257E-1 4.2065E-1 4.75933E-1 6.15642E-1 5.83755E-1 6.16807E-1 4.57891E-1 4.41429E-1 5.55553E-1 6.33097E-1 6.2887E-1 6.31767E-1 2.96459E-1 2.72723E-1 2.40767E-1 3.52232E-1 2.89729E-1 2.04751E-1 2.40993E-1
-9999 -9999 -9999 -9999 -9999 -9999 -9999 1.0366E-4 1.20485E-3 6.2183E-3 1.01261E-2 1.02974E-2 1.60488E-2 2.09118E-2 1.96692E-2 1.81482E-2 4.24275E-2 1.84977E-1 3.50586E-1 4.9247E-1 5.06947E-1 5.23388E-1 4.79603E-1 4.43802E-1 4.52107E-1 4.2679E-1 4.42942E-1 3.44871E-1 4.32208E-1 2.20593E-1 4.4319E-1 6.20729E-1 3.06764E-1 5.18754E-1 5.94105E-1 5.91829E-1 5.2943E-1 3.82503E-1 2.5438E-1 3.49529E-1 3.73196E-1 6.09335E-1 6.07955E-1 5.16254E-1 6.2256E-1 6.43102E-1 5.89535E-1 4.77754E-1 5.68426E-1 6.18453E-1 5.82761E-1 5.03236E-1 4.8417E-1 4.6513E-1 4.38235E-1 3.53509E-1 3.52796E-1 2.94386E-1 2.15797E-1 1.83376E-1
-9999 -9999 -9999 -9999 -9999 -9999 -9999 2.21393E-4 2.6965E-3 7.92819E-3 1.53915E-2 3.38959E-2 6.1676E-2 7.61003E-2 7.78851E-2 6.56927E-2 4.24189E-2 1.17117E-1 2.09979E-1 2.95519E-1 3.7141E-1 3.8789E-1 3.52518E-1 3.79178E-1 3.84788E-1 3.87009E-1 4.19576E-1 4.59536E-1 2.02106E-1 5.05208E-1 6.07989E-1 5.10046E-1 4.94167E-1 6.08872E-1 5.89399E-1 5.32725E-1 4.34355E-1 2.56274E-1 2.9229E-1 4.17734E-1 4.85481E-1 5.3619E-1 6.17084E-1 4.2693E-1 5.67227E-1 2.43074E-1 2.88736E-1 3.3946E-1 5.04378E-1 3.90647E-1 3.88607E-1 6.57482E-1 6.3961E-1 4.63998E-1 4.11236E-1 3.63447E-1 3.33655E-1 2.88506E-1 2.0524E-1 1.78647E-1
-9999 -9999 -9999 -9999 -9999 -9999 -9999 7.30343E-4 8.69048E-3 2.8303E-2 6.97474E-2 1.46313E-1 2.33308E-1 2.68234E-1 2.90493E-1 2.45922E-1 1.54365E-1 2.37373E-1 1.67758E-1 2.23231E-1 2.83531E-1 3.15104E-1 2.9736E-1 3.25564E-1 2.91081E-1 3.43379E-1 4.57893E-1 5.05966E-1 5.46788E-1 5.70605E-1 6.78997E-1 6.16591E-1 7.25379E-1 6.99551E-1 5.74727E-1 4.95438E-1 3.52826E-1 2.9011E-1 4.51585E-1 5.1365E-1 5.93193E-1 6.44816E-1 6.33544E-1 3.12234E-1 5.59846E-1 6.44589E-1 7.39025E-1 7.47051E-1 7.51276E-1 7.34812E-1 5.77576E-1 6.9237E-1 5.78386E-1 4.24204E-1 3.58951E-1 3.26579E-1 3.03205E-1 2.52365E-1 1.63268E-1 2.00912E-1
-9999 -9999 -9999 -9999 -9999 -9999 3.49158E-4 4.41154E-3 1.8425E-2 6.37264E-2 1.60663E-1 2.75283E-1 3.86569E-1 4.48266E-1 4.79708E-1 4.34318E-1 3.88885E-1 5.06734E-1 3.08804E-1 1.97416E-1 1.74443E-1 2.0102E-1 1.96257E-1 1.8892E-1 1.85387E-1 2.82225E-1 3.89533E-1 4.38052E-1 5.66132E-1 6.45956E-1 6.92094E-1 5.22075E-1 7.48146E-1 7.00219E-1 4.69092E-1 3.68593E-1 2.7589E-1 4.07097E-1 5.57247E-1 6.36336E-1 6.1349E-1 5.16856E-1 3.16775E-1 5.81935E-1 6.45016E-1 6.66369E-1 7.29064E-1 7.47754E-1 7.53228E-1 6.7123E-1 6.72973E-1 6.43893E-1 5.5482E-1 4.16121E-1 2.36433E-1 2.36694E-1 2.06964E-1 1.51662E-1 1.30806E-1 1.82844E-1
-9999 -9999 -9999 -9999 -9999 -9999 7.35539E-4 1.1482E-2 3.82023E-2 1.22435E-1 2.70341E-1 4.05934E-1 5.37601E-1 6.02521E-1 6.11792E-1 5.55141E-1 5.6326E-1 6.81226E-1 4.30498E-1 3.1931E-1 2.07244E-1 1.20689E-1 9.63533E-2 8.1305E-2 1.22879E-1 1.80857E-1 2.77446E-1 3.13819E-1 4.34983E-1 6.3596E-1 6.66133E-1 5.35892E-1 7.56799E-1 6.35917E-1 4.36985E-1 4.19899E-1 4.07815E-1 5.11337E-1 5.87914E-1 5.61757E-1 5.44538E-1 3.80243E-1 6.19556E-1 6.61245E-1 7.1499E-1 7.50622E-1 7.55309E-1 7.01696E-1 5.16554E-1 6.58229E-1 6.98635E-1 5.31539E-1 5.68667E-1 4.43258E-1 1.4182E-1 1.51088E-1 1.17695E-1 1.0303E-1 1.59385E-1 3.86505E-1
-9999 -9999 -9999 -9999 -9999 -9999 -9999 1.49631E-2 6.43984E-2 2.00104E-1 3.43372E-1 5.00966E-1 6.04882E-1 6.50401E-1 6.76949E-1 6.62462E-1 7.42777E-1 7.31018E-1 5.60332E-1 5.12264E-1 4.00468E-1 2.44548E-1 7.79442E-2 2.40651E-2 3.64941E-2 6.91366E-2 1.7812E-1 2.38112E-1 4.05125E-1 5.61205E-1 6.8016E-1 5.94308E-1 7.61032E-1 6.29862E-1 5.56704E-1 5.33146E-1 4.57745E-1 5.30851E-1 5.73114E-1 5.80843E-1 5.03167E-1 6.37078E-1 6.72041E-1 6.99555E-1 7.43183E-1 6.21483E-1 6.22217E-1 7.63864E-1 7.29757E-1 5.82014E-1 6.20262E-1 5.48225E-1 4.70768E-1 1.8447E-1 1.58942E-1 1.04547E-1 1.29022E-1 1.628E-1 2.14344E-1 4.86532E-1
-9999 -9999 -9999 -9999 -9999 -9999 -9999 9.24089E-3 1.08171E-1 2.64716E-1 3.93342E-1 5.19288E-1 6.25203E-1 6.8086E-1 4.84655E-1 5.72547E-1 6.83744E-1 7.17345E-1 6.35042E-1 6.61339E-1 5.00898E-1 2.59519E-1 8.75123E-2 2.56007E-2 2.08975E-2 4.12424E-2 9.7737E-2 2.26519E-1 3.89332E-1 5.2084E-1 6.45993E-1 6.25332E-1 7.05033E-1 6.58084E-1 6.67977E-1 3.52567E-1 4.80006E-1 5.85638E-1 6.01582E-1 3.36245E-1 7.02856E-1 7.31238E-1 6.52496E-1 6.7435E-1 7.50888E-1 7.76919E-1 7.61947E-1 7.54505E-1 6.19359E-1 5.08307E-1 4.58304E-1 3.59377E-1 2.69359E-1 2.29621E-1 1.71578E-1 2.04664E-1 2.06704E-1 2.44088E-1 3.9462E-1 6.32323E-1
-9999 -9999 -9999 -9999 -9999 -9999 -9999 -9999 1.96665E-2 2.26451E-1 2.81682E-1 3.59982E-1 4.85254E-1 5.94605E-1 7.02452E-1 8.38574E-1 8.40399E-1 6.26789E-1 8.20953E-1 7.84015E-1 4.93562E-1 2.49549E-1 1.0261E-1 3.35737E-2 4.7284E-2 7.47657E-2 1.28322E-1 2.15825E-1 3.94193E-1 5.53624E-1 7.20487E-1 7.56392E-1 7.35294E-1 7.67737E-1 5.84607E-1 4.83851E-1 5.70385E-1 6.39926E-1 4.31996E-1 7.27727E-1 7.60662E-1 7.18263E-1 5.92229E-1 6.45977E-1 7.03169E-1 6.06724E-1 7.09417E-1 6.14047E-1 4.98906E-1 4.16184E-1 3.54595E-1 2.56657E-1 2.38989E-1 2.81083E-1 2.03666E-1 4.72487E-1 3.39977E-1 3.47603E-1 5.56275E-1 6.77271E-1
-9999 -9999 -9999 -9999 -9999 -9999 -9999 -9999 1.33512E-2 1.03587E-1 1.27676E-1 2.54063E-1 4.20939E-1 5.59097E-1 7.30689E-1 8.12604E-1 7.84242E-1 8.27784E-1 8.2813E-1 7.34917E-1 4.3375E-1 2.46606E-1 9.78817E-2 5.98995E-2 1.16449E-1 1.72143E-1 2.34089E-1 3.29275E-1 4.85905E-1 6.20978E-1 7.09224E-1 7.3402E-1 6.88959E-1 6.53802E-1 4.20896E-1 5.5635E-1 5.75999E-1 6.75128E-1 5.99149E-1 7.74972E-1 7.11952E-1 6.37391E-1 5.17534E-1 3.99895E-1 5.16868E-1 4.66515E-1 5.92732E-1 5.35799E-1 3.9208E-1 2.85641E-1 2.26272E-1 2.25375E-1 3.82253E-1 3.58682E-1 5.37097E-1 5.85707E-1 4.4701E-1 3.40764E-1 6.79391E-1 5.39509E-1
-9999 -9999 -9999 -9999 -9999 -9999 -9999 -9999 7.1409E-3 3.85253E-2 7.59765E-2 1.73881E-1 3.10947E-1 4.87914E-1 6.25857E-1 7.54272E-1 7.70439E-1 8.01818E-1 7.67417E-1 6.04953E-1 3.45576E-1 2.11071E-1 8.3402E-2 1.21516E-1 2.1732E-1 2.99649E-1 3.76477E-1 4.49355E-1 5.85263E-1 6.99063E-1 7.09681E-1 5.39628E-1 7.66261E-1 5.14904E-1 4.35354E-1 5.66779E-1 6.94978E-1 6.53821E-1 7.5685E-1 7.49762E-1 7.0697E-1 5.77413E-1 4.02074E-1 2.54064E-1 3.32409E-1 2.95733E-1 3.91358E-1 3.42194E-1 2.88181E-1 2.46665E-1 2.83014E-1 2.86788E-1 5.72905E-1 5.73212E-1 6.5759E-1 5.09382E-1 5.5942E-1 5.75714E-1 5.09853E-1 3.27228E-1
-9999 -9999 -9999 -9999 -9999 -9999 -9999 -9999 -9999 2.23813E-2 5.27754E-2 1.07001E-1 2.81035E-1 3.66583E-1 4.63586E-1 6.4959E-1 7.06301E-1 7.07682E-1 6.03639E-1 4.86627E-1 2.54126E-1 1.47598E-1 9.38165E-2 1.94594E-1 3.2376E-1 4.24451E-1 5.0557E-1 5.59217E-1 6.02792E-1 7.1597E-1 6.12572E-1 4.8082E-1 7.42974E-1 5.36793E-1 4.42209E-1 6.82054E-1 7.49356E-1 7.27513E-1 7.34784E-1 7.24688E-1 6.76264E-1 4.67339E-1 2.63696E-1 1.1666E-1 1.41619E-1 1.31017E-1 1.50453E-1 1.42949E-1 1.26213E-1 2.18204E-1 3.85095E-1 5.2122E-1 6.30302E-1 6.85382E-1 6.87126E-1 6.28378E-1 5.12886E-1 4.40391E-1 2.52258E-1 4.76905E-1
-9999 -9999 -9999 -9999 -9999 -9999 -9999 -9999 -9999 4.12217E-2 1.0325E-1 2.91948E-1 4.36625E-1 5.35015E-1 5.98731E-1 7.06326E-1 7.0054E-1 6.79007E-1 5.72226E-1 4.76405E-1 3.14758E-1 2.14101E-1 1.37718E-1 2.54996E-1 3.96289E-1 5.00025E-1 5.8241E-1 6.10217E-1 5.95986E-1 4.904E-1 6.61216E-1 4.15373E-1 6.88903E-1 7.05214E-1 6.67978E-1 5.86956E-1 6.14923E-1 6.59274E-1 6.88433E-1 6.63692E-1 5.96497E-1 3.53248E-1 1.89051E-1 9.38246E-2 1.2013E-1 1.22023E-1 1.26673E-1 8.52247E-2 8.99419E-2 2.64972E-1 4.20325E-1 5.36984E-1 6.30577E-1 6.79064E-1 5.01796E-1 3.15979E-1 2.75916E-1 2.78098E-1 5.02975E-1 5.89454E-1
-9999 -9999 -9999 -9999 -9999 -9999 -9999 -9999 -9999 9.07216E-2 1.94314E-1 3.50185E-1 5.34259E-1 6.67488E-1 7.34838E-1 7.84489E-1 7.33614E-1 7.58145E-1 6.91459E-1 6.5752E-1 4.9721E-1 3.06742E-1 1.66784E-1 3.00077E-1 4.53192E-1 5.814E-1 6.61295E-1 4.2798E-1 5.93776E-1 6.65386E-1 5.71757E-1 6.21182E-1 6.19869E-1 6.16346E-1 6.74586E-1 7.12469E-1 4.53555E-1 4.28508E-1 4.76132E-1 5.00829E-1 3.46773E-1 2.31034E-1 1.65575E-1 1.66419E-1 2.47218E-1 2.83601E-1 2.71333E-1 2.17039E-1 1.97505E-1 2.57919E-1 3.25671E-1 4.88804E-1 6.60818E-1 4.98504E-1 5.34171E-1 5.58528E-1 5.0181E-1 3.75376E-1 5.03051E-1 6.6343E-1
