Phytophthora/models/20240501_1938_29/Phytophthora_PA3_RUN1_MAXENT_outputs/Phytophthora_PA3_RUN1.asc
ncols         225
nrows         269
xllcorner     473000.0
yllcorner     4429100.0
cellsize      50.0
NODATA_value  -9999
[rows 54 to 80 of 269, columns 0 to 59 of 225]
-9999 -9999 -9999 -9999 -9999 -9999 -9999 -9999 -9999 -9999 -9999 -9999 -9999 -9999 -9999 -9999 -9999 -9999 -9999 -9999 -9999 -9999 6.63123E-5 1.9523E-4 6.5227E-4 8.70378E-4 9.44581E-4 1.09148E-3 1.91337E-3 1.77162E-3 1.57804E-3 1.38638E-3 3.8357E-3 6.95969E-3 1.84417E-2 3.61401E-2 3.13059E-2 6.44802E-2 2.47859E-2 2.281E-2 3.76441E-2 3.91324E-2 2.97309E-2 4.04336E-2 6.70383E-2 2.03363E-2 3.29664E-2 2.39554E-2 3.35042E-2 4.2245E-2 5.72865E-2 6.57049E-2 5.68763E-2 5.46695E-2 2.891E-2 2.36437E-2 2.05111E-2 1.57634E-2 1.45962E-2 1.33245E-2
-9999 -9999 -9999 -9999 -9999 -9999 -9999 -9999 -9999 -9999 -9999 -9999 -9999 -9999 -9999 -9999 -9999 -9999 -9999 -9999 -9999 -9999 2.64194E-5 6.48269E-5 1.01924E-4 1.82978E-4 4.87098E-4 4.7674E-4 7.52344E-4 4.6896E-4 1.0998E-3 2.61694E-3 8.34855E-3 1.63303E-2 8.56077E-3 4.57718E-2 5.8855E-2 5.08146E-2 3.47114E-2 1.3348E-2 4.25983E-2 2.25404E-2 2.78268E-2 4.156E-2 6.86916E-2 4.40106E-2 5.96288E-2 6.17981E-2 2.17417E-2 5.40574E-2 6.19425E-2 5.59123E-2 5.62272E-2 1.91995E-2 2.69938E-2 1.15053E-2 1.49969E-2 1.13811E-2 9.93378E-3 1.05337E-2
-9999 -9999 -9999 -9999 -9999 -9999 -9999 -9999 -9999 -9999 -9999 -9999 -9999 -9999 -9999 -9999 -9999 -9999 -9999 -9999 -9999 -9999 3.26933E-6 8.59197E-6 2.01386E-5 4.62527E-5 1.79804E-5 8.44418E-5 1.62948E-4 6.07729E-4 1.79016E-3 3.52395E-3 8.31692E-3 1.44751E-2 4.1329E-2 5.55468E-2 7.5386E-2 9.19085E-2 2.49469E-2 7.30155E-2 7.11489E-2 6.3447E-2 3.69016E-2 5.3618E-2 6.03376E-2 4.01906E-2 4.59251E-2 2.71575E-2 5.58818E-2 5.18457E-2 5.57513E-2 5.81237E-2 1.94573E-2 3.79983E-2 2.70824E-2 2.26059E-2 1.78158E-2 1.41757E-2 1.23803E-2 6.11222E-3
-9999 -9999 -9999 -9999 -9999 -9999 -9999 -9999 -9999 -9999 -9999 -9999 -9999 -9999 -9999 -9999 -9999 -9999 -9999 -9999 -9999 5.22688E-7 6.26878E-7 1.11307E-6 1.78468E-6 5.23829E-6 7.60117E-6 4.21825E-5 2.022E-4 3.34475E-4 9.24656E-4 2.82813E-3 1.68653E-2 3.13445E-2 5.60651E-2 7.58871E-2 6.64667E-2 6.7216E-2 2.73231E-2 6.08957E-2 2.19945E-2 4.92941E-2 2.47673E-2 4.2701E-2 3.8413E-2 3.85985E-2 4.58363E-2 5.03278E-2 4.39298E-2 4.46037E-2 3.91352E-2 1.29485E-2 2.10304E-2 2.04994E-2 1.63921E-2 1.80539E-2 8.41548E-3 1.48671E-2 8.08844E-3 8.37633E-3
-9999 -9999 -9999 -9999 -9999 -9999 -9999 -9999 -9999 -9999 -9999 -9999 -9999 -9999 -9999 -9999 -9999 -9999 4.02719E-11 2.04418E-10 9.04611E-9 5.66564E-8 1.8272E-7 1.942E-7 6.2501E-7 4.23165E-6 6.18709E-5 1.3281E-4 4.16195E-4 1.50395E-3 4.43939E-3 6.79613E-3 2.41174E-2 3.45805E-2 7.07672E-2 7.80052E-2 7.34828E-2 5.7655E-2 2.08219E-2 7.08315E-2 2.45117E-2 6.45837E-2 2.19635E-2 5.47789E-2 4.84246E-2 2.7568E-2 3.17076E-2 2.16275E-2 3.48762E-2 3.986E-2 3.28733E-2 2.48597E-2 2.00594E-2 1.71957E-2 1.73482E-2 1.84735E-2 8.47551E-3 1.38188E-2 5.69262E-3 7.91675E-3
-9999 -9999 -9999 -9999 -9999 -9999 -9999 -9999 -9999 -9999 -9999 -9999 -9999 -9999 -9999 -9999 6.43162E-14 3.75373E-13 3.54188E-12 2.96059E-11 1.9601E-9 1.64261E-8 2.05298E-7 1.26553E-6 3.345E-6 8.92115E-6 1.37348E-4 3.8546E-4 1.18404E-3 3.24671E-3 6.62046E-3 1.09941E-2 1.99494E-2 2.85643E-2 4.74767E-2 6.20692E-2 3.09656E-2 4.44425E-2 4.39617E-2 4.53953E-2 3.78888E-2 3.35068E-2 6.12898E-2 3.87947E-2 1.46454E-2 1.65552E-2 2.43818E-2 2.8669E-2 2.48799E-2 3.34161E-2 3.90156E-2 2.62572E-2 1.78001E-2 1.46314E-2 1.42337E-2 1.16217E-2 1.30641E-2 1.01642E-2 5.8831E-3 7.42705E-3
-9999 -9999 -9999 -9999 -9999 -9999 -9999 -9999 -9999 -9999 -9999 -9999 -9999 -9999 -9999 8.80484E-15 5.72669E-14 3.13618E-13 2.05328E-12 5.97401E-11 1.31798E-8 9.04491E-8 6.92471E-7 4.08455E-6 1.88418E-5 5.86611E-5 2.30077E-4 9.30856E-4 2.86993E-3 6.25929E-3 1.40005E-2 2.20093E-2 3.01276E-2 3.59922E-2 4.87013E-2 5.31487E-2 5.46748E-2 6.02814E-2 4.89828E-2 4.30337E-2 4.13602E-2 3.38802E-2 4.24059E-2 6.08166E-2 6.19605E-2 2.21681E-2 1.38567E-2 1.03213E-2 1.38694E-2 2.31067E-2 2.50666E-2 3.098E-2 2.30495E-2 1.00689E-2 7.24336E-3 7.15005E-3 1.58994E-2 9.8037E-3 1.42247E-3 7.29831E-3
-9999 -9999 -9999 -9999 -9999 -9999 -9999 -9999 -9999 -9999 -9999 -9999 -9999 -9999 2.33327E-13 1.34337E-12 1.11669E-11 6.77406E-11 3.32759E-10 1.62959E-9 2.07316E-8 2.29919E-7 1.40935E-6 9.57684E-6 6.74446E-5 1.98008E-4 1.08001E-3 2.43202E-3 6.01107E-3 1.1102E-2 1.88664E-2 4.08846E-2 4.69789E-2 4.28127E-2 5.6604E-2 2.9787E-2 4.55875E-2 3.91468E-2 3.2997E-2 3.29879E-2 2.84367E-2 3.74839E-2 2.8766E-2 2.57581E-2 3.38532E-2 3.13259E-2 2.8901E-2 2.67274E-2 2.63107E-2 1.84238E-2 1.66233E-2 2.10301E-2 1.31386E-2 1.74066E-2 1.89615E-2 1.74275E-2 1.81579E-2 9.76925E-3 5.40694E-3 6.80875E-3
-9999 -9999 -9999 -9999 -9999 -9999 -9999 -9999 -9999 -9999 -9999 -9999 -9999 1.72952E-14 1.12614E-12 8.75776E-12 7.04969E-11 4.92687E-10 2.51184E-9 1.1676E-8 5.18965E-8 4.00563E-7 4.12398E-6 1.69176E-5 6.64783E-5 4.30645E-4 1.33E-3 4.76231E-3 1.19912E-2 2.4018E-2 4.03389E-2 4.47968E-2 8.02035E-2 8.05352E-2 6.09896E-2 2.50057E-2 4.49413E-2 3.50956E-2 2.06589E-2 2.41414E-2 2.33379E-2 2.49861E-2 2.34399E-2 1.87338E-2 2.45896E-2 2.32109E-2 2.22226E-2 2.07572E-2 1.91898E-2 6.22196E-3 4.59075E-3 4.00745E-3 9.19526E-3 2.14803E-2 1.90793E-2 1.99538E-2 5.63385E-3 9.05375E-3 6.08974E-3 6.32378E-3
-9999 -9999 -9999 -9999 -9999 -9999 -9999 -9999 -9999 -9999 -9999 -9999 -9999 1.95702E-13 7.62524E-12 5.55844E-11 4.44234E-10 3.18648E-9 1.73705E-8 8.22321E-8 3.27163E-7 1.3488E-6 4.98167E-6 2.46899E-5 1.11071E-4 8.42995E-4 3.65551E-3 1.09914E-2 2.1596E-2 2.89349E-2 4.54909E-2 4.82838E-2 5.48402E-2 5.02846E-2 2.43492E-2 3.96365E-2 3.20469E-2 2.46697E-2 1.40835E-2 1.93061E-2 2.33922E-2 2.48937E-2 2.23418E-2 1.975E-2 1.76544E-2 1.82077E-2 1.68134E-2 2.10303E-2 2.0948E-2 9.12735E-3 1.15683E-2 1.11474E-2 1.93087E-2 1.6437E-2 1.90834E-2 7.00016E-3 1.20205E-2 3.10789E-3 1.83735E-3 8.03083E-3
-9999 -9999 -9999 -9999 -9999 -9999 -9999 -9999 -9999 -9999 -9999 -9999 -9999 2.00266E-12 3.81834E-11 2.67549E-10 2.05341E-9 1.4237E-8 8.15898E-8 3.84449E-7 1.08929E-6 2.75181E-6 1.4384E-5 4.92154E-5 2.47826E-4 1.34172E-3 5.3724E-3 1.352E-2 3.39749E-2 5.40442E-2 6.99879E-2 6.82069E-2 5.37676E-2 3.372E-2 4.52905E-2 3.58488E-2 2.67072E-2 1.84408E-2 2.09775E-2 2.61915E-2 2.44374E-2 2.6849E-2 2.7878E-2 2.37496E-2 2.29833E-2 2.96717E-2 2.66872E-2 1.86516E-2 1.80383E-2 1.3376E-2 7.00519E-3 5.15579E-3 1.64728E-2 6.44576E-3 2.67586E-3 1.09141E-2 4.87986E-3 3.08945E-3 6.47324E-3 7.63925E-3
-9999 -9999 -9999 -9999 -9999 -9999 -9999 -9999 -9999 -9999 -9999 -9999 2.48892E-13 1.02016E-11 1.73137E-10 1.1833E-9 8.77096E-9 6.25311E-8 3.3443E-7 1.56156E-6 4.06583E-6 9.87914E-6 3.64151E-5 1.42129E-4 6.50768E-4 6.21847E-3 7.26004E-3 1.96418E-2 3.84462E-2 5.20781E-2 6.59223E-2 6.3351E-2 5.01056E-2 5.88544E-2 4.03087E-2 2.90898E-2 1.95492E-2 1.72179E-2 2.20911E-2 2.5936E-2 2.04044E-2 7.92553E-3 1.077E-2 2.05165E-2 1.90405E-2 2.16382E-2 1.69788E-2 2.23841E-2 2.10819E-2 1.81004E-2 1.36323E-2 9.99349E-3 2.71112E-3 3.35106E-3 7.0893E-3 4.31198E-3 7.76515E-3 1.17161E-2 9.27934E-3 7.74274E-3
-9999 -9999 -9999 -9999 -9999 -9999 -9999 -9999 -9999 -9999 -9999 -9999 1.59683E-12 1.18825E-10 8.46953E-10 5.52704E-9 3.72417E-8 2.51346E-7 1.36467E-6 4.59805E-6 2.16419E-5 3.78221E-5 1.76651E-4 5.06686E-4 1.32198E-3 2.95033E-3 1.92471E-2 2.42852E-2 3.40008E-2 4.03851E-2 3.45452E-2 1.63925E-2 2.97974E-2 3.05568E-2 2.5253E-2 1.35793E-2 1.65049E-2 1.66938E-2 1.52907E-2 1.90971E-2 2.10793E-2 2.20814E-2 1.87928E-2 1.76459E-2 1.29005E-2 1.40406E-2 1.15249E-2 2.03706E-2 2.05447E-2 1.8168E-2 4.22092E-3 6.26636E-3 8.44037E-3 2.59932E-3 6.99105E-3 7.49905E-3 5.60604E-3 6.44793E-3 8.29251E-3 1.27082E-2
-9999 -9999 -9999 -9999 -9999 -9999 -9999 -9999 -9999 -9999 2.51279E-15 2.04694E-13 4.021E-12 2.11324E-10 1.97739E-9 1.48868E-8 1.18785E-7 7.64472E-7 4.4782E-6 2.4505E-5 7.7014E-5 1.43131E-4 6.21717E-4 1.64303E-3 3.03846E-3 4.61285E-3 2.3188E-2 3.13495E-2 4.53585E-2 4.74889E-2 3.80187E-2 2.55697E-2 3.07938E-2 2.31869E-2 1.6774E-2 1.48001E-2 1.89859E-2 1.88144E-2 1.85222E-2 1.89047E-2 2.39759E-2 2.40862E-2 2.97024E-2 2.46077E-2 2.28089E-2 2.13228E-2 2.20152E-2 2.06375E-2 1.2823E-2 8.12323E-3 1.61163E-2 1.5174E-2 1.45082E-2 6.1736E-3 7.18003E-3 5.94731E-3 4.34329E-3 5.2794E-3 7.65173E-3 7.22496E-3
-9999 -9999 -9999 -9999 -9999 -9999 -9999 -9999 -9999 1.52302E-17 9.66527E-15 2.70372E-13 1.58374E-11 1.7287E-10 2.20231E-9 1.90869E-8 1.77529E-7 1.4493E-6 9.61849E-6 4.81346E-5 1.2752E-4 2.47813E-4 1.13484E-3 2.38406E-3 3.95577E-3 7.60781E-3 4.39679E-2 2.14587E-2 4.28574E-2 4.77577E-2 3.28541E-2 1.87416E-2 2.60374E-2 1.80931E-2 1.11384E-2 1.49734E-2 1.8223E-2 8.56402E-3 2.24368E-2 2.33949E-2 2.79271E-2 2.43212E-2 2.66406E-2 2.36265E-2 2.34998E-2 2.07383E-2 2.2014E-2 2.04025E-2 2.5918E-2 2.1751E-2 8.97931E-3 1.52881E-2 1.20139E-2 3.74405E-3 5.57721E-3 5.97048E-3 5.65821E-3 5.12803E-3 6.18732E-3 9.39338E-3
-9999 -9999 -9999 -9999 -9999 -9999 -9999 -9999 -9999 -9999 1.56646E-14 4.27166E-13 1.06997E-11 2.05963E-10 3.64294E-9 3.39643E-8 3.06286E-7 2.76514E-6 1.73812E-5 8.6083E-5 2.38025E-4 5.79445E-4 1.92747E-3 3.30499E-3 5.26858E-3 1.16876E-2 2.50781E-2 2.36508E-2 2.55093E-2 3.34729E-2 2.79165E-2 2.18387E-2 2.67116E-2 1.93827E-2 1.07593E-2 1.53818E-2 2.00312E-2 2.6469E-2 9.89642E-3 3.52417E-2 4.10942E-2 3.11149E-2 2.87662E-2 2.27706E-2 2.54494E-2 2.24348E-2 2.64388E-2 2.71279E-2 2.75692E-2 6.24766E-3 1.73074E-2 7.95768E-3 1.07098E-2 8.52099E-3 4.06027E-3 2.22964E-3 6.04082E-3 6.14376E-3 5.58027E-3 8.34316E-3
-9999 -9999 -9999 -9999 -9999 -9999 -9999 -9999 -9999 -9999 -9999 -9999 -9999 -9999 6.93097E-9 6.94234E-8 6.09552E-7 5.5019E-6 2.8008E-5 1.12726E-4 4.03466E-4 1.50938E-3 4.68456E-3 1.03954E-2 1.76456E-2 2.12686E-2 2.64553E-2 3.16321E-2 3.38181E-2 3.1831E-2 2.94877E-2 3.048E-2 3.12531E-2 2.34829E-2 1.27521E-2 1.32497E-2 1.78984E-2 2.14822E-2 4.73832E-2 2.47334E-2 1.69015E-2 2.81397E-2 3.21029E-2 2.54437E-2 2.93848E-2 2.59162E-2 3.05075E-2 2.12874E-2 1.51076E-2 2.1694E-2 1.45405E-2 1.24241E-2 3.70606E-3 5.6028E-3 5.00221E-3 5.75249E-3 3.51186E-3 5.73977E-3 5.77582E-3 8.17176E-3
-9999 -9999 -9999 -9999 -9999 -9999 -9999 -9999 -9999 -9999 -9999 -9999 -9999 -9999 -9999 -9999 -9999 -9999 -9999 9.86554E-5 4.42676E-4 2.2447E-3 6.57943E-3 1.48869E-2 2.61215E-2 3.43328E-2 2.92868E-2 2.58343E-2 3.40934E-2 4.11762E-2 3.90987E-2 2.07976E-2 3.60038E-2 2.94482E-2 1.70093E-2 8.93556E-3 1.10445E-2 1.39353E-2 1.7034E-2 2.20072E-2 3.15247E-2 2.36436E-2 1.54795E-2 1.16542E-2 1.44548E-2 1.50288E-2 1.30448E-2 1.15114E-2 2.73117E-2 1.76969E-2 1.11333E-2 1.17468E-2 5.9099E-3 1.80863E-3 4.90712E-3 4.96403E-3 5.49929E-3 6.03374E-3 5.90576E-3 8.26099E-3
-9999 -9999 -9999 -9999 -9999 -9999 -9999 -9999 -9999 -9999 -9999 -9999 -9999 -9999 -9999 -9999 -9999 -9999 -9999 -9999 5.37156E-4 3.15949E-3 8.24308E-3 1.75584E-2 2.95781E-2 3.60123E-2 3.00409E-2 2.85721E-2 2.7104E-2 6.81975E-2 5.46042E-2 3.30533E-2 3.38462E-2 3.12999E-2 2.00986E-2 1.42896E-2 9.95985E-3 1.36129E-2 1.36154E-2 1.65635E-2 2.6335E-2 2.2539E-2 2.72274E-2 1.86377E-2 2.89508E-2 2.75409E-2 1.675E-2 2.73503E-2 2.03987E-2 1.40014E-2 7.65011E-3 8.54116E-3 5.42057E-3 3.78324E-3 2.61012E-3 5.72494E-3 6.50527E-3 7.40995E-3 8.75797E-3 1.1239E-2
-9999 -9999 -9999 -9999 -9999 -9999 -9999 -9999 -9999 -9999 -9999 -9999 -9999 -9999 -9999 -9999 -9999 -9999 -9999 -9999 -9999 3.69138E-3 7.38553E-3 1.36176E-2 2.46943E-2 2.82535E-2 3.57378E-2 5.8132E-2 9.01533E-2 2.09712E-2 1.01921E-2 1.79855E-2 2.16796E-2 3.13078E-2 2.6315E-2 2.57181E-2 1.71691E-2 1.24681E-2 1.18494E-2 1.75913E-2 2.67815E-2 2.28031E-2 8.64955E-3 2.97147E-2 2.4348E-2 2.23692E-2 3.34431E-2 2.69301E-2 1.71391E-2 1.29798E-2 9.6025E-3 7.55424E-3 4.74444E-3 4.73765E-3 3.22061E-3 6.1531E-3 5.78229E-3 4.49651E-3 1.01489E-2 1.80423E-2
-9999 -9999 -9999 -9999 -9999 -9999 -9999 -9999 -9999 -9999 -9999 -9999 -9999 -9999 -9999 -9999 -9999 -9999 -9999 -9999 -9999 -9999 6.10099E-3 9.44748E-3 1.56217E-2 1.96248E-2 3.21177E-2 6.15232E-2 7.6156E-2 3.61159E-2 2.39505E-2 2.60503E-2 1.39692E-2 1.10167E-2 2.15804E-2 2.44189E-2 1.7954E-2 2.07488E-2 1.75708E-2 2.0182E-2 2.57442E-2 1.06051E-2 3.16448E-2 3.09493E-2 3.99171E-2 2.93998E-2 2.17761E-2 6.41256E-3 1.45194E-2 1.66758E-2 1.26179E-2 9.57228E-3 6.23832E-3 6.35699E-3 4.58072E-3 8.41288E-3 7.76098E-3 5.41515E-3 9.71103E-3 1.9792E-2
-9999 -9999 -9999 -9999 -9999 -9999 -9999 -9999 -9999 -9999 -9999 -9999 -9999 -9999 -9999 -9999 -9999 -9999 -9999 -9999 -9999 -9999 -9999 4.38369E-3 7.23126E-3 1.05392E-2 2.21692E-2 4.1845E-2 4.01486E-2 2.34723E-2 1.90791E-2 2.32572E-2 1.95715E-2 2.87599E-2 3.4306E-2 1.23612E-2 3.15149E-2 3.56688E-2 2.82231E-2 2.29942E-2 1.17143E-2 3.04774E-2 3.41651E-2 2.90114E-2 3.40756E-2 1.99068E-2 1.74855E-2 2.10416E-2 1.68877E-2 8.55288E-3 9.15769E-3 3.62224E-3 1.70422E-3 4.34881E-3 5.09625E-3 9.37391E-3 8.41888E-3 8.05757E-3 9.70675E-3 1.88372E-2
-9999 -9999 -9999 -9999 -9999 -9999 -9999 -9999 -9999 -9999 -9999 -9999 -9999 -9999 -9999 -9999 -9999 -9999 -9999 -9999 -9999 -9999 -9999 -9999 -9999 5.01164E-3 1.23773E-2 2.34459E-2 2.54439E-2 2.06562E-2 1.17438E-2 1.65112E-2 2.07814E-2 4.06699E-2 3.75077E-2 4.39276E-2 2.20569E-2 2.64808E-2 3.26074E-2 2.30101E-2 3.26551E-2 3.43288E-2 3.48778E-2 2.58286E-2 2.27032E-2 1.86463E-2 1.87202E-2 1.89575E-2 2.95481E-2 1.94749E-2 1.28607E-2 1.30119E-2 6.09912E-3 9.02565E-3 1.17624E-2 1.73698E-2 1.67043E-2 2.47556E-2 2.29555E-2 5.08556E-3
-9999 -9999 -9999 -9999 -9999 -9999 -9999 -9999 -9999 -9999 -9999 -9999 -9999 -9999 -9999 -9999 -9999 -9999 -9999 -9999 -9999 -9999 -9999 -9999 -9999 -9999 -9999 1.02423E-2 1.16031E-2 1.78785E-2 1.35739E-2 1.21755E-2 1.99562E-2 8.5287E-3 1.86391E-2 3.59018E-2 4.12658E-2 1.7996E-2 2.09104E-2 2.36275E-2 3.75666E-2 1.22112E-2 2.98209E-2 3.27006E-2 3.12698E-2 2.5742E-2 2.66686E-2 2.65176E-2 2.786E-2 2.63732E-2 2.06016E-2 1.44848E-2 6.99931E-3 8.93549E-3 1.09035E-2 1.23591E-2 1.80658E-2 3.36387E-2 1.31306E-2 1.29963E-2
-9999 -9999 -9999 -9999 -9999 -9999 -9999 -9999 -9999 -9999 -9999 -9999 -9999 -9999 -9999 -9999 -9999 -9999 -9999 -9999 -9999 -9999 -9999 -9999 -9999 -9999 -9999 -9999 -9999 8.29745E-3 5.69366E-3 7.08633E-3 3.53645E-3 6.11884E-3 6.80834E-3 1.15528E-2 2.28051E-2 3.19468E-2 1.5772E-2 3.50109E-2 1.488E-2 2.69849E-2 4.38902E-2 1.90109E-2 2.21707E-2 8.25668E-3 2.03517E-2 2.24732E-2 2.84002E-2 2.77587E-2 1.62462E-2 1.81386E-2 1.15891E-2 8.67308E-3 1.32171E-2 1.50872E-2 1.58782E-2 2.05006E-2 9.1811E-3 1.5758E-2
-9999 -9999 -9999 -9999 -9999 -9999 -9999 -9999 -9999 -9999 -9999 -9999 -9999 -9999 -9999 -9999 -9999 -9999 -9999 -9999 -9999 -9999 -9999 -9999 -9999 -9999 -9999 -9999 -9999 -9999 -9999 6.31153E-4 6.76623E-4 1.04834E-3 4.11832E-3 1.01504E-2 1.87842E-2 2.41368E-2 1.39025E-2 1.58821E-2 3.51017E-2 3.56715E-2 4.84421E-2 3.80968E-2 3.16331E-2 2.98312E-2 1.47446E-2 2.21116E-2 3.12588E-2 4.16242E-2 2.57896E-2 2.55257E-2 1.30629E-2 1.55021E-2 1.89761E-2 2.12827E-2 1.90684E-2 1.27012E-2 1.23033E-2 1.72082E-2
-9999 -9999 -9999 -9999 -9999 -9999 -9999 -9999 -9999 -9999 -9999 -9999 -9999 -9999 -9999 -9999 -9999 -9999 -9999 -9999 -9999 -9999 -9999 -9999 -9999 -9999 -9999 -9999 -9999 -9999 -9999 1.98212E-4 2.56312E-4 3.91327E-4 2.44204E-3 5.31104E-3 1.17287E-2 2.33843E-2 1.94853E-2 1.77501E-2 2.37437E-2 1.80568E-2 2.99229E-2 2.61463E-2 1.67382E-2 2.58095E-2 2.31733E-2 1.25694E-2 3.02039E-2 4.97809E-2 1.24467E-2 1.5033E-2 2.74438E-2 1.55567E-2 2.01067E-2 3.16775E-2 3.04571E-2 2.14435E-2 4.51799E-2 2.47927E-2
