Phytophthora/models/20240501_1938_29/Phytophthora_PA3_RUN1_MAXENT_outputs/Phytophthora_PA3_RUN1.asc
ncols         225
nrows         269
xllcorner     473000.0
yllcorner     4429100.0
cellsize      50.0
NODATA_value  -9999
[rows 216 to 242 of 269, columns 120 to 179 of 225]
4.80807E-1 3.66004E-1 2.27228E-1 1.12682E-1 4.73518E-2 1.78395E-2 4.74694E-3 1.39128E-3 2.733E-4 6.55805E-5 2.71246E-5 8.42576E-6 3.70814E-5 2.52733E-4 1.14246E-3 5.31345E-3 5.14406E-2 8.97397E-2 1.59795E-1 2.3204E-1 3.42251E-1 4.99754E-1 3.52504E-1 5.79948E-1 6.46743E-1 5.05242E-1 5.18952E-1 3.52679E-1 3.76124E-1 3.19433E-1 2.46294E-1 2.14627E-1 4.84162E-1 4.64745E-1 6.04139E-1 2.16198E-1 4.63323E-1 3.64981E-1 2.41609E-1 2.56179E-1 3.4718E-1 4.01244E-1 4.1475E-1 4.02626E-1 4.99183E-1 5.15579E-1 3.81105E-1 2.88131E-1 1.51413E-1 6.01107E-2 1.15718E-2 1.42111E-3 2.85787E-4 1.387E-4 9.04247E-4 4.58159E-3 2.04796E-2 4.68711E-2 8.94615E-2 1.51873E-1
4.40121E-1 3.42617E-1 2.39331E-1 1.50666E-1 6.9566E-2 3.21916E-2 1.1904E-2 2.9914E-3 6.00453E-4 6.29585E-5 5.24797E-5 5.7211E-5 6.08619E-5 2.06335E-4 5.89915E-4 2.30389E-3 1.6742E-2 4.13209E-2 8.94551E-2 1.37368E-1 1.66851E-1 2.73316E-1 2.00262E-1 5.74423E-1 6.08194E-1 5.17306E-1 2.60989E-1 5.03643E-1 3.27871E-1 3.13319E-1 2.54168E-1 2.89717E-1 4.58384E-1 3.71675E-1 3.66035E-1 4.72045E-1 3.86299E-1 2.758E-1 1.61158E-1 2.63417E-1 3.84113E-1 4.67682E-1 2.85586E-1 3.24506E-1 4.98203E-1 5.17017E-1 4.26706E-1 2.76182E-1 1.7847E-1 7.4995E-2 1.01533E-2 1.53196E-3 3.65152E-4 2.99882E-4 1.48315E-3 9.20097E-3 1.90797E-2 7.10215E-2 1.18523E-1 2.3583E-1
6.6564E-1 5.03772E-1 3.47453E-1 2.43551E-1 1.37802E-1 6.86227E-2 2.55802E-2 6.0188E-3 1.4022E-3 2.51661E-4 3.80629E-4 4.47196E-4 5.65338E-4 8.62865E-4 1.39575E-3 3.68743E-3 7.955E-3 1.85958E-2 4.13817E-2 6.48208E-2 8.30084E-2 1.12738E-1 3.95839E-1 5.7275E-1 5.41142E-1 5.05982E-1 5.06948E-1 2.87117E-1 3.4477E-1 2.22848E-1 2.62788E-1 4.5921E-1 2.56887E-1 5.89423E-1 5.30136E-1 4.11862E-1 3.33901E-1 3.01654E-1 2.37167E-1 2.63117E-1 3.49602E-1 4.22382E-1 4.73648E-1 2.85036E-1 4.67671E-1 4.00654E-1 4.26915E-1 2.53784E-1 1.79704E-1 5.27305E-2 7.75722E-3 1.39748E-3 3.76683E-4 5.98248E-4 5.92822E-3 9.00913E-3 3.0364E-2 6.74938E-2 2.13455E-1 3.26113E-1
6.42634E-1 5.99432E-1 5.23634E-1 3.53891E-1 2.06465E-1 1.02618E-1 3.78558E-2 1.02545E-2 3.89827E-3 1.1077E-3 1.70904E-3 2.95584E-3 4.04959E-3 5.246E-3 7.03846E-3 1.47195E-2 3.20892E-2 4.92743E-2 5.68531E-2 5.45666E-2 4.90634E-2 1.04752E-1 3.67252E-1 4.60966E-1 4.4222E-1 5.07665E-1 3.6139E-1 3.57433E-1 1.53034E-1 1.93677E-1 2.80478E-1 4.12331E-1 3.15614E-1 5.38884E-1 4.2674E-1 3.76047E-1 4.0177E-1 4.30837E-1 3.87154E-1 3.44859E-1 3.3587E-1 3.55556E-1 4.10041E-1 5.73913E-1 6.17654E-1 4.6596E-1 3.93662E-1 2.32143E-1 1.643E-1 3.0467E-2 5.29337E-3 8.69924E-4 3.77256E-4 1.20097E-3 7.03281E-3 1.57998E-2 4.14697E-2 1.53496E-1 3.63792E-1 5.51226E-1
4.8631E-1 5.08701E-1 4.85211E-1 3.82465E-1 2.73877E-1 1.4287E-1 6.06129E-2 2.65435E-2 1.10425E-2 3.41194E-3 6.95923E-3 1.26449E-2 1.72545E-2 2.07746E-2 2.62579E-2 4.83921E-2 1.07073E-1 1.29706E-1 1.31578E-1 1.33458E-1 1.23767E-1 2.19432E-1 4.02481E-1 3.61535E-1 4.50767E-1 4.79806E-1 4.2968E-1 3.50628E-1 3.1614E-1 1.62576E-1 2.02857E-1 3.53004E-1 5.08373E-1 4.70536E-1 3.58194E-1 4.35753E-1 4.60428E-1 4.82563E-1 4.4928E-1 4.01461E-1 3.81789E-1 3.5225E-1 4.11517E-1 4.96161E-1 5.53796E-1 4.09127E-1 2.96758E-1 1.94398E-1 1.06911E-1 2.49889E-2 2.80926E-3 1.67054E-3 6.16507E-4 1.41236E-3 9.82427E-3 3.3583E-2 6.29941E-2 1.59637E-1 3.56758E-1 5.60158E-1
1.80877E-1 3.96294E-1 3.94568E-1 3.72364E-1 2.81659E-1 1.92026E-1 1.15566E-1 5.45307E-2 2.23485E-2 1.01013E-2 2.6322E-2 4.91781E-2 6.1641E-2 7.2863E-2 8.81051E-2 1.35853E-1 1.97354E-1 2.01607E-1 2.27473E-1 2.363E-1 2.57322E-1 3.70445E-1 4.25388E-1 3.6284E-1 4.64678E-1 4.78816E-1 5.29181E-1 3.19178E-1 3.34686E-1 3.32013E-1 4.74905E-1 3.99418E-1 5.15112E-1 3.29916E-1 3.18511E-1 4.55749E-1 4.67742E-1 3.78207E-1 3.3276E-1 2.90155E-1 3.99213E-1 3.39411E-1 2.85421E-1 3.55665E-1 3.54074E-1 1.99853E-1 1.29322E-1 6.88446E-2 1.38826E-1 2.2708E-2 2.67839E-3 6.02786E-4 2.63218E-3 6.95456E-3 1.49531E-2 5.02072E-2 1.38818E-1 2.49401E-1 3.53307E-1 6.0537E-1
4.62405E-1 4.79681E-1 4.75699E-1 4.14683E-1 3.80389E-1 3.15116E-1 2.09951E-1 9.6302E-2 3.69031E-2 2.41438E-2 7.15374E-2 1.42727E-1 1.48243E-1 1.79156E-1 2.09168E-1 3.0043E-1 3.05244E-1 2.98514E-1 3.55383E-1 3.44243E-1 5.21245E-1 5.30519E-1 5.13232E-1 4.96913E-1 6.73608E-1 4.20199E-1 3.96068E-1 3.0133E-1 3.06637E-1 3.41368E-1 4.01009E-1 3.65153E-1 4.55418E-1 2.42814E-1 3.57374E-1 4.4745E-1 4.57228E-1 4.81872E-1 4.75446E-1 2.70923E-1 4.13627E-1 3.27584E-1 2.65875E-1 1.67377E-1 1.43045E-1 8.42053E-2 4.95894E-2 3.54194E-2 1.91169E-2 1.85755E-2 3.79044E-3 1.45504E-3 7.18322E-3 2.92717E-2 4.7478E-2 7.97406E-2 2.1328E-1 3.85398E-1 4.82755E-1 5.68372E-1
4.36807E-1 4.30788E-1 4.8632E-1 5.25334E-1 4.91866E-1 4.82263E-1 3.05565E-1 1.29588E-1 5.98146E-2 5.24126E-2 1.26432E-1 3.5227E-1 2.67155E-1 3.36328E-1 3.64074E-1 4.49224E-1 3.99871E-1 4.01734E-1 4.70932E-1 4.55214E-1 6.5224E-1 6.47103E-1 6.17331E-1 6.69724E-1 6.25453E-1 3.16893E-1 4.05815E-1 3.50423E-1 2.6662E-1 2.45392E-1 2.6169E-1 3.0312E-1 3.12331E-1 2.04056E-1 2.46982E-1 3.32878E-1 3.61343E-1 4.24542E-1 4.65737E-1 2.51592E-1 4.53374E-1 4.03068E-1 3.2454E-1 2.10026E-1 1.5044E-1 9.36201E-2 4.63452E-2 1.56362E-2 1.96624E-2 2.12059E-2 5.87317E-3 7.56534E-3 2.59997E-2 6.60554E-2 1.36727E-1 2.88878E-1 3.26363E-1 3.68842E-1 4.25706E-1 4.78066E-1
4.96909E-1 5.15074E-1 6.27817E-1 5.90691E-1 6.10199E-1 5.60745E-1 3.38972E-1 1.58172E-1 7.60941E-2 9.15683E-2 2.04368E-1 4.44837E-1 4.89854E-1 4.93068E-1 4.67894E-1 5.41908E-1 5.79031E-1 4.96434E-1 5.49724E-1 5.08187E-1 6.54655E-1 7.08985E-1 6.68119E-1 4.49389E-1 6.02769E-1 4.71105E-1 4.16971E-1 3.53145E-1 2.28536E-1 1.38233E-1 1.4779E-1 1.96263E-1 1.63674E-1 8.52233E-2 1.379E-1 2.18987E-1 3.27012E-1 4.26951E-1 4.6734E-1 3.08123E-1 2.23811E-1 4.42494E-1 3.86831E-1 3.43685E-1 2.79002E-1 1.94413E-1 1.11494E-1 4.08782E-2 3.45639E-2 6.35652E-2 1.02219E-2 1.06638E-2 2.36084E-2 5.68E-2 1.30698E-1 2.528E-1 3.61078E-1 4.06878E-1 4.0967E-1 4.21292E-1
6.22446E-1 6.91447E-1 7.20461E-1 4.44546E-1 6.98476E-1 5.14574E-1 3.62909E-1 1.92218E-1 7.81159E-2 1.14809E-1 3.04341E-1 5.38496E-1 6.391E-1 5.99419E-1 5.48519E-1 5.56451E-1 6.61741E-1 5.81462E-1 3.52017E-1 6.75606E-1 6.61048E-1 5.53246E-1 5.43419E-1 5.74696E-1 5.82244E-1 4.61834E-1 4.04563E-1 2.89975E-1 1.71815E-1 1.81219E-1 6.70975E-2 1.01534E-1 6.21818E-2 3.75117E-2 1.11862E-1 2.41056E-1 3.49728E-1 4.81649E-1 4.77888E-1 3.63245E-1 3.2325E-1 4.39209E-1 4.27801E-1 4.23468E-1 4.43501E-1 3.16924E-1 3.80413E-1 1.47892E-1 5.53866E-2 4.44479E-2 1.10393E-2 2.11818E-2 5.37494E-2 9.60557E-2 1.70301E-1 2.67325E-1 3.64476E-1 4.3311E-1 4.33369E-1 2.16281E-1
4.20237E-1 5.82121E-1 3.47154E-1 5.00066E-1 4.17047E-1 4.26755E-1 3.19753E-1 1.74222E-1 6.73512E-2 1.13478E-1 2.78191E-1 5.39481E-1 6.29562E-1 5.69187E-1 4.59306E-1 3.15492E-1 4.47729E-1 5.58917E-1 6.41675E-1 6.08375E-1 6.94426E-1 6.29639E-1 4.13096E-1 6.0989E-1 5.73711E-1 3.82431E-1 3.17428E-1 2.24077E-1 1.63786E-1 1.16294E-1 2.88191E-2 4.47615E-2 3.35279E-2 5.02818E-2 1.36832E-1 2.54432E-1 4.1172E-1 4.81657E-1 4.39144E-1 3.12319E-1 3.52709E-1 3.05585E-1 3.22272E-1 4.0737E-1 4.11488E-1 4.33345E-1 5.51096E-1 3.81695E-1 8.37331E-2 3.73528E-2 1.1408E-2 2.00207E-2 5.30218E-2 1.20542E-1 2.39022E-1 3.6893E-1 4.51312E-1 4.92421E-1 3.26242E-1 4.87155E-1
3.27287E-1 3.51607E-1 4.25723E-1 3.00481E-1 2.65626E-1 2.39963E-1 2.38294E-1 6.79469E-2 4.8269E-2 1.5076E-1 2.6403E-1 5.43568E-1 6.3546E-1 6.76162E-1 5.60951E-1 5.69384E-1 5.99975E-1 6.53693E-1 6.67167E-1 5.54618E-1 6.96349E-1 6.15785E-1 3.98881E-1 5.90643E-1 5.36279E-1 3.57322E-1 2.32738E-1 1.48482E-1 1.36319E-1 5.24439E-2 1.35341E-2 2.21848E-2 3.71838E-2 9.15666E-2 1.87816E-1 3.37112E-1 4.16032E-1 4.29653E-1 4.14619E-1 2.53785E-1 3.87971E-1 4.40219E-1 3.86607E-1 3.71951E-1 3.58569E-1 3.02375E-1 5.07325E-1 4.4035E-1 1.61386E-1 5.92106E-2 2.25955E-2 3.87283E-2 9.73101E-2 1.81613E-1 3.21169E-1 4.51634E-1 4.88157E-1 4.96645E-1 4.24959E-1 4.53094E-1
3.33337E-1 4.50858E-1 3.98455E-1 2.68226E-1 2.09179E-1 1.70735E-1 1.33744E-1 4.04362E-2 2.80866E-2 8.77097E-2 2.78463E-1 4.88907E-1 5.95393E-1 6.6013E-1 5.03936E-1 4.92256E-1 4.93386E-1 5.43991E-1 5.30978E-1 5.98105E-1 7.17459E-1 6.38512E-1 3.93429E-1 5.85099E-1 5.26328E-1 3.98451E-1 2.82403E-1 1.51065E-1 7.00809E-2 1.65187E-2 7.79581E-3 2.63801E-2 7.38278E-2 1.93314E-1 3.34017E-1 4.7987E-1 4.6126E-1 4.18231E-1 3.7485E-1 3.7523E-1 4.16389E-1 4.24546E-1 4.50184E-1 4.34531E-1 3.97335E-1 3.55402E-1 4.32319E-1 5.57467E-1 4.73509E-1 2.35971E-1 8.02454E-2 9.49472E-2 2.01597E-1 2.61749E-1 4.14777E-1 5.0517E-1 5.0397E-1 2.68387E-1 4.95508E-1 4.27916E-1
1.96749E-1 2.83292E-1 2.5395E-1 1.97998E-1 1.55081E-1 1.32925E-1 5.13877E-2 2.6286E-2 2.17375E-2 5.76848E-2 1.72359E-1 3.90102E-1 4.99663E-1 5.83441E-1 4.04343E-1 3.09544E-1 3.20696E-1 3.88637E-1 6.33832E-1 6.66015E-1 5.13052E-1 4.12452E-1 6.73263E-1 5.92931E-1 6.61681E-1 5.30747E-1 3.01845E-1 1.30415E-1 5.82107E-2 6.42397E-3 1.48987E-2 4.51797E-2 9.99059E-2 2.95933E-1 3.95864E-1 4.81747E-1 4.59457E-1 4.58419E-1 2.69698E-1 4.49897E-1 4.53783E-1 4.13954E-1 4.13725E-1 4.08237E-1 4.13539E-1 5.54705E-1 6.62241E-1 6.47267E-1 6.49464E-1 4.15803E-1 2.38093E-1 2.77363E-1 4.19826E-1 4.48948E-1 4.83479E-1 5.25008E-1 3.91087E-1 5.51332E-1 5.45441E-1 4.54023E-1
1.57405E-1 2.2876E-1 1.09043E-1 1.05584E-1 9.71404E-2 8.45466E-2 2.81954E-2 1.41744E-2 1.23597E-2 3.49157E-2 8.0579E-2 2.48495E-1 3.62819E-1 3.64828E-1 2.26389E-1 2.48572E-1 3.4238E-1 4.32084E-1 4.49094E-1 4.63015E-1 7.10039E-1 7.20054E-1 7.16048E-1 6.79013E-1 6.07605E-1 2.48583E-1 2.34954E-1 9.63951E-2 2.64688E-2 6.9254E-3 2.17536E-2 5.58982E-2 1.62187E-1 2.88968E-1 3.49021E-1 4.62292E-1 4.64424E-1 2.20674E-1 4.8619E-1 3.2676E-1 3.59865E-1 4.45936E-1 4.25948E-1 3.96425E-1 6.74807E-1 8.14533E-1 7.45645E-1 4.67201E-1 6.49128E-1 3.39247E-1 1.63736E-1 1.87455E-1 2.72369E-1 3.3943E-1 4.75452E-1 5.14238E-1 4.24079E-1 5.91215E-1 5.31084E-1 4.05065E-1
1.17775E-1 9.57164E-2 9.41896E-2 8.7276E-2 6.37409E-2 4.41501E-2 1.41197E-2 4.93888E-3 5.61479E-3 1.70332E-2 5.38924E-2 1.1178E-1 1.94032E-1 1.99044E-1 2.43529E-1 3.02605E-1 3.10493E-1 4.11701E-1 3.4349E-1 5.87769E-1 6.25362E-1 6.06927E-1 5.68175E-1 4.97576E-1 2.59736E-1 1.33426E-1 8.27046E-2 7.14478E-2 8.5743E-3 6.05958E-3 2.79135E-2 7.54246E-2 1.5232E-1 2.17686E-1 3.65512E-1 4.7833E-1 4.92387E-1 3.51728E-1 5.51856E-1 5.47342E-1 3.07668E-1 2.05885E-1 3.9392E-1 5.18168E-1 7.11193E-1 7.01711E-1 5.13992E-1 3.44339E-1 6.01705E-1 3.16173E-1 7.33398E-2 1.22204E-1 1.73301E-1 2.79825E-1 3.77494E-1 3.48073E-1 5.68151E-1 5.82247E-1 5.07585E-1 3.64083E-1
4.42095E-2 4.33386E-2 4.60324E-2 3.77735E-2 2.54659E-2 3.50353E-2 2.28866E-2 1.61119E-2 1.22267E-2 8.83619E-3 2.63848E-2 6.52265E-2 2.19471E-1 2.1952E-1 2.90781E-1 3.50894E-1 3.1984E-1 3.53624E-1 3.81221E-1 5.33233E-1 5.47036E-1 5.11055E-1 2.92969E-1 2.04259E-1 1.4635E-1 9.81381E-2 1.12832E-1 2.09972E-2 7.44648E-3 9.60599E-3 3.51608E-2 7.54567E-2 1.45655E-1 2.55363E-1 3.79369E-1 4.78452E-1 4.97441E-1 5.35622E-1 6.13446E-1 4.84778E-1 4.78886E-1 3.91077E-1 3.86555E-1 6.73056E-1 6.38965E-1 5.2881E-1 4.60345E-1 5.7605E-1 5.23264E-1 3.22858E-1 6.8711E-2 1.23229E-1 1.63836E-1 3.13328E-1 2.09043E-1 6.37664E-1 6.2784E-1 5.4458E-1 4.18722E-1 2.99776E-1
1.28483E-1 1.09871E-1 9.05848E-2 6.46759E-2 6.20028E-2 5.3316E-2 4.14092E-2 3.92861E-2 3.37278E-2 4.42781E-2 2.9068E-2 7.01638E-2 1.93751E-1 2.15414E-1 2.40688E-1 2.25514E-1 3.01463E-1 2.2752E-1 3.61414E-1 3.90956E-1 5.30428E-1 2.51263E-1 1.70749E-1 1.24631E-1 9.89477E-2 1.16421E-1 4.25557E-2 8.5767E-3 5.14982E-3 9.13471E-3 3.88754E-2 7.51074E-2 1.43737E-1 2.62623E-1 3.98779E-1 4.92088E-1 4.34761E-1 7.26177E-1 5.16199E-1 3.40509E-1 2.72349E-1 3.19437E-1 4.75876E-1 6.70527E-1 7.55658E-1 5.43809E-1 7.36591E-1 6.67387E-1 5.87283E-1 3.20655E-1 8.07414E-2 1.47494E-1 2.10467E-1 2.60588E-1 4.71501E-1 6.88461E-1 6.42745E-1 5.15952E-1 3.25599E-1 2.19563E-1
2.13807E-1 1.89084E-1 1.71061E-1 1.46069E-1 1.45771E-1 1.48349E-1 9.74134E-2 9.1306E-2 7.30044E-2 1.06163E-1 7.10765E-2 6.3272E-2 1.59327E-1 1.89637E-1 2.5865E-1 3.24547E-1 3.53191E-1 3.17716E-1 3.36491E-1 3.07217E-1 4.28242E-1 3.55496E-1 1.92136E-1 8.57657E-2 5.24272E-2 2.50864E-2 1.1613E-2 5.22552E-3 1.30682E-2 2.56599E-2 4.14467E-2 6.68889E-2 1.5972E-1 3.15047E-1 4.58848E-1 5.83453E-1 6.76663E-1 6.73686E-1 4.74745E-1 4.07852E-1 3.31542E-1 3.58874E-1 3.50721E-1 7.49766E-1 2.49184E-1 5.5876E-1 5.09577E-1 5.66832E-1 5.84799E-1 3.54876E-1 1.40525E-1 1.8821E-1 2.18494E-1 1.65629E-1 2.97875E-1 7.26716E-1 6.81358E-1 5.40221E-1 3.54812E-1 1.98969E-1
2.37221E-1 2.82311E-1 2.85325E-1 2.65972E-1 2.8322E-1 2.5102E-1 2.07459E-1 1.79606E-1 1.41102E-1 1.63961E-1 1.73614E-1 1.68922E-1 7.29058E-2 1.31629E-1 1.76967E-1 3.08467E-1 2.0496E-1 2.57646E-1 2.5831E-1 1.83172E-1 3.6156E-1 2.44459E-1 1.24998E-1 4.94362E-2 1.97877E-2 1.22965E-2 2.09219E-2 3.16169E-2 4.33208E-2 5.07483E-2 5.94072E-2 7.37176E-2 1.24363E-1 2.53374E-1 4.1308E-1 6.64481E-1 7.19599E-1 3.30219E-1 4.8268E-1 3.44269E-1 3.66724E-1 4.41508E-1 4.31523E-1 6.89537E-1 2.49408E-1 5.46428E-1 6.30884E-1 5.61143E-1 3.84015E-1 1.86249E-1 1.1862E-1 1.24793E-1 1.90177E-1 2.35604E-1 2.66448E-1 7.1188E-1 6.71894E-1 4.96897E-1 3.4988E-1 1.92248E-1
3.37147E-1 4.15687E-1 4.31402E-1 3.88458E-1 4.16949E-1 3.40425E-1 3.14137E-1 2.89531E-1 2.41811E-1 2.82109E-1 3.15149E-1 3.16052E-1 1.89344E-1 1.026E-1 1.27456E-1 1.58606E-1 1.35166E-1 1.68381E-1 1.766E-1 2.26785E-1 2.07933E-1 1.18441E-1 6.17566E-2 2.59392E-2 1.5914E-2 3.5455E-2 6.98261E-2 9.31344E-2 1.20489E-1 1.00698E-1 1.31937E-1 1.88072E-1 1.9353E-1 2.94895E-1 4.4133E-1 6.28915E-1 6.83873E-1 5.3815E-1 3.68882E-1 3.85936E-1 2.96606E-1 5.11689E-1 6.42247E-1 5.69687E-1 2.0989E-1 3.41807E-1 4.50071E-1 4.16529E-1 1.88695E-1 1.19338E-1 1.85241E-1 2.18635E-1 3.42318E-1 4.4609E-1 3.626E-1 7.41188E-1 7.34634E-1 6.1049E-1 4.04604E-1 2.31681E-1
3.8986E-1 4.3233E-1 4.71231E-1 4.64765E-1 4.70251E-1 3.78025E-1 3.75943E-1 3.97387E-1 3.85047E-1 4.37822E-1 4.60511E-1 4.60999E-1 3.21102E-1 1.79302E-1 9.42471E-2 8.65462E-2 8.56798E-2 1.05987E-1 1.10299E-1 9.88274E-2 1.52707E-1 7.93014E-2 4.39012E-2 1.12736E-2 3.25582E-2 8.96938E-2 1.63335E-1 2.16003E-1 2.74222E-1 2.31247E-1 2.95853E-1 2.82867E-1 2.81246E-1 5.41175E-1 6.16323E-1 6.62507E-1 4.9024E-1 4.93899E-1 1.87703E-1 2.96068E-1 4.31531E-1 6.71717E-1 7.12403E-1 5.29863E-1 5.28707E-1 4.97832E-1 4.34029E-1 3.91449E-1 1.98735E-1 2.30734E-1 3.86343E-1 5.49344E-1 5.75948E-1 5.69741E-1 4.38343E-1 8.08157E-1 7.60259E-1 6.59436E-1 5.22398E-1 3.53224E-1
3.64133E-1 3.86034E-1 3.63649E-1 2.38974E-1 2.38295E-1 1.59712E-1 2.53058E-1 4.06649E-1 4.72193E-1 5.69988E-1 5.44031E-1 5.96922E-1 4.2832E-1 2.84077E-1 1.75766E-1 9.38476E-2 4.05774E-2 4.90547E-2 6.37012E-2 5.10004E-2 6.05848E-2 3.95804E-2 1.16059E-2 2.22571E-2 1.00769E-1 1.94911E-1 3.04853E-1 4.16591E-1 4.69701E-1 3.84098E-1 3.88929E-1 3.5875E-1 4.80813E-1 6.49862E-1 7.00727E-1 6.55259E-1 4.73838E-1 4.20399E-1 4.04588E-1 6.10418E-1 5.29514E-1 7.44228E-1 6.98872E-1 4.78039E-1 4.49365E-1 3.30053E-1 3.52848E-1 2.88396E-1 2.23787E-1 3.83384E-1 5.71345E-1 7.40967E-1 7.96637E-1 7.39383E-1 7.63102E-1 7.85851E-1 8.06972E-1 7.48116E-1 6.51952E-1 4.25416E-1
7.19041E-1 6.28292E-1 4.84402E-1 4.18837E-1 4.85054E-1 3.68142E-1 3.91403E-1 2.68348E-1 3.14274E-1 6.05428E-1 5.66273E-1 6.64608E-1 5.08095E-1 3.72922E-1 2.59787E-1 1.57844E-1 8.23123E-2 4.06742E-2 2.65409E-2 2.18183E-2 2.13802E-2 9.38707E-3 1.13225E-2 3.83443E-2 1.68818E-1 3.19625E-1 4.4754E-1 5.86602E-1 6.63408E-1 5.19631E-1 4.75092E-1 4.40709E-1 6.65937E-1 6.94042E-1 6.1633E-1 3.38274E-1 4.80209E-1 1.89405E-1 4.86607E-1 6.88471E-1 7.54372E-1 7.35336E-1 6.19945E-1 3.70281E-1 1.9835E-1 1.85215E-1 2.37387E-1 2.22339E-1 3.76553E-1 5.7386E-1 8.02503E-1 9.0222E-1 6.75055E-1 6.70676E-1 7.53603E-1 7.55724E-1 7.99843E-1 7.57046E-1 6.75413E-1 4.27705E-1
5.15617E-1 3.79097E-1 3.09871E-1 3.47529E-1 3.79642E-1 3.28274E-1 2.86302E-1 4.94966E-1 4.95825E-1 5.9752E-1 3.62211E-1 5.68245E-1 5.00001E-1 4.30593E-1 3.1352E-1 1.9548E-1 1.15318E-1 5.98397E-2 2.856E-2 8.63931E-3 7.16761E-3 5.15382E-3 2.19181E-2 6.52217E-2 2.36913E-1 4.21743E-1 5.55535E-1 6.93019E-1 5.99401E-1 5.32341E-1 5.02291E-1 5.43623E-1 3.92539E-1 5.87174E-1 5.42024E-1 5.22168E-1 3.29642E-1 2.76158E-1 5.21472E-1 6.8519E-1 7.53435E-1 6.64436E-1 4.71589E-1 1.88506E-1 1.56415E-1 1.51415E-1 2.128E-1 3.41793E-1 6.17068E-1 6.95511E-1 8.17976E-1 8.84327E-1 6.48475E-1 7.91192E-1 4.33509E-1 7.60629E-1 8.15636E-1 7.54311E-1 6.66151E-1 4.76221E-1
4.57368E-1 3.72436E-1 3.15657E-1 4.38609E-1 4.82974E-1 4.14304E-1 2.5538E-1 5.24838E-1 6.48912E-1 6.43485E-1 6.58992E-1 5.59726E-1 4.22073E-1 5.04655E-1 3.4818E-1 2.24631E-1 1.38221E-1 7.22238E-2 4.61665E-2 1.45601E-2 4.12955E-3 7.2579E-3 3.26454E-2 1.34529E-1 2.76272E-1 4.8035E-1 6.58506E-1 6.58966E-1 5.70373E-1 3.75665E-1 3.36965E-1 5.9603E-1 6.76064E-1 6.20202E-1 5.5244E-1 5.59109E-1 5.71134E-1 2.675E-1 5.667E-1 6.8952E-1 7.24297E-1 6.36871E-1 4.40989E-1 1.3169E-1 2.09784E-1 1.24622E-1 2.45097E-1 4.98465E-1 7.54469E-1 8.00834E-1 6.28817E-1 7.41151E-1 4.25519E-1 5.08663E-1 4.16622E-1 6.46966E-1 7.69435E-1 7.21776E-1 6.15709E-1 5.15629E-1
3.71379E-1 3.58652E-1 4.06404E-1 5.10082E-1 5.02217E-1 2.63178E-1 4.07886E-1 4.61204E-1 6.22862E-1 5.80766E-1 6.76507E-1 6.18858E-1 5.44141E-1 4.18899E-1 2.85877E-1 2.09836E-1 1.28519E-1 6.33226E-2 3.18236E-2 1.53387E-2 2.25844E-3 9.02938E-3 4.1544E-2 1.25414E-1 2.51988E-1 4.82956E-1 5.96467E-1 5.26714E-1 5.87377E-1 4.25154E-1 4.13718E-1 6.88867E-1 6.74043E-1 7.30226E-1 5.92126E-1 5.6281E-1 5.69487E-1 3.50259E-1 5.32534E-1 7.03602E-1 4.51662E-1 3.49293E-1 1.68302E-1 8.37873E-2 1.28189E-1 3.86413E-2 1.9693E-1 4.6389E-1 5.84409E-1 5.43813E-1 4.67639E-1 3.54214E-1 5.83596E-1 6.04459E-1 5.17437E-1 6.2326E-1 6.63532E-1 6.54483E-1 5.6302E-1 4.74233E-1
