Phytophthora/models/20240501_1938_29/Phytophthora_PA3_RUN1_MAXENT_outputs/Phytophthora_PA3_RUN1.asc
ncols         225
nrows         269
xllcorner     473000.0
yllcorner     4429100.0
cellsize      50.0
NODATA_value  -9999
[rows 189 to 215 of 269, columns 60 to 119 of 225]
5.59721E-1 5.78613E-1 5.66383E-1 5.42515E-1 6.39238E-1 4.16803E-1 2.6765E-1 2.06891E-1 2.2974E-1 4.55508E-1 4.64478E-1 5.15368E-1 5.39584E-1 5.18742E-1 3.81608E-1 2.70879E-1 1.29674E-1 7.56973E-2 9.35981E-2 4.57303E-2 9.18655E-2 1.38887E-1 1.92927E-1 3.08701E-1 6.46756E-1 5.54877E-1 5.51853E-1 4.69654E-1 4.23656E-1 3.45593E-1 2.6291E-1 3.79207E-1 4.64927E-1 4.55887E-1 5.09697E-1 5.25828E-1 3.98145E-1 1.78164E-1 2.39868E-1 5.27868E-1 2.26654E-1 3.02448E-1 3.29461E-1 4.95416E-1 4.07449E-1 1.64164E-1 3.03913E-1 2.0548E-1 2.19388E-1 2.27002E-1 1.79314E-1 1.45291E-1 3.52576E-1 5.02408E-1 5.07037E-1 2.34249E-1 4.95998E-1 4.2345E-1 4.46234E-1 3.68589E-1
4.79481E-1 4.98846E-1 4.66029E-1 4.76529E-1 4.76108E-1 2.4855E-1 1.5393E-1 2.04897E-1 3.19491E-1 4.60745E-1 6.89596E-1 7.20425E-1 6.66272E-1 6.3723E-1 4.65179E-1 3.54538E-1 1.71117E-1 1.75864E-1 1.83136E-1 1.71181E-1 1.82903E-1 2.38789E-1 3.11793E-1 3.23895E-1 5.26145E-1 5.31306E-1 4.79884E-1 5.10383E-1 4.20696E-1 3.15072E-1 2.70985E-1 3.11288E-1 3.92178E-1 3.88586E-1 1.70739E-1 3.0978E-1 3.58629E-1 2.92309E-1 2.7449E-1 2.80048E-1 2.41875E-1 1.44573E-1 4.25382E-1 4.55249E-1 4.09998E-1 4.59519E-1 4.17811E-1 2.17142E-1 2.56812E-1 1.48395E-1 1.14734E-1 1.09893E-1 2.09485E-1 2.79204E-1 2.22E-1 4.71712E-1 5.0665E-1 3.78231E-1 4.1972E-1 4.16486E-1
3.74931E-1 3.53972E-1 3.3079E-1 3.91237E-1 3.03609E-1 2.888E-1 3.13767E-1 3.19814E-1 4.11803E-1 4.89003E-1 4.85668E-1 6.48742E-1 6.43897E-1 7.24594E-1 4.1438E-1 2.72953E-1 2.48206E-1 2.87194E-1 3.88451E-1 3.31771E-1 3.27745E-1 3.83975E-1 4.58191E-1 4.71732E-1 5.28019E-1 5.74783E-1 5.02757E-1 4.87523E-1 6.2742E-1 4.3573E-1 3.53402E-1 3.61204E-1 3.50288E-1 1.68625E-1 4.67603E-1 4.16718E-1 2.78536E-1 2.92724E-1 3.1662E-1 3.1027E-1 2.1303E-1 1.55065E-1 2.87216E-1 3.66201E-1 3.19374E-1 4.74713E-1 3.50106E-1 2.80177E-1 1.21213E-1 1.04908E-1 5.58202E-2 8.2897E-2 1.5549E-1 2.05667E-1 2.15659E-1 2.39932E-1 4.33937E-1 2.79663E-1 3.77619E-1 4.34322E-1
3.59459E-1 2.03941E-1 2.43571E-1 1.31522E-1 1.80566E-1 2.66126E-1 2.42784E-1 4.40773E-1 4.63859E-1 4.81056E-1 3.57097E-1 5.07772E-1 5.59039E-1 4.98815E-1 3.71597E-1 3.5413E-1 3.7237E-1 4.51462E-1 4.85724E-1 4.38485E-1 4.05168E-1 4.46207E-1 4.86684E-1 5.13567E-1 5.24903E-1 4.67622E-1 5.17366E-1 3.3217E-1 5.48157E-1 4.23614E-1 3.81995E-1 3.04741E-1 2.70188E-1 1.90128E-1 1.13313E-1 1.55666E-1 3.74917E-1 2.11498E-1 2.34562E-1 2.28174E-1 1.73021E-1 1.18719E-1 1.50627E-1 2.11671E-1 2.18721E-1 4.2359E-1 2.76425E-1 2.07168E-1 9.83864E-2 4.74734E-2 3.25894E-2 5.27495E-2 9.98295E-2 1.38912E-1 1.74583E-1 9.35214E-2 3.91104E-1 3.63034E-1 3.67614E-1 3.31946E-1
3.54163E-1 1.8897E-1 1.58352E-1 2.03916E-1 1.88737E-1 2.63555E-1 6.59068E-1 6.31506E-1 6.5656E-1 4.99262E-1 5.31177E-1 7.18866E-1 6.7126E-1 5.68546E-1 5.78357E-1 5.99368E-1 4.38416E-1 6.85624E-1 5.33743E-1 5.10424E-1 4.57022E-1 5.58497E-1 6.07706E-1 4.20042E-1 5.87398E-1 5.23973E-1 5.19695E-1 4.88756E-1 4.42791E-1 4.19599E-1 4.01219E-1 3.51348E-1 2.90141E-1 3.48913E-1 7.13702E-2 8.70513E-2 1.32153E-1 1.32968E-1 1.52748E-1 1.54286E-1 1.00915E-1 6.08797E-2 6.3228E-2 1.0736E-1 1.28855E-1 9.38639E-2 1.94276E-1 1.19461E-1 6.84196E-2 4.81793E-2 6.7022E-2 1.17878E-1 1.07991E-1 1.56981E-1 2.16445E-1 2.73528E-1 5.34031E-1 4.53045E-1 3.26294E-1 3.05601E-1
3.65904E-1 1.57512E-1 2.6524E-1 1.84049E-1 2.69702E-1 5.00635E-1 6.13105E-1 7.32271E-1 5.45206E-1 6.47235E-1 5.90986E-1 5.51581E-1 7.31637E-1 6.69893E-1 5.36214E-1 5.58448E-1 6.57632E-1 6.83231E-1 5.54854E-1 5.72376E-1 5.4191E-1 4.7034E-1 2.965E-1 6.83839E-1 6.51328E-1 5.90721E-1 5.12598E-1 5.72053E-1 5.19584E-1 3.86571E-1 3.93496E-1 3.31817E-1 2.374E-1 2.5328E-1 5.32824E-2 7.5683E-2 9.83984E-2 1.11014E-1 1.17907E-1 8.38219E-2 6.04186E-2 3.14651E-2 3.41354E-2 5.21415E-2 4.9106E-2 6.46886E-2 1.33415E-1 7.11746E-2 9.75979E-2 1.15286E-1 1.36035E-1 2.06406E-1 2.53298E-1 2.39517E-1 2.26859E-1 2.2974E-1 2.70441E-1 4.15088E-1 3.34882E-1 2.79972E-1
2.71298E-1 2.01176E-1 1.84745E-1 2.77938E-1 3.54325E-1 5.44718E-1 5.8606E-1 6.79882E-1 5.42414E-1 3.20233E-1 4.23698E-1 5.71489E-1 5.76815E-1 5.71508E-1 5.76953E-1 6.09616E-1 5.22432E-1 3.78459E-1 4.3244E-1 2.74431E-1 3.16797E-1 2.46055E-1 5.04247E-1 6.57776E-1 6.14536E-1 5.41856E-1 4.80934E-1 5.89377E-1 6.00165E-1 5.35446E-1 3.87128E-1 2.95196E-1 2.00791E-1 1.8283E-1 3.52496E-2 2.14443E-2 4.16343E-2 4.74322E-2 5.70969E-2 3.50945E-2 2.58006E-2 1.45081E-2 1.67433E-2 2.64465E-2 1.97785E-2 2.44241E-2 8.11015E-2 1.47408E-1 1.73719E-1 2.08384E-1 2.43244E-1 2.91234E-1 3.42273E-1 3.43215E-1 2.35632E-1 1.58467E-1 1.90177E-1 3.44238E-1 3.29385E-1 3.02997E-1
1.79797E-1 3.10297E-1 3.64964E-1 3.99344E-1 4.86905E-1 4.54004E-1 6.90702E-1 5.88242E-1 6.65149E-1 6.00319E-1 5.71694E-1 5.5778E-1 5.40925E-1 5.10632E-1 5.793E-1 5.93464E-1 3.12775E-1 6.15153E-1 6.22732E-1 6.30595E-1 5.54469E-1 4.68009E-1 4.68536E-1 5.5769E-1 5.62879E-1 6.87159E-1 4.78547E-1 5.57145E-1 5.17571E-1 4.73454E-1 2.55735E-1 2.18979E-1 1.34619E-1 5.06181E-2 1.33378E-2 6.00522E-3 1.18575E-2 1.5109E-2 2.17086E-2 1.39744E-2 6.80619E-3 3.67155E-3 4.28965E-3 1.10661E-2 2.59695E-2 3.25315E-2 1.22381E-1 1.82241E-1 2.48819E-1 2.94973E-1 3.7729E-1 3.90583E-1 3.81082E-1 3.20035E-1 1.21783E-1 2.79681E-1 2.70595E-1 2.80626E-1 4.19264E-1 3.98328E-1
1.61444E-1 5.39296E-1 5.11842E-1 5.28971E-1 5.42451E-1 5.42849E-1 4.68409E-1 8.01158E-1 8.1415E-1 7.55997E-1 7.19298E-1 6.12794E-1 4.18816E-1 4.6681E-1 5.26311E-1 5.49554E-1 4.37258E-1 6.86642E-1 6.4673E-1 6.13256E-1 5.27512E-1 5.1351E-1 4.3928E-1 5.26258E-1 5.87488E-1 3.00406E-1 2.3982E-1 3.12928E-1 3.16296E-1 2.93324E-1 1.58876E-1 1.39414E-1 8.37106E-2 4.63964E-2 8.55574E-3 3.80199E-3 2.62122E-3 3.34746E-3 3.95509E-3 4.94255E-3 1.53315E-3 1.30118E-3 3.87101E-3 2.02269E-2 3.49344E-2 6.0921E-2 1.03545E-1 1.75108E-1 3.49271E-1 3.58228E-1 4.18742E-1 4.76409E-1 4.27452E-1 2.01554E-1 2.54165E-1 1.18883E-1 1.11538E-1 1.11085E-1 1.40959E-1 3.36969E-1
6.18388E-1 6.88925E-1 7.6921E-1 6.97396E-1 6.53128E-1 5.72784E-1 5.57432E-1 7.79273E-1 6.41564E-1 5.99375E-1 4.66343E-1 3.66558E-1 3.47783E-1 4.88102E-1 5.43661E-1 5.67938E-1 5.91786E-1 6.73198E-1 5.95691E-1 4.38764E-1 4.31434E-1 4.31088E-1 3.55208E-1 2.90698E-1 1.96001E-1 1.28447E-1 9.54632E-2 1.18622E-1 2.11424E-1 2.02144E-1 1.23182E-1 8.23133E-2 5.61524E-2 2.27026E-2 4.58064E-3 2.35823E-3 7.1442E-4 7.21929E-4 7.93954E-4 5.69425E-4 3.45468E-4 2.05211E-3 3.01268E-3 1.88885E-2 5.19092E-2 1.20464E-1 1.72091E-1 2.92904E-1 4.02311E-1 4.05074E-1 1.49526E-1 2.08689E-1 2.76321E-1 3.81896E-1 2.68673E-1 2.14295E-1 2.21358E-1 2.09839E-1 2.19249E-1 1.71325E-1
5.51852E-1 5.69071E-1 6.54093E-1 5.68328E-1 4.45886E-1 3.86861E-1 4.96115E-1 6.18534E-1 5.29162E-1 4.08251E-1 2.59688E-1 2.18834E-1 2.97973E-1 5.63704E-1 5.913E-1 4.24377E-1 6.49554E-1 6.63144E-1 5.85418E-1 3.75533E-1 2.98735E-1 3.15727E-1 4.4273E-1 3.04195E-1 1.16294E-1 5.77748E-2 3.91587E-2 6.38957E-2 1.00446E-1 9.12963E-2 5.25818E-2 4.48375E-2 3.26172E-2 8.75087E-3 2.91975E-3 8.18977E-4 2.48872E-4 1.19857E-4 1.34563E-4 9.00135E-5 2.05395E-4 1.20191E-3 5.99268E-3 2.63941E-2 5.65727E-2 1.26048E-1 2.16384E-1 3.29569E-1 4.69824E-1 3.85014E-1 2.73106E-1 2.87643E-1 1.60109E-1 4.27389E-1 3.7229E-1 3.0366E-1 2.47943E-1 2.34419E-1 2.02089E-1 2.67109E-1
5.51734E-1 5.78376E-1 5.67135E-1 6.32042E-1 6.28198E-1 6.04722E-1 5.84437E-1 5.53095E-1 5.05504E-1 3.83137E-1 2.33431E-1 2.53572E-1 4.67966E-1 3.65267E-1 3.73981E-1 2.63853E-1 6.20708E-1 6.27317E-1 6.26966E-1 4.79053E-1 3.55237E-1 2.05499E-1 1.86714E-1 6.57122E-2 3.79045E-2 3.80983E-2 7.17254E-2 9.24508E-2 1.01784E-1 6.05355E-2 1.68313E-2 9.96784E-3 8.14169E-3 4.66846E-3 1.14739E-3 3.1656E-4 7.69776E-5 1.67076E-5 2.04684E-5 5.26307E-5 1.67535E-4 7.45186E-4 7.73329E-3 2.01356E-2 4.94729E-2 1.03537E-1 2.03039E-1 3.54415E-1 5.26862E-1 4.43513E-1 2.96989E-1 2.76245E-1 7.81431E-2 3.72681E-1 2.67686E-1 1.70328E-1 1.41244E-1 2.04701E-1 1.38753E-1 1.7629E-1
5.64815E-1 5.73809E-1 3.30239E-1 6.11828E-1 5.48295E-1 5.4354E-1 5.2368E-1 4.55847E-1 3.80967E-1 2.54643E-1 9.31272E-2 1.82506E-1 2.67077E-1 4.42507E-1 5.67917E-1 4.65898E-1 4.67831E-1 5.53699E-1 5.11543E-1 3.63973E-1 1.41264E-1 6.75692E-2 1.88958E-2 1.62894E-2 3.88527E-2 6.5889E-2 1.30507E-1 1.85509E-1 2.0125E-1 1.3384E-1 4.43338E-2 1.92256E-2 1.25066E-2 9.99835E-3 2.93644E-3 4.96498E-4 2.04489E-4 7.64672E-5 4.13747E-5 1.3885E-4 4.62551E-4 1.78878E-3 1.55016E-2 3.0511E-2 5.86623E-2 1.01902E-1 2.08321E-1 4.84403E-1 4.34999E-1 3.91215E-1 3.56372E-1 3.66375E-1 1.75156E-1 3.89445E-1 2.83445E-1 1.63423E-1 8.64028E-2 8.6456E-2 8.32252E-2 1.26703E-1
5.26768E-1 2.72339E-1 5.42508E-1 5.03689E-1 4.57524E-1 4.03517E-1 4.31834E-1 4.16341E-1 3.31301E-1 2.00745E-1 1.51433E-1 1.94222E-1 3.33589E-1 4.45092E-1 5.77986E-1 5.70367E-1 5.1869E-1 5.57079E-1 5.17933E-1 4.39407E-1 2.86563E-1 6.42556E-2 2.26526E-2 4.98221E-2 7.24934E-2 1.08641E-1 2.56614E-1 3.67119E-1 4.12356E-1 2.64902E-1 1.58839E-1 7.90925E-2 2.44043E-2 9.60677E-3 8.04661E-3 1.93615E-3 1.38646E-3 3.50919E-4 2.13864E-4 3.13565E-4 1.03237E-3 3.81747E-3 1.16411E-2 4.16695E-2 7.30473E-2 1.80691E-1 4.3294E-1 5.92697E-1 4.1223E-1 3.41424E-1 3.23105E-1 3.5275E-1 4.34664E-1 4.00076E-1 3.57519E-1 2.13406E-1 1.26835E-1 4.87876E-2 4.51206E-2 8.08859E-2
5.45752E-1 5.02189E-1 5.90599E-1 5.15628E-1 3.81059E-1 3.04556E-1 3.34065E-1 3.27047E-1 2.38577E-1 2.3065E-1 3.27029E-1 4.11427E-1 5.04854E-1 5.34839E-1 6.03437E-1 4.33148E-1 6.20166E-1 5.73502E-1 5.04189E-1 4.26345E-1 2.83925E-1 6.63401E-2 4.70747E-2 1.12652E-1 2.05849E-1 2.35226E-1 3.70935E-1 5.61016E-1 6.15399E-1 4.36423E-1 2.95316E-1 1.67589E-1 5.40807E-2 2.07629E-2 1.06878E-2 7.07442E-3 5.87349E-3 3.62869E-3 7.11697E-4 6.79722E-4 1.67425E-3 6.53005E-3 1.85035E-2 6.94299E-2 1.13713E-1 3.28996E-1 5.97762E-1 6.35294E-1 4.60931E-1 4.22592E-1 3.37996E-1 4.2843E-1 5.59229E-1 4.39127E-1 4.35748E-1 3.1133E-1 1.95985E-1 8.95098E-2 3.37529E-2 4.97838E-2
5.29505E-1 6.73796E-1 6.47812E-1 5.65843E-1 4.0567E-1 2.96069E-1 1.89059E-1 1.43207E-1 1.20031E-1 2.65951E-1 3.84257E-1 4.92104E-1 5.74133E-1 5.52714E-1 4.07713E-1 4.3434E-1 5.99086E-1 5.28314E-1 4.61615E-1 1.78581E-1 1.34755E-1 5.76458E-2 6.76351E-2 1.83081E-1 3.35417E-1 4.05145E-1 4.38803E-1 5.62582E-1 7.27475E-1 6.44248E-1 4.35456E-1 2.48633E-1 1.21904E-1 5.841E-2 3.54928E-2 1.80894E-2 1.1234E-2 7.32404E-3 2.18526E-3 1.34575E-3 2.61283E-3 8.47419E-3 2.51335E-2 6.3876E-2 1.54504E-1 5.24525E-1 6.67179E-1 5.84718E-1 3.87837E-1 4.42848E-1 3.93616E-1 6.36032E-1 6.33883E-1 3.13186E-1 4.44668E-1 3.253E-1 2.0784E-1 1.0551E-1 4.30033E-2 2.22637E-2
6.63648E-1 6.82606E-1 6.19856E-1 5.02317E-1 3.34646E-1 2.15831E-1 1.15651E-1 5.52215E-2 1.30703E-1 2.87245E-1 4.04005E-1 5.42731E-1 5.9689E-1 5.85292E-1 5.78847E-1 5.79585E-1 5.9406E-1 4.97445E-1 4.02457E-1 2.07835E-1 1.14851E-1 3.71714E-2 7.63033E-2 2.09454E-1 3.96819E-1 5.08981E-1 5.02308E-1 5.17267E-1 7.04222E-1 7.13884E-1 6.24539E-1 3.27079E-1 2.13132E-1 1.39831E-1 9.07683E-2 4.84922E-2 2.87516E-2 1.32816E-2 8.25497E-3 3.22165E-3 5.16335E-3 9.91233E-3 2.83392E-2 7.25479E-2 1.55241E-1 4.7639E-1 6.09205E-1 4.72566E-1 1.91142E-1 4.09206E-1 5.61881E-1 4.75748E-1 2.83743E-1 4.38196E-1 4.45071E-1 3.05656E-1 2.1046E-1 1.31123E-1 6.6291E-2 3.85012E-2
5.40589E-1 5.26909E-1 4.32034E-1 3.01121E-1 1.98073E-1 1.30712E-1 7.36078E-2 3.72423E-2 1.0553E-1 2.53355E-1 3.38704E-1 4.78476E-1 5.55097E-1 5.60182E-1 5.675E-1 5.05316E-1 4.8037E-1 3.70777E-1 2.72053E-1 1.22286E-1 6.04899E-2 2.9662E-2 9.85061E-2 2.17093E-1 3.99541E-1 5.09077E-1 5.39151E-1 5.04027E-1 4.43238E-1 7.17712E-1 6.74972E-1 4.9001E-1 3.63317E-1 2.72409E-1 1.98254E-1 9.39096E-2 5.88635E-2 3.05642E-2 1.82061E-2 4.59747E-3 7.32508E-3 1.66829E-2 2.68376E-2 6.80035E-2 1.50441E-1 2.0075E-1 4.07693E-1 3.60446E-1 3.83317E-1 3.76503E-1 5.30184E-1 3.86082E-1 3.21938E-1 5.28533E-1 5.16297E-1 3.978E-1 3.37551E-1 2.37134E-1 1.20808E-1 1.13074E-1
5.64773E-1 5.84031E-1 4.9112E-1 3.48535E-1 2.51637E-1 1.98804E-1 1.0201E-1 3.99438E-2 8.96106E-2 2.45535E-1 2.87666E-1 4.14553E-1 4.70523E-1 4.95621E-1 4.87414E-1 4.20402E-1 3.9722E-1 2.73004E-1 2.19687E-1 1.14887E-1 4.18074E-2 2.97035E-2 9.10529E-2 2.11319E-1 3.55176E-1 4.76305E-1 5.5862E-1 5.67253E-1 4.19434E-1 4.8303E-1 6.7551E-1 4.19561E-1 4.02813E-1 4.37633E-1 2.21185E-1 1.86186E-1 1.50568E-1 7.0655E-2 2.61249E-2 1.982E-2 8.8227E-3 1.72818E-2 2.98393E-2 7.1194E-2 1.41048E-1 3.25399E-1 4.20678E-1 4.1853E-1 4.10242E-1 4.58558E-1 6.54899E-1 5.90478E-1 5.91967E-1 5.46999E-1 6.39277E-1 3.91994E-1 2.01232E-1 2.19292E-1 1.14934E-1 8.73528E-2
6.86209E-1 5.28031E-1 5.34789E-1 4.3216E-1 3.40473E-1 2.81883E-1 1.47312E-1 6.42665E-2 6.82391E-2 1.53593E-1 2.04099E-1 2.87935E-1 3.20665E-1 3.49739E-1 3.46233E-1 2.823E-1 2.52929E-1 1.41469E-1 7.44648E-2 7.0106E-2 2.13757E-2 2.26152E-2 6.60194E-2 1.73149E-1 2.54117E-1 4.13719E-1 5.50663E-1 5.85673E-1 5.65367E-1 3.50778E-1 4.15018E-1 3.66864E-1 3.86444E-1 4.07332E-1 3.08824E-1 2.02799E-1 1.19433E-1 6.4138E-2 3.52359E-2 3.14962E-2 2.51992E-2 2.33013E-2 2.84425E-2 1.77078E-2 2.79045E-2 1.65376E-1 3.23173E-1 3.95227E-1 4.19793E-1 4.95689E-1 5.09478E-1 4.87462E-1 6.76992E-1 6.69213E-1 6.9455E-1 4.72622E-1 3.48749E-1 2.21609E-1 1.36761E-1 1.94188E-1
2.88743E-1 5.21137E-1 4.96457E-1 4.14713E-1 4.72697E-1 3.70391E-1 1.44451E-1 4.23197E-2 3.60707E-2 8.96267E-2 8.50888E-2 1.16536E-1 1.60715E-1 1.97214E-1 2.15045E-1 1.36455E-1 1.82403E-1 7.41023E-2 1.83735E-2 9.54334E-3 2.42596E-3 1.56713E-2 5.6743E-2 1.02302E-1 1.59833E-1 3.98755E-1 5.30262E-1 5.51626E-1 6.75796E-1 5.38053E-1 3.21258E-1 2.03947E-1 2.37055E-1 3.65035E-1 3.48735E-1 2.27567E-1 1.416E-1 9.08499E-2 7.02206E-2 7.37684E-2 6.18064E-2 4.65901E-2 2.77893E-2 1.4791E-2 2.16894E-2 8.10326E-2 3.82518E-1 4.34622E-1 5.23969E-1 5.52923E-1 4.02983E-1 4.72921E-1 3.85291E-1 3.7848E-1 4.35713E-1 3.53082E-1 3.20022E-1 1.81204E-1 1.63801E-1 1.8011E-1
4.06409E-1 3.06983E-1 4.64278E-1 5.03748E-1 3.25704E-1 4.98299E-1 1.02225E-1 2.4002E-2 6.23869E-3 1.02301E-2 1.68733E-2 3.94896E-2 5.81949E-2 4.95734E-2 1.09166E-1 5.61434E-2 8.97761E-2 3.24791E-2 1.03208E-2 3.24279E-3 1.29647E-3 9.53148E-3 1.92388E-2 3.44826E-2 1.01478E-1 3.76647E-1 3.80928E-1 5.90966E-1 5.61798E-1 5.28631E-1 3.79775E-1 4.08623E-1 3.59116E-1 2.77786E-1 3.47076E-1 2.40811E-1 1.87851E-1 1.43542E-1 1.34489E-1 1.46655E-1 1.20903E-1 9.61294E-2 6.13514E-2 3.22064E-2 2.9125E-2 9.14211E-2 1.86673E-1 3.27774E-1 4.61241E-1 5.94002E-1 3.81567E-1 4.1655E-1 3.28084E-1 2.67904E-1 2.20733E-1 3.01787E-1 3.23639E-1 2.06123E-1 1.75385E-1 2.03678E-1
2.83268E-1 4.50301E-1 4.28683E-1 3.89075E-1 3.2796E-1 1.60408E-1 5.78523E-2 1.78063E-2 3.85677E-3 2.05704E-3 3.95656E-3 6.0312E-3 1.24351E-2 1.99992E-2 3.57154E-2 1.14152E-2 1.51999E-2 9.72037E-3 2.71604E-3 1.23133E-3 1.88907E-3 5.75279E-3 1.44537E-2 2.59728E-2 4.16773E-2 1.77184E-1 3.24385E-1 4.42386E-1 3.65343E-1 4.19265E-1 3.50502E-1 2.87851E-1 3.76646E-1 1.78339E-1 3.49068E-1 2.83354E-1 2.3332E-1 1.92915E-1 1.85667E-1 2.07474E-1 2.06122E-1 1.73345E-1 1.18018E-1 7.30901E-2 4.15808E-2 1.11603E-1 2.4467E-1 4.71584E-1 7.41714E-1 5.68245E-1 4.21251E-1 2.97507E-1 2.55398E-1 2.3396E-1 2.12123E-1 3.7576E-1 4.07178E-1 2.48028E-1 2.06448E-1 2.65011E-1
2.46967E-1 5.00672E-1 4.52119E-1 3.78099E-1 2.89706E-1 1.55956E-1 5.07268E-2 1.45348E-2 3.90688E-3 8.79791E-4 1.58079E-3 2.6789E-3 2.43077E-3 3.61917E-3 9.61052E-3 7.859E-3 2.54615E-3 1.94064E-3 1.51286E-3 4.46716E-3 5.77978E-3 1.39139E-2 4.07617E-2 5.65088E-2 7.76356E-2 2.11224E-1 2.26435E-1 1.88227E-1 2.51388E-1 3.01922E-1 3.04886E-1 3.77448E-1 4.34785E-1 4.23074E-1 2.02775E-1 3.62381E-1 3.43085E-1 3.29269E-1 3.08425E-1 3.22739E-1 3.15204E-1 2.68564E-1 1.13423E-1 1.31609E-1 5.63933E-2 9.30614E-2 2.40823E-1 5.79661E-1 5.97585E-1 3.60292E-1 4.15272E-1 3.04719E-1 1.64038E-1 1.3291E-1 1.67613E-1 2.99723E-1 5.28815E-1 2.89055E-1 2.50621E-1 2.02239E-1
4.69834E-1 4.53432E-1 4.08822E-1 3.66685E-1 1.61778E-1 9.41023E-2 2.86762E-2 9.44378E-3 2.95613E-3 5.57125E-4 4.09293E-4 7.67319E-4 8.27746E-4 9.53422E-4 9.46445E-4 2.14973E-3 3.93806E-4 7.15193E-4 3.99421E-3 1.08129E-2 1.56076E-2 3.35989E-2 6.68394E-2 1.25542E-1 1.55123E-1 3.84862E-1 3.77074E-1 1.9668E-1 1.40556E-1 1.7031E-1 2.79037E-1 3.9145E-1 4.36113E-1 4.07521E-1 4.41136E-1 2.10168E-1 3.25744E-1 3.5517E-1 3.32084E-1 3.04884E-1 4.49997E-1 4.32121E-1 3.43331E-1 2.19266E-1 7.93559E-2 8.8704E-2 2.23263E-1 4.65551E-1 2.22947E-1 3.66227E-1 4.55737E-1 2.091E-1 4.12658E-1 3.7008E-1 2.63297E-1 2.26319E-1 4.8803E-1 3.27553E-1 2.91615E-1 2.78526E-1
4.65015E-1 4.53805E-1 3.49996E-1 3.50339E-1 1.15984E-1 6.11075E-2 1.90874E-2 5.68731E-3 1.44398E-3 3.19634E-4 7.73811E-5 1.3221E-4 1.6854E-4 1.94583E-4 2.12948E-4 3.55678E-4 2.9019E-4 1.69618E-3 9.17235E-3 2.23018E-2 3.81385E-2 5.68507E-2 1.46931E-1 2.09872E-1 2.64089E-1 5.62729E-1 5.29792E-1 3.14837E-1 2.04528E-1 1.51387E-1 2.06537E-1 2.98688E-1 3.86037E-1 3.72312E-1 3.92871E-1 4.0112E-1 3.69911E-1 3.4824E-1 3.32705E-1 2.39581E-1 2.46076E-1 5.92709E-1 2.97186E-1 2.05954E-1 1.27205E-1 1.0483E-1 2.24296E-1 5.10486E-1 6.82468E-1 4.64686E-1 5.648E-1 2.59988E-1 4.59006E-1 4.03009E-1 4.21922E-1 4.5713E-1 2.63758E-1 5.38616E-1 4.51136E-1 3.92503E-1
3.99851E-1 4.9937E-1 3.79121E-1 2.4192E-1 3.01528E-2 3.16038E-2 1.2588E-2 3.16037E-3 8.37774E-4 1.60109E-4 2.52634E-5 1.97647E-5 2.67864E-5 3.08378E-5 3.20351E-5 9.32033E-5 6.56223E-4 5.35547E-3 1.53265E-2 3.72384E-2 7.18387E-2 9.27923E-2 2.45766E-1 3.36379E-1 4.09189E-1 6.69791E-1 6.62592E-1 4.15377E-1 3.41083E-1 3.1889E-1 2.7598E-1 2.19343E-1 2.45532E-1 2.98642E-1 3.08434E-1 3.15641E-1 2.91065E-1 2.73745E-1 2.5603E-1 2.66975E-1 1.53929E-1 2.03592E-1 3.26723E-1 2.90607E-1 1.88683E-1 1.73924E-1 2.82411E-1 3.46039E-1 7.86975E-1 5.63874E-1 6.48812E-1 4.08107E-1 5.33456E-1 3.98488E-1 4.5941E-1 5.34837E-1 4.94246E-1 2.31856E-1 5.61383E-1 5.37955E-1
