Phytophthora/models/20240529_1714_25/Phytophthora_PA3_allRun_MAXENT_outputs/projMaxent.asc
ncols         225
nrows         269
xllcorner     473009.9838
yllcorner     4429051.1748
cellsize      50.0
NODATA_value  -9999
[rows 0 to 25 of 269, columns 59 to 117 of 225]
-9999 -9999 -9999 -9999 1.68905E-3 -9999 -9999 -9999 -9999 -9999 -9999 -9999 -9999 -9999 -9999 -9999 -9999 -9999 -9999 -9999 -9999 -9999 -9999 -9999 -9999 -9999 -9999 -9999 -9999 -9999 -9999 -9999 -9999 -9999 -9999 -9999 -9999 -9999 -9999 -9999 -9999 -9999 -9999 -9999 -9999 -9999 -9999 -9999 -9999 -9999 -9999 -9999 -9999 -9999 -9999 -9999 -9999 -9999 -9999
-9999 1.48541E-3 1.33038E-3 1.38697E-3 1.03418E-3 6.89194E-4 9.15083E-4 -9999 -9999 -9999 -9999 -9999 -9999 -9999 -9999 -9999 -9999 -9999 -9999 -9999 -9999 -9999 -9999 -9999 -9999 -9999 -9999 -9999 -9999 -9999 -9999 -9999 -9999 -9999 -9999 -9999 -9999 -9999 -9999 -9999 -9999 -9999 -9999 -9999 -9999 -9999 -9999 -9999 -9999 -9999 -9999 -9999 -9999 -9999 -9999 -9999 -9999 -9999 -9999
2.36242E-3 3.68926E-3 3.17523E-3 2.52684E-3 1.60528E-3 1.02762E-3 6.72005E-4 9.40628E-4 -9999 -9999 -9999 -9999 -9999 -9999 -9999 -9999 -9999 -9999 -9999 -9999 -9999 -9999 -9999 -9999 -9999 -9999 -9999 -9999 -9999 -9999 -9999 -9999 -9999 -9999 -9999 -9999 -9999 -9999 -9999 -9999 -9999 -9999 -9999 -9999 -9999 -9999 -9999 -9999 -9999 -9999 -9999 -9999 -9999 -9999 -9999 -9999 -9999 -9999 -9999
5.23454E-3 4.39066E-3 2.43177E-3 1.83317E-3 1.38746E-3 1.12291E-3 9.58438E-4 1.29787E-3 1.63404E-3 -9999 -9999 -9999 -9999 -9999 -9999 -9999 -9999 -9999 -9999 -9999 -9999 -9999 -9999 -9999 -9999 -9999 -9999 -9999 -9999 -9999 -9999 -9999 -9999 -9999 -9999 -9999 -9999 -9999 -9999 -9999 -9999 -9999 -9999 -9999 -9999 -9999 -9999 -9999 -9999 -9999 -9999 -9999 -9999 -9999 -9999 -9999 -9999 -9999 -9999
3.16273E-3 1.5777E-3 1.26548E-3 1.95568E-3 1.82263E-3 1.36615E-3 1.06713E-3 1.17977E-3 1.9497E-3 2.81064E-3 2.92817E-3 -9999 -9999 -9999 -9999 -9999 -9999 -9999 -9999 -9999 -9999 -9999 -9999 -9999 -9999 -9999 -9999 -9999 -9999 -9999 -9999 -9999 -9999 -9999 -9999 -9999 -9999 -9999 -9999 -9999 -9999 -9999 -9999 -9999 -9999 -9999 -9999 -9999 -9999 -9999 -9999 -9999 -9999 -9999 -9999 -9999 -9999 -9999 -9999
1.95477E-3 1.38791E-3 1.2783E-3 1.18893E-3 1.90171E-3 1.804E-3 8.85334E-4 6.8292E-4 1.09718E-3 9.3872E-4 8.83336E-4 1.47532E-3 -9999 -9999 -9999 -9999 -9999 -9999 -9999 -9999 -9999 -9999 -9999 -9999 -9999 -9999 -9999 -9999 -9999 -9999 -9999 -9999 -9999 -9999 -9999 -9999 -9999 -9999 -9999 -9999 -9999 -9999 -9999 -9999 -9999 -9999 -9999 -9999 -9999 -9999 -9999 -9999 -9999 -9999 -9999 -9999 -9999 -9999 -9999
4.04082E-3 2.64785E-3 8.36947E-4 7.26465E-4 1.00573E-3 1.59954E-3 1.24128E-3 9.8247E-4 6.38005E-4 8.47836E-4 7.50224E-4 7.17209E-4 1.69314E-3 -9999 -9999 -9999 -9999 -9999 -9999 -9999 -9999 -9999 -9999 -9999 -9999 -9999 -9999 -9999 -9999 -9999 2.52972E-2 1.58248E-2 -9999 -9999 -9999 -9999 -9999 -9999 -9999 -9999 -9999 -9999 -9999 -9999 -9999 -9999 -9999 -9999 -9999 -9999 -9999 -9999 -9999 -9999 -9999 -9999 -9999 -9999 -9999
1.54853E-3 6.66761E-4 7.64766E-4 9.35087E-4 1.36251E-3 1.48166E-3 2.19111E-3 2.06007E-3 2.08966E-3 1.16755E-3 9.98796E-4 5.14722E-4 7.5627E-4 5.72274E-4 -9999 -9999 -9999 -9999 -9999 -9999 -9999 -9999 -9999 -9999 -9999 -9999 -9999 -9999 -9999 4.55363E-2 2.41062E-2 6.19624E-3 4.02975E-3 -9999 -9999 -9999 -9999 -9999 -9999 -9999 -9999 -9999 -9999 -9999 -9999 -9999 -9999 -9999 -9999 -9999 -9999 -9999 -9999 -9999 -9999 -9999 -9999 -9999 -9999
6.64494E-4 5.0182E-4 7.16898E-4 7.75532E-4 8.75724E-4 1.42317E-3 1.69328E-3 2.63677E-3 2.68722E-3 1.20623E-3 4.31336E-4 4.07926E-4 5.30753E-4 5.52523E-4 8.68908E-4 1.21906E-3 5.85194E-3 -9999 -9999 -9999 -9999 -9999 -9999 -9999 -9999 1.88876E-2 1.31395E-2 2.00437E-2 2.12162E-2 2.48733E-2 1.07888E-2 8.10057E-3 5.76565E-3 2.30619E-3 2.40081E-3 3.09113E-3 4.75349E-3 7.44707E-3 3.13205E-2 -9999 -9999 -9999 -9999 -9999 -9999 -9999 -9999 -9999 -9999 -9999 -9999 -9999 -9999 -9999 -9999 -9999 -9999 -9999 -9999
7.29698E-4 5.55379E-4 8.01918E-4 7.15327E-4 5.26512E-4 9.40604E-4 1.43923E-3 3.13426E-3 1.85371E-3 1.01952E-3 5.76177E-4 7.14967E-4 4.8199E-4 1.06027E-3 1.20085E-3 1.72276E-3 3.32211E-3 3.71693E-3 1.77898E-3 2.42067E-3 6.28676E-3 7.05983E-3 6.64609E-3 6.42277E-3 5.27709E-3 4.62079E-3 1.16735E-2 1.83528E-2 7.05349E-3 9.78434E-3 5.25928E-3 4.7642E-3 2.28932E-3 9.38169E-4 1.4273E-3 2.27637E-3 4.19404E-3 2.06606E-2 7.08317E-2 4.79295E-2 -9999 -9999 -9999 -9999 -9999 -9999 -9999 -9999 -9999 -9999 -9999 -9999 -9999 -9999 -9999 -9999 -9999 -9999 -9999
7.08618E-4 8.42109E-4 8.0246E-4 6.51522E-4 7.18207E-4 8.51223E-4 1.08412E-3 1.71086E-3 1.46913E-3 7.98725E-4 7.81666E-4 6.00866E-4 3.28316E-4 6.71093E-4 2.05684E-3 1.46112E-3 1.90084E-3 2.41334E-3 3.55621E-3 1.94208E-3 1.36359E-3 1.03352E-3 2.29382E-3 5.71497E-3 9.74535E-3 8.03499E-3 8.77394E-3 8.02864E-3 5.57725E-3 3.98927E-3 4.68228E-3 3.91969E-3 1.64278E-3 1.05794E-3 2.14957E-3 4.56589E-3 6.6929E-3 2.63247E-2 4.89588E-2 6.38617E-2 7.53198E-2 3.12604E-2 -9999 -9999 -9999 -9999 -9999 -9999 -9999 -9999 -9999 -9999 -9999 -9999 -9999 -9999 -9999 -9999 -9999
7.31141E-4 1.08713E-3 6.67674E-4 6.83003E-4 8.12605E-4 1.09733E-3 1.48973E-3 1.45376E-3 1.19368E-3 6.88301E-4 7.14902E-4 6.32504E-4 4.14153E-4 3.13489E-4 1.02522E-3 4.31079E-4 1.28746E-3 1.46895E-3 1.48271E-3 2.0489E-3 1.19437E-3 9.67271E-4 2.04999E-3 4.79251E-3 8.98936E-3 1.03106E-2 1.03162E-2 7.93545E-3 7.85287E-5 1.10482E-4 7.68781E-5 4.19625E-5 4.56E-5 1.70043E-3 3.06339E-3 3.77702E-3 6.53009E-3 2.44931E-2 2.81323E-2 5.67728E-2 3.36494E-2 4.20411E-2 1.77504E-4 1.58449E-4 -9999 -9999 -9999 -9999 -9999 -9999 -9999 -9999 -9999 -9999 -9999 -9999 -9999 -9999 -9999
8.86295E-4 1.05714E-3 6.82431E-4 7.22355E-4 8.99363E-4 1.3897E-3 1.48665E-3 1.16801E-3 9.7092E-4 6.436E-4 6.08902E-4 5.16715E-4 3.59844E-4 2.27125E-4 4.72999E-4 6.91173E-4 3.93904E-4 5.62594E-4 5.5078E-4 4.53893E-4 4.05643E-4 1.0083E-3 1.68342E-3 1.94048E-3 2.79568E-3 5.21791E-3 3.90739E-3 4.35355E-3 4.71504E-5 9.6015E-5 1.28278E-4 2.8105E-5 2.96562E-5 3.69242E-5 2.23139E-5 3.03355E-5 5.50135E-3 1.73992E-2 2.77311E-2 3.46773E-2 3.10499E-2 1.68772E-2 4.28309E-4 1.14735E-4 1.29412E-4 -9999 -9999 -9999 -9999 -9999 -9999 -9999 -9999 -9999 -9999 -9999 -9999 -9999 -9999
8.45562E-4 8.22922E-4 8.78873E-4 8.41197E-4 1.00377E-3 1.52868E-3 1.44184E-3 9.99283E-4 8.39577E-4 9.52796E-4 8.01373E-4 5.92799E-4 5.0138E-4 2.6595E-4 2.92974E-4 6.55173E-4 2.19318E-4 4.14607E-4 4.2583E-4 5.77823E-4 8.58602E-4 1.14868E-3 1.40879E-3 3.07255E-3 3.87551E-3 5.70937E-3 3.5322E-3 3.88577E-3 3.29237E-3 1.9007E-4 4.6748E-5 4.46019E-5 4.05786E-5 4.50399E-5 4.0163E-5 2.87125E-5 3.97272E-5 1.19558E-2 3.71789E-2 3.58659E-2 3.52849E-2 2.8319E-2 1.62266E-2 2.3193E-2 1.43122E-2 2.35622E-4 2.55178E-4 -9999 -9999 -9999 -9999 -9999 -9999 -9999 -9999 -9999 -9999 -9999 -9999
8.06756E-4 8.37115E-4 1.16658E-3 1.15119E-3 1.24696E-3 1.22678E-3 1.11281E-3 1.13442E-3 1.18205E-3 1.20745E-3 1.05343E-3 8.02991E-4 7.13548E-4 4.10071E-4 4.03538E-4 4.06494E-4 2.17161E-4 2.69801E-4 4.21193E-4 5.79077E-4 1.17605E-3 1.4226E-3 7.22542E-4 2.35392E-3 5.1867E-3 5.74847E-3 4.01333E-3 2.75937E-3 4.21707E-3 9.88697E-3 2.66258E-5 1.39008E-5 2.2994E-5 3.1023E-5 2.67088E-5 6.50598E-5 8.4725E-5 1.3166E-4 3.9177E-2 4.43809E-2 3.81631E-2 3.65669E-2 3.21934E-2 2.93556E-2 2.48731E-2 2.642E-2 2.95041E-2 7.93173E-4 1.04213E-3 -9999 -9999 -9999 -9999 -9999 -9999 -9999 -9999 -9999 -9999
8.41544E-4 8.96625E-4 1.29563E-3 1.9001E-3 1.73684E-3 1.71679E-3 1.37573E-3 1.33885E-3 1.0385E-3 9.49114E-4 8.85159E-4 8.31117E-4 1.1082E-3 6.12503E-4 5.48433E-4 4.74251E-4 3.56137E-4 3.7561E-4 4.40775E-4 5.54142E-4 8.33746E-4 1.07546E-3 1.66271E-3 1.69953E-3 3.89711E-3 6.47446E-3 4.24204E-3 8.46988E-3 2.10899E-2 8.44796E-3 1.5645E-3 2.52143E-5 8.82017E-5 6.30095E-5 7.71063E-5 3.86784E-4 2.80399E-4 2.27621E-4 1.63044E-4 2.09111E-2 2.17584E-2 2.05331E-2 2.0653E-2 2.60212E-2 1.3117E-2 2.60826E-2 1.11328E-2 2.87261E-2 4.61075E-4 4.09987E-4 -9999 -9999 -9999 -9999 -9999 -9999 -9999 -9999 -9999
1.11328E-3 1.27446E-3 2.14885E-3 2.64643E-3 3.54847E-3 3.92577E-3 1.98994E-3 1.00791E-3 7.98019E-4 4.34976E-4 4.18854E-4 6.04272E-4 8.33826E-4 7.29512E-4 1.10776E-3 5.82984E-4 5.80448E-4 6.91704E-4 5.42237E-4 5.67424E-4 5.68318E-4 1.29319E-3 1.99394E-3 1.78516E-3 2.37633E-3 3.70124E-3 1.32991E-2 1.76986E-2 2.30572E-2 5.29132E-3 6.04136E-3 7.60343E-5 1.30724E-4 5.61801E-5 1.81905E-4 3.10654E-4 1.04218E-4 8.28772E-5 6.53127E-5 8.21981E-5 1.15764E-4 1.00327E-4 6.01402E-3 4.10806E-3 1.66211E-2 9.33125E-3 1.41535E-2 1.23185E-2 2.35204E-4 2.10554E-4 1.70068E-4 1.48827E-4 -9999 -9999 -9999 -9999 -9999 -9999 -9999
1.85915E-3 2.63005E-3 3.42071E-3 3.20174E-3 4.36238E-3 2.30919E-3 1.7373E-3 1.16894E-3 1.20078E-3 4.99102E-4 4.92777E-4 8.80574E-4 1.20042E-3 8.62977E-4 8.70673E-4 1.53258E-3 1.94102E-3 2.0624E-3 2.9922E-3 1.42124E-3 1.37045E-3 1.59736E-3 2.63523E-3 3.05756E-3 2.09407E-3 2.81194E-3 4.73122E-3 2.25445E-3 5.33972E-3 3.54914E-3 4.85796E-3 6.56134E-5 7.70347E-5 8.84315E-5 6.85129E-5 5.5497E-5 2.67847E-5 2.92625E-5 5.11697E-5 5.2529E-5 6.07879E-5 4.86199E-5 4.53265E-5 2.92234E-5 3.23776E-5 8.50613E-3 1.50703E-2 7.34042E-3 1.14118E-4 1.47474E-4 1.68227E-4 2.34915E-4 3.72103E-4 2.01573E-4 -9999 -9999 -9999 -9999 -9999
1.83297E-3 1.34764E-3 2.27256E-3 4.43656E-3 4.20206E-3 2.10291E-3 3.97687E-3 4.72418E-3 2.87925E-3 9.7425E-4 9.46156E-4 1.12435E-3 1.00958E-3 1.15862E-3 2.09702E-3 3.26209E-3 3.58841E-3 4.1691E-3 4.08686E-3 5.33371E-3 2.2088E-3 2.93474E-3 6.05616E-3 2.27553E-3 2.29103E-3 2.46262E-3 4.98283E-3 3.00452E-3 4.3001E-3 2.65962E-3 1.92098E-3 1.85039E-3 6.63833E-5 1.18619E-4 1.19177E-4 4.78702E-5 1.98698E-5 2.40124E-5 2.8379E-5 3.04044E-5 2.56948E-5 2.45275E-5 2.7753E-5 2.87894E-5 4.22409E-5 6.63518E-5 1.41774E-4 1.80682E-4 1.15288E-4 1.3207E-4 1.67026E-4 2.38282E-4 3.67332E-4 2.46783E-4 1.93368E-4 -9999 -9999 -9999 -9999
2.71827E-3 2.06297E-3 3.31824E-3 6.83373E-3 4.05598E-3 2.2045E-3 2.44957E-3 3.67609E-3 2.57043E-3 1.59097E-3 1.29928E-3 1.37358E-3 1.29052E-3 3.14145E-3 4.648E-3 5.12123E-3 4.8072E-3 5.17169E-3 5.52128E-3 6.23409E-3 6.71067E-3 7.29647E-3 7.66602E-3 9.29558E-3 3.0381E-3 2.48914E-3 8.32541E-3 6.59472E-3 3.63447E-3 2.55186E-3 1.53286E-3 1.98258E-3 3.53028E-5 1.17792E-4 7.59859E-5 5.01596E-5 3.32957E-5 2.52186E-5 7.18537E-5 9.64081E-5 5.3558E-5 3.5412E-5 2.69824E-5 2.49645E-5 5.04679E-5 6.42253E-5 7.75826E-5 1.46071E-4 1.54646E-4 1.26176E-4 1.23251E-4 1.57781E-4 1.62818E-4 1.49548E-4 1.36902E-4 3.24296E-4 2.34355E-4 -9999 -9999
6.54734E-3 6.7786E-3 7.69038E-3 7.04501E-3 7.04994E-3 2.83945E-3 1.80958E-3 1.77678E-3 1.91913E-3 1.85057E-3 1.91569E-3 1.42005E-3 1.62245E-3 3.12012E-3 3.8577E-3 4.0155E-3 5.17677E-3 6.40376E-3 7.6882E-3 6.88926E-3 7.09583E-3 7.16455E-3 7.52162E-3 8.35091E-3 1.05172E-2 9.0446E-3 6.06026E-3 4.5787E-3 3.81428E-3 1.87018E-3 3.29291E-3 3.50659E-3 1.7844E-3 5.37116E-5 5.11784E-5 4.05674E-5 3.02365E-5 1.93398E-5 2.25684E-5 5.76866E-5 4.69264E-5 3.00076E-5 2.36949E-5 4.30964E-5 6.7651E-5 5.88328E-5 6.40399E-5 6.30793E-5 1.29527E-4 1.94506E-4 1.48395E-4 1.47036E-4 1.40457E-4 1.50244E-4 1.79357E-4 1.94456E-4 1.98495E-4 3.07443E-4 2.80032E-4
5.25608E-3 5.31259E-3 5.27269E-3 5.58514E-3 3.81888E-3 2.67464E-3 2.44274E-3 2.00228E-3 2.28029E-3 1.7112E-3 2.12923E-3 1.13224E-3 1.70889E-3 3.22947E-3 3.82432E-3 5.19856E-3 5.57967E-3 6.63601E-3 6.185E-3 5.04355E-3 9.0997E-3 8.20798E-3 1.05523E-2 9.36966E-3 1.02562E-2 1.16382E-2 7.40301E-3 3.89494E-3 1.38572E-2 4.23809E-3 2.90763E-3 2.06031E-3 2.24901E-3 2.53448E-3 5.08699E-5 4.34368E-5 3.8352E-5 3.56925E-5 2.05146E-5 2.18152E-5 2.24146E-5 1.66812E-5 2.38479E-5 1.07687E-4 9.4126E-5 2.94129E-5 2.2718E-5 2.49188E-5 5.3262E-5 2.6341E-4 2.24042E-4 1.87028E-4 2.05898E-4 1.73228E-4 1.88771E-4 1.94371E-4 1.44588E-4 3.76779E-4 2.63567E-4
3.72652E-3 5.04535E-3 3.25532E-3 3.44752E-3 2.53413E-3 1.51351E-3 8.5717E-4 7.13376E-4 6.48917E-4 1.27373E-3 1.39069E-3 1.15818E-3 1.43358E-3 2.33614E-3 3.57042E-3 5.05861E-3 6.53522E-3 7.3237E-3 5.99886E-3 4.13346E-3 7.03123E-3 1.15096E-2 1.1796E-2 1.35366E-2 1.27156E-2 1.23242E-2 1.09425E-2 3.95508E-3 1.72372E-2 6.91521E-3 5.66192E-3 2.96062E-3 1.81221E-3 3.07445E-3 5.55776E-3 7.05882E-5 8.04257E-5 5.66642E-5 4.2179E-5 1.84769E-5 2.456E-5 2.12799E-5 2.79867E-5 7.65477E-5 8.57124E-5 5.32283E-5 4.54148E-5 3.96092E-5 5.95744E-5 1.14917E-4 1.72334E-4 1.14189E-4 9.13191E-5 1.13706E-4 1.45258E-4 1.74554E-4 2.26233E-4 1.62821E-4 4.28962E-4
4.24687E-3 2.43447E-3 1.37799E-3 1.72613E-3 2.03632E-3 6.68656E-4 4.57818E-4 6.45687E-4 5.86267E-4 1.58357E-3 1.42192E-3 1.15896E-3 7.44792E-4 1.2471E-3 1.79789E-3 3.87709E-3 7.33301E-3 5.34656E-3 5.09502E-3 3.76219E-3 6.93834E-3 1.05337E-2 1.12815E-2 9.94115E-3 1.40563E-2 1.88523E-2 1.2597E-2 5.08883E-3 8.06175E-3 5.5338E-3 8.14636E-3 7.71966E-3 3.50843E-3 5.85767E-3 6.13736E-3 8.36365E-5 1.14817E-4 7.7309E-5 3.76001E-5 1.89933E-5 3.41096E-5 1.51099E-5 3.04157E-5 6.02031E-5 1.86853E-4 1.32542E-4 1.17376E-4 1.36367E-4 1.62173E-4 1.40691E-4 5.41797E-5 8.79628E-5 1.2708E-4 8.58759E-5 9.07174E-5 1.49694E-4 1.47722E-4 2.20706E-4 1.95352E-4
1.28808E-3 7.70454E-4 1.26984E-3 1.24777E-3 1.9983E-3 7.19758E-4 5.04745E-4 7.94634E-4 1.49416E-3 1.47394E-3 1.36828E-3 9.202E-4 9.12801E-4 1.04446E-3 1.55059E-3 3.8816E-3 1.17431E-2 6.18948E-3 2.93305E-3 4.32874E-3 8.13074E-3 9.33312E-3 1.16301E-2 1.00472E-2 1.24287E-2 1.46898E-2 8.58788E-3 4.51842E-3 4.27698E-3 3.7543E-3 9.5653E-3 1.01447E-2 7.4102E-3 8.08036E-3 9.21272E-3 9.55452E-3 2.08887E-4 7.76864E-5 4.61684E-5 1.65306E-5 2.2294E-5 1.93371E-5 3.12054E-5 7.38036E-5 2.33388E-4 2.41543E-4 1.72042E-4 9.45593E-5 1.37362E-4 1.75031E-4 1.13217E-4 9.63302E-5 1.23149E-4 1.35775E-4 9.44194E-5 1.07244E-4 1.18188E-4 1.71791E-4 2.05966E-4
7.82555E-4 8.07037E-4 1.49005E-3 3.26942E-3 5.15289E-3 1.27236E-3 7.00583E-4 1.69322E-3 2.50779E-3 2.05511E-3 1.27017E-3 1.25892E-3 2.42723E-3 4.1578E-3 1.77478E-3 2.75226E-3 9.26145E-3 4.51148E-3 2.0756E-3 4.25751E-3 5.54268E-3 9.31077E-3 1.29843E-2 1.17199E-2 9.80102E-3 8.44622E-3 5.66018E-3 3.52374E-3 4.36269E-3 1.26203E-2 1.37435E-2 1.14693E-2 8.46098E-3 6.92804E-3 7.18902E-3 1.76007E-2 2.65482E-2 1.17074E-2 4.35844E-5 1.95046E-5 1.40176E-5 1.90603E-5 5.17028E-5 9.87533E-5 2.5819E-4 3.52582E-4 1.34806E-4 6.76964E-5 6.0452E-5 9.22892E-5 8.45804E-5 8.53654E-5 1.06471E-4 2.02598E-4 2.32218E-4 1.17966E-4 1.08525E-4 1.37985E-4 1.75273E-4
