Phytophthora/models/20240529_1714_25/Phytophthora_PA3_allRun_MAXENT_outputs/projMaxent.asc
ncols         225
nrows         269
xllcorner     473009.9838
yllcorner     4429051.1748
cellsize      50.0
NODATA_value  -9999
[rows 182 to 207 of 269, columns 59 to 117 of 225]
3.25797E-1 3.64553E-1 2.73977E-1 3.85486E-1 3.89377E-1 2.47998E-1 3.41331E-1 3.91852E-1 4.44843E-1 6.55078E-1 5.5932E-1 4.27005E-1 4.78588E-1 3.66116E-1 3.74471E-1 3.54878E-1 5.08477E-1 7.56945E-1 7.88197E-1 7.29737E-1 5.40565E-1 3.95314E-1 3.10797E-1 3.70606E-1 2.78488E-1 3.74402E-1 4.91233E-1 4.16262E-1 5.88064E-1 8.00818E-1 8.33962E-1 5.67939E-1 6.61838E-1 6.15682E-1 3.50255E-1 2.80792E-1 7.90997E-1 8.09071E-1 8.65631E-1 5.86275E-1 8.25716E-1 8.08907E-1 6.84883E-1 3.72144E-1 4.38214E-1 4.78028E-1 6.61632E-1 6.41904E-1 7.49277E-1 6.67685E-1 8.49454E-1 9.05522E-1 8.98229E-1 7.76582E-1 8.34321E-1 8.35569E-1 8.1697E-1 6.16719E-1 7.66016E-1
3.78972E-1 4.68099E-1 3.44234E-1 2.52143E-1 3.86134E-1 2.95739E-1 4.99846E-1 4.7851E-1 5.64668E-1 5.68166E-1 5.24294E-1 4.20978E-1 3.4989E-1 3.37992E-1 3.1297E-1 3.1697E-1 4.903E-1 6.35675E-1 5.75944E-1 7.57894E-1 3.92597E-1 3.23754E-1 3.93679E-1 4.69906E-1 3.99556E-1 4.13363E-1 5.22168E-1 3.59259E-1 4.8202E-1 7.52987E-1 6.23337E-1 4.98089E-1 3.28013E-1 6.47009E-1 6.57178E-1 5.31482E-1 6.44906E-1 8.37057E-1 8.7284E-1 5.44879E-1 7.93673E-1 8.11239E-1 7.93177E-1 6.72837E-1 5.37552E-1 5.8481E-1 8.07548E-1 8.39881E-1 8.64511E-1 7.32296E-1 9.02839E-1 9.12386E-1 8.82387E-1 8.39251E-1 8.14144E-1 8.11216E-1 7.68925E-1 5.77932E-1 7.90155E-1
3.99262E-1 4.60156E-1 4.22321E-1 3.13116E-1 3.70522E-1 5.18673E-1 4.28991E-1 5.10251E-1 5.57676E-1 5.93755E-1 4.57703E-1 4.74401E-1 2.39871E-1 2.39351E-1 2.67961E-1 2.47643E-1 3.36126E-1 3.77317E-1 5.63011E-1 4.82722E-1 3.60722E-1 3.25822E-1 2.40841E-1 2.38832E-1 1.5497E-1 3.23467E-1 3.25751E-1 2.56851E-1 3.63613E-1 4.73394E-1 3.46674E-1 2.56492E-1 6.70045E-1 8.77966E-1 6.86444E-1 5.23278E-1 6.62028E-1 8.18298E-1 8.52646E-1 8.31502E-1 6.14577E-1 8.30892E-1 8.19635E-1 7.63684E-1 5.88173E-1 7.77049E-1 8.16359E-1 8.51134E-1 8.72636E-1 7.24988E-1 8.66383E-1 8.69033E-1 8.69513E-1 8.19615E-1 4.52615E-1 8.42547E-1 8.71604E-1 7.12914E-1 8.17623E-1
3.35414E-1 3.32424E-1 3.86434E-1 3.34232E-1 3.42736E-1 3.3001E-1 5.17994E-1 5.90243E-1 5.13402E-1 5.33462E-1 4.2618E-1 5.45323E-1 2.96694E-1 2.66015E-1 3.60214E-1 3.43089E-1 4.15728E-1 4.35718E-1 4.3063E-1 4.75037E-1 3.34485E-1 2.80652E-1 2.16776E-1 1.37536E-1 1.07467E-1 2.91621E-1 2.25304E-1 2.44429E-1 3.62593E-1 3.95441E-1 3.11536E-1 4.19476E-1 4.37842E-1 5.9001E-1 5.59494E-1 5.67779E-1 6.95783E-1 8.20062E-1 8.32544E-1 7.85283E-1 6.83378E-1 8.35572E-1 7.12864E-1 8.2502E-1 5.40285E-1 5.22907E-1 8.12904E-1 8.36498E-1 8.73096E-1 9.23394E-1 7.7926E-1 7.20345E-1 8.52998E-1 8.19451E-1 6.66982E-1 8.35981E-1 7.53447E-1 6.40335E-1 7.61495E-1
4.43824E-1 4.99598E-1 3.78293E-1 3.24162E-1 2.12149E-1 3.60136E-1 3.73818E-1 4.16244E-1 3.29792E-1 3.43532E-1 4.76906E-1 5.57128E-1 4.28866E-1 2.26211E-1 3.57991E-1 3.47481E-1 2.89063E-1 3.48092E-1 3.04231E-1 2.48737E-1 1.99067E-1 1.2465E-1 2.18182E-1 1.51549E-1 2.96476E-1 2.55061E-1 1.81848E-1 1.99355E-1 4.82369E-1 5.09842E-1 7.17481E-1 5.47986E-1 4.36343E-1 6.36471E-1 8.54882E-1 8.48804E-1 8.49957E-1 8.47755E-1 8.80208E-1 9.34591E-1 8.65718E-1 8.4243E-1 7.41215E-1 8.44553E-1 7.00367E-1 7.01346E-1 7.40933E-1 8.46761E-1 8.70812E-1 9.25785E-1 8.53863E-1 8.17533E-1 8.19073E-1 8.35586E-1 6.14134E-1 8.52179E-1 8.43035E-1 7.55711E-1 5.98801E-1
2.80766E-1 4.2528E-1 3.66556E-1 2.9658E-1 3.14331E-1 2.57913E-1 2.57995E-1 2.69067E-1 2.20108E-1 3.33129E-1 3.42021E-1 3.4218E-1 3.66593E-1 2.65614E-1 3.59684E-1 2.8124E-1 1.52036E-1 2.26351E-1 1.62631E-1 1.89282E-1 1.64789E-1 1.15721E-1 1.02805E-1 1.96444E-1 2.09843E-1 1.80024E-1 1.86604E-1 2.49406E-1 5.67489E-1 4.57884E-1 6.07929E-1 5.92263E-1 5.56026E-1 5.73077E-1 7.37523E-1 8.62403E-1 9.17495E-1 9.07443E-1 8.50693E-1 8.82098E-1 9.02606E-1 8.53208E-1 6.60363E-1 8.7661E-1 8.828E-1 6.80568E-1 8.5795E-1 9.38093E-1 8.89948E-1 9.04589E-1 8.75001E-1 8.14847E-1 7.18791E-1 7.75091E-1 7.07799E-1 8.71923E-1 9.35722E-1 8.08456E-1 6.52915E-1
2.87576E-1 2.3304E-1 1.5633E-1 2.10763E-1 2.64866E-1 2.48156E-1 2.37336E-1 2.28266E-1 1.43015E-1 2.33996E-1 3.5879E-1 1.76161E-1 3.07839E-1 3.15653E-1 3.49085E-1 3.47479E-1 1.74407E-1 1.63779E-1 2.04867E-1 2.68163E-1 9.09442E-2 1.9432E-1 1.94955E-1 2.22346E-1 2.22219E-1 2.31979E-1 2.73694E-1 4.85545E-1 5.16223E-1 4.22955E-1 5.6795E-1 4.76352E-1 5.7239E-1 7.74248E-1 8.3968E-1 8.23268E-1 8.15528E-1 6.89526E-1 7.0891E-1 9.23833E-1 8.80876E-1 6.16567E-1 5.83589E-1 8.56844E-1 8.97743E-1 8.60063E-1 7.7023E-1 8.895E-1 8.62424E-1 6.94152E-1 6.50568E-1 8.75047E-1 7.14025E-1 7.23801E-1 8.46243E-1 8.83616E-1 9.62648E-1 9.09751E-1 8.44937E-1
2.06024E-1 1.65571E-1 4.59051E-1 3.30124E-1 2.46965E-1 2.6096E-1 2.35844E-1 2.05833E-1 1.60334E-1 1.25429E-1 3.65078E-1 3.36218E-1 3.54794E-1 3.26083E-1 3.25804E-1 3.92402E-1 1.87734E-1 1.12522E-1 1.70714E-1 1.99067E-1 2.22037E-1 2.77217E-1 2.02802E-1 2.13833E-1 2.73217E-1 3.92531E-1 4.88896E-1 7.64762E-1 6.52552E-1 6.79245E-1 6.44561E-1 6.8491E-1 7.66633E-1 8.05965E-1 7.86141E-1 5.58255E-1 7.94333E-1 8.14976E-1 8.65077E-1 9.02943E-1 5.51903E-1 4.41527E-1 6.74109E-1 8.50814E-1 9.14893E-1 9.22536E-1 8.76176E-1 8.39758E-1 9.03098E-1 8.05017E-1 6.02405E-1 4.57002E-1 5.58223E-1 6.59926E-1 7.4896E-1 4.63731E-1 7.48105E-1 9.0146E-1 8.12243E-1
1.64026E-1 2.29097E-1 4.43673E-1 3.66289E-1 3.0327E-1 3.02827E-1 2.7168E-1 2.39552E-1 2.35551E-1 1.15741E-1 1.47613E-1 2.71248E-1 6.41475E-1 3.36959E-1 2.08175E-1 1.59142E-1 7.64698E-2 1.09642E-1 2.22522E-1 2.07205E-1 2.01224E-1 1.93251E-1 1.7558E-1 2.3985E-1 3.92691E-1 5.77927E-1 5.87657E-1 6.37816E-1 5.73539E-1 6.76268E-1 3.32221E-1 8.12747E-1 8.05271E-1 7.81023E-1 5.18902E-1 7.71251E-1 5.38307E-1 5.73091E-1 5.33051E-1 5.75409E-1 6.43016E-1 5.88097E-1 7.97553E-1 6.98102E-1 7.10017E-1 6.99187E-1 9.01367E-1 7.07556E-1 7.7112E-1 7.31663E-1 8.81271E-1 5.90912E-1 3.01475E-1 5.12717E-1 6.22925E-1 4.21499E-1 3.8349E-1 8.58691E-1 8.70555E-1
3.15458E-1 2.96388E-1 3.49191E-1 5.44159E-1 1.65243E-1 2.14264E-1 2.37434E-1 1.35471E-1 1.245E-1 2.3047E-1 1.73477E-1 1.18074E-1 6.84283E-1 1.74765E-1 1.01153E-1 1.04561E-1 1.8005E-1 1.7761E-1 1.9551E-1 2.06756E-1 1.49689E-1 1.97602E-1 1.39116E-1 1.67333E-1 2.31068E-1 2.89089E-1 2.85576E-1 2.19444E-1 5.85736E-1 7.7936E-1 5.77322E-1 6.49264E-1 8.06623E-1 7.7433E-1 7.52259E-1 8.0208E-1 5.8942E-1 5.63295E-1 5.24848E-1 5.03522E-1 5.58311E-1 6.2047E-1 7.85147E-1 8.36985E-1 7.52005E-1 7.84106E-1 8.66289E-1 8.62379E-1 6.50234E-1 7.54283E-1 8.72534E-1 7.86286E-1 6.31668E-1 3.90796E-1 5.32919E-1 4.48966E-1 2.22287E-1 7.93745E-1 8.8097E-1
5.4492E-1 3.93428E-1 3.73808E-1 3.19846E-1 2.15693E-1 1.0906E-1 1.54273E-1 4.05127E-1 3.68744E-1 2.46949E-1 1.60313E-1 1.94291E-1 3.97715E-1 2.38109E-1 1.14602E-1 1.1128E-1 1.15405E-1 1.59227E-1 2.2137E-1 2.79876E-1 2.16857E-1 2.37645E-1 2.00449E-1 2.82511E-1 4.94322E-1 3.57742E-1 2.462E-1 2.73349E-1 7.08284E-1 8.47816E-1 7.32654E-1 5.9093E-1 8.08846E-1 8.25359E-1 8.13168E-1 5.02512E-1 7.71264E-1 6.9718E-1 6.11622E-1 7.40255E-1 6.7832E-1 6.14376E-1 5.9663E-1 4.35939E-1 6.17759E-1 7.61011E-1 7.01505E-1 7.7769E-1 7.02296E-1 5.97846E-1 5.83131E-1 6.27056E-1 7.3006E-1 7.31338E-1 5.55659E-1 4.3263E-1 6.45248E-1 7.17361E-1 8.91911E-1
6.52813E-1 3.73179E-1 2.24329E-1 3.8355E-1 2.32161E-1 8.7139E-2 1.57429E-1 5.10302E-1 6.00076E-1 4.80991E-1 3.12424E-1 3.19023E-1 3.73328E-1 2.08121E-1 1.8597E-1 2.04258E-1 2.14481E-1 3.59959E-1 2.74728E-1 3.11843E-1 3.00277E-1 5.9485E-1 4.7602E-1 3.99772E-1 5.25254E-1 2.57216E-1 2.40368E-1 4.40354E-1 7.13432E-1 8.68438E-1 8.77532E-1 5.65579E-1 7.44329E-1 8.19005E-1 7.74444E-1 5.18501E-1 6.98789E-1 6.7777E-1 4.73542E-1 5.67802E-1 5.80699E-1 5.3428E-1 5.603E-1 6.22003E-1 7.45666E-1 8.11575E-1 7.2978E-1 5.96292E-1 5.97216E-1 6.83511E-1 4.86292E-1 5.95627E-1 5.83881E-1 5.99062E-1 7.3006E-1 7.13965E-1 8.2933E-1 5.87425E-1 8.83155E-1
5.15954E-1 4.37366E-1 3.25384E-1 6.62973E-1 1.8355E-1 1.08654E-1 1.85716E-1 4.23308E-1 5.50887E-1 6.44492E-1 5.3577E-1 3.20624E-1 3.11466E-1 2.42205E-1 2.10132E-1 2.49038E-1 2.6748E-1 3.71033E-1 2.98035E-1 3.02607E-1 6.8691E-1 7.5845E-1 7.57573E-1 5.45492E-1 5.03556E-1 3.11233E-1 2.997E-1 4.73172E-1 5.27777E-1 6.29269E-1 6.56873E-1 5.8616E-1 5.88911E-1 7.55793E-1 6.4897E-1 4.85289E-1 6.83345E-1 4.73705E-1 5.49672E-1 7.37407E-1 5.59843E-1 6.94358E-1 5.28383E-1 5.02605E-1 6.039E-1 2.54765E-1 3.75942E-1 6.54699E-1 6.52618E-1 7.13984E-1 5.83122E-1 7.38246E-1 7.75099E-1 6.40532E-1 7.49586E-1 8.24978E-1 7.32659E-1 8.00998E-1 8.35377E-1
4.16162E-1 2.91693E-1 4.57447E-1 3.74545E-1 1.18892E-1 1.59016E-1 2.37219E-1 4.73408E-1 8.31859E-1 8.38479E-1 7.55287E-1 3.1709E-1 1.39394E-1 1.83108E-1 2.35595E-1 2.49905E-1 2.13338E-1 3.01087E-1 4.10716E-1 5.17138E-1 6.82452E-1 7.70354E-1 6.19301E-1 3.21124E-1 5.02617E-1 5.91442E-1 4.85419E-1 5.03807E-1 7.7583E-1 4.98532E-1 6.77421E-1 6.95675E-1 5.61869E-1 4.28778E-1 6.75832E-1 7.48113E-1 6.77772E-1 5.58832E-1 7.47393E-1 7.82406E-1 8.03033E-1 7.51688E-1 6.22995E-1 7.37291E-1 5.75901E-1 4.29664E-1 5.47038E-1 6.83375E-1 6.83388E-1 6.86545E-1 6.80429E-1 6.94548E-1 8.53242E-1 9.44885E-1 7.02199E-1 8.18917E-1 6.7702E-1 6.13511E-1 4.90826E-1
5.22414E-1 1.99493E-1 4.46686E-1 2.7423E-1 1.09245E-1 3.02025E-1 4.95286E-1 8.2788E-1 8.50533E-1 8.11223E-1 7.92821E-1 5.93814E-1 2.23746E-1 1.81341E-1 1.6146E-1 1.51419E-1 2.86923E-1 5.15089E-1 5.71263E-1 5.58028E-1 4.38559E-1 3.98566E-1 2.78867E-1 2.56458E-1 3.73799E-1 5.08434E-1 4.9363E-1 4.92275E-1 6.05101E-1 6.9463E-1 7.79256E-1 7.39505E-1 6.45122E-1 5.22643E-1 7.10819E-1 7.12758E-1 6.56532E-1 4.11477E-1 6.16965E-1 7.6551E-1 7.71205E-1 4.28016E-1 5.15137E-1 5.834E-1 6.36383E-1 6.72015E-1 8.9728E-1 9.29378E-1 8.06337E-1 8.59388E-1 8.24913E-1 9.19394E-1 9.27818E-1 9.52165E-1 9.22748E-1 9.35897E-1 7.58746E-1 9.55274E-1 7.38693E-1
4.06029E-1 4.05561E-1 2.5135E-1 2.2653E-1 2.70677E-1 2.44218E-1 5.59105E-1 8.82912E-1 8.04059E-1 7.93497E-1 4.29175E-1 2.33968E-1 2.18603E-1 1.67159E-1 2.0903E-1 2.58402E-1 4.66186E-1 4.06851E-1 4.64036E-1 2.86415E-1 2.5804E-1 1.97933E-1 2.37522E-1 1.95751E-1 1.8806E-1 3.29092E-1 1.20427E-1 3.51006E-1 6.69752E-1 6.63365E-1 5.80411E-1 4.50441E-1 4.10967E-1 4.81732E-1 6.83577E-1 6.89996E-1 4.12836E-1 5.40702E-1 6.75614E-1 6.82222E-1 7.27302E-1 7.57934E-1 5.4951E-1 3.77936E-1 5.07835E-1 6.89041E-1 8.26004E-1 8.60548E-1 7.33381E-1 9.40741E-1 9.35158E-1 9.79953E-1 9.80462E-1 9.62628E-1 8.41083E-1 9.34497E-1 8.222E-1 8.10049E-1 5.17107E-1
5.71751E-1 3.28085E-1 1.94864E-1 1.86718E-1 4.49834E-1 8.91399E-1 4.43479E-1 6.47724E-1 5.05541E-1 3.03326E-1 3.12413E-1 2.00346E-1 1.99668E-1 3.22729E-1 3.44517E-1 5.04202E-1 5.65517E-1 4.63221E-1 5.24415E-1 5.49204E-1 5.74112E-1 3.04604E-1 1.8042E-1 1.81644E-1 2.03832E-1 2.1826E-1 1.17172E-1 5.18284E-1 6.83986E-1 4.71049E-1 4.05078E-1 6.01673E-1 6.96508E-1 6.62942E-1 5.30585E-1 6.03997E-1 5.01146E-1 4.59675E-1 6.76268E-1 4.3233E-1 4.50583E-1 7.84076E-1 7.41051E-1 5.32564E-1 6.76362E-1 6.117E-1 7.15821E-1 6.82767E-1 7.36578E-1 9.25836E-1 9.60153E-1 8.62957E-1 9.45214E-1 8.77837E-1 9.28346E-1 9.24431E-1 6.32851E-1 6.48735E-1 7.00065E-1
3.55017E-1 2.63111E-1 1.6934E-1 1.96942E-1 4.94393E-1 5.114E-1 3.2686E-1 2.73175E-1 3.04133E-1 3.50434E-1 4.26644E-1 4.41673E-1 4.18742E-1 5.09357E-1 6.99718E-1 8.75318E-1 8.09857E-1 3.94531E-1 5.65013E-1 6.62301E-1 6.70534E-1 4.65222E-1 2.14571E-1 1.61939E-1 1.97505E-1 1.099E-1 1.98991E-1 5.9242E-1 4.06499E-1 5.07087E-1 4.0242E-1 4.18245E-1 6.6687E-1 4.15803E-1 4.56001E-1 3.57798E-1 3.95443E-1 3.57832E-1 5.24349E-1 5.9644E-1 4.53611E-1 4.93949E-1 7.04553E-1 6.51653E-1 5.74102E-1 6.24248E-1 6.66305E-1 8.26402E-1 9.29386E-1 9.37781E-1 9.381E-1 8.2674E-1 7.70802E-1 4.0981E-1 6.52736E-1 9.07733E-1 6.45972E-1 7.14501E-1 7.8912E-1
3.37195E-1 2.86913E-1 2.61897E-1 3.85517E-1 2.61273E-1 3.40931E-1 3.82802E-1 3.12854E-1 2.71689E-1 2.91275E-1 3.41131E-1 5.93482E-1 5.6116E-1 3.64538E-1 4.28248E-1 5.27707E-1 5.26837E-1 4.1046E-1 6.4936E-1 6.99651E-1 7.3023E-1 3.27797E-1 3.65517E-1 1.65992E-1 1.40325E-1 3.43083E-1 6.78637E-1 4.14556E-1 6.50326E-1 7.25507E-1 4.35643E-1 7.14528E-1 7.17492E-1 5.92961E-1 5.35283E-1 4.57865E-1 6.45E-1 4.00489E-1 4.37875E-1 7.07272E-1 5.51312E-1 5.77106E-1 5.37561E-1 6.79264E-1 5.15632E-1 4.55592E-1 5.90037E-1 8.01751E-1 9.31145E-1 9.27779E-1 8.51644E-1 7.2831E-1 8.39176E-1 5.84626E-1 5.34862E-1 6.13846E-1 7.27067E-1 8.01537E-1 8.7609E-1
1.24167E-1 1.80496E-1 4.3697E-1 4.30242E-1 3.38686E-1 2.00592E-1 2.39668E-1 3.57282E-1 3.15338E-1 3.59245E-1 3.93178E-1 4.65802E-1 4.22207E-1 3.87598E-1 3.65765E-1 6.3494E-1 7.49719E-1 6.30219E-1 7.36911E-1 7.07946E-1 7.91581E-1 5.74356E-1 3.66336E-1 1.99617E-1 2.1559E-1 7.06171E-1 6.96372E-1 5.77186E-1 7.00711E-1 7.64592E-1 6.18204E-1 4.36925E-1 5.73733E-1 4.29895E-1 4.82387E-1 5.68931E-1 3.37667E-1 6.04771E-1 3.98336E-1 7.21938E-1 7.3721E-1 4.65867E-1 5.49743E-1 4.47744E-1 4.21219E-1 4.61485E-1 8.65802E-1 9.37437E-1 9.12702E-1 9.25671E-1 7.22913E-1 8.14992E-1 8.95701E-1 8.11952E-1 5.94771E-1 6.89531E-1 8.26973E-1 8.61043E-1 8.71467E-1
3.2581E-1 4.21087E-1 5.24085E-1 3.83321E-1 4.58734E-1 5.08324E-1 4.39816E-1 3.17286E-1 2.31832E-1 2.94973E-1 2.96933E-1 3.16727E-1 3.5457E-1 3.48749E-1 3.28391E-1 6.87182E-1 7.41727E-1 5.82515E-1 6.96251E-1 6.89345E-1 6.67118E-1 6.0215E-1 4.24056E-1 2.12443E-1 3.66922E-1 6.8047E-1 7.07695E-1 5.6063E-1 6.81365E-1 7.32265E-1 7.65405E-1 7.08449E-1 3.43993E-1 4.82768E-1 3.93197E-1 2.97488E-1 5.67014E-1 5.07189E-1 4.77949E-1 7.2844E-1 6.91445E-1 5.55329E-1 5.8473E-1 4.38385E-1 5.88629E-1 4.46459E-1 8.86356E-1 9.35629E-1 9.08627E-1 7.90346E-1 7.84914E-1 7.46055E-1 8.64391E-1 7.58562E-1 7.11458E-1 7.36411E-1 7.55662E-1 7.46474E-1 7.50519E-1
3.82236E-1 3.18391E-1 2.28152E-1 2.52495E-1 3.61759E-1 4.15742E-1 2.29472E-1 3.21212E-1 2.97115E-1 3.16361E-1 3.00627E-1 2.20695E-1 3.14103E-1 3.42905E-1 3.08594E-1 4.53147E-1 5.39564E-1 5.87562E-1 6.67099E-1 5.87634E-1 2.29317E-1 5.54588E-1 4.55213E-1 2.08967E-1 4.41695E-1 5.46051E-1 7.03317E-1 5.60967E-1 7.53592E-1 7.60383E-1 8.17363E-1 7.95899E-1 3.91404E-1 4.12924E-1 4.24033E-1 3.40952E-1 5.18954E-1 6.8054E-1 4.80887E-1 5.82815E-1 7.05978E-1 7.49644E-1 6.83572E-1 6.16505E-1 7.63104E-1 4.4166E-1 8.91194E-1 9.26001E-1 9.22555E-1 8.32533E-1 8.90886E-1 8.19117E-1 9.13314E-1 9.37326E-1 8.92051E-1 7.86574E-1 6.50371E-1 6.18796E-1 5.88449E-1
5.89505E-1 6.96069E-1 4.9898E-1 2.66961E-1 2.42477E-1 3.97008E-1 4.68453E-1 6.93614E-1 5.17127E-1 4.80888E-1 5.34082E-1 3.11491E-1 2.63512E-1 3.52312E-1 4.51586E-1 4.12525E-1 4.30203E-1 5.98854E-1 7.78822E-1 7.53424E-1 1.95268E-1 4.873E-1 2.90286E-1 1.96249E-1 4.4651E-1 5.57528E-1 4.77881E-1 7.44344E-1 6.0261E-1 7.73224E-1 8.452E-1 8.574E-1 6.05723E-1 4.63052E-1 4.79052E-1 4.54336E-1 4.36525E-1 6.62684E-1 6.47272E-1 6.79385E-1 7.38353E-1 8.08288E-1 8.44921E-1 7.2966E-1 8.05956E-1 8.21459E-1 8.89487E-1 9.18181E-1 8.96708E-1 8.37686E-1 9.65395E-1 9.02222E-1 7.72886E-1 9.70958E-1 8.48301E-1 8.62477E-1 7.17362E-1 7.4865E-1 7.57126E-1
8.50487E-1 5.30581E-1 6.93211E-1 3.2926E-1 4.50171E-1 5.35763E-1 6.06279E-1 7.85526E-1 7.62891E-1 6.81175E-1 7.174E-1 5.6748E-1 4.38661E-1 4.14259E-1 5.67578E-1 6.044E-1 5.15023E-1 5.99719E-1 7.23561E-1 7.11969E-1 2.29191E-1 2.67644E-1 1.18563E-1 1.27375E-1 4.22166E-1 7.64288E-1 5.47704E-1 6.38198E-1 6.9073E-1 9.30336E-1 9.01182E-1 9.00354E-1 8.30572E-1 8.54013E-1 7.27077E-1 7.86568E-1 7.51737E-1 7.94179E-1 7.48695E-1 7.04322E-1 6.6787E-1 7.93634E-1 7.95869E-1 8.56378E-1 8.7677E-1 7.58896E-1 5.59873E-1 6.64285E-1 9.30023E-1 8.53776E-1 9.25912E-1 9.64842E-1 8.54648E-1 9.76657E-1 8.82698E-1 9.2517E-1 8.2619E-1 8.36272E-1 8.63437E-1
6.69625E-1 3.36815E-1 7.07911E-1 5.30967E-1 5.61319E-1 7.68649E-1 8.35242E-1 7.98088E-1 7.48067E-1 7.37251E-1 7.30447E-1 7.37528E-1 7.39546E-1 5.49686E-1 5.45104E-1 7.22809E-1 8.4472E-1 5.71081E-1 4.79866E-1 5.23477E-1 1.99182E-1 2.84902E-1 1.60446E-1 1.94721E-1 3.72495E-1 8.46536E-1 8.07849E-1 6.96858E-1 6.09302E-1 7.62409E-1 9.434E-1 9.04659E-1 6.73512E-1 6.42959E-1 7.1969E-1 5.07944E-1 6.11237E-1 6.73131E-1 8.1329E-1 7.94484E-1 7.96153E-1 7.36824E-1 7.62941E-1 7.42406E-1 8.01128E-1 8.77595E-1 8.74464E-1 7.06661E-1 8.84596E-1 8.47326E-1 6.84703E-1 8.44348E-1 8.23321E-1 9.50267E-1 9.5386E-1 9.4085E-1 6.83522E-1 4.44145E-1 5.7447E-1
5.23028E-1 6.81447E-1 5.37866E-1 8.94246E-1 8.05492E-1 8.73659E-1 8.72979E-1 7.8595E-1 6.9279E-1 6.11834E-1 5.51454E-1 6.09971E-1 8.08261E-1 5.57796E-1 6.11286E-1 7.17033E-1 8.23232E-1 6.65362E-1 4.12299E-1 3.77833E-1 2.48319E-1 2.6751E-1 3.04796E-1 2.89499E-1 3.47503E-1 4.97862E-1 8.73187E-1 8.64172E-1 7.56314E-1 7.58738E-1 8.12088E-1 9.15328E-1 8.48231E-1 7.12884E-1 7.06411E-1 8.18964E-1 8.29998E-1 8.84423E-1 8.55145E-1 8.70686E-1 8.79615E-1 8.76509E-1 7.19438E-1 6.63952E-1 7.0245E-1 4.76913E-1 6.59572E-1 7.51449E-1 6.16748E-1 6.98851E-1 6.4689E-1 5.76969E-1 9.58975E-1 9.36607E-1 9.37446E-1 9.18851E-1 7.93953E-1 9.00885E-1 7.84782E-1
