Phytophthora/models/20240529_1714_25/Phytophthora_PA3_allRun_MAXENT_outputs/projMaxent.asc
ncols         225
nrows         269
xllcorner     473009.9838
yllcorner     4429051.1748
cellsize      50.0
NODATA_value  -9999
[rows 78 to 103 of 269, columns 118 to 176 of 225]
6.60025E-4 6.31941E-4 1.96569E-3 1.24635E-3 9.76622E-4 4.89209E-4 9.06383E-2 7.87521E-2 7.87138E-2 7.50107E-2 8.72502E-2 9.61803E-2 9.41691E-4 5.8124E-4 2.31087E-4 5.35158E-4 2.8331E-4 2.91128E-4 5.46703E-4 1.21512E-3 2.73573E-3 2.83355E-3 1.40732E-3 1.74169E-3 3.33215E-3 4.09536E-3 2.33208E-3 1.20887E-3 1.45571E-3 2.37167E-3 6.30742E-3 2.71032E-3 1.32852E-3 1.73464E-3 3.24884E-3 3.70253E-3 6.73733E-3 5.42978E-3 5.62718E-3 5.91158E-3 2.9963E-3 2.14042E-3 2.13331E-3 2.14827E-1 1.43696E-1 3.70335E-2 1.08971E-1 7.39099E-2 4.95904E-2 5.20453E-2 1.69367E-1 3.05385E-1 2.00171E-1 2.16253E-3 1.33794E-3 2.17027E-3 2.6176E-3 1.85061E-3 7.10584E-4
1.00977E-3 1.52969E-3 2.4198E-3 8.40089E-4 6.05089E-4 2.47387E-2 8.97581E-2 8.90323E-2 9.9703E-2 1.08337E-1 6.86578E-2 9.04371E-2 1.35081E-3 1.62882E-3 3.46168E-4 4.8453E-4 3.33151E-4 4.58502E-4 3.27162E-4 7.89637E-4 2.16445E-3 2.32553E-3 2.76316E-3 1.67299E-3 2.59464E-3 3.66256E-3 1.87254E-3 1.21258E-3 1.25091E-3 2.58511E-3 5.03128E-3 7.13595E-3 1.69614E-3 1.10206E-3 1.14877E-3 1.19506E-3 5.74417E-3 6.38011E-3 6.9347E-3 6.83839E-3 3.0161E-3 1.3845E-3 1.99231E-3 7.72424E-2 1.62147E-1 5.68301E-2 7.16289E-2 3.24069E-2 5.52395E-2 5.57451E-2 6.3913E-2 6.37867E-2 1.0444E-1 1.51269E-3 2.77465E-3 4.16998E-3 9.31325E-4 1.36691E-3 1.29897E-3
1.29471E-3 1.01835E-3 1.40337E-3 1.93862E-3 6.50749E-4 3.54699E-2 1.06744E-1 1.08166E-1 1.07692E-1 1.09061E-1 8.12774E-2 7.96021E-2 1.24124E-3 1.52379E-3 6.02155E-4 5.32846E-4 8.65949E-4 6.70619E-4 3.64785E-4 6.97025E-4 1.67296E-3 1.34298E-3 1.52728E-3 2.21085E-3 2.75127E-3 2.10916E-3 1.57181E-3 8.70327E-4 1.25604E-3 2.13081E-3 3.9739E-3 7.1153E-3 2.27314E-3 1.03198E-3 9.19754E-4 9.06253E-4 2.54022E-3 3.83466E-3 3.97227E-3 3.16239E-3 4.63824E-3 6.58183E-3 1.20774E-1 9.3538E-2 5.17394E-2 3.63353E-2 2.24791E-2 2.60457E-2 4.25074E-2 8.44698E-2 6.29325E-2 3.88954E-2 6.4606E-2 3.64291E-3 2.96965E-3 3.52607E-3 2.62721E-3 5.10005E-3 1.12171E-3
1.47367E-3 1.47307E-3 7.55045E-4 1.03471E-3 2.36062E-2 3.4763E-2 1.08337E-1 1.14195E-1 1.08176E-1 1.04065E-1 8.96309E-2 8.55527E-2 1.6186E-3 1.93734E-3 6.12649E-4 4.97661E-4 7.72098E-4 1.05415E-3 7.27515E-4 2.05298E-3 1.52941E-3 2.33319E-3 2.78966E-3 2.37197E-3 7.80459E-4 1.1135E-3 1.01547E-3 1.38249E-3 1.54628E-3 1.71613E-3 3.28961E-3 6.62887E-3 1.74722E-3 1.1633E-3 1.76332E-3 8.48216E-4 2.33399E-3 3.9524E-3 5.58701E-3 5.43993E-3 4.14074E-3 3.47212E-3 3.15281E-3 2.43337E-1 7.73376E-2 8.6178E-2 3.58727E-2 2.40167E-2 3.07423E-2 7.8026E-2 9.96943E-2 4.78048E-2 2.00571E-1 4.77702E-3 3.08807E-3 2.75805E-3 2.39016E-3 2.98723E-3 6.98695E-4
1.59886E-3 1.87122E-3 7.21499E-4 4.15213E-4 4.06542E-2 9.43459E-2 1.11747E-1 1.1445E-1 9.81918E-2 5.53679E-2 6.82776E-2 1.01435E-1 1.08196E-1 2.07285E-3 5.06873E-4 4.95591E-4 5.59243E-4 9.45982E-4 1.17334E-3 2.23396E-3 2.60968E-3 4.74444E-3 4.06892E-3 1.40966E-3 7.06182E-4 5.99259E-4 9.0609E-4 1.0642E-3 1.19463E-3 1.7097E-3 1.77351E-3 3.43965E-3 1.3514E-3 9.8655E-4 2.1331E-3 3.08475E-3 3.40796E-3 4.10696E-3 5.98448E-3 6.20916E-3 5.74048E-3 6.39144E-3 6.44477E-3 5.25536E-3 3.01131E-1 2.00041E-1 6.63082E-2 3.61387E-2 4.40645E-2 3.88833E-2 6.75916E-2 8.83362E-2 2.37356E-3 3.56594E-3 3.62882E-3 2.3846E-3 1.7604E-3 1.38337E-3 2.12055E-3
7.80978E-4 1.07638E-3 2.56228E-4 2.29269E-4 2.74974E-2 3.70284E-2 1.21232E-1 1.13636E-1 4.74611E-2 5.60237E-2 5.32825E-2 9.77831E-2 1.8277E-3 2.22844E-3 5.59106E-4 4.30662E-4 5.49093E-4 7.93872E-4 1.02936E-3 1.10284E-3 1.15211E-3 2.11168E-3 1.32624E-3 1.04624E-3 1.1195E-3 5.54799E-4 1.14669E-3 1.04382E-3 1.73643E-3 1.85142E-3 5.03619E-3 4.51751E-3 2.14633E-3 2.02508E-3 1.64632E-3 1.227E-3 1.21396E-3 4.09818E-3 5.0192E-3 5.34287E-3 5.97439E-3 5.1698E-3 5.37376E-3 5.73137E-3 2.55482E-3 2.99967E-1 1.8939E-1 1.17968E-1 4.15204E-2 3.82553E-2 8.84787E-2 3.51452E-3 1.59533E-3 1.6369E-3 3.55289E-3 2.72762E-3 2.19163E-3 2.72485E-3 1.79042E-3
6.58267E-2 1.37619E-3 6.09383E-4 2.06997E-2 2.45109E-2 4.20188E-2 1.20119E-1 1.17727E-1 8.87744E-2 1.02247E-1 1.25715E-1 1.14714E-1 1.94092E-3 2.27655E-3 6.44171E-4 4.23695E-4 5.75338E-4 7.90196E-4 1.6234E-3 1.20891E-3 1.41616E-3 1.57379E-3 1.10556E-3 1.05571E-3 1.38197E-3 5.3465E-4 8.88251E-4 1.39776E-3 3.1931E-3 4.27195E-3 3.30658E-3 6.27846E-3 7.57049E-3 4.47021E-3 1.27764E-3 1.32455E-3 1.33146E-3 2.74311E-3 2.61249E-3 3.70945E-3 5.83399E-3 4.33179E-3 3.01991E-3 3.54217E-3 5.57449E-3 4.28566E-3 2.10967E-3 9.16508E-2 7.42475E-2 4.36996E-2 6.37379E-2 2.60083E-3 1.43434E-3 1.13629E-3 1.48106E-3 1.35147E-3 8.74763E-4 1.13361E-3 1.0437E-3
1.57404E-1 1.71592E-3 5.22841E-4 1.20966E-2 3.17393E-2 3.89225E-2 9.81283E-2 1.27598E-1 1.30181E-1 2.45184E-3 2.81022E-3 2.43936E-3 2.23238E-3 2.32796E-3 5.73013E-4 5.14129E-4 8.25738E-4 1.49121E-3 3.21911E-3 1.39613E-3 1.71745E-3 1.31017E-3 1.39089E-3 1.03245E-3 1.05962E-3 5.72328E-4 1.0007E-3 1.537E-3 2.19465E-3 4.62842E-3 6.2511E-3 5.548E-3 4.64968E-3 3.49192E-3 9.13583E-4 2.14706E-3 3.48384E-3 2.58072E-3 2.37271E-3 2.94705E-3 4.96805E-3 5.62816E-3 4.0071E-3 2.23923E-3 6.68206E-3 5.57836E-3 1.655E-1 1.57656E-1 8.84312E-2 7.62009E-2 4.98138E-2 7.09194E-4 1.14386E-3 1.17188E-3 1.16014E-3 2.04894E-3 9.30044E-4 8.48186E-4 1.48972E-3
1.49156E-1 1.44852E-1 4.37077E-4 2.5371E-2 3.64198E-2 7.29889E-2 1.61321E-1 7.74622E-2 1.31116E-1 2.27177E-3 2.99299E-3 9.16591E-4 9.68398E-4 6.822E-4 5.19129E-4 9.28729E-4 1.94208E-3 2.60136E-3 2.25701E-3 6.35337E-4 1.02274E-3 1.4415E-3 1.60837E-3 1.37514E-3 1.26513E-3 9.80726E-4 2.50385E-3 4.67366E-3 5.05312E-3 5.31937E-3 5.43247E-3 6.16924E-3 5.85563E-3 3.22786E-3 3.46637E-3 4.63024E-3 5.43852E-3 5.24527E-3 5.44465E-3 4.56755E-3 5.6311E-3 5.45453E-3 4.72587E-3 1.19537E-1 1.66134E-1 4.8209E-3 1.15834E-1 2.75095E-1 1.07309E-1 7.25237E-2 7.46102E-2 7.43806E-4 4.62709E-4 6.57516E-4 1.51866E-3 1.87972E-3 1.39976E-3 9.76129E-4 7.40164E-4
1.60598E-1 1.42704E-1 2.78713E-2 2.88046E-2 3.30663E-2 5.98734E-2 8.79296E-2 8.94698E-2 2.49626E-3 1.79378E-3 1.35997E-3 3.40114E-4 4.13485E-4 5.14068E-4 5.27839E-4 1.10781E-3 1.91616E-3 1.42814E-3 1.09966E-3 5.88997E-4 1.05986E-3 1.69686E-3 2.02025E-3 2.42762E-3 2.18637E-3 4.00364E-3 2.49055E-3 3.89884E-3 4.24941E-3 4.78451E-3 4.99552E-3 6.29731E-3 4.58676E-3 4.6371E-3 5.84063E-3 6.37402E-3 5.81855E-3 5.23819E-3 1.94707E-3 3.85612E-3 6.34898E-3 5.98271E-3 5.01427E-3 1.81656E-1 8.57803E-2 1.27162E-1 1.64282E-1 1.59459E-1 9.28678E-2 6.39085E-2 6.95601E-2 9.56179E-4 5.55099E-4 4.60592E-4 1.02675E-3 8.83573E-4 9.26896E-4 6.7164E-4 6.41186E-4
1.55807E-1 9.62257E-2 4.79245E-2 4.46575E-2 6.21319E-2 8.42208E-2 1.36834E-1 1.3282E-1 1.11272E-3 6.18517E-4 3.79724E-4 4.43836E-4 3.50998E-4 3.54928E-4 5.87016E-4 9.14581E-4 1.62133E-3 1.28166E-3 6.24717E-4 7.23019E-4 1.28108E-3 2.68377E-3 3.22714E-3 3.30115E-3 1.85446E-3 4.6255E-3 3.9068E-3 4.33969E-3 4.28589E-3 6.87688E-3 6.50229E-3 7.9729E-3 6.85271E-3 7.46004E-3 8.74082E-3 8.69147E-3 4.71866E-3 1.8403E-3 1.40664E-3 2.55611E-3 4.52959E-3 6.96326E-3 3.60425E-3 1.20573E-1 1.20439E-1 1.20141E-1 1.14919E-1 9.50839E-2 9.69014E-2 6.5613E-2 5.73528E-2 6.40747E-2 9.45852E-4 1.15729E-3 6.07119E-4 2.67915E-4 2.65549E-4 2.92014E-4 4.52403E-4
1.49455E-1 8.20202E-2 8.39204E-2 6.87313E-2 7.48676E-2 1.29053E-1 1.2613E-1 1.20595E-1 1.10866E-3 5.28966E-4 4.49585E-4 2.52825E-4 2.31031E-4 2.86176E-4 4.01878E-4 9.68452E-4 1.32104E-3 1.34175E-3 7.13225E-4 1.19562E-3 3.30031E-3 3.52515E-3 2.96532E-3 3.14361E-3 2.24519E-3 4.93427E-3 4.92349E-3 4.72408E-3 5.94135E-3 8.90107E-3 4.45468E-3 7.96212E-3 7.96596E-3 6.70046E-3 6.20365E-3 7.69171E-3 4.13543E-3 1.63112E-3 1.44619E-3 3.30785E-3 7.53234E-3 7.92621E-3 4.18528E-3 2.79629E-3 2.09328E-1 9.18531E-2 1.70206E-1 9.99719E-2 7.24434E-2 6.48342E-2 5.44615E-2 4.80585E-2 4.63886E-2 1.16418E-3 9.60124E-4 4.64271E-4 4.40786E-4 5.13441E-4 3.50003E-4
9.84421E-2 1.11977E-1 1.16093E-1 9.83104E-2 1.03978E-1 1.62378E-1 1.2678E-1 1.21373E-1 1.21698E-3 6.89283E-4 5.2695E-4 3.11202E-4 3.42958E-4 5.64939E-4 8.09509E-4 1.21017E-3 1.33928E-3 1.23608E-3 1.00848E-3 1.45154E-3 3.78078E-3 3.68975E-3 3.47889E-3 1.54988E-3 1.27111E-3 4.43466E-3 5.25277E-3 6.03116E-3 7.07931E-3 8.40989E-3 4.57186E-3 6.77728E-3 5.67051E-3 6.28548E-3 5.91369E-3 2.79817E-3 2.82046E-3 9.82256E-4 1.48551E-3 2.59081E-3 9.75789E-3 6.78443E-3 7.40117E-3 5.32695E-3 2.95874E-3 8.14759E-2 2.05134E-1 2.23992E-1 7.75772E-2 7.09514E-2 7.55779E-2 6.0464E-2 3.79358E-2 5.47205E-2 1.30779E-3 9.46682E-4 8.03615E-4 6.64512E-4 4.87607E-4
8.19472E-2 1.30138E-1 1.82785E-1 1.26185E-1 1.18442E-1 1.75322E-1 1.60072E-1 1.21446E-1 1.92572E-3 8.77512E-4 4.46447E-4 3.51003E-4 6.00512E-4 9.77613E-4 1.20621E-3 1.56624E-3 1.15145E-3 1.18361E-3 1.67285E-3 2.80638E-3 4.04858E-3 3.96455E-3 2.69747E-3 2.94291E-3 2.38736E-3 5.56052E-3 6.85036E-3 7.72781E-3 8.07155E-3 1.01464E-2 8.888E-3 9.88818E-3 5.73904E-3 3.47287E-3 5.29292E-3 4.40338E-3 1.50397E-3 1.21788E-3 1.59308E-3 2.93892E-3 6.72451E-3 6.69659E-3 7.45561E-3 4.54466E-3 3.59159E-3 1.15583E-1 6.80579E-2 8.00268E-2 7.11485E-2 5.32E-2 4.35455E-2 4.29256E-2 4.1213E-2 4.77277E-2 7.22228E-2 8.98077E-4 6.91079E-4 5.49546E-4 4.32665E-4
5.82809E-2 1.21917E-1 1.79327E-1 1.40736E-1 1.19605E-1 1.81019E-1 1.74237E-1 1.26866E-1 1.07058E-1 9.00151E-4 4.2696E-4 5.08653E-4 1.02605E-3 2.27618E-3 1.994E-3 1.62051E-3 1.30793E-3 1.40875E-3 3.54708E-3 3.80207E-3 3.96172E-3 3.8465E-3 3.26163E-3 2.85438E-3 4.12836E-3 3.77967E-3 6.28386E-3 8.97973E-3 9.87077E-3 1.17874E-2 1.34611E-2 6.89861E-3 1.00369E-2 8.5921E-3 7.208E-3 5.61663E-3 2.0577E-3 1.85289E-3 1.67406E-3 2.9106E-3 6.1117E-3 3.85361E-3 7.67988E-3 5.77949E-3 5.76405E-3 1.39761E-1 1.23573E-1 6.88412E-2 6.33267E-2 8.28145E-2 6.63557E-2 7.20832E-2 4.51767E-2 3.58688E-2 3.94791E-2 1.00019E-3 9.4255E-4 4.4755E-4 4.45845E-4
6.74959E-2 1.04281E-1 1.21152E-1 9.7917E-2 8.94549E-2 1.17573E-1 2.0697E-1 1.57805E-1 1.86676E-3 1.40629E-3 1.02207E-3 6.95492E-4 1.3505E-3 2.29445E-3 3.16344E-3 1.92016E-3 2.22289E-3 3.23571E-3 3.21041E-3 2.24387E-3 2.06831E-3 3.41393E-3 3.56464E-3 3.41608E-3 3.89115E-3 5.86081E-3 7.1796E-3 7.27563E-3 9.67111E-3 1.11321E-2 1.11905E-2 6.78045E-3 4.79657E-3 1.67462E-3 3.34711E-3 5.07178E-3 1.97351E-3 1.02392E-3 9.31057E-4 2.31495E-3 6.65175E-3 6.88531E-3 7.47406E-3 6.12571E-3 5.33903E-3 2.92339E-3 1.24424E-1 1.20105E-1 9.9384E-2 2.13403E-1 1.644E-1 8.99777E-2 7.67503E-2 5.78924E-2 5.61293E-2 1.05262E-3 1.10804E-3 5.47407E-4 5.22034E-4
8.96021E-2 5.74122E-2 4.12223E-2 3.12923E-2 5.9672E-2 1.82699E-1 3.65698E-3 2.18463E-3 1.57638E-3 9.83945E-4 1.73632E-3 3.22536E-3 2.3134E-3 2.56799E-3 3.36027E-3 3.47629E-3 3.52172E-3 3.17786E-3 3.05521E-3 2.08491E-3 2.28186E-3 1.67141E-3 3.30771E-3 2.91427E-3 3.36847E-3 4.89405E-3 6.72404E-3 8.29112E-3 9.33441E-3 9.68169E-3 9.7613E-3 5.8923E-3 2.85212E-3 2.49743E-3 2.35495E-3 1.19638E-3 1.23586E-3 1.02909E-3 8.95218E-4 2.63323E-3 7.11381E-3 7.84993E-3 7.24082E-3 6.34724E-3 2.54723E-3 2.81838E-3 1.72337E-1 2.56705E-1 2.17585E-1 2.11562E-1 2.10085E-1 1.90665E-1 1.09137E-1 6.48015E-2 6.47251E-2 9.68608E-4 1.01332E-3 8.62521E-4 1.0601E-3
7.7531E-2 6.19699E-2 5.10864E-2 5.66446E-2 9.63829E-2 1.36614E-1 2.3562E-3 1.43271E-3 1.30394E-3 1.48181E-3 1.71323E-3 2.64483E-3 2.54871E-3 2.15201E-3 3.80115E-3 3.54356E-3 3.19214E-3 3.5776E-3 3.49586E-3 2.45633E-3 2.57522E-3 1.45726E-3 3.10752E-3 2.7062E-3 2.875E-3 4.2805E-3 5.31674E-3 6.3799E-3 7.30762E-3 7.65897E-3 8.41277E-3 3.81832E-3 2.3237E-3 3.01561E-3 4.06038E-3 2.36603E-3 9.04967E-4 9.58084E-4 1.08011E-3 4.63391E-3 8.17613E-3 7.75275E-3 6.93035E-3 5.53989E-3 3.7771E-3 1.39811E-1 9.72577E-2 1.79754E-1 1.37528E-1 1.40023E-1 2.91606E-1 2.41077E-1 1.22761E-1 9.59314E-2 1.4993E-3 9.85439E-4 1.06122E-3 7.67978E-4 1.16222E-3
7.64382E-2 3.7708E-2 6.08439E-2 1.55018E-1 1.63734E-1 3.38763E-3 3.24673E-3 3.19895E-3 2.96389E-3 2.17326E-3 1.30782E-3 1.57083E-3 1.64346E-3 2.96486E-3 4.27368E-3 4.04928E-3 3.77601E-3 4.33982E-3 4.03647E-3 3.25395E-3 2.35889E-3 1.50226E-3 2.11851E-3 1.47382E-3 1.91164E-3 3.45307E-3 3.89119E-3 4.42861E-3 4.96353E-3 5.07685E-3 5.0266E-3 3.93001E-3 1.68982E-3 2.52559E-3 3.77209E-3 2.99433E-3 9.04251E-4 9.08858E-4 1.26862E-3 7.75488E-3 8.00843E-3 7.34909E-3 6.84616E-3 6.05455E-3 2.56207E-1 2.08483E-1 1.69929E-1 8.75395E-2 1.04952E-1 1.62875E-1 2.81871E-1 1.99384E-1 1.39789E-1 1.31346E-1 2.20611E-3 1.56103E-3 1.3555E-3 7.74178E-4 6.65151E-4
8.95262E-2 3.81844E-2 6.92661E-2 1.55877E-1 3.04039E-3 3.3089E-3 3.43948E-3 2.85069E-3 3.41914E-3 2.73828E-3 1.58262E-3 1.32771E-3 1.96911E-3 3.03744E-3 4.44164E-3 4.43657E-3 4.36278E-3 4.66055E-3 4.71506E-3 3.20496E-3 1.5602E-3 1.55654E-3 2.74324E-3 3.87553E-3 1.99394E-3 2.51576E-3 2.28225E-3 2.86093E-3 3.10653E-3 3.0067E-3 3.16965E-3 3.05311E-3 1.40363E-3 1.50781E-3 2.63002E-3 1.49284E-3 6.72119E-4 6.23331E-4 2.34031E-3 8.36608E-3 7.04373E-3 6.96057E-3 7.61298E-3 2.9913E-1 2.00931E-1 2.3301E-1 1.02131E-1 1.02198E-1 1.42242E-1 1.79381E-1 2.96581E-1 2.22968E-1 1.3044E-1 2.65853E-3 2.41555E-3 1.94887E-3 2.10696E-3 1.52599E-3 8.78215E-4
1.4039E-1 3.4371E-2 4.31061E-2 1.49729E-1 2.23767E-3 3.11246E-3 3.03589E-3 2.36885E-3 3.53429E-3 3.85847E-3 1.71678E-3 2.03091E-3 2.43057E-3 3.9395E-3 3.7444E-3 1.90581E-3 4.10184E-3 4.79591E-3 4.73097E-3 2.89856E-3 1.68681E-3 2.72448E-3 4.17519E-3 2.16853E-3 2.7527E-3 2.25666E-3 2.27257E-3 1.8124E-3 1.27616E-3 1.2199E-3 1.5628E-3 1.55978E-3 1.21995E-3 1.36994E-3 1.59438E-3 1.12008E-3 9.86549E-4 1.1482E-3 3.13478E-3 6.49143E-3 7.05037E-3 9.55315E-3 2.75863E-1 2.89182E-1 3.27089E-1 1.56598E-1 8.00074E-2 1.42256E-1 1.27741E-1 1.6447E-1 2.81682E-1 2.4401E-1 2.48197E-3 3.86182E-3 2.41443E-3 2.70005E-3 4.20577E-3 4.00957E-3 1.40123E-3
1.11713E-1 2.10721E-2 4.2335E-2 6.40862E-4 1.47928E-3 2.84083E-3 3.01921E-3 3.56675E-3 3.8755E-3 3.09749E-3 2.4979E-3 2.45657E-3 2.12794E-3 3.70133E-3 3.87654E-3 4.16009E-3 4.45882E-3 4.98268E-3 2.98974E-3 2.22214E-3 1.97061E-3 4.37869E-3 4.50698E-3 1.22616E-3 2.67012E-3 2.42582E-3 2.35934E-3 2.38699E-3 1.22238E-3 1.55942E-3 1.68965E-3 8.36268E-4 1.05601E-3 3.00254E-3 3.28041E-3 2.2287E-3 2.23856E-3 2.48124E-3 1.4422E-1 1.34049E-1 2.89659E-1 3.77971E-1 2.45569E-1 1.71865E-1 2.19519E-1 1.5586E-1 1.40418E-1 1.5047E-1 1.50381E-1 1.8111E-1 2.26408E-1 3.66167E-3 2.24983E-3 3.15354E-3 1.98851E-3 1.62299E-3 2.12379E-3 1.95968E-3 1.24839E-3
1.37071E-1 8.01042E-2 4.9253E-2 7.37856E-4 1.03462E-3 1.41901E-3 2.10114E-3 2.81518E-3 3.93583E-3 3.72034E-3 1.95406E-3 1.76978E-3 2.63641E-3 3.75528E-3 3.86894E-3 4.48027E-3 4.9386E-3 3.723E-3 5.57441E-3 4.52863E-3 4.56421E-3 4.18165E-3 4.13716E-3 2.85632E-3 2.17346E-3 2.37639E-3 2.33989E-3 1.16246E-3 1.34989E-3 2.23326E-3 2.24723E-3 1.59806E-3 9.03377E-4 3.09806E-3 3.67137E-3 2.319E-3 3.33928E-3 2.92637E-3 1.20402E-1 1.01459E-1 3.89859E-1 4.03354E-1 3.29742E-1 2.04705E-1 1.92617E-1 1.58703E-1 8.09868E-2 1.10403E-1 2.0194E-1 2.13245E-1 1.61728E-1 2.32255E-3 2.57632E-3 1.95807E-3 1.52595E-3 1.41439E-3 1.07523E-3 1.3421E-3 7.34375E-4
1.87028E-1 1.17553E-1 5.43057E-2 6.77914E-4 1.0301E-3 1.54567E-3 1.71853E-3 8.49092E-4 2.31086E-3 4.10156E-3 2.37536E-3 2.77913E-3 3.20893E-3 4.20186E-3 3.97636E-3 4.65338E-3 5.01954E-3 2.36031E-3 3.58982E-3 3.39651E-3 2.79134E-3 1.86532E-3 2.50083E-3 2.812E-3 2.50465E-3 1.90334E-3 1.37136E-3 1.37051E-3 1.26353E-3 2.14875E-3 2.34873E-3 1.99441E-3 1.50475E-3 2.08448E-3 4.81591E-3 3.48067E-3 3.38554E-3 1.95306E-1 1.68954E-1 1.70717E-1 4.72381E-1 4.82943E-1 3.09798E-1 2.69892E-1 2.83845E-1 1.62842E-1 2.3892E-1 3.54923E-1 3.61776E-1 1.85507E-1 1.22932E-1 1.3139E-1 4.14768E-3 2.62952E-3 2.41536E-3 2.44999E-3 7.73539E-4 1.0566E-3 2.05772E-3
2.80636E-1 1.88041E-1 6.93787E-2 7.22832E-4 1.69539E-3 2.5263E-3 1.9553E-3 1.12209E-3 2.74144E-3 4.21692E-3 4.16278E-3 3.98525E-3 3.74226E-3 4.25081E-3 4.56397E-3 4.2436E-3 4.53718E-3 3.27488E-3 3.95486E-3 3.23864E-3 3.18126E-3 1.90305E-3 2.1563E-3 2.63504E-3 2.18079E-3 1.87144E-3 1.06048E-3 1.29515E-3 9.03958E-4 1.68744E-3 1.43236E-3 1.35872E-3 2.14727E-3 2.41567E-3 3.45679E-3 1.7342E-3 1.64512E-3 1.96141E-1 2.7444E-1 4.63139E-1 4.20499E-1 4.09769E-1 1.47301E-1 1.21749E-1 1.29723E-1 1.31681E-1 2.99629E-1 2.23086E-1 1.55009E-1 1.6458E-1 1.49989E-1 1.87274E-1 3.55198E-3 2.80796E-3 2.88415E-3 2.75851E-3 9.61067E-4 1.15502E-3 1.91971E-3
1.99912E-1 2.38612E-1 6.74133E-2 2.28867E-3 2.27235E-3 2.12414E-3 3.2961E-3 1.8595E-3 4.933E-3 4.78413E-3 4.54297E-3 4.09329E-3 4.47104E-3 4.59854E-3 4.10991E-3 3.73919E-3 4.41767E-3 5.28263E-3 5.52042E-3 3.87215E-3 2.59122E-3 3.92352E-3 2.99583E-3 1.54651E-3 1.41917E-3 7.82075E-4 1.65447E-3 1.14413E-3 1.08925E-3 1.74109E-3 1.12476E-3 2.39259E-3 2.56474E-3 2.10398E-3 1.70209E-3 1.29431E-3 2.17387E-3 1.31168E-1 1.89049E-1 1.67774E-1 1.0877E-1 1.29332E-1 8.47002E-2 7.69031E-2 1.06397E-1 2.25983E-1 1.94068E-1 3.72122E-1 1.07999E-1 1.311E-1 2.1075E-1 2.88049E-1 1.40471E-1 2.29991E-3 1.94645E-3 1.63061E-3 1.40486E-3 1.04874E-3 1.43917E-3
