Phytophthora/models/20240529_1714_25/Phytophthora_PA3_allRun_MAXENT_outputs/projMaxent.asc
ncols         225
nrows         269
xllcorner     473009.9838
yllcorner     4429051.1748
cellsize      50.0
NODATA_value  -9999
[rows 182 to 207 of 269, columns 0 to 58 of 225]
-9999 -9999 -9999 -9999 -9999 -9999 -9999 -9999 -9999 4.33615E-1 7.08672E-1 9.09444E-1 9.70705E-1 9.69531E-1 6.93767E-1 4.68264E-1 2.33638E-1 2.95061E-1 3.54914E-1 3.49248E-1 3.37061E-1 3.00585E-1 2.5404E-1 2.71769E-1 2.19361E-1 2.85695E-1 3.10851E-1 4.36933E-1 7.64031E-1 8.89565E-1 8.35578E-1 7.56998E-1 7.43438E-1 6.18795E-1 4.71496E-1 5.85361E-1 6.05757E-1 3.49867E-1 7.69929E-1 7.37401E-1 3.59032E-1 1.74879E-1 3.79645E-1 4.96987E-1 3.41435E-1 1.95639E-1 3.91833E-1 4.07622E-1 4.65467E-1 4.83798E-1 4.92322E-1 3.52083E-1 4.57655E-1 8.14591E-1 7.47424E-1 6.00092E-1 6.74725E-1 7.51033E-1 5.33015E-1
-9999 -9999 -9999 -9999 -9999 -9999 -9999 -9999 -9999 -9999 5.20221E-1 7.40383E-1 9.50045E-1 9.57941E-1 6.4282E-1 3.60069E-1 2.11337E-1 4.49553E-1 4.58026E-1 3.8298E-1 2.70106E-1 3.35277E-1 3.27821E-1 3.29619E-1 2.2238E-1 2.76636E-1 2.11711E-1 2.85665E-1 7.98857E-1 8.57699E-1 7.01853E-1 7.04034E-1 6.58586E-1 6.22046E-1 6.0347E-1 6.85529E-1 6.38971E-1 6.41778E-1 8.2427E-1 7.24268E-1 2.76467E-1 1.26306E-1 2.13499E-1 1.91075E-1 1.40492E-1 1.28219E-1 4.29101E-1 3.8671E-1 5.44703E-1 6.80478E-1 4.31269E-1 3.19248E-1 4.15403E-1 6.51182E-1 7.61269E-1 5.34618E-1 4.52087E-1 4.53492E-1 3.83244E-1
-9999 -9999 -9999 -9999 -9999 -9999 -9999 -9999 -9999 -9999 -9999 -9999 -9999 9.28187E-1 7.83972E-1 4.30408E-1 2.60501E-1 3.78259E-1 4.75939E-1 2.43705E-1 2.09921E-1 4.37311E-1 6.46095E-1 4.7712E-1 3.6078E-1 2.5358E-1 2.50766E-1 3.45387E-1 4.26084E-1 4.13466E-1 4.96221E-1 5.12101E-1 4.42834E-1 5.27454E-1 6.4361E-1 6.63538E-1 6.21272E-1 7.21728E-1 8.6614E-1 4.69021E-1 1.87682E-1 2.34574E-1 2.31104E-1 1.27415E-1 1.07121E-1 1.66968E-1 3.99221E-1 4.16775E-1 4.98766E-1 5.42403E-1 6.52155E-1 4.41791E-1 4.89832E-1 7.7199E-1 5.09462E-1 3.50157E-1 3.5948E-1 3.99956E-1 2.68552E-1
-9999 -9999 -9999 -9999 -9999 -9999 -9999 -9999 -9999 -9999 -9999 -9999 -9999 -9999 8.13501E-1 7.29371E-1 5.73567E-1 3.04426E-1 3.20254E-1 2.96687E-1 4.42581E-1 7.40084E-1 7.34521E-1 5.82184E-1 5.35294E-1 2.81075E-1 2.34241E-1 3.70111E-1 3.309E-1 3.59713E-1 6.71443E-1 7.82662E-1 5.71723E-1 5.8431E-1 5.96321E-1 3.06093E-1 6.63419E-1 7.4109E-1 8.32006E-1 4.54435E-1 5.90836E-1 6.98962E-1 2.26717E-1 9.5966E-2 8.17046E-2 1.92416E-1 4.79281E-1 6.11795E-1 5.37935E-1 6.01467E-1 8.16638E-1 6.66735E-1 4.45624E-1 4.27485E-1 4.71944E-1 4.29761E-1 3.94302E-1 3.85648E-1 2.70455E-1
-9999 -9999 -9999 -9999 -9999 -9999 -9999 -9999 -9999 -9999 -9999 -9999 -9999 -9999 -9999 6.93384E-1 7.08153E-1 3.98399E-1 4.46004E-1 4.60868E-1 6.2869E-1 5.87487E-1 6.69349E-1 8.42783E-1 5.43108E-1 2.25645E-1 2.90719E-1 3.62584E-1 4.03175E-1 4.09334E-1 5.87516E-1 7.28155E-1 7.18477E-1 6.51044E-1 5.6639E-1 2.38828E-1 5.15255E-1 6.53553E-1 8.41543E-1 6.90493E-1 7.2975E-1 8.02058E-1 4.05361E-1 1.59341E-1 1.59766E-1 1.85197E-1 5.10398E-1 6.25777E-1 6.36656E-1 6.46321E-1 5.86561E-1 6.89324E-1 4.14842E-1 4.39791E-1 4.55823E-1 4.2547E-1 2.82747E-1 3.91582E-1 3.43142E-1
-9999 -9999 -9999 -9999 -9999 -9999 -9999 -9999 -9999 -9999 -9999 -9999 -9999 -9999 -9999 6.28959E-1 8.04128E-1 6.7556E-1 8.01365E-1 8.62313E-1 7.60768E-1 4.52157E-1 6.10377E-1 6.71537E-1 6.86143E-1 4.38267E-1 3.96374E-1 4.03546E-1 3.74337E-1 3.49347E-1 3.7538E-1 4.66592E-1 5.61489E-1 7.51384E-1 5.44049E-1 6.92689E-1 5.02391E-1 9.28193E-1 6.33064E-1 8.64274E-1 8.43364E-1 5.69878E-1 3.17481E-1 1.65726E-1 1.47617E-1 1.62506E-1 3.0519E-1 7.43389E-1 7.88239E-1 4.84728E-1 7.12726E-1 5.89807E-1 4.4011E-1 4.27713E-1 3.88055E-1 3.41095E-1 2.39407E-1 4.15377E-1 3.10806E-1
-9999 -9999 -9999 -9999 -9999 -9999 -9999 -9999 -9999 -9999 -9999 -9999 -9999 -9999 -9999 -9999 8.58239E-1 9.13428E-1 8.74491E-1 8.91491E-1 6.70568E-1 3.33865E-1 5.38334E-1 3.70302E-1 5.30731E-1 3.12794E-1 2.91947E-1 3.93907E-1 4.11865E-1 5.06628E-1 6.58212E-1 7.8381E-1 9.33745E-1 9.47521E-1 6.71933E-1 8.03383E-1 2.91342E-1 9.48131E-1 8.76748E-1 8.9502E-1 8.67834E-1 7.97513E-1 3.68332E-1 1.97475E-1 8.80963E-2 1.78529E-1 4.63235E-1 5.00059E-1 4.04205E-1 7.5155E-1 7.89541E-1 7.80779E-1 4.51457E-1 3.28878E-1 2.22494E-1 2.14798E-1 3.66277E-1 4.49782E-1 3.81089E-1
-9999 -9999 -9999 -9999 -9999 -9999 -9999 -9999 -9999 -9999 -9999 -9999 -9999 -9999 -9999 8.2141E-1 9.07509E-1 9.35329E-1 8.9162E-1 7.79288E-1 4.34468E-1 3.2474E-1 5.13379E-1 4.73438E-1 6.1127E-1 4.74688E-1 1.62576E-1 2.19799E-1 7.32421E-1 8.77612E-1 9.11409E-1 9.3439E-1 9.50654E-1 9.57102E-1 9.0874E-1 5.30162E-1 5.14252E-1 8.81426E-1 9.15318E-1 8.9351E-1 8.56713E-1 6.97606E-1 5.34332E-1 2.98521E-1 1.41041E-1 1.56151E-1 2.63878E-1 3.34887E-1 2.8003E-1 6.93294E-1 7.81081E-1 7.74872E-1 3.98813E-1 3.19806E-1 2.31001E-1 3.26574E-1 3.9392E-1 4.04341E-1 3.08206E-1
-9999 -9999 -9999 -9999 -9999 -9999 -9999 -9999 -9999 -9999 -9999 -9999 -9999 -9999 -9999 6.1229E-1 7.81144E-1 9.46214E-1 8.23543E-1 5.16893E-1 3.30678E-1 3.79196E-1 3.93318E-1 3.09636E-1 5.07508E-1 3.98265E-1 1.63914E-1 1.59432E-1 6.6173E-1 8.41646E-1 8.96115E-1 9.34392E-1 9.28407E-1 7.60586E-1 8.41506E-1 4.24297E-1 4.94484E-1 7.36042E-1 9.04563E-1 8.69164E-1 8.59566E-1 7.03922E-1 3.5927E-1 3.08031E-1 1.54047E-1 1.93331E-1 2.82741E-1 1.00018E-1 2.86334E-1 6.00797E-1 7.64736E-1 5.95344E-1 3.86658E-1 3.30514E-1 3.55218E-1 2.37942E-1 3.59477E-1 4.51913E-1 2.15878E-1
-9999 -9999 -9999 -9999 -9999 -9999 -9999 -9999 -9999 -9999 -9999 -9999 -9999 -9999 -9999 -9999 8.95395E-1 9.28777E-1 5.1265E-1 3.82539E-1 3.88684E-1 3.10141E-1 2.51139E-1 1.99088E-1 1.89201E-1 2.06656E-1 1.24942E-1 1.30031E-1 3.4698E-1 7.02632E-1 6.6108E-1 6.34136E-1 6.54174E-1 6.43558E-1 6.30325E-1 2.78565E-1 7.70422E-1 9.33508E-1 9.03328E-1 8.84791E-1 8.58001E-1 8.17633E-1 5.63624E-1 2.43935E-1 1.1892E-1 2.64364E-1 1.04551E-1 1.55994E-1 4.19366E-1 4.40229E-1 5.98966E-1 5.03182E-1 3.21712E-1 2.30061E-1 1.7745E-1 3.25987E-1 2.86389E-1 4.85553E-1 3.73106E-1
-9999 -9999 -9999 -9999 -9999 -9999 -9999 -9999 -9999 -9999 -9999 -9999 -9999 -9999 -9999 -9999 8.90716E-1 9.18949E-1 6.08781E-1 4.40423E-1 4.7976E-1 4.26463E-1 2.77563E-1 1.78299E-1 2.08672E-1 2.41339E-1 1.64737E-1 2.32914E-1 1.97774E-1 3.06014E-1 6.01718E-1 7.4406E-1 7.83706E-1 7.34754E-1 8.57676E-1 4.0266E-1 9.38683E-1 9.49567E-1 9.22231E-1 8.95706E-1 7.64998E-1 6.03195E-1 3.43639E-1 1.00334E-1 1.59664E-1 1.51624E-1 1.17446E-1 1.65752E-1 1.94582E-1 1.80742E-1 3.80412E-1 4.00043E-1 3.06772E-1 2.16114E-1 3.34378E-1 4.31804E-1 5.38133E-1 2.16191E-1 4.64814E-1
-9999 -9999 -9999 -9999 -9999 -9999 -9999 -9999 -9999 -9999 -9999 -9999 -9999 -9999 -9999 -9999 6.46418E-1 5.65636E-1 4.3892E-1 3.745E-1 3.2432E-1 3.20459E-1 2.74694E-1 1.84854E-1 2.08586E-1 2.18019E-1 2.22251E-1 1.79032E-1 2.07705E-1 3.07716E-1 7.25362E-1 8.67894E-1 9.19229E-1 9.65577E-1 9.37091E-1 9.21334E-1 9.7609E-1 9.54701E-1 9.23108E-1 8.45387E-1 5.23078E-1 1.91824E-1 2.81243E-1 1.98116E-1 1.47819E-1 1.44943E-1 1.01079E-1 1.554E-1 1.83438E-1 2.523E-1 5.68475E-1 3.1822E-1 2.21838E-1 2.38944E-1 3.35208E-1 4.20497E-1 4.008E-1 2.47806E-1 5.51085E-1
-9999 -9999 -9999 -9999 -9999 -9999 -9999 -9999 -9999 -9999 -9999 -9999 -9999 -9999 -9999 -9999 -9999 -9999 -9999 -9999 -9999 -9999 2.48657E-1 1.82984E-1 1.77496E-1 2.40264E-1 1.88338E-1 2.06359E-1 3.54511E-1 8.13305E-1 9.49911E-1 9.84891E-1 9.86195E-1 9.60804E-1 8.75994E-1 9.01618E-1 9.29179E-1 9.40993E-1 9.08499E-1 8.61784E-1 8.07303E-1 4.79451E-1 3.10375E-1 1.32165E-1 1.36445E-1 1.15448E-1 1.47598E-1 2.69937E-1 2.99817E-1 4.21235E-1 5.51556E-1 3.98034E-1 2.79264E-1 2.82852E-1 4.70462E-1 4.64397E-1 2.61726E-1 2.49072E-1 3.66424E-1
-9999 -9999 -9999 -9999 -9999 -9999 -9999 -9999 -9999 -9999 -9999 -9999 -9999 -9999 -9999 -9999 -9999 -9999 -9999 -9999 -9999 -9999 -9999 1.97183E-1 2.90231E-1 3.02081E-1 1.79519E-1 2.43961E-1 3.63266E-1 7.91632E-1 9.72847E-1 9.65393E-1 9.82889E-1 7.17801E-1 6.12694E-1 9.04636E-1 9.07313E-1 7.11801E-1 7.20581E-1 8.11193E-1 8.32312E-1 4.20095E-1 2.36494E-1 9.66616E-2 7.58095E-2 1.72362E-1 3.3323E-1 4.18239E-1 4.10422E-1 4.6235E-1 4.77841E-1 3.29493E-1 2.70261E-1 4.65848E-1 4.63196E-1 3.5822E-1 3.16335E-1 3.88434E-1 3.1024E-1
-9999 -9999 -9999 -9999 -9999 -9999 -9999 -9999 -9999 -9999 -9999 -9999 -9999 -9999 -9999 -9999 -9999 -9999 -9999 -9999 -9999 -9999 -9999 -9999 -9999 -9999 2.59101E-1 2.31601E-1 2.26149E-1 5.09601E-1 7.22923E-1 9.65205E-1 9.43029E-1 2.62443E-1 7.95039E-1 7.91454E-1 8.29206E-1 4.82957E-1 6.89834E-1 8.38508E-1 6.37423E-1 3.92758E-1 2.83863E-1 1.25726E-1 1.68046E-1 2.83091E-1 3.69227E-1 6.04744E-1 6.56908E-1 5.07908E-1 3.02747E-1 2.28688E-1 2.97401E-1 3.75179E-1 1.55555E-1 2.53105E-1 5.29681E-1 6.24961E-1 8.05317E-1
-9999 -9999 -9999 -9999 -9999 -9999 -9999 -9999 -9999 -9999 -9999 -9999 -9999 -9999 -9999 -9999 -9999 -9999 -9999 -9999 -9999 -9999 -9999 -9999 -9999 -9999 -9999 4.12613E-1 3.31545E-1 4.18425E-1 4.49028E-1 6.05375E-1 9.09905E-1 8.56288E-1 9.60621E-1 9.55362E-1 9.46803E-1 8.46668E-1 8.90868E-1 5.29226E-1 4.3919E-1 4.19964E-1 3.28031E-1 1.22995E-1 2.03488E-1 2.73296E-1 4.6024E-1 7.27611E-1 7.30976E-1 6.95937E-1 3.23312E-1 2.51655E-1 2.82285E-1 2.78119E-1 1.84032E-1 3.67205E-1 5.48849E-1 5.67896E-1 5.92973E-1
-9999 -9999 -9999 -9999 -9999 -9999 -9999 -9999 -9999 -9999 -9999 -9999 -9999 -9999 -9999 -9999 -9999 -9999 -9999 -9999 -9999 -9999 -9999 -9999 -9999 -9999 -9999 7.3278E-1 6.48289E-1 5.55898E-1 5.55672E-1 8.59505E-1 9.20373E-1 9.5428E-1 9.62878E-1 9.56466E-1 9.29848E-1 9.41691E-1 8.90485E-1 4.12319E-1 2.21424E-1 4.7483E-1 2.33908E-1 8.56194E-2 1.06218E-1 1.27992E-1 2.77079E-1 6.34648E-1 5.49188E-1 3.60978E-1 1.48997E-1 2.14442E-1 1.56035E-1 1.69247E-1 1.90593E-1 2.51347E-1 3.40129E-1 3.55818E-1 4.29026E-1
-9999 -9999 -9999 -9999 -9999 -9999 -9999 -9999 -9999 -9999 -9999 -9999 -9999 -9999 -9999 -9999 -9999 -9999 -9999 -9999 -9999 -9999 -9999 -9999 -9999 -9999 -9999 7.16103E-1 6.7787E-1 5.94409E-1 6.29238E-1 9.12797E-1 7.5542E-1 9.13674E-1 9.83383E-1 9.64781E-1 7.41937E-1 5.19179E-1 5.74464E-1 7.99483E-1 7.61234E-1 6.29885E-1 1.99191E-1 1.26499E-1 1.13412E-1 1.8106E-1 1.84702E-1 2.53698E-1 1.84006E-1 1.43259E-1 1.48878E-1 1.54287E-1 1.37613E-1 2.16791E-1 2.37966E-1 1.96961E-1 1.71278E-1 2.74049E-1 4.26841E-1
-9999 -9999 -9999 -9999 -9999 -9999 -9999 -9999 -9999 -9999 -9999 -9999 -9999 -9999 -9999 -9999 -9999 -9999 -9999 -9999 -9999 -9999 -9999 -9999 -9999 -9999 7.27127E-1 7.09977E-1 4.97952E-1 6.99843E-1 8.34409E-1 -9999 8.71238E-1 9.65555E-1 9.38085E-1 8.04531E-1 6.83611E-1 6.68484E-1 7.19191E-1 9.24484E-1 7.01157E-1 3.22261E-1 1.99864E-1 2.22538E-1 2.11712E-1 1.71027E-1 1.60908E-1 2.07763E-1 1.22513E-1 1.95496E-1 1.35052E-1 1.59603E-1 4.46321E-1 3.15847E-1 1.03425E-1 5.96845E-2 2.92847E-1 3.87207E-1 3.47318E-1
-9999 -9999 -9999 -9999 -9999 -9999 -9999 -9999 -9999 -9999 -9999 -9999 -9999 -9999 -9999 -9999 -9999 -9999 -9999 -9999 -9999 -9999 -9999 -9999 -9999 -9999 5.39349E-1 4.91759E-1 1.9227E-1 -9999 -9999 -9999 9.56557E-1 9.61176E-1 9.14073E-1 7.14639E-1 7.29984E-1 8.70625E-1 9.51465E-1 9.29483E-1 7.29118E-1 5.49403E-1 2.36241E-1 1.64941E-1 2.58457E-1 2.08552E-1 1.87559E-1 2.07393E-1 1.8588E-1 1.71569E-1 2.75575E-1 3.44428E-1 5.48033E-1 1.82322E-1 1.82441E-1 3.08411E-1 3.57576E-1 2.44981E-1 2.03354E-1
-9999 -9999 -9999 -9999 -9999 -9999 -9999 -9999 -9999 -9999 -9999 -9999 -9999 -9999 -9999 -9999 -9999 -9999 -9999 -9999 -9999 -9999 -9999 -9999 -9999 -9999 4.39617E-1 4.34723E-1 -9999 -9999 -9999 -9999 5.06211E-1 6.38931E-1 5.51321E-1 6.18754E-1 6.50896E-1 5.44277E-1 7.5956E-1 7.10041E-1 6.25566E-1 6.39038E-1 4.09448E-1 2.35067E-1 1.48987E-1 2.74257E-1 2.82671E-1 3.94675E-1 3.18938E-1 4.31971E-1 3.9993E-1 3.62626E-1 2.0092E-1 2.87538E-1 2.84784E-1 2.4047E-1 1.63576E-1 1.49295E-1 2.21586E-1
-9999 -9999 -9999 -9999 -9999 -9999 -9999 -9999 -9999 -9999 -9999 -9999 -9999 -9999 -9999 -9999 -9999 -9999 -9999 -9999 -9999 -9999 -9999 -9999 -9999 -9999 -9999 -9999 -9999 -9999 -9999 -9999 -9999 6.6866E-1 6.74253E-1 9.38173E-1 5.62146E-1 4.90607E-1 6.44594E-1 6.2985E-1 4.96423E-1 4.01496E-1 6.556E-1 6.00541E-1 3.67491E-1 4.65345E-1 6.41781E-1 7.04725E-1 7.13063E-1 3.06674E-1 4.43599E-1 2.39117E-1 2.37826E-1 2.68259E-1 2.0335E-1 9.4854E-2 1.09285E-1 2.67099E-1 4.81314E-1
-9999 -9999 -9999 -9999 -9999 -9999 -9999 -9999 -9999 -9999 -9999 -9999 -9999 -9999 -9999 -9999 -9999 -9999 -9999 -9999 -9999 -9999 -9999 -9999 -9999 -9999 -9999 -9999 -9999 -9999 -9999 -9999 -9999 -9999 4.00008E-1 6.07655E-1 2.43495E-1 2.08952E-1 2.9986E-1 2.54696E-1 2.53628E-1 2.04721E-1 4.0908E-1 8.02336E-1 8.38158E-1 8.20668E-1 8.06618E-1 7.51995E-1 7.47045E-1 6.85002E-1 5.10115E-1 3.38002E-1 2.25026E-1 1.88973E-1 1.22418E-1 1.13541E-1 3.53979E-1 5.52314E-1 4.91617E-1
-9999 -9999 -9999 -9999 -9999 -9999 -9999 -9999 -9999 -9999 -9999 -9999 -9999 -9999 -9999 -9999 -9999 -9999 -9999 -9999 -9999 -9999 -9999 -9999 -9999 -9999 -9999 -9999 -9999 -9999 -9999 -9999 -9999 -9999 3.42544E-1 3.9727E-1 3.49142E-1 3.07496E-1 2.85047E-1 3.55329E-1 5.54219E-1 5.88168E-1 3.26636E-1 4.4394E-1 8.3048E-1 5.40996E-1 5.6461E-1 4.72275E-1 4.83346E-1 6.922E-1 6.7865E-1 3.42725E-1 2.29856E-1 1.66928E-1 1.1353E-1 3.64207E-1 7.20245E-1 5.59629E-1 8.17486E-1
-9999 -9999 -9999 -9999 -9999 -9999 -9999 -9999 -9999 -9999 -9999 -9999 -9999 -9999 -9999 -9999 -9999 -9999 -9999 -9999 -9999 -9999 -9999 -9999 -9999 -9999 -9999 -9999 -9999 -9999 -9999 -9999 -9999 -9999 -9999 5.88956E-1 5.94186E-1 5.93906E-1 3.49416E-1 5.02171E-1 6.38535E-1 8.43114E-1 8.43968E-1 2.56503E-1 3.41537E-1 5.34696E-1 4.09797E-1 4.10106E-1 2.58871E-1 5.02109E-1 5.48301E-1 3.00291E-1 2.04832E-1 1.95708E-1 3.65482E-1 4.39772E-1 4.75944E-1 7.17395E-1 9.46449E-1
-9999 -9999 -9999 -9999 -9999 -9999 -9999 -9999 -9999 -9999 -9999 -9999 -9999 -9999 -9999 -9999 -9999 -9999 -9999 -9999 -9999 -9999 -9999 -9999 -9999 -9999 -9999 -9999 -9999 -9999 -9999 -9999 -9999 -9999 -9999 5.98497E-1 6.44662E-1 8.21885E-1 8.80399E-1 7.17945E-1 5.91509E-1 7.77557E-1 8.1107E-1 5.09546E-1 1.60343E-1 2.68027E-1 3.29711E-1 3.9264E-1 3.10669E-1 8.02118E-1 5.89511E-1 2.59081E-1 2.33497E-1 3.44696E-1 4.92358E-1 3.79681E-1 5.02211E-1 6.41315E-1 7.76938E-1
