Phytophthora/models/20240604_1618_19/Phytophthora_PA3_RUN1_MAXENT_outputs/projMaxent.asc
ncols         225
nrows         269
xllcorner     473009.9838
yllcorner     4429051.1748
cellsize      50.0
NODATA_value  -9999
[rows 234 to 259 of 269, columns 59 to 117 of 225]
6.58651E-1 7.00208E-1 7.8352E-1 8.01176E-1 9.24452E-1 9.49051E-1 9.97088E-1 9.76796E-1 9.12429E-1 7.57516E-1 4.08667E-1 4.30811E-1 7.68219E-1 8.98521E-1 6.67278E-1 7.54693E-1 6.51284E-1 7.15293E-1 7.57405E-1 5.05763E-1 4.28429E-1 3.82554E-1 3.4638E-1 3.52287E-1 5.74903E-1 4.78538E-1 3.49227E-1 3.70068E-1 4.21372E-1 6.747E-1 4.59369E-1 6.61686E-1 7.24587E-1 7.31862E-1 6.82879E-1 6.91377E-1 8.62817E-1 9.3303E-1 9.12463E-1 9.21221E-1 8.90916E-1 7.14195E-1 5.68814E-1 4.40942E-1 5.28484E-1 6.98455E-1 7.20405E-1 6.93375E-1 6.49963E-1 6.49638E-1 5.98062E-1 5.65611E-1 3.36181E-1 8.68633E-1 6.83376E-1 7.49229E-1 8.10248E-1 8.41344E-2 4.87292E-2
8.35073E-1 7.41568E-1 9.03511E-1 8.87432E-1 8.9762E-1 9.18814E-1 8.99537E-1 8.54382E-1 6.71991E-1 3.97925E-1 3.66629E-1 5.25984E-1 8.01268E-1 9.27497E-1 9.23867E-1 6.64423E-1 3.75662E-1 3.8917E-1 7.18172E-1 5.56713E-1 5.75188E-1 4.24665E-1 4.24406E-1 6.06205E-1 8.4173E-1 8.6965E-1 4.56734E-1 4.03836E-1 3.84575E-1 4.32163E-1 3.14137E-1 3.42424E-1 6.69438E-1 7.13607E-1 6.04203E-1 6.55287E-1 7.74977E-1 8.78972E-1 8.49516E-1 8.62007E-1 8.195E-1 6.35295E-1 5.04145E-1 4.11737E-1 4.60751E-1 4.43175E-1 7.01236E-1 7.52373E-1 6.76998E-1 5.02483E-1 4.63385E-1 3.95941E-1 3.99925E-1 7.2833E-1 6.93164E-1 7.23992E-1 7.32316E-1 6.13293E-1 1.22804E-1
8.82456E-1 8.22069E-1 8.8269E-1 8.56635E-1 8.29352E-1 7.71162E-1 6.86095E-1 5.85686E-1 8.14468E-1 4.56463E-1 4.18001E-1 4.58521E-1 5.73959E-1 4.51542E-1 1.44956E-1 2.21241E-1 4.06839E-1 5.09575E-1 6.80539E-1 6.46419E-1 5.11447E-1 3.96209E-1 4.38879E-1 5.65862E-1 6.92098E-1 7.05094E-1 8.75425E-1 4.53521E-1 3.65496E-1 3.40249E-1 2.96686E-1 1.33328E-1 4.18638E-1 4.85927E-1 4.04758E-1 5.24652E-1 7.90087E-1 7.53879E-1 7.10891E-1 7.4114E-1 6.59518E-1 4.87869E-1 6.07369E-1 5.66744E-1 4.9476E-1 4.01013E-1 6.21804E-1 6.69273E-1 7.23281E-1 4.52851E-1 4.09763E-1 2.2404E-1 4.80432E-1 9.07126E-1 7.16237E-1 9.47796E-1 9.34788E-1 8.95096E-1 8.25602E-1
8.28975E-1 8.5395E-1 8.39349E-1 4.56076E-1 8.37654E-2 1.22676E-1 4.19542E-1 8.54317E-1 7.96133E-1 7.9591E-1 6.69227E-1 5.51214E-1 5.99808E-1 5.74148E-1 3.27497E-1 2.83636E-1 6.39869E-1 6.86362E-1 5.89728E-1 5.49247E-1 4.76267E-1 3.83042E-1 4.14344E-1 3.40837E-1 5.06487E-1 5.41099E-1 5.46815E-1 5.76241E-1 3.29387E-1 3.13907E-1 2.77071E-1 1.43046E-1 1.9468E-1 3.75481E-1 3.55665E-1 4.1416E-1 6.95714E-1 6.41952E-1 5.84762E-1 5.85198E-1 5.09197E-1 4.70356E-1 4.69805E-1 4.77348E-1 3.68316E-1 4.40288E-1 5.83402E-1 4.89239E-1 3.61064E-1 5.30832E-1 3.1487E-1 1.60842E-1 1.06874E-1 6.23528E-1 7.56081E-1 8.70984E-1 9.84151E-1 9.79242E-1 9.64414E-1
6.22116E-1 4.26842E-1 3.41229E-1 2.6209E-1 8.75617E-2 1.17345E-1 2.00727E-1 3.44545E-1 7.19287E-1 7.78414E-1 6.47555E-1 5.25953E-1 6.63996E-1 7.15966E-1 6.0948E-1 4.56534E-1 4.18632E-1 4.34983E-1 4.6259E-1 3.77142E-1 3.74561E-1 1.99955E-1 4.88803E-1 4.65324E-1 3.47854E-1 2.85851E-1 1.91206E-1 3.00433E-1 2.45569E-1 3.95298E-1 3.17104E-1 1.85371E-1 1.27122E-1 2.79646E-1 2.93471E-1 3.41402E-1 6.40469E-1 5.95003E-1 5.26791E-1 4.20641E-1 4.27196E-1 4.09445E-1 3.93134E-1 2.84278E-1 2.81753E-1 4.33655E-1 5.34099E-1 5.36907E-1 7.41006E-1 5.52786E-1 2.93774E-1 2.41827E-1 8.87288E-1 9.62924E-1 9.01136E-1 9.68161E-1 9.91617E-1 9.94674E-1 9.91421E-1
7.9001E-1 6.40162E-1 6.9618E-1 7.8275E-1 3.25174E-1 2.64589E-1 3.79572E-1 2.91123E-1 4.45046E-1 6.37811E-1 5.35414E-1 4.7859E-1 4.65525E-1 5.64741E-1 6.73583E-1 3.23888E-1 1.6327E-1 3.84876E-1 5.87777E-1 5.81292E-1 5.88118E-1 5.04978E-1 2.76171E-1 1.56859E-1 2.48378E-1 2.51458E-1 4.31468E-1 3.24587E-1 3.78477E-1 3.44797E-1 5.40237E-1 5.05538E-1 2.00739E-1 2.71535E-1 2.729E-1 3.02377E-1 4.64999E-1 5.20257E-1 4.80623E-1 4.19573E-1 3.02001E-1 2.68948E-1 2.94583E-1 4.00418E-1 2.75286E-1 4.34775E-1 5.43698E-1 5.01216E-1 6.29814E-1 6.14047E-1 6.08926E-1 6.36638E-1 8.81108E-1 8.13307E-1 8.78139E-1 9.52431E-1 9.62736E-1 9.69207E-1 9.30871E-1
3.84492E-1 2.53597E-1 2.94697E-1 5.74793E-1 3.44054E-1 3.46932E-1 3.79476E-1 2.89093E-1 3.84274E-1 6.66673E-1 5.90083E-1 4.17827E-1 3.49198E-1 2.63035E-1 4.181E-1 1.68423E-1 1.69544E-1 2.34312E-1 4.68215E-1 7.0881E-1 8.37771E-1 7.949E-1 5.18684E-1 2.83036E-1 8.76653E-2 1.12171E-1 2.60498E-1 2.9477E-1 3.8402E-1 3.64639E-1 5.38235E-1 6.5394E-1 3.81803E-1 3.2262E-1 2.60074E-1 2.87694E-1 3.42726E-1 4.47431E-1 4.11825E-1 3.67027E-1 2.82925E-1 4.00326E-1 3.48296E-1 2.96207E-1 2.18594E-1 3.86175E-1 5.73199E-1 6.25793E-1 4.98471E-1 3.54641E-1 5.14649E-1 6.64433E-1 8.6206E-1 8.90984E-1 9.27387E-1 9.29065E-1 9.19138E-1 7.55542E-1 6.78199E-1
3.32188E-1 2.48089E-1 2.82764E-1 4.23665E-1 3.48678E-1 5.9991E-1 4.70113E-1 2.52001E-1 4.8711E-1 7.90925E-1 7.35321E-1 5.17099E-1 1.43263E-1 2.6194E-1 2.64307E-1 1.55815E-1 3.1E-1 2.28665E-1 4.10897E-1 8.89682E-1 8.98808E-1 6.84693E-1 6.14821E-1 5.0886E-1 3.80122E-1 2.18568E-1 2.46419E-1 2.81853E-1 4.55591E-1 5.01338E-1 4.80261E-1 3.99876E-1 3.71022E-1 2.36352E-1 2.06864E-1 3.58811E-1 3.17659E-1 3.84436E-1 2.87942E-1 2.31364E-1 3.74075E-1 4.08263E-1 2.14569E-1 2.07595E-1 1.94651E-1 1.93787E-1 2.27388E-1 4.02307E-1 3.33825E-1 2.74342E-1 2.87713E-1 5.93085E-1 7.99293E-1 8.59436E-1 9.22531E-1 9.21414E-1 9.16767E-1 7.82582E-1 1.14988E-1
9.48775E-1 9.18286E-1 3.13599E-1 4.59894E-1 5.51588E-1 7.39308E-1 4.57802E-1 4.71687E-1 5.77892E-1 6.94304E-1 6.31562E-1 2.61365E-1 1.65382E-1 4.38074E-1 5.36024E-1 6.07846E-1 5.63618E-1 5.3079E-1 4.45689E-1 8.52014E-1 8.66442E-1 9.58209E-1 8.93866E-1 6.25975E-1 5.4394E-1 5.05377E-1 3.16061E-1 2.47928E-1 4.17738E-1 4.41008E-1 3.88814E-1 3.88386E-1 1.34868E-1 1.78505E-1 1.95481E-1 3.48108E-1 3.78959E-1 1.82731E-1 1.79781E-1 1.71964E-1 2.26251E-1 2.29339E-1 1.96003E-1 1.75017E-1 2.23574E-1 3.31953E-1 3.82942E-1 3.74515E-1 2.08942E-1 3.32389E-1 8.34779E-1 7.07707E-1 6.61476E-1 6.88719E-1 8.32514E-1 7.36424E-1 9.24874E-1 9.1697E-1 1.68699E-1
8.13487E-1 7.95174E-1 3.57077E-1 5.78125E-1 7.81406E-1 7.72164E-1 4.08555E-1 5.71254E-1 5.71382E-1 5.94562E-1 3.81589E-1 8.86688E-2 1.93E-1 3.62959E-1 6.85987E-1 7.15944E-1 6.54898E-1 7.82058E-1 6.3081E-1 8.37869E-1 8.64287E-1 8.73501E-1 8.1239E-1 7.72648E-1 6.50321E-1 5.54525E-1 4.71911E-1 3.88712E-1 2.24272E-1 2.10605E-1 1.6645E-1 8.70966E-2 2.62857E-1 1.77439E-1 1.9059E-1 2.08187E-1 2.29838E-1 8.39456E-2 1.0854E-1 1.91633E-1 3.90147E-1 2.27171E-1 1.57153E-1 1.35991E-1 2.32641E-1 3.74081E-1 3.60161E-1 1.81604E-1 5.79724E-1 7.91584E-1 6.41743E-1 7.035E-1 6.07876E-1 1.16734E-1 9.24187E-2 1.13109E-1 1.54257E-1 2.2833E-1 2.64455E-1
7.29689E-1 6.92777E-1 4.37346E-1 4.22998E-1 7.99593E-1 8.252E-1 5.34548E-1 5.95049E-1 3.47723E-1 2.61701E-1 1.77898E-1 1.02716E-1 1.59806E-1 6.59074E-1 7.51641E-1 7.65515E-1 7.51161E-1 8.46712E-1 7.37817E-1 8.49527E-1 8.68787E-1 8.53303E-1 9.52376E-1 9.54937E-1 7.36551E-1 6.231E-1 5.23295E-1 4.63205E-1 4.24297E-1 4.31536E-1 2.69613E-1 4.15619E-2 2.72459E-1 1.87563E-1 1.94161E-1 1.78758E-1 1.32898E-1 6.87407E-2 1.25733E-1 1.6639E-1 1.78908E-1 2.34407E-1 1.46711E-1 1.14032E-1 4.32462E-1 5.1073E-1 7.68671E-1 7.62621E-1 5.95387E-1 6.67449E-1 7.29993E-1 7.41603E-1 6.60803E-1 1.41783E-1 1.09631E-1 2.61506E-1 3.84573E-1 4.07136E-1 4.02851E-1
7.55929E-1 9.51255E-1 9.53411E-1 6.89584E-1 6.57747E-1 3.45428E-1 1.79286E-1 2.87777E-1 4.80847E-1 5.78063E-1 4.20742E-1 4.06242E-1 6.46239E-1 7.47873E-1 7.98896E-1 8.2398E-1 8.37562E-1 8.99856E-1 8.5616E-1 8.28116E-1 8.78849E-1 8.32278E-1 8.44317E-1 9.718E-1 9.05691E-1 7.12522E-1 6.1486E-1 5.34179E-1 4.90468E-1 4.72349E-1 4.35771E-1 1.83877E-1 9.31795E-2 1.59659E-1 2.12136E-1 2.1835E-1 7.65573E-2 1.03337E-1 1.39452E-1 1.68299E-1 1.43901E-1 1.47321E-1 1.03897E-1 1.29745E-1 5.65224E-1 8.10968E-1 6.03053E-1 7.84999E-1 5.37724E-1 6.19579E-1 6.74134E-1 7.42225E-1 6.67125E-1 1.17813E-1 1.10654E-1 1.49955E-1 1.46444E-1 1.73205E-1 1.96033E-1
7.18949E-1 6.84486E-1 9.19897E-1 8.07485E-1 3.98364E-1 2.08679E-1 1.70706E-1 1.73412E-1 4.43402E-1 4.23464E-1 3.34944E-1 6.45346E-1 7.02224E-1 7.89403E-1 8.22329E-1 8.44448E-1 6.9102E-1 9.03193E-1 9.31441E-1 7.96344E-1 6.37721E-1 7.24555E-1 8.39127E-1 9.23144E-1 9.66882E-1 9.0821E-1 7.62911E-1 6.18036E-1 5.62879E-1 5.16813E-1 4.65351E-1 1.35872E-1 7.50147E-2 1.03514E-1 2.21847E-1 2.9561E-1 1.64713E-1 1.38091E-1 1.522E-1 1.66648E-1 1.35316E-1 9.51632E-2 1.03642E-1 3.0134E-1 5.16706E-1 1.92176E-1 1.21559E-1 2.48301E-1 4.90617E-1 5.25096E-1 5.85966E-1 5.53937E-1 3.27412E-1 2.42305E-1 2.12786E-1 1.06586E-1 1.23775E-1 1.01227E-1 1.40168E-1
7.97005E-1 7.19656E-1 7.16879E-1 3.6674E-1 3.619E-1 2.57063E-1 2.76408E-1 3.81427E-1 1.6529E-1 5.20995E-1 7.62617E-1 7.16748E-1 6.48487E-1 6.54203E-1 7.05994E-1 8.75914E-1 7.25594E-1 8.75722E-1 9.50736E-1 5.7699E-1 6.75825E-1 8.36299E-1 8.79757E-1 8.813E-1 8.51738E-1 9.00925E-1 8.93675E-1 9.28248E-1 7.19043E-1 6.26033E-1 5.24336E-1 2.74341E-1 1.18756E-1 9.38352E-2 2.58682E-1 2.93031E-1 2.09983E-1 2.60784E-1 1.37394E-1 1.53901E-1 6.09678E-2 5.82039E-2 1.83007E-1 4.21358E-1 1.05649E-1 6.02892E-2 5.74538E-2 2.1417E-1 3.12528E-1 1.86279E-1 2.48327E-1 3.46621E-1 3.74528E-1 4.64321E-1 3.65798E-1 1.59577E-1 1.96178E-1 1.79219E-1 1.85216E-1
7.45573E-1 5.16612E-1 2.12188E-1 2.35799E-1 3.1869E-1 2.81133E-1 2.72292E-1 3.18417E-1 2.59729E-1 6.71939E-1 8.22611E-1 8.49909E-1 8.39434E-1 8.60096E-1 8.19694E-1 9.42593E-1 8.02064E-1 9.67376E-1 8.86978E-1 6.17845E-1 7.52685E-1 8.50856E-1 8.8E-1 8.51033E-1 8.40268E-1 8.18504E-1 8.01864E-1 9.24886E-1 7.30465E-1 8.73224E-1 7.63201E-1 3.34889E-1 2.07068E-1 1.3016E-1 2.16842E-1 2.40555E-1 2.29341E-1 2.25591E-1 1.67827E-1 5.47672E-2 3.99348E-2 1.09679E-1 2.13753E-1 3.33992E-1 6.64109E-2 7.05666E-2 3.74961E-2 1.29439E-1 5.60698E-1 4.12708E-1 2.38581E-1 2.66092E-1 2.29176E-1 2.46943E-1 2.53928E-1 1.59489E-1 1.27833E-1 1.48841E-1 1.76816E-1
5.60193E-1 4.22222E-1 3.14506E-1 3.83114E-1 4.92867E-1 5.25283E-1 4.75462E-1 6.52114E-1 2.5037E-1 4.0632E-1 7.12053E-1 9.08192E-1 9.32583E-1 9.40294E-1 9.40593E-1 9.62204E-1 8.81957E-1 9.56719E-1 9.23281E-1 8.63318E-1 7.83934E-1 8.87485E-1 8.71612E-1 8.3158E-1 8.10854E-1 7.98623E-1 6.81612E-1 5.48103E-1 6.00868E-1 7.5369E-1 6.44329E-1 5.867E-1 6.91096E-1 5.84092E-1 4.53715E-1 2.58059E-1 8.92611E-2 4.97576E-2 4.92071E-2 1.78648E-2 7.96226E-2 1.09907E-1 2.65164E-1 3.53118E-1 4.91751E-2 1.17822E-1 1.30868E-1 3.48147E-1 4.08811E-1 5.63848E-1 6.36438E-1 4.1756E-1 2.44257E-1 1.48908E-1 1.91104E-1 1.79108E-1 2.64254E-1 2.6397E-1 2.04523E-1
3.66836E-1 3.84688E-1 5.72171E-1 5.62179E-1 5.39684E-1 5.97207E-1 7.16757E-1 5.24444E-1 2.33507E-1 2.94982E-1 5.39228E-1 8.50572E-1 8.76863E-1 9.55655E-1 8.8181E-1 8.20589E-1 6.71047E-1 9.32293E-1 8.08624E-1 8.05067E-1 9.08052E-1 9.06218E-1 8.54408E-1 7.9999E-1 7.59256E-1 7.3952E-1 5.04081E-1 3.57502E-1 5.6258E-1 5.45128E-1 3.8471E-1 4.39934E-1 4.6312E-1 6.00954E-1 5.47646E-1 6.20176E-1 1.81518E-1 7.82437E-2 1.64963E-2 2.74269E-2 8.84339E-2 1.79528E-1 4.43841E-1 3.25351E-1 1.05369E-1 2.40587E-1 2.35965E-1 5.12581E-1 5.86999E-1 4.25835E-1 6.10805E-1 7.7826E-1 7.43841E-1 3.43281E-1 4.8781E-1 4.55275E-1 7.29838E-1 4.19435E-1 3.62872E-1
4.49376E-1 4.88866E-1 5.29964E-1 3.14915E-1 2.77668E-1 3.11962E-1 4.72973E-1 4.66606E-1 3.43705E-1 4.3321E-1 7.76695E-1 7.76042E-1 6.44443E-1 8.47805E-1 8.56897E-1 6.89151E-1 7.25896E-1 9.23286E-1 7.97565E-1 9.18091E-1 9.20598E-1 9.44457E-1 8.84592E-1 7.81171E-1 7.27632E-1 6.96865E-1 4.23555E-1 4.08174E-1 7.11176E-1 5.35236E-1 3.81379E-1 3.78194E-1 3.47321E-1 3.47715E-1 3.35104E-1 4.60012E-1 1.8593E-1 9.77841E-2 1.91304E-2 4.60943E-2 6.0864E-2 2.1389E-1 2.65107E-1 8.0675E-2 2.20828E-1 2.09055E-1 2.2386E-1 4.33958E-1 4.23053E-1 8.13316E-2 2.99237E-1 2.8092E-1 5.98386E-1 6.34308E-1 3.52342E-1 2.02522E-1 1.91417E-1 1.85403E-1 4.59434E-1
5.00797E-1 6.82237E-1 5.54312E-1 5.37911E-1 5.96198E-1 3.30798E-1 3.33712E-1 2.72528E-1 3.94986E-1 4.28675E-1 7.53862E-1 7.88751E-1 7.37237E-1 7.89116E-1 8.78764E-1 8.84085E-1 7.56673E-1 5.86157E-1 3.64914E-1 4.47362E-1 5.01152E-1 7.52781E-1 9.12864E-1 8.46023E-1 7.91556E-1 5.08811E-1 3.90742E-1 4.34785E-1 4.95996E-1 3.88418E-1 4.87032E-1 4.04767E-1 3.51621E-1 2.59725E-1 2.01412E-1 1.75853E-1 2.20226E-1 3.08769E-1 2.72767E-2 3.97851E-2 9.43005E-2 3.70856E-1 7.52355E-2 2.10156E-2 1.21489E-1 6.33334E-2 1.08539E-1 2.10955E-1 3.8667E-1 1.02078E-1 2.88478E-1 7.33625E-2 6.46027E-2 2.025E-1 1.294E-1 1.0018E-1 1.08367E-1 2.14696E-1 2.42849E-1
4.21592E-1 4.76814E-1 5.68304E-1 8.37864E-1 6.70531E-1 6.7267E-1 3.98728E-1 5.65527E-1 5.85969E-1 4.67019E-1 2.53391E-1 4.46477E-1 6.468E-1 6.01042E-1 7.86694E-1 5.16315E-1 2.89053E-1 2.21042E-1 1.07822E-1 3.0432E-1 7.2101E-1 9.07971E-1 9.39071E-1 9.05964E-1 8.32578E-1 7.33504E-1 5.4123E-1 4.68684E-1 4.5701E-1 4.89871E-1 4.70346E-1 3.3857E-1 3.08789E-1 2.17213E-1 2.10031E-1 1.69104E-1 1.57444E-1 2.43384E-1 8.69797E-2 8.30926E-2 5.23374E-1 4.21514E-1 8.46319E-2 2.82388E-2 1.11329E-1 1.14475E-1 2.25104E-1 1.9121E-1 3.21378E-1 1.70997E-1 1.64972E-1 1.39476E-1 1.49895E-1 5.52398E-2 8.23696E-2 1.08225E-1 1.3007E-1 1.18044E-1 3.31752E-2
5.05292E-1 5.37807E-1 6.69263E-1 5.41643E-1 4.0965E-1 3.30331E-1 6.3778E-1 8.31057E-1 4.732E-1 1.97623E-1 2.95812E-1 4.24147E-1 5.03548E-1 5.95197E-1 5.4074E-1 1.8006E-1 1.57455E-1 2.49243E-1 1.05133E-1 2.45017E-1 7.11191E-1 9.33807E-1 9.5771E-1 8.98265E-1 7.69111E-1 7.23761E-1 8.69438E-1 6.81931E-1 4.4752E-1 3.16146E-1 2.94417E-1 2.20325E-1 3.32978E-1 3.288E-1 3.07302E-1 3.00243E-1 3.32862E-1 2.65161E-1 1.47013E-1 1.27023E-1 3.47107E-1 7.50569E-2 1.55978E-1 1.79011E-1 2.15587E-1 4.36571E-1 3.80096E-1 3.07022E-1 2.50834E-1 2.84119E-1 9.52298E-2 1.87138E-1 1.10036E-1 3.07311E-2 3.03128E-2 5.07802E-2 2.0036E-1 1.70087E-1 3.08068E-2
-9999 -9999 -9999 4.88781E-1 3.85755E-1 4.72877E-1 5.8287E-1 4.46311E-1 1.12105E-1 2.15858E-1 4.15321E-1 4.80169E-1 6.04434E-1 5.33735E-1 2.91786E-1 1.29249E-1 1.19976E-1 1.88432E-1 8.9833E-2 1.47633E-1 5.86617E-1 7.61086E-1 6.68411E-1 6.43555E-1 5.38003E-1 7.17126E-1 9.01752E-1 7.73209E-1 6.49197E-1 2.95303E-1 2.52974E-1 2.73196E-1 3.81226E-1 3.70941E-1 3.63611E-1 3.78814E-1 3.15552E-1 2.87826E-1 4.94047E-1 3.63902E-1 3.70963E-1 7.49496E-2 1.21621E-1 3.71642E-1 3.47989E-1 3.16339E-1 2.22455E-1 3.31427E-1 7.45506E-2 1.14641E-1 1.14797E-1 1.96593E-1 8.69937E-2 2.23597E-2 2.15717E-2 7.53069E-2 2.22681E-1 3.44563E-1 2.47742E-1
-9999 -9999 -9999 -9999 -9999 5.18449E-1 4.86067E-1 4.35997E-1 1.76148E-1 3.18148E-1 4.60953E-1 4.40781E-1 5.01698E-1 5.2846E-1 5.70085E-1 3.61308E-1 1.97789E-1 1.53787E-1 1.30915E-1 2.97788E-1 5.16941E-1 5.84805E-1 6.22447E-1 6.97318E-1 5.64041E-1 6.95561E-1 7.45139E-1 7.13593E-1 5.90015E-1 2.8266E-1 3.80452E-1 3.97648E-1 4.74494E-1 4.51601E-1 3.84669E-1 2.73566E-1 2.35366E-1 2.33055E-1 1.99386E-1 4.04479E-1 1.29077E-1 1.41168E-1 1.47415E-1 2.97531E-1 2.51926E-1 6.40731E-2 5.47526E-2 2.2515E-1 1.07794E-1 4.20274E-1 2.75616E-1 1.22571E-1 1.96206E-1 1.48282E-1 1.09367E-1 2.03149E-1 1.09992E-1 -9999 -9999
-9999 -9999 -9999 -9999 -9999 -9999 -9999 5.30611E-1 4.40268E-1 6.08779E-1 5.46371E-1 3.73809E-1 5.21583E-1 7.34069E-1 6.49956E-1 4.0802E-1 4.76588E-1 2.83631E-1 2.56292E-1 3.42641E-1 3.30882E-1 2.87041E-1 5.34826E-1 6.16906E-1 5.60973E-1 6.18722E-1 6.55229E-1 8.60987E-1 5.00948E-1 3.91997E-1 4.88025E-1 2.65616E-1 2.84759E-1 2.1313E-1 3.75809E-1 3.50326E-1 2.10995E-1 1.83314E-1 1.04157E-1 2.77349E-1 7.01931E-2 2.09271E-1 1.41902E-1 2.35662E-1 2.25733E-1 9.20863E-2 1.1749E-1 1.19718E-1 2.0531E-1 2.88733E-1 2.4288E-1 6.18615E-1 4.34685E-1 -9999 -9999 -9999 -9999 -9999 -9999
-9999 -9999 -9999 -9999 -9999 -9999 -9999 -9999 5.93352E-1 7.03431E-1 5.13126E-1 4.02805E-1 4.77824E-1 7.0571E-1 6.76585E-1 6.16889E-1 5.54983E-1 6.80717E-1 4.16773E-1 4.59427E-1 4.72318E-1 6.01204E-1 3.86998E-1 4.85976E-1 5.75946E-1 6.45854E-1 6.42057E-1 7.90725E-1 7.17382E-1 4.69623E-1 4.84962E-1 2.58599E-1 1.65281E-1 1.52397E-1 3.59517E-1 3.02546E-1 3.37775E-1 1.68552E-1 7.66284E-2 8.78437E-2 1.09686E-1 7.53837E-2 5.27857E-2 1.32559E-1 1.30265E-1 1.29552E-1 2.33344E-1 1.95794E-1 1.28857E-1 4.40204E-1 -9999 -9999 -9999 -9999 -9999 -9999 -9999 -9999 -9999
-9999 -9999 -9999 -9999 -9999 -9999 -9999 -9999 -9999 -9999 2.88759E-1 1.60327E-1 1.80259E-1 1.813E-1 3.58856E-1 5.54462E-1 7.34134E-1 6.48629E-1 4.09392E-1 4.38599E-1 5.87617E-1 8.22187E-1 5.33407E-1 5.05156E-1 7.71367E-1 8.3843E-1 6.8661E-1 6.80895E-1 6.64666E-1 4.95275E-1 3.17419E-1 2.07109E-1 3.0771E-1 2.24938E-1 3.11323E-1 2.28568E-1 1.99769E-1 1.36112E-1 2.02017E-1 3.90522E-1 9.06715E-2 9.57206E-2 1.44887E-1 1.57716E-1 1.54253E-1 1.38611E-1 2.22881E-1 1.77527E-1 2.15005E-1 -9999 -9999 -9999 -9999 -9999 -9999 -9999 -9999 -9999 -9999
