Phytophthora/models/20240604_1618_19/Phytophthora_PA3_RUN1_MAXENT_outputs/projMaxent.asc
ncols         225
nrows         269
xllcorner     473009.9838
yllcorner     4429051.1748
cellsize      50.0
NODATA_value  -9999
[rows 104 to 129 of 269, columns 59 to 117 of 225]
1.19944E-2 5.28158E-2 3.04862E-2 6.85494E-2 5.05269E-2 6.75757E-2 7.4972E-2 1.03535E-1 3.77321E-2 5.98406E-2 7.71587E-2 6.98102E-2 6.1908E-2 6.89662E-2 6.71298E-2 5.02951E-2 4.07298E-2 5.45914E-2 1.09987E-1 2.16512E-1 2.77907E-1 1.01146E-1 2.42466E-2 2.72697E-2 2.37E-2 1.91111E-2 1.18585E-2 7.25203E-3 1.23142E-2 7.60534E-3 6.03732E-3 6.07737E-3 1.48926E-2 3.16576E-2 1.58536E-2 1.80083E-2 3.07648E-2 1.67148E-1 5.78085E-1 3.7701E-1 1.49605E-1 2.89871E-2 1.75192E-2 4.95658E-2 3.14271E-2 1.05168E-1 1.20196E-1 1.1114E-1 3.64874E-2 2.34708E-2 1.61308E-2 1.46353E-2 2.81355E-2 4.7407E-2 1.69709E-2 1.06533E-1 2.89963E-1 3.208E-1 2.4675E-1
8.96146E-3 3.47352E-2 3.40399E-2 6.72098E-2 6.50589E-2 3.84447E-2 5.84487E-2 3.37214E-2 4.90667E-2 4.75868E-2 5.76425E-2 3.6712E-2 4.42058E-2 4.77272E-2 3.7818E-2 3.84446E-2 1.19182E-2 8.14492E-3 1.64619E-2 1.18072E-1 2.82976E-1 2.92016E-1 3.11082E-2 3.2005E-2 1.60644E-2 5.30279E-3 6.39431E-3 1.1077E-2 6.30999E-3 7.95636E-3 4.20616E-3 1.74327E-2 1.39113E-2 9.82831E-3 7.72905E-3 7.71351E-3 1.09512E-2 3.16873E-2 3.38786E-2 6.43534E-2 1.48234E-1 1.22858E-1 9.92343E-2 8.29676E-2 9.76628E-2 1.36077E-1 1.84057E-1 5.07026E-2 3.93466E-2 2.10398E-2 3.8558E-2 8.12417E-2 2.91025E-2 4.62576E-2 1.48872E-2 7.34049E-2 1.23538E-1 2.8102E-1 1.99633E-1
1.24604E-2 1.0389E-2 5.10715E-2 6.23023E-2 7.43468E-2 7.65222E-2 1.50779E-1 9.70818E-2 4.26729E-2 6.19521E-2 5.05787E-2 4.13013E-2 7.77588E-2 5.45576E-2 3.41244E-2 4.09151E-2 3.88695E-2 9.75753E-3 9.59982E-3 3.49158E-2 1.17489E-1 4.75066E-2 1.95304E-2 3.36015E-2 1.4948E-2 5.30856E-3 1.06621E-2 6.31591E-3 3.40075E-3 3.15995E-3 8.2049E-3 2.21043E-2 4.4858E-3 4.9404E-3 4.82583E-3 7.27696E-3 8.02958E-3 2.4038E-2 1.86149E-2 3.31186E-2 8.65189E-2 1.73347E-1 1.77368E-1 1.49785E-1 1.55512E-1 1.12004E-1 1.21324E-1 7.58149E-2 1.19338E-1 3.85395E-2 1.75256E-2 6.06818E-2 4.23254E-2 4.01019E-2 3.16161E-2 2.75995E-2 6.01896E-2 5.38366E-1 4.91988E-1
4.24578E-3 2.56511E-3 1.73411E-2 5.90025E-2 7.26414E-2 1.58257E-1 1.62039E-1 5.64417E-2 3.92505E-2 5.80478E-2 6.30987E-2 6.16263E-2 7.73421E-2 5.31253E-2 4.64709E-2 4.67891E-2 6.84495E-2 2.22764E-2 1.25176E-2 1.82867E-2 6.06189E-2 1.00529E-2 1.06648E-2 1.7463E-2 9.07601E-3 1.51791E-2 3.04127E-2 9.98474E-3 8.78187E-3 7.70376E-3 1.35524E-2 5.81279E-3 3.0518E-3 2.9844E-3 2.8033E-3 4.7043E-3 1.53394E-2 5.0256E-2 3.13765E-2 7.41042E-2 1.06463E-1 2.2051E-1 1.80864E-1 1.70185E-1 1.25351E-1 9.41096E-2 1.08666E-1 1.87503E-2 9.85375E-2 5.10166E-2 3.17266E-2 1.90286E-2 5.00263E-2 5.42807E-2 1.43949E-1 2.11045E-1 2.00666E-1 1.16292E-1 9.66473E-2
7.13894E-3 6.76864E-3 1.37662E-2 3.45983E-2 4.05684E-2 3.96796E-2 1.98821E-2 1.93015E-2 4.57991E-2 6.39511E-2 7.50784E-2 7.89147E-2 9.06549E-2 7.97404E-2 6.62808E-2 5.03639E-2 6.81655E-2 5.39773E-2 3.40602E-2 2.9765E-2 2.03072E-2 5.19792E-3 9.00738E-3 1.82912E-2 1.01234E-2 3.02911E-2 3.53531E-2 3.38404E-2 2.30085E-2 9.37474E-3 6.66399E-3 4.39163E-3 2.45476E-3 3.23178E-3 2.44187E-3 2.00914E-3 4.04832E-3 2.16426E-2 5.0733E-2 8.35238E-2 7.34792E-2 1.10334E-1 2.02411E-1 2.31805E-1 7.41351E-2 9.51293E-2 2.24828E-2 9.74534E-3 1.28112E-2 3.15658E-2 2.76601E-2 3.73618E-2 7.29551E-2 2.88361E-1 3.70389E-1 4.60817E-1 3.71242E-1 3.69593E-1 3.8088E-2
4.66883E-3 2.15842E-2 3.56625E-2 1.78958E-2 5.9614E-2 5.85597E-2 2.59556E-2 2.04693E-2 4.08841E-2 6.33332E-2 5.00049E-2 8.33999E-2 9.43082E-2 6.23654E-2 1.02395E-1 6.96801E-2 4.56208E-2 6.84868E-2 6.84008E-2 1.04782E-1 8.74928E-2 1.48492E-2 1.93564E-2 5.65445E-2 2.93694E-2 1.18171E-2 1.55048E-2 2.54449E-2 1.5727E-2 1.08196E-2 5.71766E-3 5.3475E-3 7.20467E-3 8.58086E-3 4.48557E-3 3.18827E-3 3.95488E-3 9.791E-3 1.33766E-2 1.85992E-2 3.55393E-2 9.65768E-2 1.12571E-1 7.36605E-2 4.19987E-2 3.01765E-2 5.93764E-3 6.72115E-3 1.69238E-2 1.0484E-2 8.91442E-3 1.8898E-2 1.174E-1 2.60563E-1 1.13912E-1 2.04157E-1 2.90011E-1 3.97648E-1 1.4321E-1
2.54826E-3 4.50632E-3 3.29267E-2 6.76182E-2 6.15393E-2 2.69907E-2 3.82924E-2 2.25771E-2 5.51501E-2 6.70548E-2 9.20061E-2 8.90617E-2 1.03762E-1 5.56046E-2 1.18745E-1 1.47346E-1 9.90714E-2 7.3442E-2 1.08988E-1 9.37372E-2 1.8507E-1 1.41416E-1 8.66615E-2 2.0147E-1 1.99331E-1 8.96901E-2 1.63838E-1 1.82148E-2 9.74381E-3 9.81375E-3 6.83833E-3 5.882E-3 8.22663E-3 8.59245E-3 7.65277E-3 8.76104E-3 3.3693E-3 1.18799E-3 1.48288E-3 9.83764E-3 4.77956E-2 1.1064E-1 6.54438E-2 2.55116E-2 5.75926E-2 3.40018E-2 1.7519E-2 3.75895E-2 2.14024E-2 1.447E-2 7.21886E-3 1.99925E-2 6.45997E-2 7.11838E-2 2.94877E-2 2.69004E-2 1.20705E-1 1.55018E-1 1.79279E-1
5.13294E-3 5.40005E-3 2.42738E-2 8.41108E-2 3.84425E-2 4.21538E-2 4.50339E-2 1.43986E-2 5.19222E-2 1.07361E-1 1.03454E-1 1.27919E-1 1.27118E-1 7.47686E-2 1.27547E-1 1.30523E-1 1.00828E-1 8.81555E-2 5.59246E-2 1.96759E-1 2.24038E-1 2.67996E-1 2.02558E-1 2.52434E-1 2.90451E-1 8.8877E-2 6.33648E-2 7.58458E-3 2.72176E-2 2.30571E-2 2.06368E-2 1.47938E-2 1.31124E-2 1.19374E-2 2.64987E-3 2.16266E-3 1.12891E-3 1.28973E-3 3.03976E-3 2.38841E-2 1.42195E-1 7.31994E-2 1.75774E-1 2.48659E-2 3.81813E-2 2.49551E-2 4.76388E-2 4.1531E-2 5.98385E-2 2.05153E-2 2.44533E-2 3.29317E-2 2.52835E-2 2.408E-2 2.32068E-2 2.1965E-2 4.43612E-2 4.53224E-2 7.82645E-2
2.60606E-3 4.1301E-3 7.34401E-2 4.68153E-2 5.1234E-2 3.03531E-2 1.00181E-2 6.75147E-3 2.82314E-2 4.57535E-2 4.11733E-2 1.79014E-1 7.56978E-2 5.46756E-2 1.98889E-1 3.15906E-1 1.84113E-1 7.04729E-2 7.21615E-2 1.34803E-1 1.50719E-1 1.75651E-1 1.48553E-1 2.41911E-1 9.58317E-2 2.88642E-2 1.69882E-2 1.36601E-2 2.24716E-2 3.52734E-2 4.94322E-2 5.46983E-2 3.49933E-2 1.00951E-2 3.27758E-3 1.43757E-3 1.07675E-3 3.27615E-3 1.58666E-2 3.85155E-2 5.56425E-2 7.79072E-2 1.12225E-1 5.40176E-2 3.00584E-2 3.2504E-2 9.20545E-2 1.09114E-1 1.13985E-1 7.3525E-2 5.41168E-2 4.21876E-2 3.48387E-2 5.32866E-2 6.30968E-2 6.17257E-2 5.4377E-2 2.94771E-2 7.19523E-2
1.94274E-3 1.33777E-2 7.78758E-2 5.72258E-2 7.25589E-2 3.68368E-2 2.36814E-2 1.58052E-2 2.04483E-2 1.51902E-2 2.40657E-2 3.19598E-2 1.48747E-2 5.61221E-2 2.3844E-1 4.02148E-1 1.75088E-1 6.07605E-2 4.35311E-2 2.43391E-2 6.03556E-2 5.11388E-2 6.13991E-2 1.89277E-1 9.41734E-2 4.72849E-2 2.6402E-2 2.82985E-2 1.71327E-2 1.70481E-2 1.06731E-2 9.6652E-3 1.9424E-3 1.16709E-3 2.15334E-3 1.52869E-3 2.09715E-3 5.20842E-3 7.46213E-3 9.14871E-3 8.4098E-3 1.64951E-2 3.02984E-2 2.6356E-2 6.89014E-2 1.26056E-1 1.5601E-1 4.47096E-2 2.38904E-2 4.2721E-2 3.55981E-2 4.17416E-2 4.47159E-2 5.2697E-2 5.71024E-2 1.18606E-1 1.09811E-1 4.56475E-2 8.45678E-2
8.51087E-3 3.10417E-2 5.71203E-2 5.82598E-2 8.29369E-2 8.14046E-2 1.06044E-1 3.35034E-2 3.46856E-2 1.94641E-2 1.60209E-2 6.86435E-3 1.24889E-2 9.81909E-2 1.16732E-1 2.56597E-1 5.26487E-2 1.46319E-2 1.69275E-2 1.53755E-2 2.38993E-2 3.18094E-2 8.57411E-2 6.61547E-2 5.81526E-2 5.85898E-2 3.05792E-2 2.87552E-2 1.17066E-2 4.18102E-3 4.2303E-3 1.46646E-3 5.46703E-4 1.75495E-3 1.67788E-3 2.06471E-3 4.92876E-3 2.70529E-2 9.1744E-3 5.83226E-3 1.4407E-2 2.87396E-2 1.67624E-2 2.08619E-2 3.81045E-2 4.09477E-2 1.11763E-1 1.19894E-1 8.56376E-2 4.81034E-2 5.2001E-2 2.80581E-2 2.05778E-2 8.10378E-2 3.0917E-2 4.30535E-2 3.03562E-2 4.27818E-2 2.10694E-1
1.04716E-1 1.24742E-1 6.24205E-2 1.7608E-2 9.52505E-2 1.11206E-1 1.13923E-1 1.13224E-1 1.71061E-2 6.13865E-3 1.13084E-2 1.90836E-2 7.5137E-2 1.93705E-1 1.55559E-1 2.43038E-1 4.3255E-2 1.49622E-2 1.42432E-2 1.70398E-2 2.20013E-2 4.84187E-2 1.18606E-1 6.15424E-2 3.48562E-2 5.76743E-2 3.03323E-2 1.91103E-2 8.10657E-3 2.25666E-3 1.63023E-3 4.45545E-4 3.93638E-4 1.12068E-3 1.23606E-3 2.50724E-3 8.07348E-3 4.64587E-2 4.74879E-2 5.49275E-2 4.69367E-2 3.21379E-2 1.44495E-2 3.78607E-2 3.59178E-2 2.44818E-2 3.29218E-2 4.7146E-2 1.28234E-2 1.50593E-2 7.0089E-3 3.5767E-2 5.41973E-2 2.11228E-1 5.4212E-2 2.73243E-2 2.20398E-2 5.84656E-2 3.55967E-1
2.74332E-2 5.02108E-2 8.76947E-3 9.28861E-3 6.15722E-2 1.48526E-1 1.87522E-1 2.06927E-2 7.1315E-3 3.88451E-3 6.29215E-3 4.42773E-2 1.34885E-1 2.59519E-1 3.22201E-1 3.11605E-1 3.5873E-2 1.88101E-2 2.43566E-2 3.46214E-2 3.07008E-2 2.91419E-2 1.09962E-1 6.68292E-2 2.83322E-2 3.80516E-2 7.81723E-2 9.77196E-2 2.41568E-2 3.41608E-3 2.73901E-3 8.48329E-4 4.22088E-4 5.45111E-4 5.98946E-4 1.6833E-3 6.36748E-3 5.27017E-2 4.70175E-2 3.20934E-2 3.22094E-2 6.69706E-2 7.22577E-2 8.50752E-2 6.48964E-2 6.10068E-2 2.20461E-2 6.77913E-3 6.38841E-3 3.79449E-3 3.84591E-3 5.28261E-2 1.09701E-1 1.01308E-1 4.59655E-2 2.46126E-2 3.67043E-2 7.5411E-2 1.44651E-1
1.94173E-2 1.40524E-2 1.06333E-2 1.63935E-2 2.44052E-2 6.43068E-2 4.20878E-2 1.27792E-2 6.91824E-3 4.30563E-3 1.84833E-2 8.29925E-2 2.00776E-1 8.05619E-2 2.01185E-1 2.76361E-1 3.16014E-2 3.38007E-2 4.67093E-2 3.30231E-2 2.21992E-2 2.91553E-2 9.08207E-2 6.38845E-2 2.66913E-2 4.82187E-2 2.0678E-1 7.30459E-2 9.23087E-3 2.7917E-3 5.03074E-3 2.26615E-3 7.25332E-4 8.33236E-4 1.15396E-3 3.20676E-3 9.42753E-3 1.0274E-1 9.54382E-2 1.04746E-1 1.08399E-1 5.25316E-2 1.13165E-1 5.16539E-2 2.119E-2 1.2629E-2 7.86086E-3 3.84865E-3 4.12963E-3 2.26351E-3 1.53609E-3 2.2267E-2 9.44699E-2 4.40607E-2 1.96984E-2 2.4917E-2 4.27143E-2 9.83214E-2 1.59393E-1
1.50402E-2 1.55409E-2 1.1537E-2 1.11298E-2 9.67783E-3 9.52515E-3 2.68218E-2 1.69023E-2 6.89142E-3 7.49094E-3 1.61276E-2 5.18853E-2 9.37029E-2 2.55472E-2 9.51739E-2 1.76621E-1 9.55143E-2 6.76565E-2 1.64249E-1 1.88483E-1 3.58077E-2 3.9868E-2 8.2286E-2 1.05423E-1 4.12964E-2 5.72896E-2 1.98611E-1 1.86443E-2 1.05696E-2 7.72095E-3 7.90073E-3 3.30942E-3 1.05433E-3 1.09947E-3 2.94309E-3 3.30913E-2 5.36409E-2 8.30861E-2 3.47736E-2 8.60406E-2 1.35154E-1 5.91813E-2 3.60396E-2 1.61887E-2 9.95899E-3 6.50102E-3 4.97583E-3 3.65471E-3 2.10963E-3 1.95668E-3 2.38079E-3 8.8417E-3 2.28979E-2 3.16023E-2 5.14777E-2 3.88251E-2 6.97271E-2 1.18418E-1 1.76243E-1
1.6967E-2 2.76516E-2 1.96298E-2 1.3249E-2 1.4101E-2 1.32828E-2 3.73416E-2 7.27732E-2 2.54913E-2 1.62669E-2 2.49415E-2 6.17131E-2 1.00099E-1 1.81255E-1 1.33411E-1 4.16866E-1 5.14448E-1 1.24452E-1 2.89937E-1 4.81736E-1 1.14145E-1 1.66296E-1 3.14993E-1 4.12147E-1 8.88517E-2 1.45225E-1 1.88199E-1 1.95628E-2 1.89822E-2 1.7045E-2 1.10849E-2 2.53148E-3 1.06235E-3 9.27928E-4 6.67863E-3 3.67318E-2 3.74341E-2 2.48614E-2 5.26826E-2 7.17166E-2 4.85627E-2 1.06393E-2 1.07257E-2 1.32693E-2 1.27968E-2 6.1738E-3 4.87515E-3 3.26764E-3 1.85191E-3 1.48157E-3 1.77813E-3 4.18412E-3 1.00663E-2 3.72852E-2 1.00438E-1 1.08061E-1 9.8086E-2 1.63289E-1 1.83259E-1
2.58151E-2 5.4997E-2 9.9027E-2 3.15486E-2 1.74076E-2 2.42365E-2 1.89532E-2 2.05392E-2 3.40446E-2 3.38206E-2 4.70979E-2 6.24021E-2 8.83507E-2 6.51168E-2 8.42636E-2 5.07621E-1 5.60543E-1 4.98088E-1 4.2102E-1 3.79434E-1 4.92382E-1 4.54159E-1 6.7236E-1 4.44983E-1 9.25788E-2 2.16408E-1 1.1523E-1 3.19709E-2 2.62351E-2 1.96388E-2 1.10675E-2 2.70886E-3 1.33032E-3 1.11076E-3 2.81654E-3 4.609E-3 3.05639E-3 4.67363E-3 2.53599E-2 4.05072E-2 4.78204E-2 7.53385E-3 1.55938E-2 7.62056E-3 9.67908E-3 6.54195E-3 3.8051E-3 3.11708E-3 2.28371E-3 2.22508E-3 2.33389E-3 4.76961E-3 1.53163E-2 2.18835E-2 4.89739E-2 5.80197E-2 7.15512E-2 7.44409E-2 1.07234E-1
6.23082E-2 2.81005E-1 9.8299E-2 2.80948E-2 2.43705E-2 3.55296E-2 4.5302E-2 2.02444E-2 2.51291E-2 5.17844E-2 6.69527E-2 7.19826E-2 4.66052E-2 3.75942E-2 1.6168E-1 5.29476E-1 4.10546E-1 2.8969E-1 4.85182E-1 5.78213E-1 6.77881E-1 7.06122E-1 4.21838E-1 3.06687E-1 1.88388E-1 1.24785E-1 8.22484E-2 4.3214E-2 2.49893E-2 3.1424E-2 9.57031E-3 6.81415E-3 4.07114E-3 2.14585E-3 3.33589E-3 4.18833E-3 4.90308E-3 3.92089E-3 1.18882E-2 4.83011E-2 2.29074E-2 7.50573E-3 1.48986E-2 7.31607E-3 1.64826E-2 1.36992E-2 5.33046E-3 4.28963E-3 3.56464E-3 3.43917E-3 2.90307E-3 3.124E-3 6.84062E-3 9.51538E-3 1.70396E-2 3.42897E-2 7.4755E-2 1.33378E-1 1.5401E-1
8.53596E-2 1.91806E-1 6.2866E-2 2.34593E-2 3.82462E-2 2.0378E-1 1.72354E-1 2.72196E-2 2.77017E-2 2.64512E-2 1.56688E-2 4.25794E-2 2.44171E-2 3.86169E-2 1.90132E-1 6.26946E-1 2.57922E-1 2.58335E-1 4.41951E-1 5.53113E-1 7.40502E-1 6.89804E-1 5.87405E-1 2.66431E-1 1.31766E-1 6.97144E-2 5.80901E-2 2.90868E-2 4.67273E-2 3.59986E-2 1.36318E-2 1.30865E-2 7.26055E-3 3.437E-3 4.50029E-3 5.08493E-3 1.02569E-2 1.57604E-2 8.18411E-3 1.49043E-2 4.27375E-2 2.92545E-2 8.90604E-3 6.53229E-3 1.50681E-2 1.97445E-2 1.26941E-2 1.16797E-2 8.19098E-3 2.20629E-2 5.63704E-3 4.17868E-3 7.64034E-3 7.80596E-3 1.99615E-2 2.21126E-2 5.15655E-2 3.92203E-1 2.21791E-1
3.26389E-2 6.65372E-2 3.39555E-2 2.31325E-2 2.43854E-2 7.21067E-2 1.69558E-1 7.99921E-2 2.60239E-2 2.85302E-2 2.16318E-2 6.97789E-2 6.75611E-2 3.55932E-2 2.91156E-1 4.03276E-1 1.77782E-1 3.79052E-1 4.19601E-1 4.05451E-1 3.87733E-1 2.98072E-1 3.02075E-1 3.38538E-2 2.02527E-2 1.39214E-1 1.66569E-1 6.49194E-2 4.67517E-2 3.85272E-2 1.17901E-2 6.39113E-3 3.94764E-3 3.55904E-3 9.51362E-3 1.09613E-2 1.34554E-2 8.58289E-3 8.89748E-3 1.3273E-2 2.71383E-2 7.79514E-3 6.4078E-3 8.7333E-3 8.2446E-3 9.89171E-3 8.11279E-3 1.22628E-2 8.59617E-3 1.78939E-2 3.929E-2 1.46384E-2 7.86438E-3 1.53997E-2 2.60684E-2 2.56806E-2 6.94081E-2 3.91123E-1 6.24476E-1
2.36342E-2 2.6368E-2 3.53605E-2 1.99248E-2 4.82188E-2 4.44285E-2 4.39095E-2 1.2741E-1 2.02969E-1 8.98743E-2 5.69415E-2 9.99206E-2 3.96876E-1 4.71192E-1 5.04074E-1 1.22188E-1 6.401E-1 5.47613E-1 3.47378E-1 1.76431E-1 1.91811E-1 7.30705E-1 4.64344E-1 2.79979E-2 6.52786E-3 1.21728E-1 2.03305E-1 6.4696E-2 3.00228E-2 4.18196E-2 3.13908E-2 1.49612E-2 1.16728E-2 1.15633E-2 1.59308E-2 1.93285E-2 9.95961E-3 1.51124E-2 1.01045E-2 7.08034E-3 7.85402E-3 3.51835E-3 4.66865E-3 7.72972E-3 7.91013E-3 7.50279E-3 8.03287E-3 1.94453E-2 1.22827E-2 1.13565E-2 3.81722E-2 4.3391E-2 1.9174E-2 1.73304E-2 6.42732E-2 7.12756E-2 1.41632E-1 6.31844E-1 5.89378E-1
3.0345E-2 2.76322E-2 2.33397E-2 3.01018E-2 9.85549E-2 6.39659E-2 5.42884E-2 1.04729E-1 2.77053E-1 4.47921E-1 3.41106E-1 4.68725E-1 4.90217E-1 3.70096E-1 3.71375E-1 1.48006E-1 8.67667E-1 6.21884E-1 2.28774E-1 2.27288E-1 3.25259E-1 5.71517E-1 2.57351E-1 1.84062E-2 1.37248E-2 1.30772E-1 1.383E-1 6.65009E-2 4.30238E-2 4.68861E-2 3.24908E-2 1.79843E-2 1.42452E-2 1.22768E-2 1.2084E-2 7.07663E-3 2.30535E-3 1.83876E-3 4.42752E-3 4.05206E-3 5.64872E-3 3.50685E-3 5.39566E-3 9.93898E-3 1.15818E-2 2.03304E-2 2.52252E-2 3.84603E-2 2.09919E-2 1.61327E-2 1.96129E-2 1.85339E-2 5.90104E-2 7.39205E-2 1.15156E-1 1.05458E-1 4.73142E-1 5.70258E-1 4.38563E-1
4.42628E-2 4.87461E-2 2.51021E-2 6.68555E-2 1.37383E-1 8.24019E-2 1.12419E-1 1.10816E-1 2.23448E-1 4.6908E-1 3.64032E-1 3.14246E-1 1.58965E-1 1.78095E-1 1.89702E-1 6.5938E-2 1.54741E-1 8.80554E-2 5.07085E-2 8.61024E-2 1.19414E-1 2.45996E-1 1.39116E-1 1.12116E-2 1.44734E-2 1.76203E-1 2.1005E-1 8.50588E-2 5.11313E-2 4.53124E-2 7.06001E-2 3.12197E-2 1.65858E-2 1.43353E-2 2.9697E-3 2.53417E-3 2.18837E-3 3.12058E-3 3.65014E-3 4.02615E-3 4.0499E-3 6.00539E-3 9.91322E-3 1.77529E-2 2.7218E-2 7.91889E-2 8.69929E-2 7.20992E-2 4.33217E-2 4.29226E-2 2.47797E-2 4.20034E-2 6.63931E-2 4.60584E-2 6.96875E-2 1.02223E-1 2.49305E-1 3.74423E-1 3.09923E-1
1.61052E-2 3.24946E-2 3.98218E-2 1.39348E-1 1.9782E-1 1.08243E-1 4.03508E-2 6.92305E-2 1.25508E-1 2.78981E-1 5.81721E-1 6.25162E-1 8.12204E-2 1.23824E-1 1.76312E-1 1.38899E-1 1.35381E-1 7.36695E-2 6.31156E-2 4.34719E-2 3.95172E-2 7.83704E-2 3.69613E-2 1.75038E-2 1.92963E-2 1.28654E-1 1.30864E-1 7.32015E-2 4.57446E-2 2.18278E-2 2.56753E-2 2.52663E-2 2.36878E-2 1.50263E-2 3.13124E-3 1.3802E-3 2.46558E-3 7.5083E-3 1.14875E-2 1.78589E-2 2.81373E-2 3.63735E-2 3.34952E-2 1.117E-1 1.56421E-1 9.641E-2 4.99872E-2 4.90123E-2 5.60519E-2 6.71234E-2 4.44107E-2 1.21359E-1 2.39487E-1 3.8622E-2 9.87291E-2 1.07395E-1 8.75992E-2 1.10463E-1 3.90236E-1
1.47066E-2 2.13767E-2 2.75785E-2 8.11716E-2 3.18729E-1 2.49381E-1 7.06257E-2 1.28501E-1 1.71474E-1 4.57244E-1 6.19414E-1 6.50388E-1 6.12828E-1 1.36278E-1 1.97989E-1 1.95184E-1 1.27722E-1 1.20663E-1 9.30679E-2 4.17308E-2 6.18443E-2 9.64395E-2 4.72812E-2 1.27344E-2 1.71902E-2 2.27282E-2 4.27639E-2 7.03712E-2 3.99998E-2 5.08354E-2 3.72073E-2 2.34478E-2 2.47401E-2 1.97267E-2 1.0592E-2 4.78392E-3 2.70369E-3 6.51748E-3 7.40221E-3 3.251E-2 4.93009E-2 2.68929E-2 3.05886E-2 1.02869E-1 7.66665E-2 4.67897E-2 5.61113E-2 5.40138E-2 3.20139E-2 2.72872E-2 2.23358E-2 9.63996E-2 3.19342E-1 1.25248E-1 1.15254E-1 1.40441E-1 1.25594E-1 2.65693E-1 4.4126E-1
1.07776E-2 2.18961E-2 4.73141E-2 6.21428E-2 1.68178E-1 2.85898E-1 1.07233E-1 1.87838E-1 3.08389E-1 4.18765E-1 6.45453E-1 6.56265E-1 6.67053E-1 4.55742E-1 1.55509E-1 2.85725E-1 1.4039E-1 8.48056E-2 5.51952E-2 4.98544E-2 6.22509E-2 1.97432E-1 8.03876E-2 1.0653E-2 1.1289E-2 1.5511E-2 3.775E-2 8.29498E-2 2.74311E-2 3.07063E-2 2.37049E-2 2.58775E-2 2.10707E-2 2.62934E-2 1.20834E-2 1.94646E-2 1.21823E-2 2.2107E-2 1.80709E-2 2.64182E-2 7.45395E-2 2.0214E-2 1.37421E-2 5.36393E-2 6.98418E-2 6.24848E-2 7.25374E-2 9.4874E-2 7.44824E-2 4.15336E-2 3.1912E-2 1.16674E-1 4.06651E-1 1.83566E-1 2.27797E-1 3.89154E-1 5.07075E-1 3.72212E-1 1.89677E-1
