Phytophthora/models/20240604_1618_19/Phytophthora_PA3_RUN1_MAXENT_outputs/projMaxent.asc
ncols         225
nrows         269
xllcorner     473009.9838
yllcorner     4429051.1748
cellsize      50.0
NODATA_value  -9999
[rows 182 to 207 of 269, columns 0 to 58 of 225]
-9999 -9999 -9999 -9999 -9999 -9999 -9999 -9999 -9999 2.18568E-1 5.64818E-1 9.09286E-1 9.73827E-1 9.78241E-1 4.96728E-1 2.10215E-1 9.12581E-2 1.00224E-1 1.36865E-1 1.25163E-1 1.13507E-1 9.88779E-2 7.63822E-2 5.82647E-2 7.16538E-2 1.31635E-1 1.91571E-1 3.33605E-1 8.52232E-1 9.65583E-1 9.32737E-1 8.35591E-1 7.72619E-1 5.01165E-1 2.42489E-1 3.45003E-1 3.99132E-1 2.41292E-1 7.14476E-1 6.64568E-1 1.24408E-1 4.9338E-2 2.25624E-1 3.67281E-1 1.57875E-1 6.25646E-2 4.46335E-1 5.29278E-1 1.0824E-1 1.08619E-1 1.35195E-1 9.29305E-2 3.83539E-1 8.41234E-1 7.66396E-1 5.9005E-1 6.06326E-1 6.40884E-1 3.77948E-1
-9999 -9999 -9999 -9999 -9999 -9999 -9999 -9999 -9999 -9999 3.22501E-1 7.59677E-1 9.53898E-1 9.69019E-1 4.47113E-1 1.69862E-1 1.02659E-1 1.69559E-1 3.27347E-1 2.35576E-1 8.00607E-2 1.56478E-1 1.42945E-1 7.0523E-2 4.48261E-2 5.9934E-2 1.07816E-1 1.27445E-1 8.80262E-1 9.48381E-1 7.52746E-1 6.9655E-1 5.4263E-1 4.3358E-1 3.70519E-1 4.69212E-1 4.00562E-1 5.6407E-1 4.94898E-1 6.13591E-1 1.03682E-1 4.623E-2 1.28458E-1 8.70958E-2 5.47482E-2 4.90339E-2 4.97127E-1 2.46542E-1 2.84725E-1 4.42237E-1 4.00723E-1 3.28137E-1 2.90285E-1 6.79822E-1 8.0087E-1 4.24397E-1 2.61046E-1 2.44886E-1 2.29411E-1
-9999 -9999 -9999 -9999 -9999 -9999 -9999 -9999 -9999 -9999 -9999 -9999 -9999 9.43935E-1 7.18045E-1 2.70042E-1 1.74628E-1 2.38518E-1 5.78397E-1 1.24842E-1 7.57266E-2 1.90074E-1 2.3852E-1 7.39055E-2 3.23475E-2 4.84305E-2 1.07299E-1 1.42813E-1 2.59592E-1 2.59487E-1 3.61788E-1 4.15155E-1 2.91088E-1 2.53899E-1 3.94103E-1 4.33449E-1 4.3188E-1 7.66153E-1 9.50493E-1 3.37456E-1 8.49234E-2 9.61325E-2 1.33486E-1 4.94832E-2 2.64594E-2 7.19141E-2 4.61604E-1 5.09297E-1 3.93695E-1 5.9851E-1 7.37015E-1 3.20508E-1 4.43855E-1 8.87587E-1 4.27544E-1 1.68287E-1 1.53103E-1 1.86468E-1 1.51378E-1
-9999 -9999 -9999 -9999 -9999 -9999 -9999 -9999 -9999 -9999 -9999 -9999 -9999 -9999 7.87599E-1 6.549E-1 3.17825E-1 1.65383E-1 2.02627E-1 2.06385E-1 2.57465E-1 3.79218E-1 4.90454E-1 1.36161E-1 7.42649E-2 4.30325E-2 1.00145E-1 1.59836E-1 1.46862E-1 1.79531E-1 6.40749E-1 7.73216E-1 4.31702E-1 3.03577E-1 3.23385E-1 1.61871E-1 1.97515E-1 6.84636E-1 8.10583E-1 4.08144E-1 6.55235E-1 5.87369E-1 1.80952E-1 2.76193E-2 2.14824E-2 6.32294E-2 6.25648E-1 7.73111E-1 5.83298E-1 6.35422E-1 8.35229E-1 7.15705E-1 3.61861E-1 3.15179E-1 3.58375E-1 2.54503E-1 1.91577E-1 1.8497E-1 1.85801E-1
-9999 -9999 -9999 -9999 -9999 -9999 -9999 -9999 -9999 -9999 -9999 -9999 -9999 -9999 -9999 6.19268E-1 3.15878E-1 1.6177E-1 2.46019E-1 4.18799E-1 4.02374E-1 4.86088E-1 5.46813E-1 4.46299E-1 2.95606E-1 6.8657E-2 1.32025E-1 1.4966E-1 2.13297E-1 2.26488E-1 4.71443E-1 6.4935E-1 5.31504E-1 3.62028E-1 2.84549E-1 2.0172E-1 4.1903E-1 5.43054E-1 8.6526E-1 7.84098E-1 8.4897E-1 9.04719E-1 2.90052E-1 3.55552E-2 3.0226E-2 5.29756E-2 3.05958E-1 6.35977E-1 6.25062E-1 6.21761E-1 4.76833E-1 7.60861E-1 2.81002E-1 3.09252E-1 3.26748E-1 2.53681E-1 1.53949E-1 4.58644E-1 2.63304E-1
-9999 -9999 -9999 -9999 -9999 -9999 -9999 -9999 -9999 -9999 -9999 -9999 -9999 -9999 -9999 5.19091E-1 6.80909E-1 6.78055E-1 8.50434E-1 8.3354E-1 8.3632E-1 2.57633E-1 4.59908E-1 4.93226E-1 8.39277E-1 3.77168E-1 1.64879E-1 1.91202E-1 1.7843E-1 1.55492E-1 1.66601E-1 2.2361E-1 2.80573E-1 5.48581E-1 3.25069E-1 5.56651E-1 7.3216E-2 7.31926E-1 7.30477E-1 9.12241E-1 9.22387E-1 5.57448E-1 1.66371E-1 3.77854E-2 2.50983E-2 4.50043E-2 1.8252E-1 6.54822E-1 6.89497E-1 3.14147E-1 7.17053E-1 5.70413E-1 3.02244E-1 2.80779E-1 2.22915E-1 2.12197E-1 1.89917E-1 2.28591E-1 1.15357E-1
-9999 -9999 -9999 -9999 -9999 -9999 -9999 -9999 -9999 -9999 -9999 -9999 -9999 -9999 -9999 -9999 6.04445E-1 9.14901E-1 8.29628E-1 7.93559E-1 3.84768E-1 8.71298E-2 3.14696E-1 2.29724E-1 4.3127E-1 1.44279E-1 8.82908E-2 1.919E-1 2.28231E-1 3.58027E-1 5.6299E-1 7.14796E-1 8.98212E-1 9.21989E-1 6.75386E-1 3.38879E-1 1.47238E-1 7.63803E-1 9.19202E-1 9.27395E-1 9.28669E-1 8.66412E-1 2.1134E-1 6.11156E-2 1.90619E-2 7.30422E-2 3.87741E-1 2.84267E-1 1.63001E-1 7.04161E-1 8.17128E-1 8.1058E-1 3.09683E-1 1.98646E-1 1.51051E-1 1.50171E-1 1.86151E-1 1.52344E-1 5.39977E-2
-9999 -9999 -9999 -9999 -9999 -9999 -9999 -9999 -9999 -9999 -9999 -9999 -9999 -9999 -9999 8.29516E-1 9.50932E-1 9.57553E-1 8.14696E-1 6.00695E-1 1.21559E-1 6.30422E-2 2.10793E-1 2.84813E-1 2.20436E-1 6.91027E-2 2.53008E-2 1.07175E-1 8.28247E-1 9.41563E-1 9.48188E-1 9.40454E-1 9.32654E-1 9.26961E-1 9.66279E-1 3.23261E-1 1.28721E-1 5.62344E-1 9.26883E-1 9.42148E-1 9.14065E-1 7.27807E-1 4.40275E-1 1.17964E-1 3.04694E-2 4.86228E-2 1.5087E-1 1.14817E-1 8.30289E-2 6.36358E-1 7.73728E-1 7.9129E-1 2.33721E-1 1.71928E-1 1.28664E-1 1.18912E-1 2.04854E-1 1.88063E-1 6.44191E-2
-9999 -9999 -9999 -9999 -9999 -9999 -9999 -9999 -9999 -9999 -9999 -9999 -9999 -9999 -9999 4.53583E-1 7.38175E-1 9.65284E-1 6.91117E-1 1.90928E-1 6.36749E-2 9.7646E-2 1.23608E-1 1.45994E-1 1.66789E-1 8.16271E-2 3.56779E-2 7.76437E-2 8.25415E-1 9.29259E-1 9.40121E-1 9.419E-1 9.07711E-1 7.45879E-1 5.39158E-1 1.8869E-1 1.26104E-1 6.32749E-1 9.17348E-1 9.33464E-1 8.94304E-1 7.50348E-1 2.6651E-1 1.14519E-1 4.66917E-2 3.16552E-2 9.19471E-2 2.23918E-2 9.89536E-2 4.96787E-1 7.7731E-1 5.65956E-1 2.25106E-1 1.59218E-1 2.43122E-1 1.45655E-1 4.61409E-1 5.87777E-1 1.19114E-1
-9999 -9999 -9999 -9999 -9999 -9999 -9999 -9999 -9999 -9999 -9999 -9999 -9999 -9999 -9999 -9999 8.41832E-1 8.46418E-1 1.79091E-1 8.56897E-2 1.20806E-1 8.01541E-2 5.90965E-2 6.12491E-2 3.64491E-2 3.20467E-2 4.54574E-2 5.61157E-2 3.45265E-1 8.40122E-1 7.41419E-1 6.57558E-1 6.82647E-1 6.2104E-1 7.63004E-1 2.51391E-1 7.24929E-1 9.07358E-1 9.34592E-1 9.15445E-1 8.66771E-1 8.13206E-1 4.64481E-1 8.12129E-2 3.20905E-2 7.9397E-2 2.40347E-2 3.02145E-2 2.23601E-1 2.86917E-1 5.96605E-1 4.15716E-1 1.85446E-1 1.2738E-1 9.90143E-2 7.63574E-2 3.14569E-1 3.68498E-1 1.65514E-1
-9999 -9999 -9999 -9999 -9999 -9999 -9999 -9999 -9999 -9999 -9999 -9999 -9999 -9999 -9999 -9999 7.75412E-1 7.73212E-1 2.60159E-1 1.41768E-1 2.15169E-1 2.02084E-1 9.29852E-2 7.14695E-2 3.66924E-2 6.16766E-2 7.08649E-2 8.45269E-2 7.47503E-2 2.10209E-1 6.76697E-1 7.56889E-1 8.21332E-1 7.17603E-1 9.44579E-1 4.84844E-1 9.27789E-1 9.50168E-1 9.31175E-1 8.74783E-1 7.11013E-1 4.99546E-1 1.53097E-1 3.51796E-2 3.4448E-2 3.02503E-2 1.77424E-2 3.37453E-2 7.24919E-2 9.0215E-2 3.1567E-1 2.72328E-1 1.83913E-1 1.40909E-1 1.30509E-1 1.01475E-1 4.81012E-2 1.48312E-1 2.53547E-1
-9999 -9999 -9999 -9999 -9999 -9999 -9999 -9999 -9999 -9999 -9999 -9999 -9999 -9999 -9999 -9999 3.11079E-1 2.15567E-1 1.38893E-1 1.18689E-1 1.05808E-1 1.25475E-1 1.09741E-1 1.17528E-1 9.73961E-2 1.80444E-1 1.81844E-1 1.14241E-1 1.21905E-1 1.86041E-1 7.61527E-1 9.0839E-1 9.47527E-1 9.9382E-1 9.6098E-1 7.65904E-1 8.3393E-1 9.46882E-1 8.95187E-1 8.02296E-1 3.27924E-1 8.83884E-2 1.13987E-1 5.82458E-2 3.04126E-2 2.81863E-2 1.43682E-2 3.7341E-2 5.90958E-2 1.1874E-1 5.89327E-1 2.47171E-1 1.55299E-1 2.00814E-1 2.21669E-1 1.35414E-1 1.41732E-1 1.5042E-1 3.55091E-1
-9999 -9999 -9999 -9999 -9999 -9999 -9999 -9999 -9999 -9999 -9999 -9999 -9999 -9999 -9999 -9999 -9999 -9999 -9999 -9999 -9999 -9999 1.09292E-1 1.0711E-1 1.03848E-1 1.36255E-1 1.00534E-1 1.15169E-1 2.18868E-1 8.6419E-1 9.93012E-1 9.89021E-1 9.65194E-1 9.49459E-1 9.25611E-1 8.82283E-1 9.16099E-1 8.99255E-1 8.47072E-1 8.09048E-1 7.04856E-1 3.17333E-1 1.27057E-1 3.71562E-2 3.26866E-2 2.32933E-2 3.9287E-2 1.43709E-1 1.95247E-1 3.72816E-1 5.96897E-1 3.04264E-1 2.3376E-1 2.95414E-1 3.5698E-1 1.79238E-1 1.83451E-1 1.31494E-1 1.40575E-1
-9999 -9999 -9999 -9999 -9999 -9999 -9999 -9999 -9999 -9999 -9999 -9999 -9999 -9999 -9999 -9999 -9999 -9999 -9999 -9999 -9999 -9999 -9999 1.19034E-1 1.78051E-1 1.42646E-1 7.80552E-2 1.23494E-1 1.48495E-1 7.8605E-1 9.97781E-1 9.77605E-1 9.95471E-1 6.05683E-1 3.46407E-1 8.38653E-1 8.32482E-1 5.46724E-1 6.97604E-1 7.33814E-1 8.19955E-1 2.25393E-1 8.36878E-2 2.69289E-2 2.11317E-2 8.76575E-2 2.5676E-1 4.16336E-1 4.03084E-1 4.86339E-1 4.9727E-1 2.44904E-1 2.3541E-1 5.28428E-1 4.0911E-1 1.58257E-1 2.26518E-1 2.7837E-1 1.52251E-1
-9999 -9999 -9999 -9999 -9999 -9999 -9999 -9999 -9999 -9999 -9999 -9999 -9999 -9999 -9999 -9999 -9999 -9999 -9999 -9999 -9999 -9999 -9999 -9999 -9999 -9999 1.58091E-1 1.03565E-1 7.06104E-2 2.18446E-1 4.93546E-1 9.40615E-1 7.9261E-1 1.1864E-1 6.66379E-1 7.28873E-1 7.75701E-1 2.47269E-1 5.25559E-1 7.99796E-1 4.86719E-1 1.96629E-1 1.26037E-1 3.60556E-2 1.0433E-1 3.11054E-1 5.47568E-1 7.69387E-1 8.19329E-1 6.2074E-1 2.86759E-1 2.14566E-1 1.37133E-1 8.66285E-2 8.4839E-2 1.3541E-1 4.23397E-1 5.50475E-1 7.52164E-1
-9999 -9999 -9999 -9999 -9999 -9999 -9999 -9999 -9999 -9999 -9999 -9999 -9999 -9999 -9999 -9999 -9999 -9999 -9999 -9999 -9999 -9999 -9999 -9999 -9999 -9999 -9999 9.73176E-2 1.73925E-1 2.34635E-1 1.92102E-1 2.8447E-1 9.05421E-1 8.27804E-1 9.30737E-1 9.31544E-1 9.33527E-1 7.74217E-1 8.38226E-1 4.6573E-1 2.22528E-1 1.97396E-1 1.8248E-1 3.79192E-2 1.2356E-1 1.92292E-1 4.71899E-1 8.67424E-1 8.74951E-1 8.34097E-1 3.22743E-1 2.89657E-1 9.44158E-2 5.94593E-2 7.40438E-2 2.32306E-1 3.81221E-1 4.34483E-1 5.10674E-1
-9999 -9999 -9999 -9999 -9999 -9999 -9999 -9999 -9999 -9999 -9999 -9999 -9999 -9999 -9999 -9999 -9999 -9999 -9999 -9999 -9999 -9999 -9999 -9999 -9999 -9999 -9999 3.51184E-1 4.79758E-1 3.32373E-1 2.4215E-1 7.44017E-1 9.54569E-1 9.92672E-1 9.55109E-1 9.53084E-1 9.06158E-1 9.10362E-1 8.36297E-1 1.29445E-1 9.70278E-2 3.32207E-1 1.28358E-1 2.53831E-2 4.05981E-2 5.53254E-2 1.46483E-1 7.46124E-1 5.75336E-1 3.22807E-1 9.2916E-2 6.47249E-2 5.07572E-2 8.93953E-2 9.08729E-2 1.17735E-1 1.35259E-1 1.4116E-1 2.12781E-1
-9999 -9999 -9999 -9999 -9999 -9999 -9999 -9999 -9999 -9999 -9999 -9999 -9999 -9999 -9999 -9999 -9999 -9999 -9999 -9999 -9999 -9999 -9999 -9999 -9999 -9999 -9999 4.98153E-1 4.16217E-1 3.89011E-1 5.06875E-1 8.41893E-1 6.38571E-1 9.84404E-1 9.9878E-1 9.73928E-1 5.81995E-1 4.09571E-1 3.20036E-1 6.74011E-1 5.91454E-1 5.19158E-1 8.96832E-2 4.24728E-2 3.20362E-2 4.99244E-2 5.36285E-2 1.02744E-1 8.20288E-2 5.21151E-2 3.54012E-2 3.4493E-2 6.0779E-2 9.73883E-2 7.08304E-2 9.78871E-2 6.51449E-2 8.59239E-2 1.91649E-1
-9999 -9999 -9999 -9999 -9999 -9999 -9999 -9999 -9999 -9999 -9999 -9999 -9999 -9999 -9999 -9999 -9999 -9999 -9999 -9999 -9999 -9999 -9999 -9999 -9999 -9999 6.77955E-1 6.66937E-1 2.82037E-1 4.86127E-1 6.84518E-1 -9999 8.52314E-1 9.63551E-1 9.87401E-1 7.25661E-1 5.30399E-1 6.31309E-1 7.58981E-1 8.74133E-1 5.24514E-1 2.06016E-1 9.14339E-2 8.64726E-2 6.18077E-2 3.64943E-2 3.36896E-2 5.36733E-2 3.4873E-2 3.19789E-2 4.63873E-2 6.66403E-2 3.11206E-1 1.77313E-1 2.87009E-2 1.67405E-2 9.51623E-2 1.90537E-1 1.26954E-1
-9999 -9999 -9999 -9999 -9999 -9999 -9999 -9999 -9999 -9999 -9999 -9999 -9999 -9999 -9999 -9999 -9999 -9999 -9999 -9999 -9999 -9999 -9999 -9999 -9999 -9999 4.40958E-1 2.97904E-1 1.10926E-1 -9999 -9999 -9999 9.45499E-1 9.65315E-1 9.3211E-1 5.61922E-1 4.27172E-1 9.28768E-1 9.66678E-1 9.01809E-1 5.64262E-1 3.48935E-1 1.53589E-1 9.46415E-2 8.27255E-2 4.84944E-2 3.74443E-2 5.02549E-2 4.18917E-2 4.86621E-2 9.80816E-2 1.63193E-1 3.76472E-1 6.35366E-2 6.96131E-2 1.02721E-1 1.45844E-1 1.06849E-1 8.03176E-2
-9999 -9999 -9999 -9999 -9999 -9999 -9999 -9999 -9999 -9999 -9999 -9999 -9999 -9999 -9999 -9999 -9999 -9999 -9999 -9999 -9999 -9999 -9999 -9999 -9999 -9999 1.07009E-1 1.26522E-1 -9999 -9999 -9999 -9999 3.53475E-1 4.12103E-1 2.96836E-1 4.90141E-1 6.3105E-1 2.83352E-1 6.40887E-1 5.47662E-1 4.34438E-1 5.03122E-1 2.03353E-1 1.19561E-1 7.33433E-2 9.12947E-2 8.81355E-2 1.66217E-1 1.80481E-1 2.55747E-1 2.24384E-1 1.20427E-1 8.14934E-2 9.06123E-2 8.42381E-2 6.19919E-2 4.22362E-2 4.25465E-2 2.26372E-2
-9999 -9999 -9999 -9999 -9999 -9999 -9999 -9999 -9999 -9999 -9999 -9999 -9999 -9999 -9999 -9999 -9999 -9999 -9999 -9999 -9999 -9999 -9999 -9999 -9999 -9999 -9999 -9999 -9999 -9999 -9999 -9999 -9999 4.84822E-1 5.18084E-1 9.98062E-1 5.51749E-1 2.40019E-1 4.60071E-1 4.63831E-1 2.91608E-1 1.97293E-1 6.24838E-1 6.26119E-1 1.71595E-1 2.33297E-1 5.64822E-1 5.99661E-1 5.83166E-1 1.55207E-1 1.63921E-1 4.15749E-2 4.92447E-2 6.75294E-2 4.7304E-2 1.68603E-2 1.88782E-2 2.96614E-2 6.25972E-2
-9999 -9999 -9999 -9999 -9999 -9999 -9999 -9999 -9999 -9999 -9999 -9999 -9999 -9999 -9999 -9999 -9999 -9999 -9999 -9999 -9999 -9999 -9999 -9999 -9999 -9999 -9999 -9999 -9999 -9999 -9999 -9999 -9999 -9999 1.85451E-1 3.31765E-1 1.45617E-1 6.45564E-2 9.24975E-2 7.25126E-2 7.10587E-2 5.08306E-2 2.68373E-1 8.36264E-1 8.12446E-1 7.51716E-1 7.50867E-1 6.17898E-1 6.66154E-1 2.84881E-1 2.41337E-1 9.01441E-2 3.95916E-2 4.27454E-2 2.40435E-2 3.05116E-2 1.06107E-1 1.08396E-1 1.72854E-1
-9999 -9999 -9999 -9999 -9999 -9999 -9999 -9999 -9999 -9999 -9999 -9999 -9999 -9999 -9999 -9999 -9999 -9999 -9999 -9999 -9999 -9999 -9999 -9999 -9999 -9999 -9999 -9999 -9999 -9999 -9999 -9999 -9999 -9999 1.6614E-1 2.3692E-1 3.55539E-1 3.11972E-1 1.45024E-1 2.14957E-1 3.93344E-1 4.66679E-1 1.30033E-1 2.42991E-1 8.01963E-1 6.19466E-1 3.33788E-1 1.95206E-1 2.12951E-1 5.32114E-1 3.92716E-1 1.0236E-1 4.71267E-2 2.87795E-2 3.4005E-2 1.32948E-1 2.66629E-1 4.26336E-1 8.83363E-1
-9999 -9999 -9999 -9999 -9999 -9999 -9999 -9999 -9999 -9999 -9999 -9999 -9999 -9999 -9999 -9999 -9999 -9999 -9999 -9999 -9999 -9999 -9999 -9999 -9999 -9999 -9999 -9999 -9999 -9999 -9999 -9999 -9999 -9999 -9999 5.28915E-1 7.29681E-1 5.55447E-1 2.1826E-1 5.4403E-1 6.61475E-1 8.57239E-1 8.36724E-1 6.8594E-2 1.32622E-1 3.01926E-1 1.34578E-1 1.36556E-1 9.8459E-2 3.00702E-1 3.55794E-1 8.24657E-2 4.24066E-2 4.42055E-2 1.65198E-1 2.85165E-1 2.6552E-1 7.29258E-1 6.72436E-1
-9999 -9999 -9999 -9999 -9999 -9999 -9999 -9999 -9999 -9999 -9999 -9999 -9999 -9999 -9999 -9999 -9999 -9999 -9999 -9999 -9999 -9999 -9999 -9999 -9999 -9999 -9999 -9999 -9999 -9999 -9999 -9999 -9999 -9999 -9999 6.4255E-1 6.04216E-1 6.00661E-1 6.03154E-1 6.4478E-1 6.56824E-1 8.11776E-1 8.03284E-1 3.22266E-1 3.47559E-2 5.87439E-2 8.12521E-2 1.17482E-1 1.74857E-1 5.25413E-1 1.37013E-1 7.14664E-2 5.8595E-2 1.56286E-1 3.5945E-1 3.5547E-1 4.88027E-1 7.21237E-1 4.89101E-1
