Phytophthora/models/20240604_1618_19/Phytophthora_PA3_RUN1_MAXENT_outputs/projMaxent.asc
ncols         225
nrows         269
xllcorner     473009.9838
yllcorner     4429051.1748
cellsize      50.0
NODATA_value  -9999
[rows 156 to 181 of 269, columns 0 to 58 of 225]
-9999 -9999 -9999 -9999 -9999 -9999 -9999 -9999 1.17125E-1 5.66057E-2 3.11089E-1 6.21285E-1 9.5846E-1 9.84687E-1 9.93979E-1 9.97132E-1 9.97758E-1 9.98855E-1 9.97859E-1 9.93992E-1 8.59675E-1 6.42244E-1 6.91683E-1 8.3438E-1 8.92761E-1 6.35556E-1 5.93375E-1 9.76328E-1 8.86907E-1 7.22781E-1 6.06214E-1 4.56321E-1 4.88775E-1 2.18671E-1 2.13943E-1 5.8035E-1 9.8431E-1 9.98114E-1 9.99955E-1 9.83413E-1 9.54844E-1 9.29237E-1 5.16021E-1 2.17949E-1 2.31355E-1 6.58783E-1 6.19526E-1 5.10943E-1 4.89753E-1 4.39574E-1 6.25826E-1 5.64684E-1 5.96313E-1 7.44574E-1 7.10714E-1 6.67821E-1 6.32317E-1 4.3383E-1 3.96122E-1
-9999 -9999 -9999 -9999 -9999 -9999 -9999 -9999 5.01911E-2 7.15897E-2 6.00393E-1 7.75383E-1 8.89663E-1 9.87767E-1 9.89693E-1 7.90389E-1 9.95734E-1 9.96609E-1 9.94928E-1 9.79236E-1 4.32062E-1 5.16828E-1 8.64285E-1 9.53864E-1 9.6522E-1 6.82902E-1 7.35971E-1 9.42305E-1 8.4339E-1 7.98269E-1 5.73449E-1 5.14271E-1 4.87373E-1 2.83321E-1 3.5522E-1 8.73369E-1 9.98396E-1 9.99971E-1 9.99641E-1 9.88916E-1 9.68679E-1 8.73809E-1 3.24608E-1 2.43934E-1 3.82594E-1 5.99478E-1 7.10659E-1 6.93064E-1 6.59826E-1 8.47998E-1 8.66161E-1 7.94381E-1 6.30482E-1 7.88211E-1 7.79297E-1 6.03299E-1 5.16494E-1 6.26765E-1 3.75494E-1
-9999 -9999 -9999 -9999 -9999 -9999 -9999 -9999 5.18992E-2 1.56104E-1 6.30862E-1 8.59711E-1 9.56357E-1 9.78905E-1 7.54608E-1 7.67923E-1 9.92896E-1 9.9315E-1 9.9126E-1 9.80977E-1 8.18215E-1 7.67082E-1 9.43269E-1 9.81082E-1 9.88234E-1 8.73328E-1 9.53243E-1 9.4256E-1 8.63182E-1 7.15132E-1 5.08614E-1 4.84043E-1 6.0435E-1 5.08519E-1 8.58606E-1 9.67553E-1 9.94667E-1 9.95992E-1 8.05551E-1 7.90296E-1 5.45892E-1 7.34185E-1 4.94413E-1 4.71867E-1 6.02449E-1 3.4751E-1 4.77033E-1 6.09806E-1 8.16381E-1 8.89312E-1 8.89094E-1 8.63113E-1 8.01023E-1 8.16516E-1 8.38513E-1 6.89107E-1 7.60647E-1 3.92606E-1 1.11172E-1
-9999 -9999 -9999 -9999 -9999 -9999 -9999 -9999 1.41989E-1 1.7842E-1 3.32446E-1 8.80102E-1 9.49426E-1 9.8822E-1 7.99609E-1 9.90423E-1 9.89115E-1 9.88712E-1 9.86003E-1 9.8856E-1 9.4928E-1 8.15579E-1 9.88184E-1 9.8866E-1 9.90356E-1 9.83396E-1 9.87919E-1 9.47032E-1 8.32363E-1 5.32592E-1 3.75809E-1 2.95854E-1 3.87862E-1 4.58013E-1 8.73283E-1 8.70719E-1 8.1148E-1 5.71396E-1 4.7216E-1 3.35806E-1 5.2154E-1 7.14642E-1 6.64568E-1 3.3866E-1 2.55049E-1 2.62665E-1 2.67298E-1 2.75164E-1 7.80458E-1 8.70739E-1 8.82111E-1 8.76169E-1 8.59207E-1 8.42404E-1 7.25142E-1 8.24639E-1 4.96514E-1 1.28451E-1 5.88335E-2
-9999 -9999 -9999 -9999 -9999 -9999 -9999 -9999 -9999 2.02716E-1 2.33789E-1 5.58328E-1 9.13724E-1 9.93363E-1 9.78784E-1 9.8841E-1 9.8547E-1 9.846E-1 9.82475E-1 9.77942E-1 8.2311E-1 7.95141E-1 9.7794E-1 9.91366E-1 9.83568E-1 9.70659E-1 9.73807E-1 7.71398E-1 5.79041E-1 2.42484E-1 1.18957E-1 2.70176E-1 4.68897E-1 3.95479E-1 3.187E-1 3.30616E-1 4.50677E-1 5.25233E-1 5.87696E-1 5.41388E-1 6.64986E-1 4.79736E-1 2.44335E-1 1.59756E-1 1.86503E-1 2.40561E-1 2.43168E-1 2.35157E-1 4.85024E-1 7.91687E-1 8.29678E-1 5.62967E-1 7.27537E-1 9.773E-1 8.39837E-1 7.32802E-1 2.64456E-1 3.92925E-2 7.47932E-2
-9999 -9999 -9999 -9999 -9999 -9999 -9999 -9999 1.28622E-1 1.06929E-1 1.35776E-1 4.03981E-1 8.36461E-1 9.93995E-1 9.93592E-1 9.83189E-1 9.41519E-1 9.85105E-1 9.84744E-1 8.4572E-1 4.64826E-1 5.08593E-1 6.64343E-1 9.70696E-1 8.41312E-1 9.54649E-1 9.78852E-1 6.52464E-1 2.80952E-1 1.56702E-1 6.15159E-2 1.59813E-1 5.01782E-1 3.94711E-1 5.19447E-1 4.00527E-1 5.20589E-1 6.03364E-1 6.10277E-1 8.44254E-1 8.81865E-1 4.07779E-1 1.72739E-1 1.14691E-1 1.52898E-1 2.18906E-1 2.32947E-1 2.34437E-1 2.55658E-1 3.35164E-1 5.90027E-1 5.01939E-1 7.35957E-1 9.39483E-1 7.49664E-1 6.77999E-1 2.19454E-1 4.57632E-2 1.39493E-1
-9999 -9999 -9999 -9999 -9999 -9999 -9999 6.02362E-2 1.52908E-1 4.95803E-2 9.75507E-2 3.22433E-1 8.1092E-1 9.88163E-1 9.99648E-1 9.99893E-1 8.83768E-1 8.23753E-1 9.96136E-1 8.0744E-1 4.78254E-1 5.5902E-1 7.11972E-1 8.65162E-1 6.92589E-1 9.5214E-1 9.65737E-1 7.23374E-1 2.45113E-1 1.00711E-1 1.22818E-1 1.44262E-1 3.15181E-1 5.87596E-1 8.81003E-1 7.13031E-1 8.07394E-1 6.26993E-1 5.69243E-1 7.60402E-1 8.92129E-1 2.83009E-1 2.30838E-1 1.32131E-1 1.97065E-1 1.97093E-1 1.54688E-1 2.5138E-1 3.87717E-1 5.92998E-1 6.76655E-1 5.80697E-1 7.57031E-1 6.89668E-1 8.02447E-1 6.40659E-1 4.82859E-1 2.96214E-1 5.84931E-2
-9999 -9999 -9999 -9999 -9999 -9999 3.61022E-2 2.50036E-2 3.65171E-2 6.23488E-2 1.44011E-1 6.31314E-1 9.06828E-1 8.10522E-1 9.635E-1 9.75285E-1 8.56335E-1 9.81316E-1 9.69976E-1 8.44029E-1 7.71532E-1 8.56528E-1 9.17903E-1 7.97449E-1 7.27607E-1 5.02268E-1 6.38087E-1 3.74282E-1 2.08471E-1 9.56718E-2 1.98704E-1 2.69285E-1 3.54597E-1 4.60077E-1 5.00279E-1 6.03412E-1 6.36565E-1 8.54822E-1 5.14853E-1 7.39521E-1 8.69572E-1 2.07922E-1 1.26002E-1 1.54272E-1 2.65963E-1 3.96741E-1 2.89499E-1 1.90593E-1 3.23443E-1 8.12E-1 6.89838E-1 5.75342E-1 7.3731E-1 6.78995E-1 5.59399E-1 8.62166E-1 4.49926E-1 6.97706E-2 4.95819E-2
-9999 -9999 -9999 -9999 -9999 -9999 8.66754E-2 5.89771E-2 6.92985E-2 1.53146E-1 3.84685E-1 7.6355E-1 4.82261E-1 5.7614E-1 4.09969E-1 3.71053E-1 8.38331E-1 9.99542E-1 9.75251E-1 9.99474E-1 9.5548E-1 6.91189E-1 9.53839E-1 9.34704E-1 9.10319E-1 4.55763E-1 4.59239E-1 2.31138E-1 1.00772E-1 7.0997E-2 1.12374E-1 2.85447E-1 3.08927E-1 3.54443E-1 4.61065E-1 4.01671E-1 6.25114E-1 8.43906E-1 8.5115E-1 9.75803E-1 9.35552E-1 4.0867E-1 1.21293E-1 1.99387E-1 3.23464E-1 3.85967E-1 5.37463E-1 2.58595E-1 1.319E-1 3.7939E-1 3.26441E-1 7.89943E-1 7.57918E-1 6.98061E-1 5.36038E-1 2.39868E-1 9.51977E-2 4.51909E-2 2.82597E-2
-9999 -9999 -9999 -9999 -9999 1.3026E-1 1.88517E-1 1.29661E-1 1.72113E-1 6.32876E-1 4.18666E-1 4.90387E-1 3.18552E-1 2.81624E-1 3.78633E-1 3.58605E-1 6.23495E-1 8.84993E-1 8.15672E-1 9.47019E-1 6.14537E-1 2.89789E-1 8.91553E-1 9.28311E-1 6.43389E-1 3.84401E-1 4.409E-1 1.90766E-1 1.20982E-1 9.73611E-2 1.37977E-1 2.07737E-1 2.69463E-1 3.2893E-1 4.93777E-1 5.99122E-1 4.32487E-1 7.17384E-1 9.87849E-1 9.31569E-1 8.74904E-1 4.67248E-1 6.18875E-1 5.84411E-1 6.68897E-1 8.27657E-1 2.67026E-1 2.16185E-1 1.6463E-1 1.65115E-1 6.15798E-1 8.0816E-1 7.28184E-1 2.00303E-1 2.33518E-1 9.77933E-2 6.70028E-2 5.41182E-2 6.72175E-2
-9999 -9999 -9999 -9999 -9999 1.22323E-1 2.50124E-1 2.02797E-1 3.56175E-1 8.69655E-1 5.68947E-1 5.80178E-1 1.86925E-1 1.18145E-1 3.09775E-1 3.8521E-1 3.08381E-1 5.95786E-1 5.05747E-1 4.48094E-1 2.51087E-1 1.74468E-1 3.14431E-1 3.55727E-1 2.95452E-1 5.13985E-1 5.48057E-1 2.51853E-1 1.43343E-1 1.39222E-1 2.1452E-1 2.26116E-1 2.94003E-1 4.94617E-1 5.29772E-1 6.21308E-1 5.47719E-1 4.16142E-1 7.47873E-1 7.78274E-1 5.25368E-1 2.97917E-1 7.87051E-1 8.28393E-1 8.33408E-1 5.55638E-1 2.49912E-1 1.9939E-1 1.23333E-1 2.89942E-1 8.33505E-1 8.22488E-1 2.28575E-1 1.71889E-2 1.48854E-2 1.73364E-2 6.22659E-2 8.60445E-2 2.7676E-1
-9999 -9999 -9999 -9999 -9999 1.15361E-1 1.62296E-1 1.86378E-1 3.91591E-1 5.55575E-1 8.91666E-1 5.83476E-1 1.58573E-1 1.10122E-1 3.29341E-1 5.79536E-1 4.66841E-1 5.22073E-1 3.21975E-1 2.40788E-1 1.38018E-1 2.53254E-1 3.64411E-1 4.17071E-1 2.58344E-1 2.70443E-1 1.7868E-1 1.40714E-1 1.32825E-1 1.70282E-1 3.10643E-1 3.53414E-1 6.58756E-1 7.96858E-1 9.3027E-1 8.11657E-1 5.36909E-1 3.13154E-1 3.40879E-1 4.95135E-1 2.51782E-1 3.3058E-1 6.94928E-1 6.19412E-1 4.77162E-1 3.30582E-1 3.93903E-1 2.73703E-1 1.50703E-1 4.63008E-1 7.20165E-1 3.94941E-1 3.53345E-2 1.26969E-2 2.73534E-2 4.03058E-2 6.14135E-2 1.69511E-1 7.73296E-1
-9999 -9999 -9999 -9999 -9999 1.35596E-1 1.6517E-1 1.98812E-1 3.06831E-1 2.9937E-1 6.52429E-1 3.1634E-1 6.78287E-2 1.18741E-1 4.82426E-1 7.24292E-1 6.94384E-1 5.31642E-1 3.53141E-1 9.92362E-2 9.66471E-2 1.32929E-1 1.25892E-1 1.25079E-1 9.48249E-2 7.48874E-2 1.21714E-1 8.79977E-2 1.62879E-1 3.06364E-1 5.23597E-1 5.56849E-1 7.75313E-1 8.89752E-1 7.61374E-1 4.9232E-1 2.71305E-1 2.27632E-1 3.9009E-1 3.03896E-1 1.61108E-1 2.03236E-1 5.4678E-1 3.96144E-1 2.65941E-1 1.75009E-1 2.90443E-1 1.57703E-1 1.08629E-1 9.4975E-2 1.74045E-1 4.60453E-1 5.30971E-2 1.79137E-2 3.09076E-2 2.75251E-2 6.45059E-2 1.82651E-1 2.1169E-1
-9999 -9999 -9999 -9999 1.41726E-1 1.78832E-1 1.53864E-1 2.19347E-1 3.12821E-1 3.95478E-1 5.65407E-1 1.6202E-1 1.11501E-1 2.0574E-1 3.17396E-1 1.82936E-1 1.83494E-1 1.80217E-1 2.13428E-1 1.11922E-1 7.94805E-2 1.29605E-1 8.19781E-2 1.05197E-1 9.93658E-2 9.36342E-2 8.64298E-2 1.48966E-1 2.24384E-1 3.5563E-1 6.10358E-1 6.3713E-1 9.60415E-1 7.48322E-1 4.20403E-1 2.94099E-1 2.30063E-1 3.55114E-1 5.72066E-1 3.92886E-1 1.88156E-1 2.34207E-1 4.13527E-1 2.9707E-1 2.0548E-1 1.20363E-1 1.73709E-1 1.17175E-1 1.01922E-1 7.66791E-2 1.74325E-1 2.40312E-1 4.98826E-2 3.95586E-2 2.74834E-2 4.92159E-2 1.30692E-1 1.25925E-1 1.52853E-1
-9999 -9999 -9999 -9999 5.88735E-2 1.22762E-1 2.0839E-1 2.52716E-1 6.64363E-1 8.93879E-1 7.14591E-1 3.36508E-1 3.79107E-1 2.84002E-1 2.53756E-1 1.7742E-1 1.02835E-1 1.48855E-1 1.0651E-1 7.20945E-2 9.21884E-2 7.60029E-2 7.78652E-2 1.22125E-1 1.32256E-1 1.61303E-1 2.40927E-1 4.91781E-1 4.12358E-1 6.5044E-1 7.79978E-1 3.15361E-1 6.83816E-1 3.09437E-1 2.4053E-1 2.48487E-1 2.85125E-1 4.42324E-1 7.00334E-1 4.16826E-1 2.4441E-1 2.52875E-1 2.7928E-1 1.89787E-1 1.59877E-1 1.90472E-1 1.53524E-1 1.44265E-1 1.31777E-1 1.17002E-1 3.51192E-1 2.5093E-1 4.12694E-2 3.61458E-2 7.29152E-2 1.32962E-1 2.02763E-1 2.42065E-1 2.00134E-1
-9999 -9999 -9999 -9999 6.56567E-2 8.19892E-2 1.94477E-1 4.84581E-1 8.02354E-1 9.31592E-1 9.0864E-1 5.45171E-1 6.68968E-1 2.09509E-1 1.27217E-1 1.17517E-1 1.63798E-1 1.17127E-1 9.27586E-2 5.24656E-2 5.47152E-2 7.73878E-2 1.57087E-1 2.26598E-1 2.07754E-1 2.63303E-1 7.21396E-1 9.09535E-1 5.65415E-1 8.36122E-1 6.06365E-1 3.57203E-1 2.88798E-1 2.55555E-1 2.30906E-1 2.57227E-1 3.95244E-1 4.31589E-1 4.44336E-1 2.84762E-1 2.40291E-1 1.8581E-1 1.56503E-1 1.51103E-1 1.74433E-1 2.08214E-1 1.27036E-1 1.69323E-1 2.28395E-1 2.96482E-1 1.77949E-1 5.92954E-2 3.89807E-2 5.85934E-2 1.09132E-1 2.2644E-1 1.80374E-1 2.20052E-1 4.01549E-1
-9999 -9999 -9999 -9999 4.88346E-2 7.01971E-2 1.60789E-1 4.59321E-1 7.81879E-1 8.20833E-1 6.57879E-1 3.85526E-1 2.26427E-1 1.52383E-1 6.36017E-2 1.56929E-1 1.57719E-1 1.09573E-1 7.37915E-2 1.10512E-1 2.38394E-1 3.20402E-1 5.26787E-1 5.41221E-1 5.69281E-1 5.45423E-1 9.61618E-1 7.45277E-1 3.89251E-1 3.45764E-1 3.22264E-1 4.16052E-1 3.93016E-1 3.41434E-1 3.05455E-1 2.73136E-1 4.49139E-1 4.31168E-1 3.21583E-1 2.21451E-1 1.84352E-1 1.30324E-1 9.76989E-2 1.34092E-1 1.05763E-1 8.9916E-2 8.42923E-2 1.13241E-1 1.42104E-1 2.00054E-1 5.0429E-2 5.149E-2 9.72501E-2 6.72671E-2 9.224E-2 1.44045E-1 1.72733E-1 3.8728E-1 4.53433E-1
-9999 -9999 -9999 2.94535E-2 3.96265E-2 1.61262E-1 2.55623E-1 4.07804E-1 6.83216E-1 7.22966E-1 3.06252E-1 2.16344E-1 4.42298E-1 2.67072E-1 1.25263E-1 1.53774E-1 1.87619E-1 1.30181E-1 1.05817E-1 2.77302E-1 4.0256E-1 3.80734E-1 4.20248E-1 3.92131E-1 8.02373E-1 9.31663E-1 8.78431E-1 3.64783E-1 3.13996E-1 3.66156E-1 2.50927E-1 4.06949E-1 6.35865E-1 5.24443E-1 3.59257E-1 2.86445E-1 3.02106E-1 2.73212E-1 2.92792E-1 2.61669E-1 1.30202E-1 1.33573E-1 9.78012E-2 1.12421E-1 7.51945E-2 7.82472E-2 1.42707E-1 1.09557E-1 2.28656E-1 9.48344E-2 8.5131E-2 1.08519E-1 9.08697E-2 8.67834E-2 1.53428E-1 5.06739E-1 2.00728E-1 6.50014E-1 5.53999E-1
-9999 -9999 -9999 7.08251E-2 6.99343E-2 7.09745E-2 1.16646E-1 3.05246E-1 8.82919E-1 4.47084E-1 3.03534E-1 7.14666E-1 8.82119E-1 3.184E-1 1.48432E-1 2.22022E-1 2.25755E-1 1.72513E-1 1.76656E-1 3.43542E-1 2.52207E-1 2.19287E-1 2.32616E-1 3.02906E-1 6.37016E-1 7.3608E-1 5.88661E-1 4.58395E-1 3.98445E-1 2.69321E-1 1.54714E-1 4.36465E-1 4.73418E-1 3.40341E-1 3.23645E-1 2.65311E-1 1.70727E-1 1.06738E-1 1.35141E-1 1.82001E-1 1.63245E-1 1.84488E-1 1.97063E-1 2.5049E-1 1.03225E-1 7.56055E-2 6.80708E-2 4.01203E-2 4.9438E-2 8.98356E-2 1.02603E-1 1.19862E-1 1.58731E-1 1.24422E-1 4.41733E-1 5.78538E-1 2.53672E-1 3.18037E-1 8.81134E-1
3.65513E-2 6.03584E-2 1.12216E-1 1.78633E-1 1.30745E-1 7.71056E-2 1.19829E-1 3.21034E-1 8.83244E-1 7.48872E-1 9.02953E-1 9.5704E-1 9.30264E-1 8.02791E-1 4.56885E-1 3.70766E-1 2.37386E-1 3.08432E-1 2.55455E-1 2.46076E-1 2.88631E-1 3.39207E-1 3.05015E-1 2.04888E-1 6.61712E-1 3.58394E-1 4.16196E-1 4.71503E-1 3.33653E-1 1.27927E-1 7.26347E-2 1.41521E-1 2.62464E-1 2.15324E-1 2.18605E-1 2.20256E-1 2.11731E-1 1.23588E-1 1.94999E-1 2.64359E-1 2.45264E-1 2.2885E-1 2.46788E-1 2.33727E-1 9.7558E-2 7.2061E-2 5.08987E-2 3.98033E-2 8.22204E-2 8.05737E-2 6.39058E-2 1.59208E-1 2.7569E-1 2.64297E-1 4.98037E-1 2.60897E-1 1.72476E-1 2.26255E-1 3.18306E-1
-9999 1.23876E-1 1.88369E-1 2.4098E-1 2.276E-1 1.89125E-1 3.21526E-1 4.52676E-1 6.55299E-1 9.32304E-1 9.92199E-1 6.97912E-1 8.80195E-1 9.48258E-1 5.05748E-1 2.85294E-1 2.916E-1 2.90981E-1 5.25999E-1 5.11703E-1 3.96763E-1 3.24481E-1 5.1129E-1 6.27868E-1 3.70134E-1 2.54028E-1 4.10113E-1 4.09649E-1 2.58359E-1 1.67836E-1 1.12879E-1 8.52208E-2 1.62919E-1 2.12974E-1 2.07593E-1 1.94592E-1 2.91947E-1 2.6176E-1 3.77558E-1 2.73747E-1 2.26958E-1 3.22622E-1 1.41783E-1 8.6355E-2 8.59828E-2 5.40362E-2 1.08544E-1 6.88914E-2 5.13585E-2 8.29958E-2 1.30185E-1 2.71688E-1 5.8698E-1 4.90946E-1 3.64793E-1 1.55904E-1 9.64862E-2 7.67156E-2 1.29111E-1
-9999 -9999 2.42653E-1 2.52715E-1 2.30405E-1 3.26784E-1 7.08771E-1 7.08047E-1 3.81366E-1 7.94604E-1 6.55793E-1 9.07669E-1 9.51976E-1 6.08791E-1 3.32255E-1 3.26894E-1 3.50321E-1 3.72989E-1 7.9428E-1 8.63861E-1 4.83875E-1 4.42181E-1 6.95913E-1 3.60878E-1 9.11495E-2 1.77822E-1 3.53033E-1 3.5999E-1 6.89322E-1 8.37304E-1 6.84499E-1 5.35412E-1 6.22787E-1 6.63414E-1 2.12155E-1 1.40648E-1 2.24173E-1 4.36043E-1 5.51818E-1 7.02624E-1 3.6247E-1 3.11207E-1 1.15289E-1 8.02661E-2 1.9878E-1 1.64954E-1 2.53156E-1 2.27125E-2 2.09962E-2 5.66154E-2 1.75077E-1 4.98482E-1 3.11024E-1 3.12588E-1 3.71532E-1 2.35984E-1 1.01961E-1 7.97067E-2 6.95875E-2
-9999 -9999 -9999 4.10561E-1 4.04151E-1 4.52595E-1 9.08037E-1 7.13941E-1 3.65582E-1 4.10447E-1 2.51256E-1 6.19208E-1 9.45705E-1 8.74403E-1 5.54442E-1 3.68299E-1 2.53023E-1 3.18917E-1 5.45357E-1 5.39408E-1 6.65207E-1 6.5053E-1 2.34557E-1 1.85491E-1 3.11141E-2 6.72672E-2 1.85512E-1 4.61794E-1 7.60123E-1 8.81173E-1 9.40194E-1 9.46093E-1 8.79255E-1 6.6689E-1 1.75427E-1 1.45383E-1 2.69114E-1 8.46936E-1 9.15608E-1 7.45017E-1 7.81762E-1 2.52184E-1 1.5774E-1 2.42405E-1 4.30928E-1 6.49183E-1 2.50713E-1 2.94528E-2 3.2463E-2 1.33666E-1 1.85276E-1 2.63609E-1 1.27265E-1 1.61317E-1 2.12616E-1 2.07467E-1 1.38062E-1 9.12088E-2 8.26247E-2
-9999 -9999 -9999 6.45626E-1 6.8434E-1 6.06768E-1 9.0409E-1 9.83292E-1 9.73575E-1 7.0289E-1 1.82205E-1 2.67789E-1 6.90053E-1 9.78474E-1 9.83611E-1 4.81508E-1 2.6534E-1 2.4429E-1 2.50208E-1 4.90644E-1 5.73199E-1 4.57136E-1 1.3275E-1 9.91693E-2 3.79889E-2 3.58989E-2 1.64115E-1 7.37366E-1 8.96664E-1 9.41474E-1 9.48491E-1 9.33292E-1 8.70159E-1 4.28689E-1 1.43348E-1 2.29844E-1 3.69007E-1 6.24606E-1 9.29148E-1 9.78577E-1 8.56089E-1 7.7993E-1 2.99383E-1 7.0639E-1 6.37227E-1 7.62446E-1 1.67663E-1 9.25257E-2 8.55298E-2 2.91298E-1 3.65258E-1 2.39879E-1 1.61324E-1 3.37295E-1 5.3739E-1 3.96695E-1 3.90026E-1 1.78125E-1 1.31273E-1
-9999 -9999 -9999 -9999 6.92991E-1 7.59444E-1 9.98673E-1 9.68584E-1 9.81354E-1 9.48299E-1 2.29674E-1 2.50309E-1 3.04449E-1 7.09419E-1 5.32554E-1 3.51781E-1 2.89756E-1 2.14113E-1 2.07583E-1 2.91713E-1 3.62773E-1 1.32659E-1 1.34604E-1 1.50268E-1 1.36162E-1 1.20215E-1 1.94285E-1 8.34509E-1 9.08448E-1 9.33491E-1 9.54979E-1 6.33079E-1 7.38977E-1 5.18491E-1 2.86506E-1 4.20053E-1 5.15043E-1 4.48598E-1 4.49838E-1 9.67295E-1 8.5502E-1 8.52233E-1 7.75864E-1 8.19318E-1 2.09116E-1 1.06626E-1 4.57311E-2 1.0029E-1 1.0168E-1 2.37585E-1 2.12449E-1 2.87606E-1 3.5545E-1 3.21974E-1 4.60592E-1 8.10062E-1 7.42776E-1 6.12328E-1 2.06027E-1
-9999 -9999 -9999 -9999 -9999 -9999 9.4991E-1 8.27373E-1 9.71545E-1 7.79841E-1 6.22396E-1 7.80795E-1 8.03169E-1 5.73796E-1 4.68445E-1 2.97662E-1 1.89448E-1 1.93756E-1 1.74209E-1 3.06108E-1 1.50257E-1 2.09424E-1 1.3576E-1 1.15199E-1 2.2702E-1 4.31646E-1 2.09078E-1 7.78724E-1 8.80079E-1 9.39707E-1 9.55122E-1 8.23156E-1 5.21606E-1 2.40174E-1 1.84572E-1 4.81875E-1 4.95225E-1 2.33327E-1 4.93705E-1 4.37102E-1 1.34288E-1 2.92219E-1 5.43727E-1 4.8268E-1 1.54161E-1 5.65829E-2 1.02451E-1 2.03661E-1 9.01901E-2 1.34203E-1 1.91212E-1 1.30901E-1 4.01341E-1 7.32653E-1 5.54533E-1 6.72198E-1 7.09998E-1 6.76995E-1 5.74095E-1
