Phytophthora/models/20240429_1812_56/Phytophthora_PA2_RUN4_MAXENT_outputs/Phytophthora_PA2_RUN4.asc
ncols         225
nrows         269
xllcorner     473000.0
yllcorner     4429100.0
cellsize      50.0
NODATA_value  -9999
[rows 81 to 107 of 269, columns 60 to 119 of 225]
6.05921E-2 2.60708E-2 5.95943E-2 5.8003E-2 3.12028E-2 3.26089E-2 3.50992E-2 5.29245E-2 4.93978E-2 5.82852E-2 4.7248E-2 8.9536E-2 3.71954E-2 9.035E-2 1.0581E-1 2.08572E-1 2.20653E-1 2.18685E-1 2.09931E-1 1.95413E-1 1.16982E-1 -9999 8.85697E-2 7.62111E-2 7.56371E-2 8.24498E-2 9.26089E-2 1.1282E-1 1.37879E-1 1.93775E-1 2.2301E-1 1.89718E-1 1.56836E-1 1.73784E-1 2.07351E-1 3.62446E-1 3.8119E-1 3.77725E-1 3.62011E-1 3.75199E-1 3.89971E-1 3.99862E-1 4.20277E-1 3.13171E-1 3.97244E-1 3.92918E-1 1.89413E-1 5.40638E-1 4.93278E-1 3.78759E-1 3.74563E-1 2.86649E-1 2.90672E-1 2.23321E-1 2.74006E-1 -9999 -9999 -9999 -9999 -9999
7.00221E-2 6.76342E-2 5.78985E-2 4.67215E-2 5.22912E-2 4.65009E-2 4.24122E-2 5.22778E-2 4.67721E-2 5.19242E-2 7.42624E-2 8.35247E-2 8.46605E-2 7.85032E-2 8.62191E-2 1.36812E-1 1.47052E-1 2.0133E-1 2.07515E-1 1.79582E-1 1.116E-1 -9999 9.91006E-2 7.7944E-2 7.11061E-2 7.86029E-2 9.02638E-2 1.0564E-1 1.2278E-1 1.5387E-1 2.27832E-1 2.25596E-1 1.77924E-1 1.71458E-1 1.99117E-1 3.91145E-1 4.1244E-1 4.00083E-1 3.88551E-1 3.85512E-1 4.05251E-1 3.91205E-1 4.13652E-1 3.96794E-1 3.95929E-1 4.47205E-1 4.32698E-1 2.49824E-1 2.72668E-1 1.93461E-1 4.19449E-1 1.93644E-1 3.94993E-1 2.08757E-1 2.48937E-1 1.42469E-1 2.38626E-1 -9999 -9999 -9999
6.70676E-2 6.41704E-2 6.15077E-2 5.40337E-2 5.31131E-2 5.01835E-2 5.50251E-2 5.24922E-2 5.02223E-2 5.68453E-2 6.8732E-2 7.18472E-2 7.25224E-2 7.24567E-2 7.93258E-2 1.2928E-1 1.49431E-1 1.82963E-1 2.01696E-1 1.86953E-1 3.20847E-2 1.19913E-1 -9999 8.64584E-2 7.86392E-2 7.62457E-2 8.49314E-2 9.79032E-2 1.1498E-1 1.45073E-1 2.28163E-1 2.37195E-1 2.40692E-1 1.47785E-1 2.1702E-1 2.30902E-1 4.42576E-1 3.81967E-1 3.91887E-1 3.85369E-1 4.10517E-1 3.9888E-1 3.94347E-1 3.80705E-1 3.81549E-1 4.28199E-1 3.51259E-1 1.82122E-1 3.29585E-1 3.76019E-1 4.43783E-1 3.03172E-1 4.01859E-1 1.36787E-1 3.96483E-1 3.11109E-1 2.73204E-1 2.43004E-1 -9999 -9999
7.16151E-2 8.01133E-2 7.12302E-2 6.09717E-2 5.00169E-2 4.8111E-2 5.16436E-2 3.53272E-2 3.84286E-2 2.71406E-2 7.87284E-2 7.59977E-2 7.11339E-2 6.66698E-2 7.49051E-2 1.53773E-1 1.76673E-1 2.03182E-1 2.09715E-1 2.00345E-1 9.68625E-2 1.29541E-1 -9999 1.0059E-1 8.51041E-2 8.5797E-2 9.14378E-2 9.15006E-2 1.00603E-1 1.24059E-1 1.8127E-1 2.40152E-1 2.14635E-1 1.7326E-1 1.37898E-1 4.66153E-1 4.12837E-1 3.22478E-1 3.38613E-1 3.45822E-1 3.70602E-1 3.55747E-1 3.52485E-1 3.36938E-1 3.39564E-1 3.97527E-1 2.91631E-1 1.98215E-1 3.21547E-1 4.48603E-1 4.32192E-1 3.99221E-1 4.09613E-1 3.9612E-1 3.551E-1 2.57911E-1 2.36083E-1 2.19009E-1 -9999 -9999
7.39753E-2 8.92815E-2 9.13803E-2 7.05527E-2 5.63244E-2 4.5507E-2 4.956E-2 4.91929E-2 5.07567E-2 5.85736E-2 4.59363E-2 8.11283E-2 7.64898E-2 7.3136E-2 7.89439E-2 1.49095E-1 1.78787E-1 2.09766E-1 2.22773E-1 2.5031E-1 1.86679E-1 1.40015E-1 1.32307E-1 -9999 1.04163E-1 9.16392E-2 1.05873E-1 1.03918E-1 1.09837E-1 1.24832E-1 1.80173E-1 2.00092E-1 2.09824E-1 2.21998E-1 2.61755E-1 4.77223E-1 3.79457E-1 3.23435E-1 3.06871E-1 3.13236E-1 3.50374E-1 3.37843E-1 3.41586E-1 3.25267E-1 3.63523E-1 2.56088E-1 3.98261E-1 3.38299E-1 3.9742E-1 4.13922E-1 3.7636E-1 3.4979E-1 3.44245E-1 3.33527E-1 3.04112E-1 2.4218E-1 2.46541E-1 2.44074E-1 2.15346E-1 -9999
4.53655E-2 5.36047E-2 6.10521E-2 4.58393E-2 4.18936E-2 3.88721E-2 3.92656E-2 3.64516E-2 3.63942E-2 4.46988E-2 7.01397E-2 2.95746E-2 7.6878E-2 7.19729E-2 8.1791E-2 1.43102E-1 1.59548E-1 1.86355E-1 2.04369E-1 2.43749E-1 5.59419E-2 1.76078E-1 1.6885E-1 1.56852E-1 1.56466E-1 1.89902E-1 2.24431E-1 2.32553E-1 2.27938E-1 2.25506E-1 1.69785E-1 2.10298E-1 2.53558E-1 2.56207E-1 3.33038E-1 2.61137E-1 4.5211E-1 4.37438E-1 4.05239E-1 3.86443E-1 3.74639E-1 3.54358E-1 3.50961E-1 3.91131E-1 5.19401E-1 5.51732E-1 4.37344E-1 3.38909E-1 4.48332E-1 2.43088E-1 4.09204E-1 3.73449E-1 3.45828E-1 3.44107E-1 3.41591E-1 3.57141E-1 3.57207E-1 3.45147E-1 3.26212E-1 -9999
4.34113E-2 5.13959E-2 5.23574E-2 4.8056E-2 4.90975E-2 4.34025E-2 3.66337E-2 3.31277E-2 3.29728E-2 3.89422E-2 6.18523E-2 7.67816E-2 7.93969E-2 8.01602E-2 8.67303E-2 1.46558E-1 1.47658E-1 1.55933E-1 1.83976E-1 1.99935E-1 1.56258E-1 1.04934E-1 1.66412E-1 1.66634E-1 1.64722E-1 2.17472E-1 2.56976E-1 2.77869E-1 2.51925E-1 2.46743E-1 2.09879E-1 2.11048E-1 2.51601E-1 2.48707E-1 2.62136E-1 4.58954E-1 3.80328E-1 4.64344E-1 4.37335E-1 4.1726E-1 3.95734E-1 4.26433E-1 3.91586E-1 3.94448E-1 3.65223E-1 4.50422E-1 2.99594E-1 5.25936E-1 4.70936E-1 4.72798E-1 4.53136E-1 4.52834E-1 4.1161E-1 4.22169E-1 3.96436E-1 4.23047E-1 4.2896E-1 4.30971E-1 4.02414E-1 3.0759E-1
4.73302E-2 4.58257E-2 5.33244E-2 5.26594E-2 5.65362E-2 4.90537E-2 4.00335E-2 3.634E-2 3.31037E-2 3.73108E-2 5.75145E-2 7.10179E-2 7.84007E-2 6.37008E-2 1.05524E-1 1.71349E-1 1.60453E-1 1.50182E-1 1.50083E-1 1.77386E-1 8.01499E-2 2.04849E-1 1.90661E-1 1.77639E-1 1.80878E-1 2.5433E-1 2.96697E-1 2.7567E-1 2.32509E-1 2.17907E-1 1.85459E-1 2.00779E-1 2.76688E-1 2.59193E-1 2.07964E-1 4.75307E-1 4.79739E-1 3.92323E-1 4.92739E-1 4.61261E-1 4.12907E-1 4.36462E-1 4.50172E-1 3.97524E-1 2.40112E-1 4.53941E-1 4.10528E-1 3.28712E-1 3.20221E-1 4.54298E-1 4.55871E-1 3.49885E-1 3.59804E-1 4.52544E-1 4.40531E-1 3.43045E-1 4.74973E-1 4.72714E-1 3.70725E-1 2.88389E-1
4.95597E-2 4.60586E-2 5.78391E-2 6.03242E-2 3.40184E-2 5.54541E-2 4.82862E-2 4.44514E-2 3.8532E-2 3.74482E-2 5.80419E-2 6.38468E-2 6.63944E-2 7.72785E-2 9.72364E-2 1.3673E-1 1.61476E-1 1.44391E-1 1.31148E-1 1.33091E-1 1.86238E-1 7.69605E-2 1.9727E-1 1.85878E-1 1.78825E-1 3.30544E-1 2.539E-1 2.36356E-1 2.08744E-1 1.91635E-1 1.77242E-1 2.21509E-1 3.09013E-1 -9999 2.02792E-1 5.13857E-1 4.47496E-1 4.0968E-1 4.17399E-1 4.78665E-1 4.53477E-1 4.67285E-1 5.05907E-1 5.24416E-1 4.92848E-1 4.47252E-1 4.49419E-1 4.34869E-1 3.98055E-1 4.91551E-1 4.51526E-1 3.66386E-1 4.11954E-1 4.48969E-1 4.35009E-1 5.06813E-1 4.95073E-1 4.65704E-1 3.44896E-1 2.89268E-1
4.83409E-2 5.0213E-2 6.2063E-2 6.62464E-2 6.96226E-2 7.36293E-2 5.96012E-2 5.30344E-2 4.51835E-2 4.53493E-2 5.43491E-2 6.17506E-2 5.77471E-2 6.79045E-2 8.65783E-2 1.78423E-1 1.79097E-1 1.63419E-1 1.49102E-1 1.24206E-1 1.76978E-1 7.61643E-2 2.01086E-1 1.80327E-1 1.75965E-1 2.95387E-1 2.28441E-1 2.06367E-1 1.99647E-1 2.03241E-1 1.87685E-1 -9999 -9999 -9999 -9999 4.46778E-1 4.02386E-1 3.90542E-1 4.5403E-1 4.57915E-1 4.37396E-1 5.15696E-1 5.13296E-1 5.58258E-1 5.96555E-1 3.42486E-1 4.26223E-1 4.46611E-1 4.24057E-1 5.1568E-1 4.09437E-1 4.17908E-1 4.22159E-1 4.46572E-1 4.31083E-1 4.71714E-1 4.61145E-1 3.83682E-1 3.10374E-1 3.18066E-1
6.70198E-2 7.58708E-2 9.303E-2 8.42585E-2 8.75845E-2 9.91142E-2 7.46102E-2 6.56966E-2 5.30428E-2 6.04525E-2 7.13144E-2 7.61707E-2 7.25249E-2 7.9212E-2 9.58707E-2 1.69183E-1 1.73668E-1 1.53317E-1 1.72994E-1 1.3551E-1 1.8008E-1 9.48355E-2 2.16291E-1 2.93272E-1 3.13778E-1 2.13577E-1 1.97577E-1 1.81078E-1 1.79209E-1 -9999 -9999 -9999 -9999 -9999 -9999 3.59269E-1 3.46202E-1 3.72835E-1 4.26215E-1 4.22053E-1 4.32886E-1 4.87547E-1 5.35854E-1 5.94883E-1 3.92695E-1 4.87179E-1 3.90339E-1 3.81774E-1 2.18527E-1 4.71336E-1 3.24311E-1 3.15867E-1 2.59198E-1 3.65051E-1 4.37789E-1 4.61517E-1 4.3688E-1 2.85786E-1 3.10771E-1 3.41645E-1
7.85629E-2 9.71238E-2 1.06614E-1 8.50891E-2 8.30299E-2 5.47903E-2 7.25246E-2 4.5661E-2 5.9773E-2 6.51372E-2 8.87706E-2 1.09943E-1 1.0156E-1 1.09034E-1 1.19997E-1 1.74122E-1 8.18839E-2 2.13959E-1 2.15784E-1 1.85027E-1 2.13549E-1 2.99473E-1 3.01592E-1 1.21158E-1 2.26277E-1 2.02581E-1 1.88384E-1 1.70442E-1 -9999 -9999 -9999 -9999 -9999 -9999 -9999 3.68412E-1 3.47736E-1 3.63373E-1 3.85106E-1 3.92818E-1 4.11005E-1 4.38258E-1 5.27685E-1 5.36579E-1 3.45287E-1 1.3937E-1 2.74023E-1 3.69764E-1 4.60103E-1 4.85756E-1 1.47618E-1 2.84075E-1 3.12308E-1 2.77681E-1 3.76677E-1 4.93793E-1 3.4663E-1 3.03383E-1 3.18517E-1 3.59159E-1
7.9619E-2 1.06586E-1 6.69163E-2 6.59735E-2 7.35587E-2 6.12818E-2 6.46358E-2 9.01441E-2 6.81662E-2 6.37985E-2 8.70438E-2 1.2564E-1 1.39066E-1 1.46562E-1 7.26943E-2 1.4801E-1 2.16324E-1 2.30486E-1 2.31967E-1 2.23881E-1 2.87239E-1 3.18836E-1 1.82041E-1 2.16867E-1 1.97268E-1 2.22775E-1 2.06374E-1 1.83621E-1 -9999 -9999 -9999 -9999 -9999 -9999 -9999 -9999 3.88664E-1 3.98253E-1 3.9601E-1 3.78021E-1 3.91399E-1 -9999 -9999 5.0161E-1 4.4434E-1 2.93327E-1 3.02398E-1 3.21685E-1 4.98393E-1 3.84546E-1 2.76391E-1 2.87422E-1 2.84953E-1 1.35041E-1 4.34966E-1 3.65023E-1 3.72447E-1 3.25305E-1 3.49922E-1 3.68096E-1
6.97592E-2 9.63267E-2 1.12694E-1 8.65011E-2 7.98825E-2 6.4103E-2 3.45989E-2 9.43029E-2 6.13076E-2 7.96317E-2 9.68127E-2 1.16501E-1 1.20889E-1 1.59831E-1 1.61679E-1 1.42622E-1 2.16989E-1 2.19758E-1 2.13952E-1 2.14895E-1 2.07124E-1 2.56041E-1 2.79121E-1 2.01759E-1 2.04394E-1 1.14318E-1 2.24901E-1 2.0651E-1 -9999 -9999 -9999 -9999 -9999 -9999 -9999 -9999 4.35142E-1 4.30526E-1 4.18696E-1 -9999 -9999 -9999 -9999 2.79467E-1 3.60396E-1 2.60611E-1 2.80063E-1 3.1979E-1 3.45655E-1 3.56395E-1 2.95723E-1 2.92432E-1 2.66781E-1 1.3128E-1 4.56016E-1 3.0889E-1 3.84709E-1 3.4071E-1 3.79437E-1 2.24777E-1
6.08604E-2 5.60558E-2 9.89057E-2 9.07342E-2 7.31904E-2 5.54819E-2 6.1925E-2 9.04848E-2 9.31301E-2 1.00037E-1 8.28292E-2 3.83529E-2 1.04347E-1 1.25632E-1 1.42776E-1 1.74863E-1 1.13446E-1 1.08706E-1 2.16807E-1 2.08818E-1 1.70056E-1 1.50735E-1 1.85862E-1 1.48709E-1 1.4838E-1 1.17632E-1 2.25326E-1 1.60364E-1 1.96155E-1 -9999 -9999 -9999 -9999 -9999 -9999 5.32741E-1 -9999 -9999 -9999 -9999 -9999 -9999 -9999 3.36241E-1 2.80157E-1 2.7703E-1 2.76766E-1 3.07434E-1 1.33615E-1 1.74118E-1 2.29899E-1 2.92879E-1 2.58255E-1 2.02384E-1 2.87748E-1 4.61083E-1 3.64582E-1 3.84091E-1 2.16585E-1 3.97147E-1
1.14194E-1 1.41434E-1 1.38288E-1 1.92778E-1 1.31678E-1 1.37135E-1 1.28026E-1 1.3549E-1 1.38792E-1 1.98802E-1 2.228E-1 2.35907E-1 7.94174E-2 1.59766E-1 1.46781E-1 1.40298E-1 1.5218E-1 1.70898E-1 2.06865E-1 1.0648E-1 1.21596E-1 1.27941E-1 1.20202E-1 1.25772E-1 1.25888E-1 2.4229E-1 1.63808E-1 1.69697E-1 1.76519E-1 -9999 -9999 -9999 -9999 -9999 -9999 -9999 -9999 -9999 -9999 -9999 -9999 -9999 -9999 3.28552E-1 3.55317E-1 4.14166E-1 3.77684E-1 3.95062E-1 2.93825E-1 2.41114E-1 5.39119E-1 5.0907E-1 4.9808E-1 6.07231E-1 3.83346E-1 4.89318E-1 4.76568E-1 4.72998E-1 4.40498E-1 3.73798E-1
9.27738E-2 1.01066E-1 1.01435E-1 1.11843E-1 1.06997E-1 1.27763E-1 1.26673E-1 1.20434E-1 1.19364E-1 1.24762E-1 1.75413E-1 2.18391E-1 2.44631E-1 1.89477E-1 1.51031E-1 1.18988E-1 1.28108E-1 1.29149E-1 1.20888E-1 1.30092E-1 1.1593E-1 1.04755E-1 9.29766E-2 1.04023E-1 1.1308E-1 2.53173E-1 1.71017E-1 1.86813E-1 1.66779E-1 -9999 -9999 -9999 -9999 -9999 -9999 -9999 -9999 -9999 -9999 -9999 -9999 -9999 -9999 2.506E-1 3.70311E-1 4.31549E-1 4.07946E-1 4.07401E-1 4.22305E-1 4.68751E-1 5.62268E-1 5.25577E-1 2.92457E-1 6.85764E-1 6.50453E-1 3.90019E-1 3.30008E-1 2.52985E-1 1.98363E-1 3.49351E-1
9.35397E-2 9.3048E-2 9.10329E-2 5.47494E-2 9.75801E-2 1.08407E-1 1.1056E-1 1.07237E-1 1.05184E-1 1.10604E-1 1.26897E-1 1.83023E-1 2.44096E-1 2.08069E-1 2.25531E-1 1.40864E-1 1.21634E-1 1.70523E-1 1.67156E-1 1.23008E-1 1.29045E-1 1.36605E-1 1.29341E-1 1.45695E-1 1.46414E-1 1.42007E-1 1.92932E-1 1.90015E-1 2.03779E-1 1.43724E-1 -9999 -9999 -9999 -9999 -9999 -9999 -9999 -9999 -9999 -9999 -9999 -9999 -9999 3.25138E-1 2.95867E-1 4.67804E-1 4.40418E-1 4.49415E-1 4.45709E-1 3.39802E-1 4.38841E-1 6.7443E-1 6.61033E-1 6.69239E-1 5.67449E-1 3.03921E-1 3.01081E-1 2.57209E-1 3.59188E-1 3.33594E-1
1.10899E-1 1.1077E-1 1.07899E-1 1.04229E-1 9.35255E-2 8.71448E-2 9.28351E-2 9.21373E-2 9.75539E-2 1.09248E-1 1.24339E-1 1.40799E-1 2.19573E-1 2.56857E-1 2.28606E-1 1.86696E-1 1.77721E-1 4.99149E-2 4.26981E-2 8.26356E-2 1.08303E-1 1.16414E-1 1.13161E-1 1.34717E-1 1.43482E-1 1.87619E-1 1.0581E-1 1.55075E-1 2.50074E-1 9.22319E-2 1.518E-1 -9999 -9999 -9999 -9999 -9999 -9999 -9999 -9999 -9999 -9999 -9999 -9999 3.15142E-1 3.42507E-1 4.60811E-1 4.64009E-1 3.77877E-1 4.14987E-1 2.67836E-1 4.22372E-1 4.78855E-1 6.06548E-1 3.80251E-1 4.50858E-1 2.79794E-1 2.97739E-1 2.77038E-1 3.48834E-1 3.25078E-1
1.25108E-1 1.21638E-1 1.18425E-1 1.19492E-1 7.98009E-2 1.09029E-1 9.24922E-2 9.24816E-2 1.0161E-1 1.13796E-1 1.30948E-1 1.44441E-1 1.03772E-1 1.95047E-1 2.18925E-1 1.94054E-1 1.53769E-1 1.22346E-1 6.88485E-2 7.94151E-2 1.10384E-1 1.30327E-1 1.27203E-1 1.60123E-1 1.6921E-1 1.52054E-1 2.15487E-1 1.60705E-1 2.28585E-1 1.00899E-1 2.14601E-1 -9999 -9999 -9999 -9999 -9999 -9999 -9999 -9999 -9999 -9999 -9999 3.86524E-1 1.80111E-1 3.46517E-1 4.17455E-1 4.19397E-1 4.38439E-1 4.38023E-1 4.20005E-1 2.7745E-1 3.63203E-1 4.33494E-1 4.0619E-1 3.98069E-1 2.70959E-1 3.29932E-1 1.91784E-1 3.49936E-1 3.06938E-1
1.05957E-1 1.06059E-1 9.96251E-2 9.90451E-2 1.15917E-1 6.7953E-2 1.40242E-1 1.11818E-1 1.1364E-1 1.21684E-1 1.40125E-1 1.61346E-1 1.22847E-1 1.83336E-1 1.67794E-1 1.16071E-1 9.46382E-2 3.77507E-2 5.81667E-2 9.19588E-2 2.00844E-1 1.78102E-1 1.87563E-1 2.10922E-1 2.01048E-1 1.38351E-1 1.32256E-1 1.14105E-1 9.9595E-2 9.93105E-2 2.73337E-1 2.17967E-1 -9999 -9999 -9999 -9999 -9999 -9999 -9999 -9999 -9999 3.14246E-1 3.288E-1 3.94869E-1 4.58462E-1 4.57061E-1 4.73624E-1 5.77415E-1 3.78125E-1 4.83898E-1 3.55212E-1 3.61008E-1 5.19203E-1 4.39543E-1 4.28756E-1 4.29072E-1 4.34011E-1 4.35305E-1 4.45546E-1 3.90838E-1
1.18598E-1 1.20133E-1 1.20349E-1 1.08645E-1 1.08198E-1 2.04352E-1 1.35197E-1 1.27945E-1 1.30802E-1 1.37477E-1 1.5098E-1 1.68534E-1 1.75532E-1 1.90614E-1 2.02709E-1 1.02749E-1 6.28701E-2 1.56764E-2 6.55369E-2 1.06434E-1 2.05221E-1 2.07427E-1 2.47664E-1 2.65448E-1 2.14995E-1 1.50478E-1 1.52232E-1 1.10716E-1 1.1572E-1 1.00239E-1 2.34596E-1 2.01262E-1 -9999 -9999 -9999 -9999 -9999 -9999 -9999 -9999 2.69413E-1 3.04806E-1 2.9834E-1 3.37002E-1 2.00329E-1 2.94572E-1 2.05804E-1 4.58586E-1 1.57118E-1 3.93274E-1 4.63979E-1 3.77466E-1 5.32765E-1 5.15329E-1 4.75904E-1 4.35072E-1 3.46938E-1 2.69477E-1 2.9971E-1 4.32432E-1
1.24984E-1 1.32183E-1 1.40096E-1 1.32152E-1 1.41952E-1 1.93069E-1 1.23043E-1 1.69505E-1 1.46008E-1 1.53013E-1 1.72721E-1 1.59565E-1 1.1822E-1 1.61019E-1 6.14142E-2 1.09038E-1 7.73545E-2 3.47927E-2 1.04028E-1 1.09966E-1 2.69073E-1 3.05437E-1 2.76602E-1 1.74676E-1 1.60522E-1 1.39632E-1 1.47427E-1 1.27141E-1 1.22308E-1 1.66998E-1 1.43507E-1 1.69074E-1 1.89155E-1 -9999 -9999 -9999 -9999 -9999 -9999 1.27308E-1 2.71571E-1 2.95806E-1 2.85043E-1 3.08242E-1 3.18184E-1 4.05399E-1 3.37138E-1 2.98423E-1 4.4512E-1 3.91913E-1 2.61351E-1 5.16898E-1 2.96712E-1 5.41626E-1 5.14611E-1 4.14021E-1 4.24655E-1 4.64028E-1 5.21995E-1 3.96604E-1
1.08735E-1 1.20347E-1 1.09518E-1 1.18536E-1 1.2848E-1 1.82802E-1 2.19456E-1 2.58191E-1 1.6666E-1 9.48139E-2 1.74529E-1 1.61689E-1 1.64699E-1 1.58266E-1 1.19773E-1 9.70307E-2 6.29492E-2 1.24241E-1 1.08662E-1 1.4744E-1 3.57389E-1 3.22769E-1 2.12776E-1 1.90425E-1 1.86317E-1 1.46992E-1 1.51765E-1 1.29144E-1 1.11701E-1 1.74805E-1 1.36934E-1 1.83533E-1 1.68592E-1 -9999 -9999 -9999 -9999 -9999 -9999 1.3896E-1 3.83933E-1 3.72831E-1 3.63439E-1 3.50285E-1 3.61663E-1 4.86087E-1 3.65386E-1 2.23974E-1 5.34208E-1 4.41177E-1 4.65819E-1 4.51522E-1 4.38747E-1 2.6197E-1 4.42341E-1 4.79487E-1 4.35789E-1 4.55711E-1 5.12615E-1 3.87415E-1
9.833E-2 1.24658E-1 1.26963E-1 1.1516E-1 1.25948E-1 1.67876E-1 1.87417E-1 5.3572E-2 1.9203E-1 1.78213E-1 1.59551E-1 1.42249E-1 1.43435E-1 1.44503E-1 1.29464E-1 1.01503E-1 1.15112E-1 1.21621E-1 4.05996E-2 2.19007E-1 3.78816E-1 3.44889E-1 2.6756E-1 1.88852E-1 1.73628E-1 1.2948E-1 1.19083E-1 9.11347E-2 8.60243E-2 1.05027E-1 1.46858E-1 1.46956E-1 1.50777E-1 1.29715E-1 -9999 -9999 -9999 1.58187E-1 1.70049E-1 2.5379E-1 3.07009E-1 3.20629E-1 3.76237E-1 2.37804E-1 4.66917E-1 4.88993E-1 6.18785E-1 3.97482E-1 5.50984E-1 4.82064E-1 4.51846E-1 4.54703E-1 4.52252E-1 2.47307E-1 5.37769E-1 3.79468E-1 4.16916E-1 4.57155E-1 5.53703E-1 4.88806E-1
1.03441E-1 1.38992E-1 1.83265E-1 1.34146E-1 1.34857E-1 1.99903E-1 1.18328E-1 1.50912E-1 2.76448E-1 1.65868E-1 1.13279E-1 1.03182E-1 1.01601E-1 1.12554E-1 1.2393E-1 1.88416E-1 1.84776E-1 2.29206E-1 2.95011E-1 1.72023E-1 3.49923E-1 2.765E-1 1.67366E-1 1.29751E-1 1.20652E-1 1.12198E-1 1.1E-1 8.72348E-2 9.1771E-2 1.94886E-1 2.13333E-1 8.53986E-2 7.32687E-2 8.66068E-2 1.43233E-1 2.90223E-1 3.35852E-1 4.13284E-1 3.04251E-1 4.84669E-1 4.78602E-1 4.77783E-1 4.80064E-1 6.05001E-1 3.99258E-1 6.55483E-1 3.08617E-1 3.72702E-1 5.43947E-1 4.42428E-1 4.04372E-1 4.11682E-1 4.4196E-1 3.59764E-1 4.59637E-1 4.37933E-1 4.44524E-1 5.36945E-1 4.39579E-1 4.25631E-1
1.05358E-1 1.21379E-1 1.81707E-1 1.89729E-1 1.66063E-1 2.31365E-1 2.20991E-1 1.47876E-1 2.50679E-1 1.48116E-1 9.6493E-2 1.00421E-1 8.87328E-2 9.95169E-2 1.1247E-1 1.71685E-1 1.81022E-1 1.98557E-1 2.34121E-1 2.72367E-1 3.04689E-1 1.76673E-1 1.40212E-1 1.20348E-1 1.22046E-1 1.39092E-1 1.13978E-1 1.87473E-1 1.8015E-1 1.48804E-1 1.94755E-1 1.08528E-1 9.6204E-2 1.57029E-1 1.72539E-1 3.38491E-1 4.02228E-1 4.36043E-1 4.55347E-1 4.99883E-1 4.25998E-1 5.32198E-1 5.07757E-1 5.96571E-1 3.21043E-1 2.11424E-1 2.87164E-1 2.97884E-1 5.21778E-1 3.91975E-1 3.88651E-1 3.77931E-1 4.1398E-1 5.07019E-1 1.79497E-1 3.2326E-1 4.72695E-1 5.74114E-1 4.90963E-1 2.92529E-1
