Phytophthora/models/20240429_1812_56/Phytophthora_PA2_RUN4_MAXENT_outputs/Phytophthora_PA2_RUN4.asc
ncols         225
nrows         269
xllcorner     473000.0
yllcorner     4429100.0
cellsize      50.0
NODATA_value  -9999
[rows 216 to 242 of 269, columns 60 to 119 of 225]
5.00581E-1 3.98666E-1 3.20754E-1 3.01457E-1 3.49681E-1 4.48536E-1 4.09174E-1 3.65454E-1 3.59244E-1 3.13857E-1 2.84497E-1 3.09653E-1 3.53241E-1 3.89779E-1 3.18685E-1 3.87576E-1 5.31854E-1 3.73721E-1 4.71508E-1 4.93659E-1 5.88811E-1 6.12709E-1 6.53893E-1 7.10961E-1 7.26882E-1 8.32372E-1 7.44452E-1 7.12821E-1 7.40718E-1 7.20346E-1 8.16315E-1 7.3491E-1 6.99322E-1 6.3468E-1 7.50391E-1 4.85579E-1 5.04272E-1 5.33391E-1 5.89693E-1 6.1847E-1 6.56329E-1 6.81652E-1 6.69593E-1 6.66521E-1 6.22989E-1 5.73917E-1 6.01982E-1 6.40809E-1 7.62412E-1 7.16225E-1 5.8589E-1 5.65508E-1 5.49885E-1 5.30216E-1 4.94091E-1 4.50701E-1 4.58204E-1 4.58396E-1 4.25021E-1 3.95411E-1
2.85035E-1 2.74632E-1 3.25756E-1 3.17903E-1 3.306E-1 3.67434E-1 4.05578E-1 3.54174E-1 3.77805E-1 3.17525E-1 3.10916E-1 3.28658E-1 3.20415E-1 3.17906E-1 3.37132E-1 4.04945E-1 5.37399E-1 4.1101E-1 4.99986E-1 5.14336E-1 6.26855E-1 6.99363E-1 6.90594E-1 7.45128E-1 8.25008E-1 6.967E-1 7.57667E-1 7.41584E-1 6.47457E-1 7.7112E-1 7.98378E-1 7.9004E-1 7.81774E-1 7.6378E-1 7.43983E-1 5.60146E-1 5.20071E-1 5.54448E-1 5.7259E-1 6.16155E-1 6.24749E-1 6.38844E-1 6.67115E-1 6.63754E-1 6.29814E-1 6.06548E-1 6.26848E-1 6.54332E-1 3.9484E-1 6.82246E-1 5.95606E-1 5.57431E-1 5.50435E-1 5.37273E-1 4.80134E-1 4.22508E-1 4.77727E-1 5.25093E-1 4.85244E-1 3.95071E-1
3.05814E-1 3.04474E-1 2.95832E-1 2.8881E-1 3.08802E-1 1.58759E-1 3.7156E-1 3.36917E-1 4.32853E-1 3.74727E-1 3.72165E-1 3.67713E-1 3.62793E-1 3.15813E-1 3.49145E-1 4.28625E-1 4.08977E-1 2.04703E-1 3.92776E-1 4.45673E-1 6.449E-1 6.91553E-1 6.95952E-1 7.83115E-1 8.0856E-1 7.69499E-1 7.61416E-1 6.73205E-1 7.77788E-1 7.66514E-1 8.2654E-1 8.06136E-1 7.80784E-1 7.51634E-1 6.92734E-1 5.31663E-1 5.35273E-1 5.25163E-1 5.4777E-1 5.73909E-1 6.09247E-1 6.48664E-1 6.55049E-1 5.26298E-1 6.46763E-1 6.39279E-1 6.66577E-1 6.75947E-1 4.01347E-1 4.38654E-1 6.44253E-1 6.18098E-1 6.44713E-1 6.33478E-1 5.6929E-1 5.20283E-1 5.56448E-1 5.51886E-1 5.15682E-1 5.04543E-1
2.76201E-1 2.73225E-1 2.68607E-1 2.68357E-1 2.73316E-1 3.82629E-1 3.45605E-1 3.37117E-1 4.53914E-1 4.9859E-1 4.25901E-1 3.81727E-1 4.15101E-1 4.1251E-1 4.14744E-1 4.55274E-1 4.36891E-1 4.45359E-1 5.2359E-1 3.90323E-1 5.96797E-1 6.56436E-1 7.48361E-1 7.67607E-1 7.80828E-1 7.4628E-1 7.43216E-1 8.14204E-1 7.79778E-1 7.43674E-1 8.37362E-1 8.11073E-1 7.91976E-1 7.54241E-1 6.81329E-1 4.73827E-1 4.82325E-1 4.87059E-1 5.14497E-1 5.48367E-1 5.70582E-1 6.62128E-1 6.34233E-1 6.58394E-1 6.61417E-1 4.77023E-1 6.64783E-1 6.63155E-1 6.72166E-1 3.39781E-1 5.63167E-1 6.47435E-1 6.79002E-1 6.48057E-1 5.97954E-1 5.42694E-1 5.56298E-1 3.68747E-1 3.80921E-1 4.09628E-1
2.55184E-1 2.70217E-1 2.62748E-1 2.70023E-1 2.6124E-1 3.58897E-1 3.43009E-1 3.63677E-1 4.63807E-1 5.41588E-1 5.01883E-1 4.07686E-1 4.25203E-1 4.28935E-1 4.29671E-1 4.8883E-1 4.97878E-1 2.51597E-1 4.61176E-1 4.91543E-1 5.75687E-1 5.79201E-1 7.11923E-1 7.43707E-1 7.62952E-1 8.02992E-1 6.95796E-1 7.39194E-1 7.3925E-1 7.59777E-1 8.41795E-1 8.27071E-1 8.02129E-1 7.56541E-1 6.84201E-1 4.52415E-1 4.35501E-1 4.65288E-1 5.01849E-1 5.36362E-1 5.80604E-1 6.32389E-1 6.1294E-1 6.3194E-1 6.30793E-1 6.35412E-1 6.2225E-1 6.07141E-1 6.15683E-1 3.72248E-1 6.59008E-1 6.50265E-1 6.52459E-1 4.09164E-1 5.68047E-1 5.02297E-1 4.31815E-1 4.13731E-1 3.86913E-1 2.02729E-1
2.08643E-1 2.13994E-1 2.15275E-1 2.29809E-1 2.00457E-1 3.33934E-1 3.53475E-1 3.91091E-1 4.27843E-1 5.87426E-1 6.67249E-1 5.54745E-1 5.6513E-1 5.73427E-1 5.69823E-1 6.0373E-1 5.85687E-1 6.11553E-1 5.97499E-1 5.51674E-1 5.23572E-1 5.30774E-1 5.68687E-1 6.99757E-1 4.56672E-1 8.17116E-1 7.18005E-1 8.29199E-1 8.33331E-1 7.16276E-1 8.74371E-1 8.35437E-1 7.69577E-1 7.00135E-1 6.76567E-1 5.05591E-1 4.76286E-1 5.22637E-1 5.64066E-1 5.72424E-1 4.38305E-1 5.81066E-1 4.8055E-1 5.03696E-1 5.13545E-1 5.50239E-1 5.28424E-1 4.99009E-1 5.0976E-1 5.30333E-1 5.70039E-1 6.13674E-1 5.58869E-1 5.28116E-1 5.07038E-1 2.82658E-1 2.58744E-1 4.54464E-1 4.25744E-1 4.35009E-1
1.83825E-1 2.07198E-1 2.01328E-1 1.49021E-1 1.52678E-1 1.14345E-1 4.01459E-1 4.37252E-1 4.27915E-1 5.81822E-1 6.99506E-1 6.30228E-1 6.00207E-1 6.08945E-1 6.16414E-1 6.34721E-1 6.20146E-1 6.06362E-1 6.01995E-1 5.76085E-1 5.14792E-1 4.97513E-1 5.2346E-1 1.55184E-1 4.66746E-1 6.66516E-1 6.71979E-1 7.66721E-1 7.00988E-1 8.3106E-1 6.9177E-1 6.76871E-1 6.27335E-1 6.41182E-1 6.74927E-1 5.12402E-1 5.13951E-1 5.67277E-1 5.12866E-1 4.21589E-1 4.59683E-1 3.56625E-1 4.83858E-1 3.36761E-1 4.09717E-1 5.30151E-1 4.53465E-1 4.86822E-1 5.30665E-1 5.21304E-1 3.65784E-1 3.64114E-1 5.06112E-1 4.66606E-1 4.8195E-1 4.85188E-1 4.78775E-1 4.45923E-1 4.18936E-1 4.24356E-1
7.27677E-2 1.72872E-1 1.60636E-1 1.72224E-1 1.82791E-1 2.29905E-1 2.46511E-1 1.5459E-1 1.59283E-1 2.33521E-1 3.78449E-1 3.63688E-1 6.3673E-1 6.464E-1 4.9165E-1 6.69776E-1 6.64852E-1 6.66214E-1 6.52494E-1 6.21519E-1 5.42619E-1 5.36648E-1 5.09385E-1 5.07846E-1 4.41523E-1 6.38809E-1 7.97145E-1 6.91563E-1 7.15705E-1 7.36945E-1 7.58332E-1 6.47028E-1 6.57437E-1 7.09814E-1 6.68228E-1 4.4121E-1 4.25222E-1 4.78661E-1 4.93657E-1 4.13182E-1 3.51973E-1 5.06598E-1 1.83306E-1 3.26531E-1 4.48415E-1 3.32859E-1 3.83983E-1 1.50834E-1 5.05159E-1 2.35024E-1 6.00393E-1 5.32635E-1 5.4607E-1 5.05476E-1 5.14543E-1 5.04254E-1 4.83096E-1 4.67971E-1 4.44349E-1 4.0192E-1
1.47832E-1 1.67735E-1 1.07664E-1 1.31918E-1 1.73248E-1 2.63116E-1 3.45782E-1 4.40077E-1 4.17985E-1 3.99089E-1 5.16837E-1 5.44204E-1 6.71789E-1 6.96787E-1 6.29506E-1 6.84926E-1 7.01723E-1 7.33687E-1 4.73486E-1 6.94442E-1 5.93404E-1 5.43887E-1 5.06353E-1 4.76439E-1 5.30313E-1 7.44264E-1 7.71705E-1 7.79459E-1 7.82574E-1 7.65669E-1 7.17995E-1 7.10995E-1 6.99764E-1 6.83651E-1 6.43937E-1 4.5498E-1 3.02265E-1 3.20161E-1 3.64487E-1 3.68667E-1 3.15188E-1 2.9432E-1 2.69801E-1 2.6314E-1 2.48107E-1 3.05951E-1 3.42538E-1 3.83927E-1 4.04242E-1 3.75395E-1 4.41261E-1 1.96519E-1 5.68699E-1 5.16973E-1 5.13452E-1 5.00556E-1 5.01137E-1 4.32584E-1 4.74886E-1 4.51126E-1
1.54808E-1 1.00907E-1 1.1196E-1 1.22026E-1 1.50014E-1 2.56093E-1 2.77709E-1 4.39046E-1 4.76488E-1 4.36735E-1 5.93895E-1 6.68766E-1 7.06749E-1 7.41135E-1 7.1985E-1 7.20871E-1 5.59066E-1 7.50584E-1 7.64385E-1 5.53561E-1 6.47211E-1 5.82393E-1 5.38918E-1 4.98305E-1 5.1511E-1 7.20343E-1 7.25682E-1 7.29725E-1 7.45442E-1 7.29694E-1 6.82851E-1 6.78714E-1 6.61046E-1 6.5646E-1 5.83795E-1 4.52592E-1 3.32557E-1 3.44909E-1 3.81676E-1 3.66392E-1 2.91979E-1 3.13161E-1 3.68132E-1 2.81393E-1 2.64973E-1 3.976E-1 3.29978E-1 3.60796E-1 4.29644E-1 4.80028E-1 4.27256E-1 3.62144E-1 6.36521E-1 4.11911E-1 5.37997E-1 6.13848E-1 5.84327E-1 6.02343E-1 5.69585E-1 4.51153E-1
1.41418E-1 9.30838E-2 1.00836E-1 1.05514E-1 1.22982E-1 2.04883E-1 2.32585E-1 3.16968E-1 4.16249E-1 4.93649E-1 6.56862E-1 6.79529E-1 7.12814E-1 5.37337E-1 6.87043E-1 8.07437E-1 7.96122E-1 6.79846E-1 8.23502E-1 8.38517E-1 5.58475E-1 6.82066E-1 6.33096E-1 5.50619E-1 5.37623E-1 5.04321E-1 5.24466E-1 5.12471E-1 5.21771E-1 5.54294E-1 7.06015E-1 6.85541E-1 6.17567E-1 6.62754E-1 6.43891E-1 6.8025E-1 6.68186E-1 6.66972E-1 6.65056E-1 5.92985E-1 4.04431E-1 4.36665E-1 4.99097E-1 4.52119E-1 4.20852E-1 4.20302E-1 4.41895E-1 4.74418E-1 5.03711E-1 5.41534E-1 6.33514E-1 6.90673E-1 5.3607E-1 7.9789E-1 6.15038E-1 5.64946E-1 4.69771E-1 4.57167E-1 4.91663E-1 5.21042E-1
1.58274E-1 1.65105E-1 1.80397E-1 1.22463E-1 1.66625E-1 2.66906E-1 3.29239E-1 3.69126E-1 3.99598E-1 4.62451E-1 6.58135E-1 7.03967E-1 7.41903E-1 6.66579E-1 7.39239E-1 7.97882E-1 8.05254E-1 6.97183E-1 8.02456E-1 7.53583E-1 4.14034E-1 6.82523E-1 6.29742E-1 3.472E-1 5.43956E-1 5.29244E-1 4.93733E-1 4.81348E-1 4.80048E-1 5.30135E-1 7.37868E-1 7.18513E-1 6.89651E-1 6.21611E-1 6.09822E-1 6.47453E-1 6.30072E-1 6.3101E-1 6.46277E-1 6.19879E-1 4.47771E-1 4.5831E-1 4.87068E-1 4.6403E-1 4.88417E-1 4.32014E-1 4.37557E-1 4.70512E-1 5.17419E-1 5.72212E-1 6.68879E-1 4.90281E-1 6.2574E-1 6.93238E-1 6.18128E-1 3.45852E-1 3.17492E-1 2.85325E-1 2.78054E-1 5.43981E-1
1.78374E-1 1.84627E-1 2.11907E-1 2.14455E-1 2.36002E-1 3.36869E-1 3.39097E-1 3.90934E-1 4.57434E-1 5.4891E-1 7.30746E-1 7.83889E-1 8.16768E-1 7.85289E-1 7.2108E-1 7.70905E-1 7.80055E-1 7.92772E-1 6.53561E-1 7.47378E-1 6.97616E-1 6.85553E-1 6.2232E-1 3.49751E-1 5.60538E-1 5.73566E-1 5.39445E-1 4.80874E-1 4.5757E-1 5.35359E-1 5.61474E-1 6.91007E-1 6.11085E-1 5.87546E-1 5.77862E-1 6.17145E-1 5.84784E-1 5.83821E-1 6.11033E-1 5.90113E-1 4.22386E-1 4.50157E-1 4.38069E-1 4.72822E-1 4.89128E-1 4.34501E-1 4.39819E-1 4.88745E-1 5.48849E-1 6.01659E-1 6.95588E-1 7.77546E-1 6.37327E-1 5.94849E-1 4.92194E-1 3.54684E-1 3.39137E-1 3.37639E-1 3.25084E-1 4.52571E-1
1.96783E-1 1.97409E-1 2.04084E-1 2.18973E-1 2.48232E-1 3.65402E-1 3.75521E-1 3.84061E-1 4.13934E-1 4.85641E-1 6.74162E-1 6.9698E-1 7.98743E-1 8.25983E-1 7.30385E-1 7.5431E-1 7.51667E-1 7.66198E-1 7.79333E-1 5.29562E-1 6.02308E-1 5.91407E-1 6.27295E-1 6.02918E-1 5.8445E-1 5.86983E-1 3.36809E-1 3.57603E-1 4.96696E-1 5.24035E-1 6.73804E-1 5.75869E-1 5.75997E-1 5.59187E-1 5.469E-1 5.78722E-1 5.67126E-1 5.63782E-1 5.74909E-1 5.4789E-1 3.77671E-1 4.13565E-1 4.3424E-1 4.26635E-1 4.85858E-1 4.40096E-1 4.48141E-1 4.86418E-1 5.60424E-1 6.56785E-1 7.03942E-1 6.31915E-1 6.62909E-1 6.68573E-1 5.45071E-1 3.85308E-1 3.26673E-1 3.38343E-1 3.80415E-1 4.14829E-1
2.0418E-1 2.10182E-1 2.38215E-1 2.41008E-1 2.69194E-1 4.07357E-1 4.05623E-1 4.36425E-1 4.49594E-1 5.05066E-1 6.95392E-1 7.33195E-1 6.5575E-1 8.22848E-1 8.14436E-1 7.99799E-1 7.42021E-1 7.26982E-1 7.51916E-1 7.26555E-1 6.87312E-1 4.88243E-1 6.3563E-1 6.1913E-1 6.24507E-1 6.07307E-1 6.38149E-1 2.62207E-1 6.55731E-1 6.40537E-1 6.55131E-1 6.3271E-1 6.05095E-1 5.73683E-1 5.54689E-1 5.83733E-1 5.99523E-1 5.82728E-1 5.81726E-1 5.76209E-1 4.17087E-1 4.38264E-1 4.61301E-1 3.35786E-1 4.77629E-1 4.27249E-1 4.59264E-1 4.78375E-1 5.19267E-1 6.32211E-1 6.66805E-1 6.98894E-1 7.04166E-1 6.7957E-1 5.85338E-1 4.18198E-1 3.60583E-1 3.36819E-1 3.44476E-1 3.68229E-1
3.91224E-1 4.22333E-1 4.81901E-1 5.52965E-1 5.03755E-1 6.19145E-1 6.52817E-1 6.2675E-1 6.38123E-1 6.61023E-1 6.75925E-1 7.26911E-1 7.51839E-1 7.1927E-1 7.60472E-1 7.44106E-1 5.98881E-1 6.02327E-1 6.2124E-1 6.01294E-1 6.27669E-1 4.70207E-1 6.2892E-1 6.00453E-1 6.17563E-1 6.65942E-1 6.64455E-1 6.32099E-1 6.20897E-1 6.93618E-1 7.18876E-1 7.05523E-1 6.19475E-1 5.89482E-1 5.83069E-1 5.7401E-1 6.05729E-1 6.13437E-1 5.60923E-1 6.38008E-1 6.4215E-1 6.40601E-1 6.59677E-1 5.41405E-1 6.63168E-1 5.38761E-1 5.99802E-1 5.65646E-1 5.88932E-1 6.36184E-1 5.38699E-1 5.83611E-1 5.16438E-1 6.09521E-1 5.60185E-1 4.6012E-1 3.60205E-1 2.97554E-1 2.92202E-1 2.63556E-1
4.30183E-1 4.79273E-1 5.21345E-1 6.43176E-1 6.26677E-1 6.50121E-1 6.92354E-1 7.3154E-1 6.87346E-1 6.91616E-1 6.91749E-1 7.16797E-1 7.31241E-1 7.56528E-1 7.40724E-1 7.44706E-1 6.32373E-1 6.46577E-1 6.85683E-1 6.11766E-1 6.22754E-1 6.39063E-1 6.43002E-1 6.39533E-1 6.37471E-1 6.74609E-1 7.37908E-1 7.38444E-1 4.49687E-1 7.17973E-1 7.62453E-1 6.58897E-1 5.7783E-1 6.07153E-1 6.12177E-1 5.95361E-1 5.82134E-1 6.88575E-1 5.88839E-1 7.31012E-1 6.49567E-1 6.31314E-1 7.10015E-1 6.55949E-1 7.03819E-1 5.69272E-1 5.40428E-1 6.30424E-1 6.05261E-1 6.3557E-1 3.00655E-1 6.34319E-1 4.13132E-1 6.32088E-1 5.4756E-1 3.94471E-1 3.43563E-1 2.99659E-1 2.77526E-1 2.39069E-1
4.46193E-1 4.85446E-1 5.47854E-1 5.85731E-1 7.20252E-1 7.01969E-1 7.02541E-1 7.40765E-1 7.84812E-1 7.1892E-1 6.80749E-1 6.67311E-1 6.57455E-1 6.61861E-1 6.97514E-1 7.74464E-1 6.7789E-1 6.93851E-1 7.3947E-1 6.3363E-1 6.65031E-1 6.81686E-1 4.81596E-1 6.79192E-1 6.79361E-1 6.86367E-1 6.74769E-1 7.14414E-1 7.33094E-1 7.3543E-1 7.0787E-1 6.83317E-1 6.69638E-1 6.72786E-1 6.62305E-1 6.43701E-1 6.10621E-1 6.21555E-1 7.16658E-1 7.22588E-1 6.48952E-1 6.98726E-1 7.30845E-1 7.25118E-1 7.77719E-1 6.08932E-1 6.12842E-1 6.50023E-1 6.5455E-1 6.39363E-1 5.0745E-1 5.74534E-1 6.4613E-1 5.74119E-1 5.00895E-1 3.77571E-1 3.90153E-1 3.88913E-1 3.96753E-1 3.38347E-1
4.49193E-1 4.94765E-1 5.47183E-1 6.60109E-1 7.46197E-1 8.14795E-1 7.54229E-1 7.49822E-1 7.50061E-1 7.20479E-1 6.74092E-1 6.70998E-1 7.11155E-1 7.19142E-1 7.54384E-1 6.92191E-1 7.40485E-1 7.5361E-1 7.40417E-1 6.33717E-1 6.85435E-1 7.15777E-1 5.2119E-1 7.1088E-1 7.1591E-1 7.38818E-1 6.76215E-1 6.7941E-1 7.51379E-1 6.97076E-1 7.5098E-1 7.17422E-1 6.96319E-1 6.91692E-1 6.73782E-1 6.70063E-1 6.80498E-1 6.22952E-1 7.28839E-1 7.23734E-1 6.6531E-1 7.03274E-1 7.38186E-1 7.44142E-1 8.33329E-1 6.4457E-1 6.55144E-1 6.75747E-1 6.60933E-1 6.44988E-1 5.19934E-1 5.20143E-1 3.06734E-1 3.83072E-1 3.15876E-1 2.47751E-1 2.78176E-1 2.91214E-1 2.81216E-1 2.51631E-1
4.63053E-1 4.95556E-1 5.35464E-1 5.85765E-1 7.15876E-1 8.06871E-1 7.87917E-1 7.37716E-1 7.18507E-1 7.19749E-1 6.23494E-1 6.38744E-1 5.07736E-1 6.39344E-1 5.98406E-1 7.20345E-1 6.89385E-1 7.00057E-1 6.50165E-1 6.39586E-1 7.10419E-1 7.39963E-1 7.39241E-1 7.31001E-1 7.41299E-1 7.58684E-1 7.29599E-1 6.85285E-1 6.73652E-1 5.19793E-1 7.71227E-1 7.40287E-1 7.24692E-1 7.21935E-1 7.06283E-1 6.80068E-1 6.95693E-1 6.81628E-1 7.38263E-1 6.71538E-1 6.78651E-1 7.17565E-1 7.55211E-1 7.63505E-1 7.74625E-1 6.68497E-1 6.86949E-1 7.05284E-1 6.91387E-1 6.488E-1 5.3705E-1 5.2541E-1 5.07505E-1 4.55727E-1 3.5276E-1 2.70957E-1 2.91258E-1 2.74605E-1 2.49684E-1 2.19887E-1
4.84075E-1 5.39291E-1 5.73764E-1 6.24254E-1 7.10138E-1 7.81286E-1 7.7369E-1 5.81879E-1 6.73655E-1 6.51951E-1 5.83355E-1 6.1884E-1 6.12099E-1 6.74965E-1 5.85151E-1 7.08782E-1 5.36861E-1 6.71222E-1 6.75146E-1 6.37939E-1 7.29264E-1 7.79164E-1 6.81637E-1 7.67099E-1 7.84075E-1 7.60343E-1 7.45211E-1 7.28246E-1 6.92203E-1 6.91342E-1 7.50632E-1 7.49121E-1 7.3743E-1 7.24748E-1 6.96634E-1 6.60287E-1 6.49137E-1 6.71856E-1 7.1151E-1 6.27031E-1 6.44534E-1 6.7991E-1 7.16809E-1 7.45008E-1 7.23881E-1 6.85623E-1 6.98353E-1 7.06465E-1 7.04993E-1 6.36322E-1 5.26035E-1 5.87001E-1 5.53246E-1 5.45165E-1 4.86396E-1 3.78354E-1 3.75957E-1 3.54175E-1 3.42019E-1 3.19391E-1
4.8171E-1 5.2644E-1 5.58513E-1 5.8449E-1 5.85247E-1 4.51899E-1 6.84828E-1 5.86603E-1 4.77366E-1 5.66406E-1 5.17998E-1 6.18699E-1 6.23408E-1 6.37685E-1 5.65827E-1 4.93184E-1 5.72793E-1 6.83881E-1 7.06502E-1 6.38686E-1 7.32047E-1 7.76136E-1 6.94054E-1 7.60175E-1 5.65138E-1 7.76633E-1 7.57021E-1 7.53173E-1 7.33256E-1 7.04246E-1 5.46244E-1 7.67992E-1 7.62635E-1 7.68077E-1 7.22459E-1 6.96264E-1 6.69628E-1 6.59424E-1 7.26885E-1 6.40614E-1 6.51734E-1 7.04253E-1 7.41264E-1 7.81158E-1 7.85597E-1 7.24948E-1 7.05121E-1 7.23156E-1 7.32258E-1 6.5766E-1 5.4387E-1 5.69466E-1 5.75434E-1 3.87378E-1 5.18298E-1 4.01762E-1 3.76285E-1 4.05007E-1 3.24436E-1 3.98749E-1
4.9194E-1 5.17836E-1 2.79639E-1 5.66828E-1 5.01528E-1 4.96944E-1 4.70661E-1 4.46878E-1 4.53952E-1 5.54234E-1 5.75532E-1 5.74908E-1 5.87313E-1 6.23304E-1 6.50406E-1 7.02998E-1 7.01791E-1 6.81418E-1 7.05325E-1 6.63357E-1 7.34653E-1 7.58833E-1 6.12861E-1 7.47003E-1 7.56522E-1 7.7892E-1 7.79695E-1 7.6699E-1 7.54142E-1 7.50071E-1 8.006E-1 8.21195E-1 7.84322E-1 7.75953E-1 7.43369E-1 7.21947E-1 7.02043E-1 6.4953E-1 7.39563E-1 6.57762E-1 6.55027E-1 7.49357E-1 7.48204E-1 7.88109E-1 7.94256E-1 7.1481E-1 7.27683E-1 5.58964E-1 7.6548E-1 6.95621E-1 2.7676E-1 1.03001E-1 4.16769E-1 6.76571E-1 5.43767E-1 4.38921E-1 4.04034E-1 4.06093E-1 3.95829E-1 3.96277E-1
4.27317E-1 5.2398E-1 3.49923E-1 3.27365E-1 5.43982E-1 4.58689E-1 4.47543E-1 4.39012E-1 4.0866E-1 4.42274E-1 4.27041E-1 4.81489E-1 5.39022E-1 5.7191E-1 6.27468E-1 7.04049E-1 4.22817E-1 7.02794E-1 5.49932E-1 4.30816E-1 7.40381E-1 7.39026E-1 7.64532E-1 7.37896E-1 7.30955E-1 7.70798E-1 3.99914E-1 6.36171E-1 7.72471E-1 7.73516E-1 8.35726E-1 8.07749E-1 8.08563E-1 7.99165E-1 7.62251E-1 7.24113E-1 7.44606E-1 6.96366E-1 6.32292E-1 6.83562E-1 7.52852E-1 7.9841E-1 6.47828E-1 6.2133E-1 8.03909E-1 7.09693E-1 7.1128E-1 7.47057E-1 7.52616E-1 7.02015E-1 4.19711E-1 4.17949E-1 4.89637E-1 4.47111E-1 4.388E-1 4.24743E-1 4.62454E-1 4.91586E-1 3.19752E-1 5.40551E-1
5.64387E-1 5.61195E-1 3.99367E-1 4.08086E-1 5.19559E-1 5.29927E-1 5.21021E-1 5.09833E-1 5.04223E-1 5.18765E-1 4.92804E-1 4.97061E-1 5.24457E-1 6.00006E-1 6.2817E-1 4.79315E-1 6.35906E-1 6.09296E-1 5.95918E-1 6.0505E-1 6.85789E-1 5.86026E-1 6.51785E-1 7.25989E-1 7.04513E-1 7.4535E-1 6.45651E-1 7.64849E-1 6.60211E-1 7.558E-1 8.46719E-1 6.94788E-1 8.18366E-1 7.98498E-1 7.67633E-1 7.2619E-1 7.38242E-1 7.54885E-1 6.7624E-1 6.81844E-1 5.30494E-1 7.1018E-1 7.00748E-1 7.19413E-1 7.599E-1 7.34446E-1 7.11293E-1 7.52929E-1 7.43989E-1 7.11347E-1 5.95728E-1 4.3793E-1 3.47793E-1 4.16132E-1 3.80898E-1 2.30986E-1 2.1823E-1 2.21882E-1 3.44428E-1 4.00177E-1
4.74212E-1 7.16875E-1 7.05427E-1 5.80761E-1 6.244E-1 4.09415E-1 3.73991E-1 3.61365E-1 3.62435E-1 3.91924E-1 4.58674E-1 4.89445E-1 5.22458E-1 5.51843E-1 6.33021E-1 7.37426E-1 7.05182E-1 6.505E-1 6.24204E-1 6.51547E-1 6.54585E-1 6.93347E-1 3.93168E-1 -9999 3.62355E-1 3.82349E-1 6.23848E-1 6.97547E-1 7.1475E-1 6.88029E-1 5.90786E-1 4.00376E-1 5.07054E-1 4.82017E-1 4.62982E-1 5.05023E-1 4.93343E-1 5.2053E-1 4.83625E-1 4.184E-1 6.7944E-1 5.52529E-1 5.41945E-1 6.70753E-1 6.93026E-1 7.14714E-1 7.15878E-1 7.03326E-1 7.00719E-1 4.66215E-1 6.22619E-1 5.41015E-1 4.66329E-1 4.5803E-1 4.96518E-1 3.51983E-1 3.36554E-1 2.96982E-1 3.14718E-1 3.95903E-1
6.36995E-1 7.09192E-1 7.28953E-1 7.1456E-1 6.28969E-1 4.19201E-1 3.79581E-1 3.66785E-1 3.64058E-1 4.02927E-1 4.43811E-1 4.37125E-1 3.47988E-1 5.2413E-1 6.01636E-1 5.31247E-1 5.90917E-1 7.3749E-1 6.77384E-1 7.07797E-1 7.42621E-1 7.63677E-1 7.33557E-1 5.56634E-1 5.85687E-1 6.17154E-1 5.43319E-1 7.83855E-1 7.07985E-1 6.71927E-1 5.8424E-1 5.5192E-1 4.66281E-1 4.88662E-1 4.38292E-1 4.98831E-1 4.75319E-1 5.29518E-1 3.21888E-1 6.00111E-1 5.74623E-1 6.31924E-1 6.89966E-1 7.36391E-1 7.47259E-1 7.17393E-1 6.58129E-1 7.12627E-1 6.98037E-1 6.51458E-1 5.25522E-1 4.40693E-1 3.93669E-1 3.62981E-1 3.76585E-1 3.3992E-1 3.11548E-1 3.38671E-1 4.8874E-1 4.0885E-1
