Phytophthora/models/20240429_1812_56/Phytophthora_PA2_RUN4_MAXENT_outputs/Phytophthora_PA2_RUN4.asc
ncols         225
nrows         269
xllcorner     473000.0
yllcorner     4429100.0
cellsize      50.0
NODATA_value  -9999
[rows 54 to 80 of 269, columns 0 to 59 of 225]
-9999 -9999 -9999 -9999 -9999 -9999 -9999 -9999 -9999 -9999 -9999 -9999 -9999 -9999 -9999 -9999 -9999 -9999 -9999 -9999 -9999 -9999 2.0453E-2 1.14239E-2 2.47527E-2 2.06291E-2 1.81452E-2 1.79403E-2 2.43441E-2 2.38667E-2 2.72379E-2 2.81661E-2 3.44657E-2 3.61238E-2 4.75447E-2 6.41416E-2 3.21904E-2 6.84149E-2 3.50555E-2 6.92791E-2 6.17962E-2 4.72789E-2 3.80806E-2 4.7131E-2 6.01874E-2 1.86908E-2 1.60485E-2 1.39105E-2 1.5879E-2 2.33375E-2 2.75486E-2 2.30131E-2 2.25617E-2 2.10414E-2 2.16827E-2 2.25974E-2 1.60663E-2 1.22251E-2 1.2034E-2 1.53538E-2
-9999 -9999 -9999 -9999 -9999 -9999 -9999 -9999 -9999 -9999 -9999 -9999 -9999 -9999 -9999 -9999 -9999 -9999 -9999 -9999 -9999 -9999 2.30426E-2 2.00054E-2 1.4926E-2 1.39569E-2 2.32467E-2 2.08326E-2 2.78692E-2 2.18716E-2 2.64236E-2 2.90074E-2 4.07923E-2 4.48836E-2 1.0996E-2 6.7764E-2 6.31747E-2 5.45437E-2 5.01547E-2 2.36332E-2 5.16616E-2 2.82404E-2 4.16313E-2 6.01457E-2 9.04432E-2 3.05596E-2 2.69101E-2 2.59702E-2 1.42433E-2 2.42738E-2 2.23116E-2 1.86893E-2 1.93635E-2 1.25915E-2 1.24439E-2 1.658E-2 1.09132E-2 9.65297E-3 8.58185E-3 1.31228E-2
-9999 -9999 -9999 -9999 -9999 -9999 -9999 -9999 -9999 -9999 -9999 -9999 -9999 -9999 -9999 -9999 -9999 -9999 -9999 -9999 -9999 -9999 8.92612E-3 9.16315E-3 1.07957E-2 1.20602E-2 3.92041E-3 1.78809E-2 2.1223E-2 2.53766E-2 3.58951E-2 3.77116E-2 3.66183E-2 2.87427E-2 7.4251E-2 7.59781E-2 7.66125E-2 7.91716E-2 4.94346E-2 6.2736E-2 5.3518E-2 5.30825E-2 4.0798E-2 5.07013E-2 4.57078E-2 1.45116E-2 1.58569E-2 1.67944E-2 1.60578E-2 1.49522E-2 1.706E-2 1.79671E-2 8.22105E-3 1.28938E-2 1.05139E-2 1.28959E-2 1.15612E-2 1.01182E-2 1.02065E-2 1.6485E-2
-9999 -9999 -9999 -9999 -9999 -9999 -9999 -9999 -9999 -9999 -9999 -9999 -9999 -9999 -9999 -9999 -9999 -9999 -9999 -9999 -9999 1.24985E-2 8.87056E-3 6.92192E-3 6.30903E-3 7.89396E-3 8.12447E-3 1.30662E-2 1.64396E-2 5.63445E-3 1.00931E-2 2.58626E-2 6.95067E-2 5.67205E-2 6.58292E-2 7.12653E-2 6.04382E-2 5.30472E-2 2.79501E-2 5.83198E-2 2.22503E-2 5.74495E-2 3.50527E-2 3.66768E-2 2.18919E-2 1.0392E-2 1.16826E-2 1.32588E-2 1.1158E-2 1.14203E-2 1.21864E-2 9.22617E-3 9.38001E-3 7.94374E-3 7.41566E-3 1.13845E-2 1.08379E-2 1.11638E-2 1.37872E-2 1.58904E-2
-9999 -9999 -9999 -9999 -9999 -9999 -9999 -9999 -9999 -9999 -9999 -9999 -9999 -9999 -9999 -9999 -9999 -9999 1.43853E-3 3.07058E-3 5.72381E-3 8.43203E-3 1.12459E-2 7.26473E-3 6.78475E-3 1.24396E-2 2.3583E-2 1.35846E-2 1.65804E-2 2.4613E-2 3.54162E-2 3.14535E-2 5.05305E-2 3.84245E-2 5.68006E-2 6.15715E-2 6.30926E-2 4.71709E-2 2.77303E-2 5.19166E-2 2.30417E-2 4.66431E-2 2.08856E-2 4.7975E-2 2.72667E-2 8.71797E-3 8.24845E-3 6.65138E-3 8.51452E-3 1.03519E-2 1.36732E-2 8.95018E-3 7.45172E-3 7.24428E-3 8.09961E-3 1.27818E-2 1.16134E-2 1.05913E-2 1.07415E-2 1.51369E-2
-9999 -9999 -9999 -9999 -9999 -9999 -9999 -9999 -9999 -9999 -9999 -9999 -9999 -9999 -9999 -9999 7.40189E-4 9.38762E-4 1.24509E-3 3.47858E-3 5.59842E-3 6.14925E-3 1.14808E-2 1.3165E-2 1.2264E-2 1.485E-2 2.62195E-2 1.36218E-2 1.7134E-2 2.50428E-2 3.76906E-2 3.52279E-2 3.30024E-2 3.2379E-2 4.11451E-2 4.94539E-2 5.10466E-2 4.89727E-2 3.98199E-2 3.49304E-2 2.99924E-2 3.40759E-2 3.75411E-2 4.7449E-2 1.01046E-2 9.29212E-3 7.52381E-3 8.66422E-3 7.27267E-3 8.1857E-3 1.11299E-2 8.85901E-3 7.21432E-3 6.83755E-3 7.49672E-3 1.26235E-2 1.1232E-2 9.46639E-3 1.62649E-2 1.45638E-2
-9999 -9999 -9999 -9999 -9999 -9999 -9999 -9999 -9999 -9999 -9999 -9999 -9999 -9999 -9999 1.43584E-3 9.42782E-4 8.00276E-4 7.09055E-4 2.24863E-3 8.02436E-3 9.00241E-3 1.02923E-2 1.33233E-2 1.56164E-2 1.45838E-2 1.58404E-2 1.46254E-2 1.78054E-2 2.29684E-2 3.8343E-2 4.01862E-2 4.09515E-2 3.78711E-2 4.38188E-2 4.5608E-2 4.91086E-2 4.53808E-2 4.04231E-2 3.36385E-2 2.69669E-2 3.28775E-2 2.6221E-2 3.52702E-2 2.96926E-2 1.06711E-2 7.25551E-3 6.81672E-3 6.69341E-3 6.83985E-3 8.20385E-3 9.29165E-3 8.65305E-3 8.44608E-3 7.73924E-3 1.14938E-2 1.52008E-2 1.33758E-2 6.80181E-3 1.40543E-2
-9999 -9999 -9999 -9999 -9999 -9999 -9999 -9999 -9999 -9999 -9999 -9999 -9999 -9999 1.01024E-2 6.50011E-3 7.7494E-3 7.40449E-3 6.36899E-3 5.73079E-3 7.22413E-3 1.12652E-2 1.22036E-2 1.65193E-2 2.42727E-2 2.33087E-2 4.76751E-2 3.08899E-2 3.2516E-2 3.40337E-2 3.29973E-2 4.31184E-2 4.28274E-2 3.89515E-2 4.84192E-2 4.57065E-2 4.23006E-2 3.325E-2 3.18875E-2 2.79048E-2 1.71885E-2 2.18523E-2 1.64494E-2 1.47387E-2 1.75256E-2 1.99677E-2 1.79723E-2 1.77063E-2 1.79145E-2 1.58418E-2 5.88624E-3 5.9758E-3 5.07256E-3 6.88731E-3 8.8748E-3 1.16028E-2 1.08693E-2 1.1341E-2 1.09408E-2 9.21829E-3
-9999 -9999 -9999 -9999 -9999 -9999 -9999 -9999 -9999 -9999 -9999 -9999 -9999 3.96896E-3 8.81667E-3 7.00602E-3 8.14662E-3 8.07227E-3 7.98543E-3 6.99701E-3 7.15319E-3 8.84465E-3 1.70008E-2 1.35307E-2 1.18184E-2 1.84343E-2 2.09825E-2 3.52389E-2 4.08254E-2 4.51755E-2 4.39493E-2 3.95515E-2 5.42784E-2 5.23075E-2 4.95066E-2 4.03407E-2 4.01496E-2 3.12287E-2 2.55155E-2 2.56053E-2 1.68199E-2 1.75028E-2 1.60311E-2 1.56057E-2 1.61753E-2 1.65009E-2 1.50802E-2 1.47233E-2 1.36622E-2 5.01004E-3 1.88915E-3 1.76564E-3 4.30045E-3 6.47043E-3 7.87007E-3 1.1842E-2 5.1694E-3 1.14127E-2 1.00986E-2 1.06398E-2
-9999 -9999 -9999 -9999 -9999 -9999 -9999 -9999 -9999 -9999 -9999 -9999 -9999 1.42549E-2 1.11675E-2 9.11183E-3 1.02521E-2 1.05002E-2 1.08312E-2 1.0324E-2 1.13891E-2 2.46389E-2 1.57806E-2 1.69168E-2 1.79962E-2 3.15443E-2 2.83018E-2 4.34223E-2 4.89952E-2 4.45838E-2 4.07906E-2 3.90759E-2 4.35672E-2 4.56453E-2 3.99013E-2 3.95799E-2 3.26368E-2 2.61406E-2 2.19443E-2 2.08859E-2 1.61879E-2 1.78476E-2 1.54498E-2 1.59032E-2 1.49007E-2 1.53955E-2 1.36166E-2 1.5124E-2 1.58463E-2 1.1212E-2 3.66824E-3 3.85626E-3 7.79782E-3 7.94925E-3 8.43032E-3 7.4047E-3 1.08896E-2 7.15467E-3 3.45261E-3 1.08286E-2
-9999 -9999 -9999 -9999 -9999 -9999 -9999 -9999 -9999 -9999 -9999 -9999 -9999 1.17651E-2 1.21863E-2 1.05639E-2 1.14698E-2 1.16216E-2 1.21013E-2 1.26338E-2 1.49075E-2 2.2117E-2 2.22354E-2 2.56991E-2 3.14149E-2 3.1542E-2 3.26078E-2 3.81717E-2 4.87152E-2 5.47039E-2 4.97315E-2 4.62821E-2 4.70358E-2 3.79067E-2 4.05271E-2 3.37068E-2 3.0153E-2 2.47677E-2 2.62099E-2 2.59049E-2 1.73142E-2 2.00499E-2 1.87415E-2 1.75594E-2 1.60702E-2 2.04215E-2 1.88541E-2 1.45973E-2 1.3407E-2 1.12931E-2 4.06937E-3 3.92447E-3 8.27481E-3 4.52383E-3 2.82388E-3 1.38593E-2 6.49169E-3 7.19303E-3 8.88902E-3 9.40507E-3
-9999 -9999 -9999 -9999 -9999 -9999 -9999 -9999 -9999 -9999 -9999 -9999 1.3832E-2 1.31889E-2 1.47102E-2 1.30374E-2 1.38485E-2 1.42626E-2 1.4048E-2 1.49147E-2 1.80706E-2 2.27958E-2 2.65122E-2 2.97881E-2 3.7035E-2 5.3509E-2 3.51916E-2 4.28361E-2 4.84553E-2 4.86053E-2 4.66246E-2 4.78631E-2 6.09663E-2 5.14072E-2 3.89493E-2 3.19202E-2 2.93423E-2 2.66375E-2 2.75351E-2 2.92735E-2 1.78344E-2 1.0139E-2 1.62741E-2 1.66273E-2 1.43873E-2 1.68569E-2 1.95985E-2 1.75829E-2 1.70739E-2 1.31715E-2 5.25644E-3 5.43891E-3 2.32317E-3 8.16982E-3 6.7636E-3 1.1384E-2 1.1179E-2 1.37576E-2 1.09996E-2 9.86482E-3
-9999 -9999 -9999 -9999 -9999 -9999 -9999 -9999 -9999 -9999 -9999 -9999 1.63624E-2 3.18444E-2 2.23467E-2 1.80775E-2 1.77266E-2 1.81947E-2 2.06803E-2 1.98849E-2 1.83667E-2 1.5542E-2 2.62975E-2 2.51745E-2 2.57243E-2 4.45847E-2 6.61756E-2 4.64097E-2 4.22007E-2 4.04456E-2 3.11779E-2 2.98658E-2 2.87695E-2 2.75624E-2 2.70418E-2 1.72846E-2 1.9472E-2 1.8854E-2 1.8457E-2 2.1387E-2 2.01905E-2 2.28905E-2 1.95147E-2 2.09104E-2 1.91537E-2 1.84485E-2 1.73296E-2 1.88152E-2 1.80437E-2 1.48315E-2 3.42415E-3 8.07433E-3 1.05023E-2 5.99055E-3 9.69708E-3 1.1285E-2 9.76929E-3 1.02523E-2 1.16072E-2 1.44438E-2
-9999 -9999 -9999 -9999 -9999 -9999 -9999 -9999 -9999 -9999 3.18381E-3 1.56131E-2 8.05169E-3 2.58406E-2 2.00479E-2 1.71701E-2 1.98626E-2 2.05841E-2 2.34184E-2 2.52941E-2 1.86536E-2 1.64455E-2 2.55678E-2 3.0668E-2 2.68223E-2 3.07714E-2 6.64438E-2 4.96907E-2 4.89531E-2 4.89786E-2 3.7195E-2 3.3371E-2 3.06644E-2 2.51356E-2 2.38118E-2 1.85935E-2 2.13986E-2 2.16145E-2 2.36791E-2 2.29112E-2 2.35614E-2 2.31554E-2 2.67636E-2 2.33619E-2 2.04032E-2 1.94299E-2 1.96211E-2 2.19009E-2 2.24116E-2 1.13228E-2 9.44563E-3 8.99159E-3 8.38029E-3 9.61464E-3 9.03799E-3 1.04656E-2 8.94103E-3 9.46818E-3 1.15392E-2 1.56617E-2
-9999 -9999 -9999 -9999 -9999 -9999 -9999 -9999 -9999 2.6789E-3 9.39334E-3 9.17024E-3 1.87119E-2 1.19184E-2 1.47503E-2 1.33225E-2 1.66797E-2 2.00777E-2 2.4627E-2 2.6788E-2 2.22164E-2 2.09471E-2 2.55558E-2 2.4012E-2 2.09963E-2 2.71107E-2 6.88237E-2 3.21858E-2 4.27807E-2 5.09879E-2 3.46607E-2 3.1141E-2 2.87028E-2 2.39976E-2 2.20659E-2 1.97705E-2 2.26072E-2 1.85062E-2 3.02142E-2 2.74836E-2 2.46148E-2 2.34841E-2 2.35263E-2 2.22691E-2 2.22819E-2 1.96516E-2 2.06715E-2 2.01762E-2 2.24282E-2 1.84833E-2 8.82902E-3 8.49325E-3 8.02305E-3 5.62321E-3 8.43303E-3 1.07491E-2 9.69436E-3 8.8378E-3 9.62692E-3 1.22485E-2
-9999 -9999 -9999 -9999 -9999 -9999 -9999 -9999 -9999 -9999 1.52724E-2 1.30876E-2 8.09689E-3 9.64634E-3 1.54873E-2 1.64717E-2 1.81424E-2 2.48231E-2 2.72484E-2 2.99007E-2 2.83498E-2 3.05969E-2 3.23238E-2 3.63253E-2 2.5523E-2 3.30323E-2 2.45026E-2 2.90388E-2 2.81181E-2 3.54232E-2 3.22289E-2 3.35179E-2 3.16977E-2 2.81175E-2 2.28206E-2 2.18378E-2 2.46454E-2 3.06853E-2 1.48942E-2 3.55128E-2 3.19886E-2 2.69098E-2 2.45299E-2 2.18482E-2 2.17228E-2 2.03224E-2 2.10733E-2 2.19024E-2 2.34133E-2 6.52793E-3 8.95494E-3 8.55099E-3 8.19603E-3 7.07145E-3 8.19546E-3 6.78272E-3 1.09107E-2 1.00064E-2 8.93134E-3 1.07606E-2
-9999 -9999 -9999 -9999 -9999 -9999 -9999 -9999 -9999 -9999 -9999 -9999 -9999 -9999 2.31238E-2 2.18487E-2 2.51265E-2 2.98145E-2 2.9625E-2 2.81298E-2 2.68965E-2 2.82993E-2 3.14519E-2 3.54047E-2 4.17841E-2 3.64283E-2 2.5879E-2 3.56313E-2 3.61263E-2 3.65564E-2 3.58536E-2 4.50567E-2 3.75102E-2 3.28531E-2 2.51635E-2 2.15057E-2 2.35217E-2 2.62088E-2 4.49932E-2 3.32529E-2 2.58966E-2 2.64327E-2 2.70114E-2 2.3493E-2 2.39764E-2 2.27929E-2 2.45378E-2 2.08846E-2 2.48611E-2 1.75575E-2 7.72075E-3 7.69123E-3 4.28241E-3 6.58372E-3 6.86106E-3 1.03369E-2 1.05543E-2 9.35263E-3 8.77895E-3 1.04989E-2
-9999 -9999 -9999 -9999 -9999 -9999 -9999 -9999 -9999 -9999 -9999 -9999 -9999 -9999 -9999 -9999 -9999 -9999 -9999 3.43209E-2 2.63189E-2 3.0401E-2 3.31379E-2 3.57825E-2 3.97934E-2 4.93625E-2 3.61843E-2 4.30438E-2 5.01227E-2 4.80583E-2 4.22072E-2 3.75266E-2 4.22874E-2 3.75642E-2 2.68198E-2 1.91848E-2 1.91706E-2 2.06981E-2 2.02252E-2 2.30624E-2 2.73702E-2 2.70234E-2 2.58636E-2 1.755E-2 2.017E-2 2.40075E-2 1.86667E-2 1.33317E-2 2.32249E-2 1.49723E-2 6.41782E-3 6.8189E-3 7.61444E-3 4.46421E-3 6.93016E-3 8.8668E-3 9.00473E-3 9.04357E-3 8.88267E-3 1.03495E-2
-9999 -9999 -9999 -9999 -9999 -9999 -9999 -9999 -9999 -9999 -9999 -9999 -9999 -9999 -9999 -9999 -9999 -9999 -9999 -9999 2.46737E-2 3.4474E-2 3.64395E-2 3.80795E-2 4.22409E-2 4.81194E-2 5.22358E-2 5.44356E-2 5.40204E-2 7.37592E-2 5.11311E-2 5.48303E-2 4.24458E-2 3.84097E-2 2.84494E-2 2.15603E-2 1.92942E-2 2.18774E-2 2.04057E-2 2.02933E-2 2.27519E-2 2.14134E-2 2.41263E-2 2.36232E-2 2.37182E-2 2.25391E-2 2.43839E-2 2.27398E-2 1.78342E-2 1.22504E-2 5.58729E-3 5.78671E-3 5.94245E-3 6.22518E-3 7.23717E-3 1.01846E-2 1.00054E-2 1.0784E-2 1.12443E-2 1.19361E-2
-9999 -9999 -9999 -9999 -9999 -9999 -9999 -9999 -9999 -9999 -9999 -9999 -9999 -9999 -9999 -9999 -9999 -9999 -9999 -9999 -9999 3.83747E-2 3.65285E-2 3.53889E-2 4.06115E-2 4.27086E-2 4.63403E-2 6.08968E-2 8.31762E-2 3.01926E-2 1.90813E-2 3.90634E-2 3.99045E-2 3.9169E-2 3.25138E-2 2.60961E-2 2.23748E-2 1.93337E-2 1.9119E-2 2.12719E-2 2.25568E-2 2.36682E-2 9.65557E-3 2.47836E-2 2.92802E-2 2.83068E-2 2.55538E-2 2.11427E-2 1.59879E-2 1.18293E-2 5.9327E-3 5.45664E-3 5.31683E-3 5.96563E-3 7.66759E-3 1.07518E-2 9.52701E-3 8.68502E-3 1.2062E-2 1.66493E-2
-9999 -9999 -9999 -9999 -9999 -9999 -9999 -9999 -9999 -9999 -9999 -9999 -9999 -9999 -9999 -9999 -9999 -9999 -9999 -9999 -9999 -9999 3.71294E-2 3.45731E-2 3.55948E-2 3.79167E-2 4.75424E-2 6.40235E-2 7.13203E-2 4.45208E-2 3.01163E-2 3.3866E-2 3.29339E-2 2.62494E-2 3.53648E-2 2.5919E-2 2.05448E-2 2.20853E-2 2.07324E-2 2.19853E-2 2.2655E-2 2.08645E-2 2.39885E-2 2.371E-2 3.06476E-2 2.46212E-2 2.01848E-2 9.31922E-3 1.82976E-2 1.44697E-2 7.43779E-3 6.64094E-3 7.11617E-3 7.69373E-3 9.34567E-3 1.31536E-2 1.14054E-2 9.73396E-3 1.18041E-2 1.75679E-2
-9999 -9999 -9999 -9999 -9999 -9999 -9999 -9999 -9999 -9999 -9999 -9999 -9999 -9999 -9999 -9999 -9999 -9999 -9999 -9999 -9999 -9999 -9999 2.73995E-2 2.95921E-2 3.36783E-2 4.64674E-2 5.78971E-2 4.89049E-2 3.39406E-2 2.52049E-2 2.85237E-2 2.81405E-2 3.41653E-2 4.05481E-2 2.62852E-2 2.97456E-2 3.10712E-2 2.73758E-2 2.41503E-2 1.55516E-2 2.51357E-2 2.45861E-2 2.33452E-2 2.46412E-2 1.75146E-2 1.61095E-2 1.844E-2 1.90731E-2 1.46478E-2 7.99716E-3 5.90293E-3 2.9088E-3 8.60275E-3 1.01688E-2 1.3635E-2 1.19636E-2 1.12709E-2 1.20096E-2 1.84174E-2
-9999 -9999 -9999 -9999 -9999 -9999 -9999 -9999 -9999 -9999 -9999 -9999 -9999 -9999 -9999 -9999 -9999 -9999 -9999 -9999 -9999 -9999 -9999 -9999 -9999 3.58891E-2 4.81551E-2 5.91973E-2 5.31227E-2 4.23738E-2 3.35725E-2 3.61834E-2 3.88782E-2 5.85085E-2 5.30875E-2 3.63567E-2 3.66373E-2 4.11932E-2 3.53016E-2 2.50045E-2 2.68734E-2 2.7145E-2 2.55615E-2 2.09976E-2 2.00262E-2 2.2271E-2 2.21363E-2 2.3154E-2 3.02681E-2 3.13422E-2 2.62839E-2 2.35257E-2 2.64892E-2 2.24203E-2 2.79659E-2 4.55433E-2 4.3876E-2 4.91303E-2 4.84451E-2 2.23836E-2
-9999 -9999 -9999 -9999 -9999 -9999 -9999 -9999 -9999 -9999 -9999 -9999 -9999 -9999 -9999 -9999 -9999 -9999 -9999 -9999 -9999 -9999 -9999 -9999 -9999 -9999 -9999 4.44727E-2 4.16686E-2 4.72216E-2 3.89557E-2 2.9725E-2 3.91646E-2 3.1995E-2 3.9174E-2 3.27477E-2 3.51685E-2 3.29512E-2 2.71836E-2 2.6074E-2 2.80403E-2 1.44609E-2 3.0735E-2 2.61483E-2 2.55155E-2 2.91093E-2 2.79662E-2 2.86672E-2 3.09483E-2 3.17394E-2 2.6832E-2 2.52162E-2 2.40061E-2 2.88666E-2 2.69231E-2 3.81012E-2 4.38753E-2 5.74436E-2 4.88837E-2 2.69374E-2
-9999 -9999 -9999 -9999 -9999 -9999 -9999 -9999 -9999 -9999 -9999 -9999 -9999 -9999 -9999 -9999 -9999 -9999 -9999 -9999 -9999 -9999 -9999 -9999 -9999 -9999 -9999 -9999 -9999 3.89264E-2 3.31368E-2 2.65346E-2 1.37223E-2 1.73364E-2 2.10054E-2 1.75471E-2 2.69975E-2 3.39333E-2 2.99516E-2 3.72742E-2 1.66673E-2 2.59947E-2 3.03691E-2 2.59906E-2 2.75581E-2 1.19704E-2 3.24428E-2 2.85108E-2 3.28846E-2 3.16124E-2 2.66898E-2 2.79075E-2 2.99032E-2 3.33369E-2 2.94855E-2 4.07169E-2 4.22018E-2 4.39988E-2 5.11391E-2 2.86868E-2
-9999 -9999 -9999 -9999 -9999 -9999 -9999 -9999 -9999 -9999 -9999 -9999 -9999 -9999 -9999 -9999 -9999 -9999 -9999 -9999 -9999 -9999 -9999 -9999 -9999 -9999 -9999 -9999 -9999 -9999 -9999 7.40844E-3 7.39227E-3 7.27955E-3 1.24791E-2 1.22245E-2 1.86422E-2 2.47723E-2 2.49556E-2 2.71699E-2 2.68329E-2 2.57175E-2 3.04854E-2 2.91961E-2 2.82498E-2 3.25546E-2 3.22251E-2 3.13009E-2 3.64792E-2 4.11884E-2 3.53909E-2 3.55936E-2 3.25065E-2 3.20934E-2 3.26671E-2 4.48915E-2 4.09031E-2 4.94192E-2 4.43135E-2 3.32875E-2
-9999 -9999 -9999 -9999 -9999 -9999 -9999 -9999 -9999 -9999 -9999 -9999 -9999 -9999 -9999 -9999 -9999 -9999 -9999 -9999 -9999 -9999 -9999 -9999 -9999 -9999 -9999 -9999 -9999 -9999 -9999 7.95156E-3 8.46643E-3 7.26656E-3 2.0774E-2 7.64422E-3 1.12905E-2 1.87278E-2 2.82033E-2 2.94982E-2 1.96992E-2 1.82094E-2 2.26797E-2 2.04784E-2 1.51578E-2 2.71652E-2 3.29423E-2 3.5206E-2 3.7692E-2 5.67225E-2 2.25094E-2 3.09774E-2 3.98673E-2 3.96784E-2 4.01975E-2 5.36345E-2 4.97424E-2 5.77359E-2 6.43652E-2 4.13896E-2
