Phytophthora/models/20240429_1812_56/Phytophthora_PA2_RUN4_MAXENT_outputs/Phytophthora_PA2_RUN4.asc
ncols         225
nrows         269
xllcorner     473000.0
yllcorner     4429100.0
cellsize      50.0
NODATA_value  -9999
[rows 189 to 215 of 269, columns 60 to 119 of 225]
6.29823E-1 6.16368E-1 6.12571E-1 6.21116E-1 6.90168E-1 5.6315E-1 5.08519E-1 4.78347E-1 4.95943E-1 6.10797E-1 4.37572E-1 5.85076E-1 5.96138E-1 5.84321E-1 5.46313E-1 5.64772E-1 5.37142E-1 5.1484E-1 5.39219E-1 2.60215E-1 4.03125E-1 4.08408E-1 4.06777E-1 3.89416E-1 5.90334E-1 4.87644E-1 4.87824E-1 4.36075E-1 4.14335E-1 5.0577E-1 4.81938E-1 5.23465E-1 5.66958E-1 5.74582E-1 5.96537E-1 5.7342E-1 3.76562E-1 2.55823E-1 3.38056E-1 5.76485E-1 1.8644E-1 3.938E-1 3.94738E-1 4.79269E-1 4.58292E-1 2.85336E-1 4.58799E-1 2.83318E-1 3.29157E-1 3.05774E-1 3.22062E-1 3.40102E-1 4.77431E-1 5.48453E-1 4.68563E-1 3.00236E-1 4.31015E-1 3.87169E-1 3.90263E-1 4.26285E-1
5.85192E-1 6.04571E-1 5.98563E-1 6.31298E-1 6.65959E-1 5.34515E-1 4.96662E-1 4.83644E-1 5.11525E-1 5.84957E-1 7.19077E-1 6.97095E-1 6.59137E-1 6.36704E-1 5.73166E-1 5.91498E-1 5.47514E-1 5.60354E-1 4.42817E-1 4.19069E-1 4.09193E-1 4.21927E-1 4.27538E-1 3.85234E-1 4.65018E-1 4.49221E-1 4.83575E-1 4.34175E-1 4.90238E-1 5.44922E-1 4.98392E-1 5.23986E-1 5.59308E-1 5.60246E-1 2.4629E-1 4.13819E-1 4.04837E-1 3.5022E-1 3.33177E-1 3.68285E-1 3.43982E-1 2.2426E-1 4.50503E-1 4.4132E-1 4.59256E-1 4.4511E-1 4.21178E-1 4.20545E-1 3.82979E-1 2.51602E-1 2.61539E-1 2.50222E-1 3.37063E-1 3.81139E-1 1.75791E-1 4.54155E-1 4.38701E-1 3.73275E-1 3.79148E-1 4.0459E-1
5.92559E-1 5.99038E-1 6.07754E-1 6.67661E-1 6.70656E-1 6.203E-1 5.94068E-1 5.79517E-1 6.04457E-1 6.41898E-1 4.74613E-1 7.06773E-1 6.7262E-1 6.902E-1 5.22596E-1 6.11983E-1 4.93062E-1 4.28472E-1 4.88929E-1 4.65301E-1 4.32488E-1 4.55374E-1 4.63593E-1 4.38562E-1 4.67792E-1 4.92985E-1 5.3737E-1 4.75316E-1 6.30432E-1 5.67423E-1 5.44065E-1 5.90086E-1 6.32243E-1 3.28227E-1 5.67747E-1 4.74541E-1 3.63777E-1 3.74449E-1 4.03711E-1 4.54592E-1 4.67884E-1 4.92485E-1 4.25731E-1 5.44869E-1 5.34453E-1 4.72142E-1 3.77564E-1 3.66454E-1 2.47511E-1 3.42408E-1 2.4756E-1 2.36213E-1 2.90604E-1 3.15895E-1 3.48948E-1 2.02869E-1 3.71919E-1 3.08598E-1 3.33115E-1 3.81004E-1
6.07182E-1 5.79086E-1 6.31079E-1 3.69381E-1 4.26361E-1 4.73108E-1 4.09455E-1 4.39373E-1 6.09028E-1 6.63369E-1 4.25962E-1 6.78495E-1 5.9239E-1 5.55715E-1 5.63585E-1 6.123E-1 4.01878E-1 4.40572E-1 4.69921E-1 4.69301E-1 4.22211E-1 4.37867E-1 4.43332E-1 4.55858E-1 4.69577E-1 4.11403E-1 4.74501E-1 4.27221E-1 6.62401E-1 5.37767E-1 5.56954E-1 5.31827E-1 5.25732E-1 5.86372E-1 2.45443E-1 2.34605E-1 4.76532E-1 3.48112E-1 3.88551E-1 4.54905E-1 4.93848E-1 4.87881E-1 5.09982E-1 4.70193E-1 3.89906E-1 4.66844E-1 3.58097E-1 3.28752E-1 3.30359E-1 3.15061E-1 2.66916E-1 2.59098E-1 2.54977E-1 2.8927E-1 2.91449E-1 1.23599E-1 3.6017E-1 3.43594E-1 3.41203E-1 3.31996E-1
6.23858E-1 5.92165E-1 6.44852E-1 5.60195E-1 3.87246E-1 3.34706E-1 6.60587E-1 7.22769E-1 7.20578E-1 4.00204E-1 4.42786E-1 7.57406E-1 6.79716E-1 5.90464E-1 6.62237E-1 6.37362E-1 4.01245E-1 6.81898E-1 4.64201E-1 4.75609E-1 4.17919E-1 5.25926E-1 6.51826E-1 6.37888E-1 6.02561E-1 5.2769E-1 5.27438E-1 4.82639E-1 6.6688E-1 5.71841E-1 5.68678E-1 5.35895E-1 5.01403E-1 5.82475E-1 2.77316E-1 3.02442E-1 4.63699E-1 4.60029E-1 4.58813E-1 4.37201E-1 4.67366E-1 4.42049E-1 4.13785E-1 4.48312E-1 4.26649E-1 2.82573E-1 3.50244E-1 3.09458E-1 2.90827E-1 2.78251E-1 2.68159E-1 2.96732E-1 3.36756E-1 3.51942E-1 3.53762E-1 3.59556E-1 4.6949E-1 3.91397E-1 3.24402E-1 3.17968E-1
6.53693E-1 5.32562E-1 6.21276E-1 4.23686E-1 4.26262E-1 5.89531E-1 6.67162E-1 6.4555E-1 6.76535E-1 7.26895E-1 5.89649E-1 6.14048E-1 6.9137E-1 6.4826E-1 5.37726E-1 5.28948E-1 6.42875E-1 6.85337E-1 5.0318E-1 5.38761E-1 5.78916E-1 6.25101E-1 5.31577E-1 6.82728E-1 6.57895E-1 6.02995E-1 5.86019E-1 6.17624E-1 6.6419E-1 6.59282E-1 5.62319E-1 4.95697E-1 4.57229E-1 5.22442E-1 2.96367E-1 4.06623E-1 4.08304E-1 4.07757E-1 4.04713E-1 4.01473E-1 4.27208E-1 4.16502E-1 4.40782E-1 4.57082E-1 4.43986E-1 3.00867E-1 3.71505E-1 2.87797E-1 3.05265E-1 3.01002E-1 2.87467E-1 3.09016E-1 3.41606E-1 3.84359E-1 3.96308E-1 3.73676E-1 3.16133E-1 3.81629E-1 3.2658E-1 3.12144E-1
6.22854E-1 5.59371E-1 4.30115E-1 4.4081E-1 4.69801E-1 6.47722E-1 5.89509E-1 6.61485E-1 6.69863E-1 5.01864E-1 5.06582E-1 5.46122E-1 5.43969E-1 5.58748E-1 5.39484E-1 5.65366E-1 5.55622E-1 4.74812E-1 5.25225E-1 3.56754E-1 5.68889E-1 5.85277E-1 6.85964E-1 6.64075E-1 6.3189E-1 5.82607E-1 5.53015E-1 5.83175E-1 6.20621E-1 6.02318E-1 5.31132E-1 4.89589E-1 4.51367E-1 4.61497E-1 2.34007E-1 3.73935E-1 3.51748E-1 3.65337E-1 3.79145E-1 3.64536E-1 4.08411E-1 3.89232E-1 3.89516E-1 4.09799E-1 2.54073E-1 1.39631E-1 2.65685E-1 3.11845E-1 3.36246E-1 3.32622E-1 3.38579E-1 3.51859E-1 3.6443E-1 3.93588E-1 4.1724E-1 3.81063E-1 2.52514E-1 3.46487E-1 3.23457E-1 3.19268E-1
5.1218E-1 5.26331E-1 5.26847E-1 5.08555E-1 5.57423E-1 7.124E-1 7.5411E-1 6.38602E-1 6.42669E-1 5.92342E-1 6.05637E-1 5.61937E-1 5.47937E-1 5.3158E-1 5.36728E-1 5.71732E-1 3.65579E-1 5.99115E-1 6.54207E-1 7.08356E-1 6.95855E-1 6.85493E-1 6.55979E-1 6.63665E-1 6.6035E-1 7.39116E-1 6.51931E-1 6.60695E-1 5.76071E-1 5.83374E-1 4.99176E-1 5.06376E-1 4.32993E-1 4.64888E-1 2.13021E-1 3.15433E-1 3.04368E-1 3.26182E-1 3.69071E-1 3.24248E-1 2.47005E-1 2.33439E-1 2.35287E-1 1.82118E-1 2.18599E-1 1.42238E-1 3.10755E-1 3.23805E-1 3.43554E-1 3.54816E-1 4.00243E-1 4.0229E-1 3.99977E-1 4.08738E-1 2.05326E-1 2.88283E-1 2.88099E-1 1.89898E-1 2.95774E-1 2.84981E-1
2.38686E-1 5.99698E-1 5.65543E-1 5.89815E-1 6.91089E-1 7.3818E-1 5.4774E-1 7.41576E-1 7.42416E-1 6.95096E-1 7.0857E-1 6.46388E-1 4.96357E-1 4.7271E-1 4.76897E-1 5.52221E-1 7.26598E-1 7.33587E-1 7.01254E-1 6.90044E-1 6.49666E-1 6.37057E-1 6.34339E-1 6.76425E-1 7.1525E-1 5.45415E-1 4.95681E-1 5.1297E-1 5.88956E-1 6.20242E-1 5.16334E-1 4.88789E-1 4.52855E-1 4.46969E-1 3.29139E-1 3.0374E-1 2.73168E-1 2.80359E-1 3.0895E-1 3.53076E-1 1.47366E-1 2.39952E-1 2.31754E-1 2.75856E-1 2.45181E-1 2.81465E-1 3.50462E-1 3.67266E-1 3.84803E-1 3.95333E-1 4.50795E-1 4.85756E-1 4.99103E-1 2.78737E-1 4.07651E-1 1.98753E-1 1.50421E-1 2.20079E-1 1.3635E-1 3.23478E-1
6.73975E-1 6.55166E-1 7.03235E-1 6.61221E-1 6.87146E-1 7.41585E-1 6.65926E-1 7.00377E-1 5.7316E-1 5.66576E-1 5.30802E-1 4.8048E-1 4.5454E-1 4.91522E-1 5.14893E-1 7.46748E-1 7.41083E-1 7.16397E-1 6.88928E-1 6.5325E-1 6.00621E-1 6.11228E-1 5.91077E-1 4.14241E-1 5.1241E-1 4.9406E-1 4.60643E-1 4.52783E-1 6.00222E-1 5.60944E-1 4.55792E-1 4.45321E-1 4.24377E-1 4.26515E-1 3.82449E-1 2.69851E-1 2.51239E-1 2.58081E-1 2.73085E-1 2.62009E-1 2.33342E-1 3.106E-1 8.68421E-2 2.41168E-1 2.77125E-1 3.07625E-1 3.46477E-1 3.63264E-1 4.0695E-1 4.28766E-1 2.92211E-1 3.28897E-1 3.98673E-1 3.9666E-1 3.84834E-1 3.0368E-1 1.91781E-1 1.99509E-1 2.25652E-1 1.12639E-1
5.58786E-1 5.58142E-1 6.10301E-1 6.3577E-1 5.60541E-1 4.98687E-1 5.73743E-1 5.19743E-1 4.69727E-1 4.31829E-1 4.2555E-1 4.08299E-1 4.42578E-1 6.19496E-1 7.18659E-1 7.45723E-1 7.35701E-1 7.28663E-1 7.00254E-1 6.37213E-1 5.84095E-1 5.98106E-1 6.87668E-1 6.35423E-1 4.97198E-1 4.61212E-1 5.41371E-1 5.62977E-1 5.45578E-1 5.13015E-1 4.32802E-1 4.53008E-1 4.44722E-1 3.96022E-1 3.53176E-1 2.64624E-1 2.35047E-1 2.29442E-1 2.43682E-1 2.28571E-1 2.03857E-1 2.37263E-1 1.76071E-1 2.66923E-1 2.84627E-1 3.00424E-1 3.30254E-1 3.55506E-1 4.34578E-1 4.40824E-1 4.1367E-1 3.94324E-1 1.87501E-1 4.32989E-1 3.4996E-1 2.33121E-1 1.66192E-1 2.69046E-1 1.98305E-1 2.9022E-1
5.02978E-1 5.41258E-1 5.33634E-1 7.33195E-1 5.44736E-1 5.01829E-1 5.00682E-1 4.64227E-1 4.70832E-1 4.42914E-1 4.27206E-1 4.25136E-1 6.44245E-1 6.09237E-1 6.9119E-1 6.08128E-1 7.23866E-1 7.23736E-1 7.36661E-1 7.054E-1 6.81198E-1 6.13996E-1 5.92928E-1 3.9377E-1 3.82406E-1 4.10263E-1 5.56631E-1 5.38384E-1 5.36676E-1 4.98603E-1 3.65995E-1 3.68952E-1 3.37531E-1 4.04336E-1 3.12622E-1 2.40032E-1 2.17699E-1 2.03408E-1 2.14122E-1 1.98916E-1 1.78843E-1 2.04855E-1 3.38296E-1 2.61893E-1 2.82059E-1 2.87904E-1 3.22715E-1 3.70381E-1 4.39755E-1 4.1005E-1 3.75132E-1 4.03554E-1 1.37752E-1 3.8371E-1 2.47489E-1 1.49206E-1 1.14729E-1 2.42427E-1 1.77148E-1 2.17189E-1
5.02999E-1 5.31642E-1 3.82272E-1 5.51043E-1 4.61337E-1 4.81847E-1 5.07906E-1 4.70097E-1 4.6827E-1 4.13492E-1 3.5444E-1 5.53919E-1 4.90886E-1 6.16842E-1 6.52182E-1 6.51063E-1 6.48444E-1 6.31135E-1 6.14122E-1 5.8822E-1 3.1495E-1 3.61469E-1 2.97409E-1 2.60988E-1 3.19575E-1 4.87434E-1 4.65134E-1 4.73326E-1 4.86339E-1 4.38608E-1 3.98023E-1 3.79551E-1 3.31374E-1 4.18802E-1 2.82515E-1 2.11171E-1 1.95648E-1 1.83614E-1 1.99496E-1 1.935E-1 3.05619E-1 3.29322E-1 4.97646E-1 3.89358E-1 4.06088E-1 3.59852E-1 4.1546E-1 5.25608E-1 4.65959E-1 4.32158E-1 3.822E-1 4.21749E-1 1.96035E-1 3.77615E-1 2.84783E-1 2.01864E-1 1.58965E-1 2.78402E-1 2.38507E-1 2.44019E-1
5.11095E-1 3.3132E-1 5.00291E-1 4.57888E-1 4.53208E-1 4.50087E-1 5.20997E-1 5.55642E-1 5.52357E-1 4.9744E-1 5.26594E-1 5.8152E-1 5.85551E-1 6.05794E-1 6.41524E-1 6.51185E-1 6.64119E-1 6.403E-1 6.28102E-1 6.36293E-1 6.17375E-1 4.11624E-1 3.67326E-1 3.94522E-1 3.87855E-1 5.08227E-1 4.99049E-1 5.28501E-1 5.54375E-1 4.78854E-1 3.96809E-1 3.86597E-1 3.62601E-1 3.23849E-1 4.14384E-1 1.69601E-1 2.54328E-1 2.0332E-1 2.30666E-1 2.2427E-1 3.12392E-1 3.40789E-1 3.75405E-1 4.16447E-1 3.38634E-1 3.95287E-1 5.11274E-1 5.71931E-1 4.41579E-1 4.13419E-1 3.86886E-1 4.19134E-1 4.3932E-1 3.92632E-1 3.5928E-1 2.78808E-1 2.71661E-1 2.50395E-1 2.47062E-1 2.32423E-1
6.69322E-1 6.58451E-1 5.99072E-1 5.62914E-1 5.52995E-1 6.05437E-1 6.15809E-1 5.98812E-1 5.9271E-1 5.74247E-1 5.59646E-1 5.96159E-1 6.13823E-1 6.33991E-1 6.6293E-1 6.72813E-1 6.75503E-1 6.45236E-1 6.23949E-1 6.68059E-1 6.14207E-1 4.3914E-1 4.14811E-1 4.58622E-1 5.04705E-1 5.38117E-1 5.25452E-1 5.95321E-1 6.27363E-1 5.29218E-1 4.32501E-1 3.96901E-1 3.88473E-1 3.56385E-1 3.11379E-1 2.84291E-1 3.52108E-1 3.40394E-1 2.33018E-1 2.77885E-1 3.17461E-1 3.51334E-1 3.83464E-1 4.58929E-1 3.16176E-1 4.66159E-1 5.83148E-1 5.74247E-1 4.72421E-1 4.49837E-1 3.74345E-1 4.39024E-1 5.80504E-1 4.26156E-1 3.77574E-1 3.0173E-1 2.6867E-1 2.42429E-1 2.14522E-1 2.01772E-1
7.00331E-1 6.89372E-1 6.62758E-1 6.35287E-1 6.2366E-1 6.08179E-1 5.84833E-1 5.69007E-1 5.59491E-1 5.86911E-1 5.7129E-1 6.13728E-1 6.3985E-1 6.66866E-1 6.30272E-1 6.58971E-1 6.52573E-1 6.27009E-1 6.25093E-1 2.60937E-1 4.7311E-1 4.43222E-1 4.12474E-1 4.65776E-1 5.04972E-1 5.47279E-1 5.64844E-1 6.13788E-1 7.06914E-1 6.34342E-1 4.8815E-1 4.13675E-1 3.9841E-1 3.73419E-1 3.3365E-1 2.7692E-1 2.86499E-1 3.18367E-1 1.92262E-1 3.32406E-1 3.58398E-1 3.62727E-1 3.94752E-1 4.40853E-1 2.9751E-1 5.65662E-1 6.01003E-1 5.49851E-1 5.12991E-1 4.84709E-1 3.84346E-1 5.32977E-1 5.2436E-1 4.42668E-1 3.88296E-1 3.0393E-1 2.67342E-1 2.39482E-1 2.11563E-1 1.81562E-1
6.91511E-1 6.73311E-1 6.35165E-1 6.07256E-1 5.9551E-1 6.00096E-1 5.96861E-1 5.59706E-1 5.85975E-1 6.13918E-1 5.75851E-1 6.09489E-1 6.51321E-1 6.86392E-1 6.74628E-1 6.34203E-1 6.40747E-1 6.19472E-1 6.12049E-1 3.28296E-1 4.88711E-1 4.11574E-1 4.16749E-1 4.73249E-1 5.07032E-1 5.50136E-1 6.01091E-1 6.19573E-1 7.03671E-1 6.98817E-1 5.94233E-1 4.46932E-1 4.19853E-1 4.10352E-1 3.71474E-1 3.00943E-1 2.91789E-1 2.81203E-1 3.3578E-1 3.52304E-1 4.4245E-1 3.72754E-1 3.9436E-1 4.38559E-1 4.56319E-1 5.06742E-1 5.67552E-1 5.01646E-1 3.13881E-1 5.18193E-1 4.75968E-1 3.14705E-1 2.63123E-1 4.31064E-1 3.91921E-1 2.98609E-1 2.76118E-1 2.53696E-1 2.30014E-1 1.98258E-1
5.86044E-1 6.33636E-1 5.96531E-1 5.67178E-1 5.45508E-1 5.4347E-1 5.62805E-1 5.3275E-1 5.54141E-1 5.85414E-1 5.13834E-1 5.47387E-1 5.71443E-1 6.01473E-1 5.91957E-1 5.82819E-1 5.85338E-1 5.66462E-1 5.55314E-1 3.84127E-1 3.98478E-1 3.75113E-1 4.07539E-1 4.3583E-1 4.82069E-1 4.74356E-1 5.24645E-1 5.59715E-1 5.78609E-1 6.72404E-1 6.9039E-1 5.73394E-1 5.16857E-1 4.9276E-1 4.32927E-1 2.47779E-1 2.37251E-1 2.35502E-1 2.63779E-1 1.64981E-1 2.74667E-1 2.91578E-1 2.25361E-1 2.44991E-1 2.89741E-1 3.36023E-1 4.94373E-1 5.47795E-1 5.46651E-1 5.50377E-1 6.08207E-1 3.73011E-1 3.25001E-1 4.88006E-1 4.77708E-1 4.16856E-1 3.9198E-1 3.63929E-1 3.27872E-1 2.70277E-1
5.75347E-1 6.6281E-1 6.14191E-1 5.83283E-1 5.7411E-1 5.90224E-1 5.80365E-1 5.69098E-1 5.7279E-1 6.1286E-1 5.11102E-1 5.35624E-1 5.43088E-1 5.55133E-1 5.64707E-1 5.58647E-1 5.72169E-1 5.5563E-1 5.74383E-1 4.32341E-1 3.91138E-1 3.68317E-1 4.03003E-1 4.47338E-1 4.77576E-1 4.78213E-1 4.98506E-1 5.27731E-1 5.6231E-1 5.98115E-1 7.15208E-1 4.3824E-1 4.00517E-1 5.4047E-1 2.43566E-1 2.69997E-1 3.68331E-1 3.38669E-1 3.02178E-1 2.55933E-1 1.97754E-1 2.93326E-1 2.54978E-1 2.50707E-1 2.86223E-1 4.65459E-1 4.63613E-1 5.08299E-1 5.1582E-1 5.19694E-1 5.79963E-1 4.67997E-1 5.3211E-1 5.40887E-1 5.55715E-1 2.67133E-1 1.33616E-1 3.77661E-1 3.02806E-1 7.49518E-2
7.83694E-1 5.16251E-1 6.46869E-1 6.09439E-1 5.93398E-1 6.18607E-1 6.03216E-1 6.01487E-1 6.00115E-1 5.97123E-1 5.11215E-1 5.06529E-1 5.10985E-1 5.22476E-1 5.2805E-1 5.24904E-1 5.22474E-1 4.96696E-1 4.76414E-1 5.5578E-1 3.77171E-1 3.78927E-1 3.98683E-1 4.5153E-1 4.38983E-1 4.79593E-1 4.96827E-1 5.16675E-1 5.38482E-1 4.97838E-1 5.73139E-1 4.89364E-1 4.97677E-1 5.22031E-1 4.21029E-1 2.60841E-1 2.14935E-1 2.08052E-1 1.83559E-1 1.66001E-1 1.65816E-1 2.01695E-1 2.71877E-1 1.5361E-1 8.59773E-2 2.71461E-1 3.64013E-1 4.54031E-1 4.76781E-1 4.98237E-1 4.10251E-1 4.36849E-1 5.2776E-1 5.38013E-1 5.27683E-1 2.77326E-1 2.44565E-1 2.19218E-1 1.78591E-1 1.70561E-1
5.97267E-1 6.95718E-1 6.83846E-1 4.80661E-1 6.54047E-1 6.59574E-1 3.95312E-1 4.92468E-1 6.13077E-1 5.99369E-1 4.35867E-1 4.57006E-1 4.74801E-1 4.94803E-1 5.02941E-1 4.77579E-1 5.38552E-1 4.55714E-1 4.48619E-1 3.82951E-1 1.24458E-1 3.98216E-1 4.43949E-1 4.37194E-1 4.2037E-1 4.97749E-1 4.96574E-1 4.98598E-1 5.65435E-1 5.14146E-1 5.34282E-1 4.45796E-1 4.71316E-1 4.98999E-1 4.34699E-1 2.46387E-1 2.0253E-1 1.96666E-1 1.70689E-1 1.81657E-1 1.76854E-1 1.81056E-1 1.58364E-1 1.54197E-1 1.68868E-1 3.38285E-1 5.64932E-1 4.63689E-1 4.92726E-1 5.17699E-1 4.93199E-1 3.33353E-1 2.5639E-1 2.41447E-1 2.81948E-1 1.95048E-1 2.60387E-1 2.27816E-1 2.12864E-1 1.69943E-1
6.63752E-1 7.00395E-1 6.61873E-1 6.66598E-1 3.78352E-1 7.16593E-1 4.55592E-1 3.32977E-1 2.73748E-1 2.99378E-1 2.71378E-1 4.5859E-1 4.41303E-1 2.47363E-1 4.76338E-1 4.49659E-1 5.26913E-1 4.17951E-1 4.15669E-1 3.79857E-1 3.14513E-1 4.64102E-1 3.96693E-1 3.82835E-1 3.99592E-1 5.29183E-1 4.55308E-1 5.33942E-1 4.97951E-1 5.19658E-1 4.58101E-1 6.10608E-1 5.43255E-1 5.56678E-1 4.22717E-1 2.62713E-1 2.15451E-1 2.04492E-1 1.91481E-1 2.07479E-1 2.16268E-1 2.1219E-1 2.08492E-1 1.90312E-1 2.42334E-1 4.05411E-1 4.22554E-1 4.7754E-1 3.80066E-1 4.96001E-1 4.07494E-1 3.33923E-1 2.52677E-1 2.22336E-1 2.0427E-1 2.61729E-1 2.99022E-1 2.515E-1 2.30692E-1 2.04051E-1
5.30701E-1 5.39E-1 5.16166E-1 4.98724E-1 4.75721E-1 4.95681E-1 4.12552E-1 3.59148E-1 2.89864E-1 2.80287E-1 3.36087E-1 4.09751E-1 3.85893E-1 4.41724E-1 4.44754E-1 3.12648E-1 3.66251E-1 3.47685E-1 2.73175E-1 2.62797E-1 2.58517E-1 1.40384E-1 3.13617E-1 3.33308E-1 3.54433E-1 4.98783E-1 5.09101E-1 5.21647E-1 4.59605E-1 4.72083E-1 5.09673E-1 5.35674E-1 5.47718E-1 3.84382E-1 5.37368E-1 4.0373E-1 3.62951E-1 3.30074E-1 3.23154E-1 3.50444E-1 4.29911E-1 4.07105E-1 3.73603E-1 3.48142E-1 3.48042E-1 2.53581E-1 2.73375E-1 4.66546E-1 5.78877E-1 3.75195E-1 2.93477E-1 2.44771E-1 1.99937E-1 1.718E-1 1.58586E-1 3.78532E-1 2.68528E-1 2.01831E-1 2.07925E-1 2.32212E-1
3.63134E-1 5.46397E-1 5.22299E-1 4.97137E-1 4.85115E-1 4.98398E-1 4.08655E-1 3.47336E-1 3.68602E-1 3.38113E-1 3.45927E-1 3.61675E-1 3.78504E-1 3.67437E-1 4.55756E-1 3.65141E-1 2.779E-1 2.14625E-1 2.52762E-1 2.73989E-1 2.83326E-1 1.80254E-1 3.23697E-1 3.3648E-1 3.46717E-1 5.14073E-1 5.22046E-1 4.27673E-1 4.37268E-1 4.40676E-1 4.58115E-1 5.02265E-1 5.25082E-1 5.55412E-1 3.17033E-1 4.17431E-1 4.00145E-1 3.92494E-1 3.98647E-1 4.11074E-1 4.56895E-1 4.4293E-1 2.07246E-1 3.85861E-1 2.61139E-1 2.72654E-1 3.92356E-1 5.14215E-1 4.38981E-1 3.24557E-1 3.09057E-1 3.28444E-1 2.2692E-1 1.72677E-1 2.2667E-1 3.94184E-1 3.56455E-1 2.20572E-1 2.10589E-1 2.11425E-1
5.22805E-1 5.16635E-1 5.03469E-1 5.10286E-1 2.59494E-1 4.69702E-1 3.72771E-1 3.7439E-1 3.51841E-1 3.17946E-1 3.0088E-1 3.13132E-1 3.30891E-1 3.31198E-1 3.09028E-1 3.68292E-1 2.54045E-1 1.18682E-1 2.75183E-1 2.88218E-1 2.94447E-1 3.1549E-1 3.27729E-1 3.57692E-1 3.76163E-1 5.67942E-1 5.57889E-1 4.49425E-1 4.14961E-1 4.13985E-1 4.41668E-1 4.64625E-1 5.03205E-1 5.27698E-1 5.38521E-1 2.96031E-1 4.40241E-1 4.35156E-1 4.27737E-1 4.54552E-1 5.46802E-1 4.24777E-1 4.32581E-1 3.53384E-1 2.64752E-1 2.94016E-1 3.85272E-1 4.21932E-1 1.90955E-1 3.18352E-1 3.44618E-1 2.58206E-1 3.6861E-1 3.76111E-1 3.24142E-1 3.803E-1 4.28828E-1 2.50156E-1 2.25657E-1 2.3078E-1
5.00635E-1 5.04523E-1 4.8327E-1 5.31654E-1 4.2532E-1 4.36727E-1 4.03057E-1 3.74704E-1 3.32171E-1 2.98847E-1 2.86571E-1 2.89668E-1 2.88241E-1 2.92689E-1 2.98127E-1 3.3588E-1 2.40598E-1 1.52384E-1 3.06788E-1 3.04556E-1 3.23743E-1 2.47997E-1 3.64809E-1 3.98135E-1 4.151E-1 6.0508E-1 5.95262E-1 4.73615E-1 4.39014E-1 4.29717E-1 4.33955E-1 4.45761E-1 4.6558E-1 5.07714E-1 5.01051E-1 4.57576E-1 3.25443E-1 3.29613E-1 3.1441E-1 3.75266E-1 4.60543E-1 5.3121E-1 3.22387E-1 2.67395E-1 3.40858E-1 3.5429E-1 3.88991E-1 4.41633E-1 4.82539E-1 3.44453E-1 3.8162E-1 2.35972E-1 3.70082E-1 3.35052E-1 3.55969E-1 3.91865E-1 2.43379E-1 3.93396E-1 3.38358E-1 2.88917E-1
4.90944E-1 5.85629E-1 5.70412E-1 5.27303E-1 2.49385E-1 4.29734E-1 3.88689E-1 3.67767E-1 3.26754E-1 2.97019E-1 2.70996E-1 2.87031E-1 2.86223E-1 2.86229E-1 2.76276E-1 1.30142E-1 2.54473E-1 2.81979E-1 3.09334E-1 3.1583E-1 3.49545E-1 1.77606E-1 3.95865E-1 4.46641E-1 4.67225E-1 6.41869E-1 6.3089E-1 5.07463E-1 4.85024E-1 5.02743E-1 4.80186E-1 4.62148E-1 4.14544E-1 4.88718E-1 4.78246E-1 3.93999E-1 3.51985E-1 3.35494E-1 3.29419E-1 3.61798E-1 3.77209E-1 2.80625E-1 3.65796E-1 4.74956E-1 4.50666E-1 3.86389E-1 4.16333E-1 1.62639E-1 5.47004E-1 3.73174E-1 4.01499E-1 3.9604E-1 3.63864E-1 3.27067E-1 3.53362E-1 4.00112E-1 4.24241E-1 2.10501E-1 4.03575E-1 3.6011E-1
