Phytophthora/models/20240429_1812_56/Phytophthora_PA1_RUN7_MAXENT_outputs/Phytophthora_PA1_RUN7.asc
ncols         225
nrows         269
xllcorner     473000.0
yllcorner     4429100.0
cellsize      50.0
NODATA_value  -9999
[rows 189 to 215 of 269, columns 120 to 179 of 225]
3.76596E-1 3.30368E-1 3.05257E-1 2.9685E-1 3.16703E-1 2.59705E-1 3.90665E-1 3.82444E-1 3.8424E-1 4.22576E-1 4.28158E-1 4.56681E-1 5.33796E-1 4.89917E-1 4.3956E-1 4.87333E-1 5.04662E-1 5.59687E-1 5.80341E-1 5.20323E-1 2.25618E-1 1.98963E-1 1.73598E-1 1.38269E-1 1.01008E-1 9.91005E-2 1.14837E-1 1.08247E-1 1.02664E-1 1.38902E-1 3.06067E-1 3.28668E-1 3.21186E-1 3.47796E-1 3.6938E-1 4.19095E-1 4.47741E-1 4.63104E-1 4.5912E-1 4.35925E-1 3.32153E-1 2.96996E-1 3.01583E-1 -9999 2.01676E-1 1.86347E-1 1.74201E-1 1.70621E-1 1.74972E-1 1.85031E-1 1.7564E-1 1.87147E-1 1.94634E-1 2.21956E-1 2.8133E-1 3.05109E-1 2.85994E-1 2.47233E-1 2.50217E-1 2.55684E-1
2.1494E-1 3.49099E-1 3.27195E-1 3.06343E-1 3.14913E-1 3.93121E-1 2.19804E-1 4.13876E-1 4.14684E-1 4.5667E-1 4.80863E-1 5.04378E-1 5.93759E-1 5.40611E-1 4.99567E-1 5.3624E-1 1.9993E-1 6.1304E-1 5.83103E-1 4.90201E-1 2.11789E-1 1.7467E-1 1.5239E-1 1.24039E-1 9.90018E-2 1.60377E-1 7.75314E-2 1.39331E-1 9.00575E-2 1.4164E-1 2.7661E-1 2.95336E-1 3.28122E-1 3.31813E-1 3.57287E-1 3.76503E-1 3.92232E-1 4.10294E-1 3.69387E-1 3.84045E-1 2.72658E-1 3.24141E-1 2.68983E-1 7.30804E-2 2.71607E-1 2.22396E-1 1.95144E-1 1.78689E-1 1.95213E-1 2.13114E-1 2.00617E-1 2.25636E-1 2.27968E-1 2.45749E-1 2.95037E-1 3.01837E-1 2.93036E-1 2.65105E-1 2.46274E-1 2.31416E-1
4.49066E-1 4.6245E-1 3.61206E-1 3.89535E-1 3.80038E-1 3.59796E-1 3.28263E-1 4.069E-1 3.87122E-1 3.66111E-1 3.66537E-1 3.99175E-1 4.93619E-1 4.54433E-1 4.34074E-1 2.67838E-1 4.80671E-1 5.16219E-1 4.34992E-1 3.69908E-1 3.32518E-1 2.776E-1 2.48589E-1 2.23792E-1 2.48874E-1 2.92603E-1 2.00833E-1 1.93672E-1 2.304E-1 2.86915E-1 2.49269E-1 2.57487E-1 2.68393E-1 2.79532E-1 3.01354E-1 2.6151E-1 2.71785E-1 2.73846E-1 2.90823E-1 3.39276E-1 2.99394E-1 3.0529E-1 3.02692E-1 2.54235E-1 9.94718E-2 1.93349E-1 1.67911E-1 1.80588E-1 1.89959E-1 2.17898E-1 2.19963E-1 2.58691E-1 2.46412E-1 2.57059E-1 3.22996E-1 3.29486E-1 3.50504E-1 2.82685E-1 2.66191E-1 2.30497E-1
3.90361E-1 5.05933E-1 3.77404E-1 3.96984E-1 3.92572E-1 3.51076E-1 4.22207E-1 5.25284E-1 4.16842E-1 3.89474E-1 4.03331E-1 4.09253E-1 4.61376E-1 2.79309E-1 8.51122E-2 4.15227E-1 2.54634E-1 3.59249E-1 3.4014E-1 3.19933E-1 3.12062E-1 2.86868E-1 2.59214E-1 2.30993E-1 2.46795E-1 2.98189E-1 2.3422E-1 2.30944E-1 2.73022E-1 2.88303E-1 2.36972E-1 2.3976E-1 2.43952E-1 2.55008E-1 2.73511E-1 2.30805E-1 2.41785E-1 2.45438E-1 2.79535E-1 3.28808E-1 2.70101E-1 2.89571E-1 2.88457E-1 2.8185E-1 1.59498E-1 -9999 -9999 1.91806E-1 2.07689E-1 2.36054E-1 2.43881E-1 2.87464E-1 2.83388E-1 2.72944E-1 3.01649E-1 3.61907E-1 3.42063E-1 2.55707E-1 2.58298E-1 2.30453E-1
4.61064E-1 5.29624E-1 4.94892E-1 4.06858E-1 4.04731E-1 3.65475E-1 3.79471E-1 5.06824E-1 4.66736E-1 4.25918E-1 2.85839E-1 1.67476E-1 2.96541E-1 2.54433E-1 3.70012E-1 5.33805E-1 5.04871E-1 3.83408E-1 3.78388E-1 3.5701E-1 3.43629E-1 3.17384E-1 2.8609E-1 2.65105E-1 2.53587E-1 3.00733E-1 2.81229E-1 2.9745E-1 3.03196E-1 3.06293E-1 2.55292E-1 2.60729E-1 2.60932E-1 2.69693E-1 2.84222E-1 2.34564E-1 2.4525E-1 2.46666E-1 2.76939E-1 3.13849E-1 2.56592E-1 2.74376E-1 2.89316E-1 2.55996E-1 2.55894E-1 1.70293E-1 -9999 -9999 2.55501E-1 1.56394E-1 1.50289E-1 1.23808E-1 8.92531E-2 1.65562E-1 3.84896E-1 3.96554E-1 3.29802E-1 2.84328E-1 2.53661E-1 2.41948E-1
4.54156E-1 5.00643E-1 4.55757E-1 4.50216E-1 4.17833E-1 3.78474E-1 3.94787E-1 4.88931E-1 3.58606E-1 2.07889E-1 3.26077E-1 2.80501E-1 2.65355E-1 2.28865E-1 2.70403E-1 2.27392E-1 5.0745E-1 5.17235E-1 4.73309E-1 4.26082E-1 4.20713E-1 3.96343E-1 3.70522E-1 3.15887E-1 2.81424E-1 3.28372E-1 3.28235E-1 3.26998E-1 3.22017E-1 3.09314E-1 2.61903E-1 2.71232E-1 2.82445E-1 2.95942E-1 3.09156E-1 2.5693E-1 2.71531E-1 2.70744E-1 2.75702E-1 2.94235E-1 2.32541E-1 2.24236E-1 2.04089E-1 2.15387E-1 2.08622E-1 2.24965E-1 1.3626E-1 1.6036E-1 2.39447E-1 2.65532E-1 3.01201E-1 3.71882E-1 3.94677E-1 1.90345E-1 3.94477E-1 3.86532E-1 2.66984E-1 2.42536E-1 2.40347E-1 3.04261E-1
4.37097E-1 4.62707E-1 4.87216E-1 4.67241E-1 4.30021E-1 3.87625E-1 4.04458E-1 5.62628E-1 5.74723E-1 4.34166E-1 2.77667E-1 2.31364E-1 2.19508E-1 1.96951E-1 2.79159E-1 2.34906E-1 5.22225E-1 4.20657E-1 2.14426E-1 4.47069E-1 4.85714E-1 4.29543E-1 3.17505E-1 2.61542E-1 2.57648E-1 3.37425E-1 3.33923E-1 3.75909E-1 3.66952E-1 3.4701E-1 3.05989E-1 2.82773E-1 3.12413E-1 3.36825E-1 3.49996E-1 2.86472E-1 3.06147E-1 3.17772E-1 3.39507E-1 3.55624E-1 2.82006E-1 2.6712E-1 2.55181E-1 2.25102E-1 1.90405E-1 1.52337E-1 1.71574E-1 2.07646E-1 2.53611E-1 3.37855E-1 2.97843E-1 3.70108E-1 3.66605E-1 2.33103E-1 3.60916E-1 3.58559E-1 2.5591E-1 2.26595E-1 2.01717E-1 2.82112E-1
3.68995E-1 3.6372E-1 3.87712E-1 3.87154E-1 3.47118E-1 3.6309E-1 3.90969E-1 3.22015E-1 2.61363E-1 3.58812E-1 2.42453E-1 1.99377E-1 1.71164E-1 1.78261E-1 2.93262E-1 3.19626E-1 3.26589E-1 3.50025E-1 3.28742E-1 4.08127E-1 2.31467E-1 4.64034E-1 3.95941E-1 3.43162E-1 3.19692E-1 3.90511E-1 4.0364E-1 4.17468E-1 4.04187E-1 3.76944E-1 2.90625E-1 2.92109E-1 3.15996E-1 3.36358E-1 3.64725E-1 2.93262E-1 3.05017E-1 3.20713E-1 3.41772E-1 3.29756E-1 2.43904E-1 2.26774E-1 2.19938E-1 1.79572E-1 1.56646E-1 1.27946E-1 1.46624E-1 1.55152E-1 1.62354E-1 1.8043E-1 2.52002E-1 2.55798E-1 3.06079E-1 2.2425E-1 3.58704E-1 2.37706E-1 1.99037E-1 1.6101E-1 1.49442E-1 1.29079E-1
4.29786E-1 3.89018E-1 3.81166E-1 3.21395E-1 3.64188E-1 3.72094E-1 4.04491E-1 3.86563E-1 1.99884E-1 3.8979E-1 2.28741E-1 1.86976E-1 1.48259E-1 1.5821E-1 2.40206E-1 3.16719E-1 5.03354E-1 3.05556E-1 3.18764E-1 2.78968E-1 3.23985E-1 4.07509E-1 4.10241E-1 3.57114E-1 3.3094E-1 4.22692E-1 4.19788E-1 4.59277E-1 4.24591E-1 4.0514E-1 3.16975E-1 3.20417E-1 3.34646E-1 3.56338E-1 2.76187E-1 2.18967E-1 3.03478E-1 3.59359E-1 3.73966E-1 3.53641E-1 2.78267E-1 2.65859E-1 2.70842E-1 2.73059E-1 2.5137E-1 2.32692E-1 1.31698E-1 2.00502E-1 2.01149E-1 2.63643E-1 2.79327E-1 1.95748E-1 2.92005E-1 1.61881E-1 3.25236E-1 2.57513E-1 1.88842E-1 1.39524E-1 1.47736E-1 1.20304E-1
4.71944E-1 4.23416E-1 3.86288E-1 3.94059E-1 3.87862E-1 3.88551E-1 3.93362E-1 4.21905E-1 2.17098E-1 4.24702E-1 2.69887E-1 2.43232E-1 2.01046E-1 1.97993E-1 1.89122E-1 4.42163E-1 3.1786E-1 3.42413E-1 3.21207E-1 3.5459E-1 3.25515E-1 3.18711E-1 3.63683E-1 3.35811E-1 3.66967E-1 4.78704E-1 4.78426E-1 4.58449E-1 4.50433E-1 4.44386E-1 3.50827E-1 3.49426E-1 3.64942E-1 2.03773E-1 3.53359E-1 3.06017E-1 3.26968E-1 3.44718E-1 3.83821E-1 3.74004E-1 2.73808E-1 2.87479E-1 3.03252E-1 2.43429E-1 2.64148E-1 2.82477E-1 2.63047E-1 2.60339E-1 3.03996E-1 2.72573E-1 3.00843E-1 3.46287E-1 3.18135E-1 3.0836E-1 1.29854E-1 2.11924E-1 1.66924E-1 1.78962E-1 1.63234E-1 1.32742E-1
5.16022E-1 5.20712E-1 3.19527E-1 4.05378E-1 2.1034E-1 3.95912E-1 3.75199E-1 4.31064E-1 5.63773E-1 4.93602E-1 3.49744E-1 2.7238E-1 2.10693E-1 2.0081E-1 1.95909E-1 2.56622E-1 2.769E-1 2.81814E-1 2.8332E-1 2.73228E-1 2.8717E-1 2.3895E-1 2.39289E-1 2.42729E-1 3.40236E-1 4.68753E-1 4.59899E-1 4.93798E-1 4.82131E-1 4.76313E-1 3.82797E-1 2.72832E-1 3.59449E-1 3.29239E-1 3.40493E-1 2.87864E-1 2.91843E-1 2.98055E-1 3.16244E-1 3.35732E-1 2.88322E-1 3.3817E-1 2.86264E-1 2.94616E-1 1.65737E-1 2.73778E-1 3.04145E-1 1.47094E-1 3.05456E-1 3.08929E-1 3.239E-1 3.21909E-1 3.13173E-1 3.48983E-1 1.77198E-1 1.84647E-1 1.85007E-1 1.82717E-1 1.55485E-1 1.38374E-1
2.92384E-1 3.90783E-1 4.08861E-1 4.00006E-1 3.89272E-1 3.78879E-1 3.59424E-1 1.16419E-1 3.61057E-1 3.77203E-1 2.43063E-1 2.11503E-1 1.81652E-1 1.80446E-1 1.77483E-1 2.45393E-1 2.41704E-1 2.44554E-1 3.4579E-1 2.47956E-1 2.92457E-1 2.39408E-1 2.2979E-1 2.74163E-1 4.06862E-1 4.89218E-1 4.94946E-1 5.11058E-1 5.24979E-1 4.94889E-1 3.93988E-1 3.51569E-1 3.65245E-1 1.97667E-1 3.45242E-1 2.22564E-1 3.03373E-1 2.83317E-1 3.27352E-1 3.12991E-1 2.22674E-1 2.83017E-1 3.33818E-1 3.33231E-1 3.05463E-1 2.76951E-1 2.60984E-1 2.06201E-1 2.22543E-1 2.13376E-1 2.34204E-1 1.98944E-1 1.87404E-1 2.77961E-1 2.44568E-1 1.86043E-1 1.78023E-1 1.59032E-1 1.42408E-1 1.46281E-1
2.10497E-1 2.31961E-1 2.42077E-1 2.64769E-1 1.03434E-1 2.31302E-1 2.88919E-1 2.36264E-1 1.43176E-1 2.55479E-1 1.58219E-1 1.3948E-1 1.23095E-1 1.22995E-1 1.59128E-1 3.38175E-1 3.00107E-1 2.92427E-1 2.74623E-1 4.41094E-1 3.7488E-1 4.62529E-1 4.14284E-1 4.30389E-1 4.69849E-1 5.43337E-1 5.76371E-1 6.17797E-1 6.25575E-1 5.93173E-1 5.14348E-1 4.62532E-1 4.93748E-1 4.65774E-1 4.32996E-1 3.35523E-1 2.89549E-1 3.09686E-1 1.54307E-1 2.99616E-1 1.65569E-1 1.88143E-1 1.98781E-1 2.23937E-1 2.35422E-1 2.2465E-1 1.68094E-1 1.13211E-1 1.38401E-1 1.55717E-1 1.71753E-1 1.66791E-1 1.52758E-1 1.73107E-1 4.78175E-2 1.54608E-1 1.4234E-1 1.30106E-1 1.51893E-1 1.39595E-1
1.92839E-1 2.12718E-1 8.76072E-2 2.42374E-1 2.01843E-1 1.94959E-1 2.28839E-1 2.44855E-1 2.50478E-1 2.3057E-1 1.62994E-1 1.46351E-1 1.36724E-1 1.20295E-1 1.65881E-1 3.63531E-1 3.55236E-1 3.73964E-1 3.35551E-1 4.03444E-1 4.24808E-1 3.97795E-1 3.94757E-1 4.63739E-1 4.82948E-1 5.6113E-1 5.97126E-1 6.6458E-1 6.29456E-1 5.62395E-1 4.78252E-1 4.34059E-1 4.56134E-1 4.49044E-1 4.15602E-1 3.15168E-1 3.66372E-1 3.4758E-1 3.3534E-1 2.78517E-1 1.49052E-1 1.49934E-1 1.45409E-1 1.54958E-1 1.79563E-1 1.17261E-1 1.48079E-1 1.25435E-1 1.09238E-1 1.24939E-1 1.41296E-1 1.40335E-1 1.37851E-1 1.42682E-1 1.21153E-1 4.79004E-2 1.9751E-1 1.82754E-1 1.66105E-1 1.94936E-1
1.73681E-1 1.98439E-1 3.08704E-1 2.02785E-1 2.19574E-1 2.49659E-1 2.69831E-1 3.07794E-1 3.12387E-1 2.73208E-1 1.80508E-1 1.66922E-1 1.53036E-1 1.29687E-1 1.66282E-1 3.5216E-1 3.59386E-1 3.40395E-1 3.07053E-1 3.60247E-1 3.73755E-1 3.77999E-1 4.14545E-1 4.76055E-1 4.85828E-1 5.68475E-1 6.11139E-1 6.57748E-1 5.53345E-1 4.97039E-1 4.28871E-1 3.93983E-1 3.963E-1 4.10791E-1 4.37787E-1 3.23303E-1 3.60751E-1 2.52781E-1 3.38239E-1 2.62557E-1 1.30533E-1 1.33661E-1 1.42194E-1 1.5465E-1 1.2467E-1 8.33598E-2 1.60834E-1 1.6793E-1 1.36177E-1 1.48238E-1 1.55574E-1 1.55179E-1 1.53212E-1 1.43533E-1 1.26935E-1 1.64565E-1 1.82247E-1 1.41168E-1 1.39875E-1 1.75512E-1
1.5676E-1 1.89179E-1 7.97114E-2 6.35499E-2 1.1888E-1 3.54766E-1 4.49156E-1 4.76022E-1 3.70728E-1 3.3251E-1 2.44706E-1 2.18774E-1 1.94564E-1 1.49566E-1 1.76068E-1 3.31077E-1 3.26123E-1 2.61706E-1 2.95133E-1 3.01806E-1 3.3546E-1 3.45394E-1 4.50498E-1 4.792E-1 4.67748E-1 5.60587E-1 5.83806E-1 6.04442E-1 5.13408E-1 4.67844E-1 3.89479E-1 3.52843E-1 3.74497E-1 4.2172E-1 4.59939E-1 2.91343E-1 3.53533E-1 3.26843E-1 3.15711E-1 2.65609E-1 1.38319E-1 1.68963E-1 2.15035E-1 1.82335E-1 1.77058E-1 1.77563E-1 1.95279E-1 2.03383E-1 1.74772E-1 1.67902E-1 1.78302E-1 1.76239E-1 1.77286E-1 1.63158E-1 1.42153E-1 1.38507E-1 1.71021E-1 9.53124E-2 1.15734E-1 1.36217E-1
1.79806E-1 6.18557E-2 1.77812E-1 1.48054E-1 3.09519E-1 2.30333E-1 3.38779E-1 2.14574E-1 2.60831E-1 3.91429E-1 2.73255E-1 2.43076E-1 2.13751E-1 1.73918E-1 1.87169E-1 3.05211E-1 2.63086E-1 2.65181E-1 2.50455E-1 2.51925E-1 3.30664E-1 4.27491E-1 4.98766E-1 5.04307E-1 4.49494E-1 5.59623E-1 5.68466E-1 5.48033E-1 4.54223E-1 4.04674E-1 3.38383E-1 3.43304E-1 3.71652E-1 4.31139E-1 4.68049E-1 3.17205E-1 3.18858E-1 2.72788E-1 2.54518E-1 2.38735E-1 1.60627E-1 1.8739E-1 1.95648E-1 1.74901E-1 1.88776E-1 1.79167E-1 1.90625E-1 1.16668E-1 1.94384E-1 1.93019E-1 2.03529E-1 1.97704E-1 1.93579E-1 1.78597E-1 1.60303E-1 1.94583E-1 1.43301E-1 8.2314E-2 1.02183E-1 1.3327E-1
2.00614E-1 1.90886E-1 1.72054E-1 1.55809E-1 1.56168E-1 2.90683E-1 2.45007E-1 2.74913E-1 2.50175E-1 2.59242E-1 2.92608E-1 3.22991E-1 3.27023E-1 2.70362E-1 2.47032E-1 2.55621E-1 2.18375E-1 2.50402E-1 2.38481E-1 2.5513E-1 3.2272E-1 4.78768E-1 4.98515E-1 4.89455E-1 4.68396E-1 5.28342E-1 4.82637E-1 4.51646E-1 3.98257E-1 3.41897E-1 3.18826E-1 3.37596E-1 3.62528E-1 4.01721E-1 5.00241E-1 3.71794E-1 3.32791E-1 2.81754E-1 2.72168E-1 2.69501E-1 1.80209E-1 1.82307E-1 1.29696E-1 3.14609E-1 2.65958E-1 2.15856E-1 2.25253E-1 2.31358E-1 2.3585E-1 2.4878E-1 2.18044E-1 2.44621E-1 2.37755E-1 2.14363E-1 2.13027E-1 8.17688E-2 1.19203E-1 1.25717E-1 1.32832E-1 1.53251E-1
1.932E-1 1.88252E-1 1.86237E-1 1.77358E-1 2.80357E-1 1.68006E-1 2.0253E-1 2.81468E-1 3.14313E-1 2.95217E-1 3.37577E-1 2.96724E-1 2.66345E-1 2.34053E-1 2.15267E-1 2.35158E-1 2.18252E-1 2.56224E-1 2.48278E-1 2.88509E-1 3.70385E-1 5.06156E-1 5.17763E-1 5.27735E-1 5.26219E-1 5.46696E-1 4.99007E-1 3.81353E-1 3.45793E-1 3.28219E-1 3.18013E-1 3.38471E-1 3.48714E-1 3.77548E-1 4.93355E-1 3.88783E-1 3.48721E-1 2.63646E-1 2.85215E-1 2.93707E-1 7.1113E-2 2.03427E-1 2.1491E-1 2.54478E-1 2.96568E-1 2.18931E-1 2.14738E-1 2.17843E-1 2.13788E-1 2.16536E-1 2.03582E-1 2.1415E-1 2.32645E-1 2.46462E-1 6.68722E-2 1.73133E-1 1.37689E-1 1.29079E-1 1.39496E-1 1.66126E-1
1.76192E-1 1.76812E-1 1.75317E-1 1.66318E-1 1.56045E-1 1.66598E-1 1.83966E-1 1.72435E-1 3.4795E-1 2.43364E-1 3.17826E-1 2.85711E-1 2.53597E-1 2.15957E-1 2.11062E-1 2.38921E-1 2.30344E-1 2.52391E-1 2.67447E-1 3.14898E-1 4.09338E-1 5.41674E-1 5.55871E-1 5.60305E-1 5.47684E-1 5.60432E-1 4.39062E-1 4.44235E-1 3.86118E-1 3.33148E-1 3.19471E-1 3.39414E-1 3.44068E-1 3.6426E-1 4.77197E-1 3.91533E-1 3.41358E-1 2.47964E-1 2.84146E-1 2.92212E-1 1.91051E-1 1.78875E-1 1.84752E-1 2.26267E-1 2.72043E-1 2.49206E-1 2.03317E-1 1.98985E-1 1.91925E-1 1.93563E-1 1.86014E-1 1.84495E-1 1.66474E-1 1.11619E-1 1.10684E-1 1.5516E-1 1.48523E-1 1.32763E-1 1.48033E-1 1.81813E-1
1.8005E-1 2.03528E-1 1.95441E-1 1.97305E-1 1.55926E-1 1.72273E-1 1.9052E-1 1.70602E-1 2.74017E-1 1.75835E-1 2.66091E-1 2.43045E-1 2.13939E-1 1.94744E-1 2.03078E-1 2.33806E-1 2.51996E-1 2.75069E-1 2.81568E-1 3.34989E-1 4.61598E-1 5.68645E-1 5.88121E-1 6.02201E-1 5.89452E-1 5.84858E-1 5.03978E-1 4.28008E-1 3.69109E-1 3.3994E-1 3.26641E-1 3.263E-1 3.46218E-1 3.5574E-1 4.78951E-1 3.91492E-1 3.11697E-1 2.52783E-1 2.71878E-1 2.20759E-1 1.66779E-1 1.62481E-1 1.66326E-1 1.9691E-1 2.48459E-1 2.33076E-1 1.8972E-1 1.7923E-1 1.73731E-1 1.75241E-1 1.67492E-1 1.61846E-1 1.51404E-1 1.1751E-1 1.36623E-1 1.34982E-1 1.2067E-1 1.33077E-1 1.43434E-1 1.98795E-1
2.7577E-1 2.99686E-1 1.8201E-1 2.72874E-1 1.49849E-1 1.48088E-1 1.45293E-1 1.30294E-1 1.23853E-1 2.0692E-1 3.82991E-1 2.41252E-1 2.22881E-1 2.06767E-1 2.21788E-1 2.61218E-1 2.86144E-1 2.98246E-1 3.07676E-1 3.52071E-1 4.99176E-1 5.84259E-1 6.08556E-1 6.3002E-1 6.12523E-1 5.53089E-1 5.19113E-1 4.15224E-1 3.65871E-1 3.55223E-1 3.48311E-1 3.22025E-1 3.36511E-1 3.62523E-1 4.78283E-1 3.88229E-1 3.14666E-1 2.69551E-1 2.60961E-1 1.59822E-1 1.47699E-1 1.44153E-1 1.4355E-1 1.69203E-1 2.2163E-1 2.10443E-1 1.59466E-1 1.5628E-1 1.55609E-1 1.60573E-1 1.54259E-1 1.48827E-1 1.47468E-1 1.26251E-1 1.01079E-1 1.06386E-1 1.09532E-1 1.35587E-1 1.98633E-1 2.15436E-1
3.00605E-1 2.36858E-1 2.50606E-1 3.1858E-1 2.06689E-1 1.91884E-1 1.90929E-1 1.83255E-1 1.89133E-1 2.13693E-1 4.56155E-1 3.9163E-1 3.21118E-1 2.9697E-1 2.9169E-1 2.83321E-1 2.99022E-1 2.99194E-1 3.10505E-1 3.3933E-1 5.03161E-1 5.40802E-1 5.60704E-1 5.78733E-1 5.19897E-1 3.5982E-1 2.99878E-1 2.13466E-1 2.19259E-1 2.20971E-1 2.35009E-1 2.10628E-1 2.15526E-1 2.50253E-1 3.81454E-1 4.43115E-1 4.00093E-1 3.29194E-1 2.56563E-1 2.67794E-1 3.46562E-1 3.06781E-1 3.05089E-1 3.13188E-1 3.74945E-1 2.86802E-1 2.16871E-1 2.14832E-1 2.22292E-1 2.30848E-1 2.50193E-1 2.38114E-1 2.4174E-1 2.25105E-1 1.90079E-1 1.49911E-1 1.20675E-1 1.97192E-1 1.71939E-1 2.68326E-1
2.56608E-1 2.38724E-1 2.31582E-1 1.78317E-1 2.57617E-1 1.56064E-1 1.66277E-1 1.50573E-1 1.46319E-1 1.62809E-1 3.43365E-1 1.96254E-1 4.06671E-1 3.08814E-1 3.45535E-1 3.23539E-1 2.91732E-1 3.08604E-1 3.26887E-1 3.57505E-1 5.61071E-1 5.76716E-1 5.75047E-1 5.70328E-1 5.21298E-1 3.39856E-1 2.74743E-1 2.43272E-1 2.33494E-1 2.23211E-1 1.82418E-1 2.28583E-1 2.39764E-1 2.66878E-1 2.28313E-1 4.77104E-1 4.70464E-1 3.20951E-1 2.6579E-1 2.97853E-1 3.26025E-1 2.93941E-1 3.01066E-1 3.33935E-1 3.79054E-1 2.87012E-1 2.66617E-1 1.91087E-1 2.19922E-1 2.20065E-1 2.26261E-1 2.15598E-1 2.07684E-1 2.02333E-1 1.98618E-1 1.61997E-1 1.56395E-1 1.58215E-1 2.41283E-1 2.46225E-1
2.43899E-1 2.50099E-1 2.39767E-1 1.9096E-1 1.54348E-1 2.53003E-1 1.48399E-1 1.39719E-1 1.37142E-1 1.46581E-1 1.90484E-1 3.53454E-1 2.96272E-1 3.42827E-1 3.57834E-1 2.62486E-1 2.56937E-1 3.22705E-1 3.34716E-1 3.63383E-1 5.71728E-1 6.04463E-1 3.81341E-1 4.88324E-1 5.2975E-1 3.91228E-1 3.05161E-1 2.70694E-1 2.6146E-1 2.32124E-1 2.2722E-1 2.23916E-1 2.51769E-1 2.82089E-1 4.14133E-1 5.18737E-1 3.86572E-1 3.07779E-1 2.70173E-1 3.03202E-1 3.08116E-1 3.4073E-1 3.58255E-1 3.88779E-1 3.91101E-1 3.25357E-1 3.11201E-1 2.12036E-1 2.26869E-1 2.22312E-1 2.18342E-1 1.95128E-1 1.8644E-1 1.81234E-1 1.83285E-1 1.58267E-1 1.73366E-1 1.87501E-1 2.31327E-1 2.60044E-1
2.79019E-1 2.55551E-1 2.34686E-1 2.27262E-1 2.11489E-1 2.22463E-1 2.32951E-1 1.47304E-1 1.14207E-1 1.21301E-1 1.61307E-1 1.51187E-1 2.69923E-1 2.08223E-1 2.18916E-1 2.09818E-1 2.39704E-1 3.13161E-1 3.33432E-1 3.60065E-1 5.45867E-1 5.88734E-1 5.73427E-1 5.68637E-1 5.10669E-1 3.65515E-1 3.51607E-1 2.84408E-1 2.58565E-1 1.02705E-1 2.57767E-1 2.22586E-1 2.34056E-1 3.14759E-1 4.07757E-1 2.76E-1 3.78597E-1 3.35909E-1 3.16163E-1 3.68793E-1 3.76521E-1 3.79661E-1 4.1574E-1 5.3136E-1 4.17946E-1 3.63666E-1 3.45449E-1 3.08909E-1 2.64724E-1 2.61964E-1 2.29872E-1 1.74953E-1 1.72704E-1 1.68717E-1 1.72098E-1 1.77363E-1 6.02674E-2 8.80421E-2 1.68424E-1 1.1582E-1
3.34691E-1 2.8348E-1 2.3561E-1 2.09224E-1 1.90546E-1 1.8986E-1 1.94191E-1 1.95587E-1 9.88476E-2 1.08535E-1 1.46083E-1 1.30374E-1 2.44718E-1 1.8373E-1 2.02137E-1 2.06194E-1 2.65582E-1 3.08092E-1 3.24748E-1 3.38033E-1 4.76679E-1 5.49704E-1 5.36838E-1 5.35206E-1 5.10888E-1 4.16157E-1 3.07937E-1 2.99653E-1 2.81408E-1 2.35025E-1 2.25192E-1 2.07399E-1 2.40693E-1 3.40984E-1 4.12141E-1 3.35524E-1 4.2037E-1 3.66227E-1 3.53611E-1 3.73649E-1 4.04104E-1 4.20514E-1 4.38063E-1 4.50518E-1 5.15833E-1 3.96867E-1 3.76737E-1 3.52305E-1 2.87241E-1 2.9311E-1 2.52547E-1 1.77626E-1 1.62989E-1 1.55152E-1 1.8252E-1 1.47578E-1 1.60096E-1 1.5684E-1 1.34725E-1 1.47973E-1
