Phytophthora/models/20240429_1812_56/Phytophthora_PA1_RUN7_MAXENT_outputs/Phytophthora_PA1_RUN7.asc
ncols         225
nrows         269
xllcorner     473000.0
yllcorner     4429100.0
cellsize      50.0
NODATA_value  -9999
[rows 189 to 215 of 269, columns 60 to 119 of 225]
6.04214E-1 6.06214E-1 6.03852E-1 6.10942E-1 6.86454E-1 5.92833E-1 5.4096E-1 5.11747E-1 5.25412E-1 6.36074E-1 4.45359E-1 6.08294E-1 6.12914E-1 6.0372E-1 5.56895E-1 5.29189E-1 4.93643E-1 4.77438E-1 5.10602E-1 2.3136E-1 4.40374E-1 4.40924E-1 4.3996E-1 4.37485E-1 6.17607E-1 5.48243E-1 5.44669E-1 4.88843E-1 4.69679E-1 5.04746E-1 4.9482E-1 5.37234E-1 5.78895E-1 5.85864E-1 6.15331E-1 6.09149E-1 3.955E-1 2.65251E-1 3.46219E-1 5.94548E-1 2.07575E-1 4.33853E-1 4.41348E-1 5.17572E-1 4.93986E-1 3.03067E-1 4.93047E-1 2.76707E-1 3.28236E-1 3.1965E-1 3.43338E-1 3.65287E-1 5.18583E-1 5.95441E-1 5.29901E-1 3.44782E-1 4.84026E-1 4.40569E-1 4.42734E-1 4.74433E-1
5.74229E-1 5.94231E-1 5.90051E-1 6.21593E-1 6.62996E-1 5.65505E-1 5.30877E-1 5.18739E-1 5.37335E-1 6.07196E-1 7.35252E-1 7.17284E-1 6.83127E-1 6.60932E-1 5.90873E-1 5.64851E-1 5.18984E-1 5.2464E-1 4.1876E-1 4.463E-1 4.41972E-1 4.50289E-1 4.6065E-1 4.29352E-1 5.13075E-1 5.20771E-1 5.435E-1 4.99938E-1 5.33351E-1 5.37171E-1 5.09299E-1 5.3693E-1 5.70944E-1 5.79466E-1 2.43274E-1 4.37538E-1 4.14439E-1 3.53408E-1 3.32131E-1 3.78274E-1 3.65186E-1 2.51946E-1 5.06006E-1 4.85593E-1 4.95071E-1 4.88764E-1 4.57841E-1 4.71882E-1 4.11841E-1 2.52391E-1 2.74259E-1 2.62108E-1 3.56733E-1 4.08039E-1 1.99923E-1 5.1484E-1 4.90972E-1 4.27533E-1 4.29337E-1 4.42702E-1
5.68658E-1 5.7556E-1 5.8472E-1 6.48829E-1 6.51597E-1 5.87423E-1 5.63523E-1 5.48143E-1 5.53982E-1 5.89996E-1 4.01128E-1 6.89492E-1 6.61713E-1 6.44034E-1 4.99656E-1 5.61165E-1 5.01945E-1 4.60631E-1 5.09496E-1 4.81406E-1 4.76662E-1 4.90766E-1 5.01812E-1 4.8481E-1 5.131E-1 5.50539E-1 5.84029E-1 5.35024E-1 6.31988E-1 5.62802E-1 5.49011E-1 5.92936E-1 6.3832E-1 3.13692E-1 6.10264E-1 5.05407E-1 3.49793E-1 3.56918E-1 3.9207E-1 4.54708E-1 4.74877E-1 5.13593E-1 4.47962E-1 5.75936E-1 5.52432E-1 5.19797E-1 4.35367E-1 4.08011E-1 3.21322E-1 3.90355E-1 2.59732E-1 2.53591E-1 3.1834E-1 3.44226E-1 3.86552E-1 2.53447E-1 4.39753E-1 3.72134E-1 3.9574E-1 4.44505E-1
5.82166E-1 5.54803E-1 6.12381E-1 3.44677E-1 4.09821E-1 4.60986E-1 3.56439E-1 3.86642E-1 5.86259E-1 6.20146E-1 3.4508E-1 6.58013E-1 5.82387E-1 5.38793E-1 4.75775E-1 5.43546E-1 4.38567E-1 4.73388E-1 4.94089E-1 4.87804E-1 4.70363E-1 4.78096E-1 4.85875E-1 5.00183E-1 5.14084E-1 4.79256E-1 5.26175E-1 4.93555E-1 6.66355E-1 5.1281E-1 5.58638E-1 5.24686E-1 5.13342E-1 5.85924E-1 3.26296E-1 3.05978E-1 4.88224E-1 3.18843E-1 3.64427E-1 4.44048E-1 5.17387E-1 5.02344E-1 5.40134E-1 5.14266E-1 4.26093E-1 5.27536E-1 4.19151E-1 3.83703E-1 3.83415E-1 3.68736E-1 2.99785E-1 2.79231E-1 2.68455E-1 3.03902E-1 3.2313E-1 1.38774E-1 4.28656E-1 4.08517E-1 4.04671E-1 3.94378E-1
5.97984E-1 5.709E-1 6.34136E-1 5.69383E-1 4.22381E-1 3.75864E-1 6.4208E-1 6.68513E-1 6.82901E-1 3.76338E-1 4.09315E-1 7.41644E-1 6.55496E-1 5.71752E-1 6.11746E-1 6.00284E-1 4.38203E-1 6.46435E-1 4.93199E-1 4.97094E-1 4.6853E-1 5.48596E-1 6.34116E-1 6.3809E-1 6.11279E-1 5.59589E-1 5.56384E-1 5.2609E-1 6.71675E-1 5.40095E-1 5.60197E-1 5.26215E-1 4.81699E-1 5.98842E-1 3.36439E-1 3.69281E-1 4.89022E-1 4.6043E-1 4.65554E-1 4.37236E-1 4.81479E-1 4.63135E-1 4.17967E-1 4.67061E-1 4.46969E-1 3.31845E-1 4.15547E-1 3.65054E-1 3.31014E-1 3.12565E-1 3.03105E-1 3.35653E-1 3.83609E-1 3.86603E-1 3.88353E-1 4.23197E-1 5.37774E-1 4.58401E-1 3.88531E-1 3.8115E-1
6.31585E-1 5.14621E-1 6.31538E-1 4.548E-1 4.50826E-1 5.56596E-1 5.96381E-1 6.41532E-1 6.17091E-1 6.85209E-1 6.02452E-1 6.02972E-1 6.71995E-1 6.22953E-1 5.32523E-1 5.31909E-1 6.21205E-1 6.55364E-1 5.24781E-1 5.46359E-1 5.85584E-1 5.64285E-1 4.92337E-1 6.72404E-1 6.54025E-1 6.13558E-1 5.9278E-1 6.21822E-1 6.81626E-1 6.62849E-1 5.43052E-1 4.82005E-1 4.40372E-1 5.44837E-1 3.54498E-1 4.3336E-1 4.18903E-1 4.08647E-1 4.13502E-1 4.08221E-1 4.54442E-1 4.34633E-1 4.6226E-1 4.79163E-1 4.83557E-1 3.5559E-1 4.3878E-1 3.42447E-1 3.44714E-1 3.43266E-1 3.36549E-1 3.61588E-1 3.82169E-1 4.32231E-1 4.34711E-1 4.26246E-1 3.64186E-1 4.54214E-1 3.9109E-1 3.76229E-1
6.07399E-1 5.60453E-1 4.60544E-1 4.6962E-1 4.79405E-1 5.92931E-1 5.01428E-1 6.55982E-1 6.32571E-1 4.41311E-1 5.23322E-1 5.52942E-1 5.44986E-1 5.49465E-1 5.34266E-1 5.63393E-1 5.64385E-1 4.80243E-1 5.30364E-1 3.46717E-1 5.614E-1 5.29359E-1 6.48631E-1 6.51521E-1 6.22163E-1 5.98343E-1 5.7162E-1 5.9788E-1 6.21513E-1 5.99088E-1 5.20188E-1 4.78363E-1 4.38044E-1 4.81643E-1 2.93097E-1 3.99043E-1 3.69624E-1 3.82846E-1 4.00734E-1 3.80333E-1 4.43207E-1 4.24689E-1 4.2636E-1 4.56635E-1 2.90521E-1 1.72914E-1 3.42606E-1 3.66489E-1 3.73982E-1 3.79637E-1 3.89812E-1 4.06095E-1 4.20964E-1 4.37619E-1 4.51894E-1 4.29E-1 3.01057E-1 4.23275E-1 3.87907E-1 3.83402E-1
4.71611E-1 5.25958E-1 5.17106E-1 5.0037E-1 5.34724E-1 6.38518E-1 6.93524E-1 6.21204E-1 6.24097E-1 5.79877E-1 5.73508E-1 5.45942E-1 5.33878E-1 5.1855E-1 5.30085E-1 5.75531E-1 3.68621E-1 5.95788E-1 6.25312E-1 6.7312E-1 6.69267E-1 6.42286E-1 6.02522E-1 6.32194E-1 6.48049E-1 7.15521E-1 6.31629E-1 6.36734E-1 5.69716E-1 5.71704E-1 4.76954E-1 4.96448E-1 4.23305E-1 4.71748E-1 2.90664E-1 3.33538E-1 3.25405E-1 3.47717E-1 3.92692E-1 3.56729E-1 2.97966E-1 2.78051E-1 2.82248E-1 2.18981E-1 2.85626E-1 2.07608E-1 3.48068E-1 3.71156E-1 3.84773E-1 4.01997E-1 4.53309E-1 4.58833E-1 4.58625E-1 4.68449E-1 2.31011E-1 3.3123E-1 3.41696E-1 2.32991E-1 3.5811E-1 3.41427E-1
2.21161E-1 5.97234E-1 5.55147E-1 5.60258E-1 6.53993E-1 6.82816E-1 4.74497E-1 7.10992E-1 7.1455E-1 6.65441E-1 6.6532E-1 6.06992E-1 4.84183E-1 4.69808E-1 4.80035E-1 5.48452E-1 7.06512E-1 6.86166E-1 6.57661E-1 6.44071E-1 6.02235E-1 5.91455E-1 5.88251E-1 6.50387E-1 7.0469E-1 5.52774E-1 5.04918E-1 5.15446E-1 5.70461E-1 6.10674E-1 5.23409E-1 4.86816E-1 4.5089E-1 4.67992E-1 3.25078E-1 3.25047E-1 2.88976E-1 3.05469E-1 3.34461E-1 3.89009E-1 1.74881E-1 2.96155E-1 2.84885E-1 3.40719E-1 2.94883E-1 3.48678E-1 4.08669E-1 4.07474E-1 4.30412E-1 4.42561E-1 5.00267E-1 5.3653E-1 5.64445E-1 3.37766E-1 4.66369E-1 2.22971E-1 1.65019E-1 2.36779E-1 1.59225E-1 3.88148E-1
6.61018E-1 6.45357E-1 6.8889E-1 6.43378E-1 6.42745E-1 6.99126E-1 6.18403E-1 6.69991E-1 5.60791E-1 5.54037E-1 5.11713E-1 4.67957E-1 4.46258E-1 4.79844E-1 4.97629E-1 6.98352E-1 6.84652E-1 6.73885E-1 6.38315E-1 6.04719E-1 5.66533E-1 5.76734E-1 5.53204E-1 3.71107E-1 5.16436E-1 4.83593E-1 4.50884E-1 4.58939E-1 5.60568E-1 5.21204E-1 4.64025E-1 4.50855E-1 4.4167E-1 4.56027E-1 3.97152E-1 2.90835E-1 2.78144E-1 2.84971E-1 3.01345E-1 2.9385E-1 2.7987E-1 3.67882E-1 1.03054E-1 3.01068E-1 3.21645E-1 3.4753E-1 3.89895E-1 3.99999E-1 4.53239E-1 4.79403E-1 3.31224E-1 3.68331E-1 4.57727E-1 4.7091E-1 4.52819E-1 3.39939E-1 2.04855E-1 2.15464E-1 2.51731E-1 1.32708E-1
5.63411E-1 5.57634E-1 6.0722E-1 6.38415E-1 5.44498E-1 4.68082E-1 5.62399E-1 5.20467E-1 4.71702E-1 4.36565E-1 4.17959E-1 3.9884E-1 4.34268E-1 5.60745E-1 6.47643E-1 6.75142E-1 6.905E-1 6.84688E-1 6.57086E-1 5.98513E-1 5.53302E-1 5.76488E-1 6.66195E-1 6.14681E-1 4.98684E-1 4.58412E-1 5.22267E-1 5.30709E-1 4.971E-1 4.86138E-1 4.457E-1 4.67532E-1 4.72636E-1 4.21174E-1 3.73049E-1 2.81254E-1 2.63769E-1 2.57588E-1 2.73051E-1 2.6057E-1 2.4391E-1 2.81361E-1 2.07185E-1 3.24591E-1 3.25123E-1 3.41526E-1 3.6894E-1 4.02557E-1 4.8252E-1 4.94287E-1 4.60376E-1 4.47719E-1 2.14447E-1 5.05474E-1 4.13887E-1 2.87614E-1 2.31167E-1 2.98618E-1 2.16672E-1 3.27009E-1
5.21285E-1 5.48299E-1 5.4672E-1 6.88633E-1 5.50019E-1 5.09906E-1 4.97325E-1 4.6623E-1 4.64536E-1 4.36059E-1 4.11846E-1 4.09052E-1 5.55604E-1 5.06274E-1 6.14897E-1 5.44074E-1 6.77419E-1 6.78263E-1 6.92495E-1 6.65029E-1 6.52869E-1 5.9424E-1 5.92302E-1 4.1461E-1 4.01745E-1 4.07742E-1 5.2089E-1 4.93096E-1 5.02679E-1 4.73393E-1 3.56334E-1 3.74631E-1 3.53188E-1 4.41719E-1 3.42469E-1 2.67674E-1 2.47403E-1 2.34617E-1 2.46767E-1 2.31519E-1 2.13681E-1 2.43299E-1 3.93475E-1 3.23311E-1 3.18093E-1 3.36412E-1 3.71888E-1 4.20709E-1 4.91105E-1 4.64566E-1 4.16593E-1 4.4713E-1 1.56973E-1 4.64966E-1 3.29433E-1 2.09963E-1 1.71016E-1 2.74095E-1 1.86072E-1 2.41891E-1
5.25582E-1 5.48282E-1 4.03219E-1 5.55388E-1 4.79191E-1 4.7908E-1 4.87524E-1 4.50111E-1 4.39728E-1 4.01529E-1 3.8788E-1 5.28284E-1 4.23776E-1 5.66269E-1 6.23362E-1 6.40529E-1 6.49906E-1 6.33748E-1 6.19109E-1 5.83873E-1 2.54026E-1 3.48146E-1 2.75435E-1 2.50262E-1 3.3566E-1 5.03739E-1 4.63387E-1 4.79839E-1 4.94914E-1 4.52731E-1 4.27022E-1 4.0448E-1 3.58007E-1 4.52527E-1 3.15907E-1 2.5519E-1 2.30714E-1 2.17996E-1 2.3709E-1 2.30209E-1 3.34455E-1 3.60808E-1 5.38628E-1 4.46272E-1 4.42648E-1 4.03113E-1 4.58173E-1 5.64843E-1 5.1282E-1 4.7862E-1 4.20894E-1 4.70548E-1 2.23105E-1 4.44236E-1 3.4854E-1 2.62182E-1 2.16328E-1 3.28573E-1 2.56397E-1 2.68509E-1
5.22844E-1 3.36254E-1 5.18306E-1 4.74053E-1 4.56555E-1 4.44698E-1 4.90023E-1 5.09423E-1 4.96792E-1 4.55505E-1 5.2906E-1 5.60668E-1 5.40184E-1 5.70518E-1 6.26738E-1 6.5002E-1 6.64306E-1 6.42153E-1 6.31998E-1 6.3424E-1 5.66471E-1 3.67111E-1 3.26083E-1 3.391E-1 4.05608E-1 4.97956E-1 5.00573E-1 5.30971E-1 5.58795E-1 4.9106E-1 4.18418E-1 3.99724E-1 3.69471E-1 3.44465E-1 4.45683E-1 1.90203E-1 3.03215E-1 2.38849E-1 2.68324E-1 2.63402E-1 3.49983E-1 3.79339E-1 4.12419E-1 4.63125E-1 3.82975E-1 4.4134E-1 5.5188E-1 6.09554E-1 4.89158E-1 4.59974E-1 4.15281E-1 4.69222E-1 4.916E-1 4.51869E-1 4.09589E-1 3.30958E-1 3.23411E-1 3.00294E-1 2.86511E-1 2.58106E-1
6.46994E-1 6.32249E-1 5.82377E-1 5.39668E-1 5.36157E-1 5.58216E-1 5.44967E-1 5.36707E-1 5.22792E-1 5.14495E-1 5.33799E-1 5.68734E-1 5.82789E-1 6.03495E-1 6.48326E-1 6.71601E-1 6.76465E-1 6.47852E-1 6.29986E-1 6.69294E-1 5.61387E-1 3.84763E-1 3.64434E-1 3.86437E-1 4.84432E-1 5.41901E-1 5.23437E-1 5.93054E-1 6.26294E-1 5.38239E-1 4.58363E-1 4.19567E-1 4.07126E-1 3.65785E-1 3.28991E-1 3.17044E-1 3.9699E-1 3.89864E-1 2.73317E-1 3.18669E-1 3.62003E-1 3.90511E-1 4.16566E-1 4.99002E-1 3.49093E-1 5.13769E-1 6.20749E-1 6.12377E-1 5.16907E-1 4.94771E-1 4.10329E-1 4.90672E-1 6.34189E-1 4.79841E-1 4.30831E-1 3.45597E-1 3.06832E-1 2.73425E-1 2.46198E-1 2.39153E-1
6.7659E-1 6.5322E-1 6.26321E-1 5.89202E-1 5.80729E-1 5.37718E-1 5.20742E-1 5.05028E-1 4.97512E-1 5.35171E-1 5.53224E-1 5.87182E-1 6.13943E-1 6.33265E-1 6.14785E-1 6.5972E-1 6.55293E-1 6.29898E-1 6.32255E-1 2.48513E-1 4.27195E-1 3.88779E-1 3.65247E-1 4.01031E-1 4.7238E-1 5.39015E-1 5.45317E-1 6.08477E-1 7.01507E-1 6.37877E-1 5.13383E-1 4.43165E-1 4.09313E-1 3.82518E-1 3.54618E-1 3.03608E-1 3.18916E-1 3.55912E-1 2.17713E-1 3.7583E-1 4.02566E-1 4.01497E-1 4.28205E-1 4.75234E-1 3.16188E-1 6.09872E-1 6.39724E-1 5.92309E-1 5.54658E-1 5.25803E-1 4.30145E-1 5.84162E-1 5.80204E-1 4.94919E-1 4.3881E-1 3.50042E-1 3.15944E-1 2.82539E-1 2.53036E-1 2.21125E-1
6.68752E-1 6.4295E-1 6.04134E-1 5.68319E-1 5.35875E-1 5.34823E-1 5.3156E-1 4.99322E-1 5.23383E-1 5.62137E-1 5.69155E-1 6.01018E-1 6.27346E-1 6.57607E-1 6.6352E-1 6.36484E-1 6.44269E-1 6.22778E-1 6.21138E-1 3.15443E-1 4.37068E-1 3.66276E-1 3.61418E-1 4.04865E-1 4.85744E-1 5.42507E-1 5.91526E-1 6.08424E-1 6.99322E-1 6.98401E-1 6.12265E-1 4.74782E-1 4.4097E-1 4.21921E-1 3.88417E-1 3.27592E-1 3.19429E-1 3.11639E-1 3.76992E-1 3.99327E-1 4.8556E-1 4.14809E-1 4.30527E-1 4.72197E-1 5.03026E-1 5.63636E-1 6.14269E-1 5.5514E-1 3.43042E-1 5.54456E-1 5.19681E-1 3.52217E-1 3.05805E-1 4.82242E-1 4.41452E-1 3.52022E-1 3.26818E-1 3.01869E-1 2.75962E-1 2.40058E-1
6.02467E-1 6.49418E-1 6.09522E-1 5.80882E-1 5.43503E-1 4.93824E-1 5.14062E-1 4.87818E-1 5.05996E-1 5.4978E-1 5.36141E-1 5.67625E-1 5.85075E-1 6.00795E-1 6.07472E-1 6.02217E-1 6.06471E-1 5.8753E-1 5.84313E-1 4.23445E-1 4.55071E-1 4.21541E-1 4.49152E-1 4.80127E-1 5.21171E-1 5.06385E-1 5.44894E-1 5.78979E-1 6.05853E-1 6.87683E-1 6.93052E-1 5.90348E-1 5.3462E-1 5.05544E-1 4.55966E-1 2.88526E-1 2.79074E-1 2.771E-1 3.08587E-1 1.9282E-1 3.20945E-1 3.37949E-1 2.61728E-1 2.76638E-1 3.25808E-1 3.60596E-1 5.2967E-1 5.93196E-1 5.52583E-1 5.75418E-1 6.41863E-1 4.0268E-1 3.60439E-1 5.29713E-1 5.20485E-1 4.7062E-1 4.46483E-1 4.15357E-1 3.76905E-1 3.21245E-1
5.78463E-1 6.81833E-1 6.3208E-1 5.98209E-1 5.74193E-1 5.40368E-1 5.32357E-1 5.24069E-1 5.26578E-1 5.79099E-1 5.36568E-1 5.59534E-1 5.63931E-1 5.71509E-1 5.82471E-1 5.78084E-1 5.92534E-1 5.75352E-1 5.99196E-1 4.64233E-1 4.4926E-1 4.2147E-1 4.52039E-1 4.92706E-1 5.1774E-1 5.11618E-1 5.34018E-1 5.63288E-1 5.94827E-1 6.20295E-1 7.16856E-1 4.32377E-1 3.93694E-1 5.44174E-1 2.39293E-1 3.00691E-1 4.11774E-1 3.76134E-1 3.35717E-1 2.80023E-1 2.27964E-1 3.38022E-1 2.9377E-1 2.91963E-1 3.23448E-1 5.08444E-1 5.14128E-1 5.39914E-1 5.33316E-1 5.42027E-1 6.19206E-1 5.01756E-1 5.81094E-1 5.88381E-1 6.07709E-1 3.16025E-1 1.49574E-1 4.34213E-1 3.47757E-1 9.89902E-2
7.87075E-1 5.14212E-1 6.68911E-1 6.28843E-1 5.95875E-1 5.71855E-1 5.60579E-1 5.63076E-1 5.63512E-1 5.73218E-1 5.46371E-1 5.35117E-1 5.29032E-1 5.41188E-1 5.48929E-1 5.46689E-1 5.45877E-1 5.18844E-1 4.84487E-1 5.94203E-1 4.42887E-1 4.32548E-1 4.49355E-1 4.98071E-1 4.83431E-1 5.12313E-1 5.33013E-1 5.54345E-1 5.74566E-1 5.25517E-1 5.60457E-1 4.71481E-1 4.81406E-1 5.0893E-1 4.13805E-1 2.7747E-1 2.25451E-1 2.2092E-1 1.93631E-1 1.72566E-1 1.74193E-1 2.1881E-1 2.95074E-1 1.71278E-1 9.50703E-2 2.90147E-1 3.9516E-1 4.9127E-1 5.00879E-1 5.31188E-1 4.5489E-1 5.18181E-1 6.11848E-1 6.19707E-1 6.09341E-1 3.48419E-1 3.48017E-1 3.20253E-1 2.71962E-1 2.58248E-1
5.8315E-1 6.8843E-1 6.97741E-1 4.86575E-1 6.61837E-1 6.22309E-1 3.4503E-1 4.66933E-1 5.88167E-1 5.94292E-1 4.93896E-1 4.85269E-1 4.93431E-1 5.17366E-1 5.2641E-1 5.00861E-1 5.62127E-1 4.74146E-1 4.71601E-1 4.00398E-1 1.46763E-1 4.60675E-1 4.95113E-1 4.87749E-1 4.58542E-1 5.31767E-1 5.32885E-1 5.36275E-1 6.02522E-1 5.63582E-1 5.63614E-1 4.28314E-1 4.37887E-1 4.70318E-1 4.21804E-1 2.5914E-1 2.12158E-1 2.06838E-1 1.78209E-1 1.89119E-1 1.84376E-1 1.90933E-1 1.65505E-1 1.65203E-1 1.74587E-1 3.5309E-1 5.96556E-1 5.13083E-1 5.25053E-1 5.51367E-1 5.51219E-1 4.22299E-1 3.52758E-1 3.40642E-1 3.88418E-1 2.78737E-1 3.72129E-1 3.24219E-1 3.02191E-1 2.49736E-1
6.35712E-1 6.83091E-1 6.63999E-1 6.79175E-1 3.62764E-1 6.8408E-1 4.49134E-1 3.39767E-1 2.95407E-1 3.27262E-1 3.28998E-1 4.9092E-1 4.60645E-1 2.59528E-1 5.07669E-1 4.6457E-1 5.5341E-1 4.54749E-1 4.43841E-1 3.9942E-1 3.6158E-1 5.27209E-1 4.53938E-1 4.24843E-1 4.45485E-1 5.62057E-1 4.93648E-1 5.67864E-1 5.39237E-1 5.50664E-1 5.1033E-1 6.19112E-1 5.12002E-1 5.24169E-1 4.01853E-1 2.64251E-1 2.22178E-1 2.14368E-1 1.97175E-1 2.16091E-1 2.20249E-1 2.23932E-1 2.20039E-1 2.04504E-1 2.60254E-1 4.18583E-1 4.27342E-1 4.94812E-1 4.15086E-1 5.41141E-1 4.94699E-1 4.17671E-1 3.4302E-1 3.15764E-1 3.00419E-1 3.78054E-1 4.10621E-1 3.47527E-1 3.19113E-1 2.727E-1
5.3813E-1 5.58077E-1 5.36478E-1 5.29286E-1 5.04719E-1 5.37421E-1 4.58945E-1 4.08055E-1 3.44022E-1 3.34167E-1 4.04912E-1 4.58721E-1 4.22001E-1 4.90481E-1 4.96565E-1 3.5349E-1 4.25958E-1 4.12611E-1 3.18322E-1 3.06402E-1 2.07647E-1 1.06595E-1 2.70202E-1 2.80584E-1 3.17644E-1 5.41406E-1 5.53024E-1 5.66275E-1 5.10472E-1 5.33211E-1 5.5546E-1 5.79803E-1 5.67439E-1 3.97599E-1 5.65772E-1 4.33556E-1 3.76023E-1 3.41891E-1 3.36643E-1 3.55796E-1 4.37756E-1 4.27332E-1 4.08229E-1 3.89985E-1 3.92743E-1 2.79649E-1 2.98431E-1 5.13443E-1 6.17597E-1 4.07286E-1 3.7458E-1 3.17578E-1 2.7725E-1 2.55333E-1 2.41443E-1 4.3623E-1 3.81025E-1 2.90618E-1 2.8994E-1 3.08503E-1
3.75445E-1 5.65408E-1 5.42767E-1 5.29711E-1 5.1745E-1 5.36985E-1 4.57948E-1 4.00516E-1 4.00618E-1 3.76486E-1 3.87343E-1 4.02848E-1 4.17689E-1 3.95576E-1 5.09445E-1 4.32226E-1 3.36734E-1 2.57754E-1 3.11381E-1 3.27777E-1 2.22636E-1 1.43394E-1 2.81311E-1 2.80297E-1 3.0596E-1 5.54455E-1 5.63073E-1 4.7576E-1 4.87129E-1 5.00905E-1 4.9291E-1 5.39032E-1 5.50076E-1 5.81546E-1 3.48384E-1 4.54716E-1 4.35018E-1 4.28922E-1 4.28487E-1 4.39023E-1 4.85404E-1 4.83816E-1 2.17E-1 4.24017E-1 2.77256E-1 2.90731E-1 4.20858E-1 5.51665E-1 4.57408E-1 3.57559E-1 3.84141E-1 3.90872E-1 2.78709E-1 2.25458E-1 3.04389E-1 4.26697E-1 4.09482E-1 3.1325E-1 2.95214E-1 2.87588E-1
5.41761E-1 5.36265E-1 5.24058E-1 5.36931E-1 2.73413E-1 5.15363E-1 4.25515E-1 4.10349E-1 3.80822E-1 3.46516E-1 3.48975E-1 3.58663E-1 3.62329E-1 3.6711E-1 3.65426E-1 4.40538E-1 3.03577E-1 1.4097E-1 3.35925E-1 3.48101E-1 2.43603E-1 2.62514E-1 2.73067E-1 2.95912E-1 3.3124E-1 6.03243E-1 5.9851E-1 4.99385E-1 4.66842E-1 4.76625E-1 4.93825E-1 5.16271E-1 5.35974E-1 5.55061E-1 5.77623E-1 3.30453E-1 4.91437E-1 4.87225E-1 4.82188E-1 4.97104E-1 5.84652E-1 4.55124E-1 4.83516E-1 4.12624E-1 2.56488E-1 3.00728E-1 4.15491E-1 4.62641E-1 2.05657E-1 3.66467E-1 4.0431E-1 2.96018E-1 4.15013E-1 4.19194E-1 3.98595E-1 4.27618E-1 4.90167E-1 3.48073E-1 3.09174E-1 3.12335E-1
5.19888E-1 5.25455E-1 5.03855E-1 5.49622E-1 4.57357E-1 4.86522E-1 4.37735E-1 4.00157E-1 3.66677E-1 3.41085E-1 3.37326E-1 3.40619E-1 3.36201E-1 3.42407E-1 3.59604E-1 4.09508E-1 2.86185E-1 1.81762E-1 3.68274E-1 3.6307E-1 2.699E-1 2.03188E-1 3.04755E-1 3.29648E-1 3.67035E-1 6.39497E-1 6.34813E-1 5.24757E-1 4.90813E-1 4.91562E-1 4.8667E-1 4.98264E-1 5.16028E-1 5.34623E-1 5.41814E-1 5.03321E-1 3.55416E-1 3.58458E-1 3.41978E-1 4.00405E-1 4.71241E-1 6.0559E-1 3.98924E-1 3.43931E-1 3.43208E-1 3.62608E-1 4.23729E-1 4.89707E-1 5.33717E-1 3.88072E-1 4.38593E-1 2.76194E-1 4.24061E-1 3.88787E-1 4.10878E-1 4.54939E-1 3.05956E-1 4.76081E-1 4.17333E-1 3.69881E-1
5.0916E-1 5.98612E-1 5.83616E-1 5.32172E-1 2.45559E-1 4.63244E-1 4.26163E-1 3.95693E-1 3.66182E-1 3.41864E-1 3.22275E-1 3.3826E-1 3.36866E-1 3.36212E-1 3.3512E-1 1.59765E-1 3.15351E-1 3.37472E-1 3.7002E-1 3.74693E-1 2.89277E-1 1.36114E-1 3.34552E-1 3.73498E-1 4.17353E-1 6.74477E-1 6.70399E-1 5.59913E-1 5.36502E-1 5.71211E-1 5.36961E-1 5.16616E-1 4.78595E-1 5.24193E-1 5.11569E-1 4.22237E-1 3.7901E-1 3.59691E-1 3.5424E-1 3.85611E-1 3.8829E-1 3.83121E-1 4.32901E-1 5.30912E-1 4.70747E-1 4.09336E-1 4.53836E-1 1.75369E-1 5.91601E-1 4.12572E-1 4.56731E-1 4.50847E-1 4.1688E-1 3.79588E-1 4.04413E-1 4.54159E-1 4.82602E-1 2.62585E-1 4.81352E-1 4.4198E-1
