Phytophthora/models/20240429_1812_56/Phytophthora_PA1_RUN7_MAXENT_outputs/Phytophthora_PA1_RUN7.asc
ncols         225
nrows         269
xllcorner     473000.0
yllcorner     4429100.0
cellsize      50.0
NODATA_value  -9999
[rows 135 to 161 of 269, columns 120 to 179 of 225]
2.18216E-1 2.24355E-1 2.67194E-1 2.73166E-1 3.22421E-1 4.96907E-1 5.2684E-1 5.50064E-1 5.00004E-1 5.58563E-1 6.43312E-1 6.13846E-1 6.10169E-1 6.21046E-1 6.21127E-1 -9999 -9999 -9999 -9999 -9999 -9999 -9999 -9999 -9999 -9999 -9999 -9999 -9999 -9999 -9999 -9999 -9999 -9999 -9999 3.43006E-1 3.68808E-1 4.25719E-1 2.88058E-1 2.82456E-1 2.96616E-1 2.78014E-1 2.59784E-1 3.03619E-1 3.17703E-1 3.19185E-1 2.50211E-1 2.33482E-1 1.43207E-1 1.59284E-1 1.75218E-1 2.12929E-1 2.4157E-1 2.48957E-1 1.90682E-1 2.84339E-1 3.50414E-1 4.52744E-1 4.46111E-1 4.03886E-1 3.84097E-1
3.55628E-1 3.87715E-1 4.09263E-1 4.18837E-1 4.26791E-1 4.48101E-1 4.32368E-1 5.17248E-1 6.06358E-1 4.99869E-1 4.41125E-1 4.16288E-1 4.42913E-1 4.44833E-1 -9999 -9999 -9999 -9999 -9999 -9999 -9999 -9999 -9999 -9999 -9999 -9999 -9999 -9999 -9999 -9999 -9999 -9999 -9999 -9999 3.01576E-1 4.58368E-1 3.66985E-1 3.5092E-1 3.77616E-1 3.82955E-1 3.82029E-1 3.86725E-1 3.51583E-1 3.73174E-1 4.19914E-1 3.7422E-1 3.2883E-1 2.69817E-1 2.8283E-1 2.97043E-1 2.88606E-1 3.03917E-1 3.92557E-1 2.67252E-1 4.23575E-1 3.60803E-1 3.86324E-1 3.42187E-1 3.50271E-1 3.43005E-1
3.6663E-1 3.77086E-1 3.85026E-1 4.60537E-1 4.45807E-1 4.67596E-1 4.26434E-1 4.88739E-1 5.71901E-1 5.71562E-1 -9999 -9999 -9999 -9999 -9999 -9999 -9999 -9999 -9999 -9999 -9999 -9999 -9999 -9999 -9999 -9999 -9999 -9999 -9999 -9999 -9999 -9999 -9999 -9999 3.3315E-1 3.81316E-1 3.05049E-1 3.50165E-1 4.91009E-1 5.33384E-1 4.18809E-1 3.957E-1 3.46567E-1 3.47888E-1 4.01736E-1 3.53382E-1 3.26376E-1 2.94405E-1 3.07769E-1 3.22751E-1 3.05721E-1 3.13749E-1 3.7677E-1 2.72308E-1 4.01985E-1 3.13438E-1 3.07597E-1 3.49891E-1 3.46821E-1 3.07047E-1
3.50152E-1 3.73328E-1 4.53403E-1 2.61121E-1 3.13349E-1 4.42162E-1 4.08038E-1 4.50323E-1 5.00179E-1 5.08582E-1 -9999 -9999 -9999 -9999 -9999 -9999 -9999 -9999 -9999 -9999 -9999 -9999 -9999 -9999 -9999 -9999 -9999 -9999 -9999 -9999 -9999 -9999 -9999 -9999 -9999 3.96029E-1 3.64312E-1 3.87961E-1 4.57914E-1 5.25714E-1 4.28807E-1 4.52735E-1 3.74243E-1 3.47359E-1 3.97276E-1 3.29308E-1 3.1988E-1 2.9384E-1 3.21649E-1 3.45691E-1 3.36123E-1 3.28042E-1 3.27105E-1 2.48229E-1 3.94971E-1 2.67233E-1 2.94259E-1 3.14603E-1 3.51498E-1 3.39023E-1
3.59832E-1 3.72294E-1 4.99334E-1 4.3726E-1 4.32016E-1 4.54627E-1 4.03843E-1 4.40112E-1 4.32333E-1 4.87959E-1 5.74506E-1 -9999 -9999 -9999 -9999 -9999 -9999 -9999 -9999 -9999 -9999 -9999 -9999 -9999 -9999 -9999 -9999 -9999 -9999 -9999 -9999 -9999 -9999 -9999 -9999 4.46787E-1 4.69306E-1 4.44797E-1 4.50576E-1 5.26246E-1 4.37365E-1 5.30206E-1 4.87324E-1 3.97899E-1 4.16528E-1 3.44216E-1 3.23677E-1 2.99078E-1 3.269E-1 3.52398E-1 3.59711E-1 3.23153E-1 3.5167E-1 3.61716E-1 3.99492E-1 2.46143E-1 3.30024E-1 3.68854E-1 3.01201E-1 2.69212E-1
3.82614E-1 4.40304E-1 3.68565E-1 4.21528E-1 3.38161E-1 4.31804E-1 3.87327E-1 4.35674E-1 4.66049E-1 4.73768E-1 -9999 -9999 -9999 -9999 -9999 -9999 -9999 -9999 -9999 -9999 -9999 -9999 -9999 -9999 -9999 -9999 -9999 -9999 -9999 -9999 -9999 -9999 -9999 -9999 -9999 3.84971E-1 3.78422E-1 3.57674E-1 4.06566E-1 4.71831E-1 4.00864E-1 5.39321E-1 5.0705E-1 4.75267E-1 4.26604E-1 3.5385E-1 3.14825E-1 3.02451E-1 3.36041E-1 3.63794E-1 1.79198E-1 3.17685E-1 3.29458E-1 3.33737E-1 2.9967E-1 2.54278E-1 3.18797E-1 3.39639E-1 3.51878E-1 4.17364E-1
4.60192E-1 4.76391E-1 5.08304E-1 4.61089E-1 4.60079E-1 3.70144E-1 3.58816E-1 3.29099E-1 3.95762E-1 2.85454E-1 -9999 -9999 -9999 -9999 -9999 -9999 -9999 -9999 -9999 -9999 -9999 -9999 -9999 -9999 -9999 -9999 -9999 -9999 -9999 -9999 -9999 -9999 -9999 -9999 -9999 -9999 4.07925E-1 4.33619E-1 4.83419E-1 3.10033E-1 4.20594E-1 4.27306E-1 4.04195E-1 3.78293E-1 3.55792E-1 3.5096E-1 3.13352E-1 3.11126E-1 3.37986E-1 3.49725E-1 1.75914E-1 2.72061E-1 2.55905E-1 2.4461E-1 2.35454E-1 1.95786E-1 2.4988E-1 3.28968E-1 3.97547E-1 4.15444E-1
4.45486E-1 4.82713E-1 4.6288E-1 3.53257E-1 4.3243E-1 3.58089E-1 3.711E-1 3.0423E-1 2.00302E-1 -9999 -9999 -9999 -9999 -9999 -9999 -9999 -9999 -9999 -9999 -9999 -9999 -9999 -9999 -9999 -9999 -9999 -9999 -9999 -9999 -9999 -9999 -9999 -9999 -9999 -9999 -9999 4.29455E-1 2.15331E-1 4.79018E-1 4.5075E-1 3.61787E-1 4.0554E-1 3.84623E-1 3.64198E-1 3.46163E-1 3.55045E-1 3.0818E-1 3.06239E-1 3.38783E-1 3.47982E-1 2.72857E-1 2.8188E-1 2.56949E-1 2.3812E-1 2.33555E-1 2.21227E-1 2.60703E-1 2.86086E-1 3.25775E-1 3.75479E-1
3.81924E-1 5.19565E-1 4.95914E-1 2.92425E-1 4.04644E-1 3.63184E-1 4.36685E-1 2.9538E-1 -9999 -9999 -9999 -9999 -9999 -9999 -9999 -9999 -9999 2.40991E-1 2.84555E-1 2.92705E-1 4.53232E-1 3.83529E-1 2.83857E-1 3.21801E-1 3.43052E-1 4.03389E-1 -9999 -9999 -9999 -9999 -9999 -9999 -9999 -9999 -9999 -9999 3.86266E-1 4.71959E-1 4.60366E-1 4.19364E-1 3.1555E-1 3.65285E-1 3.63396E-1 3.44127E-1 3.31E-1 3.54093E-1 2.94658E-1 2.95673E-1 3.2766E-1 3.62457E-1 3.30846E-1 3.08142E-1 2.89066E-1 2.6908E-1 2.62009E-1 1.34018E-1 2.9874E-1 3.33163E-1 3.45426E-1 3.73788E-1
4.94812E-1 4.64704E-1 4.67879E-1 4.49634E-1 3.01486E-1 1.75312E-1 -9999 -9999 -9999 -9999 -9999 -9999 -9999 -9999 -9999 -9999 3.5138E-1 2.72463E-1 3.06566E-1 3.23274E-1 4.34431E-1 3.11917E-1 3.74126E-1 3.63271E-1 3.76369E-1 4.28226E-1 -9999 -9999 -9999 -9999 -9999 -9999 -9999 -9999 -9999 -9999 3.4288E-1 4.55422E-1 4.33997E-1 3.85881E-1 2.75972E-1 2.81601E-1 3.13342E-1 3.2302E-1 3.12635E-1 3.49081E-1 2.75182E-1 2.86918E-1 3.15812E-1 3.40226E-1 3.54515E-1 3.35495E-1 1.86492E-1 3.07776E-1 1.14032E-1 3.26748E-1 3.16395E-1 2.90214E-1 3.22958E-1 3.66671E-1
4.9678E-1 4.05326E-1 4.53085E-1 4.59699E-1 3.99565E-1 -9999 -9999 -9999 -9999 -9999 -9999 -9999 -9999 -9999 -9999 -9999 -9999 3.34799E-1 3.34234E-1 3.48496E-1 3.9348E-1 2.06045E-1 4.02501E-1 4.11958E-1 4.15335E-1 4.50683E-1 -9999 -9999 -9999 -9999 -9999 -9999 -9999 -9999 -9999 -9999 2.73341E-1 4.56533E-1 4.28482E-1 3.78359E-1 2.64089E-1 2.43755E-1 2.33656E-1 2.39522E-1 2.96735E-1 3.42585E-1 2.70998E-1 2.75342E-1 3.02445E-1 3.05653E-1 3.38943E-1 3.77818E-1 4.44052E-1 1.9469E-1 4.32E-1 4.0371E-1 3.40076E-1 3.04857E-1 3.02819E-1 3.37361E-1
4.63052E-1 4.15118E-1 4.14972E-1 -9999 -9999 -9999 -9999 -9999 -9999 -9999 -9999 -9999 -9999 -9999 -9999 -9999 -9999 3.84026E-1 3.85719E-1 3.95787E-1 4.04725E-1 3.87104E-1 -9999 -9999 -9999 -9999 -9999 -9999 -9999 -9999 -9999 -9999 -9999 -9999 -9999 -9999 6.80702E-1 6.75354E-1 6.5639E-1 5.48108E-1 3.02054E-1 2.72635E-1 2.616E-1 2.38968E-1 1.67156E-1 3.37796E-1 2.44456E-1 2.61654E-1 2.95805E-1 2.99906E-1 3.42021E-1 3.6582E-1 4.57018E-1 2.94249E-1 4.39969E-1 2.99572E-1 2.48648E-1 2.15462E-1 2.02876E-1 2.43978E-1
4.3569E-1 3.12962E-1 3.46794E-1 -9999 -9999 -9999 -9999 -9999 -9999 -9999 -9999 -9999 -9999 -9999 -9999 -9999 -9999 4.17679E-1 4.28137E-1 4.30122E-1 5.05476E-1 4.1574E-1 -9999 -9999 -9999 -9999 -9999 -9999 -9999 -9999 -9999 -9999 -9999 -9999 -9999 -9999 -9999 5.9499E-1 7.50218E-1 6.32741E-1 3.7202E-1 3.44751E-1 2.92333E-1 2.74054E-1 1.01338E-1 3.30248E-1 2.22884E-1 2.84737E-1 2.25614E-1 1.98699E-1 8.71919E-2 2.82222E-1 2.54348E-1 2.76179E-1 1.37889E-1 2.44771E-1 2.27034E-1 1.95432E-1 1.64741E-1 1.78126E-1
3.31431E-1 2.62952E-1 2.47336E-1 2.85818E-1 -9999 -9999 -9999 -9999 -9999 -9999 -9999 -9999 -9999 -9999 -9999 -9999 3.60093E-1 4.54678E-1 4.69088E-1 4.68924E-1 5.54263E-1 5.03443E-1 5.09561E-1 5.43177E-1 -9999 -9999 -9999 -9999 -9999 -9999 -9999 -9999 -9999 -9999 -9999 -9999 -9999 6.89919E-1 7.54414E-1 6.88419E-1 4.42814E-1 2.40093E-1 2.11679E-1 3.43701E-1 1.751E-1 3.47744E-1 2.4086E-1 1.66971E-1 2.74661E-1 2.15331E-1 1.92057E-1 2.20665E-1 2.19312E-1 2.55771E-1 2.66115E-1 2.3338E-1 2.28177E-1 2.25694E-1 2.1306E-1 2.12544E-1
2.68207E-1 3.81052E-1 2.42847E-1 3.1373E-1 2.48837E-1 -9999 -9999 -9999 -9999 -9999 -9999 -9999 -9999 -9999 -9999 5.0512E-1 4.57106E-1 4.96431E-1 5.13162E-1 5.15756E-1 5.69627E-1 6.16521E-1 5.97647E-1 -9999 -9999 -9999 -9999 5.77943E-1 5.72028E-1 5.79921E-1 -9999 -9999 -9999 -9999 -9999 -9999 -9999 6.82495E-1 5.42525E-1 6.46354E-1 4.20196E-1 4.35652E-1 4.15723E-1 3.96965E-1 2.80696E-1 3.54297E-1 3.37752E-1 3.3439E-1 2.28456E-1 2.09174E-1 2.10535E-1 2.40684E-1 2.86156E-1 3.08113E-1 3.16085E-1 2.67312E-1 2.53728E-1 2.38239E-1 2.06114E-1 2.06389E-1
2.59526E-1 4.22558E-1 2.36959E-1 2.84054E-1 2.55982E-1 2.55734E-1 2.5612E-1 3.96893E-1 2.73445E-1 -9999 3.7724E-1 3.27689E-1 3.21873E-1 2.86076E-1 3.7696E-1 4.70018E-1 4.52158E-1 5.70051E-1 5.9664E-1 6.08761E-1 6.34949E-1 3.55759E-1 6.55421E-1 -9999 -9999 -9999 4.7043E-1 5.76253E-1 5.90033E-1 6.12104E-1 6.88895E-1 6.63251E-1 6.51213E-1 -9999 -9999 -9999 6.55609E-1 6.16352E-1 6.56925E-1 4.77139E-1 3.77531E-1 3.53392E-1 3.39488E-1 3.38873E-1 3.91375E-1 3.94422E-1 2.85534E-1 1.43131E-1 2.44424E-1 2.48104E-1 2.64499E-1 2.95089E-1 3.07316E-1 3.28845E-1 3.42464E-1 2.68921E-1 2.64915E-1 2.31707E-1 2.08632E-1 2.18716E-1
5.26607E-1 3.87466E-1 4.64422E-1 3.92171E-1 3.38664E-1 2.83033E-1 2.4346E-1 2.57894E-1 3.15898E-1 4.11042E-1 5.60506E-1 4.10574E-1 3.62927E-1 4.02373E-1 4.63543E-1 3.33215E-1 4.31111E-1 5.07543E-1 5.56462E-1 5.7739E-1 3.8992E-1 5.779E-1 6.07787E-1 6.07709E-1 6.01724E-1 5.35063E-1 5.81576E-1 5.98889E-1 5.75205E-1 5.64213E-1 5.90907E-1 5.96395E-1 5.60186E-1 5.44294E-1 5.07258E-1 4.30162E-1 4.25578E-1 4.47962E-1 4.30077E-1 4.49874E-1 2.32428E-1 4.64716E-1 4.60307E-1 4.50872E-1 4.45309E-1 2.64076E-1 2.6672E-1 2.75752E-1 2.19466E-1 2.3644E-1 2.08026E-1 2.25894E-1 2.49783E-1 2.65204E-1 2.64711E-1 2.61322E-1 2.47412E-1 2.11548E-1 2.0127E-1 2.58733E-1
5.04431E-1 4.24113E-1 3.83036E-1 5.53846E-1 3.62771E-1 3.12295E-1 2.57445E-1 2.98398E-1 3.58326E-1 4.09259E-1 3.63639E-1 5.16765E-1 4.66057E-1 3.04385E-1 3.08808E-1 3.14388E-1 3.79205E-1 4.12528E-1 4.84955E-1 5.39784E-1 5.63335E-1 5.81401E-1 5.98988E-1 3.99007E-1 6.02179E-1 5.35433E-1 5.58021E-1 5.92033E-1 5.8583E-1 5.36493E-1 6.03023E-1 5.81994E-1 5.70977E-1 5.82904E-1 5.34121E-1 3.79781E-1 4.67121E-1 3.74743E-1 3.97862E-1 4.17576E-1 4.10127E-1 4.43239E-1 4.3448E-1 3.98223E-1 3.65464E-1 2.44401E-1 2.54883E-1 2.01574E-1 2.21918E-1 2.42501E-1 2.13064E-1 2.26269E-1 2.50227E-1 2.63035E-1 2.50307E-1 1.5738E-1 2.69565E-1 2.22542E-1 2.87433E-1 2.82807E-1
5.64044E-1 5.26043E-1 5.20103E-1 3.58219E-1 4.96942E-1 3.74796E-1 3.19733E-1 3.46539E-1 3.53962E-1 3.70718E-1 2.97245E-1 3.25007E-1 2.8069E-1 2.62563E-1 3.09103E-1 3.06361E-1 3.66715E-1 4.07293E-1 4.58494E-1 4.92947E-1 5.14416E-1 5.34172E-1 5.85479E-1 3.88186E-1 5.17334E-1 2.63116E-1 3.40641E-1 6.05827E-1 5.76812E-1 5.10707E-1 5.89564E-1 5.56196E-1 5.8306E-1 5.89353E-1 5.44508E-1 3.9239E-1 3.23383E-1 4.38987E-1 3.69336E-1 3.78782E-1 3.76082E-1 4.3111E-1 4.43252E-1 4.10247E-1 3.62533E-1 3.3414E-1 3.55059E-1 2.16803E-1 2.32664E-1 2.4308E-1 2.10956E-1 2.34215E-1 2.51582E-1 2.62556E-1 2.57933E-1 2.07786E-1 3.09218E-1 2.48613E-1 3.13473E-1 2.1909E-1
5.89293E-1 4.94465E-1 5.12287E-1 6.01608E-1 5.49787E-1 4.5482E-1 3.8956E-1 3.95662E-1 3.98345E-1 4.18728E-1 3.68456E-1 3.43645E-1 3.36462E-1 3.16695E-1 3.25464E-1 2.98665E-1 3.29562E-1 3.55695E-1 3.98391E-1 4.31606E-1 4.56566E-1 5.10064E-1 5.20085E-1 4.30037E-1 4.79625E-1 5.67079E-1 5.97637E-1 6.04424E-1 5.7975E-1 5.08649E-1 5.93936E-1 5.88088E-1 6.05282E-1 5.96529E-1 5.34309E-1 4.04926E-1 4.41182E-1 4.24312E-1 3.37161E-1 3.49063E-1 3.67168E-1 4.14017E-1 4.30501E-1 4.15963E-1 3.84059E-1 3.17701E-1 2.67975E-1 2.45412E-1 2.40668E-1 2.43679E-1 2.14448E-1 2.3E-1 2.42111E-1 2.60321E-1 2.64401E-1 2.78886E-1 3.21672E-1 3.49773E-1 3.23041E-1 2.09874E-1
5.78543E-1 5.8727E-1 4.95335E-1 5.66872E-1 3.75165E-1 5.18218E-1 4.432E-1 4.11525E-1 4.11778E-1 3.98152E-1 3.04912E-1 3.67122E-1 3.85346E-1 3.45976E-1 3.42399E-1 2.81234E-1 3.00119E-1 2.86785E-1 2.98857E-1 3.54465E-1 3.88724E-1 4.66261E-1 4.64178E-1 4.40226E-1 4.69121E-1 5.07231E-1 4.87108E-1 4.75689E-1 2.75682E-1 5.2435E-1 6.01451E-1 6.06471E-1 6.16595E-1 6.0952E-1 5.38028E-1 4.00654E-1 3.93333E-1 4.11971E-1 3.35627E-1 3.33683E-1 3.47963E-1 3.96597E-1 2.65967E-1 4.27318E-1 3.8223E-1 2.93038E-1 2.79121E-1 2.54203E-1 2.29662E-1 2.32673E-1 2.07734E-1 2.19991E-1 2.37519E-1 2.58566E-1 2.63169E-1 2.78786E-1 2.84144E-1 3.51359E-1 3.13243E-1 2.21258E-1
4.27613E-1 4.222E-1 4.18703E-1 3.95916E-1 3.89693E-1 2.98583E-1 4.4512E-1 3.76581E-1 4.04063E-1 4.28506E-1 3.98855E-1 3.98903E-1 3.81944E-1 3.55508E-1 3.22135E-1 2.83971E-1 2.95346E-1 3.25624E-1 3.59884E-1 3.76967E-1 4.04123E-1 3.05163E-1 4.51225E-1 4.16176E-1 4.20386E-1 3.08965E-1 2.78885E-1 2.6361E-1 1.68334E-1 3.69416E-1 4.32444E-1 4.2634E-1 4.31801E-1 4.33994E-1 4.17326E-1 3.59968E-1 3.43383E-1 3.58264E-1 3.41229E-1 3.07639E-1 3.66858E-1 4.16663E-1 4.68383E-1 4.72221E-1 4.35273E-1 7.73669E-2 1.95326E-1 1.80176E-1 1.55632E-1 1.70254E-1 2.39825E-1 2.57853E-1 2.79589E-1 2.92426E-1 1.98001E-1 3.21776E-1 3.48477E-1 4.14434E-1 3.91953E-1 2.69412E-1
4.42691E-1 3.34024E-1 3.25383E-1 4.14486E-1 3.75714E-1 4.292E-1 3.97289E-1 3.93011E-1 4.1603E-1 4.23758E-1 3.88695E-1 3.83461E-1 3.68105E-1 3.54882E-1 3.23168E-1 2.77783E-1 3.03907E-1 3.38342E-1 3.68853E-1 3.99056E-1 4.20232E-1 3.61591E-1 4.42434E-1 4.14693E-1 3.96757E-1 2.84694E-1 2.77051E-1 2.82062E-1 1.12587E-1 4.02185E-1 4.49472E-1 4.2314E-1 4.42045E-1 4.38376E-1 4.41464E-1 3.88693E-1 2.28641E-1 3.58116E-1 3.19326E-1 3.12622E-1 3.70758E-1 4.20355E-1 4.68311E-1 4.80544E-1 4.27982E-1 1.80686E-1 1.32564E-1 1.90023E-1 1.56221E-1 1.59079E-1 2.30771E-1 2.64703E-1 2.67656E-1 2.8625E-1 1.74631E-1 3.1665E-1 3.2637E-1 4.31312E-1 2.17445E-1 2.16383E-1
5.01914E-1 5.48779E-1 5.08625E-1 4.24558E-1 3.65478E-1 3.90496E-1 4.1859E-1 3.98101E-1 4.58741E-1 2.63315E-1 4.3167E-1 4.0523E-1 3.79105E-1 3.72781E-1 3.62868E-1 3.30054E-1 3.4553E-1 3.77877E-1 4.10483E-1 4.20607E-1 4.33759E-1 2.96605E-1 4.61206E-1 4.52611E-1 4.78021E-1 3.4391E-1 3.20837E-1 3.33668E-1 4.32918E-1 3.2145E-1 3.94051E-1 4.29067E-1 4.3302E-1 4.70203E-1 4.62239E-1 3.70538E-1 3.3531E-1 3.42397E-1 2.96596E-1 3.04991E-1 3.76462E-1 4.2526E-1 4.77257E-1 3.8311E-1 4.26559E-1 2.224E-1 7.69828E-2 1.80966E-1 1.54796E-1 1.53671E-1 2.65708E-1 3.04118E-1 2.67384E-1 2.82276E-1 3.07943E-1 3.14301E-1 3.40607E-1 4.26173E-1 3.53993E-1 2.64886E-1
5.30474E-1 5.21434E-1 4.10885E-1 3.71889E-1 3.19295E-1 3.33134E-1 3.99954E-1 4.1037E-1 3.97694E-1 4.7389E-1 4.22737E-1 4.05574E-1 3.81152E-1 3.64647E-1 3.72551E-1 3.84117E-1 3.81838E-1 4.14407E-1 4.54507E-1 4.59615E-1 4.64945E-1 4.48653E-1 4.48612E-1 4.73811E-1 5.42408E-1 4.49156E-1 4.48008E-1 4.12575E-1 3.66536E-1 3.60819E-1 4.77521E-1 4.64481E-1 4.81127E-1 4.39506E-1 3.71912E-1 3.05384E-1 2.9965E-1 3.01554E-1 2.69208E-1 2.74508E-1 3.55632E-1 4.13865E-1 4.61313E-1 2.79399E-1 4.49044E-1 2.50536E-1 5.94451E-2 1.29892E-1 1.52028E-1 1.63216E-1 3.29704E-1 3.02728E-1 2.78289E-1 3.01192E-1 3.07432E-1 3.24526E-1 3.25233E-1 3.52981E-1 2.84745E-1 2.15322E-1
4.4759E-1 3.8839E-1 3.70413E-1 3.2574E-1 2.81539E-1 3.05635E-1 3.71392E-1 4.92859E-1 4.93372E-1 4.70824E-1 4.33889E-1 4.30445E-1 4.18759E-1 4.20988E-1 4.2684E-1 4.58236E-1 4.51931E-1 4.50882E-1 4.9487E-1 4.98213E-1 4.71777E-1 4.52515E-1 4.29034E-1 4.1004E-1 4.39127E-1 2.38398E-1 4.75888E-1 3.65173E-1 3.79184E-1 4.31908E-1 4.98772E-1 4.34116E-1 3.53446E-1 3.28322E-1 2.92975E-1 2.32702E-1 2.72067E-1 2.57565E-1 2.57024E-1 2.47696E-1 3.38703E-1 3.87516E-1 4.48104E-1 4.92782E-1 3.09814E-1 2.62217E-1 6.42909E-2 2.15915E-1 1.88035E-1 2.01533E-1 2.34715E-1 3.8452E-1 2.98118E-1 3.07422E-1 3.04158E-1 3.25039E-1 3.06781E-1 2.93693E-1 2.65898E-1 2.24311E-1
3.80719E-1 3.17904E-1 2.58333E-1 2.3013E-1 2.22949E-1 3.36133E-1 3.97987E-1 4.49194E-1 3.9742E-1 4.35431E-1 4.30063E-1 4.409E-1 4.1587E-1 4.21267E-1 4.23911E-1 4.91406E-1 5.28945E-1 4.90312E-1 5.33853E-1 3.16054E-1 2.80675E-1 3.80468E-1 3.6767E-1 3.73953E-1 3.83408E-1 1.5456E-1 3.72681E-1 4.22465E-1 2.73622E-1 4.36204E-1 2.96424E-1 2.09414E-1 1.6628E-1 1.53074E-1 1.61518E-1 2.40378E-1 3.1113E-1 2.76555E-1 2.72774E-1 2.47408E-1 2.5571E-1 3.05121E-1 3.55525E-1 3.99627E-1 4.1806E-1 3.02624E-1 7.90661E-2 2.10542E-1 1.84869E-1 2.06959E-1 3.01927E-1 3.45007E-1 4.52277E-1 3.36715E-1 3.15417E-1 3.25075E-1 3.47042E-1 2.90841E-1 2.46179E-1 2.20746E-1
