Phytophthora/models/20240429_1812_56/Phytophthora_PA1_RUN7_MAXENT_outputs/Phytophthora_PA1_RUN7.asc
ncols         225
nrows         269
xllcorner     473000.0
yllcorner     4429100.0
cellsize      50.0
NODATA_value  -9999
[rows 81 to 107 of 269, columns 0 to 59 of 225]
-9999 -9999 -9999 -9999 -9999 -9999 -9999 -9999 -9999 -9999 -9999 -9999 -9999 -9999 -9999 -9999 -9999 -9999 -9999 -9999 -9999 -9999 -9999 -9999 -9999 -9999 -9999 -9999 -9999 -9999 -9999 -9999 1.2194E-2 1.06006E-2 1.20091E-2 1.20324E-2 1.57935E-2 2.30229E-2 2.94197E-2 3.57562E-2 4.40905E-2 4.00466E-2 4.75131E-2 4.82417E-2 4.40866E-2 3.78925E-2 4.44323E-2 4.9948E-2 3.78332E-2 7.68598E-2 5.86065E-2 6.79496E-2 5.68902E-2 6.13542E-2 3.04777E-2 9.84002E-2 8.86462E-2 6.17327E-2 1.03429E-1 7.74671E-2
-9999 -9999 -9999 -9999 -9999 -9999 -9999 -9999 -9999 -9999 -9999 -9999 -9999 -9999 -9999 -9999 -9999 -9999 -9999 -9999 -9999 -9999 -9999 -9999 -9999 -9999 -9999 -9999 -9999 -9999 -9999 -9999 1.45983E-2 1.6367E-2 1.57242E-2 1.4132E-2 1.8191E-2 2.37856E-2 2.79071E-2 3.25165E-2 2.94354E-2 4.12636E-2 4.54583E-2 5.38608E-2 5.01894E-2 4.18903E-2 4.7338E-2 5.46496E-2 5.73922E-2 6.62502E-2 8.21144E-2 8.25734E-2 7.32403E-2 7.88918E-2 8.59978E-2 8.38342E-2 5.28071E-2 9.05012E-2 8.76207E-2 9.53821E-2
-9999 -9999 -9999 -9999 -9999 -9999 -9999 -9999 -9999 -9999 -9999 -9999 -9999 -9999 -9999 -9999 -9999 -9999 -9999 -9999 -9999 -9999 -9999 -9999 -9999 -9999 -9999 -9999 -9999 -9999 -9999 -9999 1.77051E-2 2.06899E-2 1.96397E-2 1.76713E-2 1.75683E-2 2.41458E-2 2.85623E-2 3.1873E-2 3.61085E-2 3.65185E-2 3.90747E-2 6.48345E-2 5.17936E-2 4.83237E-2 4.68528E-2 5.87168E-2 5.96476E-2 6.53081E-2 6.90111E-2 8.41925E-2 8.41456E-2 8.10691E-2 9.08247E-2 1.37445E-1 4.49888E-2 9.71936E-2 7.89672E-2 9.22369E-2
-9999 -9999 -9999 -9999 -9999 -9999 -9999 -9999 -9999 -9999 -9999 -9999 -9999 -9999 -9999 -9999 -9999 -9999 -9999 -9999 -9999 -9999 -9999 -9999 -9999 -9999 -9999 -9999 -9999 -9999 -9999 -9999 -9999 2.39333E-2 2.77056E-2 2.89951E-2 2.75745E-2 3.00089E-2 3.36316E-2 3.74981E-2 4.37926E-2 5.44474E-2 8.05207E-2 7.67356E-2 6.00487E-2 5.18829E-2 5.13056E-2 6.76286E-2 7.98145E-2 7.56031E-2 6.30132E-2 7.54351E-2 7.80153E-2 8.63938E-2 1.03388E-1 1.53403E-1 9.51215E-2 1.27109E-1 8.1291E-2 8.83295E-2
-9999 -9999 -9999 -9999 -9999 -9999 -9999 -9999 -9999 -9999 -9999 -9999 -9999 -9999 -9999 -9999 -9999 -9999 -9999 -9999 -9999 -9999 -9999 -9999 -9999 -9999 -9999 -9999 -9999 -9999 -9999 -9999 -9999 2.86006E-2 3.41678E-2 4.09261E-2 5.0869E-2 4.76956E-2 4.7175E-2 4.75255E-2 6.12829E-2 6.22659E-2 7.04347E-2 7.1726E-2 6.8897E-2 2.3901E-2 5.53435E-2 6.4121E-2 1.08816E-1 1.08489E-1 5.18751E-2 6.87206E-2 6.36584E-2 7.92365E-2 1.16995E-1 1.71474E-1 8.35093E-2 9.51083E-2 8.78403E-2 9.16776E-2
-9999 -9999 -9999 -9999 -9999 -9999 -9999 -9999 -9999 -9999 -9999 -9999 -9999 -9999 -9999 -9999 -9999 -9999 -9999 -9999 -9999 -9999 -9999 -9999 -9999 -9999 -9999 -9999 -9999 -9999 -9999 -9999 -9999 -9999 1.26323E-1 5.17784E-2 4.27532E-2 4.79983E-2 4.59133E-2 5.24186E-2 4.99781E-2 4.54853E-2 4.77667E-2 5.01486E-2 5.95585E-2 6.62056E-2 6.25845E-2 7.03769E-2 1.03488E-1 1.17973E-1 7.88671E-2 3.60415E-2 6.99924E-2 7.41731E-2 1.10103E-1 9.24453E-2 5.79174E-2 8.18853E-2 7.33383E-2 6.76099E-2
-9999 -9999 -9999 -9999 -9999 -9999 -9999 -9999 -9999 -9999 -9999 -9999 -9999 -9999 -9999 -9999 -9999 -9999 -9999 -9999 -9999 -9999 -9999 -9999 -9999 -9999 -9999 -9999 -9999 -9999 -9999 -9999 -9999 -9999 8.18489E-2 4.53965E-2 5.28341E-2 4.95886E-2 7.75423E-2 6.10852E-2 5.06945E-2 5.21257E-2 5.12325E-2 5.20541E-2 6.50594E-2 6.96042E-2 4.25652E-2 6.9112E-2 6.8294E-2 1.05346E-1 6.71726E-2 7.44093E-2 4.12585E-2 7.35278E-2 1.14037E-1 1.23389E-1 9.23002E-2 5.95167E-2 8.45862E-2 7.71627E-2
-9999 -9999 -9999 -9999 -9999 -9999 -9999 -9999 -9999 -9999 -9999 -9999 -9999 -9999 -9999 -9999 -9999 -9999 -9999 -9999 -9999 -9999 -9999 -9999 -9999 -9999 -9999 -9999 -9999 -9999 -9999 -9999 -9999 -9999 9.04625E-2 5.16746E-2 5.6671E-2 6.52314E-2 6.16948E-2 6.32612E-2 5.98722E-2 6.27009E-2 6.411E-2 6.2199E-2 7.64817E-2 7.59836E-2 7.16823E-2 6.7385E-2 6.20649E-2 5.54262E-2 6.57932E-2 6.05802E-2 6.83472E-2 7.33571E-2 7.97723E-2 1.38777E-1 1.32061E-1 1.10637E-1 9.58655E-2 8.71992E-2
-9999 -9999 -9999 -9999 -9999 -9999 -9999 -9999 -9999 -9999 -9999 -9999 -9999 -9999 -9999 -9999 -9999 -9999 -9999 -9999 -9999 -9999 -9999 -9999 -9999 -9999 -9999 -9999 -9999 -9999 -9999 -9999 -9999 -9999 9.43838E-2 5.47036E-2 6.52173E-2 7.13298E-2 6.91279E-2 6.70813E-2 6.94236E-2 5.74366E-2 7.13157E-2 7.61798E-2 9.76654E-2 3.38463E-2 7.29959E-2 6.45642E-2 6.08789E-2 5.14608E-2 5.50933E-2 5.56996E-2 6.52628E-2 7.175E-2 1.0585E-1 1.3968E-1 1.06209E-1 5.02573E-2 8.12506E-2 8.5333E-2
-9999 -9999 -9999 -9999 -9999 -9999 -9999 -9999 -9999 -9999 -9999 -9999 -9999 -9999 -9999 -9999 -9999 -9999 -9999 -9999 -9999 -9999 -9999 -9999 -9999 -9999 -9999 -9999 -9999 -9999 -9999 -9999 -9999 -9999 9.86475E-2 6.0264E-2 6.94282E-2 8.14257E-2 7.78904E-2 6.69671E-2 8.02942E-2 5.91322E-2 7.98185E-2 8.63056E-2 1.21883E-1 8.27729E-2 7.57419E-2 6.40086E-2 5.6244E-2 5.57624E-2 5.08109E-2 5.14529E-2 5.79272E-2 6.75059E-2 8.7961E-2 1.26974E-1 1.32934E-1 9.03504E-2 7.89722E-2 9.14472E-2
-9999 -9999 -9999 -9999 -9999 -9999 -9999 -9999 -9999 -9999 -9999 -9999 -9999 -9999 -9999 -9999 -9999 -9999 -9999 -9999 -9999 -9999 -9999 -9999 -9999 -9999 -9999 -9999 -9999 -9999 -9999 -9999 -9999 7.51825E-2 8.49924E-2 5.53712E-2 6.84622E-2 7.4179E-2 7.10891E-2 6.29853E-2 6.6624E-2 9.93903E-2 8.555E-2 9.05026E-2 1.22964E-1 8.76051E-2 8.72551E-2 7.17013E-2 6.01628E-2 5.68599E-2 4.07116E-2 3.65307E-2 4.3283E-2 5.53164E-2 7.6872E-2 1.35203E-1 1.44047E-1 9.4625E-2 9.02698E-2 9.19175E-2
-9999 -9999 -9999 -9999 -9999 -9999 -9999 -9999 -9999 -9999 -9999 -9999 -9999 -9999 -9999 -9999 -9999 -9999 -9999 -9999 -9999 -9999 8.8833E-2 9.43056E-2 -9999 -9999 -9999 -9999 -9999 -9999 6.68889E-2 7.22641E-2 7.66414E-2 8.91513E-2 9.41759E-2 5.47571E-2 6.76856E-2 7.03152E-2 7.02377E-2 7.25385E-2 6.76211E-2 1.0088E-1 1.13185E-1 9.74075E-2 1.34918E-1 1.26395E-1 1.10155E-1 7.84072E-2 7.22622E-2 6.056E-2 4.56719E-2 4.13039E-2 4.70817E-2 7.33122E-2 9.6709E-2 8.64368E-2 6.91042E-2 9.18307E-2 9.02488E-2 6.8044E-2
-9999 -9999 -9999 -9999 -9999 -9999 -9999 -9999 -9999 -9999 -9999 -9999 -9999 -9999 -9999 -9999 -9999 -9999 9.7083E-3 2.31363E-2 7.59398E-2 8.81167E-2 9.5398E-2 1.05876E-1 9.83855E-2 4.05502E-2 7.19233E-2 3.43668E-2 2.84921E-2 3.92071E-2 8.6884E-2 9.49143E-2 9.72303E-2 9.10243E-2 8.84623E-2 5.60941E-2 6.67682E-2 7.49968E-2 8.20013E-2 7.39758E-2 7.07922E-2 9.4231E-2 1.36327E-1 9.89497E-2 6.7686E-2 1.46963E-1 1.37005E-1 1.03049E-1 8.86284E-2 6.85117E-2 5.34432E-2 3.67015E-2 4.35228E-2 4.38117E-2 3.14155E-2 -9999 5.83657E-2 8.22623E-2 8.22683E-2 9.04148E-2
-9999 -9999 -9999 -9999 -9999 -9999 -9999 -9999 -9999 -9999 -9999 -9999 -9999 -9999 -9999 -9999 -9999 1.18803E-2 1.10492E-2 2.19726E-2 7.06237E-2 8.61906E-2 9.62759E-2 1.08205E-1 1.08988E-1 2.10193E-2 1.90361E-2 3.04855E-2 3.03526E-2 4.60391E-2 1.13637E-1 1.22372E-1 1.251E-1 1.11242E-1 1.07107E-1 6.9518E-2 4.44203E-2 7.65657E-2 3.71432E-2 7.12112E-2 7.05471E-2 9.33961E-2 1.23829E-1 1.00755E-1 8.86769E-2 1.31369E-1 1.5136E-1 1.07775E-1 7.78796E-2 6.63183E-2 5.41743E-2 3.57374E-2 3.93793E-2 1.91887E-2 4.83287E-2 5.07248E-2 4.55095E-2 -9999 8.93732E-2 2.2169E-2
-9999 -9999 -9999 -9999 -9999 -9999 -9999 -9999 -9999 -9999 -9999 -9999 -9999 -9999 1.08539E-2 1.28764E-2 1.35847E-2 1.53066E-2 1.39379E-2 2.53126E-2 7.4339E-2 9.11883E-2 1.12003E-1 1.29252E-1 1.34054E-1 2.69258E-2 2.82893E-2 3.0764E-2 3.2856E-2 4.88924E-2 1.14967E-1 1.36745E-1 1.4546E-1 1.27672E-1 1.24119E-1 5.76066E-2 7.0541E-2 7.75973E-2 7.55158E-2 6.98428E-2 7.07877E-2 9.82388E-2 1.20248E-1 1.07472E-1 9.30199E-2 1.47935E-1 9.65802E-2 7.20247E-2 7.59686E-2 6.48772E-2 6.00604E-2 5.90934E-2 5.36309E-2 5.31082E-2 5.18813E-2 5.30526E-2 4.59398E-2 3.18909E-2 4.24173E-2 6.95735E-2
-9999 -9999 -9999 -9999 -9999 -9999 -9999 -9999 -9999 -9999 -9999 -9999 2.63967E-2 3.18194E-2 4.29433E-2 6.259E-2 6.78205E-2 7.59894E-2 7.78924E-2 7.38038E-2 4.98093E-2 5.27602E-2 6.24283E-2 7.34609E-2 8.33339E-2 8.91791E-2 9.28916E-2 9.47802E-2 9.31233E-2 9.80941E-2 1.23544E-1 1.42414E-1 1.46083E-1 1.33064E-1 1.44489E-1 7.46421E-2 1.59506E-1 1.60502E-1 1.5318E-1 1.46542E-1 1.88946E-1 2.7271E-1 2.92241E-1 1.78651E-1 2.26742E-1 1.74147E-1 1.53892E-1 1.45404E-1 1.36031E-1 1.22929E-1 1.33287E-1 1.45817E-1 1.39211E-1 1.40193E-1 1.28371E-1 8.7911E-2 5.91391E-2 5.76929E-2 6.42726E-2 1.03276E-1
-9999 -9999 -9999 -9999 -9999 -9999 -9999 -9999 -9999 -9999 -9999 2.97055E-2 3.56471E-2 4.86802E-2 6.35528E-2 9.26849E-2 1.07216E-1 1.14591E-1 1.12814E-1 1.01825E-1 7.43658E-2 6.70003E-2 7.08405E-2 8.02014E-2 8.88564E-2 9.3322E-2 1.05688E-1 1.19299E-1 1.23863E-1 1.25868E-1 1.4269E-1 1.5396E-1 1.64519E-1 1.50009E-1 1.4759E-1 8.66747E-2 1.44275E-1 1.56529E-1 1.58359E-1 1.74521E-1 2.39542E-1 1.55766E-1 3.16269E-1 3.08456E-1 2.19266E-1 1.97573E-1 1.76505E-1 1.44412E-1 1.28574E-1 1.21288E-1 1.3934E-1 1.40199E-1 1.26113E-1 1.28942E-1 1.28422E-1 1.16429E-1 8.61895E-2 7.92223E-2 7.99097E-2 9.58652E-2
-9999 -9999 -9999 -9999 -9999 -9999 -9999 -9999 -9999 -9999 -9999 3.99259E-2 4.91521E-2 6.38895E-2 8.12784E-2 1.2136E-1 1.41969E-1 1.39526E-1 1.32053E-1 1.17015E-1 8.52792E-2 7.84515E-2 6.96536E-2 7.79115E-2 8.58983E-2 9.22454E-2 1.04561E-1 1.26389E-1 1.42975E-1 1.48369E-1 1.60662E-1 1.57638E-1 1.62296E-1 9.49407E-2 1.51584E-1 1.54532E-1 1.52818E-1 1.15201E-1 1.57766E-1 1.74629E-1 2.46948E-1 2.91832E-1 2.89876E-1 2.63182E-1 2.41214E-1 2.18467E-1 1.44866E-1 1.26917E-1 1.2429E-1 1.41583E-1 1.84264E-1 1.57064E-1 1.35191E-1 1.43907E-1 1.47033E-1 1.31217E-1 1.44062E-1 1.25921E-1 9.97543E-2 1.02598E-1
-9999 -9999 -9999 -9999 -9999 -9999 -9999 -9999 -9999 -9999 -9999 4.77424E-2 5.89821E-2 6.80671E-2 8.38065E-2 1.24828E-1 1.54056E-1 1.5784E-1 1.45626E-1 1.35645E-1 1.02957E-1 8.83037E-2 7.86847E-2 7.91909E-2 8.8155E-2 9.47894E-2 1.18025E-1 1.53795E-1 1.72268E-1 1.74176E-1 2.11102E-1 1.86877E-1 1.62179E-1 1.57358E-1 9.2605E-2 1.60272E-1 1.58953E-1 9.1027E-2 1.76714E-1 1.8583E-1 2.19465E-1 2.62649E-1 2.61798E-1 2.64987E-1 1.05272E-1 1.62217E-1 1.22179E-1 1.20686E-1 1.35061E-1 1.47671E-1 1.7986E-1 1.18151E-1 1.48835E-1 1.64472E-1 1.77671E-1 1.50485E-1 1.33445E-1 1.17706E-1 1.1167E-1 1.17389E-1
-9999 -9999 -9999 -9999 -9999 -9999 -9999 -9999 -9999 -9999 -9999 4.98086E-2 6.02146E-2 6.88549E-2 9.04502E-2 1.43454E-1 1.65792E-1 1.06725E-1 1.80336E-1 1.56349E-1 1.11915E-1 9.88002E-2 8.90116E-2 8.29838E-2 8.41051E-2 9.48512E-2 1.36246E-1 1.62839E-1 1.72311E-1 1.78346E-1 1.96832E-1 1.89046E-1 1.47977E-1 1.55011E-1 1.67661E-1 1.49477E-1 1.51207E-1 1.66106E-1 1.68267E-1 1.73947E-1 1.93571E-1 2.76051E-1 2.83225E-1 1.10566E-1 2.33736E-1 1.41377E-1 1.28468E-1 1.1564E-1 1.27248E-1 1.36892E-1 1.44619E-1 1.46931E-1 1.46939E-1 1.54766E-1 1.91978E-1 1.33639E-1 1.37244E-1 1.30143E-1 1.27111E-1 1.29922E-1
-9999 -9999 -9999 -9999 -9999 -9999 -9999 -9999 -9999 -9999 -9999 6.50575E-2 7.7673E-2 9.95647E-2 1.43075E-1 2.04387E-1 2.34895E-1 1.46624E-1 2.48139E-1 2.09709E-1 1.78659E-1 1.57627E-1 1.36805E-1 1.1365E-1 1.27739E-1 1.51396E-1 1.84456E-1 2.0184E-1 1.96041E-1 1.85746E-1 2.40302E-1 2.64492E-1 1.71822E-1 2.27203E-1 1.79431E-1 1.73066E-1 1.92529E-1 1.80292E-1 1.40145E-1 1.88434E-1 1.27351E-1 1.45095E-1 1.94161E-1 1.89462E-1 1.32579E-1 1.10314E-1 9.53303E-2 8.63895E-2 7.99723E-2 9.32275E-2 1.23285E-1 1.26774E-1 1.24063E-1 1.30218E-1 1.8713E-1 1.4614E-1 1.32803E-1 1.34385E-1 1.35221E-1 1.26501E-1
-9999 -9999 -9999 -9999 -9999 -9999 -9999 -9999 -9999 -9999 -9999 7.35408E-2 9.97151E-2 1.46857E-1 1.63936E-1 2.18304E-1 2.51014E-1 2.69487E-1 3.11505E-1 2.88782E-1 2.12835E-1 1.64581E-1 1.45557E-1 1.25749E-1 1.22785E-1 1.56358E-1 1.7207E-1 1.85961E-1 1.54415E-1 2.15857E-1 2.88678E-1 2.59856E-1 2.52881E-1 2.18298E-1 1.71948E-1 1.7386E-1 1.99818E-1 1.91628E-1 2.10332E-1 1.94897E-1 1.29615E-1 1.34591E-1 1.11238E-1 1.63538E-1 3.63975E-2 1.1859E-1 1.06794E-1 9.17411E-2 8.19661E-2 8.98649E-2 1.16982E-1 1.14688E-1 1.10584E-1 1.18114E-1 1.82474E-1 1.34742E-1 1.27306E-1 1.05082E-1 9.96742E-2 1.43921E-1
-9999 -9999 -9999 -9999 -9999 -9999 -9999 -9999 -9999 -9999 -9999 8.11416E-2 1.4151E-1 1.61622E-1 1.68583E-1 2.22386E-1 2.56833E-1 3.15202E-1 3.37553E-1 2.47831E-1 1.79195E-1 1.57669E-1 1.44231E-1 1.22805E-1 1.40013E-1 1.77781E-1 1.92298E-1 2.02194E-1 2.07749E-1 2.47086E-1 2.75274E-1 2.07596E-1 2.0486E-1 2.0785E-1 1.73699E-1 2.07035E-1 2.43005E-1 2.31708E-1 2.06825E-1 1.62187E-1 1.05531E-1 1.09131E-1 9.15515E-2 1.16792E-1 1.21885E-1 7.44636E-2 1.27228E-1 1.06813E-1 9.53821E-2 9.7754E-2 1.06802E-1 1.03547E-1 9.88864E-2 1.02676E-1 1.69366E-1 1.65252E-1 1.19955E-1 1.2454E-1 1.37852E-1 1.42365E-1
-9999 -9999 -9999 -9999 -9999 -9999 -9999 -9999 -9999 -9999 -9999 7.06532E-2 7.88785E-2 8.77003E-2 1.62481E-1 2.09579E-1 1.85111E-1 3.06149E-1 2.31201E-1 2.08489E-1 1.73824E-1 1.6369E-1 1.46321E-1 1.37205E-1 2.13213E-1 2.03955E-1 2.18301E-1 2.17689E-1 1.89691E-1 1.96007E-1 2.44009E-1 2.38822E-1 2.05717E-1 1.85769E-1 1.64598E-1 1.84201E-1 2.1622E-1 2.31381E-1 2.23941E-1 1.58278E-1 8.91633E-2 9.02022E-2 7.88092E-2 9.95277E-2 1.073E-1 1.44256E-1 1.54376E-1 1.16734E-1 1.20664E-1 9.98215E-2 9.68431E-2 9.27876E-2 9.40759E-2 9.14403E-2 1.36762E-1 1.50171E-1 1.15586E-1 1.02476E-1 1.13756E-1 1.20155E-1
-9999 -9999 -9999 -9999 -9999 -9999 -9999 -9999 -9999 -9999 -9999 9.14966E-2 1.1113E-1 1.05761E-1 1.32721E-1 2.13115E-1 2.26028E-1 2.20538E-1 1.97724E-1 1.90805E-1 1.56424E-1 1.56127E-1 1.50206E-1 1.51348E-1 2.44321E-1 2.27086E-1 1.75351E-1 1.68683E-1 1.73782E-1 2.00331E-1 1.21086E-1 2.22782E-1 1.92266E-1 1.67069E-1 1.49509E-1 1.48205E-1 1.64263E-1 1.90584E-1 2.01262E-1 1.65453E-1 9.40069E-2 8.61237E-2 8.10973E-2 9.30919E-2 1.19035E-1 1.06243E-1 3.13694E-2 9.75117E-2 1.0242E-1 9.44064E-2 1.05818E-1 9.69701E-2 9.92679E-2 8.33838E-2 1.41514E-1 1.38197E-1 9.12551E-2 8.79212E-2 9.49771E-2 1.01289E-1
-9999 -9999 -9999 -9999 -9999 -9999 -9999 -9999 -9999 -9999 -9999 1.26389E-1 1.54898E-1 1.76064E-1 1.92226E-1 1.76955E-1 1.73988E-1 1.68148E-1 1.52439E-1 1.40901E-1 1.55865E-1 1.85148E-1 1.67993E-1 2.57647E-1 2.74899E-1 2.34121E-1 1.89569E-1 2.00857E-1 2.00027E-1 1.96932E-1 1.88488E-1 1.69833E-1 1.5032E-1 1.23817E-1 1.0151E-1 7.23603E-2 8.92625E-2 1.04624E-1 1.18119E-1 1.03809E-1 6.16283E-2 5.61786E-2 5.1199E-2 6.18624E-2 6.57809E-2 1.07534E-1 1.04729E-1 -9999 9.1136E-2 1.00258E-1 8.19828E-2 7.63055E-2 6.85844E-2 6.45556E-2 1.08378E-1 1.22755E-1 1.01054E-1 1.0212E-1 1.10212E-1 1.14109E-1
-9999 -9999 -9999 -9999 -9999 -9999 -9999 -9999 -9999 -9999 -9999 1.58355E-1 1.86606E-1 1.97995E-1 2.02323E-1 1.70573E-1 1.73534E-1 1.51546E-1 1.36944E-1 1.3901E-1 1.78E-1 2.10205E-1 2.34301E-1 1.19534E-1 2.94315E-1 2.09636E-1 9.64495E-2 1.96518E-1 1.79286E-1 1.69243E-1 1.68818E-1 1.52938E-1 1.34115E-1 1.14181E-1 1.03976E-1 7.36086E-2 9.61342E-2 1.00781E-1 1.02938E-1 9.98424E-2 6.04716E-2 5.84662E-2 5.79023E-2 6.7668E-2 7.00804E-2 8.91018E-2 8.74096E-2 1.07603E-1 5.54564E-2 1.04529E-1 9.19338E-2 8.53487E-2 7.57744E-2 1.10699E-1 1.16876E-1 9.26153E-2 8.87138E-2 1.05892E-1 1.14541E-1 1.33597E-1
