Phytophthora/models/20240429_1812_56/Phytophthora_PA1_RUN10_MAXENT_outputs/Phytophthora_PA1_RUN10.asc
ncols         225
nrows         269
xllcorner     473000.0
yllcorner     4429100.0
cellsize      50.0
NODATA_value  -9999
[rows 162 to 188 of 269, columns 120 to 179 of 225]
7.79218E-2 3.42994E-1 2.26374E-1 2.36358E-1 2.72668E-1 2.70839E-1 3.15124E-1 3.76309E-1 1.09151E-1 1.41321E-1 8.01426E-2 4.3492E-1 3.72299E-1 3.68982E-1 3.69812E-1 5.03625E-1 5.3409E-1 5.91216E-1 4.89862E-1 4.42134E-1 3.12876E-1 2.67288E-1 2.61127E-1 2.25467E-1 2.88156E-1 1.68321E-1 2.10557E-1 2.36957E-1 2.85475E-1 2.73714E-1 1.92425E-1 1.35759E-1 9.88841E-2 9.26708E-2 1.19402E-1 1.90528E-1 2.04658E-1 2.0128E-1 1.80728E-1 1.78283E-1 1.88894E-1 2.44732E-1 3.13479E-1 3.83222E-1 3.68537E-1 9.70387E-2 2.41227E-1 1.89207E-1 1.47179E-1 1.50599E-1 2.39932E-1 2.36769E-1 3.42396E-1 2.6668E-1 2.13348E-1 1.45585E-1 2.83726E-1 2.79888E-1 2.74825E-1 1.89802E-1
2.94569E-1 3.44519E-1 3.48319E-1 2.91637E-1 2.06686E-1 2.96692E-1 3.12353E-1 3.49845E-1 3.72812E-1 4.16208E-1 3.80561E-1 1.84553E-1 3.72727E-1 3.37251E-1 3.06095E-1 4.15334E-1 5.43514E-1 5.52928E-1 3.19289E-2 4.13208E-1 2.50175E-1 1.39621E-1 4.22141E-1 1.36748E-1 1.27844E-1 1.59483E-1 1.90632E-1 1.88369E-1 1.88436E-1 1.97405E-1 1.49571E-1 1.17384E-1 1.09539E-1 1.50936E-1 1.39659E-1 1.76055E-1 1.80585E-1 1.77043E-1 1.76181E-1 1.82286E-1 1.92864E-1 2.51693E-1 3.22521E-1 1.38821E-1 2.69112E-1 2.75554E-1 1.4583E-1 2.48583E-1 1.85604E-1 3.29723E-2 9.2539E-2 1.54691E-1 5.12714E-2 2.51834E-1 1.12897E-1 3.23139E-1 2.73194E-1 2.46302E-1 2.72623E-1 2.85478E-1
3.67931E-1 3.21315E-1 2.80614E-1 2.73436E-1 2.07866E-1 3.05474E-1 3.35381E-1 3.44725E-1 3.32243E-1 3.74356E-1 4.29425E-1 1.27288E-1 4.27711E-1 3.6153E-1 3.00283E-1 3.41058E-1 3.29126E-1 5.30486E-1 3.61102E-1 2.52916E-1 2.16587E-1 1.86426E-1 2.38181E-1 1.40093E-1 2.29381E-1 1.88734E-1 1.77372E-1 1.69139E-1 1.58834E-1 9.17184E-2 1.32701E-1 1.20573E-1 1.4023E-1 1.52978E-1 1.61617E-1 2.12136E-1 2.09701E-1 2.03715E-1 2.08923E-1 1.86923E-1 1.77919E-1 2.27599E-1 2.83052E-1 3.23659E-1 3.63302E-1 1.03234E-1 1.83386E-1 2.31153E-1 1.8427E-1 1.24201E-1 1.53036E-1 2.60895E-1 2.4881E-1 3.46471E-1 3.02681E-1 3.11839E-1 3.20005E-1 3.00572E-1 2.76116E-1 3.006E-1
4.24621E-1 3.25707E-1 2.64338E-1 2.7584E-1 2.00157E-1 2.30213E-1 2.64145E-1 2.8762E-1 2.86741E-1 3.59142E-1 4.77595E-1 1.86782E-1 5.63665E-1 5.49113E-1 2.87032E-1 1.56926E-1 2.49777E-1 3.37066E-1 2.50768E-1 1.31688E-1 2.52818E-1 2.42556E-1 1.96863E-1 2.25379E-1 2.53836E-1 2.00169E-1 1.77895E-1 1.61564E-1 1.715E-1 8.6459E-2 1.22202E-1 1.31777E-1 1.56023E-1 1.70919E-1 2.24917E-1 2.89138E-1 2.95633E-1 2.5254E-1 2.35842E-1 2.20522E-1 1.67042E-1 2.01169E-1 2.47655E-1 2.78366E-1 3.0823E-1 2.91365E-1 1.60763E-1 2.62771E-1 1.77927E-1 1.56556E-1 1.87091E-1 2.58373E-1 1.97445E-1 4.60303E-1 2.0606E-1 3.59651E-1 3.49663E-1 3.56421E-1 3.61084E-1 3.39657E-1
4.75912E-1 3.08411E-1 2.40549E-1 2.30151E-1 1.93539E-1 2.33974E-1 2.73034E-1 3.21372E-1 3.78777E-1 4.26331E-1 4.95109E-1 2.79957E-1 6.7129E-1 6.03893E-1 5.74989E-1 3.36687E-1 3.60651E-1 4.30099E-1 3.85583E-1 4.25002E-1 2.14079E-1 4.59718E-1 4.31026E-1 4.47878E-1 4.40369E-1 4.02527E-1 4.18459E-1 4.81754E-1 5.27269E-1 2.49835E-1 3.54091E-1 2.09209E-1 2.38137E-1 3.04745E-1 3.91309E-1 3.19155E-1 3.02893E-1 2.51519E-1 2.37009E-1 2.23216E-1 1.96034E-1 1.79045E-1 1.97841E-1 2.46838E-1 2.93306E-1 3.24162E-1 4.21538E-1 2.14559E-1 4.01576E-1 3.35979E-1 2.02705E-1 1.63851E-1 2.09906E-1 6.26485E-2 7.9758E-2 1.44577E-1 2.05593E-1 4.59685E-1 4.70761E-1 4.75366E-1
1.93484E-1 2.7748E-1 1.89709E-1 2.00169E-1 1.73307E-1 2.21298E-1 2.56839E-1 2.94135E-1 3.83756E-1 4.92595E-1 5.54879E-1 2.29625E-1 5.26159E-1 4.3203E-1 3.88237E-1 4.2355E-1 4.50889E-1 3.847E-1 1.92373E-1 2.9587E-1 5.29424E-1 3.62328E-1 2.65211E-1 2.89609E-1 5.23463E-1 5.40353E-1 4.49025E-1 4.54703E-1 4.82456E-1 5.23457E-1 3.12779E-1 2.36584E-1 3.00229E-1 4.85129E-1 4.93926E-1 4.28614E-1 3.62146E-1 3.02818E-1 2.73708E-1 2.50921E-1 2.2892E-1 2.18067E-1 2.07705E-1 2.36093E-1 1.13319E-1 4.52512E-1 3.96955E-1 2.57135E-1 8.15623E-2 1.15164E-1 1.21636E-1 1.48214E-1 1.24852E-1 1.4805E-1 1.63145E-1 1.67373E-1 5.30001E-2 2.09047E-1 1.21537E-1 3.11062E-1
2.4598E-1 1.86848E-1 2.05022E-1 1.77079E-1 1.73411E-1 2.3364E-1 2.91628E-1 2.69284E-1 3.20646E-1 3.81338E-1 4.66114E-1 2.98389E-1 4.73695E-1 4.79333E-1 2.06121E-1 1.98352E-1 2.93994E-1 4.75969E-1 4.54049E-1 4.4635E-1 4.23271E-1 4.44291E-1 4.50163E-1 3.36232E-1 2.56637E-1 3.85271E-1 6.23378E-1 6.07652E-1 5.48352E-1 4.27954E-1 4.28493E-1 3.23028E-1 1.66021E-1 5.52055E-1 5.30505E-1 1.01503E-1 1.11845E-1 1.34147E-1 1.34741E-1 2.94137E-1 2.58097E-1 2.41015E-1 2.21089E-1 2.128E-1 2.38313E-1 4.84465E-1 4.0595E-1 3.79251E-1 3.39681E-1 3.20145E-1 6.2868E-2 1.40971E-1 1.26598E-1 1.36568E-1 8.49262E-2 1.69829E-1 2.31513E-1 2.91747E-1 3.28834E-1 1.68119E-1
2.40165E-1 2.04126E-1 1.7091E-1 1.71408E-1 2.30751E-1 3.82053E-1 4.48606E-1 3.23941E-1 3.14098E-1 3.64697E-1 4.08388E-1 5.91985E-1 1.40118E-1 1.30939E-1 4.91115E-1 4.54897E-1 4.21663E-1 4.21708E-1 4.10088E-1 3.94216E-1 3.68929E-1 3.89389E-1 4.0308E-1 4.36196E-1 1.64102E-1 4.39007E-1 1.29399E-1 4.75886E-1 4.13017E-1 3.08049E-1 2.55572E-1 2.06578E-1 2.86846E-1 1.83142E-1 4.52261E-1 3.07968E-1 3.98178E-1 3.10468E-1 2.7407E-1 1.40327E-1 2.77372E-1 2.40894E-1 2.25642E-1 1.99586E-1 2.49003E-1 3.22165E-1 4.50404E-1 4.30427E-1 3.93099E-1 3.6302E-1 1.05822E-1 1.70145E-1 1.787E-1 4.6267E-2 1.82432E-1 2.41533E-1 2.82233E-1 3.04339E-1 3.1207E-1 3.35793E-1
2.26705E-1 2.08831E-1 1.79464E-1 1.33468E-1 1.41349E-1 2.44993E-1 4.3071E-1 1.92991E-1 5.17067E-1 3.72142E-1 3.72389E-1 5.84699E-1 5.34013E-1 4.31961E-1 4.22043E-1 3.962E-1 3.97008E-1 4.02009E-1 3.90987E-1 3.90022E-1 3.54648E-1 3.86936E-1 3.91458E-1 4.34741E-1 1.23084E-1 4.43172E-1 4.8307E-1 4.51359E-1 3.98222E-1 3.53494E-1 2.70327E-1 2.45429E-1 3.20204E-1 6.10337E-1 3.98548E-1 4.0418E-1 3.46352E-1 2.23117E-1 2.70807E-1 2.73476E-1 2.53917E-1 2.19049E-1 2.07127E-1 1.9314E-1 3.03604E-1 3.9755E-1 3.08163E-1 4.23065E-1 3.67049E-1 3.41848E-1 7.25294E-2 1.93145E-1 4.93486E-2 1.74241E-1 1.81993E-1 2.527E-1 2.40129E-1 2.13857E-1 3.842E-1 3.58273E-1
2.12623E-1 2.08012E-1 1.6233E-1 1.36037E-1 1.08344E-1 1.19983E-1 1.44432E-1 2.06646E-1 4.21663E-1 3.35184E-1 4.91736E-1 5.81989E-1 5.28726E-1 4.05732E-1 3.7038E-1 3.48658E-1 3.68441E-1 4.91931E-1 4.66284E-1 3.67101E-1 3.66677E-1 3.89125E-1 3.86796E-1 4.2152E-1 2.01863E-1 4.3136E-1 3.53285E-1 3.56737E-1 3.85478E-1 4.22975E-1 4.81057E-1 4.52577E-1 5.07357E-1 4.19774E-1 4.15083E-1 2.9492E-1 2.38833E-1 2.05651E-1 2.3232E-1 2.41252E-1 3.14477E-1 2.91838E-1 2.73851E-1 2.79257E-1 2.79941E-1 2.85173E-1 2.28789E-1 2.78279E-1 2.95351E-1 2.7011E-1 1.42229E-1 9.89478E-2 1.66814E-1 1.7735E-1 1.65715E-1 1.79037E-1 1.62075E-1 2.70998E-1 3.72928E-1 2.89703E-1
2.29163E-1 1.91434E-1 1.69809E-1 1.85084E-1 1.48347E-1 1.05648E-1 1.30119E-1 1.54815E-1 2.04856E-1 2.95758E-1 5.0085E-1 4.63128E-1 3.38457E-1 3.97984E-1 3.33788E-1 3.07574E-1 3.11764E-1 2.67752E-1 4.80169E-1 3.84617E-1 4.8201E-1 3.65171E-1 4.12071E-1 4.55462E-1 2.22641E-1 4.89874E-1 4.28098E-1 3.98532E-1 4.1542E-1 1.70344E-1 5.03339E-1 4.60309E-1 5.11503E-1 2.01403E-1 4.53123E-1 2.40678E-1 1.99082E-1 2.23222E-1 2.29018E-1 2.4409E-1 3.44642E-1 2.76195E-1 2.87136E-1 2.9469E-1 1.44316E-1 1.33559E-1 1.12914E-1 1.53306E-1 2.14593E-1 2.19299E-1 6.83012E-2 1.13359E-1 1.76865E-1 1.67456E-1 1.49142E-1 1.61112E-1 2.25337E-1 2.96868E-1 3.27006E-1 2.2269E-1
2.41227E-1 2.15342E-1 1.65637E-1 1.54498E-1 1.46672E-1 1.56336E-1 1.28808E-1 1.34488E-1 1.60325E-1 2.01317E-1 2.98212E-1 3.66472E-1 4.77339E-1 2.21454E-1 3.84794E-1 2.75531E-1 2.57979E-1 2.37803E-1 2.96229E-1 2.18725E-1 4.91041E-1 3.57456E-1 4.51542E-1 2.00107E-1 4.43397E-1 4.33343E-1 1.86998E-1 1.28227E-1 1.74543E-1 4.21992E-1 4.80872E-1 4.93907E-1 5.2791E-1 1.95546E-1 4.09196E-1 2.36725E-1 1.80775E-1 1.81238E-1 2.40307E-1 2.03964E-1 3.46445E-1 3.09997E-1 2.99682E-1 3.96391E-1 1.20174E-1 8.54861E-2 8.25183E-2 1.42985E-1 2.28484E-1 2.67888E-1 1.71724E-1 2.575E-1 2.13578E-1 1.6181E-1 1.56498E-1 3.07865E-1 2.66715E-1 2.49929E-1 2.88583E-1 2.05531E-1
2.41199E-1 2.59987E-1 1.95049E-1 1.47902E-1 1.32806E-1 1.28341E-1 1.5725E-1 1.37581E-1 1.46101E-1 1.59545E-1 2.36235E-1 2.59717E-1 2.84367E-1 4.35419E-1 1.4523E-1 3.57876E-1 2.17537E-1 2.34086E-1 2.53243E-1 5.02614E-1 3.11817E-1 3.68443E-1 4.84894E-1 1.92001E-1 4.26311E-1 6.0559E-1 4.76583E-1 3.98334E-1 3.80036E-1 4.14877E-1 4.75226E-1 5.57164E-1 3.23466E-1 5.88828E-1 3.70427E-1 2.01607E-1 1.77821E-1 1.8441E-1 2.76769E-1 2.5837E-1 3.76122E-1 3.59602E-1 3.3719E-1 3.97372E-1 3.9564E-2 1.01292E-1 1.3895E-1 1.27902E-1 3.92578E-1 4.01421E-1 1.91332E-1 3.41144E-1 2.37852E-1 1.9501E-1 2.60298E-1 3.06836E-1 2.77142E-1 2.53986E-1 1.92361E-1 1.88692E-1
2.54476E-1 3.39754E-1 2.1255E-1 1.51727E-1 1.29746E-1 1.10373E-1 1.2145E-1 1.56898E-1 1.48177E-1 1.35779E-1 1.90767E-1 2.08331E-1 2.26222E-1 2.3492E-1 3.73702E-1 2.444E-1 2.27705E-1 2.25881E-1 2.74365E-1 2.93912E-1 5.69408E-1 4.26541E-1 5.33194E-1 1.84031E-1 4.34196E-1 5.87528E-1 3.48786E-1 3.77456E-1 3.8298E-1 4.22375E-1 5.18235E-1 6.38839E-1 3.10697E-1 6.35074E-1 3.77033E-1 1.93372E-1 2.01728E-1 2.05599E-1 2.42969E-1 7.0214E-2 4.00495E-1 3.52569E-1 3.31194E-1 2.88023E-1 1.39649E-1 7.36669E-2 1.56535E-1 1.57045E-1 3.32109E-1 4.11145E-1 1.1657E-1 2.92815E-1 2.03818E-1 1.52696E-1 2.0182E-1 3.63308E-1 3.04223E-1 1.79408E-1 1.20413E-1 1.26415E-1
3.45948E-1 4.92764E-1 3.05495E-1 2.09449E-1 1.44189E-1 1.16625E-1 1.04888E-1 1.18566E-1 1.28578E-1 1.25432E-1 1.56216E-1 1.5305E-1 1.82161E-1 1.93824E-1 2.1741E-1 2.51186E-1 3.54572E-1 2.32728E-1 2.71551E-1 2.9567E-1 2.50772E-1 2.92747E-1 4.8089E-1 9.38585E-2 3.37987E-1 2.81053E-1 2.71481E-1 3.13488E-1 1.44045E-1 3.557E-1 3.84991E-1 1.37462E-1 5.359E-1 3.37706E-1 2.14501E-1 2.0453E-1 2.25444E-1 2.71959E-1 9.04531E-2 3.09742E-1 3.90234E-1 3.77328E-1 3.54831E-1 3.56498E-1 1.01973E-1 1.21458E-1 2.07469E-1 2.08317E-1 2.71683E-1 2.37581E-1 1.05569E-1 1.88552E-1 1.61489E-1 8.2279E-2 1.37585E-1 2.00437E-1 1.91057E-1 1.75607E-1 1.01645E-1 7.52468E-2
4.28277E-1 5.24477E-1 3.14482E-1 2.25451E-1 1.64663E-1 1.28498E-1 1.00858E-1 1.00165E-1 1.10116E-1 1.44788E-1 1.48253E-1 1.48417E-1 1.70769E-1 1.91379E-1 2.0917E-1 3.65236E-1 1.4788E-1 2.21182E-1 2.51582E-1 2.98572E-1 2.34542E-1 3.04717E-1 3.49958E-1 2.49389E-1 3.48603E-1 1.36277E-1 3.01513E-1 3.30639E-1 2.7839E-1 6.49822E-2 9.50122E-2 2.39148E-1 2.62669E-1 2.33843E-1 2.25789E-1 2.39081E-1 2.79198E-1 1.54349E-1 2.0388E-1 2.87624E-1 3.54255E-1 3.30049E-1 3.17634E-1 2.74096E-1 2.00201E-1 1.54752E-1 1.88067E-1 2.09544E-1 2.1699E-1 2.33582E-1 2.33838E-1 2.11907E-1 1.92729E-1 1.74533E-1 1.59949E-1 2.16089E-1 1.81071E-1 1.61003E-1 1.33686E-1 1.08684E-1
5.89486E-1 5.33703E-1 2.98485E-1 2.4542E-1 2.05847E-1 1.48398E-1 1.11281E-1 8.87127E-2 9.35535E-2 1.14156E-1 1.57653E-1 1.37937E-1 1.40968E-1 1.48757E-1 1.86299E-1 2.39932E-1 2.81261E-1 3.43571E-1 2.88911E-1 2.96373E-1 2.4626E-1 3.26615E-1 4.55522E-1 1.48796E-1 1.81396E-1 2.04095E-1 1.53512E-1 2.47293E-1 4.92659E-2 3.13518E-1 1.89611E-1 3.48525E-1 3.5498E-1 2.47051E-1 2.5952E-1 2.87839E-1 5.54613E-2 3.02272E-1 2.75801E-1 2.58352E-1 3.26502E-1 3.02719E-1 2.84114E-1 2.86924E-1 2.22564E-1 4.25567E-2 1.77238E-1 3.48665E-1 3.41532E-1 3.03864E-1 2.6226E-1 2.13595E-1 1.6017E-1 1.51918E-1 1.2822E-1 1.02555E-1 1.19829E-1 1.51225E-1 1.19968E-1 9.78681E-2
4.92533E-1 4.13065E-1 2.9845E-1 2.99571E-1 2.13481E-1 1.55668E-1 1.17782E-1 9.74399E-2 7.86682E-2 9.278E-2 1.44799E-1 1.30158E-1 1.24985E-1 1.49695E-1 1.79327E-1 2.17982E-1 2.99342E-1 3.27508E-1 5.13911E-1 3.022E-1 2.57039E-1 3.54719E-1 3.65774E-1 1.86588E-1 3.2364E-1 3.6309E-1 3.00204E-1 3.39382E-1 1.80423E-1 3.12999E-1 2.04363E-1 2.41192E-1 2.82175E-1 3.82244E-1 2.89097E-1 2.92744E-1 1.5447E-1 2.8099E-1 2.37641E-1 2.21408E-1 3.03856E-1 2.70828E-1 2.48553E-1 2.36923E-1 3.18363E-1 7.42729E-2 2.48663E-1 3.22756E-1 3.36487E-1 2.88062E-1 2.08246E-1 1.68602E-1 1.58151E-1 1.37979E-1 1.02944E-1 7.92575E-2 6.42747E-2 8.53419E-2 1.01756E-1 1.09788E-1
2.41288E-1 4.62697E-1 3.37326E-1 3.01206E-1 2.69536E-1 1.87588E-1 1.41892E-1 1.16501E-1 8.47507E-2 7.72112E-2 1.04707E-1 1.24364E-1 1.37428E-1 1.49587E-1 1.74782E-1 2.13879E-1 2.46608E-1 3.4065E-1 4.48234E-1 5.58405E-1 2.69752E-1 4.62005E-1 1.83885E-1 3.4514E-1 3.02223E-1 8.76743E-2 2.68084E-1 2.45662E-1 1.74119E-1 2.77004E-1 1.39802E-1 1.79408E-1 3.36262E-1 3.75273E-1 4.89459E-1 1.18469E-1 2.89984E-1 2.63866E-1 2.13087E-1 2.05794E-1 3.27038E-1 2.74584E-1 2.39434E-1 2.69325E-1 2.94592E-1 1.99481E-1 2.64947E-1 2.76044E-1 1.68961E-1 1.44843E-1 1.4536E-1 1.46244E-1 1.38903E-1 1.08416E-1 8.54036E-2 1.10886E-1 8.21831E-2 7.73763E-2 1.11995E-1 1.09674E-1
4.87399E-1 5.94817E-1 3.95314E-1 3.66197E-1 4.11829E-1 2.04632E-1 1.41287E-1 1.13344E-1 8.48146E-2 8.0042E-2 1.01971E-1 1.25563E-1 1.46854E-1 1.6431E-1 1.87713E-1 2.29159E-1 2.76626E-1 3.08314E-1 4.22353E-1 4.20279E-1 3.76596E-1 4.17314E-1 2.87832E-1 5.56724E-1 2.03716E-1 2.45562E-1 1.88467E-1 1.79644E-1 1.58622E-1 1.51734E-1 8.37232E-2 8.80354E-2 1.67107E-1 3.17518E-1 3.11027E-1 3.26123E-1 2.49984E-1 2.27171E-1 1.89601E-1 1.75991E-1 1.90706E-1 2.60094E-1 1.53514E-1 1.45156E-1 3.42451E-2 1.04618E-1 1.87999E-1 1.83087E-1 1.18087E-1 1.027E-1 1.12686E-1 1.08663E-1 9.75579E-2 1.12446E-1 1.31457E-1 7.99811E-2 8.70949E-2 1.13028E-1 1.17521E-1 6.34908E-2
6.63233E-1 5.75393E-1 3.87113E-1 4.66187E-1 4.14773E-1 2.03256E-1 1.48016E-1 1.3123E-1 9.77666E-2 9.7516E-2 1.09082E-1 1.24612E-1 1.52665E-1 1.74239E-1 1.88909E-1 2.02017E-1 2.5041E-1 2.99928E-1 3.39646E-1 5.32971E-1 3.80576E-1 2.41208E-1 1.276E-1 2.18507E-1 2.37573E-1 1.84762E-1 1.63404E-1 1.30688E-1 1.31293E-1 1.19848E-1 7.37485E-2 1.36289E-1 1.42828E-1 1.56553E-1 3.97263E-1 2.52788E-1 1.76574E-1 1.65895E-1 1.73273E-1 1.70011E-1 2.74223E-1 3.84617E-1 1.8635E-1 1.29582E-1 7.56176E-2 8.46429E-2 8.42026E-2 1.95658E-1 1.60366E-1 1.24226E-1 1.05265E-1 8.78527E-2 8.31102E-2 9.83157E-2 8.80768E-2 6.08342E-2 1.20825E-1 1.29716E-1 1.27476E-1 6.20762E-2
4.31724E-1 4.94606E-1 3.94201E-1 5.52474E-1 4.28362E-1 1.99036E-1 1.63788E-1 1.42275E-1 1.1881E-1 1.1369E-1 1.19753E-1 1.27828E-1 1.5428E-1 1.79172E-1 2.04415E-1 2.25265E-1 2.6132E-1 3.21676E-1 4.14529E-1 5.72934E-1 3.76087E-1 6.05155E-1 1.8334E-1 2.55627E-1 2.95856E-1 2.16243E-1 1.744E-1 1.25454E-1 1.22932E-1 9.41903E-2 6.1902E-2 1.22649E-1 1.17598E-1 1.31589E-1 1.93321E-1 1.66119E-1 1.21099E-1 1.85915E-1 1.84904E-1 1.74782E-1 2.18234E-1 2.4517E-1 1.56692E-1 1.91559E-1 1.67781E-1 1.18073E-1 7.35554E-2 7.92601E-2 1.92744E-1 1.0736E-1 8.94353E-2 7.02078E-2 7.85093E-2 8.39386E-2 8.22956E-2 6.54425E-2 1.0818E-1 1.53179E-1 1.08902E-1 6.73995E-2
4.65269E-1 4.14562E-1 4.91208E-1 2.29795E-1 4.57849E-1 2.22215E-1 1.72466E-1 1.72134E-1 1.16142E-1 1.17211E-1 1.4793E-1 1.54177E-1 1.53395E-1 1.80366E-1 2.12148E-1 2.40398E-1 2.78705E-1 3.19812E-1 3.99724E-1 6.20356E-1 2.1066E-1 2.01588E-1 2.79808E-1 1.41053E-1 4.37437E-1 3.03792E-1 2.16181E-1 1.40047E-1 1.3256E-1 1.26854E-1 8.38803E-2 8.7791E-2 1.04674E-1 1.05467E-1 1.16573E-1 2.23813E-1 2.14067E-1 1.88229E-1 2.06886E-1 2.19362E-1 2.93011E-1 3.05828E-1 2.13254E-1 1.56755E-1 1.23554E-1 7.79175E-2 1.23964E-1 9.9663E-2 9.24676E-2 6.28431E-2 5.88139E-2 6.24445E-2 9.07413E-2 9.23005E-2 9.63854E-2 8.53651E-2 9.01811E-2 8.84293E-2 8.09552E-2 8.05081E-2
4.8648E-1 4.20338E-1 3.62675E-1 3.41846E-1 2.49497E-1 2.11026E-1 1.86787E-1 1.69541E-1 1.16325E-1 1.40219E-1 1.89317E-1 1.8422E-1 1.84329E-1 1.94763E-1 2.13586E-1 2.48513E-1 2.81013E-1 3.24838E-1 3.93402E-1 1.36938E-1 2.02229E-1 3.01993E-1 2.41581E-1 3.75794E-1 1.2878E-1 3.6613E-1 2.5236E-1 1.82706E-1 1.28223E-1 1.19106E-1 1.15679E-1 8.06774E-2 8.63083E-2 9.98416E-2 1.10445E-1 2.04746E-1 2.33386E-1 2.58681E-1 2.69661E-1 2.88775E-1 3.7474E-1 3.9296E-1 2.84065E-1 5.89801E-2 1.89784E-1 1.09683E-1 1.59094E-1 1.35783E-1 8.35309E-2 5.38337E-2 6.56322E-2 9.78967E-2 1.30232E-1 1.22808E-1 1.17517E-1 1.0314E-1 1.17547E-1 1.13842E-1 1.07902E-1 1.00464E-1
3.10714E-1 2.76893E-1 2.64317E-1 2.37114E-1 7.53489E-2 3.80691E-1 2.98805E-1 2.3635E-1 2.04704E-1 2.56525E-1 2.43538E-1 2.39077E-1 2.76138E-1 2.65457E-1 2.17295E-1 2.93108E-1 3.23225E-1 3.72987E-1 4.23261E-1 1.8323E-1 1.2507E-1 2.46846E-1 1.89669E-1 1.63965E-1 3.81925E-1 2.7492E-1 1.42396E-1 1.38794E-1 1.05053E-1 1.04335E-1 2.15389E-1 2.32797E-1 2.30472E-1 2.53027E-1 2.56647E-1 2.8889E-1 3.52269E-1 1.33074E-1 3.8364E-1 3.98181E-1 2.91116E-1 3.29922E-1 2.89065E-1 6.85216E-2 1.70995E-1 1.61402E-1 1.20722E-1 6.9035E-2 6.56823E-2 5.14947E-2 6.15874E-2 7.69217E-2 9.11084E-2 1.02126E-1 1.32888E-1 1.577E-1 1.77262E-1 1.56465E-1 1.25663E-1 1.04805E-1
3.1914E-1 2.93761E-1 2.7164E-1 2.55746E-1 3.74048E-1 4.79508E-1 3.044E-1 2.70636E-1 2.40744E-1 3.06617E-1 2.65127E-1 2.90937E-1 3.83261E-1 3.11181E-1 2.42702E-1 3.1085E-1 3.57653E-1 3.24539E-1 2.80357E-1 5.11129E-1 2.1146E-1 2.5574E-1 2.01935E-1 1.38923E-1 1.85112E-1 2.36115E-1 2.10317E-1 1.43176E-1 8.88559E-2 1.04488E-1 2.08945E-1 2.81433E-1 2.57859E-1 2.77193E-1 3.1079E-1 3.5689E-1 3.93007E-1 2.8951E-1 3.62841E-1 3.22621E-1 2.55576E-1 1.39401E-1 3.25282E-1 5.66928E-2 1.64453E-1 2.06515E-1 8.71015E-2 6.86918E-2 6.82717E-2 7.3223E-2 7.31672E-2 7.94197E-2 9.41576E-2 1.2472E-1 1.7614E-1 2.22691E-1 2.46248E-1 1.93902E-1 1.68742E-1 1.18087E-1
3.56351E-1 2.87219E-1 2.53592E-1 2.49411E-1 3.36469E-1 3.83629E-1 3.15611E-1 2.97523E-1 2.66457E-1 3.37057E-1 3.18269E-1 3.61354E-1 4.84644E-1 3.7951E-1 2.94417E-1 3.52422E-1 3.86239E-1 4.98769E-1 4.88841E-1 2.60226E-1 3.35415E-1 2.48001E-1 1.89138E-1 1.37899E-1 1.07466E-1 1.82069E-1 1.22589E-1 1.60577E-1 8.58833E-2 1.14495E-1 2.30615E-1 2.80471E-1 2.52209E-1 2.76776E-1 3.6393E-1 4.27522E-1 2.29043E-1 5.36193E-1 5.50626E-1 5.7109E-1 4.43471E-1 1.13443E-1 3.2188E-1 2.58478E-1 1.64942E-1 1.30071E-1 1.00862E-1 7.86836E-2 7.48481E-2 9.00448E-2 8.28316E-2 9.04096E-2 1.04139E-1 1.53826E-1 2.37225E-1 3.15632E-1 2.24704E-1 8.77571E-2 1.36093E-1 1.82674E-1
