Phytophthora/models/20240429_1812_56/Phytophthora_PA1_RUN10_MAXENT_outputs/Phytophthora_PA1_RUN10.asc
ncols         225
nrows         269
xllcorner     473000.0
yllcorner     4429100.0
cellsize      50.0
NODATA_value  -9999
[rows 54 to 80 of 269, columns 0 to 59 of 225]
-9999 -9999 -9999 -9999 -9999 -9999 -9999 -9999 -9999 -9999 -9999 -9999 -9999 -9999 -9999 -9999 -9999 -9999 -9999 -9999 -9999 -9999 1.84702E-2 1.57006E-2 3.53825E-2 2.35517E-2 1.785E-2 1.75626E-2 3.17881E-2 3.04178E-2 3.61235E-2 3.8993E-2 5.3034E-2 5.4714E-2 6.96578E-2 9.84099E-2 5.02308E-2 1.11266E-1 4.17409E-2 1.07441E-1 5.83958E-2 8.06887E-2 5.89063E-2 7.96505E-2 1.07679E-1 1.3817E-2 2.85516E-2 2.3225E-2 2.74646E-2 2.38284E-2 4.10357E-2 5.08688E-2 4.73766E-2 4.79455E-2 2.00673E-2 2.72585E-2 2.68022E-2 1.95219E-2 1.94092E-2 1.98998E-2
-9999 -9999 -9999 -9999 -9999 -9999 -9999 -9999 -9999 -9999 -9999 -9999 -9999 -9999 -9999 -9999 -9999 -9999 -9999 -9999 -9999 -9999 2.68788E-2 2.80549E-2 2.24371E-2 1.91387E-2 3.26347E-2 2.60435E-2 4.09836E-2 2.85154E-2 3.46172E-2 3.76377E-2 6.04848E-2 6.40546E-2 1.43319E-2 1.04386E-1 1.05609E-1 7.65065E-2 6.72169E-2 1.44134E-2 1.11236E-1 4.56326E-2 6.40317E-2 8.30335E-2 9.35408E-2 3.36379E-2 4.8293E-2 5.25424E-2 1.01624E-2 3.69083E-2 4.73612E-2 4.20025E-2 4.77073E-2 1.09715E-2 2.53408E-2 1.08038E-2 1.83271E-2 1.38227E-2 1.22373E-2 1.69315E-2
-9999 -9999 -9999 -9999 -9999 -9999 -9999 -9999 -9999 -9999 -9999 -9999 -9999 -9999 -9999 -9999 -9999 -9999 -9999 -9999 -9999 -9999 9.79751E-3 1.17486E-2 1.52498E-2 2.03552E-2 3.26035E-3 2.18446E-2 2.98185E-2 3.57674E-2 4.3316E-2 4.31958E-2 4.19614E-2 3.67025E-2 1.08033E-1 1.19242E-1 1.35791E-1 1.55005E-1 3.20182E-2 1.30656E-1 1.07919E-1 1.09008E-1 5.81287E-2 6.87846E-2 7.09715E-2 2.74097E-2 3.27482E-2 1.358E-2 3.95726E-2 3.57825E-2 4.0751E-2 4.58033E-2 8.92405E-3 3.01398E-2 2.18394E-2 2.3105E-2 1.96286E-2 1.42986E-2 1.42385E-2 1.08535E-2
-9999 -9999 -9999 -9999 -9999 -9999 -9999 -9999 -9999 -9999 -9999 -9999 -9999 -9999 -9999 -9999 -9999 -9999 -9999 -9999 -9999 2.01625E-2 9.87052E-3 7.74625E-3 7.51083E-3 1.14081E-2 1.15696E-2 2.05941E-2 2.74966E-2 7.62073E-3 1.07181E-2 2.58739E-2 8.17374E-2 7.7844E-2 1.10373E-1 1.33182E-1 1.12054E-1 1.18916E-1 2.95633E-2 1.0631E-1 2.03641E-2 6.76274E-2 2.58622E-2 6.25809E-2 5.05852E-2 3.12464E-2 3.55247E-2 3.84519E-2 3.23305E-2 3.36985E-2 3.32818E-2 7.31456E-3 1.58157E-2 1.53407E-2 1.35109E-2 1.90422E-2 6.87932E-3 1.67515E-2 8.29686E-3 1.81015E-2
-9999 -9999 -9999 -9999 -9999 -9999 -9999 -9999 -9999 -9999 -9999 -9999 -9999 -9999 -9999 -9999 -9999 -9999 4.51269E-2 2.61344E-2 6.58793E-3 1.47719E-2 1.87388E-2 8.34643E-3 7.86977E-3 1.12211E-2 2.79874E-2 2.18281E-2 2.67202E-2 4.07148E-2 5.91971E-2 3.92792E-2 7.57636E-2 7.65036E-2 1.22803E-1 1.35552E-1 1.32875E-1 1.04899E-1 2.41278E-2 1.31832E-1 2.49323E-2 9.86347E-2 1.83727E-2 8.07875E-2 6.42914E-2 2.13482E-2 2.48674E-2 1.58306E-2 2.73894E-2 3.10375E-2 2.48279E-2 2.08202E-2 1.5666E-2 1.32592E-2 1.44608E-2 2.14545E-2 7.00689E-3 1.499E-2 5.24542E-3 1.82683E-2
-9999 -9999 -9999 -9999 -9999 -9999 -9999 -9999 -9999 -9999 -9999 -9999 -9999 -9999 -9999 -9999 1.16387E-2 1.80654E-2 3.78494E-2 4.11473E-2 6.1768E-3 8.05417E-3 1.86072E-2 2.20706E-2 1.1705E-2 1.48997E-2 3.46148E-2 2.42996E-2 3.05906E-2 4.31624E-2 6.67409E-2 5.62427E-2 5.71385E-2 5.41972E-2 7.86658E-2 1.166E-1 4.03817E-2 7.0126E-2 7.8511E-2 7.63962E-2 5.87131E-2 4.54293E-2 9.38898E-2 4.35978E-2 1.04575E-2 1.0205E-2 1.97108E-2 2.3716E-2 1.92142E-2 2.68653E-2 3.21904E-2 2.1174E-2 1.37657E-2 1.12397E-2 1.20499E-2 1.3084E-2 1.57405E-2 1.34696E-2 1.1137E-2 1.80403E-2
-9999 -9999 -9999 -9999 -9999 -9999 -9999 -9999 -9999 -9999 -9999 -9999 -9999 -9999 -9999 2.26873E-2 1.92271E-2 1.61972E-2 1.53537E-2 2.42875E-2 1.18933E-2 1.15915E-2 1.69342E-2 2.16388E-2 2.59505E-2 1.39459E-2 2.71263E-2 2.6377E-2 3.48053E-2 4.1555E-2 7.30144E-2 8.1812E-2 8.15113E-2 6.50916E-2 7.7156E-2 9.60362E-2 9.6896E-2 1.00391E-1 7.98305E-2 7.0764E-2 6.13079E-2 4.64781E-2 6.38297E-2 8.77741E-2 7.99838E-2 1.44757E-2 7.628E-3 5.68604E-3 9.47636E-3 1.94659E-2 2.14456E-2 2.61691E-2 1.98615E-2 7.01271E-3 4.35214E-3 6.02673E-3 1.98234E-2 1.92583E-2 3.81599E-3 1.7189E-2
-9999 -9999 -9999 -9999 -9999 -9999 -9999 -9999 -9999 -9999 -9999 -9999 -9999 -9999 1.03893E-2 7.86227E-3 8.26305E-3 8.0308E-3 6.97812E-3 6.99477E-3 8.54083E-3 1.39452E-2 1.5123E-2 2.37099E-2 4.15771E-2 3.6678E-2 6.86592E-2 5.17917E-2 5.6785E-2 5.42061E-2 5.90749E-2 9.28545E-2 8.88407E-2 6.95151E-2 8.7617E-2 4.48421E-2 8.37221E-2 6.76016E-2 6.30858E-2 6.02549E-2 3.72227E-2 5.10628E-2 3.91587E-2 3.62934E-2 4.49126E-2 3.90328E-2 3.81336E-2 3.44787E-2 3.59744E-2 1.78807E-2 1.09904E-2 1.44728E-2 6.04849E-3 1.18376E-2 1.33986E-2 1.54872E-2 1.41655E-2 1.47575E-2 1.43644E-2 1.11225E-2
-9999 -9999 -9999 -9999 -9999 -9999 -9999 -9999 -9999 -9999 -9999 -9999 -9999 2.83098E-3 7.58411E-3 7.51281E-3 7.92518E-3 8.31211E-3 8.11302E-3 7.70256E-3 8.48709E-3 1.01585E-2 1.63408E-2 1.57866E-2 1.59512E-2 3.26186E-2 3.99484E-2 6.11894E-2 7.35543E-2 7.84799E-2 8.79244E-2 7.59549E-2 1.20083E-1 1.22973E-1 9.72026E-2 3.24518E-2 8.01442E-2 6.21778E-2 4.60281E-2 5.56284E-2 3.55019E-2 3.68614E-2 3.72239E-2 3.52653E-2 3.88557E-2 3.06664E-2 2.92931E-2 2.6494E-2 2.56788E-2 4.26129E-3 1.78541E-3 1.49873E-3 5.44969E-3 1.4813E-2 1.12587E-2 1.61463E-2 2.71215E-3 1.48971E-2 1.26739E-2 1.0009E-2
-9999 -9999 -9999 -9999 -9999 -9999 -9999 -9999 -9999 -9999 -9999 -9999 -9999 1.18936E-2 9.57095E-3 9.01189E-3 9.78869E-3 1.04938E-2 1.02785E-2 1.04942E-2 1.2227E-2 2.47E-2 1.55718E-2 1.7105E-2 1.86854E-2 3.02514E-2 5.12224E-2 7.36313E-2 8.48821E-2 7.1992E-2 7.83373E-2 6.91849E-2 7.98991E-2 7.50734E-2 2.74711E-2 7.43236E-2 5.57114E-2 4.71266E-2 3.41527E-2 3.80473E-2 3.31686E-2 3.43878E-2 3.18549E-2 3.09422E-2 3.18787E-2 2.6263E-2 2.31671E-2 2.65478E-2 2.87519E-2 8.00122E-3 8.06298E-3 7.93171E-3 1.15061E-2 1.28764E-2 1.25157E-2 3.80671E-3 1.43627E-2 3.47824E-3 1.76873E-3 1.45114E-2
-9999 -9999 -9999 -9999 -9999 -9999 -9999 -9999 -9999 -9999 -9999 -9999 -9999 8.81769E-3 1.10623E-2 1.02157E-2 1.06382E-2 1.07788E-2 1.15568E-2 1.26307E-2 1.84168E-2 2.52614E-2 2.04265E-2 2.30923E-2 2.80809E-2 2.90646E-2 4.43824E-2 5.74762E-2 9.09016E-2 1.03287E-1 1.06528E-1 9.84257E-2 8.12016E-2 4.79874E-2 7.41909E-2 6.31725E-2 4.73068E-2 4.01275E-2 4.11983E-2 4.42592E-2 3.38568E-2 3.86809E-2 4.00112E-2 3.27983E-2 3.4086E-2 3.94052E-2 3.43013E-2 2.32602E-2 2.30293E-2 1.47913E-2 3.8357E-3 2.98501E-3 1.23798E-2 7.72616E-3 1.70567E-3 1.26784E-2 4.17473E-3 3.70293E-3 1.0923E-2 1.20444E-2
-9999 -9999 -9999 -9999 -9999 -9999 -9999 -9999 -9999 -9999 -9999 -9999 1.07206E-2 9.3575E-3 1.38907E-2 1.31182E-2 1.35305E-2 1.38224E-2 1.311E-2 1.46902E-2 2.24735E-2 2.6771E-2 2.77968E-2 2.62319E-2 4.00381E-2 6.98032E-2 4.19506E-2 6.04953E-2 7.76699E-2 8.02672E-2 9.45013E-2 9.63616E-2 6.52291E-2 9.69087E-2 6.32175E-2 5.4895E-2 4.28641E-2 3.79055E-2 4.07509E-2 4.61337E-2 3.04828E-2 6.95119E-3 1.2022E-2 2.89665E-2 2.58686E-2 2.9726E-2 1.98012E-2 2.82212E-2 2.63627E-2 1.96576E-2 9.17733E-3 7.2254E-3 1.70263E-3 5.07714E-3 9.98654E-3 5.38962E-3 1.58596E-2 2.48552E-2 1.76164E-2 1.44249E-2
-9999 -9999 -9999 -9999 -9999 -9999 -9999 -9999 -9999 -9999 -9999 -9999 1.1623E-2 3.49057E-2 2.46064E-2 1.82753E-2 1.61073E-2 1.59886E-2 1.87547E-2 2.14918E-2 1.78157E-2 1.64706E-2 2.37748E-2 2.11248E-2 3.119E-2 5.40728E-2 8.01014E-2 6.76524E-2 6.26441E-2 6.03059E-2 5.91769E-2 2.17788E-2 5.75818E-2 5.62978E-2 4.59281E-2 2.92229E-2 3.08203E-2 2.96231E-2 2.69406E-2 3.25254E-2 3.09372E-2 3.22282E-2 2.39101E-2 2.05947E-2 1.28014E-2 1.51656E-2 1.14362E-2 2.65757E-2 2.70753E-2 2.18846E-2 2.23897E-3 4.56114E-3 1.13955E-2 3.8432E-3 1.36058E-2 1.4294E-2 1.16772E-2 1.35319E-2 1.77994E-2 2.50926E-2
-9999 -9999 -9999 -9999 -9999 -9999 -9999 -9999 -9999 -9999 1.97262E-3 1.08037E-2 6.78043E-3 3.00166E-2 2.45539E-2 2.13295E-2 2.1659E-2 2.02785E-2 2.06805E-2 2.22659E-2 1.69618E-2 1.58293E-2 2.13401E-2 2.97728E-2 3.19415E-2 3.71005E-2 8.41295E-2 8.46932E-2 8.42128E-2 7.19921E-2 6.8579E-2 4.37252E-2 5.61261E-2 4.32574E-2 3.54609E-2 2.83585E-2 3.26013E-2 3.37145E-2 3.24092E-2 3.04361E-2 2.92131E-2 2.81085E-2 3.47644E-2 3.28168E-2 2.94207E-2 2.81037E-2 2.83615E-2 2.59559E-2 1.24062E-2 6.03176E-3 1.40913E-2 1.29459E-2 1.15944E-2 1.00053E-2 9.37475E-3 1.30105E-2 1.07505E-2 1.22251E-2 1.70243E-2 1.10425E-2
-9999 -9999 -9999 -9999 -9999 -9999 -9999 -9999 -9999 1.69434E-2 7.30158E-3 7.4015E-3 1.4486E-2 1.21338E-2 1.32051E-2 1.35136E-2 1.58309E-2 1.90413E-2 2.19478E-2 2.39624E-2 2.12388E-2 2.08432E-2 2.23504E-2 2.21096E-2 2.17957E-2 3.35794E-2 1.06365E-1 5.29175E-2 8.2522E-2 7.35367E-2 6.03063E-2 3.02509E-2 4.78195E-2 3.72624E-2 2.99141E-2 2.7484E-2 3.18714E-2 1.01663E-2 4.18671E-2 3.77418E-2 3.24874E-2 3.03441E-2 2.98841E-2 2.81723E-2 2.79236E-2 2.5157E-2 2.56594E-2 2.47914E-2 2.93972E-2 2.39367E-2 4.57386E-3 1.19437E-2 1.09474E-2 2.91499E-3 8.0932E-3 1.35729E-2 1.20059E-2 1.08747E-2 1.24206E-2 1.81131E-2
-9999 -9999 -9999 -9999 -9999 -9999 -9999 -9999 -9999 -9999 1.22021E-2 1.02171E-2 7.76654E-3 9.21821E-3 1.31301E-2 1.43352E-2 1.63949E-2 2.13182E-2 2.37189E-2 2.62601E-2 2.78241E-2 2.87706E-2 2.83919E-2 3.52706E-2 2.71542E-2 3.62957E-2 4.7574E-2 4.12075E-2 4.74252E-2 5.37595E-2 5.23537E-2 3.88133E-2 4.95093E-2 4.06081E-2 3.0962E-2 2.99745E-2 3.46868E-2 4.45595E-2 9.25268E-3 5.95094E-2 5.14331E-2 3.88129E-2 3.33625E-2 2.74373E-2 2.75335E-2 2.54061E-2 2.74652E-2 2.96135E-2 3.22178E-2 3.52275E-3 1.3017E-2 4.57302E-3 1.12758E-2 9.29896E-3 4.97774E-3 3.36225E-3 1.45023E-2 1.34231E-2 1.1747E-2 1.56683E-2
-9999 -9999 -9999 -9999 -9999 -9999 -9999 -9999 -9999 -9999 -9999 -9999 -9999 -9999 1.76026E-2 1.74674E-2 2.05961E-2 2.61092E-2 2.5751E-2 2.54275E-2 2.28284E-2 2.43026E-2 2.78614E-2 3.26177E-2 4.01161E-2 4.07532E-2 4.25137E-2 4.91519E-2 5.43524E-2 5.05455E-2 5.38262E-2 5.39536E-2 5.72955E-2 4.84451E-2 3.62967E-2 3.11986E-2 3.34872E-2 3.56192E-2 8.39983E-2 3.96536E-2 1.51359E-2 3.79785E-2 3.8412E-2 3.01918E-2 3.18375E-2 3.03351E-2 3.52541E-2 2.56963E-2 1.37115E-2 2.30504E-2 1.06414E-2 1.03743E-2 2.20583E-3 8.33664E-3 8.68126E-3 1.32855E-2 6.14839E-3 1.19952E-2 1.10941E-2 1.44865E-2
-9999 -9999 -9999 -9999 -9999 -9999 -9999 -9999 -9999 -9999 -9999 -9999 -9999 -9999 -9999 -9999 -9999 -9999 -9999 3.31446E-2 2.24155E-2 2.78819E-2 3.08889E-2 3.3777E-2 3.83893E-2 5.08937E-2 4.6956E-2 3.87131E-2 5.49929E-2 6.59863E-2 7.1304E-2 2.4951E-2 6.71469E-2 5.57072E-2 3.76035E-2 2.4978E-2 2.40305E-2 2.46788E-2 3.09136E-2 3.64394E-2 4.14479E-2 2.94784E-2 1.35458E-2 9.05952E-3 1.08031E-2 1.23891E-2 1.02093E-2 8.11933E-3 3.37082E-2 1.82626E-2 8.23862E-3 8.96721E-3 6.02003E-3 2.15432E-3 8.9592E-3 1.09591E-2 1.14729E-2 1.191E-2 1.1625E-2 1.41953E-2
-9999 -9999 -9999 -9999 -9999 -9999 -9999 -9999 -9999 -9999 -9999 -9999 -9999 -9999 -9999 -9999 -9999 -9999 -9999 -9999 2.06111E-2 3.6353E-2 3.78757E-2 3.88219E-2 4.39393E-2 4.93281E-2 5.54458E-2 3.60708E-2 2.86154E-2 1.19863E-1 9.71843E-2 5.3512E-2 6.66311E-2 5.62031E-2 3.76479E-2 2.83538E-2 2.4756E-2 3.06777E-2 2.81615E-2 2.9159E-2 3.21879E-2 2.81649E-2 3.29592E-2 1.87071E-2 3.33455E-2 3.2135E-2 1.42054E-2 3.31236E-2 2.22642E-2 1.37616E-2 6.91845E-3 7.12937E-3 7.28465E-3 6.46355E-3 3.74401E-3 1.32522E-2 1.39269E-2 1.74012E-2 1.88212E-2 1.84182E-2
-9999 -9999 -9999 -9999 -9999 -9999 -9999 -9999 -9999 -9999 -9999 -9999 -9999 -9999 -9999 -9999 -9999 -9999 -9999 -9999 -9999 4.66583E-2 3.94213E-2 3.49268E-2 4.26119E-2 4.18907E-2 4.74293E-2 8.1143E-2 1.27168E-1 1.95006E-2 1.11805E-2 2.74058E-2 3.72398E-2 5.73154E-2 4.51745E-2 3.97441E-2 3.12768E-2 2.48404E-2 2.49506E-2 2.90671E-2 3.17018E-2 3.05942E-2 5.47473E-3 3.61121E-2 2.36659E-2 2.11279E-2 4.23846E-2 3.10664E-2 1.87679E-2 1.32299E-2 7.46914E-3 6.57112E-3 6.19916E-3 7.35592E-3 4.78489E-3 1.37675E-2 1.18754E-2 1.08811E-2 2.02145E-2 3.01102E-2
-9999 -9999 -9999 -9999 -9999 -9999 -9999 -9999 -9999 -9999 -9999 -9999 -9999 -9999 -9999 -9999 -9999 -9999 -9999 -9999 -9999 -9999 4.2939E-2 3.54371E-2 3.5198E-2 3.54831E-2 5.4748E-2 9.5716E-2 1.03761E-1 4.92992E-2 3.63482E-2 4.48309E-2 1.70607E-2 1.31044E-2 3.3004E-2 3.79026E-2 2.54906E-2 3.11709E-2 2.91808E-2 3.10704E-2 3.20843E-2 9.91723E-3 3.64629E-2 3.67166E-2 4.76626E-2 3.87881E-2 2.8153E-2 4.44054E-3 1.52954E-2 1.81989E-2 1.03752E-2 8.51216E-3 9.58515E-3 1.11157E-2 7.40157E-3 1.95641E-2 1.61837E-2 1.30147E-2 1.77812E-2 3.40136E-2
-9999 -9999 -9999 -9999 -9999 -9999 -9999 -9999 -9999 -9999 -9999 -9999 -9999 -9999 -9999 -9999 -9999 -9999 -9999 -9999 -9999 -9999 -9999 2.40763E-2 2.65627E-2 3.07498E-2 5.79056E-2 8.11207E-2 6.11573E-2 3.28375E-2 2.89587E-2 3.628E-2 3.35545E-2 4.83556E-2 5.87582E-2 1.38199E-2 5.09294E-2 5.27485E-2 4.44094E-2 3.92505E-2 9.54714E-3 4.15683E-2 3.78452E-2 3.50818E-2 3.87942E-2 2.39315E-2 2.00815E-2 2.45478E-2 2.07327E-2 6.95457E-3 6.7165E-3 2.95507E-3 1.59705E-3 6.52956E-3 8.32368E-3 2.05721E-2 1.72207E-2 1.57228E-2 1.69099E-2 3.45667E-2
-9999 -9999 -9999 -9999 -9999 -9999 -9999 -9999 -9999 -9999 -9999 -9999 -9999 -9999 -9999 -9999 -9999 -9999 -9999 -9999 -9999 -9999 -9999 -9999 -9999 3.33623E-2 5.84443E-2 7.95145E-2 6.90388E-2 4.78875E-2 3.7233E-2 4.17424E-2 4.6107E-2 8.75644E-2 8.73553E-2 5.66703E-2 2.42296E-2 3.07773E-2 5.06999E-2 3.71432E-2 3.91726E-2 4.32763E-2 3.61622E-2 2.87942E-2 2.50833E-2 2.45266E-2 2.39291E-2 2.50225E-2 3.97979E-2 2.31154E-2 1.3096E-2 2.59791E-2 1.31261E-2 2.39865E-2 3.33618E-2 5.8251E-2 5.71451E-2 6.60945E-2 6.11323E-2 9.88007E-3
-9999 -9999 -9999 -9999 -9999 -9999 -9999 -9999 -9999 -9999 -9999 -9999 -9999 -9999 -9999 -9999 -9999 -9999 -9999 -9999 -9999 -9999 -9999 -9999 -9999 -9999 -9999 5.38113E-2 4.75E-2 5.88662E-2 5.59227E-2 3.16757E-2 5.52869E-2 1.88105E-2 4.19258E-2 4.34005E-2 4.84086E-2 1.68788E-2 3.44618E-2 3.56338E-2 4.10682E-2 8.44497E-3 2.94389E-2 3.93916E-2 3.53684E-2 3.61387E-2 3.32181E-2 3.60314E-2 3.97231E-2 3.94735E-2 3.19485E-2 2.79425E-2 1.01381E-2 3.26554E-2 2.90951E-2 4.04013E-2 5.26822E-2 8.22615E-2 2.81514E-2 3.50979E-2
-9999 -9999 -9999 -9999 -9999 -9999 -9999 -9999 -9999 -9999 -9999 -9999 -9999 -9999 -9999 -9999 -9999 -9999 -9999 -9999 -9999 -9999 -9999 -9999 -9999 -9999 -9999 -9999 -9999 4.32734E-2 3.50697E-2 3.85429E-2 1.84604E-2 2.68893E-2 1.99038E-2 1.43162E-2 2.83015E-2 4.80068E-2 1.63563E-2 5.39576E-2 9.73987E-3 2.98285E-2 5.02728E-2 1.7054E-2 2.16981E-2 6.02178E-3 2.34705E-2 3.21379E-2 4.52461E-2 4.10774E-2 3.26965E-2 3.37175E-2 1.54207E-2 3.67008E-2 3.28467E-2 4.41494E-2 4.83152E-2 4.91195E-2 6.66802E-2 3.48235E-2
-9999 -9999 -9999 -9999 -9999 -9999 -9999 -9999 -9999 -9999 -9999 -9999 -9999 -9999 -9999 -9999 -9999 -9999 -9999 -9999 -9999 -9999 -9999 -9999 -9999 -9999 -9999 -9999 -9999 -9999 -9999 7.29763E-3 7.55849E-3 8.5135E-3 2.34294E-2 1.83776E-2 2.58734E-2 3.43894E-2 1.45547E-2 1.67029E-2 4.3077E-2 3.74443E-2 4.64476E-2 4.55052E-2 3.92932E-2 4.19755E-2 1.52168E-2 3.59512E-2 5.17664E-2 6.47799E-2 5.10028E-2 5.00462E-2 2.09972E-2 3.04687E-2 3.80745E-2 4.89544E-2 4.25198E-2 6.36106E-2 4.92615E-2 3.64487E-2
-9999 -9999 -9999 -9999 -9999 -9999 -9999 -9999 -9999 -9999 -9999 -9999 -9999 -9999 -9999 -9999 -9999 -9999 -9999 -9999 -9999 -9999 -9999 -9999 -9999 -9999 -9999 -9999 -9999 -9999 -9999 7.12824E-3 7.92813E-3 7.87354E-3 1.87075E-2 1.25438E-2 1.96525E-2 3.75625E-2 2.73883E-2 2.28407E-2 2.61445E-2 1.9374E-2 3.03848E-2 3.01241E-2 1.94632E-2 2.98348E-2 3.78311E-2 1.86851E-2 5.10373E-2 1.06784E-1 1.62945E-2 2.08155E-2 5.94653E-2 2.39471E-2 3.72073E-2 6.51062E-2 5.61021E-2 7.23234E-2 9.54652E-2 4.7733E-2
