Phytophthora/models/20240429_1812_56/Phytophthora_PA1_RUN10_MAXENT_outputs/Phytophthora_PA1_RUN10.asc
ncols         225
nrows         269
xllcorner     473000.0
yllcorner     4429100.0
cellsize      50.0
NODATA_value  -9999
[rows 189 to 215 of 269, columns 0 to 59 of 225]
-9999 -9999 -9999 -9999 -9999 -9999 -9999 -9999 -9999 -9999 -9999 -9999 -9999 -9999 -9999 -9999 5.30971E-1 8.61187E-1 8.63184E-1 8.38689E-1 6.66609E-1 5.71035E-1 5.57325E-1 5.80192E-1 6.08532E-1 5.76817E-1 5.48225E-1 5.04412E-1 4.80975E-1 4.54161E-1 5.44883E-1 5.32563E-1 6.21711E-1 8.16553E-1 5.93624E-1 2.93295E-1 5.63513E-1 6.42437E-1 5.91665E-1 7.0732E-1 6.24618E-1 5.47624E-1 3.92069E-1 3.91815E-1 4.38345E-1 6.92886E-1 7.08086E-1 7.34078E-1 7.1981E-1 7.44481E-1 5.9919E-1 5.91522E-1 4.74769E-1 4.84156E-1 4.82778E-1 5.41217E-1 6.03653E-1 6.32868E-1 6.83877E-1 6.03315E-1
-9999 -9999 -9999 -9999 -9999 -9999 -9999 -9999 -9999 -9999 -9999 -9999 -9999 -9999 -9999 7.06594E-1 7.07045E-1 8.84775E-1 8.74515E-1 8.20051E-1 6.17359E-1 5.27256E-1 5.27359E-1 5.61943E-1 5.25769E-1 5.88983E-1 4.97942E-1 4.39976E-1 4.36678E-1 4.16208E-1 5.18464E-1 5.69669E-1 6.84124E-1 7.67355E-1 6.99656E-1 6.19439E-1 5.96023E-1 5.64518E-1 5.8687E-1 7.02074E-1 6.45178E-1 4.17449E-1 3.3861E-1 3.9149E-1 4.36778E-1 6.57007E-1 6.57866E-1 7.03349E-1 8.1995E-1 7.42143E-1 6.11134E-1 5.40902E-1 5.00499E-1 4.95455E-1 5.46294E-1 6.13997E-1 6.30711E-1 6.23145E-1 6.32242E-1 5.59887E-1
-9999 -9999 -9999 -9999 -9999 -9999 -9999 -9999 -9999 -9999 -9999 -9999 -9999 -9999 -9999 5.60872E-1 3.85344E-1 6.47587E-1 6.46477E-1 4.78011E-1 4.07341E-1 3.69858E-1 4.13256E-1 3.72708E-1 4.09287E-1 4.10239E-1 3.8933E-1 3.24785E-1 3.18354E-1 3.39353E-1 4.13935E-1 4.81688E-1 5.36056E-1 5.27016E-1 2.18382E-1 6.25819E-1 5.4511E-1 5.03776E-1 5.82622E-1 6.70526E-1 6.28025E-1 4.33444E-1 3.79261E-1 4.46391E-1 4.22968E-1 4.18618E-1 4.1125E-1 3.32907E-1 5.8789E-1 4.60322E-1 4.22859E-1 4.49283E-1 4.90787E-1 5.26581E-1 5.50173E-1 6.71805E-1 5.94599E-1 7.06469E-1 6.67959E-1 5.93993E-1
-9999 -9999 -9999 -9999 -9999 -9999 -9999 -9999 -9999 -9999 -9999 -9999 -9999 -9999 -9999 -9999 6.70954E-1 6.20562E-1 4.85124E-1 3.68025E-1 3.59854E-1 3.79755E-1 3.99851E-1 3.46256E-1 3.52794E-1 3.48574E-1 3.31455E-1 3.25536E-1 3.51853E-1 3.81513E-1 4.4887E-1 4.50792E-1 5.03972E-1 5.60987E-1 3.71219E-1 2.76562E-1 5.35951E-1 6.35008E-1 6.75893E-1 6.60431E-1 4.69203E-1 4.28983E-1 3.90643E-1 4.17051E-1 3.79431E-1 3.65314E-1 3.11917E-1 5.36714E-1 2.99025E-1 2.94924E-1 3.36544E-1 3.9803E-1 4.33913E-1 4.67134E-1 5.06783E-1 7.09801E-1 4.52001E-1 7.61676E-1 7.26693E-1 6.15714E-1
-9999 -9999 -9999 -9999 -9999 -9999 -9999 -9999 -9999 -9999 -9999 -9999 -9999 -9999 -9999 -9999 5.70162E-1 4.70434E-1 4.16782E-1 3.54255E-1 4.50747E-1 4.40595E-1 3.49498E-1 3.08879E-1 3.26014E-1 3.08329E-1 3.26375E-1 3.77646E-1 4.12649E-1 4.43546E-1 4.9255E-1 5.19877E-1 5.29459E-1 5.61006E-1 4.68456E-1 2.50364E-1 6.79686E-1 7.31571E-1 7.25927E-1 4.5786E-1 4.43551E-1 5.15649E-1 6.05385E-1 2.53638E-1 4.96819E-1 4.55809E-1 4.63097E-1 3.02003E-1 2.56253E-1 2.53185E-1 3.58915E-1 4.09474E-1 4.458E-1 4.66716E-1 5.5983E-1 7.27979E-1 3.34802E-1 7.10387E-1 7.63456E-1 6.69104E-1
-9999 -9999 -9999 -9999 -9999 -9999 -9999 -9999 -9999 -9999 -9999 -9999 -9999 -9999 -9999 -9999 -9999 3.47427E-1 3.48661E-1 3.64029E-1 5.01822E-1 3.60424E-1 2.91679E-1 2.71793E-1 2.87275E-1 3.06523E-1 3.57762E-1 4.03505E-1 4.54948E-1 4.89901E-1 5.57644E-1 5.74348E-1 5.95259E-1 3.89046E-1 3.62745E-1 1.77622E-1 2.65998E-1 7.27621E-1 5.20778E-1 4.75063E-1 6.18825E-1 3.50474E-1 5.87404E-1 4.26472E-1 4.50504E-1 4.26953E-1 3.46902E-1 2.77032E-1 2.66976E-1 3.09943E-1 4.01358E-1 3.97123E-1 4.14397E-1 4.6587E-1 5.69284E-1 6.87503E-1 7.06161E-1 6.82395E-1 6.91819E-1 6.95349E-1
-9999 -9999 -9999 -9999 -9999 -9999 -9999 -9999 -9999 -9999 -9999 -9999 -9999 -9999 -9999 -9999 -9999 -9999 -9999 -9999 -9999 -9999 2.82724E-1 2.69293E-1 2.93606E-1 3.35743E-1 3.78761E-1 4.28895E-1 4.97525E-1 5.63792E-1 6.08635E-1 3.15993E-1 2.81956E-1 2.99186E-1 3.2442E-1 7.10518E-1 7.54954E-1 5.6747E-1 5.00417E-1 6.51999E-1 6.62903E-1 6.51185E-1 3.32346E-1 2.56879E-1 2.00209E-1 2.78223E-1 3.25603E-1 2.80442E-1 2.84795E-1 3.44055E-1 3.94932E-1 4.10606E-1 4.19661E-1 4.87178E-1 5.44858E-1 6.51826E-1 6.48768E-1 6.39058E-1 6.66302E-1 6.09236E-1
-9999 -9999 -9999 -9999 -9999 -9999 -9999 -9999 -9999 -9999 -9999 -9999 -9999 -9999 -9999 -9999 -9999 -9999 -9999 -9999 -9999 -9999 -9999 -9999 3.44294E-1 3.66006E-1 3.78978E-1 4.38072E-1 5.08094E-1 6.54906E-1 6.24764E-1 6.46332E-1 6.31077E-1 4.6673E-1 7.26904E-1 6.36907E-1 7.43082E-1 6.28846E-1 4.34387E-1 5.44116E-1 5.63062E-1 3.78194E-1 2.57706E-1 1.9291E-1 1.47133E-1 1.79376E-1 2.1843E-1 2.67075E-1 3.10635E-1 3.69209E-1 4.21695E-1 4.20576E-1 4.3567E-1 5.10814E-1 5.31303E-1 5.27146E-1 5.23016E-1 5.24177E-1 5.00709E-1 5.1533E-1
-9999 -9999 -9999 -9999 -9999 -9999 -9999 -9999 -9999 -9999 -9999 -9999 -9999 -9999 -9999 -9999 -9999 -9999 -9999 -9999 -9999 -9999 -9999 -9999 -9999 -9999 3.66044E-1 4.22608E-1 4.70545E-1 5.37301E-1 6.86329E-1 7.60234E-1 3.4207E-1 4.46645E-1 7.14656E-1 5.80809E-1 5.90817E-1 5.2457E-1 5.91688E-1 6.38674E-1 3.81649E-1 2.78312E-1 2.45383E-1 2.21154E-1 1.78444E-1 2.12794E-1 2.10616E-1 2.72327E-1 3.21367E-1 3.18339E-1 3.70889E-1 3.91991E-1 4.39945E-1 5.26873E-1 4.76081E-1 4.69791E-1 4.98463E-1 4.90366E-1 4.99392E-1 4.65734E-1
-9999 -9999 -9999 -9999 -9999 -9999 -9999 -9999 -9999 -9999 -9999 -9999 -9999 -9999 -9999 -9999 -9999 -9999 -9999 -9999 -9999 -9999 -9999 -9999 -9999 -9999 -9999 4.24715E-1 4.35174E-1 4.63246E-1 5.05139E-1 6.41762E-1 3.68562E-1 7.40701E-1 6.61492E-1 7.20224E-1 5.4951E-1 6.66569E-1 5.77095E-1 2.17948E-1 3.37433E-1 3.49864E-1 2.9191E-1 2.44925E-1 2.37388E-1 2.85626E-1 3.21348E-1 4.03849E-1 4.09696E-1 3.61266E-1 3.83661E-1 3.84028E-1 4.23765E-1 4.61351E-1 4.40467E-1 4.37918E-1 4.79335E-1 4.57998E-1 5.70883E-1 6.32376E-1
-9999 -9999 -9999 -9999 -9999 -9999 -9999 -9999 -9999 -9999 -9999 -9999 -9999 -9999 -9999 -9999 -9999 -9999 -9999 -9999 -9999 -9999 -9999 -9999 -9999 -9999 -9999 4.32668E-1 4.461E-1 4.64149E-1 5.52914E-1 6.03766E-1 4.54725E-1 3.60382E-1 5.81541E-1 7.30446E-1 3.72037E-1 5.15236E-1 4.6623E-1 4.60212E-1 1.21776E-1 3.95478E-1 2.995E-1 2.73207E-1 2.57155E-1 2.93688E-1 3.97351E-1 5.52494E-1 3.85637E-1 3.30359E-1 4.19017E-1 4.25694E-1 4.03616E-1 4.00867E-1 3.98571E-1 3.80289E-1 4.97483E-1 6.7311E-1 6.49577E-1 6.81234E-1
-9999 -9999 -9999 -9999 -9999 -9999 -9999 -9999 -9999 -9999 -9999 -9999 -9999 -9999 -9999 -9999 -9999 -9999 -9999 -9999 -9999 -9999 -9999 -9999 -9999 -9999 -9999 4.57102E-1 4.97433E-1 5.05434E-1 4.37819E-1 6.15942E-1 5.76001E-1 4.72063E-1 4.85322E-1 6.0668E-1 4.58269E-1 3.95777E-1 5.26225E-1 4.97417E-1 4.294E-1 4.0707E-1 3.32976E-1 2.87126E-1 2.72089E-1 3.82865E-1 5.91062E-1 4.34459E-1 3.78412E-1 3.96292E-1 4.77554E-1 4.64223E-1 4.34268E-1 4.20541E-1 4.32511E-1 3.76363E-1 4.13628E-1 3.17846E-1 4.42835E-1 4.63515E-1
-9999 -9999 -9999 -9999 -9999 -9999 -9999 -9999 -9999 -9999 -9999 -9999 -9999 -9999 -9999 -9999 -9999 -9999 -9999 -9999 -9999 -9999 -9999 -9999 -9999 -9999 4.6221E-1 5.03894E-1 5.66817E-1 5.79297E-1 7.63225E-1 -9999 4.25589E-1 6.786E-1 6.62475E-1 5.56877E-1 6.05269E-1 4.40588E-1 3.66035E-1 6.26136E-1 6.83722E-1 1.57777E-1 3.50953E-1 3.2637E-1 3.51133E-1 6.32217E-1 6.48268E-1 4.83109E-1 4.67019E-1 4.77355E-1 4.43115E-1 4.29026E-1 4.25966E-1 3.82361E-1 3.25043E-1 9.39244E-2 3.48643E-1 3.75822E-1 4.04322E-1 4.31347E-1
-9999 -9999 -9999 -9999 -9999 -9999 -9999 -9999 -9999 -9999 -9999 -9999 -9999 -9999 -9999 -9999 -9999 -9999 -9999 -9999 -9999 -9999 -9999 -9999 -9999 -9999 4.57823E-1 4.3214E-1 2.69189E-1 -9999 -9999 -9999 4.3817E-1 6.00227E-1 4.85397E-1 4.28691E-1 1.66146E-1 4.63823E-1 5.78437E-1 6.59985E-1 5.34306E-1 4.45793E-1 4.00616E-1 1.17487E-1 5.39166E-1 6.65451E-1 5.89968E-1 4.91062E-1 5.23374E-1 5.24119E-1 5.25162E-1 4.7663E-1 5.09293E-1 2.37364E-1 3.30801E-1 3.48294E-1 3.63631E-1 3.79746E-1 3.82811E-1 4.37712E-1
-9999 -9999 -9999 -9999 -9999 -9999 -9999 -9999 -9999 -9999 -9999 -9999 -9999 -9999 -9999 -9999 -9999 -9999 -9999 -9999 -9999 -9999 -9999 -9999 -9999 -9999 -9999 4.90966E-1 -9999 -9999 -9999 -9999 2.97214E-1 4.09524E-1 4.4843E-1 4.37056E-1 1.90593E-1 4.05439E-1 3.74046E-1 3.64149E-1 5.10326E-1 3.7462E-1 4.36146E-1 2.88743E-1 2.31299E-1 5.17822E-1 5.21728E-1 5.75494E-1 5.591E-1 5.83705E-1 5.56103E-1 5.70376E-1 4.00747E-1 4.85533E-1 3.572E-1 3.62278E-1 3.80536E-1 4.23206E-1 4.70958E-1 5.49368E-1
-9999 -9999 -9999 -9999 -9999 -9999 -9999 -9999 -9999 -9999 -9999 -9999 -9999 -9999 -9999 -9999 -9999 -9999 -9999 -9999 -9999 -9999 -9999 -9999 -9999 -9999 -9999 -9999 -9999 -9999 -9999 -9999 -9999 3.54822E-1 4.81269E-1 2.02588E-1 3.59012E-1 3.42954E-1 4.8292E-1 4.61448E-1 4.57483E-1 3.07605E-1 3.36749E-1 2.84021E-1 3.44654E-1 5.27271E-1 3.00718E-1 6.25212E-1 7.62688E-1 5.0403E-1 6.65031E-1 5.37759E-1 4.35501E-1 3.79447E-1 3.45567E-1 3.56314E-1 3.974E-1 4.97575E-1 6.85935E-1 4.22454E-1
-9999 -9999 -9999 -9999 -9999 -9999 -9999 -9999 -9999 -9999 -9999 -9999 -9999 -9999 -9999 -9999 -9999 -9999 -9999 -9999 -9999 -9999 -9999 -9999 -9999 -9999 -9999 -9999 -9999 -9999 -9999 -9999 -9999 -9999 4.88018E-1 1.47126E-1 3.72366E-1 4.55117E-1 3.76563E-1 4.12614E-1 4.72174E-1 3.59401E-1 2.66703E-1 2.91059E-1 3.97546E-1 6.56026E-1 6.49884E-1 7.60289E-1 7.22818E-1 3.78156E-1 7.2059E-1 7.06954E-1 5.33049E-1 4.02532E-1 3.70546E-1 3.98989E-1 4.67592E-1 6.59091E-1 3.10241E-1 6.35297E-1
-9999 -9999 -9999 -9999 -9999 -9999 -9999 -9999 -9999 -9999 -9999 -9999 -9999 -9999 -9999 -9999 -9999 -9999 -9999 -9999 -9999 -9999 -9999 -9999 -9999 -9999 -9999 -9999 -9999 -9999 -9999 -9999 -9999 -9999 4.91609E-1 2.86164E-1 2.9009E-1 4.13639E-1 4.37619E-1 4.28591E-1 4.43342E-1 3.90174E-1 2.99586E-1 3.01121E-1 4.34497E-1 2.17713E-1 7.14005E-1 6.42436E-1 6.37045E-1 3.78222E-1 2.49228E-1 6.20938E-1 5.07707E-1 3.57744E-1 3.30946E-1 3.65903E-1 5.36637E-1 5.72385E-1 4.23175E-1 6.57486E-1
-9999 -9999 -9999 -9999 -9999 -9999 -9999 -9999 -9999 -9999 -9999 -9999 -9999 -9999 -9999 -9999 -9999 -9999 -9999 -9999 -9999 -9999 -9999 -9999 -9999 -9999 -9999 -9999 -9999 -9999 -9999 -9999 -9999 -9999 -9999 3.46057E-1 3.72958E-1 3.49923E-1 4.30489E-1 3.26952E-1 3.4215E-1 3.04555E-1 3.13682E-1 3.19139E-1 4.38187E-1 5.81635E-1 5.12197E-1 7.53976E-1 3.55266E-1 7.00672E-1 5.12949E-1 6.31597E-1 5.62173E-1 4.86685E-1 4.36171E-1 4.57975E-1 5.3578E-1 5.93821E-1 2.39357E-1 7.80552E-1
-9999 -9999 -9999 -9999 -9999 -9999 -9999 -9999 -9999 -9999 -9999 -9999 -9999 -9999 -9999 -9999 -9999 -9999 -9999 -9999 -9999 -9999 -9999 -9999 -9999 -9999 -9999 -9999 -9999 -9999 -9999 -9999 -9999 -9999 -9999 2.73997E-1 3.28106E-1 3.34133E-1 4.46242E-1 3.0099E-1 3.00015E-1 2.79568E-1 2.738E-1 3.11796E-1 3.36054E-1 4.66202E-1 4.49418E-1 6.56768E-1 4.10752E-1 3.76896E-1 1.51974E-1 5.33878E-1 5.12391E-1 3.65358E-1 3.86916E-1 4.19086E-1 2.64631E-1 2.22817E-1 1.21968E-1 5.34997E-1
-9999 -9999 -9999 -9999 -9999 -9999 -9999 -9999 -9999 -9999 -9999 -9999 -9999 -9999 -9999 -9999 -9999 -9999 -9999 -9999 -9999 -9999 -9999 -9999 -9999 -9999 -9999 -9999 -9999 -9999 -9999 -9999 -9999 -9999 -9999 -9999 3.32746E-1 3.78563E-1 4.36264E-1 3.28586E-1 3.11398E-1 2.86768E-1 3.18997E-1 4.86164E-1 5.90617E-1 3.71923E-1 4.60626E-1 5.38121E-1 6.94711E-1 5.23751E-1 3.73945E-1 5.30764E-1 4.80747E-1 4.72938E-1 4.72221E-1 4.48894E-1 2.4402E-1 3.74033E-1 5.05656E-1 2.86187E-1
-9999 -9999 -9999 -9999 -9999 -9999 -9999 -9999 -9999 -9999 -9999 -9999 -9999 -9999 -9999 -9999 -9999 -9999 -9999 -9999 -9999 -9999 -9999 -9999 -9999 -9999 -9999 -9999 -9999 -9999 -9999 -9999 -9999 -9999 -9999 -9999 3.82358E-1 3.34416E-1 3.26707E-1 2.42209E-1 3.23716E-1 2.71111E-1 3.38845E-1 5.26646E-1 2.65172E-1 4.33353E-1 4.96204E-1 4.58345E-1 7.97915E-1 5.17026E-1 6.7519E-1 5.29645E-1 3.92637E-1 3.98064E-1 4.26068E-1 4.4407E-1 2.24713E-1 4.71094E-1 5.72352E-1 5.36638E-1
-9999 -9999 -9999 -9999 -9999 -9999 -9999 -9999 -9999 -9999 -9999 -9999 -9999 -9999 -9999 -9999 -9999 -9999 -9999 -9999 -9999 -9999 -9999 -9999 -9999 -9999 -9999 -9999 -9999 -9999 -9999 -9999 -9999 -9999 -9999 -9999 3.64964E-1 3.29792E-1 2.58111E-1 2.45563E-1 4.26672E-1 3.61952E-1 4.28403E-1 6.31595E-1 4.67653E-1 3.28669E-1 3.49636E-1 5.07117E-1 6.43904E-1 4.41679E-1 6.4811E-1 6.42131E-1 5.29242E-1 4.85839E-1 4.77428E-1 3.72145E-1 2.68772E-1 5.02761E-1 4.40702E-1 5.1028E-1
-9999 -9999 -9999 -9999 -9999 -9999 -9999 -9999 -9999 -9999 -9999 -9999 -9999 -9999 -9999 -9999 -9999 -9999 -9999 -9999 -9999 -9999 -9999 -9999 -9999 -9999 -9999 -9999 -9999 -9999 -9999 -9999 -9999 -9999 -9999 -9999 2.13766E-1 2.45607E-1 2.63297E-1 2.97051E-1 4.98727E-1 4.14713E-1 4.6455E-1 5.62132E-1 5.65105E-1 3.74184E-1 3.34894E-1 3.79412E-1 4.00158E-1 5.76691E-1 5.60284E-1 4.72845E-1 5.36307E-1 5.45546E-1 4.00662E-1 3.01468E-1 4.17867E-1 5.25755E-1 5.011E-1 4.98464E-1
-9999 -9999 -9999 -9999 -9999 -9999 -9999 -9999 -9999 -9999 -9999 -9999 -9999 -9999 -9999 -9999 -9999 -9999 -9999 -9999 -9999 -9999 -9999 -9999 -9999 -9999 -9999 -9999 -9999 -9999 -9999 -9999 -9999 -9999 -9999 -9999 -9999 2.87719E-1 3.27833E-1 3.56938E-1 5.41503E-1 4.86399E-1 4.93623E-1 5.12076E-1 5.38583E-1 5.73806E-1 4.27126E-1 3.80274E-1 3.54839E-1 3.62382E-1 4.59304E-1 4.30934E-1 4.53415E-1 5.09911E-1 2.37418E-1 4.25979E-1 4.37213E-1 4.70696E-1 4.63042E-1 4.84073E-1
-9999 -9999 -9999 -9999 -9999 -9999 -9999 -9999 -9999 -9999 -9999 -9999 -9999 -9999 -9999 -9999 -9999 -9999 -9999 -9999 -9999 -9999 -9999 -9999 -9999 -9999 -9999 -9999 -9999 -9999 -9999 -9999 -9999 -9999 -9999 -9999 -9999 -9999 3.39321E-1 4.0225E-1 5.03522E-1 5.77038E-1 4.83726E-1 4.66506E-1 6.04836E-1 5.87972E-1 4.7381E-1 4.46737E-1 3.84945E-1 3.38844E-1 4.13779E-1 4.74962E-1 4.9592E-1 1.62766E-1 4.61561E-1 4.30269E-1 4.65727E-1 3.82066E-1 4.00378E-1 4.56438E-1
-9999 -9999 -9999 -9999 -9999 -9999 -9999 -9999 -9999 -9999 -9999 -9999 -9999 -9999 -9999 -9999 -9999 -9999 -9999 -9999 -9999 -9999 -9999 -9999 -9999 -9999 -9999 -9999 -9999 -9999 -9999 -9999 -9999 -9999 -9999 -9999 -9999 -9999 -9999 -9999 3.48088E-1 4.80217E-1 5.80938E-1 5.3131E-1 5.4974E-1 7.21174E-1 6.33883E-1 4.92045E-1 4.28562E-1 3.7868E-1 3.70052E-1 4.41289E-1 2.32224E-1 5.23607E-1 4.74677E-1 4.98032E-1 4.07892E-1 3.56183E-1 3.58818E-1 4.1519E-1
