Phytophthora/models/20240429_1812_56/Phytophthora_PA1_RUN10_MAXENT_outputs/Phytophthora_PA1_RUN10.asc
ncols         225
nrows         269
xllcorner     473000.0
yllcorner     4429100.0
cellsize      50.0
NODATA_value  -9999
[rows 216 to 242 of 269, columns 120 to 179 of 225]
4.28083E-1 3.66051E-1 2.94784E-1 2.32656E-1 2.02914E-1 2.07936E-1 1.74411E-1 1.66683E-1 1.88429E-1 1.24107E-1 1.00955E-1 8.52446E-2 1.1214E-1 1.05256E-1 1.23068E-1 2.58846E-1 3.45639E-1 2.8975E-1 3.11384E-1 3.34952E-1 4.62796E-1 6.08134E-1 3.67797E-1 5.78136E-1 6.05068E-1 3.75618E-1 4.06403E-1 1.9583E-1 2.93785E-1 2.45748E-1 3.46223E-1 3.42854E-1 6.30878E-1 5.52341E-1 7.25164E-1 2.41006E-1 6.05514E-1 5.23083E-1 5.20564E-1 4.51273E-1 3.12991E-1 3.58844E-1 3.86408E-1 3.76173E-1 4.30522E-1 4.11684E-1 3.21666E-1 3.15826E-1 3.00806E-1 2.69311E-1 1.94466E-1 1.11384E-1 1.08503E-1 8.73151E-2 1.19313E-1 1.31048E-1 2.45599E-1 2.0856E-1 1.91433E-1 2.01595E-1
3.51542E-1 2.88067E-1 2.47146E-1 2.37741E-1 2.08473E-1 2.12693E-1 1.89196E-1 1.67915E-1 1.61146E-1 1.83301E-1 1.49199E-1 1.6923E-1 1.16844E-1 1.51633E-1 1.31686E-1 2.5992E-1 2.30989E-1 2.51316E-1 2.90963E-1 2.99558E-1 3.34974E-1 4.9881E-1 2.27374E-1 5.93513E-1 5.84259E-1 4.19279E-1 1.14261E-1 3.83174E-1 2.42202E-1 2.46869E-1 3.63803E-1 4.25641E-1 5.87853E-1 3.91383E-1 3.77636E-1 6.52407E-1 5.51983E-1 4.96973E-1 5.66525E-1 4.58733E-1 3.42831E-1 4.58755E-1 1.87263E-1 2.39152E-1 4.60495E-1 4.08897E-1 3.57707E-1 2.88936E-1 3.02586E-1 2.76013E-1 1.4937E-1 1.08087E-1 1.21564E-1 1.06393E-1 6.27229E-2 2.41683E-1 1.77488E-1 2.60121E-1 2.2155E-1 2.87905E-1
5.87462E-1 4.16529E-1 3.34686E-1 3.09288E-1 2.6704E-1 2.61088E-1 2.27318E-1 1.80091E-1 1.6052E-1 1.72383E-1 1.62388E-1 1.9138E-1 1.82976E-1 1.73638E-1 2.00186E-1 2.10836E-1 2.14474E-1 2.20979E-1 2.64267E-1 2.75626E-1 3.08572E-1 3.34448E-1 5.41046E-1 5.99498E-1 5.41628E-1 4.07518E-1 3.70548E-1 1.52763E-1 2.62844E-1 1.69128E-1 4.13993E-1 6.32042E-1 2.69015E-1 7.13334E-1 6.52655E-1 5.62638E-1 5.13297E-1 5.20189E-1 5.77898E-1 4.79652E-1 3.24278E-1 4.12375E-1 4.58904E-1 1.52159E-1 4.23096E-1 3.13911E-1 3.8803E-1 2.59516E-1 2.69187E-1 2.0743E-1 1.20412E-1 1.05904E-1 1.25397E-1 5.43753E-2 1.92878E-1 1.59887E-1 1.8501E-1 1.8641E-1 3.11765E-1 3.4176E-1
5.55166E-1 5.19001E-1 4.73884E-1 3.5925E-1 2.76712E-1 2.5625E-1 2.16464E-1 1.77471E-1 1.6984E-1 1.65396E-1 1.7227E-1 1.80838E-1 1.86823E-1 1.84413E-1 1.91502E-1 2.17821E-1 2.55212E-1 2.55327E-1 2.6536E-1 2.60539E-1 2.80344E-1 3.25048E-1 5.31799E-1 5.06243E-1 4.13315E-1 3.88761E-1 2.02685E-1 2.72995E-1 6.02421E-2 1.74708E-1 4.49799E-1 5.38433E-1 3.35111E-1 6.59385E-1 5.40676E-1 5.26115E-1 5.41837E-1 5.70348E-1 5.89146E-1 5.38833E-1 3.23316E-1 3.25832E-1 3.84401E-1 5.73791E-1 6.04747E-1 4.13174E-1 3.96411E-1 2.4622E-1 2.11888E-1 1.29307E-1 1.12958E-1 8.00918E-2 1.42796E-1 1.19508E-1 1.60458E-1 1.67757E-1 1.73749E-1 2.8285E-1 4.33586E-1 5.36659E-1
3.99072E-1 4.1002E-1 3.85672E-1 3.38547E-1 3.27725E-1 2.95301E-1 2.40518E-1 1.92448E-1 1.74883E-1 1.68912E-1 1.7925E-1 1.95285E-1 1.97789E-1 2.15361E-1 2.31114E-1 2.80215E-1 3.42773E-1 3.00643E-1 2.89029E-1 3.13206E-1 3.34115E-1 4.9601E-1 5.14441E-1 4.14754E-1 3.96313E-1 3.82451E-1 2.84143E-1 2.47727E-1 2.4544E-1 1.0659E-1 2.43933E-1 4.29265E-1 6.20704E-1 5.81656E-1 5.05041E-1 5.57708E-1 5.97829E-1 6.13707E-1 6.35631E-1 5.85331E-1 3.59549E-1 3.4273E-1 3.99656E-1 4.98771E-1 5.69303E-1 4.21033E-1 3.63168E-1 2.51534E-1 1.39139E-1 1.1688E-1 4.05138E-2 1.52479E-1 1.15963E-1 8.05763E-2 1.42005E-1 2.40039E-1 1.90807E-1 2.43457E-1 3.95285E-1 5.14421E-1
8.5263E-2 3.57231E-1 3.16001E-1 2.85888E-1 2.63123E-1 2.93972E-1 2.58447E-1 2.0238E-1 1.8412E-1 1.83296E-1 2.78403E-1 2.96161E-1 2.88701E-1 3.0713E-1 3.20029E-1 3.82595E-1 3.73583E-1 3.10982E-1 3.10444E-1 3.35154E-1 4.76626E-1 5.88347E-1 5.70819E-1 4.48944E-1 5.08526E-1 4.88175E-1 5.48367E-1 3.35895E-1 3.36715E-1 3.57398E-1 5.1655E-1 3.68657E-1 5.15821E-1 3.65933E-1 3.23188E-1 3.15569E-1 3.47659E-1 2.20408E-1 1.78727E-1 2.99831E-1 3.89336E-1 3.51417E-1 3.54656E-1 4.51741E-1 4.62704E-1 2.7969E-1 2.32009E-1 1.33488E-1 1.95971E-1 1.27451E-1 1.01331E-1 9.54922E-2 1.77591E-1 1.6004E-1 1.50558E-1 2.82025E-1 3.49185E-1 3.69047E-1 3.84183E-1 5.76848E-1
3.74313E-1 3.64754E-1 3.35476E-1 3.11125E-1 3.078E-1 3.43503E-1 3.03115E-1 2.38006E-1 2.03452E-1 2.12879E-1 3.62188E-1 4.04767E-1 3.41282E-1 3.73155E-1 3.93162E-1 4.73426E-1 4.08524E-1 3.46389E-1 3.74874E-1 3.69421E-1 6.74594E-1 6.37949E-1 5.84793E-1 5.66335E-1 7.23253E-1 3.66435E-1 4.36254E-1 3.2244E-1 3.20307E-1 3.70271E-1 4.19781E-1 3.47676E-1 4.96479E-1 3.20181E-1 3.9625E-1 3.35407E-1 3.33204E-1 3.39257E-1 3.53188E-1 1.82415E-1 4.0656E-1 3.65724E-1 3.26785E-1 2.8471E-1 2.71043E-1 1.77099E-1 1.51146E-1 1.37121E-1 4.17091E-2 1.15653E-1 1.34107E-1 1.31679E-1 2.01277E-1 2.81051E-1 2.26134E-1 2.61089E-1 4.02835E-1 4.85228E-1 4.81659E-1 5.29423E-1
3.25183E-1 3.226E-1 3.84031E-1 3.75918E-1 3.62365E-1 4.36277E-1 3.17698E-1 2.53852E-1 2.28357E-1 2.42427E-1 3.78171E-1 5.76023E-1 3.97178E-1 4.46487E-1 4.60315E-1 5.23095E-1 4.4697E-1 4.02122E-1 4.61652E-1 4.45624E-1 7.44731E-1 7.0554E-1 6.79976E-1 7.40919E-1 6.62332E-1 2.52522E-1 4.17107E-1 3.50797E-1 3.14602E-1 3.36E-1 3.25884E-1 3.51156E-1 4.40486E-1 3.85779E-1 3.60145E-1 2.85987E-1 2.78028E-1 2.96785E-1 3.31556E-1 1.36614E-1 4.25171E-1 3.93336E-1 3.44962E-1 3.13752E-1 2.57116E-1 1.70798E-1 1.54543E-1 1.41553E-1 1.19802E-1 1.42543E-1 2.61447E-1 2.91097E-1 3.1175E-1 3.1406E-1 3.37486E-1 5.06893E-1 4.32374E-1 3.96812E-1 3.91808E-1 4.34355E-1
3.79238E-1 4.12728E-1 5.22973E-1 4.63989E-1 4.77222E-1 4.64161E-1 3.26012E-1 2.80568E-1 2.4223E-1 2.90658E-1 4.19425E-1 5.95754E-1 5.7271E-1 5.33966E-1 4.98721E-1 5.5911E-1 5.96515E-1 4.98991E-1 5.70048E-1 5.13952E-1 7.37397E-1 7.55391E-1 7.3333E-1 4.59097E-1 6.68394E-1 4.80798E-1 4.17803E-1 3.64874E-1 3.0345E-1 2.78436E-1 2.54283E-1 3.42652E-1 3.6552E-1 2.62752E-1 2.60161E-1 2.29848E-1 2.54408E-1 2.91047E-1 3.29922E-1 1.8037E-1 1.11443E-1 4.00841E-1 3.70952E-1 3.60636E-1 3.17486E-1 2.28221E-1 1.84531E-1 1.5073E-1 1.27818E-1 2.47133E-1 2.51656E-1 2.36367E-1 1.85728E-1 1.81465E-1 2.32882E-1 3.71299E-1 3.92389E-1 3.79022E-1 3.62171E-1 3.85061E-1
5.41563E-1 6.02119E-1 6.39978E-1 2.2572E-1 6.19692E-1 4.36841E-1 3.31551E-1 2.82464E-1 2.26736E-1 2.78481E-1 4.86326E-1 6.25476E-1 6.74743E-1 6.31566E-1 5.75491E-1 5.79713E-1 6.95274E-1 6.10245E-1 2.72051E-1 7.16562E-1 7.20894E-1 5.49752E-1 6.29855E-1 6.72778E-1 6.18613E-1 4.56043E-1 4.13643E-1 3.43894E-1 2.90291E-1 4.55264E-1 2.04622E-1 3.41101E-1 2.68722E-1 2.21797E-1 2.61912E-1 2.40785E-1 2.61097E-1 3.38909E-1 3.58272E-1 2.28669E-1 1.97147E-1 4.09102E-1 4.17703E-1 4.26328E-1 4.51167E-1 3.22035E-1 3.10928E-1 1.84912E-1 7.88481E-2 1.60127E-1 2.0236E-1 2.39826E-1 2.40798E-1 2.09203E-1 2.25246E-1 3.13886E-1 3.46821E-1 3.87785E-1 3.96955E-1 1.24024E-1
5.36649E-1 7.20172E-1 3.59317E-1 6.50416E-1 5.06345E-1 3.16934E-1 2.68342E-1 2.10704E-1 1.69457E-1 2.10211E-1 3.95267E-1 5.70344E-1 6.31645E-1 5.60933E-1 4.4112E-1 2.46509E-1 4.01938E-1 5.46404E-1 6.90392E-1 5.83145E-1 6.27776E-1 6.12086E-1 2.92507E-1 5.94875E-1 5.40589E-1 4.58206E-1 4.09092E-1 3.63601E-1 3.88457E-1 4.3279E-1 1.24525E-1 2.25959E-1 2.26976E-1 1.89223E-1 2.26622E-1 2.46092E-1 3.13297E-1 3.39496E-1 3.23875E-1 2.51614E-1 4.36776E-1 2.4824E-1 2.84939E-1 4.35664E-1 4.49157E-1 4.98364E-1 4.86107E-1 4.4319E-1 7.58948E-2 1.45387E-1 1.19706E-1 1.31961E-1 1.55409E-1 1.84747E-1 2.18646E-1 3.05386E-1 3.33181E-1 3.76986E-1 1.79032E-1 3.84515E-1
4.6739E-1 4.54855E-1 5.92995E-1 4.14585E-1 3.57387E-1 2.14871E-1 2.44762E-1 1.6139E-1 1.99004E-1 2.87858E-1 3.79587E-1 5.74935E-1 6.29911E-1 6.84357E-1 5.84786E-1 6.2221E-1 6.66159E-1 6.95111E-1 6.87577E-1 4.99608E-1 6.64564E-1 5.88968E-1 2.36363E-1 5.62464E-1 4.81613E-1 4.23574E-1 4.00175E-1 3.6635E-1 4.8683E-1 3.55383E-1 1.19048E-1 2.38703E-1 1.84965E-1 1.98199E-1 2.34459E-1 3.09259E-1 3.13085E-1 3.08661E-1 3.19847E-1 1.51504E-1 4.12624E-1 4.00634E-1 3.6365E-1 3.79494E-1 3.99533E-1 3.10465E-1 3.96234E-1 4.46383E-1 2.11066E-1 1.48872E-1 1.27283E-1 1.37306E-1 1.80096E-1 2.06945E-1 2.46952E-1 3.44725E-1 3.62988E-1 3.93342E-1 3.05364E-1 3.72393E-1
4.94779E-1 6.15221E-1 5.55083E-1 3.87214E-1 3.33019E-1 2.10127E-1 2.36754E-1 1.67811E-1 1.5695E-1 2.00724E-1 4.50007E-1 5.55459E-1 5.94361E-1 6.44145E-1 4.91349E-1 5.48148E-1 5.95651E-1 6.66944E-1 5.75939E-1 5.29521E-1 7.0572E-1 6.07925E-1 2.47547E-1 5.29199E-1 4.80484E-1 4.83412E-1 4.6742E-1 4.38997E-1 4.69156E-1 2.37979E-1 1.51507E-1 2.11543E-1 2.36483E-1 3.0767E-1 3.43718E-1 3.93646E-1 3.36574E-1 3.07512E-1 2.88142E-1 2.6439E-1 3.93897E-1 3.79209E-1 4.41086E-1 4.41093E-1 3.92215E-1 3.02261E-1 2.72349E-1 4.58524E-1 3.9148E-1 3.00179E-1 1.89256E-1 1.92301E-1 2.38406E-1 2.28613E-1 2.88713E-1 3.79355E-1 3.87789E-1 1.3576E-1 4.41338E-1 4.58464E-1
4.01884E-1 5.5411E-1 4.09358E-1 3.38879E-1 2.93333E-1 2.1684E-1 2.30008E-1 1.67169E-1 1.42709E-1 1.75418E-1 3.69619E-1 5.19723E-1 5.40948E-1 5.96746E-1 3.91846E-1 3.94924E-1 4.42846E-1 4.81528E-1 7.1477E-1 6.79047E-1 4.39833E-1 2.87795E-1 6.69991E-1 5.57802E-1 6.4491E-1 6.51856E-1 5.481E-1 4.32634E-1 4.66824E-1 1.52652E-1 2.24489E-1 2.6655E-1 2.44648E-1 3.76794E-1 3.66292E-1 3.50473E-1 3.06918E-1 3.39821E-1 1.44049E-1 3.59366E-1 4.15165E-1 3.71198E-1 4.04048E-1 4.13684E-1 4.23113E-1 3.60454E-1 3.44397E-1 2.87806E-1 4.23143E-1 3.56189E-1 3.14188E-1 3.77929E-1 4.25565E-1 3.607E-1 3.15434E-1 4.02805E-1 2.40775E-1 4.44411E-1 4.17453E-1 3.87371E-1
3.44866E-1 4.33467E-1 2.42668E-1 2.53022E-1 2.71712E-1 1.92847E-1 1.7535E-1 1.40783E-1 1.28724E-1 1.63941E-1 2.64567E-1 4.58979E-1 4.84304E-1 4.68958E-1 3.28256E-1 3.85919E-1 4.26619E-1 5.13752E-1 5.2253E-1 4.18232E-1 7.41855E-1 7.25173E-1 7.12382E-1 6.79941E-1 6.41423E-1 4.0624E-1 4.92575E-1 4.15056E-1 2.84844E-1 2.10315E-1 2.65261E-1 2.73859E-1 3.24537E-1 3.65213E-1 2.98277E-1 3.12178E-1 3.2288E-1 8.25924E-2 3.59047E-1 1.74851E-1 2.45038E-1 4.15345E-1 4.12146E-1 4.16959E-1 4.98687E-1 5.04079E-1 5.30426E-1 1.39044E-1 2.88145E-1 2.16115E-1 1.92298E-1 2.00893E-1 2.18306E-1 2.29363E-1 3.05448E-1 4.07943E-1 2.56868E-1 4.21658E-1 3.89351E-1 3.5632E-1
1.53545E-1 1.33139E-1 1.31995E-1 1.36377E-1 1.35608E-1 1.75292E-1 1.54902E-1 1.28667E-1 1.32831E-1 1.68319E-1 2.85694E-1 3.23286E-1 3.90731E-1 2.81341E-1 3.00575E-1 4.21481E-1 4.59746E-1 5.87286E-1 4.15057E-1 6.98181E-1 6.94819E-1 6.84127E-1 6.68538E-1 6.36594E-1 3.91661E-1 2.56899E-1 2.09574E-1 3.55735E-1 9.15686E-2 2.33249E-1 2.42167E-1 2.48137E-1 2.31926E-1 2.00873E-1 2.25916E-1 2.81924E-1 3.17286E-1 1.56292E-1 3.46077E-1 3.42092E-1 1.2767E-1 8.10846E-2 3.08318E-1 3.08723E-1 3.31599E-1 2.26014E-1 1.93902E-1 5.10879E-2 1.59147E-1 1.26191E-1 2.07122E-1 2.42421E-1 2.90854E-1 3.45488E-1 4.25029E-1 2.18768E-1 5.61795E-1 5.24367E-1 4.74809E-1 4.16507E-1
1.19306E-1 1.07569E-1 1.18434E-1 1.18359E-1 1.07392E-1 1.67464E-1 1.5679E-1 1.47946E-1 1.61096E-1 1.74205E-1 3.11726E-1 2.98983E-1 4.22411E-1 2.66779E-1 3.26228E-1 4.53928E-1 5.03924E-1 5.59014E-1 5.18707E-1 6.54947E-1 6.25976E-1 6.66158E-1 4.71901E-1 3.79382E-1 3.14896E-1 2.2229E-1 3.91387E-1 1.53344E-1 1.49834E-1 2.76733E-1 2.36414E-1 2.0035E-1 1.88732E-1 2.07463E-1 2.3154E-1 2.8765E-1 3.30652E-1 3.53684E-1 4.05853E-1 3.14195E-1 2.9998E-1 3.07591E-1 3.11033E-1 3.42926E-1 1.16355E-1 1.2079E-1 1.45763E-1 1.80904E-1 1.33798E-1 1.18014E-1 2.32182E-1 2.7131E-1 3.62872E-1 3.96756E-1 1.40111E-1 5.52929E-1 5.25746E-1 4.92102E-1 4.47747E-1 4.09915E-1
1.97889E-1 1.75384E-1 1.49418E-1 1.20256E-1 1.1948E-1 1.89221E-1 1.8048E-1 1.62887E-1 1.87123E-1 3.0749E-1 2.91303E-1 3.01494E-1 3.8603E-1 2.64049E-1 3.72992E-1 5.52376E-1 5.37054E-1 3.73402E-1 5.63883E-1 5.59061E-1 6.3671E-1 4.17708E-1 3.63401E-1 3.4124E-1 3.29868E-1 4.02166E-1 2.79965E-1 1.26774E-1 2.40226E-1 2.26877E-1 2.23783E-1 1.75977E-1 1.66514E-1 2.11196E-1 2.48428E-1 3.0929E-1 2.55369E-1 5.75601E-1 3.41207E-1 2.62894E-1 3.28846E-1 2.96217E-1 2.91317E-1 2.01112E-1 4.00835E-1 1.65543E-1 3.6141E-1 2.74783E-1 1.51836E-1 1.19897E-1 2.64547E-1 3.09926E-1 3.6861E-1 3.85449E-1 4.3215E-1 5.61387E-1 5.09903E-1 4.67899E-1 4.21132E-1 4.00846E-1
2.14669E-1 1.83646E-1 1.62893E-1 1.48761E-1 1.67846E-1 2.597E-1 2.30727E-1 1.86173E-1 1.9008E-1 3.16736E-1 2.70568E-1 3.00109E-1 3.5512E-1 2.65066E-1 3.23536E-1 4.51818E-1 4.89693E-1 4.94779E-1 5.05375E-1 3.96482E-1 5.92954E-1 5.92737E-1 5.12532E-1 4.41263E-1 3.34288E-1 2.21533E-1 1.64007E-1 1.43966E-1 2.77029E-1 2.95867E-1 2.54565E-1 1.68894E-1 1.84878E-1 2.58982E-1 2.99537E-1 4.00286E-1 4.93589E-1 4.45488E-1 3.10102E-1 2.83838E-1 2.75704E-1 2.98232E-1 9.62716E-2 3.94971E-1 3.53707E-2 2.0783E-1 1.37203E-1 1.43335E-1 1.55931E-1 1.75233E-1 3.15441E-1 3.30192E-1 3.34595E-1 4.43783E-1 2.711E-1 6.03511E-1 5.25944E-1 4.61465E-1 4.27831E-1 3.98757E-1
1.76739E-1 2.02539E-1 1.97709E-1 1.83527E-1 2.05634E-1 2.91042E-1 2.61226E-1 2.25765E-1 2.03446E-1 2.67671E-1 3.38051E-1 4.00042E-1 2.29564E-1 2.36011E-1 3.06091E-1 4.12268E-1 4.82097E-1 4.45986E-1 4.46836E-1 2.04138E-1 5.90651E-1 5.31754E-1 4.73296E-1 4.06062E-1 3.27281E-1 2.79416E-1 3.01229E-1 3.21897E-1 3.31595E-1 2.42055E-1 1.44442E-1 1.4177E-1 1.71873E-1 2.35311E-1 2.85899E-1 4.94577E-1 5.45616E-1 1.16597E-1 3.4545E-1 3.3469E-1 3.15431E-1 3.22348E-1 9.05931E-2 3.71978E-1 7.18712E-2 1.77772E-1 1.64357E-1 1.23496E-1 1.10485E-1 1.14271E-1 2.32079E-1 2.39638E-1 3.41052E-1 4.39918E-1 2.4715E-1 5.67374E-1 5.19863E-1 4.90723E-1 4.2494E-1 3.69805E-1
2.93413E-1 3.45898E-1 3.33107E-1 2.97771E-1 3.07346E-1 3.09941E-1 2.7526E-1 2.63332E-1 2.40662E-1 3.12758E-1 4.58096E-1 5.05702E-1 3.73539E-1 2.78602E-1 3.36371E-1 4.76148E-1 5.15473E-1 4.81173E-1 4.96374E-1 5.79805E-1 6.04896E-1 6.04465E-1 5.69733E-1 5.75934E-1 5.5898E-1 3.93878E-1 4.05078E-1 3.89462E-1 4.0083E-1 2.13204E-1 1.37053E-1 1.55404E-1 1.40053E-1 2.22344E-1 3.02457E-1 4.34944E-1 4.71003E-1 3.27442E-1 1.94997E-1 2.77457E-1 1.91893E-1 3.06587E-1 4.26924E-1 4.07011E-1 9.26338E-2 1.26361E-1 1.48725E-1 1.14432E-1 9.51621E-2 1.13378E-1 3.34378E-1 4.03775E-1 4.52138E-1 5.20739E-1 2.72277E-1 6.06962E-1 5.85879E-1 5.14438E-1 4.67332E-1 4.30903E-1
3.94781E-1 3.76922E-1 3.91967E-1 3.45765E-1 3.53305E-1 3.6171E-1 3.26086E-1 3.43682E-1 3.20031E-1 3.8385E-1 5.10955E-1 5.44696E-1 4.3415E-1 3.1444E-1 3.21691E-1 4.14681E-1 4.32906E-1 4.2637E-1 4.38321E-1 4.51746E-1 6.68424E-1 6.46144E-1 6.52173E-1 5.11573E-1 5.26167E-1 4.23258E-1 4.52711E-1 4.25234E-1 4.63087E-1 2.76859E-1 2.0826E-1 1.67961E-1 1.60605E-1 3.57538E-1 3.85756E-1 4.39573E-1 2.63413E-1 3.09087E-1 7.58751E-2 1.06585E-1 2.10951E-1 4.14017E-1 3.76065E-1 3.94759E-1 4.34689E-1 3.10563E-1 1.83325E-1 1.41342E-1 1.02703E-1 1.42315E-1 4.0353E-1 4.37905E-1 4.47529E-1 4.78098E-1 2.24769E-1 6.71442E-1 5.94166E-1 5.36646E-1 5.03679E-1 4.46284E-1
2.38751E-1 2.95019E-1 2.29111E-1 1.11999E-1 9.54275E-2 1.34873E-1 1.87276E-1 3.66155E-1 4.10946E-1 5.02566E-1 5.35525E-1 6.0509E-1 4.59291E-1 3.63369E-1 3.52606E-1 4.06897E-1 3.68863E-1 3.95795E-1 4.62546E-1 3.90562E-1 6.25022E-1 6.59104E-1 5.13983E-1 5.23227E-1 6.33288E-1 4.60326E-1 4.72293E-1 4.80566E-1 5.25653E-1 3.24698E-1 2.1305E-1 1.80271E-1 2.62467E-1 3.7777E-1 4.20106E-1 4.41778E-1 2.70927E-1 2.77027E-1 3.13536E-1 3.43412E-1 2.40601E-1 4.60678E-1 4.3077E-1 4.18399E-1 4.43025E-1 1.61989E-1 1.80823E-1 1.3245E-1 1.18039E-1 2.05627E-1 5.20986E-1 5.93228E-1 6.62597E-1 6.59991E-1 6.62923E-1 5.9252E-1 6.38848E-1 5.82702E-1 5.29843E-1 4.68686E-1
6.20562E-1 5.9345E-1 4.36591E-1 3.54016E-1 3.4843E-1 3.5669E-1 3.49236E-1 1.58202E-1 1.90974E-1 5.36718E-1 5.43734E-1 6.59453E-1 4.99328E-1 4.06289E-1 3.88844E-1 4.52265E-1 4.28446E-1 4.12944E-1 4.55059E-1 4.63514E-1 5.98964E-1 5.56549E-1 4.96888E-1 5.31463E-1 6.48034E-1 5.00991E-1 4.92616E-1 5.38729E-1 5.94529E-1 3.68635E-1 2.27738E-1 2.23203E-1 4.15424E-1 3.97107E-1 3.13829E-1 1.19208E-1 3.09285E-1 1.26248E-1 3.24978E-1 3.32064E-1 4.49081E-1 4.36665E-1 4.29753E-1 3.77454E-1 1.31971E-1 1.36988E-1 1.42705E-1 1.38868E-1 1.57093E-1 2.84254E-1 6.92047E-1 7.30453E-1 3.97585E-1 4.55791E-1 6.35974E-1 5.38041E-1 6.3143E-1 5.96239E-1 5.41668E-1 4.93302E-1
4.0284E-1 3.40242E-1 2.66442E-1 2.93158E-1 3.19915E-1 3.54439E-1 2.15738E-1 4.4627E-1 4.12986E-1 5.01515E-1 2.43978E-1 5.35847E-1 4.87022E-1 4.41644E-1 4.20065E-1 4.87883E-1 4.78211E-1 4.60996E-1 4.76251E-1 4.64929E-1 5.8704E-1 5.16736E-1 5.43664E-1 5.50396E-1 6.58307E-1 5.05994E-1 4.91594E-1 6.01937E-1 5.04054E-1 3.47853E-1 2.38216E-1 3.02539E-1 9.8706E-2 2.39871E-1 2.80515E-1 2.99493E-1 1.53669E-1 2.50976E-1 3.07586E-1 3.00221E-1 4.21819E-1 4.24231E-1 3.9044E-1 2.6619E-1 2.43321E-1 1.63014E-1 1.81851E-1 2.22799E-1 2.54082E-1 3.55265E-1 6.86021E-1 6.85564E-1 3.1161E-1 6.33522E-1 1.80182E-1 5.80078E-1 6.23206E-1 5.84404E-1 5.44701E-1 4.67867E-1
4.13371E-1 3.38671E-1 3.17764E-1 3.89595E-1 4.23564E-1 4.52539E-1 2.07316E-1 5.28499E-1 6.24432E-1 5.61961E-1 7.57074E-1 6.5843E-1 4.664E-1 6.53153E-1 6.21483E-1 5.55852E-1 5.41445E-1 5.20412E-1 6.07534E-1 5.48429E-1 3.11121E-1 2.78991E-1 3.18462E-1 4.11281E-1 4.1556E-1 4.25442E-1 5.00205E-1 5.07912E-1 4.10854E-1 1.4943E-1 1.21108E-1 3.6842E-1 4.46748E-1 3.67044E-1 2.98369E-1 2.995E-1 3.46655E-1 1.80056E-1 3.38808E-1 2.92159E-1 3.12152E-1 3.13658E-1 3.33549E-1 1.28364E-1 2.52713E-1 2.53736E-1 2.67027E-1 3.13466E-1 3.58652E-1 4.04454E-1 3.11422E-1 3.31611E-1 8.99787E-2 2.34026E-1 3.21396E-1 5.98533E-1 5.93967E-1 5.67636E-1 5.45236E-1 5.65606E-1
3.49858E-1 3.4191E-1 3.73447E-1 4.17557E-1 4.57028E-1 2.21306E-1 4.47149E-1 4.52671E-1 5.94212E-1 4.80488E-1 7.70805E-1 7.19421E-1 6.56322E-1 6.80209E-1 6.55584E-1 5.63763E-1 5.01409E-1 4.81082E-1 5.14137E-1 5.55256E-1 1.64815E-1 2.99061E-1 3.63457E-1 3.54193E-1 3.43042E-1 4.51166E-1 4.95799E-1 3.5177E-1 3.91971E-1 1.99127E-1 1.69463E-1 5.03458E-1 4.47858E-1 5.03447E-1 3.30984E-1 2.85198E-1 3.42221E-1 2.61656E-1 3.62689E-1 2.86487E-1 2.08508E-1 2.42925E-1 2.52676E-1 1.46902E-1 2.96437E-1 1.94838E-1 2.55783E-1 3.28026E-1 2.72748E-1 2.66711E-1 3.06313E-1 7.76706E-2 1.82358E-1 2.27884E-1 2.8954E-1 6.57571E-1 5.52E-1 5.87342E-1 5.45853E-1 5.77052E-1
