Phytophthora/models/20240529_1714_25/Phytophthora_PA3_RUN5_MAXENT_outputs/projMaxent.asc
ncols         225
nrows         269
xllcorner     473009.9838
yllcorner     4429051.1748
cellsize      50.0
NODATA_value  -9999
[rows 182 to 207 of 269, columns 118 to 176 of 225]
6.18023E-1 6.11897E-1 7.97216E-1 6.99067E-1 4.8147E-1 5.53216E-1 6.11256E-1 7.09593E-1 7.13139E-1 7.17817E-1 7.19282E-1 4.78686E-1 4.23942E-1 3.5267E-1 2.41373E-1 2.5729E-1 2.7454E-1 2.84205E-1 2.07276E-1 2.73188E-1 4.00084E-1 4.45207E-1 3.76632E-1 4.61591E-1 5.68369E-1 4.4535E-1 4.05979E-1 2.40731E-1 1.60515E-1 1.28558E-1 9.64638E-2 8.16165E-2 8.20818E-2 9.97808E-2 2.92922E-1 5.27533E-1 6.07932E-1 4.24359E-1 2.64791E-1 3.99292E-1 4.68875E-1 3.16801E-1 6.61949E-1 7.23026E-1 4.60722E-1 4.51839E-1 4.71313E-1 3.11191E-1 1.98586E-1 3.56655E-1 4.45234E-1 4.12358E-1 2.97955E-1 3.10416E-1 4.65277E-1 4.42159E-1 4.38154E-1 5.00323E-1 5.05308E-1
5.28792E-1 5.36538E-1 5.77025E-1 6.7275E-1 5.73345E-1 4.1255E-1 6.55406E-1 7.07007E-1 7.11502E-1 7.21759E-1 7.17624E-1 6.10118E-1 5.01606E-1 5.2314E-1 2.94459E-1 2.94603E-1 3.35972E-1 3.9503E-1 3.01092E-1 1.9846E-1 3.46726E-1 6.11798E-1 5.31502E-1 5.45345E-1 5.29115E-1 3.73101E-1 3.55872E-1 2.79685E-1 2.28031E-1 1.98866E-1 1.00145E-1 8.28172E-2 8.32435E-2 1.25847E-1 2.58897E-1 4.78663E-1 3.45995E-1 2.84048E-1 2.642E-1 4.26955E-1 5.04428E-1 4.26675E-1 7.14214E-1 7.53967E-1 4.97628E-1 4.27111E-1 4.39885E-1 2.94757E-1 2.48648E-1 3.38331E-1 5.57223E-1 3.83328E-1 2.17889E-1 2.4361E-1 4.14829E-1 4.67388E-1 4.86443E-1 4.87317E-1 3.83771E-1
5.02903E-1 5.39535E-1 5.85466E-1 6.43818E-1 6.94402E-1 5.39669E-1 4.59156E-1 6.71889E-1 5.70735E-1 6.45396E-1 6.73494E-1 7.18503E-1 7.24377E-1 6.19003E-1 3.89929E-1 2.86942E-1 2.25037E-1 3.11868E-1 3.65637E-1 2.36984E-1 2.34492E-1 2.7196E-1 5.73013E-1 5.05797E-1 2.9055E-1 5.36253E-1 2.66652E-1 2.44689E-1 2.89509E-1 2.316E-1 1.45751E-1 1.01464E-1 8.29938E-2 1.17268E-1 2.05587E-1 2.16026E-1 1.8357E-1 2.15263E-1 3.56537E-1 4.44879E-1 4.99971E-1 5.61408E-1 7.68431E-1 7.91526E-1 5.55859E-1 2.6841E-1 4.14039E-1 4.00847E-1 3.86592E-1 6.4581E-1 6.64007E-1 5.48644E-1 3.6389E-1 3.02045E-1 2.73978E-1 2.56242E-1 2.87045E-1 3.89758E-1 6.79422E-1
5.28644E-1 5.36751E-1 6.08285E-1 7.28005E-1 7.56443E-1 6.21434E-1 4.11736E-1 6.38093E-1 6.91741E-1 7.09397E-1 6.99717E-1 7.23477E-1 7.2452E-1 7.22934E-1 6.6169E-1 4.3153E-1 2.37756E-1 2.19474E-1 2.77831E-1 2.4859E-1 2.04945E-1 1.72358E-1 5.32999E-1 4.31726E-1 2.73576E-1 2.45816E-1 2.80729E-1 2.12885E-1 2.37524E-1 2.17548E-1 1.87331E-1 1.25921E-1 1.25115E-1 1.65048E-1 2.90927E-1 3.66967E-1 3.39321E-1 4.34793E-1 6.12322E-1 4.57111E-1 4.48728E-1 7.0374E-1 8.20965E-1 8.17187E-1 7.60478E-1 3.65792E-1 4.3849E-1 2.94158E-1 3.51087E-1 3.52674E-1 2.40264E-1 2.1718E-1 3.07648E-1 2.85007E-1 2.79564E-1 3.30147E-1 4.3704E-1 5.05586E-1 7.49066E-1
5.91854E-1 5.25249E-1 6.39957E-1 7.44735E-1 7.71279E-1 7.36936E-1 6.32145E-1 5.61324E-1 7.02993E-1 7.06314E-1 7.08359E-1 7.21472E-1 7.19152E-1 7.20559E-1 7.28374E-1 6.2532E-1 3.76345E-1 2.59382E-1 2.53962E-1 2.05688E-1 2.00144E-1 4.47515E-1 4.75697E-1 4.75379E-1 3.03177E-1 2.14072E-1 3.30014E-1 2.72156E-1 2.49169E-1 2.31678E-1 1.55629E-1 1.28762E-1 1.70393E-1 1.70806E-1 2.64351E-1 4.74494E-1 6.80641E-1 8.07226E-1 7.81468E-1 5.66033E-1 5.18532E-1 7.68963E-1 8.40114E-1 7.98994E-1 7.259E-1 2.46041E-1 3.76542E-1 4.37382E-1 2.98925E-1 2.71361E-1 1.88248E-1 1.60605E-1 1.85251E-1 2.75287E-1 3.18716E-1 4.67008E-1 5.33389E-1 5.77566E-1 7.33508E-1
6.57947E-1 5.67052E-1 5.81828E-1 6.37444E-1 6.77871E-1 7.44938E-1 5.55763E-1 4.32284E-1 6.65191E-1 6.99425E-1 7.00599E-1 7.14583E-1 7.14397E-1 7.29856E-1 7.48548E-1 7.35931E-1 5.16528E-1 3.2859E-1 2.48996E-1 2.88851E-1 3.74498E-1 7.1918E-1 8.09986E-1 5.96596E-1 2.77773E-1 2.27453E-1 3.6159E-1 3.19683E-1 2.62484E-1 2.57192E-1 2.05976E-1 1.59749E-1 1.98673E-1 2.07596E-1 3.97215E-1 5.71449E-1 7.91555E-1 8.2932E-1 6.74298E-1 5.43534E-1 5.27729E-1 6.99725E-1 8.44051E-1 7.77888E-1 7.43699E-1 2.86132E-1 2.6008E-1 4.34816E-1 2.90871E-1 2.64243E-1 2.09083E-1 1.8295E-1 2.13529E-1 2.69164E-1 3.53933E-1 5.17324E-1 5.27477E-1 6.07477E-1 6.64658E-1
6.70744E-1 5.69452E-1 5.84279E-1 5.80813E-1 6.34706E-1 7.58856E-1 5.62596E-1 3.88209E-1 6.044E-1 6.84532E-1 6.81675E-1 7.22807E-1 7.34767E-1 7.51727E-1 7.74954E-1 7.63626E-1 5.61097E-1 4.17052E-1 2.60658E-1 1.87038E-1 5.93248E-1 7.664E-1 7.92974E-1 7.53799E-1 4.94621E-1 2.06616E-1 1.9108E-1 2.51772E-1 2.22069E-1 2.31623E-1 2.2834E-1 1.82424E-1 2.21144E-1 2.34062E-1 2.93342E-1 5.71402E-1 7.29513E-1 7.08566E-1 5.58127E-1 4.6777E-1 4.42272E-1 5.80311E-1 6.47865E-1 7.98983E-1 7.30979E-1 2.75792E-1 2.28626E-1 2.94305E-1 2.28988E-1 2.09638E-1 1.94723E-1 2.42148E-1 2.76887E-1 3.2487E-1 4.20338E-1 5.1715E-1 5.24464E-1 5.50849E-1 6.58886E-1
6.37264E-1 5.24963E-1 5.86421E-1 7.31211E-1 8.08546E-1 7.729E-1 7.26882E-1 5.79901E-1 3.96955E-1 6.6641E-1 6.89974E-1 7.47282E-1 7.5922E-1 7.75093E-1 8.00249E-1 7.88042E-1 6.30278E-1 4.15442E-1 2.02998E-1 3.94996E-1 5.74746E-1 5.89781E-1 4.9156E-1 5.22671E-1 5.25756E-1 1.62565E-1 1.11421E-1 2.1902E-1 2.80954E-1 3.09587E-1 3.37769E-1 2.94809E-1 3.75133E-1 3.98755E-1 2.45073E-1 4.395E-1 4.29715E-1 4.72108E-1 5.17056E-1 4.59064E-1 4.66366E-1 5.44039E-1 6.27102E-1 8.25073E-1 7.74721E-1 2.44024E-1 2.12212E-1 2.38912E-1 2.1604E-1 2.69954E-1 2.38558E-1 3.47764E-1 3.61136E-1 3.69911E-1 4.29621E-1 4.62283E-1 4.94604E-1 5.28535E-1 5.83203E-1
8.0288E-1 8.08273E-1 7.26668E-1 6.47909E-1 6.04733E-1 6.63288E-1 7.16094E-1 6.47268E-1 6.17272E-1 6.7301E-1 7.34557E-1 7.69018E-1 7.8222E-1 7.84597E-1 7.9422E-1 6.82934E-1 5.2411E-1 2.78365E-1 3.32632E-1 4.40802E-1 4.18721E-1 3.92186E-1 4.00641E-1 4.84439E-1 4.13841E-1 1.32315E-1 1.30123E-1 3.1121E-1 4.67167E-1 5.27628E-1 4.36775E-1 4.49868E-1 5.37091E-1 4.62675E-1 2.92267E-1 4.33607E-1 3.88918E-1 4.07641E-1 4.09143E-1 3.36531E-1 4.36665E-1 5.24393E-1 6.80662E-1 8.19321E-1 8.11517E-1 6.65994E-1 2.2291E-1 2.20988E-1 1.83963E-1 2.87888E-1 2.84408E-1 3.50711E-1 3.96317E-1 4.45191E-1 4.13206E-1 4.88404E-1 4.83787E-1 5.60351E-1 4.74989E-1
7.92719E-1 6.54935E-1 4.56746E-1 5.79269E-1 5.61366E-1 6.38775E-1 7.01622E-1 7.24638E-1 6.87484E-1 7.06114E-1 7.4446E-1 7.31264E-1 7.89661E-1 6.69503E-1 5.21753E-1 4.24724E-1 2.93459E-1 4.66843E-1 3.87541E-1 4.44039E-1 3.77907E-1 3.314E-1 3.29089E-1 4.82302E-1 4.95767E-1 1.63849E-1 2.2805E-1 3.8119E-1 4.07578E-1 4.21265E-1 4.64726E-1 4.66302E-1 5.0393E-1 4.48872E-1 2.59753E-1 3.53834E-1 4.30556E-1 4.14057E-1 4.01383E-1 3.50935E-1 4.09204E-1 5.33538E-1 7.92935E-1 8.01895E-1 7.98104E-1 7.77893E-1 6.42268E-1 1.19094E-1 7.92878E-2 1.03037E-1 1.48955E-1 2.96837E-1 3.84101E-1 4.46559E-1 3.73874E-1 4.74514E-1 6.53498E-1 7.52764E-1 5.5319E-1
7.84412E-1 6.06918E-1 4.34307E-1 5.46902E-1 5.60139E-1 5.18636E-1 6.50117E-1 6.7013E-1 6.73077E-1 7.15407E-1 7.34199E-1 7.17034E-1 4.90773E-1 3.73022E-1 4.18566E-1 2.7014E-1 3.50991E-1 4.33938E-1 4.25058E-1 4.90114E-1 4.98457E-1 4.20227E-1 3.23775E-1 4.19185E-1 4.74208E-1 2.81967E-1 2.39255E-1 4.4324E-1 4.36123E-1 4.46059E-1 4.39193E-1 4.89547E-1 5.65877E-1 4.63941E-1 2.66592E-1 3.27902E-1 4.18127E-1 4.43109E-1 4.60502E-1 4.04348E-1 4.24216E-1 5.59485E-1 7.71483E-1 7.83102E-1 7.78813E-1 7.64551E-1 6.55095E-1 4.82958E-1 1.96172E-1 1.84553E-1 1.58794E-1 2.00204E-1 2.45631E-1 2.40721E-1 2.28681E-1 3.14733E-1 8.50086E-1 9.09759E-1 6.14988E-1
7.83723E-1 5.88154E-1 3.87717E-1 5.65131E-1 5.92301E-1 4.48428E-1 6.05888E-1 6.80365E-1 6.83875E-1 7.75966E-1 6.6734E-1 4.43273E-1 5.47162E-1 4.33593E-1 3.66871E-1 2.799E-1 2.48975E-1 4.32007E-1 3.71112E-1 6.38566E-1 5.25944E-1 3.32107E-1 2.68845E-1 3.54749E-1 3.64564E-1 2.2638E-1 2.61681E-1 4.87117E-1 5.8514E-1 5.33953E-1 4.45108E-1 4.17709E-1 4.3821E-1 3.99935E-1 3.54758E-1 4.34706E-1 4.55719E-1 4.82921E-1 4.78337E-1 3.98741E-1 4.18877E-1 6.29038E-1 7.49359E-1 7.5435E-1 7.38652E-1 7.38617E-1 6.56517E-1 5.22891E-1 5.1174E-1 5.37675E-1 4.09161E-1 4.59585E-1 3.94443E-1 3.79461E-1 3.82079E-1 4.26949E-1 8.89353E-1 7.76742E-1 4.35129E-1
7.52676E-1 5.75253E-1 4.34466E-1 5.52733E-1 6.17298E-1 6.06463E-1 4.72741E-1 7.08853E-1 7.73023E-1 8.37548E-1 8.06886E-1 5.82239E-1 4.31777E-1 4.62135E-1 5.08076E-1 3.58968E-1 3.33545E-1 3.85512E-1 3.99904E-1 4.93396E-1 4.70731E-1 3.70302E-1 3.09877E-1 4.1194E-1 2.91792E-1 2.14071E-1 3.03353E-1 4.46585E-1 4.83208E-1 5.85632E-1 5.21051E-1 4.25562E-1 3.00731E-1 2.89308E-1 4.33953E-1 5.45464E-1 6.13833E-1 5.64418E-1 5.19395E-1 3.88195E-1 4.02555E-1 7.85958E-1 7.80961E-1 7.7157E-1 7.64896E-1 6.76954E-1 5.84944E-1 5.32432E-1 5.24781E-1 5.65041E-1 5.52774E-1 5.52841E-1 5.56945E-1 5.4927E-1 4.54992E-1 4.38423E-1 8.65452E-1 8.34587E-1 5.15027E-1
7.34118E-1 6.23469E-1 5.64102E-1 4.20412E-1 5.63446E-1 6.03511E-1 4.18696E-1 8.04951E-1 8.05316E-1 7.8745E-1 6.13607E-1 5.05994E-1 5.10033E-1 5.40951E-1 5.3131E-1 4.20285E-1 3.95194E-1 3.96687E-1 3.17132E-1 3.34595E-1 3.99427E-1 4.74721E-1 3.97187E-1 5.15628E-1 4.0311E-1 3.2833E-1 3.38446E-1 4.07737E-1 4.80765E-1 5.30231E-1 5.58402E-1 4.74502E-1 3.40048E-1 2.88948E-1 5.03068E-1 7.00441E-1 6.68713E-1 6.22667E-1 5.34598E-1 4.81517E-1 4.50234E-1 7.67072E-1 8.04829E-1 7.57419E-1 6.07515E-1 5.84461E-1 5.41444E-1 5.87E-1 5.96665E-1 6.29588E-1 5.29105E-1 4.71217E-1 5.62742E-1 5.5776E-1 5.54905E-1 6.14626E-1 8.14697E-1 7.47909E-1 4.28749E-1
4.23672E-1 7.72237E-1 6.5213E-1 4.91955E-1 4.45934E-1 5.69761E-1 5.00307E-1 6.27089E-1 8.05046E-1 7.09159E-1 4.43985E-1 2.51561E-1 2.66179E-1 3.34722E-1 3.62827E-1 3.97375E-1 3.8398E-1 4.79136E-1 3.26307E-1 2.47023E-1 2.9966E-1 4.63786E-1 5.73739E-1 6.13841E-1 5.49299E-1 3.53653E-1 2.80183E-1 4.79456E-1 5.14022E-1 5.38841E-1 5.36212E-1 4.99289E-1 3.89562E-1 3.66395E-1 5.23412E-1 6.67273E-1 6.50448E-1 6.13861E-1 5.79611E-1 6.24532E-1 5.53114E-1 6.85006E-1 8.35324E-1 8.17308E-1 6.86019E-1 6.43243E-1 6.65312E-1 6.61974E-1 5.37846E-1 5.42082E-1 4.79736E-1 5.45243E-1 6.13212E-1 4.97525E-1 4.66474E-1 4.64462E-1 7.16555E-1 6.11869E-1 3.99189E-1
3.72685E-1 5.38382E-1 7.2893E-1 5.11471E-1 4.60406E-1 5.52104E-1 5.97202E-1 5.54696E-1 7.72007E-1 8.06675E-1 6.73981E-1 4.2973E-1 3.67299E-1 4.33655E-1 3.68271E-1 4.05302E-1 2.81522E-1 3.4878E-1 3.30748E-1 2.86624E-1 3.30212E-1 4.56408E-1 4.95787E-1 5.62193E-1 5.7616E-1 3.90038E-1 3.15685E-1 5.04177E-1 5.52933E-1 5.87687E-1 5.45136E-1 6.04868E-1 4.74316E-1 4.38553E-1 5.81483E-1 5.79316E-1 6.02023E-1 5.55819E-1 5.68223E-1 6.06797E-1 6.29426E-1 6.62567E-1 8.47228E-1 8.35314E-1 7.31765E-1 6.08503E-1 6.37212E-1 6.58879E-1 6.13127E-1 5.51993E-1 6.05143E-1 6.58448E-1 6.50067E-1 5.24346E-1 4.44568E-1 5.30484E-1 5.12639E-1 3.33839E-1 2.40094E-1
4.26915E-1 5.76845E-1 5.83533E-1 4.96747E-1 5.19013E-1 5.90702E-1 5.21605E-1 5.78876E-1 5.73252E-1 7.88517E-1 7.11879E-1 4.35085E-1 4.23792E-1 4.4405E-1 4.31688E-1 3.85506E-1 2.37708E-1 1.98658E-1 2.90579E-1 2.47646E-1 2.85708E-1 2.7425E-1 3.01934E-1 2.79095E-1 3.91425E-1 4.17349E-1 4.33127E-1 5.53427E-1 6.55598E-1 6.28451E-1 6.48591E-1 6.54998E-1 5.45762E-1 5.53931E-1 6.44237E-1 5.99002E-1 6.24826E-1 5.97647E-1 5.55895E-1 5.47079E-1 5.6383E-1 5.61922E-1 8.02284E-1 8.60886E-1 6.71592E-1 5.16908E-1 5.34786E-1 7.21063E-1 6.67337E-1 6.13551E-1 6.67327E-1 6.61179E-1 5.54404E-1 4.67891E-1 3.95172E-1 4.61599E-1 3.11441E-1 2.67886E-1 2.53039E-1
5.27154E-1 5.8056E-1 5.97154E-1 6.07787E-1 4.43202E-1 4.08126E-1 2.80895E-1 2.71417E-1 3.51144E-1 3.64335E-1 5.27717E-1 3.87821E-1 4.32773E-1 4.85185E-1 3.79774E-1 2.70865E-1 2.08539E-1 1.62518E-1 2.30014E-1 2.41188E-1 2.83016E-1 2.82586E-1 3.85203E-1 3.29087E-1 3.06783E-1 4.36611E-1 5.75504E-1 6.41035E-1 6.6103E-1 5.9638E-1 7.32299E-1 7.37111E-1 6.43845E-1 5.54526E-1 6.12047E-1 5.30917E-1 5.98408E-1 5.57751E-1 5.71335E-1 5.48113E-1 5.82016E-1 5.63636E-1 5.91819E-1 7.22771E-1 6.49295E-1 5.51548E-1 6.36043E-1 7.36199E-1 6.79275E-1 6.60132E-1 5.9783E-1 5.12147E-1 4.37544E-1 3.56034E-1 3.21314E-1 3.43579E-1 3.50121E-1 3.40202E-1 3.86177E-1
4.57519E-1 5.26917E-1 4.91304E-1 4.54015E-1 4.75611E-1 2.70886E-1 1.19963E-1 1.84644E-1 3.10309E-1 4.58138E-1 4.71374E-1 4.18503E-1 3.55069E-1 4.58141E-1 3.77377E-1 2.38611E-1 1.60266E-1 1.76382E-1 2.35467E-1 2.51709E-1 3.18985E-1 2.81274E-1 3.20916E-1 3.50281E-1 3.22825E-1 4.09603E-1 6.15112E-1 6.7236E-1 7.11827E-1 8.26364E-1 6.87696E-1 5.93457E-1 4.60633E-1 4.42849E-1 5.82433E-1 5.32184E-1 5.44191E-1 5.49126E-1 5.75984E-1 5.93055E-1 4.45593E-1 5.38053E-1 5.40434E-1 6.213E-1 5.31157E-1 5.18613E-1 5.60023E-1 6.64009E-1 6.19333E-1 5.57742E-1 4.09174E-1 4.26712E-1 4.42956E-1 3.41278E-1 3.05691E-1 3.51071E-1 2.25603E-1 2.99927E-1 4.09588E-1
4.26022E-1 4.71427E-1 4.96669E-1 4.55232E-1 3.69755E-1 4.16607E-1 2.87692E-1 5.09414E-1 6.1887E-1 5.83185E-1 5.24413E-1 5.00103E-1 4.60481E-1 4.13546E-1 3.31961E-1 2.29933E-1 1.92722E-1 1.71409E-1 2.69509E-1 2.60779E-1 2.89626E-1 2.45396E-1 2.46819E-1 3.32751E-1 4.45255E-1 5.64145E-1 6.49387E-1 6.98829E-1 7.90619E-1 8.50144E-1 5.96251E-1 6.07613E-1 4.65627E-1 3.45162E-1 5.15732E-1 4.95837E-1 5.30242E-1 5.77562E-1 6.18651E-1 6.44963E-1 5.45797E-1 4.6805E-1 5.34452E-1 5.54742E-1 4.22833E-1 4.56457E-1 5.21341E-1 5.83599E-1 5.6952E-1 3.52439E-1 2.86801E-1 3.02033E-1 3.51794E-1 3.52068E-1 2.77158E-1 3.41799E-1 3.47994E-1 2.00874E-1 4.59771E-1
4.67569E-1 4.9798E-1 5.48329E-1 5.60146E-1 4.16411E-1 5.99415E-1 5.05125E-1 5.89842E-1 5.85495E-1 5.13826E-1 4.9764E-1 5.28054E-1 4.64792E-1 4.46144E-1 4.45578E-1 3.41225E-1 2.71599E-1 2.53437E-1 4.1432E-1 4.34833E-1 2.68109E-1 2.54842E-1 2.65259E-1 3.9667E-1 4.91764E-1 5.724E-1 7.2537E-1 7.42453E-1 7.80823E-1 6.56076E-1 5.9507E-1 6.47039E-1 4.92021E-1 3.3572E-1 3.9063E-1 5.25587E-1 5.76725E-1 6.00245E-1 5.94165E-1 5.74115E-1 5.99705E-1 5.50343E-1 4.96677E-1 4.96244E-1 4.46242E-1 5.02077E-1 6.23911E-1 5.99925E-1 5.18994E-1 4.88139E-1 4.11678E-1 3.99394E-1 5.9687E-1 6.32539E-1 3.39246E-1 4.10311E-1 3.77023E-1 3.02669E-1 2.7957E-1
5.22397E-1 5.57749E-1 5.45781E-1 5.96602E-1 3.62764E-1 2.94244E-1 3.85066E-1 7.73855E-1 6.33613E-1 7.11895E-1 8.12638E-1 7.70388E-1 4.71525E-1 3.56786E-1 3.62413E-1 2.98776E-1 2.65928E-1 2.51164E-1 2.7594E-1 2.45212E-1 2.22469E-1 2.57459E-1 3.44199E-1 6.61841E-1 6.36547E-1 7.28264E-1 7.44254E-1 7.59788E-1 7.22631E-1 5.80162E-1 5.57633E-1 5.53254E-1 4.28738E-1 3.02963E-1 3.95055E-1 5.4299E-1 5.5931E-1 5.7882E-1 5.82405E-1 5.88434E-1 5.7495E-1 5.70219E-1 5.70071E-1 6.29585E-1 4.99637E-1 5.83315E-1 6.54949E-1 5.84017E-1 5.43795E-1 5.024E-1 5.16764E-1 5.75248E-1 6.67191E-1 7.09914E-1 4.90995E-1 4.89835E-1 4.26384E-1 2.61251E-1 2.30344E-1
6.40519E-1 6.52449E-1 6.1409E-1 3.37527E-1 7.25932E-1 5.28436E-1 5.09044E-1 7.10661E-1 6.56182E-1 6.45715E-1 8.40471E-1 8.66896E-1 6.41093E-1 3.3649E-1 3.60202E-1 3.05118E-1 2.78303E-1 2.61834E-1 1.87079E-1 1.99168E-1 2.49663E-1 3.36087E-1 5.38086E-1 7.13118E-1 7.40482E-1 7.23206E-1 6.30102E-1 7.22942E-1 7.0674E-1 5.57776E-1 4.80716E-1 4.90666E-1 2.96727E-1 2.85946E-1 4.02682E-1 5.02502E-1 5.28268E-1 5.89095E-1 5.45853E-1 5.31343E-1 4.84389E-1 5.80569E-1 6.08843E-1 7.33062E-1 6.46073E-1 5.35396E-1 6.65255E-1 6.48328E-1 6.97324E-1 5.44858E-1 5.88751E-1 6.48061E-1 7.23336E-1 7.40827E-1 4.86971E-1 3.68937E-1 3.691E-1 2.72275E-1 2.17372E-1
7.22237E-1 6.75235E-1 4.85364E-1 4.0187E-1 7.37791E-1 5.51533E-1 3.75784E-1 5.7787E-1 5.37222E-1 4.48653E-1 7.79984E-1 8.15638E-1 7.99758E-1 6.53196E-1 6.08253E-1 4.13251E-1 3.58121E-1 2.67992E-1 1.37045E-1 2.14992E-1 2.64596E-1 5.02525E-1 5.63673E-1 7.38138E-1 7.46526E-1 7.5413E-1 7.46522E-1 7.20474E-1 6.56648E-1 5.2525E-1 4.74983E-1 3.92803E-1 2.92111E-1 2.99494E-1 4.28301E-1 4.97033E-1 5.6649E-1 5.87535E-1 5.52933E-1 5.61161E-1 4.28889E-1 5.08923E-1 6.88914E-1 7.93269E-1 7.01676E-1 5.90125E-1 6.66714E-1 6.14459E-1 6.04508E-1 6.69115E-1 5.98575E-1 7.25554E-1 8.07648E-1 8.09409E-1 4.6813E-1 3.19505E-1 3.25355E-1 1.69665E-1 2.63811E-1
3.61551E-1 2.72188E-1 3.73916E-1 5.30138E-1 4.93903E-1 4.55247E-1 4.22353E-1 5.71824E-1 5.72625E-1 4.62466E-1 5.94337E-1 7.74168E-1 7.79519E-1 7.5885E-1 7.36421E-1 5.47292E-1 4.53354E-1 3.83142E-1 2.2722E-1 2.02447E-1 2.52635E-1 6.20016E-1 7.04931E-1 7.7516E-1 8.12884E-1 7.8864E-1 7.86125E-1 7.31792E-1 5.77242E-1 5.1278E-1 4.06458E-1 3.65916E-1 3.21562E-1 2.89885E-1 3.86073E-1 5.05117E-1 6.28436E-1 6.53783E-1 7.50211E-1 7.07115E-1 5.88791E-1 5.11589E-1 5.30907E-1 7.15197E-1 6.22692E-1 5.00217E-1 6.07255E-1 5.9256E-1 7.12496E-1 7.33665E-1 5.42702E-1 6.02062E-1 7.24707E-1 7.67519E-1 4.14174E-1 2.38405E-1 1.7315E-1 2.32792E-1 2.26853E-1
5.05967E-1 3.565E-1 4.79881E-1 4.96068E-1 3.73176E-1 3.69893E-1 3.68348E-1 4.54855E-1 5.08108E-1 4.93571E-1 4.13123E-1 6.34081E-1 7.47879E-1 7.35407E-1 6.77549E-1 6.98366E-1 7.01866E-1 6.248E-1 3.04882E-1 2.5739E-1 3.20594E-1 5.6658E-1 7.32108E-1 8.09028E-1 8.53742E-1 8.22554E-1 8.10809E-1 7.57115E-1 6.33788E-1 4.85072E-1 4.23627E-1 4.26893E-1 3.18743E-1 3.12763E-1 3.79963E-1 5.27633E-1 7.70931E-1 8.31797E-1 7.49063E-1 6.037E-1 5.78858E-1 6.11551E-1 5.38364E-1 5.83045E-1 7.0548E-1 4.53026E-1 5.6152E-1 5.79308E-1 6.20887E-1 6.62335E-1 4.15394E-1 3.49376E-1 5.09008E-1 5.86266E-1 3.78587E-1 1.71164E-1 1.61424E-1 1.85682E-1 2.12427E-1
