Phytophthora/models/20240529_1714_25/Phytophthora_PA3_RUN5_MAXENT_outputs/projMaxent.asc
ncols         225
nrows         269
xllcorner     473009.9838
yllcorner     4429051.1748
cellsize      50.0
NODATA_value  -9999
[rows 26 to 51 of 269, columns 59 to 117 of 225]
1.45905E-3 1.115E-3 1.54015E-3 1.66797E-3 3.71196E-3 5.51727E-3 3.70874E-3 4.95449E-3 1.05322E-2 9.96526E-3 9.7003E-3 8.13933E-3 9.46875E-3 1.02698E-2 4.64337E-3 5.68057E-3 1.47593E-2 7.3118E-3 6.52857E-3 7.14206E-3 1.47043E-2 2.66146E-2 2.96969E-2 2.97019E-2 1.69879E-2 1.34241E-2 1.3726E-2 1.81676E-2 2.66765E-2 2.89082E-2 2.71743E-2 2.35571E-2 2.37651E-2 1.79123E-2 1.74917E-2 2.66425E-2 3.13622E-2 3.96957E-2 1.43714E-2 1.02067E-4 8.10198E-5 1.13833E-4 2.56687E-4 3.94369E-4 8.79368E-4 1.74428E-3 6.64245E-4 3.33635E-4 2.74331E-4 2.3701E-4 2.39371E-4 3.24922E-4 3.83591E-4 4.21971E-4 6.44689E-4 8.01706E-4 5.23794E-4 4.00809E-4 5.61503E-4
1.05035E-3 1.41918E-3 2.61628E-3 3.10953E-3 4.20457E-3 5.08077E-3 5.59703E-3 7.86412E-3 1.41245E-2 1.39421E-2 1.19817E-2 1.22852E-2 1.22329E-2 7.06391E-3 7.59507E-3 7.35352E-3 8.48003E-3 5.68872E-3 6.13536E-3 6.79332E-3 9.02266E-3 1.88226E-2 1.86242E-2 3.21303E-2 2.15748E-2 1.6724E-2 1.23797E-2 1.21535E-2 2.31024E-2 3.42358E-2 2.71042E-2 2.64691E-2 2.83155E-2 1.63943E-2 2.0425E-2 3.48972E-2 5.28453E-2 6.63276E-2 2.13235E-2 1.46856E-4 1.16119E-4 1.4262E-4 2.13071E-4 3.85509E-4 1.41739E-3 1.51553E-3 1.0364E-3 1.10255E-3 7.91026E-4 3.86049E-4 2.74622E-4 3.40475E-4 4.01312E-4 4.15975E-4 4.9631E-4 7.36325E-4 8.82929E-4 1.03689E-3 9.47087E-4
1.29481E-3 1.65785E-3 4.47096E-3 5.5379E-3 5.88884E-3 4.25693E-3 8.37774E-3 1.54471E-2 1.73182E-2 1.70318E-2 1.32221E-2 1.38976E-2 1.81097E-2 2.03199E-2 2.75788E-2 2.38187E-2 1.93981E-2 6.97487E-3 6.59498E-3 6.57625E-3 7.54564E-3 1.02009E-2 1.61949E-2 2.2016E-2 3.62335E-2 3.17024E-2 1.99306E-2 2.81853E-2 2.24361E-2 4.95356E-2 3.79386E-2 2.66784E-2 2.24958E-2 1.55854E-2 2.39754E-2 3.90263E-2 6.67449E-2 6.9641E-2 3.03353E-2 1.91509E-4 1.50304E-4 1.41545E-4 1.5209E-4 1.64807E-4 3.97421E-4 8.98545E-4 1.37144E-3 1.88406E-3 1.82905E-3 1.24785E-3 5.60981E-4 3.21549E-4 2.73701E-4 4.35884E-4 4.19926E-4 6.11376E-4 1.50834E-3 1.67406E-3 1.22907E-3
2.54868E-3 2.57147E-3 5.69922E-3 7.62473E-3 3.44439E-3 2.86046E-3 5.73261E-3 1.61853E-2 1.95937E-2 1.8568E-2 1.51316E-2 1.7908E-2 1.1332E-2 1.36683E-2 2.4228E-2 2.61813E-2 2.55378E-2 1.08329E-2 9.84423E-3 6.03101E-3 2.89411E-3 4.86483E-3 7.34558E-3 1.19412E-2 1.96803E-2 2.34402E-2 2.04558E-2 4.08091E-2 4.36095E-2 5.601E-2 3.95434E-2 2.2795E-2 1.62273E-2 1.49642E-2 2.82468E-2 3.86713E-2 6.22107E-2 7.21116E-2 5.29416E-2 3.45386E-4 2.48708E-4 2.43784E-4 2.04181E-4 1.4836E-4 2.97405E-4 8.58139E-4 9.53295E-4 8.83862E-4 1.41228E-3 1.20193E-3 1.1134E-3 6.4804E-4 3.50465E-4 5.22527E-4 6.48677E-4 1.24285E-3 1.65037E-3 1.35223E-3 1.0092E-3
8.10638E-3 7.41385E-3 4.55518E-3 4.48024E-3 3.31481E-3 4.19809E-3 1.03056E-2 1.73162E-2 2.32098E-2 2.65261E-2 1.90107E-2 1.68394E-2 7.82401E-3 9.23644E-3 1.91904E-2 2.47365E-2 1.86033E-2 7.93595E-3 8.11736E-3 9.20654E-3 9.98482E-3 7.53704E-3 6.72212E-3 9.76331E-3 1.27155E-2 2.3212E-2 2.39919E-2 2.10443E-2 3.96285E-2 5.99945E-2 3.58325E-2 1.87438E-2 1.7555E-2 2.71236E-2 3.61924E-2 3.94758E-2 7.06285E-2 7.71813E-2 7.40907E-2 4.99893E-4 5.71896E-4 5.93726E-4 7.07228E-4 4.25196E-4 1.12989E-3 1.26912E-3 4.81807E-4 3.79581E-4 3.81336E-4 4.00391E-4 1.21501E-3 1.60579E-3 8.12271E-4 5.88781E-4 6.672E-4 1.38387E-3 1.07031E-3 6.54367E-4 7.03413E-4
1.3907E-2 1.44403E-2 8.87982E-3 1.16905E-2 4.2928E-3 5.4935E-3 1.26717E-2 2.01693E-2 3.04099E-2 3.36805E-2 2.91723E-2 1.66549E-2 9.72096E-3 1.53321E-2 2.54676E-2 2.32822E-2 9.49493E-3 5.61685E-3 4.58798E-3 6.43207E-3 1.04063E-2 1.04155E-2 8.0391E-3 1.08859E-2 2.16011E-2 2.80627E-2 2.34066E-2 1.9883E-2 4.81291E-2 4.99828E-2 2.81556E-2 2.43212E-2 2.20593E-2 2.94891E-2 2.11973E-2 2.54958E-2 4.00097E-2 7.09657E-2 7.36535E-2 5.6491E-4 5.54956E-4 1.21626E-3 1.57262E-3 1.39708E-3 1.67771E-3 5.31664E-4 3.92126E-4 4.00549E-4 2.72804E-4 2.90626E-4 5.59564E-4 8.24784E-4 7.54292E-4 6.74097E-4 8.07939E-4 1.22384E-3 9.30322E-4 5.3845E-4 4.1503E-4
1.34702E-2 1.65915E-2 1.58246E-2 1.58372E-2 5.90569E-3 1.22069E-2 2.25515E-2 3.18156E-2 3.04094E-2 2.51244E-2 1.44687E-2 9.45399E-3 1.63462E-2 2.69461E-2 2.5389E-2 1.74073E-2 6.89762E-3 5.86502E-3 5.61395E-3 6.33476E-3 6.78806E-3 6.32201E-3 7.37709E-3 1.33059E-2 1.63632E-2 3.05773E-4 2.41E-4 2.91157E-4 5.13813E-4 4.54968E-4 3.13957E-4 9.44936E-3 1.02041E-2 1.7891E-2 2.14727E-2 2.15241E-2 3.30705E-2 6.10911E-2 7.15604E-4 2.32206E-4 1.76944E-4 4.5911E-4 7.55463E-4 9.97134E-4 4.44485E-4 3.16529E-4 3.28241E-4 3.09117E-4 2.68091E-4 2.86233E-4 4.39975E-4 4.38422E-4 5.22588E-4 8.92664E-4 7.63616E-4 1.00358E-3 1.07002E-3 5.73509E-4 2.66084E-4
1.59596E-2 1.58417E-2 1.49251E-2 1.38136E-2 8.42075E-3 1.93193E-2 2.71862E-2 3.4358E-2 3.92E-2 4.12149E-2 1.23146E-2 1.39991E-2 2.37578E-2 2.40662E-2 1.00853E-2 2.25169E-2 1.89737E-2 1.04888E-2 1.05598E-2 1.6394E-2 1.55425E-2 7.86123E-3 1.19974E-2 1.69301E-4 1.8387E-4 1.71469E-4 1.19286E-4 1.38705E-4 1.47273E-4 2.25357E-4 1.75665E-4 1.04826E-2 1.10751E-2 1.33327E-2 1.42248E-2 2.05855E-2 3.12176E-2 4.13372E-2 3.40412E-4 1.2891E-4 1.77707E-4 4.25208E-4 6.11426E-4 6.28643E-4 5.15261E-4 2.70602E-4 3.73462E-4 3.14245E-4 3.07252E-4 2.86664E-4 4.8567E-4 4.69781E-4 7.12443E-4 1.55792E-3 1.16313E-3 1.20608E-3 1.26812E-3 7.57362E-4 4.39129E-4
1.20453E-2 1.60866E-2 1.53966E-2 1.48116E-2 1.55338E-2 1.60911E-2 2.93985E-2 3.53438E-2 3.94496E-2 3.85865E-2 1.72184E-2 1.49683E-2 2.42779E-2 2.80455E-2 4.70489E-2 4.30474E-2 2.61311E-2 1.24668E-2 1.01859E-2 1.05285E-2 1.16142E-2 1.3784E-2 1.55217E-2 1.53926E-4 1.30708E-4 1.15235E-4 1.02365E-4 1.05847E-4 1.05645E-4 9.86457E-5 1.78287E-4 1.47938E-4 1.1674E-2 1.12017E-2 1.37562E-2 2.25417E-2 4.06147E-2 3.72058E-4 1.43625E-4 8.87554E-5 2.97501E-4 3.70855E-4 6.07597E-4 5.59833E-4 5.64099E-4 3.39575E-4 8.10796E-4 7.30261E-4 4.66989E-4 3.29862E-4 4.44212E-4 4.16428E-4 5.84294E-4 1.7041E-3 1.89719E-3 1.76741E-3 1.70473E-3 8.16467E-4 7.25594E-4
9.2961E-3 1.62245E-2 1.59891E-2 1.64062E-2 1.65846E-2 2.13081E-2 3.1814E-2 2.65674E-2 1.50255E-2 1.73646E-2 1.44379E-2 1.2994E-4 1.45311E-2 3.39167E-2 3.79319E-2 1.53155E-2 9.39641E-3 8.11808E-3 5.55143E-3 4.87418E-3 4.78238E-3 4.93085E-3 1.08884E-4 1.6888E-4 1.38127E-4 1.0219E-4 1.0819E-4 9.38464E-5 9.6841E-5 1.01401E-4 1.60706E-4 1.3783E-4 2.22107E-4 2.39267E-4 2.83507E-2 2.62314E-2 1.62658E-2 1.88011E-4 1.06568E-4 1.21775E-4 4.98145E-4 6.18536E-4 6.32179E-4 4.04114E-4 9.30384E-4 5.5067E-4 1.30333E-3 1.74309E-3 1.13582E-3 6.72474E-4 6.68774E-4 7.58501E-4 6.54111E-4 2.64906E-3 2.66102E-3 2.63038E-3 1.76608E-3 1.29709E-3 1.05057E-3
8.23882E-3 1.18194E-2 1.66672E-2 1.85467E-2 2.34455E-2 2.93875E-2 1.59766E-2 1.13237E-2 8.4387E-3 9.06804E-3 1.20697E-2 1.14066E-4 1.49038E-4 2.94626E-4 1.73991E-4 1.20129E-4 9.56351E-5 8.48624E-5 4.34795E-3 5.32386E-3 5.40991E-3 5.35948E-3 1.09586E-4 1.64243E-4 1.61697E-4 1.4643E-4 1.3534E-4 1.04966E-4 1.61076E-4 1.13792E-4 2.87424E-4 3.00392E-4 4.24877E-4 2.99174E-4 3.01793E-4 3.35411E-4 2.02346E-4 1.64126E-4 1.32813E-4 1.94818E-4 4.88348E-4 8.7252E-4 2.02203E-3 1.23655E-3 1.25336E-3 9.47876E-4 1.19669E-3 1.78144E-3 3.09217E-3 2.09686E-3 1.16186E-3 9.52469E-4 8.67124E-4 1.66222E-3 3.94051E-3 3.89013E-3 2.32272E-3 1.41542E-3 1.33076E-3
6.67709E-3 1.25672E-2 1.77125E-2 1.97597E-2 2.48191E-2 1.43368E-2 8.69782E-3 8.83513E-3 7.26735E-3 8.54511E-3 1.78857E-4 2.34487E-4 5.98705E-4 5.03767E-4 2.25387E-4 9.5724E-5 1.19279E-4 7.50458E-5 6.43483E-5 1.45174E-4 2.37383E-4 3.36826E-4 6.12853E-4 4.03721E-4 4.48938E-4 4.10934E-4 3.36197E-4 2.68655E-4 1.84388E-4 2.78896E-4 6.95147E-4 7.63381E-4 7.89145E-4 9.00676E-4 6.91287E-4 6.18514E-4 7.91631E-4 4.96526E-4 3.37236E-4 5.19411E-4 6.87048E-4 9.96126E-4 3.51415E-3 2.41897E-3 9.55725E-4 1.27193E-3 1.23108E-3 1.3116E-3 4.12168E-3 5.13367E-3 1.7774E-3 1.14979E-3 1.21652E-3 2.5494E-3 4.32472E-3 4.39265E-3 2.85274E-3 2.36586E-3 1.58717E-3
7.80136E-3 2.24211E-2 2.84327E-2 3.12083E-2 3.20771E-2 1.33658E-2 1.26518E-2 1.48003E-2 1.14963E-2 1.67475E-2 5.81551E-4 8.93823E-4 2.36205E-3 3.09738E-3 7.99193E-4 4.27141E-4 3.56253E-4 2.38329E-4 1.86312E-4 2.33946E-4 4.02162E-4 9.1914E-4 1.21539E-3 1.08534E-3 1.0135E-3 6.92726E-4 3.93054E-4 2.27414E-4 1.89011E-4 1.6506E-4 4.6839E-4 9.15458E-4 1.22556E-3 1.40303E-3 1.29966E-3 1.50872E-3 1.20438E-3 8.63371E-4 6.51169E-4 7.50273E-4 9.06085E-4 1.24351E-3 1.99944E-3 1.61568E-3 8.69934E-4 9.89257E-4 8.84681E-4 1.5128E-3 3.85898E-3 4.9226E-3 4.34333E-3 1.28901E-3 1.47884E-3 2.37037E-3 2.66661E-3 2.77621E-3 2.39269E-3 1.75302E-3 1.41543E-3
1.54847E-2 2.56595E-2 3.4087E-2 7.76377E-2 6.34524E-2 4.84942E-2 3.66722E-2 4.52828E-2 4.97215E-2 5.05326E-2 8.13201E-4 1.3883E-3 2.61572E-3 2.6797E-3 7.77683E-4 8.93158E-4 6.22272E-4 3.63563E-4 2.88357E-4 2.18395E-4 3.49888E-4 8.25985E-4 1.14021E-3 1.68787E-3 8.757E-4 7.29538E-4 3.6927E-4 2.22827E-4 1.86538E-4 1.64829E-4 4.56159E-4 7.83699E-4 9.76069E-4 1.09535E-3 1.60314E-3 1.76061E-3 8.98293E-4 7.12458E-4 6.87036E-4 1.16712E-3 1.70191E-3 2.03879E-3 1.08225E-3 1.1592E-3 1.03963E-3 9.19674E-4 2.07384E-3 3.6842E-3 4.37229E-3 4.22266E-3 5.00923E-3 4.66598E-3 3.54505E-3 4.48198E-3 4.20369E-3 2.02181E-3 1.9124E-3 1.85634E-3 6.24764E-4
2.09764E-2 2.40784E-2 3.21265E-2 4.24498E-2 6.14606E-2 5.92479E-2 4.73399E-2 9.39024E-2 1.14061E-1 8.91708E-2 1.25137E-3 1.73562E-3 2.81464E-3 1.89628E-3 6.43135E-4 7.07286E-4 5.70121E-4 4.28831E-4 3.46131E-4 3.03832E-4 4.50217E-4 1.09838E-3 9.30397E-4 9.86361E-4 1.06377E-3 7.41805E-4 3.75666E-4 2.45202E-4 2.05426E-4 2.09805E-4 5.31852E-4 7.25399E-4 1.15243E-3 1.88192E-3 1.96999E-3 1.52733E-3 8.63805E-4 7.75197E-4 1.06616E-3 1.38523E-3 1.76729E-3 1.3774E-3 8.87426E-4 1.40743E-3 2.60164E-3 2.72525E-3 2.42722E-3 3.90818E-3 4.28345E-3 2.42533E-3 3.58349E-3 4.98511E-3 3.94604E-3 4.35196E-3 2.61428E-3 1.96391E-3 1.26345E-3 1.37871E-3 5.21781E-4
3.77751E-2 4.60016E-2 5.74026E-2 4.90197E-2 6.00841E-2 5.67108E-2 6.4198E-2 1.62997E-1 1.33238E-1 9.0419E-2 2.09733E-3 1.81905E-3 2.29702E-3 2.16232E-3 7.69878E-4 4.67255E-4 5.35099E-4 6.24797E-4 5.04218E-4 4.35244E-4 5.42058E-4 7.73046E-4 8.47313E-4 1.07641E-3 9.18662E-4 6.18526E-4 4.28985E-4 3.25935E-4 2.37253E-4 2.89633E-4 5.22365E-4 7.46141E-4 9.84193E-4 1.55526E-3 1.84248E-3 1.13086E-3 8.25658E-4 8.88905E-4 1.20192E-3 1.36956E-3 2.34562E-3 1.00082E-3 8.97878E-4 1.59593E-3 2.31721E-3 1.61163E-3 1.29717E-3 4.13392E-3 4.49333E-3 4.44597E-3 2.51914E-3 1.94592E-3 5.80826E-3 3.8083E-3 1.172E-3 1.25163E-3 1.01924E-3 6.03908E-4 5.08065E-4
7.95094E-2 8.06945E-2 1.29404E-1 9.94994E-2 6.18173E-2 6.03198E-2 7.96509E-2 1.46373E-1 8.41775E-2 7.26232E-2 2.37617E-3 2.26575E-3 2.07757E-3 1.83704E-3 7.50923E-4 6.78957E-4 8.7988E-4 7.3617E-4 6.03556E-4 5.48648E-4 8.47835E-4 9.63853E-4 9.16478E-4 1.6811E-3 1.54922E-3 6.10328E-4 6.02507E-4 5.65171E-4 3.63885E-4 5.89802E-4 7.77814E-4 8.25084E-4 9.37461E-4 1.39053E-3 1.42743E-3 1.09623E-3 9.41892E-4 1.00134E-3 1.10819E-3 8.06698E-4 2.13742E-3 1.30409E-3 1.40129E-3 1.51002E-3 1.20889E-3 9.26739E-4 1.10099E-3 1.88663E-3 4.45845E-3 4.52179E-3 4.14305E-3 2.31445E-3 3.83102E-3 3.39873E-3 1.05638E-3 4.98532E-4 2.79481E-4 3.13251E-4 4.12672E-4
8.77713E-2 9.56738E-2 1.11425E-1 9.84433E-2 7.71997E-2 6.83441E-2 1.1109E-1 1.57764E-1 1.28816E-1 8.65263E-2 2.1464E-3 3.16658E-3 3.20232E-3 1.4599E-3 9.56677E-4 1.17796E-3 9.55276E-4 8.74053E-4 4.87599E-4 3.66031E-4 5.10258E-4 5.71741E-4 9.39979E-4 1.61676E-3 1.55657E-3 1.1599E-3 8.44788E-4 7.13766E-4 6.08813E-4 7.94448E-4 8.10872E-4 8.06069E-4 1.23152E-3 1.79106E-3 9.33938E-4 1.08981E-3 1.2602E-3 6.9676E-4 9.99836E-4 9.41986E-4 1.49519E-3 1.87635E-3 1.74064E-3 1.62076E-3 1.42592E-3 1.18814E-3 1.47152E-3 1.51455E-3 2.45011E-3 2.89598E-3 4.20676E-3 5.09753E-3 2.9821E-3 2.52379E-3 8.16021E-4 7.5591E-4 4.32439E-4 4.52031E-4 1.3531E-3
1.03675E-1 1.17664E-1 1.09925E-1 8.37636E-2 5.40165E-2 9.2252E-2 1.39688E-1 2.33399E-1 2.0197E-1 9.59589E-2 1.05451E-1 9.68496E-4 1.53405E-3 1.70576E-3 1.34563E-3 1.8158E-3 1.0145E-3 5.4723E-4 3.77532E-4 3.45239E-4 4.19574E-4 3.13461E-4 5.25153E-4 1.74486E-3 1.88908E-3 1.68541E-3 1.25237E-3 9.78283E-4 7.73735E-4 1.02229E-3 1.52504E-3 1.66921E-3 1.80271E-3 1.34759E-3 7.75312E-4 6.52592E-4 6.70919E-4 8.67381E-4 1.02497E-3 9.86443E-4 1.26131E-3 2.55749E-3 3.02603E-3 2.66733E-3 1.94717E-3 1.27529E-3 1.25855E-3 1.9221E-3 1.45382E-3 1.23412E-3 3.59083E-3 3.78248E-3 1.63231E-3 1.01056E-3 8.61733E-4 8.45527E-4 6.32587E-4 6.86355E-4 1.76059E-3
1.4937E-1 1.24077E-1 3.85028E-2 3.93231E-2 3.26609E-2 4.32018E-2 7.40668E-2 2.06236E-1 1.99833E-1 1.85839E-1 8.14076E-2 1.32192E-3 3.70981E-3 2.93977E-3 1.52374E-3 1.46958E-3 1.11855E-3 3.61091E-4 2.72343E-4 3.32832E-4 3.38536E-4 2.36285E-4 3.66061E-4 9.74266E-4 2.3071E-3 1.79034E-3 9.52994E-4 1.24857E-3 9.86271E-4 1.12738E-3 1.1701E-3 1.77085E-3 2.09721E-3 1.63963E-3 1.04229E-3 6.70096E-4 6.31311E-4 8.67216E-4 1.34161E-3 8.62566E-4 1.27487E-3 5.81591E-3 5.64552E-3 4.6981E-3 2.87352E-3 1.29253E-3 1.27084E-3 1.79009E-3 1.26315E-3 1.26947E-3 3.31159E-3 2.28531E-3 9.7158E-4 6.41189E-4 8.35003E-4 1.1213E-3 1.02863E-3 7.66572E-4 2.17356E-3
1.40903E-1 4.98377E-2 3.46096E-2 4.65075E-2 3.4102E-2 3.94682E-2 5.14712E-2 8.79935E-2 1.48764E-1 3.0171E-1 1.30744E-1 1.53575E-1 5.10146E-3 3.59448E-3 1.30214E-3 1.33897E-3 8.74827E-4 3.61843E-4 2.10729E-4 2.6702E-4 2.22051E-4 2.42423E-4 5.41843E-4 1.27307E-3 3.39277E-3 2.67448E-3 1.77111E-3 1.51399E-3 1.03244E-3 1.15631E-3 1.06264E-3 8.73394E-4 1.33449E-3 1.46735E-3 1.31883E-3 7.98971E-4 6.36722E-4 8.04417E-4 8.80224E-4 8.62349E-4 1.25773E-3 5.4149E-3 5.9706E-3 4.55548E-3 3.8274E-3 1.99051E-3 1.07469E-3 1.05954E-3 1.73121E-3 2.18018E-3 3.65446E-3 1.46929E-3 9.37089E-4 5.43859E-4 5.66188E-4 7.44989E-4 9.10426E-4 5.76566E-4 1.50092E-3
8.46021E-2 6.04833E-2 6.37553E-2 9.37234E-2 3.60268E-2 3.91108E-2 5.58835E-2 6.57262E-2 7.40905E-2 1.13122E-1 1.71985E-1 2.22813E-1 3.50806E-1 2.63058E-3 1.57084E-3 3.12855E-3 1.11771E-3 3.01527E-4 2.29313E-4 2.32356E-4 2.39231E-4 3.60477E-4 1.49785E-3 1.4511E-3 1.80688E-3 1.95634E-3 1.29942E-3 6.19139E-4 9.478E-4 1.16275E-3 1.05766E-3 7.72028E-4 9.22217E-4 1.45805E-3 1.36208E-3 7.90999E-4 5.3944E-4 5.10648E-4 4.16118E-4 4.46888E-4 6.83912E-4 2.94691E-3 5.4724E-3 2.93543E-3 3.79084E-3 3.16389E-3 3.06097E-3 3.35433E-3 3.60429E-3 3.81239E-3 4.8202E-3 1.54819E-3 1.00832E-3 5.19949E-4 5.08157E-4 4.94732E-4 4.1991E-4 4.78107E-4 1.10243E-3
3.9184E-2 8.34257E-2 6.57353E-2 4.60276E-2 3.36033E-2 3.12066E-2 4.48035E-2 7.35448E-2 8.33518E-2 8.76043E-2 1.03511E-1 1.63338E-1 3.95058E-1 3.02488E-3 2.81597E-3 3.26014E-3 8.74977E-4 2.5357E-4 2.35073E-4 3.25384E-4 9.52953E-4 1.06417E-3 2.38372E-3 2.47815E-3 2.68061E-3 1.58293E-3 9.93156E-4 5.75111E-4 7.79955E-4 1.18508E-3 1.02058E-3 9.00716E-4 1.01699E-3 1.06709E-3 1.07384E-3 8.396E-4 8.21695E-4 5.13786E-4 4.34733E-4 5.5344E-4 9.70378E-4 1.93214E-3 3.12575E-3 2.14153E-3 2.39027E-3 2.51073E-3 2.83235E-3 3.04444E-3 3.63842E-3 4.948E-3 4.23367E-3 3.27247E-3 1.29833E-3 6.29858E-4 5.18254E-4 5.17564E-4 4.09866E-4 4.36017E-4 7.40328E-4
2.76646E-2 2.34724E-2 3.3513E-2 3.92403E-2 4.06313E-2 1.90082E-2 3.09331E-2 5.86642E-2 1.13386E-1 1.266E-1 1.31588E-1 1.01409E-1 1.24849E-1 1.82758E-1 1.79421E-1 1.7675E-3 8.86534E-4 4.47521E-4 5.32626E-4 8.31613E-4 2.71259E-3 2.89263E-3 3.67839E-3 4.146E-3 2.11505E-3 8.8374E-4 9.67736E-4 7.54118E-4 7.47641E-4 1.3726E-3 1.15875E-3 1.10841E-3 1.34592E-3 1.24773E-3 1.09742E-3 1.10122E-3 9.35273E-4 7.6985E-4 7.23826E-4 7.71993E-4 9.34542E-4 1.56198E-3 2.52506E-3 1.80409E-3 1.25095E-3 1.1318E-3 1.48717E-3 1.46223E-3 1.38721E-3 5.72767E-3 2.45258E-3 1.79723E-3 1.07811E-3 1.89383E-3 7.6759E-4 5.61803E-4 5.28512E-4 6.5602E-4 9.58555E-4
2.2157E-2 1.47944E-2 1.29874E-2 2.78781E-2 2.50439E-2 1.50839E-2 2.47074E-2 6.04702E-2 1.6948E-1 1.70613E-1 7.18825E-2 7.36865E-2 7.75262E-2 1.05277E-1 1.9821E-1 8.85706E-2 5.20965E-2 7.45425E-4 1.05474E-3 1.48073E-3 2.34408E-3 4.25586E-3 4.77272E-3 5.22896E-3 2.41519E-3 2.07804E-3 1.77566E-3 1.35719E-3 1.55622E-3 1.70022E-3 1.1333E-3 9.88454E-4 1.39585E-3 1.2883E-3 9.86084E-4 1.42635E-3 1.21652E-3 1.13581E-3 9.90869E-4 1.30093E-3 1.91509E-3 2.19233E-3 2.29647E-3 1.56407E-3 1.35987E-3 1.17727E-3 1.20511E-3 9.59332E-4 1.19091E-3 3.51334E-3 1.38064E-3 1.2336E-3 6.35924E-4 1.12687E-3 1.88509E-3 1.01798E-3 6.56489E-4 8.21919E-4 9.33816E-4
1.46958E-2 1.81664E-2 1.26329E-2 1.55786E-2 1.39202E-2 1.46954E-2 2.17247E-2 5.11188E-2 1.18203E-1 1.70127E-1 1.4007E-1 1.75599E-1 1.60889E-1 1.67413E-1 1.04757E-1 8.74107E-2 6.27018E-2 6.30667E-2 9.26592E-2 1.41066E-3 2.76009E-3 3.71494E-3 3.5952E-3 2.17418E-3 2.80714E-3 2.24426E-3 1.49534E-3 1.41609E-3 1.15347E-3 1.52341E-3 1.17834E-3 1.37343E-3 1.65413E-3 1.44419E-3 1.30304E-3 1.16185E-3 1.39601E-3 1.22472E-3 8.56242E-4 1.49174E-3 3.01602E-3 2.4977E-3 1.8697E-3 1.32038E-3 1.16048E-3 1.12691E-3 1.01504E-3 9.43857E-4 1.25389E-3 2.5935E-3 8.10726E-4 1.65816E-3 6.48249E-4 5.73227E-4 7.38856E-4 9.43373E-4 7.38383E-4 7.47668E-4 1.77552E-3
