Phytophthora/models/20240529_1714_25/Phytophthora_PA3_RUN5_MAXENT_outputs/projMaxent.asc
ncols         225
nrows         269
xllcorner     473009.9838
yllcorner     4429051.1748
cellsize      50.0
NODATA_value  -9999
[rows 78 to 103 of 269, columns 59 to 117 of 225]
3.29719E-2 3.30219E-2 3.08617E-2 2.71883E-2 2.29089E-2 2.24237E-2 3.82882E-2 6.42801E-2 3.17597E-2 2.61021E-2 7.46053E-2 1.03221E-1 1.07071E-1 1.14757E-1 1.07884E-1 1.05755E-1 7.54529E-2 8.61524E-2 4.72112E-2 5.11762E-2 5.29315E-2 4.7887E-2 1.30758E-1 9.2798E-2 5.41214E-2 2.32304E-2 2.93182E-2 5.77968E-2 9.09078E-2 6.87681E-2 2.36656E-1 1.21982E-1 5.43315E-2 1.41969E-1 1.67317E-1 2.85331E-1 3.06964E-1 3.20249E-1 2.76656E-1 3.35955E-1 4.06862E-1 4.71958E-1 4.00855E-1 2.35385E-1 5.48655E-1 6.41859E-1 5.77468E-1 5.01424E-1 6.0594E-1 6.67762E-1 5.37612E-1 5.60715E-1 5.75503E-1 4.10694E-1 9.40288E-3 6.74277E-3 3.06332E-3 2.35745E-3 1.95621E-3
4.47246E-2 3.08953E-2 2.98275E-2 1.90835E-2 1.0124E-2 1.39918E-2 1.99494E-2 2.79702E-2 3.20503E-2 2.29087E-2 4.49437E-2 1.02245E-1 8.02926E-2 6.68986E-2 1.03385E-1 9.02756E-2 5.8112E-2 6.09705E-2 5.1574E-2 4.39981E-2 7.0935E-2 6.9292E-2 5.10991E-2 4.75007E-2 3.28829E-2 1.74871E-2 2.1021E-2 3.43877E-2 9.93399E-2 8.35219E-2 1.07375E-1 9.35827E-2 6.81626E-2 1.10282E-1 2.78065E-1 3.37232E-1 3.33934E-1 3.45269E-1 3.27319E-1 2.60683E-1 2.72977E-1 3.54404E-1 3.69693E-1 3.0639E-1 3.33407E-1 5.25727E-1 6.54326E-1 5.52394E-1 6.14816E-1 6.98997E-1 6.19872E-1 4.16297E-1 5.7696E-1 6.3828E-1 1.42351E-2 1.12732E-2 4.42131E-3 2.53851E-3 1.08854E-3
2.09368E-2 2.24297E-2 1.91992E-2 1.26287E-2 7.13076E-3 1.01245E-2 1.00434E-2 1.94548E-2 3.88183E-2 2.68869E-2 1.62186E-2 3.1638E-2 1.05323E-1 8.50395E-2 7.1798E-2 2.98678E-2 2.91784E-2 2.89573E-2 3.23716E-2 4.12305E-2 8.38185E-2 8.19948E-2 4.71709E-2 3.68788E-2 2.95846E-2 2.07643E-2 2.54269E-2 4.79297E-2 9.15355E-2 7.90359E-2 9.47841E-2 9.90039E-2 1.01411E-1 1.2406E-1 2.96845E-1 3.50323E-1 3.78387E-1 4.00039E-1 3.80079E-1 1.44523E-1 1.12113E-1 1.487E-1 2.53826E-1 2.56921E-1 2.71342E-1 3.39897E-1 4.56401E-1 3.78991E-1 6.82398E-1 7.00895E-1 6.06247E-1 4.09816E-1 3.69013E-1 4.86265E-1 6.62886E-1 6.06574E-1 4.62886E-3 1.89333E-3 1.15894E-3
2.03886E-2 3.12253E-2 3.72926E-2 1.57387E-2 9.51181E-3 1.14433E-2 8.85709E-3 1.60765E-2 1.77489E-2 1.70977E-2 1.38577E-2 2.30676E-2 2.70872E-2 4.36438E-2 3.28715E-2 2.80523E-2 2.82656E-2 2.86535E-2 3.20853E-2 4.2351E-2 7.03322E-2 7.33817E-2 4.8178E-2 3.42949E-2 2.81993E-2 3.36646E-2 3.22915E-2 4.35707E-2 8.46636E-2 1.01281E-1 1.30908E-1 1.90989E-1 1.68893E-1 1.22411E-1 3.1553E-1 3.65784E-1 4.1359E-1 4.30392E-1 3.34014E-1 1.87849E-1 1.42228E-1 1.33406E-1 1.48146E-1 2.34115E-1 4.44011E-1 3.00909E-1 2.91185E-1 1.93403E-1 3.43776E-1 5.45533E-1 3.99568E-1 3.49672E-1 3.78808E-1 4.8831E-1 3.2459E-1 3.22908E-1 1.16166E-1 6.54018E-2 9.64282E-4
8.41211E-3 1.61052E-2 5.27611E-2 3.89585E-2 1.61749E-2 8.24733E-3 9.66506E-3 1.36602E-2 1.09975E-2 1.12476E-2 1.3941E-2 1.6766E-2 1.92762E-2 2.32506E-2 2.44257E-2 2.59863E-2 3.31664E-2 4.1552E-2 4.92322E-2 4.74465E-2 7.1976E-2 4.94241E-2 4.91395E-2 3.00351E-2 4.32453E-2 6.78389E-2 3.47953E-2 4.65274E-2 9.54153E-2 1.05661E-1 1.18145E-1 2.04955E-1 2.91651E-1 1.76057E-1 2.23931E-1 3.98527E-1 3.45918E-1 1.8547E-1 1.75225E-1 2.23681E-1 2.1209E-1 1.7332E-1 1.62167E-1 3.41662E-1 4.28304E-1 2.84358E-1 2.50476E-1 1.57152E-1 2.65324E-1 4.20981E-1 2.84604E-1 3.4813E-1 3.84973E-1 4.77533E-1 3.37767E-1 2.08763E-1 9.55777E-2 5.74841E-2 9.87049E-2
1.01591E-2 1.19494E-2 2.89537E-2 2.48926E-2 2.62439E-2 7.70672E-3 6.86712E-3 8.10525E-3 1.07105E-2 1.75391E-2 2.81175E-2 2.39799E-2 1.95549E-2 2.60919E-2 3.10234E-2 2.91217E-2 4.00715E-2 5.9345E-2 5.17135E-2 6.13835E-2 7.35796E-2 9.7426E-2 3.59634E-2 3.01455E-2 2.6505E-2 1.1252E-1 8.66756E-2 7.09481E-2 6.57213E-2 1.5024E-1 1.62421E-1 1.98928E-1 3.88588E-1 4.11286E-1 2.3836E-1 1.65224E-1 1.80883E-1 1.49486E-1 1.26339E-1 1.33671E-1 2.19547E-1 2.59449E-1 2.63216E-1 3.95486E-1 4.23236E-1 2.1143E-1 2.71459E-1 1.36661E-1 2.26898E-1 2.72433E-1 3.53576E-1 3.35242E-1 3.32928E-1 3.87861E-1 2.92211E-1 1.43479E-1 1.22662E-1 7.9825E-2 1.43964E-1
1.39089E-2 2.4584E-2 1.88403E-2 2.52615E-2 3.24268E-2 1.02669E-2 7.84744E-3 6.61609E-3 1.2454E-2 2.47056E-2 5.03234E-2 3.80006E-2 2.33255E-2 2.92522E-2 6.78187E-2 6.0637E-2 5.08384E-2 7.07787E-2 7.75128E-2 7.57326E-2 1.07122E-1 1.32227E-1 4.363E-2 2.27407E-2 4.20729E-2 7.28646E-2 1.22417E-1 1.93589E-1 6.71223E-2 9.92677E-2 1.54375E-1 1.65023E-1 3.46424E-1 4.84507E-1 2.64439E-1 2.278E-1 1.75415E-1 1.21886E-1 1.03954E-1 1.09346E-1 2.37266E-1 3.75081E-1 3.86633E-1 3.95589E-1 4.37492E-1 2.61995E-1 2.82627E-1 2.11183E-1 2.2888E-1 3.16456E-1 3.62912E-1 3.91052E-1 3.85424E-1 3.66999E-1 1.97617E-1 1.41931E-1 1.82219E-1 2.12406E-1 1.19553E-1
1.92272E-2 3.05135E-2 2.99248E-2 3.11939E-2 2.47857E-2 1.18213E-2 8.30815E-3 6.08262E-3 1.30541E-2 2.16014E-2 3.24756E-2 5.05949E-2 4.27242E-2 3.42203E-2 8.16454E-2 1.01155E-1 8.3174E-2 1.36201E-1 1.62432E-1 1.87202E-1 2.04224E-1 1.35854E-1 7.21672E-2 9.05108E-2 8.20448E-2 8.10554E-2 1.28877E-1 2.25955E-1 1.37227E-1 9.90993E-2 1.17828E-1 1.1079E-1 1.85116E-1 4.57859E-1 3.03566E-1 2.35514E-1 1.25497E-1 1.11467E-1 8.73278E-2 1.23708E-1 2.6175E-1 3.89336E-1 4.01573E-1 4.13043E-1 5.09076E-1 5.66988E-1 5.41475E-1 5.35928E-1 2.80698E-1 2.67257E-1 3.92428E-1 5.4471E-1 4.96365E-1 2.87076E-1 1.97191E-1 1.97874E-1 2.25787E-1 2.76648E-1 2.91668E-1
2.88474E-2 2.50383E-2 3.11457E-2 2.17364E-2 1.87986E-2 1.85649E-2 1.19247E-2 8.99797E-3 1.32608E-2 2.2066E-2 2.91416E-2 4.53222E-2 4.95963E-2 5.90773E-2 6.12295E-2 7.16839E-2 7.31415E-2 1.29542E-1 1.59509E-1 1.61865E-1 1.41229E-1 1.92999E-1 2.00703E-1 9.34281E-2 9.44536E-2 1.06288E-1 1.35966E-1 1.33351E-1 1.18436E-1 1.21183E-1 1.6842E-1 1.56819E-1 2.24133E-1 5.02718E-1 2.95062E-1 2.19845E-1 1.98065E-1 1.3755E-1 1.29265E-1 2.21529E-1 3.24749E-1 4.54737E-1 4.97662E-1 5.04863E-1 4.26341E-1 3.45548E-1 3.9805E-1 3.89543E-1 2.87144E-1 2.4371E-1 3.39253E-1 6.49768E-1 4.67726E-1 2.24237E-1 2.17273E-1 2.67498E-1 3.01268E-1 3.3912E-1 3.3877E-1
3.9221E-2 3.46685E-2 3.36997E-2 3.03253E-2 2.38513E-2 3.08231E-2 3.21112E-2 1.91074E-2 2.35958E-2 2.50186E-2 2.72123E-2 3.632E-2 4.08281E-2 4.94451E-2 6.36399E-2 8.62358E-2 6.48052E-2 6.70714E-2 1.63869E-1 1.73636E-1 2.05591E-1 1.33541E-1 1.90475E-1 1.60915E-1 1.50179E-1 1.41022E-1 1.58586E-1 1.28008E-1 7.99106E-2 8.22516E-2 1.35976E-1 1.47885E-1 2.04318E-1 4.5994E-1 3.37655E-1 2.37346E-1 2.5515E-1 2.0092E-1 1.34857E-1 2.05736E-1 2.5181E-1 4.14881E-1 5.75192E-1 5.488E-1 3.45435E-1 1.72471E-1 3.50201E-1 2.92574E-1 2.10246E-1 1.97904E-1 3.27945E-1 6.0952E-1 3.40115E-1 2.09911E-1 2.66204E-1 3.10282E-1 2.98341E-1 3.52379E-1 3.39013E-1
6.07073E-2 8.14456E-2 3.58093E-2 3.40964E-2 4.81867E-2 5.62127E-2 6.90518E-2 4.84018E-2 3.787E-2 3.28126E-2 7.50376E-2 3.0752E-2 5.3806E-2 8.0008E-2 8.21408E-2 1.0171E-1 1.56312E-1 1.76249E-1 1.81551E-1 1.90798E-1 2.36277E-1 2.16178E-1 1.45168E-1 2.62427E-1 2.46995E-1 2.99528E-1 2.39681E-1 1.13492E-1 7.08499E-2 8.09256E-2 7.33463E-2 9.65097E-2 2.01865E-1 4.57824E-1 4.01087E-1 2.76595E-1 2.59163E-1 1.67663E-1 7.15714E-2 8.05957E-2 2.47153E-1 5.15162E-1 6.20881E-1 5.67694E-1 3.44196E-1 2.59579E-1 2.86981E-1 2.51849E-1 1.26926E-1 1.96267E-1 3.59418E-1 3.51696E-1 1.97207E-1 2.35403E-1 2.65492E-1 2.86674E-1 3.1947E-1 3.14387E-1 3.10247E-1
3.01722E-2 8.13245E-2 4.00572E-2 4.67964E-2 5.71172E-2 1.01886E-1 7.8591E-2 5.67818E-2 6.50884E-2 4.8079E-2 4.9006E-2 7.95963E-2 1.1357E-1 1.02301E-1 1.35964E-1 1.53136E-1 1.82722E-1 2.12291E-1 2.3189E-1 2.42693E-1 2.4471E-1 2.34009E-1 1.46098E-1 2.78952E-1 3.22806E-1 3.22112E-1 3.39143E-1 1.6352E-1 1.3605E-1 1.99283E-1 1.46521E-1 1.22823E-1 2.50401E-1 5.08688E-1 4.6485E-1 2.82629E-1 2.27942E-1 1.26619E-1 4.81841E-2 8.21196E-2 2.89398E-1 5.17793E-1 5.44708E-1 6.9917E-1 4.13961E-1 4.67094E-1 3.29145E-1 4.86295E-1 5.06558E-1 3.90784E-1 4.27197E-1 2.43573E-1 1.36449E-1 2.03946E-1 2.54315E-1 1.64466E-1 2.00345E-1 3.06019E-1 2.66304E-1
3.32646E-2 5.44182E-2 6.92619E-2 9.51244E-2 9.88804E-2 1.08689E-1 1.18744E-1 1.21283E-1 1.00822E-1 6.76094E-2 5.84678E-2 1.12562E-1 1.08083E-1 9.55927E-2 1.05362E-1 9.22763E-2 1.56007E-1 2.60315E-1 2.94414E-1 2.66411E-1 2.20443E-1 1.57612E-1 1.48612E-1 3.06607E-1 3.6572E-1 3.8072E-1 2.62127E-1 1.46521E-1 1.2718E-1 1.1106E-1 1.56719E-1 2.54202E-1 4.9192E-1 4.93182E-1 4.88428E-1 3.69709E-1 2.32201E-1 8.72114E-2 3.97284E-2 4.4936E-2 1.68754E-1 4.46982E-1 5.81281E-1 5.87499E-1 5.73055E-1 6.37663E-1 5.09689E-1 3.6598E-1 4.3436E-1 4.98738E-1 5.01141E-1 3.19368E-1 2.60692E-1 1.57268E-1 1.78805E-1 1.6985E-1 1.8868E-1 2.21741E-1 1.84844E-1
2.20057E-2 4.06192E-2 9.56508E-2 1.03956E-1 1.04196E-1 1.0595E-1 6.57222E-2 1.19228E-1 5.20342E-2 4.3456E-2 6.37381E-2 1.30729E-1 1.52034E-1 1.66245E-1 1.89571E-1 1.29523E-1 1.96712E-1 2.47356E-1 3.55977E-1 3.45892E-1 3.11105E-1 2.70782E-1 2.72774E-1 3.72276E-1 2.16425E-1 2.79425E-1 2.4439E-1 1.63253E-1 1.23843E-1 1.16138E-1 2.05157E-1 2.6662E-1 5.01711E-1 4.96458E-1 4.90177E-1 4.48326E-1 3.24201E-1 1.23662E-1 6.25378E-2 9.30057E-2 2.26885E-1 3.93798E-1 5.94675E-1 7.46235E-1 7.65907E-1 6.03878E-1 3.66132E-1 3.19904E-1 3.08361E-1 3.34946E-1 3.52593E-1 1.77403E-1 1.52014E-1 9.92825E-2 1.29658E-1 1.2874E-1 1.30841E-1 1.00904E-1 7.36201E-2
2.10182E-2 5.68345E-2 7.27089E-2 8.95393E-2 1.04223E-1 7.81438E-2 3.61038E-2 7.84164E-2 8.84554E-2 4.75852E-2 6.52745E-2 1.49959E-1 1.8073E-1 2.07877E-1 2.37312E-1 1.64635E-1 2.28422E-1 3.08839E-1 3.64224E-1 3.99475E-1 3.573E-1 2.49025E-1 3.52662E-1 3.61403E-1 2.9271E-1 1.43742E-1 2.48024E-1 1.98624E-1 1.23681E-1 1.43918E-1 3.18828E-1 4.28762E-1 5.12319E-1 5.17227E-1 4.9925E-1 4.84013E-1 4.66358E-1 1.60078E-1 9.8335E-2 1.79946E-1 2.64705E-1 3.57437E-1 6.25672E-1 7.38733E-1 6.71742E-1 3.37904E-1 2.61018E-1 2.08665E-1 2.1485E-1 1.85865E-1 1.93233E-1 1.07854E-1 9.26351E-2 8.39419E-2 1.04786E-1 2.04651E-1 1.93666E-1 1.14373E-1 6.30618E-2
1.33916E-2 6.45542E-2 8.63238E-2 1.09361E-1 7.67518E-2 5.44994E-2 3.87633E-2 6.78287E-2 1.38581E-1 8.43275E-2 7.26158E-2 1.22203E-1 1.88346E-1 2.0771E-1 2.42363E-1 2.41031E-1 2.75303E-1 3.78023E-1 3.82987E-1 3.99328E-1 3.70875E-1 2.30483E-1 3.75676E-1 4.2215E-1 3.33929E-1 1.39653E-1 9.90731E-2 1.08851E-1 1.08226E-1 2.87723E-1 4.82206E-1 5.1778E-1 6.02168E-1 5.40387E-1 5.11256E-1 5.21024E-1 5.0623E-1 2.06383E-1 1.53651E-1 2.20472E-1 4.23944E-1 3.8156E-1 4.47114E-1 5.72918E-1 4.25974E-1 2.1816E-1 2.15219E-1 2.12064E-1 1.29491E-1 2.38332E-1 3.58677E-1 1.97411E-1 5.59482E-2 4.60018E-2 1.05387E-1 2.6191E-1 1.90812E-1 1.18237E-1 6.67017E-2
1.43778E-2 3.55748E-2 6.24049E-2 9.19612E-2 7.43636E-2 6.5033E-2 3.51778E-2 8.46089E-2 8.57744E-2 5.04093E-2 7.0365E-2 1.22045E-1 1.45531E-1 2.01311E-1 1.92854E-1 1.63596E-1 2.75744E-1 2.62912E-1 2.54575E-1 1.85514E-1 1.34286E-1 2.24553E-1 3.48134E-1 2.8263E-1 2.62298E-1 1.37751E-1 9.37338E-2 7.54551E-2 8.8509E-2 2.56381E-1 4.60696E-1 4.7417E-1 5.73089E-1 5.12967E-1 5.20548E-1 5.61397E-1 4.42292E-1 3.29452E-1 3.60373E-1 4.66354E-1 5.92548E-1 4.73432E-1 4.22033E-1 2.80434E-1 2.46955E-1 2.47744E-1 2.02684E-1 1.11477E-1 1.1051E-1 1.37919E-1 2.09034E-1 1.64607E-1 6.52381E-2 9.90109E-2 1.82286E-1 2.77463E-1 2.14155E-1 1.07455E-1 7.33885E-2
9.57483E-3 2.1029E-2 3.44102E-2 6.99474E-2 6.89933E-2 5.21423E-2 2.76401E-2 4.29759E-2 7.66055E-2 5.66256E-2 7.57191E-2 1.83932E-1 1.93091E-1 1.5538E-1 1.33027E-1 1.48816E-1 1.36882E-1 1.06528E-1 9.59524E-2 9.63276E-2 1.27644E-1 1.91362E-1 1.25623E-1 1.49088E-1 1.68743E-1 1.18256E-1 7.91254E-2 1.0782E-1 9.9456E-2 1.47976E-1 3.31684E-1 3.33539E-1 3.72029E-1 3.55076E-1 5.21878E-1 4.58444E-1 5.45861E-1 5.65781E-1 5.53999E-1 5.85894E-1 6.41984E-1 6.29521E-1 5.87285E-1 3.37359E-1 1.88063E-1 2.24254E-1 1.52102E-1 6.80909E-2 1.12582E-1 1.47548E-1 2.00807E-1 1.8049E-1 1.19168E-1 2.05954E-1 3.34066E-1 2.67079E-1 2.02801E-1 1.3372E-1 8.99845E-2
1.01071E-2 1.49084E-2 3.393E-2 5.79556E-2 5.13539E-2 3.27521E-2 3.27529E-2 3.59982E-2 3.97814E-2 3.92939E-2 6.65637E-2 1.55103E-1 1.98892E-1 2.06003E-1 1.79505E-1 1.67865E-1 1.06831E-1 1.09421E-1 1.24668E-1 1.28899E-1 2.70666E-1 1.10575E-1 8.51871E-2 1.43629E-1 1.2311E-1 7.76704E-2 5.9471E-2 1.05494E-1 1.37592E-1 1.54476E-1 1.61431E-1 1.26188E-1 1.07935E-1 2.69338E-1 3.78336E-1 5.09379E-1 4.88038E-1 3.83706E-1 3.50331E-1 4.51696E-1 6.64271E-1 7.83548E-1 7.97632E-1 6.9512E-1 3.02875E-1 2.09676E-1 1.08871E-1 9.03384E-2 1.90435E-1 2.70045E-1 3.02396E-1 3.92379E-1 4.23652E-1 2.20494E-1 3.96432E-1 3.10244E-1 1.42636E-1 1.09001E-1 8.64566E-2
1.29687E-2 1.60251E-2 1.86262E-2 2.93021E-2 2.07947E-2 2.82347E-2 2.7467E-2 2.80293E-2 3.23863E-2 2.97937E-2 3.89336E-2 7.94486E-2 1.20317E-1 1.84529E-1 1.12619E-1 1.03989E-1 2.02336E-1 1.77678E-1 2.57172E-1 1.33237E-1 9.01742E-2 7.32096E-2 1.17777E-1 1.83184E-1 1.99404E-1 1.16612E-1 5.82038E-2 8.83666E-2 1.41851E-1 1.64223E-1 1.03552E-1 5.37258E-2 1.05815E-1 3.36634E-1 4.36635E-1 5.01957E-1 5.33032E-1 5.50628E-1 5.2922E-1 5.26213E-1 6.64397E-1 7.62952E-1 7.64909E-1 7.48885E-1 2.80706E-1 1.16279E-1 8.41071E-2 1.1135E-1 2.52243E-1 3.98331E-1 3.85159E-1 4.5566E-1 5.38206E-1 5.14151E-1 4.39813E-1 2.51042E-1 1.37362E-1 9.03939E-2 5.96759E-2
2.47688E-2 4.38372E-2 2.48618E-2 2.68246E-2 3.90897E-2 3.2583E-2 2.05175E-2 2.61367E-2 3.1907E-2 1.98821E-2 3.11831E-2 6.41875E-2 1.35257E-1 2.07812E-1 1.03346E-1 1.32115E-1 3.13394E-1 3.39035E-1 1.97724E-1 9.04435E-2 5.77199E-2 5.19975E-2 9.40301E-2 1.79651E-1 3.27897E-1 1.30522E-1 6.17775E-2 4.82383E-2 9.79701E-2 1.16841E-1 1.33676E-1 6.28045E-2 1.02377E-1 3.28215E-1 4.85643E-1 5.46779E-1 6.32799E-1 7.19522E-1 7.2775E-1 7.19339E-1 6.93269E-1 7.29098E-1 7.77777E-1 7.45064E-1 3.60253E-1 9.86214E-2 6.71563E-2 7.85491E-2 1.91848E-1 2.62285E-1 3.7358E-1 3.90852E-1 4.38422E-1 4.99828E-1 3.17018E-1 2.18853E-1 1.72773E-1 1.50581E-1 9.31355E-2
3.61493E-2 4.81146E-2 3.25871E-2 2.85736E-2 4.37805E-2 5.36664E-2 6.22358E-2 5.53817E-2 2.93922E-2 1.82947E-2 4.21753E-2 8.06475E-2 1.14633E-1 1.09878E-1 8.72612E-2 1.56698E-1 3.60844E-1 3.62998E-1 2.48366E-1 1.06844E-1 4.45562E-2 3.68423E-2 4.67263E-2 8.78109E-2 1.68951E-1 1.12604E-1 9.60317E-2 8.91942E-2 1.2278E-1 2.71797E-1 2.95483E-1 2.10658E-1 2.60129E-1 4.17915E-1 2.99657E-1 4.82018E-1 7.37964E-1 7.98076E-1 7.38195E-1 7.7957E-1 7.7962E-1 7.99043E-1 6.58598E-1 5.07024E-1 2.71402E-1 1.34445E-1 8.35846E-2 1.18486E-1 2.71321E-1 2.76603E-1 2.80292E-1 1.92429E-1 2.83419E-1 2.57573E-1 1.45041E-1 1.53069E-1 1.7232E-1 1.2961E-1 1.10417E-1
4.46419E-2 6.41815E-2 6.18799E-2 4.4759E-2 4.73852E-2 5.55416E-2 6.08056E-2 8.20886E-2 5.68196E-2 4.18668E-2 5.4214E-2 7.22196E-2 1.35723E-1 9.06558E-2 1.11295E-1 9.47933E-2 2.95147E-1 3.17213E-1 1.98618E-1 1.03058E-1 4.26104E-2 3.49119E-2 3.87215E-2 7.49027E-2 7.99953E-2 7.56432E-2 1.37396E-1 1.78006E-1 2.21868E-1 2.63799E-1 2.25424E-1 1.87755E-1 2.30801E-1 2.61645E-1 2.51152E-1 6.47074E-1 7.51174E-1 7.64731E-1 7.61051E-1 7.48115E-1 8.00931E-1 7.52592E-1 2.94246E-1 2.58606E-1 2.77201E-1 2.45758E-1 1.60762E-1 2.88066E-1 3.19116E-1 2.57926E-1 2.27964E-1 2.01801E-1 1.04232E-1 2.06416E-1 1.2234E-1 1.9713E-1 2.01327E-1 1.34835E-1 1.44571E-1
5.80635E-2 7.23345E-2 8.05542E-2 5.64284E-2 5.1742E-2 5.41437E-2 1.00684E-1 4.5379E-2 4.31359E-2 4.27537E-2 5.71982E-2 6.24724E-2 9.84432E-2 1.33502E-1 1.15422E-1 9.8195E-2 1.97655E-1 1.93511E-1 6.7218E-2 6.75702E-2 4.11869E-2 4.28064E-2 7.19329E-2 6.82093E-2 7.03738E-2 7.99547E-2 1.35673E-1 1.68585E-1 1.50425E-1 1.85585E-1 1.38218E-1 1.58915E-1 1.07645E-1 1.21387E-1 3.06477E-1 6.91901E-1 7.11091E-1 7.06975E-1 7.2643E-1 7.59745E-1 7.43993E-1 2.34603E-1 1.29155E-1 1.51889E-1 1.70218E-1 2.15976E-1 2.21009E-1 2.11555E-1 2.93648E-1 1.00147E-1 1.10111E-1 1.7473E-1 1.83228E-1 3.55132E-1 1.90381E-1 1.66129E-1 1.52514E-1 1.86728E-1 1.96822E-1
3.8972E-2 4.68894E-2 6.3788E-2 5.47704E-2 5.72662E-2 7.7014E-2 1.00782E-1 3.12014E-2 3.83422E-2 3.82346E-2 4.76392E-2 6.90247E-2 1.06555E-1 1.04964E-1 1.01819E-1 9.83682E-2 1.61738E-1 6.64888E-2 6.39352E-2 9.75732E-2 1.04046E-1 1.4338E-1 9.32695E-2 7.71573E-2 6.80801E-2 9.62366E-2 9.70044E-2 9.58585E-2 6.98942E-2 4.69218E-2 6.06848E-2 7.9224E-2 6.37098E-2 1.20112E-1 4.45968E-1 6.28852E-1 6.29297E-1 6.56095E-1 7.0009E-1 7.28874E-1 3.77836E-1 9.05415E-2 1.0223E-1 1.27332E-1 2.28195E-1 2.6284E-1 1.5479E-1 1.56727E-1 1.11587E-1 8.52956E-2 1.17762E-1 1.46894E-1 2.47559E-1 2.03564E-1 2.3599E-1 3.15637E-1 2.87425E-1 3.05592E-1 3.64387E-1
2.68735E-2 5.94327E-2 6.92479E-2 5.757E-2 5.48539E-2 1.01027E-1 1.0601E-1 9.04649E-2 4.39747E-2 5.48404E-2 5.05658E-2 8.2075E-2 1.08191E-1 9.43172E-2 1.04667E-1 1.31122E-1 1.80433E-1 1.32772E-1 2.11821E-1 2.68211E-1 2.3455E-1 2.3073E-1 1.36381E-1 8.94996E-2 8.43857E-2 7.86235E-2 7.47135E-2 6.0965E-2 5.85088E-2 3.48225E-2 4.23116E-2 3.97867E-2 4.27498E-2 1.50293E-1 2.02713E-1 2.27475E-1 3.35842E-1 5.85926E-1 6.71871E-1 6.46171E-1 8.22301E-2 4.11685E-2 6.9174E-2 7.43684E-2 1.19411E-1 1.80807E-1 1.85596E-1 2.09939E-1 6.78006E-2 7.50502E-2 8.62267E-2 1.12279E-1 1.95455E-1 2.45372E-1 1.42649E-1 3.48979E-1 4.48428E-1 3.75211E-1 3.67923E-1
