Phytophthora/models/20240529_1714_25/Phytophthora_PA3_RUN5_MAXENT_outputs/projMaxent.asc
ncols         225
nrows         269
xllcorner     473009.9838
yllcorner     4429051.1748
cellsize      50.0
NODATA_value  -9999
[rows 52 to 77 of 269, columns 0 to 58 of 225]
-9999 -9999 -9999 -9999 -9999 -9999 -9999 -9999 -9999 -9999 -9999 -9999 -9999 -9999 -9999 -9999 -9999 -9999 -9999 -9999 -9999 -9999 1.53905E-2 1.86578E-2 5.43549E-2 7.00479E-2 3.64894E-2 2.37822E-2 3.66953E-2 2.49904E-2 2.72892E-2 3.92755E-2 8.98231E-2 1.09406E-1 1.1352E-1 1.25848E-1 1.32992E-1 1.40128E-1 1.56728E-1 1.93003E-1 2.82513E-1 2.43076E-1 2.06423E-1 1.67826E-1 1.58481E-1 1.45539E-1 1.10482E-1 1.26281E-1 1.29473E-1 1.20703E-1 1.53318E-1 1.15599E-1 1.00898E-1 1.07135E-1 1.0632E-1 1.01483E-1 5.62515E-2 5.66648E-2 4.4518E-2
-9999 -9999 -9999 -9999 -9999 -9999 -9999 -9999 -9999 -9999 -9999 -9999 -9999 -9999 -9999 -9999 -9999 -9999 -9999 -9999 -9999 -9999 2.56854E-2 1.63686E-2 2.98848E-2 5.24086E-2 2.74587E-2 2.03464E-2 4.4347E-2 3.44964E-2 3.37447E-2 3.43521E-2 1.10399E-1 1.136E-1 1.11801E-1 1.1464E-1 9.52722E-2 1.31242E-1 1.15077E-1 8.81743E-2 2.01475E-1 1.77747E-1 1.02647E-1 1.58682E-1 1.70396E-1 1.32285E-1 1.57851E-1 9.90802E-2 1.31289E-1 1.39583E-1 1.4625E-1 1.08638E-1 1.20194E-1 1.39271E-1 1.15313E-1 7.00231E-2 3.99954E-2 3.46448E-2 4.50927E-2
-9999 -9999 -9999 -9999 -9999 -9999 -9999 -9999 -9999 -9999 -9999 -9999 -9999 -9999 -9999 -9999 -9999 -9999 -9999 -9999 -9999 -9999 2.44274E-2 3.21296E-2 3.68377E-2 4.35136E-2 7.18498E-2 6.89312E-2 8.77912E-2 4.59889E-2 3.24761E-2 3.27089E-2 9.22651E-2 1.17585E-1 7.20687E-2 1.20008E-1 1.24818E-1 1.46028E-1 9.03298E-2 1.14858E-1 1.38339E-1 1.38204E-1 5.96625E-2 7.04024E-2 1.85106E-1 1.73459E-1 2.04503E-1 2.02673E-1 1.61579E-1 1.7685E-1 1.01769E-1 7.66521E-2 8.44849E-2 9.08728E-2 1.19645E-1 6.91247E-2 5.55431E-2 2.51703E-2 3.38174E-2
-9999 -9999 -9999 -9999 -9999 -9999 -9999 -9999 -9999 -9999 -9999 -9999 -9999 -9999 -9999 -9999 -9999 -9999 -9999 -9999 -9999 -9999 2.13824E-2 4.07069E-2 4.64371E-2 6.17085E-2 5.94645E-2 9.80709E-2 9.60012E-2 8.14222E-2 4.85842E-2 4.0004E-2 9.39202E-2 9.39468E-2 1.30809E-1 1.44612E-1 1.45302E-1 1.58606E-1 1.63622E-1 1.34091E-1 1.0226E-1 1.17865E-1 1.07193E-1 1.48329E-1 1.38437E-1 1.52916E-1 1.23518E-1 9.13914E-2 1.04717E-1 7.61511E-2 5.82578E-2 7.87453E-2 5.12744E-2 4.82032E-2 7.12816E-2 4.93962E-2 5.2464E-2 1.97124E-2 1.56644E-2
-9999 -9999 -9999 -9999 -9999 -9999 -9999 -9999 -9999 -9999 -9999 -9999 -9999 -9999 -9999 -9999 -9999 -9999 -9999 -9999 -9999 1.96314E-2 2.29828E-2 2.45611E-2 1.70187E-2 3.54242E-2 7.07903E-2 1.07714E-1 6.09067E-2 5.61023E-2 5.55786E-2 2.84074E-2 8.95384E-2 1.32522E-1 1.46391E-1 1.23821E-1 8.21731E-2 8.81325E-2 1.26383E-1 1.30901E-1 5.67753E-2 8.52902E-2 9.77436E-2 1.01913E-1 7.4966E-2 7.39159E-2 6.39319E-2 5.01928E-2 4.12176E-2 3.75458E-2 3.98792E-2 5.26969E-2 5.38236E-2 5.64105E-2 4.41431E-2 3.68189E-2 3.8316E-2 1.82144E-2 1.534E-2
-9999 -9999 -9999 -9999 -9999 -9999 -9999 -9999 -9999 -9999 -9999 -9999 -9999 -9999 -9999 -9999 -9999 -9999 2.89534E-2 2.39229E-2 2.31296E-2 2.405E-2 3.30553E-2 2.1216E-2 9.44621E-3 2.64474E-2 4.17646E-2 4.77023E-2 4.08479E-2 5.45584E-2 6.3358E-2 4.25025E-2 5.34382E-2 1.06381E-1 1.01422E-1 7.15596E-2 3.99343E-2 3.80167E-2 8.65999E-2 9.80991E-2 4.04766E-2 6.741E-2 6.50821E-2 6.11435E-2 4.61908E-2 4.54883E-2 4.9098E-2 3.73719E-2 2.70804E-2 6.7545E-2 4.78465E-2 3.39837E-2 2.56707E-2 4.03924E-2 4.03473E-2 2.80564E-2 1.85372E-2 1.69652E-2 2.217E-2
-9999 -9999 -9999 -9999 -9999 -9999 -9999 -9999 -9999 -9999 -9999 -9999 -9999 -9999 -9999 -9999 1.3231E-2 2.19201E-2 3.3458E-2 2.82267E-2 3.9505E-2 4.22509E-2 5.7227E-2 3.62179E-2 2.6498E-2 1.98943E-2 5.76424E-2 5.95597E-2 3.37295E-2 3.53297E-2 3.89273E-2 4.12406E-2 7.58614E-2 6.9324E-2 4.56174E-2 3.23103E-2 3.68556E-2 4.27645E-2 6.33494E-2 6.1277E-2 3.82764E-2 6.02887E-2 7.86447E-2 7.00829E-2 4.39625E-2 4.68355E-2 3.91887E-2 4.30061E-2 7.28743E-2 7.11074E-2 3.83287E-2 2.74362E-2 1.8059E-2 1.22196E-2 1.60716E-2 1.8309E-2 2.09138E-2 1.59648E-2 2.16588E-2
-9999 -9999 -9999 -9999 -9999 -9999 -9999 -9999 -9999 -9999 -9999 -9999 -9999 -9999 1.72533E-2 1.93265E-2 2.10526E-2 2.11719E-2 2.77891E-2 3.85969E-2 7.80255E-2 7.42813E-2 4.28853E-2 8.2401E-2 8.25507E-2 7.54996E-2 9.69606E-2 9.03993E-2 4.44079E-2 3.43535E-2 3.05032E-2 4.77904E-2 1.01347E-1 5.22468E-2 3.2183E-2 2.92847E-2 3.37592E-2 4.74319E-2 4.9342E-2 4.86559E-2 3.86548E-2 4.86011E-2 4.37195E-2 4.31331E-2 6.94983E-2 7.01096E-2 4.54767E-2 5.09714E-2 6.87457E-2 6.7135E-2 2.68118E-2 3.61878E-2 5.15041E-2 1.61888E-2 1.34904E-2 1.13942E-2 1.00878E-2 1.42705E-2 1.62567E-2
-9999 -9999 -9999 -9999 -9999 -9999 -9999 -9999 -9999 -9999 -9999 -9999 -9999 1.25994E-2 2.20517E-2 2.58047E-2 3.25738E-2 2.17146E-2 1.39061E-2 5.69666E-2 6.75436E-2 7.07192E-2 4.96876E-2 8.2933E-2 8.8685E-2 8.60098E-2 9.14342E-2 8.0622E-2 4.25406E-2 3.26135E-2 2.71053E-2 4.0702E-2 7.50495E-2 5.22425E-2 2.95155E-2 3.36955E-2 3.52251E-2 3.93878E-2 3.34644E-2 4.06725E-2 4.84685E-2 4.87232E-2 4.22626E-2 2.91917E-2 4.59379E-2 6.68942E-2 6.35065E-2 2.9551E-2 2.77862E-2 3.78125E-2 2.75942E-2 2.78818E-2 5.17733E-2 2.33958E-2 1.67325E-2 1.27671E-2 1.19053E-2 1.02181E-2 1.17776E-2
-9999 -9999 -9999 -9999 -9999 -9999 -9999 -9999 -9999 -9999 -9999 -9999 -9999 6.32972E-3 2.67471E-2 3.02693E-2 2.1727E-2 1.48308E-2 1.54551E-2 3.73995E-2 3.32911E-2 3.90312E-2 5.00244E-2 7.59219E-2 7.86766E-2 8.41248E-2 8.96187E-2 8.782E-2 8.64308E-2 4.9304E-2 4.9647E-2 5.25459E-2 5.44037E-2 3.79752E-2 2.90362E-2 2.58974E-2 3.66688E-2 3.50352E-2 2.80381E-2 2.85388E-2 2.98513E-2 2.45665E-2 3.23211E-2 2.66868E-2 2.65527E-2 5.32391E-2 5.20935E-2 2.40266E-2 2.80108E-2 2.73059E-2 2.18984E-2 1.62206E-2 2.68792E-2 1.4425E-2 1.31849E-2 1.06843E-2 1.11713E-2 8.70958E-3 9.19667E-3
-9999 -9999 -9999 -9999 -9999 -9999 -9999 -9999 -9999 -9999 -9999 -9999 -9999 9.1455E-3 2.58681E-2 3.02032E-2 1.66048E-2 1.30285E-2 3.26001E-2 3.25272E-2 2.65813E-2 1.91869E-2 3.76407E-2 4.18143E-2 4.29419E-2 7.47079E-2 8.42494E-2 8.52429E-2 8.82808E-2 8.24795E-2 9.36678E-2 5.29797E-2 3.78696E-2 3.19025E-2 2.3362E-2 2.00274E-2 2.13792E-2 2.54574E-2 1.994E-2 2.20135E-2 2.84725E-2 2.59131E-2 2.65961E-2 2.50383E-2 2.01952E-2 2.50232E-2 2.37932E-2 2.56029E-2 2.5902E-2 2.73932E-2 1.65226E-2 1.11699E-2 7.93429E-3 1.29759E-2 2.99687E-2 1.55105E-2 1.25823E-2 1.03853E-2 7.73045E-3
-9999 -9999 -9999 -9999 -9999 -9999 -9999 -9999 -9999 -9999 -9999 -9999 1.38625E-2 1.30243E-2 3.34346E-2 2.94637E-2 1.49479E-2 1.38701E-2 3.28546E-2 2.8141E-2 2.29115E-2 2.28911E-2 2.95171E-2 3.3859E-2 3.37624E-2 6.85844E-2 7.48528E-2 8.07011E-2 6.78366E-2 8.93436E-2 7.58453E-2 3.74421E-2 4.41553E-2 4.04281E-2 2.42906E-2 2.3283E-2 2.64692E-2 2.41219E-2 1.6273E-2 1.88549E-2 2.41795E-2 3.10769E-2 2.77328E-2 1.86461E-2 1.61061E-2 1.59179E-2 2.62568E-2 4.14832E-2 2.64063E-2 2.13807E-2 1.20487E-2 9.75515E-3 4.87071E-3 1.0193E-2 1.31272E-2 2.57792E-2 1.95191E-2 1.80456E-2 1.70109E-2
-9999 -9999 -9999 -9999 -9999 -9999 -9999 -9999 -9999 -9999 -9999 -9999 1.64987E-2 2.22965E-2 4.00791E-2 3.01725E-2 1.86437E-2 4.22909E-2 3.36639E-2 2.64404E-2 2.10009E-2 2.09289E-2 2.39676E-2 3.22797E-2 6.50815E-2 7.15542E-2 6.96566E-2 7.81177E-2 5.40495E-2 5.12083E-2 3.58522E-2 2.83915E-2 2.95699E-2 3.8882E-2 2.17823E-2 2.18718E-2 2.17896E-2 1.61488E-2 1.36932E-2 1.98602E-2 1.94687E-2 2.75501E-2 3.09592E-2 2.03304E-2 1.68689E-2 1.60747E-2 2.39691E-2 4.05098E-2 3.50756E-2 1.58477E-2 9.66388E-3 6.94964E-3 4.00372E-3 7.90886E-3 8.7124E-3 9.89605E-3 2.44339E-2 1.88341E-2 2.23209E-2
-9999 -9999 -9999 -9999 -9999 -9999 -9999 -9999 -9999 -9999 -9999 -9999 6.66329E-2 3.43168E-2 3.32511E-2 2.5968E-2 2.70354E-2 3.76094E-2 2.67218E-2 2.21424E-2 2.17602E-2 2.15011E-2 2.33462E-2 3.59851E-2 6.15843E-2 7.02944E-2 8.05501E-2 7.69771E-2 7.94289E-2 3.29675E-2 2.75986E-2 3.21671E-2 3.54307E-2 4.0862E-2 2.40774E-2 2.02824E-2 1.52197E-2 1.42183E-2 1.12964E-2 1.15304E-2 1.26586E-2 1.33512E-2 2.11343E-2 3.41532E-2 4.167E-2 3.87654E-2 4.21317E-2 1.62127E-2 1.40687E-2 8.32399E-3 6.62382E-3 7.1654E-3 6.29639E-3 5.4978E-3 9.27632E-3 6.56705E-3 9.99491E-3 1.14767E-2 2.02121E-2
-9999 -9999 -9999 -9999 -9999 -9999 -9999 -9999 -9999 -9999 4.97672E-3 1.24325E-2 2.13098E-2 3.7949E-2 2.86838E-2 2.00096E-2 2.26426E-2 5.45538E-2 3.30256E-2 2.57967E-2 2.41675E-2 2.40138E-2 3.25389E-2 5.13476E-2 5.41041E-2 6.07118E-2 8.22715E-2 7.71739E-2 7.5628E-2 3.9069E-2 2.43633E-2 3.07153E-2 2.41452E-2 2.49104E-2 1.86128E-2 1.8029E-2 1.43632E-2 1.10599E-2 9.94825E-3 1.04981E-2 1.20286E-2 1.46987E-2 2.52209E-2 2.902E-2 2.93156E-2 2.83701E-2 3.14175E-2 2.5578E-2 1.39804E-2 1.42642E-2 2.11666E-2 1.2311E-2 1.01064E-2 1.00898E-2 9.85799E-3 9.68674E-3 1.20382E-2 1.12556E-2 1.88835E-2
-9999 -9999 -9999 -9999 -9999 -9999 -9999 -9999 1.69335E-2 1.13733E-2 8.80223E-3 8.4934E-3 1.64912E-2 3.18927E-2 2.3819E-2 1.86639E-2 1.42862E-2 2.55768E-2 3.33643E-2 2.39051E-2 2.01456E-2 2.06255E-2 2.87727E-2 3.515E-2 3.88145E-2 5.65239E-2 6.72506E-2 6.63143E-2 3.79518E-2 3.68113E-2 2.63322E-2 2.18319E-2 1.55279E-2 1.66031E-2 1.72464E-2 2.02174E-2 1.59954E-2 1.17688E-2 1.30185E-2 1.86266E-2 2.02822E-2 2.1212E-2 3.18708E-2 3.0085E-2 2.34511E-2 1.85064E-2 1.8516E-2 2.04577E-2 2.48454E-2 2.94581E-2 2.13176E-2 1.01335E-2 1.11801E-2 7.19513E-3 8.99231E-3 9.16883E-3 9.76802E-3 1.05076E-2 1.19625E-2
-9999 -9999 -9999 -9999 -9999 -9999 -9999 -9999 -9999 -9999 1.60337E-2 1.62966E-2 1.53505E-2 2.23389E-2 1.89828E-2 1.29732E-2 1.21402E-2 3.04607E-2 2.85835E-2 2.18805E-2 1.83981E-2 1.94752E-2 2.10445E-2 2.13223E-2 2.43056E-2 5.46517E-2 6.16915E-2 3.3594E-2 2.07168E-2 2.59094E-2 1.88396E-2 1.60485E-2 1.43803E-2 1.11701E-2 1.15107E-2 1.44887E-2 2.08566E-2 2.04267E-2 1.261E-2 1.96156E-2 2.06103E-2 2.72678E-2 2.46316E-2 2.59022E-2 2.42005E-2 1.52456E-2 1.55889E-2 1.77972E-2 2.0791E-2 2.34703E-2 1.64937E-2 8.42808E-3 8.86653E-3 7.09769E-3 1.03386E-2 1.57338E-2 1.25114E-2 8.91883E-3 1.25679E-2
-9999 -9999 -9999 -9999 -9999 -9999 -9999 -9999 -9999 -9999 -9999 -9999 -9999 2.48819E-2 1.76386E-2 1.12319E-2 1.23881E-2 3.16642E-2 3.1452E-2 2.08057E-2 2.03395E-2 2.52711E-2 2.47325E-2 2.41981E-2 2.38655E-2 3.45893E-2 5.97403E-2 2.69517E-2 2.1931E-2 1.84671E-2 1.34469E-2 1.25103E-2 1.1682E-2 1.07895E-2 9.38235E-3 1.24033E-2 1.28001E-2 1.72513E-2 1.68098E-2 1.61539E-2 1.55284E-2 1.98362E-2 1.67293E-2 1.94026E-2 2.24946E-2 1.9835E-2 1.99188E-2 2.56286E-2 2.35254E-2 3.22649E-2 2.52266E-2 1.37097E-2 5.0961E-3 7.92888E-3 1.44485E-2 3.29761E-2 3.20328E-2 1.48069E-2 2.5522E-2
-9999 -9999 -9999 -9999 -9999 -9999 -9999 -9999 -9999 -9999 -9999 -9999 -9999 -9999 -9999 -9999 -9999 -9999 -9999 1.2762E-2 2.23061E-2 4.32592E-2 4.09786E-2 3.58598E-2 3.43061E-2 3.32394E-2 5.66574E-2 3.10265E-2 2.70597E-2 2.29206E-2 1.29734E-2 1.44032E-2 1.19223E-2 1.43768E-2 1.01724E-2 9.85589E-3 9.33487E-3 1.28397E-2 1.35699E-2 1.60937E-2 1.30511E-2 1.27224E-2 1.34188E-2 1.62929E-2 2.65731E-2 2.51308E-2 2.3326E-2 2.36579E-2 2.72041E-2 1.92295E-2 1.62094E-2 1.6419E-2 5.59961E-3 4.11001E-3 9.80306E-3 1.24949E-2 1.70926E-2 1.94677E-2 1.75716E-2
-9999 -9999 -9999 -9999 -9999 -9999 -9999 -9999 -9999 -9999 -9999 -9999 -9999 -9999 -9999 -9999 -9999 -9999 -9999 -9999 1.76569E-2 2.86031E-2 3.84316E-2 4.68743E-2 5.06325E-2 3.80618E-2 1.62231E-2 2.18209E-2 1.8045E-2 1.81768E-2 1.16132E-2 1.4449E-2 1.07703E-2 1.21635E-2 1.81631E-2 1.65408E-2 1.19047E-2 1.64012E-2 1.38752E-2 1.43371E-2 1.20702E-2 1.32784E-2 1.18108E-2 1.3727E-2 1.35997E-2 1.74227E-2 2.04365E-2 2.3155E-2 1.40375E-2 1.00137E-2 1.53195E-2 1.21492E-2 4.87591E-3 4.6723E-3 7.55654E-3 1.21572E-2 1.424E-2 1.38732E-2 1.33494E-2
-9999 -9999 -9999 -9999 -9999 -9999 -9999 -9999 -9999 -9999 -9999 -9999 -9999 -9999 -9999 -9999 -9999 -9999 -9999 -9999 -9999 4.24257E-2 3.01215E-2 4.50792E-2 4.04049E-2 2.22124E-2 2.04505E-2 2.08506E-2 2.02674E-2 1.44644E-2 1.16267E-2 1.47071E-2 1.27772E-2 1.15372E-2 2.02474E-2 1.7633E-2 2.16562E-2 2.11818E-2 1.28305E-2 1.27161E-2 1.76967E-2 2.10831E-2 1.6698E-2 2.30543E-2 1.33929E-2 1.8289E-2 2.54015E-2 2.10513E-2 1.17731E-2 1.13027E-2 1.98939E-2 1.05472E-2 4.83118E-3 5.21412E-3 7.98433E-3 1.15597E-2 1.39831E-2 1.90058E-2 1.42716E-2
-9999 -9999 -9999 -9999 -9999 -9999 -9999 -9999 -9999 -9999 -9999 -9999 -9999 -9999 -9999 -9999 -9999 -9999 -9999 -9999 -9999 -9999 4.22173E-2 4.1359E-2 2.81508E-2 1.10111E-2 1.33404E-2 1.74784E-2 2.16252E-2 2.18106E-2 1.35052E-2 1.65142E-2 1.87495E-2 1.25064E-2 1.61061E-2 2.40834E-2 2.77917E-2 2.12825E-2 1.23777E-2 9.57408E-3 1.6299E-2 2.98469E-2 3.11549E-2 3.06208E-2 3.40992E-2 3.3074E-2 3.1273E-2 2.39075E-2 2.98065E-2 2.90479E-2 2.96794E-2 1.3212E-2 7.53043E-3 8.11207E-3 1.23576E-2 1.18638E-2 1.88851E-2 3.3031E-2 2.84906E-2
-9999 -9999 -9999 -9999 -9999 -9999 -9999 -9999 -9999 -9999 -9999 -9999 -9999 -9999 -9999 -9999 -9999 -9999 -9999 -9999 -9999 -9999 -9999 3.68788E-2 1.9139E-2 1.176E-2 1.06271E-2 1.4894E-2 1.52884E-2 1.55303E-2 1.96023E-2 3.2173E-2 2.81328E-2 2.34163E-2 2.08283E-2 2.2013E-2 2.15719E-2 1.69309E-2 9.98228E-3 1.35027E-2 1.78608E-2 2.67466E-2 1.81332E-2 1.42356E-2 2.84603E-2 2.69462E-2 2.37805E-2 2.55812E-2 2.91407E-2 2.87971E-2 2.79593E-2 1.5156E-2 6.27552E-3 1.14435E-2 1.62279E-2 1.33909E-2 2.16824E-2 2.98613E-2 2.93001E-2
-9999 -9999 -9999 -9999 -9999 -9999 -9999 -9999 -9999 -9999 -9999 -9999 -9999 -9999 -9999 -9999 -9999 -9999 -9999 -9999 -9999 -9999 -9999 -9999 1.13681E-2 1.27885E-2 1.37967E-2 1.57157E-2 1.93654E-2 2.49141E-2 4.20424E-2 6.43239E-2 7.41252E-2 6.65433E-2 3.94616E-2 2.36296E-2 2.60804E-2 2.86777E-2 1.56385E-2 1.98134E-2 2.35388E-2 2.2729E-2 1.32757E-2 1.40939E-2 2.46278E-2 2.45945E-2 2.22993E-2 1.27624E-2 2.56233E-2 1.9879E-2 2.00666E-2 1.79706E-2 9.63926E-3 1.1284E-2 2.02172E-2 1.69989E-2 3.13426E-2 4.96032E-2 6.22026E-2
-9999 -9999 -9999 -9999 -9999 -9999 -9999 -9999 -9999 -9999 -9999 -9999 -9999 -9999 -9999 -9999 -9999 -9999 -9999 -9999 -9999 -9999 -9999 -9999 -9999 -9999 1.67758E-2 1.99466E-2 2.87747E-2 4.21923E-2 5.07657E-2 4.91288E-2 7.53974E-2 2.36344E-2 4.04622E-2 4.46033E-2 4.093E-2 4.80277E-2 3.03814E-2 3.04505E-2 3.30754E-2 2.39406E-2 2.74776E-2 2.85502E-2 2.76603E-2 2.75582E-2 1.695E-2 1.57207E-2 1.37802E-2 1.13912E-2 9.69291E-3 1.0501E-2 1.42037E-2 1.24759E-2 2.02145E-2 2.99736E-2 4.18745E-2 5.24886E-2 6.02582E-2
-9999 -9999 -9999 -9999 -9999 -9999 -9999 -9999 -9999 -9999 -9999 -9999 -9999 -9999 -9999 -9999 -9999 -9999 -9999 -9999 -9999 -9999 -9999 -9999 -9999 -9999 -9999 -9999 -9999 7.12046E-2 4.39468E-2 3.03017E-2 4.34935E-2 3.83509E-2 2.19136E-2 1.6475E-2 3.01815E-2 5.09822E-2 3.5529E-2 3.89492E-2 2.47484E-2 1.89903E-2 3.25011E-2 3.13167E-2 3.04962E-2 1.34817E-2 1.32944E-2 1.22142E-2 1.10205E-2 8.13533E-3 1.03389E-2 1.70722E-2 1.34149E-2 1.74155E-2 2.23195E-2 3.08997E-2 3.13499E-2 5.67971E-2 1.88444E-2
