Phytophthora/models/20240429_1812_56/Phytophthora_PA1_RUN5_MAXENT_outputs/Phytophthora_PA1_RUN5.asc
ncols         225
nrows         269
xllcorner     473000.0
yllcorner     4429100.0
cellsize      50.0
NODATA_value  -9999
[rows 162 to 188 of 269, columns 120 to 179 of 225]
1.49679E-1 3.25214E-1 1.08489E-1 1.06201E-1 2.24642E-1 3.81994E-1 4.29791E-1 4.15006E-1 1.71955E-1 1.97467E-1 1.42433E-1 4.27497E-1 3.88809E-1 3.89896E-1 3.58137E-1 4.94005E-1 5.5158E-1 5.89095E-1 5.0772E-1 4.13027E-1 3.271E-1 2.74216E-1 2.79572E-1 2.04293E-1 2.69883E-1 1.05169E-1 1.58306E-1 2.01826E-1 2.75721E-1 3.25723E-1 1.66993E-1 9.65119E-2 6.18359E-2 4.16522E-2 8.25385E-2 1.90935E-1 1.64163E-1 1.57438E-1 1.23384E-1 1.50288E-1 1.69868E-1 2.34268E-1 2.83376E-1 3.26727E-1 3.08832E-1 1.0049E-1 1.81102E-1 2.04075E-1 1.5983E-1 1.9386E-1 2.68461E-1 1.68327E-1 3.17522E-1 3.15684E-1 2.89399E-1 1.78626E-1 1.60656E-1 2.17921E-1 2.34073E-1 1.73805E-1
3.16279E-1 3.9294E-1 3.65404E-1 2.68586E-1 1.26984E-1 3.6065E-1 4.04005E-1 3.89019E-1 3.71959E-1 4.19099E-1 3.88158E-1 2.48826E-1 3.86791E-1 3.7651E-1 3.08651E-1 4.07611E-1 5.4157E-1 4.91678E-1 4.21233E-2 2.92979E-1 2.14959E-1 1.21238E-1 3.54268E-1 6.45196E-2 4.82922E-2 1.02956E-1 1.51742E-1 1.54907E-1 1.59062E-1 2.36067E-1 1.26208E-1 9.08111E-2 8.4889E-2 1.05524E-1 1.05616E-1 1.8316E-1 1.84138E-1 1.84295E-1 1.44891E-1 1.54588E-1 1.74295E-1 2.43329E-1 2.82832E-1 1.55257E-1 2.43046E-1 2.42005E-1 1.3567E-1 2.79207E-1 2.06629E-1 3.3917E-2 4.52772E-2 9.35853E-2 5.10624E-2 2.34937E-1 1.21586E-1 2.93152E-1 1.71767E-1 1.58827E-1 2.25684E-1 2.7896E-1
3.78417E-1 3.70905E-1 3.29918E-1 2.12414E-1 1.55325E-1 2.82649E-1 3.52076E-1 3.75945E-1 3.75403E-1 4.0964E-1 4.30541E-1 2.04803E-1 4.32027E-1 4.00881E-1 3.04605E-1 3.30792E-1 2.66674E-1 4.48335E-1 3.06374E-1 2.302E-1 1.36641E-1 1.38162E-1 2.36829E-1 8.01971E-2 2.36347E-1 1.44862E-1 1.47015E-1 1.39099E-1 1.28536E-1 8.81434E-2 1.17559E-1 1.09164E-1 1.19548E-1 1.26857E-1 1.41246E-1 2.3296E-1 2.34476E-1 2.38568E-1 2.05455E-1 1.59463E-1 1.61191E-1 2.15729E-1 2.62869E-1 2.81115E-1 3.13608E-1 7.43263E-2 1.61662E-1 2.13658E-1 2.26873E-1 1.08996E-1 1.08375E-1 2.40995E-1 2.37329E-1 2.16525E-1 1.88063E-1 2.10188E-1 2.38907E-1 2.1855E-1 1.93597E-1 2.86411E-1
4.59525E-1 3.91967E-1 3.02687E-1 2.10622E-1 1.6426E-1 2.22753E-1 2.72013E-1 3.09877E-1 3.14629E-1 3.91295E-1 4.62718E-1 2.70088E-1 5.39632E-1 5.60301E-1 2.46154E-1 1.18309E-1 1.87383E-1 4.02732E-1 9.5099E-2 2.41818E-1 1.63979E-1 2.05749E-1 1.64704E-1 2.54058E-1 2.62235E-1 1.9446E-1 1.61745E-1 1.33374E-1 1.34265E-1 6.77433E-2 1.11053E-1 1.14397E-1 1.37627E-1 1.52115E-1 2.15094E-1 3.46666E-1 3.63735E-1 3.24957E-1 2.76739E-1 2.10243E-1 1.45651E-1 1.80649E-1 2.31871E-1 2.62915E-1 2.67908E-1 1.63761E-1 1.63718E-1 2.54972E-1 1.88795E-1 1.60106E-1 1.90823E-1 2.50896E-1 1.62557E-1 4.73421E-1 7.52597E-2 1.78752E-1 2.26795E-1 2.83427E-1 3.25049E-1 3.33613E-1
3.87587E-1 3.1092E-1 3.26451E-1 2.47775E-1 1.86551E-1 2.19908E-1 2.66552E-1 3.22968E-1 3.95633E-1 4.58068E-1 4.7621E-1 3.50634E-1 6.36271E-1 5.79056E-1 5.1599E-1 2.55092E-1 3.0009E-1 5.23849E-1 3.39654E-1 3.01349E-1 2.48259E-1 4.19318E-1 4.09778E-1 4.50646E-1 4.48946E-1 3.59302E-1 3.48905E-1 3.74671E-1 4.12823E-1 1.67328E-1 3.11936E-1 2.00464E-1 2.41668E-1 3.22601E-1 4.2991E-1 3.71067E-1 3.49125E-1 3.05964E-1 2.84948E-1 2.29847E-1 1.8354E-1 1.5299E-1 1.6608E-1 2.18479E-1 2.4995E-1 2.79748E-1 3.2983E-1 2.57599E-1 3.63021E-1 2.93864E-1 2.03756E-1 1.12517E-1 1.05073E-1 2.85859E-2 3.66042E-2 8.12495E-2 1.44791E-1 3.02626E-1 3.67245E-1 4.29392E-1
9.56619E-2 2.7402E-1 1.69061E-1 2.1252E-1 1.77848E-1 2.19009E-1 2.50614E-1 2.91136E-1 3.82561E-1 5.14866E-1 5.39807E-1 3.03029E-1 4.92545E-1 3.72109E-1 3.35325E-1 3.45893E-1 3.94601E-1 3.98414E-1 3.23598E-1 3.9481E-1 4.88288E-1 3.55136E-1 2.98991E-1 3.09801E-1 4.60304E-1 4.58296E-1 3.87982E-1 3.76506E-1 3.94231E-1 4.05994E-1 2.03821E-1 2.3242E-1 3.12674E-1 5.17999E-1 5.23732E-1 4.51057E-1 3.84147E-1 3.38259E-1 3.05346E-1 2.55459E-1 2.28807E-1 1.9752E-1 1.72641E-1 1.92299E-1 9.22127E-2 4.54266E-1 4.47788E-1 2.67417E-1 9.88621E-2 1.57957E-1 6.5511E-2 5.47536E-2 4.63388E-2 4.95213E-2 6.4774E-2 8.26972E-2 3.51395E-2 8.1141E-2 7.60948E-2 2.457E-1
2.0782E-1 1.30328E-1 1.84932E-1 1.55176E-1 1.80521E-1 2.34799E-1 2.79247E-1 2.93066E-1 3.28882E-1 4.14827E-1 4.76102E-1 3.6261E-1 4.78192E-1 4.86093E-1 2.23816E-1 2.29129E-1 3.03843E-1 4.55965E-1 4.79475E-1 4.76036E-1 4.79339E-1 4.71147E-1 4.61174E-1 3.40409E-1 2.74467E-1 3.26927E-1 5.13626E-1 4.76562E-1 4.67162E-1 3.10957E-1 3.05314E-1 2.47305E-1 1.44617E-1 5.92844E-1 5.42944E-1 1.8087E-1 1.73747E-1 1.96344E-1 1.87344E-1 2.86831E-1 2.34655E-1 2.30489E-1 1.91476E-1 1.63185E-1 1.72031E-1 4.91279E-1 4.72406E-1 4.38121E-1 3.53875E-1 3.64652E-1 4.06399E-2 6.0644E-2 5.72463E-2 4.42342E-2 3.0852E-2 8.55306E-2 1.20759E-1 3.99277E-1 2.78871E-1 1.66767E-1
1.84495E-1 1.68391E-1 1.28224E-1 1.44688E-1 2.22128E-1 3.53606E-1 4.00771E-1 3.32613E-1 3.31966E-1 4.13659E-1 4.45735E-1 6.05369E-1 2.62826E-1 2.46445E-1 4.67865E-1 4.46027E-1 4.42021E-1 4.49092E-1 4.6202E-1 4.56202E-1 4.38291E-1 4.78886E-1 4.9136E-1 4.70593E-1 2.27253E-1 3.48129E-1 1.66815E-1 3.21782E-1 3.46652E-1 2.13218E-1 1.69318E-1 1.21503E-1 2.42178E-1 1.77165E-1 4.65478E-1 3.37658E-1 4.27071E-1 3.60468E-1 3.01883E-1 1.70776E-1 2.3607E-1 2.23472E-1 1.97026E-1 1.54254E-1 1.88625E-1 3.01473E-1 4.81941E-1 4.26353E-1 3.75035E-1 2.98409E-1 8.90673E-2 1.13007E-1 1.11E-1 4.05606E-2 1.0016E-1 1.94307E-1 3.63316E-1 3.1863E-1 4.3097E-1 3.76506E-1
2.29401E-1 1.62067E-1 1.43041E-1 1.05043E-1 1.20627E-1 2.12346E-1 3.62098E-1 1.50804E-1 4.68466E-1 4.13284E-1 4.42961E-1 6.27864E-1 5.76135E-1 4.82299E-1 4.73453E-1 4.38245E-1 4.31665E-1 4.30819E-1 4.32239E-1 4.28618E-1 4.02227E-1 4.55126E-1 4.86655E-1 4.84974E-1 2.08028E-1 4.16179E-1 4.36586E-1 3.90464E-1 3.47622E-1 2.81336E-1 2.11665E-1 1.45203E-1 2.4637E-1 4.63493E-1 4.42794E-1 4.44716E-1 3.31525E-1 2.2593E-1 3.25254E-1 2.92002E-1 2.4064E-1 2.08358E-1 1.79103E-1 1.51186E-1 1.96255E-1 3.96661E-1 1.31532E-1 3.27849E-1 3.39651E-1 2.58908E-1 7.14384E-2 1.30488E-1 5.86964E-2 1.48898E-1 1.78603E-1 3.67445E-1 3.3807E-1 2.72803E-1 4.82518E-1 4.7024E-1
2.54822E-1 1.8426E-1 1.50471E-1 1.13045E-1 8.5316E-2 8.56227E-2 9.78632E-2 1.32196E-1 3.29749E-1 2.51453E-1 4.53195E-1 6.25479E-1 6.07551E-1 4.88365E-1 4.44611E-1 3.46985E-1 3.28237E-1 3.90889E-1 4.4673E-1 3.58304E-1 3.43599E-1 4.08174E-1 4.12405E-1 3.97186E-1 2.25685E-1 4.0405E-1 3.7564E-1 3.62525E-1 3.32677E-1 3.43637E-1 4.0278E-1 3.99296E-1 4.12283E-1 3.27499E-1 2.97611E-1 2.60639E-1 2.10457E-1 1.85311E-1 2.87348E-1 2.69616E-1 2.88034E-1 2.47569E-1 2.17526E-1 1.96979E-1 1.4491E-1 2.30364E-1 7.90355E-2 1.5381E-1 2.72801E-1 2.05033E-1 1.30237E-1 9.33176E-2 1.41778E-1 2.01194E-1 2.56915E-1 2.82076E-1 2.33218E-1 3.42401E-1 4.77666E-1 4.24486E-1
2.58415E-1 1.97475E-1 1.78715E-1 2.0266E-1 2.12912E-1 7.25592E-2 9.04788E-2 1.0552E-1 1.38315E-1 2.16196E-1 4.35995E-1 4.01441E-1 3.02574E-1 4.50335E-1 3.87659E-1 3.21916E-1 2.48639E-1 2.07267E-1 4.02302E-1 3.11807E-1 4.60806E-1 3.93411E-1 4.14977E-1 4.094E-1 2.38292E-1 4.12021E-1 4.07383E-1 3.75501E-1 3.54736E-1 1.91919E-1 4.35892E-1 4.39248E-1 4.33867E-1 2.22201E-1 3.57158E-1 2.27647E-1 1.76052E-1 1.76094E-1 2.44557E-1 2.32419E-1 2.61197E-1 2.23453E-1 2.1446E-1 1.97382E-1 5.76343E-2 7.63746E-2 3.03899E-2 5.97203E-2 2.08674E-1 2.08182E-1 7.40128E-2 8.58566E-2 1.90546E-1 2.47342E-1 2.19668E-1 2.34875E-1 2.88118E-1 3.76623E-1 4.19825E-1 3.25016E-1
2.66101E-1 2.14105E-1 1.80627E-1 2.01003E-1 1.83456E-1 1.41887E-1 1.00983E-1 9.76053E-2 1.10169E-1 1.37351E-1 2.42555E-1 2.91374E-1 4.05394E-1 1.61866E-1 4.0455E-1 2.78988E-1 2.3621E-1 1.79663E-1 2.18126E-1 1.65056E-1 4.89031E-1 3.88701E-1 4.30553E-1 2.40572E-1 3.95128E-1 3.95567E-1 2.41513E-1 1.80131E-1 1.99406E-1 3.76015E-1 4.42583E-1 4.50136E-1 4.40059E-1 2.01694E-1 3.04681E-1 2.02064E-1 1.40703E-1 1.32624E-1 2.81701E-1 1.41612E-1 3.15328E-1 2.66097E-1 2.41304E-1 3.34437E-1 5.3652E-2 3.95373E-2 1.98503E-2 1.10166E-1 3.15968E-1 3.30923E-1 1.8002E-1 2.5388E-1 2.59964E-1 2.37125E-1 2.09437E-1 4.0014E-1 3.35806E-1 3.21476E-1 3.97702E-1 2.69785E-1
2.62309E-1 2.54629E-1 2.09391E-1 1.94427E-1 1.88486E-1 1.75332E-1 1.49029E-1 9.72073E-2 1.10048E-1 1.15523E-1 1.75044E-1 1.76832E-1 2.15491E-1 3.36976E-1 8.76889E-2 3.18273E-1 2.18944E-1 1.96649E-1 1.84021E-1 4.14149E-1 2.68153E-1 3.91271E-1 4.52985E-1 2.36333E-1 3.75647E-1 5.73563E-1 4.74386E-1 3.79452E-1 3.48088E-1 3.91458E-1 4.4517E-1 4.85142E-1 3.4683E-1 5.82339E-1 3.55423E-1 1.79418E-1 1.37295E-1 1.0451E-1 2.40048E-1 1.72676E-1 3.05252E-1 3.1464E-1 2.75165E-1 3.7152E-1 1.27842E-2 7.16109E-2 1.02325E-1 8.27404E-2 4.10125E-1 3.84298E-1 2.32898E-1 3.38829E-1 2.56586E-1 2.32863E-1 3.45606E-1 4.08084E-1 3.73733E-1 3.3608E-1 2.14486E-1 2.19956E-1
2.59862E-1 3.30316E-1 2.2666E-1 1.97619E-1 1.87497E-1 1.82543E-1 1.85039E-1 1.50946E-1 1.36822E-1 1.07719E-1 1.56182E-1 1.54498E-1 1.81281E-1 1.82824E-1 3.10896E-1 1.49129E-1 2.54186E-1 2.29063E-1 2.1028E-1 2.34653E-1 4.92758E-1 3.84573E-1 4.95708E-1 2.26381E-1 3.76498E-1 6.12398E-1 3.87489E-1 3.74917E-1 3.55544E-1 4.09794E-1 4.77241E-1 5.82313E-1 2.95988E-1 6.51142E-1 3.52729E-1 1.77237E-1 1.79109E-1 1.064E-1 1.38968E-1 7.71068E-2 3.16611E-1 3.03758E-1 2.72548E-1 3.14489E-1 5.92296E-2 1.89753E-2 1.26149E-1 1.20221E-1 3.56993E-1 3.48116E-1 1.39163E-1 2.38364E-1 1.84561E-1 1.33261E-1 1.66956E-1 5.18602E-1 4.03693E-1 2.19152E-1 1.39855E-1 1.49311E-1
2.84024E-1 3.97834E-1 2.52869E-1 2.00736E-1 1.67788E-1 1.87732E-1 1.91883E-1 1.71162E-1 1.55101E-1 1.16851E-1 1.37483E-1 1.21897E-1 1.63824E-1 1.72219E-1 2.0849E-1 1.89356E-1 4.08759E-1 2.71085E-1 2.7835E-1 2.8649E-1 2.0656E-1 2.44998E-1 4.61737E-1 1.39742E-1 2.83859E-1 2.82855E-1 2.72438E-1 2.59764E-1 1.4028E-1 2.90559E-1 3.16641E-1 1.28883E-1 5.31545E-1 3.32423E-1 1.76532E-1 1.85083E-1 2.02455E-1 1.87302E-1 8.63989E-2 2.35865E-1 3.52025E-1 3.48842E-1 3.0269E-1 3.76543E-1 7.12831E-2 5.2522E-2 1.64948E-1 2.00295E-1 3.48072E-1 1.88562E-1 8.73281E-2 1.27484E-1 1.20318E-1 6.03397E-2 5.57208E-2 1.09346E-1 1.58302E-1 1.65811E-1 1.03245E-1 9.68442E-2
3.59022E-1 4.47252E-1 2.55095E-1 2.05192E-1 1.80342E-1 2.00488E-1 1.87024E-1 1.77853E-1 1.57617E-1 1.50663E-1 1.55989E-1 1.49465E-1 1.78536E-1 1.94474E-1 2.18441E-1 3.84051E-1 1.25183E-1 2.56875E-1 2.70301E-1 2.96186E-1 2.04245E-1 2.85571E-1 3.07278E-1 2.65201E-1 2.83322E-1 1.00687E-1 2.49389E-1 2.73762E-1 1.99263E-1 8.77978E-2 7.3703E-2 1.43606E-1 1.8815E-1 1.74658E-1 2.10999E-1 2.1708E-1 2.82609E-1 1.90078E-1 1.84526E-1 2.45061E-1 3.39378E-1 2.93998E-1 2.58028E-1 2.29962E-1 1.48686E-1 1.47074E-1 1.88178E-1 2.30552E-1 2.32002E-1 2.65372E-1 2.94082E-1 2.12469E-1 1.27107E-1 9.41199E-2 7.57412E-2 1.1205E-1 1.19939E-1 1.29484E-1 1.07944E-1 1.10363E-1
4.99814E-1 4.76807E-1 2.39303E-1 2.13127E-1 2.22579E-1 2.30047E-1 2.06362E-1 1.79693E-1 1.86028E-1 1.72792E-1 1.86108E-1 1.60801E-1 1.68402E-1 1.70032E-1 2.06105E-1 2.49656E-1 2.37004E-1 3.35009E-1 3.07832E-1 3.23862E-1 2.37341E-1 3.17586E-1 3.89356E-1 1.93819E-1 1.76956E-1 1.89892E-1 1.2464E-1 1.97723E-1 5.02876E-2 2.09458E-1 5.67166E-2 1.07386E-1 2.33967E-1 2.07509E-1 2.5195E-1 2.70798E-1 9.25224E-2 3.12406E-1 2.61655E-1 2.43169E-1 3.14312E-1 2.57508E-1 2.23408E-1 2.10929E-1 1.83506E-1 3.70081E-2 1.89829E-1 4.02455E-1 3.74554E-1 3.6039E-1 3.59708E-1 2.94413E-1 1.56963E-1 1.18835E-1 8.04668E-2 6.17853E-2 6.37942E-2 9.95593E-2 7.52976E-2 8.90376E-2
3.74373E-1 3.68124E-1 2.32824E-1 2.56457E-1 2.22749E-1 2.36193E-1 2.13686E-1 1.91059E-1 1.79876E-1 1.89737E-1 2.04633E-1 1.75804E-1 1.67381E-1 1.71272E-1 1.79761E-1 2.23772E-1 2.79222E-1 2.54757E-1 4.70938E-1 3.44303E-1 2.50667E-1 3.41974E-1 3.12161E-1 2.17787E-1 2.85183E-1 2.76226E-1 2.50794E-1 2.68807E-1 6.13613E-2 2.1698E-1 6.71759E-2 2.31129E-1 1.06279E-1 2.34652E-1 2.42957E-1 2.77203E-1 2.03497E-1 2.92119E-1 2.38139E-1 2.1088E-1 2.91917E-1 2.30055E-1 1.91216E-1 1.80048E-1 2.55399E-1 5.19335E-2 2.19495E-1 3.16224E-1 3.16203E-1 2.47849E-1 2.15998E-1 2.05601E-1 2.16187E-1 1.45758E-1 7.22875E-2 5.24574E-2 3.53687E-2 6.77438E-2 8.06046E-2 1.1495E-1
1.69892E-1 4.01244E-1 2.60479E-1 2.48957E-1 2.64258E-1 2.67911E-1 2.39629E-1 2.15307E-1 1.85663E-1 1.72737E-1 2.14886E-1 1.92563E-1 1.72341E-1 1.66555E-1 1.78646E-1 2.07138E-1 1.99984E-1 2.76128E-1 3.62432E-1 5.79953E-1 2.71821E-1 4.3989E-1 1.64572E-1 3.32032E-1 3.28928E-1 7.02796E-2 3.10399E-1 1.5898E-1 7.26267E-2 3.12331E-1 3.71977E-2 1.31954E-1 2.12369E-1 2.53957E-1 3.78332E-1 1.3561E-1 3.10491E-1 2.89354E-1 2.08866E-1 1.78056E-1 2.89763E-1 2.22163E-1 1.81414E-1 2.03133E-1 1.69967E-1 1.11365E-1 2.13732E-1 2.40553E-1 1.74048E-1 9.43039E-2 1.19739E-1 1.42115E-1 1.83409E-1 1.02122E-1 4.70128E-2 1.30998E-1 9.88802E-2 9.64089E-2 1.37587E-1 1.45134E-1
3.24883E-1 5.18841E-1 2.94993E-1 2.60366E-1 3.58144E-1 2.50342E-1 2.07928E-1 1.79548E-1 1.58374E-1 1.55711E-1 2.10387E-1 2.10984E-1 1.83782E-1 1.76895E-1 1.80877E-1 1.59141E-1 1.73867E-1 2.0448E-1 3.09808E-1 2.92979E-1 3.41872E-1 3.68938E-1 2.25296E-1 5.33736E-1 1.92428E-1 1.63168E-1 9.19013E-2 6.50216E-2 5.20828E-2 3.33882E-2 1.44703E-2 1.86291E-2 7.25251E-2 1.86081E-1 8.14986E-2 2.2471E-1 2.67281E-1 2.84564E-1 1.76807E-1 1.54565E-1 1.51408E-1 1.94956E-1 1.13674E-1 8.62437E-2 1.83268E-2 5.58261E-2 1.52756E-1 6.31433E-2 1.09661E-1 8.52894E-2 1.00793E-1 9.81165E-2 8.85408E-2 9.3511E-2 1.07733E-1 7.19945E-2 8.60826E-2 1.2919E-1 1.50588E-1 9.40447E-2
5.29391E-1 4.70533E-1 2.92479E-1 3.1692E-1 3.51752E-1 2.49022E-1 2.06057E-1 1.98821E-1 1.7615E-1 1.83853E-1 2.19212E-1 2.18493E-1 2.08207E-1 1.88645E-1 1.71343E-1 1.30683E-1 1.56057E-1 2.15084E-1 2.70266E-1 4.58544E-1 3.26224E-1 2.01068E-1 1.574E-1 1.14684E-1 1.35958E-1 7.95583E-2 7.68717E-2 3.56251E-2 3.87125E-2 2.94568E-2 1.27007E-2 1.01682E-1 5.5593E-2 5.48251E-2 3.20163E-1 1.26823E-1 1.13343E-1 1.27132E-1 1.32557E-1 1.27213E-1 2.0704E-1 3.37065E-1 1.56786E-1 5.96453E-2 2.98719E-2 4.26114E-2 5.36591E-2 1.27161E-1 1.36822E-1 1.49959E-1 1.20818E-1 8.59042E-2 7.53367E-2 1.15144E-1 8.61682E-2 5.59313E-2 1.19421E-1 1.47803E-1 1.53314E-1 8.68584E-2
2.9801E-1 3.28033E-1 2.85312E-1 4.17212E-1 3.63421E-1 2.32518E-1 2.18226E-1 2.04481E-1 2.0188E-1 1.9966E-1 2.17566E-1 2.12215E-1 2.2519E-1 2.06112E-1 1.91891E-1 1.44265E-1 1.78377E-1 2.44834E-1 3.42034E-1 5.02437E-1 2.98861E-1 5.24128E-1 1.06953E-1 1.59082E-1 2.55045E-1 1.5336E-1 1.17632E-1 4.67807E-2 4.2098E-2 2.1016E-2 1.10554E-2 5.3032E-2 4.05677E-2 4.47801E-2 9.16482E-2 6.22108E-2 4.96022E-2 1.73026E-1 1.29801E-1 1.411E-1 1.79052E-1 2.42319E-1 7.75636E-2 1.64386E-1 1.32401E-1 8.2088E-2 3.78669E-2 5.08103E-2 1.72132E-1 1.0624E-1 9.32702E-2 6.54518E-2 1.11344E-1 1.0474E-1 8.45422E-2 5.7655E-2 9.98687E-2 1.64723E-1 1.26233E-1 8.62227E-2
3.14132E-1 2.86369E-1 3.36561E-1 1.31614E-1 3.94091E-1 2.51872E-1 2.24233E-1 2.37539E-1 1.94652E-1 1.80142E-1 2.29088E-1 2.26283E-1 2.22487E-1 2.2335E-1 2.15003E-1 1.66997E-1 2.03653E-1 2.50888E-1 3.38528E-1 4.72754E-1 1.38347E-1 1.04984E-1 7.83652E-2 3.64421E-2 2.94773E-1 2.12698E-1 1.44412E-1 7.93244E-2 9.89485E-2 5.77918E-2 2.95556E-2 3.35605E-2 3.5649E-2 3.41476E-2 4.04325E-2 2.64413E-1 2.58014E-1 1.39337E-1 1.78687E-1 1.94268E-1 2.55944E-1 3.319E-1 1.8427E-1 6.40909E-2 4.24586E-2 1.92313E-2 8.68276E-2 8.11685E-2 9.15737E-2 6.37972E-2 6.12707E-2 4.83065E-2 1.23588E-1 1.03874E-1 9.85591E-2 8.20724E-2 9.74445E-2 1.0949E-1 1.03766E-1 1.0229E-1
3.52703E-1 3.0861E-1 2.20408E-1 1.95468E-1 1.82888E-1 2.34351E-1 2.32329E-1 2.28893E-1 1.7483E-1 1.86901E-1 2.58474E-1 2.46704E-1 2.31688E-1 2.42324E-1 2.35957E-1 1.84549E-1 2.19422E-1 2.62378E-1 3.27733E-1 6.88367E-2 2.58148E-1 1.58729E-1 1.19981E-1 2.49864E-1 4.50959E-2 2.27003E-1 1.56699E-1 1.00884E-1 1.19702E-1 1.41935E-1 5.28095E-2 2.73966E-2 2.68819E-2 3.35294E-2 4.15249E-2 1.83268E-1 2.00581E-1 1.97928E-1 2.24777E-1 2.55963E-1 3.24805E-1 3.55811E-1 3.58687E-1 6.6812E-2 1.46001E-1 4.16805E-2 1.14956E-1 1.31997E-1 6.82154E-2 4.83834E-2 6.51862E-2 9.84296E-2 1.07014E-1 1.19016E-1 1.33659E-1 1.22165E-1 1.43123E-1 1.49405E-1 1.43903E-1 1.37206E-1
2.39193E-1 2.16105E-1 1.87E-1 1.52952E-1 4.61632E-2 3.67823E-1 3.32267E-1 2.86371E-1 2.48032E-1 2.78516E-1 2.58132E-1 2.30144E-1 2.65075E-1 2.66062E-1 2.04153E-1 2.98569E-1 3.16218E-1 3.69662E-1 4.67909E-1 1.83457E-1 5.30127E-2 9.66306E-2 8.53308E-2 5.99981E-2 2.9183E-1 7.07727E-2 5.76957E-2 5.01948E-2 7.05692E-2 8.34575E-2 1.9171E-1 1.11891E-1 1.24152E-1 1.77569E-1 1.98734E-1 2.67422E-1 2.86398E-1 1.60555E-1 3.12408E-1 3.40405E-1 2.30093E-1 2.55748E-1 3.13232E-1 8.74613E-2 2.07997E-1 1.59543E-1 1.31886E-1 2.79275E-2 5.64008E-2 4.64231E-2 7.52242E-2 8.81399E-2 8.84468E-2 1.09219E-1 1.52893E-1 1.90399E-1 2.22523E-1 2.08983E-1 1.8006E-1 1.06882E-1
2.34416E-1 2.35183E-1 1.99995E-1 1.73584E-1 2.59699E-1 4.316E-1 3.32433E-1 3.03808E-1 2.66144E-1 2.97899E-1 2.46004E-1 2.5035E-1 3.25299E-1 2.74606E-1 2.24554E-1 3.35896E-1 3.64901E-1 3.53016E-1 3.21026E-1 4.20807E-1 9.88017E-2 1.12616E-1 9.9867E-2 3.86753E-2 3.01916E-2 6.20509E-2 9.45412E-2 6.20062E-2 6.16631E-2 6.73301E-2 1.32099E-1 1.81509E-1 2.21713E-1 2.57716E-1 2.91785E-1 3.33665E-1 3.2356E-1 2.76868E-1 3.27936E-1 2.96181E-1 2.16872E-1 1.52011E-1 2.86117E-1 6.74061E-2 1.79018E-1 2.12074E-1 4.9514E-2 3.66845E-2 6.87549E-2 7.99533E-2 9.04012E-2 8.18543E-2 9.77741E-2 1.39145E-1 2.06526E-1 2.55395E-1 2.61553E-1 2.19515E-1 2.11057E-1 9.56188E-2
2.42452E-1 2.21199E-1 1.89121E-1 1.6775E-1 2.22743E-1 2.84004E-1 3.31261E-1 3.08157E-1 2.62327E-1 2.90916E-1 2.72067E-1 3.13749E-1 4.33293E-1 3.50215E-1 2.84943E-1 3.82517E-1 3.99656E-1 6.09986E-1 4.83648E-1 3.72173E-1 1.54116E-1 1.24728E-1 9.31699E-2 4.28937E-2 1.80641E-2 3.29166E-2 4.11609E-2 1.00695E-1 5.82105E-2 8.71215E-2 1.78356E-1 1.84702E-1 2.22569E-1 2.58557E-1 3.29477E-1 3.74335E-1 2.46225E-1 4.5283E-1 5.09811E-1 5.23964E-1 3.67849E-1 1.46282E-1 2.74351E-1 2.42821E-1 7.9983E-2 1.04783E-1 7.82527E-2 6.3732E-2 7.40057E-2 1.09351E-1 8.808E-2 9.24352E-2 1.08512E-1 1.73269E-1 2.74103E-1 3.44671E-1 2.44648E-1 1.39058E-1 1.70418E-1 1.88343E-1
