Phytophthora/models/20240429_1812_56/Phytophthora_PA1_RUN5_MAXENT_outputs/Phytophthora_PA1_RUN5.asc
ncols         225
nrows         269
xllcorner     473000.0
yllcorner     4429100.0
cellsize      50.0
NODATA_value  -9999
[rows 216 to 242 of 269, columns 120 to 179 of 225]
3.87329E-1 3.06552E-1 2.41306E-1 1.896E-1 2.18632E-1 2.40766E-1 2.20709E-1 2.30518E-1 1.94965E-1 9.71411E-2 7.70184E-2 6.49899E-2 9.19584E-2 4.23228E-2 5.35968E-2 2.5884E-1 3.38289E-1 2.56687E-1 2.78358E-1 2.99785E-1 4.09896E-1 5.45657E-1 2.65262E-1 5.85879E-1 6.47524E-1 4.31433E-1 4.33167E-1 2.61751E-1 3.36101E-1 3.0328E-1 3.5244E-1 3.2114E-1 5.85371E-1 4.57953E-1 6.69708E-1 3.30853E-1 5.88487E-1 5.24624E-1 5.1562E-1 4.01007E-1 3.14751E-1 3.20865E-1 3.32785E-1 3.2416E-1 4.15208E-1 4.07592E-1 2.88073E-1 3.00781E-1 2.73827E-1 2.78149E-1 2.10654E-1 1.25113E-1 1.33488E-1 1.07081E-1 1.42707E-1 1.46136E-1 1.33663E-1 7.56788E-2 7.23591E-2 7.12615E-2
2.95483E-1 2.12101E-1 2.07664E-1 2.48146E-1 2.2238E-1 2.30534E-1 2.21606E-1 2.29116E-1 2.34407E-1 1.84828E-1 1.92618E-1 1.65348E-1 8.18209E-2 2.23691E-1 7.62203E-2 2.06018E-1 2.36481E-1 2.27452E-1 2.32599E-1 2.51927E-1 2.76134E-1 4.08898E-1 1.28438E-1 6.23031E-1 6.22533E-1 4.52424E-1 1.99788E-1 4.16611E-1 3.10547E-1 3.06921E-1 3.55082E-1 3.91965E-1 4.76151E-1 3.82011E-1 4.58417E-1 6.36899E-1 4.84327E-1 4.3342E-1 4.61294E-1 3.82154E-1 3.19768E-1 3.79919E-1 2.11785E-1 2.44723E-1 4.12015E-1 4.0902E-1 3.29288E-1 2.51171E-1 2.84447E-1 2.91945E-1 1.64754E-1 1.16813E-1 1.43528E-1 1.22746E-1 7.59498E-2 1.77211E-1 8.32132E-2 9.37518E-2 1.16101E-1 1.82912E-1
5.30617E-1 4.1233E-1 3.51022E-1 3.53006E-1 2.90614E-1 2.6665E-1 2.54379E-1 2.33804E-1 2.30689E-1 2.29558E-1 2.19709E-1 2.02392E-1 1.71141E-1 1.78447E-1 2.03992E-1 2.02356E-1 2.04058E-1 2.10164E-1 2.24271E-1 2.11494E-1 2.31114E-1 2.50483E-1 4.91547E-1 6.37034E-1 5.95822E-1 4.31352E-1 4.02758E-1 2.29036E-1 3.05916E-1 2.01492E-1 3.47156E-1 5.60445E-1 2.28814E-1 6.40585E-1 6.12946E-1 5.70435E-1 5.33358E-1 5.29115E-1 5.00606E-1 3.99556E-1 3.04255E-1 3.4927E-1 3.92341E-1 2.16084E-1 3.82717E-1 3.11596E-1 3.58172E-1 2.05114E-1 2.42239E-1 2.24626E-1 1.33177E-1 1.11753E-1 1.47336E-1 6.66771E-2 1.45393E-1 7.95435E-2 9.61663E-2 6.79221E-2 2.15726E-1 3.06427E-1
4.11908E-1 4.49111E-1 4.45193E-1 3.67281E-1 3.09668E-1 2.45806E-1 2.2111E-1 2.16066E-1 2.12694E-1 2.03018E-1 1.87697E-1 1.87266E-1 1.83522E-1 1.7911E-1 1.85587E-1 1.99157E-1 2.28379E-1 2.31628E-1 2.19298E-1 2.0339E-1 2.10435E-1 2.49136E-1 4.91303E-1 5.42334E-1 4.80456E-1 4.10827E-1 2.70479E-1 3.06729E-1 1.21669E-1 1.91036E-1 3.65652E-1 4.44644E-1 2.81413E-1 6.29124E-1 5.47839E-1 5.52603E-1 5.63979E-1 5.7106E-1 5.56149E-1 4.5588E-1 3.03826E-1 3.08571E-1 3.39501E-1 5.0089E-1 5.55469E-1 3.90194E-1 3.53106E-1 1.77559E-1 1.7585E-1 1.54169E-1 1.20088E-1 7.2408E-2 1.79399E-1 6.02387E-2 7.94364E-2 8.44198E-2 7.69857E-2 3.10562E-1 3.03203E-1 4.79724E-1
2.89135E-1 3.10491E-1 3.39154E-1 3.17899E-1 3.65386E-1 3.01529E-1 2.42818E-1 2.14058E-1 2.01189E-1 1.88217E-1 1.78507E-1 1.86191E-1 1.83323E-1 1.8889E-1 1.93146E-1 2.35601E-1 2.9255E-1 2.76532E-1 2.52658E-1 2.52819E-1 2.62824E-1 4.11474E-1 5.05585E-1 4.76389E-1 4.48234E-1 3.88519E-1 3.29649E-1 3.10902E-1 2.51747E-1 1.39675E-1 2.68613E-1 3.26219E-1 5.42527E-1 5.7387E-1 5.04519E-1 5.64927E-1 5.68709E-1 5.69924E-1 5.70112E-1 4.58199E-1 3.20877E-1 3.1648E-1 3.77512E-1 4.61542E-1 5.36761E-1 3.69726E-1 2.86385E-1 1.70169E-1 8.90038E-2 1.22984E-1 4.46287E-2 1.7786E-1 5.58366E-2 3.71393E-2 6.5081E-2 1.1081E-1 8.31645E-2 1.93591E-1 1.51097E-1 3.85591E-1
1.15671E-1 3.03534E-1 3.34723E-1 3.56311E-1 2.90902E-1 2.92347E-1 2.38886E-1 1.8998E-1 1.84248E-1 1.77553E-1 2.4971E-1 2.67751E-1 2.4743E-1 2.54972E-1 2.6332E-1 3.12748E-1 3.30651E-1 2.8363E-1 2.88914E-1 3.09408E-1 4.19687E-1 5.27714E-1 5.79929E-1 5.03412E-1 5.21735E-1 4.5563E-1 5.21067E-1 3.85179E-1 3.58089E-1 3.38677E-1 4.54808E-1 2.99286E-1 5.22267E-1 3.95198E-1 3.50629E-1 3.70148E-1 3.72453E-1 2.61612E-1 2.30328E-1 2.66029E-1 3.65708E-1 3.35484E-1 3.22413E-1 4.05466E-1 4.10137E-1 2.19654E-1 1.55651E-1 7.91164E-2 1.6083E-1 1.24328E-1 6.80592E-2 5.84837E-2 9.84084E-2 9.50586E-2 7.98606E-2 1.45788E-1 2.15246E-1 2.8368E-1 2.57747E-1 4.5243E-1
4.18517E-1 4.07068E-1 3.88103E-1 3.5812E-1 3.3758E-1 3.5089E-1 2.93274E-1 2.06715E-1 1.66595E-1 1.77223E-1 2.83239E-1 3.5407E-1 3.09974E-1 3.39447E-1 3.59274E-1 4.21011E-1 3.81205E-1 3.30169E-1 3.6853E-1 3.69651E-1 6.38575E-1 6.12291E-1 6.12322E-1 6.10933E-1 7.18621E-1 4.21307E-1 4.36039E-1 3.26272E-1 3.47596E-1 3.81247E-1 3.75717E-1 3.14503E-1 5.08151E-1 3.2955E-1 4.11417E-1 4.03506E-1 3.91498E-1 3.79784E-1 3.64758E-1 2.21022E-1 3.95209E-1 3.55135E-1 2.97114E-1 2.1632E-1 2.25171E-1 1.37201E-1 9.84342E-2 9.44365E-2 3.45125E-2 1.50258E-1 2.0019E-1 2.02775E-1 1.76543E-1 1.95509E-1 1.43867E-1 2.03198E-1 3.46743E-1 4.10844E-1 4.10089E-1 4.32658E-1
3.84586E-1 3.65529E-1 4.18862E-1 4.35298E-1 4.10446E-1 4.65312E-1 3.39333E-1 2.18914E-1 1.7567E-1 1.88436E-1 3.05476E-1 5.34935E-1 3.79754E-1 4.39188E-1 4.53597E-1 4.92045E-1 4.2792E-1 3.99563E-1 4.47543E-1 4.38451E-1 7.09356E-1 6.89117E-1 6.75038E-1 7.34639E-1 6.47193E-1 3.0999E-1 4.43849E-1 4.13328E-1 3.27197E-1 3.13909E-1 2.41388E-1 3.17544E-1 4.33716E-1 3.77824E-1 3.75663E-1 3.38365E-1 3.36517E-1 3.60134E-1 3.57277E-1 1.86552E-1 4.03338E-1 3.74871E-1 3.34367E-1 2.79935E-1 2.26429E-1 1.42959E-1 1.19271E-1 1.06936E-1 1.00449E-1 1.54498E-1 3.34968E-1 3.5277E-1 3.26917E-1 2.46272E-1 2.19667E-1 4.7417E-1 4.29375E-1 3.35177E-1 2.98036E-1 3.07511E-1
4.2715E-1 4.56511E-1 5.38306E-1 4.90132E-1 5.01987E-1 5.18896E-1 3.54713E-1 2.52276E-1 1.88098E-1 2.23415E-1 3.59225E-1 5.58513E-1 5.61324E-1 5.46268E-1 5.08908E-1 5.39799E-1 5.68859E-1 4.62411E-1 5.0262E-1 4.53427E-1 6.53851E-1 7.23196E-1 7.18426E-1 5.60822E-1 6.33101E-1 4.92176E-1 4.62834E-1 3.99963E-1 3.05945E-1 2.42508E-1 1.62717E-1 2.90994E-1 3.43361E-1 2.40268E-1 2.4935E-1 2.47766E-1 2.94555E-1 3.4592E-1 3.47644E-1 2.15615E-1 1.76663E-1 3.81145E-1 3.6778E-1 3.52683E-1 3.04039E-1 2.0675E-1 1.64191E-1 1.15732E-1 1.05611E-1 2.81248E-1 2.28588E-1 2.23853E-1 1.78134E-1 1.29406E-1 1.30542E-1 1.83318E-1 2.74526E-1 2.90254E-1 2.62258E-1 2.46564E-1
5.53025E-1 6.20498E-1 6.31748E-1 3.60605E-1 6.44494E-1 5.20495E-1 3.65832E-1 2.72271E-1 1.85532E-1 2.23913E-1 4.35389E-1 6.11652E-1 6.74945E-1 6.12309E-1 5.50044E-1 5.13847E-1 6.2195E-1 5.33442E-1 3.03786E-1 6.42232E-1 6.11483E-1 6.03001E-1 6.34261E-1 6.63747E-1 6.27436E-1 4.97953E-1 4.47706E-1 3.53735E-1 2.74775E-1 3.92502E-1 1.13989E-1 2.71228E-1 2.28691E-1 2.04627E-1 2.42877E-1 2.61044E-1 3.00547E-1 3.83514E-1 3.76188E-1 2.54897E-1 2.44874E-1 3.45739E-1 3.80852E-1 4.09049E-1 4.40773E-1 2.94402E-1 2.71649E-1 1.45312E-1 5.74648E-2 1.32916E-1 1.55841E-1 1.98662E-1 1.72821E-1 1.59038E-1 1.55428E-1 1.83513E-1 2.36026E-1 2.86337E-1 2.85725E-1 1.18062E-1
4.7429E-1 6.1539E-1 3.67422E-1 4.96574E-1 3.50347E-1 2.74392E-1 3.03474E-1 2.12254E-1 1.44494E-1 1.78784E-1 3.37876E-1 5.40503E-1 5.89148E-1 5.00834E-1 3.93213E-1 2.89182E-1 4.22003E-1 5.1291E-1 6.14706E-1 5.09511E-1 6.23548E-1 6.36539E-1 3.84139E-1 6.08952E-1 5.90614E-1 4.86463E-1 4.17614E-1 3.50402E-1 3.48387E-1 3.52949E-1 8.82648E-2 2.28893E-1 2.56092E-1 2.06471E-1 2.38248E-1 2.6058E-1 3.51014E-1 3.86984E-1 3.41597E-1 2.73705E-1 3.74916E-1 2.44593E-1 2.5995E-1 3.68704E-1 4.07925E-1 4.29716E-1 4.0668E-1 3.3952E-1 6.43336E-2 1.11594E-1 8.44107E-2 8.5784E-2 7.80212E-2 1.26912E-1 1.82098E-1 2.58466E-1 3.0212E-1 3.12077E-1 1.80109E-1 3.06984E-1
1.87049E-1 3.06732E-1 4.23375E-1 2.94294E-1 2.61033E-1 1.39463E-1 2.80675E-1 9.96961E-2 1.46764E-1 2.39816E-1 3.23961E-1 5.4475E-1 5.95258E-1 6.27529E-1 5.06603E-1 5.44234E-1 5.88232E-1 6.31495E-1 6.48772E-1 4.46621E-1 6.8501E-1 6.05977E-1 3.48691E-1 5.79059E-1 5.32628E-1 4.2804E-1 3.75591E-1 3.26582E-1 4.04984E-1 2.79989E-1 9.55363E-2 2.79286E-1 2.13123E-1 2.0479E-1 2.48146E-1 3.20045E-1 3.50956E-1 3.69857E-1 3.4966E-1 1.97911E-1 3.86446E-1 3.72671E-1 3.09776E-1 3.12019E-1 3.50343E-1 2.65831E-1 3.23367E-1 3.45191E-1 1.93131E-1 1.18278E-1 1.19725E-1 1.10032E-1 1.47695E-1 1.70684E-1 2.36598E-1 3.55711E-1 3.62372E-1 3.36268E-1 2.67773E-1 3.26782E-1
3.54009E-1 3.30202E-1 2.88827E-1 2.5942E-1 2.50962E-1 1.63761E-1 2.43098E-1 1.09238E-1 1.23434E-1 1.648E-1 3.72547E-1 5.09804E-1 5.72928E-1 6.33381E-1 4.68013E-1 5.00079E-1 5.34887E-1 5.99882E-1 4.97529E-1 4.75798E-1 6.92372E-1 6.03388E-1 3.47152E-1 5.38807E-1 5.19232E-1 4.73904E-1 4.39408E-1 3.89285E-1 4.19461E-1 1.67754E-1 1.53317E-1 2.48539E-1 2.49201E-1 3.22787E-1 3.75343E-1 4.20761E-1 3.9533E-1 3.19586E-1 2.82871E-1 2.67434E-1 3.80331E-1 3.70121E-1 3.92347E-1 3.90639E-1 3.82647E-1 2.69799E-1 2.21842E-1 3.34599E-1 3.22416E-1 2.07292E-1 2.03118E-1 2.09191E-1 2.69695E-1 2.44843E-1 3.16818E-1 4.01126E-1 3.7784E-1 2.07005E-1 4.95912E-1 5.1699E-1
2.59867E-1 3.63462E-1 1.22276E-1 1.78337E-1 2.0695E-1 2.57826E-1 1.87664E-1 1.3503E-1 1.26836E-1 1.417E-1 2.9055E-1 4.58261E-1 5.05048E-1 5.88025E-1 4.00713E-1 3.58458E-1 3.83485E-1 4.3151E-1 6.42873E-1 6.15136E-1 4.82351E-1 3.77474E-1 6.42282E-1 5.86356E-1 6.68833E-1 6.50872E-1 5.24506E-1 3.72959E-1 4.12198E-1 9.72967E-2 2.49756E-1 2.99147E-1 2.52284E-1 4.02952E-1 4.12367E-1 3.88242E-1 3.29737E-1 3.3675E-1 1.81741E-1 3.35048E-1 3.98276E-1 3.67217E-1 3.95587E-1 4.00862E-1 3.98929E-1 3.20265E-1 2.98848E-1 2.17751E-1 3.17934E-1 2.32228E-1 2.25948E-1 3.53034E-1 4.40821E-1 3.8544E-1 3.52042E-1 4.00159E-1 2.6663E-1 5.1772E-1 5.09854E-1 4.61461E-1
2.20372E-1 3.02768E-1 5.05192E-2 1.01951E-1 1.91322E-1 2.14816E-1 1.60749E-1 1.36501E-1 1.26841E-1 1.42713E-1 2.00961E-1 3.7421E-1 4.38574E-1 4.44988E-1 3.08913E-1 3.47964E-1 3.92228E-1 4.50899E-1 4.37676E-1 4.24886E-1 6.90137E-1 7.2976E-1 7.31161E-1 7.23232E-1 6.69256E-1 4.17157E-1 4.46844E-1 3.56559E-1 2.03717E-1 1.70453E-1 3.11648E-1 2.98767E-1 3.38023E-1 4.04545E-1 3.55815E-1 3.58164E-1 3.23392E-1 1.31817E-1 3.33859E-1 2.0761E-1 2.79544E-1 3.924E-1 3.81245E-1 3.96505E-1 4.70501E-1 4.48327E-1 4.85524E-1 1.53178E-1 3.03895E-1 1.56581E-1 9.20126E-2 1.35981E-1 1.29261E-1 1.40674E-1 3.09314E-1 3.82912E-1 2.70455E-1 5.04108E-1 4.81425E-1 4.02771E-1
1.67291E-1 5.24008E-2 6.35648E-2 1.15333E-1 1.39583E-1 1.87962E-1 1.48628E-1 1.25009E-1 1.3064E-1 1.48604E-1 2.2346E-1 2.33729E-1 3.3192E-1 2.58665E-1 2.75158E-1 3.64016E-1 3.71975E-1 4.52969E-1 3.6489E-1 5.78828E-1 6.29935E-1 6.87278E-1 6.72551E-1 6.24759E-1 3.93303E-1 2.48739E-1 1.7715E-1 2.98214E-1 5.1274E-2 2.60042E-1 2.86931E-1 2.65528E-1 2.44778E-1 2.37652E-1 2.77121E-1 3.52446E-1 3.37777E-1 2.14059E-1 3.92162E-1 3.89116E-1 1.79649E-1 1.27584E-1 2.77352E-1 2.89769E-1 2.99563E-1 1.63568E-1 1.41566E-1 6.19931E-2 1.57709E-1 9.04516E-2 6.61069E-2 1.0418E-1 1.38911E-1 2.24195E-1 3.29469E-1 3.56424E-1 6.39768E-1 6.15432E-1 5.45519E-1 4.44842E-1
1.0237E-1 6.95277E-2 7.8485E-2 9.14212E-2 9.80773E-2 1.84399E-1 1.3666E-1 1.26265E-1 1.47666E-1 1.69117E-1 2.66706E-1 2.25239E-1 3.66024E-1 2.55269E-1 3.0997E-1 3.99573E-1 3.74389E-1 3.92244E-1 4.12274E-1 5.21813E-1 5.7231E-1 6.58471E-1 4.60984E-1 3.69985E-1 2.99179E-1 2.02017E-1 3.39697E-1 9.9171E-2 1.16586E-1 3.14411E-1 2.66505E-1 2.09385E-1 2.04226E-1 2.37566E-1 2.76473E-1 3.45519E-1 3.41897E-1 3.62387E-1 4.73786E-1 4.09699E-1 3.49726E-1 2.83421E-1 2.84247E-1 2.81546E-1 1.53352E-1 1.10595E-1 1.15115E-1 1.81012E-1 1.05018E-1 8.05079E-2 1.06228E-1 1.32666E-1 2.19551E-1 2.6256E-1 1.7186E-1 6.30758E-1 6.23969E-1 5.74245E-1 4.79082E-1 4.13233E-1
1.9753E-1 1.80612E-1 1.42037E-1 1.0387E-1 1.002E-1 1.46374E-1 1.24803E-1 1.18471E-1 1.48353E-1 2.56163E-1 2.34058E-1 2.27567E-1 3.25236E-1 2.46298E-1 3.39794E-1 4.22409E-1 3.93647E-1 2.6799E-1 4.17977E-1 3.46799E-1 5.94607E-1 3.8599E-1 3.18002E-1 2.96715E-1 2.81142E-1 3.62074E-1 2.32094E-1 8.27699E-2 2.38487E-1 2.52034E-1 2.4354E-1 1.82453E-1 1.82117E-1 2.32166E-1 2.86792E-1 3.51152E-1 2.73142E-1 5.80351E-1 4.35112E-1 3.4715E-1 3.38352E-1 2.7824E-1 2.40846E-1 1.97871E-1 3.39932E-1 1.52546E-1 2.80021E-1 1.91053E-1 9.78454E-2 8.24692E-2 1.88129E-1 2.38051E-1 2.9971E-1 2.35529E-1 3.92588E-1 6.34411E-1 6.16296E-1 5.42033E-1 4.37808E-1 3.76713E-1
1.23661E-1 1.52436E-1 1.56363E-1 1.5922E-1 1.96396E-1 2.66515E-1 1.8583E-1 1.54948E-1 1.50864E-1 2.42737E-1 1.77951E-1 2.31559E-1 2.93264E-1 2.35438E-1 2.95197E-1 3.9416E-1 4.01547E-1 3.76655E-1 4.07708E-1 2.46634E-1 5.11028E-1 5.28485E-1 4.26441E-1 3.65494E-1 2.61635E-1 1.86875E-1 1.25269E-1 1.08315E-1 2.64412E-1 3.11009E-1 2.94588E-1 1.81909E-1 2.0084E-1 2.80806E-1 3.39781E-1 4.40116E-1 5.00147E-1 5.00826E-1 3.91726E-1 3.57395E-1 2.82349E-1 2.66881E-1 1.22666E-1 3.2882E-1 4.09758E-2 1.68714E-1 7.10756E-2 7.81447E-2 9.74847E-2 1.19081E-1 2.11589E-1 2.61284E-1 2.45652E-1 2.31565E-1 2.43159E-1 6.80675E-1 6.28006E-1 5.28628E-1 4.41382E-1 3.7025E-1
1.01387E-1 2.16507E-1 2.40172E-1 2.21443E-1 2.42319E-1 2.94975E-1 2.45976E-1 2.09585E-1 1.81583E-1 2.25905E-1 2.41491E-1 3.16227E-1 1.76738E-1 1.9866E-1 2.5676E-1 4.13683E-1 3.65744E-1 3.52649E-1 3.52423E-1 1.42142E-1 5.00822E-1 4.45799E-1 3.73517E-1 3.38725E-1 2.8347E-1 2.7973E-1 2.69439E-1 2.71436E-1 2.85397E-1 2.27931E-1 1.49048E-1 1.42289E-1 1.74975E-1 2.41771E-1 3.13369E-1 5.51397E-1 5.78646E-1 1.95485E-1 3.95577E-1 3.30322E-1 2.88703E-1 2.79974E-1 1.11988E-1 2.97282E-1 6.52508E-2 1.99024E-1 1.71987E-1 8.68265E-2 6.6373E-2 5.36683E-2 8.45071E-2 9.93894E-2 2.4012E-1 2.37965E-1 1.69457E-1 6.42387E-1 6.02403E-1 5.45219E-1 4.39594E-1 3.43635E-1
2.46408E-1 3.93517E-1 3.76989E-1 3.55779E-1 3.646E-1 2.98445E-1 2.6115E-1 2.44783E-1 2.18602E-1 2.70461E-1 3.52045E-1 4.24654E-1 3.20493E-1 2.37829E-1 3.15124E-1 4.05576E-1 3.53315E-1 3.29803E-1 3.35607E-1 3.75335E-1 4.5143E-1 4.52924E-1 4.43981E-1 4.98423E-1 5.20648E-1 3.51296E-1 3.4855E-1 3.00727E-1 3.08374E-1 1.90345E-1 1.51952E-1 1.82346E-1 1.65477E-1 2.37739E-1 3.4976E-1 5.07658E-1 5.66297E-1 3.99681E-1 2.69468E-1 2.59676E-1 1.66061E-1 2.28569E-1 2.84238E-1 2.92529E-1 9.63968E-2 7.15439E-2 9.84912E-2 7.16715E-2 5.93536E-2 5.82142E-2 2.0944E-1 3.75454E-1 4.33619E-1 4.15758E-1 2.7949E-1 6.46186E-1 6.71114E-1 5.95291E-1 4.88114E-1 4.01179E-1
3.65902E-1 3.41211E-1 3.68373E-1 3.54319E-1 3.6456E-1 3.09659E-1 2.81127E-1 3.1631E-1 3.13852E-1 3.64648E-1 4.32117E-1 4.81895E-1 3.88362E-1 2.72055E-1 2.53265E-1 2.91635E-1 2.78167E-1 2.65916E-1 2.78827E-1 2.65791E-1 5.22645E-1 5.42112E-1 5.7828E-1 4.58545E-1 4.41489E-1 3.52213E-1 3.62788E-1 3.35657E-1 3.9761E-1 2.67526E-1 2.43192E-1 2.04568E-1 1.91659E-1 4.02131E-1 4.59303E-1 5.29282E-1 3.7026E-1 3.54383E-1 1.28712E-1 1.45404E-1 1.79108E-1 3.12764E-1 2.99477E-1 3.05804E-1 3.24808E-1 1.98823E-1 1.47859E-1 1.05148E-1 6.85511E-2 1.07341E-1 3.71435E-1 4.02197E-1 4.24623E-1 4.06186E-1 2.78279E-1 7.14943E-1 6.81656E-1 6.19312E-1 5.4606E-1 4.46155E-1
2.43081E-1 2.87971E-1 2.66175E-1 1.75417E-1 1.64946E-1 1.48505E-1 1.74217E-1 3.03265E-1 3.63824E-1 4.59579E-1 4.62456E-1 5.75423E-1 4.37493E-1 3.30758E-1 2.87619E-1 2.69689E-1 2.06141E-1 2.16531E-1 2.76549E-1 2.22722E-1 4.93287E-1 5.86086E-1 4.57761E-1 4.45147E-1 5.30167E-1 3.75041E-1 3.88254E-1 4.19742E-1 4.82034E-1 3.33956E-1 2.64116E-1 2.2624E-1 3.12879E-1 4.29209E-1 4.87334E-1 5.29961E-1 3.8269E-1 2.96744E-1 2.69677E-1 3.15918E-1 1.98394E-1 3.41291E-1 3.42225E-1 3.30337E-1 3.0146E-1 1.12807E-1 7.48345E-2 7.34282E-2 7.0058E-2 1.56124E-1 5.02487E-1 5.65737E-1 6.11989E-1 6.16823E-1 6.26091E-1 6.82521E-1 7.13501E-1 6.72325E-1 6.0133E-1 4.76673E-1
6.11305E-1 6.12523E-1 3.7602E-1 3.25728E-1 3.79789E-1 3.13296E-1 2.80943E-1 1.76921E-1 2.12549E-1 4.60639E-1 4.33488E-1 6.17157E-1 4.83728E-1 3.79092E-1 3.23066E-1 3.10249E-1 2.5811E-1 2.41047E-1 3.005E-1 2.74985E-1 4.86355E-1 4.88549E-1 4.26163E-1 4.24871E-1 5.08024E-1 4.20756E-1 4.16462E-1 5.01101E-1 5.95355E-1 4.10663E-1 2.89868E-1 2.51919E-1 4.28178E-1 4.15753E-1 3.97595E-1 2.2612E-1 3.73637E-1 1.72813E-1 3.04581E-1 3.26159E-1 3.31985E-1 3.26893E-1 3.47935E-1 2.90433E-1 1.13557E-1 5.13115E-2 5.15535E-2 8.68842E-2 1.05005E-1 2.17767E-1 6.74893E-1 6.94554E-1 4.08399E-1 4.46657E-1 6.34582E-1 6.39002E-1 6.61752E-1 6.61596E-1 6.06952E-1 5.02966E-1
2.5009E-1 2.21184E-1 1.87736E-1 3.07782E-1 3.71118E-1 3.0219E-1 1.91056E-1 3.78159E-1 3.76391E-1 4.33459E-1 2.37809E-1 4.99671E-1 4.47879E-1 4.04612E-1 3.51918E-1 3.33564E-1 2.92878E-1 2.6079E-1 3.09858E-1 2.76917E-1 5.24566E-1 4.624E-1 4.62847E-1 4.39837E-1 5.19877E-1 4.39402E-1 4.34825E-1 6.07711E-1 5.20431E-1 3.68736E-1 2.72307E-1 3.04262E-1 1.5663E-1 3.41223E-1 3.42598E-1 3.84818E-1 2.48837E-1 2.44817E-1 2.96381E-1 3.07807E-1 3.43773E-1 3.4058E-1 3.08132E-1 1.64125E-1 2.03277E-1 8.92815E-2 8.62968E-2 1.40251E-1 1.83711E-1 2.977E-1 6.42385E-1 5.9434E-1 3.5102E-1 5.77487E-1 2.10521E-1 5.77282E-1 6.95453E-1 6.5471E-1 5.89838E-1 4.80651E-1
1.84288E-1 2.27253E-1 2.78444E-1 4.90047E-1 4.80019E-1 4.08552E-1 2.18572E-1 4.84107E-1 6.27902E-1 5.41935E-1 6.85954E-1 6.33705E-1 4.98394E-1 6.15593E-1 5.48078E-1 4.10645E-1 3.63367E-1 3.19788E-1 4.40945E-1 3.88131E-1 3.10006E-1 2.80459E-1 2.97684E-1 3.66221E-1 3.42719E-1 3.81391E-1 4.99278E-1 5.57739E-1 4.04529E-1 2.1208E-1 1.67055E-1 3.65375E-1 3.97055E-1 3.9786E-1 3.6224E-1 4.03908E-1 4.13506E-1 2.14362E-1 3.17757E-1 2.90449E-1 3.11448E-1 3.05788E-1 3.08328E-1 1.13705E-1 2.76917E-1 1.65854E-1 1.90904E-1 2.67791E-1 3.27971E-1 3.76499E-1 2.02163E-1 2.17877E-1 8.80481E-2 1.10958E-1 1.90242E-1 5.26946E-1 6.64905E-1 6.31418E-1 5.63054E-1 5.66916E-1
1.76964E-1 2.94666E-1 4.76783E-1 4.99728E-1 4.79027E-1 2.41649E-1 3.51958E-1 4.25886E-1 5.88881E-1 4.56591E-1 7.38552E-1 6.89506E-1 6.30824E-1 6.37102E-1 5.56248E-1 4.25441E-1 3.36297E-1 2.94486E-1 3.55159E-1 4.30666E-1 1.4041E-1 3.06236E-1 3.36311E-1 2.99556E-1 2.64273E-1 4.31992E-1 5.1599E-1 4.18457E-1 4.08867E-1 2.32961E-1 1.99865E-1 4.56298E-1 3.74452E-1 4.99942E-1 3.82979E-1 3.97624E-1 4.08416E-1 2.98708E-1 3.31823E-1 2.90259E-1 1.98232E-1 2.22694E-1 2.19495E-1 1.28699E-1 2.96254E-1 1.2017E-1 1.94113E-1 2.77303E-1 2.48612E-1 2.45645E-1 1.97387E-1 7.16483E-2 1.06578E-1 1.55442E-1 2.40211E-1 6.74952E-1 5.81377E-1 5.95845E-1 5.36045E-1 5.55107E-1
