Phytophthora/models/20240429_1812_56/Phytophthora_PA1_RUN5_MAXENT_outputs/Phytophthora_PA1_RUN5.asc
ncols         225
nrows         269
xllcorner     473000.0
yllcorner     4429100.0
cellsize      50.0
NODATA_value  -9999
[rows 216 to 242 of 269, columns 60 to 119 of 225]
4.72772E-1 3.33716E-1 2.00226E-1 1.68459E-1 2.1448E-1 3.18689E-1 3.47998E-1 2.9009E-1 3.3807E-1 3.12171E-1 2.85665E-1 3.04003E-1 3.65144E-1 4.16827E-1 3.08057E-1 3.15518E-1 4.89155E-1 2.89782E-1 3.57224E-1 3.3447E-1 4.65154E-1 5.36151E-1 6.32724E-1 7.23623E-1 7.10907E-1 8.34644E-1 7.15902E-1 6.55973E-1 6.82014E-1 6.99883E-1 8.39545E-1 6.75288E-1 5.83223E-1 3.93029E-1 6.57291E-1 3.74662E-1 4.02785E-1 4.47399E-1 5.27064E-1 5.75363E-1 6.53157E-1 6.22447E-1 5.76465E-1 6.79149E-1 5.95041E-1 5.27027E-1 5.56553E-1 5.80923E-1 7.53153E-1 6.66188E-1 4.85234E-1 6.26558E-1 6.39425E-1 6.28244E-1 5.82858E-1 5.84547E-1 5.625E-1 5.5311E-1 4.8965E-1 4.41042E-1
1.6311E-1 1.50176E-1 1.87004E-1 1.97914E-1 2.31226E-1 2.47122E-1 3.10185E-1 2.78778E-1 3.95911E-1 3.00071E-1 2.93453E-1 3.01617E-1 2.51242E-1 2.40211E-1 2.64716E-1 2.90121E-1 4.4642E-1 2.75067E-1 4.09403E-1 3.68811E-1 5.47365E-1 6.69686E-1 6.88511E-1 7.66424E-1 8.11102E-1 5.97522E-1 6.82746E-1 6.52183E-1 6.05196E-1 7.75499E-1 8.10938E-1 7.95985E-1 7.694E-1 7.19173E-1 7.16478E-1 4.30943E-1 3.92862E-1 4.51129E-1 4.9491E-1 5.9478E-1 6.39984E-1 6.52434E-1 5.04524E-1 6.57237E-1 6.16857E-1 5.91697E-1 5.83784E-1 5.31676E-1 2.13634E-1 6.941E-1 5.83847E-1 6.37585E-1 6.45506E-1 6.22244E-1 5.41901E-1 5.19004E-1 5.96038E-1 6.34682E-1 4.40494E-1 3.98106E-1
1.94937E-1 1.99904E-1 1.99374E-1 2.03628E-1 2.29139E-1 1.23729E-1 2.95469E-1 2.6858E-1 4.6041E-1 3.58729E-1 3.85836E-1 3.94096E-1 3.37514E-1 1.91128E-1 2.16368E-1 2.6524E-1 2.6435E-1 1.31069E-1 3.42964E-1 3.61485E-1 5.93615E-1 6.6667E-1 6.84929E-1 8.32806E-1 8.4551E-1 7.16356E-1 5.70509E-1 3.72322E-1 6.86143E-1 7.26221E-1 8.34751E-1 8.23847E-1 7.65805E-1 7.04996E-1 6.08966E-1 4.34668E-1 4.01306E-1 4.05E-1 4.4801E-1 5.04959E-1 6.01705E-1 6.93522E-1 6.78687E-1 4.03742E-1 6.10159E-1 5.9835E-1 5.23645E-1 4.68847E-1 3.12591E-1 4.45248E-1 6.23592E-1 7.24597E-1 7.4782E-1 7.51816E-1 6.81641E-1 6.64347E-1 6.74784E-1 4.53326E-1 4.94083E-1 4.34038E-1
2.07081E-1 2.11378E-1 2.04116E-1 2.14776E-1 2.0482E-1 3.30404E-1 2.757E-1 2.64211E-1 4.48623E-1 5.43062E-1 4.42246E-1 3.63079E-1 3.53554E-1 2.94321E-1 2.95028E-1 2.8894E-1 2.77719E-1 3.07314E-1 5.08749E-1 2.0023E-1 4.23451E-1 5.49932E-1 7.41618E-1 7.75578E-1 8.40983E-1 7.11975E-1 6.72333E-1 8.03993E-1 5.86991E-1 5.49807E-1 8.34166E-1 8.23449E-1 7.81688E-1 7.10456E-1 5.91362E-1 3.95497E-1 3.79574E-1 3.72408E-1 4.09117E-1 4.66024E-1 6.03663E-1 7.45993E-1 6.7986E-1 6.46541E-1 4.70624E-1 3.43266E-1 5.88611E-1 6.30928E-1 6.42464E-1 1.88895E-1 4.28996E-1 5.51734E-1 6.52889E-1 7.0979E-1 6.77479E-1 6.77454E-1 6.71899E-1 2.821E-1 3.5617E-1 2.44977E-1
2.05292E-1 2.35143E-1 2.22582E-1 2.55274E-1 2.69088E-1 2.94057E-1 2.66768E-1 2.67486E-1 4.0871E-1 5.01527E-1 5.17872E-1 3.65808E-1 3.51612E-1 3.09243E-1 2.93431E-1 2.85455E-1 3.10627E-1 1.11616E-1 3.80637E-1 3.96087E-1 3.74422E-1 3.99994E-1 6.70961E-1 6.97024E-1 7.78191E-1 8.1238E-1 6.8871E-1 7.0822E-1 6.68043E-1 6.97566E-1 8.5512E-1 8.4958E-1 8.05794E-1 7.20981E-1 5.85199E-1 3.76378E-1 3.59069E-1 3.6189E-1 3.80757E-1 4.48498E-1 5.84955E-1 6.91279E-1 6.64433E-1 6.34497E-1 6.05151E-1 6.06032E-1 5.87481E-1 5.72833E-1 5.73458E-1 2.67267E-1 6.01669E-1 6.91958E-1 5.54775E-1 4.23425E-1 4.73036E-1 6.08774E-1 3.08918E-1 4.40134E-1 4.00961E-1 1.34057E-1
1.7325E-1 1.87078E-1 1.90019E-1 2.34027E-1 2.08974E-1 2.66088E-1 2.74862E-1 3.15431E-1 3.11074E-1 5.14867E-1 5.73108E-1 4.13236E-1 4.20732E-1 4.10103E-1 3.92951E-1 3.88978E-1 3.54762E-1 3.99974E-1 4.52457E-1 4.44649E-1 3.64252E-1 3.33308E-1 3.84359E-1 6.0672E-1 4.57861E-1 7.54936E-1 5.0264E-1 7.99276E-1 7.42782E-1 7.13988E-1 9.16837E-1 8.70702E-1 7.54227E-1 6.078E-1 5.70214E-1 4.19237E-1 4.15645E-1 4.40058E-1 4.60035E-1 4.86169E-1 3.5607E-1 6.13407E-1 4.53519E-1 4.70105E-1 4.57633E-1 5.10616E-1 4.82437E-1 4.12905E-1 3.93881E-1 4.27773E-1 6.20135E-1 6.47199E-1 6.75599E-1 6.1128E-1 5.59892E-1 2.39841E-1 2.20278E-1 4.7781E-1 4.44587E-1 3.55723E-1
1.60515E-1 2.05315E-1 1.78066E-1 1.56474E-1 1.61545E-1 8.01566E-2 2.66081E-1 3.24375E-1 2.66672E-1 4.67144E-1 5.60149E-1 5.41928E-1 4.84064E-1 4.86054E-1 4.83942E-1 4.7849E-1 4.35189E-1 4.20026E-1 4.25907E-1 4.22154E-1 3.71551E-1 3.40204E-1 3.26621E-1 4.44698E-2 2.21681E-1 3.89535E-1 3.76378E-1 5.85042E-1 4.72916E-1 7.42584E-1 5.2367E-1 5.25803E-1 4.25903E-1 4.12777E-1 5.14722E-1 4.28389E-1 4.89434E-1 4.73824E-1 4.31449E-1 2.91483E-1 2.83681E-1 2.34416E-1 4.87824E-1 2.67336E-1 2.54901E-1 4.29538E-1 2.93739E-1 3.60279E-1 3.94821E-1 4.40868E-1 3.85556E-1 3.42543E-1 5.72312E-1 5.61403E-1 5.76851E-1 5.22323E-1 5.05539E-1 4.89716E-1 4.60723E-1 4.62045E-1
9.08266E-2 1.82439E-1 1.51945E-1 1.66981E-1 1.51695E-1 1.22076E-1 1.14914E-1 7.09812E-2 6.46545E-2 1.17476E-1 2.18078E-1 3.02353E-1 5.43283E-1 5.02148E-1 3.5581E-1 5.34131E-1 5.25077E-1 5.3324E-1 4.8664E-1 4.80171E-1 3.95065E-1 3.75811E-1 3.83084E-1 3.82482E-1 2.06531E-1 3.28425E-1 7.15004E-1 4.23465E-1 4.68378E-1 5.18024E-1 7.19503E-1 4.68553E-1 4.86821E-1 6.24206E-1 5.03962E-1 3.25755E-1 3.48097E-1 4.01372E-1 3.95516E-1 2.66085E-1 1.92658E-1 4.20433E-1 6.84672E-2 1.86151E-1 4.1199E-1 1.67455E-1 2.16738E-1 7.66466E-2 3.68897E-1 1.84144E-1 6.50324E-1 4.88729E-1 6.05267E-1 5.90405E-1 5.88127E-1 5.09549E-1 4.91127E-1 4.81758E-1 4.72776E-1 4.5277E-1
1.35128E-1 1.71208E-1 8.24249E-2 9.9209E-2 1.3547E-1 1.50348E-1 2.11195E-1 3.3446E-1 2.11938E-1 1.98149E-1 3.0352E-1 3.55014E-1 6.71054E-1 5.66214E-1 4.45114E-1 5.03424E-1 5.93002E-1 6.72281E-1 3.53274E-1 6.17299E-1 4.95458E-1 4.01412E-1 3.28979E-1 3.86048E-1 3.99917E-1 6.32323E-1 6.44314E-1 5.76426E-1 5.58476E-1 5.53664E-1 6.06024E-1 6.52548E-1 6.38824E-1 6.21803E-1 5.80628E-1 3.67844E-1 2.16019E-1 2.23116E-1 2.51195E-1 2.39417E-1 1.79676E-1 1.50486E-1 1.26849E-1 1.13521E-1 8.18943E-2 1.31659E-1 1.64026E-1 2.15168E-1 2.55464E-1 2.42052E-1 3.90468E-1 1.78304E-1 5.17536E-1 5.79131E-1 5.49248E-1 3.43784E-1 3.48249E-1 2.95146E-1 4.7349E-1 4.85065E-1
1.94147E-1 7.09216E-2 7.68563E-2 8.33096E-2 1.032E-1 1.40493E-1 1.39414E-1 2.83466E-1 3.65792E-1 2.26729E-1 3.97698E-1 5.35228E-1 6.60606E-1 6.55158E-1 5.56968E-1 5.81449E-1 3.98411E-1 7.04001E-1 7.40836E-1 5.12918E-1 6.02816E-1 4.74702E-1 4.00796E-1 3.9317E-1 4.44808E-1 6.22655E-1 6.11349E-1 6.14706E-1 6.02044E-1 5.75502E-1 5.67486E-1 6.15674E-1 6.01888E-1 6.20339E-1 5.74712E-1 5.06248E-1 2.62249E-1 2.73462E-1 3.03716E-1 2.66602E-1 1.81114E-1 1.88565E-1 3.13249E-1 1.7748E-1 1.3067E-1 2.27511E-1 1.64459E-1 1.84076E-1 2.64798E-1 3.53366E-1 3.54861E-1 2.64695E-1 5.07252E-1 4.64182E-1 5.28819E-1 5.63535E-1 6.30275E-1 6.68841E-1 4.93152E-1 3.82595E-1
1.39174E-1 6.02147E-2 6.24734E-2 6.3617E-2 7.67036E-2 1.16373E-1 1.21477E-1 1.68847E-1 3.38837E-1 3.51741E-1 5.17185E-1 5.8958E-1 6.66559E-1 3.64014E-1 4.15249E-1 6.06113E-1 6.73614E-1 5.17683E-1 7.85105E-1 8.28123E-1 5.29997E-1 6.34234E-1 5.22431E-1 4.05163E-1 4.64909E-1 4.40573E-1 4.75752E-1 4.47378E-1 4.19153E-1 4.40264E-1 6.41575E-1 6.30949E-1 5.43658E-1 6.58302E-1 6.44519E-1 6.86016E-1 6.35832E-1 5.69914E-1 5.53724E-1 4.47325E-1 2.96307E-1 3.23586E-1 4.2767E-1 3.90028E-1 3.05952E-1 2.60616E-1 2.54591E-1 2.81177E-1 3.53666E-1 4.48115E-1 6.14937E-1 6.7354E-1 4.66414E-1 8.2483E-1 5.206E-1 4.42227E-1 3.28543E-1 2.71429E-1 3.07776E-1 2.71906E-1
1.71507E-1 1.38206E-1 1.2791E-1 6.75316E-2 1.04503E-1 1.6669E-1 2.13303E-1 2.29581E-1 2.76218E-1 3.60943E-1 5.49217E-1 6.37894E-1 6.81836E-1 4.43759E-1 6.73205E-1 6.92689E-1 5.4935E-1 4.64825E-1 7.23814E-1 6.79331E-1 3.33753E-1 6.30529E-1 4.97294E-1 2.44768E-1 4.4093E-1 4.96911E-1 4.78152E-1 4.46561E-1 4.05722E-1 4.34813E-1 7.53648E-1 7.49401E-1 7.25875E-1 6.37638E-1 6.33582E-1 6.76698E-1 6.41292E-1 6.15001E-1 5.98699E-1 5.33096E-1 3.89618E-1 3.8068E-1 4.43387E-1 4.84042E-1 4.95602E-1 2.90998E-1 2.66077E-1 3.03191E-1 3.85667E-1 5.02851E-1 6.66912E-1 5.10455E-1 6.34603E-1 6.67976E-1 6.49336E-1 2.82866E-1 2.35481E-1 1.73302E-1 1.46537E-1 5.4722E-1
1.47024E-1 1.626E-1 1.55997E-1 1.31096E-1 1.53792E-1 2.15497E-1 2.15493E-1 2.54691E-1 3.57871E-1 4.97368E-1 6.8121E-1 7.83015E-1 8.04059E-1 6.36536E-1 6.66731E-1 6.94991E-1 6.83E-1 6.92647E-1 5.11405E-1 6.7073E-1 6.36291E-1 6.15204E-1 4.83726E-1 2.40893E-1 4.57136E-1 5.27958E-1 5.03961E-1 4.47491E-1 4.16025E-1 5.10253E-1 5.64009E-1 7.36726E-1 6.47755E-1 6.15041E-1 6.0837E-1 6.47499E-1 6.19819E-1 6.19981E-1 6.27362E-1 5.63312E-1 4.24443E-1 4.06136E-1 4.02438E-1 4.96961E-1 4.89922E-1 2.9667E-1 2.64759E-1 3.25216E-1 4.39105E-1 5.5778E-1 7.06264E-1 8.29347E-1 4.67403E-1 5.62174E-1 4.81083E-1 3.25908E-1 2.94584E-1 2.76842E-1 2.15469E-1 3.36154E-1
1.2767E-1 1.31894E-1 1.46781E-1 1.4859E-1 1.69796E-1 2.4229E-1 2.28309E-1 2.4318E-1 2.92177E-1 3.94898E-1 5.85113E-1 6.1352E-1 7.81332E-1 6.65244E-1 6.79288E-1 7.0607E-1 6.71954E-1 6.81881E-1 7.15154E-1 3.77998E-1 4.66105E-1 4.7381E-1 5.1108E-1 5.06304E-1 4.6895E-1 4.80873E-1 2.84403E-1 3.12199E-1 4.57091E-1 4.82639E-1 7.29263E-1 5.99883E-1 6.37065E-1 6.18199E-1 5.98032E-1 6.33853E-1 6.31695E-1 6.35511E-1 6.2509E-1 5.6503E-1 4.40055E-1 4.19593E-1 3.96356E-1 4.22752E-1 4.81398E-1 3.10982E-1 2.63769E-1 3.13112E-1 4.4467E-1 6.48372E-1 7.3228E-1 5.38908E-1 6.43428E-1 7.40653E-1 5.96025E-1 3.77032E-1 2.74469E-1 3.04697E-1 3.80052E-1 3.73739E-1
1.28788E-1 1.31888E-1 1.57645E-1 1.56008E-1 1.86102E-1 3.08633E-1 3.18142E-1 3.28173E-1 3.64932E-1 4.34947E-1 6.21933E-1 6.63264E-1 4.24934E-1 7.30338E-1 7.95368E-1 8.06762E-1 6.32605E-1 6.139E-1 6.64133E-1 6.09885E-1 5.88172E-1 4.05717E-1 5.5713E-1 5.00044E-1 4.86579E-1 4.61428E-1 5.37805E-1 1.71451E-1 6.64353E-1 6.07992E-1 6.72148E-1 6.71309E-1 6.65289E-1 6.37141E-1 5.99671E-1 6.20752E-1 6.59661E-1 6.78919E-1 6.36744E-1 5.86357E-1 4.77603E-1 4.64591E-1 4.17916E-1 2.93713E-1 4.63183E-1 3.32853E-1 2.81978E-1 2.91517E-1 3.71349E-1 5.81349E-1 7.17906E-1 7.49821E-1 6.58188E-1 7.19148E-1 6.36751E-1 4.30113E-1 3.3522E-1 2.94678E-1 3.13494E-1 3.39665E-1
2.29995E-1 2.38202E-1 3.15227E-1 4.71366E-1 3.65253E-1 4.75678E-1 5.46699E-1 4.92967E-1 5.23791E-1 5.60831E-1 6.18837E-1 6.33914E-1 6.95541E-1 7.05566E-1 7.81299E-1 7.60735E-1 5.367E-1 5.27486E-1 5.56812E-1 4.88985E-1 4.65607E-1 3.49183E-1 5.5299E-1 4.81373E-1 4.67417E-1 5.53938E-1 5.53952E-1 5.31154E-1 5.31155E-1 7.55223E-1 8.03718E-1 8.1964E-1 7.14034E-1 6.95792E-1 6.76597E-1 6.15954E-1 6.86107E-1 7.66289E-1 6.34555E-1 6.97131E-1 6.99723E-1 6.52934E-1 5.6218E-1 4.90054E-1 6.35677E-1 4.97573E-1 4.57148E-1 3.59387E-1 4.08895E-1 5.13661E-1 4.71587E-1 6.01624E-1 4.7274E-1 6.50195E-1 6.42615E-1 4.98648E-1 3.15165E-1 2.1387E-1 2.17139E-1 2.09406E-1
2.50988E-1 3.0185E-1 3.75931E-1 6.15514E-1 5.85247E-1 5.3978E-1 6.16509E-1 6.98818E-1 6.04428E-1 5.76546E-1 5.48716E-1 4.89933E-1 7.15977E-1 7.85594E-1 7.53743E-1 6.94836E-1 6.10682E-1 6.20322E-1 6.97252E-1 5.82814E-1 4.47757E-1 5.00457E-1 5.94813E-1 5.68344E-1 5.19052E-1 5.6408E-1 6.94765E-1 6.65613E-1 3.1674E-1 7.44991E-1 8.50274E-1 7.16379E-1 5.92732E-1 6.70689E-1 6.47195E-1 6.07554E-1 6.06869E-1 7.89253E-1 6.5324E-1 8.22473E-1 6.95947E-1 5.71573E-1 5.65011E-1 4.95139E-1 6.5536E-1 5.1596E-1 4.02312E-1 4.4812E-1 4.28007E-1 5.10977E-1 2.05484E-1 6.82555E-1 2.28917E-1 5.73933E-1 5.49812E-1 2.61297E-1 2.7114E-1 2.0648E-1 1.85801E-1 1.62429E-1
2.42348E-1 3.01376E-1 4.15319E-1 5.09247E-1 7.27444E-1 6.3234E-1 6.03241E-1 6.65455E-1 7.58188E-1 4.60071E-1 4.25174E-1 5.80698E-1 6.05459E-1 6.27254E-1 6.83523E-1 7.79173E-1 6.45134E-1 6.71208E-1 7.92696E-1 6.18997E-1 5.13351E-1 5.28958E-1 4.09716E-1 6.4873E-1 6.08333E-1 5.92523E-1 5.5924E-1 6.42162E-1 5.40366E-1 7.08014E-1 7.29045E-1 7.21047E-1 7.2399E-1 7.06661E-1 6.40539E-1 6.35527E-1 6.3077E-1 6.55545E-1 7.86511E-1 8.20391E-1 6.67029E-1 6.78049E-1 6.04374E-1 5.80195E-1 7.4069E-1 5.46336E-1 5.56022E-1 5.27195E-1 4.88777E-1 5.11094E-1 4.03715E-1 4.36085E-1 4.92679E-1 5.12671E-1 4.59051E-1 2.81426E-1 3.04174E-1 3.15473E-1 3.52782E-1 3.1379E-1
2.53781E-1 3.15408E-1 4.0763E-1 6.40061E-1 7.27539E-1 8.01088E-1 5.66296E-1 4.68214E-1 5.89613E-1 5.67846E-1 6.07748E-1 6.12398E-1 6.81191E-1 6.99788E-1 7.42581E-1 5.57465E-1 5.54651E-1 6.85406E-1 7.9351E-1 6.30973E-1 6.46265E-1 6.24256E-1 3.97154E-1 6.75966E-1 7.04429E-1 6.49232E-1 5.55119E-1 5.64632E-1 6.37985E-1 4.87305E-1 7.54411E-1 7.3979E-1 7.15726E-1 6.89139E-1 6.57687E-1 6.46815E-1 7.08449E-1 6.27397E-1 7.71198E-1 8.04495E-1 6.58458E-1 6.48699E-1 6.2237E-1 5.54894E-1 8.37007E-1 6.16244E-1 6.45445E-1 6.24581E-1 5.49618E-1 5.52253E-1 4.37952E-1 3.94754E-1 1.6072E-1 2.11407E-1 1.78656E-1 1.21933E-1 1.63431E-1 1.86902E-1 1.74055E-1 1.59136E-1
2.7568E-1 3.40864E-1 4.01098E-1 4.98076E-1 6.84126E-1 6.34661E-1 7.38401E-1 6.27813E-1 5.93646E-1 5.6799E-1 4.89763E-1 4.85258E-1 2.43177E-1 4.63264E-1 4.05134E-1 5.3922E-1 5.68558E-1 6.20979E-1 5.82833E-1 6.20746E-1 7.07054E-1 6.58718E-1 6.5126E-1 6.63399E-1 7.08689E-1 7.57651E-1 6.46352E-1 5.68368E-1 5.41932E-1 4.58649E-1 7.64667E-1 7.39025E-1 7.20287E-1 7.02886E-1 6.68727E-1 6.1596E-1 6.86455E-1 6.97134E-1 8.05524E-1 7.03362E-1 6.56706E-1 6.49296E-1 6.23752E-1 6.42391E-1 7.47949E-1 6.59787E-1 6.96659E-1 6.92132E-1 6.28979E-1 5.69898E-1 4.6247E-1 4.46662E-1 2.77788E-1 3.72701E-1 2.62807E-1 1.52879E-1 1.70122E-1 1.53672E-1 1.29305E-1 1.12817E-1
2.71877E-1 3.62177E-1 4.20035E-1 5.20024E-1 6.70591E-1 7.79936E-1 7.73067E-1 5.45264E-1 5.9055E-1 5.11994E-1 4.72275E-1 4.86718E-1 4.74858E-1 5.49106E-1 2.5698E-1 4.99036E-1 3.63934E-1 5.94708E-1 6.29327E-1 5.99379E-1 7.67278E-1 7.10785E-1 4.56286E-1 5.34971E-1 6.597E-1 7.66224E-1 7.51342E-1 6.67682E-1 5.94683E-1 5.38441E-1 7.43804E-1 7.37918E-1 7.20682E-1 6.74283E-1 6.11987E-1 5.74837E-1 5.95506E-1 6.73706E-1 7.54793E-1 6.49517E-1 6.2142E-1 6.20408E-1 6.27268E-1 6.94812E-1 6.70905E-1 7.15261E-1 7.51565E-1 7.44204E-1 6.93365E-1 5.752E-1 4.55754E-1 5.11867E-1 5.44673E-1 5.72124E-1 5.19409E-1 3.91761E-1 2.26854E-1 2.92546E-1 3.09779E-1 2.94124E-1
2.77411E-1 3.39909E-1 3.91476E-1 4.11241E-1 4.28491E-1 4.03379E-1 5.92694E-1 4.47201E-1 2.86121E-1 3.76635E-1 3.59324E-1 5.2124E-1 6.53889E-1 5.40631E-1 3.85002E-1 2.48358E-1 3.81867E-1 6.13236E-1 6.84388E-1 5.7037E-1 7.62881E-1 7.27983E-1 4.70739E-1 7.10393E-1 3.94605E-1 7.38802E-1 7.59364E-1 7.42225E-1 6.69942E-1 6.03157E-1 3.71263E-1 7.8295E-1 7.71497E-1 7.24267E-1 6.11427E-1 6.10426E-1 6.04325E-1 6.15043E-1 7.28199E-1 6.53438E-1 6.11226E-1 6.48228E-1 7.05167E-1 7.80948E-1 7.82429E-1 7.84716E-1 7.32123E-1 7.10543E-1 6.83224E-1 6.0245E-1 4.12231E-1 3.48344E-1 4.13308E-1 3.29022E-1 4.41897E-1 3.5085E-1 2.26857E-1 2.73777E-1 1.92083E-1 3.1537E-1
2.78909E-1 3.15868E-1 1.26507E-1 3.75886E-1 2.97091E-1 3.15692E-1 2.85859E-1 2.5256E-1 2.61085E-1 3.8689E-1 4.72214E-1 5.23318E-1 6.03841E-1 5.88352E-1 5.45767E-1 5.43276E-1 4.70167E-1 5.82351E-1 6.64937E-1 6.55714E-1 7.53154E-1 7.30783E-1 4.46201E-1 6.82073E-1 6.79943E-1 5.94501E-1 6.76321E-1 7.69232E-1 7.25511E-1 7.09862E-1 7.10054E-1 8.26597E-1 8.20092E-1 7.67121E-1 6.568E-1 6.24352E-1 6.42478E-1 5.77796E-1 7.40914E-1 6.69402E-1 6.08933E-1 7.42067E-1 7.30517E-1 7.89067E-1 8.255E-1 7.65976E-1 7.60287E-1 4.93547E-1 6.94405E-1 6.20799E-1 1.77413E-1 7.37152E-2 4.69203E-1 6.78364E-1 5.53206E-1 4.09989E-1 3.61314E-1 3.88191E-1 3.81927E-1 3.5232E-1
2.36953E-1 3.03444E-1 1.26968E-1 9.91417E-2 3.57327E-1 2.51613E-1 2.45718E-1 2.2922E-1 2.00888E-1 2.38364E-1 2.44748E-1 3.14536E-1 4.33547E-1 5.05474E-1 5.71833E-1 5.70881E-1 2.30749E-1 5.78606E-1 4.81615E-1 3.31436E-1 6.76806E-1 5.62571E-1 7.11672E-1 6.99782E-1 6.84255E-1 7.2779E-1 2.97216E-1 5.35402E-1 7.45163E-1 7.40233E-1 8.2177E-1 7.87085E-1 8.49954E-1 8.00633E-1 6.92434E-1 6.18354E-1 6.99687E-1 6.54512E-1 5.69287E-1 6.70287E-1 7.78947E-1 8.25499E-1 6.30123E-1 5.98505E-1 8.465E-1 7.68875E-1 7.57267E-1 6.35947E-1 6.85628E-1 6.47446E-1 1.94551E-1 1.72277E-1 1.54524E-1 1.70237E-1 1.44207E-1 1.48374E-1 1.84851E-1 2.48002E-1 2.64726E-1 5.48689E-1
4.90401E-1 3.90438E-1 1.7511E-1 2.03593E-1 3.06579E-1 3.09466E-1 3.09824E-1 3.03722E-1 3.09606E-1 3.10958E-1 3.01629E-1 3.12717E-1 3.74532E-1 5.16802E-1 5.55114E-1 2.83138E-1 4.89065E-1 4.79767E-1 4.59438E-1 4.37997E-1 4.21908E-1 3.22813E-1 5.90954E-1 7.06433E-1 6.4202E-1 7.30053E-1 6.25286E-1 7.69411E-1 5.20367E-1 5.84432E-1 8.2248E-1 6.83658E-1 8.59868E-1 8.11502E-1 7.15389E-1 6.15052E-1 6.68008E-1 7.52725E-1 6.47779E-1 5.94787E-1 4.86959E-1 6.48427E-1 6.27574E-1 6.73813E-1 7.4413E-1 7.97322E-1 7.48747E-1 6.34859E-1 5.74743E-1 5.8952E-1 4.45044E-1 3.03624E-1 1.80227E-1 2.5614E-1 2.33316E-1 9.65438E-2 8.72187E-2 9.39222E-2 2.17338E-1 2.00778E-1
1.81927E-1 6.06063E-1 6.54819E-1 3.80609E-1 4.16024E-1 2.47545E-1 2.51572E-1 2.43788E-1 2.46726E-1 2.57784E-1 2.99672E-1 3.05435E-1 3.50491E-1 4.04173E-1 4.69312E-1 6.4004E-1 7.02154E-1 5.12521E-1 4.43731E-1 3.15357E-1 4.36235E-1 6.38673E-1 2.9052E-1 -9999 2.48955E-1 3.20423E-1 6.87025E-1 7.23693E-1 7.20804E-1 6.79875E-1 5.26109E-1 3.58563E-1 5.52685E-1 4.62439E-1 3.637E-1 3.54777E-1 3.51569E-1 4.61539E-1 4.55589E-1 3.33585E-1 6.91831E-1 4.09189E-1 3.8156E-1 6.31272E-1 6.33606E-1 7.81137E-1 7.21302E-1 5.37092E-1 6.65967E-1 4.18891E-1 4.53153E-1 4.10867E-1 3.2363E-1 2.98042E-1 3.91771E-1 2.38648E-1 2.27014E-1 1.59625E-1 1.37254E-1 2.397E-1
4.40379E-1 5.62455E-1 6.42781E-1 6.65379E-1 4.59644E-1 2.63698E-1 2.446E-1 2.64735E-1 2.8536E-1 3.17612E-1 3.18654E-1 2.27761E-1 1.80699E-1 3.59879E-1 3.84485E-1 3.24036E-1 4.45108E-1 6.46787E-1 3.94518E-1 5.50855E-1 7.29373E-1 7.64262E-1 7.41112E-1 4.43222E-1 4.54771E-1 5.09419E-1 4.97193E-1 8.33862E-1 7.47795E-1 6.94594E-1 6.16938E-1 5.78717E-1 4.63662E-1 3.80717E-1 3.24215E-1 3.65302E-1 3.26634E-1 4.78373E-1 2.44147E-1 6.43414E-1 4.94801E-1 5.74875E-1 6.73859E-1 7.44776E-1 7.28215E-1 7.14016E-1 5.39164E-1 7.03049E-1 6.71673E-1 5.03623E-1 2.65487E-1 2.4411E-1 2.06411E-1 1.63134E-1 2.04214E-1 2.27443E-1 1.99933E-1 2.23011E-1 5.20396E-1 3.4373E-1
