Phytophthora/models/20240429_1812_56/Phytophthora_PA1_RUN5_MAXENT_outputs/Phytophthora_PA1_RUN5.asc
ncols         225
nrows         269
xllcorner     473000.0
yllcorner     4429100.0
cellsize      50.0
NODATA_value  -9999
[rows 108 to 134 of 269, columns 0 to 59 of 225]
-9999 -9999 -9999 -9999 -9999 -9999 -9999 -9999 -9999 -9999 -9999 1.54328E-1 9.0309E-2 1.42007E-1 1.63569E-1 1.55772E-1 1.30286E-1 8.60863E-2 7.2052E-2 8.76895E-2 1.60298E-1 2.39715E-1 1.42044E-1 1.33983E-1 1.20976E-1 1.46014E-1 1.79932E-1 1.65855E-1 1.63524E-1 1.6014E-1 1.28538E-1 9.19221E-2 7.28428E-2 7.15712E-2 8.27049E-2 6.83462E-2 9.25169E-2 7.5538E-2 2.65897E-2 6.21352E-2 4.05704E-2 3.97465E-2 4.21137E-2 5.64661E-2 7.92388E-2 6.8719E-2 4.86792E-2 5.08137E-2 4.87056E-2 7.80429E-2 6.59469E-2 6.40502E-2 5.90474E-2 8.1727E-2 6.14817E-2 5.69285E-2 3.93261E-2 7.88508E-2 1.17728E-1 1.33106E-1
-9999 -9999 -9999 -9999 -9999 -9999 -9999 -9999 -9999 -9999 1.38206E-1 1.52072E-1 7.26982E-2 1.63354E-1 1.9044E-1 1.17647E-1 8.48004E-2 6.25267E-2 8.00602E-2 1.0673E-1 1.73529E-1 1.72915E-1 2.58599E-2 2.97576E-1 1.66634E-1 1.63307E-1 1.70098E-1 1.73515E-1 1.67085E-1 1.16369E-1 8.0921E-2 8.17053E-2 9.35979E-2 9.64664E-2 1.07883E-1 8.62368E-2 9.84731E-2 5.14972E-2 2.58056E-2 2.36671E-2 2.44117E-2 3.86229E-2 3.84822E-2 4.42947E-2 8.97497E-2 1.45066E-1 1.21917E-1 6.00677E-2 2.39581E-2 9.14518E-2 4.26195E-2 7.19304E-2 1.36831E-1 1.013E-1 5.32771E-2 6.19184E-2 4.31803E-2 1.35152E-1 1.34396E-1 1.14855E-1
-9999 -9999 -9999 -9999 -9999 -9999 -9999 -9999 -9999 -9999 1.5495E-1 1.66663E-1 1.25342E-1 2.50643E-1 2.16078E-1 1.16516E-1 7.0622E-2 7.30988E-2 9.65203E-2 1.16858E-1 2.29832E-1 3.14699E-2 2.47909E-1 2.29607E-1 2.07129E-1 2.1657E-1 2.07618E-1 1.80307E-1 1.31698E-1 9.22469E-2 9.71962E-2 1.0942E-1 1.26129E-1 1.16774E-1 1.2692E-1 1.03796E-1 7.72787E-2 7.49995E-2 7.30795E-2 7.04616E-2 1.51493E-2 4.16412E-2 1.11974E-2 1.45444E-2 5.17277E-2 1.3484E-1 1.48756E-1 9.89407E-2 7.16277E-2 1.18624E-1 3.85402E-2 5.94924E-2 1.432E-1 1.20096E-1 6.04975E-2 7.60147E-2 1.19813E-1 1.38796E-1 1.02984E-1 8.95781E-2
-9999 -9999 -9999 -9999 -9999 -9999 -9999 -9999 -9999 4.03171E-1 4.95748E-1 4.94664E-1 3.1405E-1 5.11828E-1 4.3744E-1 2.48383E-1 2.0714E-1 2.47195E-1 2.93014E-1 2.66851E-1 1.06495E-1 1.54246E-1 3.20715E-1 2.84694E-1 2.61414E-1 2.27766E-1 1.83556E-1 1.6887E-1 1.49951E-1 1.57934E-1 3.34333E-1 3.77809E-1 3.67037E-1 3.37031E-1 3.73548E-1 2.30284E-1 4.07091E-1 3.30294E-1 3.07802E-1 2.68224E-1 3.81767E-2 3.26488E-2 8.17083E-2 8.63231E-2 3.02965E-2 5.02084E-2 1.89824E-1 1.66389E-1 1.6798E-1 2.10897E-1 1.62159E-1 9.20535E-2 2.41778E-1 2.16942E-1 1.31609E-1 1.33989E-1 1.09685E-1 8.0943E-2 7.72465E-2 8.17154E-2
-9999 -9999 -9999 -9999 -9999 -9999 -9999 -9999 1.61361E-1 3.44871E-1 4.23633E-1 3.31004E-1 5.47494E-1 4.4335E-1 3.55007E-1 1.91438E-1 2.00336E-1 3.24723E-1 3.46046E-1 3.18548E-1 5.38647E-2 3.01313E-1 2.47468E-1 2.75556E-1 2.54254E-1 2.46718E-1 2.18807E-1 2.15257E-1 2.18654E-1 2.48916E-1 4.14248E-1 3.99487E-1 3.69331E-1 1.68723E-1 4.42085E-1 5.01209E-1 4.34901E-1 3.30557E-1 2.87404E-1 2.72295E-1 8.45872E-2 3.8216E-2 5.78693E-2 9.02192E-2 1.05796E-1 9.18726E-2 1.55934E-1 1.59803E-1 1.2964E-1 1.60587E-1 1.98169E-1 1.83588E-1 1.94505E-1 2.16047E-1 2.02216E-1 1.53957E-1 1.25989E-1 7.94796E-2 8.64659E-2 1.0117E-1
-9999 -9999 -9999 -9999 -9999 -9999 -9999 -9999 1.87402E-1 3.11394E-1 4.41192E-1 3.50036E-1 5.10301E-1 4.06032E-1 2.84769E-1 1.96973E-1 2.25121E-1 3.19345E-1 3.48132E-1 2.28937E-2 2.71559E-1 1.83289E-1 2.02682E-1 2.43196E-1 2.35456E-1 1.98489E-1 1.87326E-1 2.06515E-1 2.41878E-1 2.36422E-1 4.15652E-1 3.50136E-1 3.34425E-1 2.67652E-1 5.07029E-1 4.90471E-1 4.27566E-1 3.3523E-1 3.04765E-1 2.76187E-1 1.14072E-1 9.29517E-2 9.24351E-2 4.81643E-2 8.43342E-2 9.96682E-2 1.14563E-1 1.51884E-1 1.69544E-1 1.47882E-1 2.57617E-1 1.45739E-1 2.41787E-1 2.18761E-1 2.14406E-1 1.68509E-1 8.10146E-2 8.9544E-2 9.18278E-2 1.11616E-1
-9999 -9999 -9999 -9999 -9999 -9999 -9999 -9999 2.29881E-1 3.17875E-1 2.06059E-1 4.76293E-1 4.49333E-1 3.19733E-1 2.38012E-1 2.01273E-1 2.25201E-1 2.85872E-1 6.82519E-2 2.47255E-1 1.91507E-1 1.84451E-1 2.11319E-1 2.73435E-1 1.40633E-1 1.13848E-1 1.62169E-1 1.08533E-1 1.15125E-1 1.36562E-1 4.13365E-1 2.96226E-1 1.5917E-1 2.53775E-1 3.52435E-1 3.7538E-1 3.10425E-1 2.27377E-1 2.93183E-1 2.92174E-1 1.34046E-1 1.03985E-1 1.02382E-1 1.05107E-1 1.2716E-1 4.93605E-2 7.34016E-2 1.12403E-1 1.79204E-1 6.70818E-2 2.67624E-1 2.66345E-1 1.30095E-1 2.32815E-1 2.27794E-1 1.59693E-1 1.07118E-1 9.24862E-2 1.00224E-1 1.15179E-1
-9999 -9999 -9999 -9999 -9999 -9999 -9999 2.11371E-1 2.4971E-1 3.07283E-1 4.13271E-1 4.3304E-1 3.8556E-1 2.6149E-1 2.07302E-1 2.06749E-1 2.37264E-1 1.07021E-1 1.56138E-1 1.99664E-1 1.46873E-1 1.81352E-1 2.34852E-1 8.47798E-2 1.99345E-1 1.89777E-1 2.57041E-1 2.14802E-1 2.18627E-1 1.99586E-1 3.34968E-1 3.32275E-1 3.41396E-1 4.05092E-1 4.91305E-1 5.05615E-1 4.39185E-1 3.45237E-1 1.58298E-1 1.32443E-1 6.5045E-2 7.24559E-2 1.0816E-1 1.25234E-1 1.48922E-1 1.05639E-1 1.04896E-1 6.93707E-2 1.90153E-1 1.41372E-1 2.72135E-1 2.27591E-1 9.67732E-2 2.45748E-1 2.67303E-1 1.50047E-1 1.10731E-1 1.05592E-1 1.13285E-1 1.11805E-1
-9999 -9999 -9999 -9999 -9999 -9999 1.45998E-1 1.2902E-1 9.41799E-2 8.3781E-2 3.45715E-1 2.97437E-1 2.37538E-1 1.57634E-1 1.38897E-1 2.41901E-1 2.84244E-1 1.95488E-1 1.16913E-1 2.38311E-1 2.20354E-1 2.67313E-1 1.65748E-1 2.7495E-1 2.23733E-1 2.56915E-1 2.92085E-1 2.62147E-1 2.63808E-1 2.432E-1 3.36857E-1 2.82128E-1 2.77848E-1 4.04391E-1 3.90998E-1 4.59627E-1 3.77635E-1 2.96201E-1 2.54851E-1 3.17135E-1 4.33936E-1 3.47542E-1 2.61654E-1 2.87105E-1 2.96642E-1 3.34488E-1 3.32286E-1 3.60993E-1 4.80471E-1 4.46172E-1 5.27355E-1 4.31579E-1 3.75763E-1 5.40478E-1 5.48827E-1 4.92712E-1 3.95161E-1 2.96185E-1 2.79452E-1 2.10259E-1
-9999 -9999 -9999 -9999 -9999 -9999 -9999 2.82848E-1 2.85961E-1 2.73391E-1 3.19032E-1 2.6547E-1 1.8027E-1 1.32614E-1 1.41477E-1 2.01988E-1 2.35814E-1 1.40327E-1 1.33714E-1 9.59274E-2 1.0387E-1 1.61603E-1 2.58044E-1 2.38743E-1 2.15027E-1 1.88752E-1 2.3233E-1 2.45283E-1 2.528E-1 2.05848E-1 2.82153E-1 2.41413E-1 2.59302E-1 3.36687E-1 3.19007E-1 4.0771E-1 2.51915E-1 2.43076E-1 2.51454E-1 3.09344E-1 4.44071E-1 3.81228E-1 3.90896E-1 3.36217E-1 2.9524E-1 2.15717E-1 1.59994E-1 2.50851E-1 9.19701E-2 2.78785E-1 4.68671E-1 4.30844E-1 5.04108E-1 3.9596E-1 5.65461E-1 4.13179E-1 2.61889E-1 2.14954E-1 2.15613E-1 1.62658E-1
-9999 -9999 -9999 -9999 -9999 -9999 -9999 -9999 2.67953E-1 2.80767E-1 3.129E-1 2.05921E-1 1.4782E-1 1.20711E-1 1.82807E-1 2.1648E-1 1.34845E-1 1.63906E-1 1.80404E-1 2.37042E-1 2.36964E-1 2.80038E-1 2.37478E-1 1.96166E-1 1.73247E-1 1.08975E-1 1.63991E-1 1.85784E-1 2.12954E-1 1.51911E-1 2.75317E-1 2.54743E-1 3.27525E-1 2.67649E-1 2.99873E-1 2.51523E-1 2.3257E-1 2.62255E-1 2.69181E-1 3.25483E-1 4.74702E-1 3.64018E-1 1.89511E-1 4.69269E-1 4.91457E-1 3.51809E-1 3.12225E-1 5.15146E-1 1.99596E-1 3.7964E-1 3.43002E-1 2.37498E-1 3.11964E-1 2.46105E-1 3.44475E-1 2.37834E-1 1.80918E-1 2.37299E-1 2.52995E-1 2.64771E-1
-9999 -9999 -9999 -9999 -9999 -9999 -9999 -9999 -9999 3.01257E-1 2.61794E-1 1.98104E-1 1.67973E-1 2.30436E-1 3.5493E-1 1.15611E-1 1.62093E-1 2.42692E-1 3.24019E-1 3.48571E-1 2.89226E-1 2.71377E-1 2.14859E-1 1.50354E-1 1.33804E-1 1.09341E-1 1.28613E-1 1.38742E-1 1.75285E-1 1.58504E-1 3.05439E-1 2.92697E-1 2.19568E-1 2.71346E-1 3.06231E-1 2.02325E-1 2.23684E-1 2.72793E-1 2.86849E-1 1.63355E-1 3.36433E-1 3.62732E-1 4.38683E-1 4.565E-1 4.60742E-1 3.2676E-1 3.01443E-1 3.71573E-1 1.99748E-1 3.49145E-1 3.58747E-1 3.32666E-1 1.2312E-1 1.21346E-1 6.87828E-2 5.49929E-2 2.99876E-2 1.41294E-1 1.17801E-1 1.5176E-1
-9999 -9999 -9999 -9999 -9999 -9999 -9999 -9999 -9999 -9999 2.53773E-1 2.46722E-1 2.19029E-1 2.16127E-1 2.66184E-1 1.26226E-1 1.72028E-1 2.44085E-1 2.77607E-1 3.19947E-1 2.36761E-1 2.03913E-1 1.69002E-1 1.25502E-1 9.38867E-2 8.92311E-2 1.26096E-1 1.25994E-1 1.62313E-1 1.87475E-1 2.19842E-1 2.49427E-1 3.07763E-1 3.14785E-1 2.77483E-1 2.55927E-1 2.53914E-1 2.97307E-1 2.9775E-1 2.35431E-1 4.95678E-1 3.42367E-1 4.47501E-1 4.13047E-1 3.59604E-1 2.79074E-1 4.24043E-1 7.59838E-2 2.99892E-1 3.52224E-1 1.82475E-1 1.73572E-1 1.33072E-1 1.24867E-1 9.43942E-2 1.5923E-1 2.26444E-1 2.19638E-1 2.74462E-1 1.84106E-1
-9999 -9999 -9999 -9999 -9999 -9999 -9999 -9999 -9999 -9999 -9999 1.72237E-1 3.56195E-1 5.34089E-1 3.21175E-1 2.28033E-1 1.48107E-1 1.82482E-1 2.12273E-1 2.85412E-1 3.25865E-1 2.83157E-1 2.23628E-1 1.79419E-1 1.84347E-1 2.39594E-1 3.27052E-1 2.66756E-1 3.28945E-1 2.58305E-1 2.0742E-1 2.92597E-1 3.87619E-1 3.14226E-1 3.51553E-1 3.15125E-1 2.76211E-1 3.18834E-1 3.17125E-1 5.34652E-1 4.86244E-1 3.3593E-1 4.70238E-1 4.11272E-1 2.90991E-1 2.32589E-1 4.09027E-2 7.12605E-2 1.56197E-1 1.4087E-1 1.6575E-1 2.08395E-1 1.93342E-1 1.59318E-1 7.79277E-2 3.55146E-1 1.80144E-1 3.15728E-1 3.0679E-1 3.19841E-1
-9999 -9999 -9999 -9999 -9999 -9999 -9999 -9999 -9999 -9999 -9999 -9999 1.41808E-1 4.39296E-1 4.5432E-1 2.85401E-1 1.53942E-1 1.76107E-1 1.93043E-1 2.66058E-1 3.0985E-1 2.87561E-1 2.51217E-1 2.34364E-1 2.27218E-1 2.65781E-1 4.26525E-1 2.19817E-1 2.73746E-1 2.60039E-1 2.36489E-1 2.40182E-1 2.35426E-1 3.36282E-1 3.26448E-1 3.26478E-1 2.97683E-1 3.79965E-1 3.12039E-1 5.76867E-1 3.87433E-1 2.64103E-1 3.86016E-1 3.33071E-1 9.4819E-2 3.76394E-2 6.19257E-2 1.63954E-1 1.62523E-1 2.16753E-1 2.90752E-1 3.6773E-1 3.67817E-1 3.45046E-1 2.52542E-1 1.65226E-1 3.08889E-1 2.88217E-1 3.22335E-1 3.85907E-1
-9999 -9999 -9999 -9999 -9999 -9999 -9999 -9999 -9999 -9999 -9999 -9999 4.40636E-1 2.45464E-1 4.78544E-1 1.93596E-1 1.17393E-1 1.41967E-1 1.98879E-1 2.7076E-1 1.70376E-1 2.92226E-1 2.67338E-1 2.53647E-1 2.63742E-1 2.89551E-1 2.85221E-1 1.47024E-1 2.95192E-1 2.69997E-1 1.54916E-1 1.44456E-1 1.95411E-1 2.61377E-1 3.45728E-1 1.45343E-1 3.10335E-1 4.86932E-1 3.5994E-1 4.90997E-1 3.25416E-1 2.41337E-1 3.58227E-1 2.19873E-1 5.97583E-2 7.03598E-2 2.50657E-1 1.5282E-1 1.88637E-1 2.7612E-1 3.45864E-1 3.78589E-1 3.64389E-1 1.75658E-1 2.0834E-1 2.86231E-1 2.87716E-1 2.96162E-1 3.38909E-1 5.43098E-1
-9999 -9999 -9999 -9999 -9999 -9999 -9999 -9999 -9999 -9999 -9999 -9999 -9999 2.21632E-1 2.61351E-1 1.25858E-1 1.01622E-1 1.81011E-1 2.14286E-1 2.29255E-1 1.40829E-1 2.83991E-1 1.84726E-1 1.54616E-1 1.89355E-1 3.30017E-1 5.43985E-1 1.18938E-1 4.50765E-1 8.26883E-2 5.84469E-2 6.95748E-2 1.04313E-1 1.90437E-1 3.49948E-1 3.27018E-1 1.4027E-1 1.70259E-1 5.01888E-1 3.7942E-1 2.86284E-1 2.37476E-1 2.71727E-1 2.57937E-2 4.18108E-2 3.11211E-1 1.56499E-1 1.36244E-1 2.0797E-1 2.93974E-1 3.26728E-1 3.50319E-1 3.44776E-1 2.42295E-1 3.08588E-1 2.88274E-1 2.67394E-1 2.58118E-1 4.09685E-1 4.80111E-1
-9999 -9999 -9999 -9999 -9999 -9999 -9999 -9999 -9999 -9999 -9999 -9999 -9999 -9999 1.7085E-1 1.06478E-1 1.11193E-1 1.7811E-1 2.09008E-1 2.2044E-1 2.02145E-1 1.94129E-1 3.10014E-1 2.62386E-1 1.4912E-1 3.37491E-1 3.63245E-1 3.11623E-1 2.21703E-1 1.11627E-1 4.71002E-2 6.647E-2 1.19546E-1 2.87744E-1 3.22198E-1 3.38153E-1 3.50381E-1 5.15527E-1 5.14618E-1 3.25754E-1 2.52445E-1 2.36885E-1 2.3767E-2 5.41414E-2 1.71613E-1 1.135E-1 1.13721E-1 1.86875E-1 2.69858E-1 3.21613E-1 3.40273E-1 3.60884E-1 3.12903E-1 2.77011E-1 3.00339E-1 2.50818E-1 2.27764E-1 2.38496E-1 3.45647E-1 3.8109E-1
-9999 -9999 -9999 -9999 -9999 -9999 -9999 -9999 -9999 -9999 -9999 -9999 -9999 -9999 1.55351E-1 1.35885E-1 1.65149E-1 2.11726E-1 2.24275E-1 2.69628E-1 3.64967E-1 3.90612E-1 2.26647E-1 3.37689E-1 4.90471E-1 3.12003E-1 3.05411E-1 1.75601E-1 1.047E-1 7.31374E-2 4.89436E-2 8.54801E-2 1.64561E-1 1.81071E-1 2.12543E-1 3.12978E-1 3.27767E-1 4.59279E-1 4.61704E-1 2.25055E-1 1.51732E-1 2.16074E-1 8.13246E-2 8.16903E-2 6.40993E-2 7.14519E-2 8.0313E-2 1.59057E-1 2.07226E-1 2.18963E-1 3.01125E-1 2.99902E-1 2.72957E-1 2.37652E-1 2.74721E-1 2.22341E-1 1.77579E-1 1.41736E-1 2.69641E-1 3.24987E-1
-9999 -9999 -9999 -9999 -9999 -9999 -9999 -9999 -9999 -9999 -9999 -9999 -9999 -9999 1.49003E-1 1.2566E-1 1.9121E-1 2.21146E-1 2.3836E-1 2.60285E-1 3.84463E-1 2.11501E-1 4.71893E-1 6.42762E-1 2.96536E-1 1.46975E-1 3.37164E-1 1.71367E-1 1.1541E-1 9.2023E-2 1.07358E-1 1.21142E-1 1.44575E-1 1.51028E-1 1.88543E-1 2.57816E-1 2.68834E-1 3.81344E-1 3.54701E-1 1.9567E-1 3.71361E-1 1.36929E-1 6.0332E-2 6.71454E-2 6.54428E-2 9.22731E-2 1.43025E-1 2.18452E-1 2.11663E-1 2.46021E-1 3.47676E-1 3.12049E-1 1.37316E-1 3.04588E-1 2.8642E-1 2.11976E-1 1.67952E-1 1.52838E-1 2.73605E-1 2.00229E-1
-9999 -9999 -9999 -9999 -9999 -9999 -9999 -9999 -9999 -9999 -9999 -9999 -9999 -9999 1.70348E-1 2.17221E-1 1.84109E-1 2.21775E-1 2.42959E-1 2.6715E-1 2.13869E-1 3.66959E-1 1.05756E-1 5.62615E-1 5.19072E-1 3.13887E-1 2.16209E-1 1.39263E-1 1.08667E-1 1.02516E-1 1.32181E-1 1.17339E-1 1.26616E-1 1.37418E-1 1.44924E-1 1.88305E-1 2.22246E-1 3.04523E-1 2.87462E-1 3.3635E-1 8.76051E-2 7.35032E-2 6.99372E-2 8.69491E-2 1.12347E-1 1.44534E-1 1.73541E-1 2.00978E-1 2.19976E-1 2.80093E-1 3.42307E-1 2.93345E-1 1.15134E-1 3.31278E-1 2.88935E-1 2.06934E-1 1.51437E-1 1.11298E-1 1.37415E-1 6.80151E-2
-9999 -9999 -9999 -9999 -9999 -9999 -9999 -9999 -9999 -9999 -9999 -9999 -9999 3.02422E-1 2.69031E-1 2.42657E-1 1.91967E-1 2.30835E-1 2.49697E-1 1.99226E-1 2.41337E-1 1.5301E-1 1.6915E-1 2.13597E-1 1.81277E-1 1.04491E-1 8.70982E-2 2.61275E-1 1.52462E-1 1.51155E-1 1.37059E-1 1.52601E-1 1.47344E-1 1.23538E-1 1.16462E-1 1.27286E-1 1.90242E-1 6.19112E-2 2.94148E-1 1.18511E-1 7.63373E-2 9.97982E-2 1.39323E-1 1.32388E-1 1.68064E-1 1.61098E-1 1.796E-1 2.34515E-1 2.79256E-1 3.70465E-1 3.42723E-1 2.02969E-1 3.04106E-1 3.51814E-1 2.7079E-1 1.97392E-1 1.45027E-1 1.12043E-1 1.23687E-1 -9999
-9999 -9999 -9999 -9999 -9999 -9999 -9999 -9999 -9999 -9999 -9999 -9999 2.11641E-1 6.41588E-2 1.35219E-1 1.05081E-1 3.70446E-1 4.54649E-1 1.9272E-1 1.31874E-1 9.85676E-2 1.51212E-1 1.55058E-1 5.2065E-2 7.3887E-2 2.35455E-1 3.71374E-1 8.95109E-2 2.67303E-1 1.91518E-1 1.53954E-1 1.73856E-1 1.27994E-1 1.04571E-1 1.07321E-1 1.06588E-1 1.28912E-1 6.10511E-2 1.58794E-1 1.08153E-1 1.41718E-1 1.70401E-1 1.56724E-1 1.55831E-1 1.64645E-1 1.38579E-1 1.74692E-1 2.16691E-1 3.29171E-1 3.87169E-1 2.97769E-1 1.54552E-1 3.79698E-1 3.46405E-1 2.40036E-1 1.76772E-1 1.27305E-1 1.12626E-1 1.2441E-1 1.3204E-1
-9999 -9999 -9999 -9999 -9999 -9999 -9999 -9999 -9999 -9999 -9999 1.47458E-1 3.19023E-1 6.75588E-2 1.12873E-1 7.74242E-2 2.79188E-1 1.8654E-1 1.73603E-1 8.6097E-2 9.75844E-2 3.15063E-1 1.63171E-1 1.74399E-1 1.31052E-1 3.00915E-1 1.8596E-1 7.21046E-2 1.74477E-1 4.33614E-1 2.10062E-1 3.39063E-1 2.34107E-1 1.84007E-1 1.55873E-1 1.06721E-1 1.72637E-1 2.3917E-1 1.68431E-1 1.76724E-1 2.41162E-1 2.35731E-1 2.80028E-1 2.14924E-1 1.67865E-1 1.1577E-1 1.47384E-1 2.06916E-1 3.8559E-1 3.50846E-1 1.46282E-1 2.51448E-1 3.68207E-1 2.32492E-1 1.6958E-1 1.47803E-1 9.68949E-2 9.44178E-2 1.29321E-1 1.91542E-1
-9999 -9999 -9999 -9999 -9999 -9999 -9999 -9999 -9999 -9999 2.5041E-1 1.59332E-1 8.26385E-2 1.84905E-1 1.74836E-1 1.86292E-1 3.50844E-1 1.81783E-1 2.30476E-1 1.25539E-1 1.49154E-1 4.64997E-1 2.68058E-1 2.54585E-1 1.20203E-1 1.69909E-1 4.25925E-1 1.1223E-1 9.40688E-2 3.30697E-1 2.4961E-1 2.92476E-1 3.57852E-1 2.50397E-1 1.74139E-1 1.31719E-1 1.66656E-1 3.18996E-1 2.88349E-1 3.01089E-1 3.91763E-1 3.93709E-1 3.40786E-1 2.37904E-1 1.75944E-1 1.25406E-1 1.58772E-1 2.56671E-1 3.67013E-1 3.31895E-1 2.12314E-1 3.3206E-1 4.1185E-1 2.38941E-1 1.58002E-1 1.35541E-1 9.53764E-2 8.92399E-2 1.04324E-1 2.79317E-1
-9999 -9999 -9999 -9999 -9999 -9999 -9999 -9999 -9999 -9999 4.18276E-1 7.29104E-2 1.43222E-1 7.83817E-2 2.59434E-1 2.85066E-1 9.11921E-2 7.28066E-2 7.17803E-2 1.01409E-1 2.58715E-1 2.57406E-1 1.37345E-1 2.35386E-1 2.71747E-1 4.27147E-2 5.60624E-2 1.52871E-1 1.47692E-1 7.50885E-2 3.24508E-1 3.48029E-1 5.39271E-2 1.2928E-1 2.25566E-1 1.41531E-1 3.26012E-1 4.55757E-1 4.48626E-1 5.20722E-1 4.59403E-1 4.44574E-1 3.09513E-1 2.64111E-1 1.59346E-1 1.67701E-1 1.78754E-1 3.40031E-1 4.06354E-1 2.68615E-1 8.48701E-2 4.05765E-1 3.10358E-1 2.10865E-1 1.42372E-1 1.20774E-1 9.24161E-2 9.48597E-2 1.59894E-1 2.80125E-1
-9999 -9999 -9999 -9999 -9999 -9999 -9999 -9999 -9999 2.64546E-3 3.75559E-1 1.48055E-1 1.04042E-1 2.64964E-1 1.44444E-1 3.44292E-1 4.26814E-1 2.36326E-1 1.85951E-1 1.40298E-1 4.79193E-1 5.11961E-1 5.11652E-1 5.24407E-1 3.92639E-1 2.17787E-1 2.51028E-1 1.16011E-1 8.55321E-2 1.59284E-1 8.02463E-2 2.70108E-1 1.0459E-1 1.06712E-1 1.11285E-1 -9999 3.05511E-1 3.86994E-1 4.56201E-1 5.19113E-1 4.55357E-1 4.19686E-1 3.32989E-1 2.63661E-1 2.39656E-1 2.32023E-1 3.30814E-1 3.82146E-1 2.92587E-1 1.66317E-1 2.53269E-1 4.00738E-1 2.74405E-1 1.9636E-1 1.45577E-1 1.29209E-1 9.50895E-2 8.94149E-2 6.91636E-2 2.95926E-1
