Phytophthora/models/20240430_1155_37/Phytophthora_PA3_RUN1_MAXENT_outputs/Phytophthora_PA3_RUN1.asc
ncols         225
nrows         269
xllcorner     473000.0
yllcorner     4429100.0
cellsize      50.0
NODATA_value  -9999
[rows 216 to 242 of 269, columns 60 to 119 of 225]
5.06955E-1 3.80658E-1 2.50847E-1 2.06515E-1 2.83071E-1 3.61994E-1 3.2638E-1 3.20105E-1 3.58605E-1 2.90134E-1 2.39075E-1 2.67285E-1 3.36694E-1 4.01963E-1 3.05517E-1 3.6166E-1 5.33068E-1 3.65289E-1 4.32696E-1 4.51502E-1 5.2131E-1 5.87607E-1 5.93469E-1 6.90998E-1 7.28963E-1 8.78983E-1 7.56527E-1 7.09431E-1 7.70499E-1 7.42293E-1 7.04966E-1 5.60097E-1 4.89425E-1 4.4088E-1 5.63837E-1 2.43874E-1 2.57654E-1 2.98685E-1 3.5862E-1 4.28184E-1 4.4284E-1 4.36716E-1 3.43328E-1 4.54857E-1 4.08984E-1 3.69955E-1 3.64238E-1 4.4236E-1 6.87486E-1 4.94279E-1 3.98949E-1 5.02199E-1 5.00562E-1 4.71368E-1 5.20715E-1 5.16389E-1 5.20903E-1 5.03433E-1 4.92212E-1 4.6819E-1
2.29195E-1 1.94247E-1 2.14729E-1 2.40592E-1 3.00079E-1 3.43435E-1 2.92809E-1 3.1956E-1 3.91396E-1 2.81899E-1 2.63141E-1 2.97705E-1 2.71231E-1 2.36205E-1 2.56627E-1 3.0504E-1 5.30927E-1 3.88203E-1 4.80964E-1 4.89918E-1 5.73713E-1 6.82402E-1 6.38089E-1 7.30691E-1 8.27335E-1 7.22019E-1 7.60664E-1 7.24826E-1 6.95954E-1 7.55618E-1 6.2967E-1 6.00425E-1 5.76614E-1 5.34787E-1 4.89E-1 2.76959E-1 2.52646E-1 3.17162E-1 3.96566E-1 4.63985E-1 4.75881E-1 4.61112E-1 3.59425E-1 4.79891E-1 4.45774E-1 4.14411E-1 4.43764E-1 4.32301E-1 1.71448E-1 5.17702E-1 5.0288E-1 4.94547E-1 4.99999E-1 4.81717E-1 4.91823E-1 4.76108E-1 5.69567E-1 6.21638E-1 4.87346E-1 4.67706E-1
2.44987E-1 2.631E-1 2.5533E-1 2.43294E-1 2.74932E-1 1.29843E-1 2.72097E-1 2.96172E-1 4.72546E-1 3.73458E-1 3.5946E-1 3.19279E-1 2.18793E-1 1.65563E-1 1.92156E-1 2.63467E-1 3.04154E-1 1.62754E-1 3.73799E-1 4.43538E-1 6.04837E-1 6.55798E-1 6.56694E-1 7.87273E-1 8.19258E-1 7.9224E-1 7.03743E-1 5.80459E-1 8.09941E-1 7.10829E-1 7.07909E-1 6.73246E-1 6.49037E-1 6.13236E-1 5.07813E-1 3.08816E-1 3.11239E-1 3.21667E-1 3.45351E-1 3.9914E-1 4.97657E-1 5.07137E-1 4.99397E-1 2.89578E-1 5.013E-1 4.86339E-1 4.65237E-1 3.9589E-1 1.94522E-1 2.71164E-1 4.949E-1 5.65012E-1 6.10815E-1 5.81917E-1 5.52105E-1 5.60753E-1 6.12664E-1 5.00121E-1 5.93781E-1 5.44355E-1
2.37721E-1 2.33569E-1 2.18168E-1 2.21653E-1 2.32555E-1 2.72875E-1 2.4887E-1 2.79834E-1 4.98859E-1 5.63018E-1 4.45655E-1 3.11951E-1 3.085E-1 3.16028E-1 3.32554E-1 3.64971E-1 3.68139E-1 4.24816E-1 4.79246E-1 3.42058E-1 4.00947E-1 6.04119E-1 7.35618E-1 7.54152E-1 7.88169E-1 7.61205E-1 7.80644E-1 8.48328E-1 6.64488E-1 5.85797E-1 7.49031E-1 7.04362E-1 6.9526E-1 6.33491E-1 5.24061E-1 2.82737E-1 2.83372E-1 3.09354E-1 3.1815E-1 3.63654E-1 4.65908E-1 5.45232E-1 4.59117E-1 4.85496E-1 4.0137E-1 2.83661E-1 5.24672E-1 5.06326E-1 4.69647E-1 1.35507E-1 4.01795E-1 5.33815E-1 5.79566E-1 5.81696E-1 5.72173E-1 5.90866E-1 6.27154E-1 3.63754E-1 4.82252E-1 4.17541E-1
2.22928E-1 2.47882E-1 2.26598E-1 2.47658E-1 2.34513E-1 2.32664E-1 2.63987E-1 3.31648E-1 4.9887E-1 5.89144E-1 5.63008E-1 3.82751E-1 3.76613E-1 3.81347E-1 4.01562E-1 4.44799E-1 4.54319E-1 1.32948E-1 3.30203E-1 3.36615E-1 3.87586E-1 4.45033E-1 6.98498E-1 7.0827E-1 7.57923E-1 8.3992E-1 7.23242E-1 7.26591E-1 7.18956E-1 7.36075E-1 7.58546E-1 7.43156E-1 7.12991E-1 6.25796E-1 5.23876E-1 2.70805E-1 2.55496E-1 2.97212E-1 3.3571E-1 3.58729E-1 4.63268E-1 5.01972E-1 4.06019E-1 4.33444E-1 4.62484E-1 4.60432E-1 4.38899E-1 4.00381E-1 3.80386E-1 1.64771E-1 5.39666E-1 5.76164E-1 4.6678E-1 3.35075E-1 4.48699E-1 5.69917E-1 3.66049E-1 4.60953E-1 4.48203E-1 2.24432E-1
1.38723E-1 1.45077E-1 1.44536E-1 1.64776E-1 1.72144E-1 2.42541E-1 2.73777E-1 3.41983E-1 3.89475E-1 6.01475E-1 6.76019E-1 5.09375E-1 4.85786E-1 4.87845E-1 5.00673E-1 4.77891E-1 4.54135E-1 4.19711E-1 4.07694E-1 3.96248E-1 4.04743E-1 4.47254E-1 5.3289E-1 7.20186E-1 3.91426E-1 7.69412E-1 5.9962E-1 7.22466E-1 7.31578E-1 6.03745E-1 8.0355E-1 7.54131E-1 6.45101E-1 5.16582E-1 4.74821E-1 2.96771E-1 2.67952E-1 3.26526E-1 3.75514E-1 4.42024E-1 4.51421E-1 6.28052E-1 4.3477E-1 4.3879E-1 4.78629E-1 5.4193E-1 5.05837E-1 4.31287E-1 3.61994E-1 4.34568E-1 6.52151E-1 6.15914E-1 6.07608E-1 5.66802E-1 5.39282E-1 2.66087E-1 2.53087E-1 4.85576E-1 4.49309E-1 3.67749E-1
1.09298E-1 1.4361E-1 1.48893E-1 1.01288E-1 1.24602E-1 5.21999E-2 2.54989E-1 2.86881E-1 3.56145E-1 6.01568E-1 6.91612E-1 6.09048E-1 5.34736E-1 5.50486E-1 5.51177E-1 5.26695E-1 5.0288E-1 5.05145E-1 4.89913E-1 4.61643E-1 4.3363E-1 4.1578E-1 4.19576E-1 7.61773E-2 3.92212E-1 4.95318E-1 4.81694E-1 5.32819E-1 4.37675E-1 7.3069E-1 5.88443E-1 5.0901E-1 4.45418E-1 3.88055E-1 4.21404E-1 3.21241E-1 3.36891E-1 4.1127E-1 3.49666E-1 2.84112E-1 4.64256E-1 3.38615E-1 4.48731E-1 2.66443E-1 3.5613E-1 4.68811E-1 4.17927E-1 3.84469E-1 3.49127E-1 4.5633E-1 4.14843E-1 3.60936E-1 5.19003E-1 4.8327E-1 5.16429E-1 5.06498E-1 4.92369E-1 4.50283E-1 4.16351E-1 4.25374E-1
4.31388E-2 1.11418E-1 8.11809E-2 9.45303E-2 1.10623E-1 1.32E-1 1.17215E-1 6.99133E-2 8.77824E-2 1.65431E-1 3.2523E-1 3.33698E-1 6.01127E-1 6.1588E-1 4.04944E-1 5.87462E-1 5.86997E-1 6.08471E-1 5.96953E-1 5.47392E-1 4.99284E-1 4.13259E-1 3.91877E-1 3.79279E-1 3.35189E-1 4.56182E-1 5.72535E-1 3.96328E-1 4.33805E-1 4.64172E-1 6.28288E-1 4.41449E-1 4.23756E-1 4.17997E-1 3.81616E-1 1.85648E-1 1.87456E-1 2.39929E-1 2.54707E-1 2.08122E-1 2.57568E-1 5.38141E-1 1.71537E-1 2.82097E-1 3.15313E-1 1.83879E-1 2.60336E-1 8.85802E-2 4.91572E-1 2.02856E-1 6.80374E-1 5.47283E-1 5.91625E-1 5.56316E-1 5.6833E-1 5.43415E-1 5.049E-1 5.03615E-1 4.63794E-1 4.12387E-1
6.47869E-2 9.31196E-2 4.40097E-2 6.02828E-2 1.02796E-1 1.58549E-1 2.39129E-1 3.95637E-1 2.90699E-1 2.54663E-1 3.59001E-1 3.95181E-1 6.23616E-1 5.87587E-1 4.14498E-1 5.44099E-1 6.49085E-1 7.00029E-1 3.95878E-1 6.68992E-1 5.70453E-1 4.91518E-1 4.60385E-1 4.05864E-1 3.44243E-1 4.95414E-1 5.72026E-1 5.7489E-1 5.70627E-1 5.69048E-1 5.1961E-1 4.61107E-1 4.56206E-1 4.44582E-1 3.70058E-1 1.77605E-1 9.37313E-2 1.06256E-1 1.33069E-1 1.67877E-1 2.25733E-1 2.01333E-1 2.21756E-1 2.19765E-1 1.91225E-1 1.61599E-1 2.1794E-1 2.80942E-1 3.07099E-1 2.44146E-1 4.19544E-1 1.74249E-1 5.75475E-1 5.54074E-1 5.49575E-1 4.06158E-1 4.0642E-1 3.53856E-1 4.7829E-1 4.6881E-1
8.56233E-2 4.26353E-2 4.85798E-2 5.55196E-2 8.55368E-2 1.54915E-1 1.76983E-1 3.86866E-1 3.2917E-1 2.57841E-1 4.12509E-1 5.15961E-1 6.22765E-1 6.37374E-1 5.48692E-1 5.41609E-1 4.58657E-1 7.26168E-1 7.479E-1 5.18055E-1 6.55413E-1 5.57627E-1 5.15973E-1 4.52788E-1 3.73541E-1 5.25834E-1 5.52277E-1 5.66149E-1 5.53805E-1 5.42959E-1 5.05517E-1 4.91131E-1 4.48327E-1 4.62457E-1 2.97298E-1 1.66308E-1 9.77424E-2 1.12367E-1 1.45226E-1 1.7461E-1 2.08945E-1 2.23139E-1 2.57497E-1 2.21057E-1 1.97456E-1 2.5185E-1 2.02886E-1 2.23818E-1 2.74087E-1 3.40451E-1 3.69246E-1 3.66081E-1 5.93136E-1 4.30008E-1 5.06553E-1 6.20755E-1 6.31164E-1 6.59103E-1 5.23542E-1 3.76467E-1
8.88739E-2 4.63255E-2 4.9518E-2 5.20422E-2 7.01008E-2 1.25279E-1 1.47964E-1 2.0245E-1 3.33818E-1 3.91692E-1 5.63197E-1 6.22979E-1 6.90376E-1 4.1094E-1 4.98309E-1 6.73348E-1 7.16832E-1 6.12405E-1 8.02995E-1 8.24336E-1 4.52135E-1 5.80621E-1 5.20407E-1 4.24453E-1 3.60269E-1 3.51388E-1 3.95343E-1 3.59313E-1 3.55146E-1 3.94469E-1 5.67415E-1 5.1893E-1 4.64397E-1 4.75103E-1 3.79226E-1 3.97205E-1 3.89027E-1 3.71721E-1 3.67396E-1 3.11966E-1 1.59578E-1 1.91533E-1 2.981E-1 2.24004E-1 2.07199E-1 2.89722E-1 2.93567E-1 3.77426E-1 4.30213E-1 4.62038E-1 4.33462E-1 5.60943E-1 2.54956E-1 6.86424E-1 5.13907E-1 5.67457E-1 5.00437E-1 4.89088E-1 5.21655E-1 4.77694E-1
1.02366E-1 1.23249E-1 1.05008E-1 5.60622E-2 9.75591E-2 1.7533E-1 2.55936E-1 3.1162E-1 3.94656E-1 4.58831E-1 6.47819E-1 7.07471E-1 7.55948E-1 5.48778E-1 6.73428E-1 7.29783E-1 6.29766E-1 6.01344E-1 7.72537E-1 6.48025E-1 2.59948E-1 5.83196E-1 5.00855E-1 2.21003E-1 3.75253E-1 3.9314E-1 3.48881E-1 2.96509E-1 3.06895E-1 3.67429E-1 6.2675E-1 6.09814E-1 5.28336E-1 3.77107E-1 3.68234E-1 4.04302E-1 3.80043E-1 3.91162E-1 4.16739E-1 3.86452E-1 2.07732E-1 2.07659E-1 2.81779E-1 2.09841E-1 2.27018E-1 3.03763E-1 3.69158E-1 4.44415E-1 4.98551E-1 5.3222E-1 4.95894E-1 3.23882E-1 4.37428E-1 5.88036E-1 5.77903E-1 3.29618E-1 2.73484E-1 2.47635E-1 2.40659E-1 5.72999E-1
1.14074E-1 1.31543E-1 1.2819E-1 1.22927E-1 1.66833E-1 2.62915E-1 3.13451E-1 4.12985E-1 5.08379E-1 6.19578E-1 7.49128E-1 8.29012E-1 8.54642E-1 7.43633E-1 6.67535E-1 6.99475E-1 7.13813E-1 7.52184E-1 5.5584E-1 6.42569E-1 6.05762E-1 6.00789E-1 4.87073E-1 2.25276E-1 4.28557E-1 4.70573E-1 4.13084E-1 3.14333E-1 2.71625E-1 3.96634E-1 3.98333E-1 5.4241E-1 3.73119E-1 3.65368E-1 3.65179E-1 3.76004E-1 3.72972E-1 3.8368E-1 3.93545E-1 3.51341E-1 1.9246E-1 1.83071E-1 2.20042E-1 2.66785E-1 2.52951E-1 3.09976E-1 3.82685E-1 4.67581E-1 5.39964E-1 5.67356E-1 5.58018E-1 6.68473E-1 3.43289E-1 3.68441E-1 3.51173E-1 2.98557E-1 2.85661E-1 2.73424E-1 2.49537E-1 3.40282E-1
1.06714E-1 1.47456E-1 1.64383E-1 1.64015E-1 2.16539E-1 3.2116E-1 3.27366E-1 3.35721E-1 4.08122E-1 5.12043E-1 6.84984E-1 7.1005E-1 8.4725E-1 7.88194E-1 7.30408E-1 7.0386E-1 6.6359E-1 7.03086E-1 7.44078E-1 4.15302E-1 4.91888E-1 4.96026E-1 5.01388E-1 4.89545E-1 4.621E-1 4.77559E-1 2.3385E-1 2.40399E-1 3.35766E-1 3.95075E-1 5.06014E-1 3.38364E-1 3.43222E-1 3.46947E-1 3.42935E-1 3.55816E-1 3.88513E-1 3.86747E-1 3.80846E-1 3.39838E-1 1.8111E-1 1.7628E-1 2.1825E-1 2.59104E-1 2.65342E-1 3.08811E-1 3.73704E-1 4.44315E-1 5.46876E-1 6.59774E-1 5.90623E-1 4.25364E-1 4.61087E-1 4.71671E-1 4.34237E-1 3.82681E-1 2.96814E-1 3.01905E-1 3.12011E-1 3.64728E-1
1.32123E-1 1.6455E-1 2.22156E-1 2.19297E-1 2.5749E-1 4.34591E-1 3.84411E-1 3.86994E-1 4.32849E-1 5.21416E-1 7.06615E-1 7.5706E-1 6.00395E-1 8.27065E-1 8.39368E-1 7.95422E-1 6.06842E-1 6.47362E-1 7.02068E-1 6.54736E-1 5.92858E-1 3.96837E-1 5.24848E-1 4.95597E-1 5.05608E-1 4.89171E-1 5.39021E-1 1.48712E-1 5.69367E-1 5.41663E-1 4.45417E-1 4.40583E-1 4.16678E-1 3.93042E-1 3.63254E-1 3.88132E-1 4.41808E-1 4.21145E-1 3.98836E-1 3.95232E-1 2.33362E-1 2.05317E-1 2.16237E-1 1.73896E-1 2.78918E-1 3.11984E-1 3.59634E-1 3.8122E-1 4.2947E-1 5.71802E-1 4.9158E-1 4.68184E-1 4.32585E-1 5.05491E-1 5.15901E-1 4.25041E-1 3.29545E-1 3.08115E-1 3.19607E-1 3.16784E-1
3.56737E-1 4.25524E-1 5.18947E-1 6.25567E-1 5.15127E-1 6.65789E-1 7.11328E-1 6.53938E-1 6.5243E-1 6.76958E-1 6.81689E-1 7.42642E-1 7.80741E-1 7.52244E-1 7.9755E-1 7.80843E-1 5.48065E-1 5.86414E-1 6.23311E-1 5.68955E-1 5.24695E-1 3.72847E-1 5.33388E-1 4.80263E-1 5.15997E-1 5.57471E-1 5.46664E-1 5.40845E-1 5.05905E-1 5.91328E-1 5.21747E-1 5.13055E-1 4.01108E-1 3.45924E-1 3.41466E-1 3.24872E-1 4.22156E-1 4.43248E-1 3.0291E-1 4.57732E-1 4.64396E-1 3.83991E-1 3.98868E-1 3.65126E-1 4.97413E-1 4.34748E-1 4.80325E-1 4.18102E-1 4.56798E-1 5.27573E-1 5.24674E-1 5.56574E-1 4.61292E-1 6.22804E-1 5.52877E-1 4.6557E-1 3.37836E-1 2.64936E-1 2.54766E-1 2.19706E-1
4.44335E-1 5.12095E-1 5.66373E-1 7.29146E-1 7.02739E-1 6.84795E-1 7.42656E-1 7.88935E-1 7.15541E-1 7.01966E-1 6.60456E-1 6.13606E-1 7.56126E-1 7.85348E-1 7.70364E-1 7.64909E-1 6.05045E-1 6.38311E-1 7.10089E-1 5.70799E-1 4.46547E-1 5.74693E-1 5.58273E-1 4.80282E-1 4.96658E-1 5.56766E-1 6.6603E-1 6.63278E-1 3.06005E-1 6.04608E-1 5.92716E-1 4.30575E-1 3.21071E-1 3.27937E-1 3.78274E-1 3.78337E-1 3.72168E-1 5.35736E-1 3.90823E-1 5.98831E-1 4.37282E-1 3.31739E-1 3.74443E-1 4.72188E-1 5.71718E-1 4.66769E-1 4.0469E-1 5.10186E-1 4.36549E-1 5.10135E-1 2.28733E-1 6.64879E-1 2.79896E-1 6.294E-1 5.69192E-1 4.24848E-1 3.39295E-1 2.88455E-1 2.52851E-1 2.07853E-1
4.08704E-1 4.97213E-1 5.91357E-1 6.3611E-1 7.8703E-1 7.45566E-1 7.34838E-1 7.81244E-1 8.35665E-1 6.13572E-1 5.22525E-1 6.24544E-1 6.34955E-1 6.52481E-1 7.05824E-1 8.02505E-1 6.63455E-1 7.00413E-1 7.72514E-1 5.4384E-1 4.50642E-1 4.69442E-1 2.80394E-1 5.15818E-1 5.27759E-1 5.21025E-1 5.44842E-1 6.19931E-1 6.40718E-1 6.39852E-1 4.76453E-1 4.33437E-1 4.0257E-1 4.161E-1 3.96863E-1 4.59734E-1 4.13242E-1 4.3498E-1 5.75365E-1 6.04955E-1 4.24327E-1 4.28185E-1 4.51762E-1 5.33129E-1 7.07394E-1 5.25212E-1 4.90619E-1 5.3326E-1 4.92932E-1 4.97028E-1 3.83428E-1 3.85874E-1 5.19219E-1 6.02674E-1 5.38461E-1 3.9699E-1 3.98595E-1 4.07874E-1 4.20177E-1 3.85598E-1
4.40183E-1 4.94874E-1 5.69006E-1 7.23868E-1 8.01604E-1 8.64392E-1 7.47912E-1 6.69564E-1 7.3663E-1 7.13271E-1 6.4561E-1 6.41443E-1 7.0518E-1 7.18361E-1 7.71347E-1 6.68705E-1 6.85081E-1 7.87403E-1 7.70292E-1 5.73727E-1 5.02816E-1 5.07074E-1 3.0603E-1 5.69374E-1 5.63448E-1 4.85477E-1 4.25383E-1 5.44659E-1 6.61887E-1 5.7189E-1 5.8332E-1 4.95577E-1 4.76145E-1 4.6902E-1 4.59454E-1 4.97892E-1 5.25275E-1 4.30679E-1 5.8894E-1 6.00537E-1 4.67161E-1 4.80765E-1 4.91386E-1 5.95521E-1 7.83312E-1 5.87252E-1 5.6471E-1 5.87918E-1 5.76946E-1 5.76786E-1 4.64427E-1 4.1149E-1 2.24277E-1 3.64454E-1 3.32176E-1 2.57067E-1 2.9367E-1 3.12697E-1 3.15118E-1 2.95362E-1
4.22338E-1 4.75773E-1 5.14904E-1 5.90971E-1 7.6797E-1 7.74342E-1 8.30184E-1 7.57704E-1 7.4162E-1 6.26693E-1 5.62401E-1 5.69346E-1 2.91752E-1 5.87344E-1 5.27577E-1 6.12648E-1 6.45003E-1 7.0314E-1 6.37797E-1 5.48528E-1 5.17711E-1 5.4796E-1 6.02896E-1 6.51319E-1 5.93862E-1 5.52949E-1 5.22891E-1 4.57902E-1 4.94605E-1 3.98821E-1 6.19233E-1 5.12749E-1 5.18725E-1 5.04461E-1 4.87168E-1 4.92149E-1 5.43203E-1 5.2546E-1 6.12801E-1 5.00364E-1 4.89815E-1 5.0155E-1 5.14609E-1 6.02185E-1 6.82012E-1 6.21503E-1 6.35293E-1 6.34123E-1 6.21654E-1 5.99751E-1 4.98484E-1 3.99675E-1 3.27793E-1 3.83829E-1 3.26166E-1 2.64822E-1 2.88449E-1 2.91448E-1 2.72767E-1 2.46244E-1
4.45074E-1 5.38217E-1 5.68458E-1 6.31639E-1 7.41925E-1 8.03268E-1 8.00286E-1 6.00515E-1 5.61923E-1 4.43862E-1 4.43851E-1 5.27766E-1 5.27132E-1 6.30264E-1 3.04842E-1 6.14068E-1 4.68494E-1 6.48419E-1 6.8287E-1 5.86621E-1 5.00434E-1 5.57746E-1 4.26561E-1 5.49895E-1 6.19287E-1 5.69483E-1 5.3363E-1 4.96066E-1 4.46341E-1 4.41173E-1 5.43385E-1 5.51797E-1 5.3769E-1 5.11139E-1 4.99117E-1 4.90988E-1 4.92616E-1 5.36389E-1 5.81398E-1 4.55977E-1 4.67074E-1 4.84181E-1 5.06772E-1 5.97638E-1 6.0159E-1 6.31811E-1 6.33124E-1 6.32975E-1 6.005E-1 5.48009E-1 4.48943E-1 4.31882E-1 4.28964E-1 4.4079E-1 3.95031E-1 3.16303E-1 2.45165E-1 2.86049E-1 2.94588E-1 3.03563E-1
4.49025E-1 5.11006E-1 5.45003E-1 5.26733E-1 5.44227E-1 4.10342E-1 6.82377E-1 4.87757E-1 2.77669E-1 3.49005E-1 3.22087E-1 4.98239E-1 5.02897E-1 5.39336E-1 3.85512E-1 3.12187E-1 5.05096E-1 6.76873E-1 7.26823E-1 6.19752E-1 5.06586E-1 5.68894E-1 4.0952E-1 6.41343E-1 3.1001E-1 6.33844E-1 5.76436E-1 5.30633E-1 4.88752E-1 4.19294E-1 1.93778E-1 5.60375E-1 5.40597E-1 5.22922E-1 5.21883E-1 5.59326E-1 5.17053E-1 4.95275E-1 5.85141E-1 4.62409E-1 4.69043E-1 5.60584E-1 6.06378E-1 6.75231E-1 7.13023E-1 6.92377E-1 6.20226E-1 5.95162E-1 6.187E-1 5.33069E-1 4.15665E-1 2.55279E-1 3.47262E-1 2.80749E-1 4.30255E-1 3.9267E-1 2.35911E-1 3.07927E-1 2.42524E-1 3.63236E-1
4.67864E-1 5.15896E-1 2.00699E-1 4.79132E-1 3.896E-1 3.5705E-1 3.39421E-1 3.12271E-1 3.35528E-1 4.47674E-1 4.83155E-1 5.193E-1 4.67947E-1 5.15284E-1 5.52631E-1 5.81409E-1 5.64801E-1 6.74377E-1 7.26059E-1 6.56978E-1 5.39684E-1 5.76762E-1 3.71197E-1 5.92029E-1 6.20987E-1 4.83965E-1 5.63385E-1 5.68531E-1 5.48377E-1 5.35654E-1 5.64085E-1 5.90694E-1 5.64636E-1 5.66451E-1 5.45155E-1 5.93253E-1 5.61626E-1 4.54092E-1 5.96692E-1 4.76177E-1 4.61462E-1 6.32862E-1 6.12404E-1 6.96927E-1 7.20168E-1 6.76629E-1 6.23634E-1 4.05832E-1 6.34685E-1 5.44863E-1 1.38799E-1 3.71908E-2 3.57356E-1 6.56648E-1 5.78167E-1 4.79603E-1 4.1406E-1 4.25362E-1 3.9519E-1 4.0046E-1
3.95608E-1 4.55017E-1 3.0135E-1 2.75716E-1 4.50393E-1 2.88104E-1 3.0739E-1 2.91181E-1 2.83511E-1 2.95059E-1 2.8461E-1 3.54961E-1 5.20407E-1 5.36443E-1 5.54554E-1 6.32758E-1 3.22404E-1 6.91293E-1 5.59395E-1 3.2169E-1 5.49361E-1 4.62841E-1 5.9535E-1 5.68342E-1 5.39373E-1 5.69387E-1 1.90891E-1 3.78145E-1 5.87205E-1 5.84568E-1 6.56878E-1 5.78864E-1 5.69263E-1 5.81065E-1 5.54852E-1 5.841E-1 6.31074E-1 5.35585E-1 4.11309E-1 5.02502E-1 6.44593E-1 7.1276E-1 4.80885E-1 4.64522E-1 7.35042E-1 6.63413E-1 6.36559E-1 5.73699E-1 6.41467E-1 5.81395E-1 1.97045E-1 2.98249E-1 3.68637E-1 3.46783E-1 3.53062E-1 3.66324E-1 3.59919E-1 3.83888E-1 3.0117E-1 5.30209E-1
5.41712E-1 5.44386E-1 4.25811E-1 3.44094E-1 4.14488E-1 3.72216E-1 3.9394E-1 3.62899E-1 3.8227E-1 4.16026E-1 3.85243E-1 3.90919E-1 4.61637E-1 5.92687E-1 5.23582E-1 2.81465E-1 5.12929E-1 5.06314E-1 4.93353E-1 4.69852E-1 3.67183E-1 2.67155E-1 4.31489E-1 5.24452E-1 5.15813E-1 5.98993E-1 4.9074E-1 6.06997E-1 4.03641E-1 4.81555E-1 7.32216E-1 4.80757E-1 6.2907E-1 6.05577E-1 5.70654E-1 5.63728E-1 6.02297E-1 6.39631E-1 4.8621E-1 5.1588E-1 3.51864E-1 5.9234E-1 5.41685E-1 4.82949E-1 6.16816E-1 7.1937E-1 6.5285E-1 5.71741E-1 5.67588E-1 6.15508E-1 4.10342E-1 3.92424E-1 3.3386E-1 4.55918E-1 4.13865E-1 2.5844E-1 2.23011E-1 2.56601E-1 4.19776E-1 3.8007E-1
4.25324E-1 6.14919E-1 6.56349E-1 4.57209E-1 4.88697E-1 3.60459E-1 3.66731E-1 3.41211E-1 3.35228E-1 3.52115E-1 3.69197E-1 3.92123E-1 4.29002E-1 4.73647E-1 4.76762E-1 5.70939E-1 5.23633E-1 4.57387E-1 4.59042E-1 3.48986E-1 3.7268E-1 5.22234E-1 1.88808E-1 -9999 1.46795E-1 2.12205E-1 4.98342E-1 5.22533E-1 5.5772E-1 5.83744E-1 6.20781E-1 4.03843E-1 4.61711E-1 4.2719E-1 4.07158E-1 4.34181E-1 4.3722E-1 4.8381E-1 4.43403E-1 3.4399E-1 5.04142E-1 3.14353E-1 3.16143E-1 3.77033E-1 4.19558E-1 6.56675E-1 6.29462E-1 4.80791E-1 6.16755E-1 3.82811E-1 4.88459E-1 5.21477E-1 4.69179E-1 4.86356E-1 5.61069E-1 4.00118E-1 3.41206E-1 3.05601E-1 3.89058E-1 5.14534E-1
5.36002E-1 5.25901E-1 6.35129E-1 5.68717E-1 5.30134E-1 3.81649E-1 3.79911E-1 3.64885E-1 3.52892E-1 3.85978E-1 3.8637E-1 3.7429E-1 2.9291E-1 4.54748E-1 4.59023E-1 4.15412E-1 4.67095E-1 6.25079E-1 4.60197E-1 5.80463E-1 6.05908E-1 6.2509E-1 5.78774E-1 3.23733E-1 2.93454E-1 3.44893E-1 3.66783E-1 6.89976E-1 5.75933E-1 5.76206E-1 6.37729E-1 5.9506E-1 3.63631E-1 3.84059E-1 4.17761E-1 4.28485E-1 3.98952E-1 5.18377E-1 2.74371E-1 5.2661E-1 2.91048E-1 3.31712E-1 3.6571E-1 4.61482E-1 5.11024E-1 5.86432E-1 4.46139E-1 6.18068E-1 6.2082E-1 5.48236E-1 4.18114E-1 4.0967E-1 3.83342E-1 3.82791E-1 4.16319E-1 4.17149E-1 3.25849E-1 3.04534E-1 5.12019E-1 4.8642E-1
