Phytophthora/models/20240430_1155_37/Phytophthora_PA3_RUN1_MAXENT_outputs/Phytophthora_PA3_RUN1.asc
ncols         225
nrows         269
xllcorner     473000.0
yllcorner     4429100.0
cellsize      50.0
NODATA_value  -9999
[rows 81 to 107 of 269, columns 0 to 59 of 225]
-9999 -9999 -9999 -9999 -9999 -9999 -9999 -9999 -9999 -9999 -9999 -9999 -9999 -9999 -9999 -9999 -9999 -9999 -9999 -9999 -9999 -9999 -9999 -9999 -9999 -9999 -9999 -9999 -9999 -9999 -9999 -9999 4.57929E-3 4.95384E-3 5.58828E-3 3.99677E-3 5.53799E-3 8.8484E-3 1.09198E-2 8.66282E-3 1.68268E-2 1.27228E-2 1.08008E-2 1.18774E-2 1.27275E-2 1.17236E-2 1.38253E-2 9.44009E-3 9.90345E-3 2.44512E-2 1.83514E-2 2.98529E-2 2.21956E-2 2.40356E-2 1.07117E-2 4.68123E-2 3.77421E-2 1.51665E-2 5.22401E-2 2.82941E-2
-9999 -9999 -9999 -9999 -9999 -9999 -9999 -9999 -9999 -9999 -9999 -9999 -9999 -9999 -9999 -9999 -9999 -9999 -9999 -9999 -9999 -9999 -9999 -9999 -9999 -9999 -9999 -9999 -9999 -9999 -9999 -9999 6.12531E-3 7.9489E-3 7.21525E-3 4.64336E-3 6.34348E-3 8.6174E-3 6.13014E-3 1.18637E-2 7.52262E-3 1.29253E-2 1.03113E-2 2.0891E-2 1.87388E-2 1.42583E-2 1.6945E-2 2.0102E-2 2.11838E-2 2.6301E-2 2.88579E-2 3.65775E-2 3.2588E-2 3.56564E-2 3.92263E-2 3.14982E-2 1.97352E-2 3.64123E-2 2.43345E-2 4.40207E-2
-9999 -9999 -9999 -9999 -9999 -9999 -9999 -9999 -9999 -9999 -9999 -9999 -9999 -9999 -9999 -9999 -9999 -9999 -9999 -9999 -9999 -9999 -9999 -9999 -9999 -9999 -9999 -9999 -9999 -9999 -9999 -9999 9.22613E-3 1.1293E-2 7.71174E-3 4.62432E-3 5.43639E-3 7.95379E-3 6.83656E-3 1.03987E-2 1.2197E-2 6.50773E-3 7.63867E-3 2.75682E-2 1.6356E-2 1.67204E-2 1.66324E-2 2.35896E-2 2.33587E-2 2.5252E-2 2.32747E-2 3.07464E-2 3.97159E-2 3.46378E-2 4.44769E-2 8.01842E-2 2.15259E-2 4.28995E-2 2.47629E-2 2.67876E-2
-9999 -9999 -9999 -9999 -9999 -9999 -9999 -9999 -9999 -9999 -9999 -9999 -9999 -9999 -9999 -9999 -9999 -9999 -9999 -9999 -9999 -9999 -9999 -9999 -9999 -9999 -9999 -9999 -9999 -9999 -9999 -9999 -9999 1.2661E-2 1.11579E-2 8.55555E-3 7.43643E-3 9.33616E-3 6.08417E-3 1.15525E-2 1.36979E-2 1.58665E-2 2.0456E-2 1.83864E-2 1.02474E-2 1.61917E-2 1.74238E-2 2.93352E-2 3.65812E-2 3.20315E-2 2.30302E-2 1.85543E-2 3.32917E-2 3.74375E-2 4.73963E-2 8.64146E-2 4.2248E-2 6.73238E-2 2.6718E-2 3.17489E-2
-9999 -9999 -9999 -9999 -9999 -9999 -9999 -9999 -9999 -9999 -9999 -9999 -9999 -9999 -9999 -9999 -9999 -9999 -9999 -9999 -9999 -9999 -9999 -9999 -9999 -9999 -9999 -9999 -9999 -9999 -9999 -9999 -9999 1.58007E-2 1.97571E-2 1.69434E-2 2.05502E-2 1.83486E-2 1.00597E-2 1.50362E-2 2.02925E-2 2.07262E-2 2.41869E-2 2.44311E-2 2.53035E-2 6.66826E-3 1.85857E-2 2.48508E-2 5.22296E-2 3.52145E-2 1.28778E-2 2.59006E-2 2.3518E-2 3.47009E-2 5.50375E-2 7.24916E-2 3.91221E-2 3.17765E-2 2.95568E-2 3.58983E-2
-9999 -9999 -9999 -9999 -9999 -9999 -9999 -9999 -9999 -9999 -9999 -9999 -9999 -9999 -9999 -9999 -9999 -9999 -9999 -9999 -9999 -9999 -9999 -9999 -9999 -9999 -9999 -9999 -9999 -9999 -9999 -9999 -9999 -9999 8.48363E-2 1.90687E-2 1.39696E-2 1.53469E-2 8.68948E-3 1.50168E-2 1.49006E-2 1.23814E-2 1.32611E-2 1.45124E-2 1.91954E-2 1.27618E-2 2.03815E-2 1.59696E-2 2.95972E-2 5.72956E-2 3.61641E-2 1.42905E-2 3.28766E-2 3.79302E-2 6.06966E-2 3.20723E-2 1.31554E-2 2.12253E-2 2.4223E-2 2.53977E-2
-9999 -9999 -9999 -9999 -9999 -9999 -9999 -9999 -9999 -9999 -9999 -9999 -9999 -9999 -9999 -9999 -9999 -9999 -9999 -9999 -9999 -9999 -9999 -9999 -9999 -9999 -9999 -9999 -9999 -9999 -9999 -9999 -9999 -9999 4.47823E-2 1.31679E-2 1.48646E-2 7.87338E-3 1.3835E-2 2.02485E-2 1.43299E-2 1.48947E-2 1.54306E-2 1.55482E-2 2.2866E-2 2.34931E-2 9.90049E-3 2.28793E-2 2.34768E-2 5.06128E-2 3.1169E-2 3.57743E-2 1.24958E-2 3.53436E-2 6.4654E-2 5.86583E-2 3.98915E-2 1.67677E-2 3.30961E-2 3.05948E-2
-9999 -9999 -9999 -9999 -9999 -9999 -9999 -9999 -9999 -9999 -9999 -9999 -9999 -9999 -9999 -9999 -9999 -9999 -9999 -9999 -9999 -9999 -9999 -9999 -9999 -9999 -9999 -9999 -9999 -9999 -9999 -9999 -9999 -9999 5.01988E-2 1.55796E-2 9.92117E-3 2.07068E-2 2.12376E-2 2.34407E-2 1.75956E-2 1.88862E-2 2.23153E-2 2.19577E-2 2.91648E-2 2.48061E-2 2.36779E-2 2.30414E-2 2.00834E-2 1.46915E-2 1.71172E-2 2.14186E-2 2.84119E-2 2.03403E-2 3.29602E-2 5.92564E-2 6.59603E-2 5.14765E-2 2.26549E-2 3.61347E-2
-9999 -9999 -9999 -9999 -9999 -9999 -9999 -9999 -9999 -9999 -9999 -9999 -9999 -9999 -9999 -9999 -9999 -9999 -9999 -9999 -9999 -9999 -9999 -9999 -9999 -9999 -9999 -9999 -9999 -9999 -9999 -9999 -9999 -9999 4.69753E-2 1.60862E-2 2.24534E-2 1.45089E-2 2.67552E-2 2.5956E-2 2.31308E-2 1.16961E-2 2.4616E-2 2.95035E-2 4.22236E-2 9.88077E-3 2.29848E-2 2.12962E-2 2.11218E-2 1.63703E-2 1.56522E-2 2.19742E-2 2.86842E-2 3.20813E-2 5.69523E-2 6.37129E-2 3.32492E-2 1.85075E-2 1.63587E-2 3.24787E-2
-9999 -9999 -9999 -9999 -9999 -9999 -9999 -9999 -9999 -9999 -9999 -9999 -9999 -9999 -9999 -9999 -9999 -9999 -9999 -9999 -9999 -9999 -9999 -9999 -9999 -9999 -9999 -9999 -9999 -9999 -9999 -9999 -9999 -9999 5.59197E-2 1.97101E-2 2.58856E-2 2.53801E-2 3.04933E-2 2.31657E-2 3.10806E-2 1.60343E-2 2.93747E-2 3.5575E-2 6.00902E-2 1.64871E-2 2.67305E-2 2.09244E-2 1.69823E-2 1.30607E-2 1.43246E-2 1.97494E-2 2.31911E-2 2.88192E-2 4.05091E-2 5.24548E-2 5.54293E-2 3.12139E-2 1.38265E-2 1.96282E-2
-9999 -9999 -9999 -9999 -9999 -9999 -9999 -9999 -9999 -9999 -9999 -9999 -9999 -9999 -9999 -9999 -9999 -9999 -9999 -9999 -9999 -9999 -9999 -9999 -9999 -9999 -9999 -9999 -9999 -9999 -9999 -9999 -9999 5.21188E-2 4.75901E-2 1.45831E-2 2.12052E-2 2.24573E-2 1.99835E-2 1.74753E-2 2.1657E-2 3.6317E-2 3.10505E-2 3.62928E-2 5.60771E-2 2.2396E-2 3.4802E-2 2.61753E-2 1.97943E-2 1.41334E-2 1.01448E-2 1.16744E-2 1.5217E-2 2.08914E-2 3.3231E-2 6.76058E-2 7.25875E-2 2.67072E-2 2.40607E-2 3.53499E-2
-9999 -9999 -9999 -9999 -9999 -9999 -9999 -9999 -9999 -9999 -9999 -9999 -9999 -9999 -9999 -9999 -9999 -9999 -9999 -9999 -9999 -9999 5.18253E-2 5.09801E-2 -9999 -9999 -9999 -9999 -9999 -9999 4.19657E-2 4.39903E-2 4.89632E-2 6.21038E-2 5.60534E-2 1.4764E-2 1.83073E-2 1.71619E-2 1.07587E-2 2.24723E-2 2.23225E-2 4.18644E-2 3.79465E-2 3.94452E-2 5.02076E-2 4.65158E-2 5.14924E-2 2.95782E-2 2.61863E-2 1.81186E-2 1.24368E-2 1.29706E-2 1.64303E-2 3.16473E-2 4.2418E-2 2.7582E-2 1.59734E-2 3.54733E-2 2.77682E-2 1.68946E-2
-9999 -9999 -9999 -9999 -9999 -9999 -9999 -9999 -9999 -9999 -9999 -9999 -9999 -9999 -9999 -9999 -9999 -9999 5.19805E-4 2.50158E-3 4.6662E-2 5.08905E-2 5.57613E-2 6.04785E-2 4.18565E-2 2.79818E-3 5.00243E-3 2.69811E-3 1.98844E-3 5.53752E-3 5.70096E-2 6.10309E-2 6.00285E-2 5.5761E-2 4.63617E-2 1.37252E-2 1.7005E-2 1.40337E-2 1.30351E-2 2.31379E-2 2.38119E-2 3.6966E-2 3.67272E-2 2.13239E-2 1.82798E-2 7.07075E-2 6.5157E-2 4.51392E-2 2.93117E-2 1.93666E-2 1.39093E-2 9.21485E-3 1.19043E-2 1.21702E-2 5.97252E-3 -9999 1.3123E-2 2.71526E-2 2.62973E-2 3.15346E-2
-9999 -9999 -9999 -9999 -9999 -9999 -9999 -9999 -9999 -9999 -9999 -9999 -9999 -9999 -9999 -9999 -9999 6.0083E-4 5.51591E-4 2.18061E-3 4.0968E-2 4.81056E-2 5.33772E-2 5.78751E-2 4.40516E-2 1.16283E-3 7.96879E-4 2.17402E-3 2.00184E-3 6.51308E-3 8.11298E-2 8.57391E-2 8.18162E-2 6.92732E-2 5.52085E-2 1.61699E-2 9.19618E-3 1.26063E-2 7.99146E-3 2.13252E-2 2.37371E-2 3.73058E-2 5.08361E-2 3.62735E-2 2.88068E-2 3.64666E-2 6.38661E-2 3.93992E-2 2.49184E-2 1.92563E-2 7.51137E-3 7.90482E-3 9.53893E-3 3.26419E-3 1.19674E-2 1.51323E-2 1.11351E-2 -9999 2.07208E-2 5.93958E-3
-9999 -9999 -9999 -9999 -9999 -9999 -9999 -9999 -9999 -9999 -9999 -9999 -9999 -9999 5.298E-4 6.8106E-4 7.07653E-4 7.57052E-4 6.4842E-4 2.2971E-3 4.19421E-2 4.98626E-2 6.22569E-2 7.08763E-2 5.40842E-2 1.41261E-3 1.6025E-3 1.28615E-3 2.11969E-3 6.42695E-3 7.67005E-2 9.76471E-2 8.81436E-2 8.35646E-2 6.86767E-2 9.21495E-3 1.94541E-2 1.31682E-2 2.2417E-2 2.17862E-2 2.40865E-2 3.96923E-2 4.65434E-2 3.87566E-2 2.83959E-2 3.84895E-2 2.01024E-2 1.58133E-2 1.62221E-2 1.80888E-2 1.36327E-2 1.48452E-2 1.22007E-2 1.70973E-2 1.52261E-2 1.81097E-2 1.56997E-2 8.14707E-3 1.06679E-2 2.32205E-2
-9999 -9999 -9999 -9999 -9999 -9999 -9999 -9999 -9999 -9999 -9999 -9999 1.32956E-2 1.69712E-2 2.38774E-2 4.04086E-2 4.38421E-2 4.88179E-2 4.83897E-2 4.33306E-2 2.70615E-2 2.87083E-2 3.48156E-2 4.1139E-2 4.66429E-2 4.57974E-2 4.78502E-2 3.83533E-2 5.28632E-2 5.90385E-2 7.88316E-2 9.51765E-2 7.61618E-2 8.54457E-2 8.58954E-2 3.20463E-2 7.47663E-2 4.93527E-2 9.93507E-2 9.55612E-2 1.12996E-1 1.96985E-1 1.96035E-1 9.10133E-2 8.75142E-2 6.99175E-2 6.29048E-2 6.7742E-2 6.27676E-2 5.49944E-2 5.21611E-2 6.77727E-2 7.44953E-2 7.57301E-2 6.02923E-2 3.75963E-2 2.24961E-2 1.78408E-2 2.11055E-2 3.80683E-2
-9999 -9999 -9999 -9999 -9999 -9999 -9999 -9999 -9999 -9999 -9999 1.15286E-2 1.41836E-2 2.19622E-2 3.29651E-2 6.14545E-2 7.10728E-2 7.67028E-2 8.17809E-2 6.27699E-2 4.2325E-2 3.76255E-2 4.08855E-2 4.65569E-2 5.04511E-2 4.79007E-2 5.81505E-2 7.29295E-2 5.98112E-2 8.77001E-2 9.65464E-2 1.11379E-1 9.28537E-2 1.01056E-1 9.40694E-2 3.91114E-2 8.22998E-2 8.31296E-2 1.04764E-1 1.27509E-1 1.16256E-1 9.29766E-2 1.35893E-1 2.00407E-1 1.18565E-1 1.10945E-1 8.39448E-2 6.49859E-2 5.66629E-2 5.2432E-2 5.23474E-2 6.20116E-2 7.1434E-2 7.54656E-2 7.10302E-2 5.81463E-2 2.72817E-2 2.3222E-2 2.6778E-2 3.72386E-2
-9999 -9999 -9999 -9999 -9999 -9999 -9999 -9999 -9999 -9999 -9999 1.80636E-2 2.2985E-2 3.80806E-2 4.72224E-2 8.51818E-2 9.57519E-2 1.16143E-1 1.14258E-1 8.26556E-2 6.1691E-2 5.5905E-2 4.488E-2 5.20977E-2 5.38581E-2 5.30822E-2 6.42212E-2 9.06753E-2 6.69771E-2 1.15353E-1 1.22289E-1 1.22265E-1 1.14214E-1 4.80976E-2 1.01383E-1 6.39935E-2 9.19525E-2 4.99036E-2 1.00133E-1 7.11138E-2 1.61959E-1 1.94375E-1 1.81938E-1 1.62527E-1 1.49842E-1 1.32412E-1 6.26535E-2 5.17028E-2 5.13358E-2 6.07064E-2 8.27134E-2 7.54701E-2 7.67137E-2 8.81763E-2 9.28842E-2 7.1829E-2 4.81262E-2 4.83261E-2 4.42676E-2 4.96192E-2
-9999 -9999 -9999 -9999 -9999 -9999 -9999 -9999 -9999 -9999 -9999 2.71001E-2 3.47843E-2 4.12968E-2 5.54718E-2 1.06824E-1 1.15778E-1 1.21818E-1 1.32222E-1 1.15375E-1 8.38021E-2 6.73815E-2 5.81733E-2 5.77971E-2 6.29588E-2 6.06694E-2 8.51444E-2 1.28241E-1 1.3943E-1 9.18126E-2 1.77291E-1 1.43812E-1 1.16644E-1 1.10673E-1 5.39009E-2 7.18614E-2 8.62916E-2 4.46828E-2 8.48172E-2 8.18648E-2 1.32706E-1 1.62751E-1 1.502E-1 1.57842E-1 5.24595E-2 7.22403E-2 4.78897E-2 4.79327E-2 5.66E-2 7.29424E-2 8.32973E-2 4.08392E-2 8.68479E-2 8.36873E-2 1.18722E-1 9.69131E-2 6.64115E-2 5.87944E-2 5.78039E-2 6.31367E-2
-9999 -9999 -9999 -9999 -9999 -9999 -9999 -9999 -9999 -9999 -9999 2.61967E-2 3.3052E-2 4.08281E-2 6.48704E-2 1.36774E-1 1.60289E-1 7.54021E-2 1.83383E-1 1.40551E-1 9.45762E-2 8.00781E-2 7.04022E-2 6.2213E-2 5.67013E-2 5.89057E-2 1.04571E-1 1.36968E-1 1.4157E-1 1.44161E-1 1.58674E-1 9.62677E-2 7.34509E-2 1.1577E-1 1.31304E-1 9.64706E-2 9.40591E-2 8.18686E-2 7.99645E-2 1.16615E-1 1.07377E-1 1.77013E-1 1.58901E-1 5.16699E-2 1.29114E-1 6.00745E-2 5.22158E-2 4.97834E-2 6.29507E-2 7.35051E-2 7.61977E-2 8.21671E-2 8.14471E-2 1.02501E-1 9.648E-2 6.06903E-2 7.81883E-2 7.28529E-2 6.82111E-2 7.20729E-2
-9999 -9999 -9999 -9999 -9999 -9999 -9999 -9999 -9999 -9999 -9999 4.13849E-2 5.83363E-2 8.65724E-2 1.45431E-1 2.08326E-1 2.44113E-1 1.25958E-1 2.63166E-1 2.01241E-1 1.62135E-1 1.29978E-1 1.05979E-1 7.68621E-2 9.29395E-2 1.21853E-1 1.48359E-1 1.68344E-1 1.5601E-1 1.36039E-1 1.84517E-1 2.09433E-1 1.02661E-1 1.63439E-1 1.14433E-1 1.08061E-1 1.30353E-1 7.8825E-2 7.23933E-2 1.41874E-1 6.09676E-2 4.88209E-2 8.2116E-2 8.22699E-2 5.03939E-2 5.53025E-2 4.67629E-2 4.47952E-2 4.16083E-2 5.10187E-2 6.70541E-2 7.00392E-2 6.93854E-2 8.32693E-2 1.50044E-1 6.994E-2 4.07265E-2 7.08233E-2 7.31337E-2 6.1031E-2
-9999 -9999 -9999 -9999 -9999 -9999 -9999 -9999 -9999 -9999 -9999 4.98555E-2 8.94093E-2 1.56441E-1 1.68895E-1 2.29132E-1 2.76462E-1 1.8507E-1 3.66434E-1 3.13341E-1 2.00408E-1 1.31094E-1 1.1374E-1 8.94828E-2 8.38209E-2 1.15998E-1 1.27271E-1 1.46456E-1 1.13155E-1 1.95451E-1 2.5002E-1 1.98512E-1 1.47039E-1 1.41556E-1 9.46092E-2 9.90895E-2 1.36122E-1 8.24829E-2 1.47266E-1 9.33359E-2 4.49469E-2 4.73498E-2 4.44033E-2 6.07818E-2 7.9771E-3 6.1453E-2 5.69855E-2 4.74662E-2 4.45449E-2 5.17809E-2 6.55754E-2 6.10363E-2 5.80259E-2 7.29076E-2 1.35917E-1 7.79487E-2 6.56006E-2 3.79472E-2 3.98222E-2 5.85519E-2
-9999 -9999 -9999 -9999 -9999 -9999 -9999 -9999 -9999 -9999 -9999 6.53798E-2 1.40272E-1 1.7036E-1 1.75686E-1 2.29535E-1 2.7956E-1 3.51452E-1 3.064E-1 2.24368E-1 1.4901E-1 1.23794E-1 1.07396E-1 7.97466E-2 9.67282E-2 1.25917E-1 1.36849E-1 1.43255E-1 1.42994E-1 1.84768E-1 2.06672E-1 9.8326E-2 8.782E-2 1.23221E-1 8.89891E-2 8.08152E-2 1.12238E-1 6.75969E-2 1.18229E-1 1.05063E-1 4.42692E-2 4.07786E-2 3.28883E-2 4.41762E-2 5.05154E-2 2.669E-2 7.153E-2 5.93209E-2 5.4518E-2 5.90067E-2 5.27501E-2 5.24138E-2 4.73724E-2 5.76532E-2 1.23331E-1 1.06873E-1 6.41882E-2 6.48074E-2 7.70234E-2 7.96248E-2
-9999 -9999 -9999 -9999 -9999 -9999 -9999 -9999 -9999 -9999 -9999 4.36835E-2 5.5641E-2 6.21181E-2 1.60027E-1 1.71756E-1 1.82954E-1 3.00835E-1 2.14697E-1 1.8685E-1 1.43392E-1 1.2992E-1 1.07128E-1 8.75496E-2 1.66616E-1 1.42741E-1 1.41167E-1 1.43812E-1 1.33308E-1 1.32281E-1 1.62035E-1 1.22093E-1 1.36884E-1 1.15696E-1 9.84598E-2 9.20303E-2 1.06565E-1 1.18547E-1 9.73687E-2 1.03397E-1 3.77494E-2 3.45569E-2 2.52329E-2 3.82203E-2 3.04647E-2 5.13351E-2 1.03049E-1 6.72795E-2 7.86809E-2 5.77823E-2 4.41057E-2 4.33475E-2 3.94946E-2 4.63681E-2 9.7081E-2 9.10298E-2 6.32961E-2 4.62196E-2 5.70108E-2 6.148E-2
-9999 -9999 -9999 -9999 -9999 -9999 -9999 -9999 -9999 -9999 -9999 6.10765E-2 7.31292E-2 6.80707E-2 8.7128E-2 1.3423E-1 1.59315E-1 1.85424E-1 1.78863E-1 1.73121E-1 1.21114E-1 1.19059E-1 1.02903E-1 9.11709E-2 1.91014E-1 1.60978E-1 1.05354E-1 9.94899E-2 1.07149E-1 7.78601E-2 6.52799E-2 1.49338E-1 1.279E-1 1.08825E-1 9.27582E-2 8.52743E-2 9.94272E-2 1.23559E-1 7.90793E-2 1.13665E-1 4.33813E-2 3.87305E-2 3.39928E-2 3.50485E-2 3.33988E-2 3.76071E-2 8.50074E-3 4.51314E-2 5.29381E-2 4.86771E-2 4.33171E-2 4.19549E-2 3.72186E-2 3.89153E-2 9.59134E-2 7.71053E-2 4.01344E-2 3.77398E-2 4.33837E-2 4.81197E-2
-9999 -9999 -9999 -9999 -9999 -9999 -9999 -9999 -9999 -9999 -9999 9.54137E-2 1.15525E-1 1.29279E-1 1.03639E-1 1.33622E-1 1.63656E-1 1.57668E-1 1.37612E-1 1.18702E-1 1.28881E-1 1.60048E-1 1.2523E-1 2.3035E-1 2.31685E-1 2.34101E-1 1.66348E-1 1.31585E-1 1.36814E-1 1.82013E-1 1.56597E-1 1.41903E-1 1.2356E-1 9.21739E-2 6.54366E-2 2.56611E-2 3.56023E-2 4.24613E-2 2.78329E-2 4.18239E-2 2.57845E-2 2.37487E-2 2.07645E-2 2.55603E-2 2.30107E-2 4.94148E-2 4.08506E-2 -9999 4.40664E-2 5.79381E-2 3.12446E-2 3.03891E-2 2.7762E-2 3.18066E-2 6.24721E-2 6.05965E-2 4.91265E-2 5.12414E-2 5.78341E-2 5.82304E-2
-9999 -9999 -9999 -9999 -9999 -9999 -9999 -9999 -9999 -9999 -9999 1.25643E-1 1.51876E-1 1.67274E-1 1.95824E-1 1.59921E-1 1.69161E-1 1.37197E-1 1.15438E-1 1.11504E-1 1.51219E-1 1.849E-1 2.0668E-1 8.14871E-2 2.5192E-1 1.43081E-1 8.09185E-2 1.87485E-1 1.80163E-1 1.61623E-1 1.44003E-1 1.23513E-1 1.04922E-1 8.43358E-2 7.26181E-2 2.82002E-2 4.2079E-2 3.97137E-2 2.36898E-2 4.07823E-2 2.59633E-2 2.64303E-2 2.56563E-2 3.16692E-2 3.30032E-2 5.18354E-2 4.23325E-2 4.06746E-2 2.34576E-2 5.33049E-2 3.65801E-2 3.60171E-2 3.32254E-2 6.94768E-2 7.05146E-2 3.53199E-2 4.12592E-2 5.9692E-2 6.35941E-2 7.71922E-2
