Phytophthora/models/20240430_1155_37/Phytophthora_PA3_RUN1_MAXENT_outputs/Phytophthora_PA3_RUN1.asc
ncols         225
nrows         269
xllcorner     473000.0
yllcorner     4429100.0
cellsize      50.0
NODATA_value  -9999
[rows 135 to 161 of 269, columns 60 to 119 of 225]
2.77599E-1 1.88331E-1 2.71548E-1 3.08519E-1 2.27182E-1 4.21315E-1 4.63778E-1 3.60951E-1 4.36629E-1 5.20136E-1 5.60484E-1 6.11097E-1 4.34393E-1 4.95466E-1 5.66583E-1 5.81265E-1 6.12556E-1 5.9899E-1 6.04038E-1 4.72142E-1 4.00112E-1 4.48986E-1 5.68971E-1 4.71574E-1 4.58866E-1 4.07612E-1 4.2574E-1 2.67759E-1 2.07357E-1 2.25874E-1 2.15548E-1 2.03609E-1 1.94909E-1 2.2959E-1 2.70963E-1 2.64244E-1 3.81051E-1 4.12732E-1 4.49332E-1 2.61952E-1 3.79305E-1 3.62573E-1 3.36469E-1 3.03171E-1 3.36288E-1 2.51852E-1 3.02787E-1 4.62948E-1 4.84329E-1 5.10756E-1 4.83005E-1 4.73293E-1 2.79469E-1 4.85319E-1 4.37125E-1 4.498E-1 3.13644E-1 2.29879E-1 2.08161E-1 1.9057E-1
2.95944E-1 4.13797E-1 3.60976E-1 3.22546E-1 2.40172E-1 2.28997E-1 3.90473E-1 3.85563E-1 4.73762E-1 4.51554E-1 5.19119E-1 5.40802E-1 3.36714E-1 1.45368E-1 4.68307E-1 6.3553E-1 6.81405E-1 6.71887E-1 6.32909E-1 5.05364E-1 5.31392E-1 5.74672E-1 4.8982E-1 5.7627E-1 5.5745E-1 5.5027E-1 6.08191E-1 4.3749E-1 4.89708E-1 4.34001E-1 3.26605E-1 3.00887E-1 3.05972E-1 3.07857E-1 4.1598E-1 4.58935E-1 5.86046E-1 6.824E-1 5.50518E-1 6.62926E-1 6.07677E-1 6.5318E-1 6.19921E-1 6.08369E-1 5.96128E-1 3.85243E-1 4.25523E-1 5.63767E-1 6.46434E-1 6.50268E-1 6.05756E-1 5.70315E-1 4.99181E-1 6.31553E-1 6.17462E-1 3.90412E-1 3.59317E-1 3.0622E-1 2.84345E-1 2.8975E-1
2.9546E-1 4.53054E-1 1.65399E-1 1.74011E-1 1.59192E-1 4.42998E-1 4.99878E-1 4.75498E-1 4.5621E-1 4.24257E-1 5.3185E-1 5.25471E-1 2.06642E-1 3.36868E-1 3.40939E-1 5.49122E-1 6.47694E-1 5.85792E-1 5.78988E-1 5.52966E-1 5.88019E-1 6.2429E-1 6.3483E-1 6.42873E-1 4.75285E-1 4.48989E-1 2.49248E-1 5.291E-1 4.62823E-1 4.09237E-1 3.18167E-1 2.94285E-1 3.02942E-1 3.47829E-1 4.24723E-1 5.04429E-1 5.68518E-1 5.15073E-1 7.05245E-1 6.7843E-1 6.76323E-1 6.6653E-1 6.58044E-1 6.44524E-1 6.45484E-1 4.24193E-1 3.84014E-1 5.91056E-1 6.01351E-1 5.99824E-1 6.22826E-1 5.03045E-1 5.64556E-1 5.66482E-1 6.06546E-1 3.09959E-1 3.2073E-1 2.97693E-1 2.86789E-1 3.00681E-1
2.43131E-1 2.10647E-1 2.90257E-1 3.05611E-1 3.07548E-1 4.47274E-1 3.29608E-1 3.09108E-1 3.46335E-1 5.50068E-1 1.78056E-1 3.31111E-1 3.6158E-1 3.48182E-1 3.60569E-1 5.40395E-1 6.58992E-1 6.32764E-1 7.0414E-1 6.90034E-1 6.60133E-1 6.69562E-1 5.94748E-1 5.60487E-1 3.91837E-1 2.24947E-1 4.79316E-1 5.1408E-1 4.49307E-1 3.9442E-1 3.05209E-1 2.90952E-1 3.32584E-1 3.91763E-1 4.92075E-1 5.53677E-1 6.6019E-1 5.73093E-1 6.65543E-1 6.98708E-1 7.25456E-1 5.43283E-1 5.65602E-1 5.0257E-1 4.98E-1 5.45665E-1 4.76289E-1 5.54206E-1 5.44197E-1 5.76487E-1 5.86751E-1 4.6396E-1 4.55996E-1 5.63992E-1 4.99618E-1 1.17979E-1 3.19619E-1 2.54401E-1 2.58047E-1 2.71456E-1
5.36983E-1 5.03834E-1 3.12919E-1 3.18443E-1 3.03725E-1 3.70476E-1 3.86365E-1 2.76318E-1 2.06403E-1 5.13022E-1 4.07722E-1 2.72561E-1 1.62849E-1 1.83262E-1 2.46339E-1 5.16775E-1 6.44502E-1 6.97331E-1 7.42775E-1 7.32156E-1 6.44618E-1 5.56233E-1 5.32412E-1 2.81914E-1 5.11776E-1 4.84583E-1 4.84166E-1 4.68004E-1 4.09004E-1 3.57669E-1 3.04064E-1 2.84821E-1 3.37545E-1 3.92082E-1 5.06933E-1 5.47099E-1 6.79746E-1 7.23261E-1 6.24487E-1 7.32471E-1 3.70253E-1 4.24007E-1 4.60275E-1 5.01387E-1 5.22448E-1 5.41778E-1 6.05521E-1 5.61258E-1 5.16623E-1 5.42071E-1 5.61713E-1 5.03044E-1 2.94346E-1 5.09769E-1 4.67891E-1 3.5104E-1 3.05958E-1 2.73226E-1 2.77184E-1 3.01303E-1
1.51901E-1 1.73925E-1 2.61063E-1 3.07193E-1 2.11024E-1 4.16021E-1 3.74646E-1 3.07328E-1 2.62526E-1 2.75457E-1 1.98429E-1 1.61518E-1 1.63748E-1 1.85093E-1 2.90376E-1 5.47989E-1 7.09472E-1 7.47326E-1 7.6886E-1 7.10084E-1 6.2098E-1 5.81281E-1 5.03869E-1 5.46926E-1 4.91927E-1 4.79754E-1 4.92416E-1 4.44925E-1 3.58949E-1 3.28356E-1 3.13381E-1 3.40407E-1 4.05333E-1 3.9796E-1 5.18818E-1 5.83516E-1 6.97456E-1 7.40578E-1 7.02668E-1 7.12105E-1 5.4843E-1 5.39564E-1 5.4436E-1 5.47686E-1 5.15754E-1 5.00717E-1 5.44504E-1 5.50814E-1 4.7107E-1 5.13906E-1 4.82639E-1 5.0912E-1 6.67741E-1 5.09972E-1 3.98752E-1 3.16567E-1 3.16374E-1 2.94639E-1 2.84265E-1 3.04265E-1
2.33102E-1 2.11131E-1 3.45933E-1 3.1955E-1 1.78204E-1 4.21278E-1 3.69868E-1 2.9694E-1 2.51764E-1 2.35906E-1 1.77668E-1 1.57555E-1 1.95549E-1 2.5539E-1 2.97784E-1 4.53445E-1 6.29663E-1 6.42122E-1 6.7585E-1 5.21312E-1 6.55897E-1 5.90987E-1 2.74765E-1 5.07924E-1 4.62894E-1 4.40714E-1 4.31925E-1 3.80432E-1 3.134E-1 3.00616E-1 3.83801E-1 4.15112E-1 4.85994E-1 4.79685E-1 5.26008E-1 6.09384E-1 6.98318E-1 6.8065E-1 7.76844E-1 7.83049E-1 5.59873E-1 3.72474E-1 6.19224E-1 6.00258E-1 5.45108E-1 4.09735E-1 3.87636E-1 3.63604E-1 3.75627E-1 4.04204E-1 4.09247E-1 4.66782E-1 6.56084E-1 4.94655E-1 3.37538E-1 5.19865E-1 4.72654E-1 4.11217E-1 3.96416E-1 4.12347E-1
2.56583E-1 4.38707E-1 4.23978E-1 3.14277E-1 2.96885E-1 4.30745E-1 3.92159E-1 3.11845E-1 2.54037E-1 2.99236E-1 2.25913E-1 1.92651E-1 2.47632E-1 2.80786E-1 3.41777E-1 4.06887E-1 5.58125E-1 6.53635E-1 6.75799E-1 4.79412E-1 4.24087E-1 4.01052E-1 5.09827E-1 4.88136E-1 4.62754E-1 4.48393E-1 3.78927E-1 3.51593E-1 3.02859E-1 3.32611E-1 4.35998E-1 4.75124E-1 5.32127E-1 5.41251E-1 5.93157E-1 5.98909E-1 7.21129E-1 6.14298E-1 7.83587E-1 7.78064E-1 6.41498E-1 6.35382E-1 6.1828E-1 5.95284E-1 5.24641E-1 3.92346E-1 3.65925E-1 3.32664E-1 3.70576E-1 4.19486E-1 5.20451E-1 4.77914E-1 4.88369E-1 4.4968E-1 4.65627E-1 4.63068E-1 4.72377E-1 4.10547E-1 3.77862E-1 3.83991E-1
1.48239E-1 4.55206E-1 5.15033E-1 3.10883E-1 3.80572E-1 4.6083E-1 3.54919E-1 3.01652E-1 2.4831E-1 1.63686E-1 1.20069E-1 2.50859E-1 3.10642E-1 3.3678E-1 4.03935E-1 4.33774E-1 4.54021E-1 6.91844E-1 6.45992E-1 5.86537E-1 6.35419E-1 5.49805E-1 4.81583E-1 4.80154E-1 4.41214E-1 4.47472E-1 3.53144E-1 3.07984E-1 3.21393E-1 3.69968E-1 4.95089E-1 5.45467E-1 5.61851E-1 5.80833E-1 6.23284E-1 6.59622E-1 6.8579E-1 7.91792E-1 7.77211E-1 7.86174E-1 6.22929E-1 6.03983E-1 5.7785E-1 5.66175E-1 5.38801E-1 3.45169E-1 3.21336E-1 3.54672E-1 3.95223E-1 3.95383E-1 5.28796E-1 3.62575E-1 5.59317E-1 4.869E-1 4.76095E-1 4.64966E-1 4.31206E-1 3.79194E-1 3.75361E-1 3.95723E-1
1.62046E-1 3.04841E-1 2.77258E-1 2.96575E-1 4.13593E-1 4.58169E-1 3.58269E-1 3.29962E-1 2.79094E-1 2.46847E-1 1.75563E-1 2.82529E-1 3.50773E-1 3.57504E-1 4.29227E-1 4.45524E-1 4.73116E-1 4.62255E-1 6.50888E-1 6.51218E-1 5.48359E-1 4.93341E-1 4.44232E-1 4.49174E-1 4.11264E-1 4.42804E-1 3.0807E-1 2.93316E-1 3.71381E-1 4.18371E-1 5.92089E-1 5.97691E-1 5.6442E-1 5.58668E-1 5.09203E-1 4.21736E-1 6.03144E-1 7.84009E-1 6.02202E-1 7.98006E-1 7.08515E-1 6.04708E-1 5.49115E-1 5.57496E-1 5.42417E-1 3.3125E-1 2.83047E-1 3.68736E-1 4.40824E-1 3.45432E-1 5.58787E-1 3.09889E-1 5.6429E-1 4.78319E-1 4.20957E-1 3.91547E-1 3.6941E-1 3.48193E-1 3.55384E-1 4.55339E-1
3.91014E-1 1.54729E-1 3.47049E-1 4.39384E-1 4.10973E-1 4.79504E-1 4.05709E-1 3.85762E-1 3.31483E-1 2.99755E-1 2.62632E-1 3.32625E-1 3.62376E-1 3.65878E-1 4.39216E-1 4.72748E-1 2.5933E-1 4.84194E-1 4.98224E-1 6.07508E-1 5.09064E-1 4.28173E-1 4.05625E-1 4.15097E-1 4.04873E-1 4.24383E-1 3.06876E-1 2.85737E-1 3.66968E-1 4.68094E-1 5.87331E-1 5.71257E-1 5.36421E-1 5.16082E-1 5.74139E-1 6.17073E-1 6.55137E-1 4.47529E-1 7.72896E-1 7.78049E-1 7.79881E-1 6.54571E-1 5.48626E-1 5.47016E-1 5.04818E-1 3.31893E-1 2.69202E-1 3.33588E-1 5.77257E-1 4.17769E-1 6.41679E-1 5.38467E-1 5.48193E-1 5.71975E-1 5.07488E-1 4.52657E-1 4.17673E-1 4.09119E-1 3.88444E-1 3.29623E-1
5.43086E-1 5.74587E-1 4.34845E-1 5.04886E-1 3.66903E-1 2.47278E-1 3.20263E-1 4.07943E-1 3.86867E-1 3.1968E-1 5.48231E-1 3.99999E-1 3.93653E-1 3.54141E-1 4.36683E-1 5.4741E-1 5.18745E-1 5.87293E-1 5.52146E-1 6.85913E-1 4.35677E-1 4.41202E-1 3.82452E-1 4.04827E-1 4.24857E-1 3.58275E-1 2.46333E-1 2.40303E-1 2.91901E-1 3.78299E-1 5.50091E-1 5.11863E-1 4.78078E-1 4.70849E-1 5.25256E-1 5.92611E-1 6.17206E-1 4.79903E-1 5.69535E-1 7.73651E-1 7.63309E-1 7.4804E-1 6.27393E-1 6.07189E-1 5.66989E-1 1.49122E-1 3.23142E-1 2.44989E-1 5.61962E-1 5.78696E-1 6.09506E-1 6.06986E-1 5.77794E-1 3.33848E-1 5.20318E-1 4.21144E-1 3.66624E-1 3.22517E-1 1.60238E-1 3.46267E-1
2.60654E-1 4.71454E-1 3.4361E-1 4.5072E-1 4.16481E-1 3.86409E-1 2.18204E-1 3.32609E-1 4.34145E-1 3.33657E-1 2.78665E-1 5.5932E-1 3.68621E-1 3.68879E-1 4.48168E-1 5.68444E-1 5.23526E-1 5.83276E-1 5.51159E-1 4.78468E-1 4.77906E-1 4.15435E-1 3.46282E-1 3.70688E-1 4.36893E-1 3.52526E-1 2.50611E-1 2.63564E-1 2.79577E-1 3.85772E-1 5.3513E-1 5.41969E-1 4.68394E-1 4.61558E-1 5.15815E-1 6.03178E-1 6.16651E-1 6.08738E-1 5.07383E-1 4.78263E-1 7.92338E-1 7.25118E-1 7.1659E-1 3.18184E-1 2.86553E-1 1.88754E-1 4.48721E-1 3.86046E-1 5.02008E-1 5.41677E-1 4.82431E-1 5.0487E-1 5.3598E-1 5.23633E-1 5.07799E-1 2.61535E-1 4.2524E-1 2.73293E-1 3.28865E-1 2.48206E-1
3.87493E-1 2.30075E-1 2.8152E-1 3.8885E-1 3.58147E-1 3.65882E-1 4.15466E-1 4.5049E-1 4.39739E-1 3.6936E-1 1.68083E-1 3.20814E-1 4.04232E-1 4.24013E-1 4.93037E-1 6.14014E-1 4.31044E-1 5.88754E-1 5.80932E-1 5.70345E-1 5.2514E-1 4.23163E-1 3.60388E-1 4.06521E-1 5.00835E-1 3.83897E-1 2.84865E-1 2.98493E-1 2.71782E-1 4.08743E-1 5.15187E-1 5.54737E-1 4.77642E-1 4.57964E-1 5.55214E-1 5.98854E-1 6.12527E-1 5.77357E-1 5.55774E-1 5.54584E-1 5.86258E-1 7.30474E-1 5.41416E-1 5.63466E-1 3.16237E-1 2.22302E-1 2.26243E-1 2.48576E-1 3.21148E-1 4.17276E-1 4.45176E-1 4.69964E-1 5.0384E-1 5.28672E-1 4.58321E-1 4.01696E-1 3.67578E-1 3.86632E-1 3.17644E-1 2.7315E-1
3.97174E-1 2.35687E-1 2.61078E-1 2.83944E-1 3.10828E-1 3.47843E-1 4.13693E-1 5.98455E-1 1.30084E-1 4.25847E-1 3.51058E-1 3.481E-1 4.12939E-1 4.05459E-1 3.08509E-1 6.44438E-1 3.75582E-1 5.81656E-1 5.93932E-1 6.71205E-1 5.72393E-1 4.3305E-1 3.99709E-1 4.58688E-1 5.5491E-1 4.3264E-1 3.60562E-1 3.92488E-1 3.31445E-1 4.24235E-1 4.92083E-1 5.22687E-1 5.09204E-1 4.81418E-1 5.92476E-1 5.91505E-1 5.79323E-1 5.27284E-1 5.18624E-1 5.30011E-1 5.68479E-1 6.45718E-1 6.27548E-1 3.50662E-1 2.82624E-1 2.03956E-1 1.85973E-1 2.34081E-1 2.62228E-1 4.03628E-1 3.1675E-1 4.18328E-1 4.56052E-1 4.28387E-1 4.45857E-1 3.64865E-1 3.56693E-1 3.31642E-1 2.69932E-1 2.52479E-1
4.65806E-1 2.83774E-1 3.02409E-1 3.19182E-1 3.26888E-1 3.50775E-1 4.11651E-1 3.62937E-1 4.88429E-1 2.50576E-1 3.98735E-1 3.7762E-1 4.41532E-1 2.29314E-1 5.3489E-1 6.31952E-1 6.22456E-1 5.70456E-1 5.52202E-1 6.54782E-1 5.73332E-1 4.96435E-1 4.54419E-1 5.26842E-1 6.02355E-1 4.82524E-1 4.47192E-1 4.53398E-1 3.86831E-1 4.77944E-1 4.97895E-1 4.905E-1 5.14532E-1 5.25252E-1 6.03885E-1 5.76013E-1 5.4601E-1 4.85607E-1 4.74354E-1 4.92309E-1 5.43172E-1 2.86183E-1 3.69132E-1 3.16412E-1 2.7402E-1 2.05329E-1 1.84643E-1 3.26419E-1 3.71965E-1 2.22915E-1 4.32375E-1 3.30414E-1 4.18145E-1 4.69864E-1 4.21438E-1 3.33971E-1 3.05455E-1 2.50388E-1 2.27597E-1 2.47937E-1
5.37368E-1 3.72436E-1 4.05308E-1 4.38478E-1 4.31261E-1 4.61054E-1 5.07509E-1 5.04729E-1 4.90028E-1 4.81692E-1 7.17375E-1 6.78063E-1 5.66177E-1 6.9722E-1 7.25709E-1 7.39428E-1 7.11061E-1 6.89741E-1 6.55814E-1 6.50715E-1 6.65288E-1 6.40758E-1 6.17488E-1 7.65736E-1 7.43508E-1 6.84367E-1 6.74865E-1 6.09773E-1 6.13375E-1 6.44574E-1 6.70447E-1 6.48765E-1 6.34796E-1 6.64575E-1 7.03517E-1 7.26447E-1 6.92259E-1 6.4101E-1 6.15715E-1 5.86588E-1 5.33397E-1 2.9699E-1 3.98272E-1 3.48949E-1 2.95727E-1 2.41522E-1 2.13533E-1 1.98505E-1 3.26581E-1 2.13805E-1 1.47039E-1 2.3227E-1 3.09829E-1 3.31105E-1 3.62514E-1 4.1652E-1 3.99165E-1 3.58114E-1 3.61162E-1 3.57774E-1
4.12556E-1 4.75011E-1 4.95884E-1 5.2849E-1 4.86688E-1 5.06936E-1 3.12753E-1 3.5871E-1 4.31547E-1 4.22493E-1 4.99217E-1 5.77284E-1 6.3295E-1 7.10133E-1 7.2036E-1 6.98493E-1 6.58817E-1 6.52033E-1 6.72718E-1 6.2568E-1 6.45325E-1 5.17946E-1 7.03139E-1 8.0274E-1 7.66284E-1 7.18709E-1 7.08142E-1 6.52436E-1 6.48914E-1 6.4213E-1 7.09063E-1 6.83558E-1 6.42612E-1 6.9771E-1 7.3021E-1 7.94551E-1 7.53725E-1 6.77501E-1 6.13531E-1 5.89643E-1 3.60425E-1 4.62417E-1 4.12364E-1 3.75283E-1 3.45428E-1 3.01381E-1 2.71678E-1 2.425E-1 3.64744E-1 2.39768E-1 1.52653E-1 3.97073E-1 2.61557E-1 2.84903E-1 3.22855E-1 3.76377E-1 3.7067E-1 4.08791E-1 4.38429E-1 2.99603E-1
4.29524E-1 5.21528E-1 5.24996E-1 3.38959E-1 2.59456E-1 3.78801E-1 4.65089E-1 4.9112E-1 4.55802E-1 5.45407E-1 7.5198E-1 6.40751E-1 7.48792E-1 6.96328E-1 7.04389E-1 6.71259E-1 6.76625E-1 6.95802E-1 7.50531E-1 7.26308E-1 6.82679E-1 5.08908E-1 7.71136E-1 8.12235E-1 7.7718E-1 7.61166E-1 7.43491E-1 6.87497E-1 6.86327E-1 6.83908E-1 7.3758E-1 7.09333E-1 5.95063E-1 7.19539E-1 7.51264E-1 8.14003E-1 8.17403E-1 8.14511E-1 6.82582E-1 4.72506E-1 4.24723E-1 4.43304E-1 3.93531E-1 3.56883E-1 3.38202E-1 3.13217E-1 3.34176E-1 3.39408E-1 4.04021E-1 3.78627E-1 2.85092E-1 2.19589E-1 2.18975E-1 2.19481E-1 2.47433E-1 3.33063E-1 3.6386E-1 3.52468E-1 2.56035E-1 2.18325E-1
4.98527E-1 5.34734E-1 3.2971E-1 5.62464E-1 4.92096E-1 4.68823E-1 4.86488E-1 5.09046E-1 4.60072E-1 5.45051E-1 7.53289E-1 7.27117E-1 7.52146E-1 7.15484E-1 7.15552E-1 7.14309E-1 7.30374E-1 7.64238E-1 8.30468E-1 8.09131E-1 6.97853E-1 7.53879E-1 8.07701E-1 8.15347E-1 7.87038E-1 7.95718E-1 7.64211E-1 7.25237E-1 7.17588E-1 7.18956E-1 7.56819E-1 7.20995E-1 5.53848E-1 7.38124E-1 7.72137E-1 8.03551E-1 8.37237E-1 8.42633E-1 5.81714E-1 6.54688E-1 5.53102E-1 5.5068E-1 4.62758E-1 4.12713E-1 3.93815E-1 3.5529E-1 3.86984E-1 4.0963E-1 4.52842E-1 4.56876E-1 2.28077E-1 2.33925E-1 2.7204E-1 2.88427E-1 2.98887E-1 2.81331E-1 2.42044E-1 3.84614E-1 3.77704E-1 3.82939E-1
4.78057E-1 5.38655E-1 3.36223E-1 5.16697E-1 4.19713E-1 3.84542E-1 4.9796E-1 5.35635E-1 4.20303E-1 5.59126E-1 7.4994E-1 7.52182E-1 6.17051E-1 7.29221E-1 7.23982E-1 7.45269E-1 7.55331E-1 6.86614E-1 7.64992E-1 7.22888E-1 7.00425E-1 7.65333E-1 7.96777E-1 8.05292E-1 8.02742E-1 8.16424E-1 7.85163E-1 7.5631E-1 7.34279E-1 7.21259E-1 7.65875E-1 7.2267E-1 7.14657E-1 7.44766E-1 7.8284E-1 8.20525E-1 8.68568E-1 6.84373E-1 8.23017E-1 7.5467E-1 6.10552E-1 5.13872E-1 5.10035E-1 5.25609E-1 5.03503E-1 4.24308E-1 4.41171E-1 4.68925E-1 5.41578E-1 5.04721E-1 2.99559E-1 3.19196E-1 2.65978E-1 1.8141E-1 2.6468E-1 3.80364E-1 3.96003E-1 4.12249E-1 4.24211E-1 4.19535E-1
4.75746E-1 2.48615E-1 4.34996E-1 4.33043E-1 3.54509E-1 3.39127E-1 3.68607E-1 5.45566E-1 5.22567E-1 5.23693E-1 5.38116E-1 5.34307E-1 3.18663E-1 5.12749E-1 5.60088E-1 7.06147E-1 4.63945E-1 7.73245E-1 6.94532E-1 6.50879E-1 4.734E-1 7.99272E-1 8.27819E-1 7.93383E-1 7.94375E-1 7.78697E-1 7.19401E-1 7.0426E-1 6.92858E-1 6.75684E-1 7.52398E-1 7.75161E-1 7.55646E-1 7.77499E-1 8.03009E-1 7.70077E-1 7.95103E-1 7.32134E-1 7.16305E-1 6.74538E-1 6.43935E-1 6.4494E-1 6.48261E-1 6.52911E-1 5.69254E-1 4.23636E-1 3.79133E-1 4.42086E-1 5.34992E-1 5.48008E-1 6.37915E-1 4.17961E-1 5.71689E-1 5.32033E-1 4.66111E-1 3.08837E-1 3.52714E-1 2.50492E-1 3.01469E-1 4.23127E-1
3.74715E-1 2.68087E-1 4.17759E-1 3.91092E-1 3.33624E-1 3.23258E-1 2.83924E-1 3.06004E-1 5.43533E-1 4.60139E-1 5.04338E-1 5.00932E-1 3.18108E-1 4.98675E-1 4.40515E-1 6.20042E-1 6.65427E-1 7.84724E-1 6.64124E-1 5.85952E-1 7.15332E-1 8.39474E-1 8.15233E-1 8.05626E-1 7.96332E-1 7.83504E-1 6.15084E-1 7.28371E-1 6.88619E-1 6.62517E-1 7.41465E-1 7.24453E-1 7.56753E-1 7.75134E-1 8.11626E-1 6.35217E-1 7.13054E-1 6.93754E-1 7.20561E-1 6.20651E-1 5.93428E-1 6.51617E-1 6.81798E-1 6.71615E-1 6.15341E-1 5.17062E-1 5.20624E-1 5.01341E-1 5.2709E-1 5.65222E-1 6.93515E-1 6.57779E-1 5.69222E-1 5.43476E-1 4.74028E-1 3.52818E-1 4.19034E-1 4.76509E-1 3.08335E-1 2.92534E-1
2.08639E-1 4.74363E-1 4.08799E-1 3.8608E-1 3.20621E-1 3.05281E-1 2.86727E-1 2.33176E-1 4.66186E-1 4.34143E-1 4.75607E-1 4.94333E-1 2.80232E-1 3.71911E-1 5.82487E-1 7.00863E-1 6.4292E-1 7.44056E-1 5.38221E-1 5.83877E-1 8.46359E-1 8.40382E-1 8.35209E-1 8.25438E-1 8.16496E-1 7.74847E-1 6.84819E-1 7.20015E-1 7.16938E-1 6.8069E-1 7.35411E-1 7.14068E-1 7.2911E-1 7.43834E-1 2.6387E-1 4.80133E-1 4.92446E-1 5.11412E-1 7.23774E-1 7.22188E-1 7.49981E-1 7.20896E-1 7.04543E-1 7.05718E-1 6.63814E-1 5.65592E-1 5.11785E-1 4.43814E-1 3.84798E-1 3.93687E-1 5.38892E-1 5.80401E-1 5.24629E-1 5.33536E-1 5.49158E-1 4.97104E-1 4.91457E-1 4.49781E-1 4.44963E-1 4.91693E-1
4.10712E-1 4.39731E-1 3.95682E-1 3.80364E-1 3.05557E-1 3.08191E-1 1.30676E-1 3.23914E-1 3.17948E-1 3.84469E-1 4.34897E-1 4.54136E-1 4.79529E-1 3.31613E-1 5.5891E-1 6.73171E-1 6.37576E-1 5.39048E-1 5.53608E-1 7.86981E-1 8.45904E-1 6.59325E-1 7.34662E-1 7.8231E-1 8.34988E-1 7.81972E-1 7.04108E-1 6.84348E-1 4.79451E-1 7.05905E-1 7.54301E-1 7.59925E-1 7.50945E-1 2.8091E-1 5.17245E-1 5.17282E-1 5.39047E-1 4.34259E-1 8.31613E-1 7.20995E-1 7.37889E-1 7.54585E-1 7.34331E-1 7.23752E-1 6.88096E-1 6.01026E-1 5.43653E-1 4.53065E-1 3.4474E-1 3.30628E-1 4.6052E-1 5.27421E-1 5.93612E-1 7.08166E-1 6.33704E-1 4.38543E-1 4.42074E-1 4.65106E-1 5.06701E-1 5.25965E-1
4.09299E-1 3.92188E-1 3.7913E-1 3.56042E-1 2.77613E-1 3.34532E-1 3.44128E-1 4.49195E-1 4.21289E-1 4.48992E-1 4.52454E-1 4.33496E-1 4.56874E-1 4.77596E-1 4.9504E-1 5.16172E-1 6.79017E-1 5.39886E-1 6.8409E-1 7.82868E-1 8.12544E-1 7.8607E-1 8.3141E-1 8.34667E-1 7.56203E-1 6.52367E-1 6.93382E-1 4.89351E-1 6.90581E-1 6.95715E-1 7.51008E-1 7.29858E-1 7.10956E-1 5.12713E-1 5.99058E-1 5.85671E-1 5.92273E-1 5.01037E-1 3.05712E-1 4.25073E-1 4.22969E-1 6.40796E-1 6.86802E-1 6.78732E-1 7.19277E-1 6.26619E-1 5.8293E-1 4.85146E-1 3.98457E-1 2.79074E-1 2.43368E-1 2.25827E-1 6.86064E-1 6.15557E-1 5.51448E-1 3.70851E-1 3.79669E-1 3.83114E-1 4.95202E-1 5.2579E-1
3.61379E-1 3.94472E-1 4.04372E-1 4.21372E-1 3.81966E-1 2.58414E-1 4.93542E-1 4.54957E-1 4.13771E-1 3.40262E-1 3.4374E-1 3.9465E-1 4.04996E-1 2.59093E-1 5.35649E-1 3.36262E-1 5.53016E-1 5.55882E-1 6.72803E-1 7.05182E-1 7.05452E-1 7.12225E-1 7.84274E-1 6.60716E-1 7.85814E-1 6.89581E-1 5.1728E-1 5.31086E-1 4.81306E-1 5.62809E-1 6.54955E-1 6.10929E-1 6.886E-1 6.6166E-1 6.27156E-1 6.5651E-1 6.65895E-1 6.71704E-1 6.65441E-1 6.51254E-1 5.64768E-1 6.30447E-1 6.34954E-1 6.41489E-1 3.92729E-1 5.4282E-1 5.27215E-1 4.58343E-1 4.13262E-1 3.25573E-1 1.3561E-1 1.29468E-1 2.82838E-1 2.7556E-1 2.44879E-1 1.99573E-1 1.92198E-1 1.9318E-1 4.06893E-1 4.9861E-1
