Phytophthora/models/20240430_1155_37/Phytophthora_PA3_RUN1_MAXENT_outputs/Phytophthora_PA3_RUN1.asc
ncols         225
nrows         269
xllcorner     473000.0
yllcorner     4429100.0
cellsize      50.0
NODATA_value  -9999
[rows 54 to 80 of 269, columns 0 to 59 of 225]
-9999 -9999 -9999 -9999 -9999 -9999 -9999 -9999 -9999 -9999 -9999 -9999 -9999 -9999 -9999 -9999 -9999 -9999 -9999 -9999 -9999 -9999 4.47282E-3 3.91769E-3 9.08663E-3 5.65178E-3 4.76188E-3 4.72058E-3 8.99414E-3 8.46883E-3 9.57133E-3 9.9211E-3 1.31315E-2 1.33896E-2 1.74073E-2 2.70008E-2 1.10772E-2 2.90452E-2 8.76273E-3 1.60177E-2 1.77706E-2 1.58471E-2 1.15714E-2 1.66281E-2 2.09757E-2 2.34497E-3 3.31873E-3 2.1822E-3 3.11279E-3 4.58953E-3 7.83565E-3 7.94884E-3 7.84053E-3 7.29404E-3 4.86082E-3 8.59149E-3 7.31861E-3 5.16588E-3 5.01369E-3 5.10139E-3
-9999 -9999 -9999 -9999 -9999 -9999 -9999 -9999 -9999 -9999 -9999 -9999 -9999 -9999 -9999 -9999 -9999 -9999 -9999 -9999 -9999 -9999 7.3455E-3 6.71461E-3 5.20675E-3 4.12378E-3 8.18654E-3 6.73006E-3 9.89813E-3 7.23829E-3 8.75225E-3 9.48374E-3 1.43156E-2 1.61001E-2 2.92408E-3 2.73852E-2 2.50824E-2 1.86038E-2 1.306E-2 6.50571E-3 2.22599E-2 9.17804E-3 1.08406E-2 1.83519E-2 2.68127E-2 5.26463E-3 6.28211E-3 6.39613E-3 2.54803E-3 6.06403E-3 7.91426E-3 6.64583E-3 7.10092E-3 2.8871E-3 4.43378E-3 4.42021E-3 4.84945E-3 3.52431E-3 3.16253E-3 4.18535E-3
-9999 -9999 -9999 -9999 -9999 -9999 -9999 -9999 -9999 -9999 -9999 -9999 -9999 -9999 -9999 -9999 -9999 -9999 -9999 -9999 -9999 -9999 2.67643E-3 3.303E-3 3.85321E-3 4.11872E-3 9.15571E-4 5.2363E-3 6.14202E-3 8.07795E-3 1.69443E-2 2.11567E-2 2.008E-2 1.36279E-2 3.98943E-2 3.51612E-2 3.87412E-2 4.38282E-2 1.51956E-2 3.43549E-2 2.19472E-2 2.24138E-2 1.22923E-2 1.92181E-2 1.76085E-2 4.83657E-3 5.72943E-3 3.57708E-3 5.9057E-3 5.39537E-3 6.15613E-3 6.59415E-3 2.5676E-3 4.49312E-3 3.60906E-3 5.13258E-3 4.38218E-3 3.14908E-3 2.7796E-3 2.57934E-3
-9999 -9999 -9999 -9999 -9999 -9999 -9999 -9999 -9999 -9999 -9999 -9999 -9999 -9999 -9999 -9999 -9999 -9999 -9999 -9999 -9999 4.89182E-3 2.85354E-3 2.19757E-3 1.71818E-3 2.24046E-3 2.53173E-3 4.19286E-3 5.61473E-3 1.57279E-3 3.86469E-3 8.49606E-3 4.05101E-2 3.10846E-2 3.76562E-2 3.8112E-2 3.37403E-2 3.46633E-2 1.61845E-2 3.22467E-2 8.59653E-3 1.82286E-2 9.8042E-3 1.42703E-2 1.03177E-2 4.24903E-3 4.87884E-3 5.28242E-3 4.41456E-3 4.60951E-3 4.93856E-3 1.90884E-3 2.93151E-3 2.49569E-3 2.37263E-3 4.33246E-3 2.48398E-3 3.69246E-3 2.32013E-3 4.20095E-3
-9999 -9999 -9999 -9999 -9999 -9999 -9999 -9999 -9999 -9999 -9999 -9999 -9999 -9999 -9999 -9999 -9999 -9999 3.22043E-4 9.99257E-4 1.94719E-3 3.65111E-3 4.65766E-3 2.52405E-3 1.64009E-3 2.49241E-3 6.1217E-3 4.41303E-3 5.33839E-3 8.72163E-3 2.04504E-2 1.47074E-2 2.70971E-2 2.59191E-2 3.91412E-2 3.83725E-2 4.01352E-2 3.22566E-2 1.35277E-2 3.52744E-2 9.53369E-3 2.17068E-2 8.87393E-3 2.05836E-2 1.33599E-2 3.21408E-3 3.53263E-3 2.42914E-3 3.65829E-3 4.27467E-3 4.44656E-3 3.25623E-3 2.52314E-3 2.20019E-3 2.53402E-3 4.82746E-3 2.54006E-3 3.29231E-3 1.76325E-3 3.99123E-3
-9999 -9999 -9999 -9999 -9999 -9999 -9999 -9999 -9999 -9999 -9999 -9999 -9999 -9999 -9999 -9999 9.52741E-5 1.3663E-4 2.65231E-4 1.36476E-3 1.84509E-3 2.37617E-3 4.95977E-3 6.03083E-3 2.92618E-3 2.71443E-3 8.74384E-3 5.03851E-3 6.26644E-3 9.81526E-3 2.29294E-2 2.04787E-2 2.0888E-2 2.05318E-2 2.79903E-2 3.46788E-2 1.96566E-2 2.7979E-2 2.62574E-2 2.28393E-2 1.49364E-2 1.32059E-2 2.02469E-2 1.45881E-2 5.02757E-3 2.23525E-3 2.92631E-3 3.40872E-3 2.79748E-3 3.66854E-3 4.57394E-3 3.26811E-3 2.2806E-3 1.80865E-3 2.05432E-3 3.17139E-3 3.48338E-3 2.43283E-3 2.84105E-3 4.46012E-3
-9999 -9999 -9999 -9999 -9999 -9999 -9999 -9999 -9999 -9999 -9999 -9999 -9999 -9999 -9999 1.84161E-4 1.41181E-4 1.22703E-4 1.21099E-4 8.80732E-4 3.25797E-3 3.57202E-3 4.93033E-3 6.34838E-3 7.18597E-3 3.86039E-3 3.93619E-3 5.8653E-3 7.49735E-3 1.02389E-2 2.59797E-2 2.91049E-2 2.96944E-2 2.55686E-2 2.94375E-2 3.09691E-2 3.24235E-2 3.24798E-2 2.67131E-2 2.2173E-2 1.47014E-2 1.39109E-2 1.49912E-2 2.00555E-2 1.65845E-2 2.87605E-3 1.85756E-3 1.43891E-3 1.8659E-3 2.80086E-3 3.25866E-3 3.80382E-3 3.051E-3 1.46522E-3 1.23356E-3 2.07696E-3 3.80087E-3 2.95062E-3 1.34493E-3 4.29144E-3
-9999 -9999 -9999 -9999 -9999 -9999 -9999 -9999 -9999 -9999 -9999 -9999 -9999 -9999 4.23468E-3 2.50043E-3 2.90421E-3 2.9788E-3 2.55967E-3 2.79921E-3 3.76782E-3 6.33516E-3 6.99643E-3 1.06368E-2 1.70575E-2 1.25724E-2 2.79558E-2 1.76178E-2 1.94348E-2 1.92931E-2 2.12553E-2 3.08851E-2 3.08138E-2 2.58752E-2 3.37583E-2 2.60751E-2 3.52902E-2 2.83689E-2 2.66603E-2 2.33524E-2 1.02674E-2 1.36109E-2 1.0521E-2 9.6779E-3 1.1454E-2 9.90912E-3 9.44042E-3 8.70696E-3 8.91942E-3 5.19949E-3 1.57632E-3 1.74222E-3 1.24535E-3 1.51067E-3 1.87048E-3 3.02158E-3 3.09333E-3 2.54497E-3 2.32363E-3 2.4187E-3
-9999 -9999 -9999 -9999 -9999 -9999 -9999 -9999 -9999 -9999 -9999 -9999 -9999 6.3671E-4 2.4674E-3 2.2476E-3 2.57707E-3 2.87379E-3 2.72106E-3 2.86779E-3 3.25545E-3 4.20007E-3 7.75885E-3 7.73622E-3 7.74872E-3 1.11918E-2 1.34791E-2 2.1359E-2 2.5962E-2 2.85012E-2 3.18191E-2 2.79815E-2 4.12903E-2 4.20993E-2 3.61155E-2 2.18253E-2 3.33617E-2 2.60727E-2 2.00435E-2 2.14757E-2 9.77543E-3 1.01438E-2 9.98184E-3 9.528E-3 1.00858E-2 8.01051E-3 7.54357E-3 6.94888E-3 6.50565E-3 1.95727E-3 4.77636E-4 4.1226E-4 8.91299E-4 1.7269E-3 1.76873E-3 3.54893E-3 1.2937E-3 2.67011E-3 2.26731E-3 2.54959E-3
-9999 -9999 -9999 -9999 -9999 -9999 -9999 -9999 -9999 -9999 -9999 -9999 -9999 2.78858E-3 3.12185E-3 2.86815E-3 3.37411E-3 3.84875E-3 3.86097E-3 4.05699E-3 4.3995E-3 8.53409E-3 4.99682E-3 5.62572E-3 6.14277E-3 1.45971E-2 1.74377E-2 2.5506E-2 2.91025E-2 2.64443E-2 2.85761E-2 2.59062E-2 2.94436E-2 3.07089E-2 1.71232E-2 3.13711E-2 2.43116E-2 2.0371E-2 1.5484E-2 1.55405E-2 9.15248E-3 9.62684E-3 8.80013E-3 8.66813E-3 8.5299E-3 7.00447E-3 6.19532E-3 6.9384E-3 7.32171E-3 2.76241E-3 9.94258E-4 9.59164E-4 1.51698E-3 1.92984E-3 1.88235E-3 1.62839E-3 3.22593E-3 1.32581E-3 8.55516E-4 3.1762E-3
-9999 -9999 -9999 -9999 -9999 -9999 -9999 -9999 -9999 -9999 -9999 -9999 -9999 2.44726E-3 3.61684E-3 3.35479E-3 3.75634E-3 4.0096E-3 4.33354E-3 4.41804E-3 5.01024E-3 5.36649E-3 6.70597E-3 8.60761E-3 1.33751E-2 1.40601E-2 1.67459E-2 2.09404E-2 3.0762E-2 3.56595E-2 3.70311E-2 3.43623E-2 3.20337E-2 2.14043E-2 2.77936E-2 2.65978E-2 2.1051E-2 1.77903E-2 1.83212E-2 1.80284E-2 9.34602E-3 1.0646E-2 1.07064E-2 9.15631E-3 9.01055E-3 9.85068E-3 8.71981E-3 6.06017E-3 5.82357E-3 3.72531E-3 6.54234E-4 4.88805E-4 1.39091E-3 5.46428E-4 3.8199E-4 3.592E-3 1.85758E-3 1.53881E-3 2.39784E-3 2.69169E-3
-9999 -9999 -9999 -9999 -9999 -9999 -9999 -9999 -9999 -9999 -9999 -9999 2.74949E-3 3.95903E-3 4.48874E-3 4.2588E-3 4.82985E-3 5.38779E-3 5.16954E-3 5.12701E-3 5.84185E-3 5.53403E-3 7.15277E-3 1.03415E-2 2.29081E-2 3.008E-2 1.62575E-2 2.21385E-2 2.7332E-2 2.86153E-2 3.31088E-2 3.38207E-2 3.06115E-2 3.44476E-2 2.43221E-2 2.35263E-2 1.92979E-2 1.70509E-2 1.74027E-2 1.81793E-2 8.2166E-3 3.83087E-3 5.10388E-3 8.06368E-3 7.16493E-3 7.63399E-3 6.60628E-3 7.34363E-3 6.89363E-3 4.34965E-3 1.12107E-3 9.05939E-4 3.12175E-4 5.7682E-4 9.26257E-4 1.48116E-3 3.4806E-3 4.88541E-3 3.56292E-3 3.02714E-3
-9999 -9999 -9999 -9999 -9999 -9999 -9999 -9999 -9999 -9999 -9999 -9999 4.83342E-3 1.56802E-2 9.29947E-3 7.23295E-3 7.18612E-3 7.41528E-3 7.71055E-3 6.49103E-3 4.07277E-3 2.58241E-3 6.50772E-3 6.98896E-3 8.24032E-3 2.00469E-2 3.90597E-2 2.66889E-2 2.47624E-2 2.442E-2 2.30187E-2 1.32082E-2 2.21023E-2 2.14533E-2 1.7518E-2 9.2323E-3 9.81215E-3 9.42218E-3 8.18539E-3 9.44079E-3 6.92172E-3 7.02564E-3 7.05702E-3 6.6474E-3 4.98618E-3 5.45422E-3 4.56366E-3 7.03406E-3 6.83332E-3 4.80893E-3 7.03709E-4 1.02815E-3 1.61257E-3 8.59276E-4 2.05086E-3 3.454E-3 3.10544E-3 3.59172E-3 4.3685E-3 5.80051E-3
-9999 -9999 -9999 -9999 -9999 -9999 -9999 -9999 -9999 -9999 6.47504E-4 4.33562E-3 2.95871E-3 1.1262E-2 9.29662E-3 8.17942E-3 9.37963E-3 9.88594E-3 1.03344E-2 9.89042E-3 4.80378E-3 3.24881E-3 8.15405E-3 9.29889E-3 8.40526E-3 1.17429E-2 4.09672E-2 3.09307E-2 3.13684E-2 2.8743E-2 2.64127E-2 2.04005E-2 2.18142E-2 1.7255E-2 1.40016E-2 9.02493E-3 1.01595E-2 1.02417E-2 9.72752E-3 9.15505E-3 7.41455E-3 7.60636E-3 9.53072E-3 8.15859E-3 7.35128E-3 7.07237E-3 7.2698E-3 7.46296E-3 4.81831E-3 2.67133E-3 2.32345E-3 2.07626E-3 1.9632E-3 1.62589E-3 1.9656E-3 3.47835E-3 2.9767E-3 3.22788E-3 4.18237E-3 3.96977E-3
-9999 -9999 -9999 -9999 -9999 -9999 -9999 -9999 -9999 3.97243E-4 1.70624E-3 2.05155E-3 6.40148E-3 4.87026E-3 5.70983E-3 5.80057E-3 7.2791E-3 9.4793E-3 1.10616E-2 9.96872E-3 5.01013E-3 3.82594E-3 6.51501E-3 6.03887E-3 5.38183E-3 9.63537E-3 3.89169E-2 1.9997E-2 2.94677E-2 2.90736E-2 2.3384E-2 1.56169E-2 1.89238E-2 1.51666E-2 1.20424E-2 8.56493E-3 9.50883E-3 5.57601E-3 1.29096E-2 1.15607E-2 9.03937E-3 8.09396E-3 8.6119E-3 7.2686E-3 7.28647E-3 6.65096E-3 7.02384E-3 6.28357E-3 8.50771E-3 6.06368E-3 1.44531E-3 2.1532E-3 1.8666E-3 8.60217E-4 1.81435E-3 3.58352E-3 3.23342E-3 2.89265E-3 3.19515E-3 4.3593E-3
-9999 -9999 -9999 -9999 -9999 -9999 -9999 -9999 -9999 -9999 3.23952E-3 2.4191E-3 2.55352E-3 3.42119E-3 5.80025E-3 6.24577E-3 7.676E-3 1.06847E-2 1.16543E-2 1.08413E-2 6.93342E-3 7.74247E-3 8.84293E-3 8.98167E-3 5.17664E-3 1.14601E-2 1.7026E-2 1.61471E-2 1.76932E-2 2.09569E-2 2.04879E-2 1.82584E-2 1.95755E-2 1.64936E-2 1.22433E-2 9.47979E-3 1.0745E-2 1.44386E-2 6.57289E-3 1.75618E-2 1.31478E-2 9.70793E-3 8.98556E-3 7.39304E-3 8.16054E-3 7.35858E-3 8.77441E-3 8.84551E-3 9.33211E-3 2.1773E-3 2.57862E-3 1.32426E-3 1.87809E-3 1.64702E-3 1.42545E-3 1.7023E-3 3.71314E-3 3.37528E-3 2.9725E-3 3.76992E-3
-9999 -9999 -9999 -9999 -9999 -9999 -9999 -9999 -9999 -9999 -9999 -9999 -9999 -9999 7.48989E-3 8.39904E-3 1.04468E-2 1.45765E-2 1.3193E-2 1.03481E-2 7.52591E-3 9.14105E-3 1.0316E-2 1.11553E-2 1.26891E-2 1.34992E-2 1.57159E-2 1.89162E-2 2.04068E-2 1.99039E-2 2.11046E-2 2.47019E-2 2.2244E-2 1.90655E-2 1.37669E-2 9.53945E-3 1.01847E-2 1.13031E-2 2.42232E-2 1.32175E-2 6.18877E-3 9.34457E-3 1.02872E-2 7.95794E-3 9.32472E-3 8.84327E-3 1.06332E-2 7.68109E-3 6.26132E-3 6.5314E-3 2.13454E-3 1.9692E-3 7.56944E-4 1.56772E-3 1.79109E-3 3.45508E-3 2.27613E-3 3.02942E-3 2.88074E-3 3.58536E-3
-9999 -9999 -9999 -9999 -9999 -9999 -9999 -9999 -9999 -9999 -9999 -9999 -9999 -9999 -9999 -9999 -9999 -9999 -9999 1.05688E-2 7.63055E-3 1.19601E-2 1.30277E-2 1.35443E-2 1.5384E-2 1.93233E-2 1.79345E-2 1.80144E-2 2.36584E-2 2.52675E-2 2.63111E-2 1.68474E-2 2.51833E-2 2.13609E-2 1.40889E-2 7.80896E-3 7.55698E-3 7.57144E-3 8.95916E-3 1.01824E-2 9.80819E-3 8.37028E-3 5.6903E-3 4.39764E-3 5.46847E-3 5.90558E-3 5.2786E-3 4.68007E-3 9.31517E-3 4.86853E-3 1.67513E-3 1.7814E-3 1.18596E-3 6.82893E-4 1.83107E-3 2.85054E-3 2.90261E-3 2.98405E-3 3.00496E-3 3.54875E-3
-9999 -9999 -9999 -9999 -9999 -9999 -9999 -9999 -9999 -9999 -9999 -9999 -9999 -9999 -9999 -9999 -9999 -9999 -9999 -9999 8.35078E-3 1.47558E-2 1.53188E-2 1.5562E-2 1.80437E-2 2.10782E-2 1.74814E-2 1.88783E-2 1.91333E-2 4.2446E-2 3.29767E-2 2.51145E-2 2.46068E-2 2.21353E-2 1.40471E-2 8.9592E-3 7.57294E-3 9.17175E-3 8.2502E-3 8.26367E-3 7.87103E-3 6.90052E-3 8.82257E-3 6.75317E-3 9.54135E-3 9.41242E-3 6.42108E-3 9.50735E-3 6.60383E-3 3.90843E-3 1.44162E-3 1.42478E-3 1.25465E-3 1.27671E-3 1.13235E-3 3.38566E-3 3.47794E-3 4.11962E-3 4.44178E-3 4.42943E-3
-9999 -9999 -9999 -9999 -9999 -9999 -9999 -9999 -9999 -9999 -9999 -9999 -9999 -9999 -9999 -9999 -9999 -9999 -9999 -9999 -9999 1.77517E-2 1.56315E-2 1.40865E-2 1.73461E-2 1.80501E-2 2.22268E-2 3.48902E-2 5.09061E-2 1.51405E-2 8.40865E-3 1.43721E-2 1.73667E-2 2.34741E-2 1.74724E-2 1.28369E-2 9.52387E-3 8.11005E-3 7.99048E-3 8.23454E-3 7.95991E-3 7.84587E-3 3.28842E-3 9.68038E-3 8.70427E-3 8.23901E-3 1.1293E-2 8.72144E-3 5.70232E-3 3.73826E-3 1.49333E-3 1.30572E-3 1.19045E-3 1.40459E-3 1.34464E-3 3.63185E-3 3.16537E-3 2.89487E-3 4.80761E-3 6.61768E-3
-9999 -9999 -9999 -9999 -9999 -9999 -9999 -9999 -9999 -9999 -9999 -9999 -9999 -9999 -9999 -9999 -9999 -9999 -9999 -9999 -9999 -9999 1.64683E-2 1.30323E-2 1.45587E-2 1.70793E-2 2.50684E-2 3.87706E-2 4.12782E-2 2.24274E-2 1.66282E-2 2.02027E-2 1.13617E-2 1.02954E-2 1.70023E-2 1.26496E-2 9.01418E-3 1.04484E-2 9.70221E-3 8.90718E-3 7.9182E-3 3.87757E-3 9.68121E-3 9.17611E-3 1.29253E-2 1.01968E-2 7.45259E-3 2.63358E-3 5.48428E-3 4.93372E-3 2.02461E-3 1.64336E-3 1.85739E-3 2.12113E-3 2.00709E-3 4.97766E-3 4.19778E-3 3.45917E-3 4.49123E-3 7.3727E-3
-9999 -9999 -9999 -9999 -9999 -9999 -9999 -9999 -9999 -9999 -9999 -9999 -9999 -9999 -9999 -9999 -9999 -9999 -9999 -9999 -9999 -9999 -9999 9.90045E-3 1.13258E-2 1.54002E-2 2.56211E-2 3.30281E-2 2.59782E-2 1.51552E-2 1.35524E-2 1.63194E-2 1.54016E-2 2.07548E-2 2.51134E-2 7.13176E-3 1.56086E-2 1.56579E-2 1.25886E-2 9.85943E-3 4.08523E-3 9.18038E-3 9.4563E-3 8.26281E-3 9.46599E-3 6.22613E-3 5.59025E-3 7.04799E-3 6.8511E-3 3.15821E-3 1.70339E-3 8.8988E-4 6.47657E-4 1.72944E-3 2.27448E-3 5.33149E-3 4.55438E-3 4.20156E-3 4.47023E-3 8.15765E-3
-9999 -9999 -9999 -9999 -9999 -9999 -9999 -9999 -9999 -9999 -9999 -9999 -9999 -9999 -9999 -9999 -9999 -9999 -9999 -9999 -9999 -9999 -9999 -9999 -9999 2.00082E-2 3.11601E-2 3.90192E-2 3.41949E-2 2.6501E-2 2.04885E-2 2.26435E-2 2.46675E-2 4.22853E-2 3.56089E-2 1.69861E-2 1.05901E-2 1.24761E-2 1.30704E-2 8.91667E-3 9.33215E-3 9.24236E-3 8.80179E-3 6.8509E-3 7.11459E-3 8.58558E-3 8.93491E-3 9.42534E-3 1.40227E-2 1.05087E-2 6.23146E-3 7.90338E-3 5.0248E-3 7.38535E-3 1.13582E-2 2.60563E-2 2.54616E-2 2.91304E-2 2.73767E-2 7.18491E-3
-9999 -9999 -9999 -9999 -9999 -9999 -9999 -9999 -9999 -9999 -9999 -9999 -9999 -9999 -9999 -9999 -9999 -9999 -9999 -9999 -9999 -9999 -9999 -9999 -9999 -9999 -9999 2.79164E-2 2.44157E-2 3.03435E-2 2.73227E-2 1.74426E-2 2.31157E-2 1.53736E-2 1.93727E-2 1.19671E-2 1.45701E-2 8.13646E-3 9.21189E-3 8.96143E-3 9.36695E-3 3.72069E-3 8.60648E-3 8.769E-3 9.22221E-3 1.18462E-2 1.22015E-2 1.31232E-2 1.44599E-2 1.42086E-2 1.05427E-2 9.00964E-3 4.75676E-3 8.15861E-3 1.00482E-2 2.01052E-2 2.50655E-2 3.67867E-2 1.82573E-2 1.06299E-2
-9999 -9999 -9999 -9999 -9999 -9999 -9999 -9999 -9999 -9999 -9999 -9999 -9999 -9999 -9999 -9999 -9999 -9999 -9999 -9999 -9999 -9999 -9999 -9999 -9999 -9999 -9999 -9999 -9999 2.34377E-2 1.78511E-2 1.53992E-2 8.06542E-3 1.1339E-2 1.03402E-2 5.40837E-3 8.68377E-3 1.21187E-2 7.48856E-3 1.33699E-2 4.39563E-3 7.92859E-3 1.21656E-2 5.91416E-3 7.65852E-3 4.77731E-3 1.12246E-2 1.21734E-2 1.63665E-2 1.48667E-2 1.09093E-2 1.13418E-2 6.80187E-3 8.67962E-3 1.01492E-2 2.22568E-2 2.37488E-2 2.43478E-2 1.74632E-2 1.16566E-2
-9999 -9999 -9999 -9999 -9999 -9999 -9999 -9999 -9999 -9999 -9999 -9999 -9999 -9999 -9999 -9999 -9999 -9999 -9999 -9999 -9999 -9999 -9999 -9999 -9999 -9999 -9999 -9999 -9999 -9999 -9999 3.32268E-3 3.46272E-3 3.93592E-3 8.33834E-3 4.93296E-3 7.20932E-3 9.65435E-3 6.72601E-3 6.9413E-3 8.96083E-3 8.87926E-3 1.15469E-2 9.82981E-3 9.41289E-3 1.35738E-2 7.86318E-3 1.33127E-2 1.8686E-2 2.21659E-2 1.62059E-2 1.6134E-2 9.3412E-3 1.01285E-2 1.23924E-2 2.41825E-2 2.07784E-2 1.73963E-2 1.69202E-2 1.37805E-2
-9999 -9999 -9999 -9999 -9999 -9999 -9999 -9999 -9999 -9999 -9999 -9999 -9999 -9999 -9999 -9999 -9999 -9999 -9999 -9999 -9999 -9999 -9999 -9999 -9999 -9999 -9999 -9999 -9999 -9999 -9999 2.88563E-3 3.21551E-3 3.09098E-3 9.961E-3 3.36127E-3 5.10047E-3 8.9348E-3 9.04033E-3 7.97376E-3 6.00466E-3 4.9163E-3 8.32994E-3 6.76306E-3 5.03439E-3 1.14304E-2 1.15732E-2 8.64076E-3 1.89186E-2 3.43817E-2 9.91755E-3 1.13842E-2 1.8885E-2 1.1428E-2 1.62106E-2 3.28826E-2 2.55609E-2 2.34382E-2 4.46945E-2 2.00471E-2
