Phytophthora/models/20240501_1439_25/Phytophthora_PA3_RUN6_MAXENT_outputs/Phytophthora_PA3_RUN6.asc
ncols         225
nrows         269
xllcorner     473000.0
yllcorner     4429100.0
cellsize      50.0
NODATA_value  -9999
[rows 189 to 215 of 269, columns 60 to 119 of 225]
5.42338E-1 5.6384E-1 5.63041E-1 5.72309E-1 7.11766E-1 5.33547E-1 4.54928E-1 4.10946E-1 4.20428E-1 5.70129E-1 3.9497E-1 5.44268E-1 5.58764E-1 5.52021E-1 4.94465E-1 4.93199E-1 4.28782E-1 3.95946E-1 4.29923E-1 1.46171E-1 2.53388E-1 2.64485E-1 2.69738E-1 2.66942E-1 5.09984E-1 4.06459E-1 4.02913E-1 3.31814E-1 3.16476E-1 4.09528E-1 3.86419E-1 4.43253E-1 4.96918E-1 5.01112E-1 5.39018E-1 5.37267E-1 3.22243E-1 1.33438E-1 2.47832E-1 4.72756E-1 1.18593E-1 3.18837E-1 3.43899E-1 4.43742E-1 4.00959E-1 2.18515E-1 3.38799E-1 9.92763E-2 1.45097E-1 1.58247E-1 1.75831E-1 1.95307E-1 3.71647E-1 5.73099E-1 4.74709E-1 2.57544E-1 4.43826E-1 3.67728E-1 3.74873E-1 3.478E-1
5.17374E-1 5.45578E-1 5.40641E-1 5.87087E-1 6.73286E-1 4.84067E-1 4.32743E-1 4.20445E-1 4.45103E-1 5.34143E-1 7.37715E-1 6.94699E-1 6.47013E-1 6.2259E-1 5.32638E-1 5.34534E-1 4.56629E-1 4.53676E-1 3.34892E-1 2.93966E-1 2.71411E-1 2.84934E-1 2.97872E-1 2.6054E-1 3.58441E-1 3.64037E-1 3.57723E-1 3.4376E-1 3.19621E-1 3.45913E-1 3.98791E-1 4.39873E-1 4.86173E-1 4.83821E-1 1.02408E-1 2.49917E-1 2.22142E-1 1.61259E-1 1.47048E-1 1.94152E-1 1.74572E-1 1.43847E-1 4.22264E-1 4.06251E-1 4.03158E-1 4.30404E-1 3.56775E-1 2.7439E-1 2.8225E-1 1.04079E-1 1.18944E-1 1.0909E-1 1.89939E-1 2.29596E-1 1.21525E-1 4.47754E-1 4.56907E-1 3.47561E-1 3.6274E-1 3.52787E-1
5.02374E-1 5.09177E-1 5.20924E-1 6.10255E-1 6.50942E-1 5.79606E-1 5.51107E-1 5.31521E-1 5.20339E-1 5.67032E-1 3.36523E-1 5.97393E-1 5.73954E-1 6.51312E-1 3.79601E-1 4.69378E-1 3.7028E-1 3.15474E-1 3.86824E-1 3.52858E-1 3.22371E-1 3.44186E-1 3.58246E-1 3.34778E-1 3.71743E-1 4.07929E-1 3.84433E-1 3.44868E-1 5.48902E-1 3.8985E-1 4.11187E-1 4.78704E-1 5.4585E-1 1.6475E-1 4.67272E-1 4.12243E-1 1.57542E-1 1.61856E-1 1.95755E-1 2.56473E-1 2.02709E-1 2.3705E-1 2.86669E-1 3.77504E-1 3.45822E-1 4.11382E-1 2.92591E-1 2.58567E-1 1.10761E-1 1.81516E-1 8.61226E-2 8.98098E-2 1.36252E-1 1.54268E-1 1.82321E-1 1.51059E-1 3.59288E-1 2.5199E-1 3.00164E-1 3.12588E-1
5.1772E-1 4.70764E-1 5.46796E-1 2.75582E-1 2.86E-1 3.566E-1 2.80453E-1 3.60124E-1 5.83899E-1 5.45778E-1 2.48434E-1 4.74379E-1 4.69103E-1 4.00864E-1 3.09979E-1 4.20603E-1 2.98568E-1 3.42981E-1 3.72182E-1 3.61921E-1 3.157E-1 3.25736E-1 3.35052E-1 3.52132E-1 3.68633E-1 3.1569E-1 3.70366E-1 2.3829E-1 5.32524E-1 3.0873E-1 3.72423E-1 3.26755E-1 3.00751E-1 4.1733E-1 1.38791E-1 1.31752E-1 3.83167E-1 1.24066E-1 1.64557E-1 2.37086E-1 2.56482E-1 2.29336E-1 2.59478E-1 3.04781E-1 2.34096E-1 4.08978E-1 2.85101E-1 2.5384E-1 1.66386E-1 1.4627E-1 1.25037E-1 8.26534E-2 9.51515E-2 1.16009E-1 1.38433E-1 5.73436E-2 3.38751E-1 2.99617E-1 3.05122E-1 2.38325E-1
5.36593E-1 4.84327E-1 5.98229E-1 4.22409E-1 2.53436E-1 2.36997E-1 6.08852E-1 6.16702E-1 6.96714E-1 2.79267E-1 2.92723E-1 6.60955E-1 5.83065E-1 4.67121E-1 6.047E-1 6.05594E-1 2.97376E-1 6.31835E-1 3.66696E-1 3.7134E-1 3.12129E-1 4.22256E-1 5.19737E-1 3.70623E-1 4.96946E-1 4.17123E-1 4.07062E-1 3.46832E-1 4.47375E-1 3.16689E-1 3.71846E-1 3.28024E-1 2.70051E-1 5.25834E-1 1.43355E-1 1.37772E-1 2.69422E-1 2.04848E-1 2.45711E-1 2.55623E-1 2.36237E-1 1.90052E-1 1.45871E-1 1.85432E-1 1.80193E-1 1.75396E-1 2.75599E-1 2.11658E-1 1.75438E-1 1.54962E-1 1.6186E-1 1.81614E-1 1.76401E-1 1.6652E-1 1.99304E-1 2.96704E-1 4.67084E-1 3.56845E-1 2.74676E-1 2.25485E-1
5.75168E-1 4.15405E-1 5.40246E-1 2.82061E-1 2.9137E-1 4.8346E-1 5.10183E-1 6.00632E-1 5.37184E-1 6.89246E-1 4.69828E-1 4.60456E-1 6.10379E-1 5.47934E-1 4.18885E-1 4.29008E-1 5.61291E-1 6.10812E-1 4.03216E-1 4.36896E-1 4.16159E-1 3.79297E-1 3.78178E-1 6.51748E-1 6.02561E-1 5.39375E-1 4.70778E-1 4.95093E-1 5.1672E-1 4.18418E-1 3.4458E-1 2.74701E-1 2.27835E-1 4.0039E-1 1.62888E-1 2.45161E-1 2.50854E-1 2.62028E-1 2.82722E-1 2.53042E-1 2.3467E-1 2.01427E-1 1.90884E-1 2.10889E-1 1.96402E-1 1.92661E-1 2.84422E-1 1.83781E-1 1.95697E-1 2.03287E-1 2.07967E-1 2.37106E-1 2.44049E-1 2.40132E-1 2.37765E-1 2.71256E-1 2.14272E-1 3.31486E-1 2.79884E-1 2.29179E-1
5.32695E-1 4.38748E-1 2.88519E-1 3.05852E-1 3.08504E-1 5.526E-1 3.67182E-1 5.6631E-1 5.64294E-1 4.48384E-1 3.21353E-1 4.263E-1 4.24307E-1 4.40246E-1 4.22506E-1 4.71802E-1 3.94999E-1 3.01426E-1 3.21831E-1 2.29289E-1 3.41097E-1 2.32653E-1 5.40439E-1 6.37164E-1 5.96593E-1 5.50789E-1 5.15977E-1 5.4728E-1 5.37345E-1 5.13105E-1 3.26425E-1 2.75542E-1 2.29161E-1 3.62832E-1 1.12305E-1 1.85092E-1 2.31005E-1 2.42776E-1 2.67119E-1 2.24359E-1 2.16161E-1 1.92736E-1 1.94242E-1 2.17914E-1 1.12793E-1 7.17227E-2 1.54282E-1 2.33273E-1 2.24611E-1 2.43416E-1 2.64595E-1 2.84644E-1 3.01061E-1 3.03714E-1 2.57246E-1 2.0929E-1 1.80604E-1 2.72422E-1 2.80444E-1 2.54439E-1
3.93477E-1 3.99573E-1 4.00644E-1 3.76321E-1 3.88161E-1 4.55539E-1 6.78402E-1 4.77219E-1 5.49658E-1 4.82277E-1 4.62365E-1 4.36602E-1 4.23885E-1 4.06135E-1 4.12275E-1 4.37592E-1 2.49352E-1 4.68838E-1 5.10956E-1 5.45471E-1 5.50818E-1 5.14471E-1 5.17754E-1 5.8868E-1 6.07367E-1 7.1001E-1 5.33927E-1 5.45639E-1 4.43799E-1 3.93801E-1 2.52289E-1 3.12722E-1 2.34137E-1 2.22641E-1 7.55864E-2 1.30369E-1 1.92517E-1 2.14523E-1 2.66589E-1 2.18549E-1 1.38953E-1 1.21411E-1 1.22658E-1 9.74322E-2 1.13227E-1 5.95154E-2 1.97961E-1 2.35117E-1 2.51968E-1 2.71496E-1 3.28704E-1 3.36084E-1 3.33941E-1 3.05106E-1 1.51931E-1 2.55275E-1 2.59684E-1 1.71677E-1 3.12732E-1 2.86707E-1
1.16686E-1 5.06582E-1 4.54328E-1 4.45412E-1 5.05383E-1 5.8977E-1 5.11301E-1 6.87178E-1 7.00555E-1 6.25904E-1 6.26112E-1 5.39563E-1 3.61177E-1 3.41851E-1 3.43951E-1 3.80916E-1 4.28008E-1 6.18313E-1 5.7881E-1 5.82979E-1 5.15322E-1 5.28707E-1 4.85811E-1 6.06659E-1 7.06602E-1 4.02839E-1 3.43683E-1 3.6348E-1 3.65003E-1 4.02223E-1 3.29303E-1 3.22596E-1 2.77376E-1 2.66215E-1 8.97423E-2 1.35321E-1 1.43091E-1 1.60369E-1 1.85566E-1 2.29087E-1 6.96183E-2 1.21017E-1 1.20761E-1 1.7365E-1 1.11397E-1 1.19302E-1 1.8045E-1 2.08255E-1 3.04188E-1 3.13657E-1 3.75491E-1 4.25596E-1 3.96074E-1 2.16359E-1 2.56292E-1 1.19548E-1 8.50783E-2 7.36569E-2 6.5969E-2 2.74414E-1
6.02377E-1 5.85532E-1 6.50462E-1 5.81034E-1 5.75115E-1 5.99514E-1 4.92754E-1 6.35123E-1 4.73176E-1 4.6375E-1 4.01412E-1 3.42293E-1 3.15502E-1 3.60969E-1 3.66084E-1 5.89942E-1 6.01557E-1 6.47682E-1 5.89501E-1 5.34068E-1 5.04555E-1 5.18506E-1 4.76241E-1 3.16413E-1 3.5771E-1 3.11721E-1 2.47803E-1 2.2932E-1 4.15658E-1 4.04428E-1 3.43071E-1 3.18332E-1 3.10253E-1 2.37196E-1 1.30143E-1 1.44459E-1 1.26266E-1 1.29755E-1 1.42142E-1 1.17829E-1 8.06592E-2 1.9167E-1 3.30484E-2 1.25234E-1 1.44302E-1 1.91482E-1 2.04991E-1 2.651E-1 3.33429E-1 3.56166E-1 1.91712E-1 2.51296E-1 3.66165E-1 3.25836E-1 2.54862E-1 1.69609E-1 9.11391E-2 9.73606E-2 1.21043E-1 7.54874E-2
4.61788E-1 4.52737E-1 5.19871E-1 4.39891E-1 3.76084E-1 3.17387E-1 3.62259E-1 4.13029E-1 3.52731E-1 3.07977E-1 2.81962E-1 2.58225E-1 2.43035E-1 4.4603E-1 5.7586E-1 4.17794E-1 6.57464E-1 6.55966E-1 6.2002E-1 5.308E-1 4.7743E-1 5.04426E-1 6.65158E-1 5.98763E-1 3.32711E-1 2.77534E-1 2.66819E-1 3.3613E-1 3.82049E-1 3.68063E-1 3.09319E-1 3.32267E-1 3.34188E-1 2.11748E-1 1.66124E-1 1.14473E-1 1.06929E-1 9.75463E-2 1.0746E-1 7.8019E-2 6.68437E-2 1.00067E-1 9.80198E-2 1.71279E-1 1.57772E-1 2.0542E-1 2.35717E-1 2.78795E-1 3.75465E-1 3.33847E-1 2.65913E-1 2.98364E-1 1.44455E-1 3.41522E-1 2.79576E-1 1.88609E-1 1.29521E-1 1.95771E-1 1.02628E-1 1.91778E-1
3.97639E-1 4.35184E-1 4.25013E-1 6.30041E-1 4.44703E-1 3.94173E-1 3.87526E-1 3.50767E-1 3.52672E-1 3.1534E-1 2.80504E-1 2.7807E-1 5.09869E-1 2.70968E-1 3.4646E-1 3.805E-1 6.36385E-1 6.40847E-1 6.65794E-1 6.23177E-1 6.34587E-1 5.40574E-1 4.84428E-1 2.29645E-1 2.14824E-1 2.02225E-1 3.49755E-1 3.81745E-1 4.02418E-1 3.47179E-1 1.52337E-1 1.6302E-1 1.98209E-1 2.61402E-1 1.65128E-1 1.12386E-1 8.93418E-2 7.274E-2 8.11907E-2 7.54605E-2 5.58432E-2 7.22741E-2 2.32423E-1 1.51657E-1 1.67417E-1 2.00579E-1 2.42435E-1 3.0521E-1 3.99636E-1 3.54605E-1 2.6252E-1 2.82729E-1 5.03371E-2 2.78913E-1 1.70679E-1 1.13295E-1 7.86086E-2 1.8806E-1 7.80594E-2 1.20227E-1
4.11491E-1 4.36177E-1 2.52107E-1 4.6287E-1 3.59934E-1 3.49796E-1 3.7141E-1 3.23555E-1 3.07727E-1 2.55246E-1 1.6048E-1 3.50885E-1 2.21417E-1 3.96742E-1 5.38319E-1 4.95377E-1 5.08188E-1 5.63393E-1 5.48583E-1 4.99443E-1 2.05333E-1 1.97311E-1 1.24664E-1 1.05625E-1 1.43632E-1 2.77093E-1 3.37539E-1 3.73936E-1 3.9606E-1 3.43093E-1 2.30019E-1 1.95152E-1 2.04744E-1 3.28266E-1 1.73495E-1 1.08959E-1 8.97213E-2 7.57186E-2 8.31643E-2 8.27498E-2 9.17451E-2 1.13914E-1 2.90935E-1 2.19912E-1 2.22556E-1 2.50329E-1 3.21833E-1 4.77677E-1 3.8733E-1 3.68756E-1 3.29982E-1 3.71971E-1 1.06453E-1 3.01535E-1 1.99968E-1 1.22864E-1 7.89123E-2 1.48174E-1 8.76136E-2 1.26494E-1
4.00224E-1 2.38273E-1 4.00685E-1 3.45026E-1 3.22326E-1 3.07408E-1 3.75737E-1 4.02728E-1 3.74117E-1 2.98268E-1 2.82414E-1 3.5573E-1 3.73228E-1 4.73461E-1 5.61585E-1 5.82109E-1 5.53602E-1 5.72672E-1 5.64252E-1 5.67462E-1 5.61585E-1 2.28014E-1 1.77667E-1 1.82408E-1 1.78073E-1 2.36375E-1 3.94475E-1 4.50745E-1 4.91828E-1 4.00472E-1 3.26274E-1 2.65973E-1 2.06297E-1 1.72351E-1 2.87597E-1 9.4348E-2 1.5083E-1 9.55486E-2 1.13119E-1 1.07847E-1 1.12379E-1 1.39897E-1 1.60324E-1 2.24978E-1 1.83918E-1 2.96554E-1 4.51756E-1 5.7257E-1 3.69732E-1 3.4344E-1 3.03499E-1 3.65816E-1 4.12771E-1 3.16131E-1 2.70814E-1 1.60079E-1 1.44402E-1 1.26513E-1 1.23925E-1 1.39293E-1
5.18055E-1 4.64291E-1 4.94726E-1 4.19255E-1 3.60681E-1 3.69682E-1 4.54246E-1 4.88504E-1 4.38738E-1 4.56019E-1 4.29899E-1 4.48795E-1 5.00063E-1 5.2667E-1 5.89025E-1 4.85082E-1 6.22796E-1 5.84264E-1 5.61368E-1 6.45448E-1 5.11805E-1 2.54417E-1 2.25169E-1 2.65622E-1 3.42294E-1 3.54197E-1 4.27441E-1 5.3943E-1 5.88131E-1 4.70509E-1 3.88793E-1 3.30485E-1 2.38892E-1 2.00581E-1 1.70567E-1 1.58658E-1 2.71325E-1 2.59162E-1 1.24864E-1 1.52735E-1 1.25506E-1 1.54811E-1 1.81181E-1 2.66301E-1 1.6768E-1 3.90875E-1 5.84172E-1 5.41551E-1 4.03232E-1 3.83674E-1 3.17991E-1 4.05621E-1 5.35648E-1 3.69909E-1 3.44321E-1 2.3405E-1 2.00196E-1 1.53643E-1 1.27911E-1 1.35462E-1
5.75395E-1 6.46339E-1 6.00277E-1 5.49298E-1 4.9522E-1 4.91886E-1 4.651E-1 4.39337E-1 4.29578E-1 4.8299E-1 4.72002E-1 4.91001E-1 5.45149E-1 5.52613E-1 4.59026E-1 4.83174E-1 5.95819E-1 5.57824E-1 5.56864E-1 1.54023E-1 2.95851E-1 2.59159E-1 2.28824E-1 3.2389E-1 3.99123E-1 4.1114E-1 4.37978E-1 5.42667E-1 7.11098E-1 6.06901E-1 4.64155E-1 3.67573E-1 2.93961E-1 2.55056E-1 2.30372E-1 1.78626E-1 1.83435E-1 2.35422E-1 1.14293E-1 2.22628E-1 1.55724E-1 1.65646E-1 1.95551E-1 2.40746E-1 1.6889E-1 5.58816E-1 6.13913E-1 5.0635E-1 3.79259E-1 4.14546E-1 3.47711E-1 5.41515E-1 5.41757E-1 2.92995E-1 3.64695E-1 2.54583E-1 2.16022E-1 1.76079E-1 1.42793E-1 1.17472E-1
6.75079E-1 6.60105E-1 6.13235E-1 5.59223E-1 4.81022E-1 4.78378E-1 4.62702E-1 4.10627E-1 4.58778E-1 5.14495E-1 4.96833E-1 5.42055E-1 5.57115E-1 5.6749E-1 5.7641E-1 5.70638E-1 5.85075E-1 5.49754E-1 5.39062E-1 2.43876E-1 3.08449E-1 2.2217E-1 2.23042E-1 3.4208E-1 4.32626E-1 4.6487E-1 4.66769E-1 5.27934E-1 6.71104E-1 7.11421E-1 5.98248E-1 4.05108E-1 3.53378E-1 3.10457E-1 2.78186E-1 2.13081E-1 2.00298E-1 1.82129E-1 2.58696E-1 2.54438E-1 2.31669E-1 1.79392E-1 2.0152E-1 2.46097E-1 2.84311E-1 4.54175E-1 4.81736E-1 3.8135E-1 2.37455E-1 3.97883E-1 4.7822E-1 2.81793E-1 2.58135E-1 3.90161E-1 3.67368E-1 2.5636E-1 2.25766E-1 1.96098E-1 1.65946E-1 1.37166E-1
4.78705E-1 5.42995E-1 4.88319E-1 4.40103E-1 4.07309E-1 4.29881E-1 4.45288E-1 4.00836E-1 4.43614E-1 5.09084E-1 4.67302E-1 5.12749E-1 5.33206E-1 5.30645E-1 5.4631E-1 5.06598E-1 5.15176E-1 4.81282E-1 4.63796E-1 2.81901E-1 2.64803E-1 2.30499E-1 3.0169E-1 3.62659E-1 4.35302E-1 4.62619E-1 4.93181E-1 5.07685E-1 4.8175E-1 6.84903E-1 7.05169E-1 5.27508E-1 4.52647E-1 4.07134E-1 3.5721E-1 2.30075E-1 2.14957E-1 2.03863E-1 2.30712E-1 1.31769E-1 2.48574E-1 2.73783E-1 1.85146E-1 2.12137E-1 2.53427E-1 1.96064E-1 3.4275E-1 3.32755E-1 3.91985E-1 3.94448E-1 5.0444E-1 2.50143E-1 3.181E-1 4.34096E-1 4.17773E-1 3.26003E-1 2.98613E-1 2.67017E-1 2.19529E-1 2.01267E-1
4.85387E-1 5.80296E-1 5.19517E-1 4.60167E-1 4.44903E-1 4.96308E-1 4.75457E-1 4.46856E-1 4.67122E-1 5.50277E-1 4.68217E-1 5.03402E-1 5.05782E-1 5.10903E-1 5.10119E-1 4.73167E-1 4.9359E-1 4.59576E-1 4.8007E-1 3.26106E-1 2.81718E-1 2.68275E-1 3.18467E-1 3.7825E-1 4.26533E-1 4.65432E-1 4.97082E-1 5.25047E-1 4.53227E-1 5.2305E-1 7.20584E-1 3.67267E-1 3.26159E-1 4.97101E-1 1.73966E-1 2.8072E-1 3.53173E-1 2.89034E-1 2.31149E-1 1.68607E-1 1.05209E-1 2.76762E-1 2.44981E-1 2.28214E-1 2.76025E-1 4.23721E-1 4.27771E-1 3.78908E-1 3.72255E-1 4.49972E-1 6.12547E-1 4.76249E-1 5.4428E-1 5.06063E-1 5.65386E-1 2.18434E-1 7.52684E-2 2.83634E-1 2.13724E-1 4.01427E-2
6.72017E-1 4.08197E-1 5.49504E-1 4.97861E-1 4.8172E-1 5.42222E-1 5.10645E-1 4.95723E-1 4.98838E-1 5.22603E-1 4.62158E-1 4.64271E-1 4.51439E-1 4.64295E-1 4.61271E-1 4.24949E-1 4.27245E-1 3.76848E-1 2.61045E-1 4.88118E-1 2.74386E-1 2.74861E-1 3.10789E-1 3.82281E-1 3.79594E-1 4.62415E-1 5.0254E-1 5.22777E-1 5.36352E-1 4.02748E-1 3.87602E-1 2.66976E-1 2.8026E-1 3.18382E-1 2.30889E-1 1.73724E-1 1.23407E-1 1.18107E-1 9.28311E-2 7.69544E-2 7.49631E-2 1.06159E-1 1.71027E-1 7.27135E-2 4.17796E-2 1.96773E-1 3.14447E-1 4.17879E-1 4.06323E-1 4.84295E-1 4.37207E-1 4.41305E-1 5.87641E-1 6.01479E-1 5.77512E-1 2.32025E-1 1.89916E-1 1.49723E-1 1.17081E-1 1.03198E-1
3.24479E-1 4.78137E-1 5.68571E-1 3.3307E-1 5.70483E-1 6.06408E-1 3.00711E-1 3.17208E-1 4.61935E-1 4.90056E-1 3.13286E-1 3.17788E-1 3.90747E-1 4.18178E-1 4.27169E-1 3.54649E-1 4.45482E-1 2.99382E-1 2.07164E-1 1.59301E-1 4.94486E-2 2.90609E-1 3.6152E-1 3.27601E-1 3.39488E-1 4.92195E-1 5.07753E-1 5.03518E-1 5.93836E-1 4.52476E-1 2.83227E-1 2.96043E-1 1.60868E-1 2.69599E-1 2.4423E-1 1.566E-1 1.12986E-1 1.07726E-1 8.39193E-2 9.29624E-2 8.53706E-2 8.96798E-2 6.92777E-2 6.71337E-2 6.56152E-2 1.66704E-1 5.74304E-1 4.84182E-1 4.94905E-1 5.47001E-1 3.59346E-1 3.13815E-1 2.11269E-1 2.0125E-1 2.23074E-1 1.50684E-1 1.70018E-1 1.3129E-1 1.16446E-1 9.84528E-2
3.70243E-1 3.52452E-1 5.14976E-1 5.56955E-1 2.6211E-1 7.04665E-1 3.01311E-1 1.66875E-1 1.25E-1 1.52216E-1 1.36757E-1 2.83189E-1 3.22372E-1 1.47753E-1 3.91371E-1 2.93078E-1 4.23442E-1 2.94086E-1 2.09701E-1 1.40158E-1 1.5142E-1 3.49866E-1 2.56616E-1 2.28103E-1 3.1954E-1 5.32558E-1 4.48505E-1 5.54404E-1 4.93472E-1 4.42971E-1 2.85103E-1 4.56314E-1 2.7688E-1 2.42955E-1 2.19478E-1 1.51816E-1 1.22611E-1 1.16598E-1 1.01073E-1 1.18588E-1 1.1481E-1 1.19539E-1 1.1439E-1 9.97443E-2 1.50672E-1 2.21271E-1 2.39602E-1 3.719E-1 4.06585E-1 5.66105E-1 2.93051E-1 2.57977E-1 1.7096E-1 1.35357E-1 1.1957E-1 1.68123E-1 1.97415E-1 1.50267E-1 1.30011E-1 1.10729E-1
3.57658E-1 4.9025E-1 4.65762E-1 4.54476E-1 4.43662E-1 2.75834E-1 1.92004E-1 1.41211E-1 8.77718E-2 7.90196E-2 9.95094E-2 1.47229E-1 1.88684E-1 2.47591E-1 2.80557E-1 1.4212E-1 2.10294E-1 1.97563E-1 1.18121E-1 9.58412E-2 7.21192E-2 4.3397E-2 1.09098E-1 1.34544E-1 1.72248E-1 3.74739E-1 4.08278E-1 4.28357E-1 3.25226E-1 3.42191E-1 2.84175E-1 3.08342E-1 3.56952E-1 2.26644E-1 3.42139E-1 2.48967E-1 1.79047E-1 1.41835E-1 1.29342E-1 1.57569E-1 2.07928E-1 2.32777E-1 2.12997E-1 2.13237E-1 2.024E-1 1.71042E-1 2.22985E-1 5.20075E-1 7.11165E-1 4.50751E-1 2.53933E-1 1.59133E-1 1.2314E-1 1.0668E-1 9.76123E-2 3.30213E-1 2.16217E-1 1.43282E-1 1.45533E-1 1.67191E-1
3.19985E-1 5.11255E-1 4.83388E-1 4.60791E-1 4.56675E-1 3.03156E-1 1.88545E-1 1.35675E-1 1.18669E-1 1.06604E-1 1.22724E-1 1.34622E-1 1.25568E-1 1.42144E-1 2.58526E-1 2.08664E-1 1.25564E-1 9.93193E-2 1.11286E-1 1.29328E-1 8.35812E-2 5.77559E-2 1.21523E-1 1.36641E-1 1.74468E-1 3.89962E-1 4.22645E-1 2.99791E-1 3.15773E-1 3.27015E-1 3.13495E-1 3.28454E-1 3.71788E-1 4.09301E-1 2.38326E-1 3.28442E-1 3.03062E-1 2.9961E-1 2.83248E-1 3.02829E-1 3.2894E-1 3.13727E-1 7.38304E-2 2.176E-1 8.70837E-2 1.22213E-1 2.7217E-1 5.38341E-1 4.45268E-1 2.85666E-1 2.5118E-1 2.03433E-1 1.09958E-1 8.55727E-2 9.4666E-2 2.88824E-1 3.39212E-1 1.58643E-1 1.49846E-1 1.47667E-1
4.79255E-1 4.71182E-1 4.5676E-1 4.73984E-1 1.94396E-1 2.53649E-1 1.57653E-1 1.3302E-1 1.34569E-1 1.00433E-1 1.13344E-1 1.24489E-1 1.13429E-1 1.23923E-1 1.22855E-1 2.22137E-1 7.57139E-2 4.0807E-2 1.3539E-1 1.53171E-1 1.09512E-1 1.14242E-1 1.20936E-1 1.80255E-1 2.02176E-1 4.81919E-1 4.95994E-1 3.27521E-1 2.85091E-1 2.95203E-1 3.3177E-1 3.61106E-1 3.67366E-1 3.75666E-1 4.24374E-1 2.33602E-1 3.15292E-1 3.412E-1 3.24281E-1 3.12908E-1 4.46346E-1 3.48576E-1 3.40195E-1 2.12543E-1 7.33344E-2 1.1946E-1 2.38853E-1 4.79685E-1 1.32448E-1 3.54737E-1 2.92639E-1 1.63509E-1 2.82926E-1 2.4347E-1 1.77869E-1 2.09708E-1 4.07971E-1 1.85118E-1 1.614E-1 1.69104E-1
4.59473E-1 4.66252E-1 4.29395E-1 4.93873E-1 2.86987E-1 2.28013E-1 1.65002E-1 1.47612E-1 1.22634E-1 9.95005E-2 9.39272E-2 9.93189E-2 9.78192E-2 1.01409E-1 1.08207E-1 1.71743E-1 7.69318E-2 6.16194E-2 1.67196E-1 1.73616E-1 1.37237E-1 9.75524E-2 1.87642E-1 2.13476E-1 2.41205E-1 5.32198E-1 5.50046E-1 3.62848E-1 3.13454E-1 3.07725E-1 3.18309E-1 3.36695E-1 3.60831E-1 3.40436E-1 3.7932E-1 3.81572E-1 2.60232E-1 2.30784E-1 2.21039E-1 1.80882E-1 1.96374E-1 4.40946E-1 1.94052E-1 1.28248E-1 1.09178E-1 1.63936E-1 2.4544E-1 5.60624E-1 6.61463E-1 4.47223E-1 3.83792E-1 1.81777E-1 3.08936E-1 2.64179E-1 2.89921E-1 3.1858E-1 1.83699E-1 3.3888E-1 2.72683E-1 2.2717E-1
4.47744E-1 5.983E-1 5.15013E-1 4.21093E-1 7.62347E-2 1.74698E-1 1.59897E-1 1.29386E-1 1.18084E-1 9.46419E-2 7.86223E-2 8.29676E-2 8.40184E-2 8.43084E-2 8.3617E-2 4.00886E-2 1.01872E-1 1.58401E-1 1.75349E-1 1.89553E-1 1.59511E-1 6.26052E-2 2.18402E-1 2.62234E-1 3.0059E-1 5.97083E-1 6.05297E-1 3.76672E-1 3.73752E-1 4.04972E-1 3.59544E-1 3.07462E-1 2.54502E-1 3.04721E-1 2.7916E-1 2.34352E-1 1.82245E-1 1.66297E-1 1.63188E-1 1.82459E-1 1.20249E-1 1.26224E-1 2.12078E-1 2.48372E-1 1.95543E-1 2.6003E-1 2.82444E-1 1.81497E-1 7.52149E-1 5.38702E-1 4.81308E-1 2.81406E-1 3.40875E-1 2.8074E-1 3.24676E-1 3.89234E-1 3.5389E-1 1.66323E-1 3.49248E-1 3.11603E-1
