Phytophthora/models/20240501_1439_25/Phytophthora_PA3_RUN6_MAXENT_outputs/Phytophthora_PA3_RUN6.asc
ncols         225
nrows         269
xllcorner     473000.0
yllcorner     4429100.0
cellsize      50.0
NODATA_value  -9999
[rows 135 to 161 of 269, columns 60 to 119 of 225]
1.79657E-1 1.17127E-1 1.95057E-1 2.29718E-1 1.66646E-1 2.51121E-1 2.65066E-1 1.98301E-1 2.46752E-1 3.26331E-1 3.81082E-1 4.45584E-1 3.15726E-1 3.47551E-1 4.75908E-1 4.9549E-1 5.36383E-1 5.02681E-1 4.94906E-1 3.15482E-1 3.30879E-1 3.84574E-1 5.24473E-1 4.09797E-1 4.1646E-1 4.43118E-1 4.95498E-1 3.05672E-1 2.50845E-1 2.69368E-1 2.49331E-1 2.23541E-1 2.04967E-1 2.30738E-1 2.76415E-1 3.00791E-1 4.73504E-1 5.12418E-1 5.41753E-1 3.20617E-1 4.2784E-1 4.73413E-1 4.34778E-1 3.98305E-1 4.09253E-1 2.01609E-1 2.4017E-1 3.89725E-1 4.47665E-1 4.78324E-1 4.60448E-1 4.22953E-1 2.88717E-1 4.55254E-1 4.04023E-1 3.72869E-1 2.81167E-1 1.70264E-1 1.48593E-1 1.37191E-1
2.05294E-1 3.27697E-1 2.9013E-1 2.46474E-1 1.86146E-1 1.49994E-1 2.37629E-1 2.53345E-1 3.2021E-1 3.14125E-1 3.50429E-1 3.89201E-1 2.44825E-1 8.15899E-2 3.14795E-1 4.75067E-1 5.61516E-1 4.81611E-1 4.2717E-1 3.02279E-1 3.4713E-1 4.05682E-1 3.44167E-1 4.19683E-1 4.01699E-1 3.19643E-1 3.56273E-1 2.43121E-1 3.02429E-1 2.60223E-1 2.09793E-1 1.81667E-1 1.70355E-1 1.70748E-1 2.6116E-1 3.23424E-1 4.42021E-1 5.89874E-1 4.78587E-1 5.29222E-1 4.88341E-1 5.83221E-1 5.44572E-1 5.41558E-1 5.35929E-1 3.21457E-1 3.51194E-1 4.72787E-1 6.07545E-1 6.22458E-1 5.28436E-1 5.01723E-1 4.35846E-1 5.59465E-1 6.05896E-1 3.30169E-1 3.00249E-1 2.33331E-1 2.01806E-1 2.11557E-1
2.41826E-1 3.76292E-1 1.3315E-1 1.51523E-1 1.17554E-1 2.85757E-1 3.31142E-1 3.40006E-1 3.19906E-1 3.15358E-1 3.74627E-1 3.56704E-1 1.29038E-1 1.88384E-1 1.86948E-1 3.6479E-1 4.67048E-1 3.91531E-1 3.78313E-1 3.61997E-1 4.17194E-1 4.62181E-1 4.68335E-1 4.92286E-1 3.47064E-1 2.18891E-1 1.20414E-1 3.2224E-1 2.76997E-1 2.34596E-1 1.94602E-1 1.69585E-1 1.61658E-1 1.95219E-1 2.70359E-1 3.6529E-1 4.31525E-1 3.80694E-1 6.21386E-1 5.9519E-1 5.64818E-1 5.81833E-1 5.77967E-1 5.76794E-1 5.85156E-1 3.58233E-1 3.04064E-1 5.38672E-1 5.12206E-1 5.73036E-1 5.9402E-1 4.5896E-1 5.05906E-1 5.05896E-1 5.49989E-1 2.75096E-1 2.61715E-1 2.28292E-1 2.05299E-1 2.16493E-1
1.72839E-1 1.89677E-1 2.46715E-1 2.55117E-1 2.03048E-1 2.85253E-1 1.94161E-1 1.80109E-1 2.50765E-1 4.24126E-1 1.12814E-1 2.30571E-1 2.01518E-1 1.81098E-1 1.91192E-1 3.35284E-1 4.68174E-1 4.41542E-1 5.08176E-1 5.28467E-1 5.34079E-1 5.15392E-1 4.16384E-1 4.01918E-1 2.56952E-1 9.9702E-2 2.631E-1 3.08731E-1 2.63599E-1 2.25512E-1 1.79846E-1 1.572E-1 1.76022E-1 2.20598E-1 3.18905E-1 4.06941E-1 5.18243E-1 4.30665E-1 5.29221E-1 6.17057E-1 6.40344E-1 3.83331E-1 4.13445E-1 3.46175E-1 3.80167E-1 4.53793E-1 3.80688E-1 4.85249E-1 4.46363E-1 5.53154E-1 5.71347E-1 4.23981E-1 4.1674E-1 5.13438E-1 4.60674E-1 8.59915E-2 2.64573E-1 1.96093E-1 1.85935E-1 1.89288E-1
4.57355E-1 4.45896E-1 2.58063E-1 2.6694E-1 2.11361E-1 2.32482E-1 2.4839E-1 1.55887E-1 1.15161E-1 3.97682E-1 2.93173E-1 1.48947E-1 7.79952E-2 7.89827E-2 1.11508E-1 3.44942E-1 4.53919E-1 5.15156E-1 6.24401E-1 5.90404E-1 4.89594E-1 4.15553E-1 3.97993E-1 2.29097E-1 3.82331E-1 2.7759E-1 2.9045E-1 2.7216E-1 2.29504E-1 1.95323E-1 1.68408E-1 1.45209E-1 1.83029E-1 2.25144E-1 3.38969E-1 4.06798E-1 5.25106E-1 5.86857E-1 4.99683E-1 6.18864E-1 3.01702E-1 2.90878E-1 3.32828E-1 3.89046E-1 4.20488E-1 4.47734E-1 4.93979E-1 4.89767E-1 4.63499E-1 5.22854E-1 5.50895E-1 4.51273E-1 2.28918E-1 4.89327E-1 4.03821E-1 2.75383E-1 2.49324E-1 2.11769E-1 2.0847E-1 2.18056E-1
9.53264E-2 1.32228E-1 2.35468E-1 2.73191E-1 1.60933E-1 2.80522E-1 2.57181E-1 2.01924E-1 1.73084E-1 1.8726E-1 1.05834E-1 7.80958E-2 8.33572E-2 9.24955E-2 1.65109E-1 3.57483E-1 5.12362E-1 6.31385E-1 6.63743E-1 5.55792E-1 4.86087E-1 4.49392E-1 3.72382E-1 4.27795E-1 3.83834E-1 2.89964E-1 2.87495E-1 2.55288E-1 1.9721E-1 1.72057E-1 1.65537E-1 1.87571E-1 2.36585E-1 2.31924E-1 3.5346E-1 4.39891E-1 5.56681E-1 6.4855E-1 6.2171E-1 6.32227E-1 4.77873E-1 4.42591E-1 4.3758E-1 4.45107E-1 4.06639E-1 4.0515E-1 4.32676E-1 4.64979E-1 3.8266E-1 5.04986E-1 4.40325E-1 4.44464E-1 6.48279E-1 5.12911E-1 3.01494E-1 2.50367E-1 2.60791E-1 2.38924E-1 2.27546E-1 2.24917E-1
2.12767E-1 1.87017E-1 3.39858E-1 3.18052E-1 1.74713E-1 3.59196E-1 3.21769E-1 2.64494E-1 2.31763E-1 2.00314E-1 1.32286E-1 1.12286E-1 1.39443E-1 1.79856E-1 2.01449E-1 3.15966E-1 4.88598E-1 5.67025E-1 5.58403E-1 4.17936E-1 5.33253E-1 4.70569E-1 2.24833E-1 4.02318E-1 3.63572E-1 3.22993E-1 3.14705E-1 2.74192E-1 2.21591E-1 1.91183E-1 2.08496E-1 2.3756E-1 2.93683E-1 2.89438E-1 3.30942E-1 4.04724E-1 5.01606E-1 4.8444E-1 6.53859E-1 6.74764E-1 4.64364E-1 3.16093E-1 5.09484E-1 4.82E-1 4.28075E-1 3.7235E-1 3.39074E-1 3.06823E-1 3.20834E-1 3.42932E-1 3.64817E-1 4.01605E-1 6.6433E-1 3.97327E-1 2.54652E-1 3.82162E-1 3.52507E-1 2.97934E-1 2.72878E-1 2.77915E-1
2.29988E-1 4.06924E-1 4.05097E-1 3.39793E-1 2.75467E-1 3.72995E-1 3.3776E-1 2.84777E-1 2.35964E-1 2.40858E-1 1.77129E-1 1.62521E-1 2.10866E-1 2.25368E-1 2.76633E-1 3.15277E-1 4.25228E-1 5.74528E-1 6.17763E-1 3.97136E-1 3.45763E-1 3.22653E-1 4.06969E-1 3.8918E-1 3.59715E-1 3.32779E-1 2.73741E-1 2.49315E-1 2.09812E-1 2.17774E-1 2.52246E-1 2.90246E-1 3.39117E-1 3.44834E-1 3.90313E-1 3.90091E-1 5.1985E-1 4.52132E-1 6.58603E-1 6.80166E-1 5.46148E-1 5.35811E-1 5.07325E-1 4.72688E-1 4.14764E-1 3.60825E-1 3.27628E-1 2.96569E-1 3.47436E-1 3.7951E-1 4.65857E-1 4.1469E-1 3.99697E-1 3.77798E-1 3.60522E-1 3.16336E-1 3.26252E-1 2.82966E-1 2.52933E-1 2.66735E-1
1.61508E-1 4.18823E-1 5.5272E-1 3.20546E-1 3.7288E-1 4.05209E-1 3.19014E-1 2.78451E-1 2.15799E-1 1.19632E-1 7.76222E-2 2.21067E-1 2.70544E-1 2.90093E-1 3.41127E-1 3.64925E-1 3.6309E-1 5.69216E-1 5.83927E-1 5.45048E-1 5.24915E-1 4.45011E-1 3.9512E-1 3.81932E-1 3.44866E-1 3.33218E-1 2.54814E-1 2.10733E-1 2.12881E-1 2.50204E-1 3.03782E-1 3.57814E-1 3.75662E-1 3.87717E-1 4.14614E-1 4.50226E-1 4.83634E-1 6.43407E-1 6.45226E-1 6.85109E-1 5.03998E-1 4.99198E-1 4.76825E-1 4.53776E-1 4.25756E-1 3.30638E-1 2.94729E-1 3.29591E-1 3.89183E-1 3.81267E-1 4.84134E-1 2.97758E-1 4.69235E-1 4.0037E-1 3.72799E-1 3.33129E-1 2.93099E-1 2.45338E-1 2.57461E-1 2.80783E-1
1.77927E-1 2.99384E-1 2.91169E-1 3.15011E-1 4.00373E-1 4.06997E-1 3.29015E-1 3.12222E-1 2.63744E-1 2.16925E-1 1.50576E-1 2.48245E-1 3.09054E-1 3.16776E-1 3.68584E-1 3.63914E-1 3.72492E-1 3.66429E-1 5.74853E-1 6.23515E-1 4.41327E-1 3.94862E-1 3.68909E-1 3.55815E-1 3.21501E-1 3.27999E-1 2.20379E-1 1.93815E-1 2.46544E-1 2.86417E-1 3.94728E-1 4.12351E-1 3.884E-1 3.8544E-1 3.25172E-1 2.65336E-1 4.02239E-1 5.90627E-1 4.7839E-1 6.95513E-1 5.80295E-1 4.81133E-1 4.37833E-1 4.385E-1 4.31688E-1 3.14322E-1 2.70768E-1 3.48076E-1 3.99604E-1 3.45743E-1 4.98833E-1 2.36057E-1 4.59604E-1 3.85987E-1 3.18869E-1 2.66541E-1 2.36481E-1 2.34356E-1 2.50004E-1 3.68859E-1
3.7832E-1 1.48115E-1 3.55911E-1 4.26009E-1 3.8383E-1 4.38623E-1 3.81903E-1 3.637E-1 3.24798E-1 3.03321E-1 2.12253E-1 2.99277E-1 3.2516E-1 3.23258E-1 3.90499E-1 4.04691E-1 2.2811E-1 3.98589E-1 4.02705E-1 5.90664E-1 3.9187E-1 3.3162E-1 3.29744E-1 3.18347E-1 3.09226E-1 3.08077E-1 2.14031E-1 1.83684E-1 2.45348E-1 3.19047E-1 4.34455E-1 3.88081E-1 3.61595E-1 3.56391E-1 3.95657E-1 4.33308E-1 4.61585E-1 2.66422E-1 6.00325E-1 6.78645E-1 7.09757E-1 5.31423E-1 4.28501E-1 4.24647E-1 3.97279E-1 3.08465E-1 2.77344E-1 3.25461E-1 6.14581E-1 3.44717E-1 6.01669E-1 5.67411E-1 4.64847E-1 4.5237E-1 3.8457E-1 3.16875E-1 2.77798E-1 2.72999E-1 2.86663E-1 2.69264E-1
5.31784E-1 5.79531E-1 4.37106E-1 5.08792E-1 3.78456E-1 2.87919E-1 3.50183E-1 4.29661E-1 4.17473E-1 3.69751E-1 4.65691E-1 3.44193E-1 3.48688E-1 3.10987E-1 3.75058E-1 4.59978E-1 4.20222E-1 4.80684E-1 4.49423E-1 6.01579E-1 3.39448E-1 3.48243E-1 3.00491E-1 2.9919E-1 3.12408E-1 2.68386E-1 1.80128E-1 1.62378E-1 2.09387E-1 2.68367E-1 4.04214E-1 3.38668E-1 3.17071E-1 3.21963E-1 3.69651E-1 4.63528E-1 4.945E-1 3.74106E-1 4.13843E-1 6.4369E-1 7.22136E-1 7.03955E-1 5.27224E-1 4.99028E-1 4.33637E-1 9.00709E-2 2.48733E-1 1.96744E-1 4.70387E-1 4.92213E-1 5.58599E-1 5.37079E-1 4.49928E-1 2.4812E-1 3.75349E-1 3.22926E-1 2.74885E-1 2.53529E-1 1.24703E-1 2.88136E-1
2.8159E-1 4.60106E-1 3.30488E-1 4.52153E-1 4.38272E-1 4.22667E-1 2.71764E-1 3.76769E-1 4.91833E-1 4.13767E-1 2.18841E-1 5.38323E-1 3.25341E-1 3.33607E-1 3.91242E-1 4.81499E-1 4.2878E-1 4.84801E-1 4.59314E-1 4.15832E-1 3.83949E-1 3.22484E-1 2.67909E-1 2.69245E-1 3.18724E-1 2.6129E-1 1.79092E-1 1.75922E-1 2.00625E-1 2.74198E-1 3.85476E-1 3.49272E-1 3.01138E-1 2.97967E-1 3.53353E-1 4.7427E-1 4.91523E-1 5.00617E-1 3.98031E-1 3.59284E-1 7.25941E-1 7.00342E-1 6.6954E-1 2.14817E-1 1.85418E-1 1.00077E-1 3.37772E-1 2.32295E-1 3.44746E-1 3.81053E-1 3.59257E-1 3.80724E-1 3.79828E-1 3.75584E-1 3.66994E-1 1.96681E-1 3.21674E-1 2.09755E-1 2.50942E-1 1.6166E-1
4.15086E-1 2.61015E-1 3.1491E-1 3.91429E-1 3.7857E-1 4.08041E-1 4.61469E-1 5.01492E-1 4.98932E-1 4.47159E-1 1.50894E-1 2.54944E-1 3.65728E-1 3.93434E-1 4.33958E-1 5.17897E-1 3.64782E-1 5.00327E-1 4.92208E-1 4.81581E-1 4.36969E-1 3.43885E-1 2.99861E-1 3.11129E-1 4.1624E-1 2.91854E-1 2.06045E-1 2.00093E-1 1.85041E-1 2.81199E-1 3.50695E-1 3.49064E-1 2.88478E-1 2.78025E-1 3.74527E-1 4.66494E-1 4.82928E-1 4.6881E-1 4.62538E-1 4.67829E-1 5.13953E-1 6.91797E-1 4.90722E-1 4.49572E-1 1.95897E-1 1.22835E-1 1.30335E-1 1.30373E-1 1.84876E-1 2.52223E-1 3.12158E-1 3.34888E-1 3.72917E-1 3.56941E-1 3.22929E-1 2.97156E-1 2.69532E-1 3.04918E-1 2.38618E-1 1.90503E-1
4.09663E-1 2.75568E-1 2.81198E-1 2.72276E-1 3.29211E-1 3.91631E-1 4.6597E-1 6.28298E-1 1.67588E-1 4.74763E-1 3.04025E-1 2.96991E-1 3.61261E-1 3.55383E-1 2.84702E-1 5.33556E-1 3.22109E-1 4.88186E-1 4.97047E-1 5.68742E-1 4.83266E-1 3.67878E-1 3.54864E-1 3.6842E-1 4.95983E-1 3.37275E-1 2.6834E-1 2.85041E-1 2.36735E-1 3.22572E-1 3.10947E-1 3.38563E-1 2.89197E-1 2.7788E-1 3.93337E-1 4.44423E-1 4.43628E-1 4.21339E-1 4.19093E-1 4.33432E-1 4.84934E-1 5.31227E-1 5.66494E-1 2.29906E-1 1.68539E-1 1.06667E-1 9.42615E-2 1.30094E-1 1.51673E-1 2.9424E-1 1.6424E-1 2.60438E-1 3.08173E-1 2.62824E-1 3.02386E-1 2.70054E-1 2.76405E-1 2.57636E-1 2.02488E-1 1.76707E-1
5.19709E-1 3.25832E-1 3.50864E-1 3.48069E-1 3.62737E-1 4.06499E-1 4.66066E-1 4.26601E-1 5.60354E-1 3.13877E-1 3.79817E-1 3.42842E-1 4.12734E-1 2.37685E-1 4.63544E-1 5.26755E-1 5.27627E-1 4.82966E-1 4.5721E-1 6.00426E-1 4.93138E-1 4.43407E-1 4.11707E-1 4.35584E-1 5.4971E-1 3.85781E-1 3.96889E-1 3.52821E-1 2.91529E-1 3.53465E-1 2.70943E-1 2.93235E-1 2.86531E-1 2.95266E-1 3.98231E-1 4.11213E-1 4.02272E-1 3.75078E-1 3.75478E-1 3.89351E-1 4.49523E-1 1.95748E-1 2.63361E-1 2.12159E-1 1.6783E-1 1.0546E-1 9.03758E-2 2.45165E-1 2.64325E-1 1.08082E-1 3.22969E-1 1.62056E-1 2.7807E-1 3.02175E-1 2.82694E-1 2.44153E-1 2.38621E-1 2.06988E-1 1.7457E-1 1.85865E-1
5.34033E-1 4.11253E-1 4.30447E-1 4.41728E-1 4.36117E-1 4.57143E-1 4.86401E-1 5.05454E-1 4.64696E-1 4.37217E-1 6.16469E-1 5.73967E-1 4.75946E-1 5.96506E-1 5.82324E-1 5.62382E-1 5.25192E-1 4.94975E-1 4.55112E-1 4.60881E-1 5.26444E-1 5.12737E-1 5.22891E-1 6.34974E-1 6.40194E-1 5.41131E-1 5.32624E-1 4.17287E-1 4.07368E-1 4.19836E-1 4.64747E-1 4.63411E-1 3.9868E-1 4.74272E-1 5.02976E-1 4.82209E-1 4.6573E-1 4.28473E-1 4.20283E-1 3.98631E-1 3.36213E-1 1.54699E-1 2.12422E-1 1.75705E-1 1.43417E-1 1.28443E-1 9.87209E-2 8.26202E-2 1.79176E-1 1.00194E-1 8.3478E-2 1.67274E-1 2.08974E-1 2.33669E-1 2.73089E-1 3.50859E-1 3.41059E-1 3.26617E-1 3.83195E-1 3.68789E-1
4.08944E-1 4.86941E-1 4.94473E-1 5.16059E-1 4.93615E-1 4.89661E-1 3.26223E-1 3.47907E-1 4.14484E-1 3.96684E-1 4.18287E-1 4.72362E-1 5.10667E-1 5.87621E-1 5.72268E-1 5.13345E-1 4.70221E-1 4.51218E-1 4.72911E-1 4.72065E-1 5.23166E-1 4.27407E-1 5.80107E-1 7.2295E-1 6.62749E-1 5.79013E-1 5.18008E-1 4.61042E-1 4.47851E-1 4.31777E-1 5.01312E-1 5.11215E-1 4.02695E-1 5.25485E-1 5.78537E-1 5.90628E-1 5.49925E-1 4.78113E-1 4.21796E-1 3.87452E-1 1.9552E-1 2.25876E-1 2.05065E-1 1.72289E-1 1.5646E-1 1.71911E-1 1.49246E-1 1.14805E-1 2.12372E-1 1.24407E-1 9.10458E-2 3.48967E-1 1.8462E-1 2.12131E-1 2.50592E-1 3.15636E-1 3.27759E-1 3.69353E-1 4.23142E-1 3.05529E-1
4.30453E-1 5.20979E-1 5.12092E-1 3.53188E-1 3.04328E-1 3.93308E-1 4.74362E-1 4.9893E-1 4.68439E-1 5.20731E-1 6.46445E-1 5.22122E-1 6.25091E-1 5.69544E-1 5.53252E-1 4.78029E-1 4.83019E-1 5.06304E-1 5.67236E-1 5.58278E-1 5.61561E-1 4.19771E-1 6.50934E-1 7.34582E-1 6.75622E-1 6.35427E-1 5.67167E-1 5.04983E-1 4.93009E-1 4.81052E-1 5.6481E-1 5.51609E-1 3.76915E-1 5.6955E-1 6.25981E-1 6.7107E-1 6.95302E-1 6.60497E-1 5.05498E-1 3.0054E-1 2.11099E-1 2.22533E-1 1.83337E-1 1.51398E-1 1.4899E-1 1.86245E-1 2.12652E-1 2.1235E-1 2.55143E-1 2.51223E-1 2.74618E-1 1.67676E-1 1.58354E-1 1.62528E-1 1.92556E-1 2.81202E-1 3.26787E-1 3.16592E-1 2.60419E-1 2.50204E-1
4.66569E-1 5.09989E-1 3.29184E-1 5.42021E-1 4.94291E-1 4.76202E-1 4.69114E-1 4.91623E-1 4.73071E-1 5.15521E-1 6.47234E-1 6.05902E-1 6.15868E-1 5.84378E-1 5.61763E-1 5.22434E-1 5.42117E-1 5.83139E-1 6.72178E-1 6.60259E-1 5.60779E-1 6.35943E-1 6.87492E-1 7.34089E-1 6.84245E-1 6.76428E-1 5.94022E-1 5.48669E-1 5.29464E-1 5.21932E-1 6.08563E-1 5.72499E-1 3.66147E-1 5.92559E-1 6.70881E-1 6.40637E-1 7.25417E-1 7.39658E-1 3.73254E-1 4.9212E-1 3.22605E-1 2.97684E-1 2.23431E-1 1.9275E-1 1.90539E-1 2.1115E-1 2.65298E-1 3.11284E-1 3.61291E-1 3.88031E-1 2.11373E-1 1.9573E-1 2.19778E-1 2.38907E-1 2.54382E-1 2.57622E-1 2.33037E-1 3.61189E-1 3.84795E-1 4.10719E-1
4.70358E-1 5.18815E-1 3.35996E-1 5.0731E-1 4.40196E-1 3.99541E-1 4.64947E-1 5.00749E-1 4.24596E-1 5.25985E-1 6.45921E-1 6.43682E-1 4.91924E-1 5.96052E-1 5.74946E-1 5.67423E-1 5.77054E-1 4.97796E-1 6.37134E-1 5.57859E-1 5.64199E-1 6.38147E-1 6.65653E-1 7.16316E-1 7.02329E-1 7.02313E-1 6.2126E-1 5.8375E-1 5.48341E-1 5.25078E-1 5.88444E-1 5.76901E-1 5.75051E-1 6.371E-1 6.97049E-1 6.76634E-1 7.69618E-1 5.5504E-1 7.28104E-1 6.16148E-1 3.65108E-1 2.74206E-1 2.5456E-1 2.70406E-1 2.69604E-1 2.60908E-1 2.96902E-1 3.57482E-1 4.33836E-1 4.25287E-1 3.26811E-1 3.25031E-1 2.47279E-1 1.69509E-1 2.33436E-1 3.61558E-1 3.94006E-1 4.23921E-1 4.47939E-1 4.58692E-1
4.82091E-1 2.79349E-1 4.40872E-1 4.59579E-1 3.98272E-1 3.65467E-1 3.64264E-1 5.53267E-1 5.14037E-1 5.2827E-1 5.17772E-1 5.09268E-1 3.09755E-1 4.68283E-1 4.9285E-1 5.73538E-1 3.68233E-1 6.48181E-1 5.84737E-1 4.84879E-1 3.37018E-1 6.19954E-1 6.65664E-1 6.54436E-1 6.73141E-1 7.2333E-1 6.21955E-1 5.90605E-1 5.84361E-1 5.32099E-1 5.19859E-1 5.61736E-1 5.72738E-1 6.35425E-1 6.93881E-1 6.17668E-1 7.07031E-1 5.92185E-1 5.72958E-1 5.10072E-1 4.79827E-1 4.7443E-1 4.67547E-1 4.20601E-1 3.45691E-1 2.45789E-1 2.24171E-1 3.08487E-1 4.05289E-1 4.30335E-1 5.3356E-1 3.29408E-1 4.38704E-1 4.03471E-1 3.5986E-1 2.86662E-1 3.23749E-1 2.40355E-1 2.82853E-1 3.95554E-1
3.95323E-1 3.17912E-1 4.51286E-1 4.1699E-1 3.66111E-1 3.3818E-1 2.93025E-1 2.88619E-1 5.81541E-1 4.69588E-1 4.9267E-1 4.81957E-1 3.0709E-1 4.62486E-1 3.97757E-1 5.10932E-1 5.57803E-1 7.17674E-1 5.63856E-1 4.81603E-1 5.36288E-1 6.90593E-1 6.97467E-1 6.89282E-1 6.87793E-1 7.3648E-1 5.18577E-1 6.22178E-1 5.81329E-1 5.283E-1 5.20389E-1 4.94044E-1 5.41474E-1 6.29771E-1 6.88212E-1 5.08358E-1 5.64212E-1 5.33383E-1 5.62034E-1 4.02359E-1 3.72617E-1 4.23476E-1 4.44134E-1 4.37917E-1 3.8635E-1 3.21739E-1 3.39498E-1 3.39546E-1 3.99666E-1 4.41668E-1 5.84191E-1 5.37417E-1 4.36315E-1 4.28764E-1 3.93879E-1 3.29104E-1 3.90198E-1 4.3984E-1 2.92687E-1 2.89853E-1
2.36034E-1 4.89857E-1 4.4394E-1 4.13033E-1 3.5334E-1 3.15045E-1 2.78157E-1 1.86192E-1 4.77038E-1 4.28763E-1 4.62139E-1 4.75152E-1 2.7846E-1 3.50571E-1 5.2891E-1 6.02656E-1 5.45979E-1 6.99947E-1 4.2718E-1 4.93643E-1 7.24326E-1 7.45106E-1 7.40004E-1 7.29176E-1 7.24167E-1 7.21144E-1 5.86672E-1 6.1798E-1 6.08104E-1 5.52502E-1 5.23348E-1 4.98246E-1 5.11938E-1 5.26256E-1 1.08478E-1 2.92236E-1 2.9636E-1 3.55771E-1 5.7868E-1 5.65837E-1 6.06206E-1 5.15831E-1 4.81483E-1 4.86173E-1 4.48541E-1 3.7589E-1 3.37614E-1 2.8716E-1 2.65176E-1 2.72506E-1 4.33467E-1 4.59644E-1 4.05853E-1 4.30514E-1 4.35323E-1 4.85481E-1 4.32368E-1 3.77176E-1 3.83498E-1 4.39593E-1
4.24998E-1 4.79147E-1 4.40583E-1 4.06749E-1 3.41782E-1 3.24664E-1 1.19662E-1 3.44021E-1 3.01058E-1 3.89005E-1 4.25057E-1 4.33853E-1 4.52552E-1 3.20442E-1 5.11493E-1 5.67405E-1 5.30926E-1 4.32483E-1 4.42061E-1 6.77356E-1 7.39324E-1 5.00522E-1 6.30236E-1 6.83896E-1 7.51985E-1 7.20343E-1 6.21694E-1 5.77932E-1 3.96251E-1 5.79161E-1 5.46315E-1 5.54226E-1 5.40096E-1 1.35268E-1 3.18346E-1 3.40983E-1 3.33917E-1 2.58845E-1 7.03439E-1 5.28177E-1 5.67416E-1 5.97007E-1 5.30348E-1 5.24636E-1 4.87074E-1 4.12239E-1 3.6361E-1 2.91816E-1 2.21969E-1 2.00919E-1 3.41896E-1 4.28136E-1 4.66948E-1 6.14479E-1 5.5371E-1 4.23049E-1 4.07301E-1 4.27152E-1 4.88955E-1 5.16034E-1
4.35454E-1 4.31355E-1 4.25558E-1 3.92509E-1 3.29451E-1 3.66623E-1 3.28523E-1 4.67876E-1 4.07865E-1 4.26171E-1 4.32536E-1 4.18003E-1 4.33662E-1 4.45236E-1 4.57172E-1 3.88923E-1 6.09424E-1 4.07034E-1 5.58405E-1 7.17129E-1 6.55481E-1 6.28042E-1 7.37913E-1 7.49879E-1 6.74045E-1 6.05627E-1 6.19135E-1 4.19419E-1 5.73133E-1 5.60277E-1 5.41433E-1 5.18094E-1 5.02754E-1 3.07354E-1 3.97491E-1 4.18243E-1 4.04516E-1 2.85453E-1 1.40534E-1 1.99759E-1 2.21383E-1 4.3933E-1 5.14686E-1 5.01895E-1 5.24339E-1 4.3423E-1 3.88026E-1 3.02274E-1 2.29706E-1 1.51863E-1 1.07171E-1 9.21349E-2 5.94813E-1 5.05546E-1 4.2701E-1 3.22793E-1 3.33329E-1 3.37363E-1 4.95807E-1 4.68594E-1
3.49957E-1 4.03928E-1 3.99717E-1 4.15105E-1 3.9465E-1 2.97637E-1 5.48195E-1 4.78629E-1 4.35729E-1 3.23983E-1 3.54468E-1 4.46453E-1 4.59622E-1 3.19107E-1 5.48351E-1 2.21086E-1 4.66042E-1 4.50998E-1 5.75163E-1 5.92919E-1 5.82294E-1 5.97794E-1 7.22104E-1 5.73463E-1 7.59755E-1 6.63475E-1 4.89132E-1 4.78643E-1 4.27474E-1 4.72948E-1 4.79358E-1 4.34211E-1 5.00378E-1 4.78434E-1 4.57745E-1 4.6079E-1 4.55845E-1 4.39797E-1 4.0477E-1 3.75989E-1 3.09535E-1 3.5162E-1 3.55844E-1 3.99377E-1 2.22437E-1 3.28491E-1 3.06731E-1 2.33482E-1 1.9646E-1 1.57907E-1 1.00428E-1 8.91868E-2 2.05633E-1 1.7838E-1 1.77282E-1 1.47787E-1 1.7031E-1 1.63392E-1 3.89999E-1 4.7009E-1
