Phytophthora/models/20240501_1439_25/Phytophthora_PA3_RUN6_MAXENT_outputs/Phytophthora_PA3_RUN6.asc
ncols         225
nrows         269
xllcorner     473000.0
yllcorner     4429100.0
cellsize      50.0
NODATA_value  -9999
[rows 81 to 107 of 269, columns 0 to 59 of 225]
-9999 -9999 -9999 -9999 -9999 -9999 -9999 -9999 -9999 -9999 -9999 -9999 -9999 -9999 -9999 -9999 -9999 -9999 -9999 -9999 -9999 -9999 -9999 -9999 -9999 -9999 -9999 -9999 -9999 -9999 -9999 -9999 2.00267E-3 2.07523E-3 2.65409E-3 3.71462E-3 5.31806E-3 8.68227E-3 1.01525E-2 9.56272E-3 1.61247E-2 1.41889E-2 1.09314E-2 1.31464E-2 1.49794E-2 1.98446E-2 2.35004E-2 1.59439E-2 1.48858E-2 2.64439E-2 2.30095E-2 3.59234E-2 2.77215E-2 3.08245E-2 1.54386E-2 4.97305E-2 4.34725E-2 2.15122E-2 5.75497E-2 2.71471E-2
-9999 -9999 -9999 -9999 -9999 -9999 -9999 -9999 -9999 -9999 -9999 -9999 -9999 -9999 -9999 -9999 -9999 -9999 -9999 -9999 -9999 -9999 -9999 -9999 -9999 -9999 -9999 -9999 -9999 -9999 -9999 -9999 2.99792E-3 3.80746E-3 3.72278E-3 4.32368E-3 5.97456E-3 8.38932E-3 6.11517E-3 1.1613E-2 6.88895E-3 1.17746E-2 7.83974E-3 2.5604E-2 2.40508E-2 2.17996E-2 2.48228E-2 2.93483E-2 2.87024E-2 2.91432E-2 3.25695E-2 4.81412E-2 3.88165E-2 4.41534E-2 4.36271E-2 3.49082E-2 2.45561E-2 4.373E-2 2.82086E-2 4.62588E-2
-9999 -9999 -9999 -9999 -9999 -9999 -9999 -9999 -9999 -9999 -9999 -9999 -9999 -9999 -9999 -9999 -9999 -9999 -9999 -9999 -9999 -9999 -9999 -9999 -9999 -9999 -9999 -9999 -9999 -9999 -9999 -9999 4.47007E-3 5.90938E-3 3.98454E-3 5.20973E-3 5.32861E-3 8.0405E-3 6.73542E-3 1.0605E-2 9.83907E-3 5.07072E-3 7.37108E-3 2.928E-2 1.56338E-2 2.27956E-2 2.31165E-2 3.1993E-2 2.61175E-2 2.88953E-2 2.73793E-2 3.46132E-2 4.47579E-2 5.05322E-2 5.02901E-2 7.70315E-2 2.59969E-2 4.81304E-2 3.01515E-2 2.80328E-2
-9999 -9999 -9999 -9999 -9999 -9999 -9999 -9999 -9999 -9999 -9999 -9999 -9999 -9999 -9999 -9999 -9999 -9999 -9999 -9999 -9999 -9999 -9999 -9999 -9999 -9999 -9999 -9999 -9999 -9999 -9999 -9999 -9999 6.42895E-3 6.61656E-3 1.1814E-2 8.73263E-3 1.05411E-2 6.88325E-3 1.22611E-2 1.22407E-2 1.41751E-2 1.87871E-2 1.42483E-2 9.62325E-3 2.39842E-2 2.50281E-2 3.81981E-2 3.79406E-2 3.53921E-2 2.86428E-2 2.30381E-2 3.8389E-2 5.26045E-2 6.46363E-2 9.77261E-2 4.65084E-2 7.13578E-2 3.23723E-2 3.83946E-2
-9999 -9999 -9999 -9999 -9999 -9999 -9999 -9999 -9999 -9999 -9999 -9999 -9999 -9999 -9999 -9999 -9999 -9999 -9999 -9999 -9999 -9999 -9999 -9999 -9999 -9999 -9999 -9999 -9999 -9999 -9999 -9999 -9999 8.34909E-3 1.17372E-2 2.10335E-2 2.40406E-2 1.9779E-2 1.09933E-2 1.72503E-2 2.18716E-2 2.15323E-2 2.4325E-2 2.23223E-2 2.56248E-2 1.13941E-2 2.66347E-2 3.14017E-2 6.18437E-2 3.77415E-2 1.7552E-2 3.19803E-2 2.88272E-2 4.03E-2 7.37415E-2 8.20368E-2 3.99103E-2 3.42436E-2 3.52518E-2 4.11098E-2
-9999 -9999 -9999 -9999 -9999 -9999 -9999 -9999 -9999 -9999 -9999 -9999 -9999 -9999 -9999 -9999 -9999 -9999 -9999 -9999 -9999 -9999 -9999 -9999 -9999 -9999 -9999 -9999 -9999 -9999 -9999 -9999 -9999 -9999 4.89539E-2 2.25092E-2 1.58162E-2 1.73377E-2 9.64494E-3 1.89379E-2 2.56071E-2 2.09505E-2 2.13187E-2 2.30425E-2 2.97721E-2 2.13587E-2 2.83791E-2 1.83156E-2 3.15416E-2 7.36972E-2 3.32569E-2 1.54953E-2 3.1001E-2 3.43894E-2 6.66358E-2 4.39765E-2 1.84665E-2 2.57419E-2 3.15858E-2 3.08088E-2
-9999 -9999 -9999 -9999 -9999 -9999 -9999 -9999 -9999 -9999 -9999 -9999 -9999 -9999 -9999 -9999 -9999 -9999 -9999 -9999 -9999 -9999 -9999 -9999 -9999 -9999 -9999 -9999 -9999 -9999 -9999 -9999 -9999 -9999 2.13016E-2 1.72823E-2 1.97271E-2 1.01345E-2 1.67906E-2 3.00938E-2 2.48218E-2 2.43682E-2 2.40718E-2 2.50513E-2 3.43588E-2 3.62366E-2 1.38684E-2 2.74435E-2 2.77303E-2 6.18668E-2 3.14535E-2 3.55872E-2 1.49721E-2 3.25497E-2 7.01549E-2 7.50738E-2 4.41076E-2 2.23672E-2 4.03642E-2 3.62327E-2
-9999 -9999 -9999 -9999 -9999 -9999 -9999 -9999 -9999 -9999 -9999 -9999 -9999 -9999 -9999 -9999 -9999 -9999 -9999 -9999 -9999 -9999 -9999 -9999 -9999 -9999 -9999 -9999 -9999 -9999 -9999 -9999 -9999 -9999 2.36977E-2 2.00116E-2 1.42955E-2 2.84719E-2 2.91512E-2 3.08535E-2 3.00516E-2 2.98954E-2 3.21486E-2 3.21383E-2 4.34674E-2 3.5267E-2 2.94271E-2 2.74835E-2 2.45897E-2 1.61396E-2 1.48171E-2 2.11077E-2 2.95047E-2 2.14829E-2 3.26061E-2 7.46821E-2 8.29861E-2 5.89946E-2 2.83538E-2 4.15827E-2
-9999 -9999 -9999 -9999 -9999 -9999 -9999 -9999 -9999 -9999 -9999 -9999 -9999 -9999 -9999 -9999 -9999 -9999 -9999 -9999 -9999 -9999 -9999 -9999 -9999 -9999 -9999 -9999 -9999 -9999 -9999 -9999 -9999 -9999 2.52091E-2 2.30783E-2 3.30287E-2 2.14576E-2 3.39334E-2 3.25425E-2 3.61263E-2 2.05673E-2 3.72675E-2 4.26093E-2 6.10175E-2 1.54998E-2 2.96133E-2 2.64044E-2 2.38477E-2 1.84289E-2 1.36301E-2 2.20093E-2 2.74356E-2 3.20515E-2 5.52032E-2 8.7173E-2 5.12769E-2 2.50986E-2 2.22137E-2 3.87345E-2
-9999 -9999 -9999 -9999 -9999 -9999 -9999 -9999 -9999 -9999 -9999 -9999 -9999 -9999 -9999 -9999 -9999 -9999 -9999 -9999 -9999 -9999 -9999 -9999 -9999 -9999 -9999 -9999 -9999 -9999 -9999 -9999 -9999 -9999 2.66775E-2 2.48481E-2 3.29504E-2 3.17562E-2 3.97853E-2 3.08712E-2 4.29087E-2 2.52182E-2 4.31905E-2 5.03948E-2 8.47691E-2 2.26984E-2 3.32973E-2 2.66861E-2 2.19216E-2 1.37374E-2 1.21548E-2 1.98994E-2 2.35576E-2 2.99507E-2 4.29485E-2 7.72412E-2 8.52795E-2 4.20482E-2 2.06282E-2 2.4168E-2
-9999 -9999 -9999 -9999 -9999 -9999 -9999 -9999 -9999 -9999 -9999 -9999 -9999 -9999 -9999 -9999 -9999 -9999 -9999 -9999 -9999 -9999 -9999 -9999 -9999 -9999 -9999 -9999 -9999 -9999 -9999 -9999 -9999 1.71995E-2 2.34081E-2 2.44366E-2 3.68809E-2 3.84962E-2 3.63334E-2 3.10834E-2 3.56284E-2 5.40788E-2 5.10203E-2 5.8385E-2 7.97813E-2 2.81807E-2 4.06932E-2 3.14174E-2 2.46546E-2 1.65917E-2 1.06455E-2 1.40486E-2 1.77912E-2 2.58453E-2 3.78699E-2 7.00899E-2 8.08704E-2 2.70272E-2 2.47026E-2 3.14691E-2
-9999 -9999 -9999 -9999 -9999 -9999 -9999 -9999 -9999 -9999 -9999 -9999 -9999 -9999 -9999 -9999 -9999 -9999 -9999 -9999 -9999 -9999 1.33214E-2 1.42256E-2 -9999 -9999 -9999 -9999 -9999 -9999 1.4969E-2 1.69235E-2 1.85752E-2 2.16519E-2 2.6255E-2 2.31341E-2 3.07048E-2 3.18532E-2 1.94266E-2 3.7356E-2 3.56994E-2 6.26086E-2 5.82138E-2 6.31258E-2 7.85787E-2 4.83096E-2 5.77253E-2 3.65763E-2 3.265E-2 2.48641E-2 1.47526E-2 1.64394E-2 1.95824E-2 3.748E-2 5.05054E-2 2.46114E-2 1.88082E-2 3.7009E-2 2.93684E-2 1.72354E-2
-9999 -9999 -9999 -9999 -9999 -9999 -9999 -9999 -9999 -9999 -9999 -9999 -9999 -9999 -9999 -9999 -9999 -9999 1.90126E-4 3.52246E-4 1.11123E-2 1.29583E-2 1.38021E-2 1.56191E-2 4.6326E-3 1.31651E-3 2.5106E-3 7.67443E-4 5.95105E-4 6.2377E-4 1.80722E-2 2.16016E-2 2.53688E-2 2.17773E-2 2.33209E-2 2.31456E-2 3.21356E-2 2.76583E-2 2.21728E-2 3.897E-2 3.87558E-2 5.78597E-2 6.45555E-2 3.72336E-2 2.628E-2 9.25915E-2 8.46783E-2 5.38493E-2 3.30098E-2 2.38991E-2 1.73961E-2 9.69983E-3 1.28553E-2 1.23933E-2 7.34206E-3 -9999 1.10485E-2 2.82817E-2 2.64757E-2 3.14309E-2
-9999 -9999 -9999 -9999 -9999 -9999 -9999 -9999 -9999 -9999 -9999 -9999 -9999 -9999 -9999 -9999 -9999 2.31444E-4 1.88577E-4 2.63139E-4 8.004E-3 1.09214E-2 1.27238E-2 1.49368E-2 5.05682E-3 3.37346E-4 2.23005E-4 5.9253E-4 6.08548E-4 7.55797E-4 2.52842E-2 2.80428E-2 3.23417E-2 2.91291E-2 3.05014E-2 2.81452E-2 2.06086E-2 2.45663E-2 1.55323E-2 3.69253E-2 3.8333E-2 5.82861E-2 9.87409E-2 5.27002E-2 4.09499E-2 5.57119E-2 9.4416E-2 4.25102E-2 2.5191E-2 2.11939E-2 8.09409E-3 6.55392E-3 1.01756E-2 3.81568E-3 1.30816E-2 9.73932E-3 7.56658E-3 -9999 1.662E-2 4.47706E-3
-9999 -9999 -9999 -9999 -9999 -9999 -9999 -9999 -9999 -9999 -9999 -9999 -9999 -9999 2.18866E-4 2.62092E-4 2.67367E-4 3.0164E-4 2.31757E-4 3.03813E-4 8.25443E-3 1.10957E-2 1.53448E-2 1.90195E-2 6.98604E-3 4.74968E-4 4.96436E-4 3.65838E-4 6.41114E-4 7.90168E-4 2.49688E-2 3.19113E-2 2.9913E-2 3.44706E-2 3.74065E-2 1.81402E-2 3.89853E-2 2.54685E-2 3.91838E-2 3.67586E-2 3.90183E-2 6.36151E-2 9.54092E-2 5.71678E-2 4.43449E-2 6.22863E-2 2.11756E-2 1.56887E-2 1.73917E-2 1.97598E-2 1.54331E-2 1.53204E-2 1.453E-2 2.17578E-2 1.52694E-2 1.09662E-2 8.86927E-3 5.2318E-3 8.128E-3 2.09262E-2
-9999 -9999 -9999 -9999 -9999 -9999 -9999 -9999 -9999 -9999 -9999 -9999 5.60508E-3 6.76542E-3 9.13581E-3 1.18118E-2 1.26239E-2 1.42099E-2 1.37873E-2 1.24083E-2 8.99968E-3 9.23298E-3 1.19991E-2 1.53439E-2 1.81141E-2 1.83943E-2 1.75011E-2 1.27233E-2 1.90857E-2 2.16389E-2 3.01562E-2 3.66925E-2 2.86535E-2 3.42388E-2 4.35763E-2 2.06742E-2 3.94987E-2 2.43977E-2 5.22469E-2 5.12445E-2 7.96732E-2 1.45694E-1 1.78436E-1 6.52673E-2 6.36789E-2 4.87309E-2 3.79408E-2 3.36864E-2 3.1345E-2 2.73552E-2 2.45343E-2 3.206E-2 3.92747E-2 3.95715E-2 2.79629E-2 1.57098E-2 8.45667E-3 7.60286E-3 9.94205E-3 1.98591E-2
-9999 -9999 -9999 -9999 -9999 -9999 -9999 -9999 -9999 -9999 -9999 7.06303E-3 8.35499E-3 1.36973E-2 1.74997E-2 2.23646E-2 2.66222E-2 2.81476E-2 2.8753E-2 2.14132E-2 1.66999E-2 1.35305E-2 1.43784E-2 1.77464E-2 2.09756E-2 2.57618E-2 3.22264E-2 3.96971E-2 3.21429E-2 4.31015E-2 3.95197E-2 4.57989E-2 3.60656E-2 4.00602E-2 4.08419E-2 2.35903E-2 4.40715E-2 4.0436E-2 5.35806E-2 6.47519E-2 8.35398E-2 9.05336E-2 1.13872E-1 1.44515E-1 7.79838E-2 6.99982E-2 5.18715E-2 3.45846E-2 2.87922E-2 2.6219E-2 2.27797E-2 2.71369E-2 3.53748E-2 3.70617E-2 3.54059E-2 3.4171E-2 1.22854E-2 9.48322E-3 1.2849E-2 1.84946E-2
-9999 -9999 -9999 -9999 -9999 -9999 -9999 -9999 -9999 -9999 -9999 1.30206E-2 1.62924E-2 2.55808E-2 2.74212E-2 3.31921E-2 3.63342E-2 4.30566E-2 4.11213E-2 2.86208E-2 2.61355E-2 2.24737E-2 1.67167E-2 2.03867E-2 2.36535E-2 2.94018E-2 3.45531E-2 4.51059E-2 3.44668E-2 5.61285E-2 5.21555E-2 5.17237E-2 4.59814E-2 2.14518E-2 4.65359E-2 3.3607E-2 5.06734E-2 2.81909E-2 5.36747E-2 4.03638E-2 1.12794E-1 1.72036E-1 1.54358E-1 1.14301E-1 9.59638E-2 8.29926E-2 3.55366E-2 2.89787E-2 2.77798E-2 3.17539E-2 4.18243E-2 3.42089E-2 3.97467E-2 4.48732E-2 4.77051E-2 4.45553E-2 2.60636E-2 2.414E-2 2.40098E-2 2.56671E-2
-9999 -9999 -9999 -9999 -9999 -9999 -9999 -9999 -9999 -9999 -9999 1.88399E-2 2.2587E-2 2.74093E-2 3.4329E-2 4.4695E-2 4.54909E-2 4.5761E-2 4.88066E-2 4.29512E-2 3.44398E-2 2.78203E-2 2.16457E-2 2.19383E-2 2.56815E-2 3.09015E-2 4.25313E-2 6.23216E-2 6.7248E-2 4.34505E-2 7.09728E-2 5.92473E-2 4.77271E-2 4.56076E-2 2.61137E-2 3.62766E-2 4.19358E-2 2.4408E-2 4.08097E-2 4.15014E-2 9.56363E-2 1.4552E-1 1.4209E-1 1.28179E-1 3.84152E-2 4.36522E-2 2.762E-2 2.73636E-2 3.23507E-2 4.23822E-2 4.0731E-2 2.15566E-2 4.56019E-2 4.1885E-2 5.88281E-2 5.47301E-2 3.83357E-2 3.32464E-2 3.34976E-2 3.28315E-2
-9999 -9999 -9999 -9999 -9999 -9999 -9999 -9999 -9999 -9999 -9999 1.68228E-2 2.11623E-2 2.65743E-2 3.87566E-2 5.65423E-2 6.5056E-2 3.09968E-2 6.968E-2 5.55053E-2 4.2531E-2 3.40356E-2 2.75068E-2 2.36168E-2 2.45363E-2 3.10487E-2 5.42069E-2 6.94936E-2 7.10897E-2 6.71811E-2 6.75179E-2 4.12262E-2 3.26782E-2 5.00103E-2 6.04317E-2 5.03982E-2 4.7927E-2 3.75364E-2 3.97674E-2 6.29872E-2 8.02521E-2 1.58608E-1 1.68306E-1 4.33658E-2 9.50195E-2 4.29744E-2 3.37386E-2 3.10329E-2 3.88263E-2 4.23034E-2 4.0742E-2 4.55195E-2 4.39814E-2 5.37347E-2 5.14044E-2 3.60507E-2 4.75877E-2 4.44704E-2 4.1859E-2 3.96345E-2
-9999 -9999 -9999 -9999 -9999 -9999 -9999 -9999 -9999 -9999 -9999 1.62091E-2 2.33948E-2 3.37317E-2 5.5485E-2 8.07963E-2 9.46082E-2 4.78795E-2 9.81363E-2 7.19725E-2 6.72199E-2 4.99864E-2 3.99725E-2 2.77645E-2 3.65505E-2 5.48323E-2 8.39087E-2 9.57728E-2 6.71332E-2 5.67246E-2 6.76931E-2 7.59506E-2 3.78646E-2 5.70978E-2 3.95921E-2 4.25553E-2 5.20988E-2 3.22314E-2 2.92415E-2 6.09195E-2 5.84299E-2 4.71074E-2 1.0164E-1 1.04474E-1 4.69658E-2 3.89409E-2 3.27891E-2 2.79736E-2 2.44267E-2 2.87665E-2 3.90482E-2 4.06573E-2 3.99369E-2 4.46481E-2 8.55047E-2 5.28988E-2 3.36276E-2 5.45439E-2 5.51751E-2 4.80009E-2
-9999 -9999 -9999 -9999 -9999 -9999 -9999 -9999 -9999 -9999 -9999 2.05194E-2 3.70864E-2 6.15984E-2 6.44209E-2 9.02843E-2 1.09325E-1 7.06029E-2 1.42618E-1 1.18809E-1 8.20756E-2 5.24506E-2 4.59568E-2 3.44401E-2 3.35299E-2 5.64791E-2 7.50753E-2 7.8878E-2 5.3511E-2 8.73414E-2 9.57428E-2 7.18875E-2 5.20682E-2 5.10192E-2 3.565E-2 4.08917E-2 5.41027E-2 3.18755E-2 5.28712E-2 3.91853E-2 4.11623E-2 4.17185E-2 3.78762E-2 5.7013E-2 7.97444E-3 4.42609E-2 4.20647E-2 3.18587E-2 2.61795E-2 2.87138E-2 3.75691E-2 3.63579E-2 3.35061E-2 3.88215E-2 9.51713E-2 6.28039E-2 5.43171E-2 3.23032E-2 3.35603E-2 4.54489E-2
-9999 -9999 -9999 -9999 -9999 -9999 -9999 -9999 -9999 -9999 -9999 3.02216E-2 7.04591E-2 7.08229E-2 7.00317E-2 9.27119E-2 1.09504E-1 1.71747E-1 1.31812E-1 7.78089E-2 6.51268E-2 5.35372E-2 4.4965E-2 3.38177E-2 4.27429E-2 7.88184E-2 9.13445E-2 8.89206E-2 7.9021E-2 9.43948E-2 7.45142E-2 3.51438E-2 3.21243E-2 4.46689E-2 3.41902E-2 2.7029E-2 3.63196E-2 2.04484E-2 4.08994E-2 4.49211E-2 4.17778E-2 3.76407E-2 2.6409E-2 3.946E-2 4.50861E-2 1.54901E-2 5.5882E-2 4.30338E-2 3.55884E-2 3.48734E-2 3.03382E-2 3.19067E-2 2.61383E-2 3.09926E-2 8.35723E-2 9.8799E-2 5.44005E-2 5.5587E-2 6.06354E-2 5.85257E-2
-9999 -9999 -9999 -9999 -9999 -9999 -9999 -9999 -9999 -9999 -9999 1.83294E-2 1.89133E-2 2.01743E-2 4.88266E-2 6.56921E-2 9.15526E-2 1.23686E-1 7.93358E-2 6.95773E-2 6.54147E-2 5.66056E-2 4.6219E-2 4.13917E-2 8.62445E-2 9.79388E-2 9.02404E-2 8.6156E-2 5.94218E-2 5.62587E-2 5.99925E-2 4.38659E-2 5.32058E-2 4.80747E-2 4.26518E-2 3.53661E-2 3.60101E-2 3.88826E-2 3.471E-2 4.60833E-2 3.27725E-2 2.76373E-2 1.93566E-2 3.93933E-2 2.58186E-2 2.93693E-2 6.6617E-2 4.84504E-2 5.29079E-2 3.80192E-2 2.54004E-2 2.67977E-2 2.04392E-2 2.58849E-2 5.41314E-2 8.69242E-2 5.51431E-2 4.3935E-2 4.85389E-2 4.87698E-2
-9999 -9999 -9999 -9999 -9999 -9999 -9999 -9999 -9999 -9999 -9999 2.66819E-2 3.22679E-2 2.64326E-2 3.31604E-2 5.37661E-2 6.40839E-2 6.81131E-2 6.6656E-2 6.62185E-2 5.57834E-2 5.34084E-2 5.01217E-2 4.884E-2 1.16856E-1 1.15057E-1 5.47783E-2 4.94152E-2 4.98752E-2 3.48949E-2 2.74118E-2 5.90463E-2 5.29927E-2 4.6291E-2 4.01243E-2 3.54551E-2 4.0108E-2 5.41893E-2 2.69878E-2 4.09373E-2 3.30744E-2 2.88127E-2 2.64599E-2 3.6709E-2 2.85985E-2 2.35112E-2 4.32786E-3 3.69079E-2 3.77315E-2 3.27052E-2 2.65892E-2 2.6447E-2 1.86627E-2 2.16748E-2 6.66751E-2 7.55588E-2 3.47661E-2 3.74481E-2 4.18091E-2 4.16511E-2
-9999 -9999 -9999 -9999 -9999 -9999 -9999 -9999 -9999 -9999 -9999 3.78173E-2 4.78763E-2 5.451E-2 4.46314E-2 5.84253E-2 7.06187E-2 6.58527E-2 5.46963E-2 4.72907E-2 5.80818E-2 7.55007E-2 6.39182E-2 1.34955E-1 1.38862E-1 7.36969E-2 4.81869E-2 3.49957E-2 3.58684E-2 5.11298E-2 5.84572E-2 5.42654E-2 4.60284E-2 3.46158E-2 2.98292E-2 3.2052E-2 3.52206E-2 4.34787E-2 2.8867E-2 4.08725E-2 2.36741E-2 2.08226E-2 1.83526E-2 2.61041E-2 2.34428E-2 2.50188E-2 1.89709E-2 -9999 2.81784E-2 3.70143E-2 2.88623E-2 2.61491E-2 2.10357E-2 2.13314E-2 5.04491E-2 3.66589E-2 3.82804E-2 4.02959E-2 4.52564E-2 4.52373E-2
-9999 -9999 -9999 -9999 -9999 -9999 -9999 -9999 -9999 -9999 -9999 5.27985E-2 6.19875E-2 7.07505E-2 8.32221E-2 7.18871E-2 7.27019E-2 5.71142E-2 4.74377E-2 4.77318E-2 7.38062E-2 9.55393E-2 1.09822E-1 4.85109E-2 1.43207E-1 4.47974E-2 2.49989E-2 5.04337E-2 4.75243E-2 4.52739E-2 5.55221E-2 4.66293E-2 4.00462E-2 3.12239E-2 3.22305E-2 3.10289E-2 4.30539E-2 4.36449E-2 2.76412E-2 4.08464E-2 2.39174E-2 2.28117E-2 2.3144E-2 3.08056E-2 2.96075E-2 2.67999E-2 2.28781E-2 2.03385E-2 1.20472E-2 3.90936E-2 3.8281E-2 3.37619E-2 2.88208E-2 5.91993E-2 6.02396E-2 2.30923E-2 2.86576E-2 4.25093E-2 5.00988E-2 6.13355E-2
