Phytophthora/models/20240501_1439_25/Phytophthora_PA3_RUN6_MAXENT_outputs/Phytophthora_PA3_RUN6.asc
ncols         225
nrows         269
xllcorner     473000.0
yllcorner     4429100.0
cellsize      50.0
NODATA_value  -9999
[rows 216 to 242 of 269, columns 120 to 179 of 225]
3.12633E-1 2.63669E-1 2.16051E-1 1.74447E-1 1.56747E-1 1.46858E-1 1.20861E-1 8.60262E-2 6.47873E-2 2.04916E-2 1.56599E-2 1.1282E-2 2.18809E-2 2.96693E-2 3.95464E-2 9.14179E-2 2.34145E-1 2.20263E-1 2.40359E-1 2.59826E-1 3.26659E-1 4.856E-1 4.46717E-1 5.12937E-1 5.28104E-1 3.66653E-1 3.96361E-1 2.91995E-1 2.86889E-1 2.54484E-1 2.43309E-1 2.32119E-1 4.71902E-1 5.03804E-1 5.65442E-1 2.19E-1 3.87822E-1 2.84913E-1 2.40218E-1 2.69916E-1 2.96032E-1 3.41183E-1 3.48234E-1 3.28544E-1 4.07542E-1 4.21309E-1 4.45731E-1 4.14209E-1 3.15083E-1 3.1499E-1 1.83723E-1 1.03734E-1 8.60728E-2 6.91771E-2 1.17038E-1 9.53676E-2 1.46597E-1 1.30258E-1 1.33263E-1 1.37762E-1
2.6388E-1 2.11711E-1 1.95191E-1 2.00065E-1 1.82516E-1 1.69586E-1 1.44206E-1 9.77998E-2 6.77354E-2 4.91861E-2 4.84764E-2 4.58881E-2 1.57515E-2 5.3919E-2 3.54686E-2 9.23862E-2 1.53651E-1 1.75684E-1 2.12173E-1 2.27767E-1 2.39109E-1 3.28204E-1 3.67986E-1 4.8949E-1 4.40181E-1 3.86622E-1 2.27613E-1 3.9086E-1 2.34018E-1 2.48327E-1 2.50599E-1 2.80686E-1 5.04015E-1 4.26239E-1 3.47047E-1 3.8286E-1 2.86211E-1 2.15985E-1 2.40213E-1 2.91079E-1 3.27297E-1 3.99918E-1 2.80291E-1 3.11552E-1 4.28217E-1 4.2076E-1 4.64618E-1 4.1919E-1 3.79539E-1 3.31686E-1 1.56847E-1 1.02189E-1 9.41008E-2 8.46067E-2 5.01817E-2 1.44009E-1 1.12449E-1 1.53908E-1 1.62984E-1 2.14271E-1
4.29324E-1 3.17851E-1 2.69749E-1 2.64691E-1 2.22516E-1 1.97141E-1 1.64801E-1 1.0596E-1 8.2028E-2 5.94287E-2 6.6779E-2 6.6053E-2 6.66271E-2 7.43698E-2 8.13818E-2 1.04823E-1 1.28957E-1 1.52994E-1 1.84287E-1 1.96563E-1 2.07841E-1 2.21974E-1 4.43127E-1 4.78661E-1 3.72968E-1 3.81712E-1 3.96257E-1 2.41906E-1 2.70278E-1 2.15002E-1 2.7377E-1 4.11134E-1 3.74337E-1 5.58705E-1 4.43292E-1 3.36725E-1 2.73673E-1 2.73779E-1 2.72583E-1 2.82935E-1 2.84936E-1 3.15313E-1 4.02103E-1 2.80686E-1 4.09022E-1 3.50095E-1 4.66108E-1 4.12919E-1 3.83001E-1 2.39592E-1 1.35803E-1 1.00069E-1 9.70027E-2 3.2437E-2 1.48473E-1 9.67556E-2 1.27221E-1 1.2355E-1 2.32151E-1 2.76714E-1
3.90173E-1 3.84965E-1 3.44465E-1 2.81073E-1 2.48929E-1 2.18931E-1 1.77273E-1 1.27336E-1 1.12869E-1 8.17899E-2 8.6339E-2 9.66825E-2 1.02093E-1 1.13396E-1 1.18445E-1 1.44117E-1 1.76807E-1 1.88092E-1 1.91227E-1 1.86146E-1 1.84328E-1 2.19586E-1 4.29174E-1 3.61881E-1 3.16682E-1 3.94956E-1 3.03154E-1 2.76609E-1 1.53449E-1 1.94533E-1 2.94947E-1 4.63073E-1 4.15517E-1 4.41507E-1 3.5552E-1 3.18603E-1 3.28733E-1 3.63702E-1 3.35264E-1 3.23405E-1 2.64678E-1 3.08167E-1 3.58432E-1 4.94789E-1 5.29237E-1 4.14452E-1 4.51729E-1 4.1849E-1 4.24492E-1 1.64284E-1 1.18383E-1 7.07965E-2 8.81599E-2 6.1046E-2 1.00857E-1 1.07522E-1 1.20846E-1 2.6558E-1 3.60637E-1 4.32927E-1
2.91173E-1 2.95431E-1 2.84382E-1 2.61593E-1 2.61325E-1 2.30485E-1 2.0041E-1 1.53995E-1 1.35413E-1 1.06482E-1 1.1587E-1 1.30939E-1 1.36284E-1 1.45284E-1 1.55084E-1 1.94467E-1 2.45589E-1 2.33432E-1 2.23083E-1 2.29987E-1 2.28988E-1 3.77125E-1 4.41049E-1 2.74109E-1 3.37891E-1 3.84821E-1 3.51629E-1 2.63526E-1 2.73268E-1 1.79899E-1 2.3561E-1 4.47718E-1 5.17118E-1 3.90982E-1 3.20084E-1 3.67298E-1 3.93461E-1 4.20715E-1 3.98611E-1 3.72346E-1 3.28337E-1 3.01169E-1 3.6139E-1 4.3104E-1 4.80978E-1 3.94338E-1 3.34164E-1 4.32402E-1 4.44752E-1 1.93179E-1 3.95319E-2 1.00729E-1 5.3386E-2 4.74778E-2 9.4951E-2 1.41625E-1 1.31933E-1 2.02434E-1 2.26862E-1 4.06306E-1
1.34131E-1 2.4457E-1 2.37793E-1 2.58492E-1 2.71049E-1 2.61988E-1 2.26034E-1 1.80595E-1 1.51826E-1 1.33865E-1 1.88105E-1 2.12735E-1 2.12708E-1 2.24086E-1 2.33112E-1 2.64018E-1 2.74152E-1 2.43991E-1 2.47293E-1 2.61351E-1 3.14393E-1 4.75104E-1 4.0167E-1 3.05485E-1 3.84418E-1 4.1285E-1 4.35266E-1 2.455E-1 2.89472E-1 2.99368E-1 4.56881E-1 4.37606E-1 4.54274E-1 2.6732E-1 2.65282E-1 3.2497E-1 3.36842E-1 2.90331E-1 2.6071E-1 2.51345E-1 3.49441E-1 2.8258E-1 2.81824E-1 3.14569E-1 3.32135E-1 2.12906E-1 1.55178E-1 1.71596E-1 5.59834E-1 1.95599E-1 7.24047E-2 5.87725E-2 9.90727E-2 1.08663E-1 1.08573E-1 1.63002E-1 2.20436E-1 2.571E-1 2.55858E-1 3.92649E-1
3.30788E-1 3.47399E-1 3.46216E-1 3.21637E-1 3.08945E-1 3.04717E-1 2.66425E-1 2.07024E-1 1.65694E-1 1.57696E-1 2.42377E-1 2.89391E-1 2.60692E-1 2.81282E-1 2.95181E-1 3.36254E-1 3.07056E-1 2.74047E-1 2.96576E-1 2.95193E-1 4.62395E-1 5.3572E-1 4.2392E-1 3.89392E-1 5.44844E-1 3.53374E-1 3.03784E-1 2.19709E-1 2.77619E-1 2.99791E-1 4.16788E-1 4.01842E-1 4.16866E-1 2.39389E-1 3.05616E-1 3.11018E-1 3.08673E-1 3.34448E-1 3.45419E-1 2.19626E-1 3.37312E-1 2.74379E-1 2.38971E-1 1.7166E-1 2.19019E-1 1.69775E-1 1.08463E-1 1.40307E-1 1.13487E-1 3.17382E-1 1.95908E-1 1.11464E-1 1.41975E-1 1.98248E-1 1.6919E-1 1.89474E-1 2.83032E-1 3.35252E-1 3.37932E-1 3.70719E-1
3.36241E-1 3.34577E-1 3.72353E-1 3.77128E-1 3.5598E-1 3.78735E-1 2.92996E-1 2.16528E-1 1.86128E-1 1.85962E-1 2.64087E-1 4.2307E-1 3.07311E-1 3.44302E-1 3.54229E-1 3.82262E-1 3.37368E-1 3.16005E-1 3.57761E-1 3.54273E-1 5.94574E-1 5.93827E-1 4.98958E-1 5.36322E-1 5.21875E-1 2.80242E-1 3.14838E-1 2.79561E-1 2.68239E-1 2.64876E-1 3.66414E-1 3.7519E-1 3.11207E-1 2.45614E-1 2.43182E-1 2.58801E-1 2.62804E-1 2.95031E-1 3.31134E-1 2.12762E-1 3.79496E-1 3.50942E-1 2.88078E-1 2.46519E-1 2.56632E-1 2.03356E-1 1.71153E-1 1.15919E-1 2.69615E-1 3.97753E-1 3.80265E-1 2.43711E-1 2.72234E-1 2.542E-1 2.95598E-1 4.05738E-1 3.24573E-1 2.85769E-1 2.73079E-1 3.03297E-1
3.83296E-1 3.99419E-1 4.76872E-1 4.32293E-1 4.44359E-1 4.09279E-1 2.95412E-1 2.18534E-1 1.96867E-1 2.18191E-1 2.99485E-1 4.8222E-1 4.29395E-1 4.13006E-1 3.88896E-1 4.13722E-1 4.40392E-1 3.7982E-1 4.31148E-1 4.12537E-1 6.26498E-1 6.49513E-1 5.8998E-1 3.64393E-1 4.92041E-1 3.64334E-1 3.19111E-1 3.03359E-1 2.56593E-1 2.19038E-1 3.1997E-1 3.364E-1 2.46303E-1 1.83051E-1 2.11515E-1 2.38614E-1 2.65438E-1 3.03106E-1 3.3579E-1 2.52091E-1 2.24922E-1 3.75818E-1 3.46862E-1 3.38105E-1 3.1517E-1 2.6012E-1 2.22342E-1 1.67218E-1 2.76433E-1 6.20983E-1 3.508E-1 1.71083E-1 1.64268E-1 1.63907E-1 1.81929E-1 2.17436E-1 2.62628E-1 2.66547E-1 2.59469E-1 2.73199E-1
4.93421E-1 5.41119E-1 5.99649E-1 3.81425E-1 5.03895E-1 3.51193E-1 3.05135E-1 2.4105E-1 1.89752E-1 2.1925E-1 3.50275E-1 4.95653E-1 5.5078E-1 4.87125E-1 4.43822E-1 4.32956E-1 5.5104E-1 4.58079E-1 3.03535E-1 5.45567E-1 6.52261E-1 5.09953E-1 4.25399E-1 4.54184E-1 4.62624E-1 3.53872E-1 3.32072E-1 2.87732E-1 2.39082E-1 3.5941E-1 2.73373E-1 2.93081E-1 1.90579E-1 1.53255E-1 2.06904E-1 2.47983E-1 2.7467E-1 3.38734E-1 3.39434E-1 2.8406E-1 2.93679E-1 3.90122E-1 3.83197E-1 3.8206E-1 4.11904E-1 3.31686E-1 4.59649E-1 3.43011E-1 2.23725E-1 3.26921E-1 2.0756E-1 1.79168E-1 1.92219E-1 1.9285E-1 1.94919E-1 2.06165E-1 2.37512E-1 2.74569E-1 2.90421E-1 1.6509E-1
3.48289E-1 4.57018E-1 2.88163E-1 2.91732E-1 2.20852E-1 2.46806E-1 2.39251E-1 2.33515E-1 1.79755E-1 2.00131E-1 2.77325E-1 4.5905E-1 5.16448E-1 4.39732E-1 3.667E-1 2.95175E-1 4.01428E-1 5.15767E-1 5.23391E-1 5.71513E-1 5.93722E-1 4.42672E-1 3.17002E-1 4.36966E-1 4.08495E-1 3.00753E-1 2.91029E-1 2.60546E-1 2.59817E-1 3.28958E-1 2.45184E-1 2.65434E-1 1.96137E-1 1.75093E-1 2.24878E-1 2.42238E-1 2.94931E-1 3.12093E-1 2.89446E-1 2.26537E-1 3.05812E-1 2.81218E-1 3.07786E-1 3.72388E-1 3.54618E-1 3.86129E-1 6.43782E-1 5.83186E-1 1.67005E-1 2.59438E-1 1.13245E-1 1.01468E-1 1.16832E-1 1.53365E-1 2.06201E-1 2.63964E-1 2.9122E-1 3.25957E-1 2.36552E-1 3.29035E-1
2.41078E-1 2.59436E-1 2.53142E-1 1.66421E-1 1.49445E-1 1.43946E-1 2.37743E-1 8.03752E-2 1.54081E-1 2.47836E-1 2.68226E-1 4.62039E-1 5.17257E-1 5.11869E-1 4.32019E-1 4.6824E-1 4.91644E-1 5.79849E-1 5.80667E-1 5.46764E-1 5.7429E-1 4.3723E-1 3.20202E-1 4.19677E-1 3.91307E-1 3.09994E-1 2.79137E-1 2.47998E-1 2.97455E-1 2.93609E-1 2.23027E-1 2.36785E-1 1.60382E-1 2.04171E-1 2.48996E-1 2.88911E-1 2.94249E-1 2.67478E-1 2.63147E-1 1.95162E-1 3.09217E-1 3.55709E-1 3.49251E-1 3.54221E-1 3.03978E-1 2.65487E-1 5.81281E-1 6.7507E-1 4.21144E-1 2.73218E-1 1.31399E-1 1.2184E-1 1.5782E-1 1.78746E-1 2.3681E-1 3.12519E-1 3.3229E-1 3.5196E-1 3.01427E-1 2.99144E-1
2.54393E-1 2.67935E-1 1.93752E-1 1.46495E-1 1.40142E-1 1.39457E-1 1.99261E-1 8.26841E-2 1.34176E-1 1.88704E-1 3.01855E-1 4.44167E-1 4.92887E-1 4.95582E-1 3.67957E-1 4.03389E-1 4.23073E-1 5.12826E-1 5.40686E-1 5.81701E-1 5.59248E-1 4.87487E-1 3.24429E-1 4.28646E-1 3.87549E-1 3.42898E-1 3.19599E-1 2.84272E-1 3.13918E-1 2.44852E-1 2.15446E-1 1.7016E-1 2.03518E-1 2.75751E-1 3.17335E-1 3.48841E-1 2.96156E-1 2.49565E-1 2.39955E-1 2.73852E-1 3.22494E-1 3.4241E-1 3.83669E-1 3.82778E-1 3.58605E-1 3.52612E-1 5.59639E-1 7.56743E-1 6.56409E-1 4.35387E-1 2.36455E-1 1.91656E-1 2.46346E-1 2.15622E-1 2.81129E-1 3.46003E-1 3.57086E-1 2.18683E-1 3.64089E-1 3.75297E-1
1.79604E-1 1.97384E-1 1.11066E-1 1.16565E-1 1.25273E-1 1.71709E-1 1.55139E-1 1.29348E-1 1.36567E-1 1.68067E-1 2.48228E-1 4.14502E-1 4.59516E-1 4.87026E-1 3.09022E-1 3.00025E-1 3.22215E-1 3.54816E-1 5.91475E-1 6.24908E-1 4.32559E-1 3.48211E-1 5.35231E-1 4.29586E-1 5.01072E-1 4.6109E-1 3.35528E-1 2.75351E-1 3.07336E-1 2.01474E-1 2.40352E-1 2.01661E-1 2.17508E-1 3.39388E-1 3.27979E-1 3.32003E-1 3.08824E-1 3.19936E-1 2.07824E-1 3.2319E-1 3.54845E-1 3.37813E-1 3.52788E-1 3.59487E-1 3.70148E-1 5.47952E-1 7.05386E-1 6.7706E-1 6.8191E-1 5.47796E-1 3.91043E-1 3.39718E-1 3.42677E-1 3.06195E-1 3.04351E-1 3.64426E-1 2.92446E-1 4.28643E-1 4.37248E-1 3.96252E-1
1.63256E-1 2.066E-1 6.15939E-2 8.07147E-2 1.10337E-1 1.68597E-1 1.3657E-1 1.25568E-1 1.24535E-1 1.55469E-1 1.85304E-1 3.73966E-1 4.202E-1 3.39119E-1 2.41853E-1 2.72992E-1 3.24476E-1 3.89203E-1 4.21292E-1 4.932E-1 6.43262E-1 6.06663E-1 5.61422E-1 5.38759E-1 5.12217E-1 2.43092E-1 3.24743E-1 2.57865E-1 2.77463E-1 2.21836E-1 2.3563E-1 1.99368E-1 3.11557E-1 2.93374E-1 2.76918E-1 3.09748E-1 3.19932E-1 1.80885E-1 3.45314E-1 2.5086E-1 3.07262E-1 3.69948E-1 3.66311E-1 3.58261E-1 6.04425E-1 7.86516E-1 8.06347E-1 4.14054E-1 6.44408E-1 3.74515E-1 1.85821E-1 1.65659E-1 1.6905E-1 1.77871E-1 2.97866E-1 3.79005E-1 2.96508E-1 4.61588E-1 4.31736E-1 3.84181E-1
1.4194E-1 8.5159E-2 9.06689E-2 1.12741E-1 1.21456E-1 1.55465E-1 1.17466E-1 1.03584E-1 1.07816E-1 1.37269E-1 1.95337E-1 3.04452E-1 3.44429E-1 2.33691E-1 2.38686E-1 2.91612E-1 3.09324E-1 3.98213E-1 3.59164E-1 5.90409E-1 5.7842E-1 5.15662E-1 4.79745E-1 3.82604E-1 2.42007E-1 1.67712E-1 1.77566E-1 2.86214E-1 1.80126E-1 1.85395E-1 2.1344E-1 2.2751E-1 2.44687E-1 2.2738E-1 2.78579E-1 3.37658E-1 3.64992E-1 2.81029E-1 3.90457E-1 3.95751E-1 2.61266E-1 2.05449E-1 3.47027E-1 4.28821E-1 6.58984E-1 6.82913E-1 6.26604E-1 2.38129E-1 5.54455E-1 2.87961E-1 6.924E-2 8.68559E-2 8.99808E-2 1.45752E-1 2.24388E-1 2.89205E-1 4.14821E-1 4.69923E-1 4.51603E-1 4.01197E-1
9.8288E-2 8.4507E-2 9.03993E-2 9.21616E-2 8.94085E-2 1.43778E-1 1.33192E-1 1.26941E-1 1.31033E-1 1.31528E-1 2.31339E-1 2.77639E-1 3.50984E-1 2.30645E-1 2.55157E-1 3.16438E-1 3.29406E-1 3.77976E-1 3.99911E-1 5.71154E-1 5.42845E-1 4.18805E-1 2.81579E-1 2.24742E-1 1.99372E-1 1.83815E-1 3.06576E-1 2.31997E-1 1.98324E-1 1.83985E-1 2.15005E-1 2.09588E-1 2.24068E-1 2.55367E-1 2.85737E-1 3.41417E-1 3.74254E-1 4.11002E-1 4.31063E-1 3.24903E-1 3.55669E-1 3.40892E-1 3.4607E-1 6.32134E-1 6.63475E-1 6.07329E-1 5.95722E-1 6.57598E-1 4.89208E-1 2.75954E-1 8.00126E-2 8.67335E-2 1.02068E-1 2.11409E-1 1.58846E-1 5.06759E-1 4.95402E-1 4.58771E-1 4.2757E-1 4.00192E-1
1.61105E-1 1.47955E-1 1.26794E-1 1.03503E-1 1.00974E-1 1.03295E-1 1.01193E-1 1.45137E-1 1.57437E-1 2.18604E-1 2.37042E-1 2.82035E-1 2.80195E-1 2.2678E-1 2.24923E-1 2.60317E-1 3.12281E-1 2.70989E-1 3.85595E-1 5.21628E-1 5.33652E-1 2.88946E-1 2.5748E-1 2.24387E-1 2.16566E-1 2.98168E-1 2.75422E-1 1.97933E-1 1.92177E-1 1.53119E-1 2.14391E-1 1.93819E-1 2.10592E-1 2.55138E-1 2.96014E-1 3.55534E-1 3.3796E-1 6.00413E-1 3.41763E-1 2.37285E-1 2.58313E-1 2.83374E-1 4.24424E-1 6.87855E-1 8.1229E-1 6.61284E-1 8.16746E-1 6.55078E-1 4.98316E-1 2.77842E-1 1.05982E-1 1.25538E-1 1.3914E-1 1.8888E-1 3.26858E-1 5.43692E-1 5.06459E-1 4.64871E-1 4.05748E-1 3.97308E-1
1.43422E-1 1.46194E-1 1.41052E-1 1.36739E-1 1.41863E-1 1.87564E-1 1.62738E-1 1.74062E-1 1.73891E-1 2.43764E-1 2.76932E-1 2.78747E-1 2.58872E-1 2.21683E-1 2.4284E-1 3.0372E-1 3.3474E-1 3.33849E-1 3.48786E-1 3.6377E-1 4.98275E-1 4.62146E-1 3.88856E-1 3.00767E-1 2.86014E-1 2.19295E-1 2.2148E-1 1.89607E-1 2.19533E-1 2.32331E-1 2.07122E-1 1.71084E-1 2.25717E-1 2.9205E-1 3.34706E-1 4.20968E-1 5.62903E-1 5.39283E-1 3.16079E-1 2.99468E-1 2.78593E-1 3.32164E-1 3.89578E-1 7.91326E-1 2.43261E-1 5.94209E-1 4.53744E-1 4.66917E-1 4.53173E-1 3.14522E-1 1.43079E-1 1.47771E-1 1.24016E-1 1.47985E-1 2.31786E-1 5.73678E-1 5.53983E-1 4.98879E-1 4.41726E-1 4.07778E-1
1.27552E-1 1.77359E-1 1.86262E-1 1.80037E-1 2.05818E-1 2.26032E-1 2.06572E-1 2.10261E-1 1.98942E-1 2.33023E-1 3.30039E-1 3.27655E-1 1.78468E-1 1.96469E-1 2.02475E-1 2.83302E-1 2.48291E-1 2.92874E-1 3.06607E-1 1.07928E-1 4.63283E-1 4.23993E-1 3.57566E-1 3.00574E-1 2.56959E-1 2.18917E-1 2.43496E-1 2.50954E-1 2.58804E-1 1.9423E-1 1.76002E-1 1.76946E-1 2.07553E-1 2.65978E-1 3.18709E-1 4.98153E-1 5.75281E-1 2.57576E-1 3.44326E-1 2.88953E-1 3.14309E-1 3.74529E-1 4.87007E-1 7.47031E-1 3.72382E-1 6.17251E-1 5.64451E-1 4.69868E-1 3.24603E-1 1.94111E-1 1.11725E-1 8.42788E-2 1.10414E-1 1.77455E-1 2.17429E-1 5.77455E-1 5.64671E-1 4.68221E-1 4.41895E-1 4.02565E-1
1.9547E-1 2.63818E-1 2.75174E-1 2.36834E-1 2.76977E-1 2.54503E-1 2.53742E-1 2.47049E-1 2.28388E-1 2.73959E-1 4.11651E-1 4.11654E-1 2.68103E-1 2.10507E-1 1.83334E-1 2.06865E-1 2.13609E-1 2.45193E-1 2.63912E-1 3.39351E-1 4.50217E-1 3.75205E-1 3.47369E-1 2.99356E-1 2.89092E-1 2.32549E-1 2.94669E-1 3.03757E-1 3.12782E-1 1.97804E-1 2.02712E-1 2.27777E-1 2.14806E-1 2.82771E-1 3.61418E-1 5.30037E-1 4.86722E-1 3.82387E-1 2.90764E-1 3.1382E-1 2.68066E-1 4.79409E-1 6.21401E-1 6.96968E-1 4.6627E-1 3.31408E-1 3.73854E-1 3.28964E-1 1.88124E-1 1.33372E-1 1.59642E-1 1.824E-1 2.27966E-1 3.10317E-1 2.98496E-1 6.51394E-1 6.42975E-1 5.81115E-1 5.16892E-1 4.69831E-1
2.88913E-1 3.22946E-1 3.33573E-1 3.06651E-1 3.28037E-1 2.85313E-1 2.94638E-1 3.0457E-1 2.92426E-1 3.36645E-1 4.64877E-1 4.62247E-1 3.15146E-1 2.38649E-1 1.90546E-1 1.9616E-1 1.95486E-1 2.177E-1 2.37319E-1 2.27114E-1 4.55747E-1 3.7115E-1 3.52632E-1 2.14444E-1 2.47369E-1 3.09091E-1 3.14996E-1 3.57246E-1 3.75253E-1 2.55779E-1 2.81163E-1 2.49413E-1 2.40484E-1 4.13559E-1 4.92474E-1 5.47844E-1 3.4002E-1 3.69591E-1 1.88301E-1 2.81937E-1 3.97937E-1 6.08618E-1 6.75438E-1 6.81932E-1 7.01498E-1 5.84766E-1 4.338E-1 3.73142E-1 2.16758E-1 2.13316E-1 3.07857E-1 4.13725E-1 4.0867E-1 4.0423E-1 3.60982E-1 7.15307E-1 6.69986E-1 6.13071E-1 5.72353E-1 5.24578E-1
2.66874E-1 2.98511E-1 2.74646E-1 1.77859E-1 1.90023E-1 1.6136E-1 2.29111E-1 3.24169E-1 3.57011E-1 4.21878E-1 5.07641E-1 5.13184E-1 3.44029E-1 2.77523E-1 2.36767E-1 2.09474E-1 1.72853E-1 1.91651E-1 2.45619E-1 1.96027E-1 4.1393E-1 3.66266E-1 2.2115E-1 2.34183E-1 3.71479E-1 3.54612E-1 3.85728E-1 4.20873E-1 3.7794E-1 3.01364E-1 2.96778E-1 2.66957E-1 3.3541E-1 5.06401E-1 5.39469E-1 4.62945E-1 3.13934E-1 3.27091E-1 3.57571E-1 5.35869E-1 5.05022E-1 7.04846E-1 7.16616E-1 6.82383E-1 6.79092E-1 3.54314E-1 3.50958E-1 3.25293E-1 2.49511E-1 2.92088E-1 4.14219E-1 5.63765E-1 6.18151E-1 5.24539E-1 5.95517E-1 6.91344E-1 7.16499E-1 6.73098E-1 6.36437E-1 5.52917E-1
5.51426E-1 4.54456E-1 2.80274E-1 2.45284E-1 3.29541E-1 2.7405E-1 3.15775E-1 2.31635E-1 2.59373E-1 5.04363E-1 5.4189E-1 5.56833E-1 3.77948E-1 3.08682E-1 2.71363E-1 2.38576E-1 2.08697E-1 2.03816E-1 2.32284E-1 2.80264E-1 3.81401E-1 2.51073E-1 2.23581E-1 2.61797E-1 4.41848E-1 3.80354E-1 4.66969E-1 4.95504E-1 4.87765E-1 3.35983E-1 3.18271E-1 3.06192E-1 5.20854E-1 5.56194E-1 4.07618E-1 2.42467E-1 3.26255E-1 2.01872E-1 3.96941E-1 6.25834E-1 7.10895E-1 7.31358E-1 7.07889E-1 6.50841E-1 2.73594E-1 2.79153E-1 2.92187E-1 3.35789E-1 3.81963E-1 4.40128E-1 6.83035E-1 8.16186E-1 5.21855E-1 5.08963E-1 5.72863E-1 6.67274E-1 7.33282E-1 6.93095E-1 6.58527E-1 5.41249E-1
2.87868E-1 2.01894E-1 1.63481E-1 1.98558E-1 2.56344E-1 2.56906E-1 2.49497E-1 3.82448E-1 3.68949E-1 5.14079E-1 4.02409E-1 4.39225E-1 3.77816E-1 3.35718E-1 2.90536E-1 2.53207E-1 2.34219E-1 2.35915E-1 2.51756E-1 2.85597E-1 3.56431E-1 2.44082E-1 2.89406E-1 3.13915E-1 4.93763E-1 4.85641E-1 5.3264E-1 5.40255E-1 3.73132E-1 3.28424E-1 3.32143E-1 3.76829E-1 3.48625E-1 4.28259E-1 3.3638E-1 3.39325E-1 2.32641E-1 2.6165E-1 4.46384E-1 6.50136E-1 7.23394E-1 7.10824E-1 6.68424E-1 4.62806E-1 4.03743E-1 3.33807E-1 3.50702E-1 4.72161E-1 5.42995E-1 5.54571E-1 6.59694E-1 7.6353E-1 5.05952E-1 6.27158E-1 3.20989E-1 6.44696E-1 7.43388E-1 7.00964E-1 6.73466E-1 6.05955E-1
2.36538E-1 2.21738E-1 2.21349E-1 3.20523E-1 3.71268E-1 3.44547E-1 2.59778E-1 4.33158E-1 5.2106E-1 5.77228E-1 6.62246E-1 5.03386E-1 3.98058E-1 4.54409E-1 3.5859E-1 2.92429E-1 2.79148E-1 2.82072E-1 3.48688E-1 3.83489E-1 2.78121E-1 2.27077E-1 2.7933E-1 4.19068E-1 4.66819E-1 5.3584E-1 5.77286E-1 4.25518E-1 3.45928E-1 2.54725E-1 2.36095E-1 4.21311E-1 5.62594E-1 4.06557E-1 3.46609E-1 3.69619E-1 4.13318E-1 2.488E-1 4.9483E-1 6.77822E-1 7.62602E-1 7.54151E-1 7.33087E-1 3.29936E-1 5.69027E-1 4.96052E-1 5.42814E-1 6.23324E-1 6.9465E-1 6.06264E-1 4.6818E-1 5.31848E-1 2.73524E-1 2.62785E-1 2.41144E-1 5.26629E-1 7.22502E-1 7.03065E-1 6.81398E-1 6.89348E-1
2.02811E-1 2.41965E-1 3.06044E-1 3.74456E-1 4.04253E-1 2.55337E-1 3.71845E-1 3.78727E-1 5.38281E-1 5.39671E-1 6.39388E-1 5.14718E-1 4.68355E-1 3.86694E-1 3.22232E-1 2.70442E-1 2.75498E-1 2.71476E-1 3.03776E-1 3.95998E-1 1.66413E-1 2.63688E-1 3.81639E-1 4.47116E-1 4.84132E-1 5.2187E-1 4.35027E-1 3.38211E-1 3.94582E-1 2.96839E-1 2.90869E-1 5.01057E-1 5.81021E-1 5.21923E-1 3.81174E-1 3.77868E-1 4.14271E-1 2.98054E-1 4.89221E-1 7.04597E-1 6.65176E-1 6.80579E-1 5.06227E-1 2.39705E-1 5.61681E-1 2.83604E-1 4.80619E-1 6.09345E-1 5.88835E-1 5.53357E-1 4.79526E-1 3.50257E-1 4.52489E-1 3.93435E-1 3.43196E-1 6.49917E-1 6.82371E-1 7.17408E-1 7.11931E-1 7.28952E-1
